id,game file,frame,face,confidence,gaze_0_x,gaze_0_y,gaze_0_z,gaze_1_x,gaze_1_y,gaze_1_z,gaze_angle_x,gaze_angle_y,eye_lmk_x_0,eye_lmk_x_1,eye_lmk_x_2,eye_lmk_x_3,eye_lmk_x_4,eye_lmk_x_5,eye_lmk_x_6,eye_lmk_x_7,eye_lmk_x_8,eye_lmk_x_9,eye_lmk_x_10,eye_lmk_x_11,eye_lmk_x_12,eye_lmk_x_13,eye_lmk_x_14,eye_lmk_x_15,eye_lmk_x_16,eye_lmk_x_17,eye_lmk_x_18,eye_lmk_x_19,eye_lmk_x_20,eye_lmk_x_21,eye_lmk_x_22,eye_lmk_x_23,eye_lmk_x_24,eye_lmk_x_25,eye_lmk_x_26,eye_lmk_x_27,eye_lmk_x_28,eye_lmk_x_29,eye_lmk_x_30,eye_lmk_x_31,eye_lmk_x_32,eye_lmk_x_33,eye_lmk_x_34,eye_lmk_x_35,eye_lmk_x_36,eye_lmk_x_37,eye_lmk_x_38,eye_lmk_x_39,eye_lmk_x_40,eye_lmk_x_41,eye_lmk_x_42,eye_lmk_x_43,eye_lmk_x_44,eye_lmk_x_45,eye_lmk_x_46,eye_lmk_x_47,eye_lmk_x_48,eye_lmk_x_49,eye_lmk_x_50,eye_lmk_x_51,eye_lmk_x_52,eye_lmk_x_53,eye_lmk_x_54,eye_lmk_x_55,eye_lmk_y_0,eye_lmk_y_1,eye_lmk_y_2,eye_lmk_y_3,eye_lmk_y_4,eye_lmk_y_5,eye_lmk_y_6,eye_lmk_y_7,eye_lmk_y_8,eye_lmk_y_9,eye_lmk_y_10,eye_lmk_y_11,eye_lmk_y_12,eye_lmk_y_13,eye_lmk_y_14,eye_lmk_y_15,eye_lmk_y_16,eye_lmk_y_17,eye_lmk_y_18,eye_lmk_y_19,eye_lmk_y_20,eye_lmk_y_21,eye_lmk_y_22,eye_lmk_y_23,eye_lmk_y_24,eye_lmk_y_25,eye_lmk_y_26,eye_lmk_y_27,eye_lmk_y_28,eye_lmk_y_29,eye_lmk_y_30,eye_lmk_y_31,eye_lmk_y_32,eye_lmk_y_33,eye_lmk_y_34,eye_lmk_y_35,eye_lmk_y_36,eye_lmk_y_37,eye_lmk_y_38,eye_lmk_y_39,eye_lmk_y_40,eye_lmk_y_41,eye_lmk_y_42,eye_lmk_y_43,eye_lmk_y_44,eye_lmk_y_45,eye_lmk_y_46,eye_lmk_y_47,eye_lmk_y_48,eye_lmk_y_49,eye_lmk_y_50,eye_lmk_y_51,eye_lmk_y_52,eye_lmk_y_53,eye_lmk_y_54,eye_lmk_y_55,eye_lmk_X_0,eye_lmk_X_1,eye_lmk_X_2,eye_lmk_X_3,eye_lmk_X_4,eye_lmk_X_5,eye_lmk_X_6,eye_lmk_X_7,eye_lmk_X_8,eye_lmk_X_9,eye_lmk_X_10,eye_lmk_X_11,eye_lmk_X_12,eye_lmk_X_13,eye_lmk_X_14,eye_lmk_X_15,eye_lmk_X_16,eye_lmk_X_17,eye_lmk_X_18,eye_lmk_X_19,eye_lmk_X_20,eye_lmk_X_21,eye_lmk_X_22,eye_lmk_X_23,eye_lmk_X_24,eye_lmk_X_25,eye_lmk_X_26,eye_lmk_X_27,eye_lmk_X_28,eye_lmk_X_29,eye_lmk_X_30,eye_lmk_X_31,eye_lmk_X_32,eye_lmk_X_33,eye_lmk_X_34,eye_lmk_X_35,eye_lmk_X_36,eye_lmk_X_37,eye_lmk_X_38,eye_lmk_X_39,eye_lmk_X_40,eye_lmk_X_41,eye_lmk_X_42,eye_lmk_X_43,eye_lmk_X_44,eye_lmk_X_45,eye_lmk_X_46,eye_lmk_X_47,eye_lmk_X_48,eye_lmk_X_49,eye_lmk_X_50,eye_lmk_X_51,eye_lmk_X_52,eye_lmk_X_53,eye_lmk_X_54,eye_lmk_X_55,eye_lmk_Y_0,eye_lmk_Y_1,eye_lmk_Y_2,eye_lmk_Y_3,eye_lmk_Y_4,eye_lmk_Y_5,eye_lmk_Y_6,eye_lmk_Y_7,eye_lmk_Y_8,eye_lmk_Y_9,eye_lmk_Y_10,eye_lmk_Y_11,eye_lmk_Y_12,eye_lmk_Y_13,eye_lmk_Y_14,eye_lmk_Y_15,eye_lmk_Y_16,eye_lmk_Y_17,eye_lmk_Y_18,eye_lmk_Y_19,eye_lmk_Y_20,eye_lmk_Y_21,eye_lmk_Y_22,eye_lmk_Y_23,eye_lmk_Y_24,eye_lmk_Y_25,eye_lmk_Y_26,eye_lmk_Y_27,eye_lmk_Y_28,eye_lmk_Y_29,eye_lmk_Y_30,eye_lmk_Y_31,eye_lmk_Y_32,eye_lmk_Y_33,eye_lmk_Y_34,eye_lmk_Y_35,eye_lmk_Y_36,eye_lmk_Y_37,eye_lmk_Y_38,eye_lmk_Y_39,eye_lmk_Y_40,eye_lmk_Y_41,eye_lmk_Y_42,eye_lmk_Y_43,eye_lmk_Y_44,eye_lmk_Y_45,eye_lmk_Y_46,eye_lmk_Y_47,eye_lmk_Y_48,eye_lmk_Y_49,eye_lmk_Y_50,eye_lmk_Y_51,eye_lmk_Y_52,eye_lmk_Y_53,eye_lmk_Y_54,eye_lmk_Y_55,eye_lmk_Z_0,eye_lmk_Z_1,eye_lmk_Z_2,eye_lmk_Z_3,eye_lmk_Z_4,eye_lmk_Z_5,eye_lmk_Z_6,eye_lmk_Z_7,eye_lmk_Z_8,eye_lmk_Z_9,eye_lmk_Z_10,eye_lmk_Z_11,eye_lmk_Z_12,eye_lmk_Z_13,eye_lmk_Z_14,eye_lmk_Z_15,eye_lmk_Z_16,eye_lmk_Z_17,eye_lmk_Z_18,eye_lmk_Z_19,eye_lmk_Z_20,eye_lmk_Z_21,eye_lmk_Z_22,eye_lmk_Z_23,eye_lmk_Z_24,eye_lmk_Z_25,eye_lmk_Z_26,eye_lmk_Z_27,eye_lmk_Z_28,eye_lmk_Z_29,eye_lmk_Z_30,eye_lmk_Z_31,eye_lmk_Z_32,eye_lmk_Z_33,eye_lmk_Z_34,eye_lmk_Z_35,eye_lmk_Z_36,eye_lmk_Z_37,eye_lmk_Z_38,eye_lmk_Z_39,eye_lmk_Z_40,eye_lmk_Z_41,eye_lmk_Z_42,eye_lmk_Z_43,eye_lmk_Z_44,eye_lmk_Z_45,eye_lmk_Z_46,eye_lmk_Z_47,eye_lmk_Z_48,eye_lmk_Z_49,eye_lmk_Z_50,eye_lmk_Z_51,eye_lmk_Z_52,eye_lmk_Z_53,eye_lmk_Z_54,eye_lmk_Z_55,pose_Tx,pose_Ty,pose_Tz,pose_Rx,pose_Ry,pose_Rz,x_0,x_1,x_2,x_3,x_4,x_5,x_6,x_7,x_8,x_9,x_10,x_11,x_12,x_13,x_14,x_15,x_16,x_17,x_18,x_19,x_20,x_21,x_22,x_23,x_24,x_25,x_26,x_27,x_28,x_29,x_30,x_31,x_32,x_33,x_34,x_35,x_36,x_37,x_38,x_39,x_40,x_41,x_42,x_43,x_44,x_45,x_46,x_47,x_48,x_49,x_50,x_51,x_52,x_53,x_54,x_55,x_56,x_57,x_58,x_59,x_60,x_61,x_62,x_63,x_64,x_65,x_66,x_67,y_0,y_1,y_2,y_3,y_4,y_5,y_6,y_7,y_8,y_9,y_10,y_11,y_12,y_13,y_14,y_15,y_16,y_17,y_18,y_19,y_20,y_21,y_22,y_23,y_24,y_25,y_26,y_27,y_28,y_29,y_30,y_31,y_32,y_33,y_34,y_35,y_36,y_37,y_38,y_39,y_40,y_41,y_42,y_43,y_44,y_45,y_46,y_47,y_48,y_49,y_50,y_51,y_52,y_53,y_54,y_55,y_56,y_57,y_58,y_59,y_60,y_61,y_62,y_63,y_64,y_65,y_66,y_67,X_0,X_1,X_2,X_3,X_4,X_5,X_6,X_7,X_8,X_9,X_10,X_11,X_12,X_13,X_14,X_15,X_16,X_17,X_18,X_19,X_20,X_21,X_22,X_23,X_24,X_25,X_26,X_27,X_28,X_29,X_30,X_31,X_32,X_33,X_34,X_35,X_36,X_37,X_38,X_39,X_40,X_41,X_42,X_43,X_44,X_45,X_46,X_47,X_48,X_49,X_50,X_51,X_52,X_53,X_54,X_55,X_56,X_57,X_58,X_59,X_60,X_61,X_62,X_63,X_64,X_65,X_66,X_67,Y_0,Y_1,Y_2,Y_3,Y_4,Y_5,Y_6,Y_7,Y_8,Y_9,Y_10,Y_11,Y_12,Y_13,Y_14,Y_15,Y_16,Y_17,Y_18,Y_19,Y_20,Y_21,Y_22,Y_23,Y_24,Y_25,Y_26,Y_27,Y_28,Y_29,Y_30,Y_31,Y_32,Y_33,Y_34,Y_35,Y_36,Y_37,Y_38,Y_39,Y_40,Y_41,Y_42,Y_43,Y_44,Y_45,Y_46,Y_47,Y_48,Y_49,Y_50,Y_51,Y_52,Y_53,Y_54,Y_55,Y_56,Y_57,Y_58,Y_59,Y_60,Y_61,Y_62,Y_63,Y_64,Y_65,Y_66,Y_67,Z_0,Z_1,Z_2,Z_3,Z_4,Z_5,Z_6,Z_7,Z_8,Z_9,Z_10,Z_11,Z_12,Z_13,Z_14,Z_15,Z_16,Z_17,Z_18,Z_19,Z_20,Z_21,Z_22,Z_23,Z_24,Z_25,Z_26,Z_27,Z_28,Z_29,Z_30,Z_31,Z_32,Z_33,Z_34,Z_35,Z_36,Z_37,Z_38,Z_39,Z_40,Z_41,Z_42,Z_43,Z_44,Z_45,Z_46,Z_47,Z_48,Z_49,Z_50,Z_51,Z_52,Z_53,Z_54,Z_55,Z_56,Z_57,Z_58,Z_59,Z_60,Z_61,Z_62,Z_63,Z_64,Z_65,Z_66,Z_67,p_scale,p_rx,p_ry,p_rz,p_tx,p_ty,p_0,p_1,p_2,p_3,p_4,p_5,p_6,p_7,p_8,p_9,p_10,p_11,p_12,p_13,p_14,p_15,p_16,p_17,p_18,p_19,p_20,p_21,p_22,p_23,p_24,p_25,p_26,p_27,p_28,p_29,p_30,p_31,p_32,p_33,AU01_r,AU02_r,AU04_r,AU05_r,AU06_r,AU07_r,AU09_r,AU10_r,AU12_r,AU14_r,AU15_r,AU17_r,AU20_r,AU23_r,AU25_r,AU26_r,AU45_r,AU01_c,AU02_c,AU04_c,AU05_c,AU06_c,AU07_c,AU09_c,AU10_c,AU12_c,AU14_c,AU15_c,AU17_c,AU20_c,AU23_c,AU25_c,AU26_c,AU28_c,AU45_c
PP133,g1,1,0,0.975,0.142519,0.16499,-0.975944,-0.024924,0.168785,-0.985338,0.06,0.169,234.4,235.7,238.8,241.9,243.2,242.2,238.8,235.7,230.3,232.2,234.9,238.3,241.7,244.4,246.2,244.1,241.2,238.0,234.9,232.2,237.5,238.8,240.2,240.8,240.2,238.8,237.5,236.9,272.7,273.6,276.5,279.6,281.1,280.2,277.3,273.9,269.7,271.6,274.2,277.6,280.7,283.0,284.5,283.2,281.0,278.3,275.1,272.0,275.5,276.9,278.2,278.6,277.9,276.6,275.3,274.9,152.5,149.3,148.0,149.2,152.4,155.9,157.0,155.7,154.1,152.4,151.2,150.5,151.1,152.5,154.4,155.5,155.9,156.1,156.0,155.4,154.0,154.6,154.0,152.6,151.2,150.6,151.2,152.6,151.7,148.5,147.1,148.2,151.3,154.5,156.0,155.1,153.9,151.8,150.3,149.5,150.0,151.0,152.8,154.1,154.8,155.1,155.1,154.9,153.1,153.6,153.0,151.6,150.2,149.7,150.3,151.7,-20.9,-19.2,-15.0,-10.8,-9.0,-10.4,-14.9,-19.1,-26.5,-23.9,-20.1,-15.6,-11.0,-7.5,-5.0,-7.8,-11.7,-16.0,-20.1,-23.8,-16.7,-14.9,-13.1,-12.3,-13.1,-14.9,-16.8,-17.5,30.3,31.7,35.6,39.9,41.9,40.5,36.6,32.0,26.4,28.9,32.4,37.0,41.3,44.7,46.9,44.8,41.7,37.9,33.6,29.5,34.3,36.2,37.9,38.5,37.6,35.7,34.0,33.4,-46.7,-51.0,-52.8,-51.1,-46.8,-42.2,-40.7,-42.4,-44.9,-47.0,-48.4,-49.1,-48.4,-46.7,-44.2,-42.7,-42.0,-41.7,-42.0,-43.0,-44.7,-44.0,-44.8,-46.7,-48.6,-49.3,-48.5,-46.6,-47.9,-52.3,-54.4,-52.9,-48.7,-44.3,-42.3,-43.4,-45.0,-47.7,-49.8,-50.9,-50.5,-49.3,-47.3,-45.2,-44.0,-43.4,-43.3,-43.7,-46.2,-45.6,-46.5,-48.4,-50.2,-50.9,-50.0,-48.0,521.4,521.9,522.0,521.6,520.9,520.6,520.3,520.7,525.7,523.1,520.7,519.4,519.8,521.0,522.5,520.9,519.5,519.3,520.5,522.9,521.8,521.6,521.6,521.8,522.1,522.3,522.3,522.1,523.0,524.1,525.5,526.3,526.1,525.1,523.7,523.0,523.6,522.8,522.4,523.0,525.3,528.5,531.6,528.3,525.2,523.0,522.2,522.7,524.6,525.0,525.6,526.0,526.1,525.7,525.1,524.7,13.4,-18.2,657.0,0.159,-0.08,-0.0,214.1,214.7,216.4,218.9,223.1,229.7,237.8,247.4,257.7,266.9,274.3,281.1,287.1,291.2,293.6,295.1,295.7,221.2,226.9,234.9,243.2,250.6,267.0,274.1,281.0,287.8,292.4,259.1,259.7,260.4,261.0,250.9,255.4,260.0,264.3,268.1,230.1,235.2,241.2,246.4,241.2,235.1,269.5,274.6,280.3,284.6,280.9,275.2,242.0,249.0,255.6,259.6,263.9,269.5,274.4,269.6,264.1,259.5,255.1,248.5,244.8,255.4,259.5,263.8,272.0,263.7,259.3,255.1,155.0,166.3,177.4,188.1,198.2,207.2,214.7,220.6,222.2,220.5,214.9,207.4,198.4,188.1,176.9,165.4,153.8,145.9,140.8,139.3,140.1,142.6,142.0,139.0,137.9,139.1,143.6,151.8,159.2,166.5,174.1,179.5,181.0,182.2,180.8,179.3,154.1,151.1,151.0,154.5,155.9,156.1,154.0,150.1,150.0,152.7,154.9,155.1,194.8,191.9,190.4,191.4,190.3,191.8,194.1,200.5,203.2,203.8,203.4,200.8,195.0,194.0,194.3,193.8,194.6,197.7,198.3,197.8,-63.8,-62.9,-60.1,-55.7,-48.0,-36.1,-21.5,-4.5,13.3,29.6,43.2,56.3,67.5,74.9,79.2,82.0,83.1,-49.0,-38.8,-25.2,-11.3,1.1,28.0,40.1,52.3,64.5,73.3,15.1,15.9,16.8,17.7,1.5,8.8,16.3,23.5,29.9,-33.7,-25.0,-14.7,-6.0,-14.9,-25.1,33.0,41.7,51.6,59.4,52.6,42.8,-13.6,-1.7,9.3,15.8,22.9,32.7,41.7,33.0,23.5,15.7,8.4,-2.5,-8.8,8.9,15.7,22.9,37.5,22.8,15.4,8.4,-57.7,-37.7,-18.0,1.1,19.2,35.0,47.9,57.4,60.0,57.6,48.7,35.9,19.9,1.0,-19.2,-40.1,-61.2,-70.7,-78.6,-80.4,-78.3,-73.8,-75.2,-80.9,-83.6,-82.5,-75.8,-58.9,-46.3,-33.9,-21.5,-13.1,-10.6,-8.7,-11.0,-13.6,-56.6,-61.4,-61.3,-55.4,-53.2,-52.9,-56.6,-63.4,-63.8,-59.6,-55.4,-54.9,12.3,7.4,4.8,6.4,4.6,7.1,11.3,21.9,26.2,27.1,26.5,22.3,12.7,10.7,11.3,10.5,12.0,16.9,17.9,17.2,694.1,695.5,697.8,699.6,698.5,694.9,688.1,678.2,675.3,682.0,695.2,706.1,710.8,710.7,709.6,709.1,709.6,664.4,657.6,651.3,645.6,641.9,645.2,651.3,658.6,666.4,674.7,644.6,638.3,631.5,625.3,642.8,640.6,639.2,641.8,645.2,661.7,657.9,657.2,656.9,656.9,657.6,660.1,661.9,664.5,669.3,664.1,661.6,663.4,650.7,644.8,644.7,646.0,654.5,667.8,657.3,650.3,648.8,648.9,653.9,660.9,647.4,647.0,648.6,664.9,650.6,648.9,649.5,0.588,0.146,-0.109,0.004,257.967,176.49,-16.439,-2.658,-2.167,15.987,5.3,-1.569,-5.166,3.645,3.05,-2.803,-2.522,0.742,0.366,-2.261,-1.049,-0.881,-0.005,1.298,-2.605,-0.291,0.092,0.238,0.444,-0.33,-0.029,-0.034,0.153,-0.049,-0.059,0.006,-0.064,0.005,0.019,-0.001,0.73,0.49,0.0,0.62,0.0,0.0,0.07,0.0,0.22,0.53,0.0,0.0,0.0,0.0,0.57,0.93,0.0,1.0,1.0,0.0,1.0,0.0,0.0,0.0,0.0,0.0,1.0,0.0,0.0,0.0,0.0,1.0,1.0,1.0,0.0
PP133,g1,5,0,0.975,0.141605,0.157178,-0.977365,-0.023626,0.156391,-0.987413,0.06,0.158,235.1,236.4,239.5,242.6,243.9,242.8,239.5,236.4,231.0,232.9,235.7,239.0,242.4,245.0,246.8,244.8,241.9,238.7,235.6,233.0,238.2,239.5,240.9,241.5,240.9,239.5,238.2,237.6,273.4,274.4,277.3,280.4,281.8,280.8,277.9,274.6,270.4,272.3,275.0,278.4,281.4,283.7,285.1,283.7,281.6,278.9,275.8,272.7,276.2,277.6,278.8,279.3,278.6,277.3,276.0,275.6,151.8,148.6,147.3,148.6,151.8,155.2,156.2,154.9,153.3,151.6,150.5,149.9,150.5,151.8,153.7,154.8,155.2,155.4,155.2,154.6,153.3,153.8,153.2,151.9,150.5,149.9,150.5,151.9,151.5,148.4,147.0,148.2,151.3,154.5,155.9,154.9,153.6,151.6,150.2,149.5,150.0,151.1,152.8,154.1,154.7,155.0,154.9,154.6,152.9,153.5,152.9,151.5,150.2,149.6,150.2,151.6,-20.1,-18.4,-14.2,-10.0,-8.2,-9.7,-14.1,-18.3,-25.8,-23.2,-19.4,-14.8,-10.2,-6.7,-4.3,-7.1,-11.0,-15.2,-19.4,-23.1,-16.0,-14.1,-12.3,-11.6,-12.3,-14.2,-16.0,-16.7,31.6,33.1,37.1,41.3,43.2,41.7,37.7,33.2,27.6,30.2,33.8,38.4,42.7,46.0,48.2,46.1,42.9,39.0,34.8,30.7,35.5,37.4,39.1,39.8,38.9,37.1,35.3,34.7,-48.3,-52.6,-54.4,-52.6,-48.3,-43.7,-42.2,-44.0,-46.6,-48.7,-50.0,-50.6,-49.9,-48.2,-45.7,-44.2,-43.5,-43.3,-43.6,-44.7,-46.3,-45.6,-46.3,-48.2,-50.1,-50.9,-50.1,-48.2,-48.6,-53.0,-55.0,-53.4,-49.2,-44.8,-42.8,-44.1,-45.9,-48.5,-50.4,-51.3,-50.9,-49.7,-47.6,-45.6,-44.5,-44.0,-44.0,-44.5,-46.8,-46.1,-47.0,-48.9,-50.8,-51.5,-50.6,-48.7,528.1,528.6,528.7,528.3,527.7,527.4,527.1,527.5,532.4,529.8,527.4,526.1,526.5,527.9,529.4,527.8,526.3,526.1,527.3,529.7,528.6,528.4,528.4,528.7,528.9,529.1,529.0,528.8,527.9,529.0,530.4,531.3,531.1,530.0,528.6,527.9,528.6,527.7,527.3,528.0,530.3,533.4,536.6,533.3,530.1,527.9,527.1,527.6,529.5,529.9,530.5,531.0,531.1,530.7,530.1,529.6,14.0,-19.9,659.2,0.128,-0.076,0.013,214.5,214.9,216.3,218.4,222.4,228.9,237.1,246.8,257.3,266.8,274.6,281.7,287.6,291.7,294.1,295.8,296.5,221.9,227.7,235.8,244.0,251.6,267.7,274.9,281.8,288.6,293.3,259.8,260.3,260.9,261.4,251.1,255.6,260.2,264.5,268.4,230.9,236.0,242.0,247.0,241.8,235.8,270.2,275.4,281.0,285.3,281.5,275.9,241.9,249.3,255.7,259.6,264.0,269.4,274.5,269.4,264.1,259.5,255.1,248.8,244.7,255.4,259.5,263.8,272.2,263.8,259.4,255.2,154.3,165.4,176.4,187.1,197.1,206.0,213.4,219.1,220.7,219.3,213.9,206.8,198.0,187.7,176.7,165.4,154.0,145.3,140.2,138.7,139.6,142.1,141.7,138.9,138.0,139.4,144.0,151.2,158.5,165.9,173.5,178.8,180.4,181.7,180.4,179.0,153.3,150.4,150.4,153.8,155.2,155.3,153.6,150.0,150.1,152.8,154.8,154.9,193.3,191.1,190.0,191.0,190.0,191.3,193.2,197.8,199.7,200.1,199.7,197.8,193.6,193.5,193.9,193.4,193.6,194.4,194.9,194.5,-63.6,-63.0,-60.6,-56.9,-49.6,-37.6,-22.8,-5.5,12.6,29.4,43.8,57.5,68.9,76.5,80.8,83.7,85.1,-48.3,-37.8,-23.9,-9.9,2.7,29.5,41.8,54.1,66.4,75.4,16.3,17.0,17.7,18.4,1.8,9.2,16.8,24.0,30.5,-32.6,-23.8,-13.6,-5.1,-13.9,-24.0,34.4,43.3,53.2,60.8,53.9,44.2,-13.8,-1.1,9.4,16.0,23.2,32.6,42.0,32.7,23.5,15.7,8.5,-2.0,-9.0,8.9,15.7,23.1,37.9,22.9,15.6,8.6,-59.6,-39.7,-20.0,-0.8,17.3,33.1,45.7,54.9,57.5,55.5,47.1,35.0,19.2,0.3,-19.9,-40.4,-61.4,-72.5,-80.4,-82.1,-79.8,-75.2,-76.3,-81.6,-84.1,-82.7,-75.7,-60.4,-47.6,-35.1,-22.5,-14.3,-11.7,-9.6,-11.7,-14.2,-58.4,-62.9,-62.8,-57.0,-54.7,-54.6,-57.6,-64.0,-64.1,-59.9,-55.9,-55.6,9.8,6.1,4.1,5.9,4.1,6.4,9.7,17.4,20.2,20.9,20.3,17.2,10.3,9.9,10.6,9.8,10.3,11.5,12.3,11.6,700.7,701.3,703.0,704.0,702.2,697.6,689.4,678.1,675.1,682.5,697.2,709.4,715.3,716.0,715.4,714.8,715.6,670.5,663.5,657.2,651.3,647.2,650.3,656.3,663.6,671.2,679.5,649.5,642.6,635.3,628.6,646.4,643.9,642.3,645.1,648.6,666.4,662.7,661.9,661.6,661.2,662.0,665.0,666.8,669.2,673.8,668.7,666.2,664.9,653.0,647.8,647.7,649.1,657.2,670.1,657.4,649.5,647.6,647.9,653.6,662.2,649.8,649.5,651.3,666.6,650.4,648.5,649.2,0.585,0.115,-0.106,0.017,258.282,175.585,-4.754,-2.881,-8.25,10.169,2.578,4.831,-8.785,0.672,0.942,-2.131,-2.96,1.695,-0.418,-1.885,-0.507,-1.556,-1.134,1.529,-2.21,-0.713,-0.181,-0.131,0.607,-0.433,-0.083,-0.279,0.061,-0.047,-0.114,-0.022,-0.054,0.006,0.018,-0.007,0.61,0.12,0.0,0.54,0.0,0.0,0.24,0.0,0.0,1.36,0.0,0.0,0.0,0.19,0.0,0.76,0.0,0.0,0.0,0.0,1.0,0.0,0.0,1.0,0.0,0.0,1.0,0.0,0.0,0.0,0.0,0.0,1.0,1.0,0.0
PP133,g1,11,0,0.975,0.131247,0.155972,-0.979003,-0.033023,0.153668,-0.987571,0.05,0.156,235.2,236.5,239.6,242.7,244.0,242.9,239.5,236.4,231.1,233.0,235.7,239.1,242.5,245.1,246.9,244.8,241.9,238.7,235.6,233.0,238.2,239.6,240.9,241.5,241.0,239.6,238.3,237.7,273.6,274.6,277.5,280.6,282.0,281.0,278.0,274.7,270.5,272.5,275.2,278.6,281.7,283.9,285.4,284.0,281.8,279.1,275.9,272.8,276.4,277.7,279.0,279.5,278.9,277.5,276.2,275.8,152.7,149.6,148.3,149.6,152.8,156.2,157.2,155.9,154.2,152.5,151.4,150.8,151.4,152.9,154.8,155.9,156.2,156.4,156.1,155.5,154.2,154.8,154.2,152.9,151.5,150.9,151.5,152.8,152.7,149.5,148.2,149.4,152.6,155.7,157.1,156.1,154.8,152.8,151.3,150.7,151.2,152.4,154.1,155.3,156.0,156.2,156.1,155.8,154.2,154.7,154.1,152.7,151.4,150.8,151.4,152.8,-19.9,-18.2,-14.0,-9.8,-8.1,-9.6,-14.1,-18.2,-25.7,-23.0,-19.2,-14.7,-10.1,-6.6,-4.2,-7.0,-10.9,-15.2,-19.3,-23.0,-15.9,-14.0,-12.2,-11.4,-12.2,-14.0,-15.8,-16.6,31.6,33.1,37.1,41.3,43.2,41.7,37.7,33.2,27.5,30.2,33.8,38.4,42.7,46.0,48.2,46.1,42.9,39.0,34.8,30.6,35.5,37.4,39.1,39.8,39.0,37.1,35.4,34.7,-46.8,-51.1,-52.8,-51.0,-46.7,-42.1,-40.7,-42.5,-45.2,-47.2,-48.5,-49.1,-48.4,-46.6,-44.1,-42.6,-42.0,-41.7,-42.1,-43.2,-44.8,-44.0,-44.8,-46.7,-48.6,-49.4,-48.6,-46.7,-46.7,-51.0,-53.0,-51.4,-47.1,-42.8,-40.9,-42.2,-44.0,-46.6,-48.5,-49.4,-48.9,-47.7,-45.6,-43.6,-42.5,-42.0,-42.1,-42.5,-44.9,-44.2,-45.0,-46.9,-48.8,-49.5,-48.6,-46.7,525.7,526.2,526.2,525.8,525.2,524.9,524.7,525.1,530.1,527.4,525.0,523.6,524.0,525.3,526.8,525.3,523.8,523.7,524.9,527.3,526.1,525.9,525.9,526.1,526.4,526.6,526.6,526.4,524.3,525.3,526.7,527.5,527.4,526.3,525.0,524.3,524.9,524.0,523.6,524.3,526.5,529.7,532.8,529.5,526.4,524.2,523.5,524.0,525.9,526.2,526.8,527.3,527.4,527.0,526.4,525.9,14.1,-17.8,657.8,0.131,-0.061,0.015,214.8,215.2,216.6,218.8,222.8,229.3,237.4,247.0,257.4,267.0,274.9,282.1,288.1,292.2,294.5,296.2,296.9,222.0,227.9,235.9,244.1,251.6,267.9,275.1,282.2,289.0,293.6,259.9,260.3,260.8,261.2,251.0,255.5,260.0,264.4,268.3,230.9,236.0,242.0,247.1,241.8,235.8,270.4,275.5,281.3,285.5,281.7,276.1,241.9,249.2,255.5,259.5,263.8,269.3,274.4,269.3,263.9,259.2,254.9,248.7,244.6,255.2,259.3,263.7,272.1,263.6,259.2,255.0,155.0,166.3,177.4,188.2,198.4,207.3,214.7,220.4,221.9,220.4,214.9,207.7,199.0,188.7,177.8,166.7,155.4,146.1,141.1,139.7,140.7,143.2,142.9,140.3,139.4,140.7,145.3,152.3,159.8,167.2,174.8,180.1,181.7,183.0,181.7,180.3,154.2,151.3,151.4,154.9,156.2,156.3,154.8,151.2,151.3,154.0,156.1,156.1,194.6,192.5,191.3,192.4,191.3,192.7,194.6,199.3,201.2,201.6,201.2,199.2,194.9,194.8,195.3,194.8,195.0,195.8,196.3,195.8,-63.1,-62.5,-60.1,-56.3,-48.9,-36.9,-22.2,-5.2,12.8,29.7,44.3,58.1,69.5,77.0,81.2,84.2,85.6,-48.0,-37.5,-23.7,-9.9,2.6,29.7,42.1,54.5,66.7,75.6,16.4,16.9,17.5,18.0,1.6,9.0,16.4,23.7,30.3,-32.5,-23.7,-13.5,-4.9,-13.8,-24.0,34.6,43.5,53.4,61.1,54.1,44.3,-13.8,-1.4,9.1,15.6,22.9,32.3,41.8,32.4,23.0,15.3,8.1,-2.3,-9.1,8.6,15.4,22.8,37.6,22.6,15.2,8.4,-58.2,-38.0,-18.1,1.3,19.6,35.3,47.9,57.0,59.4,57.4,48.9,36.6,20.9,2.2,-17.6,-37.9,-58.6,-71.0,-78.7,-80.3,-77.9,-73.2,-74.0,-79.2,-81.5,-80.1,-73.1,-58.3,-45.5,-33.0,-20.3,-12.2,-9.5,-7.4,-9.5,-12.0,-56.8,-61.3,-61.1,-55.1,-52.9,-52.8,-55.5,-61.8,-61.9,-57.6,-53.6,-53.4,12.1,8.3,6.2,8.0,6.3,8.7,12.2,19.8,22.7,23.3,22.6,19.6,12.6,12.1,12.9,12.1,12.8,13.8,14.5,13.8,700.6,701.6,703.5,704.4,702.4,697.5,688.9,677.4,674.0,681.3,695.7,707.5,713.0,713.2,712.4,711.6,712.3,669.5,662.3,655.8,649.8,645.6,648.5,654.4,661.6,669.0,677.2,647.8,641.0,633.7,627.0,645.1,642.5,640.9,643.5,646.9,665.4,661.5,660.5,660.2,659.9,660.9,663.3,664.9,667.3,671.9,666.8,664.4,664.0,651.9,646.4,646.3,647.6,655.6,668.4,656.0,648.2,646.5,646.8,652.6,661.1,648.6,648.3,650.0,665.0,649.1,647.2,648.0,0.587,0.12,-0.088,0.018,258.352,176.804,-5.108,-0.221,-8.628,10.701,2.988,4.557,-9.086,1.108,1.277,-2.17,-2.361,1.836,-0.094,-1.875,-0.413,-1.33,-0.947,1.407,-1.927,-0.842,-0.157,-0.121,0.504,-0.336,-0.097,-0.334,0.101,-0.04,-0.118,-0.02,-0.043,0.005,0.011,-0.005,0.42,0.05,0.0,0.54,0.0,0.0,0.45,0.0,0.0,1.42,0.0,0.12,0.0,0.17,0.0,0.56,0.0,0.0,0.0,0.0,1.0,0.0,0.0,1.0,0.0,0.0,1.0,0.0,0.0,0.0,0.0,0.0,0.0,1.0,0.0
PP133,g1,17,0,0.975,0.12067,0.165827,-0.978744,-0.04682,0.165286,-0.985134,0.038,0.167,234.9,236.3,239.5,242.6,243.9,242.7,239.2,236.1,230.7,232.7,235.4,238.9,242.4,245.0,246.9,244.7,241.7,238.4,235.3,232.6,238.0,239.4,240.8,241.4,240.8,239.5,238.1,237.4,273.7,274.8,277.7,280.9,282.4,281.3,278.3,274.9,270.6,272.6,275.3,278.8,282.0,284.3,285.8,284.4,282.1,279.3,276.1,273.0,276.6,278.0,279.3,279.8,279.1,277.7,276.4,276.0,155.1,151.9,150.6,151.9,155.2,158.7,159.7,158.3,156.6,154.8,153.6,153.1,153.8,155.3,157.4,158.4,158.7,158.9,158.6,157.9,156.6,157.2,156.7,155.3,153.8,153.2,153.8,155.2,155.2,152.0,150.6,151.8,155.0,158.2,159.6,158.6,157.4,155.3,153.7,153.0,153.5,154.7,156.5,157.9,158.6,158.8,158.7,158.4,156.7,157.2,156.6,155.2,153.8,153.2,153.8,155.3,-19.9,-18.1,-13.8,-9.7,-8.1,-9.6,-14.1,-18.2,-25.5,-22.9,-19.1,-14.6,-10.0,-6.5,-4.1,-7.0,-10.9,-15.2,-19.3,-22.9,-15.8,-14.0,-12.2,-11.4,-12.1,-13.9,-15.7,-16.5,31.1,32.5,36.5,40.8,42.7,41.2,37.2,32.7,27.0,29.6,33.2,37.7,42.1,45.5,47.7,45.5,42.3,38.5,34.2,30.1,35.0,36.9,38.6,39.3,38.4,36.6,34.8,34.2,-42.6,-46.9,-48.6,-46.7,-42.4,-37.8,-36.5,-38.3,-41.0,-43.1,-44.5,-45.1,-44.2,-42.3,-39.7,-38.2,-37.7,-37.5,-38.0,-39.0,-40.6,-39.8,-40.5,-42.4,-44.3,-45.1,-44.4,-42.5,-42.4,-46.7,-48.7,-47.1,-42.9,-38.5,-36.6,-37.8,-39.5,-42.3,-44.2,-45.2,-44.7,-43.4,-41.3,-39.3,-38.1,-37.6,-37.7,-38.1,-40.6,-39.9,-40.7,-42.6,-44.5,-45.2,-44.3,-42.4,513.5,514.0,514.0,513.5,512.7,512.5,512.3,512.8,517.9,515.2,512.7,511.4,511.7,512.9,514.3,512.8,511.4,511.3,512.6,515.1,513.8,513.6,513.5,513.8,514.1,514.3,514.3,514.1,512.4,513.5,514.8,515.6,515.4,514.4,513.1,512.4,513.1,512.2,511.7,512.4,514.6,517.7,520.8,517.6,514.5,512.3,511.6,512.2,514.0,514.3,514.9,515.4,515.4,515.1,514.5,514.0,13.8,-12.1,649.3,0.169,-0.048,0.017,215.1,215.5,217.1,219.4,223.5,229.9,237.7,246.9,257.2,266.7,274.6,281.8,288.0,292.3,295.0,296.7,297.5,221.9,227.7,235.6,243.9,251.4,267.9,275.2,282.4,289.3,293.9,259.8,260.1,260.5,260.8,250.7,255.2,259.7,264.2,268.1,230.6,235.7,241.9,247.0,241.6,235.5,270.5,275.7,281.6,286.0,282.0,276.2,241.7,248.6,255.2,259.2,263.5,269.4,274.4,269.3,263.5,258.8,254.3,247.8,244.5,254.9,259.1,263.4,271.9,263.3,258.8,254.6,157.0,168.6,180.0,190.9,201.2,210.4,218.1,224.2,226.0,224.4,218.6,210.9,202.0,191.7,180.7,169.4,157.9,148.0,143.0,141.7,142.7,145.5,145.3,142.4,141.5,142.9,147.5,155.1,162.6,170.1,177.8,183.1,184.7,186.0,184.7,183.3,156.5,153.5,153.7,157.5,158.7,158.7,157.5,153.5,153.6,156.5,158.7,158.7,198.6,195.7,194.2,195.4,194.3,196.0,198.6,205.2,208.0,208.5,208.0,205.1,198.9,198.0,198.4,198.0,199.1,202.1,202.6,202.1,-61.5,-60.9,-58.4,-54.3,-47.0,-35.5,-21.6,-5.3,12.3,28.9,43.2,56.8,68.2,75.8,80.4,83.5,85.0,-47.3,-37.2,-23.6,-9.9,2.2,29.2,41.5,53.9,66.1,74.7,16.0,16.3,16.7,17.1,1.2,8.4,15.7,23.0,29.6,-32.5,-23.8,-13.5,-4.9,-13.9,-24.1,34.1,42.9,52.9,60.7,53.7,43.8,-13.9,-2.4,8.5,15.0,22.1,32.1,41.1,32.1,22.3,14.5,7.1,-3.6,-9.2,8.1,14.8,22.0,36.8,21.9,14.5,7.5,-53.7,-33.4,-13.4,6.0,24.4,40.3,53.4,63.1,66.0,63.8,54.7,41.8,26.0,7.5,-12.1,-32.3,-52.9,-66.4,-74.0,-75.5,-73.0,-68.1,-68.7,-74.1,-76.5,-75.0,-68.1,-52.8,-40.1,-27.8,-15.3,-7.1,-4.6,-2.4,-4.5,-6.9,-51.9,-56.6,-56.2,-49.8,-47.9,-47.9,-50.0,-56.8,-56.9,-52.4,-48.3,-48.0,18.6,13.5,11.0,12.9,11.2,14.1,18.8,29.5,33.8,34.5,33.7,29.1,19.1,17.2,17.9,17.3,19.4,24.1,24.9,24.0,687.8,689.8,692.6,694.6,693.4,689.5,682.5,672.4,668.7,674.8,687.1,697.2,701.0,700.2,698.6,698.0,698.4,657.1,650.0,643.4,637.2,633.3,636.5,642.2,649.1,656.4,664.4,636.1,629.9,623.4,617.2,635.5,633.1,631.5,633.8,636.9,654.3,650.2,649.1,648.8,649.1,650.2,651.2,652.7,655.0,659.8,654.8,652.5,656.8,643.7,637.2,637.0,638.1,646.5,659.6,650.1,643.6,642.3,642.6,647.6,654.2,640.2,639.7,641.1,656.9,643.4,642.0,642.7,0.595,0.165,-0.073,0.021,258.293,180.059,-19.189,0.368,-2.655,17.981,6.353,-3.3,-5.432,3.745,3.658,-1.516,-1.402,1.273,1.22,-1.822,-1.421,-0.63,0.651,0.825,-2.144,-0.385,0.35,0.123,0.504,-0.21,-0.007,-0.15,0.156,-0.001,-0.052,0.012,-0.056,0.007,0.013,0.006,0.66,0.35,0.0,0.96,0.0,0.0,0.0,0.0,0.13,0.18,0.0,0.0,0.0,0.0,0.53,0.56,0.0,0.0,1.0,0.0,1.0,0.0,0.0,0.0,0.0,0.0,0.0,0.0,0.0,0.0,0.0,1.0,1.0,1.0,0.0
PP133,g1,23,0,0.975,0.122274,0.164309,-0.978801,-0.042715,0.162667,-0.985756,0.04,0.165,235.7,237.1,240.4,243.5,244.7,243.5,240.0,236.9,231.5,233.4,236.3,239.7,243.3,245.9,247.8,245.6,242.5,239.2,236.1,233.4,238.8,240.2,241.6,242.2,241.7,240.3,238.9,238.3,274.6,275.7,278.7,281.9,283.3,282.3,279.3,275.8,271.5,273.5,276.3,279.7,282.9,285.3,286.7,285.3,283.1,280.3,277.1,273.9,277.6,278.9,280.2,280.7,280.1,278.7,277.4,276.9,156.7,153.5,152.2,153.7,157.0,160.5,161.5,160.0,158.2,156.4,155.3,154.8,155.5,157.1,159.2,160.2,160.5,160.6,160.3,159.6,158.4,159.0,158.4,157.0,155.6,154.9,155.5,156.9,157.2,153.9,152.5,153.8,157.0,160.3,161.7,160.7,159.4,157.2,155.7,155.0,155.5,156.7,158.6,159.9,160.6,160.9,160.8,160.4,158.6,159.2,158.6,157.2,155.8,155.2,155.8,157.2,-18.6,-16.7,-12.5,-8.4,-6.8,-8.4,-12.9,-17.0,-24.2,-21.6,-17.8,-13.3,-8.7,-5.3,-2.9,-5.8,-9.7,-13.9,-18.0,-21.6,-14.6,-12.8,-10.9,-10.1,-10.8,-12.6,-14.4,-15.3,32.1,33.5,37.5,41.7,43.6,42.1,38.1,33.6,28.0,30.6,34.1,38.7,43.1,46.4,48.6,46.5,43.3,39.4,35.2,31.1,36.0,37.8,39.6,40.2,39.4,37.5,35.8,35.1,-40.0,-44.2,-45.9,-44.0,-39.6,-35.1,-33.8,-35.6,-38.4,-40.5,-41.8,-42.4,-41.5,-39.5,-36.8,-35.4,-34.9,-34.8,-35.3,-36.4,-37.9,-37.1,-37.8,-39.6,-41.5,-42.4,-41.6,-39.8,-39.5,-43.8,-45.8,-44.2,-39.9,-35.6,-33.7,-34.9,-36.6,-39.4,-41.4,-42.3,-41.8,-40.5,-38.3,-36.3,-35.2,-34.7,-34.8,-35.2,-37.7,-37.0,-37.8,-39.7,-41.6,-42.3,-41.4,-39.5,507.7,508.2,508.1,507.6,506.9,506.6,506.4,506.9,512.1,509.4,506.9,505.5,505.8,507.0,508.4,506.9,505.5,505.4,506.8,509.3,507.9,507.7,507.7,507.9,508.2,508.4,508.5,508.2,508.5,509.5,510.9,511.7,511.6,510.5,509.2,508.5,509.1,508.3,507.8,508.5,510.7,513.9,517.0,513.7,510.6,508.5,507.7,508.2,510.1,510.4,511.0,511.5,511.6,511.2,510.6,510.1,15.0,-8.5,646.0,0.173,-0.056,0.024,215.7,216.0,217.5,219.9,224.0,230.4,238.2,247.5,257.9,267.3,275.0,282.1,288.3,292.6,295.4,297.3,298.1,222.7,228.7,236.7,245.0,252.5,268.9,276.3,283.5,290.3,294.9,260.8,261.1,261.5,261.8,251.6,256.0,260.6,265.1,269.1,231.4,236.5,242.8,247.9,242.5,236.3,271.4,276.6,282.6,286.9,283.0,277.1,242.5,249.4,256.0,260.1,264.4,270.2,275.1,270.1,264.4,259.6,255.1,248.6,245.3,255.7,259.9,264.3,272.6,264.1,259.6,255.4,158.4,170.1,181.5,192.5,203.0,212.3,220.1,226.3,228.2,226.6,220.8,213.2,204.3,194.1,183.2,171.8,160.3,149.5,144.6,143.4,144.6,147.5,147.4,144.5,143.5,144.9,149.5,157.1,164.8,172.3,180.2,185.3,186.9,188.3,187.0,185.5,158.2,155.2,155.4,159.3,160.5,160.5,159.5,155.5,155.6,158.5,160.7,160.8,200.9,198.0,196.5,197.7,196.6,198.4,201.1,207.7,210.6,211.0,210.6,207.6,201.2,200.3,200.8,200.4,201.5,204.6,205.1,204.5,-60.0,-59.6,-57.2,-53.2,-45.9,-34.4,-20.5,-4.2,13.4,29.7,43.8,57.1,68.4,76.1,80.8,84.1,85.6,-45.6,-35.3,-21.7,-8.1,4.0,30.7,43.0,55.3,67.4,76.0,17.6,17.9,18.2,18.6,2.5,9.7,17.1,24.4,30.9,-31.0,-22.3,-11.9,-3.4,-12.4,-22.7,35.4,44.2,54.3,62.0,55.1,45.1,-12.6,-1.1,9.8,16.4,23.5,33.3,42.1,33.3,23.6,15.7,8.3,-2.3,-7.8,9.4,16.1,23.3,37.8,23.2,15.8,8.8,-50.9,-30.6,-10.5,8.9,27.4,43.5,56.7,66.5,69.4,67.3,58.4,45.7,30.0,11.8,-7.7,-27.9,-48.4,-63.5,-70.9,-72.1,-69.5,-64.5,-64.9,-70.3,-72.6,-71.2,-64.4,-49.2,-36.4,-24.0,-11.5,-3.5,-0.9,1.2,-0.8,-3.2,-48.8,-53.4,-53.0,-46.5,-44.6,-44.7,-46.4,-53.2,-53.3,-48.7,-44.7,-44.4,22.4,17.2,14.6,16.5,14.8,17.9,22.9,33.5,37.8,38.5,37.7,33.1,22.9,20.9,21.6,21.0,23.5,28.0,28.8,27.9,683.1,685.4,688.6,690.8,689.9,686.0,679.1,669.2,665.8,672.0,684.5,694.8,698.6,697.6,695.7,694.8,695.0,652.2,645.1,638.6,632.7,629.1,632.6,638.4,645.5,653.0,661.3,632.3,626.2,619.7,613.6,631.9,629.6,628.1,630.5,633.6,650.0,645.8,644.9,644.7,645.0,646.0,647.6,649.2,651.7,656.7,651.6,649.2,653.0,639.9,633.6,633.5,634.7,643.2,656.4,647.1,640.7,639.4,639.5,644.2,650.5,636.8,636.3,637.8,653.7,640.4,638.9,639.4,0.599,0.174,-0.083,0.029,259.086,182.18,-19.333,1.244,-3.014,19.658,6.368,-3.374,-4.633,5.707,3.85,-1.584,-1.034,0.969,1.201,-1.479,-1.545,-0.125,0.724,0.776,-1.799,-0.531,0.495,0.19,0.261,-0.32,-0.018,-0.056,0.094,0.004,-0.027,-0.002,-0.045,-0.0,0.005,0.006,0.72,0.59,0.0,0.9,0.0,0.0,0.0,0.0,0.06,0.07,0.0,0.0,0.0,0.0,0.61,0.1,0.0,0.0,1.0,0.0,1.0,0.0,0.0,0.0,0.0,0.0,0.0,0.0,0.0,0.0,0.0,1.0,0.0,0.0,0.0
PP133,g1,29,0,0.975,0.14272,0.173824,-0.97438,-0.023707,0.171382,-0.984919,0.061,0.174,237.8,239.3,242.5,245.7,246.9,245.7,242.2,239.0,233.6,235.5,238.4,241.9,245.4,248.1,249.9,247.7,244.7,241.4,238.2,235.5,240.9,242.3,243.7,244.4,243.8,242.4,241.0,240.4,276.7,277.8,280.8,283.9,285.3,284.3,281.3,277.9,273.6,275.6,278.4,281.8,285.0,287.2,288.7,287.3,285.1,282.3,279.2,276.0,279.6,281.0,282.3,282.7,282.1,280.8,279.5,279.0,157.1,153.9,152.6,154.0,157.3,160.8,161.8,160.4,158.5,156.8,155.7,155.2,155.9,157.4,159.5,160.6,160.8,160.9,160.6,159.9,158.7,159.3,158.8,157.4,155.9,155.3,155.8,157.3,157.6,154.4,153.0,154.3,157.4,160.7,162.1,161.0,159.8,157.7,156.1,155.5,156.0,157.2,159.0,160.3,161.0,161.3,161.1,160.8,159.1,159.6,159.0,157.6,156.2,155.6,156.2,157.7,-15.9,-14.0,-9.8,-5.6,-4.0,-5.6,-10.1,-14.3,-21.6,-18.9,-15.1,-10.5,-6.0,-2.5,-0.1,-3.0,-6.9,-11.2,-15.3,-18.9,-11.8,-10.0,-8.2,-7.3,-8.0,-9.8,-11.7,-12.5,35.2,36.6,40.6,44.8,46.7,45.2,41.2,36.7,31.1,33.7,37.3,41.8,46.2,49.5,51.7,49.5,46.3,42.5,38.3,34.2,39.1,40.9,42.6,43.3,42.5,40.6,38.9,38.2,-39.6,-43.8,-45.5,-43.6,-39.2,-34.7,-33.4,-35.2,-38.0,-40.1,-41.4,-41.9,-41.0,-39.1,-36.5,-35.0,-34.6,-34.4,-34.9,-36.0,-37.5,-36.7,-37.4,-39.3,-41.2,-42.0,-41.3,-39.4,-39.3,-43.6,-45.6,-44.0,-39.8,-35.4,-33.5,-34.8,-36.5,-39.2,-41.2,-42.1,-41.6,-40.3,-38.1,-36.1,-35.0,-34.5,-34.6,-35.1,-37.5,-36.8,-37.6,-39.5,-41.4,-42.1,-41.3,-39.4,508.3,508.8,508.8,508.4,507.8,507.5,507.2,507.6,512.5,509.9,507.5,506.2,506.6,507.9,509.4,507.8,506.4,506.2,507.4,509.8,508.6,508.5,508.5,508.7,509.0,509.2,509.2,508.9,513.5,514.5,515.9,516.8,516.7,515.7,514.3,513.5,514.1,513.2,512.8,513.5,515.9,519.1,522.2,519.0,515.8,513.6,512.8,513.2,515.1,515.5,516.1,516.6,516.6,516.2,515.6,515.2,18.1,-8.0,644.1,0.179,-0.088,0.033,216.6,216.8,218.2,220.5,224.6,231.1,239.2,248.8,259.3,268.7,276.2,283.1,289.2,293.6,296.4,298.3,299.2,224.7,230.8,239.0,247.4,255.0,271.5,278.7,285.7,292.4,296.7,263.3,263.7,264.2,264.7,254.0,258.5,263.1,267.5,271.4,233.4,238.7,244.9,250.1,244.6,238.4,273.5,278.7,284.6,288.8,285.0,279.2,244.3,251.5,258.4,262.4,266.7,272.3,276.9,272.1,266.5,261.8,257.2,250.6,247.2,258.0,262.2,266.5,274.5,266.3,261.8,257.5,158.3,170.0,181.5,192.5,203.0,212.3,220.3,226.5,228.5,226.9,221.1,213.4,204.5,194.2,183.3,171.9,160.4,149.7,144.7,143.5,144.7,147.6,147.6,144.7,143.7,145.1,149.7,157.4,165.1,172.7,180.5,185.7,187.3,188.6,187.4,185.9,158.5,155.6,155.8,159.6,160.8,160.8,159.9,155.9,156.0,158.9,161.1,161.2,201.2,198.3,196.9,198.1,197.0,198.8,201.5,208.1,210.9,211.3,210.8,207.8,201.5,200.7,201.2,200.8,201.9,204.9,205.4,204.8,-58.0,-57.8,-55.6,-51.8,-44.6,-32.9,-18.7,-2.0,15.8,32.1,45.8,58.9,70.2,77.9,82.7,86.0,87.6,-41.9,-31.6,-17.9,-4.1,8.1,34.7,46.8,58.9,70.8,79.0,21.5,22.0,22.5,23.0,6.4,13.7,21.0,28.2,34.7,-27.4,-18.6,-8.3,0.1,-8.8,-19.0,38.9,47.7,57.6,65.2,58.3,48.5,-9.5,2.5,13.5,20.1,27.1,36.7,45.1,36.5,27.0,19.2,11.8,1.0,-4.7,12.9,19.7,26.9,40.9,26.6,19.3,12.2,-50.7,-30.5,-10.6,8.8,27.2,43.4,56.7,66.6,69.7,67.7,58.7,46.1,30.3,12.1,-7.5,-27.7,-48.2,-62.7,-70.1,-71.5,-68.9,-63.9,-64.4,-69.8,-72.2,-70.8,-63.9,-48.5,-35.8,-23.4,-10.9,-3.0,-0.3,1.8,-0.2,-2.6,-48.0,-52.5,-52.1,-45.7,-43.8,-43.9,-45.7,-52.4,-52.4,-48.0,-43.9,-43.7,22.7,17.7,15.2,17.1,15.5,18.6,23.4,34.0,38.3,38.9,38.1,33.4,23.2,21.5,22.2,21.7,24.0,28.5,29.2,28.3,677.8,680.2,683.6,686.1,685.5,682.0,675.5,666.4,664.0,671.0,684.0,694.8,698.8,698.0,696.2,695.3,695.5,647.2,640.6,634.7,629.4,626.3,630.8,637.1,644.6,652.6,661.0,630.1,624.2,617.9,611.9,629.4,627.5,626.3,629.0,632.4,645.6,641.8,641.3,641.5,641.4,642.0,646.1,647.9,650.8,656.1,650.8,648.0,649.7,637.1,631.3,631.6,633.1,641.9,655.5,645.9,639.1,637.3,637.1,641.3,647.4,634.6,634.4,636.2,652.6,638.7,636.8,637.0,0.601,0.181,-0.124,0.039,260.984,182.45,-18.588,1.2,-3.789,18.446,5.874,-3.798,-4.598,5.48,3.334,-1.283,-1.747,0.683,1.349,-1.685,-1.786,-0.189,0.525,0.856,-2.001,-0.71,0.626,0.138,0.488,-0.383,0.045,0.011,0.073,-0.013,-0.028,0.004,-0.05,-0.001,-0.002,0.005,0.86,0.71,0.0,1.0,0.0,0.0,0.0,0.0,0.0,0.11,0.0,0.0,0.0,0.0,0.54,0.0,0.0,1.0,1.0,0.0,1.0,0.0,0.0,0.0,0.0,0.0,0.0,0.0,0.0,0.0,0.0,1.0,0.0,0.0,0.0
PP133,g1,34,0,0.975,0.15991,0.169322,-0.972501,-0.007354,0.166559,-0.986004,0.078,0.17,239.4,240.8,244.1,247.3,248.5,247.3,243.9,240.7,235.1,237.1,240.0,243.5,247.0,249.7,251.5,249.3,246.3,243.1,239.9,237.1,242.5,243.9,245.3,246.0,245.4,244.0,242.6,242.0,278.4,279.4,282.4,285.4,286.9,285.8,282.9,279.6,275.3,277.3,280.0,283.4,286.5,288.7,290.1,288.8,286.7,283.9,280.8,277.7,281.2,282.6,283.9,284.3,283.7,282.3,281.1,280.6,157.9,154.6,153.3,154.8,158.0,161.5,162.6,161.2,159.3,157.6,156.4,155.9,156.6,158.1,160.2,161.3,161.6,161.7,161.4,160.7,159.5,160.1,159.5,158.1,156.7,156.0,156.6,158.0,158.2,155.0,153.7,154.9,158.1,161.3,162.7,161.7,160.4,158.3,156.8,156.1,156.6,157.8,159.6,160.9,161.6,161.9,161.8,161.4,159.7,160.2,159.6,158.2,156.8,156.3,156.9,158.3,-13.8,-11.9,-7.7,-3.6,-1.9,-3.5,-8.0,-12.1,-19.5,-16.8,-13.0,-8.4,-3.9,-0.4,1.9,-0.9,-4.8,-9.0,-13.1,-16.8,-9.7,-7.9,-6.1,-5.3,-6.0,-7.8,-9.6,-10.4,37.6,39.1,43.1,47.2,49.2,47.7,43.7,39.2,33.5,36.1,39.7,44.3,48.6,51.9,54.0,51.9,48.8,45.0,40.7,36.6,41.5,43.3,45.1,45.7,44.9,43.1,41.3,40.7,-38.6,-42.8,-44.5,-42.7,-38.3,-33.7,-32.4,-34.3,-37.0,-39.1,-40.4,-41.0,-40.1,-38.2,-35.6,-34.1,-33.6,-33.5,-33.9,-35.0,-36.5,-35.7,-36.5,-38.3,-40.2,-41.0,-40.3,-38.4,-38.8,-43.1,-45.0,-43.4,-39.2,-34.9,-33.0,-34.2,-35.9,-38.6,-40.6,-41.6,-41.1,-39.8,-37.6,-35.6,-34.4,-33.9,-34.0,-34.5,-37.0,-36.3,-37.1,-39.0,-40.8,-41.5,-40.7,-38.8,508.6,509.1,509.3,508.9,508.3,508.0,507.6,507.9,512.7,510.1,507.8,506.6,507.1,508.5,510.0,508.4,506.8,506.5,507.7,510.0,509.0,508.9,508.9,509.2,509.5,509.6,509.5,509.3,517.3,518.3,519.8,520.8,520.7,519.6,518.2,517.3,517.8,517.0,516.7,517.4,519.8,523.1,526.3,523.0,519.8,517.5,516.6,517.0,519.0,519.4,520.0,520.5,520.5,520.1,519.5,519.0,20.7,-7.0,642.1,0.169,-0.116,0.036,217.3,217.4,218.7,220.9,225.0,231.6,240.0,250.0,260.7,270.0,277.4,284.2,290.2,294.6,297.4,299.3,300.2,226.1,232.3,240.7,249.3,257.0,273.4,280.5,287.4,293.9,298.1,265.2,265.8,266.4,267.0,256.0,260.6,265.2,269.6,273.4,235.0,240.3,246.5,251.7,246.3,240.1,275.2,280.4,286.1,290.3,286.6,280.9,246.0,253.5,260.4,264.4,268.7,274.1,278.5,273.9,268.4,263.8,259.3,252.7,249.0,260.0,264.1,268.4,276.1,268.2,263.8,259.5,159.3,170.8,182.2,193.1,203.6,212.9,220.9,227.2,229.1,227.6,221.8,214.3,205.4,195.1,184.1,172.7,161.1,150.4,145.5,144.2,145.4,148.3,148.1,145.2,144.2,145.6,150.2,158.1,165.7,173.3,181.1,186.4,188.0,189.3,188.1,186.6,159.3,156.3,156.5,160.4,161.6,161.5,160.5,156.6,156.7,159.5,161.7,161.8,201.8,199.1,197.7,198.9,197.8,199.5,202.0,208.3,210.9,211.4,210.9,208.1,202.1,201.5,201.9,201.5,202.4,205.1,205.6,205.0,-56.5,-56.3,-54.4,-50.8,-43.6,-31.9,-17.2,0.0,18.1,34.3,47.8,60.7,72.0,79.8,84.7,88.0,89.6,-39.4,-28.9,-15.1,-1.2,11.1,37.7,49.7,61.6,73.3,81.5,24.4,25.1,25.9,26.6,9.6,16.9,24.3,31.4,37.8,-24.8,-15.8,-5.7,2.7,-6.1,-16.2,41.6,50.3,60.2,67.6,60.9,51.1,-6.7,5.7,16.8,23.3,30.3,39.5,47.7,39.3,30.1,22.4,15.1,4.3,-1.7,16.1,22.9,30.0,43.6,29.7,22.4,15.5,-48.7,-28.8,-9.2,9.8,28.1,44.2,57.4,67.3,70.4,68.6,59.9,47.6,32.0,13.7,-6.0,-26.4,-47.1,-61.1,-68.6,-70.1,-67.7,-62.8,-63.5,-68.9,-71.4,-70.0,-63.1,-47.3,-34.7,-22.4,-10.0,-1.8,0.7,2.9,0.9,-1.5,-46.4,-51.0,-50.6,-44.4,-42.4,-42.5,-44.6,-51.2,-51.4,-47.0,-42.9,-42.6,23.7,18.8,16.4,18.3,16.7,19.7,24.3,34.3,38.2,38.8,38.0,33.6,24.1,22.6,23.3,22.8,24.9,28.7,29.4,28.5,673.9,676.0,679.2,681.6,681.1,677.9,671.6,662.8,660.9,668.6,682.3,693.9,698.8,698.8,697.5,696.7,697.0,643.9,637.6,632.2,627.3,624.6,629.9,636.4,644.3,652.6,661.2,628.7,622.7,616.3,610.3,627.2,625.5,624.6,627.5,631.0,642.5,639.0,638.9,639.4,638.9,639.1,645.2,647.2,650.4,655.9,650.4,647.3,646.3,634.4,629.3,629.7,631.4,640.4,654.1,643.7,636.5,634.5,634.0,638.0,644.1,632.2,632.3,634.3,651.0,636.3,634.2,634.2,0.602,0.172,-0.159,0.043,262.572,183.069,-15.575,-0.719,-5.362,16.157,5.476,-2.787,-4.473,5.22,3.119,-0.565,-2.185,0.907,0.996,-1.982,-1.509,-0.454,0.024,1.098,-2.169,-0.62,0.459,0.148,0.474,-0.388,0.107,-0.021,0.094,-0.003,-0.033,0.01,-0.051,0.006,0.005,-0.001,0.77,0.69,0.0,1.24,0.0,0.0,0.0,0.0,0.0,0.33,0.0,0.0,0.0,0.0,0.42,0.33,0.0,0.0,1.0,0.0,1.0,0.0,0.0,0.0,0.0,0.0,0.0,0.0,0.0,0.0,0.0,1.0,1.0,1.0,0.0
PP133,g1,40,0,0.975,0.164794,0.170251,-0.971523,-0.002616,0.166485,-0.986041,0.083,0.17,240.5,241.9,245.1,248.3,249.5,248.4,244.9,241.7,236.1,238.2,241.1,244.6,248.1,250.7,252.5,250.4,247.4,244.1,240.9,238.1,243.6,245.0,246.4,247.0,246.5,245.1,243.7,243.0,279.4,280.5,283.4,286.4,287.9,286.8,283.9,280.6,276.3,278.3,281.1,284.5,287.5,289.7,291.1,289.8,287.7,285.0,281.8,278.7,282.3,283.6,284.9,285.3,284.7,283.4,282.1,281.6,159.3,156.1,154.8,156.3,159.5,163.0,164.0,162.6,160.8,159.1,157.9,157.4,158.1,159.6,161.7,162.7,163.0,163.2,162.9,162.2,160.9,161.6,161.0,159.6,158.2,157.5,158.1,159.5,159.8,156.6,155.2,156.5,159.6,162.8,164.2,163.2,161.9,159.8,158.3,157.6,158.2,159.3,161.1,162.4,163.1,163.4,163.3,162.9,161.2,161.8,161.2,159.8,158.4,157.8,158.4,159.8,-12.4,-10.6,-6.4,-2.2,-0.6,-2.1,-6.6,-10.8,-18.2,-15.5,-11.6,-7.0,-2.5,0.9,3.3,0.5,-3.4,-7.7,-11.8,-15.5,-8.4,-6.6,-4.7,-3.9,-4.6,-6.5,-8.3,-9.1,39.1,40.6,44.6,48.8,50.7,49.2,45.2,40.7,35.0,37.6,41.3,45.8,50.1,53.4,55.6,53.5,50.3,46.5,42.3,38.1,43.0,44.8,46.6,47.2,46.4,44.6,42.8,42.2,-36.7,-41.0,-42.7,-40.8,-36.5,-31.9,-30.6,-32.4,-35.1,-37.2,-38.5,-39.1,-38.2,-36.4,-33.8,-32.3,-31.8,-31.6,-32.1,-33.2,-34.7,-33.9,-34.6,-36.5,-38.4,-39.2,-38.5,-36.6,-36.9,-41.2,-43.1,-41.5,-37.3,-33.0,-31.1,-32.3,-34.0,-36.8,-38.7,-39.7,-39.2,-37.9,-35.7,-33.7,-32.6,-32.0,-32.2,-32.6,-35.1,-34.4,-35.2,-37.1,-38.9,-39.6,-38.8,-36.9,509.8,510.4,510.6,510.3,509.7,509.3,508.9,509.2,513.9,511.4,509.1,507.9,508.5,509.8,511.4,509.7,508.2,507.8,509.0,511.2,510.3,510.2,510.3,510.5,510.8,510.9,510.8,510.6,519.2,520.2,521.7,522.7,522.6,521.6,520.1,519.2,519.7,518.9,518.6,519.4,521.8,525.0,528.2,524.9,521.7,519.4,518.5,518.9,520.9,521.3,522.0,522.4,522.5,522.0,521.4,520.9,22.3,-4.6,640.7,0.169,-0.125,0.039,217.8,218.0,219.2,221.3,225.4,232.1,240.6,250.8,261.5,270.9,278.2,285.0,291.0,295.4,298.1,300.0,300.9,227.0,233.2,241.6,250.3,258.1,274.6,281.7,288.5,295.0,299.2,266.4,267.0,267.7,268.3,257.1,261.7,266.4,270.7,274.5,236.0,241.4,247.6,252.7,247.3,241.1,276.2,281.4,287.2,291.2,287.6,281.9,246.8,254.5,261.4,265.5,269.8,275.2,279.5,274.9,269.5,264.8,260.3,253.6,249.7,261.0,265.2,269.5,277.2,269.3,264.9,260.5,160.5,172.0,183.4,194.4,204.9,214.3,222.3,228.6,230.7,229.0,223.2,215.7,206.8,196.5,185.5,174.1,162.5,152.0,147.0,145.7,146.9,149.8,149.7,146.8,145.8,147.2,151.8,159.6,167.3,174.8,182.7,187.9,189.5,190.8,189.6,188.1,160.7,157.9,158.0,161.8,163.0,163.0,162.0,158.1,158.2,161.1,163.2,163.3,203.1,200.5,199.2,200.4,199.4,201.0,203.4,209.6,212.2,212.6,212.1,209.3,203.4,202.9,203.4,203.0,203.8,206.4,206.9,206.4,-55.4,-55.3,-53.4,-49.9,-42.8,-31.0,-16.2,1.3,19.5,35.8,49.2,62.1,73.3,81.1,85.9,89.2,90.8,-37.8,-27.3,-13.5,0.5,12.9,39.6,51.6,63.5,75.1,83.1,26.3,27.0,27.8,28.6,11.4,18.7,26.1,33.2,39.5,-23.0,-14.1,-4.0,4.4,-4.4,-14.4,43.3,52.0,61.8,69.2,62.5,52.8,-5.4,7.3,18.4,24.9,32.0,41.2,49.3,41.0,31.7,24.0,16.7,5.9,-0.4,17.7,24.5,31.7,45.3,31.3,24.1,17.1,-46.5,-26.7,-7.1,11.9,30.2,46.3,59.6,69.6,72.9,71.0,62.4,50.0,34.5,16.1,-3.6,-23.9,-44.6,-58.3,-65.9,-67.4,-65.0,-60.1,-60.8,-66.2,-68.6,-67.2,-60.4,-44.7,-32.2,-19.9,-7.6,0.6,3.2,5.3,3.4,1.0,-43.9,-48.3,-48.0,-41.9,-39.9,-40.0,-42.1,-48.6,-48.7,-44.3,-40.3,-40.0,25.7,21.1,18.8,20.8,19.1,22.0,26.5,36.3,40.1,40.7,39.9,35.5,26.2,24.9,25.7,25.2,27.1,30.8,31.5,30.6,672.0,674.0,677.2,679.6,679.1,676.0,669.8,661.0,659.4,667.4,681.6,693.3,698.4,698.4,697.0,696.2,696.5,641.8,635.5,630.2,625.5,622.8,628.5,635.2,643.3,651.7,660.5,627.1,621.1,614.8,608.8,625.6,624.0,623.2,626.1,629.7,640.3,637.0,637.0,637.7,637.0,637.0,644.0,646.2,649.4,655.0,649.4,646.2,644.6,632.8,627.9,628.5,630.3,639.4,653.3,642.5,635.0,632.8,632.3,636.3,642.5,630.7,631.0,633.1,650.1,634.9,632.6,632.6,0.604,0.175,-0.171,0.047,263.53,184.514,-13.786,-0.336,-5.001,14.681,4.999,-2.114,-5.06,5.01,3.372,-0.481,-2.687,0.849,0.959,-2.098,-1.357,-0.452,-0.037,1.348,-2.474,-0.719,0.357,0.119,0.469,-0.395,0.146,-0.063,0.085,-0.007,-0.035,0.02,-0.058,0.007,0.008,-0.007,0.48,0.35,0.0,0.87,0.0,0.0,0.25,0.0,0.0,0.27,0.0,0.0,0.0,0.0,0.28,0.69,0.0,0.0,1.0,0.0,1.0,0.0,0.0,0.0,0.0,0.0,0.0,0.0,0.0,0.0,0.0,1.0,1.0,1.0,0.0
PP133,g1,46,0,0.975,0.173868,0.180006,-0.968177,0.008413,0.17646,-0.984272,0.093,0.181,241.2,242.6,245.8,249.0,250.3,249.1,245.7,242.5,236.8,238.9,241.8,245.3,248.8,251.5,253.3,251.2,248.2,244.9,241.7,238.9,244.3,245.7,247.1,247.7,247.2,245.8,244.4,243.8,280.0,281.0,283.9,287.0,288.4,287.4,284.5,281.2,276.9,278.9,281.6,285.0,288.1,290.3,291.6,290.3,288.2,285.5,282.4,279.3,282.8,284.2,285.4,285.9,285.2,283.9,282.6,282.2,160.0,156.8,155.5,156.9,160.2,163.7,164.7,163.3,161.5,159.8,158.6,158.1,158.8,160.2,162.3,163.4,163.7,163.9,163.6,162.9,161.6,162.2,161.7,160.2,158.8,158.2,158.7,160.2,160.1,156.8,155.4,156.7,159.8,163.0,164.4,163.5,162.2,160.1,158.6,157.9,158.4,159.5,161.3,162.6,163.3,163.7,163.6,163.3,161.5,162.0,161.4,160.0,158.6,158.1,158.7,160.1,-11.4,-9.6,-5.4,-1.3,0.4,-1.1,-5.6,-9.8,-17.2,-14.5,-10.6,-6.1,-1.5,1.9,4.3,1.5,-2.4,-6.6,-10.8,-14.5,-7.4,-5.6,-3.7,-2.9,-3.7,-5.5,-7.3,-8.1,39.8,41.2,45.2,49.4,51.3,49.9,45.9,41.4,35.7,38.3,41.9,46.4,50.7,54.0,56.2,54.1,51.0,47.2,42.9,38.8,43.7,45.5,47.3,47.9,47.0,45.2,43.5,42.8,-35.6,-39.9,-41.6,-39.8,-35.5,-30.9,-29.5,-31.3,-34.0,-36.1,-37.4,-38.0,-37.2,-35.4,-32.8,-31.3,-30.8,-30.6,-31.0,-32.1,-33.6,-32.8,-33.6,-35.4,-37.3,-38.1,-37.4,-35.5,-36.4,-40.7,-42.7,-41.2,-37.0,-32.6,-30.7,-31.9,-33.5,-36.3,-38.3,-39.3,-38.8,-37.6,-35.4,-33.4,-32.2,-31.6,-31.7,-32.1,-34.6,-34.0,-34.8,-36.7,-38.6,-39.2,-38.4,-36.5,506.8,507.4,507.6,507.3,506.8,506.5,506.0,506.3,510.9,508.4,506.1,505.0,505.5,507.0,508.6,506.9,505.3,504.9,506.0,508.3,507.4,507.3,507.4,507.6,507.8,508.0,507.9,507.6,518.0,519.1,520.6,521.6,521.6,520.6,519.1,518.2,518.6,517.8,517.4,518.3,520.7,524.0,527.2,523.9,520.7,518.4,517.5,517.8,519.8,520.3,520.9,521.4,521.4,520.9,520.3,519.8,23.7,-3.6,636.2,0.183,-0.137,0.025,217.5,217.9,219.4,221.8,226.3,233.3,242.1,252.4,263.3,272.6,279.7,286.3,292.0,296.1,298.7,300.4,301.1,227.1,233.5,242.2,251.1,259.2,275.0,282.1,289.0,295.6,299.6,267.3,268.1,269.0,269.8,258.3,263.0,267.8,272.1,275.9,236.7,242.1,248.3,253.5,248.1,241.9,276.8,282.0,287.7,291.8,288.1,282.5,248.0,255.9,262.9,266.9,271.2,276.5,280.6,276.3,271.1,266.4,261.9,255.1,250.9,262.5,266.6,271.0,278.3,270.8,266.4,262.1,160.7,172.5,184.2,195.4,206.0,215.4,223.4,229.6,231.4,229.4,223.1,215.1,205.9,195.6,184.6,173.3,161.8,153.2,148.1,146.7,147.9,150.9,150.7,147.6,146.5,147.8,152.4,160.3,168.0,175.5,183.4,188.7,190.3,191.6,190.3,188.7,161.4,158.5,158.7,162.4,163.7,163.7,162.3,158.4,158.4,161.2,163.5,163.6,204.0,201.5,200.2,201.3,200.2,201.6,203.8,210.1,212.8,213.3,212.9,210.2,204.3,203.9,204.3,203.8,204.2,207.0,207.6,207.1,-55.6,-55.1,-52.8,-48.9,-41.1,-28.7,-13.5,4.1,22.3,38.5,51.7,64.2,74.8,82.0,86.4,89.4,90.5,-37.3,-26.7,-12.5,1.8,14.5,39.9,51.8,63.8,75.6,83.5,27.6,28.6,29.6,30.6,13.2,20.6,28.1,35.1,41.4,-21.7,-12.8,-2.7,5.7,-3.0,-13.1,43.9,52.5,62.3,69.7,63.0,53.4,-3.4,9.4,20.6,27.0,34.0,43.0,51.0,42.9,34.0,26.4,19.2,8.2,1.5,20.0,26.7,33.8,46.9,33.6,26.4,19.5,-45.9,-25.7,-5.8,13.7,32.1,48.1,61.2,70.9,73.8,71.3,61.9,48.9,32.8,14.4,-5.1,-25.1,-45.5,-55.9,-63.5,-65.2,-62.8,-57.8,-58.7,-64.3,-67.1,-65.9,-59.1,-43.3,-30.8,-18.7,-6.4,1.9,4.4,6.4,4.4,1.9,-42.3,-46.8,-46.6,-40.6,-38.5,-38.4,-41.2,-47.8,-48.0,-43.8,-39.7,-39.3,27.0,22.6,20.2,22.0,20.3,23.0,27.1,36.9,40.9,41.6,40.9,36.7,27.5,26.2,26.9,26.2,27.7,31.4,32.3,31.5,668.0,670.6,674.0,676.3,675.7,672.7,666.5,657.9,656.7,665.0,679.3,690.8,695.5,695.0,693.2,692.3,692.5,636.1,629.4,623.9,619.3,617.0,623.1,630.3,638.9,648.0,657.5,621.8,615.8,609.3,603.3,620.5,619.0,618.2,621.3,625.1,634.4,631.1,631.3,632.3,631.4,631.2,639.6,641.8,645.3,651.1,645.4,642.0,640.1,628.2,623.3,624.1,626.1,635.5,649.9,638.7,630.9,628.5,627.9,631.8,638.1,626.3,626.7,629.2,646.5,630.6,628.1,627.9,0.608,0.19,-0.184,0.033,264.52,185.085,-8.705,4.838,-4.005,15.651,4.544,-1.798,-4.962,3.808,4.395,-1.083,-2.475,1.004,0.397,-1.923,-1.864,-0.435,0.224,0.614,-1.957,-0.981,0.563,-0.272,0.183,-0.41,0.112,-0.033,0.021,0.038,-0.068,0.022,-0.051,0.009,0.002,-0.014,0.6,0.07,0.0,0.35,0.0,0.0,0.23,0.0,0.0,0.49,0.0,0.0,0.0,0.0,0.26,0.32,0.0,0.0,1.0,0.0,1.0,0.0,0.0,0.0,0.0,0.0,0.0,0.0,0.0,0.0,0.0,1.0,1.0,0.0,0.0
PP133,g1,52,0,0.975,0.177747,0.176316,-0.968152,0.012728,0.172803,-0.984874,0.097,0.177,241.7,243.1,246.4,249.6,250.9,249.7,246.3,243.0,237.4,239.4,242.3,245.9,249.4,252.0,253.9,251.7,248.7,245.5,242.3,239.4,244.9,246.3,247.7,248.3,247.7,246.3,244.9,244.3,280.5,281.5,284.4,287.5,289.0,288.0,285.1,281.8,277.5,279.4,282.2,285.6,288.6,290.8,292.1,290.9,288.8,286.1,283.0,279.8,283.4,284.7,286.0,286.4,285.8,284.4,283.2,282.7,159.9,156.6,155.3,156.7,160.0,163.5,164.6,163.2,161.4,159.6,158.5,157.9,158.6,160.1,162.1,163.2,163.6,163.7,163.4,162.7,161.5,162.1,161.5,160.1,158.6,158.0,158.6,160.0,159.8,156.6,155.2,156.4,159.6,162.8,164.2,163.2,162.0,159.9,158.4,157.6,158.1,159.3,161.0,162.4,163.1,163.4,163.3,163.0,161.2,161.8,161.1,159.7,158.4,157.8,158.4,159.9,-10.7,-8.9,-4.7,-0.6,1.1,-0.4,-4.8,-9.0,-16.5,-13.8,-9.9,-5.3,-0.8,2.6,5.0,2.2,-1.6,-5.9,-10.0,-13.7,-6.6,-4.8,-3.0,-2.2,-2.9,-4.8,-6.6,-7.4,40.5,41.9,45.9,50.1,52.1,50.6,46.6,42.2,36.5,39.0,42.6,47.2,51.5,54.8,56.9,54.9,51.7,47.9,43.7,39.6,44.4,46.3,48.0,48.6,47.8,45.9,44.2,43.6,-35.8,-40.1,-41.8,-40.0,-35.7,-31.1,-29.7,-31.5,-34.1,-36.2,-37.6,-38.2,-37.4,-35.6,-33.0,-31.5,-31.0,-30.7,-31.1,-32.2,-33.8,-33.0,-33.8,-35.6,-37.5,-38.3,-37.6,-35.7,-36.7,-41.1,-43.1,-41.5,-37.3,-33.0,-31.0,-32.2,-33.9,-36.6,-38.6,-39.6,-39.2,-37.9,-35.8,-33.7,-32.6,-32.0,-32.1,-32.5,-35.0,-34.3,-35.2,-37.1,-38.9,-39.6,-38.7,-36.8,506.5,507.1,507.3,507.1,506.5,506.2,505.7,506.0,510.6,508.1,505.8,504.7,505.3,506.7,508.3,506.6,505.0,504.6,505.7,508.0,507.1,507.0,507.1,507.3,507.6,507.7,507.6,507.3,518.4,519.4,520.9,522.0,522.0,520.9,519.4,518.5,518.9,518.1,517.8,518.6,521.1,524.4,527.6,524.3,521.1,518.8,517.8,518.1,520.2,520.6,521.3,521.7,521.7,521.3,520.6,520.2,24.7,-4.0,636.2,0.177,-0.144,0.023,217.9,218.3,219.8,222.2,226.7,233.8,242.7,253.1,264.0,273.3,280.3,286.8,292.4,296.5,299.0,300.7,301.3,227.6,234.0,242.8,251.7,259.8,275.7,282.7,289.5,296.1,300.1,268.0,268.8,269.7,270.6,259.0,263.8,268.5,272.8,276.5,237.2,242.6,248.9,254.1,248.7,242.5,277.4,282.5,288.2,292.3,288.7,283.0,248.6,256.6,263.6,267.7,271.9,277.1,281.3,277.0,271.8,267.2,262.7,255.8,251.6,263.2,267.4,271.7,279.0,271.5,267.2,262.9,160.8,172.6,184.2,195.4,206.0,215.4,223.3,229.4,231.2,229.2,222.9,215.0,205.8,195.5,184.5,173.3,161.8,153.1,147.9,146.5,147.7,150.7,150.4,147.3,146.2,147.5,152.1,160.1,167.7,175.3,183.1,188.5,190.1,191.3,190.0,188.4,161.3,158.4,158.5,162.3,163.5,163.6,162.1,158.2,158.2,161.0,163.2,163.3,203.8,201.4,200.0,201.1,200.0,201.4,203.5,209.7,212.4,212.9,212.6,209.9,204.1,203.7,204.1,203.6,204.0,206.6,207.2,206.7,-54.9,-54.4,-52.1,-48.1,-40.3,-27.9,-12.5,5.2,23.5,39.6,52.7,65.0,75.6,82.8,87.1,90.0,91.1,-36.4,-25.7,-11.6,2.8,15.5,41.0,52.8,64.7,76.5,84.4,28.6,29.7,30.8,31.9,14.4,21.8,29.3,36.3,42.5,-20.8,-11.9,-1.8,6.6,-2.1,-12.2,44.8,53.5,63.2,70.6,64.0,54.3,-2.3,10.6,21.8,28.2,35.2,44.2,52.1,44.1,35.2,27.7,20.4,9.4,2.6,21.2,27.9,34.9,48.0,34.7,27.6,20.7,-45.7,-25.6,-5.7,13.6,32.0,47.9,60.9,70.5,73.3,70.9,61.6,48.6,32.7,14.2,-5.3,-25.3,-45.6,-56.1,-63.7,-65.5,-63.1,-58.2,-59.2,-64.9,-67.7,-66.5,-59.7,-43.7,-31.2,-19.1,-6.8,1.6,4.0,6.1,4.0,1.5,-42.5,-47.0,-46.9,-40.9,-38.8,-38.6,-41.6,-48.3,-48.5,-44.3,-40.1,-39.8,26.7,22.3,19.9,21.7,20.0,22.6,26.7,36.3,40.2,40.9,40.2,36.2,27.2,26.0,26.6,25.9,27.3,30.8,31.6,30.9,667.6,670.0,673.4,675.6,675.0,671.9,665.7,657.1,656.0,664.6,679.2,690.9,695.9,695.5,693.9,693.1,693.4,636.0,629.4,624.0,619.6,617.2,623.6,630.8,639.6,648.7,658.3,622.1,616.0,609.4,603.3,620.4,619.0,618.2,621.5,625.3,634.3,631.1,631.4,632.5,631.4,631.2,640.0,642.3,645.9,651.8,646.0,642.5,639.7,627.9,623.2,624.0,626.1,635.5,650.0,638.4,630.5,628.1,627.4,631.2,637.6,626.1,626.6,629.1,646.4,630.3,627.7,627.5,0.608,0.183,-0.194,0.032,265.125,184.885,-8.03,4.528,-4.539,15.314,4.494,-1.318,-5.31,3.967,4.168,-0.849,-2.405,0.92,0.244,-1.968,-1.841,-0.346,0.079,0.819,-1.952,-1.025,0.586,-0.358,0.252,-0.313,0.116,-0.051,0.022,0.028,-0.068,0.016,-0.048,0.007,-0.001,-0.014,0.12,0.0,0.0,0.41,0.0,0.0,0.22,0.0,0.0,0.34,0.0,0.0,0.0,0.0,0.11,0.2,0.0,0.0,1.0,0.0,1.0,0.0,0.0,0.0,0.0,0.0,0.0,0.0,0.0,0.0,0.0,1.0,0.0,1.0,0.0
PP133,g1,58,0,0.975,0.177897,0.170906,-0.969094,0.016583,0.167226,-0.985779,0.099,0.171,242.2,243.6,246.8,250.0,251.4,250.2,246.8,243.6,237.9,239.9,242.8,246.3,249.9,252.5,254.4,252.2,249.3,246.0,242.8,240.0,245.4,246.8,248.2,248.8,248.2,246.8,245.4,244.8,281.0,281.9,284.8,287.9,289.4,288.4,285.5,282.2,277.9,279.8,282.6,286.0,289.0,291.2,292.5,291.3,289.2,286.5,283.4,280.3,283.8,285.1,286.4,286.8,286.2,284.8,283.6,283.1,159.8,156.5,155.2,156.5,159.8,163.4,164.4,163.1,161.3,159.5,158.4,157.8,158.4,159.9,161.9,163.0,163.4,163.6,163.4,162.7,161.3,161.9,161.3,159.9,158.5,157.9,158.5,159.9,159.5,156.3,154.9,156.1,159.2,162.4,163.8,162.9,161.7,159.6,158.0,157.3,157.8,158.9,160.7,162.0,162.7,163.1,163.0,162.7,160.9,161.4,160.8,159.4,158.0,157.5,158.1,159.5,-10.1,-8.3,-4.1,0.1,1.8,0.3,-4.2,-8.3,-15.8,-13.1,-9.3,-4.7,-0.2,3.3,5.7,2.9,-1.0,-5.2,-9.4,-13.1,-6.0,-4.2,-2.3,-1.6,-2.3,-4.1,-6.0,-6.7,41.1,42.5,46.5,50.7,52.6,51.2,47.2,42.7,37.0,39.6,43.2,47.8,52.0,55.3,57.4,55.4,52.3,48.5,44.3,40.1,45.0,46.8,48.6,49.2,48.3,46.5,44.8,44.1,-35.9,-40.2,-42.0,-40.2,-35.9,-31.3,-29.9,-31.6,-34.3,-36.4,-37.7,-38.4,-37.6,-35.8,-33.3,-31.8,-31.2,-30.9,-31.3,-32.3,-34.0,-33.2,-34.0,-35.9,-37.7,-38.5,-37.7,-35.9,-37.2,-41.6,-43.6,-42.0,-37.8,-33.5,-31.5,-32.7,-34.3,-37.1,-39.1,-40.1,-39.7,-38.4,-36.3,-34.2,-33.0,-32.5,-32.5,-32.9,-35.5,-34.8,-35.6,-37.6,-39.4,-40.1,-39.2,-37.3,506.8,507.3,507.5,507.3,506.7,506.5,506.0,506.3,510.9,508.4,506.1,504.9,505.5,506.9,508.6,506.9,505.3,505.0,506.1,508.3,507.4,507.3,507.4,507.6,507.8,507.9,507.8,507.6,518.6,519.6,521.2,522.2,522.3,521.2,519.7,518.7,519.1,518.3,518.0,518.9,521.4,524.7,527.9,524.6,521.4,519.0,518.1,518.4,520.4,520.9,521.5,522.0,522.0,521.5,520.9,520.4,26.0,-4.4,637.1,0.165,-0.141,0.007,218.0,218.6,220.3,223.0,228.0,235.7,244.8,255.2,265.9,275.0,281.9,288.1,293.4,297.1,299.5,301.0,301.4,227.9,234.4,243.2,252.2,260.3,276.2,283.1,289.8,296.3,300.2,268.6,269.5,270.5,271.5,259.9,264.6,269.4,273.7,277.3,237.7,243.1,249.4,254.6,249.2,243.0,277.8,282.9,288.6,292.7,289.1,283.4,249.6,257.6,264.6,268.5,272.7,277.8,282.0,277.7,272.7,268.2,263.8,257.0,252.6,264.3,268.3,272.5,279.7,272.4,268.2,264.0,161.0,173.1,185.1,196.6,207.3,216.5,224.0,229.6,230.8,228.5,222.0,214.0,204.8,194.5,183.8,172.8,161.6,153.0,147.8,146.3,147.4,150.4,150.0,147.0,145.9,147.0,151.6,159.6,167.2,174.8,182.7,188.3,189.8,191.0,189.7,188.0,161.2,158.3,158.3,162.0,163.4,163.5,161.8,157.8,157.8,160.6,162.9,163.0,203.8,201.3,199.8,200.9,199.7,201.2,203.2,209.1,211.7,212.3,211.9,209.5,204.1,203.6,203.9,203.3,203.7,205.8,206.5,206.1,-55.0,-54.2,-51.5,-46.9,-38.1,-24.7,-8.8,8.8,26.8,42.7,55.5,67.4,77.3,83.9,87.9,90.5,91.3,-36.0,-25.1,-10.9,3.4,16.3,41.9,53.6,65.4,77.2,85.0,29.8,30.8,32.1,33.3,15.8,23.2,30.7,37.7,43.8,-20.0,-11.1,-1.0,7.4,-1.3,-11.4,45.6,54.3,64.1,71.4,64.8,55.2,-0.6,12.3,23.3,29.7,36.4,45.3,53.3,45.3,36.6,29.3,22.2,11.3,4.2,22.9,29.4,36.3,49.2,36.2,29.3,22.6,-45.5,-24.8,-4.2,15.8,34.3,50.0,62.3,70.8,72.8,69.9,60.1,46.9,30.8,12.5,-6.6,-26.1,-46.0,-56.2,-64.0,-66.1,-63.8,-58.8,-60.0,-65.6,-68.4,-67.4,-60.7,-44.6,-32.0,-19.8,-7.4,1.3,3.6,5.6,3.5,0.9,-42.7,-47.3,-47.2,-41.3,-39.1,-38.8,-42.3,-49.0,-49.2,-45.0,-40.9,-40.4,26.7,22.2,19.7,21.5,19.6,22.2,26.1,35.3,39.0,39.8,39.3,35.6,27.1,25.8,26.4,25.6,26.8,29.5,30.5,29.9,670.7,673.5,676.8,678.6,677.1,673.3,666.3,657.4,656.5,665.4,680.1,691.6,696.0,695.1,693.5,692.8,693.4,637.3,630.9,625.6,621.2,618.7,625.3,633.0,641.8,651.0,660.6,623.7,617.3,610.5,604.1,621.3,619.8,619.0,622.3,626.3,635.5,632.4,632.7,633.7,632.6,632.3,641.8,644.3,648.0,653.9,647.9,644.4,640.4,628.9,624.2,625.1,627.3,636.6,651.0,639.0,631.0,628.3,627.6,631.5,638.3,627.1,627.7,630.4,647.3,630.9,628.1,627.8,0.607,0.17,-0.19,0.015,265.902,184.64,-7.342,11.356,-5.806,15.454,5.767,0.196,-6.204,3.146,3.291,-1.596,-1.533,0.912,0.19,-2.333,-2.055,-0.268,-0.25,0.876,-1.82,-0.979,0.563,-0.661,0.06,-0.444,-0.084,0.027,0.014,0.021,-0.105,0.0,-0.05,0.005,-0.001,-0.01,0.69,0.32,0.0,0.91,0.0,0.0,0.47,0.0,0.0,0.67,0.0,0.0,0.0,0.0,0.05,0.14,0.0,0.0,1.0,0.0,1.0,0.0,0.0,0.0,0.0,0.0,1.0,0.0,0.0,0.0,0.0,1.0,0.0,1.0,0.0
PP133,g1,64,0,0.975,0.179393,0.168862,-0.969177,0.018708,0.164867,-0.986138,0.101,0.169,242.7,244.0,247.2,250.5,251.8,250.7,247.2,244.0,238.3,240.4,243.3,246.8,250.3,252.9,254.8,252.6,249.7,246.4,243.2,240.4,245.8,247.2,248.6,249.2,248.6,247.2,245.8,245.2,281.3,282.3,285.1,288.2,289.6,288.7,285.8,282.5,278.2,280.2,282.9,286.3,289.3,291.5,292.8,291.5,289.5,286.8,283.7,280.6,284.1,285.4,286.7,287.1,286.5,285.1,283.9,283.4,159.4,156.2,154.8,156.2,159.4,163.0,164.1,162.7,160.9,159.2,158.0,157.4,158.1,159.5,161.5,162.7,163.0,163.2,163.0,162.3,161.0,161.6,161.0,159.5,158.1,157.5,158.1,159.5,159.1,155.9,154.5,155.7,158.8,162.1,163.5,162.5,161.3,159.2,157.7,156.9,157.4,158.5,160.3,161.6,162.4,162.7,162.6,162.3,160.5,161.0,160.4,159.0,157.7,157.1,157.7,159.1,-9.5,-7.8,-3.6,0.6,2.3,0.8,-3.6,-7.8,-15.3,-12.6,-8.8,-4.2,0.3,3.8,6.2,3.4,-0.4,-4.7,-8.8,-12.5,-5.4,-3.6,-1.8,-1.0,-1.8,-3.6,-5.4,-6.2,41.6,43.0,47.0,51.2,53.1,51.7,47.7,43.2,37.5,40.1,43.7,48.3,52.5,55.8,57.9,55.9,52.8,49.0,44.8,40.7,45.5,47.3,49.1,49.7,48.8,47.0,45.3,44.6,-36.5,-40.8,-42.6,-40.8,-36.5,-31.9,-30.5,-32.2,-34.8,-37.0,-38.3,-39.0,-38.2,-36.4,-33.9,-32.3,-31.7,-31.5,-31.9,-32.9,-34.6,-33.8,-34.6,-36.4,-38.3,-39.1,-38.3,-36.4,-37.8,-42.1,-44.1,-42.6,-38.4,-34.0,-32.1,-33.3,-34.9,-37.6,-39.7,-40.7,-40.2,-39.0,-36.8,-34.8,-33.6,-33.0,-33.1,-33.5,-36.0,-35.4,-36.2,-38.1,-40.0,-40.6,-39.8,-37.9,508.3,508.8,509.0,508.8,508.2,507.9,507.5,507.7,512.4,509.8,507.5,506.4,507.0,508.4,510.1,508.4,506.8,506.4,507.5,509.8,508.8,508.7,508.8,509.1,509.3,509.4,509.3,509.1,519.6,520.7,522.2,523.3,523.4,522.3,520.8,519.8,520.1,519.3,519.1,520.0,522.5,525.8,529.0,525.7,522.5,520.1,519.1,519.4,521.5,521.9,522.6,523.1,523.1,522.6,521.9,521.5,26.6,-5.1,638.5,0.161,-0.143,0.006,218.3,218.9,220.6,223.3,228.4,236.1,245.2,255.7,266.3,275.4,282.2,288.4,293.7,297.4,299.7,301.2,301.6,228.4,234.9,243.7,252.6,260.7,276.6,283.4,290.1,296.5,300.5,269.0,269.9,270.9,271.9,260.3,265.0,269.8,274.0,277.7,238.2,243.6,249.8,255.0,249.6,243.4,278.1,283.2,288.9,292.9,289.4,283.8,249.9,258.0,264.9,268.9,273.1,278.2,282.3,278.1,273.1,268.6,264.2,257.3,252.9,264.6,268.7,272.9,280.0,272.8,268.6,264.4,160.8,173.0,185.0,196.5,207.2,216.4,223.8,229.2,230.4,228.1,221.6,213.6,204.4,194.1,183.4,172.4,161.3,152.6,147.5,145.9,147.0,149.9,149.6,146.7,145.5,146.6,151.2,159.2,166.8,174.5,182.4,188.0,189.4,190.7,189.3,187.7,160.9,157.9,158.0,161.7,163.0,163.1,161.4,157.5,157.5,160.2,162.5,162.6,203.3,200.9,199.4,200.5,199.3,200.7,202.7,208.5,211.0,211.6,211.3,209.0,203.6,203.1,203.5,202.9,203.2,205.1,205.8,205.5,-54.6,-53.8,-51.1,-46.4,-37.6,-24.1,-8.1,9.5,27.5,43.4,56.2,68.1,78.0,84.5,88.4,91.0,91.7,-35.3,-24.4,-10.2,4.1,16.9,42.7,54.3,66.1,77.7,85.5,30.5,31.6,32.8,34.0,16.4,23.9,31.4,38.4,44.6,-19.3,-10.4,-0.3,8.0,-0.6,-10.7,46.3,55.0,64.7,72.1,65.5,55.8,-0.1,12.8,23.9,30.3,37.2,46.0,54.0,46.0,37.3,30.0,22.8,11.9,4.7,23.5,30.1,37.0,49.9,36.9,29.9,23.1,-45.9,-25.1,-4.4,15.7,34.2,49.8,62.0,70.3,72.2,69.3,59.5,46.2,30.1,11.8,-7.3,-26.8,-46.6,-57.0,-64.8,-66.8,-64.5,-59.6,-60.9,-66.4,-69.2,-68.3,-61.6,-45.4,-32.7,-20.4,-8.0,0.7,3.1,5.0,2.9,0.3,-43.4,-48.0,-47.9,-42.0,-39.7,-39.5,-43.0,-49.7,-50.0,-45.8,-41.6,-41.2,26.0,21.5,19.1,20.8,19.0,21.6,25.4,34.4,38.0,38.8,38.3,34.8,26.4,25.2,25.8,24.9,26.1,28.6,29.5,28.9,672.1,674.9,678.2,679.9,678.3,674.4,667.2,658.2,657.4,666.4,681.2,692.8,697.2,696.4,694.7,694.0,694.7,638.6,632.3,627.2,622.8,620.4,627.2,634.8,643.6,652.7,662.2,625.5,619.1,612.2,605.9,622.9,621.4,620.6,623.9,627.9,636.8,633.8,634.1,635.1,633.9,633.6,643.5,646.0,649.6,655.5,649.6,646.0,641.5,630.2,625.6,626.6,628.9,638.1,652.3,640.2,632.1,629.4,628.6,632.5,639.4,628.5,629.1,631.9,648.6,632.2,629.3,628.9,0.605,0.166,-0.193,0.014,266.259,184.247,-8.028,12.148,-6.491,14.718,5.505,1.105,-6.505,2.784,2.646,-1.597,-1.31,1.022,0.246,-1.984,-1.804,-0.359,-0.257,0.961,-1.802,-1.16,0.494,-0.644,0.013,-0.446,-0.068,-0.023,0.024,0.024,-0.098,-0.0,-0.043,0.005,0.003,-0.016,0.62,0.35,0.0,0.61,0.0,0.0,0.44,0.0,0.0,0.34,0.0,0.0,0.0,0.0,0.0,0.31,0.0,1.0,1.0,0.0,1.0,0.0,0.0,0.0,0.0,0.0,1.0,0.0,0.0,0.0,0.0,1.0,0.0,1.0,0.0
PP133,g1,70,0,0.975,0.181766,0.163876,-0.96959,0.021717,0.158892,-0.987057,0.104,0.163,243.0,244.3,247.5,250.7,252.1,250.9,247.5,244.3,238.6,240.7,243.6,247.1,250.6,253.2,255.0,252.9,249.9,246.7,243.5,240.7,246.1,247.5,248.9,249.5,248.9,247.5,246.1,245.5,281.5,282.5,285.3,288.4,289.8,288.8,286.0,282.7,278.4,280.4,283.1,286.5,289.5,291.6,292.9,291.7,289.7,287.0,283.9,280.8,284.3,285.6,286.9,287.3,286.7,285.3,284.1,283.6,158.7,155.5,154.1,155.5,158.8,162.3,163.4,162.0,160.2,158.5,157.3,156.7,157.4,158.8,160.9,162.0,162.4,162.5,162.3,161.6,160.3,160.9,160.3,158.9,157.4,156.8,157.4,158.8,158.6,155.4,154.0,155.3,158.4,161.6,163.0,162.0,160.8,158.7,157.1,156.4,156.9,158.1,159.9,161.2,161.9,162.2,162.1,161.8,160.0,160.6,159.9,158.6,157.2,156.6,157.3,158.6,-9.1,-7.4,-3.2,1.0,2.7,1.2,-3.3,-7.4,-14.9,-12.2,-8.4,-3.8,0.7,4.2,6.6,3.8,-0.1,-4.3,-8.5,-12.2,-5.1,-3.3,-1.4,-0.7,-1.4,-3.2,-5.1,-5.8,42.0,43.4,47.3,51.5,53.5,52.0,48.1,43.6,37.9,40.5,44.1,48.6,52.9,56.1,58.2,56.2,53.1,49.4,45.2,41.0,45.8,47.7,49.4,50.0,49.2,47.4,45.6,45.0,-37.5,-41.7,-43.5,-41.7,-37.4,-32.8,-31.4,-33.2,-35.8,-37.9,-39.3,-39.9,-39.1,-37.3,-34.8,-33.2,-32.6,-32.4,-32.8,-33.8,-35.5,-34.7,-35.5,-37.3,-39.2,-40.0,-39.2,-37.4,-38.5,-42.9,-44.8,-43.3,-39.1,-34.7,-32.8,-34.0,-35.6,-38.4,-40.4,-41.4,-40.9,-39.7,-37.5,-35.5,-34.3,-33.7,-33.8,-34.2,-36.8,-36.1,-36.9,-38.8,-40.7,-41.3,-40.5,-38.6,508.5,509.1,509.3,509.1,508.5,508.2,507.7,508.0,512.6,510.1,507.8,506.7,507.3,508.7,510.4,508.7,507.1,506.7,507.8,510.0,509.1,509.0,509.1,509.3,509.6,509.7,509.6,509.3,520.5,521.6,523.2,524.3,524.3,523.2,521.6,520.6,520.9,520.2,520.0,520.9,523.4,526.7,530.0,526.6,523.4,521.0,520.0,520.2,522.3,522.8,523.5,524.0,524.0,523.5,522.8,522.3,26.9,-6.0,638.8,0.153,-0.147,0.011,218.4,218.9,220.6,223.3,228.3,236.0,245.2,255.6,266.3,275.4,282.1,288.3,293.6,297.3,299.7,301.2,301.6,228.7,235.4,244.1,253.0,261.1,276.9,283.7,290.3,296.7,300.6,269.3,270.2,271.2,272.2,260.5,265.2,270.0,274.2,277.9,238.5,243.9,250.1,255.2,249.9,243.7,278.3,283.5,289.1,293.1,289.6,284.0,250.1,258.1,265.1,269.1,273.2,278.2,282.3,278.1,273.1,268.7,264.3,257.5,253.0,264.7,268.8,273.0,280.1,272.9,268.7,264.5,160.3,172.5,184.5,196.0,206.7,215.9,223.3,228.7,229.9,227.7,221.3,213.4,204.2,194.0,183.3,172.3,161.2,151.9,146.7,145.2,146.3,149.3,149.0,146.1,145.0,146.2,150.8,158.5,166.2,173.8,181.7,187.3,188.8,190.0,188.7,187.1,160.2,157.2,157.3,161.0,162.3,162.4,160.9,156.9,157.0,159.8,162.0,162.1,202.7,200.2,198.7,199.8,198.7,200.2,202.2,207.9,210.3,210.9,210.6,208.2,203.0,202.5,202.8,202.3,202.7,204.5,205.2,204.8,-54.4,-53.7,-51.0,-46.5,-37.7,-24.2,-8.2,9.5,27.4,43.3,56.0,67.9,77.8,84.4,88.4,91.1,92.0,-34.8,-23.7,-9.4,4.8,17.7,43.2,54.8,66.5,78.2,86.0,31.0,32.1,33.3,34.5,16.8,24.3,31.8,38.7,44.9,-18.8,-10.0,0.1,8.5,-0.2,-10.3,46.7,55.4,65.1,72.4,65.9,56.2,0.1,13.1,24.2,30.6,37.4,46.1,54.0,46.0,37.4,30.1,23.0,12.1,4.9,23.7,30.3,37.2,49.9,37.1,30.1,23.4,-46.8,-26.0,-5.3,14.8,33.3,48.9,61.1,69.3,71.3,68.5,58.9,45.9,29.9,11.6,-7.5,-27.0,-46.8,-58.2,-66.0,-68.0,-65.7,-60.8,-61.9,-67.3,-70.1,-69.1,-62.3,-46.5,-33.8,-21.5,-9.1,-0.4,2.0,4.0,2.0,-0.6,-44.6,-49.2,-49.1,-43.1,-40.9,-40.7,-43.9,-50.6,-50.8,-46.5,-42.4,-42.0,24.9,20.5,18.0,19.8,18.0,20.7,24.6,33.4,36.9,37.7,37.1,33.6,25.3,24.1,24.7,23.9,25.3,27.5,28.5,27.8,672.3,674.9,678.0,679.6,677.9,673.9,666.7,657.7,656.9,666.0,681.0,692.8,697.5,696.9,695.6,695.1,696.0,638.9,632.8,627.9,623.6,621.2,628.0,635.7,644.5,653.7,663.3,626.2,619.7,612.7,606.3,623.0,621.5,620.8,624.2,628.2,637.2,634.3,634.6,635.7,634.4,634.0,644.2,646.8,650.5,656.4,650.4,646.7,641.4,630.2,625.8,626.8,629.1,638.3,652.5,640.2,632.1,629.3,628.5,632.4,639.3,628.5,629.2,632.0,648.7,632.3,629.4,629.0,0.605,0.157,-0.198,0.019,266.405,183.695,-7.898,11.879,-6.516,14.614,5.76,1.438,-5.996,2.783,2.534,-1.377,-1.115,1.04,0.02,-2.016,-1.726,-0.359,-0.307,1.066,-1.766,-0.921,0.427,-0.564,0.011,-0.44,-0.069,0.016,0.022,0.027,-0.097,-0.005,-0.038,0.005,0.004,-0.015,0.22,0.0,0.0,0.55,0.0,0.0,0.44,0.0,0.0,0.42,0.0,0.0,0.0,0.0,0.08,0.49,0.0,0.0,1.0,0.0,1.0,0.0,0.0,0.0,0.0,0.0,1.0,0.0,0.0,0.0,0.0,1.0,1.0,1.0,0.0
PP133,g1,76,0,0.975,0.184734,0.159475,-0.969763,0.024008,0.154281,-0.987735,0.106,0.159,243.1,244.4,247.7,250.8,252.1,251.0,247.5,244.4,238.7,240.7,243.6,247.2,250.7,253.3,255.1,253.0,250.0,246.8,243.6,240.7,246.2,247.6,249.0,249.6,249.0,247.6,246.2,245.6,281.5,282.5,285.3,288.4,289.8,288.8,286.0,282.7,278.4,280.4,283.1,286.5,289.5,291.6,292.9,291.7,289.6,287.0,283.9,280.8,284.3,285.6,286.9,287.3,286.7,285.3,284.1,283.6,157.9,154.6,153.3,154.7,158.0,161.5,162.5,161.1,159.4,157.6,156.4,155.9,156.5,158.0,160.1,161.2,161.5,161.7,161.4,160.7,159.4,160.0,159.5,158.1,156.6,156.0,156.6,158.0,157.9,154.7,153.4,154.6,157.7,160.9,162.3,161.3,160.1,158.0,156.5,155.8,156.3,157.5,159.3,160.6,161.3,161.5,161.4,161.1,159.3,159.9,159.3,157.9,156.5,156.0,156.6,158.0,-9.0,-7.3,-3.1,1.1,2.8,1.3,-3.2,-7.3,-14.9,-12.1,-8.3,-3.7,0.9,4.3,6.7,3.9,0.0,-4.2,-8.4,-12.1,-5.0,-3.2,-1.3,-0.5,-1.3,-3.1,-4.9,-5.7,42.0,43.4,47.4,51.6,53.5,52.1,48.1,43.6,37.9,40.5,44.1,48.7,53.0,56.2,58.3,56.2,53.2,49.4,45.2,41.1,45.9,47.7,49.4,50.1,49.2,47.4,45.7,45.0,-38.6,-42.8,-44.6,-42.8,-38.4,-33.9,-32.4,-34.3,-36.9,-39.0,-40.4,-41.0,-40.2,-38.4,-35.8,-34.3,-33.7,-33.5,-33.9,-34.9,-36.6,-35.8,-36.5,-38.4,-40.3,-41.1,-40.3,-38.4,-39.5,-43.8,-45.8,-44.2,-40.0,-35.6,-33.7,-34.9,-36.6,-39.3,-41.4,-42.4,-41.9,-40.5,-38.3,-36.3,-35.2,-34.7,-34.7,-35.2,-37.7,-37.0,-37.8,-39.7,-41.6,-42.3,-41.4,-39.5,508.4,509.1,509.3,509.1,508.5,508.1,507.6,507.8,512.5,510.0,507.7,506.7,507.3,508.7,510.3,508.6,506.9,506.5,507.6,509.8,509.0,508.9,509.0,509.3,509.5,509.6,509.5,509.3,521.0,522.2,523.7,524.9,524.8,523.7,522.1,521.1,521.4,520.7,520.5,521.4,524.0,527.3,530.5,527.2,523.9,521.5,520.4,520.7,522.8,523.3,524.0,524.5,524.5,524.0,523.3,522.8,26.8,-7.0,639.0,0.149,-0.151,0.015,218.3,218.9,220.5,223.2,228.2,235.9,245.0,255.4,266.0,275.0,281.7,287.9,293.2,297.0,299.4,301.0,301.4,228.9,235.5,244.3,253.2,261.2,277.0,283.7,290.4,296.7,300.5,269.4,270.3,271.3,272.3,260.5,265.2,270.0,274.2,277.9,238.5,244.0,250.2,255.3,250.0,243.7,278.3,283.5,289.1,293.1,289.6,284.0,249.9,257.9,265.0,269.0,273.1,278.1,282.1,277.9,272.9,268.4,264.0,257.1,252.8,264.6,268.7,272.9,279.8,272.7,268.5,264.3,159.7,171.9,184.0,195.6,206.3,215.5,222.9,228.3,229.5,227.4,221.0,213.1,204.0,193.8,183.1,172.1,160.9,151.0,145.8,144.2,145.4,148.3,148.1,145.3,144.3,145.5,150.2,157.7,165.3,172.8,180.6,186.3,187.8,189.1,187.8,186.2,159.3,156.3,156.4,160.2,161.5,161.6,160.2,156.3,156.3,159.2,161.4,161.4,201.9,199.2,197.7,198.8,197.7,199.3,201.7,207.6,210.2,210.7,210.4,207.9,202.2,201.4,201.8,201.3,202.1,204.3,205.0,204.6,-54.5,-53.8,-51.1,-46.5,-37.7,-24.3,-8.5,9.1,26.9,42.6,55.3,67.1,77.0,83.7,88.0,90.8,91.7,-34.5,-23.5,-9.2,5.1,17.9,43.4,55.0,66.7,78.2,85.9,31.2,32.2,33.4,34.6,16.8,24.2,31.7,38.7,44.8,-18.7,-9.8,0.3,8.6,-0.0,-10.2,46.7,55.4,65.2,72.4,65.9,56.3,-0.2,12.8,24.0,30.4,37.2,46.0,53.6,45.8,37.1,29.7,22.5,11.6,4.6,23.5,30.1,37.0,49.6,36.8,29.8,23.0,-47.9,-26.9,-6.1,14.1,32.6,48.3,60.4,68.7,70.7,68.0,58.4,45.4,29.4,11.2,-7.9,-27.5,-47.4,-59.6,-67.6,-69.6,-67.3,-62.4,-63.4,-68.8,-71.4,-70.3,-63.4,-47.9,-35.3,-23.0,-10.7,-1.9,0.5,2.5,0.5,-2.1,-45.9,-50.6,-50.5,-44.4,-42.2,-42.1,-45.1,-51.8,-52.0,-47.6,-43.5,-43.2,23.7,18.9,16.3,18.1,16.4,19.3,23.7,33.0,36.7,37.5,36.8,33.0,24.1,22.4,23.0,22.3,24.3,27.3,28.2,27.5,671.8,674.2,677.2,678.6,676.9,673.1,666.2,657.5,656.8,665.7,680.4,691.9,696.5,696.1,695.0,695.1,696.3,638.7,632.9,628.1,623.9,621.7,628.8,636.5,645.4,654.6,664.0,626.6,620.1,613.2,606.8,623.1,621.6,620.9,624.3,628.3,637.1,634.3,634.8,635.7,634.4,634.0,644.5,647.3,651.0,656.9,650.8,647.1,641.3,630.2,625.7,626.7,629.1,638.4,652.6,640.7,632.8,630.0,629.1,632.7,639.4,628.4,629.1,631.9,648.9,633.0,630.0,629.6,0.605,0.151,-0.202,0.023,266.315,183.042,-11.696,12.249,-4.669,15.329,6.63,-0.181,-4.999,2.596,2.664,-1.562,-0.993,1.073,0.197,-1.793,-1.725,-0.396,-0.081,1.208,-2.001,-0.736,0.389,-0.442,0.006,-0.511,-0.039,0.031,0.083,0.047,-0.084,-0.001,-0.033,0.01,0.003,-0.015,0.62,0.23,0.0,0.94,0.0,0.0,0.19,0.0,0.0,0.29,0.0,0.0,0.0,0.0,0.35,0.27,0.0,0.0,1.0,0.0,1.0,0.0,0.0,0.0,0.0,0.0,0.0,0.0,0.0,0.0,0.0,1.0,1.0,1.0,0.0
PP133,g1,82,0,0.975,0.191883,0.157464,-0.968703,0.030734,0.152594,-0.987811,0.113,0.157,243.1,244.5,247.7,250.9,252.2,251.1,247.6,244.4,238.7,240.8,243.7,247.3,250.8,253.4,255.2,253.1,250.1,246.9,243.7,240.8,246.3,247.7,249.1,249.7,249.1,247.7,246.3,245.7,281.6,282.6,285.4,288.4,289.8,288.8,286.0,282.7,278.5,280.5,283.2,286.5,289.5,291.6,292.9,291.7,289.7,287.0,284.0,280.9,284.3,285.6,286.9,287.3,286.7,285.4,284.1,283.7,157.0,153.8,152.5,153.8,157.1,160.6,161.7,160.3,158.5,156.8,155.6,155.0,155.7,157.2,159.3,160.3,160.7,160.8,160.6,159.9,158.6,159.2,158.6,157.2,155.8,155.2,155.7,157.2,157.1,153.9,152.6,153.8,157.0,160.1,161.5,160.5,159.3,157.2,155.7,155.0,155.5,156.7,158.5,159.8,160.5,160.7,160.6,160.3,158.5,159.1,158.5,157.1,155.7,155.2,155.8,157.2,-8.9,-7.2,-3.0,1.2,2.9,1.4,-3.1,-7.2,-14.8,-12.0,-8.1,-3.5,1.0,4.4,6.8,4.0,0.1,-4.1,-8.2,-12.0,-4.9,-3.0,-1.2,-0.4,-1.2,-3.0,-4.8,-5.6,42.3,43.7,47.6,51.8,53.7,52.3,48.3,43.8,38.2,40.8,44.4,49.0,53.2,56.4,58.5,56.5,53.4,49.7,45.4,41.3,46.1,47.9,49.7,50.3,49.5,47.6,45.9,45.3,-39.7,-44.0,-45.7,-43.9,-39.6,-35.0,-33.6,-35.4,-38.0,-40.1,-41.5,-42.1,-41.3,-39.5,-36.9,-35.4,-34.8,-34.6,-35.0,-36.1,-37.7,-36.9,-37.7,-39.5,-41.4,-42.2,-41.4,-39.6,-40.7,-45.0,-47.0,-45.4,-41.2,-36.9,-34.9,-36.2,-37.8,-40.6,-42.6,-43.6,-43.1,-41.8,-39.5,-37.6,-36.4,-35.9,-36.0,-36.4,-38.9,-38.2,-39.1,-41.0,-42.8,-43.5,-42.6,-40.7,508.7,509.3,509.6,509.4,508.8,508.4,507.9,508.1,512.7,510.2,508.0,507.0,507.6,509.0,510.7,508.9,507.3,506.8,507.9,510.1,509.3,509.2,509.3,509.6,509.9,509.9,509.8,509.5,523.1,524.3,525.9,527.0,527.0,525.8,524.2,523.2,523.5,522.8,522.6,523.6,526.1,529.5,532.7,529.3,526.0,523.6,522.6,522.8,525.0,525.5,526.2,526.7,526.7,526.2,525.5,525.0,26.9,-8.4,639.0,0.143,-0.161,0.015,218.3,218.7,220.3,223.0,228.0,235.7,244.9,255.4,266.1,275.1,281.7,287.8,293.1,296.8,299.3,300.8,301.2,229.1,235.8,244.5,253.4,261.4,277.1,283.8,290.4,296.6,300.4,269.6,270.5,271.5,272.6,260.7,265.4,270.2,274.4,278.1,238.6,244.1,250.3,255.4,250.1,243.8,278.4,283.5,289.1,293.0,289.6,284.0,249.9,258.1,265.2,269.2,273.4,278.4,282.3,278.1,273.2,268.7,264.3,257.3,252.9,264.8,268.9,273.1,280.0,273.0,268.7,264.5,159.2,171.4,183.4,195.0,205.7,214.8,222.2,227.5,228.7,226.5,220.2,212.3,203.2,193.0,182.3,171.4,160.3,150.0,144.8,143.3,144.5,147.4,147.2,144.4,143.4,144.7,149.3,156.8,164.3,171.8,179.6,185.4,186.8,188.1,186.9,185.3,158.5,155.5,155.6,159.4,160.6,160.7,159.3,155.5,155.5,158.4,160.6,160.6,201.1,198.3,196.7,197.9,196.7,198.4,200.9,206.7,209.2,209.8,209.4,207.0,201.4,200.6,201.0,200.5,201.3,203.3,203.9,203.6,-54.5,-53.9,-51.4,-46.9,-38.1,-24.6,-8.7,9.1,27.0,42.7,55.2,66.9,76.8,83.5,87.7,90.5,91.3,-34.2,-23.0,-8.8,5.5,18.2,43.7,55.2,66.8,78.2,85.9,31.5,32.6,33.8,35.1,17.1,24.6,32.1,39.1,45.1,-18.6,-9.6,0.4,8.8,0.1,-10.0,46.9,55.6,65.3,72.5,66.0,56.4,-0.1,13.1,24.4,30.8,37.6,46.3,53.9,46.2,37.5,30.1,22.9,11.9,4.7,23.8,30.5,37.4,49.8,37.2,30.2,23.4,-48.7,-27.8,-7.1,13.0,31.5,47.0,59.0,67.2,69.1,66.5,57.0,44.0,28.0,9.8,-9.3,-28.8,-48.5,-61.3,-69.1,-71.0,-68.8,-63.8,-64.9,-70.3,-72.9,-71.9,-65.0,-49.3,-36.8,-24.6,-12.4,-3.4,-1.0,1.0,-1.0,-3.6,-47.3,-51.9,-51.8,-45.8,-43.6,-43.5,-46.5,-53.1,-53.3,-48.9,-44.9,-44.6,22.4,17.4,14.8,16.6,14.9,17.8,22.3,31.5,35.2,35.9,35.3,31.5,22.7,21.0,21.7,21.0,22.9,25.6,26.5,25.9,671.0,673.3,676.3,677.8,676.1,672.2,665.2,656.5,656.1,665.3,680.3,692.1,696.9,696.6,695.5,695.6,697.0,638.3,632.7,628.2,624.2,622.2,629.5,637.4,646.3,655.6,664.9,627.1,620.5,613.5,607.0,622.9,621.6,621.0,624.5,628.7,637.0,634.3,634.9,635.9,634.5,633.9,645.1,648.0,651.8,657.7,651.5,647.8,640.7,629.7,625.3,626.4,628.9,638.3,652.6,640.6,632.4,629.4,628.5,632.1,638.8,628.1,628.8,631.8,648.9,632.6,629.5,629.0,0.605,0.143,-0.214,0.023,266.408,182.193,-11.538,12.351,-5.23,14.771,5.957,-0.447,-5.563,2.745,2.136,-1.286,-0.325,0.989,0.031,-1.894,-1.819,-0.255,-0.131,0.901,-1.715,-1.033,0.542,-0.525,-0.082,-0.542,-0.082,0.072,0.044,0.054,-0.09,-0.011,-0.026,0.004,-0.001,-0.01,0.77,0.52,0.0,0.85,0.0,0.0,0.34,0.0,0.0,0.52,0.0,0.0,0.0,0.0,0.28,0.4,0.0,1.0,1.0,0.0,1.0,0.0,0.0,0.0,0.0,0.0,1.0,0.0,0.0,0.0,0.0,1.0,1.0,1.0,0.0
PP133,g1,88,0,0.975,0.193791,0.153393,-0.968977,0.034957,0.148487,-0.988296,0.116,0.153,243.3,244.7,247.9,251.1,252.4,251.3,247.8,244.6,238.9,241.0,243.9,247.5,250.9,253.6,255.4,253.3,250.3,247.0,243.9,241.0,246.5,247.9,249.3,249.9,249.3,247.9,246.5,245.9,281.7,282.6,285.5,288.5,289.9,288.9,286.1,282.8,278.6,280.6,283.3,286.6,289.6,291.7,293.0,291.8,289.8,287.1,284.1,281.0,284.4,285.7,287.0,287.4,286.8,285.5,284.2,283.8,156.4,153.1,151.8,153.2,156.5,160.0,161.0,159.7,157.9,156.1,154.9,154.4,155.0,156.5,158.6,159.7,160.0,160.2,159.9,159.3,158.0,158.6,158.0,156.6,155.1,154.5,155.1,156.5,156.5,153.3,151.9,153.2,156.3,159.5,160.8,159.8,158.6,156.5,155.0,154.3,154.9,156.1,157.9,159.2,159.8,160.1,160.0,159.6,157.9,158.4,157.9,156.5,155.1,154.6,155.1,156.5,-8.7,-6.9,-2.7,1.5,3.1,1.7,-2.8,-7.0,-14.5,-11.7,-7.9,-3.3,1.2,4.7,7.0,4.3,0.4,-3.8,-8.0,-11.7,-4.6,-2.8,-1.0,-0.2,-0.9,-2.8,-4.6,-5.4,42.3,43.7,47.7,51.9,53.8,52.3,48.4,43.9,38.2,40.8,44.5,49.0,53.3,56.4,58.5,56.5,53.5,49.7,45.5,41.4,46.2,48.0,49.7,50.3,49.5,47.7,46.0,45.3,-40.5,-44.7,-46.5,-44.7,-40.4,-35.8,-34.4,-36.2,-38.8,-40.9,-42.3,-42.9,-42.1,-40.3,-37.7,-36.2,-35.6,-35.4,-35.8,-36.8,-38.5,-37.7,-38.5,-40.3,-42.2,-43.0,-42.2,-40.4,-41.5,-45.8,-47.8,-46.2,-42.0,-37.7,-35.7,-37.0,-38.6,-41.4,-43.4,-44.4,-43.9,-42.6,-40.3,-38.3,-37.2,-36.7,-36.8,-37.2,-39.7,-39.0,-39.9,-41.8,-43.6,-44.3,-43.4,-41.5,508.2,508.8,509.1,508.9,508.3,507.9,507.4,507.6,512.1,509.7,507.5,506.4,507.1,508.5,510.1,508.4,506.7,506.3,507.3,509.5,508.7,508.7,508.8,509.1,509.3,509.4,509.3,509.0,522.2,523.4,525.0,526.2,526.1,524.9,523.3,522.3,522.6,521.9,521.7,522.7,525.3,528.6,531.8,528.5,525.1,522.7,521.6,521.9,524.1,524.6,525.3,525.8,525.8,525.3,524.6,524.1,27.2,-9.3,638.0,0.137,-0.165,0.013,218.3,218.8,220.4,223.1,228.2,236.0,245.3,255.8,266.5,275.4,281.9,287.9,293.1,296.8,299.2,300.8,301.1,229.1,235.8,244.6,253.5,261.6,277.3,284.0,290.5,296.7,300.5,269.8,270.7,271.8,272.9,261.0,265.7,270.5,274.7,278.3,238.8,244.2,250.5,255.6,250.3,244.0,278.5,283.6,289.2,293.1,289.7,284.1,250.1,258.4,265.5,269.5,273.7,278.6,282.5,278.4,273.5,269.0,264.6,257.6,253.1,265.1,269.2,273.4,280.3,273.3,269.0,264.8,158.8,171.1,183.2,194.8,205.5,214.6,221.9,227.1,228.2,226.1,219.8,211.9,202.8,192.5,181.8,170.9,159.8,149.4,144.2,142.6,143.6,146.6,146.4,143.6,142.7,144.0,148.7,156.0,163.6,171.1,178.9,184.8,186.3,187.5,186.3,184.7,157.9,154.9,155.0,158.7,160.0,160.1,158.7,154.8,154.9,157.8,159.9,160.0,200.6,197.8,196.2,197.3,196.2,197.9,200.3,206.1,208.6,209.2,208.8,206.4,200.9,200.1,200.4,199.9,200.8,202.7,203.3,202.9,-54.4,-53.7,-51.2,-46.6,-37.6,-24.0,-8.0,9.8,27.6,43.1,55.5,67.0,76.7,83.4,87.5,90.3,91.1,-34.1,-22.9,-8.7,5.6,18.4,44.0,55.4,66.9,78.3,85.9,31.7,32.9,34.2,35.5,17.5,25.0,32.5,39.4,45.5,-18.3,-9.3,0.7,9.1,0.4,-9.7,47.0,55.7,65.4,72.6,66.1,56.5,0.2,13.4,24.8,31.2,38.1,46.7,54.2,46.5,38.0,30.6,23.4,12.3,5.1,24.2,30.9,37.8,50.2,37.6,30.6,23.8,-49.3,-28.3,-7.5,12.7,31.1,46.6,58.5,66.4,68.3,65.6,56.1,43.2,27.2,9.0,-10.1,-29.5,-49.3,-62.2,-70.1,-72.2,-70.0,-65.1,-66.2,-71.5,-74.1,-73.0,-66.0,-50.5,-37.9,-25.7,-13.4,-4.3,-2.0,0.0,-2.0,-4.5,-48.2,-52.9,-52.8,-46.8,-44.6,-44.4,-47.5,-54.2,-54.4,-49.9,-45.9,-45.6,21.5,16.6,13.9,15.8,14.0,16.9,21.4,30.5,34.1,34.8,34.2,30.5,21.9,20.2,20.8,20.1,22.0,24.5,25.4,24.8,670.1,672.3,675.2,676.5,674.6,670.5,663.5,654.8,654.5,663.9,679.0,690.9,695.7,695.6,694.6,694.9,696.4,637.5,632.0,627.5,623.5,621.5,628.9,637.0,646.0,655.3,664.6,626.4,619.7,612.6,605.9,621.8,620.5,620.0,623.5,627.8,636.0,633.4,634.0,635.1,633.5,633.0,644.5,647.4,651.2,657.2,650.9,647.1,639.3,628.5,624.2,625.3,627.9,637.2,651.5,639.4,631.1,628.1,627.1,630.6,637.4,626.9,627.7,630.7,647.8,631.4,628.3,627.7,0.606,0.135,-0.218,0.02,266.601,181.635,-11.675,13.062,-5.395,15.386,6.215,0.264,-5.618,2.687,1.859,-1.126,-0.632,0.787,0.236,-1.852,-1.821,-0.353,-0.268,0.928,-1.619,-1.177,0.529,-0.721,-0.243,-0.53,-0.117,0.076,0.005,0.04,-0.098,-0.016,-0.044,0.007,0.003,-0.01,0.41,0.26,0.0,0.91,0.0,0.0,0.12,0.0,0.0,0.31,0.0,0.0,0.0,0.0,0.16,0.38,0.0,1.0,1.0,0.0,1.0,0.0,0.0,0.0,0.0,0.0,1.0,0.0,0.0,0.0,0.0,1.0,1.0,1.0,0.0
PP133,g1,93,0,0.975,0.197293,0.157723,-0.967574,0.03816,0.153295,-0.987443,0.12,0.158,243.5,244.8,248.0,251.2,252.6,251.4,248.0,244.8,239.1,241.2,244.1,247.6,251.1,253.7,255.5,253.4,250.5,247.2,244.0,241.2,246.6,248.0,249.4,250.0,249.4,248.0,246.6,246.0,281.7,282.7,285.5,288.5,290.0,289.0,286.2,282.9,278.7,280.7,283.4,286.7,289.6,291.7,293.0,291.8,289.8,287.2,284.2,281.1,284.5,285.8,287.0,287.5,286.8,285.5,284.3,283.9,156.2,152.9,151.6,153.0,156.2,159.7,160.8,159.4,157.7,155.9,154.7,154.2,154.8,156.3,158.3,159.4,159.8,159.9,159.7,159.0,157.7,158.3,157.7,156.3,154.9,154.3,154.9,156.3,156.1,153.0,151.6,152.8,155.9,159.1,160.4,159.5,158.3,156.2,154.7,154.0,154.5,155.7,157.5,158.8,159.4,159.7,159.6,159.3,157.5,158.1,157.5,156.1,154.7,154.2,154.8,156.2,-8.5,-6.8,-2.6,1.6,3.3,1.9,-2.6,-6.8,-14.3,-11.6,-7.7,-3.1,1.4,4.8,7.2,4.5,0.6,-3.6,-7.8,-11.5,-4.4,-2.6,-0.8,-0.0,-0.8,-2.6,-4.4,-5.2,42.6,44.1,48.0,52.2,54.1,52.7,48.7,44.2,38.6,41.2,44.8,49.3,53.6,56.8,58.8,56.8,53.8,50.1,45.8,41.7,46.5,48.3,50.0,50.7,49.8,48.0,46.3,45.6,-40.9,-45.2,-47.0,-45.2,-40.9,-36.3,-34.8,-36.6,-39.2,-41.4,-42.7,-43.4,-42.6,-40.8,-38.2,-36.7,-36.1,-35.9,-36.3,-37.3,-38.9,-38.2,-38.9,-40.8,-42.7,-43.5,-42.7,-40.8,-42.2,-46.5,-48.5,-46.9,-42.7,-38.4,-36.4,-37.7,-39.3,-42.0,-44.1,-45.1,-44.6,-43.3,-41.1,-39.1,-37.9,-37.4,-37.5,-37.9,-40.4,-39.7,-40.6,-42.5,-44.3,-45.0,-44.1,-42.2,510.4,511.0,511.3,511.1,510.6,510.1,509.6,509.8,514.3,511.9,509.7,508.7,509.3,510.8,512.4,510.6,509.0,508.5,509.5,511.7,511.0,510.9,511.0,511.3,511.6,511.7,511.5,511.2,524.8,525.9,527.6,528.7,528.7,527.5,525.9,524.8,525.1,524.4,524.3,525.3,527.8,531.2,534.4,531.0,527.7,525.3,524.2,524.4,526.6,527.1,527.8,528.3,528.4,527.9,527.1,526.6,27.4,-9.8,638.6,0.141,-0.171,0.013,218.4,218.8,220.4,223.1,228.2,236.0,245.3,255.8,266.5,275.4,281.8,287.7,293.0,296.7,299.1,300.7,301.0,229.3,236.0,244.8,253.7,261.7,277.4,284.1,290.5,296.7,300.5,269.9,270.9,272.0,273.1,261.1,265.9,270.7,274.9,278.5,238.9,244.4,250.6,255.7,250.4,244.2,278.6,283.7,289.3,293.1,289.7,284.2,250.2,258.5,265.6,269.7,273.9,278.8,282.6,278.6,273.7,269.2,264.7,257.7,253.2,265.2,269.4,273.6,280.4,273.4,269.2,264.9,158.4,170.7,182.8,194.5,205.2,214.3,221.6,226.9,228.0,225.9,219.6,211.7,202.5,192.2,181.4,170.4,159.2,149.3,144.0,142.4,143.5,146.4,146.1,143.3,142.3,143.6,148.3,155.7,163.3,170.9,178.7,184.6,186.0,187.3,186.0,184.4,157.7,154.7,154.7,158.4,159.7,159.8,158.3,154.5,154.5,157.4,159.6,159.6,200.4,197.6,196.0,197.1,196.0,197.6,200.0,205.8,208.3,208.9,208.5,206.1,200.6,199.8,200.2,199.7,200.5,202.4,203.1,202.7,-54.2,-53.6,-51.1,-46.5,-37.6,-24.0,-8.0,9.8,27.6,43.1,55.4,66.8,76.6,83.3,87.5,90.2,91.0,-33.8,-22.7,-8.4,5.8,18.6,44.2,55.6,67.0,78.4,85.9,31.9,33.2,34.6,35.9,17.8,25.3,32.8,39.8,45.8,-18.0,-9.1,1.0,9.3,0.7,-9.4,47.2,55.9,65.5,72.6,66.3,56.7,0.4,13.7,25.0,31.5,38.4,47.0,54.4,46.8,38.3,30.9,23.6,12.5,5.3,24.4,31.1,38.1,50.5,37.9,30.9,23.9,-49.8,-28.9,-8.1,12.0,30.5,46.0,58.0,66.0,67.9,65.3,55.8,42.8,26.8,8.4,-10.8,-30.5,-50.5,-62.4,-70.3,-72.4,-70.3,-65.5,-66.7,-72.1,-74.7,-73.7,-66.8,-51.0,-38.3,-26.1,-13.7,-4.7,-2.4,-0.3,-2.4,-4.9,-48.6,-53.2,-53.2,-47.2,-45.0,-44.8,-48.1,-54.8,-55.0,-50.6,-46.6,-46.2,21.1,16.2,13.6,15.5,13.7,16.5,20.9,30.0,33.7,34.4,33.8,30.1,21.5,19.8,20.5,19.7,21.6,24.1,25.0,24.4,669.5,671.7,674.8,676.2,674.4,670.6,663.7,655.2,655.0,664.5,679.7,691.6,696.5,696.5,695.5,695.6,696.9,637.3,631.9,627.5,623.7,621.7,629.4,637.3,646.4,655.7,665.0,626.8,620.1,613.1,606.6,622.4,621.0,620.5,624.2,628.4,635.9,633.4,634.1,635.2,633.6,633.0,644.8,647.7,651.6,657.5,651.3,647.5,639.8,629.1,624.9,626.0,628.7,638.0,652.2,640.1,631.9,628.8,627.7,631.2,637.8,627.5,628.4,631.4,648.5,632.1,628.9,628.3,0.606,0.139,-0.226,0.021,266.69,181.352,-12.633,12.066,-5.519,15.163,5.948,0.805,-5.496,2.376,2.049,-1.196,-0.833,0.757,0.291,-1.772,-1.916,-0.145,-0.282,1.008,-1.836,-1.333,0.461,-0.673,-0.135,-0.564,-0.053,0.02,0.021,0.023,-0.084,-0.002,-0.044,0.013,0.004,-0.012,0.55,0.43,0.0,0.84,0.0,0.0,0.4,0.0,0.0,0.14,0.0,0.0,0.0,0.0,0.19,0.53,0.0,0.0,1.0,0.0,1.0,0.0,0.0,0.0,0.0,0.0,0.0,0.0,0.0,0.0,0.0,1.0,1.0,1.0,0.0
PP133,g1,98,0,0.975,0.198524,0.1575,-0.967358,0.03784,0.153708,-0.987391,0.12,0.158,243.6,244.9,248.1,251.3,252.7,251.5,248.1,244.9,239.2,241.3,244.2,247.7,251.2,253.8,255.6,253.5,250.6,247.3,244.1,241.3,246.7,248.1,249.5,250.1,249.5,248.1,246.7,246.1,281.8,282.7,285.5,288.6,290.0,289.0,286.2,283.0,278.7,280.7,283.4,286.7,289.7,291.8,293.0,291.8,289.9,287.3,284.2,281.1,284.5,285.8,287.1,287.5,286.9,285.5,284.3,283.9,156.2,152.9,151.6,152.9,156.2,159.7,160.8,159.4,157.7,155.9,154.7,154.2,154.8,156.3,158.3,159.4,159.7,159.9,159.7,159.0,157.7,158.3,157.7,156.3,154.9,154.3,154.9,156.3,156.0,152.9,151.5,152.7,155.8,159.0,160.3,159.4,158.2,156.1,154.6,153.8,154.4,155.5,157.4,158.6,159.3,159.6,159.5,159.2,157.4,158.0,157.4,156.0,154.6,154.1,154.7,156.1,-8.4,-6.6,-2.4,1.8,3.5,2.0,-2.5,-6.6,-14.2,-11.4,-7.6,-3.0,1.5,5.0,7.4,4.6,0.8,-3.5,-7.6,-11.4,-4.3,-2.5,-0.6,0.1,-0.6,-2.5,-4.3,-5.1,42.8,44.1,48.1,52.3,54.2,52.8,48.9,44.4,38.7,41.3,44.9,49.4,53.7,56.9,58.9,57.0,53.9,50.2,46.0,41.8,46.6,48.4,50.2,50.8,49.9,48.1,46.4,45.8,-40.9,-45.2,-47.0,-45.2,-40.9,-36.3,-34.8,-36.6,-39.1,-41.3,-42.7,-43.4,-42.6,-40.8,-38.2,-36.7,-36.1,-35.9,-36.3,-37.3,-38.9,-38.1,-38.9,-40.8,-42.7,-43.5,-42.7,-40.8,-42.4,-46.7,-48.7,-47.1,-42.9,-38.6,-36.6,-37.9,-39.4,-42.2,-44.3,-45.3,-44.8,-43.5,-41.3,-39.3,-38.2,-37.6,-37.7,-38.1,-40.6,-39.9,-40.8,-42.7,-44.5,-45.2,-44.3,-42.4,509.9,510.6,510.9,510.7,510.1,509.7,509.1,509.3,513.8,511.4,509.2,508.2,508.9,510.3,511.9,510.2,508.5,508.0,509.0,511.2,510.5,510.4,510.6,510.9,511.1,511.2,511.1,510.8,525.5,526.7,528.3,529.5,529.4,528.2,526.6,525.6,525.8,525.2,525.0,526.0,528.6,531.9,535.1,531.7,528.4,526.0,524.9,525.2,527.3,527.8,528.6,529.1,529.1,528.6,527.9,527.4,27.6,-9.9,638.1,0.145,-0.173,0.011,218.3,218.8,220.5,223.3,228.4,236.2,245.5,256.1,266.8,275.6,282.1,288.0,293.2,296.9,299.3,300.8,301.0,229.4,236.1,244.8,253.8,261.8,277.5,284.0,290.5,296.7,300.4,270.1,271.1,272.3,273.4,261.4,266.2,270.9,275.1,278.7,239.0,244.5,250.7,255.8,250.5,244.3,278.7,283.7,289.3,293.2,289.8,284.3,250.4,258.6,265.9,269.9,274.0,279.0,282.8,278.8,273.8,269.3,264.9,257.8,253.3,265.5,269.6,273.8,280.6,273.5,269.3,265.1,158.4,170.7,182.8,194.4,205.1,214.2,221.6,226.9,228.1,225.9,219.5,211.6,202.4,192.1,181.3,170.3,159.1,149.3,144.0,142.4,143.4,146.3,146.0,143.2,142.2,143.5,148.2,155.7,163.2,170.5,178.2,184.2,185.6,186.9,185.6,184.0,157.7,154.6,154.7,158.4,159.7,159.8,158.3,154.4,154.4,157.3,159.4,159.5,200.2,197.2,195.5,196.6,195.5,197.2,199.8,206.2,208.9,209.5,209.2,206.5,200.4,199.3,199.7,199.2,200.2,203.0,203.7,203.3,-54.3,-53.5,-50.9,-46.2,-37.2,-23.7,-7.6,10.3,28.1,43.6,55.8,67.2,76.9,83.6,87.7,90.3,91.0,-33.6,-22.5,-8.3,6.0,18.8,44.2,55.5,67.0,78.3,85.8,32.2,33.4,34.9,36.3,18.2,25.7,33.2,40.1,46.1,-17.8,-8.9,1.1,9.5,0.9,-9.2,47.2,55.8,65.5,72.6,66.3,56.7,0.6,13.9,25.5,31.9,38.6,47.4,54.7,47.2,38.5,31.2,23.9,12.6,5.5,24.9,31.5,38.4,50.7,38.1,31.2,24.3,-49.8,-28.9,-8.1,11.9,30.4,45.9,57.9,66.1,68.0,65.3,55.7,42.6,26.6,8.2,-11.0,-30.7,-50.6,-62.2,-70.2,-72.4,-70.3,-65.5,-66.7,-72.2,-74.9,-73.8,-66.9,-51.0,-38.6,-26.6,-14.4,-5.2,-3.0,-1.0,-3.0,-5.6,-48.5,-53.2,-53.2,-47.2,-45.0,-44.8,-48.2,-54.9,-55.2,-50.8,-46.8,-46.4,20.8,15.5,12.8,14.6,12.8,15.8,20.5,30.6,34.7,35.4,34.8,30.7,21.1,19.0,19.5,18.8,21.1,25.1,26.0,25.4,668.5,670.8,673.7,675.1,673.5,670.0,663.5,655.3,655.2,664.4,679.3,690.9,695.6,695.5,694.6,695.0,696.4,636.1,630.9,626.6,622.8,620.9,628.6,636.8,645.9,655.3,664.6,625.9,619.3,612.3,605.8,621.4,620.2,619.8,623.3,627.5,635.0,632.6,633.3,634.4,632.9,632.1,644.1,647.1,651.0,657.0,650.8,646.9,639.5,628.5,624.0,625.1,627.8,637.4,652.0,640.2,632.0,629.0,627.9,631.3,637.8,626.7,627.5,630.6,648.4,632.2,629.1,628.5,0.606,0.142,-0.229,0.019,266.838,181.266,-14.179,12.508,-2.474,15.647,6.25,-2.096,-4.26,2.865,2.75,-1.373,-0.845,0.656,0.256,-2.217,-2.215,-0.119,0.208,1.023,-2.282,-0.755,0.398,-0.487,-0.102,-0.369,-0.147,0.15,0.037,0.032,-0.094,0.005,-0.047,0.006,-0.003,-0.006,0.69,0.5,0.0,0.83,0.0,0.0,0.23,0.0,0.03,0.28,0.0,0.0,0.0,0.0,0.48,0.04,0.0,1.0,1.0,0.0,1.0,0.0,0.0,0.0,0.0,0.0,0.0,0.0,0.0,0.0,0.0,1.0,1.0,1.0,0.0
PP133,g1,104,0,0.975,0.202682,0.151471,-0.967459,0.039781,0.14845,-0.988119,0.123,0.152,243.5,244.9,248.1,251.3,252.6,251.5,248.1,244.9,239.1,241.2,244.1,247.6,251.1,253.7,255.5,253.4,250.5,247.3,244.1,241.2,246.6,248.0,249.4,250.0,249.4,248.0,246.6,246.1,281.6,282.6,285.4,288.4,289.8,288.9,286.1,282.8,278.6,280.6,283.2,286.5,289.5,291.6,292.8,291.7,289.7,287.1,284.1,281.0,284.4,285.7,286.9,287.3,286.7,285.4,284.2,283.7,156.0,152.8,151.5,152.8,156.0,159.5,160.6,159.3,157.6,155.8,154.6,154.0,154.6,156.1,158.2,159.2,159.6,159.7,159.5,158.9,157.6,158.2,157.6,156.2,154.7,154.1,154.7,156.1,155.9,152.7,151.4,152.6,155.6,158.8,160.1,159.2,158.0,155.9,154.4,153.7,154.2,155.4,157.2,158.5,159.1,159.4,159.3,159.0,157.3,157.8,157.2,155.8,154.5,154.0,154.6,155.9,-8.5,-6.7,-2.5,1.6,3.4,1.9,-2.5,-6.7,-14.3,-11.6,-7.7,-3.1,1.4,4.9,7.2,4.5,0.7,-3.6,-7.7,-11.5,-4.4,-2.6,-0.7,0.0,-0.7,-2.6,-4.4,-5.2,42.7,44.1,48.0,52.2,54.2,52.8,48.9,44.4,38.7,41.3,44.9,49.4,53.7,56.9,58.9,57.0,53.9,50.2,46.0,41.8,46.6,48.4,50.2,50.8,49.9,48.1,46.4,45.8,-41.2,-45.5,-47.3,-45.5,-41.2,-36.6,-35.1,-36.9,-39.4,-41.6,-43.0,-43.7,-42.9,-41.1,-38.5,-37.0,-36.5,-36.2,-36.6,-37.6,-39.2,-38.4,-39.2,-41.1,-43.0,-43.8,-43.0,-41.1,-42.8,-47.1,-49.1,-47.5,-43.4,-39.0,-37.0,-38.3,-39.8,-42.6,-44.7,-45.7,-45.2,-43.9,-41.7,-39.7,-38.6,-38.0,-38.1,-38.5,-41.0,-40.3,-41.2,-43.1,-44.9,-45.6,-44.7,-42.8,511.2,511.9,512.3,512.1,511.4,511.0,510.4,510.5,515.0,512.6,510.5,509.5,510.2,511.7,513.3,511.5,509.8,509.3,510.3,512.4,511.8,511.7,511.9,512.2,512.5,512.5,512.4,512.1,527.8,529.0,530.7,531.8,531.7,530.5,528.8,527.8,528.1,527.5,527.3,528.3,530.9,534.2,537.4,534.0,530.7,528.3,527.2,527.4,529.6,530.1,530.8,531.4,531.4,530.9,530.2,529.7,27.5,-10.4,640.3,0.137,-0.178,0.011,218.2,218.8,220.5,223.2,228.3,236.0,245.3,255.9,266.5,275.4,281.8,287.7,292.9,296.7,299.1,300.5,300.8,229.4,236.1,244.9,253.8,261.8,277.3,283.8,290.3,296.4,300.2,269.9,271.0,272.1,273.3,261.4,266.1,270.8,275.0,278.6,239.0,244.4,250.6,255.7,250.4,244.3,278.5,283.6,289.1,293.0,289.6,284.1,250.3,258.6,265.9,269.9,274.0,279.0,282.7,278.7,273.7,269.3,264.8,257.7,253.3,265.4,269.6,273.7,280.5,273.5,269.2,265.0,158.6,170.8,182.8,194.3,204.9,214.0,221.3,226.5,227.7,225.6,219.5,211.6,202.5,192.2,181.3,170.2,159.0,149.2,143.9,142.2,143.2,146.1,145.8,143.0,142.0,143.3,148.0,155.5,162.9,170.2,177.8,183.8,185.2,186.4,185.2,183.6,157.5,154.5,154.6,158.3,159.5,159.6,158.1,154.2,154.2,157.1,159.2,159.3,199.8,196.6,194.9,196.0,194.9,196.7,199.4,205.8,208.5,209.1,208.7,206.1,200.0,198.7,199.1,198.6,199.8,202.7,203.3,202.9,-54.5,-53.7,-51.0,-46.4,-37.5,-24.1,-8.0,9.9,27.8,43.2,55.4,66.8,76.7,83.5,87.7,90.3,91.0,-33.7,-22.5,-8.3,6.1,18.9,44.0,55.4,66.9,78.2,85.8,32.0,33.4,34.8,36.2,18.1,25.6,33.2,40.1,46.1,-18.0,-9.0,1.0,9.3,0.7,-9.3,47.2,55.8,65.4,72.6,66.3,56.7,0.5,13.8,25.4,31.9,38.7,47.4,54.7,47.2,38.5,31.1,23.9,12.5,5.4,24.9,31.5,38.4,50.7,38.1,31.1,24.2,-49.6,-28.8,-8.1,11.8,30.1,45.5,57.5,65.6,67.6,65.0,55.7,42.8,26.8,8.4,-11.0,-30.9,-51.0,-62.7,-70.7,-72.9,-70.9,-66.1,-67.4,-72.9,-75.6,-74.4,-67.5,-51.6,-39.2,-27.3,-15.2,-5.9,-3.7,-1.7,-3.7,-6.3,-48.9,-53.6,-53.6,-47.7,-45.5,-45.3,-48.7,-55.4,-55.6,-51.3,-47.3,-46.9,20.2,14.7,11.9,13.7,12.0,15.0,19.9,30.1,34.1,34.9,34.3,30.1,20.5,18.1,18.7,18.0,20.5,24.6,25.5,24.9,670.4,672.3,674.9,676.2,674.7,671.3,664.9,656.8,656.8,666.0,681.0,692.7,697.7,697.9,697.3,698.0,699.7,638.5,633.5,629.3,625.6,623.7,631.3,639.4,648.6,658.0,667.3,628.5,622.0,615.0,608.5,623.6,622.5,622.1,625.7,629.9,637.5,635.1,635.9,637.0,635.4,634.6,646.6,649.7,653.6,659.6,653.3,649.3,641.4,630.5,626.1,627.2,629.8,639.5,654.0,642.3,634.0,631.1,630.0,633.3,639.8,628.7,629.5,632.5,650.5,634.3,631.2,630.6,0.604,0.133,-0.234,0.019,266.715,181.002,-14.769,10.721,-1.946,14.889,6.385,-2.601,-3.754,2.569,2.423,-1.48,-0.647,0.518,0.033,-2.02,-2.111,-0.276,0.302,0.966,-2.304,-0.605,0.398,-0.292,-0.056,-0.424,-0.09,0.184,0.037,0.032,-0.075,0.002,-0.046,0.001,-0.001,-0.009,0.54,0.25,0.0,0.82,0.0,0.0,0.22,0.0,0.04,0.07,0.0,0.0,0.0,0.0,0.51,0.18,0.0,0.0,1.0,0.0,0.0,0.0,0.0,0.0,0.0,0.0,0.0,0.0,0.0,0.0,0.0,1.0,1.0,1.0,0.0
PP133,g1,110,0,0.975,0.201362,0.150537,-0.96788,0.03898,0.147716,-0.988261,0.122,0.151,243.3,244.6,247.8,251.0,252.3,251.2,247.8,244.7,238.9,241.0,243.9,247.4,250.9,253.5,255.3,253.2,250.3,247.1,243.9,241.0,246.4,247.8,249.2,249.8,249.2,247.8,246.4,245.8,281.4,282.3,285.1,288.1,289.6,288.6,285.8,282.6,278.4,280.3,283.0,286.3,289.2,291.3,292.6,291.4,289.5,286.9,283.8,280.7,284.1,285.4,286.7,287.1,286.4,285.1,283.9,283.5,155.9,152.7,151.3,152.7,155.9,159.4,160.5,159.1,157.5,155.7,154.5,153.9,154.5,156.0,158.0,159.1,159.4,159.6,159.4,158.8,157.4,158.0,157.4,156.0,154.6,154.0,154.6,156.0,155.6,152.5,151.1,152.3,155.4,158.5,159.9,158.9,157.8,155.7,154.1,153.4,153.9,155.1,156.9,158.2,158.8,159.1,159.0,158.8,157.0,157.5,156.9,155.6,154.2,153.7,154.3,155.7,-8.8,-7.1,-2.9,1.3,3.1,1.6,-2.8,-7.0,-14.6,-11.9,-8.0,-3.4,1.1,4.6,7.0,4.2,0.4,-3.8,-8.0,-11.8,-4.7,-2.9,-1.0,-0.3,-1.0,-2.9,-4.7,-5.5,42.5,43.8,47.7,51.9,53.9,52.5,48.6,44.1,38.4,41.0,44.6,49.1,53.4,56.6,58.7,56.7,53.7,49.9,45.7,41.6,46.3,48.2,49.9,50.5,49.6,47.8,46.1,45.5,-41.4,-45.7,-47.5,-45.8,-41.5,-36.9,-35.4,-37.1,-39.6,-41.8,-43.2,-43.9,-43.2,-41.4,-38.8,-37.3,-36.7,-36.5,-36.8,-37.8,-39.5,-38.7,-39.5,-41.4,-43.2,-44.0,-43.2,-41.3,-43.2,-47.5,-49.5,-48.0,-43.8,-39.4,-37.5,-38.7,-40.2,-43.0,-45.1,-46.1,-45.7,-44.4,-42.1,-40.2,-39.0,-38.5,-38.5,-38.9,-41.4,-40.7,-41.6,-43.5,-45.3,-46.0,-45.1,-43.2,512.4,513.1,513.5,513.3,512.6,512.2,511.6,511.7,516.3,513.9,511.7,510.7,511.4,512.9,514.5,512.7,511.0,510.5,511.5,513.7,513.0,512.9,513.1,513.4,513.7,513.7,513.6,513.3,528.6,529.8,531.5,532.6,532.5,531.3,529.6,528.6,528.9,528.3,528.1,529.1,531.7,535.0,538.2,534.8,531.5,529.0,528.0,528.2,530.4,530.9,531.6,532.2,532.2,531.7,531.0,530.5,27.3,-10.7,640.3,0.135,-0.176,0.006,218.0,218.6,220.3,223.2,228.3,236.1,245.5,256.1,266.7,275.6,281.9,287.8,293.0,296.7,299.1,300.4,300.6,229.2,235.8,244.5,253.4,261.5,277.0,283.5,289.9,296.1,299.9,269.7,270.7,271.9,273.1,261.3,266.0,270.7,274.9,278.5,238.8,244.2,250.4,255.5,250.2,244.1,278.3,283.3,288.8,292.7,289.4,283.9,250.3,258.5,265.8,269.8,273.9,278.9,282.6,278.7,273.7,269.3,264.9,257.8,253.3,265.5,269.5,273.6,280.4,273.4,269.2,265.0,158.5,170.8,182.8,194.4,205.0,214.0,221.2,226.4,227.5,225.4,219.2,211.4,202.2,191.9,181.1,170.0,158.8,149.2,143.8,142.1,143.1,145.9,145.6,142.7,141.7,143.0,147.7,155.2,162.6,169.9,177.5,183.6,185.0,186.2,184.9,183.3,157.5,154.4,154.4,158.1,159.4,159.5,157.9,154.0,154.0,156.9,158.9,159.0,199.6,196.4,194.8,195.8,194.7,196.4,199.0,205.5,208.2,208.8,208.5,205.9,199.8,198.5,198.8,198.3,199.5,202.4,203.0,202.7,-54.9,-54.1,-51.3,-46.5,-37.4,-23.8,-7.7,10.3,28.1,43.6,55.7,67.1,76.8,83.5,87.6,90.1,90.7,-34.1,-23.0,-8.8,5.5,18.3,43.6,54.9,66.3,77.7,85.3,31.6,33.0,34.5,36.0,18.0,25.5,33.0,39.9,45.9,-18.3,-9.4,0.6,9.0,0.4,-9.6,46.8,55.4,65.0,72.2,65.9,56.3,0.5,13.8,25.4,31.8,38.5,47.2,54.6,47.1,38.5,31.2,24.0,12.6,5.3,24.9,31.5,38.2,50.7,38.0,31.1,24.3,-49.7,-28.8,-8.1,11.9,30.2,45.5,57.4,65.4,67.3,64.6,55.3,42.3,26.3,7.9,-11.5,-31.3,-51.4,-62.7,-70.8,-73.1,-71.2,-66.4,-67.8,-73.3,-76.0,-74.9,-67.9,-51.9,-39.6,-27.7,-15.6,-6.3,-4.1,-2.1,-4.2,-6.7,-49.0,-53.8,-53.8,-47.9,-45.7,-45.5,-49.1,-55.8,-56.1,-51.7,-47.8,-47.3,19.8,14.4,11.6,13.4,11.6,14.6,19.3,29.6,33.6,34.4,33.8,29.8,20.1,17.7,18.3,17.5,20.0,24.2,25.1,24.5,671.0,672.9,675.5,676.7,675.0,671.5,665.1,656.9,656.8,666.0,681.0,692.7,697.7,697.9,697.2,697.9,699.6,638.9,633.8,629.6,625.8,623.9,631.5,639.6,648.7,658.1,667.3,628.6,622.0,614.9,608.4,623.6,622.4,622.0,625.6,629.8,637.7,635.3,636.1,637.1,635.6,634.8,646.7,649.8,653.7,659.6,653.3,649.4,641.6,630.6,626.2,627.3,629.9,639.5,654.1,642.2,633.9,631.0,629.9,633.3,640.0,628.8,629.5,632.5,650.6,634.3,631.2,630.6,0.604,0.131,-0.231,0.013,266.61,180.795,-14.297,11.386,-1.743,14.874,6.259,-2.29,-3.624,2.72,2.481,-1.634,-0.855,0.682,0.027,-2.437,-2.171,-0.264,0.239,1.042,-2.392,-0.448,0.433,-0.309,-0.08,-0.379,-0.119,0.232,0.026,0.033,-0.089,0.0,-0.053,-0.001,-0.002,-0.004,0.53,0.25,0.0,0.92,0.0,0.0,0.21,0.0,0.0,0.27,0.0,0.0,0.0,0.0,0.54,0.23,0.0,1.0,1.0,0.0,1.0,0.0,0.0,0.0,0.0,0.0,0.0,0.0,0.0,0.0,0.0,1.0,1.0,1.0,0.0
PP133,g1,116,0,0.975,0.203315,0.150452,-0.967485,0.0411,0.147735,-0.988173,0.124,0.151,243.3,244.6,247.8,251.0,252.3,251.2,247.8,244.6,238.9,241.0,243.9,247.4,250.8,253.4,255.2,253.2,250.2,247.0,243.8,241.0,246.4,247.8,249.2,249.7,249.2,247.8,246.4,245.8,281.3,282.2,285.0,288.0,289.4,288.5,285.7,282.5,278.2,280.2,282.8,286.1,289.1,291.2,292.4,291.3,289.3,286.7,283.7,280.6,284.0,285.3,286.5,286.9,286.3,285.0,283.8,283.4,156.0,152.8,151.5,152.8,156.0,159.5,160.6,159.3,157.6,155.8,154.6,154.0,154.6,156.1,158.2,159.2,159.5,159.7,159.5,158.9,157.6,158.2,157.6,156.2,154.7,154.2,154.7,156.2,155.8,152.7,151.3,152.5,155.6,158.7,160.1,159.1,158.0,155.9,154.3,153.6,154.1,155.3,157.1,158.4,159.0,159.3,159.2,159.0,157.2,157.7,157.1,155.8,154.4,153.9,154.5,155.9,-8.8,-7.1,-2.9,1.3,3.0,1.6,-2.9,-7.1,-14.7,-11.9,-8.0,-3.5,1.1,4.5,6.9,4.2,0.3,-3.9,-8.1,-11.9,-4.8,-2.9,-1.1,-0.3,-1.1,-2.9,-4.8,-5.5,42.3,43.7,47.6,51.8,53.8,52.4,48.5,44.0,38.3,40.9,44.5,49.0,53.2,56.4,58.5,56.6,53.5,49.8,45.6,41.4,46.2,48.0,49.8,50.4,49.5,47.7,45.9,45.3,-41.3,-45.6,-47.4,-45.6,-41.3,-36.7,-35.3,-37.0,-39.5,-41.7,-43.1,-43.8,-43.1,-41.3,-38.7,-37.2,-36.6,-36.3,-36.7,-37.7,-39.3,-38.6,-39.3,-41.2,-43.1,-43.9,-43.1,-41.2,-42.9,-47.3,-49.3,-47.7,-43.6,-39.2,-37.2,-38.5,-40.0,-42.8,-44.9,-45.9,-45.4,-44.1,-41.9,-39.9,-38.8,-38.2,-38.3,-38.6,-41.2,-40.5,-41.4,-43.3,-45.1,-45.8,-44.9,-43.0,512.9,513.6,514.0,513.8,513.1,512.6,512.0,512.2,516.7,514.3,512.2,511.2,511.9,513.4,515.0,513.2,511.5,511.0,512.0,514.1,513.5,513.4,513.6,513.9,514.2,514.2,514.1,513.7,529.1,530.4,532.0,533.2,533.1,531.9,530.2,529.2,529.5,528.8,528.7,529.7,532.2,535.6,538.8,535.4,532.0,529.6,528.5,528.8,531.0,531.5,532.2,532.7,532.8,532.3,531.5,531.0,27.0,-10.4,640.6,0.136,-0.178,0.009,217.9,218.5,220.2,223.0,228.1,235.8,245.1,255.8,266.4,275.2,281.6,287.5,292.7,296.4,298.8,300.2,300.4,229.2,235.8,244.6,253.5,261.5,276.9,283.4,289.8,296.0,299.8,269.6,270.6,271.8,273.0,261.1,265.8,270.5,274.7,278.2,238.7,244.2,250.3,255.4,250.2,244.0,278.2,283.2,288.7,292.6,289.2,283.7,250.2,258.3,265.6,269.6,273.6,278.6,282.3,278.4,273.4,269.0,264.6,257.5,253.1,265.2,269.3,273.4,280.1,273.1,269.0,264.8,158.7,170.9,183.0,194.6,205.2,214.2,221.5,226.7,227.9,225.7,219.5,211.7,202.5,192.1,181.3,170.1,158.9,149.3,143.9,142.3,143.2,146.1,145.8,142.9,141.9,143.3,148.0,155.4,162.8,170.1,177.6,183.7,185.1,186.3,185.1,183.5,157.6,154.5,154.6,158.3,159.5,159.6,158.1,154.1,154.2,157.1,159.2,159.2,199.8,196.6,194.9,195.9,194.8,196.6,199.3,205.9,208.7,209.3,208.9,206.2,200.0,198.6,199.0,198.5,199.8,202.8,203.5,203.1,-55.1,-54.3,-51.6,-46.8,-37.8,-24.3,-8.3,9.7,27.5,43.0,55.1,66.5,76.2,83.0,87.1,89.7,90.3,-34.1,-23.0,-8.8,5.6,18.4,43.4,54.7,66.2,77.6,85.1,31.5,32.9,34.4,35.8,17.8,25.3,32.7,39.6,45.6,-18.4,-9.5,0.5,8.9,0.3,-9.7,46.6,55.2,64.8,71.9,65.6,56.1,0.3,13.5,25.1,31.5,38.1,46.9,54.1,46.7,38.0,30.7,23.6,12.2,5.1,24.6,31.1,37.9,50.1,37.6,30.7,23.9,-49.4,-28.5,-7.8,12.2,30.5,45.9,57.9,66.0,67.9,65.2,55.9,42.9,26.8,8.3,-11.1,-31.0,-51.2,-62.5,-70.7,-72.9,-70.9,-66.1,-67.5,-73.0,-75.7,-74.6,-67.5,-51.7,-39.4,-27.5,-15.4,-6.0,-3.8,-1.9,-3.9,-6.4,-48.9,-53.7,-53.6,-47.7,-45.5,-45.3,-48.8,-55.5,-55.8,-51.4,-47.4,-47.0,20.2,14.7,11.8,13.6,11.8,14.9,19.8,30.3,34.4,35.2,34.6,30.4,20.5,17.9,18.5,17.8,20.5,24.9,25.8,25.2,670.8,672.7,675.2,676.5,674.9,671.6,665.3,657.2,657.3,666.5,681.3,692.9,697.8,698.0,697.4,698.1,699.7,638.8,633.8,629.7,626.1,624.2,631.8,639.9,649.0,658.4,667.7,628.9,622.4,615.4,608.9,623.9,622.8,622.4,626.1,630.3,637.8,635.5,636.3,637.3,635.8,635.0,646.9,650.0,653.9,659.9,653.6,649.7,641.9,631.0,626.6,627.6,630.3,639.8,654.3,642.7,634.6,631.7,630.6,633.9,640.3,629.1,629.9,632.9,650.9,635.0,631.9,631.2,0.604,0.132,-0.234,0.016,266.426,181.016,-16.048,11.268,-1.555,15.226,6.362,-2.98,-2.99,2.229,2.643,-1.696,-0.601,0.302,-0.052,-2.331,-2.066,-0.28,0.496,1.011,-2.435,-0.236,0.459,-0.289,-0.081,-0.369,-0.09,0.25,0.061,0.014,-0.073,0.002,-0.049,-0.001,0.0,-0.005,0.15,0.04,0.0,0.44,0.0,0.0,0.37,0.0,0.03,0.0,0.0,0.0,0.0,0.0,0.62,0.0,0.0,0.0,1.0,0.0,1.0,0.0,0.0,0.0,0.0,0.0,0.0,0.0,0.0,0.0,0.0,1.0,1.0,1.0,0.0
PP133,g1,121,0,0.975,0.204532,0.150011,-0.967297,0.042628,0.14783,-0.988094,0.126,0.151,243.0,244.3,247.5,250.7,252.0,251.0,247.6,244.4,238.6,240.7,243.6,247.1,250.6,253.2,255.0,252.9,250.0,246.8,243.6,240.7,246.1,247.5,248.9,249.5,248.9,247.5,246.1,245.5,281.0,282.0,284.7,287.7,289.2,288.3,285.5,282.3,278.0,280.0,282.6,285.9,288.9,291.0,292.2,291.1,289.1,286.5,283.5,280.4,283.8,285.1,286.3,286.7,286.1,284.8,283.5,283.1,156.3,153.1,151.7,153.0,156.2,159.8,160.9,159.5,157.9,156.1,154.9,154.3,154.9,156.3,158.3,159.4,159.8,160.0,159.8,159.2,157.8,158.4,157.8,156.4,155.0,154.4,155.0,156.4,155.9,152.7,151.3,152.5,155.6,158.7,160.1,159.2,158.1,155.9,154.4,153.7,154.2,155.3,157.1,158.4,159.1,159.4,159.3,159.0,157.2,157.8,157.2,155.8,154.5,153.9,154.5,155.9,-9.2,-7.5,-3.3,0.9,2.7,1.3,-3.2,-7.4,-15.0,-12.2,-8.4,-3.8,0.7,4.2,6.6,3.8,0.0,-4.2,-8.4,-12.2,-5.1,-3.2,-1.4,-0.7,-1.4,-3.3,-5.1,-5.9,42.0,43.3,47.2,51.4,53.4,52.0,48.1,43.6,37.9,40.5,44.1,48.6,52.9,56.1,58.1,56.2,53.2,49.5,45.2,41.1,45.8,47.7,49.4,50.0,49.1,47.3,45.6,45.0,-40.9,-45.2,-47.0,-45.2,-41.0,-36.3,-34.9,-36.6,-39.1,-41.3,-42.7,-43.4,-42.7,-40.9,-38.4,-36.8,-36.2,-35.9,-36.2,-37.2,-38.9,-38.2,-39.0,-40.8,-42.7,-43.5,-42.7,-40.8,-42.8,-47.1,-49.1,-47.6,-43.5,-39.1,-37.1,-38.3,-39.8,-42.6,-44.7,-45.8,-45.3,-44.0,-41.8,-39.8,-38.7,-38.1,-38.1,-38.5,-41.0,-40.4,-41.3,-43.2,-45.0,-45.7,-44.8,-42.9,511.8,512.5,512.8,512.7,512.0,511.6,511.0,511.2,515.7,513.3,511.1,510.1,510.8,512.3,513.9,512.1,510.4,509.9,510.9,513.1,512.4,512.3,512.5,512.8,513.0,513.1,513.0,512.7,528.2,529.4,531.0,532.2,532.1,530.9,529.2,528.2,528.5,527.8,527.7,528.7,531.3,534.6,537.8,534.4,531.1,528.7,527.6,527.8,530.0,530.5,531.2,531.8,531.8,531.3,530.6,530.0,26.9,-10.3,640.3,0.134,-0.18,0.004,217.6,218.3,220.0,222.9,228.1,235.9,245.3,255.9,266.5,275.3,281.7,287.5,292.7,296.4,298.7,300.0,300.3,228.7,235.3,244.1,253.0,261.0,276.7,283.2,289.6,295.8,299.6,269.3,270.4,271.7,272.9,261.1,265.8,270.5,274.7,278.2,238.5,243.9,250.1,255.2,250.0,243.8,278.0,282.9,288.5,292.4,289.0,283.6,250.3,258.5,265.7,269.6,273.7,278.6,282.3,278.5,273.6,269.2,264.9,257.8,253.2,265.3,269.4,273.4,280.2,273.3,269.1,265.0,158.9,171.1,183.2,194.7,205.3,214.3,221.5,226.7,227.8,225.6,219.4,211.6,202.5,192.1,181.2,170.0,158.8,149.6,144.3,142.5,143.5,146.2,145.9,143.0,142.0,143.3,147.9,155.6,163.0,170.3,177.9,184.0,185.4,186.5,185.2,183.7,157.8,154.8,154.8,158.4,159.8,159.9,158.1,154.2,154.2,157.1,159.2,159.3,199.9,196.9,195.2,196.2,195.1,196.7,199.3,205.5,208.2,208.8,208.5,206.0,200.1,198.9,199.2,198.7,199.7,202.4,203.1,202.7,-55.6,-54.6,-51.8,-47.0,-37.9,-24.3,-8.1,10.0,27.8,43.2,55.2,66.5,76.3,82.9,86.9,89.4,90.0,-34.8,-23.8,-9.6,4.8,17.6,43.2,54.4,65.8,77.2,84.8,31.1,32.5,34.1,35.7,17.7,25.2,32.7,39.5,45.5,-18.8,-9.9,0.1,8.5,-0.1,-10.1,46.3,54.8,64.4,71.6,65.3,55.8,0.5,13.7,25.2,31.5,38.2,46.8,54.2,46.8,38.3,31.1,23.9,12.6,5.3,24.7,31.2,38.0,50.2,37.8,30.9,24.2,-49.1,-28.2,-7.5,12.4,30.7,46.0,57.9,65.9,67.7,65.0,55.7,42.8,26.7,8.2,-11.3,-31.2,-51.4,-61.9,-70.1,-72.5,-70.5,-65.9,-67.3,-72.9,-75.6,-74.5,-67.6,-51.4,-39.1,-27.1,-14.9,-5.6,-3.4,-1.5,-3.6,-6.2,-48.4,-53.2,-53.3,-47.4,-45.1,-44.8,-48.6,-55.4,-55.7,-51.4,-47.4,-46.9,20.4,15.1,12.3,14.0,12.2,15.1,19.7,29.7,33.6,34.4,33.9,30.0,20.7,18.4,18.9,18.1,20.4,24.2,25.2,24.6,670.7,672.7,675.2,676.5,674.8,671.4,665.0,656.8,656.8,666.1,681.2,693.1,698.3,698.5,697.9,698.3,699.8,638.8,633.6,629.4,625.7,623.8,631.4,639.6,648.7,658.2,667.5,628.6,622.0,615.0,608.4,623.6,622.5,622.1,625.7,630.0,637.6,635.2,636.0,637.1,635.5,634.7,646.7,649.8,653.8,659.7,653.4,649.5,641.4,630.6,626.3,627.4,630.0,639.5,654.1,642.0,633.7,630.7,629.7,633.0,639.7,628.8,629.6,632.6,650.4,634.1,631.0,630.4,0.604,0.131,-0.236,0.011,266.355,181.08,-13.128,10.816,-2.868,14.716,6.113,-1.497,-3.888,2.572,2.445,-2.038,-1.27,0.682,0.113,-2.483,-1.788,-0.42,0.211,0.932,-2.37,-0.405,0.441,-0.409,-0.212,-0.394,-0.062,0.255,0.043,0.017,-0.089,-0.001,-0.049,-0.001,0.0,-0.007,0.31,0.2,0.0,0.59,0.0,0.0,0.35,0.0,0.02,0.27,0.0,0.0,0.0,0.0,0.46,0.16,0.0,0.0,1.0,0.0,0.0,0.0,0.0,0.0,0.0,0.0,1.0,0.0,0.0,0.0,0.0,1.0,1.0,1.0,0.0
PP133,g1,127,0,0.975,0.20383,0.146882,-0.967925,0.042986,0.142847,-0.988811,0.125,0.147,242.9,244.2,247.4,250.6,252.0,250.9,247.5,244.3,238.6,240.6,243.5,247.0,250.5,253.1,254.9,252.8,249.9,246.7,243.5,240.7,246.1,247.5,248.8,249.4,248.8,247.4,246.0,245.5,281.0,282.0,284.8,287.8,289.2,288.3,285.5,282.2,278.0,280.0,282.6,285.9,288.9,291.0,292.2,291.1,289.1,286.5,283.5,280.4,283.8,285.1,286.3,286.7,286.1,284.8,283.6,283.1,156.2,152.9,151.6,152.9,156.1,159.6,160.7,159.4,157.8,156.0,154.8,154.2,154.8,156.2,158.2,159.3,159.7,159.9,159.7,159.0,157.7,158.3,157.7,156.3,154.8,154.3,154.9,156.3,155.8,152.7,151.3,152.5,155.6,158.7,160.1,159.2,158.0,155.9,154.4,153.7,154.2,155.3,157.1,158.4,159.1,159.3,159.2,159.0,157.2,157.7,157.2,155.8,154.4,153.9,154.5,155.9,-9.3,-7.6,-3.4,0.8,2.6,1.2,-3.3,-7.5,-15.1,-12.4,-8.5,-3.9,0.6,4.1,6.5,3.7,-0.1,-4.3,-8.5,-12.3,-5.2,-3.3,-1.5,-0.8,-1.6,-3.4,-5.2,-6.0,41.9,43.3,47.2,51.4,53.4,52.0,48.0,43.6,37.9,40.5,44.1,48.6,52.9,56.0,58.1,56.1,53.1,49.4,45.2,41.0,45.8,47.6,49.3,50.0,49.1,47.3,45.5,44.9,-41.1,-45.4,-47.3,-45.5,-41.2,-36.6,-35.1,-36.8,-39.4,-41.5,-42.9,-43.6,-42.9,-41.2,-38.6,-37.1,-36.5,-36.2,-36.5,-37.5,-39.2,-38.4,-39.2,-41.1,-43.0,-43.8,-43.0,-41.1,-42.8,-47.2,-49.2,-47.6,-43.4,-39.1,-37.1,-38.3,-39.9,-42.7,-44.7,-45.8,-45.3,-44.0,-41.8,-39.8,-38.6,-38.1,-38.1,-38.5,-41.1,-40.4,-41.2,-43.2,-45.0,-45.7,-44.8,-42.9,513.1,513.7,514.1,513.9,513.4,513.0,512.4,512.5,517.0,514.5,512.4,511.4,512.1,513.6,515.3,513.5,511.8,511.3,512.3,514.4,513.7,513.7,513.8,514.1,514.3,514.4,514.2,514.0,527.8,529.0,530.7,531.8,531.8,530.6,528.9,527.9,528.1,527.5,527.4,528.4,530.9,534.3,537.5,534.1,530.8,528.3,527.2,527.5,529.7,530.2,530.9,531.4,531.4,530.9,530.2,529.7,26.8,-10.8,641.9,0.122,-0.177,0.005,217.6,218.3,219.9,222.6,227.7,235.6,245.0,255.7,266.4,275.2,281.6,287.5,292.6,296.3,298.5,299.9,300.2,228.5,235.2,244.0,253.0,261.1,276.6,283.2,289.6,295.9,299.7,269.3,270.4,271.6,272.8,260.9,265.6,270.4,274.6,278.1,238.4,243.8,250.0,255.1,249.9,243.7,277.9,283.0,288.5,292.4,289.0,283.5,250.1,258.5,265.5,269.4,273.5,278.3,282.3,278.3,273.6,269.2,264.8,257.9,253.1,265.1,269.1,273.3,280.2,273.2,269.1,264.9,158.9,171.0,182.9,194.4,204.9,213.8,220.9,225.9,227.0,225.0,219.0,211.4,202.3,192.0,181.1,170.0,158.8,149.6,144.3,142.6,143.6,146.3,146.0,143.1,142.1,143.3,148.0,155.4,162.9,170.4,178.1,184.1,185.5,186.7,185.5,183.9,157.7,154.7,154.7,158.3,159.7,159.8,158.0,154.2,154.2,157.1,159.2,159.3,199.5,197.0,195.6,196.6,195.5,197.0,199.0,204.2,206.4,206.9,206.6,204.6,199.8,199.2,199.6,199.0,199.5,200.8,201.4,201.0,-55.9,-54.9,-52.2,-47.6,-38.6,-24.9,-8.5,9.6,27.5,43.0,55.3,66.7,76.5,83.1,87.1,89.7,90.4,-35.3,-24.1,-9.7,4.8,17.8,43.2,54.5,66.0,77.5,85.3,31.1,32.5,34.1,35.6,17.5,25.0,32.6,39.5,45.5,-19.0,-10.1,-0.0,8.3,-0.2,-10.3,46.4,55.0,64.7,71.8,65.5,56.0,0.1,13.7,24.9,31.3,38.0,46.5,54.2,46.5,38.2,31.0,23.9,12.8,5.0,24.4,31.0,37.8,50.3,37.7,30.8,24.1,-49.4,-28.6,-7.9,12.0,30.2,45.4,57.0,64.7,66.4,64.0,55.0,42.5,26.6,8.0,-11.5,-31.4,-51.7,-62.3,-70.4,-72.7,-70.7,-66.0,-67.4,-72.9,-75.7,-74.6,-67.7,-51.8,-39.3,-27.0,-14.6,-5.4,-3.1,-1.2,-3.3,-5.8,-48.9,-53.6,-53.6,-47.8,-45.5,-45.2,-49.0,-55.6,-55.9,-51.6,-47.5,-47.1,19.8,15.4,13.0,14.7,13.0,15.6,19.3,27.5,30.6,31.4,30.8,27.7,20.1,18.9,19.5,18.7,20.0,21.6,22.4,21.9,674.3,675.9,678.3,679.3,677.3,673.3,666.1,657.2,657.0,666.7,682.8,695.5,701.3,701.9,701.4,701.5,703.0,642.3,636.8,632.5,628.7,626.4,633.8,641.8,651.0,660.4,669.8,631.2,624.3,617.0,610.2,625.9,624.5,623.9,627.7,632.0,640.4,638.0,638.7,639.7,638.0,637.3,649.3,652.3,656.2,662.1,655.8,652.0,642.8,632.5,628.5,629.7,632.3,641.5,655.7,642.4,633.7,630.6,629.6,633.5,640.8,630.8,631.6,634.7,651.7,634.4,631.2,630.7,0.602,0.119,-0.233,0.012,266.259,180.837,-6.843,9.858,-6.978,12.484,5.414,3.716,-6.232,1.418,1.563,-1.373,-1.393,1.16,-0.395,-2.136,-1.809,-0.542,-0.475,1.155,-2.215,-0.868,0.288,-0.773,0.002,-0.253,-0.04,0.007,-0.04,-0.018,-0.113,-0.013,-0.051,0.007,0.001,-0.01,0.35,0.17,0.0,0.56,0.0,0.0,0.47,0.0,0.0,0.57,0.0,0.0,0.0,0.0,0.0,0.26,0.0,1.0,1.0,0.0,1.0,0.0,0.0,1.0,0.0,0.0,1.0,0.0,0.0,0.0,0.0,0.0,1.0,1.0,0.0
PP133,g1,133,0,0.975,0.201383,0.143618,-0.968927,0.040327,0.139283,-0.989431,0.123,0.143,242.8,244.1,247.3,250.4,251.8,250.7,247.3,244.2,238.5,240.5,243.4,246.9,250.3,252.9,254.7,252.7,249.8,246.6,243.4,240.6,245.9,247.3,248.7,249.3,248.7,247.3,245.9,245.3,280.8,281.8,284.6,287.6,289.0,288.1,285.3,282.0,277.8,279.8,282.4,285.7,288.7,290.7,292.0,290.8,288.9,286.3,283.3,280.2,283.6,284.9,286.1,286.5,285.9,284.6,283.4,282.9,156.2,153.0,151.7,153.0,156.2,159.6,160.7,159.4,157.8,156.0,154.8,154.2,154.8,156.2,158.2,159.3,159.7,159.9,159.7,159.1,157.7,158.3,157.7,156.3,154.9,154.3,154.9,156.3,155.9,152.7,151.4,152.6,155.7,158.8,160.1,159.2,158.0,155.9,154.4,153.7,154.2,155.4,157.2,158.5,159.1,159.4,159.3,159.0,157.3,157.8,157.2,155.8,154.5,154.0,154.6,155.9,-9.5,-7.8,-3.6,0.6,2.4,0.9,-3.5,-7.7,-15.3,-12.6,-8.7,-4.1,0.4,3.9,6.2,3.5,-0.3,-4.5,-8.7,-12.5,-5.4,-3.6,-1.7,-1.0,-1.8,-3.6,-5.4,-6.2,41.8,43.2,47.1,51.3,53.2,51.8,47.9,43.4,37.7,40.3,43.9,48.5,52.7,55.9,57.9,56.0,53.0,49.2,45.0,40.9,45.6,47.5,49.2,49.8,48.9,47.1,45.4,44.8,-41.3,-45.6,-47.4,-45.7,-41.4,-36.8,-35.3,-37.0,-39.5,-41.7,-43.1,-43.8,-43.1,-41.3,-38.8,-37.3,-36.6,-36.3,-36.7,-37.6,-39.4,-38.6,-39.4,-41.3,-43.2,-43.9,-43.1,-41.3,-42.9,-47.2,-49.2,-47.7,-43.5,-39.1,-37.1,-38.4,-40.0,-42.7,-44.8,-45.8,-45.3,-44.0,-41.8,-39.8,-38.7,-38.1,-38.2,-38.6,-41.1,-40.4,-41.3,-43.2,-45.0,-45.7,-44.8,-42.9,515.9,516.6,516.9,516.8,516.2,515.8,515.2,515.4,519.8,517.4,515.2,514.3,515.0,516.5,518.1,516.4,514.6,514.2,515.1,517.3,516.6,516.5,516.7,517.0,517.2,517.3,517.1,516.8,529.3,530.5,532.1,533.3,533.2,532.0,530.4,529.3,529.6,528.9,528.8,529.8,532.4,535.7,538.9,535.5,532.2,529.8,528.7,528.9,531.1,531.6,532.3,532.9,532.9,532.4,531.7,531.1,26.6,-11.1,645.6,0.117,-0.171,0.005,217.6,218.2,219.9,222.6,227.7,235.5,244.9,255.6,266.2,275.1,281.6,287.5,292.6,296.2,298.4,299.9,300.2,228.5,235.1,243.9,252.8,261.0,276.3,283.0,289.4,295.7,299.6,269.0,270.1,271.3,272.4,260.6,265.4,270.1,274.2,277.7,238.3,243.7,249.8,254.9,249.7,243.6,277.7,282.8,288.3,292.2,288.8,283.3,250.0,258.3,265.1,269.0,273.1,277.9,281.9,277.8,273.2,268.8,264.5,257.8,253.0,264.8,268.8,272.9,279.8,272.8,268.8,264.6,159.1,171.0,182.9,194.3,204.7,213.5,220.4,225.3,226.3,224.4,218.5,211.0,202.0,191.8,181.0,170.0,158.8,149.7,144.4,142.7,143.7,146.4,146.0,143.2,142.2,143.5,148.2,155.4,162.9,170.4,178.1,184.0,185.5,186.7,185.4,183.9,157.7,154.7,154.7,158.3,159.7,159.8,158.1,154.2,154.3,157.1,159.2,159.3,199.1,196.8,195.4,196.5,195.4,196.8,198.8,203.5,205.4,205.9,205.6,203.7,199.4,199.0,199.4,198.9,199.2,200.0,200.6,200.2,-56.4,-55.4,-52.6,-48.0,-39.0,-25.2,-8.7,9.5,27.4,43.1,55.5,67.1,76.9,83.6,87.5,90.1,90.8,-35.7,-24.4,-9.9,4.6,17.7,43.0,54.5,66.1,77.6,85.5,30.9,32.3,33.8,35.3,17.2,24.7,32.3,39.1,45.1,-19.3,-10.3,-0.3,8.1,-0.5,-10.5,46.4,55.0,64.7,71.9,65.5,56.0,0.0,13.6,24.5,30.9,37.6,46.0,53.8,46.0,37.8,30.6,23.5,12.7,4.9,24.0,30.6,37.4,50.0,37.3,30.5,23.8,-49.4,-28.7,-8.1,11.8,30.0,45.0,56.4,64.0,65.6,63.2,54.4,42.0,26.2,7.7,-11.8,-31.7,-51.9,-62.6,-70.7,-73.0,-71.0,-66.3,-67.7,-73.2,-75.9,-74.9,-67.8,-52.2,-39.5,-27.1,-14.7,-5.6,-3.3,-1.3,-3.4,-5.9,-49.2,-53.9,-53.9,-48.1,-45.7,-45.4,-49.2,-55.9,-56.2,-51.8,-47.7,-47.3,19.3,15.2,12.8,14.6,12.8,15.4,19.0,26.5,29.3,29.9,29.4,26.5,19.6,18.7,19.3,18.6,19.6,20.4,21.2,20.7,679.5,680.9,683.0,683.8,681.6,677.4,669.8,660.6,660.3,670.1,686.3,699.1,705.2,706.0,705.8,705.9,707.4,647.1,641.6,637.2,633.2,630.7,637.8,645.7,654.8,664.2,673.7,635.3,628.4,621.0,614.3,629.9,628.5,627.9,631.6,635.8,645.0,642.5,643.0,644.0,642.2,641.7,653.2,656.2,660.0,665.8,659.6,655.8,646.5,636.5,632.6,633.6,636.2,645.1,659.0,645.5,636.9,633.8,633.0,637.0,644.4,634.6,635.4,638.5,655.0,637.7,634.5,634.1,0.599,0.113,-0.226,0.011,266.057,180.652,-4.295,9.444,-8.691,10.896,5.772,5.031,-6.421,0.416,0.94,-1.069,-1.244,1.133,-0.433,-2.003,-1.443,-0.652,-0.644,1.477,-2.217,-0.782,-0.069,-0.613,0.199,-0.24,-0.022,-0.075,-0.023,-0.031,-0.11,-0.019,-0.046,0.009,-0.0,-0.01,0.07,0.0,0.0,0.86,0.0,0.0,0.45,0.0,0.0,0.52,0.0,0.0,0.0,0.0,0.0,0.0,0.0,0.0,1.0,0.0,1.0,0.0,0.0,1.0,0.0,0.0,1.0,0.0,0.0,0.0,0.0,0.0,0.0,1.0,0.0
PP133,g1,139,0,0.975,0.200197,0.145543,-0.968885,0.039659,0.140526,-0.989282,0.122,0.145,242.9,244.2,247.3,250.5,251.8,250.7,247.4,244.2,238.5,240.6,243.5,246.9,250.4,252.9,254.7,252.7,249.8,246.6,243.4,240.6,246.0,247.3,248.7,249.3,248.7,247.3,245.9,245.4,280.8,281.8,284.6,287.5,289.0,288.0,285.2,282.0,277.8,279.8,282.4,285.7,288.6,290.7,291.9,290.8,288.8,286.2,283.2,280.1,283.5,284.8,286.0,286.5,285.8,284.5,283.3,282.9,156.2,153.0,151.7,153.0,156.2,159.6,160.7,159.4,157.7,156.0,154.8,154.2,154.8,156.2,158.2,159.3,159.7,159.9,159.7,159.0,157.7,158.3,157.7,156.3,154.9,154.3,154.9,156.3,156.0,152.9,151.5,152.8,155.8,159.0,160.3,159.3,158.1,156.1,154.6,153.9,154.4,155.6,157.4,158.6,159.3,159.5,159.4,159.1,157.4,157.9,157.4,156.0,154.7,154.1,154.7,156.1,-9.4,-7.7,-3.6,0.6,2.4,1.0,-3.5,-7.7,-15.3,-12.5,-8.7,-4.1,0.5,3.9,6.3,3.5,-0.3,-4.5,-8.7,-12.5,-5.4,-3.5,-1.7,-1.0,-1.7,-3.6,-5.4,-6.1,41.8,43.3,47.2,51.4,53.3,51.9,47.9,43.4,37.8,40.4,44.0,48.6,52.8,56.0,58.0,56.0,53.0,49.3,45.1,40.9,45.7,47.5,49.2,49.9,49.0,47.2,45.5,44.8,-41.5,-45.8,-47.6,-45.9,-41.6,-36.9,-35.5,-37.2,-39.8,-41.9,-43.3,-44.0,-43.3,-41.5,-39.0,-37.4,-36.8,-36.5,-36.8,-37.9,-39.6,-38.8,-39.6,-41.5,-43.3,-44.1,-43.3,-41.4,-42.8,-47.1,-49.1,-47.5,-43.3,-39.0,-37.0,-38.3,-39.9,-42.7,-44.7,-45.7,-45.2,-43.9,-41.7,-39.7,-38.5,-38.0,-38.1,-38.5,-41.0,-40.3,-41.2,-43.1,-44.9,-45.6,-44.7,-42.8,518.0,518.6,518.9,518.8,518.3,517.9,517.3,517.4,521.9,519.4,517.2,516.3,517.0,518.5,520.2,518.4,516.7,516.2,517.2,519.3,518.6,518.6,518.7,519.0,519.2,519.3,519.1,518.9,530.5,531.7,533.4,534.5,534.5,533.3,531.6,530.6,530.8,530.2,530.0,531.0,533.6,537.0,540.2,536.8,533.5,531.0,529.9,530.2,532.4,532.9,533.6,534.1,534.1,533.6,532.9,532.4,26.4,-11.1,646.6,0.118,-0.169,0.01,217.6,218.2,219.8,222.4,227.4,235.2,244.5,255.2,265.8,274.8,281.3,287.3,292.4,296.1,298.3,299.8,300.2,228.6,235.2,244.0,252.9,261.0,276.3,283.0,289.5,295.7,299.6,269.0,270.0,271.1,272.2,260.5,265.2,269.9,274.0,277.5,238.4,243.8,249.9,254.9,249.7,243.6,277.7,282.7,288.3,292.1,288.7,283.3,249.9,258.1,264.9,268.8,272.9,277.6,281.6,277.5,272.9,268.5,264.2,257.6,252.8,264.5,268.5,272.6,279.5,272.6,268.5,264.4,158.8,170.8,182.6,194.0,204.4,213.3,220.3,225.2,226.3,224.4,218.5,211.0,202.0,191.8,181.0,170.0,158.8,149.7,144.5,142.8,143.8,146.5,146.2,143.4,142.4,143.7,148.5,155.5,163.0,170.5,178.2,184.0,185.4,186.7,185.4,183.9,157.7,154.7,154.7,158.3,159.7,159.8,158.2,154.4,154.4,157.3,159.4,159.5,199.1,196.8,195.4,196.5,195.4,196.9,198.9,203.5,205.4,205.8,205.5,203.6,199.4,199.0,199.4,198.9,199.3,199.9,200.5,200.1,-56.4,-55.5,-52.9,-48.3,-39.5,-25.8,-9.4,8.8,26.8,42.6,55.1,66.9,76.8,83.4,87.4,90.1,90.9,-35.6,-24.3,-9.8,4.7,17.8,43.1,54.6,66.2,77.9,85.6,30.9,32.2,33.7,35.0,16.9,24.4,32.0,38.9,44.9,-19.2,-10.3,-0.2,8.1,-0.4,-10.5,46.4,55.1,64.7,71.9,65.5,56.0,-0.2,13.3,24.1,30.5,37.3,45.7,53.4,45.6,37.3,30.1,23.1,12.3,4.6,23.6,30.2,37.0,49.6,36.9,30.1,23.3,-50.0,-29.2,-8.6,11.4,29.6,44.8,56.3,63.9,65.7,63.4,54.6,42.1,26.3,7.7,-11.8,-31.7,-52.0,-62.7,-70.8,-73.1,-71.0,-66.3,-67.6,-73.1,-75.7,-74.5,-67.3,-52.1,-39.5,-27.2,-14.7,-5.7,-3.3,-1.3,-3.3,-5.8,-49.3,-54.0,-54.0,-48.2,-45.8,-45.6,-49.1,-55.7,-55.9,-51.5,-47.5,-47.2,19.2,15.1,12.8,14.6,12.9,15.6,19.2,26.5,29.2,29.8,29.2,26.3,19.6,18.7,19.4,18.7,19.8,20.3,21.1,20.5,680.9,682.2,684.4,685.1,682.8,678.6,671.0,661.8,661.5,671.2,687.5,700.3,706.3,707.2,706.9,706.9,708.3,648.4,642.8,638.5,634.5,632.0,639.0,646.8,655.9,665.2,674.7,636.5,629.6,622.3,615.6,631.2,629.7,629.1,632.8,637.0,646.2,643.6,644.2,645.1,643.4,642.9,654.4,657.3,661.0,666.8,660.6,656.9,647.6,637.6,633.7,634.7,637.3,646.2,660.0,646.5,637.9,634.8,634.0,638.1,645.5,635.7,636.5,639.6,656.0,638.7,635.6,635.2,0.597,0.115,-0.223,0.016,265.918,180.658,-4.085,9.498,-9.13,10.654,5.272,4.925,-6.48,-0.321,1.027,-1.229,-1.432,1.056,-0.418,-1.928,-1.472,-0.523,-0.606,1.524,-2.195,-0.878,-0.149,-0.533,0.262,-0.297,0.054,-0.147,-0.004,-0.036,-0.106,-0.019,-0.039,0.009,-0.002,-0.008,0.38,0.0,0.0,0.82,0.0,0.0,0.53,0.0,0.0,0.61,0.0,0.0,0.0,0.0,0.0,0.18,0.0,1.0,1.0,0.0,1.0,0.0,0.0,1.0,0.0,0.0,1.0,0.0,0.0,0.0,0.0,0.0,0.0,1.0,0.0
PP133,g1,145,0,0.975,0.202684,0.147015,-0.968146,0.04077,0.142578,-0.988943,0.124,0.147,243.2,244.4,247.6,250.8,252.1,251.0,247.6,244.5,238.8,240.8,243.7,247.2,250.6,253.2,255.0,252.9,250.1,246.9,243.7,240.9,246.2,247.6,249.0,249.6,249.0,247.6,246.2,245.7,281.1,282.1,284.8,287.8,289.2,288.3,285.5,282.3,278.1,280.1,282.7,286.0,288.9,291.0,292.2,291.1,289.1,286.6,283.5,280.5,283.8,285.1,286.3,286.8,286.1,284.8,283.6,283.2,156.4,153.2,151.8,153.1,156.3,159.8,160.9,159.6,157.9,156.1,155.0,154.4,155.0,156.4,158.4,159.5,159.9,160.1,159.8,159.2,157.9,158.4,157.8,156.4,155.0,154.5,155.1,156.5,156.1,153.0,151.6,152.8,155.9,159.0,160.4,159.4,158.2,156.2,154.7,154.0,154.5,155.6,157.4,158.7,159.3,159.6,159.5,159.2,157.5,158.0,157.4,156.1,154.7,154.2,154.8,156.2,-9.1,-7.4,-3.2,1.0,2.8,1.3,-3.1,-7.3,-15.0,-12.2,-8.3,-3.7,0.8,4.3,6.6,3.9,0.1,-4.1,-8.3,-12.1,-5.0,-3.2,-1.3,-0.6,-1.4,-3.2,-5.0,-5.8,42.3,43.7,47.7,51.8,53.8,52.4,48.4,43.9,38.3,40.9,44.5,49.0,53.3,56.4,58.5,56.5,53.5,49.8,45.6,41.4,46.2,48.0,49.7,50.3,49.5,47.7,45.9,45.3,-41.2,-45.5,-47.4,-45.6,-41.3,-36.7,-35.2,-37.0,-39.5,-41.7,-43.0,-43.7,-43.0,-41.2,-38.7,-37.2,-36.5,-36.2,-36.6,-37.6,-39.3,-38.5,-39.3,-41.2,-43.1,-43.9,-43.1,-41.2,-42.7,-47.1,-49.0,-47.5,-43.3,-38.9,-37.0,-38.2,-39.9,-42.6,-44.6,-45.6,-45.1,-43.9,-41.7,-39.7,-38.5,-38.0,-38.0,-38.5,-41.0,-40.3,-41.1,-43.0,-44.9,-45.6,-44.7,-42.8,517.4,518.0,518.3,518.2,517.7,517.3,516.7,516.8,521.3,518.8,516.7,515.7,516.4,517.9,519.6,517.8,516.1,515.6,516.6,518.7,518.0,518.0,518.1,518.4,518.6,518.7,518.5,518.3,531.4,532.6,534.2,535.4,535.3,534.1,532.5,531.5,531.7,531.0,530.9,531.9,534.5,537.8,541.0,537.7,534.3,531.9,530.8,531.0,533.2,533.7,534.5,535.0,535.0,534.5,533.8,533.2,27.0,-11.0,646.8,0.119,-0.172,0.008,217.9,218.4,220.0,222.7,227.7,235.5,244.9,255.6,266.2,275.1,281.6,287.6,292.8,296.4,298.6,300.1,300.4,228.9,235.6,244.4,253.2,261.3,276.7,283.3,289.7,295.9,299.9,269.3,270.3,271.5,272.6,260.9,265.6,270.3,274.4,277.9,238.6,244.0,250.1,255.2,250.0,243.9,278.0,283.0,288.5,292.4,289.0,283.6,250.3,258.6,265.3,269.2,273.3,278.0,282.0,278.0,273.3,269.0,264.7,258.0,253.2,264.9,269.0,273.0,279.9,273.0,268.9,264.8,159.0,171.0,182.8,194.2,204.6,213.4,220.4,225.3,226.4,224.4,218.5,211.0,202.1,191.8,181.0,170.0,158.8,149.7,144.5,142.9,144.0,146.7,146.3,143.5,142.5,143.7,148.4,155.7,163.1,170.6,178.3,184.1,185.6,186.8,185.6,184.0,157.8,154.9,154.9,158.5,159.8,160.0,158.3,154.5,154.5,157.4,159.5,159.5,199.2,196.9,195.5,196.6,195.5,196.9,198.9,203.5,205.4,205.9,205.5,203.7,199.5,199.1,199.5,199.0,199.3,199.9,200.5,200.2,-56.0,-55.1,-52.5,-47.9,-39.0,-25.2,-8.7,9.5,27.5,43.2,55.7,67.5,77.4,84.1,88.0,90.7,91.5,-35.0,-23.6,-9.1,5.2,18.2,43.7,55.1,66.7,78.2,86.1,31.4,32.8,34.3,35.7,17.6,25.1,32.6,39.5,45.5,-18.8,-9.8,0.2,8.6,0.0,-10.1,46.9,55.6,65.2,72.4,66.0,56.5,0.5,14.0,24.9,31.2,38.0,46.3,54.1,46.3,38.1,30.9,23.9,13.1,5.4,24.3,30.9,37.7,50.2,37.7,30.8,24.1,-49.6,-28.8,-8.2,11.7,29.9,45.0,56.5,64.1,65.8,63.5,54.7,42.2,26.3,7.8,-11.8,-31.7,-52.0,-62.8,-70.7,-72.8,-70.7,-66.0,-67.4,-72.9,-75.6,-74.6,-67.6,-51.9,-39.3,-26.9,-14.5,-5.5,-3.1,-1.2,-3.2,-5.7,-49.1,-53.7,-53.7,-47.9,-45.6,-45.3,-49.0,-55.6,-55.8,-51.5,-47.4,-47.0,19.4,15.3,13.0,14.8,13.0,15.6,19.3,26.5,29.2,29.8,29.3,26.4,19.8,18.9,19.6,18.8,19.8,20.3,21.1,20.6,680.4,681.9,684.1,684.9,682.8,678.6,671.1,661.9,661.7,671.5,687.7,700.6,706.7,707.5,707.2,707.2,708.5,648.0,642.5,638.3,634.4,632.0,639.0,646.9,656.0,665.3,674.8,636.6,629.8,622.5,615.8,631.3,629.9,629.4,633.0,637.2,646.1,643.6,644.2,645.2,643.4,642.8,654.5,657.4,661.2,667.1,660.9,657.1,647.6,637.6,633.9,634.9,637.5,646.5,660.2,646.6,638.1,635.0,634.1,638.1,645.4,635.9,636.7,639.8,656.2,638.9,635.7,635.3,0.597,0.116,-0.227,0.014,266.27,180.744,-4.151,9.29,-9.577,10.131,5.208,4.94,-6.531,-0.026,0.742,-1.561,-1.012,1.27,-0.695,-2.029,-1.297,-0.675,-0.735,1.328,-2.267,-1.019,-0.198,-0.489,0.2,-0.296,0.048,-0.109,0.009,-0.018,-0.108,-0.024,-0.033,0.008,0.002,-0.008,0.29,0.13,0.0,0.42,0.0,0.0,0.52,0.0,0.0,0.91,0.0,0.0,0.0,0.0,0.0,0.14,0.0,0.0,1.0,0.0,0.0,0.0,0.0,1.0,0.0,0.0,1.0,0.0,0.0,0.0,0.0,0.0,1.0,1.0,0.0
PP133,g1,150,0,0.975,0.203292,0.149896,-0.967576,0.041802,0.145389,-0.988491,0.125,0.15,243.7,245.0,248.1,251.3,252.6,251.5,248.1,245.0,239.3,241.4,244.2,247.7,251.1,253.7,255.5,253.4,250.6,247.4,244.2,241.4,246.7,248.1,249.5,250.1,249.5,248.1,246.7,246.2,281.6,282.5,285.3,288.3,289.7,288.7,285.9,282.7,278.6,280.5,283.2,286.4,289.4,291.4,292.6,291.5,289.5,287.0,284.0,280.9,284.3,285.6,286.8,287.2,286.6,285.3,284.1,283.6,156.3,153.1,151.8,153.1,156.3,159.8,160.8,159.5,157.9,156.1,154.9,154.3,154.9,156.4,158.4,159.4,159.8,160.0,159.8,159.2,157.8,158.4,157.8,156.4,155.0,154.4,155.0,156.4,156.1,153.0,151.6,152.9,155.9,159.0,160.4,159.4,158.2,156.2,154.7,154.0,154.5,155.6,157.4,158.7,159.3,159.6,159.5,159.2,157.5,158.0,157.4,156.1,154.7,154.2,154.8,156.2,-8.4,-6.7,-2.5,1.7,3.4,2.0,-2.5,-6.6,-14.3,-11.5,-7.6,-3.0,1.5,4.9,7.3,4.6,0.7,-3.5,-7.7,-11.4,-4.3,-2.5,-0.7,0.1,-0.7,-2.5,-4.4,-5.1,43.0,44.4,48.3,52.5,54.4,53.0,49.1,44.6,38.9,41.5,45.1,49.7,53.9,57.1,59.1,57.2,54.2,50.4,46.2,42.1,46.8,48.7,50.4,51.0,50.2,48.3,46.6,46.0,-41.4,-45.7,-47.5,-45.7,-41.4,-36.8,-35.3,-37.1,-39.6,-41.8,-43.2,-43.9,-43.1,-41.4,-38.8,-37.3,-36.6,-36.3,-36.7,-37.7,-39.4,-38.7,-39.5,-41.3,-43.2,-44.0,-43.2,-41.3,-42.8,-47.1,-49.1,-47.6,-43.4,-39.0,-37.1,-38.3,-39.9,-42.7,-44.7,-45.7,-45.2,-43.9,-41.7,-39.7,-38.6,-38.0,-38.1,-38.5,-41.0,-40.3,-41.2,-43.1,-44.9,-45.6,-44.8,-42.9,518.4,519.0,519.4,519.3,518.7,518.4,517.8,517.9,522.3,519.8,517.7,516.7,517.5,519.0,520.7,518.9,517.2,516.7,517.6,519.7,519.1,519.0,519.2,519.5,519.7,519.7,519.6,519.3,532.2,533.4,535.0,536.2,536.2,535.0,533.3,532.3,532.5,531.9,531.7,532.7,535.3,538.7,541.9,538.5,535.2,532.8,531.7,531.8,534.1,534.6,535.3,535.8,535.8,535.3,534.6,534.1,27.7,-11.0,647.3,0.123,-0.174,0.01,218.3,218.8,220.4,223.0,228.0,235.8,245.3,255.9,266.5,275.4,281.9,287.9,293.0,296.7,298.9,300.4,300.8,229.5,236.2,244.9,253.7,261.7,277.2,283.8,290.2,296.4,300.2,269.8,270.8,272.0,273.1,261.3,266.0,270.7,274.8,278.3,239.2,244.6,250.7,255.7,250.5,244.4,278.5,283.5,289.0,292.8,289.5,284.0,250.7,259.0,265.8,269.6,273.7,278.3,282.3,278.3,273.7,269.4,265.1,258.4,253.7,265.3,269.3,273.4,280.2,273.4,269.3,265.2,158.9,170.9,182.7,194.1,204.5,213.3,220.3,225.3,226.3,224.4,218.5,210.9,201.9,191.7,180.9,169.9,158.7,149.7,144.5,142.9,143.9,146.6,146.3,143.5,142.5,143.7,148.4,155.7,163.2,170.6,178.3,184.1,185.6,186.8,185.6,184.1,157.8,154.8,154.9,158.5,159.8,159.9,158.3,154.5,154.5,157.4,159.5,159.5,199.2,196.9,195.5,196.6,195.5,196.9,198.9,203.6,205.5,206.0,205.6,203.8,199.5,199.1,199.5,199.0,199.3,200.0,200.6,200.2,-55.3,-54.5,-51.9,-47.3,-38.4,-24.6,-8.2,10.1,28.0,43.7,56.2,68.0,77.9,84.6,88.6,91.3,92.1,-34.0,-22.7,-8.3,6.0,18.9,44.6,56.0,67.5,79.0,86.8,32.2,33.6,35.0,36.4,18.3,25.8,33.3,40.2,46.2,-17.9,-9.0,1.1,9.3,0.8,-9.2,47.7,56.4,66.0,73.1,66.8,57.3,1.2,14.7,25.6,31.9,38.6,47.0,54.7,46.9,38.7,31.5,24.5,13.8,6.0,25.0,31.6,38.4,50.8,38.3,31.5,24.8,-49.8,-29.0,-8.4,11.5,29.7,44.9,56.4,64.1,65.9,63.5,54.6,42.1,26.2,7.6,-12.0,-31.9,-52.3,-62.8,-70.7,-72.9,-70.8,-66.1,-67.5,-72.9,-75.6,-74.6,-67.6,-51.9,-39.3,-26.9,-14.5,-5.5,-3.1,-1.1,-3.1,-5.6,-49.1,-53.8,-53.8,-48.0,-45.6,-45.4,-49.0,-55.6,-55.8,-51.5,-47.4,-47.1,19.4,15.3,13.0,14.8,13.0,15.6,19.3,26.7,29.4,30.1,29.5,26.6,19.8,18.9,19.6,18.8,19.9,20.5,21.3,20.7,680.3,681.8,684.1,685.0,683.0,678.9,671.5,662.6,662.5,672.3,688.5,701.3,707.3,708.0,707.6,707.5,708.7,647.9,642.5,638.4,634.6,632.3,639.5,647.3,656.3,665.6,674.9,636.9,630.2,623.0,616.4,631.7,630.4,629.9,633.6,637.8,646.1,643.6,644.3,645.3,643.5,642.9,654.8,657.7,661.5,667.3,661.2,657.4,648.1,638.2,634.4,635.5,638.0,647.1,660.8,647.4,638.8,635.7,634.8,638.7,646.0,636.5,637.3,640.4,656.8,639.5,636.4,635.9,0.597,0.12,-0.23,0.016,266.672,180.729,-5.034,9.393,-9.618,10.068,5.163,4.704,-6.324,-0.195,0.692,-1.653,-1.141,1.21,-0.36,-2.308,-1.357,-0.669,-0.584,1.414,-2.068,-0.974,-0.135,-0.517,0.204,-0.294,0.043,-0.085,-0.001,-0.025,-0.115,-0.02,-0.039,0.005,-0.003,-0.006,0.38,0.07,0.0,0.57,0.0,0.0,0.64,0.0,0.0,1.08,0.0,0.0,0.0,0.0,0.0,0.05,0.0,0.0,1.0,0.0,0.0,0.0,0.0,1.0,0.0,0.0,1.0,0.0,0.0,0.0,0.0,0.0,0.0,1.0,0.0
PP133,g1,156,0,0.975,0.203629,0.147445,-0.967882,0.041416,0.143187,-0.988829,0.125,0.147,243.5,244.8,247.9,251.1,252.4,251.4,248.0,244.8,239.1,241.2,244.1,247.5,251.0,253.6,255.3,253.3,250.4,247.2,244.1,241.2,246.6,248.0,249.3,249.9,249.3,247.9,246.6,246.0,281.4,282.4,285.1,288.1,289.5,288.6,285.8,282.6,278.4,280.3,283.0,286.3,289.2,291.3,292.5,291.3,289.4,286.8,283.8,280.7,284.1,285.4,286.6,287.0,286.4,285.1,283.9,283.5,156.3,153.1,151.7,153.0,156.2,159.7,160.8,159.5,157.8,156.0,154.9,154.3,154.9,156.3,158.3,159.4,159.8,160.0,159.7,159.1,157.8,158.3,157.8,156.4,155.0,154.4,155.0,156.4,156.0,152.9,151.6,152.8,155.8,158.9,160.3,159.3,158.2,156.1,154.6,153.9,154.4,155.6,157.3,158.6,159.3,159.5,159.4,159.1,157.4,158.0,157.4,156.0,154.7,154.1,154.7,156.1,-8.6,-6.9,-2.7,1.5,3.2,1.8,-2.7,-6.8,-14.5,-11.7,-7.8,-3.2,1.3,4.7,7.1,4.4,0.5,-3.7,-7.9,-11.7,-4.5,-2.7,-0.9,-0.1,-0.9,-2.7,-4.6,-5.3,42.7,44.1,48.0,52.2,54.1,52.7,48.8,44.3,38.6,41.2,44.8,49.4,53.6,56.8,58.8,56.9,53.9,50.1,45.9,41.8,46.5,48.4,50.1,50.7,49.9,48.0,46.3,45.7,-41.3,-45.6,-47.4,-45.7,-41.4,-36.8,-35.3,-37.0,-39.6,-41.8,-43.1,-43.8,-43.1,-41.3,-38.8,-37.2,-36.6,-36.3,-36.7,-37.7,-39.4,-38.6,-39.4,-41.3,-43.2,-43.9,-43.2,-41.3,-42.8,-47.1,-49.1,-47.6,-43.4,-39.0,-37.1,-38.3,-39.9,-42.7,-44.7,-45.7,-45.2,-43.9,-41.7,-39.7,-38.6,-38.0,-38.1,-38.5,-41.0,-40.3,-41.2,-43.1,-44.9,-45.6,-44.8,-42.9,516.9,517.6,517.9,517.8,517.3,516.9,516.3,516.4,520.8,518.4,516.2,515.3,516.0,517.5,519.2,517.4,515.7,515.2,516.2,518.3,517.6,517.6,517.7,518.0,518.2,518.3,518.1,517.9,531.0,532.2,533.9,535.0,535.0,533.8,532.1,531.1,531.3,530.7,530.5,531.5,534.1,537.5,540.7,537.3,534.0,531.6,530.5,530.7,532.9,533.4,534.1,534.6,534.6,534.1,533.4,532.9,27.5,-11.1,646.8,0.12,-0.174,0.009,218.1,218.7,220.3,222.9,227.9,235.7,245.1,255.8,266.4,275.3,281.8,287.8,293.0,296.6,298.8,300.3,300.7,229.2,235.9,244.7,253.5,261.6,277.0,283.6,290.0,296.2,300.1,269.6,270.7,271.8,272.9,261.2,265.9,270.6,274.7,278.2,239.0,244.4,250.5,255.5,250.4,244.2,278.3,283.3,288.8,292.7,289.3,283.9,250.6,258.9,265.6,269.5,273.6,278.3,282.2,278.2,273.6,269.3,265.0,258.3,253.6,265.2,269.2,273.3,280.1,273.3,269.2,265.1,158.9,170.8,182.7,194.1,204.5,213.3,220.3,225.3,226.3,224.4,218.5,211.0,202.0,191.7,180.9,169.9,158.7,149.7,144.4,142.8,143.8,146.6,146.2,143.4,142.4,143.6,148.3,155.6,163.1,170.5,178.2,184.0,185.5,186.7,185.4,183.9,157.7,154.8,154.8,158.4,159.8,159.9,158.2,154.4,154.4,157.3,159.4,159.5,199.1,196.7,195.3,196.4,195.3,196.8,198.8,203.5,205.4,205.9,205.6,203.7,199.4,199.0,199.4,198.8,199.2,199.9,200.5,200.2,-55.5,-54.7,-52.0,-47.5,-38.6,-24.9,-8.4,9.9,27.8,43.5,56.0,67.8,77.7,84.4,88.4,91.1,91.9,-34.5,-23.2,-8.7,5.7,18.8,44.1,55.6,67.2,78.7,86.6,31.9,33.3,34.8,36.2,18.1,25.6,33.1,40.0,46.0,-18.2,-9.3,0.8,9.1,0.6,-9.5,47.4,56.1,65.7,72.9,66.5,57.0,1.0,14.5,25.4,31.7,38.5,46.8,54.5,46.7,38.5,31.3,24.3,13.6,5.9,24.8,31.4,38.2,50.6,38.1,31.3,24.6,-49.8,-29.1,-8.4,11.5,29.7,44.8,56.3,64.0,65.8,63.4,54.5,42.1,26.2,7.6,-12.0,-31.9,-52.3,-62.8,-70.8,-73.0,-70.9,-66.2,-67.6,-73.0,-75.7,-74.7,-67.7,-52.0,-39.4,-27.1,-14.7,-5.6,-3.3,-1.3,-3.3,-5.8,-49.2,-53.9,-53.9,-48.0,-45.7,-45.4,-49.1,-55.7,-56.0,-51.6,-47.5,-47.1,19.3,15.1,12.7,14.5,12.8,15.4,19.2,26.5,29.3,29.9,29.3,26.5,19.6,18.7,19.3,18.6,19.7,20.3,21.2,20.6,680.1,681.6,683.8,684.6,682.6,678.5,671.1,662.0,661.9,671.6,687.8,700.6,706.7,707.5,707.3,707.2,708.6,647.8,642.3,638.1,634.3,632.0,639.1,646.9,655.9,665.3,674.7,636.6,629.8,622.6,616.0,631.3,630.0,629.5,633.1,637.3,645.8,643.3,644.0,645.0,643.2,642.6,654.5,657.4,661.2,667.0,660.9,657.0,647.5,637.6,633.8,634.9,637.4,646.4,660.1,646.7,638.2,635.1,634.3,638.2,645.4,635.9,636.7,639.7,656.1,639.0,635.8,635.4,0.597,0.117,-0.23,0.015,266.545,180.66,-4.506,9.195,-9.415,10.164,5.128,4.368,-6.179,-0.14,0.75,-1.69,-1.182,1.206,-0.451,-1.792,-1.262,-0.772,-0.624,1.339,-2.197,-0.847,-0.146,-0.626,0.151,-0.301,0.027,-0.095,0.003,-0.019,-0.107,-0.027,-0.032,0.006,0.003,-0.007,0.11,0.04,0.0,0.44,0.0,0.0,0.48,0.0,0.0,0.82,0.0,0.0,0.0,0.0,0.0,0.1,0.0,0.0,1.0,0.0,0.0,0.0,0.0,1.0,0.0,0.0,1.0,0.0,0.0,0.0,0.0,0.0,0.0,1.0,0.0
PP133,g1,162,0,0.975,0.202006,0.148008,-0.968136,0.040451,0.143829,-0.988775,0.123,0.148,243.5,244.7,247.9,251.1,252.4,251.3,248.0,244.8,239.1,241.1,244.0,247.5,250.9,253.5,255.3,253.3,250.4,247.2,244.0,241.2,246.5,247.9,249.3,249.9,249.3,247.9,246.5,246.0,281.4,282.4,285.1,288.1,289.5,288.6,285.8,282.6,278.4,280.3,283.0,286.3,289.2,291.3,292.5,291.4,289.4,286.8,283.8,280.7,284.1,285.4,286.6,287.1,286.4,285.1,283.9,283.5,156.4,153.2,151.8,153.1,156.3,159.8,160.9,159.6,157.9,156.2,155.0,154.4,155.0,156.4,158.4,159.5,159.9,160.1,159.9,159.2,157.9,158.5,157.9,156.5,155.1,154.5,155.1,156.5,156.1,153.0,151.6,152.8,155.9,159.0,160.3,159.4,158.2,156.1,154.6,153.9,154.5,155.6,157.4,158.7,159.3,159.6,159.5,159.2,157.5,158.0,157.4,156.0,154.7,154.2,154.8,156.1,-8.6,-7.0,-2.8,1.4,3.2,1.8,-2.7,-6.9,-14.5,-11.8,-7.9,-3.3,1.2,4.7,7.1,4.3,0.5,-3.7,-7.9,-11.7,-4.6,-2.7,-0.9,-0.2,-0.9,-2.8,-4.6,-5.4,42.7,44.1,48.0,52.2,54.1,52.7,48.8,44.3,38.6,41.2,44.8,49.4,53.6,56.8,58.8,56.9,53.8,50.1,45.9,41.7,46.5,48.3,50.1,50.7,49.8,48.0,46.3,45.7,-41.2,-45.5,-47.3,-45.5,-41.2,-36.6,-35.1,-36.9,-39.4,-41.6,-43.0,-43.7,-42.9,-41.2,-38.7,-37.1,-36.4,-36.2,-36.5,-37.5,-39.2,-38.5,-39.3,-41.1,-43.0,-43.8,-43.0,-41.1,-42.7,-47.0,-49.0,-47.5,-43.3,-38.9,-37.0,-38.2,-39.8,-42.6,-44.6,-45.6,-45.1,-43.9,-41.7,-39.6,-38.5,-37.9,-38.0,-38.4,-40.9,-40.3,-41.1,-43.0,-44.9,-45.5,-44.7,-42.8,516.9,517.5,517.9,517.8,517.2,516.9,516.3,516.4,520.8,518.4,516.2,515.2,516.0,517.5,519.2,517.4,515.7,515.2,516.1,518.3,517.6,517.5,517.7,518.0,518.2,518.2,518.1,517.8,530.7,531.9,533.5,534.7,534.7,533.5,531.8,530.8,531.0,530.4,530.2,531.2,533.8,537.2,540.4,537.0,533.7,531.2,530.2,530.4,532.6,533.1,533.8,534.3,534.3,533.8,533.1,532.6,27.5,-10.9,646.7,0.122,-0.172,0.007,218.2,218.7,220.4,223.1,228.1,235.9,245.3,256.0,266.6,275.4,281.9,287.9,293.0,296.7,298.9,300.3,300.7,229.1,235.8,244.6,253.4,261.5,277.0,283.6,290.0,296.2,300.1,269.6,270.6,271.8,272.9,261.2,265.9,270.6,274.7,278.2,239.0,244.3,250.5,255.5,250.3,244.2,278.3,283.3,288.8,292.7,289.3,283.9,250.7,258.9,265.7,269.5,273.6,278.3,282.3,278.3,273.6,269.3,265.1,258.4,253.6,265.3,269.3,273.4,280.2,273.3,269.3,265.2,159.0,171.0,182.8,194.2,204.6,213.5,220.4,225.4,226.4,224.4,218.5,211.0,202.0,191.7,180.9,169.9,158.7,149.8,144.6,143.0,144.0,146.7,146.3,143.5,142.5,143.7,148.4,155.7,163.2,170.6,178.3,184.2,185.6,186.8,185.6,184.0,157.9,154.9,154.9,158.5,159.9,160.0,158.3,154.5,154.5,157.3,159.5,159.5,199.3,197.0,195.6,196.6,195.5,197.0,199.0,203.7,205.6,206.1,205.7,203.9,199.6,199.2,199.6,199.0,199.4,200.1,200.7,200.3,-55.4,-54.5,-51.9,-47.2,-38.2,-24.5,-8.0,10.2,28.1,43.7,56.2,67.9,77.8,84.5,88.4,91.1,91.9,-34.6,-23.3,-8.9,5.6,18.6,44.1,55.6,67.2,78.7,86.6,31.9,33.3,34.7,36.1,18.1,25.6,33.1,40.0,46.0,-18.3,-9.3,0.8,9.1,0.5,-9.5,47.4,56.0,65.7,72.9,66.5,57.0,1.1,14.6,25.5,31.8,38.5,46.8,54.6,46.8,38.6,31.5,24.5,13.7,6.0,24.9,31.5,38.3,50.7,38.2,31.4,24.7,-49.6,-28.9,-8.2,11.7,30.0,45.1,56.6,64.2,65.9,63.5,54.6,42.1,26.2,7.6,-11.9,-31.9,-52.2,-62.4,-70.5,-72.7,-70.6,-66.0,-67.4,-72.9,-75.6,-74.5,-67.5,-51.8,-39.2,-26.9,-14.4,-5.4,-3.0,-1.1,-3.1,-5.6,-49.0,-53.7,-53.7,-47.9,-45.5,-45.2,-49.0,-55.6,-55.9,-51.5,-47.4,-47.0,19.6,15.4,13.1,14.8,13.1,15.7,19.4,26.8,29.5,30.2,29.6,26.8,20.0,19.0,19.6,18.9,19.9,20.6,21.4,20.9,680.1,681.6,683.9,684.7,682.6,678.5,671.1,662.0,661.9,671.6,687.8,700.6,706.5,707.3,706.9,706.8,708.2,647.7,642.2,637.9,634.0,631.7,638.8,646.7,655.7,665.0,674.5,636.3,629.5,622.3,615.6,631.1,629.7,629.2,632.8,637.1,645.7,643.2,643.8,644.8,643.1,642.5,654.2,657.1,660.9,666.8,660.6,656.8,647.5,637.5,633.7,634.8,637.3,646.3,660.1,646.7,638.1,635.1,634.2,638.1,645.4,635.8,636.7,639.7,656.1,638.9,635.7,635.3,0.598,0.119,-0.228,0.013,266.581,180.783,-4.554,9.478,-9.444,10.66,5.36,4.608,-6.368,0.044,1.035,-1.752,-1.304,1.227,-0.304,-2.077,-1.375,-0.687,-0.621,1.369,-2.124,-0.925,-0.024,-0.604,0.13,-0.314,0.05,-0.076,0.003,-0.017,-0.11,-0.02,-0.037,0.004,-0.0,-0.01,0.17,0.1,0.0,0.67,0.0,0.0,0.58,0.0,0.0,0.57,0.0,0.0,0.0,0.0,0.0,0.0,0.0,0.0,1.0,0.0,0.0,0.0,0.0,1.0,0.0,0.0,1.0,0.0,0.0,0.0,0.0,0.0,0.0,1.0,0.0
PP133,g1,168,0,0.975,0.205417,0.142437,-0.968254,0.044047,0.138709,-0.989353,0.127,0.143,243.8,245.1,248.3,251.4,252.8,251.7,248.3,245.2,239.4,241.5,244.4,247.9,251.3,253.9,255.7,253.7,250.8,247.6,244.4,241.6,246.9,248.3,249.7,250.3,249.7,248.3,246.9,246.3,281.8,282.7,285.5,288.5,289.9,289.0,286.2,283.0,278.8,280.7,283.4,286.7,289.6,291.7,292.9,291.7,289.8,287.2,284.2,281.1,284.5,285.8,287.0,287.4,286.8,285.5,284.3,283.9,156.4,153.2,151.8,153.1,156.3,159.8,160.9,159.6,158.0,156.2,155.0,154.4,155.0,156.4,158.4,159.5,159.9,160.1,159.9,159.3,157.9,158.5,157.9,156.5,155.1,154.5,155.1,156.5,156.1,152.9,151.6,152.8,155.9,159.0,160.3,159.4,158.2,156.1,154.6,153.9,154.4,155.6,157.4,158.7,159.3,159.6,159.5,159.2,157.5,158.0,157.4,156.0,154.7,154.2,154.8,156.1,-8.1,-6.5,-2.3,1.9,3.7,2.3,-2.2,-6.4,-14.0,-11.2,-7.4,-2.8,1.7,5.2,7.6,4.8,1.0,-3.2,-7.4,-11.2,-4.1,-2.2,-0.4,0.3,-0.4,-2.3,-4.1,-4.8,43.1,44.5,48.4,52.6,54.6,53.2,49.2,44.7,39.1,41.7,45.3,49.8,54.1,57.2,59.3,57.3,54.3,50.6,46.4,42.2,47.0,48.8,50.5,51.1,50.3,48.5,46.7,46.1,-41.0,-45.3,-47.1,-45.4,-41.1,-36.5,-35.0,-36.7,-39.2,-41.4,-42.8,-43.5,-42.8,-41.1,-38.5,-37.0,-36.3,-36.0,-36.3,-37.3,-39.1,-38.3,-39.1,-41.0,-42.9,-43.6,-42.8,-41.0,-42.6,-47.0,-49.0,-47.4,-43.2,-38.9,-36.9,-38.2,-39.8,-42.5,-44.6,-45.6,-45.1,-43.8,-41.6,-39.6,-38.4,-37.9,-38.0,-38.4,-40.9,-40.2,-41.1,-43.0,-44.8,-45.5,-44.6,-42.7,515.2,515.8,516.2,516.1,515.5,515.1,514.5,514.6,519.1,516.6,514.5,513.5,514.3,515.8,517.5,515.7,513.9,513.4,514.4,516.5,515.9,515.8,516.0,516.2,516.5,516.5,516.4,516.1,530.1,531.3,532.9,534.1,534.1,532.9,531.2,530.2,530.4,529.7,529.6,530.6,533.2,536.6,539.8,536.4,533.1,530.6,529.5,529.7,531.9,532.5,533.2,533.7,533.7,533.2,532.5,532.0,28.2,-10.9,646.5,0.114,-0.178,0.007,218.5,219.1,220.7,223.4,228.4,236.1,245.6,256.3,266.9,275.7,282.1,288.1,293.2,296.8,299.0,300.5,300.9,229.5,236.2,245.0,253.9,262.0,277.4,284.0,290.4,296.6,300.5,270.0,271.1,272.3,273.5,261.7,266.4,271.1,275.2,278.7,239.3,244.7,250.8,255.9,250.7,244.6,278.7,283.7,289.2,293.0,289.7,284.3,251.2,259.5,266.2,270.1,274.1,278.7,282.7,278.7,274.2,269.9,265.6,259.0,254.2,265.8,269.8,273.8,280.6,273.8,269.8,265.7,159.2,171.2,183.0,194.3,204.7,213.5,220.4,225.4,226.4,224.5,218.7,211.2,202.3,192.0,181.1,170.0,158.8,149.8,144.6,142.9,143.9,146.6,146.2,143.4,142.4,143.7,148.4,155.6,163.1,170.5,178.2,184.1,185.6,186.7,185.5,184.0,157.9,154.9,154.9,158.5,159.9,160.0,158.3,154.4,154.5,157.3,159.5,159.5,199.4,196.9,195.5,196.6,195.5,197.0,199.0,203.6,205.5,205.9,205.6,203.8,199.6,199.1,199.5,199.0,199.4,200.0,200.5,200.2,-54.8,-53.9,-51.2,-46.6,-37.7,-24.0,-7.6,10.6,28.6,44.2,56.6,68.2,78.1,84.8,88.8,91.5,92.4,-34.0,-22.7,-8.1,6.3,19.4,44.8,56.3,67.8,79.4,87.3,32.6,34.0,35.5,37.0,18.9,26.4,33.9,40.7,46.7,-17.7,-8.7,1.4,9.7,1.2,-8.9,48.1,56.7,66.4,73.5,67.2,57.7,2.0,15.5,26.3,32.6,39.3,47.5,55.2,47.5,39.4,32.3,25.3,14.7,6.9,25.7,32.2,39.0,51.3,39.0,32.2,25.5,-49.1,-28.5,-7.9,11.9,30.0,45.1,56.5,64.1,65.9,63.6,54.9,42.6,26.7,8.1,-11.6,-31.6,-52.0,-62.4,-70.5,-72.8,-70.7,-66.1,-67.6,-73.0,-75.7,-74.7,-67.6,-51.9,-39.3,-27.0,-14.6,-5.5,-3.1,-1.2,-3.2,-5.7,-48.9,-53.7,-53.7,-47.9,-45.5,-45.1,-49.0,-55.6,-55.9,-51.5,-47.4,-47.0,19.7,15.4,13.0,14.8,13.0,15.7,19.4,26.6,29.3,29.9,29.4,26.6,20.0,18.9,19.6,18.8,20.0,20.4,21.2,20.7,679.3,680.6,682.7,683.5,681.5,677.5,670.2,661.2,661.1,671.0,687.3,700.3,706.6,707.6,707.5,707.5,708.9,647.5,642.1,637.9,634.1,631.8,638.9,646.9,656.1,665.5,675.1,636.4,629.6,622.3,615.5,630.8,629.5,629.0,632.7,637.0,645.6,643.2,643.8,644.8,643.0,642.4,654.4,657.4,661.3,667.2,660.9,657.0,646.8,637.0,633.3,634.4,637.0,646.0,659.7,646.2,637.6,634.6,633.7,637.5,644.7,635.4,636.2,639.3,655.6,638.4,635.3,634.8,0.598,0.112,-0.236,0.014,266.981,180.788,-4.092,8.269,-9.869,10.887,5.423,4.571,-6.455,-0.045,0.924,-1.757,-1.242,1.095,-0.528,-2.053,-1.242,-0.735,-0.573,1.264,-2.101,-0.821,-0.024,-0.51,0.116,-0.321,0.059,-0.08,0.005,-0.024,-0.108,-0.023,-0.035,0.005,0.002,-0.009,0.24,0.03,0.0,0.46,0.0,0.0,0.5,0.0,0.0,0.76,0.0,0.0,0.0,0.0,0.0,0.32,0.0,0.0,1.0,0.0,0.0,0.0,0.0,1.0,0.0,0.0,1.0,0.0,0.0,0.0,0.0,0.0,1.0,1.0,0.0
PP133,g1,174,0,0.975,0.204925,0.140725,-0.968608,0.043439,0.136814,-0.989644,0.126,0.141,243.9,245.2,248.3,251.5,252.8,251.8,248.4,245.2,239.5,241.6,244.5,247.9,251.4,254.0,255.8,253.7,250.8,247.6,244.5,241.6,247.0,248.4,249.7,250.3,249.7,248.3,247.0,246.4,281.8,282.8,285.5,288.5,289.9,289.0,286.2,283.0,278.8,280.8,283.4,286.7,289.6,291.7,292.9,291.8,289.8,287.3,284.2,281.2,284.5,285.8,287.0,287.5,286.8,285.5,284.3,283.9,156.3,153.1,151.8,153.1,156.3,159.7,160.8,159.5,157.9,156.1,154.9,154.3,154.9,156.3,158.3,159.4,159.8,160.0,159.8,159.2,157.8,158.4,157.8,156.4,155.0,154.4,155.0,156.4,156.0,152.9,151.5,152.7,155.8,158.9,160.3,159.3,158.1,156.1,154.5,153.9,154.4,155.5,157.3,158.6,159.2,159.5,159.4,159.1,157.4,157.9,157.3,156.0,154.6,154.1,154.7,156.1,-8.1,-6.4,-2.2,2.0,3.8,2.3,-2.1,-6.3,-14.0,-11.2,-7.3,-2.7,1.8,5.3,7.6,4.9,1.1,-3.1,-7.3,-11.1,-4.0,-2.2,-0.3,0.4,-0.4,-2.2,-4.0,-4.8,43.2,44.6,48.5,52.7,54.7,53.3,49.3,44.9,39.2,41.8,45.4,49.9,54.2,57.3,59.4,57.4,54.4,50.7,46.5,42.3,47.1,48.9,50.6,51.2,50.4,48.6,46.8,46.2,-41.2,-45.5,-47.3,-45.6,-41.3,-36.7,-35.2,-36.9,-39.4,-41.6,-43.0,-43.7,-43.0,-41.2,-38.7,-37.1,-36.5,-36.2,-36.5,-37.5,-39.3,-38.5,-39.3,-41.2,-43.1,-43.8,-43.0,-41.1,-42.8,-47.2,-49.1,-47.6,-43.4,-39.1,-37.1,-38.3,-39.9,-42.7,-44.7,-45.8,-45.3,-44.0,-41.8,-39.8,-38.6,-38.1,-38.1,-38.5,-41.1,-40.4,-41.2,-43.1,-45.0,-45.7,-44.8,-42.9,516.1,516.7,517.1,517.0,516.4,516.0,515.4,515.5,519.9,517.5,515.4,514.4,515.2,516.7,518.4,516.6,514.8,514.3,515.3,517.4,516.8,516.7,516.9,517.1,517.4,517.4,517.3,517.0,530.8,532.0,533.7,534.8,534.8,533.6,531.9,530.9,531.1,530.5,530.4,531.4,534.0,537.3,540.5,537.2,533.8,531.4,530.2,530.4,532.7,533.2,533.9,534.4,534.5,534.0,533.2,532.7,28.3,-11.1,647.3,0.112,-0.177,0.007,218.6,219.2,220.8,223.5,228.5,236.2,245.6,256.4,267.0,275.8,282.2,288.1,293.2,296.9,299.1,300.6,300.9,229.6,236.3,245.1,254.0,262.1,277.4,284.0,290.4,296.6,300.5,270.0,271.1,272.3,273.5,261.7,266.4,271.1,275.2,278.7,239.4,244.8,250.9,255.9,250.8,244.6,278.7,283.7,289.2,293.1,289.8,284.3,251.2,259.5,266.2,270.1,274.1,278.8,282.7,278.8,274.2,269.9,265.6,259.0,254.2,265.8,269.8,273.9,280.7,273.9,269.8,265.7,159.2,171.1,182.9,194.3,204.7,213.4,220.4,225.3,226.3,224.4,218.6,211.2,202.2,191.9,181.1,170.0,158.8,149.8,144.6,142.9,143.9,146.6,146.2,143.4,142.4,143.7,148.4,155.5,163.0,170.4,178.0,184.0,185.4,186.6,185.4,183.9,157.8,154.8,154.8,158.4,159.8,160.0,158.2,154.4,154.4,157.3,159.4,159.4,199.3,196.8,195.4,196.4,195.3,196.8,198.9,203.5,205.3,205.8,205.5,203.7,199.5,199.0,199.4,198.8,199.3,199.9,200.4,200.1,-54.7,-53.7,-51.0,-46.4,-37.5,-23.9,-7.5,10.8,28.8,44.4,56.7,68.4,78.3,85.0,89.0,91.7,92.5,-33.9,-22.5,-8.0,6.5,19.5,44.9,56.4,67.9,79.5,87.4,32.7,34.1,35.6,37.1,18.9,26.5,34.0,40.9,46.9,-17.6,-8.6,1.5,9.8,1.3,-8.8,48.2,56.8,66.5,73.7,67.3,57.8,2.0,15.5,26.3,32.7,39.4,47.7,55.4,47.7,39.6,32.4,25.4,14.7,6.9,25.8,32.3,39.2,51.5,39.1,32.3,25.6,-49.3,-28.6,-8.0,11.9,30.0,45.0,56.4,64.0,65.7,63.4,54.8,42.5,26.7,8.0,-11.6,-31.7,-52.1,-62.6,-70.7,-72.9,-70.9,-66.3,-67.7,-73.2,-75.9,-74.8,-67.7,-52.1,-39.6,-27.3,-14.9,-5.7,-3.4,-1.5,-3.5,-6.0,-49.1,-53.9,-53.9,-48.1,-45.7,-45.4,-49.2,-55.8,-56.1,-51.7,-47.6,-47.3,19.5,15.2,12.8,14.5,12.8,15.5,19.2,26.4,29.1,29.7,29.2,26.4,19.8,18.7,19.3,18.6,19.8,20.2,21.0,20.5,680.3,681.5,683.6,684.3,682.3,678.2,670.9,661.8,661.7,671.5,687.9,700.9,707.2,708.3,708.2,708.3,709.8,648.4,643.0,638.9,635.0,632.7,639.8,647.8,657.0,666.5,676.1,637.2,630.4,623.1,616.3,631.6,630.2,629.7,633.5,637.8,646.5,644.1,644.8,645.8,643.9,643.3,655.3,658.3,662.2,668.0,661.8,657.9,647.6,637.8,634.1,635.2,637.8,646.8,660.5,646.9,638.3,635.2,634.4,638.3,645.5,636.1,636.9,640.0,656.5,639.2,636.0,635.5,0.597,0.109,-0.235,0.013,267.03,180.695,-4.24,8.382,-9.496,10.807,5.354,4.679,-6.496,-0.117,1.004,-1.762,-1.079,1.173,-0.707,-1.974,-1.333,-0.534,-0.631,1.339,-2.139,-0.877,-0.027,-0.478,0.091,-0.372,0.085,-0.128,0.014,-0.015,-0.105,-0.022,-0.035,0.007,0.003,-0.007,0.22,0.08,0.0,0.91,0.0,0.0,0.36,0.0,0.0,0.55,0.0,0.0,0.0,0.0,0.0,0.09,0.0,0.0,1.0,0.0,0.0,0.0,0.0,1.0,0.0,0.0,1.0,0.0,0.0,0.0,0.0,0.0,1.0,1.0,0.0
PP133,g1,180,0,0.975,0.204172,0.141655,-0.968632,0.042609,0.13801,-0.989514,0.125,0.142,244.0,245.3,248.5,251.6,253.0,251.9,248.6,245.4,239.7,241.7,244.6,248.1,251.5,254.1,255.9,253.9,251.0,247.8,244.6,241.8,247.1,248.5,249.9,250.4,249.9,248.5,247.1,246.5,282.0,282.9,285.7,288.7,290.1,289.1,286.4,283.2,279.0,280.9,283.6,286.8,289.8,291.8,293.1,291.9,290.0,287.4,284.4,281.3,284.7,286.0,287.2,287.6,287.0,285.7,284.5,284.1,156.3,153.1,151.7,153.0,156.2,159.7,160.8,159.5,157.8,156.1,154.9,154.3,154.8,156.3,158.3,159.4,159.8,160.0,159.8,159.1,157.8,158.3,157.7,156.3,154.9,154.4,155.0,156.4,155.9,152.8,151.4,152.6,155.7,158.8,160.2,159.2,158.0,156.0,154.4,153.8,154.3,155.4,157.2,158.5,159.2,159.4,159.3,159.0,157.3,157.8,157.2,155.9,154.5,154.0,154.6,156.0,-7.9,-6.2,-2.0,2.2,3.9,2.5,-1.9,-6.1,-13.8,-11.0,-7.1,-2.5,2.0,5.4,7.8,5.1,1.3,-2.9,-7.1,-10.9,-3.8,-2.0,-0.1,0.6,-0.2,-2.0,-3.8,-4.6,43.4,44.8,48.7,52.9,54.9,53.4,49.5,45.0,39.4,41.9,45.5,50.1,54.3,57.5,59.5,57.6,54.6,50.9,46.7,42.5,47.3,49.1,50.8,51.4,50.6,48.7,47.0,46.4,-41.2,-45.5,-47.4,-45.6,-41.3,-36.7,-35.2,-36.9,-39.4,-41.6,-43.0,-43.7,-43.0,-41.3,-38.8,-37.2,-36.5,-36.2,-36.6,-37.5,-39.3,-38.5,-39.3,-41.2,-43.1,-43.9,-43.1,-41.2,-42.9,-47.3,-49.2,-47.7,-43.5,-39.2,-37.2,-38.4,-40.0,-42.8,-44.8,-45.9,-45.4,-44.1,-41.9,-39.9,-38.7,-38.2,-38.2,-38.6,-41.2,-40.5,-41.3,-43.2,-45.1,-45.8,-44.9,-43.0,515.7,516.3,516.7,516.6,516.0,515.6,515.0,515.2,519.6,517.1,515.0,514.0,514.8,516.3,518.0,516.2,514.4,513.9,514.9,517.0,516.4,516.3,516.5,516.8,517.0,517.0,516.9,516.6,530.5,531.7,533.4,534.5,534.5,533.3,531.6,530.6,530.8,530.1,530.0,531.0,533.6,537.0,540.2,536.8,533.5,531.0,529.9,530.1,532.3,532.8,533.6,534.1,534.1,533.6,532.9,532.4,28.6,-11.2,647.1,0.114,-0.177,0.006,218.7,219.4,221.0,223.7,228.8,236.5,245.9,256.6,267.2,276.0,282.4,288.2,293.4,297.0,299.2,300.7,301.1,229.7,236.4,245.2,254.1,262.2,277.5,284.1,290.5,296.8,300.7,270.2,271.3,272.5,273.7,261.9,266.6,271.3,275.4,278.9,239.5,244.9,251.0,256.1,250.9,244.8,278.9,283.9,289.4,293.2,289.9,284.5,251.4,259.6,266.4,270.2,274.3,279.0,282.9,279.0,274.4,270.1,265.8,259.1,254.4,266.0,270.0,274.1,280.8,274.0,270.0,265.9,159.1,171.1,182.9,194.2,204.6,213.4,220.3,225.2,226.3,224.4,218.6,211.1,202.1,191.8,181.0,169.9,158.7,149.8,144.6,142.9,143.9,146.5,146.1,143.3,142.3,143.6,148.3,155.5,162.9,170.4,178.0,183.9,185.4,186.6,185.3,183.8,157.8,154.8,154.8,158.4,159.7,159.9,158.1,154.3,154.3,157.2,159.3,159.4,199.3,196.8,195.4,196.4,195.3,196.8,198.9,203.5,205.3,205.8,205.5,203.7,199.5,199.0,199.3,198.8,199.3,199.9,200.4,200.1,-54.4,-53.4,-50.7,-46.0,-37.1,-23.4,-7.0,11.2,29.1,44.6,57.0,68.6,78.5,85.2,89.2,91.9,92.8,-33.7,-22.4,-7.9,6.6,19.7,45.1,56.6,68.1,79.7,87.6,32.9,34.3,35.9,37.3,19.2,26.7,34.3,41.1,47.1,-17.4,-8.4,1.7,10.1,1.5,-8.6,48.4,57.1,66.7,73.9,67.6,58.0,2.3,15.7,26.6,32.9,39.7,47.9,55.6,48.0,39.8,32.6,25.6,14.9,7.2,26.0,32.6,39.4,51.8,39.3,32.5,25.8,-49.4,-28.6,-8.1,11.8,29.9,45.0,56.4,64.0,65.7,63.4,54.7,42.4,26.5,7.9,-11.8,-31.9,-52.4,-62.5,-70.7,-72.9,-70.9,-66.3,-67.8,-73.3,-76.0,-74.9,-67.8,-52.2,-39.6,-27.3,-15.0,-5.8,-3.4,-1.5,-3.5,-6.0,-49.2,-53.9,-54.0,-48.1,-45.7,-45.4,-49.3,-56.0,-56.3,-51.9,-47.8,-47.4,19.5,15.2,12.7,14.5,12.8,15.5,19.2,26.5,29.2,29.8,29.2,26.5,19.8,18.7,19.3,18.6,19.8,20.2,21.1,20.5,680.1,681.4,683.5,684.2,682.2,678.1,670.8,661.9,661.7,671.5,687.8,700.8,707.0,708.1,708.0,708.1,709.5,648.3,642.8,638.6,634.8,632.5,639.6,647.6,656.8,666.2,675.8,637.0,630.2,622.9,616.1,631.4,630.1,629.6,633.3,637.6,646.3,643.9,644.5,645.5,643.7,643.1,655.0,658.0,661.9,667.8,661.5,657.6,647.5,637.7,634.0,635.1,637.6,646.6,660.3,646.9,638.3,635.3,634.4,638.3,645.4,636.0,636.8,639.9,656.3,639.1,636.0,635.5,0.597,0.111,-0.235,0.013,267.185,180.658,-4.464,8.385,-9.464,11.117,5.621,4.657,-6.38,-0.163,1.251,-1.853,-1.162,1.18,-0.468,-1.879,-1.414,-0.552,-0.544,1.387,-2.152,-0.952,-0.107,-0.564,0.158,-0.38,0.066,-0.119,0.002,-0.012,-0.105,-0.02,-0.034,0.005,0.001,-0.007,0.09,0.06,0.0,0.43,0.0,0.0,0.31,0.0,0.0,0.48,0.0,0.0,0.0,0.0,0.0,0.11,0.0,0.0,1.0,0.0,1.0,0.0,0.0,1.0,0.0,0.0,1.0,0.0,0.0,0.0,0.0,0.0,0.0,1.0,0.0
PP133,g1,186,0,0.975,0.207567,0.140284,-0.96811,0.046348,0.136744,-0.989522,0.129,0.141,244.5,245.7,248.9,252.0,253.4,252.3,249.0,245.8,240.1,242.1,245.0,248.5,251.9,254.5,256.3,254.3,251.4,248.2,245.0,242.2,247.5,248.9,250.3,250.9,250.3,248.9,247.5,247.0,282.3,283.3,286.0,289.0,290.4,289.5,286.7,283.5,279.3,281.3,283.9,287.2,290.1,292.1,293.3,292.2,290.3,287.8,284.7,281.7,285.0,286.3,287.5,287.9,287.3,286.0,284.8,284.4,156.4,153.1,151.8,153.1,156.3,159.8,160.9,159.6,157.9,156.1,154.9,154.3,154.9,156.3,158.3,159.4,159.8,160.0,159.8,159.2,157.8,158.4,157.8,156.4,155.0,154.4,155.0,156.4,156.0,152.9,151.5,152.7,155.8,158.9,160.2,159.3,158.1,156.0,154.5,153.8,154.4,155.5,157.3,158.6,159.2,159.5,159.4,159.1,157.4,157.9,157.3,155.9,154.6,154.1,154.7,156.0,-7.3,-5.7,-1.5,2.7,4.5,3.1,-1.4,-5.5,-13.2,-10.4,-6.6,-2.0,2.6,6.0,8.4,5.7,1.8,-2.4,-6.6,-10.4,-3.3,-1.4,0.4,1.1,0.4,-1.5,-3.3,-4.0,44.0,45.4,49.3,53.5,55.5,54.1,50.1,45.7,40.0,42.6,46.2,50.7,55.0,58.1,60.2,58.2,55.2,51.5,47.3,43.1,47.9,49.7,51.4,52.0,51.2,49.4,47.6,47.0,-41.2,-45.5,-47.3,-45.6,-41.3,-36.7,-35.2,-36.9,-39.4,-41.6,-43.0,-43.7,-43.0,-41.3,-38.7,-37.2,-36.5,-36.2,-36.5,-37.5,-39.3,-38.5,-39.3,-41.2,-43.1,-43.8,-43.0,-41.1,-43.0,-47.3,-49.3,-47.7,-43.6,-39.2,-37.2,-38.5,-40.1,-42.8,-44.9,-45.9,-45.4,-44.1,-41.9,-39.9,-38.7,-38.2,-38.3,-38.7,-41.2,-40.5,-41.4,-43.3,-45.1,-45.8,-44.9,-43.0,516.6,517.2,517.6,517.5,517.0,516.6,516.0,516.1,520.4,518.0,515.9,515.0,515.7,517.2,518.9,517.1,515.4,514.9,515.8,517.9,517.3,517.2,517.4,517.7,517.9,518.0,517.8,517.5,532.3,533.5,535.2,536.3,536.3,535.1,533.4,532.3,532.5,531.9,531.8,532.8,535.4,538.8,542.0,538.6,535.3,532.8,531.7,531.9,534.1,534.6,535.4,535.9,535.9,535.4,534.7,534.2,29.2,-11.1,647.7,0.112,-0.183,0.008,219.1,219.7,221.4,224.0,229.0,236.7,246.0,256.8,267.4,276.2,282.5,288.4,293.4,297.1,299.3,300.8,301.2,230.1,236.8,245.6,254.6,262.7,277.9,284.5,290.9,297.1,300.9,270.6,271.7,273.0,274.1,262.3,267.0,271.7,275.8,279.3,239.9,245.3,251.5,256.5,251.3,245.2,279.2,284.2,289.7,293.5,290.2,284.8,251.8,260.1,266.8,270.7,274.7,279.3,283.2,279.4,274.8,270.5,266.3,259.6,254.8,266.4,270.4,274.5,281.2,274.5,270.4,266.3,159.3,171.2,182.9,194.2,204.6,213.3,220.3,225.3,226.3,224.4,218.7,211.3,202.3,192.1,181.2,170.1,158.9,149.9,144.6,143.0,143.9,146.6,146.2,143.4,142.4,143.7,148.4,155.5,163.0,170.4,178.1,184.0,185.4,186.6,185.4,183.9,157.9,154.9,154.9,158.4,159.8,160.0,158.2,154.3,154.4,157.2,159.4,159.4,199.3,196.9,195.5,196.5,195.4,196.9,198.9,203.5,205.4,205.9,205.5,203.7,199.6,199.0,199.4,198.9,199.3,199.9,200.5,200.2,-53.8,-52.8,-50.1,-45.5,-36.7,-23.2,-6.8,11.5,29.5,45.1,57.3,68.9,78.7,85.5,89.5,92.3,93.1,-33.0,-21.7,-7.1,7.4,20.5,45.8,57.3,68.8,80.4,88.2,33.6,35.1,36.6,38.1,20.0,27.5,35.0,41.9,47.8,-16.7,-7.7,2.4,10.7,2.2,-7.9,49.1,57.7,67.3,74.5,68.2,58.7,3.0,16.5,27.3,33.7,40.4,48.6,56.2,48.7,40.6,33.4,26.4,15.7,7.9,26.8,33.3,40.1,52.4,40.1,33.3,26.6,-49.1,-28.5,-8.0,11.7,29.8,44.8,56.3,64.0,65.8,63.5,55.0,42.7,26.9,8.3,-11.4,-31.5,-52.0,-62.4,-70.5,-72.8,-70.8,-66.3,-67.7,-73.3,-76.0,-74.9,-67.8,-52.2,-39.6,-27.3,-14.9,-5.7,-3.3,-1.4,-3.4,-5.9,-49.0,-53.8,-53.9,-48.1,-45.7,-45.3,-49.2,-55.9,-56.2,-51.8,-47.7,-47.3,19.6,15.3,12.9,14.7,12.9,15.6,19.4,26.6,29.2,29.9,29.3,26.6,19.9,18.8,19.5,18.7,19.9,20.4,21.2,20.6,679.7,680.9,683.0,683.8,681.8,677.9,670.8,661.9,661.9,671.8,688.2,701.3,707.8,709.0,709.0,709.1,710.6,648.4,643.0,638.9,635.1,632.9,640.2,648.3,657.5,667.1,676.7,637.5,630.6,623.3,616.6,631.8,630.5,630.1,633.8,638.2,646.5,644.1,644.9,645.9,644.1,643.3,655.6,658.7,662.6,668.5,662.3,658.3,647.7,638.0,634.4,635.5,638.1,647.1,660.9,647.4,638.7,635.7,634.8,638.5,645.6,636.4,637.3,640.3,656.8,639.6,636.4,635.9,0.597,0.109,-0.243,0.014,267.545,180.732,-4.509,7.457,-9.595,11.188,5.556,4.704,-6.385,0.024,1.444,-1.493,-1.267,1.108,-0.642,-1.955,-1.344,-0.581,-0.589,1.43,-2.133,-0.863,0.08,-0.517,0.156,-0.401,0.068,-0.106,-0.005,-0.017,-0.101,-0.022,-0.04,0.007,0.002,-0.01,0.3,0.24,0.0,0.54,0.0,0.0,0.41,0.0,0.0,0.35,0.0,0.0,0.0,0.0,0.0,0.0,0.0,0.0,1.0,0.0,0.0,0.0,0.0,1.0,0.0,0.0,1.0,0.0,0.0,0.0,0.0,0.0,0.0,1.0,0.0
PP133,g1,192,0,0.975,0.206593,0.1424,-0.968009,0.045727,0.138908,-0.989249,0.128,0.143,244.3,245.6,248.7,251.9,253.2,252.2,248.8,245.6,239.9,242.0,244.9,248.3,251.8,254.4,256.1,254.1,251.2,248.0,244.9,242.0,247.4,248.8,250.1,250.7,250.1,248.7,247.3,246.8,282.2,283.1,285.9,288.8,290.3,289.3,286.6,283.3,279.2,281.1,283.8,287.0,289.9,292.0,293.2,292.1,290.1,287.6,284.6,281.5,284.9,286.2,287.4,287.8,287.1,285.9,284.6,284.2,156.5,153.2,151.9,153.2,156.4,159.9,161.0,159.7,158.0,156.2,155.0,154.4,155.0,156.4,158.4,159.5,159.9,160.1,159.9,159.3,157.9,158.5,157.9,156.5,155.1,154.5,155.1,156.5,156.1,153.0,151.6,152.8,155.9,159.0,160.3,159.4,158.2,156.1,154.6,153.9,154.4,155.6,157.4,158.7,159.3,159.6,159.5,159.2,157.5,158.0,157.4,156.0,154.7,154.2,154.8,156.1,-7.5,-5.9,-1.7,2.5,4.3,2.9,-1.6,-5.8,-13.4,-10.7,-6.8,-2.2,2.3,5.8,8.2,5.4,1.6,-2.6,-6.8,-10.6,-3.5,-1.6,0.2,0.9,0.1,-1.7,-3.5,-4.3,43.8,45.2,49.1,53.3,55.2,53.8,49.9,45.4,39.7,42.3,45.9,50.5,54.7,57.9,59.9,58.0,55.0,51.2,47.0,42.9,47.6,49.5,51.2,51.8,50.9,49.1,47.4,46.8,-41.1,-45.4,-47.2,-45.5,-41.2,-36.6,-35.1,-36.8,-39.3,-41.5,-42.9,-43.6,-42.9,-41.1,-38.6,-37.0,-36.4,-36.1,-36.4,-37.4,-39.2,-38.4,-39.2,-41.1,-43.0,-43.7,-42.9,-41.0,-42.8,-47.1,-49.1,-47.6,-43.4,-39.0,-37.1,-38.3,-39.9,-42.7,-44.7,-45.8,-45.3,-44.0,-41.8,-39.7,-38.6,-38.0,-38.1,-38.5,-41.0,-40.4,-41.2,-43.1,-45.0,-45.6,-44.8,-42.9,516.7,517.3,517.7,517.6,517.1,516.7,516.1,516.2,520.6,518.1,516.0,515.1,515.8,517.3,519.0,517.2,515.5,515.0,515.9,518.0,517.4,517.3,517.5,517.8,518.0,518.1,517.9,517.6,531.9,533.1,534.7,535.9,535.9,534.7,533.0,532.0,532.2,531.5,531.4,532.4,535.0,538.4,541.6,538.3,534.9,532.4,531.3,531.5,533.7,534.3,535.0,535.5,535.5,535.0,534.3,533.8,28.9,-10.9,647.7,0.115,-0.181,0.007,219.0,219.6,221.2,223.9,228.9,236.6,246.0,256.7,267.3,276.1,282.4,288.3,293.4,297.0,299.2,300.7,301.1,230.0,236.7,245.5,254.4,262.4,277.8,284.4,290.7,296.9,300.8,270.4,271.5,272.7,273.9,262.1,266.8,271.5,275.6,279.1,239.8,245.2,251.3,256.3,251.2,245.1,279.1,284.1,289.5,293.4,290.1,284.6,251.7,259.9,266.6,270.5,274.5,279.2,283.0,279.2,274.6,270.3,266.0,259.4,254.7,266.2,270.2,274.3,281.0,274.3,270.2,266.1,159.3,171.2,183.0,194.3,204.7,213.4,220.4,225.3,226.4,224.5,218.7,211.2,202.3,192.0,181.2,170.1,158.9,150.0,144.7,143.0,144.0,146.6,146.2,143.4,142.4,143.7,148.4,155.6,163.1,170.5,178.2,184.1,185.5,186.7,185.5,184.0,158.0,154.9,155.0,158.5,159.9,160.1,158.3,154.4,154.5,157.3,159.4,159.5,199.5,197.0,195.6,196.6,195.5,197.0,199.1,203.7,205.5,206.0,205.7,203.9,199.7,199.2,199.6,199.0,199.5,200.1,200.6,200.3,-54.0,-53.0,-50.4,-45.8,-36.9,-23.3,-6.9,11.3,29.3,44.9,57.2,68.7,78.5,85.3,89.3,92.0,92.9,-33.2,-22.0,-7.4,7.1,20.2,45.5,57.0,68.5,80.1,87.9,33.3,34.7,36.3,37.7,19.6,27.1,34.7,41.5,47.5,-16.9,-8.0,2.1,10.5,1.9,-8.1,48.8,57.4,67.1,74.2,67.9,58.4,2.8,16.2,27.0,33.3,40.1,48.3,55.9,48.3,40.2,33.0,26.1,15.4,7.7,26.4,33.0,39.8,52.1,39.7,32.9,26.2,-49.1,-28.4,-7.9,11.9,30.0,45.0,56.5,64.1,65.9,63.6,54.9,42.6,26.8,8.2,-11.5,-31.6,-52.0,-62.3,-70.5,-72.8,-70.8,-66.2,-67.7,-73.2,-75.9,-74.8,-67.7,-52.0,-39.4,-27.1,-14.7,-5.5,-3.2,-1.2,-3.2,-5.7,-48.9,-53.7,-53.7,-47.9,-45.5,-45.2,-49.1,-55.7,-56.0,-51.6,-47.5,-47.1,19.9,15.5,13.1,14.9,13.1,15.8,19.6,26.8,29.5,30.1,29.6,26.8,20.2,19.0,19.7,18.9,20.1,20.6,21.4,20.8,679.8,681.1,683.3,684.2,682.2,678.2,671.0,662.2,662.1,672.0,688.4,701.4,707.7,708.8,708.7,708.8,710.2,648.4,642.9,638.8,635.0,632.8,640.1,648.1,657.3,666.8,676.4,637.4,630.6,623.4,616.7,631.9,630.6,630.2,633.9,638.2,646.5,644.1,644.8,645.8,644.0,643.3,655.5,658.5,662.4,668.3,662.1,658.2,647.7,638.0,634.4,635.5,638.2,647.1,660.8,647.4,638.9,635.8,634.9,638.6,645.7,636.5,637.4,640.4,656.8,639.7,636.5,636.0,0.597,0.112,-0.241,0.014,267.376,180.812,-4.808,7.913,-9.958,11.371,5.637,4.456,-6.363,-0.013,1.239,-1.497,-1.335,0.973,-0.457,-1.889,-1.321,-0.55,-0.643,1.422,-2.132,-0.909,0.078,-0.526,0.148,-0.456,0.108,-0.12,-0.005,-0.013,-0.104,-0.016,-0.04,0.007,-0.0,-0.007,0.46,0.22,0.0,0.42,0.0,0.0,0.31,0.0,0.0,0.36,0.0,0.0,0.0,0.0,0.0,0.27,0.0,0.0,1.0,0.0,0.0,0.0,0.0,1.0,0.0,0.0,1.0,0.0,0.0,0.0,0.0,0.0,1.0,1.0,0.0
PP133,g1,198,0,0.975,0.207465,0.145274,-0.967395,0.046546,0.142443,-0.988708,0.129,0.146,243.9,245.2,248.3,251.5,252.9,251.8,248.5,245.3,239.6,241.6,244.5,248.0,251.4,254.0,255.8,253.8,250.9,247.7,244.5,241.7,247.0,248.4,249.8,250.3,249.7,248.4,247.0,246.4,281.8,282.7,285.5,288.5,289.9,289.0,286.2,283.0,278.8,280.8,283.4,286.7,289.6,291.6,292.9,291.7,289.8,287.3,284.3,281.2,284.5,285.8,287.0,287.4,286.8,285.5,284.3,283.9,156.6,153.4,152.0,153.3,156.5,160.0,161.1,159.8,158.2,156.4,155.2,154.6,155.1,156.6,158.5,159.6,160.0,160.3,160.1,159.4,158.1,158.6,158.0,156.6,155.2,154.7,155.3,156.7,156.1,153.0,151.6,152.8,155.9,159.0,160.3,159.4,158.2,156.2,154.7,153.9,154.4,155.6,157.4,158.6,159.3,159.6,159.5,159.2,157.5,158.0,157.4,156.0,154.7,154.2,154.8,156.1,-8.0,-6.4,-2.2,2.0,3.8,2.4,-2.0,-6.2,-13.9,-11.1,-7.3,-2.7,1.9,5.3,7.7,5.0,1.2,-3.1,-7.2,-11.0,-3.9,-2.1,-0.3,0.4,-0.3,-2.2,-4.0,-4.7,43.3,44.7,48.6,52.8,54.7,53.3,49.4,44.9,39.3,41.8,45.4,50.0,54.2,57.4,59.4,57.5,54.5,50.8,46.6,42.4,47.2,49.0,50.7,51.3,50.4,48.6,46.9,46.3,-40.8,-45.2,-47.0,-45.3,-41.0,-36.4,-34.9,-36.6,-39.1,-41.2,-42.7,-43.4,-42.7,-40.9,-38.4,-36.8,-36.2,-35.9,-36.2,-37.2,-38.9,-38.2,-39.0,-40.9,-42.7,-43.5,-42.7,-40.8,-42.7,-47.1,-49.1,-47.6,-43.4,-39.0,-37.0,-38.2,-39.8,-42.6,-44.7,-45.7,-45.2,-44.0,-41.8,-39.7,-38.6,-38.0,-38.1,-38.4,-41.0,-40.3,-41.2,-43.1,-44.9,-45.6,-44.7,-42.8,516.1,516.8,517.1,517.0,516.5,516.1,515.5,515.6,520.0,517.6,515.4,514.5,515.2,516.7,518.4,516.6,514.9,514.4,515.3,517.5,516.8,516.8,516.9,517.2,517.4,517.5,517.3,517.0,531.6,532.8,534.5,535.6,535.6,534.4,532.8,531.7,531.9,531.3,531.2,532.2,534.8,538.2,541.4,538.0,534.6,532.2,531.1,531.3,533.5,534.0,534.7,535.3,535.3,534.8,534.0,533.5,28.4,-10.7,647.1,0.119,-0.183,0.005,218.7,219.3,220.9,223.6,228.6,236.3,245.7,256.5,267.1,275.9,282.2,288.0,293.1,296.7,298.9,300.4,300.7,229.6,236.3,245.1,254.0,262.0,277.4,284.0,290.3,296.5,300.4,270.0,271.2,272.4,273.6,261.8,266.5,271.2,275.3,278.8,239.4,244.8,250.9,256.0,250.8,244.7,278.7,283.7,289.2,293.0,289.7,284.3,251.3,259.6,266.4,270.3,274.3,279.0,282.9,279.0,274.4,270.1,265.8,259.1,254.3,266.0,270.0,274.1,280.8,274.1,270.0,265.8,159.4,171.3,183.1,194.4,204.8,213.6,220.6,225.5,226.5,224.6,218.8,211.3,202.3,192.0,181.1,170.0,158.8,150.0,144.7,143.1,144.0,146.7,146.2,143.4,142.3,143.6,148.2,155.7,163.2,170.7,178.4,184.3,185.7,186.9,185.7,184.1,158.1,155.1,155.1,158.6,160.0,160.2,158.3,154.5,154.5,157.3,159.4,159.5,199.7,197.2,195.7,196.8,195.7,197.1,199.2,203.9,205.9,206.4,206.1,204.2,199.9,199.4,199.7,199.2,199.6,200.3,200.9,200.6,-54.4,-53.4,-50.7,-46.2,-37.3,-23.7,-7.3,11.0,28.9,44.5,56.7,68.2,78.0,84.7,88.6,91.3,92.1,-33.7,-22.5,-8.0,6.4,19.5,44.8,56.3,67.7,79.2,87.1,32.7,34.1,35.7,37.2,19.1,26.6,34.2,41.0,47.0,-17.5,-8.6,1.5,9.9,1.4,-8.7,48.2,56.8,66.4,73.5,67.3,57.7,2.2,15.7,26.5,32.9,39.7,48.0,55.6,48.0,39.9,32.7,25.6,14.8,7.2,26.0,32.6,39.4,51.7,39.4,32.5,25.8,-48.8,-28.1,-7.7,12.1,30.2,45.3,56.7,64.4,66.1,63.8,55.1,42.7,26.8,8.1,-11.5,-31.6,-52.1,-62.1,-70.2,-72.5,-70.5,-66.0,-67.5,-73.1,-75.9,-74.9,-67.9,-51.8,-39.1,-26.8,-14.3,-5.2,-2.8,-0.9,-3.0,-5.5,-48.6,-53.4,-53.4,-47.6,-45.2,-44.9,-48.9,-55.6,-55.9,-51.6,-47.5,-47.0,20.2,15.8,13.3,15.1,13.3,16.0,19.7,27.2,30.0,30.7,30.1,27.3,20.5,19.3,19.9,19.2,20.3,21.0,21.8,21.3,678.6,680.0,682.4,683.4,681.6,677.7,670.5,661.7,661.7,671.6,687.8,700.9,707.1,708.0,707.8,707.7,709.1,647.2,641.8,637.7,633.9,631.8,639.1,647.0,656.2,665.7,675.2,636.5,629.8,622.6,616.0,631.2,629.9,629.5,633.2,637.6,645.5,643.1,643.8,644.9,643.1,642.4,654.5,657.5,661.5,667.4,661.1,657.2,647.2,637.4,633.8,634.9,637.5,646.5,660.3,647.0,638.4,635.3,634.4,638.1,645.1,635.9,636.8,639.8,656.3,639.2,636.0,635.4,0.597,0.116,-0.241,0.012,267.085,180.932,-5.764,7.755,-9.72,11.686,5.464,4.363,-6.329,0.553,0.99,-1.388,-1.233,0.953,-0.366,-1.824,-1.444,-0.528,-0.59,1.286,-2.119,-1.035,0.104,-0.594,0.133,-0.472,0.068,-0.051,-0.038,-0.012,-0.1,-0.017,-0.038,0.005,-0.002,-0.006,0.54,0.43,0.0,0.83,0.0,0.0,0.34,0.0,0.0,0.52,0.0,0.0,0.0,0.0,0.0,0.0,0.0,1.0,1.0,0.0,0.0,0.0,0.0,1.0,0.0,0.0,1.0,0.0,0.0,0.0,0.0,0.0,0.0,1.0,0.0
PP133,g1,204,0,0.975,0.208859,0.148723,-0.966571,0.048097,0.146764,-0.988002,0.131,0.15,243.8,245.0,248.2,251.4,252.7,251.7,248.3,245.1,239.4,241.5,244.3,247.8,251.2,253.8,255.6,253.6,250.7,247.5,244.4,241.5,246.9,248.3,249.6,250.2,249.6,248.2,246.8,246.3,281.7,282.6,285.3,288.3,289.7,288.8,286.1,282.9,278.7,280.6,283.2,286.5,289.4,291.5,292.7,291.6,289.6,287.1,284.1,281.0,284.4,285.7,286.9,287.3,286.6,285.3,284.1,283.7,156.7,153.5,152.1,153.4,156.6,160.0,161.2,159.9,158.3,156.5,155.3,154.7,155.2,156.6,158.6,159.7,160.1,160.3,160.2,159.5,158.2,158.7,158.1,156.7,155.3,154.7,155.4,156.8,156.0,152.9,151.6,152.7,155.8,158.9,160.3,159.3,158.2,156.1,154.6,153.9,154.4,155.5,157.2,158.5,159.2,159.5,159.4,159.2,157.4,157.9,157.3,156.0,154.6,154.1,154.7,156.1,-8.2,-6.6,-2.4,1.8,3.6,2.2,-2.2,-6.4,-14.1,-11.3,-7.5,-2.9,1.6,5.1,7.5,4.8,1.0,-3.2,-7.4,-11.2,-4.1,-2.3,-0.5,0.2,-0.5,-2.4,-4.2,-4.9,43.2,44.5,48.4,52.6,54.6,53.2,49.3,44.8,39.1,41.7,45.3,49.8,54.1,57.2,59.3,57.4,54.4,50.7,46.5,42.3,47.0,48.9,50.6,51.2,50.3,48.5,46.8,46.2,-40.8,-45.1,-47.0,-45.2,-41.0,-36.3,-34.8,-36.5,-39.0,-41.2,-42.6,-43.3,-42.6,-40.9,-38.4,-36.8,-36.2,-35.8,-36.1,-37.1,-38.9,-38.1,-38.9,-40.8,-42.7,-43.5,-42.7,-40.8,-42.9,-47.3,-49.3,-47.8,-43.6,-39.2,-37.2,-38.4,-40.0,-42.8,-44.8,-45.9,-45.4,-44.2,-42.0,-40.0,-38.8,-38.2,-38.2,-38.6,-41.2,-40.5,-41.4,-43.3,-45.1,-45.8,-44.9,-43.0,517.0,517.6,518.0,517.9,517.4,517.0,516.4,516.5,520.9,518.5,516.3,515.4,516.1,517.6,519.3,517.5,515.8,515.3,516.2,518.4,517.7,517.7,517.8,518.1,518.3,518.4,518.2,517.9,532.7,533.9,535.6,536.7,536.7,535.6,533.9,532.8,533.0,532.4,532.3,533.3,535.9,539.3,542.5,539.1,535.8,533.3,532.2,532.4,534.6,535.1,535.9,536.4,536.4,535.9,535.1,534.6,28.3,-10.6,647.0,0.124,-0.185,0.002,218.6,219.2,220.9,223.6,228.6,236.3,245.7,256.4,267.0,275.8,282.2,287.9,293.0,296.6,298.8,300.3,300.6,229.6,236.2,244.9,253.8,261.8,277.2,283.7,290.1,296.2,300.1,269.9,271.0,272.3,273.5,261.7,266.4,271.1,275.2,278.7,239.3,244.7,250.8,255.8,250.7,244.6,278.6,283.5,289.0,292.9,289.6,284.2,251.3,259.6,266.3,270.2,274.3,279.0,282.8,279.0,274.4,270.1,265.8,259.1,254.3,265.9,270.0,274.1,280.8,274.0,270.0,265.8,159.5,171.4,183.2,194.5,204.9,213.7,220.6,225.6,226.6,224.7,218.7,211.2,202.1,191.8,180.9,169.8,158.5,150.1,144.8,143.2,144.1,146.7,146.2,143.3,142.2,143.4,148.0,155.8,163.3,170.8,178.5,184.4,185.8,187.0,185.7,184.1,158.2,155.2,155.2,158.7,160.1,160.3,158.2,154.4,154.4,157.2,159.3,159.5,199.8,197.3,195.8,196.8,195.7,197.2,199.2,204.0,206.0,206.5,206.3,204.4,200.1,199.5,199.8,199.3,199.6,200.5,201.1,200.8,-54.4,-53.5,-50.8,-46.3,-37.4,-23.8,-7.4,10.9,28.9,44.4,56.6,68.1,77.8,84.5,88.4,91.0,91.7,-33.8,-22.6,-8.3,6.1,19.1,44.5,55.8,67.3,78.7,86.6,32.3,33.9,35.5,37.1,19.0,26.5,34.1,40.9,46.9,-17.7,-8.8,1.3,9.6,1.1,-8.9,47.9,56.4,66.0,73.2,66.9,57.4,2.2,15.6,26.5,32.9,39.6,47.9,55.5,48.0,39.9,32.7,25.6,14.8,7.1,25.9,32.6,39.4,51.7,39.3,32.5,25.7,-48.5,-27.9,-7.5,12.2,30.3,45.4,56.9,64.6,66.3,63.9,55.0,42.4,26.4,7.7,-12.0,-32.1,-52.6,-62.0,-70.0,-72.3,-70.4,-65.9,-67.5,-73.1,-76.0,-75.1,-68.2,-51.7,-39.0,-26.7,-14.2,-5.0,-2.7,-0.8,-2.9,-5.5,-48.4,-53.1,-53.2,-47.5,-45.1,-44.7,-49.0,-55.7,-56.0,-51.8,-47.6,-47.1,20.4,16.0,13.5,15.2,13.4,16.0,19.8,27.4,30.3,31.0,30.5,27.6,20.7,19.5,20.1,19.3,20.3,21.2,22.1,21.6,677.7,679.3,681.8,683.1,681.4,677.6,670.6,661.9,661.9,671.8,687.9,700.9,707.0,707.9,707.5,707.4,708.6,646.5,641.2,637.1,633.5,631.4,638.8,646.6,655.7,665.1,674.5,636.2,629.5,622.4,615.8,631.0,629.8,629.4,633.1,637.5,645.0,642.6,643.3,644.4,642.6,641.9,654.1,657.1,661.0,666.9,660.7,656.8,647.1,637.3,633.7,634.8,637.4,646.5,660.2,647.0,638.5,635.4,634.5,638.1,645.0,635.8,636.7,639.7,656.2,639.2,636.0,635.4,0.598,0.121,-0.243,0.009,266.991,180.959,-6.614,7.445,-9.802,11.961,5.039,4.041,-6.151,0.522,0.895,-1.333,-1.133,1.054,-0.24,-1.978,-1.549,-0.555,-0.602,1.145,-2.023,-1.117,0.178,-0.541,0.122,-0.523,0.063,-0.027,-0.062,-0.004,-0.109,-0.016,-0.041,0.005,-0.004,-0.0,0.44,0.26,0.0,0.15,0.0,0.0,0.23,0.0,0.0,0.12,0.0,0.0,0.0,0.0,0.0,0.0,0.0,1.0,1.0,0.0,0.0,0.0,0.0,0.0,0.0,0.0,1.0,0.0,0.0,0.0,0.0,0.0,0.0,1.0,0.0
PP133,g1,210,0,0.975,0.204523,0.141186,-0.968626,0.044601,0.139568,-0.989208,0.127,0.142,243.2,244.5,247.6,250.8,252.2,251.2,247.8,244.6,238.9,240.9,243.8,247.3,250.7,253.3,255.2,253.1,250.2,247.0,243.8,241.0,246.4,247.7,249.1,249.7,249.1,247.7,246.3,245.8,281.2,282.1,284.8,287.8,289.3,288.4,285.6,282.4,278.2,280.1,282.8,286.0,289.0,291.0,292.3,291.1,289.2,286.6,283.6,280.6,283.9,285.2,286.4,286.8,286.2,284.9,283.7,283.3,156.7,153.4,152.0,153.3,156.5,160.0,161.1,159.9,158.3,156.5,155.2,154.6,155.2,156.6,158.5,159.7,160.1,160.3,160.2,159.5,158.1,158.7,158.1,156.7,155.3,154.7,155.3,156.7,155.9,152.8,151.4,152.6,155.6,158.8,160.1,159.2,158.1,156.0,154.5,153.7,154.2,155.4,157.1,158.4,159.1,159.4,159.3,159.1,157.3,157.8,157.2,155.8,154.5,154.0,154.6,156.0,-8.9,-7.3,-3.1,1.1,2.9,1.5,-2.9,-7.1,-14.7,-12.0,-8.2,-3.6,1.0,4.4,6.8,4.1,0.3,-3.9,-8.1,-11.9,-4.8,-3.0,-1.2,-0.4,-1.2,-3.1,-4.9,-5.6,42.4,43.7,47.6,51.8,53.8,52.5,48.5,44.0,38.4,40.9,44.5,49.0,53.3,56.5,58.5,56.6,53.6,49.9,45.7,41.5,46.3,48.1,49.8,50.4,49.5,47.7,46.0,45.4,-40.6,-45.0,-46.8,-45.1,-40.9,-36.2,-34.7,-36.4,-38.8,-41.0,-42.5,-43.2,-42.5,-40.8,-38.3,-36.7,-36.0,-35.7,-36.0,-36.9,-38.8,-38.0,-38.8,-40.7,-42.6,-43.3,-42.5,-40.6,-42.9,-47.3,-49.3,-47.8,-43.6,-39.3,-37.3,-38.4,-40.0,-42.8,-44.9,-46.0,-45.5,-44.2,-42.0,-40.0,-38.8,-38.2,-38.3,-38.6,-41.2,-40.5,-41.4,-43.3,-45.2,-45.8,-44.9,-43.0,514.8,515.4,515.7,515.6,515.0,514.7,514.1,514.2,518.7,516.2,514.1,513.1,513.8,515.3,516.9,515.2,513.5,513.0,514.0,516.1,515.4,515.4,515.5,515.8,516.0,516.1,515.9,515.7,531.1,532.3,534.0,535.1,535.1,533.9,532.2,531.2,531.4,530.8,530.7,531.7,534.2,537.6,540.8,537.4,534.1,531.7,530.6,530.8,533.0,533.5,534.2,534.7,534.7,534.2,533.5,533.0,27.8,-10.7,646.4,0.115,-0.179,-0.004,218.3,219.0,220.8,223.6,228.6,236.4,245.8,256.5,267.1,275.9,282.2,288.0,293.0,296.6,298.7,300.1,300.3,228.9,235.5,244.3,253.2,261.3,276.7,283.3,289.6,295.8,299.8,269.4,270.6,271.9,273.2,261.4,266.1,270.9,275.0,278.5,238.7,244.1,250.2,255.4,250.2,244.0,278.1,283.1,288.6,292.4,289.1,283.7,251.2,259.4,266.1,270.0,274.0,278.7,282.6,278.8,274.2,269.9,265.7,259.0,254.2,265.8,269.8,273.8,280.6,273.8,269.8,265.7,159.9,171.7,183.5,194.7,205.0,213.7,220.6,225.6,226.6,224.6,218.7,211.1,202.2,191.9,181.0,170.0,158.8,150.1,144.8,143.1,144.0,146.7,146.1,143.2,142.1,143.3,148.0,155.7,163.2,170.7,178.4,184.4,185.7,186.9,185.6,184.0,158.2,155.1,155.1,158.6,160.1,160.3,158.2,154.3,154.3,157.1,159.2,159.4,199.8,197.3,195.8,196.8,195.6,197.1,199.1,203.8,205.8,206.4,206.1,204.3,200.1,199.4,199.7,199.2,199.5,200.3,200.9,200.6,-55.0,-53.9,-51.0,-46.2,-37.3,-23.6,-7.2,11.0,29.0,44.5,56.7,68.1,77.7,84.3,88.1,90.6,91.2,-34.9,-23.8,-9.3,5.2,18.2,43.6,55.0,66.5,78.0,85.9,31.6,33.2,34.8,36.5,18.4,26.0,33.6,40.4,46.4,-18.6,-9.7,0.4,8.8,0.3,-9.8,47.1,55.6,65.3,72.4,66.2,56.6,2.0,15.3,26.1,32.5,39.2,47.5,55.1,47.7,39.6,32.4,25.4,14.6,6.9,25.7,32.2,39.0,51.3,39.0,32.2,25.5,-48.0,-27.5,-7.1,12.6,30.6,45.5,56.9,64.5,66.1,63.7,54.9,42.4,26.5,7.9,-11.7,-31.7,-52.0,-62.0,-70.1,-72.4,-70.5,-66.0,-67.6,-73.3,-76.1,-75.2,-68.3,-51.8,-39.1,-26.8,-14.4,-5.1,-2.8,-1.0,-3.1,-5.7,-48.4,-53.3,-53.4,-47.6,-45.1,-44.7,-49.1,-55.9,-56.3,-52.0,-47.8,-47.3,20.4,16.0,13.4,15.1,13.3,15.8,19.5,27.0,29.9,30.7,30.2,27.5,20.7,19.4,19.9,19.1,20.1,20.9,21.8,21.3,678.7,680.2,682.5,683.5,681.5,677.5,670.2,661.3,661.0,670.8,687.0,700.1,706.3,707.2,706.9,706.9,708.2,647.1,641.5,637.2,633.3,631.0,638.3,646.3,655.6,665.1,674.7,635.9,629.0,621.7,615.0,630.6,629.2,628.7,632.4,636.7,645.3,642.8,643.4,644.5,642.8,642.1,654.0,657.0,660.9,666.9,660.6,656.7,646.7,636.7,633.1,634.2,636.7,645.7,659.6,646.2,637.7,634.7,633.8,637.5,644.6,635.2,636.1,639.1,655.5,638.4,635.3,634.8,0.598,0.113,-0.237,0.003,266.723,180.928,-5.113,8.152,-9.66,12.732,5.736,4.415,-6.427,1.543,1.408,-1.175,-1.154,1.052,-0.539,-1.994,-1.07,-0.706,-0.627,0.873,-2.071,-1.036,0.045,-0.502,0.088,-0.382,-0.086,0.038,-0.051,0.012,-0.106,-0.016,-0.039,0.006,0.001,-0.003,0.4,0.25,0.0,0.47,0.0,0.0,0.32,0.0,0.0,0.16,0.0,0.0,0.0,0.0,0.0,0.0,0.0,1.0,1.0,0.0,0.0,0.0,0.0,0.0,0.0,0.0,0.0,0.0,0.0,0.0,0.0,0.0,0.0,1.0,0.0
PP133,g1,216,0,0.975,0.199346,0.139624,-0.969931,0.03922,0.138244,-0.989621,0.121,0.141,242.8,244.0,247.2,250.4,251.7,250.7,247.3,244.2,238.5,240.5,243.3,246.8,250.2,252.9,254.7,252.7,249.8,246.5,243.4,240.6,245.9,247.3,248.7,249.2,248.6,247.2,245.8,245.3,280.7,281.6,284.4,287.4,288.9,288.0,285.2,282.0,277.7,279.7,282.3,285.6,288.5,290.6,291.9,290.7,288.8,286.2,283.2,280.1,283.5,284.8,286.0,286.4,285.7,284.4,283.2,282.8,156.8,153.5,152.1,153.4,156.6,160.1,161.2,160.0,158.4,156.6,155.3,154.7,155.2,156.6,158.6,159.7,160.2,160.4,160.3,159.6,158.2,158.8,158.2,156.7,155.3,154.8,155.4,156.8,156.0,152.8,151.4,152.6,155.7,158.8,160.2,159.3,158.1,156.0,154.5,153.8,154.2,155.4,157.2,158.4,159.1,159.4,159.4,159.1,157.3,157.8,157.2,155.9,154.5,154.0,154.6,156.0,-9.5,-7.9,-3.7,0.5,2.3,0.9,-3.5,-7.7,-15.3,-12.6,-8.8,-4.2,0.3,3.8,6.2,3.5,-0.3,-4.5,-8.7,-12.5,-5.4,-3.6,-1.8,-1.0,-1.8,-3.7,-5.5,-6.2,41.7,43.0,46.9,51.1,53.1,51.8,47.9,43.4,37.7,40.2,43.8,48.4,52.6,55.8,57.9,55.9,52.9,49.2,45.0,40.8,45.6,47.4,49.1,49.7,48.8,47.0,45.3,44.7,-40.6,-44.9,-46.8,-45.1,-40.8,-36.2,-34.6,-36.3,-38.7,-40.9,-42.4,-43.1,-42.5,-40.8,-38.3,-36.7,-36.0,-35.6,-35.9,-36.9,-38.7,-37.9,-38.8,-40.7,-42.5,-43.3,-42.4,-40.6,-42.8,-47.2,-49.2,-47.7,-43.5,-39.2,-37.1,-38.3,-39.9,-42.7,-44.8,-45.8,-45.4,-44.1,-41.9,-39.9,-38.7,-38.1,-38.1,-38.5,-41.1,-40.4,-41.3,-43.2,-45.0,-45.7,-44.8,-42.9,515.5,516.1,516.4,516.2,515.7,515.3,514.8,514.9,519.4,517.0,514.8,513.7,514.4,515.9,517.6,515.8,514.1,513.7,514.7,516.9,516.1,516.0,516.2,516.4,516.7,516.7,516.6,516.3,530.2,531.4,533.0,534.1,534.1,532.9,531.2,530.2,530.5,529.8,529.7,530.7,533.2,536.6,539.8,536.4,533.1,530.7,529.6,529.8,532.0,532.5,533.2,533.7,533.8,533.3,532.5,532.0,27.1,-10.7,647.5,0.114,-0.17,-0.006,218.1,218.9,220.7,223.5,228.6,236.3,245.7,256.3,266.9,275.7,282.1,287.9,292.9,296.4,298.6,299.9,300.2,228.5,235.1,243.7,252.5,260.6,276.2,282.7,289.2,295.4,299.4,268.8,270.0,271.2,272.5,260.9,265.6,270.3,274.4,277.9,238.3,243.6,249.8,254.9,249.7,243.6,277.7,282.6,288.1,292.1,288.7,283.3,250.8,258.9,265.6,269.5,273.5,278.3,282.3,278.4,273.7,269.4,265.1,258.5,253.8,265.3,269.3,273.4,280.2,273.4,269.3,265.2,159.9,171.8,183.6,194.8,205.2,213.9,220.7,225.6,226.5,224.5,218.7,211.1,202.1,191.9,181.0,169.9,158.8,150.3,145.0,143.3,144.1,146.7,146.2,143.3,142.2,143.4,148.0,155.7,163.2,170.6,178.3,184.4,185.7,186.9,185.6,184.0,158.3,155.2,155.2,158.7,160.2,160.4,158.2,154.3,154.3,157.1,159.3,159.4,199.9,197.3,195.7,196.8,195.6,197.1,199.1,203.8,205.8,206.4,206.1,204.3,200.1,199.4,199.7,199.2,199.5,200.3,200.9,200.6,-55.6,-54.4,-51.4,-46.6,-37.5,-23.8,-7.4,10.7,28.6,44.2,56.5,67.9,77.6,84.1,87.9,90.4,91.0,-35.7,-24.6,-10.3,4.1,17.1,42.9,54.3,65.8,77.4,85.3,30.7,32.2,33.9,35.4,17.6,25.1,32.7,39.6,45.6,-19.4,-10.5,-0.4,8.1,-0.5,-10.6,46.4,54.9,64.6,71.9,65.6,56.0,1.4,14.6,25.3,31.7,38.4,46.8,54.6,47.0,38.8,31.6,24.6,13.9,6.3,24.9,31.4,38.3,50.7,38.2,31.4,24.7,-48.1,-27.4,-6.9,12.9,30.9,45.8,57.2,64.6,66.2,63.7,54.9,42.4,26.5,7.9,-11.7,-31.8,-52.1,-61.9,-70.0,-72.4,-70.5,-66.0,-67.7,-73.3,-76.1,-75.2,-68.3,-51.8,-39.2,-26.9,-14.5,-5.1,-2.9,-1.0,-3.1,-5.7,-48.3,-53.2,-53.4,-47.6,-45.1,-44.7,-49.1,-55.9,-56.3,-52.0,-47.8,-47.3,20.6,16.0,13.4,15.1,13.2,15.8,19.6,27.1,30.0,30.7,30.3,27.5,20.8,19.4,19.9,19.1,20.2,20.9,21.8,21.3,680.7,682.2,684.5,685.5,683.4,679.1,671.7,662.6,662.2,671.8,687.9,700.9,706.9,707.7,707.3,707.2,708.6,648.9,643.3,638.9,634.9,632.5,639.5,647.5,656.5,665.8,675.3,637.1,630.3,623.0,616.2,631.9,630.5,629.9,633.5,637.8,647.0,644.4,645.0,645.9,644.3,643.7,655.0,658.0,661.8,667.6,661.4,657.6,648.1,638.1,634.3,635.3,637.8,646.7,660.4,647.2,638.8,635.8,635.0,638.9,646.0,636.5,637.2,640.2,656.4,639.5,636.4,636.0,0.597,0.111,-0.226,-0.0,266.314,180.956,-5.693,8.459,-9.799,12.702,5.595,4.391,-6.48,1.481,1.398,-1.578,-1.252,1.089,-0.331,-1.997,-1.214,-0.6,-0.612,1.025,-2.035,-1.149,0.055,-0.577,0.032,-0.421,-0.018,0.002,-0.041,0.014,-0.108,-0.016,-0.037,0.002,-0.003,-0.003,0.46,0.19,0.0,0.73,0.0,0.0,0.35,0.0,0.0,0.52,0.0,0.0,0.0,0.0,0.0,0.0,0.0,1.0,1.0,0.0,1.0,0.0,0.0,1.0,0.0,0.0,1.0,0.0,0.0,0.0,0.0,0.0,0.0,1.0,0.0
PP133,g1,222,0,0.975,0.201395,0.137515,-0.969809,0.04089,0.136588,-0.989784,0.123,0.139,242.9,244.2,247.3,250.5,251.9,250.9,247.5,244.3,238.6,240.6,243.5,247.0,250.4,253.0,254.9,252.8,249.9,246.7,243.5,240.7,246.0,247.4,248.8,249.4,248.8,247.4,246.0,245.4,281.0,281.9,284.6,287.6,289.1,288.2,285.4,282.2,278.0,279.9,282.5,285.8,288.8,290.8,292.1,291.0,289.0,286.5,283.4,280.3,283.7,285.0,286.2,286.6,286.0,284.7,283.4,283.0,156.5,153.2,151.8,153.1,156.3,159.8,161.0,159.7,158.1,156.3,155.0,154.4,155.0,156.4,158.4,159.5,159.9,160.1,160.0,159.4,157.9,158.5,157.9,156.5,155.1,154.5,155.1,156.5,155.7,152.6,151.2,152.3,155.4,158.5,159.9,159.0,157.9,155.8,154.2,153.5,154.0,155.1,156.9,158.2,158.9,159.2,159.1,158.9,157.1,157.6,157.0,155.6,154.3,153.8,154.4,155.7,-9.3,-7.7,-3.5,0.7,2.5,1.2,-3.3,-7.5,-15.1,-12.4,-8.6,-4.0,0.5,4.0,6.4,3.7,-0.1,-4.3,-8.5,-12.3,-5.2,-3.4,-1.6,-0.8,-1.6,-3.5,-5.3,-6.0,42.0,43.3,47.2,51.4,53.4,52.1,48.1,43.6,38.0,40.5,44.1,48.6,52.9,56.1,58.1,56.2,53.2,49.5,45.3,41.1,45.8,47.7,49.4,50.0,49.1,47.3,45.6,45.0,-40.8,-45.1,-47.0,-45.3,-41.0,-36.4,-34.9,-36.5,-39.0,-41.2,-42.6,-43.4,-42.7,-41.0,-38.5,-36.9,-36.2,-35.9,-36.1,-37.1,-38.9,-38.2,-39.0,-40.9,-42.8,-43.5,-42.7,-40.8,-43.1,-47.5,-49.5,-48.0,-43.9,-39.5,-37.5,-38.6,-40.2,-43.0,-45.1,-46.2,-45.7,-44.5,-42.3,-40.2,-39.0,-38.5,-38.5,-38.8,-41.4,-40.8,-41.6,-43.5,-45.4,-46.0,-45.1,-43.2,513.9,514.6,514.9,514.7,514.2,513.8,513.2,513.4,517.9,515.4,513.2,512.2,512.9,514.4,516.0,514.3,512.6,512.1,513.1,515.3,514.6,514.5,514.6,514.9,515.2,515.2,515.1,514.8,529.7,530.9,532.5,533.6,533.6,532.4,530.7,529.7,530.0,529.3,529.2,530.2,532.8,536.1,539.3,535.9,532.6,530.2,529.1,529.3,531.5,532.0,532.7,533.2,533.3,532.8,532.1,531.5,27.4,-10.9,646.8,0.112,-0.175,-0.004,218.4,219.1,220.8,223.6,228.7,236.4,245.7,256.3,266.9,275.7,282.0,287.8,292.8,296.4,298.6,300.0,300.3,228.8,235.4,244.0,252.8,260.8,276.5,283.0,289.4,295.6,299.6,269.0,270.2,271.5,272.7,261.1,265.8,270.5,274.6,278.1,238.4,243.8,249.9,255.1,249.9,243.7,277.9,282.8,288.4,292.3,289.0,283.5,251.0,259.1,265.8,269.7,273.8,278.6,282.5,278.7,274.0,269.7,265.4,258.7,254.0,265.5,269.5,273.6,280.4,273.6,269.5,265.4,159.9,171.7,183.4,194.7,204.9,213.7,220.6,225.5,226.5,224.6,218.8,211.3,202.3,192.0,181.1,170.0,158.7,149.9,144.7,143.0,143.9,146.5,145.9,143.0,141.9,143.1,147.7,155.5,163.0,170.4,178.1,184.2,185.5,186.7,185.4,183.8,158.1,154.9,154.9,158.5,159.9,160.1,157.9,154.0,154.0,156.8,159.0,159.1,199.8,197.1,195.5,196.6,195.4,196.9,199.0,203.8,205.9,206.4,206.1,204.3,200.0,199.2,199.6,199.0,199.4,200.2,200.9,200.6,-55.0,-53.9,-51.0,-46.2,-37.2,-23.6,-7.4,10.7,28.6,44.1,56.3,67.7,77.4,84.1,88.0,90.6,91.2,-35.2,-24.1,-9.8,4.5,17.4,43.3,54.7,66.1,77.6,85.6,31.0,32.5,34.2,35.8,17.9,25.5,33.0,39.9,45.9,-19.1,-10.3,-0.1,8.4,-0.2,-10.3,46.7,55.2,64.9,72.2,65.9,56.3,1.6,14.9,25.7,32.1,38.8,47.2,54.9,47.4,39.2,32.0,25.0,14.2,6.6,25.2,31.8,38.6,51.0,38.6,31.7,25.0,-48.0,-27.5,-7.1,12.5,30.5,45.4,56.8,64.4,66.0,63.7,55.0,42.6,26.7,8.1,-11.6,-31.7,-52.1,-62.4,-70.4,-72.6,-70.8,-66.4,-68.0,-73.7,-76.5,-75.6,-68.8,-52.2,-39.5,-27.2,-14.8,-5.4,-3.2,-1.3,-3.4,-6.0,-48.7,-53.6,-53.8,-48.0,-45.5,-45.1,-49.5,-56.3,-56.7,-52.4,-48.2,-47.7,20.4,15.7,13.0,14.7,12.9,15.5,19.4,27.0,30.0,30.8,30.3,27.5,20.6,19.1,19.6,18.8,20.0,20.8,21.8,21.3,678.9,680.3,682.7,683.8,681.8,677.7,670.5,661.5,661.2,670.8,686.9,700.0,706.2,707.1,706.8,706.7,708.0,647.7,642.2,638.0,634.1,631.8,638.9,646.8,655.9,665.2,674.6,636.4,629.5,622.2,615.5,631.0,629.6,629.1,632.7,637.1,646.1,643.6,644.1,645.2,643.5,642.9,654.3,657.3,661.1,667.0,660.7,656.9,647.2,637.1,633.4,634.4,636.9,645.9,659.6,646.5,638.2,635.2,634.3,638.1,645.1,635.6,636.4,639.3,655.7,638.8,635.7,635.3,0.598,0.11,-0.232,0.002,266.499,180.803,-6.924,7.106,-9.546,13.193,5.654,4.187,-6.286,2.113,1.521,-1.609,-0.877,1.03,-0.34,-2.16,-1.085,-0.551,-0.538,0.99,-1.814,-1.235,0.185,-0.537,0.067,-0.372,0.012,0.023,-0.036,0.007,-0.106,-0.017,-0.044,0.002,0.001,-0.003,0.43,0.03,0.0,0.35,0.0,0.0,0.3,0.0,0.0,0.26,0.0,0.0,0.0,0.0,0.0,0.0,0.0,1.0,1.0,0.0,1.0,0.0,0.0,0.0,0.0,0.0,1.0,0.0,0.0,0.0,0.0,0.0,0.0,1.0,0.0
PP133,g1,228,0,0.975,0.202106,0.139112,-0.969433,0.042664,0.138014,-0.989511,0.124,0.141,243.1,244.3,247.4,250.6,252.0,251.0,247.6,244.4,238.7,240.7,243.6,247.1,250.5,253.2,255.0,253.0,250.1,246.8,243.7,240.8,246.2,247.6,248.9,249.5,248.9,247.5,246.1,245.6,281.1,282.0,284.7,287.7,289.2,288.3,285.5,282.3,278.1,280.0,282.6,285.9,288.8,290.9,292.2,291.1,289.1,286.6,283.5,280.4,283.8,285.1,286.3,286.7,286.1,284.7,283.5,283.1,156.5,153.3,151.9,153.1,156.3,159.8,161.0,159.7,158.1,156.3,155.1,154.4,155.0,156.4,158.4,159.5,159.9,160.2,160.0,159.4,158.0,158.5,157.9,156.5,155.1,154.5,155.1,156.6,155.7,152.6,151.2,152.3,155.4,158.5,159.9,159.0,157.9,155.8,154.2,153.5,154.0,155.1,156.9,158.2,158.9,159.2,159.1,158.8,157.1,157.6,157.0,155.6,154.3,153.8,154.4,155.7,-9.1,-7.5,-3.4,0.9,2.7,1.3,-3.1,-7.3,-15.0,-12.2,-8.4,-3.8,0.7,4.2,6.6,3.9,0.1,-4.2,-8.3,-12.1,-5.0,-3.2,-1.4,-0.7,-1.5,-3.3,-5.1,-5.8,42.1,43.5,47.4,51.6,53.6,52.2,48.3,43.8,38.1,40.7,44.2,48.8,53.0,56.2,58.3,56.4,53.4,49.7,45.4,41.3,46.0,47.8,49.6,50.1,49.3,47.4,45.7,45.1,-40.8,-45.1,-47.0,-45.3,-41.1,-36.4,-34.9,-36.6,-39.0,-41.2,-42.6,-43.4,-42.7,-41.0,-38.5,-36.9,-36.2,-35.9,-36.2,-37.1,-38.9,-38.2,-39.0,-40.9,-42.8,-43.5,-42.7,-40.8,-43.2,-47.5,-49.6,-48.1,-43.9,-39.5,-37.5,-38.7,-40.2,-43.0,-45.1,-46.2,-45.8,-44.5,-42.3,-40.3,-39.1,-38.5,-38.5,-38.9,-41.5,-40.8,-41.7,-43.6,-45.4,-46.1,-45.2,-43.3,514.3,514.9,515.3,515.1,514.5,514.1,513.6,513.8,518.3,515.8,513.6,512.6,513.3,514.8,516.4,514.7,513.0,512.5,513.5,515.7,514.9,514.9,515.0,515.3,515.5,515.6,515.5,515.2,530.1,531.3,533.0,534.1,534.1,532.9,531.2,530.2,530.4,529.8,529.6,530.6,533.2,536.6,539.8,536.4,533.1,530.6,529.5,529.7,532.0,532.5,533.2,533.7,533.7,533.2,532.5,532.0,27.6,-10.8,646.5,0.114,-0.177,-0.004,218.5,219.1,220.9,223.7,228.7,236.4,245.7,256.4,267.0,275.8,282.1,287.8,292.8,296.4,298.6,300.1,300.3,229.0,235.6,244.2,253.0,261.0,276.5,283.0,289.4,295.6,299.6,269.1,270.3,271.6,272.8,261.2,265.9,270.6,274.7,278.2,238.6,243.9,250.1,255.2,250.0,243.9,278.0,282.9,288.5,292.3,289.0,283.6,251.1,259.3,266.0,269.9,273.9,278.6,282.6,278.7,274.1,269.8,265.5,258.9,254.2,265.6,269.6,273.7,280.5,273.7,269.6,265.6,159.8,171.7,183.4,194.7,205.0,213.8,220.7,225.6,226.6,224.7,218.8,211.3,202.3,192.0,181.1,170.0,158.7,149.9,144.7,143.1,144.0,146.6,146.0,143.1,141.9,143.1,147.7,155.5,163.0,170.5,178.2,184.2,185.6,186.8,185.4,183.9,158.1,155.0,154.9,158.5,159.9,160.1,157.9,154.0,154.0,156.8,159.0,159.1,199.9,197.3,195.7,196.7,195.5,197.0,199.1,203.9,206.0,206.5,206.3,204.5,200.1,199.4,199.7,199.1,199.5,200.4,201.0,200.7,-54.7,-53.7,-50.9,-46.1,-37.1,-23.5,-7.3,10.9,28.8,44.2,56.4,67.7,77.4,84.1,88.0,90.5,91.2,-34.9,-23.7,-9.4,4.9,17.8,43.3,54.6,66.1,77.6,85.6,31.1,32.7,34.4,36.0,18.1,25.6,33.2,40.0,46.0,-18.9,-10.0,0.1,8.6,0.0,-10.1,46.9,55.4,65.0,72.3,66.0,56.5,1.9,15.2,25.9,32.3,38.9,47.3,55.0,47.5,39.4,32.2,25.2,14.5,6.9,25.4,32.0,38.8,51.1,38.7,32.0,25.3,-48.0,-27.5,-7.1,12.6,30.6,45.6,57.0,64.6,66.2,63.8,55.1,42.7,26.8,8.1,-11.6,-31.7,-52.2,-62.3,-70.3,-72.5,-70.6,-66.2,-67.9,-73.5,-76.4,-75.6,-68.7,-52.1,-39.5,-27.1,-14.7,-5.3,-3.0,-1.2,-3.3,-5.9,-48.7,-53.6,-53.7,-47.9,-45.4,-45.0,-49.5,-56.3,-56.7,-52.4,-48.2,-47.7,20.6,15.9,13.2,14.9,13.1,15.7,19.6,27.2,30.2,30.9,30.5,27.7,20.9,19.3,19.9,19.0,20.2,21.0,21.9,21.4,678.2,679.7,682.1,683.4,681.5,677.4,670.2,661.4,661.0,670.7,686.7,699.8,706.0,707.0,706.6,706.4,707.6,647.1,641.7,637.5,633.7,631.5,638.5,646.4,655.4,664.7,674.1,636.0,629.2,621.9,615.1,630.6,629.2,628.7,632.5,636.9,645.7,643.1,643.7,644.7,643.0,642.5,653.9,656.8,660.7,666.6,660.3,656.5,646.9,636.8,633.1,634.1,636.6,645.6,659.3,646.3,637.9,634.9,634.0,637.8,644.7,635.3,636.1,639.0,655.4,638.5,635.4,635.0,0.598,0.112,-0.234,0.002,266.601,180.867,-7.096,7.099,-9.849,13.65,5.244,4.273,-5.878,1.988,1.477,-1.557,-0.611,1.071,-0.524,-2.244,-1.319,-0.432,-0.609,0.994,-1.631,-1.059,0.307,-0.567,0.063,-0.432,0.009,0.055,-0.054,0.013,-0.112,-0.022,-0.043,-0.002,0.001,0.003,0.35,0.22,0.0,0.22,0.0,0.0,0.35,0.0,0.0,0.26,0.0,0.0,0.0,0.0,0.0,0.0,0.0,1.0,1.0,0.0,0.0,0.0,0.0,0.0,0.0,0.0,1.0,0.0,0.0,0.0,0.0,0.0,0.0,1.0,0.0
PP133,g1,234,0,0.975,0.20269,0.141551,-0.968958,0.044286,0.139716,-0.989201,0.125,0.143,243.3,244.5,247.7,250.9,252.2,251.2,247.8,244.6,238.9,240.9,243.8,247.3,250.8,253.4,255.2,253.1,250.2,247.0,243.9,241.0,246.4,247.8,249.1,249.7,249.1,247.7,246.3,245.8,281.2,282.1,284.9,287.9,289.3,288.4,285.7,282.4,278.2,280.1,282.8,286.1,289.0,291.1,292.3,291.2,289.3,286.7,283.7,280.6,283.9,285.2,286.4,286.8,286.2,284.9,283.7,283.3,156.2,153.0,151.6,152.9,156.1,159.6,160.7,159.4,157.8,156.0,154.8,154.1,154.7,156.1,158.1,159.3,159.7,159.9,159.7,159.1,157.7,158.3,157.6,156.2,154.8,154.3,154.9,156.3,155.5,152.4,151.0,152.1,155.2,158.3,159.7,158.8,157.7,155.6,154.0,153.3,153.8,154.9,156.7,158.0,158.7,159.0,158.9,158.7,156.9,157.4,156.8,155.4,154.1,153.6,154.2,155.5,-8.9,-7.2,-3.1,1.1,2.9,1.6,-2.9,-7.1,-14.7,-12.0,-8.1,-3.6,1.0,4.4,6.9,4.1,0.3,-3.9,-8.1,-11.9,-4.8,-2.9,-1.1,-0.4,-1.2,-3.0,-4.9,-5.6,42.2,43.5,47.4,51.6,53.6,52.3,48.4,43.9,38.2,40.7,44.3,48.8,53.1,56.3,58.3,56.4,53.4,49.7,45.5,41.3,46.1,47.9,49.6,50.2,49.3,47.5,45.8,45.2,-41.2,-45.5,-47.3,-45.6,-41.4,-36.7,-35.2,-36.9,-39.3,-41.6,-43.0,-43.8,-43.1,-41.3,-38.8,-37.2,-36.5,-36.2,-36.5,-37.5,-39.3,-38.5,-39.3,-41.2,-43.1,-43.9,-43.0,-41.1,-43.3,-47.7,-49.7,-48.2,-44.0,-39.7,-37.7,-38.8,-40.4,-43.2,-45.3,-46.4,-45.9,-44.7,-42.4,-40.4,-39.2,-38.6,-38.6,-39.0,-41.6,-40.9,-41.8,-43.7,-45.6,-46.2,-45.3,-43.4,514.2,514.8,515.1,515.0,514.4,514.0,513.5,513.6,518.1,515.7,513.5,512.5,513.2,514.6,516.3,514.5,512.8,512.4,513.4,515.5,514.8,514.7,514.9,515.2,515.4,515.5,515.3,515.1,528.6,529.8,531.4,532.6,532.6,531.4,529.7,528.6,528.9,528.2,528.1,529.1,531.7,535.1,538.3,534.9,531.6,529.1,528.0,528.2,530.4,530.9,531.7,532.2,532.2,531.7,531.0,530.4,27.6,-11.0,645.6,0.118,-0.178,-0.002,218.5,219.1,220.8,223.6,228.6,236.3,245.6,256.3,267.0,275.7,282.1,287.8,292.8,296.4,298.6,300.1,300.4,229.1,235.7,244.4,253.2,261.2,276.6,283.2,289.6,295.8,299.8,269.3,270.5,271.7,273.0,261.3,266.0,270.7,274.8,278.3,238.8,244.1,250.3,255.4,250.2,244.0,278.1,283.1,288.6,292.5,289.2,283.7,251.1,259.3,266.0,269.9,273.9,278.7,282.6,278.7,274.1,269.8,265.5,258.8,254.1,265.6,269.6,273.7,280.5,273.7,269.6,265.5,159.4,171.3,183.1,194.5,204.9,213.7,220.7,225.7,226.6,224.7,218.8,211.2,202.1,191.8,180.9,169.7,158.4,149.7,144.5,142.8,143.8,146.4,145.8,142.9,141.8,143.0,147.6,155.3,162.8,170.4,178.1,184.1,185.5,186.7,185.4,183.8,157.8,154.7,154.6,158.2,159.7,159.9,157.8,153.8,153.8,156.6,158.8,158.9,199.8,197.2,195.6,196.6,195.5,197.0,199.1,203.9,206.0,206.5,206.3,204.4,200.0,199.3,199.6,199.1,199.5,200.4,201.0,200.7,-54.6,-53.7,-50.8,-46.1,-37.2,-23.7,-7.5,10.7,28.7,44.2,56.3,67.7,77.3,83.9,87.8,90.5,91.1,-34.6,-23.4,-9.1,5.2,18.0,43.5,54.9,66.3,77.8,85.7,31.4,32.9,34.5,36.1,18.2,25.7,33.3,40.1,46.1,-18.5,-9.7,0.4,8.9,0.3,-9.8,47.0,55.5,65.2,72.4,66.1,56.6,1.9,15.1,25.9,32.2,39.0,47.3,54.9,47.5,39.3,32.1,25.1,14.3,6.8,25.3,32.0,38.8,51.1,38.7,31.9,25.2,-48.8,-28.1,-7.6,12.2,30.3,45.4,56.9,64.5,66.1,63.8,54.9,42.3,26.4,7.7,-12.0,-32.1,-52.6,-62.5,-70.5,-72.7,-70.8,-66.3,-68.0,-73.6,-76.5,-75.7,-68.8,-52.4,-39.7,-27.2,-14.7,-5.5,-3.2,-1.3,-3.4,-6.0,-49.0,-53.9,-54.0,-48.2,-45.8,-45.3,-49.7,-56.5,-56.9,-52.6,-48.4,-47.9,20.4,15.7,13.1,14.8,12.9,15.6,19.5,27.2,30.2,30.9,30.4,27.6,20.7,19.2,19.7,18.9,20.1,21.0,21.9,21.4,677.1,678.7,681.2,682.4,680.6,676.6,669.5,660.6,660.3,670.0,686.0,699.0,705.1,706.0,705.5,705.3,706.4,645.9,640.5,636.3,632.6,630.4,637.6,645.4,654.4,663.7,673.1,635.0,628.3,621.0,614.4,629.8,628.4,627.9,631.7,636.0,644.4,641.9,642.5,643.6,641.9,641.3,652.9,655.8,659.7,665.5,659.3,655.5,646.0,635.9,632.3,633.4,635.9,644.9,658.5,645.5,637.2,634.2,633.3,637.0,643.8,634.5,635.3,638.3,654.5,637.8,634.7,634.2,0.599,0.116,-0.235,0.005,266.657,180.731,-7.901,7.672,-9.833,13.797,4.94,4.357,-5.668,1.455,1.631,-1.573,-0.67,1.074,-0.325,-1.907,-1.313,-0.352,-0.428,1.221,-1.723,-1.112,0.298,-0.646,-0.079,-0.465,0.114,-0.008,-0.026,0.001,-0.098,-0.02,-0.035,0.004,0.002,-0.004,0.6,0.45,0.0,0.36,0.0,0.0,0.44,0.0,0.0,0.24,0.0,0.0,0.0,0.0,0.0,0.0,0.0,1.0,1.0,0.0,0.0,0.0,0.0,1.0,0.0,0.0,0.0,0.0,0.0,0.0,0.0,0.0,0.0,1.0,0.0
PP133,g1,240,0,0.975,0.203236,0.140736,-0.968962,0.045511,0.139031,-0.989242,0.126,0.142,243.4,244.7,247.8,251.0,252.4,251.3,248.0,244.8,239.1,241.1,243.9,247.4,250.9,253.5,255.4,253.3,250.4,247.2,244.0,241.2,246.5,247.9,249.3,249.8,249.2,247.8,246.5,245.9,281.3,282.3,285.0,288.0,289.5,288.6,285.8,282.6,278.4,280.3,282.9,286.2,289.1,291.2,292.5,291.3,289.4,286.8,283.8,280.7,284.1,285.4,286.6,287.0,286.3,285.0,283.8,283.4,156.1,152.8,151.4,152.7,155.9,159.4,160.6,159.3,157.7,155.9,154.6,154.0,154.6,156.0,158.0,159.1,159.5,159.8,159.6,159.0,157.6,158.1,157.5,156.1,154.7,154.1,154.7,156.2,155.3,152.2,150.8,152.0,155.1,158.2,159.6,158.7,157.5,155.4,153.9,153.1,153.6,154.8,156.6,157.8,158.5,158.8,158.8,158.5,156.7,157.2,156.6,155.3,153.9,153.4,154.0,155.4,-8.7,-7.0,-2.9,1.3,3.1,1.8,-2.7,-6.9,-14.5,-11.8,-7.9,-3.4,1.2,4.6,7.1,4.3,0.5,-3.7,-7.9,-11.6,-4.6,-2.7,-0.9,-0.2,-1.0,-2.8,-4.7,-5.4,42.4,43.7,47.6,51.8,53.8,52.5,48.6,44.1,38.4,40.9,44.5,49.1,53.3,56.5,58.5,56.6,53.6,49.9,45.7,41.5,46.3,48.1,49.8,50.4,49.5,47.7,46.0,45.4,-41.3,-45.6,-47.5,-45.8,-41.5,-36.9,-35.3,-37.0,-39.4,-41.7,-43.1,-43.9,-43.2,-41.5,-38.9,-37.3,-36.6,-36.3,-36.6,-37.6,-39.4,-38.7,-39.5,-41.4,-43.2,-44.0,-43.2,-41.3,-43.5,-47.9,-49.9,-48.4,-44.2,-39.9,-37.9,-39.0,-40.6,-43.4,-45.5,-46.6,-46.1,-44.9,-42.6,-40.6,-39.4,-38.8,-38.8,-39.2,-41.8,-41.1,-42.0,-43.9,-45.8,-46.4,-45.5,-43.6,513.3,513.9,514.2,514.1,513.5,513.1,512.6,512.7,517.2,514.8,512.6,511.6,512.3,513.7,515.4,513.6,511.9,511.5,512.5,514.6,513.9,513.8,514.0,514.3,514.5,514.6,514.4,514.2,528.6,529.8,531.4,532.6,532.6,531.4,529.7,528.6,528.8,528.2,528.1,529.1,531.7,535.1,538.3,534.9,531.6,529.1,528.0,528.2,530.4,530.9,531.7,532.2,532.2,531.7,531.0,530.4,27.9,-11.2,645.0,0.117,-0.18,-0.002,218.6,219.3,221.0,223.8,228.8,236.5,245.7,256.5,267.1,275.9,282.2,287.9,292.9,296.5,298.7,300.2,300.5,229.2,235.8,244.5,253.3,261.3,276.8,283.4,289.7,295.9,299.9,269.5,270.7,272.0,273.2,261.5,266.2,270.9,275.0,278.5,238.9,244.3,250.4,255.5,250.4,244.2,278.3,283.2,288.8,292.6,289.3,283.9,251.4,259.5,266.2,270.1,274.2,278.9,282.7,278.9,274.3,270.0,265.8,259.1,254.4,265.9,269.9,273.9,280.6,273.9,269.9,265.8,159.2,171.1,183.0,194.3,204.8,213.6,220.6,225.6,226.6,224.7,218.8,211.2,202.1,191.7,180.8,169.6,158.3,149.6,144.3,142.7,143.6,146.2,145.6,142.8,141.7,142.8,147.4,155.1,162.6,170.1,177.9,184.0,185.3,186.5,185.2,183.6,157.7,154.5,154.5,158.1,159.5,159.7,157.6,153.7,153.6,156.5,158.7,158.8,199.8,197.1,195.5,196.5,195.3,196.9,199.0,203.9,205.9,206.5,206.2,204.4,200.0,199.2,199.5,199.0,199.4,200.3,200.9,200.6,-54.3,-53.3,-50.5,-45.8,-36.9,-23.4,-7.3,10.9,28.9,44.4,56.5,67.8,77.4,84.0,87.9,90.6,91.2,-34.3,-23.2,-8.9,5.4,18.3,43.7,55.1,66.5,78.0,85.9,31.6,33.2,34.9,36.5,18.6,26.1,33.6,40.4,46.4,-18.3,-9.4,0.7,9.1,0.6,-9.5,47.2,55.7,65.4,72.6,66.4,56.8,2.3,15.5,26.3,32.6,39.3,47.6,55.1,47.8,39.7,32.5,25.5,14.8,7.3,25.8,32.3,39.1,51.3,39.0,32.3,25.6,-49.0,-28.4,-7.9,11.9,30.0,45.2,56.7,64.4,66.1,63.7,54.9,42.3,26.3,7.6,-12.1,-32.3,-52.8,-62.6,-70.7,-72.9,-71.1,-66.6,-68.3,-73.9,-76.8,-75.9,-69.1,-52.6,-39.9,-27.6,-15.1,-5.7,-3.5,-1.6,-3.7,-6.3,-49.2,-54.1,-54.2,-48.4,-45.9,-45.5,-49.9,-56.8,-57.1,-52.8,-48.6,-48.1,20.3,15.6,12.9,14.6,12.7,15.4,19.4,27.0,30.0,30.7,30.3,27.5,20.6,19.0,19.5,18.7,20.0,20.8,21.7,21.2,676.1,677.7,680.2,681.4,679.6,675.7,668.7,659.9,659.6,669.2,685.2,698.3,704.5,705.4,705.0,704.8,705.9,645.1,639.7,635.6,631.9,629.8,637.2,645.1,654.1,663.3,672.7,634.4,627.6,620.4,613.7,629.1,627.7,627.2,630.9,635.3,643.6,641.2,641.8,642.9,641.2,640.5,652.4,655.3,659.2,665.1,658.9,655.0,645.1,635.1,631.5,632.6,635.1,644.1,657.7,644.7,636.4,633.4,632.5,636.1,643.0,633.7,634.5,637.5,653.7,637.0,633.9,633.4,0.6,0.114,-0.238,0.005,266.836,180.61,-7.847,7.563,-10.03,14.337,4.661,4.034,-5.677,1.592,1.846,-1.799,-0.922,1.379,-0.396,-2.022,-1.336,-0.436,-0.363,1.149,-1.741,-1.102,0.281,-0.581,-0.036,-0.472,0.039,0.02,-0.031,0.006,-0.104,-0.024,-0.038,0.003,0.0,-0.005,0.66,0.37,0.0,0.64,0.0,0.0,0.33,0.0,0.0,0.3,0.0,0.0,0.0,0.0,0.0,0.0,0.0,1.0,1.0,0.0,0.0,0.0,0.0,0.0,0.0,0.0,0.0,0.0,0.0,0.0,0.0,0.0,0.0,1.0,0.0
PP133,g1,246,0,0.975,0.20313,0.138454,-0.969314,0.047289,0.136345,-0.989532,0.127,0.139,243.5,244.8,247.9,251.1,252.5,251.5,248.1,244.9,239.2,241.2,244.1,247.6,251.0,253.7,255.5,253.4,250.5,247.3,244.1,241.3,246.7,248.1,249.4,250.0,249.4,248.0,246.6,246.1,281.5,282.4,285.1,288.1,289.6,288.7,285.9,282.7,278.5,280.4,283.1,286.3,289.3,291.3,292.6,291.4,289.5,287.0,283.9,280.8,284.2,285.5,286.7,287.1,286.5,285.2,283.9,283.5,156.0,152.8,151.4,152.7,155.9,159.4,160.5,159.2,157.6,155.8,154.6,153.9,154.5,155.9,157.9,159.0,159.5,159.7,159.5,158.9,157.5,158.0,157.4,156.0,154.6,154.1,154.7,156.1,155.3,152.2,150.8,152.0,155.1,158.2,159.6,158.7,157.5,155.4,153.9,153.1,153.6,154.8,156.6,157.9,158.6,158.9,158.8,158.5,156.7,157.3,156.7,155.3,153.9,153.4,154.0,155.4,-8.5,-6.9,-2.7,1.5,3.3,1.9,-2.5,-6.7,-14.3,-11.6,-7.8,-3.2,1.4,4.8,7.2,4.5,0.7,-3.5,-7.7,-11.5,-4.4,-2.6,-0.8,-0.0,-0.8,-2.7,-4.5,-5.2,42.5,43.9,47.8,52.0,53.9,52.6,48.7,44.2,38.5,41.1,44.7,49.2,53.4,56.6,58.6,56.7,53.7,50.0,45.8,41.7,46.4,48.2,49.9,50.5,49.6,47.8,46.1,45.5,-41.4,-45.7,-47.6,-45.9,-41.6,-37.0,-35.5,-37.2,-39.6,-41.8,-43.3,-44.0,-43.3,-41.6,-39.1,-37.5,-36.8,-36.4,-36.7,-37.7,-39.5,-38.8,-39.6,-41.5,-43.4,-44.1,-43.3,-41.4,-43.5,-47.8,-49.8,-48.3,-44.2,-39.8,-37.8,-39.0,-40.5,-43.4,-45.4,-46.5,-46.0,-44.8,-42.5,-40.5,-39.3,-38.8,-38.8,-39.2,-41.7,-41.1,-42.0,-43.9,-45.7,-46.4,-45.5,-43.6,513.8,514.4,514.7,514.6,514.0,513.6,513.0,513.2,517.7,515.2,513.1,512.1,512.8,514.2,515.9,514.1,512.4,512.0,513.0,515.1,514.4,514.3,514.5,514.7,515.0,515.1,514.9,514.6,528.2,529.4,531.1,532.3,532.2,531.0,529.3,528.2,528.4,527.8,527.7,528.8,531.4,534.8,538.0,534.6,531.2,528.8,527.6,527.8,530.1,530.6,531.3,531.8,531.9,531.3,530.6,530.1,28.0,-11.1,644.5,0.112,-0.181,0.001,218.7,219.4,221.1,223.8,228.8,236.5,245.7,256.4,267.0,275.8,282.1,287.8,292.8,296.4,298.7,300.2,300.5,229.4,236.0,244.7,253.5,261.5,277.0,283.5,289.9,296.0,300.0,269.6,270.8,272.1,273.3,261.6,266.3,271.0,275.1,278.6,239.0,244.4,250.6,255.7,250.5,244.3,278.4,283.4,288.9,292.7,289.4,284.0,251.4,259.5,266.2,270.1,274.2,278.9,282.7,278.9,274.3,270.0,265.7,259.1,254.4,265.9,269.9,273.9,280.6,273.9,269.9,265.7,159.2,171.2,183.1,194.5,204.9,213.8,220.9,225.9,226.9,225.0,219.2,211.5,202.4,191.9,181.0,169.7,158.4,149.5,144.2,142.6,143.5,146.1,145.6,142.7,141.6,142.8,147.5,155.0,162.6,170.1,177.9,183.9,185.3,186.5,185.2,183.6,157.6,154.5,154.4,158.0,159.4,159.7,157.6,153.7,153.7,156.6,158.7,158.8,199.8,197.1,195.5,196.6,195.4,197.0,199.2,204.0,206.0,206.5,206.3,204.4,200.0,199.2,199.6,199.0,199.6,200.4,201.0,200.6,-54.1,-53.1,-50.3,-45.6,-36.7,-23.4,-7.3,10.8,28.7,44.1,56.2,67.5,77.1,83.7,87.7,90.4,91.1,-34.0,-23.0,-8.7,5.6,18.5,44.0,55.3,66.7,78.2,86.0,31.8,33.4,35.0,36.6,18.6,26.1,33.7,40.5,46.4,-18.0,-9.2,0.9,9.3,0.8,-9.3,47.4,55.9,65.6,72.7,66.5,57.0,2.3,15.5,26.2,32.6,39.3,47.5,55.0,47.7,39.6,32.4,25.4,14.7,7.3,25.7,32.3,39.0,51.2,39.0,32.2,25.5,-48.9,-28.2,-7.7,12.1,30.3,45.5,57.2,64.8,66.5,64.2,55.5,42.9,26.8,8.0,-11.8,-32.0,-52.6,-62.7,-70.8,-73.1,-71.2,-66.8,-68.4,-74.0,-76.8,-75.8,-68.9,-52.8,-40.1,-27.6,-15.1,-5.8,-3.5,-1.6,-3.7,-6.3,-49.3,-54.2,-54.3,-48.5,-46.0,-45.6,-50.0,-56.7,-57.1,-52.7,-48.5,-48.1,20.4,15.6,12.9,14.7,12.8,15.6,19.7,27.3,30.1,30.9,30.3,27.5,20.6,19.0,19.6,18.8,20.2,21.0,21.8,21.3,675.5,677.0,679.4,680.6,678.7,674.8,667.8,659.1,658.8,668.5,684.5,697.6,703.8,704.7,704.3,704.1,705.4,644.8,639.5,635.5,631.8,629.8,637.1,645.0,654.0,663.2,672.5,634.2,627.4,620.1,613.3,628.6,627.2,626.8,630.5,635.0,643.3,640.9,641.6,642.6,640.9,640.2,652.1,655.1,659.0,664.8,658.6,654.7,644.5,634.6,631.0,632.1,634.7,643.6,657.1,644.1,635.9,632.8,631.9,635.5,642.3,633.2,634.0,637.0,653.1,636.5,633.4,632.9,0.6,0.109,-0.239,0.007,266.877,180.674,-9.082,7.602,-10.066,14.965,4.442,4.323,-5.745,1.023,1.786,-2.025,-0.932,1.199,-0.43,-2.061,-1.312,-0.535,-0.381,1.364,-1.751,-1.119,0.283,-0.658,0.037,-0.486,0.11,0.008,-0.002,-0.003,-0.102,-0.031,-0.037,-0.001,0.001,-0.007,0.5,0.22,0.0,0.67,0.0,0.0,0.08,0.0,0.0,0.26,0.0,0.0,0.0,0.0,0.0,0.0,0.0,1.0,1.0,0.0,0.0,0.0,0.0,0.0,0.0,0.0,1.0,0.0,0.0,0.0,0.0,0.0,1.0,1.0,0.0
PP133,g1,252,0,0.975,0.20014,0.134961,-0.970428,0.046379,0.133571,-0.989953,0.125,0.136,243.5,244.8,247.9,251.1,252.5,251.5,248.1,244.9,239.2,241.2,244.1,247.6,251.0,253.7,255.5,253.5,250.5,247.3,244.2,241.3,246.7,248.1,249.4,250.0,249.4,248.0,246.6,246.1,281.4,282.3,285.1,288.1,289.6,288.6,285.9,282.6,278.4,280.4,283.0,286.3,289.2,291.3,292.5,291.4,289.5,286.9,283.9,280.8,284.2,285.5,286.7,287.1,286.4,285.1,283.9,283.5,156.1,152.9,151.5,152.7,155.9,159.4,160.6,159.3,157.8,155.9,154.7,154.0,154.5,156.0,158.0,159.1,159.5,159.8,159.6,159.0,157.6,158.1,157.5,156.1,154.7,154.1,154.7,156.2,155.3,152.2,150.8,152.0,155.1,158.2,159.6,158.6,157.5,155.4,153.8,153.1,153.6,154.8,156.6,157.9,158.5,158.8,158.7,158.5,156.7,157.2,156.6,155.2,153.9,153.4,154.0,155.4,-8.5,-6.9,-2.7,1.5,3.3,2.0,-2.5,-6.7,-14.3,-11.6,-7.8,-3.2,1.4,4.8,7.3,4.5,0.7,-3.5,-7.7,-11.4,-4.4,-2.5,-0.7,-0.0,-0.8,-2.7,-4.5,-5.2,42.4,43.8,47.7,51.9,53.9,52.5,48.6,44.1,38.4,41.0,44.6,49.1,53.3,56.5,58.5,56.6,53.6,49.9,45.7,41.6,46.3,48.1,49.8,50.4,49.6,47.7,46.0,45.4,-41.3,-45.6,-47.5,-45.8,-41.6,-36.9,-35.4,-37.0,-39.4,-41.7,-43.1,-43.9,-43.3,-41.5,-39.0,-37.4,-36.7,-36.3,-36.6,-37.6,-39.4,-38.7,-39.5,-41.4,-43.3,-44.0,-43.2,-41.3,-43.5,-47.8,-49.9,-48.3,-44.2,-39.8,-37.8,-39.0,-40.5,-43.3,-45.4,-46.5,-46.1,-44.8,-42.6,-40.5,-39.4,-38.8,-38.8,-39.2,-41.8,-41.1,-42.0,-43.9,-45.7,-46.4,-45.5,-43.6,513.9,514.5,514.8,514.6,514.0,513.7,513.1,513.3,517.9,515.4,513.2,512.2,512.8,514.3,515.9,514.2,512.5,512.1,513.1,515.3,514.5,514.4,514.5,514.8,515.1,515.1,515.0,514.7,527.7,529.0,530.7,531.8,531.8,530.6,528.9,527.8,528.0,527.4,527.3,528.4,531.0,534.3,537.6,534.2,530.8,528.3,527.2,527.4,529.6,530.1,530.9,531.4,531.4,530.9,530.2,529.6,28.1,-11.0,644.3,0.107,-0.178,-0.004,218.9,219.6,221.4,224.1,229.2,236.8,246.0,256.7,267.4,276.1,282.4,288.1,293.0,296.6,298.8,300.2,300.5,229.4,235.9,244.6,253.3,261.3,276.9,283.4,289.8,296.0,299.9,269.5,270.8,272.1,273.3,261.7,266.4,271.1,275.2,278.7,239.1,244.4,250.6,255.7,250.5,244.3,278.3,283.3,288.8,292.7,289.4,284.0,251.6,259.7,266.4,270.3,274.3,279.0,282.9,279.1,274.5,270.2,265.9,259.3,254.6,266.0,270.1,274.1,280.8,274.1,270.0,265.9,159.4,171.4,183.3,194.7,205.2,214.1,221.3,226.3,227.2,225.3,219.4,211.6,202.4,191.9,180.9,169.7,158.3,149.7,144.4,142.6,143.5,146.1,145.5,142.7,141.6,142.8,147.5,155.0,162.5,170.0,177.8,183.9,185.3,186.4,185.1,183.6,157.7,154.5,154.5,158.1,159.5,159.8,157.6,153.7,153.6,156.5,158.7,158.8,200.0,197.1,195.5,196.5,195.3,196.9,199.2,204.1,206.1,206.7,206.4,204.6,200.2,199.2,199.5,199.0,199.6,200.4,201.1,200.7,-53.8,-52.7,-49.8,-45.0,-36.2,-22.8,-6.8,11.3,29.3,44.7,56.8,68.0,77.5,84.0,87.9,90.5,91.1,-34.1,-23.1,-8.9,5.4,18.3,43.9,55.2,66.6,78.1,85.9,31.7,33.3,35.0,36.6,18.8,26.3,33.8,40.6,46.6,-18.0,-9.2,0.9,9.4,0.8,-9.3,47.3,55.9,65.5,72.7,66.5,56.9,2.7,15.8,26.5,32.8,39.5,47.8,55.3,48.0,39.9,32.8,25.8,15.1,7.6,26.0,32.6,39.3,51.4,39.3,32.5,25.8,-48.6,-27.9,-7.3,12.5,30.8,46.0,57.7,65.4,67.0,64.6,55.8,43.0,26.9,8.0,-11.8,-32.1,-52.7,-62.4,-70.7,-73.0,-71.2,-66.8,-68.5,-74.1,-76.9,-75.9,-68.9,-52.8,-40.1,-27.8,-15.3,-5.8,-3.5,-1.7,-3.8,-6.4,-49.1,-54.1,-54.2,-48.5,-45.9,-45.5,-50.0,-56.8,-57.1,-52.7,-48.6,-48.1,20.6,15.6,12.9,14.6,12.7,15.5,19.7,27.4,30.3,31.0,30.5,27.8,20.8,19.0,19.5,18.7,20.2,21.1,22.0,21.5,675.7,677.2,679.6,680.6,678.7,674.7,667.7,659.0,658.6,668.3,684.2,697.2,703.3,704.1,703.8,703.5,704.8,645.1,639.8,635.7,632.0,630.0,637.3,645.1,654.1,663.3,672.6,634.3,627.4,620.0,613.1,628.5,627.1,626.6,630.4,634.9,643.5,641.1,641.8,642.7,641.1,640.4,652.2,655.2,659.0,664.8,658.6,654.8,644.4,634.3,630.8,631.8,634.3,643.2,656.8,643.8,635.5,632.6,631.7,635.2,642.2,633.0,633.7,636.7,652.8,636.3,633.2,632.7,0.6,0.105,-0.237,0.002,266.988,180.726,-9.578,8.059,-9.836,15.818,3.775,3.958,-5.881,1.015,1.904,-2.524,-1.207,1.152,-0.491,-2.089,-1.096,-0.589,-0.374,1.317,-1.731,-1.045,0.22,-0.688,-0.059,-0.569,0.06,0.024,0.032,-0.0,-0.106,-0.031,-0.031,-0.005,0.0,-0.009,0.46,0.27,0.0,0.81,0.0,0.0,0.2,0.0,0.0,0.17,0.0,0.0,0.0,0.0,0.0,0.04,0.0,1.0,1.0,0.0,1.0,0.0,0.0,0.0,0.0,0.0,0.0,0.0,0.0,0.0,0.0,0.0,1.0,1.0,0.0
PP133,g1,258,0,0.975,0.19917,0.134455,-0.970697,0.04568,0.132899,-0.990076,0.124,0.136,243.6,244.9,248.0,251.2,252.6,251.6,248.2,245.0,239.3,241.3,244.2,247.6,251.1,253.7,255.6,253.5,250.6,247.4,244.2,241.4,246.7,248.1,249.5,250.1,249.5,248.1,246.7,246.1,281.4,282.4,285.1,288.1,289.6,288.7,285.9,282.7,278.5,280.4,283.0,286.3,289.2,291.3,292.5,291.4,289.5,286.9,283.9,280.8,284.2,285.5,286.7,287.1,286.4,285.1,283.9,283.5,156.2,152.9,151.5,152.8,156.0,159.5,160.6,159.4,157.8,156.0,154.7,154.1,154.6,156.0,158.0,159.2,159.6,159.8,159.7,159.1,157.6,158.2,157.6,156.2,154.8,154.2,154.8,156.2,155.4,152.3,150.9,152.1,155.2,158.3,159.7,158.8,157.6,155.5,154.0,153.3,153.8,154.9,156.7,158.0,158.7,158.9,158.9,158.6,156.8,157.4,156.8,155.4,154.0,153.5,154.1,155.5,-8.4,-6.8,-2.6,1.6,3.4,2.1,-2.4,-6.6,-14.2,-11.5,-7.7,-3.1,1.4,4.9,7.4,4.6,0.8,-3.4,-7.6,-11.4,-4.3,-2.4,-0.6,0.1,-0.7,-2.6,-4.4,-5.1,42.6,43.9,47.8,52.0,54.0,52.6,48.7,44.2,38.6,41.1,44.7,49.3,53.5,56.6,58.7,56.8,53.8,50.1,45.9,41.7,46.5,48.3,50.0,50.6,49.7,47.9,46.2,45.6,-41.3,-45.6,-47.5,-45.8,-41.6,-36.9,-35.4,-37.0,-39.5,-41.7,-43.1,-43.9,-43.2,-41.5,-39.0,-37.4,-36.7,-36.4,-36.6,-37.6,-39.4,-38.7,-39.5,-41.4,-43.3,-44.0,-43.2,-41.3,-43.4,-47.8,-49.8,-48.3,-44.1,-39.7,-37.7,-38.9,-40.5,-43.3,-45.4,-46.4,-46.0,-44.7,-42.5,-40.5,-39.3,-38.7,-38.8,-39.1,-41.7,-41.0,-41.9,-43.8,-45.6,-46.3,-45.4,-43.5,515.2,515.8,516.1,515.9,515.3,514.9,514.4,514.6,519.1,516.7,514.4,513.4,514.1,515.5,517.2,515.4,513.8,513.3,514.4,516.5,515.8,515.7,515.8,516.1,516.3,516.4,516.3,516.0,529.1,530.3,532.0,533.2,533.2,531.9,530.2,529.2,529.4,528.8,528.7,529.7,532.3,535.7,538.9,535.5,532.1,529.7,528.5,528.7,531.0,531.5,532.2,532.8,532.8,532.3,531.5,531.0,28.2,-10.8,645.0,0.105,-0.177,-0.004,219.1,219.7,221.5,224.2,229.3,236.9,246.1,256.7,267.4,276.2,282.5,288.2,293.1,296.6,298.8,300.3,300.5,229.6,236.1,244.8,253.5,261.4,276.9,283.4,289.8,295.9,299.9,269.6,270.8,272.1,273.3,261.7,266.4,271.1,275.2,278.7,239.2,244.5,250.6,255.8,250.6,244.4,278.4,283.3,288.9,292.7,289.4,284.0,251.7,259.7,266.4,270.3,274.3,279.1,282.9,279.2,274.5,270.2,265.9,259.3,254.7,266.1,270.1,274.1,280.8,274.1,270.1,266.0,159.5,171.5,183.4,194.9,205.4,214.3,221.4,226.4,227.4,225.4,219.5,211.7,202.5,192.1,181.1,169.9,158.6,149.7,144.4,142.7,143.6,146.2,145.7,142.8,141.8,142.9,147.6,155.1,162.6,170.1,177.8,184.0,185.4,186.5,185.2,183.6,157.8,154.6,154.6,158.1,159.6,159.8,157.7,153.8,153.8,156.7,158.8,158.9,200.1,197.2,195.5,196.5,195.4,197.0,199.3,204.2,206.2,206.8,206.5,204.7,200.2,199.3,199.6,199.0,199.7,200.5,201.1,200.8,-53.6,-52.6,-49.7,-44.9,-36.1,-22.7,-6.7,11.4,29.4,44.9,57.0,68.2,77.6,84.1,88.0,90.6,91.2,-33.8,-22.7,-8.5,5.7,18.4,44.0,55.3,66.7,78.1,86.0,31.9,33.4,35.1,36.7,18.8,26.3,33.9,40.7,46.6,-17.9,-9.1,1.0,9.5,0.9,-9.2,47.4,56.0,65.6,72.8,66.6,57.0,2.7,15.8,26.6,32.9,39.6,47.9,55.4,48.1,40.0,32.8,25.8,15.1,7.7,26.1,32.6,39.4,51.5,39.3,32.6,25.9,-48.5,-27.7,-7.1,12.9,31.1,46.4,58.1,65.7,67.3,64.9,56.1,43.3,27.1,8.3,-11.5,-31.7,-52.2,-62.6,-70.7,-73.0,-71.1,-66.7,-68.3,-73.9,-76.7,-75.8,-68.8,-52.7,-40.0,-27.7,-15.2,-5.7,-3.4,-1.6,-3.7,-6.3,-49.1,-54.0,-54.1,-48.4,-45.9,-45.5,-49.9,-56.6,-56.9,-52.6,-48.5,-48.0,20.8,15.7,12.9,14.6,12.8,15.6,19.9,27.6,30.5,31.3,30.8,28.0,21.0,19.1,19.6,18.8,20.4,21.3,22.2,21.6,676.5,678.1,680.5,681.6,679.6,675.6,668.5,659.6,659.2,668.9,684.8,697.8,703.9,704.6,704.2,703.9,705.2,645.8,640.6,636.6,633.0,630.9,638.1,646.0,654.9,664.0,673.2,635.2,628.2,620.9,614.0,629.4,627.9,627.4,631.2,635.6,644.3,642.0,642.6,643.6,641.9,641.3,653.0,656.0,659.8,665.6,659.4,655.6,645.1,635.0,631.5,632.5,635.1,643.9,657.4,644.5,636.3,633.3,632.4,635.9,642.9,633.7,634.5,637.5,653.4,637.0,633.9,633.4,0.599,0.103,-0.235,0.002,267.035,180.835,-10.241,8.6,-9.887,15.867,3.371,3.936,-5.676,1.265,1.638,-2.607,-0.745,1.156,-0.66,-2.048,-1.022,-0.57,-0.424,1.295,-1.708,-1.12,0.302,-0.637,-0.058,-0.55,0.021,0.063,0.032,-0.004,-0.106,-0.033,-0.03,-0.008,0.003,-0.008,0.37,0.3,0.0,0.61,0.0,0.0,0.05,0.0,0.0,0.39,0.0,0.0,0.0,0.0,0.0,0.14,0.0,0.0,1.0,0.0,1.0,0.0,0.0,0.0,0.0,0.0,1.0,0.0,0.0,0.0,0.0,0.0,1.0,1.0,0.0
PP133,g1,264,0,0.975,0.199404,0.132865,-0.970868,0.046265,0.132661,-0.990081,0.125,0.135,243.7,244.9,248.1,251.3,252.7,251.7,248.3,245.1,239.4,241.4,244.2,247.7,251.2,253.8,255.7,253.6,250.7,247.5,244.3,241.5,246.8,248.2,249.6,250.1,249.5,248.1,246.8,246.2,281.5,282.4,285.2,288.2,289.6,288.8,286.0,282.8,278.5,280.5,283.1,286.4,289.3,291.4,292.6,291.5,289.6,287.0,284.0,280.9,284.3,285.6,286.8,287.2,286.5,285.2,284.0,283.6,156.3,153.0,151.6,152.9,156.0,159.5,160.7,159.5,157.9,156.1,154.8,154.2,154.7,156.1,158.0,159.2,159.6,159.9,159.8,159.2,157.7,158.3,157.6,156.2,154.8,154.3,154.9,156.3,155.3,152.2,150.8,152.0,155.0,158.1,159.5,158.6,157.5,155.4,153.8,153.1,153.6,154.7,156.5,157.8,158.5,158.8,158.7,158.4,156.7,157.2,156.6,155.2,153.9,153.4,154.0,155.3,-8.3,-6.7,-2.6,1.7,3.5,2.2,-2.2,-6.4,-14.1,-11.4,-7.6,-3.0,1.5,5.0,7.5,4.8,0.9,-3.3,-7.5,-11.2,-4.2,-2.3,-0.5,0.2,-0.6,-2.5,-4.3,-5.0,42.8,44.1,48.0,52.2,54.2,52.8,48.9,44.4,38.7,41.3,44.9,49.4,53.6,56.8,58.9,57.0,54.0,50.3,46.1,41.9,46.6,48.5,50.2,50.8,49.9,48.0,46.3,45.7,-41.2,-45.5,-47.4,-45.8,-41.5,-36.9,-35.3,-36.9,-39.3,-41.5,-43.0,-43.8,-43.2,-41.5,-39.0,-37.4,-36.7,-36.3,-36.5,-37.4,-39.3,-38.6,-39.4,-41.3,-43.2,-43.9,-43.1,-41.2,-43.7,-48.0,-50.1,-48.6,-44.4,-40.0,-38.0,-39.2,-40.7,-43.5,-45.6,-46.7,-46.3,-45.0,-42.8,-40.8,-39.6,-39.0,-39.0,-39.4,-42.0,-41.3,-42.2,-44.1,-45.9,-46.6,-45.7,-43.8,515.2,515.8,516.0,515.8,515.3,514.9,514.4,514.6,519.1,516.7,514.4,513.4,514.0,515.5,517.1,515.4,513.7,513.3,514.3,516.5,515.7,515.7,515.8,516.0,516.3,516.4,516.3,516.0,529.8,531.0,532.7,533.9,533.8,532.6,530.9,529.9,530.1,529.5,529.4,530.4,533.0,536.4,539.6,536.2,532.8,530.4,529.2,529.4,531.7,532.2,532.9,533.5,533.5,533.0,532.2,531.7,28.7,-11.0,644.9,0.102,-0.178,-0.011,219.2,219.9,221.7,224.6,229.6,237.3,246.6,257.4,268.1,276.9,283.1,288.7,293.5,297.0,299.1,300.5,300.6,229.5,236.0,244.7,253.4,261.4,277.0,283.4,289.8,295.9,299.9,269.7,270.9,272.3,273.6,262.0,266.7,271.4,275.5,279.0,239.3,244.5,250.7,255.9,250.7,244.5,278.5,283.4,288.9,292.8,289.5,284.1,252.1,260.2,266.9,270.8,274.8,279.5,283.4,279.7,275.1,270.8,266.5,259.8,255.1,266.6,270.6,274.6,281.3,274.6,270.6,266.5,159.7,171.7,183.6,194.9,205.4,214.3,221.4,226.3,227.3,225.3,219.3,211.5,202.3,191.8,180.8,169.6,158.3,149.9,144.5,142.8,143.6,146.2,145.6,142.7,141.6,142.7,147.3,155.0,162.5,170.0,177.7,183.9,185.2,186.4,185.0,183.4,157.9,154.7,154.6,158.1,159.6,159.9,157.5,153.7,153.6,156.4,158.6,158.7,200.0,197.0,195.3,196.3,195.1,196.7,199.0,203.9,206.0,206.6,206.4,204.6,200.1,199.1,199.4,198.8,199.4,200.3,200.9,200.7,-53.4,-52.3,-49.3,-44.4,-35.4,-21.9,-5.8,12.4,30.5,46.0,58.1,69.1,78.5,84.7,88.5,90.9,91.4,-33.8,-22.9,-8.7,5.5,18.4,44.0,55.3,66.7,78.1,86.1,32.0,33.7,35.4,37.1,19.3,26.9,34.4,41.2,47.2,-17.7,-9.0,1.1,9.6,1.1,-9.0,47.6,56.1,65.8,72.9,66.7,57.2,3.5,16.6,27.3,33.6,40.3,48.7,56.2,49.0,40.9,33.7,26.7,16.0,8.5,26.8,33.4,40.2,52.3,40.2,33.4,26.7,-48.1,-27.4,-6.9,12.9,31.2,46.4,58.0,65.6,67.1,64.7,55.8,43.0,26.7,7.8,-12.0,-32.3,-52.8,-62.2,-70.5,-72.8,-71.1,-66.7,-68.4,-74.1,-77.0,-76.1,-69.2,-52.8,-40.2,-27.9,-15.4,-5.8,-3.6,-1.8,-4.0,-6.7,-48.9,-53.8,-54.0,-48.4,-45.8,-45.3,-50.1,-56.8,-57.2,-52.9,-48.8,-48.3,20.6,15.5,12.6,14.2,12.3,15.1,19.4,27.1,30.1,30.9,30.5,27.8,20.8,18.8,19.3,18.4,19.9,20.9,21.8,21.3,676.5,678.1,680.5,681.5,679.6,675.5,668.4,659.4,659.1,668.9,684.9,698.1,704.2,704.9,704.3,704.0,705.2,645.8,640.6,636.5,632.9,630.8,638.1,646.0,654.9,664.1,673.3,635.2,628.2,620.8,613.9,629.2,627.8,627.3,631.1,635.6,644.3,641.9,642.6,643.6,641.9,641.2,653.1,656.1,660.0,665.7,659.5,655.7,644.8,634.7,631.1,632.2,634.8,643.7,657.3,644.2,635.9,632.9,632.0,635.5,642.7,633.4,634.2,637.2,653.3,636.7,633.6,633.1,0.599,0.1,-0.237,-0.005,267.327,180.716,-9.013,8.539,-9.76,15.61,2.667,3.621,-5.981,1.802,1.731,-2.964,-1.042,0.977,-0.624,-2.013,-0.919,-0.718,-0.385,1.18,-1.681,-1.043,0.248,-0.646,-0.091,-0.639,-0.02,0.139,0.014,0.005,-0.107,-0.032,-0.03,-0.015,-0.002,-0.009,0.47,0.3,0.0,0.28,0.0,0.0,0.2,0.0,0.0,0.54,0.0,0.0,0.0,0.0,0.0,0.0,0.0,1.0,1.0,0.0,0.0,0.0,0.0,0.0,0.0,0.0,1.0,0.0,0.0,0.0,0.0,0.0,1.0,1.0,0.0
PP133,g1,270,0,0.975,0.194886,0.123,-0.973083,0.048118,0.123558,-0.99117,0.123,0.125,243.7,244.9,248.0,251.2,252.6,251.7,248.3,245.1,239.5,241.4,244.2,247.6,251.1,253.8,255.6,253.6,250.7,247.5,244.4,241.6,246.8,248.2,249.6,250.1,249.5,248.1,246.7,246.2,281.4,282.3,285.0,288.0,289.5,288.6,285.8,282.6,278.4,280.4,283.0,286.2,289.2,291.2,292.5,291.3,289.4,286.9,283.9,280.8,284.1,285.4,286.6,287.0,286.4,285.1,283.9,283.5,156.6,153.4,151.9,153.1,156.3,159.8,161.0,159.8,158.3,156.5,155.2,154.5,155.0,156.3,158.3,159.4,159.9,160.2,160.1,159.6,158.0,158.6,157.9,156.5,155.1,154.6,155.2,156.6,155.5,152.4,151.0,152.2,155.2,158.3,159.7,158.8,157.6,155.6,154.0,153.3,153.8,154.9,156.7,158.0,158.6,158.9,158.8,158.6,156.9,157.4,156.8,155.4,154.1,153.6,154.2,155.5,-8.3,-6.8,-2.7,1.6,3.5,2.2,-2.2,-6.4,-14.0,-11.4,-7.7,-3.1,1.5,5.0,7.5,4.8,0.9,-3.3,-7.5,-11.2,-4.2,-2.3,-0.5,0.2,-0.7,-2.5,-4.3,-5.0,42.8,44.1,48.0,52.2,54.2,52.9,49.0,44.5,38.8,41.4,44.9,49.5,53.7,56.9,59.0,57.0,54.1,50.3,46.1,42.0,46.7,48.5,50.2,50.8,49.9,48.1,46.4,45.8,-40.8,-45.2,-47.1,-45.5,-41.3,-36.6,-35.0,-36.6,-38.9,-41.2,-42.7,-43.5,-42.9,-41.3,-38.8,-37.1,-36.4,-36.0,-36.2,-37.1,-39.0,-38.3,-39.2,-41.1,-42.9,-43.6,-42.8,-40.9,-43.7,-48.0,-50.1,-48.6,-44.4,-40.0,-38.0,-39.2,-40.7,-43.5,-45.6,-46.7,-46.2,-45.0,-42.8,-40.8,-39.6,-39.0,-39.0,-39.4,-41.9,-41.3,-42.2,-44.1,-45.9,-46.6,-45.7,-43.8,516.9,517.4,517.7,517.4,516.8,516.5,516.1,516.3,520.9,518.4,516.1,515.0,515.6,517.0,518.7,517.0,515.4,515.0,516.1,518.3,517.4,517.3,517.4,517.7,517.9,518.0,517.9,517.7,532.7,533.9,535.6,536.8,536.7,535.5,533.8,532.8,533.0,532.4,532.3,533.3,535.9,539.3,542.5,539.1,535.7,533.2,532.1,532.3,534.6,535.1,535.8,536.3,536.4,535.9,535.1,534.6,29.2,-10.6,643.4,0.083,-0.175,-0.022,219.2,220.0,222.0,225.0,230.2,238.0,247.4,258.3,269.1,278.0,284.2,289.6,294.2,297.3,299.3,300.5,300.6,229.6,236.0,244.6,253.3,261.3,276.8,283.3,289.6,295.7,299.6,269.6,271.0,272.4,273.8,262.4,267.1,271.8,275.8,279.2,239.3,244.5,250.6,255.8,250.7,244.5,278.4,283.3,288.8,292.6,289.4,283.9,253.3,261.1,267.5,271.4,275.3,279.9,283.6,280.2,275.7,271.5,267.3,260.9,256.3,267.3,271.2,275.1,281.5,275.2,271.2,267.2,160.2,172.3,184.2,195.7,206.2,215.1,222.2,227.1,227.9,225.8,219.8,212.0,202.7,192.1,181.1,169.9,158.7,150.2,144.8,142.9,143.8,146.3,145.7,142.8,141.7,142.9,147.5,155.1,162.5,169.8,177.4,183.9,185.2,186.3,185.0,183.3,158.3,155.1,154.9,158.4,159.9,160.2,157.7,153.9,153.8,156.6,158.8,158.9,200.7,197.3,195.4,196.3,195.1,196.8,199.4,204.1,206.1,206.7,206.6,205.0,200.7,199.3,199.5,198.9,199.8,200.4,201.1,200.8,-53.3,-52.0,-48.7,-43.5,-34.3,-20.7,-4.5,14.0,32.2,47.8,59.8,70.7,79.5,85.2,88.6,90.9,91.1,-33.8,-23.0,-8.8,5.4,18.2,43.8,55.0,66.3,77.7,85.5,31.9,33.7,35.5,37.3,19.9,27.4,34.9,41.6,47.5,-17.6,-9.0,1.0,9.6,1.1,-9.0,47.4,55.9,65.5,72.6,66.5,57.0,5.4,17.9,28.2,34.5,40.9,49.1,56.4,49.6,41.8,34.8,28.0,17.6,10.3,27.9,34.3,40.9,52.5,40.9,34.4,27.8,-47.2,-26.4,-5.7,14.2,32.5,47.7,59.3,66.7,68.0,65.5,56.5,43.6,27.3,8.3,-11.4,-31.6,-51.8,-61.6,-70.0,-72.6,-70.8,-66.5,-68.3,-73.9,-76.7,-75.9,-68.9,-52.6,-40.1,-28.0,-15.8,-5.7,-3.6,-1.9,-4.1,-6.8,-48.2,-53.2,-53.5,-48.0,-45.3,-44.7,-49.8,-56.5,-56.9,-52.6,-48.5,-48.0,21.6,15.9,12.7,14.3,12.4,15.3,20.0,27.3,30.2,31.0,30.7,28.3,21.6,19.0,19.4,18.5,20.4,20.9,21.9,21.6,676.6,678.3,680.6,681.3,678.9,674.3,666.7,657.6,657.2,667.3,683.5,696.8,703.0,703.3,702.6,702.3,703.4,645.5,640.4,636.3,632.7,630.7,637.9,645.9,654.9,664.1,673.3,634.9,627.6,620.0,612.8,628.2,626.7,626.1,629.8,634.4,643.9,641.6,642.2,643.2,641.5,640.9,652.9,656.0,659.9,665.7,659.4,655.5,642.5,632.4,629.2,630.4,633.0,641.6,655.0,642.0,634.0,631.0,630.0,633.1,640.3,631.5,632.3,635.4,650.8,635.0,631.8,631.2,0.6,0.082,-0.234,-0.017,267.652,180.984,-7.631,11.273,-11.756,17.481,0.665,2.279,-5.374,2.96,2.297,-4.004,-1.243,0.534,-1.148,-2.152,-0.217,-1.096,-0.827,0.955,-1.838,-0.91,0.238,-0.198,-0.169,-0.743,-0.077,0.274,0.048,0.014,-0.119,-0.034,-0.036,-0.021,0.001,-0.004,0.5,0.37,0.0,0.87,0.0,0.0,0.02,0.0,0.0,0.16,0.04,0.0,0.0,0.0,0.0,0.0,0.0,1.0,1.0,0.0,1.0,0.0,0.0,0.0,0.0,0.0,0.0,0.0,0.0,0.0,0.0,0.0,1.0,1.0,0.0
PP133,g1,276,0,0.975,0.194051,0.114709,-0.974262,0.049133,0.116344,-0.991993,0.123,0.117,243.6,244.8,247.9,251.1,252.5,251.6,248.3,245.0,239.4,241.3,244.1,247.5,251.0,253.7,255.6,253.5,250.6,247.4,244.3,241.5,246.8,248.2,249.5,250.0,249.4,248.0,246.6,246.1,281.2,282.1,284.8,287.8,289.3,288.4,285.7,282.5,278.3,280.2,282.8,286.1,289.0,291.1,292.3,291.2,289.3,286.8,283.8,280.7,284.0,285.3,286.5,286.9,286.2,284.9,283.7,283.3,157.0,153.8,152.3,153.5,156.6,160.1,161.4,160.2,158.8,156.9,155.6,154.8,155.3,156.6,158.6,159.8,160.3,160.6,160.5,160.0,158.4,158.9,158.3,156.8,155.5,154.9,155.6,157.0,155.6,152.5,151.1,152.3,155.3,158.4,159.8,158.9,157.8,155.7,154.2,153.4,153.9,155.0,156.8,158.1,158.7,159.0,159.0,158.8,157.0,157.5,156.9,155.5,154.2,153.7,154.3,155.7,-8.5,-6.9,-2.8,1.4,3.3,2.1,-2.3,-6.5,-14.1,-11.5,-7.8,-3.3,1.3,4.9,7.4,4.7,0.8,-3.4,-7.5,-11.3,-4.3,-2.4,-0.6,0.0,-0.8,-2.7,-4.5,-5.1,42.6,43.9,47.8,52.0,54.0,52.7,48.8,44.3,38.6,41.2,44.7,49.3,53.5,56.7,58.7,56.9,53.9,50.2,46.0,41.8,46.5,48.3,50.0,50.6,49.7,47.9,46.2,45.6,-40.2,-44.6,-46.6,-45.0,-40.8,-36.1,-34.5,-36.0,-38.3,-40.6,-42.1,-43.0,-42.5,-40.8,-38.3,-36.6,-35.8,-35.4,-35.6,-36.5,-38.5,-37.8,-38.7,-40.6,-42.4,-43.1,-42.2,-40.3,-43.5,-47.8,-49.9,-48.4,-44.3,-39.9,-37.9,-39.0,-40.5,-43.3,-45.4,-46.5,-46.1,-44.9,-42.7,-40.6,-39.5,-38.9,-38.8,-39.2,-41.8,-41.1,-42.0,-43.9,-45.7,-46.4,-45.5,-43.6,516.1,516.6,516.8,516.6,516.0,515.7,515.3,515.5,520.2,517.6,515.3,514.2,514.8,516.2,517.8,516.1,514.6,514.2,515.3,517.6,516.6,516.5,516.6,516.8,517.1,517.2,517.1,516.9,532.7,533.9,535.6,536.8,536.7,535.5,533.8,532.7,532.9,532.3,532.3,533.3,535.9,539.3,542.5,539.1,535.7,533.2,532.1,532.3,534.5,535.0,535.8,536.3,536.4,535.9,535.1,534.6,29.5,-10.3,643.1,0.071,-0.174,-0.032,219.1,220.1,222.2,225.4,230.7,238.5,248.0,259.0,269.8,278.7,284.9,290.2,294.6,297.6,299.4,300.6,300.6,229.5,235.8,244.4,253.1,261.0,276.6,283.0,289.3,295.4,299.3,269.4,270.8,272.3,273.8,262.6,267.2,271.9,275.9,279.3,239.3,244.4,250.5,255.7,250.6,244.5,278.2,283.1,288.6,292.5,289.3,283.8,254.1,261.7,268.0,271.8,275.6,280.2,283.9,280.6,276.2,272.1,268.0,261.7,257.2,267.8,271.7,275.5,281.7,275.6,271.7,267.8,160.9,172.9,184.9,196.3,206.8,215.7,222.7,227.4,228.2,226.0,220.0,212.2,202.9,192.3,181.3,170.1,159.0,150.7,145.1,143.2,144.0,146.5,145.8,143.0,141.8,142.9,147.5,155.3,162.7,169.9,177.4,184.2,185.4,186.4,185.0,183.4,158.7,155.4,155.3,158.7,160.3,160.7,157.8,154.0,153.9,156.7,158.9,159.0,201.2,197.6,195.5,196.4,195.1,196.9,199.6,204.2,206.1,206.8,206.7,205.3,201.1,199.4,199.6,199.0,200.0,200.4,201.1,200.9,-53.5,-52.0,-48.5,-43.0,-33.6,-19.8,-3.5,15.1,33.4,49.0,61.0,71.7,80.2,85.7,88.9,91.0,91.1,-33.9,-23.3,-9.1,5.0,17.7,43.4,54.6,65.9,77.2,85.1,31.6,33.5,35.5,37.4,20.2,27.7,35.1,41.8,47.6,-17.7,-9.2,0.9,9.5,1.0,-9.1,47.2,55.6,65.2,72.4,66.3,56.8,6.8,19.0,29.0,35.1,41.4,49.5,56.7,50.2,42.6,35.7,29.0,18.9,11.7,28.8,35.0,41.5,52.8,41.6,35.1,28.8,-46.1,-25.3,-4.6,15.3,33.6,48.6,60.0,67.2,68.4,65.8,56.9,44.1,27.7,8.7,-11.1,-31.2,-51.4,-60.9,-69.5,-72.1,-70.5,-66.2,-68.1,-73.7,-76.6,-75.9,-68.9,-52.3,-39.9,-28.0,-15.9,-5.4,-3.4,-1.8,-4.0,-6.7,-47.5,-52.7,-53.0,-47.5,-44.7,-44.0,-49.6,-56.3,-56.8,-52.5,-48.4,-47.8,22.5,16.3,12.8,14.4,12.4,15.4,20.3,27.4,30.2,31.1,30.9,28.7,22.3,19.3,19.5,18.7,20.7,20.9,21.9,21.7,676.9,678.6,680.9,681.4,678.9,674.0,666.3,657.1,656.8,666.9,683.2,696.7,703.0,703.3,702.6,702.1,703.2,645.6,640.6,636.6,633.1,631.2,638.3,646.3,655.2,664.3,673.4,635.3,628.0,620.3,613.0,628.2,626.8,626.2,629.8,634.4,644.2,641.9,642.5,643.4,641.8,641.2,653.2,656.3,660.3,666.1,659.8,655.8,641.7,631.6,628.7,629.9,632.5,641.0,654.1,641.2,633.4,630.5,629.4,632.4,639.5,631.0,631.9,634.9,649.8,634.4,631.3,630.6,0.6,0.072,-0.234,-0.028,267.842,181.206,-6.763,11.76,-13.579,18.005,-0.353,1.476,-4.673,3.944,2.351,-4.781,-1.328,0.461,-1.26,-2.261,0.092,-1.283,-0.879,0.746,-1.53,-0.779,0.373,-0.03,-0.358,-0.855,0.045,0.386,0.048,0.015,-0.123,-0.046,-0.045,-0.03,-0.002,0.002,0.63,0.51,0.0,0.67,0.0,0.0,0.0,0.0,0.0,0.0,0.01,0.0,0.0,0.0,0.0,0.0,0.0,1.0,1.0,0.0,1.0,0.0,0.0,0.0,0.0,0.0,0.0,0.0,0.0,0.0,0.0,0.0,1.0,1.0,0.0
PP133,g1,282,0,0.975,0.214555,0.130984,-0.967889,0.057687,0.133369,-0.989386,0.138,0.134,243.5,244.7,247.8,251.1,252.5,251.5,248.1,244.9,239.1,241.1,244.0,247.5,251.0,253.6,255.5,253.4,250.5,247.3,244.1,241.3,246.6,248.0,249.4,249.9,249.3,247.9,246.5,246.0,281.3,282.2,284.9,287.9,289.4,288.5,285.8,282.5,278.4,280.3,282.9,286.1,289.0,291.1,292.3,291.2,289.3,286.8,283.8,280.7,284.0,285.3,286.5,286.9,286.3,285.0,283.8,283.4,156.9,153.7,152.2,153.5,156.6,160.2,161.4,160.1,158.6,156.7,155.5,154.8,155.3,156.7,158.7,159.8,160.3,160.6,160.4,159.9,158.3,158.9,158.3,156.8,155.4,154.9,155.5,156.9,155.8,152.7,151.3,152.5,155.5,158.6,160.0,159.1,158.0,155.9,154.3,153.6,154.0,155.2,156.9,158.3,159.0,159.3,159.2,159.0,157.2,157.7,157.1,155.7,154.4,153.9,154.5,155.8,-8.6,-7.0,-2.9,1.4,3.2,1.9,-2.5,-6.7,-14.4,-11.7,-7.9,-3.3,1.3,4.8,7.2,4.5,0.7,-3.5,-7.7,-11.5,-4.4,-2.6,-0.8,-0.1,-0.9,-2.8,-4.6,-5.3,42.8,44.1,48.0,52.2,54.2,52.9,49.0,44.5,38.8,41.4,44.9,49.4,53.7,56.8,58.9,57.0,54.0,50.3,46.2,42.0,46.7,48.5,50.2,50.8,49.9,48.1,46.4,45.8,-40.1,-44.5,-46.4,-44.7,-40.5,-35.8,-34.2,-35.9,-38.2,-40.5,-42.0,-42.8,-42.2,-40.5,-38.0,-36.3,-35.6,-35.2,-35.4,-36.4,-38.3,-37.6,-38.4,-40.3,-42.2,-42.9,-42.0,-40.1,-43.3,-47.7,-49.7,-48.3,-44.1,-39.7,-37.7,-38.9,-40.3,-43.2,-45.3,-46.4,-46.0,-44.7,-42.5,-40.5,-39.2,-38.6,-38.6,-39.0,-41.6,-41.0,-41.9,-43.8,-45.6,-46.2,-45.3,-43.4,512.4,513.0,513.3,513.2,512.7,512.3,511.8,511.9,516.4,513.9,511.7,510.7,511.4,512.9,514.6,512.8,511.2,510.7,511.7,513.8,513.1,513.0,513.2,513.4,513.7,513.7,513.6,513.3,534.0,535.2,536.9,538.0,538.0,536.8,535.1,534.1,534.2,533.6,533.5,534.6,537.2,540.6,543.8,540.4,537.1,534.6,533.4,533.6,535.9,536.4,537.1,537.6,537.6,537.1,536.4,535.9,28.6,-10.3,645.4,0.1,-0.198,-0.012,218.7,219.4,221.2,224.1,229.2,236.9,246.3,257.1,267.8,276.4,282.5,288.0,292.8,296.3,298.5,300.0,300.2,229.4,235.9,244.6,253.4,261.3,276.9,283.3,289.5,295.6,299.6,269.5,270.9,272.3,273.7,262.2,266.8,271.5,275.5,278.9,239.0,244.3,250.5,255.7,250.5,244.3,278.3,283.2,288.6,292.4,289.3,283.9,253.1,260.9,267.3,271.1,274.9,279.3,282.9,279.5,275.2,271.1,267.0,260.6,256.1,267.0,270.8,274.7,280.8,274.7,270.8,266.9,160.4,172.3,184.1,195.4,205.8,214.6,221.5,226.4,227.3,225.4,219.5,211.9,202.8,192.4,181.4,170.1,158.8,150.3,145.0,143.3,144.2,146.6,146.0,143.2,142.0,143.1,147.6,155.6,163.0,170.3,177.8,184.3,185.6,186.6,185.3,183.7,158.5,155.3,155.2,158.7,160.3,160.6,158.0,154.1,154.1,156.9,159.1,159.3,201.0,197.7,195.7,196.7,195.5,197.2,199.8,204.6,206.6,207.2,207.0,205.4,201.0,199.6,199.8,199.3,200.2,200.8,201.4,201.2,-54.1,-53.0,-50.0,-45.0,-36.1,-22.6,-6.3,12.1,30.1,45.3,57.1,68.0,77.4,83.8,87.7,90.3,90.9,-34.0,-23.0,-8.8,5.4,18.2,44.0,55.2,66.4,77.7,85.6,31.8,33.6,35.5,37.3,19.7,27.1,34.5,41.2,47.0,-18.2,-9.3,0.8,9.3,0.8,-9.4,47.4,55.8,65.4,72.5,66.4,56.9,5.0,17.7,28.0,34.1,40.4,48.3,55.3,48.7,41.1,34.3,27.5,17.2,10.1,27.6,33.8,40.2,51.5,40.3,33.8,27.4,-46.7,-26.2,-5.9,13.7,31.7,46.7,58.2,65.7,67.3,64.9,56.2,43.7,27.7,8.8,-11.1,-31.4,-52.0,-61.4,-69.6,-71.9,-70.2,-66.0,-67.8,-73.4,-76.4,-75.6,-68.9,-51.8,-39.4,-27.4,-15.2,-5.2,-3.1,-1.4,-3.5,-6.1,-47.8,-52.8,-53.1,-47.4,-44.7,-44.2,-49.3,-56.1,-56.5,-52.3,-48.0,-47.5,22.3,16.5,13.2,14.8,12.9,16.0,20.7,28.2,31.1,31.9,31.5,29.1,22.3,19.7,20.0,19.3,21.2,21.6,22.5,22.1,674.5,676.2,678.8,680.1,678.4,674.6,668.0,659.8,659.7,669.7,685.6,699.0,705.6,706.6,706.4,706.2,707.3,644.7,639.7,635.9,632.7,631.0,638.8,647.0,656.1,665.4,674.7,635.7,628.9,621.7,614.9,629.3,628.3,628.1,631.9,636.3,643.9,641.6,642.3,643.5,641.8,641.0,653.8,656.9,661.1,667.2,660.8,656.6,643.8,634.1,631.1,632.3,634.8,643.7,657.0,644.5,636.7,633.8,632.7,635.5,641.8,633.5,634.4,637.3,652.8,637.1,634.1,633.4,0.599,0.098,-0.259,-0.006,267.221,181.198,-8.111,6.872,-12.773,16.192,3.602,0.633,-4.547,2.433,2.469,-3.696,-0.506,1.257,-0.182,-2.36,-0.466,-0.815,-0.593,0.526,-1.479,-0.901,0.631,-0.484,-0.167,-0.816,-0.021,0.257,0.059,0.018,-0.123,-0.023,-0.037,-0.004,0.006,0.004,0.74,0.41,0.0,0.55,0.0,0.0,0.22,0.0,0.0,0.01,0.0,0.0,0.0,0.0,0.0,0.0,0.0,1.0,1.0,0.0,1.0,0.0,0.0,0.0,0.0,0.0,0.0,0.0,0.0,0.0,0.0,0.0,0.0,1.0,0.0
PP133,g1,288,0,0.975,0.21086,0.128457,-0.969039,0.054793,0.131059,-0.989859,0.135,0.132,242.7,243.9,247.1,250.3,251.7,250.7,247.4,244.1,238.4,240.4,243.2,246.7,250.2,252.9,254.8,252.7,249.8,246.6,243.4,240.5,245.9,247.3,248.7,249.2,248.6,247.1,245.8,245.2,280.6,281.5,284.2,287.2,288.7,287.8,285.1,281.8,277.7,279.6,282.2,285.4,288.4,290.4,291.7,290.6,288.6,286.1,283.1,280.0,283.3,284.6,285.8,286.2,285.6,284.3,283.1,282.7,156.8,153.5,152.0,153.3,156.5,160.0,161.2,160.0,158.5,156.6,155.3,154.6,155.1,156.5,158.5,159.7,160.1,160.4,160.3,159.7,158.2,158.7,158.1,156.7,155.3,154.7,155.4,156.8,155.6,152.4,151.0,152.2,155.2,158.3,159.7,158.9,157.8,155.6,154.1,153.3,153.8,154.9,156.7,158.0,158.7,159.0,159.0,158.7,156.9,157.4,156.8,155.4,154.1,153.6,154.2,155.6,-9.5,-8.0,-3.9,0.4,2.3,1.0,-3.4,-7.7,-15.3,-12.6,-8.8,-4.3,0.3,3.8,6.2,3.5,-0.3,-4.5,-8.7,-12.4,-5.4,-3.6,-1.8,-1.1,-1.9,-3.7,-5.5,-6.2,41.6,42.9,46.8,51.0,53.0,51.7,47.8,43.3,37.6,40.2,43.7,48.3,52.5,55.7,57.7,55.8,52.9,49.2,45.0,40.8,45.5,47.3,49.0,49.6,48.7,46.9,45.2,44.6,-40.2,-44.5,-46.4,-44.8,-40.6,-35.9,-34.3,-35.9,-38.3,-40.5,-42.0,-42.9,-42.3,-40.6,-38.1,-36.4,-35.7,-35.3,-35.5,-36.4,-38.4,-37.7,-38.5,-40.4,-42.2,-43.0,-42.1,-40.2,-43.4,-47.8,-49.9,-48.4,-44.2,-39.9,-37.8,-39.0,-40.5,-43.3,-45.4,-46.6,-46.1,-44.9,-42.7,-40.6,-39.4,-38.8,-38.8,-39.1,-41.7,-41.1,-42.0,-43.9,-45.7,-46.4,-45.5,-43.6,510.8,511.3,511.6,511.5,510.9,510.6,510.1,510.2,514.7,512.2,510.0,509.0,509.7,511.2,512.8,511.1,509.4,509.0,510.0,512.2,511.4,511.3,511.4,511.7,511.9,512.0,511.9,511.6,531.3,532.5,534.2,535.4,535.4,534.2,532.5,531.4,531.6,531.0,530.9,531.9,534.5,537.9,541.1,537.8,534.4,532.0,530.8,531.0,533.2,533.7,534.5,535.0,535.0,534.5,533.8,533.2,27.6,-10.6,645.1,0.096,-0.192,-0.017,218.1,218.9,220.8,223.8,229.0,236.7,246.0,256.8,267.4,276.0,282.2,287.7,292.5,296.0,298.1,299.5,299.7,228.5,235.0,243.7,252.5,260.5,276.0,282.5,288.8,295.0,299.0,268.8,270.1,271.5,272.9,261.5,266.2,270.8,274.8,278.2,238.2,243.5,249.7,254.9,249.7,243.5,277.6,282.5,288.0,291.8,288.6,283.2,252.6,260.3,266.7,270.5,274.2,278.7,282.3,279.0,274.7,270.6,266.5,260.1,255.7,266.4,270.2,274.1,280.3,274.1,270.3,266.4,160.3,172.3,184.0,195.3,205.7,214.5,221.4,226.3,227.1,225.2,219.3,211.7,202.6,192.1,181.1,169.8,158.4,150.4,144.9,143.2,144.0,146.5,145.8,143.0,141.8,142.9,147.5,155.4,162.8,170.1,177.6,184.1,185.4,186.4,185.1,183.5,158.4,155.2,155.1,158.6,160.1,160.5,157.8,153.9,153.8,156.6,158.9,159.0,200.8,197.4,195.4,196.4,195.2,196.9,199.5,204.2,206.2,206.8,206.6,205.0,200.8,199.4,199.6,199.0,199.9,200.4,201.0,200.8,-55.2,-53.9,-50.7,-45.6,-36.5,-23.0,-6.8,11.5,29.4,44.6,56.5,67.5,76.8,83.1,86.9,89.4,89.9,-35.6,-24.6,-10.3,4.1,17.0,42.5,53.8,65.2,76.6,84.5,30.5,32.3,34.2,36.1,18.6,26.0,33.5,40.1,46.0,-19.4,-10.6,-0.4,8.1,-0.4,-10.6,46.2,54.6,64.2,71.4,65.3,55.7,4.3,16.8,27.0,33.1,39.4,47.3,54.4,47.8,40.2,33.3,26.6,16.4,9.3,26.6,32.9,39.3,50.5,39.3,32.9,26.5,-47.0,-26.4,-6.0,13.6,31.6,46.6,58.0,65.5,66.9,64.5,55.8,43.3,27.2,8.3,-11.6,-32.0,-52.6,-61.4,-69.8,-72.2,-70.5,-66.2,-68.1,-73.7,-76.8,-76.0,-69.1,-52.2,-39.8,-27.7,-15.5,-5.5,-3.4,-1.8,-3.9,-6.5,-48.0,-53.1,-53.4,-47.7,-45.0,-44.4,-49.7,-56.5,-57.0,-52.7,-48.4,-47.8,21.9,16.1,12.8,14.4,12.5,15.5,20.2,27.6,30.5,31.3,30.9,28.5,21.9,19.2,19.6,18.8,20.6,21.0,22.0,21.6,675.6,677.2,679.7,680.7,679.0,675.0,668.2,659.8,659.6,669.4,685.3,698.7,705.3,706.2,706.0,705.9,707.0,645.5,640.3,636.2,632.8,631.0,638.4,646.6,655.7,665.2,674.6,635.6,628.7,621.3,614.4,629.2,628.0,627.7,631.5,635.9,644.4,641.9,642.6,643.7,642.1,641.4,653.6,656.7,660.9,666.9,660.5,656.4,643.7,633.9,630.8,632.0,634.4,643.2,656.5,644.0,636.2,633.3,632.3,635.2,641.6,633.2,634.0,637.0,652.3,636.7,633.7,633.1,0.599,0.095,-0.251,-0.011,266.625,180.979,-6.6,7.125,-12.674,16.782,3.586,0.969,-4.676,2.362,2.59,-4.196,-0.799,1.063,-0.281,-2.069,-0.428,-1.008,-0.63,0.382,-1.536,-0.782,0.535,-0.442,-0.183,-0.789,0.075,0.268,0.054,0.031,-0.117,-0.032,-0.035,-0.013,0.005,0.001,0.52,0.42,0.0,0.7,0.0,0.0,0.12,0.0,0.0,0.0,0.0,0.0,0.0,0.0,0.0,0.0,0.0,1.0,1.0,0.0,1.0,0.0,0.0,0.0,0.0,0.0,0.0,0.0,0.0,0.0,0.0,0.0,0.0,1.0,0.0
PP133,g1,294,0,0.975,0.198904,0.111469,-0.973659,0.054645,0.113605,-0.992022,0.128,0.114,242.5,243.6,246.8,250.0,251.5,250.5,247.2,243.9,238.2,240.1,242.9,246.4,249.9,252.6,254.5,252.5,249.5,246.3,243.2,240.3,245.6,247.1,248.4,248.9,248.3,246.9,245.5,245.0,280.3,281.1,283.9,286.9,288.4,287.5,284.7,281.5,277.3,279.2,281.8,285.1,288.0,290.1,291.3,290.2,288.3,285.8,282.8,279.7,283.0,284.3,285.5,285.9,285.2,283.9,282.7,282.3,156.8,153.5,152.0,153.2,156.4,159.9,161.2,160.0,158.6,156.6,155.3,154.6,155.0,156.4,158.4,159.6,160.1,160.4,160.3,159.8,158.2,158.7,158.0,156.6,155.2,154.7,155.4,156.8,155.4,152.3,150.9,152.0,155.1,158.2,159.6,158.7,157.6,155.5,153.9,153.1,153.6,154.8,156.6,157.9,158.6,158.9,158.8,158.6,156.8,157.3,156.7,155.3,154.0,153.5,154.1,155.4,-9.9,-8.4,-4.3,-0.0,1.9,0.7,-3.7,-8.0,-15.5,-13.0,-9.2,-4.7,-0.1,3.4,6.0,3.2,-0.6,-4.8,-9.0,-12.7,-5.7,-3.9,-2.1,-1.4,-2.2,-4.1,-5.9,-6.6,41.0,42.3,46.2,50.4,52.4,51.1,47.2,42.7,37.1,39.6,43.1,47.7,51.9,55.0,57.1,55.2,52.3,48.6,44.4,40.2,44.9,46.7,48.4,49.0,48.1,46.3,44.6,44.0,-40.2,-44.6,-46.6,-45.0,-40.8,-36.1,-34.4,-36.0,-38.2,-40.6,-42.1,-43.0,-42.5,-40.8,-38.3,-36.6,-35.8,-35.3,-35.5,-36.4,-38.5,-37.8,-38.6,-40.5,-42.4,-43.1,-42.2,-40.3,-43.5,-47.9,-49.9,-48.5,-44.3,-39.9,-37.9,-39.1,-40.6,-43.4,-45.5,-46.7,-46.2,-44.9,-42.7,-40.7,-39.5,-38.9,-38.9,-39.2,-41.8,-41.2,-42.1,-44.0,-45.8,-46.4,-45.5,-43.6,512.0,512.5,512.7,512.5,511.9,511.6,511.2,511.4,516.1,513.6,511.3,510.1,510.7,512.1,513.7,512.0,510.5,510.1,511.2,513.5,512.5,512.4,512.5,512.7,513.0,513.1,513.0,512.8,529.7,531.0,532.7,533.9,533.8,532.6,530.9,529.8,530.0,529.4,529.3,530.4,533.0,536.4,539.6,536.2,532.8,530.3,529.2,529.3,531.6,532.1,532.9,533.4,533.5,532.9,532.2,531.6,27.6,-10.2,641.5,0.069,-0.183,-0.029,218.1,219.0,221.2,224.4,229.6,237.4,246.8,257.7,268.4,277.2,283.3,288.6,293.0,296.2,298.1,299.4,299.5,228.3,234.6,243.3,252.0,259.9,275.6,282.0,288.3,294.4,298.4,268.4,269.8,271.3,272.8,261.6,266.2,270.9,274.9,278.2,238.1,243.3,249.5,254.7,249.5,243.3,277.3,282.1,287.6,291.5,288.3,282.8,253.3,260.8,267.0,270.7,274.5,279.0,282.6,279.4,275.1,271.0,266.9,260.7,256.4,266.8,270.6,274.4,280.5,274.4,270.6,266.8,160.8,172.9,184.9,196.3,206.8,215.7,222.7,227.5,228.3,226.3,220.4,212.7,203.4,192.7,181.6,170.3,158.9,150.5,145.0,143.1,143.8,146.3,145.6,142.7,141.6,142.7,147.4,155.1,162.5,169.8,177.4,184.1,185.4,186.3,185.0,183.4,158.5,155.2,155.0,158.4,160.1,160.5,157.6,153.7,153.7,156.5,158.7,158.9,201.4,197.8,195.6,196.6,195.3,197.2,200.0,204.5,206.4,207.0,206.9,205.5,201.4,199.6,199.8,199.2,200.3,200.6,201.3,201.1,-55.0,-53.5,-50.0,-44.5,-35.2,-21.6,-5.5,12.8,30.9,46.2,58.0,68.6,77.3,83.0,86.4,88.7,89.0,-35.7,-25.1,-10.9,3.2,16.0,41.8,52.9,64.1,75.4,83.3,29.8,31.8,33.8,35.7,18.6,26.0,33.4,40.0,45.7,-19.6,-11.1,-0.9,7.7,-0.8,-10.9,45.5,53.8,63.4,70.6,64.5,55.0,5.4,17.4,27.3,33.3,39.5,47.4,54.4,48.0,40.6,33.8,27.2,17.3,10.4,27.0,33.2,39.5,50.5,39.6,33.3,27.0,-46.1,-25.2,-4.6,15.2,33.4,48.5,59.9,67.2,68.5,66.1,57.4,44.8,28.5,9.4,-10.6,-30.9,-51.4,-60.9,-69.6,-72.2,-70.6,-66.4,-68.3,-73.9,-76.8,-76.0,-69.0,-52.6,-40.1,-28.1,-15.9,-5.4,-3.4,-1.8,-4.0,-6.7,-47.7,-53.0,-53.3,-47.7,-44.9,-44.2,-49.8,-56.6,-57.0,-52.7,-48.5,-48.0,22.8,16.5,13.0,14.6,12.6,15.8,20.8,27.9,30.6,31.5,31.2,29.0,22.6,19.5,19.8,19.0,21.2,21.3,22.2,21.9,674.0,675.7,677.9,678.6,676.2,671.4,664.1,655.2,654.9,664.9,681.1,694.7,701.2,701.9,701.4,701.0,702.0,643.8,638.8,634.8,631.3,629.5,636.9,644.9,653.8,662.9,672.0,633.6,626.3,618.5,611.2,626.3,624.9,624.4,628.1,632.6,642.4,640.1,640.7,641.6,640.1,639.5,651.5,654.7,658.7,664.5,658.2,654.2,639.6,629.8,627.1,628.2,630.7,639.1,651.9,639.4,631.9,629.1,628.0,630.7,637.4,629.3,630.2,633.1,647.6,632.8,629.7,629.1,0.602,0.07,-0.241,-0.025,266.739,181.238,-8.139,9.91,-14.313,20.023,0.691,1.516,-4.113,3.72,3.147,-5.177,-1.171,0.537,-0.643,-2.319,0.09,-1.385,-0.709,0.748,-1.556,-0.742,0.437,-0.089,-0.344,-0.845,0.101,0.425,0.063,0.016,-0.125,-0.044,-0.056,-0.027,0.003,0.003,0.56,0.4,0.0,0.76,0.0,0.0,0.02,0.0,0.0,0.0,0.0,0.0,0.0,0.0,0.0,0.0,0.0,1.0,1.0,0.0,1.0,0.0,0.0,0.0,0.0,0.0,0.0,0.0,0.0,0.0,0.0,0.0,1.0,1.0,0.0
PP133,g1,300,0,0.975,0.208378,0.126353,-0.969852,0.054805,0.128468,-0.990198,0.133,0.129,242.4,243.6,246.8,250.0,251.4,250.5,247.1,243.9,238.1,240.1,243.0,246.4,249.9,252.6,254.5,252.4,249.5,246.3,243.1,240.3,245.6,247.0,248.4,248.9,248.3,246.9,245.5,245.0,280.3,281.1,283.9,286.9,288.3,287.5,284.7,281.5,277.3,279.2,281.8,285.1,288.0,290.1,291.3,290.2,288.3,285.8,282.8,279.7,283.0,284.3,285.5,285.9,285.2,283.9,282.7,282.3,156.9,153.6,152.1,153.3,156.5,160.1,161.3,160.0,158.5,156.7,155.4,154.7,155.2,156.5,158.5,159.7,160.2,160.5,160.4,159.8,158.3,158.8,158.2,156.7,155.3,154.8,155.4,156.9,155.6,152.4,151.0,152.2,155.2,158.3,159.7,158.9,157.8,155.6,154.1,153.3,153.8,154.9,156.7,158.0,158.7,159.0,159.0,158.7,156.9,157.4,156.8,155.4,154.1,153.6,154.2,155.6,-9.9,-8.3,-4.2,0.0,1.9,0.6,-3.8,-8.0,-15.7,-13.0,-9.2,-4.7,-0.1,3.4,5.9,3.2,-0.7,-4.9,-9.0,-12.8,-5.8,-3.9,-2.1,-1.4,-2.3,-4.1,-5.9,-6.6,41.2,42.4,46.3,50.5,52.5,51.2,47.3,42.9,37.2,39.7,43.2,47.8,52.0,55.2,57.2,55.3,52.4,48.7,44.5,40.3,45.0,46.8,48.5,49.1,48.2,46.4,44.7,44.1,-40.2,-44.5,-46.5,-44.8,-40.6,-36.0,-34.3,-35.9,-38.2,-40.5,-42.1,-42.9,-42.3,-40.6,-38.1,-36.4,-35.7,-35.3,-35.5,-36.4,-38.4,-37.7,-38.5,-40.4,-42.3,-43.0,-42.1,-40.2,-43.4,-47.8,-49.8,-48.4,-44.2,-39.9,-37.8,-39.0,-40.4,-43.3,-45.4,-46.6,-46.2,-44.9,-42.7,-40.6,-39.4,-38.8,-38.7,-39.1,-41.7,-41.1,-42.0,-43.9,-45.7,-46.4,-45.5,-43.5,512.1,512.7,512.9,512.8,512.2,511.9,511.4,511.6,516.1,513.6,511.4,510.3,511.0,512.4,514.1,512.4,510.7,510.3,511.3,513.5,512.7,512.6,512.7,513.0,513.2,513.3,513.2,512.9,531.1,532.3,534.0,535.2,535.2,534.0,532.3,531.2,531.4,530.8,530.7,531.7,534.3,537.7,540.9,537.6,534.2,531.7,530.6,530.8,533.0,533.5,534.3,534.8,534.8,534.3,533.5,533.0,27.2,-10.4,645.0,0.095,-0.188,-0.02,217.9,218.7,220.7,223.7,228.9,236.7,246.0,256.8,267.4,276.1,282.3,287.7,292.4,295.8,297.9,299.2,299.4,228.3,234.8,243.5,252.2,260.1,275.7,282.1,288.4,294.5,298.5,268.4,269.8,271.2,272.6,261.3,265.9,270.5,274.5,277.9,238.0,243.3,249.5,254.6,249.5,243.3,277.3,282.1,287.6,291.5,288.3,282.8,252.4,260.1,266.5,270.2,273.9,278.4,282.0,278.7,274.4,270.3,266.2,259.8,255.5,266.2,270.0,273.8,280.0,273.8,270.0,266.1,160.5,172.5,184.4,195.8,206.2,215.0,221.9,226.6,227.4,225.4,219.4,211.7,202.5,192.1,181.1,169.8,158.5,150.4,145.1,143.3,144.1,146.6,145.9,143.0,141.8,142.9,147.4,155.4,162.8,170.2,177.7,184.2,185.5,186.5,185.2,183.6,158.5,155.3,155.1,158.6,160.2,160.5,157.8,153.9,153.8,156.6,158.8,159.0,201.1,197.7,195.7,196.6,195.4,197.2,199.8,204.4,206.4,207.0,206.9,205.3,201.1,199.6,199.8,199.2,200.1,200.6,201.3,201.1,-55.6,-54.3,-51.1,-45.9,-36.7,-23.1,-6.8,11.4,29.4,44.7,56.6,67.5,76.6,82.7,86.4,88.9,89.3,-35.8,-24.9,-10.7,3.6,16.4,42.0,53.2,64.5,75.8,83.7,30.0,31.8,33.7,35.6,18.1,25.5,33.0,39.7,45.5,-19.8,-11.1,-0.9,7.6,-0.9,-11.1,45.6,54.0,63.6,70.8,64.7,55.1,4.0,16.4,26.6,32.6,38.9,46.8,53.8,47.3,39.7,32.9,26.2,16.0,9.0,26.2,32.4,38.8,50.0,38.8,32.4,26.1,-46.7,-25.9,-5.4,14.4,32.5,47.5,58.8,66.1,67.4,64.9,56.0,43.3,27.1,8.2,-11.6,-31.9,-52.4,-61.2,-69.6,-72.0,-70.3,-66.1,-68.0,-73.6,-76.7,-76.0,-69.1,-52.2,-39.7,-27.6,-15.4,-5.2,-3.2,-1.6,-3.7,-6.3,-47.8,-53.0,-53.3,-47.6,-44.9,-44.3,-49.7,-56.5,-57.0,-52.7,-48.4,-47.8,22.4,16.6,13.2,14.8,12.9,15.9,20.6,27.9,30.8,31.6,31.3,29.0,22.4,19.6,19.9,19.1,21.1,21.4,22.4,22.0,675.8,677.6,680.2,681.2,679.3,675.2,668.3,659.7,659.4,669.2,685.0,698.3,704.7,705.5,705.1,704.9,706.0,645.4,640.3,636.4,633.0,631.1,638.6,646.7,655.7,664.9,674.2,635.6,628.7,621.3,614.4,629.2,628.0,627.7,631.3,635.8,644.3,641.9,642.6,643.6,642.0,641.4,653.6,656.6,660.7,666.7,660.3,656.2,643.7,634.0,630.8,632.0,634.5,643.2,656.2,643.8,636.2,633.3,632.3,635.2,641.6,633.2,634.0,637.0,652.1,636.7,633.7,633.1,0.599,0.094,-0.246,-0.015,266.377,181.139,-8.112,8.628,-13.154,17.384,3.215,1.304,-4.403,2.176,2.606,-4.009,-0.292,1.324,-0.244,-2.249,-0.332,-0.846,-0.526,0.564,-1.52,-0.731,0.552,-0.368,-0.231,-0.777,0.096,0.235,0.074,0.033,-0.123,-0.027,-0.032,-0.009,0.006,0.007,0.7,0.38,0.0,0.92,0.0,0.0,0.03,0.0,0.0,0.0,0.0,0.0,0.0,0.0,0.0,0.0,0.0,1.0,1.0,0.0,1.0,0.0,0.0,0.0,0.0,0.0,0.0,0.0,0.0,0.0,0.0,0.0,1.0,1.0,0.0
PP133,g1,306,0,0.975,0.210381,0.129116,-0.969056,0.052415,0.130949,-0.990003,0.133,0.132,242.2,243.4,246.6,249.8,251.2,250.2,246.9,243.6,237.9,239.9,242.7,246.2,249.7,252.4,254.2,252.2,249.3,246.0,242.9,240.0,245.4,246.8,248.1,248.7,248.1,246.7,245.3,244.7,280.1,281.0,283.7,286.7,288.2,287.3,284.6,281.4,277.2,279.1,281.7,284.9,287.9,289.9,291.2,290.1,288.2,285.6,282.6,279.5,282.9,284.2,285.3,285.7,285.1,283.8,282.6,282.2,156.8,153.5,152.1,153.3,156.5,160.1,161.2,160.0,158.4,156.6,155.3,154.6,155.1,156.5,158.5,159.7,160.2,160.5,160.3,159.7,158.2,158.8,158.1,156.7,155.3,154.8,155.4,156.8,155.7,152.6,151.2,152.3,155.4,158.5,159.9,159.0,157.9,155.8,154.2,153.4,153.9,155.0,156.8,158.1,158.8,159.2,159.1,158.9,157.0,157.5,156.9,155.6,154.2,153.7,154.4,155.7,-10.2,-8.6,-4.5,-0.3,1.6,0.3,-4.1,-8.3,-16.0,-13.3,-9.5,-4.9,-0.4,3.1,5.6,2.9,-1.0,-5.2,-9.3,-13.1,-6.1,-4.2,-2.4,-1.7,-2.5,-4.4,-6.2,-6.9,41.0,42.3,46.2,50.4,52.4,51.1,47.2,42.7,37.0,39.6,43.1,47.6,51.9,55.0,57.1,55.2,52.2,48.6,44.4,40.2,44.9,46.7,48.4,49.0,48.1,46.3,44.6,44.0,-40.2,-44.6,-46.5,-44.8,-40.6,-36.0,-34.4,-36.0,-38.4,-40.6,-42.1,-42.9,-42.3,-40.6,-38.1,-36.4,-35.7,-35.3,-35.6,-36.5,-38.4,-37.7,-38.5,-40.4,-42.3,-43.0,-42.2,-40.3,-43.3,-47.7,-49.7,-48.3,-44.1,-39.7,-37.7,-38.8,-40.3,-43.2,-45.3,-46.4,-46.0,-44.8,-42.5,-40.5,-39.2,-38.6,-38.6,-39.0,-41.6,-41.0,-41.9,-43.8,-45.6,-46.2,-45.3,-43.4,511.8,512.4,512.7,512.5,512.0,511.6,511.1,511.2,515.7,513.3,511.0,510.0,510.7,512.2,513.8,512.1,510.4,510.0,511.0,513.2,512.4,512.3,512.5,512.7,513.0,513.0,512.9,512.6,531.9,533.1,534.7,535.9,535.9,534.7,533.0,531.9,532.1,531.5,531.4,532.4,535.0,538.4,541.6,538.2,534.9,532.4,531.3,531.5,533.7,534.2,535.0,535.5,535.5,535.0,534.3,533.7,26.6,-10.5,646.3,0.1,-0.189,-0.012,217.7,218.4,220.3,223.2,228.3,236.0,245.3,256.0,266.7,275.3,281.5,287.1,292.0,295.5,297.7,299.1,299.3,228.1,234.6,243.3,252.0,260.0,275.5,282.0,288.3,294.5,298.5,268.2,269.5,270.9,272.2,260.8,265.5,270.1,274.1,277.6,237.7,243.1,249.2,254.4,249.2,243.0,277.1,282.0,287.5,291.3,288.1,282.7,251.8,259.6,266.0,269.7,273.5,278.1,281.7,278.3,273.9,269.8,265.6,259.3,254.9,265.6,269.5,273.4,279.6,273.4,269.5,265.6,160.3,172.2,183.9,195.1,205.5,214.2,221.2,226.0,226.9,225.0,219.2,211.7,202.7,192.3,181.3,170.1,158.8,150.2,145.0,143.3,144.1,146.6,146.0,143.1,142.0,143.0,147.6,155.6,163.0,170.3,177.8,184.2,185.5,186.5,185.2,183.7,158.4,155.2,155.1,158.6,160.2,160.5,157.9,154.0,153.9,156.8,159.0,159.2,200.8,197.5,195.6,196.6,195.4,197.1,199.6,204.2,206.2,206.8,206.6,205.0,200.8,199.5,199.7,199.2,200.0,200.5,201.1,200.8,-56.0,-54.8,-51.8,-46.8,-37.8,-24.2,-8.0,10.2,28.2,43.4,55.4,66.4,75.9,82.4,86.3,88.9,89.5,-36.3,-25.3,-11.0,3.3,16.1,41.8,53.1,64.4,75.8,83.8,29.7,31.4,33.3,35.1,17.5,24.9,32.4,39.1,45.0,-20.3,-11.4,-1.2,7.3,-1.3,-11.5,45.4,53.8,63.5,70.6,64.5,55.0,3.0,15.6,25.8,32.0,38.3,46.3,53.4,46.7,39.0,32.1,25.4,15.1,8.0,25.4,31.7,38.2,49.6,38.2,31.7,25.3,-47.1,-26.6,-6.2,13.3,31.3,46.3,57.7,65.2,66.7,64.3,55.7,43.3,27.4,8.7,-11.2,-31.5,-52.0,-61.7,-69.9,-72.2,-70.4,-66.1,-67.9,-73.5,-76.5,-75.8,-69.0,-52.0,-39.6,-27.5,-15.2,-5.3,-3.2,-1.5,-3.7,-6.3,-48.1,-53.2,-53.4,-47.6,-45.0,-44.5,-49.5,-56.4,-56.8,-52.6,-48.3,-47.7,22.0,16.3,13.1,14.7,12.8,15.8,20.4,27.6,30.5,31.3,31.0,28.5,21.9,19.5,19.8,19.0,20.8,21.2,22.1,21.7,676.9,678.6,681.1,682.2,680.5,676.4,669.5,661.0,660.7,670.4,686.3,699.7,706.4,707.4,707.2,707.1,708.2,646.6,641.4,637.4,633.9,632.0,639.5,647.5,656.5,665.8,675.2,636.6,629.7,622.5,615.6,630.5,629.3,629.0,632.6,637.0,645.6,643.1,643.7,644.8,643.2,642.5,654.6,657.6,661.7,667.7,661.3,657.3,645.2,635.4,632.2,633.3,635.8,644.5,657.8,645.3,637.5,634.7,633.7,636.7,643.0,634.6,635.4,638.3,653.7,638.0,635.0,634.4,0.598,0.099,-0.247,-0.007,266.023,181.04,-6.75,6.591,-12.789,15.962,4.159,1.439,-4.466,2.795,2.547,-3.343,-0.497,1.448,-0.123,-2.066,-0.467,-0.821,-0.63,0.456,-1.439,-0.9,0.504,-0.472,-0.198,-0.803,0.145,0.207,0.062,0.042,-0.103,-0.023,-0.027,-0.003,0.009,-0.001,0.45,0.39,0.0,0.58,0.0,0.0,0.17,0.0,0.0,0.0,0.0,0.0,0.0,0.0,0.0,0.0,0.0,1.0,1.0,0.0,0.0,0.0,0.0,0.0,0.0,0.0,0.0,0.0,0.0,0.0,0.0,0.0,0.0,1.0,0.0
PP133,g1,312,0,0.975,0.209664,0.128387,-0.969308,0.05179,0.130726,-0.990065,0.133,0.131,242.2,243.5,246.6,249.8,251.2,250.2,246.9,243.7,237.9,239.9,242.8,246.2,249.7,252.4,254.2,252.2,249.3,246.1,242.9,240.0,245.4,246.8,248.2,248.7,248.1,246.7,245.3,244.8,280.1,281.0,283.7,286.7,288.2,287.3,284.6,281.4,277.2,279.1,281.7,284.9,287.9,289.9,291.2,290.1,288.1,285.6,282.6,279.5,282.8,284.2,285.3,285.7,285.1,283.8,282.6,282.2,157.0,153.7,152.3,153.5,156.7,160.2,161.4,160.2,158.7,156.8,155.5,154.9,155.4,156.7,158.7,159.9,160.4,160.7,160.5,159.9,158.4,159.0,158.3,156.9,155.5,155.0,155.6,157.0,155.9,152.7,151.4,152.5,155.5,158.6,160.0,159.1,158.1,155.9,154.4,153.6,154.1,155.2,157.0,158.3,159.0,159.3,159.3,159.0,157.2,157.7,157.1,155.7,154.4,153.9,154.5,155.9,-10.2,-8.6,-4.5,-0.2,1.6,0.3,-4.1,-8.3,-16.0,-13.3,-9.5,-4.9,-0.4,3.1,5.6,2.9,-0.9,-5.1,-9.3,-13.1,-6.1,-4.2,-2.4,-1.7,-2.5,-4.4,-6.2,-6.9,41.1,42.4,46.3,50.5,52.5,51.2,47.3,42.8,37.1,39.7,43.2,47.8,52.0,55.2,57.2,55.3,52.4,48.7,44.5,40.3,45.0,46.8,48.5,49.1,48.2,46.4,44.7,44.1,-40.0,-44.4,-46.3,-44.7,-40.4,-35.8,-34.2,-35.8,-38.1,-40.4,-41.9,-42.7,-42.1,-40.4,-37.9,-36.3,-35.5,-35.1,-35.4,-36.3,-38.2,-37.5,-38.3,-40.2,-42.1,-42.8,-42.0,-40.1,-43.2,-47.6,-49.6,-48.1,-44.0,-39.6,-37.6,-38.7,-40.2,-43.1,-45.2,-46.3,-45.9,-44.6,-42.4,-40.4,-39.1,-38.5,-38.5,-38.9,-41.5,-40.9,-41.7,-43.7,-45.5,-46.1,-45.2,-43.3,512.9,513.4,513.7,513.6,513.1,512.7,512.2,512.3,516.8,514.3,512.1,511.1,511.8,513.3,514.9,513.2,511.5,511.1,512.1,514.3,513.5,513.4,513.6,513.8,514.0,514.1,514.0,513.7,533.3,534.5,536.2,537.3,537.3,536.1,534.5,533.4,533.6,533.0,532.9,533.9,536.5,539.8,543.0,539.7,536.3,533.9,532.8,533.0,535.2,535.7,536.4,537.0,537.0,536.5,535.7,535.2,26.7,-10.4,646.6,0.097,-0.188,-0.015,217.8,218.5,220.4,223.4,228.5,236.2,245.5,256.2,266.8,275.5,281.7,287.3,292.1,295.6,297.7,299.1,299.3,228.1,234.6,243.3,252.1,260.0,275.5,282.0,288.3,294.5,298.5,268.2,269.5,270.9,272.3,260.9,265.5,270.2,274.2,277.6,237.8,243.1,249.3,254.4,249.2,243.1,277.1,282.0,287.5,291.3,288.1,282.7,251.9,259.7,266.0,269.8,273.6,278.1,281.8,278.4,274.0,269.9,265.7,259.4,255.0,265.7,269.6,273.5,279.7,273.5,269.6,265.7,160.5,172.4,184.2,195.4,205.7,214.4,221.3,226.1,227.0,225.1,219.3,211.8,202.7,192.3,181.4,170.2,158.9,150.5,145.1,143.4,144.2,146.7,146.1,143.2,142.1,143.2,147.7,155.7,163.0,170.3,177.8,184.3,185.6,186.6,185.3,183.7,158.6,155.4,155.3,158.8,160.3,160.7,158.1,154.2,154.1,156.9,159.1,159.3,200.9,197.6,195.6,196.6,195.4,197.1,199.7,204.3,206.3,206.9,206.7,205.1,200.9,199.5,199.7,199.2,200.0,200.5,201.2,200.9,-55.9,-54.7,-51.6,-46.6,-37.5,-23.9,-7.7,10.5,28.5,43.7,55.7,66.8,76.2,82.6,86.5,89.0,89.5,-36.3,-25.3,-11.0,3.4,16.3,41.7,53.0,64.4,75.9,83.9,29.7,31.5,33.4,35.1,17.6,25.0,32.5,39.2,45.1,-20.2,-11.4,-1.2,7.3,-1.2,-11.4,45.5,53.9,63.5,70.7,64.6,55.0,3.2,15.7,26.0,32.1,38.5,46.5,53.6,46.9,39.2,32.3,25.5,15.3,8.2,25.5,31.9,38.3,49.7,38.4,31.9,25.4,-46.8,-26.2,-5.8,13.8,31.8,46.7,58.0,65.4,66.9,64.5,55.9,43.5,27.6,8.8,-11.1,-31.4,-51.9,-61.3,-69.6,-72.0,-70.3,-66.0,-67.9,-73.5,-76.5,-75.7,-68.8,-51.9,-39.5,-27.4,-15.3,-5.2,-3.1,-1.5,-3.6,-6.2,-47.8,-52.8,-53.1,-47.4,-44.7,-44.2,-49.3,-56.1,-56.6,-52.3,-48.1,-47.5,22.1,16.4,13.2,14.8,12.9,15.9,20.6,27.8,30.7,31.5,31.1,28.7,22.1,19.5,19.9,19.1,21.0,21.3,22.2,21.8,677.7,679.3,681.7,682.8,680.9,676.8,669.9,661.3,661.0,670.8,686.7,700.0,706.6,707.7,707.5,707.5,708.7,647.4,642.2,638.1,634.5,632.6,639.9,648.0,657.1,666.5,675.8,637.2,630.3,622.9,616.0,630.9,629.7,629.4,633.0,637.4,646.2,643.7,644.3,645.3,643.7,643.1,655.1,658.2,662.2,668.3,661.9,657.8,645.5,635.7,632.5,633.6,636.1,644.8,658.1,645.6,637.8,635.0,634.0,637.0,643.4,634.9,635.7,638.6,654.0,638.3,635.3,634.8,0.598,0.095,-0.246,-0.009,266.084,181.154,-6.507,6.855,-12.628,16.125,4.072,1.087,-4.601,2.527,2.426,-3.369,-0.707,1.245,-0.2,-1.95,-0.651,-0.86,-0.773,0.359,-1.56,-0.927,0.563,-0.396,-0.083,-0.811,0.05,0.206,0.043,0.033,-0.108,-0.021,-0.034,-0.006,0.006,0.002,0.58,0.37,0.0,0.43,0.0,0.0,0.23,0.0,0.0,0.0,0.0,0.0,0.0,0.0,0.0,0.0,0.0,0.0,1.0,0.0,1.0,0.0,0.0,0.0,0.0,0.0,0.0,0.0,0.0,0.0,0.0,0.0,0.0,1.0,0.0
PP133,g1,318,0,0.975,0.196172,0.113545,-0.973973,0.050796,0.115276,-0.992034,0.125,0.116,242.1,243.3,246.4,249.7,251.1,250.2,246.8,243.6,237.9,239.8,242.6,246.1,249.6,252.3,254.2,252.1,249.2,246.0,242.8,240.0,245.3,246.7,248.1,248.6,248.0,246.5,245.2,244.7,279.9,280.8,283.6,286.6,288.0,287.2,284.4,281.2,277.0,278.9,281.5,284.8,287.7,289.8,291.0,289.9,288.0,285.5,282.4,279.4,282.7,284.0,285.2,285.6,284.9,283.6,282.4,282.0,157.3,154.0,152.5,153.7,156.9,160.4,161.6,160.5,159.0,157.1,155.8,155.0,155.5,156.9,158.9,160.0,160.6,160.9,160.8,160.2,158.7,159.2,158.5,157.1,155.7,155.2,155.8,157.3,155.9,152.8,151.4,152.6,155.6,158.7,160.1,159.2,158.1,156.0,154.4,153.7,154.2,155.3,157.1,158.4,159.1,159.4,159.3,159.1,157.3,157.8,157.2,155.8,154.5,154.0,154.6,156.0,-10.3,-8.8,-4.7,-0.5,1.4,0.2,-4.2,-8.4,-16.0,-13.4,-9.7,-5.1,-0.6,3.0,5.5,2.8,-1.1,-5.3,-9.4,-13.2,-6.2,-4.3,-2.5,-1.9,-2.7,-4.6,-6.3,-7.0,40.6,41.9,45.8,50.0,52.0,50.7,46.8,42.3,36.6,39.1,42.7,47.2,51.5,54.6,56.7,54.8,51.8,48.2,44.0,39.8,44.5,46.3,48.0,48.6,47.7,45.8,44.2,43.6,-39.7,-44.0,-46.0,-44.4,-40.2,-35.5,-33.9,-35.4,-37.7,-40.0,-41.6,-42.4,-41.9,-40.2,-37.7,-36.0,-35.2,-34.8,-35.0,-35.9,-37.9,-37.2,-38.0,-40.0,-41.8,-42.5,-41.6,-39.7,-42.8,-47.2,-49.2,-47.8,-43.6,-39.2,-37.2,-38.4,-39.9,-42.7,-44.8,-45.9,-45.5,-44.2,-42.0,-40.0,-38.8,-38.2,-38.2,-38.5,-41.1,-40.5,-41.4,-43.3,-45.1,-45.7,-44.8,-42.9,512.6,513.1,513.3,513.0,512.4,512.1,511.7,512.0,516.7,514.1,511.8,510.7,511.3,512.6,514.2,512.6,511.0,510.7,511.8,514.0,513.1,513.0,513.0,513.3,513.5,513.7,513.6,513.3,529.8,531.1,532.8,533.9,533.8,532.6,530.9,529.9,530.1,529.5,529.4,530.4,533.0,536.4,539.6,536.2,532.8,530.4,529.2,529.4,531.7,532.2,532.9,533.5,533.5,533.0,532.2,531.7,26.9,-9.3,641.2,0.073,-0.178,-0.027,217.9,218.8,220.9,224.1,229.3,237.0,246.3,257.1,267.9,276.7,282.9,288.3,292.8,296.0,298.0,299.3,299.4,228.0,234.3,243.0,251.7,259.6,275.2,281.7,288.0,294.2,298.2,268.0,269.4,270.9,272.3,261.1,265.7,270.4,274.4,277.9,237.8,242.9,249.1,254.3,249.1,243.0,276.9,281.8,287.3,291.2,288.0,282.5,252.7,260.2,266.4,270.2,274.0,278.6,282.2,278.9,274.6,270.5,266.4,260.1,255.7,266.2,270.1,273.9,280.1,274.0,270.1,266.2,161.2,173.2,185.2,196.6,207.2,216.1,223.2,228.0,228.9,226.8,220.9,213.1,203.8,193.2,182.1,170.7,159.4,151.0,145.5,143.6,144.4,146.8,146.2,143.3,142.2,143.3,148.0,155.7,163.0,170.4,178.0,184.6,185.9,186.9,185.6,183.9,159.0,155.7,155.5,158.9,160.6,160.9,158.2,154.2,154.2,157.0,159.2,159.4,201.9,198.3,196.2,197.2,195.9,197.7,200.5,205.1,207.0,207.6,207.5,206.0,201.8,200.1,200.3,199.7,200.8,201.2,201.9,201.7,-55.4,-54.0,-50.4,-45.1,-35.8,-22.3,-6.3,12.0,30.0,45.4,57.3,68.0,76.8,82.6,86.1,88.4,88.7,-36.3,-25.7,-11.4,2.7,15.5,41.0,52.2,63.6,74.9,82.8,29.2,31.1,33.0,34.9,17.7,25.1,32.6,39.3,45.1,-20.1,-11.6,-1.5,7.1,-1.4,-11.5,44.9,53.2,62.9,70.0,63.9,54.4,4.3,16.4,26.4,32.5,38.7,46.7,53.8,47.3,39.8,33.0,26.3,16.3,9.3,26.1,32.3,38.7,49.9,38.8,32.4,26.1,-45.5,-24.7,-4.0,15.9,34.1,49.2,60.7,68.0,69.3,66.9,58.2,45.5,29.2,10.2,-9.7,-30.1,-50.5,-60.1,-68.7,-71.3,-69.7,-65.5,-67.3,-72.9,-75.8,-74.9,-67.9,-51.6,-39.2,-27.1,-14.9,-4.6,-2.5,-0.9,-3.1,-5.8,-46.9,-52.2,-52.5,-46.9,-44.1,-43.5,-48.9,-55.7,-56.1,-51.8,-47.6,-47.1,23.6,17.4,14.0,15.5,13.6,16.7,21.7,28.8,31.6,32.4,32.1,29.9,23.4,20.4,20.6,19.8,22.0,22.2,23.2,22.9,674.3,676.0,678.3,679.0,676.5,671.9,664.5,655.5,654.9,664.8,680.8,694.3,700.8,701.4,700.9,700.6,701.7,643.9,638.7,634.5,630.9,628.9,636.1,644.1,653.1,662.2,671.4,633.1,625.7,618.0,610.7,626.0,624.5,623.9,627.6,632.2,642.3,639.9,640.5,641.4,639.9,639.3,651.0,654.1,658.0,663.8,657.5,653.5,639.9,629.9,626.9,628.1,630.5,639.0,651.9,639.4,631.8,629.0,628.0,630.8,637.6,629.2,630.0,633.0,647.7,632.6,629.6,629.0,0.602,0.075,-0.234,-0.023,266.345,181.75,-7.783,9.882,-13.294,20.104,0.936,1.805,-4.124,3.536,3.244,-4.737,-1.176,0.805,-0.844,-2.218,-0.031,-1.286,-0.731,0.585,-1.571,-0.851,0.411,-0.099,-0.264,-0.869,0.108,0.364,0.054,0.027,-0.119,-0.034,-0.052,-0.021,0.008,-0.002,0.56,0.51,0.0,0.58,0.0,0.0,0.04,0.0,0.0,0.0,0.0,0.0,0.0,0.0,0.0,0.0,0.0,1.0,1.0,0.0,0.0,0.0,0.0,0.0,0.0,0.0,0.0,0.0,0.0,0.0,0.0,0.0,1.0,1.0,0.0
PP133,g1,324,0,0.975,0.192403,0.110471,-0.975078,0.049123,0.112202,-0.992471,0.122,0.113,242.5,243.6,246.7,250.0,251.4,250.5,247.2,243.9,238.3,240.2,242.9,246.4,249.9,252.6,254.5,252.5,249.5,246.3,243.2,240.4,245.6,247.1,248.4,248.9,248.3,246.9,245.5,245.0,280.2,281.1,283.9,286.9,288.4,287.5,284.7,281.5,277.3,279.2,281.8,285.1,288.0,290.1,291.3,290.2,288.3,285.8,282.8,279.7,283.0,284.3,285.5,285.9,285.2,283.9,282.7,282.3,157.4,154.1,152.6,153.8,157.0,160.5,161.8,160.6,159.1,157.2,155.9,155.2,155.6,157.0,158.9,160.1,160.7,161.0,160.9,160.4,158.8,159.3,158.6,157.2,155.8,155.3,155.9,157.4,156.0,152.8,151.4,152.6,155.6,158.8,160.2,159.3,158.2,156.0,154.5,153.7,154.2,155.3,157.1,158.4,159.1,159.4,159.4,159.1,157.3,157.8,157.2,155.9,154.5,154.0,154.6,156.0,-9.9,-8.4,-4.3,-0.0,1.9,0.7,-3.7,-8.0,-15.5,-13.0,-9.3,-4.7,-0.1,3.4,5.9,3.2,-0.6,-4.8,-9.0,-12.7,-5.7,-3.9,-2.1,-1.4,-2.3,-4.1,-5.9,-6.6,41.0,42.3,46.2,50.4,52.4,51.1,47.2,42.7,37.0,39.6,43.1,47.7,51.9,55.1,57.1,55.2,52.3,48.6,44.4,40.2,44.9,46.7,48.4,49.0,48.1,46.3,44.6,44.0,-39.5,-43.9,-45.9,-44.3,-40.1,-35.4,-33.8,-35.3,-37.6,-39.9,-41.5,-42.3,-41.8,-40.1,-37.6,-35.9,-35.1,-34.7,-34.8,-35.7,-37.8,-37.1,-38.0,-39.9,-41.7,-42.4,-41.5,-39.6,-42.8,-47.1,-49.2,-47.7,-43.6,-39.2,-37.2,-38.3,-39.8,-42.6,-44.8,-45.9,-45.4,-44.2,-41.9,-39.9,-38.7,-38.1,-38.1,-38.5,-41.1,-40.4,-41.3,-43.2,-45.0,-45.7,-44.8,-42.9,513.2,513.7,513.9,513.6,513.0,512.7,512.4,512.6,517.4,514.8,512.5,511.3,511.8,513.2,514.8,513.2,511.6,511.3,512.4,514.7,513.7,513.6,513.7,513.9,514.1,514.3,514.2,514.0,529.8,531.1,532.8,533.9,533.9,532.6,530.9,529.9,530.1,529.5,529.4,530.5,533.0,536.4,539.6,536.2,532.8,530.4,529.2,529.4,531.7,532.2,532.9,533.5,533.5,533.0,532.3,531.7,27.7,-9.3,641.0,0.067,-0.173,-0.032,218.2,219.1,221.3,224.6,229.9,237.7,247.1,258.0,268.8,277.6,283.8,289.1,293.5,296.6,298.5,299.8,299.8,228.3,234.6,243.2,251.9,259.8,275.5,282.0,288.3,294.5,298.4,268.3,269.7,271.2,272.7,261.5,266.2,270.8,274.8,278.2,238.1,243.2,249.4,254.7,249.5,243.3,277.2,282.1,287.6,291.5,288.3,282.8,253.5,260.9,267.0,270.7,274.5,279.0,282.7,279.4,275.1,271.1,267.0,260.8,256.5,266.8,270.6,274.4,280.5,274.5,270.7,266.8,161.3,173.4,185.4,196.8,207.4,216.3,223.4,228.1,228.9,226.8,220.9,213.1,203.8,193.2,182.1,170.8,159.4,151.2,145.5,143.6,144.4,146.9,146.2,143.3,142.2,143.3,148.0,155.7,163.0,170.3,177.9,184.7,185.9,186.9,185.5,183.9,159.1,155.8,155.6,159.0,160.7,161.1,158.2,154.3,154.2,157.1,159.3,159.4,202.0,198.3,196.1,197.1,195.8,197.7,200.5,205.0,206.9,207.5,207.4,206.0,201.9,200.1,200.3,199.7,200.8,201.1,201.7,201.6,-55.0,-53.5,-49.8,-44.3,-34.8,-21.1,-5.0,13.4,31.5,46.9,58.9,69.5,78.1,83.7,87.0,89.2,89.4,-35.7,-25.2,-11.0,3.1,15.8,41.6,52.7,64.1,75.4,83.2,29.7,31.6,33.5,35.4,18.5,25.9,33.3,39.9,45.7,-19.5,-11.1,-0.9,7.7,-0.8,-10.9,45.4,53.7,63.4,70.5,64.5,54.9,5.7,17.5,27.3,33.3,39.5,47.4,54.5,48.1,40.6,33.9,27.3,17.5,10.6,27.1,33.2,39.5,50.6,39.6,33.3,27.1,-45.4,-24.5,-3.7,16.2,34.5,49.6,61.0,68.2,69.4,66.9,58.2,45.5,29.2,10.2,-9.7,-30.0,-50.4,-59.9,-68.7,-71.3,-69.7,-65.5,-67.4,-72.9,-75.8,-75.0,-67.9,-51.6,-39.2,-27.2,-15.1,-4.5,-2.6,-1.0,-3.2,-5.9,-46.7,-52.0,-52.4,-46.8,-44.0,-43.3,-48.9,-55.7,-56.1,-51.7,-47.6,-47.0,23.8,17.4,13.9,15.4,13.4,16.6,21.7,28.6,31.3,32.1,31.9,29.8,23.5,20.3,20.6,19.8,22.0,22.0,23.0,22.7,675.1,676.9,679.1,679.6,677.0,672.0,664.4,655.2,654.7,664.7,680.8,694.3,700.7,701.2,700.6,700.1,701.1,644.2,639.0,634.9,631.3,629.4,636.4,644.4,653.3,662.3,671.4,633.4,626.0,618.2,610.9,626.2,624.7,624.1,627.7,632.2,642.5,640.2,640.7,641.6,640.1,639.6,651.2,654.3,658.2,664.0,657.7,653.7,639.5,629.5,626.7,627.8,630.3,638.6,651.4,638.9,631.4,628.6,627.6,630.3,637.2,629.0,629.8,632.7,647.1,632.3,629.3,628.7,0.602,0.069,-0.23,-0.028,266.82,181.767,-6.971,11.263,-14.649,19.987,0.151,1.369,-3.854,4.019,3.124,-5.338,-1.485,0.527,-0.857,-2.313,0.274,-1.353,-0.868,0.721,-1.507,-0.75,0.375,0.04,-0.319,-0.903,0.17,0.408,0.067,0.016,-0.122,-0.045,-0.054,-0.027,0.005,0.007,0.34,0.36,0.0,1.29,0.0,0.0,0.07,0.0,0.0,0.08,0.0,0.0,0.0,0.0,0.0,0.08,0.0,1.0,1.0,0.0,1.0,0.0,0.0,0.0,0.0,0.0,0.0,0.0,0.0,0.0,0.0,0.0,0.0,1.0,0.0
PP133,g1,330,0,0.975,0.209783,0.126692,-0.969505,0.053402,0.128189,-0.990311,0.133,0.129,242.8,244.0,247.1,250.4,251.8,250.8,247.4,244.2,238.5,240.5,243.3,246.8,250.3,252.9,254.8,252.7,249.8,246.6,243.4,240.6,245.9,247.3,248.7,249.2,248.6,247.2,245.8,245.3,280.7,281.6,284.3,287.3,288.7,287.8,285.1,281.9,277.7,279.6,282.2,285.5,288.4,290.5,291.7,290.6,288.7,286.1,283.1,280.1,283.4,284.7,285.9,286.3,285.6,284.3,283.1,282.7,157.2,153.9,152.4,153.7,156.9,160.4,161.6,160.3,158.8,157.0,155.7,155.0,155.5,156.9,158.9,160.1,160.5,160.8,160.7,160.1,158.6,159.1,158.5,157.1,155.7,155.1,155.7,157.2,156.2,153.1,151.7,152.9,155.9,159.0,160.4,159.5,158.3,156.2,154.7,154.0,154.5,155.6,157.4,158.7,159.4,159.7,159.6,159.3,157.5,158.1,157.5,156.1,154.8,154.3,154.9,156.2,-9.5,-7.9,-3.8,0.5,2.3,1.0,-3.4,-7.6,-15.3,-12.6,-8.8,-4.2,0.4,3.8,6.3,3.6,-0.2,-4.4,-8.6,-12.4,-5.3,-3.5,-1.7,-1.0,-1.8,-3.7,-5.5,-6.2,41.9,43.2,47.1,51.3,53.3,51.9,48.0,43.5,37.9,40.4,44.0,48.5,52.7,55.9,57.9,56.0,53.1,49.4,45.2,41.0,45.7,47.5,49.2,49.8,49.0,47.1,45.4,44.8,-39.8,-44.2,-46.1,-44.4,-40.2,-35.6,-34.0,-35.6,-38.0,-40.2,-41.7,-42.5,-41.9,-40.2,-37.7,-36.0,-35.3,-34.9,-35.2,-36.1,-38.0,-37.3,-38.1,-40.0,-41.9,-42.6,-41.8,-39.9,-42.8,-47.1,-49.1,-47.6,-43.5,-39.1,-37.1,-38.3,-39.8,-42.6,-44.7,-45.8,-45.4,-44.1,-41.9,-39.8,-38.6,-38.0,-38.1,-38.4,-41.0,-40.4,-41.3,-43.2,-45.0,-45.6,-44.8,-42.9,512.8,513.4,513.7,513.5,513.0,512.7,512.1,512.3,516.8,514.3,512.1,511.1,511.8,513.2,514.9,513.2,511.5,511.0,512.1,514.2,513.4,513.4,513.5,513.8,514.0,514.1,513.9,513.7,533.3,534.5,536.1,537.3,537.3,536.1,534.4,533.4,533.6,532.9,532.8,533.8,536.4,539.8,543.0,539.7,536.3,533.9,532.7,532.9,535.1,535.6,536.4,536.9,536.9,536.4,535.7,535.2,27.4,-9.7,645.5,0.092,-0.19,-0.011,218.1,218.8,220.7,223.7,228.8,236.5,245.8,256.5,267.1,275.7,281.9,287.5,292.3,295.9,298.0,299.5,299.8,228.6,235.2,243.8,252.6,260.6,276.2,282.7,289.0,295.1,299.0,268.8,270.1,271.5,272.8,261.4,266.0,270.6,274.7,278.1,238.3,243.6,249.8,255.0,249.8,243.6,277.7,282.5,288.0,291.8,288.6,283.2,252.4,260.1,266.5,270.2,274.0,278.5,282.0,278.6,274.3,270.2,266.1,259.8,255.4,266.1,270.0,273.8,280.0,273.8,270.0,266.1,160.7,172.6,184.5,195.8,206.2,215.0,221.9,226.8,227.7,225.7,219.9,212.4,203.3,192.9,181.9,170.6,159.3,150.6,145.3,143.5,144.4,146.9,146.3,143.5,142.4,143.6,148.2,155.9,163.3,170.6,178.1,184.5,185.9,186.9,185.6,184.1,158.7,155.6,155.5,159.0,160.5,160.8,158.4,154.5,154.5,157.3,159.5,159.6,201.3,198.0,196.0,197.0,195.8,197.6,200.3,204.8,206.7,207.2,207.1,205.5,201.3,199.9,200.2,199.7,200.6,200.9,201.5,201.3,-55.2,-54.1,-51.0,-45.9,-36.9,-23.3,-7.2,11.0,28.9,44.1,56.0,67.0,76.4,82.9,86.8,89.5,90.2,-35.4,-24.4,-10.0,4.2,17.1,42.9,54.1,65.5,76.8,84.7,30.6,32.4,34.2,35.9,18.3,25.7,33.2,39.9,45.7,-19.3,-10.5,-0.3,8.2,-0.4,-10.5,46.3,54.7,64.4,71.5,65.4,55.8,3.9,16.4,26.6,32.7,39.0,46.9,53.9,47.2,39.6,32.8,26.1,15.9,8.9,26.1,32.4,38.8,50.1,38.9,32.4,26.0,-46.5,-25.8,-5.3,14.5,32.5,47.5,58.9,66.3,67.8,65.5,56.9,44.5,28.5,9.7,-10.2,-30.5,-51.0,-61.0,-69.3,-71.7,-70.0,-65.7,-67.4,-72.9,-75.8,-74.9,-68.0,-51.5,-39.1,-27.0,-14.8,-4.8,-2.6,-1.0,-3.0,-5.6,-47.5,-52.5,-52.7,-47.0,-44.4,-43.8,-48.8,-55.5,-55.9,-51.6,-47.4,-46.9,22.8,17.1,13.8,15.4,13.6,16.7,21.5,28.5,31.3,32.0,31.7,29.3,22.8,20.2,20.6,19.8,21.8,21.9,22.8,22.4,676.3,677.9,680.3,681.3,679.3,675.2,668.2,659.8,659.5,669.4,685.3,698.6,705.2,706.2,706.1,706.0,707.3,646.1,641.0,637.0,633.6,631.6,639.2,647.4,656.5,665.8,675.1,636.2,629.3,621.9,615.0,629.7,628.5,628.2,631.9,636.3,644.9,642.5,643.2,644.2,642.5,641.9,654.2,657.3,661.4,667.4,661.0,656.9,644.1,634.4,631.4,632.5,635.0,643.7,656.8,644.3,636.5,633.7,632.7,635.6,641.9,633.7,634.5,637.4,652.6,637.1,634.1,633.5,0.599,0.092,-0.248,-0.005,266.515,181.521,-7.666,7.703,-13.243,16.589,4.067,1.38,-4.695,2.02,2.58,-3.862,-0.776,1.317,-0.197,-2.186,-0.371,-0.869,-0.71,0.451,-1.575,-1.041,0.547,-0.445,-0.146,-0.909,0.032,0.217,0.063,0.038,-0.113,-0.022,-0.034,-0.005,0.011,-0.001,0.49,0.38,0.0,0.9,0.0,0.0,0.11,0.0,0.0,0.01,0.0,0.0,0.0,0.0,0.0,0.0,0.0,0.0,1.0,0.0,1.0,0.0,0.0,0.0,0.0,0.0,0.0,0.0,0.0,0.0,0.0,0.0,1.0,1.0,0.0
PP133,g1,336,0,0.975,0.206919,0.128587,-0.969871,0.050482,0.129388,-0.990308,0.131,0.131,242.6,243.8,246.9,250.1,251.5,250.5,247.2,244.0,238.3,240.2,243.1,246.6,250.1,252.7,254.5,252.5,249.6,246.4,243.2,240.4,245.7,247.1,248.5,249.0,248.4,247.0,245.6,245.1,280.4,281.4,284.1,287.1,288.5,287.6,284.9,281.7,277.5,279.4,282.0,285.3,288.2,290.3,291.5,290.4,288.4,285.9,282.9,279.8,283.2,284.5,285.7,286.1,285.4,284.1,282.9,282.5,157.0,153.7,152.3,153.5,156.7,160.2,161.4,160.2,158.6,156.8,155.5,154.8,155.4,156.8,158.7,159.9,160.4,160.6,160.5,159.9,158.4,159.0,158.3,156.9,155.5,155.0,155.6,157.0,156.0,152.9,151.6,152.7,155.8,158.9,160.2,159.3,158.2,156.1,154.6,153.8,154.3,155.5,157.3,158.6,159.2,159.5,159.5,159.2,157.4,157.9,157.3,156.0,154.6,154.1,154.7,156.1,-9.8,-8.2,-4.0,0.2,2.0,0.7,-3.7,-7.9,-15.6,-12.9,-9.1,-4.5,0.1,3.5,6.0,3.3,-0.5,-4.8,-8.9,-12.7,-5.7,-3.8,-2.0,-1.3,-2.1,-4.0,-5.8,-6.5,41.5,42.8,46.7,50.9,52.9,51.5,47.6,43.2,37.5,40.0,43.6,48.1,52.4,55.5,57.6,55.7,52.7,49.0,44.8,40.6,45.4,47.2,48.9,49.5,48.6,46.8,45.1,44.5,-40.1,-44.5,-46.4,-44.7,-40.4,-35.8,-34.2,-35.9,-38.2,-40.5,-42.0,-42.8,-42.1,-40.4,-37.9,-36.3,-35.6,-35.2,-35.4,-36.4,-38.3,-37.6,-38.4,-40.3,-42.1,-42.9,-42.0,-40.1,-42.9,-47.2,-49.3,-47.7,-43.6,-39.2,-37.2,-38.4,-39.9,-42.8,-44.9,-45.9,-45.5,-44.2,-42.0,-39.9,-38.7,-38.2,-38.2,-38.6,-41.2,-40.5,-41.4,-43.3,-45.1,-45.8,-44.9,-43.0,513.3,513.9,514.2,514.0,513.5,513.1,512.6,512.8,517.3,514.8,512.6,511.6,512.2,513.7,515.4,513.6,512.0,511.5,512.6,514.7,513.9,513.9,514.0,514.3,514.5,514.6,514.4,514.2,532.5,533.7,535.3,536.5,536.5,535.3,533.6,532.5,532.8,532.1,532.0,533.0,535.6,539.0,542.2,538.8,535.5,533.0,531.9,532.1,534.3,534.8,535.6,536.1,536.1,535.6,534.9,534.3,27.0,-10.1,646.4,0.096,-0.185,-0.009,218.0,218.8,220.6,223.5,228.6,236.3,245.5,256.2,266.8,275.5,281.7,287.3,292.2,295.7,297.9,299.4,299.6,228.5,235.0,243.7,252.4,260.3,276.0,282.4,288.7,294.9,298.8,268.6,269.8,271.1,272.5,261.0,265.7,270.3,274.3,277.8,238.1,243.4,249.6,254.7,249.5,243.4,277.4,282.3,287.8,291.6,288.4,283.0,251.8,259.6,266.0,269.8,273.6,278.2,281.8,278.3,273.9,269.8,265.6,259.3,254.9,265.7,269.6,273.4,279.7,273.5,269.6,265.6,160.4,172.4,184.2,195.5,205.9,214.7,221.6,226.5,227.4,225.4,219.7,212.1,203.0,192.6,181.7,170.5,159.2,150.3,145.1,143.3,144.2,146.7,146.1,143.4,142.3,143.4,148.0,155.7,163.1,170.5,178.1,184.4,185.8,186.8,185.5,184.0,158.6,155.4,155.3,158.8,160.4,160.6,158.3,154.4,154.4,157.2,159.4,159.5,201.0,197.8,195.9,196.9,195.7,197.5,200.0,204.6,206.5,207.1,206.8,205.2,201.1,199.8,200.0,199.5,200.4,200.8,201.4,201.1,-55.4,-54.3,-51.3,-46.3,-37.2,-23.7,-7.6,10.5,28.4,43.7,55.7,66.8,76.2,82.7,86.6,89.3,89.9,-35.6,-24.6,-10.4,3.9,16.7,42.5,53.8,65.1,76.5,84.4,30.3,32.0,33.7,35.4,17.8,25.2,32.7,39.4,45.3,-19.7,-10.9,-0.7,7.8,-0.8,-10.9,46.0,54.4,64.1,71.2,65.1,55.5,3.0,15.6,25.9,32.1,38.5,46.5,53.6,46.8,39.1,32.2,25.4,15.1,8.0,25.5,31.8,38.3,49.8,38.3,31.8,25.4,-47.0,-26.3,-5.7,14.0,32.1,47.1,58.5,65.9,67.4,65.1,56.5,44.0,28.1,9.3,-10.5,-30.8,-51.3,-61.6,-69.8,-72.1,-70.3,-66.1,-67.8,-73.2,-76.1,-75.2,-68.3,-51.8,-39.3,-27.1,-14.9,-5.0,-2.8,-1.1,-3.2,-5.7,-47.9,-52.9,-53.1,-47.3,-44.7,-44.2,-49.0,-55.8,-56.2,-51.8,-47.6,-47.1,22.4,16.8,13.6,15.3,13.4,16.5,21.1,28.3,31.0,31.8,31.4,28.9,22.4,20.0,20.4,19.7,21.5,21.7,22.6,22.1,677.6,679.2,681.7,682.7,680.7,676.5,669.5,660.9,660.5,670.3,686.2,699.5,705.9,706.8,706.5,706.5,707.8,647.2,642.0,638.0,634.5,632.5,640.0,648.1,657.1,666.3,675.5,637.1,630.1,622.8,615.9,630.8,629.5,629.2,632.8,637.2,645.9,643.5,644.1,645.1,643.5,642.9,654.9,658.0,662.0,668.0,661.6,657.6,645.4,635.7,632.5,633.6,636.1,644.8,658.0,645.4,637.5,634.6,633.7,636.8,643.3,634.8,635.6,638.5,653.9,638.1,635.1,634.5,0.598,0.095,-0.243,-0.004,266.24,181.338,-8.203,7.906,-12.897,16.275,4.207,1.917,-5.083,2.128,2.228,-3.376,-0.782,1.438,-0.238,-2.109,-0.617,-0.723,-0.639,0.584,-1.625,-1.107,0.477,-0.417,-0.076,-0.837,0.029,0.162,0.047,0.037,-0.109,-0.019,-0.026,-0.006,0.008,-0.004,0.25,0.28,0.0,0.41,0.0,0.0,0.15,0.0,0.0,0.0,0.0,0.0,0.0,0.0,0.0,0.0,0.0,1.0,1.0,0.0,0.0,0.0,0.0,0.0,0.0,0.0,0.0,0.0,0.0,0.0,0.0,0.0,0.0,1.0,0.0
PP133,g1,342,0,0.975,0.203341,0.126988,-0.970838,0.048159,0.126839,-0.990754,0.128,0.129,242.5,243.8,246.9,250.1,251.5,250.5,247.1,243.9,238.2,240.2,243.1,246.5,250.0,252.7,254.5,252.5,249.5,246.3,243.2,240.3,245.7,247.1,248.4,249.0,248.4,247.0,245.6,245.1,280.4,281.3,284.1,287.1,288.5,287.6,284.9,281.6,277.4,279.4,282.0,285.3,288.2,290.3,291.5,290.4,288.4,285.9,282.9,279.8,283.1,284.4,285.6,286.0,285.4,284.1,282.9,282.5,156.9,153.6,152.2,153.5,156.7,160.2,161.3,160.1,158.5,156.7,155.4,154.7,155.3,156.7,158.7,159.8,160.3,160.5,160.4,159.8,158.3,158.9,158.2,156.8,155.4,154.9,155.5,156.9,156.1,152.9,151.6,152.8,155.8,158.9,160.3,159.4,158.2,156.1,154.6,153.8,154.4,155.5,157.3,158.6,159.3,159.6,159.5,159.2,157.4,158.0,157.4,156.0,154.7,154.1,154.7,156.1,-9.8,-8.2,-4.1,0.2,2.0,0.7,-3.8,-8.0,-15.6,-12.9,-9.1,-4.5,0.0,3.5,6.0,3.2,-0.6,-4.8,-9.0,-12.7,-5.7,-3.8,-2.0,-1.3,-2.1,-4.0,-5.8,-6.5,41.4,42.7,46.6,50.8,52.8,51.4,47.5,43.0,37.3,39.9,43.5,48.0,52.2,55.4,57.4,55.5,52.5,48.8,44.6,40.5,45.2,47.0,48.7,49.3,48.5,46.6,44.9,44.3,-40.2,-44.6,-46.4,-44.8,-40.5,-35.9,-34.3,-36.0,-38.4,-40.6,-42.1,-42.9,-42.2,-40.5,-38.0,-36.3,-35.6,-35.3,-35.5,-36.5,-38.4,-37.6,-38.5,-40.4,-42.2,-42.9,-42.1,-40.2,-42.7,-47.1,-49.1,-47.6,-43.4,-39.1,-37.1,-38.3,-39.8,-42.6,-44.7,-45.8,-45.3,-44.0,-41.8,-39.7,-38.6,-38.0,-38.0,-38.4,-41.0,-40.3,-41.2,-43.1,-44.9,-45.6,-44.7,-42.8,512.9,513.5,513.8,513.6,513.1,512.7,512.2,512.4,516.9,514.4,512.2,511.2,511.8,513.3,514.9,513.2,511.5,511.1,512.2,514.3,513.5,513.5,513.6,513.8,514.1,514.2,514.0,513.8,531.0,532.2,533.9,535.0,535.0,533.8,532.1,531.0,531.3,530.6,530.5,531.6,534.1,537.5,540.7,537.3,534.0,531.5,530.4,530.6,532.8,533.3,534.1,534.6,534.6,534.1,533.4,532.9,26.8,-10.0,646.0,0.095,-0.18,-0.008,218.1,218.8,220.6,223.5,228.6,236.3,245.5,256.1,266.7,275.4,281.7,287.3,292.2,295.7,297.9,299.3,299.6,228.4,235.0,243.7,252.4,260.4,275.9,282.4,288.7,294.9,298.8,268.5,269.8,271.1,272.3,260.9,265.5,270.2,274.2,277.7,238.1,243.4,249.6,254.7,249.5,243.3,277.4,282.3,287.8,291.6,288.4,282.9,251.6,259.4,265.9,269.6,273.5,278.0,281.7,278.2,273.7,269.6,265.4,259.1,254.7,265.5,269.4,273.3,279.6,273.3,269.4,265.4,160.3,172.3,184.2,195.5,206.0,214.8,221.7,226.5,227.4,225.5,219.7,212.2,203.1,192.7,181.8,170.7,159.4,150.4,145.0,143.3,144.2,146.7,146.2,143.4,142.4,143.5,148.2,155.7,163.1,170.5,178.1,184.4,185.7,186.8,185.6,184.0,158.5,155.3,155.2,158.8,160.3,160.5,158.3,154.4,154.4,157.3,159.4,159.5,201.0,197.8,196.0,197.0,195.8,197.6,200.1,204.7,206.6,207.1,206.9,205.3,201.1,199.8,200.1,199.6,200.5,200.9,201.5,201.2,-55.4,-54.3,-51.3,-46.3,-37.3,-23.8,-7.7,10.3,28.2,43.6,55.6,66.7,76.1,82.6,86.5,89.2,89.8,-35.8,-24.7,-10.4,4.0,16.8,42.3,53.7,65.1,76.6,84.4,30.2,31.8,33.5,35.2,17.6,25.0,32.5,39.2,45.1,-19.7,-10.9,-0.7,7.8,-0.8,-11.0,45.9,54.4,64.0,71.2,65.0,55.4,2.7,15.3,25.7,31.8,38.2,46.2,53.4,46.5,38.7,31.8,25.0,14.8,7.7,25.2,31.5,38.0,49.5,38.0,31.5,25.1,-47.2,-26.4,-5.8,14.0,32.2,47.2,58.6,66.0,67.5,65.2,56.6,44.1,28.2,9.5,-10.3,-30.4,-50.9,-61.6,-69.9,-72.2,-70.4,-66.0,-67.6,-73.1,-75.9,-75.0,-67.9,-51.8,-39.3,-27.2,-14.9,-5.0,-2.8,-1.1,-3.1,-5.7,-48.0,-53.1,-53.2,-47.4,-44.8,-44.4,-49.0,-55.8,-56.1,-51.7,-47.5,-47.1,22.3,16.8,13.7,15.4,13.5,16.6,21.3,28.4,31.2,31.9,31.5,29.0,22.4,20.0,20.5,19.7,21.7,21.8,22.7,22.2,678.0,679.6,682.0,682.9,680.8,676.5,669.3,660.6,660.1,669.8,685.7,698.9,705.3,706.2,706.0,705.9,707.3,647.4,642.2,638.0,634.3,632.3,639.6,647.6,656.7,666.0,675.3,636.7,629.7,622.2,615.3,630.4,629.1,628.6,632.3,636.7,646.0,643.5,644.1,645.0,643.4,642.9,654.6,657.7,661.7,667.6,661.2,657.3,645.2,635.4,632.1,633.2,635.7,644.4,657.6,644.9,637.1,634.3,633.3,636.5,643.0,634.4,635.2,638.1,653.5,637.7,634.7,634.2,0.598,0.094,-0.237,-0.002,266.166,181.372,-7.799,8.578,-12.455,16.941,4.328,2.152,-5.034,2.008,2.48,-3.155,-0.584,1.243,-0.353,-2.035,-0.739,-0.61,-0.595,0.696,-1.637,-0.927,0.515,-0.48,-0.049,-0.784,0.049,0.134,0.053,0.028,-0.106,-0.018,-0.03,-0.006,0.006,-0.006,0.41,0.33,0.0,0.75,0.0,0.0,0.15,0.0,0.0,0.08,0.0,0.0,0.0,0.0,0.0,0.0,0.0,0.0,1.0,0.0,1.0,0.0,0.0,0.0,0.0,0.0,0.0,0.0,0.0,0.0,0.0,0.0,0.0,1.0,0.0
PP133,g1,348,0,0.975,0.20016,0.139131,-0.969834,0.044271,0.137894,-0.989457,0.124,0.14,242.6,243.8,247.0,250.2,251.6,250.5,247.1,243.9,238.3,240.3,243.1,246.6,250.1,252.7,254.5,252.5,249.6,246.3,243.2,240.3,245.7,247.1,248.5,249.0,248.4,247.0,245.7,245.1,280.5,281.4,284.2,287.2,288.6,287.7,284.9,281.7,277.5,279.4,282.1,285.4,288.3,290.4,291.6,290.5,288.5,286.0,282.9,279.8,283.2,284.5,285.7,286.1,285.5,284.2,283.0,282.6,156.8,153.5,152.1,153.4,156.6,160.1,161.3,160.0,158.4,156.6,155.3,154.7,155.2,156.7,158.7,159.8,160.3,160.5,160.3,159.7,158.2,158.8,158.2,156.8,155.4,154.8,155.4,156.8,156.1,153.0,151.6,152.8,155.9,159.0,160.4,159.4,158.3,156.2,154.6,153.9,154.4,155.6,157.4,158.7,159.4,159.7,159.6,159.3,157.5,158.0,157.4,156.0,154.7,154.2,154.8,156.2,-9.7,-8.1,-3.9,0.3,2.1,0.7,-3.7,-7.9,-15.5,-12.8,-9.0,-4.4,0.1,3.6,6.0,3.3,-0.6,-4.8,-9.0,-12.7,-5.7,-3.8,-2.0,-1.3,-2.1,-3.9,-5.7,-6.4,41.3,42.7,46.6,50.7,52.7,51.3,47.4,42.9,37.3,39.8,43.4,48.0,52.2,55.4,57.4,55.5,52.5,48.8,44.6,40.4,45.2,47.0,48.7,49.3,48.4,46.6,44.9,44.3,-40.4,-44.7,-46.5,-44.8,-40.6,-35.9,-34.4,-36.1,-38.6,-40.8,-42.2,-43.0,-42.3,-40.5,-38.0,-36.4,-35.7,-35.4,-35.7,-36.7,-38.5,-37.7,-38.5,-40.4,-42.3,-43.0,-42.2,-40.3,-42.5,-46.9,-48.9,-47.4,-43.2,-38.8,-36.9,-38.0,-39.6,-42.4,-44.5,-45.6,-45.1,-43.8,-41.6,-39.5,-38.4,-37.8,-37.8,-38.2,-40.8,-40.1,-41.0,-42.9,-44.7,-45.4,-44.5,-42.6,513.3,513.8,514.1,513.9,513.4,513.1,512.5,512.7,517.3,514.8,512.5,511.5,512.1,513.6,515.2,513.5,511.9,511.5,512.5,514.7,513.9,513.8,513.9,514.2,514.4,514.5,514.4,514.1,529.4,530.5,532.2,533.4,533.3,532.2,530.5,529.5,529.7,529.0,528.9,529.9,532.5,535.9,539.1,535.7,532.4,530.0,528.8,529.0,531.2,531.7,532.5,533.0,533.0,532.5,531.8,531.2,26.7,-10.1,646.6,0.113,-0.175,-0.002,218.0,218.7,220.5,223.3,228.3,236.0,245.2,255.8,266.4,275.1,281.5,287.2,292.2,295.7,298.0,299.5,299.8,228.5,235.1,243.7,252.5,260.4,276.0,282.5,288.9,295.1,299.0,268.6,269.7,270.9,272.1,260.7,265.3,270.0,274.0,277.5,238.1,243.4,249.6,254.7,249.5,243.3,277.4,282.4,287.9,291.7,288.5,283.0,251.2,259.0,265.5,269.3,273.2,277.8,281.6,277.9,273.4,269.2,265.0,258.6,254.2,265.1,269.0,273.0,279.5,273.0,269.0,265.0,159.7,171.7,183.5,194.9,205.4,214.2,221.3,226.2,227.2,225.2,219.3,211.7,202.6,192.3,181.5,170.4,159.2,150.1,144.9,143.2,144.1,146.8,146.3,143.5,142.4,143.5,148.1,155.8,163.3,170.8,178.5,184.6,185.9,187.1,185.8,184.2,158.3,155.2,155.2,158.8,160.2,160.5,158.3,154.4,154.4,157.3,159.5,159.6,200.8,197.8,196.0,197.1,195.9,197.6,200.0,204.7,206.6,207.1,206.9,205.2,200.9,199.9,200.2,199.6,200.3,200.9,201.5,201.2,-55.5,-54.5,-51.6,-46.8,-37.8,-24.3,-8.2,9.8,27.7,43.2,55.4,66.7,76.2,82.7,86.7,89.4,90.1,-35.6,-24.6,-10.3,4.0,16.8,42.5,53.8,65.3,76.7,84.6,30.3,31.8,33.4,34.9,17.2,24.7,32.1,38.9,44.9,-19.6,-10.8,-0.6,7.8,-0.8,-11.0,45.9,54.4,64.1,71.3,65.1,55.5,1.9,14.7,25.1,31.3,37.8,45.9,53.2,46.1,38.2,31.2,24.3,14.0,6.9,24.6,31.0,37.6,49.4,37.6,31.0,24.4,-48.3,-27.5,-6.9,12.9,31.2,46.4,58.0,65.7,67.2,64.8,56.0,43.3,27.3,8.7,-10.9,-30.9,-51.3,-61.9,-70.1,-72.3,-70.4,-65.9,-67.4,-72.9,-75.7,-74.8,-67.9,-51.6,-38.9,-26.6,-14.2,-4.7,-2.5,-0.7,-2.7,-5.3,-48.2,-53.2,-53.3,-47.4,-44.9,-44.5,-48.8,-55.6,-55.9,-51.6,-47.4,-46.9,21.9,16.8,13.8,15.5,13.7,16.6,21.0,28.4,31.2,31.9,31.5,28.8,22.1,20.1,20.6,19.9,21.5,21.9,22.7,22.3,678.6,680.4,683.1,684.2,682.2,678.0,670.8,662.1,661.7,671.3,687.0,699.9,705.9,706.5,705.9,705.7,706.8,647.2,641.9,637.6,633.9,631.8,639.0,646.9,655.8,665.0,674.3,636.5,629.7,622.4,615.7,631.1,629.7,629.2,632.8,637.1,645.8,643.3,643.8,644.8,643.3,642.7,654.3,657.2,661.1,667.0,660.8,656.9,646.4,636.4,633.0,634.0,636.5,645.2,658.5,645.9,638.1,635.2,634.3,637.6,644.2,635.4,636.1,639.0,654.5,638.6,635.6,635.1,0.598,0.112,-0.23,0.004,266.039,181.283,-7.789,9.039,-12.204,15.734,4.452,2.512,-5.232,2.101,1.871,-2.739,-0.953,1.28,-0.19,-1.841,-0.857,-0.676,-0.59,1.003,-1.601,-1.037,0.321,-0.51,0.007,-0.686,0.003,0.075,0.056,0.019,-0.099,-0.027,-0.022,-0.007,0.003,-0.005,0.32,0.23,0.0,0.68,0.0,0.0,0.26,0.0,0.0,0.0,0.0,0.0,0.0,0.0,0.0,0.0,0.0,1.0,1.0,0.0,1.0,0.0,0.0,0.0,0.0,0.0,0.0,0.0,0.0,0.0,0.0,0.0,0.0,1.0,0.0
PP133,g1,354,0,0.975,0.19478,0.130637,-0.972108,0.042022,0.129483,-0.990691,0.12,0.132,242.6,243.9,247.0,250.2,251.6,250.6,247.2,244.0,238.3,240.3,243.2,246.6,250.1,252.7,254.6,252.5,249.6,246.4,243.2,240.4,245.8,247.2,248.5,249.1,248.5,247.1,245.7,245.2,280.5,281.4,284.2,287.2,288.6,287.7,284.9,281.7,277.5,279.4,282.1,285.4,288.3,290.4,291.6,290.5,288.5,286.0,282.9,279.9,283.2,284.5,285.7,286.1,285.5,284.2,283.0,282.6,156.7,153.5,152.1,153.3,156.5,160.0,161.2,159.9,158.3,156.5,155.2,154.6,155.1,156.6,158.6,159.7,160.2,160.4,160.2,159.6,158.2,158.7,158.1,156.7,155.3,154.7,155.3,156.8,156.0,152.9,151.5,152.7,155.8,158.9,160.3,159.4,158.2,156.1,154.6,153.8,154.4,155.5,157.3,158.6,159.3,159.6,159.5,159.2,157.4,158.0,157.4,156.0,154.7,154.1,154.7,156.1,-9.7,-8.1,-3.9,0.3,2.1,0.8,-3.7,-7.9,-15.5,-12.8,-9.0,-4.4,0.1,3.6,6.1,3.3,-0.5,-4.7,-8.9,-12.6,-5.6,-3.7,-1.9,-1.2,-2.0,-3.9,-5.7,-6.4,41.3,42.7,46.6,50.7,52.7,51.3,47.4,42.9,37.3,39.8,43.4,48.0,52.2,55.4,57.4,55.5,52.5,48.8,44.6,40.4,45.2,47.0,48.7,49.3,48.4,46.6,44.9,44.3,-40.5,-44.8,-46.7,-45.0,-40.7,-36.1,-34.6,-36.2,-38.7,-40.9,-42.4,-43.1,-42.5,-40.7,-38.2,-36.6,-35.9,-35.5,-35.8,-36.8,-38.6,-37.9,-38.7,-40.6,-42.5,-43.2,-42.4,-40.5,-42.6,-47.0,-49.0,-47.4,-43.2,-38.9,-36.9,-38.1,-39.7,-42.5,-44.6,-45.6,-45.1,-43.8,-41.6,-39.6,-38.4,-37.9,-37.9,-38.3,-40.9,-40.2,-41.1,-43.0,-44.8,-45.5,-44.6,-42.7,513.9,514.5,514.7,514.5,513.9,513.6,513.1,513.3,517.9,515.4,513.2,512.1,512.7,514.1,515.8,514.1,512.4,512.1,513.1,515.3,514.5,514.4,514.5,514.7,515.0,515.1,515.0,514.7,529.1,530.3,531.9,533.1,533.0,531.8,530.2,529.2,529.4,528.7,528.6,529.6,532.2,535.6,538.8,535.4,532.1,529.6,528.5,528.7,530.9,531.4,532.2,532.7,532.7,532.2,531.5,531.0,26.8,-10.0,645.3,0.099,-0.17,-0.005,218.3,218.9,220.8,223.7,228.8,236.4,245.5,256.1,266.7,275.5,281.8,287.5,292.4,295.9,298.1,299.6,300.0,228.6,235.1,243.7,252.4,260.3,276.0,282.5,288.9,295.1,299.0,268.5,269.7,270.9,272.1,260.7,265.3,270.0,274.1,277.6,238.2,243.5,249.6,254.8,249.6,243.4,277.4,282.4,287.9,291.8,288.5,283.0,251.4,259.1,265.6,269.4,273.3,277.9,281.7,278.1,273.6,269.3,265.1,258.8,254.4,265.2,269.2,273.1,279.6,273.1,269.2,265.1,159.9,172.0,183.9,195.4,205.9,214.8,221.9,226.8,227.7,225.8,219.9,212.3,203.2,192.8,181.8,170.6,159.4,150.1,144.8,143.1,144.0,146.6,146.1,143.4,142.3,143.5,148.2,155.6,163.1,170.6,178.3,184.5,185.9,187.0,185.7,184.1,158.3,155.1,155.1,158.7,160.1,160.4,158.2,154.4,154.4,157.3,159.4,159.5,201.0,197.8,196.0,197.1,195.9,197.6,200.2,204.8,206.7,207.2,207.0,205.3,201.1,199.9,200.2,199.6,200.5,201.0,201.6,201.3,-55.1,-54.1,-51.0,-46.1,-37.0,-23.6,-7.6,10.3,28.2,43.7,55.8,67.0,76.4,82.8,86.7,89.5,90.2,-35.5,-24.6,-10.3,3.9,16.7,42.4,53.8,65.2,76.7,84.5,30.2,31.7,33.3,34.8,17.3,24.7,32.2,39.0,44.9,-19.5,-10.8,-0.6,7.9,-0.7,-10.9,45.9,54.4,64.1,71.2,65.0,55.4,2.3,14.9,25.2,31.4,37.9,46.1,53.4,46.3,38.4,31.4,24.5,14.3,7.3,24.7,31.2,37.8,49.5,37.7,31.1,24.6,-48.0,-27.1,-6.3,13.8,32.1,47.3,58.9,66.4,67.9,65.6,56.9,44.3,28.2,9.5,-10.2,-30.4,-50.8,-61.9,-70.2,-72.5,-70.6,-66.2,-67.6,-73.1,-75.8,-74.8,-67.8,-51.9,-39.2,-26.9,-14.5,-4.8,-2.6,-0.8,-2.9,-5.5,-48.3,-53.3,-53.4,-47.6,-45.0,-44.6,-49.0,-55.7,-56.0,-51.6,-47.4,-47.0,22.2,16.8,13.8,15.5,13.7,16.7,21.3,28.5,31.3,32.0,31.6,29.0,22.3,20.1,20.6,19.8,21.7,22.0,22.8,22.4,678.2,680.0,682.5,683.3,681.0,676.6,669.2,660.2,659.7,669.3,685.1,698.1,704.1,704.6,704.1,703.9,705.1,647.1,641.8,637.5,633.7,631.6,638.7,646.5,655.4,664.5,673.6,636.0,629.0,621.6,614.7,630.1,628.7,628.0,631.6,636.0,645.4,642.9,643.5,644.3,642.8,642.3,653.6,656.6,660.4,666.2,660.0,656.2,645.1,635.1,631.7,632.8,635.2,643.8,656.8,644.3,636.6,633.7,632.8,636.0,642.8,634.0,634.8,637.7,652.8,637.2,634.2,633.7,0.599,0.099,-0.225,0.0,266.16,181.377,-9.271,9.734,-12.372,17.036,3.757,2.987,-4.955,2.211,2.072,-3.385,-1.139,1.036,-0.356,-1.749,-0.619,-0.676,-0.63,0.994,-1.686,-1.085,0.364,-0.401,-0.089,-0.764,-0.019,0.107,0.059,0.016,-0.096,-0.019,-0.027,-0.01,0.006,-0.009,0.45,0.24,0.0,0.85,0.0,0.0,0.18,0.0,0.0,0.24,0.0,0.0,0.0,0.0,0.0,0.03,0.0,1.0,1.0,0.0,1.0,0.0,0.0,0.0,0.0,0.0,0.0,0.0,0.0,0.0,0.0,0.0,0.0,1.0,0.0
PP133,g1,360,0,0.975,0.195075,0.124323,-0.972877,0.047704,0.124209,-0.991109,0.123,0.126,242.7,243.9,247.1,250.3,251.7,250.7,247.3,244.1,238.5,240.4,243.2,246.7,250.2,252.9,254.7,252.7,249.7,246.5,243.3,240.5,245.9,247.3,248.6,249.2,248.6,247.2,245.8,245.2,280.5,281.4,284.2,287.2,288.7,287.7,285.0,281.7,277.5,279.5,282.1,285.4,288.3,290.4,291.6,290.5,288.6,286.0,283.0,279.9,283.3,284.6,285.8,286.2,285.5,284.2,283.0,282.6,157.0,153.7,152.3,153.6,156.7,160.3,161.4,160.2,158.7,156.8,155.5,154.8,155.4,156.8,158.8,159.9,160.4,160.7,160.6,160.0,158.4,159.0,158.3,156.9,155.5,155.0,155.6,157.0,156.1,153.0,151.6,152.8,155.8,159.0,160.3,159.4,158.3,156.2,154.6,153.9,154.4,155.6,157.4,158.7,159.3,159.6,159.5,159.3,157.5,158.0,157.4,156.0,154.7,154.2,154.8,156.1,-9.6,-8.0,-3.8,0.4,2.2,0.9,-3.5,-7.7,-15.3,-12.6,-8.9,-4.3,0.2,3.7,6.2,3.5,-0.4,-4.6,-8.7,-12.5,-5.4,-3.6,-1.8,-1.1,-1.9,-3.7,-5.5,-6.3,41.3,42.7,46.6,50.7,52.7,51.4,47.4,43.0,37.3,39.9,43.5,48.0,52.2,55.4,57.4,55.5,52.5,48.8,44.6,40.5,45.2,47.0,48.7,49.3,48.4,46.6,44.9,44.3,-40.0,-44.4,-46.3,-44.6,-40.4,-35.7,-34.1,-35.8,-38.1,-40.4,-41.9,-42.7,-42.1,-40.4,-37.8,-36.2,-35.4,-35.0,-35.3,-36.3,-38.2,-37.5,-38.3,-40.2,-42.0,-42.8,-41.9,-40.0,-42.5,-46.9,-48.9,-47.4,-43.2,-38.8,-36.8,-38.0,-39.6,-42.4,-44.5,-45.6,-45.1,-43.8,-41.5,-39.5,-38.3,-37.8,-37.8,-38.2,-40.8,-40.1,-41.0,-42.9,-44.7,-45.4,-44.5,-42.6,512.7,513.2,513.4,513.2,512.6,512.3,511.9,512.1,516.8,514.2,511.9,510.8,511.4,512.8,514.4,512.7,511.2,510.8,511.9,514.1,513.2,513.1,513.2,513.4,513.7,513.8,513.7,513.5,528.8,530.0,531.7,532.9,532.8,531.6,529.9,528.9,529.1,528.4,528.4,529.4,532.0,535.4,538.6,535.2,531.8,529.4,528.2,528.4,530.7,531.2,531.9,532.5,532.5,532.0,531.2,530.7,27.3,-9.4,642.3,0.089,-0.175,-0.013,218.3,219.1,221.1,224.0,229.2,236.8,246.0,256.7,267.4,276.2,282.5,288.0,292.7,296.1,298.2,299.7,299.9,228.6,235.0,243.7,252.4,260.3,276.0,282.5,288.8,295.0,298.9,268.6,269.9,271.2,272.5,261.2,265.8,270.5,274.5,278.0,238.3,243.5,249.7,254.9,249.7,243.5,277.5,282.4,287.9,291.8,288.5,283.1,252.4,260.0,266.3,270.1,273.9,278.4,282.1,278.7,274.3,270.2,266.0,259.8,255.4,266.0,269.9,273.7,280.0,273.8,269.9,266.0,160.4,172.5,184.5,196.0,206.6,215.6,222.8,227.7,228.6,226.7,220.7,212.9,203.6,193.1,182.0,170.7,159.4,150.6,145.1,143.3,144.2,146.8,146.3,143.5,142.4,143.6,148.3,155.8,163.2,170.7,178.3,184.7,186.1,187.2,185.8,184.2,158.6,155.4,155.3,158.8,160.4,160.7,158.3,154.4,154.4,157.3,159.5,159.6,201.7,198.3,196.3,197.3,196.1,197.9,200.6,205.2,207.1,207.6,207.5,205.9,201.7,200.2,200.5,199.9,200.9,201.3,201.9,201.7,-54.7,-53.6,-50.3,-45.2,-36.1,-22.7,-6.8,11.3,29.3,44.7,56.8,67.7,76.8,82.9,86.6,89.2,89.8,-35.3,-24.5,-10.2,3.9,16.6,42.3,53.6,64.9,76.3,84.1,30.2,31.8,33.6,35.3,17.9,25.3,32.8,39.5,45.3,-19.2,-10.6,-0.5,8.0,-0.5,-10.7,45.8,54.3,63.9,71.0,64.9,55.3,3.9,16.2,26.2,32.3,38.6,46.6,53.7,47.0,39.4,32.5,25.8,15.8,8.9,25.9,32.1,38.5,49.8,38.6,32.2,25.8,-46.9,-26.0,-5.2,14.8,33.2,48.5,60.2,67.7,69.1,66.8,58.0,45.3,29.0,10.1,-9.8,-30.1,-50.5,-60.9,-69.3,-71.8,-69.9,-65.5,-67.1,-72.6,-75.4,-74.5,-67.4,-51.5,-38.9,-26.7,-14.3,-4.4,-2.3,-0.5,-2.7,-5.3,-47.5,-52.6,-52.8,-47.1,-44.4,-43.9,-48.7,-55.4,-55.7,-51.3,-47.2,-46.7,23.2,17.4,14.2,15.9,14.0,17.1,21.9,29.0,31.7,32.5,32.2,29.8,23.2,20.6,20.9,20.2,22.3,22.4,23.3,22.9,675.1,676.9,679.4,680.2,677.9,673.4,666.1,657.2,656.6,666.4,682.3,695.5,701.7,702.1,701.6,701.1,702.1,644.3,639.0,634.8,631.2,629.2,636.4,644.3,653.2,662.3,671.5,633.5,626.4,618.8,611.7,627.1,625.6,625.1,628.7,633.2,642.7,640.3,640.8,641.7,640.3,639.7,651.3,654.3,658.2,664.0,657.8,653.9,641.4,631.4,628.4,629.5,631.9,640.4,653.3,640.8,633.2,630.4,629.4,632.4,639.1,630.7,631.4,634.4,649.1,634.0,631.0,630.4,0.602,0.09,-0.231,-0.008,266.518,181.715,-8.503,10.177,-13.4,19.161,1.787,2.332,-4.326,2.692,2.724,-4.585,-1.248,0.893,-0.671,-2.125,-0.056,-1.126,-0.65,0.682,-1.516,-0.83,0.44,-0.195,-0.292,-0.868,0.07,0.275,0.065,0.02,-0.115,-0.03,-0.039,-0.02,0.008,-0.002,0.68,0.51,0.0,0.67,0.0,0.0,0.0,0.0,0.0,0.05,0.0,0.0,0.0,0.0,0.0,0.29,0.0,1.0,1.0,0.0,1.0,0.0,0.0,0.0,0.0,0.0,0.0,0.0,0.0,0.0,0.0,0.0,1.0,1.0,0.0
PP133,g1,366,0,0.975,0.205536,0.137956,-0.968877,0.04964,0.137741,-0.989224,0.13,0.14,242.4,243.6,246.8,250.0,251.4,250.4,247.0,243.8,238.0,240.1,242.9,246.4,249.9,252.5,254.4,252.3,249.4,246.2,243.0,240.1,245.5,246.9,248.3,248.9,248.3,246.8,245.5,244.9,280.3,281.2,284.0,286.9,288.4,287.5,284.7,281.5,277.3,279.2,281.9,285.2,288.1,290.1,291.4,290.2,288.3,285.7,282.7,279.6,283.0,284.3,285.5,285.9,285.3,284.0,282.8,282.4,156.6,153.4,152.0,153.3,156.5,160.0,161.2,159.9,158.2,156.4,155.2,154.5,155.1,156.5,158.5,159.7,160.1,160.4,160.2,159.6,158.1,158.7,158.1,156.6,155.2,154.7,155.3,156.7,156.0,152.8,151.5,152.7,155.7,158.8,160.2,159.3,158.1,156.0,154.5,153.8,154.3,155.4,157.2,158.5,159.2,159.5,159.4,159.1,157.3,157.9,157.3,155.9,154.6,154.0,154.6,156.0,-10.0,-8.3,-4.2,0.0,1.8,0.5,-4.0,-8.2,-15.8,-13.1,-9.3,-4.7,-0.1,3.3,5.8,3.0,-0.8,-5.0,-9.2,-13.0,-5.9,-4.0,-2.2,-1.5,-2.3,-4.1,-6.0,-6.7,41.0,42.4,46.3,50.5,52.4,51.1,47.1,42.7,37.0,39.6,43.2,47.7,51.9,55.1,57.1,55.2,52.2,48.5,44.3,40.2,44.9,46.7,48.4,49.0,48.2,46.3,44.6,44.0,-40.4,-44.8,-46.6,-44.9,-40.6,-36.0,-34.5,-36.2,-38.6,-40.9,-42.3,-43.0,-42.4,-40.6,-38.1,-36.5,-35.8,-35.4,-35.7,-36.7,-38.6,-37.8,-38.6,-40.5,-42.4,-43.1,-42.3,-40.4,-42.7,-47.1,-49.1,-47.6,-43.4,-39.1,-37.1,-38.3,-39.8,-42.6,-44.7,-45.8,-45.3,-44.0,-41.8,-39.8,-38.6,-38.0,-38.0,-38.4,-41.0,-40.3,-41.2,-43.1,-45.0,-45.6,-44.7,-42.8,511.9,512.5,512.8,512.6,512.0,511.7,511.2,511.4,515.9,513.4,511.2,510.1,510.8,512.3,513.9,512.2,510.5,510.1,511.1,513.3,512.5,512.4,512.6,512.8,513.0,513.1,513.0,512.8,529.6,530.7,532.4,533.6,533.6,532.4,530.7,529.7,529.9,529.2,529.1,530.1,532.7,536.1,539.3,536.0,532.6,530.2,529.0,529.2,531.4,532.0,532.7,533.2,533.2,532.7,532.0,531.4,26.3,-10.1,645.9,0.111,-0.183,-0.001,217.9,218.5,220.3,223.1,228.1,235.7,244.8,255.4,265.9,274.6,280.9,286.6,291.6,295.2,297.5,299.1,299.5,228.3,234.9,243.6,252.3,260.2,275.9,282.4,288.7,294.8,298.7,268.4,269.5,270.8,272.0,260.5,265.1,269.8,273.8,277.3,237.9,243.2,249.4,254.5,249.3,243.1,277.2,282.2,287.7,291.5,288.3,282.8,251.1,258.9,265.4,269.2,273.0,277.5,281.2,277.6,273.2,269.0,264.9,258.5,254.2,265.0,268.9,272.8,279.1,272.8,268.9,264.9,159.8,171.8,183.7,195.1,205.6,214.5,221.5,226.5,227.4,225.5,219.6,211.9,202.8,192.4,181.5,170.3,159.0,149.9,144.6,143.0,144.0,146.6,146.1,143.3,142.2,143.3,147.9,155.7,163.2,170.6,178.3,184.5,185.9,187.0,185.7,184.1,158.2,155.1,155.0,158.6,160.1,160.3,158.2,154.3,154.3,157.2,159.4,159.5,200.9,197.8,196.0,197.0,195.8,197.6,200.1,204.9,206.9,207.4,207.2,205.4,201.0,199.9,200.1,199.6,200.5,201.0,201.6,201.4,-55.5,-54.7,-51.8,-47.0,-38.1,-24.8,-8.8,9.1,27.0,42.3,54.3,65.6,75.1,81.7,85.8,88.6,89.4,-35.8,-24.8,-10.5,3.7,16.5,42.3,53.6,65.0,76.3,84.1,29.9,31.4,33.1,34.6,17.0,24.4,31.8,38.6,44.5,-20.0,-11.1,-0.9,7.5,-1.1,-11.3,45.6,54.0,63.7,70.8,64.7,55.1,1.9,14.6,25.0,31.1,37.4,45.4,52.5,45.6,37.8,30.9,24.2,13.9,6.9,24.4,30.8,37.2,48.7,37.2,30.7,24.3,-48.0,-27.3,-6.6,13.3,31.6,46.8,58.4,66.0,67.6,65.2,56.3,43.6,27.6,8.8,-10.9,-31.0,-51.4,-62.2,-70.3,-72.5,-70.6,-66.1,-67.7,-73.2,-76.0,-75.1,-68.3,-51.8,-39.2,-26.9,-14.4,-4.9,-2.6,-0.8,-2.9,-5.5,-48.4,-53.3,-53.4,-47.6,-45.0,-44.6,-49.1,-55.8,-56.1,-51.8,-47.6,-47.1,22.2,16.8,13.7,15.4,13.6,16.6,21.2,28.7,31.6,32.3,31.9,29.2,22.3,20.1,20.6,19.8,21.7,22.1,23.0,22.5,676.4,678.3,681.0,682.3,680.5,676.5,669.6,661.2,660.8,670.4,686.0,698.9,705.0,705.6,705.2,704.9,706.0,646.0,640.7,636.6,633.1,631.1,638.5,646.5,655.4,664.7,673.9,635.9,629.1,621.8,615.1,630.1,628.9,628.5,632.2,636.5,644.8,642.3,642.9,643.9,642.4,641.8,653.6,656.5,660.5,666.5,660.2,656.2,645.2,635.4,632.1,633.2,635.6,644.3,657.5,645.2,637.5,634.7,633.7,636.7,643.1,634.6,635.3,638.2,653.4,637.9,635.0,634.4,0.599,0.11,-0.238,0.005,265.817,181.282,-9.973,8.337,-12.522,17.107,4.603,1.822,-4.914,1.715,1.875,-3.339,-0.491,1.286,-0.048,-2.051,-0.44,-0.766,-0.57,0.665,-1.543,-0.855,0.693,-0.617,-0.116,-0.734,0.025,0.157,0.083,0.009,-0.11,-0.021,-0.021,-0.004,0.006,-0.002,0.46,0.06,0.0,0.28,0.0,0.0,0.1,0.0,0.0,0.07,0.0,0.0,0.0,0.0,0.0,0.0,0.0,0.0,1.0,0.0,1.0,0.0,0.0,0.0,0.0,0.0,0.0,0.0,0.0,0.0,0.0,0.0,0.0,1.0,0.0
PP133,g1,372,0,0.975,0.204232,0.135795,-0.969458,0.045599,0.134792,-0.989824,0.127,0.137,241.8,243.1,246.2,249.4,250.8,249.7,246.3,243.1,237.5,239.5,242.3,245.8,249.3,251.9,253.7,251.7,248.8,245.5,242.4,239.5,244.9,246.3,247.7,248.2,247.6,246.2,244.9,244.3,279.6,280.6,283.3,286.3,287.8,286.8,284.1,280.8,276.7,278.6,281.2,284.5,287.4,289.5,290.7,289.6,287.7,285.1,282.1,279.0,282.4,283.7,284.9,285.3,284.6,283.3,282.1,281.7,156.2,153.0,151.6,152.9,156.1,159.6,160.7,159.4,157.8,156.0,154.8,154.1,154.7,156.1,158.1,159.3,159.7,159.9,159.7,159.1,157.7,158.3,157.7,156.2,154.8,154.3,154.9,156.3,155.6,152.5,151.2,152.4,155.4,158.5,159.9,158.9,157.8,155.7,154.2,153.5,154.0,155.1,156.9,158.2,158.9,159.2,159.1,158.8,157.0,157.5,157.0,155.6,154.3,153.7,154.3,155.7,-10.8,-9.2,-5.0,-0.8,1.0,-0.4,-4.8,-9.0,-16.6,-13.9,-10.1,-5.5,-0.9,2.5,4.9,2.2,-1.6,-5.9,-10.0,-13.8,-6.7,-4.9,-3.1,-2.3,-3.1,-5.0,-6.8,-7.5,40.3,41.7,45.6,49.7,51.7,50.3,46.4,41.9,36.3,38.8,42.4,47.0,51.2,54.4,56.4,54.5,51.5,47.8,43.6,39.4,44.1,46.0,47.7,48.3,47.4,45.6,43.9,43.3,-41.2,-45.5,-47.3,-45.6,-41.3,-36.7,-35.2,-36.9,-39.4,-41.6,-43.0,-43.8,-43.1,-41.3,-38.8,-37.2,-36.5,-36.2,-36.5,-37.5,-39.3,-38.5,-39.3,-41.2,-43.1,-43.8,-43.0,-41.1,-43.3,-47.7,-49.7,-48.1,-44.0,-39.6,-37.6,-38.8,-40.4,-43.2,-45.3,-46.3,-45.9,-44.6,-42.3,-40.3,-39.1,-38.6,-38.6,-39.0,-41.6,-40.9,-41.8,-43.7,-45.5,-46.2,-45.3,-43.4,514.0,514.6,514.9,514.7,514.2,513.8,513.3,513.5,518.0,515.5,513.3,512.3,513.0,514.4,516.1,514.3,512.7,512.2,513.3,515.4,514.6,514.6,514.7,515.0,515.2,515.3,515.1,514.9,531.0,532.2,533.9,535.0,535.0,533.8,532.2,531.1,531.4,530.7,530.6,531.6,534.2,537.5,540.7,537.4,534.0,531.6,530.5,530.7,532.9,533.4,534.1,534.6,534.7,534.2,533.4,532.9,25.3,-11.1,648.3,0.108,-0.178,-0.0,217.3,217.9,219.7,222.5,227.5,235.2,244.4,254.9,265.4,274.1,280.4,286.1,291.2,294.8,297.1,298.6,299.0,227.7,234.3,242.9,251.7,259.6,275.2,281.7,288.0,294.2,298.2,267.7,268.8,270.0,271.2,259.8,264.4,269.0,273.1,276.6,237.3,242.6,248.8,253.9,248.7,242.5,276.6,281.5,287.0,290.9,287.6,282.1,250.2,258.1,264.6,268.4,272.3,276.9,280.7,277.0,272.5,268.3,264.1,257.7,253.3,264.2,268.2,272.1,278.6,272.1,268.1,264.1,159.3,171.3,183.1,194.5,204.9,213.7,220.6,225.4,226.4,224.5,218.7,211.3,202.3,192.0,181.2,170.1,158.9,149.5,144.3,142.6,143.6,146.2,145.7,143.0,141.9,143.1,147.7,155.3,162.7,170.1,177.7,183.9,185.2,186.4,185.1,183.6,157.8,154.7,154.6,158.2,159.7,159.9,157.8,154.0,154.0,156.9,159.0,159.1,200.1,197.1,195.3,196.3,195.2,196.9,199.3,204.0,206.0,206.5,206.2,204.5,200.2,199.1,199.4,198.9,199.7,200.2,200.8,200.5,-56.9,-56.0,-53.1,-48.3,-39.3,-25.8,-9.7,8.3,26.1,41.4,53.6,64.9,74.6,81.2,85.3,88.1,88.9,-37.0,-25.9,-11.6,2.7,15.5,41.3,52.7,64.1,75.5,83.4,29.0,30.4,32.0,33.6,15.8,23.3,30.8,37.6,43.5,-21.0,-12.1,-2.0,6.5,-2.1,-12.3,44.7,53.2,62.9,70.0,63.8,54.2,0.4,13.2,23.7,29.9,36.4,44.6,51.9,44.7,36.8,29.8,22.9,12.5,5.4,23.2,29.6,36.2,48.0,36.2,29.6,23.1,-49.0,-28.3,-7.6,12.3,30.4,45.5,56.9,64.4,66.0,63.7,55.0,42.6,26.8,8.2,-11.4,-31.5,-51.9,-63.1,-71.2,-73.5,-71.6,-67.1,-68.6,-74.0,-76.8,-75.8,-68.9,-52.7,-40.1,-27.8,-15.4,-5.9,-3.7,-1.8,-3.9,-6.4,-49.3,-54.2,-54.3,-48.4,-45.9,-45.6,-49.8,-56.6,-56.9,-52.5,-48.3,-47.9,20.8,15.6,12.7,14.4,12.5,15.5,20.0,27.4,30.2,31.0,30.5,27.8,21.0,19.0,19.5,18.7,20.5,20.9,21.7,21.3,680.2,681.9,684.4,685.4,683.4,679.2,672.0,663.3,662.9,672.5,688.2,701.2,707.3,708.1,707.8,707.8,709.2,649.3,644.0,639.8,636.0,633.9,641.1,649.0,658.0,667.2,676.4,638.5,631.6,624.3,617.5,632.7,631.4,630.9,634.6,638.9,647.9,645.3,645.8,646.8,645.2,644.7,656.2,659.1,663.1,669.0,662.7,658.8,648.0,638.1,634.6,635.7,638.1,646.9,660.2,647.7,639.7,636.8,635.9,639.3,645.9,637.0,637.7,640.6,656.2,640.2,637.3,636.8,0.596,0.105,-0.231,0.005,265.17,180.704,-8.304,8.24,-11.737,15.424,5.253,2.372,-5.128,2.078,1.704,-2.686,-0.807,1.284,-0.004,-1.943,-0.95,-0.533,-0.627,0.764,-1.556,-1.006,0.608,-0.593,-0.097,-0.708,0.052,0.102,0.052,0.009,-0.097,-0.015,-0.022,-0.001,0.002,-0.005,0.51,0.32,0.0,0.36,0.0,0.0,0.32,0.0,0.0,0.05,0.0,0.0,0.0,0.0,0.0,0.0,0.0,1.0,1.0,0.0,0.0,0.0,0.0,0.0,0.0,0.0,0.0,0.0,0.0,0.0,0.0,0.0,0.0,1.0,0.0
PP133,g1,378,0,0.975,0.194478,0.11811,-0.97377,0.045176,0.118865,-0.991882,0.121,0.12,241.1,242.3,245.4,248.6,250.0,249.1,245.7,242.5,236.8,238.8,241.6,245.0,248.5,251.2,253.1,251.0,248.1,244.8,241.7,238.9,244.2,245.6,247.0,247.5,246.9,245.5,244.1,243.6,278.9,279.8,282.6,285.6,287.0,286.1,283.3,280.1,275.9,277.8,280.5,283.8,286.7,288.8,290.0,288.9,286.9,284.4,281.4,278.3,281.6,282.9,284.1,284.5,283.9,282.6,281.4,281.0,156.5,153.2,151.8,153.0,156.2,159.7,160.9,159.7,158.2,156.3,155.0,154.3,154.8,156.2,158.2,159.4,159.9,160.2,160.0,159.5,157.9,158.5,157.8,156.4,155.0,154.5,155.1,156.5,155.5,152.4,151.0,152.2,155.3,158.4,159.7,158.8,157.7,155.6,154.0,153.3,153.8,155.0,156.8,158.1,158.7,159.0,158.9,158.7,156.9,157.4,156.8,155.5,154.1,153.6,154.2,155.6,-11.7,-10.2,-6.0,-1.8,0.1,-1.2,-5.7,-9.9,-17.4,-14.8,-11.1,-6.5,-1.9,1.6,4.1,1.3,-2.5,-6.7,-10.9,-14.6,-7.6,-5.8,-4.0,-3.3,-4.1,-5.9,-7.7,-8.4,39.2,40.5,44.4,48.6,50.6,49.2,45.3,40.8,35.2,37.7,41.3,45.8,50.1,53.2,55.3,53.4,50.4,46.7,42.5,38.3,43.0,44.8,46.6,47.2,46.3,44.5,42.7,42.2,-40.7,-45.0,-47.0,-45.3,-41.1,-36.4,-34.8,-36.5,-38.8,-41.1,-42.6,-43.4,-42.8,-41.1,-38.6,-36.9,-36.2,-35.8,-36.0,-36.9,-38.9,-38.2,-39.0,-40.9,-42.8,-43.5,-42.6,-40.7,-43.4,-47.7,-49.7,-48.2,-44.0,-39.7,-37.7,-38.9,-40.4,-43.2,-45.3,-46.4,-45.9,-44.6,-42.4,-40.4,-39.2,-38.6,-38.7,-39.0,-41.6,-41.0,-41.8,-43.7,-45.6,-46.2,-45.4,-43.4,513.0,513.6,513.8,513.5,512.9,512.6,512.2,512.5,517.2,514.6,512.3,511.2,511.7,513.1,514.7,513.1,511.5,511.2,512.3,514.5,513.6,513.5,513.5,513.8,514.0,514.2,514.1,513.8,529.6,530.8,532.5,533.6,533.5,532.3,530.6,529.6,529.9,529.2,529.1,530.2,532.7,536.1,539.3,535.9,532.5,530.1,529.0,529.2,531.4,531.9,532.6,533.2,533.2,532.7,532.0,531.5,24.8,-10.4,644.3,0.08,-0.17,-0.017,217.1,217.9,219.9,223.0,228.2,235.8,244.9,255.5,266.0,274.8,281.1,286.7,291.4,294.8,296.9,298.3,298.5,227.0,233.3,241.9,250.6,258.5,274.2,280.8,287.1,293.3,297.3,266.9,268.1,269.4,270.7,259.5,264.1,268.8,272.9,276.3,236.7,241.9,248.1,253.2,248.0,241.8,275.9,280.7,286.3,290.2,286.9,281.4,251.0,258.5,264.8,268.5,272.3,276.8,280.5,277.1,272.7,268.6,264.5,258.3,254.0,264.5,268.3,272.1,278.4,272.2,268.3,264.5,160.2,172.3,184.3,195.7,206.3,215.1,222.1,226.9,227.8,225.8,220.0,212.4,203.2,192.7,181.7,170.4,159.2,150.1,144.6,142.8,143.6,146.1,145.6,142.8,141.8,143.0,147.7,155.1,162.6,169.9,177.5,184.0,185.3,186.4,185.1,183.5,158.1,154.9,154.8,158.3,159.9,160.2,157.7,153.8,153.8,156.7,158.9,159.0,201.0,197.6,195.5,196.5,195.3,197.2,199.9,204.5,206.4,206.9,206.8,205.2,201.0,199.5,199.7,199.2,200.2,200.6,201.2,201.0,-57.2,-55.9,-52.6,-47.3,-38.0,-24.5,-8.7,9.2,27.0,42.4,54.4,65.4,74.5,80.6,84.4,87.0,87.5,-38.1,-27.4,-13.2,1.0,13.8,39.6,50.9,62.3,73.7,81.6,27.5,29.1,30.9,32.6,15.4,22.7,30.2,36.9,42.7,-22.0,-13.4,-3.2,5.3,-3.2,-13.4,43.3,51.7,61.4,68.5,62.4,52.8,1.7,13.8,23.8,29.9,36.1,44.1,51.2,44.5,36.9,30.1,23.5,13.5,6.6,23.5,29.7,36.0,47.3,36.1,29.7,23.4,-47.4,-26.4,-5.6,14.4,32.7,47.8,59.2,66.5,67.9,65.6,56.9,44.3,28.2,9.4,-10.4,-30.7,-51.1,-62.0,-70.5,-73.0,-71.3,-66.9,-68.5,-74.0,-76.8,-75.8,-68.7,-52.7,-40.2,-28.0,-15.7,-5.6,-3.5,-1.8,-3.9,-6.6,-48.5,-53.7,-53.9,-48.2,-45.5,-44.9,-49.8,-56.6,-56.9,-52.5,-48.3,-47.9,22.3,16.3,13.0,14.6,12.7,15.9,20.8,27.9,30.7,31.5,31.2,28.8,22.2,19.4,19.7,19.0,21.2,21.3,22.2,21.8,678.1,679.8,682.1,682.7,680.2,675.4,667.9,658.9,658.2,667.8,683.5,696.7,703.0,703.6,703.2,703.0,704.2,647.5,642.2,637.8,634.1,631.9,638.9,646.8,655.6,664.7,673.7,636.1,628.8,621.1,613.9,629.2,627.7,627.1,630.7,635.1,645.7,643.2,643.7,644.4,643.0,642.6,653.6,656.6,660.5,666.2,660.0,656.1,643.5,633.5,630.3,631.4,633.7,642.1,655.0,642.6,635.1,632.4,631.4,634.4,641.2,632.7,633.4,636.2,650.8,635.9,633.0,632.5,0.599,0.08,-0.222,-0.013,264.979,181.1,-9.012,9.909,-13.413,19.62,2.743,2.002,-4.191,3.098,2.7,-4.657,-1.131,0.98,-0.374,-2.215,-0.015,-1.194,-0.734,0.512,-1.464,-0.746,0.64,-0.342,-0.217,-0.871,0.1,0.337,0.086,0.01,-0.108,-0.029,-0.036,-0.013,0.009,-0.002,0.56,0.37,0.0,0.46,0.0,0.0,0.21,0.0,0.0,0.0,0.0,0.0,0.0,0.0,0.0,0.0,0.0,1.0,1.0,0.0,1.0,0.0,0.0,0.0,0.0,0.0,0.0,0.0,0.0,0.0,0.0,0.0,0.0,1.0,0.0
PP133,g1,384,0,0.975,0.189268,0.111812,-0.975539,0.046247,0.112317,-0.992596,0.119,0.113,241.2,242.4,245.5,248.7,250.2,249.2,245.8,242.6,237.0,238.9,241.7,245.1,248.6,251.3,253.2,251.2,248.2,245.0,241.8,239.0,244.4,245.8,247.1,247.7,247.0,245.6,244.3,243.7,279.0,279.9,282.7,285.7,287.1,286.2,283.5,280.2,276.0,277.9,280.6,283.9,286.8,288.9,290.1,289.0,287.1,284.5,281.5,278.4,281.7,283.1,284.3,284.7,284.0,282.7,281.5,281.1,156.9,153.6,152.2,153.4,156.6,160.1,161.3,160.1,158.6,156.7,155.4,154.7,155.2,156.6,158.6,159.8,160.3,160.6,160.5,159.9,158.3,158.8,158.2,156.8,155.4,154.8,155.5,156.9,155.8,152.7,151.3,152.5,155.5,158.7,160.0,159.1,158.0,155.9,154.3,153.6,154.1,155.2,157.1,158.4,159.0,159.3,159.2,159.0,157.2,157.7,157.1,155.7,154.4,153.9,154.5,155.8,-11.6,-10.0,-5.9,-1.7,0.2,-1.0,-5.5,-9.7,-17.2,-14.6,-10.9,-6.4,-1.8,1.7,4.3,1.5,-2.3,-6.6,-10.7,-14.4,-7.4,-5.6,-3.8,-3.1,-3.9,-5.8,-7.6,-8.2,39.2,40.5,44.4,48.6,50.6,49.2,45.3,40.9,35.2,37.7,41.3,45.8,50.1,53.2,55.3,53.4,50.4,46.7,42.5,38.3,43.1,44.9,46.6,47.2,46.3,44.5,42.8,42.2,-40.1,-44.5,-46.4,-44.8,-40.6,-35.9,-34.3,-35.9,-38.2,-40.5,-42.0,-42.9,-42.3,-40.6,-38.1,-36.4,-35.6,-35.2,-35.4,-36.3,-38.3,-37.6,-38.5,-40.4,-42.2,-42.9,-42.1,-40.2,-42.9,-47.2,-49.2,-47.7,-43.5,-39.2,-37.2,-38.4,-39.9,-42.7,-44.8,-45.9,-45.4,-44.1,-41.9,-39.9,-38.7,-38.1,-38.2,-38.5,-41.1,-40.5,-41.3,-43.2,-45.1,-45.7,-44.8,-42.9,512.4,512.9,513.0,512.7,512.1,511.8,511.5,511.8,516.5,514.0,511.6,510.4,511.0,512.3,513.9,512.2,510.7,510.4,511.6,513.9,512.9,512.7,512.8,513.0,513.3,513.4,513.3,513.1,528.0,529.2,530.9,532.1,532.0,530.7,529.0,528.0,528.3,527.6,527.6,528.6,531.2,534.5,537.7,534.3,531.0,528.5,527.4,527.6,529.8,530.3,531.1,531.6,531.7,531.2,530.4,529.9,25.3,-9.6,641.7,0.071,-0.167,-0.025,217.2,218.1,220.3,223.4,228.7,236.4,245.6,256.3,267.0,275.8,282.0,287.4,292.0,295.1,297.1,298.5,298.6,227.1,233.3,241.9,250.6,258.5,274.3,280.8,287.2,293.4,297.3,267.0,268.3,269.7,271.0,259.9,264.5,269.2,273.3,276.7,236.9,242.0,248.2,253.4,248.2,242.0,276.0,280.9,286.4,290.3,287.1,281.5,251.8,259.1,265.3,269.0,272.8,277.3,281.1,277.7,273.4,269.3,265.2,259.0,254.8,265.1,268.9,272.7,278.9,272.8,268.9,265.1,160.7,172.9,184.9,196.4,207.0,216.0,223.0,227.8,228.6,226.6,220.7,212.9,203.7,193.2,182.2,170.9,159.7,150.7,145.0,143.1,143.9,146.5,145.9,143.1,142.1,143.2,148.0,155.4,162.9,170.2,177.8,184.5,185.7,186.8,185.4,183.8,158.6,155.3,155.1,158.7,160.3,160.6,158.0,154.1,154.1,157.0,159.2,159.3,201.8,198.1,196.0,197.0,195.8,197.6,200.5,205.0,206.9,207.5,207.4,205.9,201.7,200.0,200.1,199.6,200.7,201.1,201.8,201.6,-56.7,-55.4,-51.8,-46.3,-37.0,-23.4,-7.5,10.5,28.5,43.9,55.8,66.6,75.3,81.0,84.5,86.9,87.3,-37.9,-27.4,-13.2,1.0,13.8,39.6,50.8,62.2,73.5,81.3,27.6,29.3,31.1,32.9,15.9,23.2,30.7,37.4,43.2,-21.7,-13.2,-3.0,5.6,-3.0,-13.1,43.3,51.7,61.4,68.5,62.4,52.8,2.9,14.7,24.5,30.6,36.8,44.8,51.8,45.3,37.8,31.0,24.4,14.6,7.8,24.3,30.5,36.8,47.9,36.9,30.6,24.3,-46.5,-25.4,-4.5,15.6,33.9,49.1,60.5,67.8,69.0,66.6,57.9,45.2,29.0,10.2,-9.6,-29.7,-50.0,-60.8,-69.6,-72.2,-70.5,-66.1,-67.8,-73.2,-76.0,-75.1,-67.9,-52.1,-39.5,-27.4,-15.2,-4.9,-2.8,-1.2,-3.3,-6.0,-47.6,-52.9,-53.1,-47.4,-44.7,-44.1,-49.2,-55.9,-56.3,-51.8,-47.7,-47.3,23.4,17.1,13.7,15.3,13.4,16.5,21.6,28.6,31.4,32.3,32.0,29.7,23.2,20.1,20.4,19.6,22.0,22.1,23.0,22.7,676.3,678.2,680.5,681.0,678.2,673.1,665.4,656.2,655.4,665.2,681.1,694.4,700.6,700.9,700.3,699.9,701.1,645.4,640.1,635.7,631.9,629.7,636.8,644.7,653.5,662.5,671.6,633.9,626.4,618.5,611.1,626.8,625.2,624.4,628.0,632.5,643.5,641.0,641.4,642.2,640.9,640.4,651.5,654.6,658.4,664.2,657.9,654.0,640.5,630.4,627.4,628.5,630.9,639.2,652.0,639.6,632.2,629.4,628.5,631.3,638.2,629.8,630.5,633.4,647.7,633.1,630.1,629.6,0.602,0.073,-0.22,-0.021,265.355,181.583,-8.131,11.724,-13.927,21.323,1.221,1.728,-3.998,4.3,3.257,-4.961,-1.457,0.587,-0.429,-2.124,0.192,-1.365,-0.828,0.608,-1.427,-0.68,0.65,-0.098,-0.41,-0.993,0.209,0.414,0.055,0.031,-0.111,-0.038,-0.053,-0.024,0.008,0.002,0.84,0.35,0.0,0.53,0.0,0.0,0.0,0.0,0.0,0.0,0.05,0.0,0.0,0.0,0.0,0.01,0.0,1.0,1.0,0.0,1.0,0.0,0.0,0.0,0.0,0.0,0.0,0.0,0.0,0.0,0.0,0.0,1.0,1.0,0.0
PP133,g1,390,0,0.975,0.203968,0.130631,-0.970223,0.048775,0.131079,-0.990171,0.128,0.133,241.4,242.7,245.8,249.1,250.4,249.4,246.0,242.8,237.1,239.1,242.0,245.5,248.9,251.6,253.5,251.4,248.4,245.2,242.0,239.2,244.6,246.0,247.4,247.9,247.3,245.9,244.5,244.0,279.3,280.3,283.0,286.0,287.5,286.6,283.8,280.6,276.4,278.3,280.9,284.2,287.2,289.2,290.5,289.3,287.4,284.8,281.8,278.7,282.1,283.4,284.6,285.0,284.4,283.1,281.8,281.4,156.9,153.6,152.2,153.4,156.7,160.2,161.4,160.1,158.5,156.6,155.4,154.7,155.3,156.7,158.7,159.9,160.3,160.6,160.4,159.8,158.3,158.9,158.3,156.8,155.4,154.9,155.5,156.9,156.0,152.9,151.5,152.7,155.8,158.9,160.3,159.4,158.2,156.1,154.6,153.8,154.3,155.5,157.3,158.6,159.3,159.6,159.5,159.2,157.4,157.9,157.3,156.0,154.6,154.1,154.7,156.1,-11.2,-9.6,-5.5,-1.2,0.6,-0.8,-5.2,-9.4,-17.0,-14.3,-10.5,-5.9,-1.4,2.1,4.5,1.8,-2.0,-6.2,-10.4,-14.2,-7.1,-5.3,-3.5,-2.7,-3.5,-5.4,-7.2,-7.9,39.7,41.1,45.0,49.1,51.1,49.8,45.9,41.4,35.7,38.3,41.8,46.4,50.6,53.8,55.8,53.9,50.9,47.2,43.0,38.9,43.6,45.4,47.1,47.7,46.8,45.0,43.3,42.7,-40.1,-44.4,-46.3,-44.6,-40.3,-35.7,-34.1,-35.8,-38.2,-40.5,-41.9,-42.7,-42.0,-40.3,-37.8,-36.1,-35.4,-35.1,-35.4,-36.3,-38.2,-37.5,-38.3,-40.2,-42.0,-42.8,-42.0,-40.1,-42.6,-46.9,-48.9,-47.4,-43.3,-38.9,-36.9,-38.1,-39.6,-42.5,-44.6,-45.6,-45.2,-43.9,-41.7,-39.6,-38.4,-37.8,-37.9,-38.2,-40.9,-40.2,-41.1,-43.0,-44.8,-45.5,-44.6,-42.7,510.7,511.2,511.5,511.3,510.7,510.4,509.9,510.1,514.7,512.2,509.9,508.9,509.5,511.0,512.6,510.9,509.3,508.9,509.9,512.1,511.3,511.2,511.3,511.5,511.8,511.9,511.8,511.5,528.8,530.0,531.7,532.8,532.8,531.6,529.9,528.9,529.1,528.5,528.3,529.4,531.9,535.3,538.5,535.2,531.8,529.4,528.3,528.5,530.7,531.2,531.9,532.4,532.4,531.9,531.2,530.7,25.1,-9.9,645.2,0.102,-0.18,-0.008,217.1,217.8,219.7,222.6,227.7,235.4,244.5,255.1,265.6,274.3,280.6,286.3,291.2,294.7,296.9,298.4,298.7,227.3,233.8,242.5,251.3,259.2,274.8,281.4,287.7,293.9,297.8,267.4,268.6,269.9,271.1,259.8,264.4,269.0,273.1,276.6,237.0,242.3,248.5,253.6,248.4,242.2,276.3,281.2,286.8,290.6,287.4,281.9,250.8,258.4,264.8,268.6,272.4,277.0,280.6,277.1,272.7,268.6,264.4,258.1,253.8,264.5,268.4,272.2,278.5,272.3,268.4,264.4,160.2,172.2,184.1,195.5,206.0,214.8,221.7,226.6,227.5,225.6,219.7,212.0,203.0,192.6,181.7,170.5,159.3,150.3,144.9,143.2,144.1,146.7,146.2,143.4,142.3,143.5,148.1,155.8,163.3,170.6,178.3,184.6,185.9,187.0,185.7,184.1,158.4,155.3,155.2,158.8,160.3,160.6,158.3,154.4,154.4,157.2,159.4,159.5,201.2,197.9,196.0,197.0,195.8,197.6,200.2,204.9,206.9,207.5,207.3,205.6,201.3,199.9,200.2,199.6,200.5,201.1,201.7,201.4,-57.1,-56.0,-52.9,-47.9,-38.8,-25.4,-9.4,8.6,26.4,41.7,53.7,64.9,74.3,80.7,84.7,87.4,88.0,-37.6,-26.6,-12.2,2.0,14.8,40.6,51.9,63.3,74.7,82.5,28.3,29.9,31.6,33.3,15.7,23.1,30.6,37.3,43.2,-21.5,-12.7,-2.5,6.0,-2.6,-12.8,44.0,52.4,62.2,69.3,63.1,53.5,1.3,13.7,23.9,30.1,36.4,44.4,51.5,44.7,37.0,30.1,23.3,13.2,6.3,23.5,29.8,36.3,47.6,36.3,29.8,23.4,-47.4,-26.6,-5.9,14.0,32.2,47.2,58.7,66.1,67.6,65.3,56.5,43.9,27.9,9.2,-10.5,-30.6,-50.9,-61.6,-69.8,-72.2,-70.3,-65.8,-67.4,-72.9,-75.8,-74.9,-67.9,-51.6,-39.0,-26.8,-14.5,-4.7,-2.6,-0.9,-2.9,-5.5,-48.0,-53.0,-53.2,-47.3,-44.7,-44.3,-48.9,-55.7,-56.0,-51.7,-47.4,-47.0,22.6,16.9,13.7,15.4,13.5,16.6,21.4,28.7,31.6,32.4,32.0,29.4,22.6,20.1,20.6,19.8,21.8,22.1,23.0,22.6,677.0,678.9,681.5,682.6,680.6,676.4,669.2,660.6,660.1,669.7,685.3,698.4,704.5,705.2,704.8,704.6,705.8,646.3,641.0,636.7,633.0,631.0,638.2,646.2,655.3,664.6,673.9,635.6,628.7,621.3,614.4,629.6,628.3,627.9,631.5,635.9,645.0,642.4,642.9,643.9,642.4,641.9,653.4,656.4,660.4,666.4,660.0,656.0,644.5,634.5,631.2,632.3,634.7,643.4,656.5,644.3,636.7,633.9,632.9,635.9,642.3,633.7,634.5,637.3,652.4,637.1,634.2,633.6,0.599,0.102,-0.233,-0.003,265.12,181.417,-7.992,8.874,-12.61,17.737,4.358,1.341,-4.655,2.624,2.366,-3.676,-0.577,1.13,0.079,-1.821,-0.297,-0.796,-0.621,0.357,-1.372,-0.948,0.681,-0.483,-0.218,-0.799,0.145,0.202,0.065,0.025,-0.106,-0.027,-0.029,-0.005,0.008,0.001,0.51,0.36,0.0,0.41,0.0,0.0,0.13,0.0,0.0,0.0,0.0,0.0,0.0,0.0,0.0,0.0,0.0,1.0,1.0,0.0,1.0,0.0,0.0,0.0,0.0,0.0,0.0,0.0,0.0,0.0,0.0,0.0,0.0,1.0,0.0
PP133,g1,396,0,0.975,0.200416,0.13632,-0.970181,0.044998,0.135996,-0.989687,0.125,0.138,241.4,242.7,245.8,249.0,250.4,249.4,246.0,242.8,237.1,239.1,242.0,245.4,248.9,251.6,253.4,251.3,248.4,245.2,242.0,239.2,244.6,246.0,247.3,247.9,247.3,245.9,244.5,244.0,279.4,280.3,283.1,286.0,287.5,286.6,283.8,280.6,276.4,278.3,281.0,284.2,287.2,289.3,290.5,289.4,287.4,284.8,281.8,278.7,282.1,283.4,284.6,285.0,284.4,283.1,281.9,281.5,156.7,153.4,152.0,153.3,156.5,160.0,161.2,159.9,158.3,156.5,155.2,154.6,155.1,156.6,158.6,159.7,160.2,160.4,160.2,159.6,158.2,158.7,158.1,156.7,155.3,154.7,155.3,156.8,156.0,152.8,151.4,152.6,155.7,158.8,160.2,159.3,158.1,156.0,154.5,153.8,154.3,155.4,157.2,158.5,159.2,159.5,159.4,159.1,157.3,157.9,157.3,155.9,154.5,154.0,154.6,156.0,-11.3,-9.6,-5.5,-1.3,0.6,-0.8,-5.2,-9.4,-17.0,-14.3,-10.5,-6.0,-1.4,2.1,4.5,1.8,-2.1,-6.3,-10.4,-14.2,-7.1,-5.3,-3.5,-2.8,-3.6,-5.4,-7.2,-7.9,39.8,41.1,45.0,49.2,51.2,49.8,45.9,41.4,35.7,38.3,41.9,46.4,50.7,53.8,55.9,54.0,51.0,47.3,43.1,38.9,43.6,45.5,47.2,47.8,46.9,45.1,43.4,42.8,-40.4,-44.7,-46.6,-44.9,-40.6,-36.0,-34.5,-36.1,-38.6,-40.8,-42.3,-43.0,-42.3,-40.6,-38.1,-36.5,-35.8,-35.4,-35.7,-36.7,-38.5,-37.8,-38.6,-40.5,-42.4,-43.1,-42.3,-40.4,-42.7,-47.1,-49.1,-47.6,-43.4,-39.1,-37.1,-38.3,-39.8,-42.6,-44.7,-45.8,-45.3,-44.0,-41.8,-39.8,-38.6,-38.0,-38.0,-38.4,-41.0,-40.3,-41.2,-43.1,-45.0,-45.6,-44.7,-42.8,512.4,513.0,513.2,513.0,512.5,512.1,511.7,511.9,516.5,513.9,511.7,510.6,511.2,512.7,514.3,512.6,511.0,510.6,511.7,513.9,513.0,512.9,513.0,513.3,513.5,513.6,513.5,513.2,529.2,530.4,532.1,533.2,533.2,532.0,530.4,529.3,529.6,528.9,528.8,529.7,532.3,535.7,538.9,535.5,532.2,529.8,528.7,528.9,531.1,531.6,532.3,532.8,532.8,532.3,531.6,531.1,25.0,-10.3,646.0,0.109,-0.175,-0.006,217.1,217.8,219.6,222.5,227.6,235.2,244.4,254.9,265.5,274.2,280.6,286.3,291.3,294.8,297.0,298.5,298.8,227.3,233.8,242.5,251.2,259.2,274.8,281.4,287.8,294.0,297.9,267.4,268.5,269.8,271.0,259.6,264.2,268.9,273.0,276.5,237.0,242.3,248.5,253.6,248.4,242.2,276.3,281.2,286.8,290.7,287.4,281.9,250.4,258.1,264.6,268.3,272.2,276.8,280.6,277.0,272.5,268.3,264.1,257.8,253.4,264.2,268.1,272.1,278.5,272.1,268.1,264.2,159.7,171.7,183.6,195.0,205.5,214.3,221.4,226.3,227.2,225.2,219.3,211.7,202.6,192.2,181.4,170.3,159.0,150.1,144.8,143.1,144.0,146.6,146.1,143.3,142.2,143.4,148.1,155.7,163.2,170.6,178.2,184.4,185.8,186.9,185.6,184.0,158.3,155.1,155.1,158.7,160.2,160.4,158.2,154.3,154.3,157.1,159.3,159.4,200.8,197.7,195.9,196.9,195.7,197.4,199.9,204.6,206.6,207.1,206.9,205.2,200.9,199.7,200.0,199.5,200.2,200.8,201.4,201.2,-57.1,-56.1,-53.1,-48.1,-39.1,-25.6,-9.6,8.3,26.2,41.6,53.7,65.0,74.5,80.9,84.9,87.6,88.3,-37.6,-26.6,-12.3,2.0,14.8,40.5,51.9,63.4,74.9,82.7,28.3,29.8,31.5,33.1,15.5,22.9,30.4,37.2,43.1,-21.5,-12.7,-2.5,5.9,-2.7,-12.9,44.0,52.5,62.2,69.4,63.2,53.6,0.6,13.2,23.6,29.7,36.2,44.3,51.5,44.6,36.7,29.8,23.0,12.6,5.6,23.1,29.5,36.0,47.6,36.0,29.5,23.0,-48.3,-27.5,-6.8,13.1,31.3,46.5,58.1,65.7,67.3,64.8,55.9,43.3,27.2,8.6,-11.1,-31.1,-51.4,-61.9,-70.1,-72.5,-70.5,-66.1,-67.6,-73.1,-75.9,-75.0,-68.0,-51.8,-39.2,-26.9,-14.6,-5.0,-2.8,-1.0,-3.1,-5.7,-48.3,-53.3,-53.4,-47.6,-45.0,-44.6,-49.1,-55.9,-56.2,-51.8,-47.6,-47.2,22.0,16.6,13.5,15.2,13.3,16.3,20.8,28.2,31.1,31.9,31.5,28.9,22.1,19.9,20.3,19.6,21.3,21.7,22.6,22.2,678.3,680.2,682.8,683.9,681.9,677.7,670.5,661.7,661.1,670.7,686.3,699.2,705.2,705.7,705.2,705.0,706.1,647.3,641.8,637.4,633.6,631.5,638.5,646.5,655.5,664.8,674.1,636.1,629.2,621.8,615.0,630.4,629.1,628.6,632.2,636.5,645.7,643.1,643.6,644.5,643.1,642.6,653.8,656.8,660.7,666.6,660.3,656.4,645.8,635.7,632.2,633.3,635.6,644.4,657.8,645.2,637.4,634.6,633.7,636.9,643.6,634.7,635.4,638.3,653.7,637.9,634.9,634.4,0.598,0.108,-0.227,-0.0,265.036,181.196,-7.448,9.074,-11.978,16.834,4.309,1.958,-5.269,2.344,2.211,-3.34,-1.059,1.25,-0.156,-1.947,-0.54,-0.668,-0.73,0.573,-1.357,-0.903,0.57,-0.489,-0.111,-0.817,0.043,0.133,0.072,0.035,-0.105,-0.023,-0.023,-0.01,0.008,-0.005,0.57,0.37,0.0,0.78,0.0,0.0,0.04,0.0,0.0,0.0,0.0,0.0,0.0,0.0,0.0,0.0,0.0,1.0,1.0,0.0,1.0,0.0,0.0,0.0,0.0,0.0,0.0,0.0,0.0,0.0,0.0,0.0,0.0,1.0,0.0
PP133,g1,402,0,0.975,0.189068,0.13463,-0.972691,0.037717,0.133043,-0.990392,0.115,0.136,241.1,242.4,245.5,248.7,250.1,249.1,245.7,242.5,236.9,238.8,241.6,245.1,248.6,251.3,253.1,251.0,248.1,244.9,241.7,238.9,244.3,245.7,247.0,247.6,247.0,245.6,244.2,243.7,279.1,280.0,282.8,285.8,287.2,286.3,283.5,280.3,276.0,278.0,280.7,284.0,286.9,289.0,290.3,289.1,287.1,284.6,281.5,278.4,281.8,283.1,284.3,284.7,284.1,282.8,281.6,281.2,156.7,153.5,152.1,153.3,156.5,160.1,161.2,159.9,158.3,156.5,155.2,154.6,155.1,156.6,158.6,159.7,160.2,160.4,160.3,159.6,158.2,158.7,158.1,156.7,155.3,154.7,155.4,156.8,156.0,152.8,151.4,152.6,155.7,158.9,160.2,159.3,158.2,156.0,154.5,153.8,154.3,155.4,157.2,158.5,159.2,159.5,159.4,159.2,157.4,157.9,157.3,155.9,154.6,154.0,154.6,156.0,-11.6,-10.0,-5.9,-1.7,0.1,-1.2,-5.6,-9.8,-17.4,-14.7,-10.9,-6.4,-1.8,1.7,4.1,1.4,-2.5,-6.7,-10.9,-14.6,-7.5,-5.7,-3.9,-3.2,-4.0,-5.8,-7.6,-8.3,39.2,40.5,44.4,48.6,50.6,49.2,45.3,40.8,35.1,37.7,41.3,45.8,50.1,53.2,55.3,53.4,50.4,46.6,42.4,38.3,43.0,44.8,46.6,47.2,46.3,44.5,42.8,42.2,-40.4,-44.7,-46.6,-44.9,-40.6,-36.0,-34.5,-36.1,-38.6,-40.8,-42.3,-43.0,-42.4,-40.6,-38.1,-36.4,-35.7,-35.4,-35.7,-36.7,-38.5,-37.8,-38.6,-40.5,-42.4,-43.1,-42.3,-40.4,-42.5,-46.9,-48.9,-47.3,-43.2,-38.8,-36.8,-38.0,-39.6,-42.4,-44.5,-45.5,-45.1,-43.8,-41.6,-39.5,-38.3,-37.8,-37.8,-38.2,-40.8,-40.1,-41.0,-42.9,-44.7,-45.4,-44.5,-42.6,512.9,513.4,513.6,513.3,512.7,512.4,512.0,512.3,517.0,514.4,512.1,511.0,511.5,512.9,514.5,512.9,511.3,511.0,512.1,514.3,513.4,513.3,513.3,513.6,513.8,513.9,513.9,513.6,526.6,527.8,529.4,530.5,530.5,529.3,527.7,526.7,526.9,526.3,526.1,527.1,529.7,533.0,536.2,532.9,529.5,527.1,526.0,526.2,528.4,528.9,529.6,530.2,530.2,529.7,529.0,528.4,24.6,-10.0,645.5,0.107,-0.16,-0.009,217.1,217.9,219.8,222.8,227.9,235.5,244.6,255.0,265.6,274.5,280.9,286.6,291.4,294.9,297.0,298.5,298.8,227.1,233.5,242.1,250.8,258.7,274.4,281.0,287.4,293.7,297.6,267.0,268.1,269.3,270.5,259.2,263.8,268.5,272.6,276.1,236.7,242.0,248.1,253.3,248.1,241.9,276.0,280.9,286.5,290.4,287.1,281.6,250.1,257.7,264.1,267.9,271.8,276.5,280.4,276.7,272.1,267.9,263.7,257.4,253.1,263.8,267.7,271.7,278.2,271.7,267.7,263.8,159.6,171.8,183.8,195.3,205.9,214.8,221.9,226.7,227.6,225.6,219.6,211.8,202.7,192.3,181.5,170.5,159.3,150.2,144.8,143.1,144.0,146.7,146.2,143.4,142.3,143.4,148.1,155.7,163.2,170.7,178.5,184.6,186.0,187.1,185.8,184.2,158.3,155.1,155.1,158.7,160.2,160.4,158.2,154.3,154.3,157.2,159.4,159.5,201.1,198.0,196.1,197.2,196.0,197.7,200.2,204.9,206.8,207.4,207.2,205.5,201.2,200.0,200.3,199.7,200.5,201.1,201.7,201.4,-57.2,-56.1,-52.9,-47.8,-38.7,-25.1,-9.3,8.5,26.4,42.0,54.2,65.4,74.7,80.8,84.7,87.3,87.9,-37.9,-27.1,-12.8,1.3,14.1,39.9,51.3,62.7,74.2,82.0,27.7,29.2,30.7,32.2,14.8,22.2,29.7,36.6,42.5,-21.9,-13.2,-3.0,5.4,-3.2,-13.4,43.4,52.0,61.7,68.9,62.6,53.0,0.1,12.5,22.8,29.0,35.5,43.7,51.1,44.0,36.1,29.1,22.2,12.0,5.0,22.5,28.8,35.4,47.2,35.4,28.8,22.3,-48.5,-27.4,-6.5,13.7,32.2,47.4,59.0,66.4,67.8,65.3,56.3,43.4,27.3,8.7,-10.7,-30.6,-50.8,-61.9,-70.1,-72.5,-70.5,-66.0,-67.5,-72.9,-75.8,-74.9,-67.9,-51.8,-39.0,-26.7,-14.2,-4.6,-2.4,-0.6,-2.7,-5.4,-48.3,-53.3,-53.4,-47.5,-45.0,-44.5,-49.0,-55.8,-56.1,-51.7,-47.5,-47.1,22.5,17.1,14.0,15.7,13.8,16.8,21.3,28.7,31.6,32.3,31.9,29.4,22.6,20.3,20.8,20.0,21.8,22.1,23.1,22.6,679.6,681.7,684.4,685.3,683.0,678.4,670.8,661.6,660.7,670.1,685.6,698.3,703.9,704.0,703.2,702.8,703.9,647.7,642.1,637.6,633.6,631.3,638.2,646.0,654.7,663.7,672.9,635.8,628.8,621.4,614.4,630.4,628.8,628.1,631.6,635.9,645.9,643.2,643.6,644.4,643.1,642.7,653.4,656.2,659.9,665.7,659.6,655.8,645.9,635.6,632.0,633.0,635.3,643.9,657.1,644.6,636.9,634.1,633.3,636.7,643.5,634.4,635.1,638.0,653.0,637.5,634.6,634.1,0.599,0.107,-0.21,-0.004,264.81,181.374,-8.862,11.499,-12.28,18.18,3.849,2.822,-5.229,2.919,2.136,-3.293,-1.025,1.369,-0.238,-1.77,-0.595,-0.533,-0.633,0.964,-1.474,-0.977,0.511,-0.381,-0.046,-0.793,0.04,0.097,0.071,0.031,-0.104,-0.025,-0.02,-0.01,0.004,-0.004,0.42,0.4,0.0,0.59,0.0,0.0,0.29,0.0,0.0,0.16,0.0,0.0,0.0,0.0,0.0,0.0,0.0,0.0,1.0,0.0,1.0,0.0,0.0,0.0,0.0,0.0,0.0,0.0,0.0,0.0,0.0,0.0,0.0,1.0,0.0
PP133,g1,408,0,0.975,0.191675,0.147457,-0.970318,0.034723,0.145609,-0.988733,0.115,0.148,240.8,242.1,245.3,248.5,249.8,248.8,245.4,242.2,236.6,238.5,241.4,244.9,248.3,251.0,252.8,250.7,247.8,244.6,241.4,238.6,244.0,245.3,246.7,247.3,246.7,245.3,243.9,243.4,278.8,279.8,282.6,285.6,287.0,286.1,283.3,280.0,275.8,277.7,280.4,283.7,286.7,288.8,290.1,288.9,286.9,284.3,281.3,278.2,281.6,282.9,284.1,284.5,283.9,282.6,281.3,280.9,156.6,153.3,151.9,153.2,156.4,159.9,161.1,159.8,158.1,156.3,155.1,154.5,155.1,156.5,158.5,159.6,160.1,160.3,160.1,159.4,158.0,158.6,158.0,156.6,155.2,154.6,155.2,156.6,155.9,152.8,151.4,152.6,155.6,158.8,160.2,159.2,158.1,156.0,154.4,153.7,154.2,155.3,157.1,158.4,159.1,159.5,159.4,159.1,157.3,157.8,157.2,155.8,154.5,154.0,154.6,156.0,-12.1,-10.4,-6.2,-2.0,-0.3,-1.6,-6.1,-10.3,-17.8,-15.1,-11.3,-6.7,-2.2,1.3,3.7,0.9,-2.9,-7.1,-11.3,-15.0,-8.0,-6.1,-4.3,-3.6,-4.4,-6.2,-8.0,-8.7,38.9,40.3,44.2,48.3,50.3,48.9,45.0,40.5,34.9,37.4,41.0,45.5,49.8,53.0,55.0,53.1,50.1,46.4,42.2,38.0,42.8,44.6,46.3,46.9,46.0,44.2,42.5,41.9,-40.7,-45.0,-46.8,-45.1,-40.8,-36.2,-34.7,-36.4,-38.9,-41.1,-42.6,-43.3,-42.6,-40.8,-38.3,-36.7,-36.0,-35.7,-36.0,-37.0,-38.8,-38.1,-38.9,-40.7,-42.6,-43.4,-42.6,-40.7,-42.6,-47.0,-49.0,-47.5,-43.3,-38.9,-36.9,-38.1,-39.7,-42.5,-44.6,-45.6,-45.2,-43.9,-41.7,-39.7,-38.5,-37.9,-37.9,-38.3,-40.9,-40.2,-41.1,-43.0,-44.8,-45.5,-44.6,-42.7,513.9,514.4,514.6,514.4,513.9,513.5,513.1,513.3,518.0,515.4,513.1,512.0,512.6,514.1,515.7,514.0,512.4,512.0,513.1,515.3,514.4,514.3,514.4,514.7,514.9,515.0,514.9,514.7,527.1,528.2,529.8,531.0,531.0,529.8,528.2,527.2,527.5,526.8,526.6,527.5,530.1,533.5,536.7,533.3,530.0,527.6,526.5,526.8,528.9,529.4,530.1,530.6,530.6,530.1,529.4,528.9,23.8,-10.5,648.2,0.128,-0.16,-0.0,216.8,217.4,219.2,222.0,226.9,234.5,243.6,254.1,264.6,273.5,280.0,285.8,290.9,294.4,296.7,298.2,298.6,226.9,233.3,241.9,250.6,258.5,274.2,280.8,287.3,293.5,297.5,266.7,267.7,268.8,269.9,258.6,263.2,267.9,272.0,275.6,236.4,241.7,247.9,253.0,247.7,241.6,275.7,280.7,286.3,290.2,286.9,281.3,249.0,256.8,263.4,267.2,271.1,275.9,279.9,275.9,271.3,267.0,262.8,256.4,252.0,263.0,267.0,270.9,277.7,270.9,266.9,262.9,159.1,171.1,182.9,194.2,204.7,213.7,220.8,225.7,226.7,224.7,218.7,211.0,202.0,191.8,181.0,170.0,158.9,150.0,144.8,143.1,144.1,146.8,146.3,143.4,142.3,143.4,148.0,155.8,163.3,170.9,178.6,184.5,185.9,187.1,185.8,184.2,158.1,155.0,155.0,158.6,160.0,160.2,158.2,154.2,154.2,157.1,159.3,159.4,200.4,197.6,195.9,197.0,195.8,197.4,199.7,204.5,206.6,207.1,206.9,205.1,200.6,199.7,200.0,199.5,200.1,200.8,201.4,201.2,-57.9,-57.0,-54.1,-49.3,-40.5,-27.0,-11.1,6.9,24.9,40.5,52.9,64.3,73.9,80.4,84.4,87.1,87.9,-38.4,-27.5,-13.2,1.0,13.8,39.6,51.1,62.6,74.1,82.0,27.3,28.6,30.1,31.5,13.9,21.3,28.9,35.7,41.8,-22.5,-13.7,-3.5,4.9,-3.7,-13.9,43.2,51.7,61.5,68.7,62.4,52.7,-1.7,11.1,21.7,27.9,34.5,42.9,50.5,43.0,34.9,27.8,20.9,10.4,3.3,21.2,27.7,34.3,46.5,34.3,27.6,21.1,-49.5,-28.8,-8.1,11.9,30.3,45.6,57.4,65.1,66.7,64.1,55.0,42.2,26.2,7.8,-11.7,-31.6,-51.8,-62.4,-70.4,-72.6,-70.6,-66.0,-67.5,-73.0,-75.9,-75.0,-68.2,-51.8,-39.0,-26.6,-14.0,-4.8,-2.6,-0.7,-2.8,-5.5,-48.8,-53.7,-53.7,-47.8,-45.3,-45.0,-49.2,-56.0,-56.3,-52.0,-47.7,-47.3,21.5,16.6,13.7,15.4,13.6,16.4,20.6,28.3,31.2,32.0,31.6,28.8,21.7,20.0,20.5,19.7,21.1,21.9,22.8,22.3,681.3,683.4,686.3,687.5,685.7,681.5,674.1,665.0,664.2,673.4,688.8,701.3,706.9,707.0,706.1,705.6,706.6,649.4,643.7,639.1,635.1,632.7,639.5,647.2,655.8,664.8,674.1,637.3,630.6,623.5,616.9,632.9,631.4,630.7,634.2,638.4,647.8,645.0,645.4,646.2,644.9,644.6,654.9,657.6,661.3,667.2,661.1,657.4,649.4,638.9,635.0,636.0,638.3,647.0,660.5,648.0,640.1,637.3,636.6,640.3,647.1,637.5,638.2,640.9,656.6,640.5,637.7,637.3,0.596,0.126,-0.209,0.006,264.26,181.056,-8.494,9.435,-11.2,15.633,4.945,2.91,-5.755,2.407,2.015,-2.253,-0.974,1.483,-0.064,-1.921,-1.034,-0.098,-0.335,1.338,-1.471,-0.824,0.481,-0.602,0.068,-0.728,-0.102,0.023,0.063,0.009,-0.093,-0.016,-0.008,-0.009,0.004,-0.011,0.58,0.3,0.0,0.13,0.0,0.0,0.07,0.0,0.0,0.26,0.0,0.0,0.0,0.0,0.0,0.0,0.0,1.0,1.0,0.0,0.0,0.0,0.0,0.0,0.0,0.0,0.0,0.0,0.0,0.0,0.0,0.0,0.0,1.0,0.0
PP133,g1,414,0,0.975,0.190768,0.136532,-0.972094,0.035063,0.136045,-0.990082,0.115,0.138,240.6,241.8,245.0,248.2,249.5,248.5,245.1,241.9,236.3,238.3,241.1,244.6,248.0,250.7,252.5,250.5,247.5,244.3,241.2,238.4,243.7,245.1,246.5,247.0,246.4,245.0,243.6,243.1,278.4,279.3,282.1,285.1,286.6,285.7,282.9,279.6,275.4,277.3,280.0,283.3,286.3,288.4,289.6,288.5,286.5,283.9,280.9,277.8,281.2,282.5,283.7,284.1,283.5,282.1,280.9,280.5,156.5,153.2,151.8,153.1,156.3,159.8,161.0,159.7,158.1,156.3,155.0,154.4,154.9,156.3,158.3,159.5,159.9,160.2,160.0,159.4,157.9,158.5,157.9,156.5,155.1,154.5,155.1,156.5,155.6,152.5,151.1,152.3,155.4,158.5,159.9,159.0,157.8,155.7,154.2,153.4,153.9,155.1,156.8,158.2,158.8,159.2,159.1,158.8,157.0,157.5,156.9,155.6,154.2,153.7,154.3,155.7,-12.4,-10.8,-6.7,-2.4,-0.6,-2.0,-6.4,-10.6,-18.2,-15.5,-11.7,-7.2,-2.6,0.9,3.3,0.6,-3.2,-7.5,-11.6,-15.4,-8.3,-6.5,-4.7,-3.9,-4.7,-6.6,-8.4,-9.1,38.4,39.8,43.7,47.9,49.9,48.5,44.6,40.1,34.4,37.0,40.5,45.1,49.3,52.5,54.6,52.6,49.6,45.9,41.7,37.6,42.3,44.1,45.8,46.4,45.6,43.7,42.0,41.4,-40.9,-45.2,-47.1,-45.4,-41.1,-36.5,-34.9,-36.6,-39.0,-41.3,-42.7,-43.5,-42.8,-41.1,-38.6,-36.9,-36.2,-35.9,-36.2,-37.1,-39.0,-38.3,-39.1,-41.0,-42.8,-43.6,-42.8,-40.9,-43.1,-47.4,-49.5,-48.0,-43.8,-39.4,-37.4,-38.6,-40.1,-42.9,-45.0,-46.1,-45.7,-44.4,-42.2,-40.2,-39.0,-38.4,-38.4,-38.8,-41.4,-40.7,-41.6,-43.5,-45.3,-46.0,-45.1,-43.2,514.8,515.4,515.6,515.3,514.8,514.5,514.0,514.3,518.9,516.4,514.1,513.0,513.6,515.0,516.6,514.9,513.3,513.0,514.1,516.3,515.4,515.3,515.4,515.6,515.9,516.0,515.9,515.6,528.3,529.5,531.1,532.2,532.1,531.0,529.4,528.4,528.7,528.0,527.8,528.8,531.3,534.6,537.8,534.5,531.2,528.8,527.7,528.0,530.1,530.6,531.3,531.8,531.8,531.4,530.7,530.1,23.6,-10.9,649.2,0.111,-0.159,-0.01,216.6,217.4,219.3,222.3,227.4,235.0,244.1,254.5,265.0,273.7,280.2,285.9,290.9,294.4,296.5,298.0,298.3,226.5,232.9,241.4,250.1,258.1,273.7,280.3,286.8,293.0,297.1,266.4,267.4,268.6,269.7,258.5,263.1,267.8,271.9,275.4,236.2,241.4,247.6,252.7,247.5,241.3,275.3,280.3,285.9,289.8,286.5,280.9,249.3,256.9,263.4,267.2,271.1,275.9,279.8,276.0,271.4,267.2,263.0,256.6,252.2,263.1,267.0,271.0,277.6,271.0,267.0,263.0,159.4,171.4,183.3,194.7,205.1,213.9,220.9,225.8,226.6,224.6,218.7,211.0,202.0,191.7,180.9,169.9,158.7,150.1,144.8,143.0,143.9,146.4,145.9,143.1,142.0,143.2,147.8,155.4,162.9,170.3,178.0,184.1,185.4,186.5,185.2,183.6,158.1,154.9,154.9,158.4,159.9,160.2,157.9,154.0,154.0,156.8,159.0,159.1,200.2,197.2,195.4,196.4,195.2,196.9,199.3,204.1,206.1,206.7,206.5,204.7,200.3,199.2,199.5,198.9,199.7,200.4,201.0,200.8,-58.4,-57.2,-54.0,-48.9,-39.8,-26.2,-10.2,7.6,25.5,41.0,53.2,64.6,74.1,80.4,84.3,86.9,87.5,-39.2,-28.4,-14.1,0.2,13.1,38.9,50.4,61.9,73.5,81.5,26.8,28.2,29.8,31.2,13.8,21.3,28.8,35.6,41.6,-23.0,-14.2,-4.0,4.5,-4.1,-14.4,42.6,51.2,60.9,68.2,61.9,52.2,-1.2,11.4,21.8,28.1,34.6,42.9,50.5,43.2,35.1,28.1,21.2,10.8,3.7,21.4,27.8,34.5,46.5,34.5,27.8,21.3,-49.2,-28.2,-7.4,12.6,31.0,46.2,57.7,65.2,66.6,64.0,55.0,42.3,26.2,7.6,-11.9,-31.9,-52.2,-62.3,-70.7,-73.1,-71.2,-66.7,-68.3,-73.8,-76.6,-75.7,-68.7,-52.5,-39.8,-27.5,-15.1,-5.6,-3.4,-1.6,-3.7,-6.3,-49.0,-54.0,-54.1,-48.2,-45.7,-45.3,-49.8,-56.6,-57.0,-52.6,-48.4,-47.9,21.2,15.9,12.9,14.5,12.7,15.6,19.9,27.6,30.6,31.3,31.0,28.3,21.3,19.2,19.6,18.8,20.5,21.1,22.1,21.7,683.6,685.5,688.1,689.0,686.7,682.2,674.7,665.5,664.7,673.9,689.4,702.0,707.6,707.9,707.3,707.0,708.2,651.8,646.1,641.5,637.4,634.9,641.6,649.4,658.1,667.1,676.3,639.3,632.4,625.1,618.3,634.2,632.6,631.9,635.3,639.5,649.8,647.1,647.4,648.2,646.8,646.5,656.8,659.6,663.3,669.1,662.9,659.3,650.1,639.7,635.9,636.8,639.1,647.7,661.0,648.6,640.8,638.1,637.3,640.9,647.8,638.3,639.0,641.7,657.1,641.4,638.5,638.1,0.595,0.109,-0.207,-0.004,264.166,180.823,-8.197,10.053,-11.063,16.431,4.685,2.551,-5.346,2.348,2.152,-3.263,-1.296,1.254,0.02,-1.677,-0.798,-0.493,-0.488,1.139,-1.583,-0.884,0.418,-0.589,-0.0,-0.703,-0.053,0.07,0.078,0.005,-0.099,-0.021,-0.017,-0.006,0.004,-0.009,0.46,0.36,0.0,0.68,0.0,0.0,0.11,0.0,0.0,0.01,0.0,0.0,0.0,0.0,0.0,0.0,0.0,0.0,1.0,0.0,0.0,0.0,0.0,0.0,0.0,0.0,0.0,0.0,0.0,0.0,0.0,0.0,0.0,1.0,0.0
PP133,g1,420,0,0.975,0.183267,0.120163,-0.975692,0.041908,0.121474,-0.99171,0.114,0.122,239.7,240.9,244.0,247.2,248.7,247.7,244.4,241.2,235.6,237.5,240.2,243.6,247.1,249.8,251.7,249.7,246.7,243.5,240.4,237.6,242.9,244.3,245.7,246.2,245.5,244.1,242.8,242.3,277.4,278.3,281.1,284.1,285.6,284.7,281.9,278.6,274.4,276.3,279.0,282.3,285.2,287.3,288.6,287.4,285.5,282.9,279.9,276.8,280.2,281.5,282.7,283.1,282.4,281.1,279.9,279.5,156.7,153.4,151.9,153.1,156.3,159.8,161.0,159.8,158.4,156.5,155.2,154.4,154.9,156.3,158.2,159.5,160.0,160.3,160.2,159.7,158.1,158.6,157.9,156.5,155.1,154.6,155.2,156.7,155.3,152.2,150.8,151.9,155.0,158.1,159.5,158.6,157.5,155.4,153.8,153.1,153.5,154.7,156.5,157.8,158.5,158.8,158.7,158.5,156.7,157.2,156.6,155.2,153.9,153.3,154.0,155.3,-13.5,-12.0,-7.9,-3.7,-1.8,-3.0,-7.4,-11.6,-19.1,-16.6,-12.9,-8.4,-3.8,-0.2,2.3,-0.4,-4.3,-8.5,-12.6,-16.3,-9.4,-7.5,-5.7,-5.0,-5.9,-7.7,-9.5,-10.2,37.1,38.4,42.3,46.5,48.5,47.2,43.3,38.8,33.1,35.6,39.2,43.7,48.0,51.1,53.2,51.3,48.3,44.6,40.4,36.3,41.0,42.8,44.5,45.1,44.2,42.4,40.7,40.1,-40.6,-45.0,-46.9,-45.3,-41.1,-36.5,-34.8,-36.4,-38.7,-41.0,-42.5,-43.4,-42.8,-41.1,-38.7,-36.9,-36.1,-35.7,-35.9,-36.8,-38.8,-38.1,-39.0,-40.9,-42.8,-43.5,-42.6,-40.7,-43.6,-48.0,-50.0,-48.5,-44.4,-40.0,-38.0,-39.1,-40.6,-43.5,-45.6,-46.7,-46.3,-45.0,-42.8,-40.7,-39.5,-38.9,-38.9,-39.3,-41.9,-41.2,-42.1,-44.0,-45.9,-46.5,-45.6,-43.7,514.8,515.3,515.3,515.0,514.4,514.2,513.9,514.2,519.0,516.4,514.0,512.8,513.3,514.6,516.1,514.6,513.1,512.8,514.0,516.4,515.2,515.1,515.1,515.3,515.6,515.7,515.7,515.5,528.9,530.1,531.7,532.9,532.8,531.6,530.0,529.0,529.2,528.6,528.4,529.4,532.0,535.3,538.5,535.1,531.8,529.4,528.3,528.5,530.7,531.2,531.9,532.5,532.5,532.0,531.3,530.8,23.2,-10.4,643.2,0.082,-0.157,-0.034,216.0,217.0,219.3,222.6,228.0,235.8,244.9,255.5,266.2,275.0,281.3,286.8,291.2,294.2,296.1,297.4,297.4,225.6,231.8,240.3,249.0,256.9,272.5,279.1,285.5,291.8,295.7,265.4,266.7,268.0,269.4,258.5,263.1,267.7,271.7,275.2,235.5,240.5,246.7,251.9,246.7,240.5,274.4,279.3,284.8,288.7,285.5,280.0,250.6,257.8,263.9,267.6,271.3,275.9,279.7,276.3,271.9,267.9,263.9,257.8,253.6,263.8,267.5,271.3,277.5,271.3,267.6,263.8,160.2,172.4,184.5,196.1,206.7,215.6,222.7,227.4,228.2,225.9,219.8,211.8,202.4,191.9,181.0,169.8,158.7,150.6,145.0,143.0,143.8,146.3,145.7,142.8,141.7,142.8,147.5,155.1,162.5,169.9,177.5,184.1,185.4,186.3,185.0,183.3,158.3,155.1,154.9,158.3,160.0,160.4,157.5,153.6,153.6,156.4,158.6,158.7,201.5,197.8,195.7,196.6,195.4,197.1,199.9,204.6,206.6,207.2,207.1,205.6,201.4,199.6,199.8,199.2,200.3,200.7,201.4,201.2,-59.1,-57.6,-53.7,-48.0,-38.4,-24.6,-8.6,9.3,27.3,42.7,54.8,65.5,74.0,79.4,82.7,84.9,85.0,-40.4,-30.0,-15.8,-1.7,11.1,36.8,48.0,59.5,70.9,78.6,25.0,26.8,28.6,30.4,13.6,21.0,28.3,35.0,40.8,-24.0,-15.6,-5.5,3.1,-5.4,-15.6,40.7,49.1,58.8,65.9,59.8,50.2,1.0,12.7,22.4,28.4,34.5,42.5,49.7,43.1,35.6,29.0,22.4,12.6,5.9,22.3,28.3,34.6,45.7,34.7,28.4,22.3,-47.4,-26.3,-5.2,15.0,33.5,48.7,60.2,67.4,68.5,65.7,56.5,43.3,26.8,8.0,-11.7,-31.7,-51.8,-61.1,-69.9,-72.6,-70.9,-66.5,-68.3,-73.8,-76.7,-75.9,-68.8,-52.7,-40.1,-28.0,-15.7,-5.4,-3.4,-1.8,-4.0,-6.8,-48.2,-53.4,-53.7,-48.1,-45.3,-44.6,-50.1,-56.9,-57.2,-52.9,-48.7,-48.2,23.0,16.7,13.2,14.7,12.7,15.8,20.8,28.1,31.0,31.9,31.6,29.4,22.8,19.6,19.8,19.0,21.2,21.5,22.5,22.2,679.3,681.6,684.1,684.6,681.7,676.5,668.5,659.1,658.2,667.7,683.3,696.2,701.9,701.7,700.7,700.0,700.8,647.4,641.8,637.1,633.2,630.9,637.6,645.4,654.1,663.0,672.1,635.0,627.5,619.7,612.3,628.5,626.8,625.9,629.4,633.8,645.3,642.7,642.9,643.7,642.5,642.2,652.6,655.5,659.2,664.9,658.7,655.0,642.8,632.4,629.1,630.2,632.5,640.7,653.5,641.3,634.1,631.4,630.5,633.4,640.4,631.7,632.3,635.2,649.3,634.9,632.0,631.5,0.6,0.083,-0.204,-0.03,264.026,181.139,-7.781,14.067,-13.976,22.143,0.74,1.367,-3.731,4.033,3.603,-5.407,-1.437,0.657,-0.482,-2.46,0.148,-1.296,-0.783,0.542,-1.347,-0.662,0.501,-0.207,-0.332,-0.891,0.055,0.441,0.069,0.023,-0.129,-0.04,-0.055,-0.03,0.007,0.002,0.85,0.74,0.0,0.83,0.0,0.0,0.0,0.0,0.0,0.09,0.07,0.0,0.0,0.0,0.0,0.01,0.0,1.0,1.0,0.0,1.0,0.0,0.0,0.0,0.0,0.0,0.0,0.0,0.0,0.0,0.0,0.0,1.0,1.0,0.0
PP133,g1,426,0,0.975,0.199693,0.134923,-0.970525,0.044599,0.136152,-0.989684,0.124,0.137,240.0,241.3,244.4,247.6,249.0,248.0,244.6,241.4,235.8,237.7,240.5,244.0,247.5,250.1,252.0,249.9,247.0,243.8,240.6,237.8,243.2,244.6,245.9,246.5,245.9,244.5,243.1,242.6,277.8,278.8,281.5,284.5,286.0,285.1,282.3,279.1,274.9,276.8,279.4,282.7,285.6,287.7,289.0,287.8,285.9,283.3,280.3,277.2,280.6,281.9,283.1,283.5,282.8,281.5,280.3,279.9,156.6,153.3,151.9,153.2,156.3,159.8,161.0,159.8,158.2,156.4,155.1,154.4,155.0,156.4,158.4,159.5,160.0,160.3,160.1,159.5,158.0,158.6,157.9,156.5,155.1,154.6,155.2,156.6,155.6,152.4,151.0,152.2,155.2,158.4,159.8,158.9,157.8,155.6,154.1,153.3,153.8,154.9,156.7,158.0,158.7,159.1,159.0,158.7,156.9,157.4,156.8,155.5,154.1,153.6,154.2,155.6,-13.1,-11.5,-7.4,-3.2,-1.3,-2.6,-7.1,-11.3,-18.9,-16.2,-12.4,-7.9,-3.3,0.2,2.6,-0.1,-3.9,-8.1,-12.3,-16.1,-9.0,-7.2,-5.4,-4.7,-5.5,-7.3,-9.1,-9.8,37.8,39.2,43.0,47.2,49.2,47.9,44.0,39.5,33.8,36.4,39.9,44.5,48.7,51.9,53.9,52.0,49.0,45.3,41.1,37.0,41.7,43.5,45.2,45.8,44.9,43.1,41.4,40.8,-40.7,-45.0,-46.9,-45.3,-41.0,-36.4,-34.8,-36.5,-38.8,-41.1,-42.6,-43.4,-42.7,-41.0,-38.5,-36.8,-36.1,-35.7,-36.0,-37.0,-38.9,-38.1,-39.0,-40.9,-42.7,-43.5,-42.6,-40.7,-43.4,-47.8,-49.8,-48.3,-44.1,-39.8,-37.8,-38.9,-40.4,-43.3,-45.4,-46.5,-46.0,-44.8,-42.6,-40.5,-39.3,-38.7,-38.7,-39.1,-41.7,-41.0,-41.9,-43.8,-45.7,-46.3,-45.4,-43.5,514.3,514.8,515.1,514.8,514.3,514.0,513.5,513.7,518.4,515.8,513.6,512.5,513.1,514.5,516.1,514.4,512.8,512.5,513.5,515.8,514.9,514.8,514.9,515.1,515.3,515.4,515.3,515.1,530.8,532.0,533.6,534.7,534.7,533.6,531.9,530.9,531.2,530.5,530.3,531.3,533.9,537.2,540.4,537.1,533.8,531.3,530.3,530.5,532.7,533.2,533.9,534.4,534.4,533.9,533.2,532.7,22.9,-10.8,648.6,0.108,-0.172,-0.013,216.1,216.8,218.8,221.7,226.9,234.5,243.6,254.1,264.5,273.2,279.6,285.3,290.1,293.6,295.8,297.2,297.5,226.0,232.4,241.0,249.7,257.6,273.2,279.7,286.1,292.4,296.3,265.8,267.0,268.2,269.5,258.3,262.9,267.5,271.6,275.0,235.6,240.9,247.0,252.2,247.0,240.8,274.8,279.7,285.2,289.1,285.8,280.4,249.4,257.0,263.3,267.1,270.9,275.5,279.3,275.7,271.2,267.1,263.0,256.7,252.4,263.1,266.9,270.7,277.1,270.7,266.9,263.0,159.8,171.8,183.7,195.0,205.4,214.2,221.2,226.0,226.8,224.8,218.9,211.2,202.1,191.7,180.8,169.7,158.5,150.2,144.8,143.1,144.0,146.5,145.9,143.1,141.9,143.1,147.7,155.4,162.9,170.2,177.8,184.1,185.4,186.5,185.2,183.6,158.2,155.0,154.9,158.5,160.0,160.3,157.8,153.9,153.8,156.7,158.9,159.0,200.7,197.4,195.5,196.5,195.3,197.0,199.5,204.3,206.3,206.9,206.7,205.0,200.7,199.4,199.6,199.1,199.9,200.5,201.2,200.9,-59.2,-58.1,-54.9,-49.7,-40.6,-27.0,-11.0,6.9,24.7,40.0,52.1,63.3,72.7,79.1,82.9,85.5,86.1,-40.0,-29.1,-14.8,-0.5,12.3,38.0,49.4,60.9,72.3,80.2,25.9,27.5,29.2,30.8,13.4,20.8,28.3,35.0,40.9,-23.9,-15.1,-4.9,3.6,-5.0,-15.2,41.7,50.1,59.8,67.0,60.8,51.2,-0.9,11.5,21.7,27.8,34.1,42.2,49.4,42.6,34.8,27.9,21.2,10.9,4.0,21.3,27.6,34.0,45.5,34.0,27.6,21.2,-48.3,-27.4,-6.7,13.2,31.4,46.5,58.0,65.5,66.9,64.3,55.3,42.5,26.4,7.7,-12.1,-32.2,-52.6,-62.2,-70.4,-72.8,-70.9,-66.6,-68.3,-73.8,-76.7,-75.9,-69.0,-52.4,-39.9,-27.6,-15.3,-5.5,-3.4,-1.7,-3.8,-6.5,-48.7,-53.7,-53.9,-48.1,-45.5,-45.0,-49.9,-56.7,-57.1,-52.8,-48.6,-48.0,21.8,16.3,13.0,14.7,12.8,15.8,20.3,27.8,30.8,31.6,31.3,28.7,21.9,19.4,19.8,19.0,20.8,21.4,22.3,21.9,681.3,683.3,686.0,687.1,685.0,680.7,673.4,664.6,663.9,673.3,688.7,701.5,707.4,707.9,707.3,707.0,708.0,650.3,644.7,640.3,636.4,634.2,641.2,649.0,657.9,667.0,676.3,638.7,631.8,624.4,617.6,633.1,631.7,631.2,634.7,639.0,648.7,646.1,646.5,647.3,646.0,645.6,656.3,659.2,663.1,669.0,662.7,658.9,648.6,638.4,634.9,635.9,638.2,646.9,660.0,647.8,640.2,637.5,636.6,639.8,646.3,637.4,638.1,640.9,655.9,640.6,637.8,637.3,0.596,0.106,-0.221,-0.008,263.749,180.912,-8.562,9.17,-12.289,17.792,4.447,1.66,-4.641,2.172,2.675,-3.804,-0.64,1.184,-0.026,-2.175,-0.516,-0.665,-0.621,0.501,-1.429,-0.826,0.614,-0.502,-0.157,-0.77,0.044,0.176,0.088,0.019,-0.112,-0.02,-0.029,-0.006,0.01,-0.0,0.63,0.54,0.0,0.59,0.0,0.0,0.0,0.0,0.0,0.0,0.0,0.0,0.0,0.0,0.0,0.0,0.0,1.0,1.0,0.0,1.0,0.0,0.0,0.0,0.0,0.0,0.0,0.0,0.0,0.0,0.0,0.0,0.0,1.0,0.0
PP133,g1,432,0,0.975,0.195036,0.13216,-0.971851,0.040095,0.133337,-0.990259,0.119,0.134,240.1,241.3,244.5,247.7,249.1,248.1,244.7,241.5,235.9,237.8,240.6,244.1,247.6,250.2,252.1,250.0,247.1,243.9,240.8,238.0,243.3,244.7,246.0,246.6,245.9,244.6,243.2,242.6,277.9,278.8,281.6,284.6,286.1,285.2,282.4,279.2,275.0,276.9,279.5,282.8,285.7,287.8,289.1,287.9,286.0,283.4,280.4,277.3,280.7,282.0,283.2,283.6,282.9,281.6,280.4,280.0,156.6,153.3,151.9,153.1,156.3,159.8,161.0,159.8,158.2,156.4,155.1,154.4,155.0,156.3,158.3,159.5,160.0,160.2,160.1,159.5,158.0,158.5,157.9,156.5,155.1,154.6,155.2,156.6,155.5,152.4,151.0,152.1,155.2,158.3,159.7,158.8,157.7,155.6,154.0,153.3,153.7,154.9,156.6,157.9,158.6,159.0,158.9,158.7,156.8,157.3,156.7,155.4,154.0,153.5,154.1,155.5,-13.0,-11.4,-7.3,-3.1,-1.2,-2.5,-7.0,-11.2,-18.8,-16.1,-12.3,-7.8,-3.2,0.3,2.8,0.0,-3.8,-8.0,-12.2,-15.9,-8.9,-7.1,-5.2,-4.5,-5.4,-7.2,-9.0,-9.7,38.0,39.3,43.2,47.4,49.4,48.1,44.2,39.7,34.0,36.5,40.1,44.6,48.9,52.1,54.1,52.2,49.2,45.5,41.3,37.2,41.9,43.7,45.4,46.0,45.1,43.3,41.6,41.0,-40.8,-45.1,-47.0,-45.4,-41.1,-36.5,-34.9,-36.6,-38.9,-41.2,-42.7,-43.5,-42.8,-41.1,-38.6,-37.0,-36.2,-35.8,-36.1,-37.0,-39.0,-38.2,-39.1,-41.0,-42.8,-43.5,-42.7,-40.8,-43.6,-47.9,-50.0,-48.5,-44.3,-40.0,-37.9,-39.1,-40.6,-43.4,-45.5,-46.6,-46.2,-45.0,-42.8,-40.7,-39.5,-38.9,-38.9,-39.2,-41.9,-41.2,-42.1,-44.0,-45.8,-46.5,-45.6,-43.7,515.3,515.9,516.1,515.8,515.3,515.0,514.5,514.8,519.4,516.9,514.6,513.5,514.1,515.5,517.1,515.4,513.8,513.5,514.6,516.8,515.9,515.8,515.9,516.1,516.3,516.5,516.4,516.1,531.5,532.7,534.3,535.4,535.4,534.2,532.6,531.6,531.9,531.2,531.1,532.0,534.6,537.9,541.1,537.7,534.4,532.0,531.0,531.2,533.4,533.9,534.6,535.1,535.1,534.6,533.9,533.4,23.3,-11.0,649.2,0.104,-0.166,-0.017,216.3,217.1,219.1,222.1,227.3,235.0,244.1,254.5,265.0,273.7,280.1,285.8,290.6,294.0,296.2,297.5,297.7,226.1,232.4,241.0,249.7,257.6,273.1,279.7,286.1,292.4,296.4,265.9,267.1,268.3,269.6,258.4,263.0,267.7,271.7,275.2,235.7,240.9,247.1,252.3,247.1,240.9,274.9,279.8,285.3,289.2,285.9,280.5,249.7,257.2,263.5,267.3,271.1,275.7,279.6,275.9,271.5,267.3,263.2,256.9,252.7,263.3,267.1,271.0,277.4,271.0,267.1,263.2,159.9,171.8,183.6,194.9,205.3,214.1,221.0,225.8,226.7,224.6,218.7,211.1,202.0,191.7,180.9,169.8,158.6,150.2,144.8,143.1,143.9,146.5,145.9,143.0,141.9,142.9,147.5,155.4,162.8,170.1,177.7,184.0,185.3,186.3,185.0,183.4,158.2,155.0,154.9,158.4,159.9,160.2,157.7,153.8,153.8,156.6,158.8,158.9,200.5,197.2,195.3,196.3,195.1,196.8,199.3,204.1,206.1,206.7,206.5,204.9,200.5,199.2,199.4,198.8,199.7,200.3,201.0,200.8,-59.0,-57.7,-54.4,-49.1,-39.9,-26.2,-10.2,7.7,25.5,40.9,53.0,64.3,73.6,79.9,83.6,86.1,86.6,-39.9,-29.1,-14.7,-0.5,12.4,38.0,49.4,60.9,72.4,80.4,26.0,27.6,29.3,31.0,13.7,21.1,28.6,35.4,41.3,-23.7,-15.0,-4.8,3.7,-4.9,-15.0,41.9,50.3,60.0,67.3,61.1,51.4,-0.5,11.8,22.0,28.1,34.5,42.7,50.0,43.1,35.2,28.3,21.5,11.4,4.5,21.7,28.0,34.5,46.1,34.5,27.9,21.5,-48.3,-27.5,-6.8,13.1,31.3,46.4,57.8,65.2,66.6,64.0,55.1,42.4,26.3,7.7,-12.0,-32.1,-52.4,-62.2,-70.5,-72.9,-71.1,-66.7,-68.4,-74.0,-77.0,-76.2,-69.3,-52.6,-40.0,-27.8,-15.5,-5.7,-3.6,-1.9,-4.1,-6.7,-48.8,-53.8,-54.0,-48.3,-45.7,-45.1,-50.1,-56.9,-57.3,-53.0,-48.8,-48.2,21.6,15.9,12.7,14.3,12.4,15.4,20.0,27.5,30.5,31.3,31.0,28.4,21.6,19.1,19.4,18.6,20.4,21.1,22.0,21.6,683.0,684.9,687.5,688.5,686.3,681.7,674.3,665.3,664.5,673.8,689.2,702.0,708.0,708.4,707.9,707.6,708.7,651.6,646.0,641.5,637.5,635.2,642.0,649.8,658.6,667.7,676.9,639.6,632.6,625.2,618.3,634.0,632.5,631.8,635.3,639.5,649.9,647.2,647.5,648.3,647.0,646.7,657.2,660.1,663.8,669.7,663.5,659.7,649.3,639.1,635.5,636.5,638.8,647.4,660.5,648.3,640.8,638.1,637.2,640.5,647.0,638.0,638.6,641.4,656.5,641.3,638.4,638.0,0.595,0.102,-0.214,-0.012,263.955,180.806,-7.763,9.489,-12.064,17.616,4.245,1.669,-4.32,3.094,2.728,-3.716,-0.813,1.239,-0.018,-1.893,-0.565,-0.868,-0.757,0.617,-1.561,-0.811,0.479,-0.411,-0.031,-0.75,0.076,0.191,0.074,0.036,-0.108,-0.02,-0.036,-0.007,0.008,-0.001,0.67,0.53,0.0,0.67,0.0,0.0,0.0,0.0,0.0,0.37,0.0,0.0,0.0,0.0,0.0,0.0,0.0,1.0,1.0,0.0,1.0,0.0,0.0,0.0,0.0,0.0,0.0,0.0,0.0,0.0,0.0,0.0,0.0,1.0,0.0
PP133,g1,438,0,0.975,0.185032,0.124701,-0.974789,0.040894,0.125786,-0.991214,0.114,0.127,240.6,241.8,244.9,248.1,249.6,248.6,245.3,242.0,236.4,238.3,241.1,244.5,248.0,250.7,252.6,250.6,247.6,244.4,241.3,238.5,243.8,245.2,246.5,247.1,246.4,245.0,243.7,243.2,278.4,279.3,282.1,285.1,286.5,285.6,282.9,279.6,275.4,277.3,280.0,283.3,286.2,288.3,289.6,288.4,286.5,283.9,280.9,277.8,281.1,282.4,283.7,284.1,283.4,282.1,280.9,280.5,156.7,153.4,152.0,153.2,156.3,159.9,161.1,159.9,158.4,156.5,155.2,154.5,155.0,156.3,158.3,159.5,160.1,160.4,160.3,159.7,158.1,158.6,158.0,156.5,155.2,154.6,155.3,156.7,155.4,152.3,150.9,152.1,155.1,158.3,159.7,158.7,157.6,155.5,153.9,153.2,153.7,154.8,156.6,157.9,158.6,158.9,158.9,158.6,156.8,157.3,156.7,155.3,154.0,153.5,154.1,155.5,-12.3,-10.8,-6.7,-2.4,-0.6,-1.8,-6.2,-10.5,-18.0,-15.4,-11.7,-7.2,-2.6,1.0,3.5,0.7,-3.1,-7.3,-11.5,-15.2,-8.2,-6.3,-4.5,-3.9,-4.7,-6.5,-8.3,-9.0,38.4,39.7,43.6,47.8,49.8,48.4,44.5,40.1,34.4,36.9,40.5,45.0,49.2,52.4,54.5,52.6,49.6,45.9,41.7,37.5,42.2,44.1,45.8,46.4,45.5,43.7,42.0,41.4,-40.5,-44.8,-46.8,-45.2,-40.9,-36.3,-34.7,-36.3,-38.6,-40.9,-42.4,-43.2,-42.7,-41.0,-38.5,-36.8,-36.0,-35.5,-35.8,-36.7,-38.7,-38.0,-38.9,-40.8,-42.6,-43.3,-42.5,-40.6,-43.4,-47.7,-49.8,-48.3,-44.1,-39.8,-37.7,-38.9,-40.4,-43.2,-45.4,-46.5,-46.0,-44.8,-42.5,-40.5,-39.3,-38.7,-38.7,-39.0,-41.7,-41.0,-41.9,-43.8,-45.6,-46.3,-45.4,-43.5,513.7,514.2,514.3,514.0,513.4,513.2,512.8,513.2,518.0,515.4,513.0,511.8,512.3,513.6,515.2,513.6,512.1,511.8,513.0,515.3,514.2,514.1,514.1,514.3,514.6,514.7,514.7,514.5,528.3,529.5,531.1,532.3,532.2,531.0,529.4,528.4,528.6,528.0,527.8,528.8,531.4,534.8,538.0,534.6,531.3,528.8,527.8,528.0,530.2,530.7,531.4,531.9,531.9,531.4,530.7,530.2,24.5,-10.3,644.1,0.09,-0.158,-0.029,216.8,217.8,220.0,223.2,228.6,236.3,245.5,256.0,266.6,275.4,281.7,287.2,291.8,294.9,296.9,298.2,298.2,226.6,232.8,241.4,250.0,257.9,273.6,280.1,286.5,292.7,296.7,266.4,267.6,268.9,270.3,259.3,263.9,268.5,272.6,276.0,236.3,241.4,247.6,252.8,247.6,241.4,275.3,280.2,285.8,289.7,286.4,280.9,251.2,258.4,264.6,268.3,272.0,276.6,280.4,276.9,272.6,268.5,264.4,258.3,254.1,264.4,268.2,272.0,278.2,272.0,268.2,264.4,160.2,172.4,184.4,195.9,206.5,215.4,222.5,227.2,227.9,225.8,219.6,211.7,202.4,191.9,181.0,169.8,158.6,150.5,144.9,143.0,143.8,146.4,145.8,142.9,141.8,142.9,147.5,155.2,162.7,170.1,177.7,184.3,185.5,186.5,185.2,183.5,158.3,155.1,154.9,158.4,160.0,160.4,157.7,153.7,153.7,156.5,158.8,158.9,201.4,197.8,195.8,196.7,195.5,197.3,200.0,204.6,206.6,207.2,207.1,205.6,201.3,199.7,199.9,199.3,200.3,200.8,201.5,201.3,-57.7,-56.2,-52.6,-47.0,-37.4,-23.7,-7.7,10.1,28.0,43.5,55.6,66.5,75.1,80.8,84.2,86.4,86.7,-38.9,-28.3,-14.1,0.0,12.8,38.5,49.7,61.2,72.6,80.4,26.6,28.3,30.1,31.8,14.9,22.3,29.7,36.4,42.2,-22.6,-14.1,-4.0,4.6,-4.0,-14.1,42.4,50.8,60.5,67.7,61.5,51.9,1.9,13.7,23.5,29.5,35.7,43.7,50.9,44.3,36.7,29.9,23.3,13.5,6.8,23.3,29.5,35.8,47.0,35.8,29.5,23.3,-47.6,-26.4,-5.4,14.8,33.2,48.4,59.9,67.1,68.3,65.5,56.3,43.2,26.7,7.9,-11.7,-31.7,-51.8,-61.4,-70.0,-72.6,-70.8,-66.4,-68.2,-73.7,-76.6,-75.8,-68.8,-52.5,-39.9,-27.7,-15.3,-5.2,-3.2,-1.6,-3.7,-6.5,-48.2,-53.4,-53.6,-47.9,-45.2,-44.6,-49.9,-56.7,-57.1,-52.7,-48.5,-48.0,22.9,16.8,13.3,14.9,12.9,16.0,20.9,28.2,31.1,31.9,31.7,29.4,22.7,19.8,20.1,19.2,21.3,21.6,22.6,22.3,679.4,681.6,684.3,685.0,682.3,677.2,669.4,660.1,659.3,668.8,684.3,697.1,702.7,702.6,701.7,701.0,701.9,647.5,642.0,637.4,633.4,631.2,638.0,645.8,654.5,663.4,672.5,635.5,628.1,620.4,613.2,629.2,627.6,626.8,630.3,634.6,645.6,643.0,643.3,644.0,642.8,642.5,653.0,655.9,659.7,665.4,659.2,655.5,643.7,633.5,630.2,631.2,633.6,641.9,654.6,642.5,635.3,632.5,631.6,634.6,641.4,632.7,633.4,636.2,650.5,635.9,633.0,632.5,0.6,0.09,-0.207,-0.024,264.793,181.17,-8.254,13.345,-13.881,21.142,1.739,1.608,-4.049,3.531,3.1,-5.008,-1.046,0.788,-0.391,-2.211,-0.06,-1.269,-0.758,0.541,-1.432,-0.763,0.402,-0.176,-0.244,-0.861,0.043,0.353,0.074,0.029,-0.121,-0.037,-0.046,-0.026,0.007,0.003,0.73,0.5,0.0,0.97,0.0,0.0,0.0,0.0,0.0,0.12,0.0,0.0,0.0,0.0,0.0,0.12,0.0,1.0,1.0,0.0,1.0,0.0,0.0,0.0,0.0,0.0,0.0,0.0,0.0,0.0,0.0,0.0,1.0,1.0,0.0
PP133,g1,444,0,0.975,0.1948,0.13796,-0.971092,0.040043,0.138368,-0.989571,0.119,0.14,240.9,242.1,245.3,248.5,249.9,248.9,245.5,242.3,236.6,238.6,241.4,244.9,248.4,251.0,252.9,250.8,247.9,244.7,241.5,238.7,244.0,245.4,246.8,247.4,246.7,245.3,244.0,243.4,278.8,279.7,282.4,285.4,286.9,286.0,283.2,280.0,275.8,277.7,280.3,283.6,286.6,288.7,289.9,288.8,286.8,284.3,281.2,278.1,281.5,282.8,284.0,284.4,283.8,282.5,281.3,280.9,156.8,153.6,152.1,153.4,156.6,160.1,161.3,160.0,158.4,156.6,155.3,154.7,155.2,156.6,158.6,159.8,160.3,160.5,160.4,159.7,158.3,158.8,158.2,156.8,155.4,154.8,155.4,156.9,155.8,152.7,151.3,152.5,155.5,158.7,160.1,159.2,158.1,155.9,154.3,153.6,154.1,155.2,157.0,158.3,159.0,159.4,159.3,159.0,157.2,157.7,157.1,155.7,154.4,153.9,154.5,155.9,-12.0,-10.3,-6.2,-2.0,-0.2,-1.5,-5.9,-10.1,-17.7,-15.0,-11.3,-6.7,-2.1,1.4,3.8,1.1,-2.8,-7.0,-11.1,-14.9,-7.8,-6.0,-4.2,-3.5,-4.3,-6.1,-7.9,-8.6,38.9,40.3,44.2,48.4,50.4,49.0,45.1,40.6,34.9,37.5,41.0,45.6,49.8,53.0,55.1,53.1,50.1,46.4,42.2,38.1,42.8,44.6,46.3,46.9,46.1,44.2,42.5,41.9,-40.3,-44.6,-46.5,-44.8,-40.6,-35.9,-34.4,-36.0,-38.5,-40.7,-42.2,-42.9,-42.3,-40.6,-38.0,-36.4,-35.7,-35.3,-35.6,-36.5,-38.4,-37.7,-38.5,-40.4,-42.3,-43.0,-42.2,-40.3,-42.9,-47.2,-49.3,-47.8,-43.6,-39.2,-37.2,-38.4,-39.9,-42.7,-44.9,-46.0,-45.5,-44.3,-42.0,-40.0,-38.7,-38.1,-38.1,-38.5,-41.2,-40.5,-41.4,-43.3,-45.1,-45.8,-44.9,-43.0,512.8,513.3,513.5,513.3,512.7,512.4,512.0,512.2,516.9,514.3,512.0,510.9,511.5,512.9,514.6,512.9,511.3,510.9,512.0,514.3,513.3,513.2,513.3,513.6,513.8,513.9,513.8,513.6,529.0,530.2,531.8,532.9,532.9,531.7,530.1,529.1,529.4,528.7,528.5,529.5,532.0,535.4,538.6,535.3,532.0,529.6,528.5,528.7,530.9,531.4,532.1,532.6,532.6,532.1,531.4,530.9,24.3,-10.3,647.7,0.113,-0.166,-0.012,216.9,217.7,219.6,222.6,227.7,235.3,244.4,254.8,265.4,274.1,280.5,286.2,291.1,294.6,296.8,298.2,298.5,226.8,233.2,241.8,250.5,258.5,274.0,280.6,287.1,293.3,297.3,266.7,267.9,269.1,270.3,259.1,263.7,268.3,272.4,275.9,236.5,241.7,247.9,253.1,247.9,241.7,275.7,280.6,286.2,290.1,286.8,281.3,250.3,257.9,264.2,267.9,271.7,276.2,280.0,276.4,272.0,267.9,263.8,257.5,253.3,263.9,267.7,271.5,277.9,271.5,267.7,263.8,159.7,171.7,183.6,194.9,205.4,214.2,221.2,226.1,227.0,224.9,219.0,211.3,202.2,191.9,181.0,169.9,158.7,150.4,145.0,143.3,144.2,146.8,146.2,143.4,142.2,143.3,148.0,155.7,163.2,170.6,178.2,184.4,185.8,186.8,185.5,183.9,158.4,155.2,155.1,158.7,160.2,160.5,158.1,154.1,154.1,156.9,159.2,159.3,201.0,197.8,195.9,196.9,195.7,197.5,199.9,204.6,206.6,207.1,206.9,205.3,201.1,199.8,200.0,199.5,200.3,200.8,201.4,201.2,-57.7,-56.5,-53.3,-48.2,-39.1,-25.6,-9.6,8.2,26.1,41.5,53.7,64.9,74.4,80.7,84.6,87.2,87.8,-38.6,-27.8,-13.4,0.9,13.8,39.4,50.8,62.3,73.9,81.8,27.3,28.9,30.5,32.1,14.7,22.1,29.6,36.4,42.3,-22.4,-13.7,-3.4,5.1,-3.5,-13.8,43.1,51.6,61.3,68.5,62.3,52.7,0.6,12.8,23.0,29.0,35.3,43.4,50.7,43.7,35.9,29.1,22.4,12.3,5.5,22.6,28.8,35.2,46.8,35.2,28.8,22.5,-48.5,-27.6,-6.9,13.1,31.4,46.6,58.1,65.6,67.0,64.5,55.4,42.7,26.6,8.0,-11.7,-31.8,-52.1,-61.6,-70.0,-72.3,-70.5,-66.0,-67.7,-73.2,-76.1,-75.3,-68.4,-51.8,-39.2,-27.0,-14.6,-4.9,-2.8,-1.1,-3.2,-5.8,-48.3,-53.3,-53.5,-47.6,-45.0,-44.5,-49.3,-56.2,-56.6,-52.3,-47.9,-47.4,22.4,16.9,13.7,15.3,13.4,16.5,21.0,28.3,31.2,32.0,31.6,29.1,22.4,20.0,20.4,19.6,21.4,21.8,22.7,22.3,680.9,683.0,685.8,686.9,684.8,680.5,673.3,664.4,663.5,672.8,688.1,700.9,706.8,707.2,706.6,706.2,707.1,649.5,643.8,639.2,635.3,633.0,640.0,647.8,656.6,665.8,675.2,637.6,630.7,623.4,616.5,632.3,630.9,630.3,633.7,638.0,647.8,645.1,645.4,646.3,645.0,644.6,655.3,658.1,661.9,667.9,661.6,657.8,647.8,637.7,634.1,635.1,637.4,646.0,659.1,646.8,639.3,636.7,635.8,639.1,645.5,636.6,637.3,640.0,655.0,639.7,636.9,636.5,0.597,0.112,-0.217,-0.006,264.609,181.166,-7.076,9.523,-12.889,18.178,4.569,1.621,-4.603,2.369,2.871,-3.559,-1.032,1.552,0.103,-1.985,-0.614,-0.614,-0.622,0.555,-1.559,-0.744,0.503,-0.493,-0.086,-0.791,0.024,0.137,0.077,0.036,-0.114,-0.018,-0.023,-0.004,0.007,0.002,0.75,0.45,0.0,0.21,0.0,0.0,0.19,0.0,0.0,0.26,0.0,0.0,0.0,0.0,0.0,0.03,0.0,1.0,1.0,0.0,0.0,0.0,0.0,0.0,0.0,0.0,0.0,0.0,0.0,0.0,0.0,0.0,0.0,1.0,0.0
PP133,g1,450,0,0.975,0.194732,0.139004,-0.970957,0.038314,0.139455,-0.989487,0.118,0.141,241.0,242.2,245.4,248.6,250.0,249.0,245.6,242.4,236.7,238.7,241.5,245.0,248.5,251.1,253.0,250.9,248.0,244.8,241.6,238.8,244.1,245.5,246.9,247.5,246.9,245.5,244.1,243.5,278.9,279.8,282.6,285.6,287.0,286.1,283.3,280.1,275.9,277.8,280.4,283.7,286.7,288.8,290.1,288.9,286.9,284.4,281.3,278.3,281.6,282.9,284.1,284.5,283.9,282.6,281.4,281.0,156.8,153.5,152.1,153.4,156.6,160.1,161.3,160.0,158.4,156.6,155.3,154.7,155.2,156.6,158.6,159.8,160.3,160.5,160.3,159.7,158.2,158.8,158.2,156.7,155.3,154.8,155.4,156.8,155.9,152.7,151.3,152.5,155.6,158.7,160.1,159.2,158.1,155.9,154.4,153.6,154.1,155.2,157.0,158.3,159.1,159.4,159.3,159.1,157.2,157.7,157.1,155.8,154.4,153.9,154.5,155.9,-11.8,-10.2,-6.1,-1.8,-0.0,-1.4,-5.8,-10.0,-17.6,-14.9,-11.1,-6.5,-2.0,1.5,3.9,1.2,-2.6,-6.9,-11.0,-14.8,-7.7,-5.9,-4.1,-3.3,-4.1,-6.0,-7.8,-8.5,39.2,40.5,44.4,48.6,50.6,49.2,45.3,40.8,35.1,37.7,41.2,45.8,50.0,53.2,55.3,53.4,50.4,46.6,42.5,38.3,43.0,44.8,46.6,47.2,46.3,44.4,42.7,42.1,-40.3,-44.7,-46.5,-44.8,-40.6,-36.0,-34.4,-36.1,-38.5,-40.8,-42.2,-43.0,-42.3,-40.6,-38.0,-36.4,-35.7,-35.3,-35.6,-36.6,-38.5,-37.7,-38.6,-40.5,-42.3,-43.0,-42.2,-40.3,-42.9,-47.3,-49.3,-47.8,-43.6,-39.3,-37.3,-38.4,-39.9,-42.8,-44.9,-46.0,-45.6,-44.3,-42.1,-40.0,-38.8,-38.2,-38.2,-38.6,-41.2,-40.5,-41.4,-43.3,-45.2,-45.8,-44.9,-43.0,513.1,513.6,513.8,513.5,513.0,512.7,512.3,512.5,517.1,514.6,512.3,511.2,511.8,513.2,514.8,513.2,511.6,511.2,512.3,514.5,513.6,513.5,513.6,513.8,514.1,514.2,514.1,513.8,529.7,530.9,532.5,533.6,533.6,532.5,530.9,529.8,530.1,529.4,529.2,530.2,532.7,536.1,539.3,536.0,532.7,530.3,529.2,529.4,531.6,532.1,532.8,533.3,533.3,532.8,532.1,531.6,24.6,-10.5,649.0,0.115,-0.166,-0.011,217.1,217.8,219.7,222.7,227.8,235.4,244.6,255.0,265.5,274.2,280.6,286.4,291.3,294.8,296.9,298.4,298.6,227.0,233.3,241.9,250.6,258.5,274.2,280.8,287.2,293.4,297.4,266.9,268.0,269.2,270.4,259.2,263.8,268.4,272.5,276.0,236.6,241.8,248.0,253.2,248.0,241.8,275.8,280.7,286.3,290.2,286.9,281.4,250.4,257.9,264.3,268.0,271.8,276.4,280.2,276.6,272.1,268.0,263.9,257.6,253.4,264.0,267.8,271.7,278.1,271.7,267.8,263.9,159.7,171.6,183.4,194.7,205.1,213.9,220.9,225.7,226.6,224.6,218.7,211.0,202.1,191.8,181.1,170.0,158.9,150.2,145.0,143.3,144.2,146.8,146.3,143.4,142.2,143.3,147.8,155.8,163.2,170.6,178.2,184.4,185.7,186.7,185.5,183.9,158.3,155.2,155.1,158.7,160.2,160.5,158.1,154.2,154.1,156.9,159.2,159.4,200.8,197.7,195.8,196.8,195.6,197.3,199.7,204.5,206.5,207.0,206.8,205.2,200.9,199.6,199.9,199.3,200.1,200.7,201.3,201.1,-57.5,-56.4,-53.2,-48.1,-39.0,-25.4,-9.4,8.5,26.4,41.8,54.0,65.4,74.8,81.2,85.0,87.6,88.2,-38.4,-27.5,-13.2,1.0,13.9,39.7,51.1,62.6,74.1,82.1,27.6,29.1,30.7,32.3,15.0,22.4,29.8,36.6,42.5,-22.3,-13.5,-3.3,5.2,-3.4,-13.6,43.4,51.9,61.6,68.9,62.6,52.9,0.7,13.0,23.2,29.3,35.6,43.8,51.1,44.1,36.3,29.4,22.6,12.5,5.6,22.8,29.1,35.6,47.2,35.6,29.1,22.7,-48.6,-27.8,-7.2,12.7,31.0,46.1,57.6,65.1,66.6,64.0,55.0,42.3,26.4,7.9,-11.7,-31.7,-51.9,-62.0,-70.2,-72.5,-70.5,-66.0,-67.7,-73.2,-76.2,-75.4,-68.7,-51.8,-39.3,-27.1,-14.8,-5.0,-2.9,-1.2,-3.3,-5.9,-48.4,-53.4,-53.6,-47.7,-45.1,-44.6,-49.4,-56.3,-56.6,-52.3,-48.0,-47.5,22.1,16.6,13.4,15.1,13.2,16.2,20.7,28.1,31.1,31.9,31.6,29.0,22.1,19.8,20.2,19.4,21.2,21.6,22.6,22.2,682.2,684.3,687.1,688.3,686.3,681.8,674.5,665.6,664.7,674.1,689.5,702.4,708.2,708.5,707.8,707.4,708.3,650.5,644.9,640.3,636.3,634.1,641.1,648.9,657.7,666.8,676.1,638.7,631.9,624.6,617.8,633.6,632.3,631.6,635.0,639.2,649.0,646.2,646.6,647.5,646.2,645.8,656.5,659.3,663.2,669.1,662.9,659.1,649.1,638.9,635.3,636.3,638.6,647.2,660.4,648.3,640.7,638.0,637.2,640.4,646.8,637.9,638.6,641.3,656.4,641.1,638.3,637.8,0.596,0.114,-0.216,-0.006,264.73,181.071,-6.801,9.491,-12.791,17.227,4.671,1.283,-4.743,3.408,2.819,-3.294,-0.785,1.404,0.168,-1.979,-0.671,-0.634,-0.588,0.569,-1.621,-0.917,0.477,-0.536,-0.117,-0.683,0.077,0.151,0.072,0.03,-0.107,-0.017,-0.026,-0.004,0.004,0.001,0.71,0.55,0.0,0.47,0.0,0.0,0.12,0.0,0.0,0.0,0.0,0.0,0.0,0.0,0.0,0.0,0.0,1.0,1.0,0.0,0.0,0.0,0.0,0.0,0.0,0.0,0.0,0.0,0.0,0.0,0.0,0.0,0.0,1.0,0.0
PP133,g1,456,0,0.975,0.185445,0.127259,-0.974379,0.040425,0.127779,-0.990978,0.114,0.129,241.2,242.5,245.6,248.8,250.2,249.2,245.9,242.7,237.1,239.0,241.7,245.2,248.7,251.4,253.3,251.2,248.2,245.0,241.9,239.1,244.4,245.8,247.2,247.7,247.1,245.7,244.3,243.8,279.1,280.0,282.7,285.7,287.2,286.3,283.5,280.3,276.1,278.0,280.6,283.9,286.9,289.0,290.2,289.1,287.1,284.6,281.5,278.4,281.8,283.1,284.3,284.7,284.1,282.8,281.6,281.2,157.0,153.7,152.2,153.5,156.7,160.2,161.4,160.2,158.6,156.8,155.5,154.8,155.3,156.7,158.7,159.9,160.4,160.7,160.5,159.9,158.4,158.9,158.3,156.8,155.5,154.9,155.5,157.0,155.8,152.7,151.3,152.5,155.6,158.7,160.1,159.2,158.0,155.9,154.3,153.6,154.1,155.2,157.0,158.4,159.1,159.4,159.3,159.0,157.2,157.7,157.1,155.8,154.4,153.9,154.5,155.9,-11.5,-9.9,-5.8,-1.6,0.3,-1.0,-5.4,-9.6,-17.1,-14.5,-10.8,-6.3,-1.7,1.8,4.3,1.6,-2.3,-6.5,-10.6,-14.4,-7.3,-5.5,-3.7,-3.0,-3.8,-5.7,-7.5,-8.2,39.3,40.6,44.5,48.7,50.7,49.3,45.4,40.9,35.3,37.8,41.4,45.9,50.1,53.3,55.4,53.5,50.5,46.8,42.6,38.4,43.1,45.0,46.7,47.3,46.4,44.6,42.8,42.3,-40.1,-44.4,-46.4,-44.7,-40.5,-35.8,-34.2,-35.9,-38.2,-40.5,-42.0,-42.8,-42.2,-40.5,-38.0,-36.3,-35.5,-35.1,-35.4,-36.3,-38.3,-37.6,-38.4,-40.3,-42.2,-42.9,-42.0,-40.1,-42.8,-47.1,-49.2,-47.7,-43.5,-39.1,-37.1,-38.3,-39.8,-42.7,-44.8,-45.9,-45.4,-44.1,-41.9,-39.9,-38.7,-38.1,-38.1,-38.4,-41.1,-40.4,-41.3,-43.2,-45.0,-45.7,-44.8,-42.9,513.1,513.6,513.7,513.4,512.8,512.5,512.2,512.5,517.3,514.7,512.3,511.1,511.6,513.0,514.5,512.9,511.4,511.1,512.3,514.6,513.5,513.4,513.5,513.7,513.9,514.1,514.0,513.8,528.0,529.2,530.8,531.9,531.9,530.7,529.1,528.0,528.3,527.6,527.5,528.5,531.1,534.4,537.6,534.3,530.9,528.5,527.4,527.6,529.8,530.3,531.0,531.6,531.6,531.1,530.4,529.8,25.3,-9.6,644.2,0.095,-0.16,-0.021,217.5,218.4,220.5,223.6,228.9,236.5,245.6,256.0,266.6,275.4,281.8,287.3,291.9,295.2,297.3,298.7,298.8,227.2,233.4,242.1,250.8,258.7,274.3,280.8,287.3,293.5,297.4,267.1,268.3,269.6,270.9,259.8,264.4,269.0,273.1,276.5,236.9,242.1,248.2,253.4,248.2,242.0,276.0,280.9,286.5,290.4,287.1,281.6,251.5,258.8,264.9,268.7,272.4,277.0,280.8,277.3,272.9,268.8,264.7,258.6,254.5,264.7,268.5,272.3,278.6,272.4,268.5,264.7,160.2,172.4,184.4,195.9,206.5,215.5,222.6,227.5,228.3,226.2,220.1,212.2,202.9,192.5,181.5,170.3,159.0,150.7,145.2,143.4,144.2,146.8,146.2,143.4,142.2,143.3,148.0,155.7,163.2,170.6,178.3,184.7,186.0,187.0,185.7,184.0,158.6,155.3,155.2,158.8,160.3,160.7,158.1,154.2,154.1,157.0,159.2,159.3,201.7,198.3,196.3,197.3,196.0,197.8,200.5,205.2,207.2,207.7,207.6,206.0,201.7,200.2,200.4,199.8,200.8,201.3,202.0,201.8,-56.5,-55.2,-51.6,-46.2,-36.9,-23.4,-7.6,10.2,28.1,43.5,55.6,66.6,75.5,81.4,85.0,87.4,87.8,-37.8,-27.2,-12.9,1.2,14.0,39.7,51.0,62.4,73.9,81.7,27.7,29.4,31.1,32.8,15.7,23.1,30.5,37.2,43.1,-21.6,-13.1,-2.9,5.7,-2.9,-13.1,43.5,51.9,61.6,68.8,62.6,53.0,2.4,14.2,24.1,30.2,36.4,44.4,51.6,44.9,37.2,30.4,23.8,13.9,7.3,23.8,30.0,36.4,47.6,36.4,30.0,23.7,-47.3,-26.3,-5.4,14.7,33.2,48.5,60.1,67.6,68.9,66.3,57.2,44.1,27.8,8.9,-10.8,-30.9,-51.2,-60.9,-69.5,-72.0,-70.1,-65.7,-67.4,-72.9,-75.8,-75.0,-68.0,-51.8,-39.1,-26.9,-14.5,-4.6,-2.5,-0.8,-2.9,-5.6,-47.8,-52.9,-53.1,-47.4,-44.7,-44.1,-49.1,-56.0,-56.3,-52.0,-47.7,-47.2,23.4,17.5,14.1,15.8,13.8,16.9,21.8,29.1,32.0,32.8,32.5,30.0,23.3,20.5,20.8,20.1,22.2,22.5,23.5,23.1,678.6,680.8,683.5,684.3,681.8,677.0,669.5,660.4,659.4,668.9,684.3,697.1,702.9,702.9,702.1,701.4,702.3,647.1,641.5,636.9,633.0,630.8,637.7,645.4,654.2,663.2,672.4,635.1,627.8,620.2,613.1,629.1,627.5,626.8,630.2,634.6,645.2,642.6,642.9,643.7,642.5,642.1,652.7,655.6,659.4,665.2,659.0,655.2,643.9,633.6,630.4,631.4,633.7,642.1,654.8,642.8,635.6,632.8,632.0,634.9,641.5,632.8,633.5,636.3,650.7,636.2,633.3,632.8,0.6,0.096,-0.211,-0.017,265.262,181.575,-8.686,12.012,-13.466,21.31,2.316,1.78,-4.023,3.282,3.511,-4.745,-1.026,0.939,-0.234,-2.081,-0.134,-1.183,-0.661,0.612,-1.649,-0.787,0.257,-0.161,-0.17,-0.866,0.104,0.28,0.08,0.05,-0.116,-0.027,-0.048,-0.021,0.009,0.003,0.56,0.34,0.0,0.53,0.0,0.0,0.0,0.0,0.0,0.0,0.06,0.0,0.0,0.0,0.0,0.0,0.0,0.0,1.0,0.0,1.0,0.0,0.0,0.0,0.0,0.0,0.0,0.0,0.0,0.0,0.0,0.0,0.0,1.0,0.0
PP133,g1,462,0,0.975,0.186506,0.124897,-0.974482,0.041034,0.125463,-0.991249,0.115,0.127,241.4,242.6,245.7,249.0,250.4,249.4,246.0,242.8,237.2,239.1,241.9,245.3,248.8,251.5,253.4,251.3,248.4,245.2,242.0,239.3,244.6,246.0,247.3,247.9,247.2,245.8,244.5,243.9,279.2,280.1,282.8,285.8,287.3,286.4,283.6,280.4,276.2,278.1,280.7,284.0,287.0,289.1,290.3,289.2,287.2,284.7,281.7,278.6,281.9,283.2,284.4,284.8,284.2,282.9,281.7,281.3,157.1,153.8,152.3,153.6,156.7,160.3,161.5,160.2,158.7,156.8,155.5,154.8,155.3,156.7,158.7,159.9,160.4,160.7,160.6,160.0,158.5,159.0,158.4,156.9,155.5,155.0,155.6,157.1,155.9,152.8,151.4,152.5,155.6,158.7,160.1,159.2,158.1,156.0,154.4,153.6,154.1,155.3,157.1,158.4,159.1,159.4,159.3,159.1,157.3,157.8,157.2,155.8,154.5,154.0,154.6,155.9,-11.3,-9.7,-5.6,-1.4,0.5,-0.8,-5.2,-9.4,-16.9,-14.4,-10.6,-6.1,-1.5,2.0,4.5,1.8,-2.1,-6.3,-10.4,-14.2,-7.2,-5.3,-3.5,-2.8,-3.6,-5.5,-7.3,-8.0,39.5,40.8,44.7,48.9,50.9,49.5,45.6,41.1,35.5,38.0,41.6,46.1,50.3,53.5,55.6,53.7,50.7,47.0,42.8,38.6,43.3,45.2,46.9,47.4,46.6,44.7,43.0,42.5,-40.0,-44.3,-46.3,-44.6,-40.4,-35.8,-34.2,-35.8,-38.1,-40.4,-41.9,-42.8,-42.1,-40.4,-37.9,-36.2,-35.4,-35.0,-35.3,-36.2,-38.2,-37.5,-38.3,-40.2,-42.1,-42.8,-41.9,-40.0,-42.8,-47.1,-49.1,-47.7,-43.5,-39.1,-37.1,-38.3,-39.8,-42.6,-44.8,-45.9,-45.4,-44.1,-41.9,-39.8,-38.6,-38.1,-38.1,-38.4,-41.1,-40.4,-41.3,-43.2,-45.0,-45.7,-44.8,-42.9,513.2,513.7,513.9,513.6,513.0,512.7,512.3,512.7,517.4,514.9,512.5,511.3,511.8,513.1,514.7,513.1,511.6,511.3,512.5,514.8,513.7,513.6,513.6,513.9,514.1,514.3,514.2,514.0,528.6,529.8,531.4,532.6,532.5,531.3,529.7,528.7,528.9,528.3,528.1,529.1,531.7,535.1,538.3,534.9,531.6,529.1,528.0,528.2,530.4,530.9,531.7,532.2,532.2,531.7,531.0,530.5,25.6,-9.7,645.1,0.094,-0.162,-0.024,217.6,218.5,220.6,223.8,229.1,236.7,245.8,256.3,267.0,275.8,282.1,287.6,292.2,295.4,297.4,298.8,298.9,227.4,233.6,242.2,250.8,258.7,274.5,281.0,287.4,293.6,297.5,267.2,268.4,269.8,271.1,260.0,264.6,269.2,273.3,276.7,237.1,242.2,248.4,253.6,248.4,242.2,276.1,281.0,286.6,290.5,287.2,281.7,251.7,259.1,265.2,269.0,272.7,277.3,281.0,277.6,273.2,269.1,265.0,258.9,254.7,265.0,268.8,272.7,278.9,272.7,268.9,265.0,160.4,172.5,184.5,196.0,206.5,215.4,222.5,227.3,228.1,226.0,219.9,212.1,202.8,192.4,181.5,170.3,159.2,150.8,145.3,143.4,144.3,146.9,146.3,143.5,142.3,143.4,148.1,155.7,163.2,170.6,178.2,184.7,185.9,187.0,185.6,184.0,158.7,155.4,155.3,158.8,160.4,160.8,158.2,154.2,154.2,157.0,159.2,159.4,201.7,198.2,196.2,197.1,195.9,197.7,200.4,205.0,207.0,207.6,207.5,205.9,201.6,200.1,200.2,199.7,200.7,201.2,201.9,201.7,-56.3,-55.0,-51.4,-46.0,-36.6,-23.0,-7.1,10.7,28.7,44.2,56.3,67.2,76.0,81.8,85.4,87.7,88.0,-37.5,-27.0,-12.8,1.4,14.1,40.0,51.3,62.7,74.1,81.9,28.0,29.7,31.4,33.2,16.1,23.5,30.9,37.6,43.5,-21.4,-12.8,-2.7,5.9,-2.7,-12.9,43.7,52.1,61.9,69.0,62.9,53.3,2.8,14.7,24.6,30.7,36.9,45.0,52.1,45.5,37.8,31.0,24.4,14.4,7.7,24.4,30.6,36.9,48.2,37.0,30.6,24.3,-47.2,-26.1,-5.2,14.8,33.3,48.4,60.0,67.4,68.7,66.0,56.9,43.9,27.6,8.8,-10.8,-30.9,-51.0,-60.9,-69.4,-71.9,-70.1,-65.7,-67.4,-72.9,-75.8,-75.0,-68.0,-51.7,-39.1,-26.9,-14.6,-4.6,-2.5,-0.9,-3.0,-5.7,-47.7,-52.8,-53.1,-47.3,-44.6,-44.0,-49.1,-56.0,-56.4,-52.0,-47.8,-47.2,23.4,17.4,14.0,15.6,13.6,16.7,21.6,28.9,31.8,32.6,32.4,29.9,23.3,20.4,20.7,19.9,22.0,22.4,23.4,23.0,679.5,681.7,684.4,685.2,682.7,677.8,670.2,661.1,660.2,669.7,685.3,698.2,704.0,704.0,703.0,702.4,703.3,647.8,642.2,637.7,633.8,631.7,638.7,646.5,655.3,664.3,673.5,636.0,628.8,621.1,614.0,630.0,628.4,627.7,631.1,635.4,646.0,643.4,643.8,644.6,643.3,642.9,653.8,656.7,660.5,666.3,660.1,656.3,644.6,634.3,631.1,632.1,634.5,642.9,655.8,643.6,636.3,633.5,632.6,635.6,642.3,633.6,634.2,637.1,651.7,636.9,634.0,633.5,0.599,0.094,-0.213,-0.019,265.471,181.549,-7.993,12.368,-13.439,20.697,2.119,1.518,-4.355,3.845,3.415,-4.684,-1.108,1.039,-0.159,-2.179,-0.006,-1.201,-0.585,0.447,-1.485,-0.861,0.342,-0.076,-0.29,-0.84,0.172,0.291,0.072,0.058,-0.118,-0.027,-0.042,-0.021,0.007,0.005,0.85,0.39,0.0,0.7,0.0,0.0,0.0,0.0,0.0,0.0,0.01,0.0,0.0,0.0,0.0,0.0,0.0,1.0,1.0,0.0,1.0,0.0,0.0,0.0,0.0,0.0,0.0,0.0,0.0,0.0,0.0,0.0,1.0,1.0,0.0
PP133,g1,468,0,0.975,0.19472,0.143024,-0.970375,0.037265,0.143496,-0.988949,0.118,0.145,241.2,242.5,245.6,248.9,250.2,249.2,245.8,242.6,236.9,238.9,241.8,245.2,248.7,251.4,253.2,251.2,248.2,245.0,241.8,239.0,244.4,245.8,247.1,247.7,247.1,245.7,244.3,243.8,279.2,280.1,282.9,285.9,287.4,286.4,283.7,280.4,276.2,278.1,280.8,284.1,287.0,289.1,290.4,289.2,287.3,284.7,281.7,278.6,281.9,283.3,284.5,284.9,284.2,282.9,281.7,281.3,156.9,153.6,152.2,153.5,156.7,160.2,161.4,160.1,158.5,156.6,155.4,154.8,155.3,156.7,158.8,159.9,160.4,160.6,160.4,159.8,158.3,158.9,158.3,156.9,155.5,154.9,155.5,156.9,156.0,152.9,151.5,152.7,155.7,158.9,160.3,159.4,158.2,156.1,154.5,153.8,154.3,155.4,157.2,158.5,159.2,159.6,159.5,159.2,157.4,157.9,157.3,155.9,154.6,154.1,154.7,156.1,-11.5,-9.9,-5.7,-1.5,0.3,-1.1,-5.5,-9.7,-17.2,-14.6,-10.8,-6.2,-1.7,1.8,4.3,1.5,-2.3,-6.6,-10.7,-14.4,-7.4,-5.6,-3.7,-3.0,-3.8,-5.6,-7.5,-8.2,39.5,40.8,44.7,48.9,50.9,49.5,45.6,41.1,35.5,38.0,41.6,46.1,50.4,53.6,55.6,53.7,50.7,47.0,42.8,38.6,43.4,45.2,46.9,47.5,46.6,44.8,43.1,42.5,-40.1,-44.4,-46.2,-44.5,-40.3,-35.7,-34.1,-35.8,-38.3,-40.5,-42.0,-42.7,-42.0,-40.3,-37.7,-36.1,-35.4,-35.0,-35.4,-36.4,-38.2,-37.5,-38.3,-40.2,-42.0,-42.8,-42.0,-40.1,-42.6,-46.9,-49.0,-47.5,-43.3,-38.9,-36.9,-38.1,-39.6,-42.4,-44.6,-45.7,-45.2,-44.0,-41.8,-39.7,-38.4,-37.8,-37.8,-38.2,-40.9,-40.2,-41.1,-43.0,-44.8,-45.5,-44.6,-42.7,511.3,511.8,512.0,511.8,511.3,511.0,510.5,510.8,515.4,512.8,510.5,509.4,510.0,511.5,513.1,511.4,509.8,509.5,510.6,512.8,511.9,511.8,511.8,512.1,512.3,512.4,512.3,512.1,528.4,529.5,531.1,532.2,532.2,531.1,529.5,528.5,528.8,528.0,527.9,528.8,531.4,534.7,537.9,534.6,531.3,528.9,527.9,528.1,530.2,530.7,531.4,531.9,531.9,531.4,530.7,530.2,24.9,-10.2,648.2,0.123,-0.166,-0.008,217.3,218.0,219.9,222.8,227.8,235.4,244.6,255.0,265.5,274.2,280.6,286.4,291.4,295.0,297.2,298.7,299.0,227.2,233.6,242.3,251.0,258.9,274.5,281.1,287.6,293.8,297.8,267.1,268.2,269.4,270.6,259.4,264.0,268.6,272.7,276.2,236.8,242.1,248.3,253.4,248.2,242.0,276.1,281.1,286.6,290.5,287.2,281.7,250.6,258.1,264.4,268.1,272.0,276.6,280.4,276.7,272.2,268.1,264.0,257.7,253.6,264.1,267.9,271.8,278.2,271.8,267.9,264.0,159.6,171.5,183.3,194.6,205.0,213.8,220.8,225.7,226.7,224.6,218.7,211.1,202.1,191.9,181.1,170.0,158.9,150.3,145.1,143.4,144.4,147.0,146.5,143.6,142.4,143.5,148.1,156.0,163.5,170.8,178.4,184.6,185.9,187.0,185.7,184.1,158.4,155.3,155.2,158.9,160.4,160.6,158.3,154.3,154.3,157.1,159.4,159.5,201.0,197.9,196.0,197.0,195.8,197.5,200.0,204.8,206.8,207.4,207.2,205.5,201.1,199.9,200.1,199.6,200.3,201.0,201.6,201.4,-57.0,-56.0,-52.9,-47.9,-38.9,-25.4,-9.4,8.5,26.4,41.8,54.0,65.4,75.0,81.5,85.5,88.1,88.8,-37.9,-27.0,-12.7,1.6,14.5,40.1,51.5,63.1,74.7,82.6,28.0,29.4,31.0,32.6,15.2,22.6,30.0,36.8,42.8,-21.9,-13.1,-2.9,5.6,-3.0,-13.3,43.9,52.3,62.1,69.3,63.1,53.4,0.9,13.2,23.4,29.5,35.9,44.0,51.3,44.3,36.4,29.5,22.8,12.6,5.9,23.0,29.3,35.8,47.3,35.8,29.3,22.8,-48.6,-27.9,-7.4,12.4,30.7,45.8,57.4,65.1,66.6,64.1,55.0,42.4,26.5,8.0,-11.6,-31.6,-51.9,-61.8,-69.9,-72.1,-70.1,-65.6,-67.2,-72.8,-75.7,-74.9,-68.1,-51.3,-38.8,-26.6,-14.3,-4.7,-2.6,-0.9,-2.9,-5.5,-48.2,-53.2,-53.3,-47.4,-44.8,-44.4,-49.0,-55.9,-56.3,-52.0,-47.6,-47.1,22.4,16.9,13.8,15.4,13.5,16.6,21.1,28.6,31.7,32.5,32.1,29.4,22.5,20.2,20.6,19.8,21.6,22.2,23.1,22.6,680.9,683.1,686.1,687.4,685.6,681.3,674.1,665.3,664.5,673.8,689.0,701.8,707.6,708.0,707.3,706.8,707.6,649.3,643.6,639.0,635.0,632.8,639.7,647.5,656.4,665.6,675.0,637.5,630.8,623.6,616.9,632.7,631.4,630.8,634.2,638.3,647.9,645.0,645.4,646.3,645.1,644.7,655.3,658.0,661.9,668.0,661.7,657.9,648.4,638.1,634.5,635.5,637.7,646.4,659.7,647.7,640.2,637.6,636.7,639.9,646.1,637.1,637.8,640.5,655.7,640.4,637.7,637.2,0.596,0.122,-0.217,-0.002,264.927,181.223,-6.371,8.871,-12.588,17.345,5.063,0.635,-4.484,3.266,3.018,-3.129,-0.628,1.287,0.355,-1.904,-0.844,-0.438,-0.566,0.406,-1.486,-0.896,0.464,-0.427,-0.173,-0.72,0.078,0.104,0.067,0.036,-0.103,-0.012,-0.029,-0.004,0.005,0.008,0.67,0.51,0.0,0.47,0.0,0.0,0.18,0.0,0.0,0.08,0.0,0.0,0.0,0.0,0.0,0.0,0.0,1.0,1.0,0.0,1.0,0.0,0.0,0.0,0.0,0.0,0.0,0.0,0.0,0.0,0.0,0.0,0.0,1.0,0.0
PP133,g1,474,0,0.975,0.192586,0.130835,-0.972519,0.038778,0.131588,-0.990546,0.117,0.133,240.9,242.1,245.3,248.5,249.9,248.9,245.5,242.3,236.6,238.6,241.4,244.9,248.4,251.0,252.9,250.8,247.9,244.6,241.5,238.7,244.0,245.4,246.8,247.4,246.7,245.3,244.0,243.4,278.8,279.7,282.5,285.5,287.0,286.0,283.3,280.0,275.8,277.7,280.4,283.7,286.6,288.7,290.0,288.8,286.9,284.3,281.3,278.2,281.5,282.9,284.1,284.5,283.8,282.5,281.3,280.9,156.8,153.5,152.1,153.3,156.5,160.1,161.2,160.0,158.4,156.5,155.3,154.6,155.1,156.6,158.6,159.7,160.2,160.5,160.3,159.7,158.2,158.8,158.1,156.7,155.3,154.7,155.4,156.8,155.8,152.7,151.3,152.5,155.5,158.7,160.1,159.1,158.0,155.9,154.3,153.6,154.1,155.2,157.0,158.3,159.1,159.4,159.3,159.0,157.2,157.7,157.1,155.7,154.4,153.9,154.5,155.9,-11.9,-10.3,-6.2,-2.0,-0.2,-1.5,-5.9,-10.1,-17.7,-15.0,-11.3,-6.7,-2.1,1.4,3.8,1.1,-2.8,-7.0,-11.1,-14.9,-7.8,-6.0,-4.2,-3.5,-4.3,-6.1,-7.9,-8.6,38.9,40.3,44.2,48.3,50.3,49.0,45.1,40.6,34.9,37.5,41.0,45.6,49.8,53.0,55.1,53.1,50.1,46.4,42.2,38.1,42.8,44.6,46.3,46.9,46.0,44.2,42.5,41.9,-40.2,-44.6,-46.5,-44.8,-40.5,-35.9,-34.3,-36.0,-38.4,-40.7,-42.1,-42.9,-42.3,-40.5,-38.0,-36.4,-35.6,-35.2,-35.5,-36.5,-38.4,-37.7,-38.5,-40.4,-42.2,-43.0,-42.2,-40.3,-42.8,-47.2,-49.2,-47.7,-43.5,-39.2,-37.2,-38.3,-39.9,-42.7,-44.8,-45.9,-45.4,-44.2,-41.9,-39.9,-38.7,-38.1,-38.1,-38.5,-41.1,-40.4,-41.3,-43.2,-45.0,-45.7,-44.8,-42.9,511.5,512.0,512.2,511.9,511.4,511.1,510.7,510.9,515.6,513.1,510.7,509.6,510.2,511.6,513.2,511.5,510.0,509.6,510.7,513.0,512.0,511.9,512.0,512.2,512.5,512.6,512.5,512.3,528.0,529.2,530.8,531.9,531.9,530.7,529.1,528.1,528.4,527.7,527.5,528.5,531.1,534.4,537.6,534.3,530.9,528.5,527.5,527.7,529.9,530.3,531.1,531.6,531.6,531.1,530.4,529.9,24.4,-10.2,647.7,0.104,-0.165,-0.012,217.1,217.9,219.9,222.9,228.0,235.6,244.6,255.0,265.5,274.2,280.5,286.2,291.1,294.6,296.8,298.3,298.6,226.8,233.2,241.8,250.5,258.4,274.1,280.6,287.1,293.3,297.4,266.7,267.9,269.1,270.3,259.2,263.8,268.4,272.4,275.9,236.5,241.7,247.9,253.1,247.9,241.6,275.8,280.7,286.2,290.2,286.9,281.3,250.5,258.0,264.2,267.9,271.8,276.4,280.1,276.5,272.1,268.0,263.9,257.6,253.5,263.9,267.8,271.6,278.0,271.6,267.8,263.9,159.9,172.0,183.8,195.1,205.6,214.4,221.4,226.3,227.2,225.2,219.3,211.7,202.6,192.3,181.4,170.3,159.1,150.3,144.9,143.2,144.1,146.7,146.1,143.3,142.2,143.3,147.9,155.6,163.1,170.4,178.1,184.4,185.7,186.7,185.5,183.9,158.4,155.2,155.1,158.7,160.2,160.5,158.1,154.1,154.1,157.0,159.2,159.3,201.1,197.8,195.9,196.9,195.7,197.5,200.1,204.7,206.7,207.3,207.1,205.4,201.2,199.8,200.0,199.5,200.4,200.9,201.5,201.3,-57.3,-56.1,-52.8,-47.7,-38.6,-25.1,-9.3,8.4,26.2,41.6,53.7,64.9,74.4,80.7,84.6,87.3,87.9,-38.5,-27.7,-13.4,0.9,13.7,39.5,50.9,62.4,73.9,81.9,27.3,28.9,30.5,32.1,14.8,22.2,29.6,36.4,42.3,-22.4,-13.7,-3.5,5.1,-3.5,-13.8,43.2,51.7,61.5,68.7,62.5,52.8,0.8,13.0,23.1,29.2,35.5,43.6,50.8,43.9,36.1,29.3,22.5,12.5,5.8,22.7,29.0,35.4,46.9,35.4,29.0,22.6,-48.0,-27.2,-6.5,13.4,31.7,46.9,58.4,65.9,67.3,64.9,56.0,43.4,27.4,8.7,-10.9,-31.1,-51.5,-61.9,-70.2,-72.5,-70.6,-66.2,-67.8,-73.3,-76.2,-75.4,-68.5,-52.0,-39.4,-27.2,-14.9,-5.0,-2.9,-1.2,-3.3,-5.9,-48.4,-53.5,-53.6,-47.7,-45.1,-44.6,-49.4,-56.3,-56.6,-52.2,-48.0,-47.5,22.6,16.9,13.6,15.3,13.4,16.5,21.2,28.5,31.5,32.2,31.9,29.3,22.6,20.0,20.4,19.6,21.6,21.9,22.9,22.4,681.0,683.0,685.6,686.7,684.4,679.9,672.6,663.8,662.9,672.2,687.5,700.4,706.4,706.8,706.2,705.9,707.0,650.0,644.4,639.8,635.8,633.6,640.5,648.3,657.1,666.2,675.4,638.0,631.0,623.6,616.7,632.4,631.0,630.3,633.8,638.0,648.4,645.6,646.0,646.8,645.5,645.2,655.7,658.6,662.4,668.3,662.0,658.2,647.6,637.4,634.0,635.0,637.2,645.7,658.6,646.6,639.2,636.6,635.7,638.9,645.2,636.5,637.1,639.9,654.6,639.7,636.9,636.4,0.597,0.103,-0.215,-0.007,264.681,181.23,-8.513,9.164,-13.133,18.981,4.529,1.428,-4.58,3.146,3.134,-3.816,-0.781,1.269,-0.009,-1.882,-0.62,-0.79,-0.594,0.551,-1.548,-0.911,0.548,-0.484,-0.147,-0.774,0.066,0.165,0.08,0.038,-0.103,-0.017,-0.031,-0.009,0.006,-0.004,0.7,0.47,0.0,0.31,0.0,0.0,0.0,0.0,0.0,0.0,0.0,0.0,0.0,0.0,0.0,0.0,0.0,1.0,1.0,0.0,1.0,0.0,0.0,0.0,0.0,0.0,0.0,0.0,0.0,0.0,0.0,0.0,0.0,1.0,0.0
PP133,g1,480,0,0.975,0.180389,0.122328,-0.975959,0.036911,0.122593,-0.99177,0.11,0.124,240.7,241.9,245.0,248.2,249.6,248.7,245.3,242.1,236.5,238.4,241.2,244.6,248.1,250.8,252.7,250.6,247.7,244.4,241.3,238.5,243.8,245.2,246.6,247.1,246.5,245.1,243.8,243.2,278.5,279.5,282.3,285.3,286.7,285.8,283.0,279.8,275.6,277.5,280.1,283.4,286.4,288.5,289.8,288.6,286.7,284.1,281.0,277.9,281.3,282.6,283.8,284.2,283.6,282.3,281.1,280.7,156.9,153.6,152.2,153.4,156.6,160.1,161.3,160.1,158.6,156.7,155.4,154.7,155.2,156.6,158.6,159.8,160.3,160.6,160.5,159.9,158.3,158.9,158.2,156.8,155.4,154.9,155.5,156.9,155.9,152.7,151.3,152.5,155.6,158.7,160.1,159.2,158.0,155.9,154.4,153.6,154.1,155.3,157.1,158.4,159.1,159.4,159.3,159.0,157.2,157.8,157.2,155.8,154.4,153.9,154.5,155.9,-12.2,-10.7,-6.5,-2.3,-0.5,-1.8,-6.2,-10.4,-17.9,-15.3,-11.6,-7.1,-2.5,1.1,3.6,0.8,-3.1,-7.3,-11.4,-15.1,-8.1,-6.2,-4.4,-3.7,-4.6,-6.4,-8.2,-8.9,38.5,39.8,43.7,47.9,49.9,48.5,44.6,40.1,34.5,37.0,40.6,45.1,49.4,52.6,54.6,52.7,49.7,46.0,41.8,37.6,42.4,44.2,45.9,46.5,45.6,43.8,42.1,41.5,-40.1,-44.5,-46.4,-44.7,-40.5,-35.9,-34.3,-35.9,-38.2,-40.5,-42.0,-42.8,-42.2,-40.5,-38.0,-36.3,-35.6,-35.2,-35.4,-36.3,-38.3,-37.6,-38.4,-40.3,-42.2,-42.9,-42.1,-40.2,-42.7,-47.0,-49.0,-47.5,-43.4,-39.0,-37.0,-38.2,-39.7,-42.6,-44.6,-45.7,-45.3,-44.0,-41.7,-39.7,-38.5,-38.0,-38.0,-38.4,-40.9,-40.3,-41.2,-43.1,-44.9,-45.6,-44.7,-42.8,512.4,512.9,513.0,512.7,512.1,511.8,511.5,511.8,516.7,514.1,511.7,510.4,510.9,512.2,513.8,512.2,510.7,510.5,511.7,514.0,512.9,512.7,512.8,513.0,513.2,513.4,513.3,513.1,526.7,527.9,529.6,530.7,530.7,529.4,527.8,526.8,527.1,526.4,526.3,527.3,529.8,533.2,536.4,533.0,529.7,527.2,526.2,526.4,528.6,529.1,529.8,530.3,530.3,529.8,529.1,528.6,24.4,-9.5,643.1,0.087,-0.154,-0.022,217.2,218.0,220.2,223.3,228.6,236.2,245.2,255.7,266.2,275.1,281.4,287.0,291.6,294.9,297.0,298.4,298.5,226.7,233.0,241.5,250.2,258.0,273.7,280.3,286.7,293.0,297.0,266.5,267.6,268.9,270.2,259.1,263.7,268.4,272.5,276.0,236.4,241.5,247.7,252.9,247.6,241.4,275.5,280.4,286.0,289.9,286.6,281.1,250.9,258.2,264.4,268.1,271.9,276.5,280.3,276.8,272.4,268.2,264.1,258.0,253.9,264.1,268.0,271.8,278.1,271.8,268.0,264.1,160.3,172.5,184.7,196.2,206.9,215.8,223.0,227.8,228.6,226.6,220.6,212.7,203.3,192.8,181.8,170.5,159.2,150.5,145.0,143.2,144.1,146.7,146.2,143.4,142.2,143.3,148.0,155.6,163.1,170.5,178.2,184.6,185.9,187.0,185.7,184.0,158.5,155.3,155.2,158.7,160.3,160.6,158.1,154.2,154.2,157.0,159.2,159.3,201.8,198.3,196.3,197.3,196.0,197.9,200.6,205.3,207.3,207.9,207.7,206.1,201.8,200.2,200.4,199.8,201.0,201.4,202.1,201.9,-57.0,-55.7,-52.1,-46.7,-37.3,-23.8,-8.2,9.5,27.4,42.8,54.9,65.9,74.8,80.6,84.2,86.6,87.0,-38.5,-27.9,-13.8,0.3,12.9,38.7,50.0,61.5,72.9,80.8,26.7,28.3,30.0,31.6,14.7,22.0,29.5,36.2,42.1,-22.5,-14.0,-3.9,4.7,-3.9,-14.1,42.5,51.0,60.7,67.9,61.7,52.1,1.5,13.3,23.1,29.2,35.5,43.5,50.7,44.0,36.3,29.5,22.8,13.0,6.4,22.9,29.1,35.5,46.8,35.5,29.1,22.8,-47.2,-26.0,-5.0,15.2,33.8,49.1,60.7,68.0,69.3,66.8,57.8,44.8,28.4,9.5,-10.2,-30.4,-50.7,-61.2,-69.7,-72.1,-70.3,-65.9,-67.4,-72.9,-75.7,-74.9,-67.8,-51.9,-39.2,-27.0,-14.6,-4.6,-2.5,-0.8,-2.9,-5.7,-47.8,-53.0,-53.2,-47.4,-44.7,-44.2,-49.1,-55.9,-56.2,-51.8,-47.6,-47.2,23.6,17.5,14.1,15.7,13.8,17.0,22.0,29.2,32.1,32.9,32.6,30.2,23.5,20.5,20.8,20.1,22.4,22.6,23.6,23.2,678.3,680.5,683.1,683.8,681.1,676.1,668.4,659.0,657.9,667.2,682.7,695.5,701.3,701.2,700.3,699.7,700.6,646.8,641.3,636.7,632.7,630.4,637.1,644.8,653.4,662.3,671.3,634.5,627.1,619.4,612.1,628.3,626.5,625.6,629.1,633.5,644.9,642.3,642.5,643.2,642.0,641.7,651.9,654.8,658.5,664.2,658.0,654.3,642.9,632.5,629.2,630.2,632.5,640.8,653.5,641.4,634.2,631.5,630.6,633.7,640.4,631.6,632.2,635.1,649.4,634.9,632.0,631.6,0.601,0.089,-0.203,-0.018,264.769,181.652,-9.668,12.458,-13.401,22.034,1.727,2.073,-4.019,3.685,3.249,-5.132,-0.94,1.018,-0.422,-2.191,-0.171,-1.096,-0.71,0.467,-1.596,-0.855,0.223,-0.04,-0.263,-0.924,0.047,0.334,0.055,0.051,-0.12,-0.032,-0.046,-0.026,0.011,0.005,0.78,0.58,0.0,0.69,0.0,0.0,0.0,0.0,0.0,0.0,0.0,0.0,0.0,0.0,0.0,0.0,0.0,1.0,1.0,0.0,1.0,0.0,0.0,0.0,0.0,0.0,0.0,0.0,0.0,0.0,0.0,0.0,1.0,1.0,0.0
PP133,g1,486,0,0.975,0.189327,0.130527,-0.9732,0.04118,0.130906,-0.990539,0.117,0.132,241.2,242.4,245.6,248.8,250.2,249.2,245.8,242.6,237.0,238.9,241.7,245.2,248.7,251.4,253.2,251.1,248.2,245.0,241.8,239.0,244.3,245.8,247.1,247.7,247.1,245.7,244.3,243.7,279.1,280.0,282.8,285.8,287.2,286.3,283.5,280.3,276.1,278.0,280.7,284.0,286.9,289.0,290.3,289.1,287.2,284.6,281.5,278.5,281.8,283.1,284.3,284.7,284.1,282.8,281.6,281.2,157.1,153.8,152.4,153.7,156.9,160.4,161.6,160.3,158.8,156.9,155.6,154.9,155.4,156.9,158.9,160.1,160.6,160.8,160.7,160.1,158.5,159.1,158.5,157.0,155.6,155.1,155.7,157.1,156.1,153.0,151.6,152.8,155.8,159.0,160.4,159.4,158.3,156.2,154.6,153.9,154.4,155.5,157.3,158.6,159.3,159.7,159.6,159.3,157.5,158.0,157.4,156.0,154.7,154.2,154.8,156.1,-11.5,-9.9,-5.8,-1.6,0.2,-1.1,-5.5,-9.7,-17.2,-14.6,-10.9,-6.3,-1.7,1.8,4.2,1.5,-2.4,-6.6,-10.7,-14.4,-7.4,-5.6,-3.8,-3.1,-3.9,-5.7,-7.5,-8.2,39.2,40.5,44.4,48.6,50.6,49.3,45.3,40.9,35.2,37.7,41.3,45.8,50.1,53.2,55.3,53.4,50.4,46.7,42.5,38.4,43.1,44.9,46.6,47.2,46.3,44.5,42.8,42.2,-39.8,-44.1,-46.0,-44.4,-40.1,-35.5,-33.9,-35.6,-37.9,-40.2,-41.7,-42.5,-41.9,-40.1,-37.6,-35.9,-35.2,-34.8,-35.1,-36.0,-38.0,-37.2,-38.1,-40.0,-41.8,-42.6,-41.7,-39.8,-42.3,-46.7,-48.7,-47.2,-43.0,-38.7,-36.7,-37.9,-39.4,-42.2,-44.3,-45.4,-45.0,-43.7,-41.5,-39.4,-38.2,-37.6,-37.6,-38.0,-40.6,-40.0,-40.8,-42.8,-44.6,-45.2,-44.3,-42.4,511.6,512.1,512.3,512.0,511.4,511.1,510.8,511.1,515.8,513.2,510.9,509.7,510.2,511.6,513.2,511.6,510.0,509.7,510.9,513.1,512.1,512.0,512.1,512.3,512.5,512.7,512.6,512.4,526.9,528.1,529.7,530.9,530.9,529.7,528.0,527.0,527.2,526.6,526.4,527.4,530.0,533.4,536.6,533.2,529.9,527.5,526.4,526.6,528.8,529.3,530.0,530.5,530.5,530.0,529.3,528.8,25.0,-9.4,645.2,0.102,-0.164,-0.016,217.4,218.2,220.2,223.3,228.4,236.0,245.1,255.5,266.1,274.9,281.2,286.9,291.6,295.0,297.1,298.6,298.8,227.2,233.5,242.1,250.8,258.7,274.4,281.0,287.4,293.6,297.5,267.1,268.2,269.5,270.7,259.6,264.2,268.8,272.9,276.3,236.8,242.0,248.2,253.4,248.2,241.9,276.0,280.9,286.5,290.4,287.1,281.6,251.0,258.5,264.7,268.4,272.2,276.8,280.5,277.0,272.6,268.5,264.4,258.2,254.0,264.4,268.3,272.1,278.4,272.1,268.3,264.4,160.3,172.4,184.4,195.8,206.4,215.4,222.5,227.4,228.2,226.2,220.1,212.2,203.0,192.5,181.6,170.4,159.2,150.7,145.3,143.5,144.4,147.0,146.5,143.7,142.5,143.6,148.2,155.9,163.5,170.9,178.6,184.9,186.2,187.3,186.0,184.3,158.7,155.5,155.4,159.0,160.5,160.8,158.4,154.4,154.4,157.3,159.5,159.6,201.8,198.4,196.4,197.4,196.2,198.0,200.6,205.4,207.3,207.9,207.7,206.1,201.8,200.4,200.6,200.0,201.0,201.5,202.2,201.9,-56.6,-55.4,-52.1,-46.8,-37.6,-24.2,-8.5,9.3,27.2,42.7,54.8,65.9,75.0,81.1,84.8,87.3,87.8,-37.8,-27.1,-12.8,1.3,14.0,39.9,51.2,62.7,74.1,81.9,27.8,29.3,31.0,32.6,15.4,22.8,30.2,37.0,42.9,-21.8,-13.2,-2.9,5.6,-3.0,-13.2,43.5,52.0,61.7,68.9,62.7,53.0,1.7,13.7,23.7,29.8,36.1,44.1,51.3,44.5,36.8,30.0,23.3,13.3,6.7,23.4,29.7,36.1,47.4,36.1,29.7,23.3,-47.3,-26.3,-5.4,14.6,33.1,48.3,60.0,67.5,68.9,66.3,57.2,44.2,27.8,9.0,-10.6,-30.7,-50.9,-61.0,-69.4,-71.7,-69.8,-65.4,-67.0,-72.5,-75.4,-74.6,-67.7,-51.3,-38.7,-26.4,-14.0,-4.2,-2.1,-0.3,-2.5,-5.1,-47.6,-52.7,-52.9,-47.0,-44.4,-43.9,-48.7,-55.6,-55.9,-51.6,-47.3,-46.8,23.6,17.8,14.5,16.1,14.2,17.3,22.1,29.4,32.3,33.2,32.8,30.3,23.6,20.9,21.2,20.5,22.5,22.8,23.8,23.4,678.6,680.9,683.7,684.7,682.4,677.8,670.5,661.5,660.6,670.0,685.4,698.2,703.9,703.9,703.1,702.5,703.3,647.3,641.7,637.2,633.4,631.2,638.2,646.0,654.8,663.8,673.0,635.7,628.6,621.2,614.2,630.0,628.5,627.8,631.3,635.6,645.7,643.0,643.4,644.2,643.0,642.6,653.4,656.2,660.0,665.9,659.7,655.9,645.0,634.8,631.4,632.5,634.8,643.2,656.1,644.0,636.7,634.0,633.1,636.1,642.6,634.0,634.6,637.5,652.0,637.2,634.3,633.9,0.599,0.103,-0.214,-0.011,265.084,181.724,-9.29,11.245,-13.433,20.251,2.979,1.629,-4.601,2.97,3.133,-4.467,-0.787,1.183,-0.157,-1.995,-0.132,-1.095,-0.561,0.525,-1.446,-0.904,0.424,-0.197,-0.243,-0.808,0.088,0.209,0.104,0.05,-0.114,-0.027,-0.035,-0.017,0.008,-0.001,0.4,0.33,0.0,0.58,0.0,0.0,0.06,0.0,0.0,0.0,0.0,0.0,0.0,0.0,0.0,0.17,0.0,1.0,1.0,0.0,1.0,0.0,0.0,0.0,0.0,0.0,0.0,0.0,0.0,0.0,0.0,0.0,1.0,1.0,0.0
PP133,g1,491,0,0.975,0.192429,0.144549,-0.970606,0.037009,0.143445,-0.988966,0.117,0.146,241.1,242.4,245.6,248.8,250.1,249.1,245.7,242.5,236.8,238.8,241.7,245.1,248.6,251.3,253.1,251.0,248.1,244.8,241.7,238.9,244.2,245.6,247.0,247.6,247.0,245.6,244.2,243.7,279.0,280.0,282.8,285.8,287.2,286.3,283.5,280.2,276.0,278.0,280.6,283.9,286.9,289.0,290.2,289.1,287.1,284.5,281.5,278.4,281.8,283.1,284.3,284.7,284.1,282.8,281.6,281.1,156.9,153.6,152.3,153.6,156.8,160.3,161.4,160.1,158.5,156.6,155.4,154.8,155.4,156.8,158.9,160.0,160.4,160.7,160.5,159.8,158.4,158.9,158.3,156.9,155.5,154.9,155.5,157.0,156.3,153.1,151.7,152.9,156.0,159.1,160.5,159.6,158.5,156.3,154.8,154.0,154.5,155.7,157.5,158.8,159.5,159.8,159.8,159.5,157.6,158.2,157.6,156.2,154.8,154.3,154.9,156.3,-11.6,-10.0,-5.8,-1.6,0.1,-1.2,-5.7,-9.9,-17.4,-14.7,-10.9,-6.3,-1.8,1.7,4.1,1.3,-2.5,-6.7,-10.9,-14.6,-7.6,-5.7,-3.9,-3.2,-3.9,-5.8,-7.6,-8.3,39.2,40.6,44.5,48.7,50.7,49.3,45.4,40.9,35.2,37.8,41.3,45.9,50.1,53.3,55.4,53.4,50.4,46.7,42.5,38.4,43.1,44.9,46.6,47.2,46.4,44.6,42.8,42.2,-40.1,-44.4,-46.3,-44.5,-40.3,-35.7,-34.1,-35.9,-38.4,-40.6,-42.0,-42.7,-42.0,-40.2,-37.7,-36.1,-35.4,-35.1,-35.4,-36.4,-38.2,-37.5,-38.3,-40.2,-42.0,-42.8,-42.0,-40.1,-42.2,-46.6,-48.6,-47.0,-42.9,-38.5,-36.5,-37.7,-39.3,-42.1,-44.2,-45.3,-44.8,-43.5,-41.3,-39.2,-38.0,-37.4,-37.5,-37.9,-40.5,-39.8,-40.7,-42.6,-44.4,-45.1,-44.2,-42.3,512.1,512.7,512.9,512.6,512.1,511.8,511.4,511.6,516.2,513.7,511.4,510.3,510.9,512.3,513.9,512.2,510.7,510.3,511.4,513.6,512.7,512.6,512.7,512.9,513.1,513.2,513.2,512.9,527.8,529.0,530.6,531.7,531.7,530.6,529.0,528.0,528.2,527.5,527.3,528.3,530.9,534.2,537.4,534.1,530.8,528.4,527.3,527.5,529.7,530.2,530.9,531.4,531.4,530.9,530.2,529.7,24.4,-9.9,648.2,0.125,-0.163,-0.003,217.1,217.8,219.6,222.5,227.6,235.2,244.3,254.6,265.1,273.9,280.3,286.1,291.1,294.6,296.9,298.4,298.8,227.1,233.5,242.1,250.9,258.8,274.4,281.0,287.5,293.8,297.7,267.0,268.1,269.2,270.3,259.1,263.7,268.3,272.4,275.9,236.7,242.0,248.2,253.3,248.1,241.8,276.0,280.9,286.5,290.4,287.1,281.5,250.1,257.6,264.0,267.7,271.6,276.2,280.0,276.3,271.8,267.6,263.5,257.2,253.1,263.7,267.5,271.4,277.8,271.4,267.5,263.6,159.4,171.4,183.3,194.7,205.2,214.0,221.1,226.1,227.0,225.0,219.0,211.3,202.3,192.1,181.3,170.3,159.2,150.4,145.1,143.4,144.4,147.1,146.7,143.9,142.8,143.9,148.5,156.2,163.7,171.1,178.7,184.8,186.1,187.2,186.0,184.4,158.4,155.3,155.3,159.0,160.4,160.6,158.5,154.6,154.6,157.4,159.7,159.8,201.1,198.0,196.2,197.3,196.1,197.8,200.2,205.0,207.0,207.6,207.4,205.6,201.2,200.1,200.3,199.8,200.6,201.3,201.9,201.6,-57.4,-56.4,-53.4,-48.4,-39.4,-25.9,-9.9,7.9,25.7,41.2,53.4,64.8,74.4,80.8,84.8,87.5,88.3,-38.1,-27.2,-12.9,1.4,14.3,40.0,51.5,63.1,74.6,82.4,27.8,29.2,30.7,32.1,14.7,22.1,29.5,36.4,42.3,-22.1,-13.3,-3.0,5.4,-3.2,-13.5,43.6,52.1,61.9,69.1,62.8,53.1,0.2,12.5,22.7,28.8,35.2,43.3,50.6,43.5,35.7,28.8,22.0,11.8,5.1,22.3,28.6,35.1,46.6,35.1,28.6,22.1,-49.0,-28.1,-7.4,12.6,31.0,46.3,58.0,65.7,67.2,64.6,55.5,42.7,26.8,8.3,-11.2,-31.1,-51.3,-61.7,-69.9,-72.1,-70.0,-65.4,-66.8,-72.3,-75.2,-74.3,-67.4,-51.1,-38.5,-26.2,-13.8,-4.4,-2.2,-0.4,-2.5,-5.1,-48.2,-53.2,-53.2,-47.2,-44.7,-44.4,-48.6,-55.5,-55.8,-51.4,-47.1,-46.7,22.6,17.2,14.2,15.9,14.0,17.0,21.5,29.0,32.0,32.8,32.4,29.7,22.6,20.5,20.9,20.2,22.0,22.6,23.5,23.0,681.5,683.8,686.7,687.9,685.9,681.6,674.3,665.5,664.6,673.9,689.1,701.7,707.3,707.4,706.6,706.1,706.9,649.5,643.7,639.0,635.0,632.7,639.7,647.5,656.3,665.5,675.0,637.5,630.7,623.5,616.8,632.8,631.4,630.7,634.1,638.3,647.9,645.0,645.4,646.3,645.0,644.7,655.3,658.0,661.9,667.9,661.7,657.9,648.6,638.3,634.7,635.7,638.0,646.7,659.9,647.8,640.3,637.6,636.8,640.0,646.4,637.3,638.0,640.7,655.9,640.6,637.8,637.3,0.596,0.124,-0.212,0.003,264.652,181.42,-6.994,10.442,-12.295,17.617,5.094,1.288,-4.815,2.841,3.049,-3.294,-0.846,1.304,0.352,-1.851,-0.731,-0.528,-0.491,0.601,-1.503,-0.748,0.465,-0.437,-0.182,-0.801,0.092,0.102,0.09,0.038,-0.101,-0.013,-0.024,-0.002,0.005,0.001,0.47,0.53,0.0,0.46,0.0,0.0,0.19,0.0,0.0,0.0,0.0,0.0,0.0,0.0,0.0,0.0,0.0,1.0,1.0,0.0,1.0,0.0,0.0,0.0,0.0,0.0,0.0,0.0,0.0,0.0,0.0,0.0,0.0,1.0,0.0
PP133,g1,497,0,0.975,0.184265,0.130085,-0.97423,0.036864,0.129895,-0.990842,0.112,0.132,241.1,242.3,245.5,248.7,250.1,249.1,245.7,242.5,236.9,238.8,241.6,245.1,248.6,251.3,253.1,251.1,248.1,244.9,241.7,238.9,244.3,245.7,247.0,247.6,247.0,245.6,244.2,243.7,279.0,279.9,282.7,285.7,287.2,286.2,283.5,280.2,276.0,277.9,280.6,283.9,286.8,288.9,290.2,289.0,287.1,284.5,281.4,278.4,281.7,283.0,284.3,284.7,284.0,282.7,281.5,281.1,156.9,153.7,152.2,153.5,156.7,160.2,161.4,160.1,158.6,156.7,155.4,154.8,155.3,156.7,158.7,159.9,160.4,160.7,160.5,159.9,158.4,158.9,158.3,156.9,155.5,154.9,155.5,157.0,156.0,152.9,151.5,152.7,155.7,158.9,160.3,159.3,158.2,156.1,154.5,153.8,154.3,155.4,157.2,158.5,159.2,159.5,159.5,159.2,157.4,157.9,157.3,155.9,154.6,154.1,154.7,156.0,-11.7,-10.0,-5.9,-1.7,0.1,-1.2,-5.6,-9.8,-17.3,-14.7,-11.0,-6.4,-1.9,1.7,4.1,1.4,-2.5,-6.7,-10.8,-14.6,-7.5,-5.7,-3.9,-3.2,-4.0,-5.8,-7.6,-8.3,39.1,40.4,44.3,48.5,50.5,49.1,45.2,40.7,35.1,37.6,41.2,45.7,50.0,53.2,55.2,53.3,50.3,46.6,42.4,38.2,43.0,44.8,46.5,47.1,46.2,44.4,42.7,42.1,-40.1,-44.4,-46.3,-44.6,-40.4,-35.8,-34.2,-35.8,-38.2,-40.5,-42.0,-42.8,-42.1,-40.4,-37.9,-36.2,-35.5,-35.1,-35.4,-36.3,-38.3,-37.5,-38.3,-40.2,-42.1,-42.8,-42.0,-40.1,-42.5,-46.8,-48.9,-47.4,-43.2,-38.8,-36.8,-38.0,-39.6,-42.4,-44.5,-45.6,-45.1,-43.8,-41.6,-39.5,-38.3,-37.8,-37.8,-38.2,-40.8,-40.1,-41.0,-42.9,-44.7,-45.4,-44.5,-42.6,512.4,512.9,513.0,512.7,512.1,511.9,511.5,511.8,516.6,514.0,511.6,510.4,510.9,512.3,513.9,512.3,510.7,510.5,511.6,513.9,512.9,512.7,512.8,513.0,513.3,513.4,513.3,513.1,527.0,528.2,529.8,531.0,530.9,529.8,528.1,527.1,527.4,526.7,526.6,527.5,530.1,533.5,536.6,533.3,530.0,527.6,526.5,526.7,528.9,529.4,530.1,530.6,530.6,530.1,529.4,528.9,24.9,-9.6,645.3,0.101,-0.157,-0.016,217.4,218.2,220.3,223.4,228.6,236.2,245.2,255.6,266.1,274.9,281.3,286.9,291.7,295.0,297.1,298.6,298.8,227.1,233.4,242.0,250.7,258.6,274.2,280.8,287.3,293.6,297.5,267.0,268.1,269.3,270.6,259.4,264.0,268.7,272.8,276.2,236.8,241.9,248.1,253.3,248.1,241.9,275.9,280.9,286.4,290.3,287.0,281.5,250.9,258.3,264.5,268.2,272.1,276.7,280.5,276.9,272.4,268.3,264.2,258.0,253.9,264.3,268.1,271.9,278.3,272.0,268.1,264.2,160.0,172.2,184.2,195.7,206.3,215.2,222.3,227.2,228.1,226.0,219.9,212.1,202.9,192.5,181.6,170.5,159.3,150.6,145.1,143.3,144.2,146.9,146.3,143.5,142.4,143.5,148.2,155.8,163.3,170.7,178.4,184.7,186.0,187.1,185.8,184.2,158.5,155.3,155.2,158.8,160.4,160.7,158.2,154.3,154.3,157.2,159.4,159.5,201.6,198.3,196.3,197.3,196.1,197.9,200.5,205.2,207.2,207.8,207.6,206.0,201.6,200.2,200.4,199.9,200.9,201.4,202.1,201.8,-56.7,-55.4,-52.0,-46.7,-37.4,-24.0,-8.2,9.5,27.3,42.8,54.9,66.0,75.1,81.1,84.8,87.3,87.8,-38.0,-27.3,-13.1,1.1,13.9,39.6,51.0,62.5,74.0,81.8,27.6,29.1,30.7,32.3,15.2,22.6,30.0,36.8,42.7,-21.9,-13.3,-3.1,5.5,-3.2,-13.4,43.4,51.8,61.6,68.8,62.5,52.9,1.5,13.4,23.5,29.5,35.8,43.9,51.2,44.3,36.5,29.7,23.0,13.0,6.4,23.2,29.4,35.8,47.2,35.8,29.4,23.0,-47.8,-26.7,-5.7,14.4,32.9,48.1,59.8,67.2,68.6,66.0,56.9,44.0,27.7,9.0,-10.6,-30.6,-50.8,-61.2,-69.7,-72.1,-70.2,-65.7,-67.2,-72.7,-75.6,-74.7,-67.7,-51.6,-39.0,-26.7,-14.3,-4.5,-2.4,-0.6,-2.7,-5.4,-47.9,-53.0,-53.2,-47.3,-44.7,-44.2,-48.9,-55.8,-56.1,-51.7,-47.5,-47.0,23.3,17.5,14.2,15.9,14.0,17.1,21.9,29.3,32.2,33.0,32.6,30.1,23.2,20.6,21.0,20.2,22.3,22.7,23.7,23.2,679.8,682.0,684.7,685.6,683.1,678.3,670.8,661.7,660.7,670.0,685.4,698.1,703.7,703.6,702.8,702.3,703.2,648.1,642.4,637.8,633.7,631.4,638.3,646.1,654.8,663.9,673.1,635.8,628.6,621.1,614.0,630.2,628.5,627.7,631.2,635.5,646.2,643.6,643.8,644.6,643.4,643.1,653.4,656.3,660.1,665.9,659.7,656.0,645.3,635.0,631.5,632.5,634.8,643.3,656.2,644.1,636.8,634.1,633.2,636.3,642.9,634.0,634.7,637.5,652.1,637.3,634.5,634.0,0.599,0.102,-0.207,-0.011,265.006,181.593,-8.847,12.003,-12.869,20.749,3.304,1.864,-4.489,3.308,3.334,-4.296,-0.979,1.018,-0.157,-2.007,-0.353,-0.929,-0.587,0.623,-1.597,-0.837,0.367,-0.246,-0.131,-0.809,0.041,0.227,0.066,0.051,-0.114,-0.022,-0.039,-0.017,0.01,-0.001,0.79,0.63,0.0,0.46,0.0,0.0,0.03,0.0,0.0,0.0,0.0,0.0,0.0,0.0,0.0,0.06,0.0,1.0,1.0,0.0,1.0,0.0,0.0,0.0,0.0,0.0,0.0,0.0,0.0,0.0,0.0,0.0,1.0,1.0,0.0
PP133,g1,503,0,0.975,0.186044,0.127307,-0.974259,0.04163,0.127112,-0.991014,0.115,0.129,241.7,242.9,246.0,249.2,250.6,249.6,246.3,243.1,237.5,239.4,242.2,245.6,249.1,251.8,253.7,251.6,248.6,245.4,242.3,239.5,244.8,246.2,247.6,248.1,247.5,246.1,244.7,244.2,279.5,280.4,283.2,286.2,287.6,286.7,283.9,280.7,276.5,278.4,281.1,284.4,287.3,289.4,290.6,289.5,287.5,285.0,281.9,278.8,282.2,283.5,284.7,285.1,284.5,283.2,282.0,281.6,157.0,153.7,152.3,153.5,156.7,160.3,161.4,160.2,158.7,156.8,155.5,154.8,155.3,156.7,158.8,159.9,160.4,160.7,160.6,160.0,158.4,159.0,158.3,156.9,155.5,155.0,155.6,157.0,156.1,152.9,151.6,152.8,155.8,158.9,160.3,159.4,158.3,156.1,154.6,153.8,154.4,155.5,157.3,158.6,159.3,159.6,159.5,159.3,157.5,158.0,157.4,156.0,154.7,154.1,154.7,156.1,-10.9,-9.3,-5.2,-1.0,0.8,-0.5,-4.9,-9.1,-16.6,-14.0,-10.3,-5.7,-1.2,2.4,4.9,2.1,-1.8,-6.0,-10.1,-13.8,-6.8,-5.0,-3.2,-2.5,-3.3,-5.1,-6.9,-7.6,39.9,41.2,45.1,49.3,51.3,49.9,46.0,41.5,35.8,38.4,42.0,46.5,50.7,53.9,55.9,54.0,51.0,47.3,43.1,39.0,43.7,45.5,47.2,47.8,47.0,45.1,43.4,42.8,-40.0,-44.4,-46.3,-44.6,-40.4,-35.7,-34.2,-35.8,-38.2,-40.5,-42.0,-42.8,-42.1,-40.4,-37.8,-36.2,-35.4,-35.0,-35.3,-36.3,-38.2,-37.5,-38.3,-40.2,-42.1,-42.8,-42.0,-40.1,-42.5,-46.8,-48.9,-47.3,-43.2,-38.8,-36.8,-38.0,-39.6,-42.4,-44.5,-45.6,-45.1,-43.8,-41.6,-39.5,-38.3,-37.7,-37.8,-38.2,-40.8,-40.1,-41.0,-42.9,-44.7,-45.4,-44.5,-42.6,512.9,513.4,513.5,513.2,512.6,512.4,512.0,512.3,517.1,514.5,512.1,510.9,511.4,512.8,514.4,512.8,511.3,511.0,512.2,514.4,513.4,513.2,513.3,513.5,513.7,513.9,513.8,513.6,528.1,529.3,531.0,532.1,532.1,530.9,529.3,528.2,528.4,527.8,527.7,528.7,531.3,534.6,537.8,534.5,531.1,528.7,527.6,527.8,530.0,530.5,531.2,531.7,531.7,531.2,530.5,530.0,25.8,-9.5,644.7,0.095,-0.162,-0.017,217.9,218.6,220.7,223.8,229.0,236.6,245.6,256.2,266.8,275.6,281.9,287.5,292.1,295.4,297.5,298.9,299.1,227.8,234.1,242.7,251.3,259.1,274.8,281.3,287.7,293.9,297.8,267.5,268.7,270.0,271.2,260.1,264.7,269.3,273.4,276.8,237.3,242.5,248.7,253.8,248.6,242.4,276.4,281.3,286.9,290.8,287.5,282.0,251.8,259.1,265.3,269.0,272.7,277.2,280.9,277.5,273.1,269.0,265.0,258.9,254.8,265.0,268.8,272.6,278.8,272.6,268.8,265.0,160.2,172.4,184.4,195.9,206.5,215.5,222.6,227.5,228.4,226.3,220.3,212.4,203.1,192.6,181.7,170.5,159.3,150.5,145.1,143.4,144.3,146.9,146.4,143.6,142.5,143.6,148.2,155.8,163.3,170.7,178.4,184.8,186.1,187.1,185.9,184.2,158.6,155.4,155.3,158.8,160.4,160.7,158.3,154.4,154.4,157.3,159.5,159.6,201.9,198.4,196.4,197.4,196.2,198.0,200.8,205.3,207.2,207.8,207.6,206.0,201.9,200.3,200.5,200.0,201.1,201.4,202.0,201.8,-55.9,-54.7,-51.3,-46.0,-36.7,-23.3,-7.5,10.4,28.3,43.9,56.0,67.0,75.9,81.8,85.4,87.9,88.4,-36.8,-26.1,-11.9,2.1,14.7,40.6,51.8,63.3,74.6,82.4,28.5,30.1,31.7,33.4,16.3,23.6,31.0,37.7,43.6,-20.9,-12.4,-2.2,6.3,-2.3,-12.5,44.2,52.7,62.4,69.5,63.3,53.7,2.9,14.8,24.6,30.7,36.9,44.8,51.9,45.3,37.6,30.9,24.2,14.5,7.9,24.3,30.5,36.8,48.0,36.9,30.5,24.2,-47.4,-26.4,-5.4,14.7,33.2,48.5,60.2,67.6,69.0,66.5,57.5,44.5,28.1,9.2,-10.4,-30.5,-50.7,-61.3,-69.7,-72.0,-70.1,-65.6,-67.1,-72.6,-75.5,-74.6,-67.7,-51.6,-39.0,-26.7,-14.4,-4.4,-2.3,-0.6,-2.7,-5.3,-47.8,-52.9,-53.1,-47.3,-44.6,-44.0,-48.9,-55.6,-56.0,-51.6,-47.3,-46.9,23.7,17.7,14.4,16.0,14.1,17.3,22.3,29.4,32.1,32.9,32.6,30.2,23.6,20.8,21.2,20.4,22.6,22.7,23.6,23.2,678.8,681.0,683.7,684.6,682.1,677.3,669.7,660.7,659.8,669.4,684.9,697.9,703.6,703.6,702.6,701.8,702.6,647.2,641.8,637.3,633.6,631.5,638.4,646.2,654.9,663.8,673.0,635.8,628.6,621.0,613.8,629.7,628.2,627.5,630.9,635.3,645.7,643.1,643.4,644.3,643.0,642.6,653.4,656.3,660.1,666.0,659.8,655.9,644.2,634.0,630.9,631.9,634.2,642.6,655.3,643.2,636.0,633.2,632.3,635.2,641.8,633.3,634.0,636.9,651.1,636.6,633.7,633.1,0.599,0.096,-0.214,-0.012,265.582,181.692,-8.951,12.287,-14.574,20.999,1.885,1.633,-4.288,3.372,3.226,-4.815,-0.708,0.879,-0.452,-2.346,-0.173,-1.105,-0.575,0.563,-1.538,-0.892,0.241,-0.012,-0.266,-0.869,0.119,0.302,0.052,0.053,-0.118,-0.035,-0.045,-0.025,0.004,0.007,0.56,0.28,0.0,0.74,0.0,0.0,0.0,0.0,0.0,0.0,0.1,0.0,0.0,0.0,0.0,0.0,0.0,1.0,1.0,0.0,1.0,0.0,0.0,0.0,0.0,0.0,0.0,0.0,0.0,0.0,0.0,0.0,0.0,1.0,0.0
PP133,g1,509,0,0.975,0.19335,0.145104,-0.97034,0.039824,0.14384,-0.988799,0.118,0.146,241.8,243.1,246.2,249.4,250.8,249.7,246.3,243.1,237.5,239.5,242.3,245.8,249.3,251.9,253.8,251.7,248.7,245.5,242.4,239.6,244.9,246.3,247.7,248.3,247.7,246.3,244.9,244.3,279.7,280.6,283.4,286.4,287.8,286.9,284.1,280.9,276.7,278.6,281.2,284.5,287.5,289.6,290.8,289.6,287.7,285.1,282.1,279.0,282.4,283.7,284.9,285.3,284.7,283.4,282.2,281.8,156.9,153.6,152.2,153.5,156.7,160.2,161.4,160.1,158.4,156.6,155.4,154.7,155.3,156.8,158.8,160.0,160.4,160.6,160.4,159.8,158.3,158.9,158.3,156.9,155.5,154.9,155.5,156.9,156.3,153.1,151.8,153.0,156.0,159.2,160.5,159.6,158.5,156.3,154.8,154.1,154.6,155.7,157.5,158.8,159.6,159.9,159.8,159.5,157.7,158.2,157.6,156.2,154.9,154.3,154.9,156.3,-10.8,-9.1,-4.9,-0.7,1.0,-0.4,-4.8,-9.0,-16.5,-13.8,-10.0,-5.5,-0.9,2.5,5.0,2.2,-1.6,-5.9,-10.0,-13.7,-6.7,-4.8,-3.0,-2.3,-3.1,-4.9,-6.7,-7.5,40.1,41.5,45.4,49.6,51.5,50.1,46.2,41.7,36.1,38.7,42.2,46.8,51.0,54.2,56.2,54.3,51.3,47.6,43.4,39.2,44.0,45.8,47.5,48.1,47.2,45.4,43.7,43.1,-40.2,-44.6,-46.4,-44.7,-40.4,-35.8,-34.3,-36.0,-38.5,-40.7,-42.1,-42.9,-42.1,-40.4,-37.8,-36.2,-35.5,-35.2,-35.5,-36.5,-38.3,-37.6,-38.4,-40.3,-42.1,-42.9,-42.1,-40.2,-42.3,-46.6,-48.6,-47.1,-42.9,-38.5,-36.6,-37.8,-39.3,-42.1,-44.2,-45.3,-44.8,-43.5,-41.3,-39.2,-38.0,-37.4,-37.5,-37.9,-40.5,-39.9,-40.7,-42.6,-44.5,-45.1,-44.2,-42.3,512.9,513.5,513.7,513.4,512.9,512.6,512.2,512.4,517.0,514.5,512.2,511.1,511.7,513.1,514.7,513.0,511.5,511.1,512.2,514.4,513.5,513.4,513.5,513.7,513.9,514.1,514.0,513.7,528.5,529.6,531.2,532.4,532.4,531.3,529.7,528.6,528.8,528.1,528.0,529.0,531.6,534.9,538.2,534.8,531.5,529.1,528.0,528.2,530.3,530.9,531.6,532.1,532.1,531.6,530.8,530.3,25.3,-9.7,647.4,0.125,-0.166,-0.001,217.7,218.3,220.1,223.0,228.0,235.5,244.5,254.9,265.5,274.2,280.7,286.5,291.4,295.0,297.3,298.9,299.3,227.9,234.4,243.0,251.7,259.5,275.1,281.7,288.1,294.3,298.2,267.7,268.7,269.9,271.0,259.7,264.3,268.9,273.0,276.5,237.4,242.7,248.8,253.9,248.7,242.5,276.6,281.5,287.1,290.9,287.6,282.1,250.7,258.2,264.5,268.3,272.1,276.7,280.4,276.7,272.2,268.1,264.0,257.7,253.6,264.2,268.0,271.9,278.2,271.9,268.0,264.1,159.5,171.6,183.5,194.9,205.4,214.4,221.5,226.4,227.4,225.4,219.4,211.6,202.5,192.2,181.4,170.3,159.2,150.2,145.0,143.4,144.4,147.1,146.7,143.9,142.7,143.9,148.5,156.1,163.7,171.2,178.9,184.9,186.3,187.4,186.2,184.6,158.4,155.3,155.3,158.9,160.4,160.6,158.5,154.6,154.6,157.4,159.7,159.8,201.4,198.3,196.4,197.5,196.3,198.1,200.6,205.3,207.3,207.9,207.6,205.8,201.5,200.3,200.6,200.1,200.9,201.5,202.1,201.8,-56.1,-55.3,-52.4,-47.5,-38.6,-25.3,-9.4,8.4,26.2,41.8,54.0,65.4,74.9,81.4,85.4,88.2,89.0,-36.7,-25.7,-11.5,2.7,15.4,41.0,52.4,64.0,75.4,83.2,28.8,30.2,31.7,33.1,15.7,23.0,30.5,37.3,43.2,-20.9,-12.1,-1.9,6.5,-2.1,-12.3,44.6,53.1,62.8,69.9,63.7,54.0,1.1,13.4,23.6,29.7,36.0,44.1,51.2,44.2,36.4,29.5,22.7,12.7,6.0,23.1,29.4,35.9,47.3,35.8,29.3,22.9,-48.7,-27.8,-7.1,13.0,31.4,46.8,58.5,66.2,67.8,65.3,56.1,43.2,27.1,8.5,-11.0,-31.0,-51.2,-61.9,-69.9,-72.0,-70.0,-65.4,-66.8,-72.2,-75.1,-74.2,-67.4,-51.1,-38.4,-26.1,-13.6,-4.2,-2.0,-0.2,-2.2,-4.8,-48.2,-53.1,-53.2,-47.2,-44.7,-44.4,-48.6,-55.4,-55.7,-51.3,-47.0,-46.6,23.0,17.6,14.5,16.2,14.4,17.5,22.1,29.6,32.5,33.2,32.7,30.0,23.1,20.9,21.3,20.6,22.5,23.0,23.8,23.3,679.6,682.0,685.0,686.4,684.5,680.3,673.1,664.4,663.6,672.9,688.1,700.6,706.3,706.4,705.6,705.0,705.7,648.0,642.4,637.9,634.1,632.0,639.1,646.8,655.6,664.7,674.0,636.7,630.0,622.8,616.2,631.9,630.5,630.0,633.4,637.6,646.6,643.9,644.3,645.2,643.9,643.5,654.4,657.1,660.9,666.9,660.7,656.9,647.5,637.4,633.8,634.9,637.2,645.8,658.8,646.9,639.5,636.8,635.9,639.0,645.2,636.4,637.1,639.9,654.8,639.8,636.9,636.4,0.597,0.124,-0.217,0.006,265.201,181.559,-9.007,10.331,-13.075,18.281,4.487,1.496,-4.383,2.11,2.711,-3.132,-0.292,1.412,0.291,-1.922,-0.613,-0.524,-0.403,0.608,-1.452,-0.845,0.397,-0.383,-0.112,-0.773,0.057,0.108,0.081,0.033,-0.107,-0.016,-0.019,-0.002,0.002,0.008,0.64,0.38,0.0,0.26,0.0,0.0,0.0,0.0,0.0,0.0,0.0,0.0,0.0,0.0,0.0,0.0,0.0,1.0,1.0,0.0,0.0,0.0,0.0,0.0,0.0,0.0,0.0,0.0,0.0,0.0,0.0,0.0,0.0,1.0,0.0
PP133,g1,515,0,0.975,0.196756,0.147922,-0.96923,0.040421,0.14696,-0.988316,0.121,0.15,242.0,243.3,246.4,249.6,251.0,249.9,246.5,243.3,237.7,239.7,242.5,246.0,249.5,252.1,253.9,251.9,248.9,245.7,242.6,239.8,245.1,246.5,247.9,248.4,247.8,246.5,245.1,244.5,279.9,280.8,283.6,286.5,288.0,287.0,284.3,281.0,276.9,278.8,281.4,284.7,287.6,289.7,291.0,289.8,287.9,285.3,282.3,279.2,282.6,283.9,285.1,285.5,284.9,283.6,282.4,281.9,156.7,153.5,152.1,153.4,156.6,160.1,161.3,159.9,158.3,156.5,155.2,154.6,155.2,156.7,158.7,159.9,160.3,160.5,160.3,159.6,158.2,158.8,158.2,156.8,155.4,154.8,155.4,156.8,156.2,153.0,151.7,152.8,155.9,159.0,160.4,159.5,158.3,156.2,154.7,153.9,154.4,155.6,157.4,158.7,159.4,159.7,159.6,159.3,157.5,158.0,157.4,156.1,154.7,154.2,154.8,156.2,-10.5,-8.9,-4.7,-0.5,1.3,-0.1,-4.6,-8.8,-16.3,-13.6,-9.8,-5.2,-0.7,2.8,5.2,2.4,-1.4,-5.6,-9.8,-13.5,-6.4,-4.6,-2.8,-2.1,-2.8,-4.7,-6.5,-7.2,40.5,41.9,45.8,50.0,51.9,50.6,46.6,42.2,36.5,39.1,42.6,47.2,51.4,54.6,56.6,54.7,51.7,48.0,43.8,39.6,44.4,46.2,47.9,48.5,47.7,45.8,44.1,43.5,-40.4,-44.7,-46.6,-44.8,-40.6,-36.0,-34.5,-36.2,-38.7,-40.9,-42.3,-43.1,-42.3,-40.5,-38.0,-36.4,-35.7,-35.4,-35.7,-36.7,-38.5,-37.8,-38.6,-40.5,-42.3,-43.1,-42.3,-40.4,-42.6,-46.9,-48.9,-47.4,-43.2,-38.9,-36.9,-38.1,-39.6,-42.4,-44.5,-45.6,-45.2,-43.9,-41.7,-39.6,-38.3,-37.7,-37.8,-38.2,-40.8,-40.2,-41.0,-42.9,-44.8,-45.4,-44.6,-42.7,513.5,514.0,514.2,514.0,513.5,513.2,512.7,512.9,517.5,515.0,512.7,511.6,512.2,513.7,515.3,513.6,512.0,511.7,512.7,514.9,514.0,513.9,514.0,514.3,514.5,514.6,514.5,514.3,530.4,531.5,533.2,534.3,534.3,533.2,531.6,530.5,530.8,530.1,529.9,530.9,533.5,536.9,540.1,536.7,533.4,531.0,529.9,530.1,532.3,532.8,533.5,534.0,534.0,533.5,532.8,532.3,25.6,-10.1,649.4,0.129,-0.17,0.001,217.8,218.4,220.2,223.0,228.0,235.6,244.7,255.1,265.6,274.3,280.7,286.4,291.4,295.1,297.4,299.0,299.4,228.1,234.6,243.2,251.8,259.7,275.4,281.9,288.3,294.5,298.4,267.9,268.9,270.1,271.2,260.0,264.5,269.1,273.2,276.6,237.6,242.8,249.0,254.1,248.9,242.7,276.8,281.7,287.3,291.1,287.8,282.3,250.8,258.4,264.8,268.5,272.3,276.8,280.5,276.9,272.4,268.3,264.2,258.0,253.8,264.4,268.2,272.1,278.4,272.0,268.2,264.3,159.4,171.3,183.1,194.4,204.8,213.7,220.7,225.7,226.7,224.7,218.8,211.2,202.2,192.0,181.3,170.2,159.0,150.0,144.8,143.3,144.3,146.9,146.5,143.7,142.6,143.7,148.2,156.1,163.6,171.0,178.7,184.7,186.0,187.2,185.9,184.3,158.2,155.1,155.1,158.8,160.3,160.5,158.4,154.5,154.5,157.3,159.6,159.7,201.0,198.0,196.1,197.2,196.0,197.8,200.2,205.0,207.0,207.5,207.2,205.5,201.1,200.0,200.3,199.8,200.6,201.2,201.8,201.5,-56.1,-55.3,-52.4,-47.6,-38.7,-25.2,-9.2,8.7,26.5,42.0,54.2,65.6,75.2,81.8,85.9,88.7,89.5,-36.3,-25.4,-11.2,3.0,15.7,41.6,53.0,64.4,75.8,83.6,29.2,30.6,32.2,33.6,16.1,23.5,30.9,37.7,43.6,-20.6,-11.8,-1.6,6.8,-1.8,-12.0,45.0,53.5,63.2,70.4,64.1,54.5,1.4,13.8,24.0,30.1,36.5,44.5,51.7,44.7,36.8,29.9,23.2,13.0,6.4,23.5,29.8,36.3,47.8,36.2,29.7,23.3,-49.1,-28.4,-7.8,12.1,30.4,45.7,57.4,65.1,66.8,64.3,55.3,42.6,26.7,8.2,-11.3,-31.3,-51.6,-62.4,-70.3,-72.4,-70.3,-65.8,-67.2,-72.7,-75.6,-74.8,-68.0,-51.4,-38.7,-26.4,-13.9,-4.6,-2.4,-0.5,-2.6,-5.2,-48.6,-53.5,-53.5,-47.5,-45.0,-44.7,-48.9,-55.7,-56.1,-51.7,-47.4,-46.9,22.4,17.1,14.1,15.8,13.9,17.0,21.5,29.1,32.0,32.7,32.3,29.5,22.5,20.4,20.9,20.2,22.0,22.5,23.4,22.8,680.9,683.2,686.3,687.8,686.0,681.8,674.7,666.1,665.5,674.9,690.2,702.9,708.7,708.9,708.1,707.5,708.2,649.2,643.7,639.4,635.6,633.6,640.8,648.6,657.3,666.3,675.6,638.4,631.8,624.7,618.2,633.8,632.5,632.0,635.4,639.5,648.2,645.4,645.8,646.8,645.5,645.1,656.1,658.9,662.8,668.8,662.6,658.8,649.4,639.3,635.8,636.8,639.1,647.9,661.0,649.1,641.6,638.9,638.0,641.0,647.1,638.4,639.1,641.9,657.0,641.8,639.0,638.4,0.596,0.128,-0.222,0.008,265.363,181.28,-8.515,9.276,-13.343,17.013,5.212,1.26,-4.41,2.952,2.658,-2.779,-0.421,1.328,0.592,-2.147,-0.875,-0.471,-0.336,0.641,-1.521,-0.936,0.369,-0.367,-0.078,-0.722,0.058,0.137,0.033,0.033,-0.105,-0.011,-0.029,-0.003,0.001,0.011,0.4,0.38,0.0,0.59,0.0,0.0,0.14,0.0,0.0,0.0,0.0,0.0,0.0,0.0,0.0,0.0,0.0,0.0,1.0,0.0,0.0,0.0,0.0,0.0,0.0,0.0,0.0,0.0,0.0,0.0,0.0,0.0,0.0,1.0,0.0
PP133,g1,520,0,0.975,0.193703,0.139067,-0.971154,0.040317,0.138489,-0.989543,0.119,0.141,241.9,243.2,246.4,249.5,250.9,249.9,246.5,243.3,237.7,239.6,242.5,245.9,249.4,252.1,253.9,251.8,248.9,245.7,242.5,239.7,245.1,246.5,247.8,248.4,247.8,246.4,245.0,244.5,279.7,280.7,283.4,286.4,287.9,286.9,284.1,280.9,276.7,278.7,281.3,284.6,287.5,289.6,290.8,289.7,287.7,285.2,282.2,279.1,282.5,283.8,285.0,285.4,284.7,283.4,282.2,281.8,156.7,153.5,152.1,153.4,156.6,160.1,161.2,159.9,158.3,156.5,155.3,154.6,155.2,156.6,158.6,159.8,160.2,160.5,160.3,159.6,158.2,158.8,158.1,156.7,155.3,154.8,155.4,156.8,156.1,153.0,151.6,152.8,155.8,159.0,160.3,159.4,158.3,156.1,154.6,153.9,154.4,155.5,157.3,158.7,159.4,159.7,159.6,159.3,157.5,158.0,157.4,156.0,154.7,154.2,154.8,156.1,-10.6,-8.9,-4.8,-0.6,1.2,-0.2,-4.6,-8.8,-16.3,-13.7,-9.9,-5.3,-0.8,2.7,5.1,2.4,-1.5,-5.7,-9.8,-13.6,-6.5,-4.7,-2.8,-2.1,-2.9,-4.7,-6.6,-7.3,40.4,41.7,45.6,49.8,51.8,50.4,46.5,42.0,36.3,38.9,42.5,47.0,51.3,54.4,56.5,54.5,51.5,47.8,43.6,39.5,44.2,46.0,47.7,48.4,47.5,45.7,44.0,43.4,-40.5,-44.8,-46.7,-44.9,-40.7,-36.1,-34.5,-36.2,-38.7,-40.9,-42.4,-43.1,-42.4,-40.7,-38.1,-36.5,-35.8,-35.4,-35.8,-36.8,-38.6,-37.9,-38.7,-40.6,-42.4,-43.2,-42.4,-40.5,-42.7,-47.0,-49.0,-47.5,-43.3,-38.9,-37.0,-38.2,-39.7,-42.5,-44.6,-45.7,-45.2,-43.9,-41.7,-39.6,-38.4,-37.9,-37.9,-38.3,-40.9,-40.2,-41.1,-43.0,-44.8,-45.5,-44.6,-42.7,514.2,514.7,514.9,514.7,514.2,513.9,513.4,513.7,518.3,515.8,513.5,512.4,513.0,514.4,516.0,514.3,512.7,512.4,513.5,515.7,514.8,514.7,514.8,515.0,515.2,515.3,515.2,515.0,530.4,531.5,533.1,534.3,534.3,533.1,531.5,530.5,530.7,530.0,529.9,530.9,533.4,536.8,540.0,536.7,533.4,530.9,529.8,530.0,532.2,532.7,533.4,533.9,533.9,533.4,532.7,532.2,25.7,-10.1,649.1,0.115,-0.167,-0.004,217.9,218.6,220.4,223.3,228.4,235.9,244.9,255.3,265.8,274.5,280.9,286.6,291.6,295.1,297.4,298.9,299.3,228.1,234.5,243.1,251.7,259.5,275.2,281.7,288.1,294.3,298.2,267.8,268.9,270.0,271.2,260.0,264.5,269.1,273.2,276.6,237.5,242.8,249.0,254.1,248.9,242.7,276.7,281.6,287.2,291.0,287.7,282.2,251.1,258.6,264.8,268.5,272.4,276.9,280.6,277.0,272.5,268.4,264.3,258.1,254.0,264.5,268.3,272.2,278.5,272.1,268.3,264.4,159.6,171.7,183.5,194.9,205.4,214.3,221.3,226.3,227.2,225.3,219.3,211.6,202.5,192.2,181.4,170.3,159.1,150.1,144.9,143.3,144.3,146.9,146.5,143.7,142.6,143.7,148.3,155.9,163.4,170.8,178.4,184.5,185.9,187.0,185.8,184.2,158.3,155.1,155.1,158.7,160.2,160.4,158.3,154.4,154.4,157.3,159.5,159.6,201.1,197.9,196.0,197.1,195.9,197.7,200.3,205.0,206.9,207.5,207.2,205.5,201.2,199.9,200.2,199.7,200.6,201.1,201.7,201.5,-56.0,-55.0,-52.0,-47.0,-37.9,-24.5,-8.7,9.0,26.9,42.3,54.5,65.9,75.3,81.8,85.8,88.5,89.3,-36.5,-25.6,-11.3,2.8,15.5,41.4,52.8,64.2,75.7,83.5,29.1,30.5,32.0,33.5,16.2,23.5,30.9,37.7,43.6,-20.7,-11.9,-1.7,6.7,-1.9,-12.1,44.9,53.3,63.1,70.2,64.0,54.4,1.8,14.0,24.1,30.2,36.6,44.6,51.7,44.8,37.0,30.1,23.4,13.3,6.7,23.7,30.0,36.4,47.8,36.4,29.9,23.5,-48.6,-27.7,-7.0,13.0,31.4,46.7,58.4,66.0,67.6,65.2,56.1,43.3,27.2,8.6,-11.1,-31.1,-51.4,-62.2,-70.3,-72.4,-70.4,-65.9,-67.4,-72.8,-75.7,-74.8,-67.9,-51.7,-39.1,-26.8,-14.3,-4.8,-2.6,-0.8,-2.8,-5.4,-48.5,-53.5,-53.6,-47.7,-45.1,-44.7,-49.1,-55.9,-56.2,-51.8,-47.5,-47.1,22.6,17.0,13.9,15.6,13.7,16.9,21.6,29.0,31.9,32.6,32.2,29.5,22.6,20.3,20.7,20.0,22.0,22.4,23.3,22.8,681.5,683.7,686.6,687.8,685.7,681.4,674.2,665.4,664.7,674.1,689.5,702.2,708.0,708.2,707.4,706.9,707.7,650.1,644.6,640.3,636.5,634.4,641.5,649.3,658.0,667.0,676.2,639.0,632.1,624.9,618.1,633.7,632.3,631.8,635.2,639.4,648.8,646.1,646.5,647.4,646.1,645.7,656.6,659.4,663.3,669.2,663.0,659.2,649.0,638.9,635.5,636.5,638.8,647.4,660.3,648.3,641.0,638.3,637.4,640.4,646.7,638.0,638.7,641.5,656.3,641.3,638.5,638.0,0.596,0.114,-0.219,0.002,265.403,181.344,-9.364,10.006,-13.227,18.236,4.282,1.426,-4.407,2.394,2.897,-3.807,-0.394,1.201,0.219,-2.08,-0.528,-0.777,-0.348,0.653,-1.55,-0.973,0.372,-0.356,-0.095,-0.751,0.119,0.151,0.073,0.034,-0.106,-0.02,-0.031,-0.007,0.005,0.005,0.44,0.48,0.0,0.39,0.0,0.0,0.05,0.0,0.0,0.0,0.02,0.0,0.0,0.0,0.0,0.0,0.0,1.0,1.0,0.0,0.0,0.0,0.0,0.0,0.0,0.0,0.0,0.0,0.0,0.0,0.0,0.0,0.0,1.0,0.0
PP133,g1,526,0,0.975,0.186137,0.122594,-0.974845,0.043994,0.122246,-0.991524,0.117,0.124,241.8,243.1,246.2,249.4,250.8,249.8,246.4,243.2,237.6,239.5,242.3,245.8,249.3,252.0,253.9,251.8,248.8,245.6,242.4,239.7,245.0,246.4,247.8,248.3,247.7,246.3,244.9,244.4,279.6,280.5,283.3,286.3,287.8,286.8,284.0,280.8,276.6,278.5,281.2,284.5,287.4,289.5,290.7,289.6,287.7,285.1,282.1,279.0,282.3,283.6,284.9,285.3,284.6,283.3,282.1,281.7,157.1,153.9,152.4,153.7,156.9,160.4,161.6,160.3,158.8,156.9,155.6,154.9,155.5,156.9,158.9,160.1,160.6,160.9,160.7,160.1,158.6,159.1,158.5,157.0,155.7,155.1,155.7,157.2,156.3,153.2,151.8,153.0,156.1,159.2,160.6,159.6,158.5,156.4,154.8,154.1,154.6,155.8,157.6,158.9,159.6,159.9,159.8,159.5,157.7,158.2,157.6,156.3,154.9,154.4,155.0,156.4,-10.7,-9.1,-5.0,-0.8,1.1,-0.2,-4.7,-8.9,-16.3,-13.8,-10.0,-5.5,-0.9,2.6,5.1,2.3,-1.5,-5.8,-9.9,-13.6,-6.6,-4.7,-2.9,-2.2,-3.0,-4.9,-6.7,-7.4,40.0,41.3,45.2,49.4,51.4,50.0,46.1,41.6,35.9,38.5,42.1,46.6,50.8,54.0,56.0,54.1,51.1,47.4,43.2,39.1,43.8,45.6,47.3,47.9,47.1,45.3,43.5,42.9,-39.8,-44.1,-46.0,-44.3,-40.1,-35.5,-33.9,-35.5,-37.9,-40.2,-41.7,-42.5,-41.9,-40.1,-37.6,-35.9,-35.1,-34.8,-35.0,-36.0,-37.9,-37.2,-38.1,-39.9,-41.8,-42.5,-41.7,-39.8,-42.1,-46.5,-48.5,-46.9,-42.7,-38.4,-36.4,-37.6,-39.2,-42.0,-44.1,-45.2,-44.7,-43.4,-41.1,-39.1,-37.9,-37.3,-37.4,-37.8,-40.4,-39.7,-40.6,-42.5,-44.3,-45.0,-44.1,-42.2,511.8,512.3,512.4,512.1,511.5,511.3,510.9,511.2,516.0,513.4,511.1,509.8,510.3,511.7,513.3,511.7,510.2,509.9,511.1,513.4,512.3,512.2,512.2,512.4,512.7,512.8,512.8,512.5,527.3,528.5,530.2,531.4,531.3,530.1,528.5,527.4,527.6,527.0,526.9,527.9,530.5,533.9,537.1,533.7,530.4,527.9,526.8,527.0,529.2,529.7,530.4,531.0,531.0,530.5,529.7,529.2,25.9,-8.9,643.3,0.088,-0.165,-0.015,218.0,218.7,220.8,223.8,229.0,236.6,245.6,256.2,266.8,275.6,281.9,287.4,292.0,295.3,297.4,298.9,299.2,227.9,234.2,242.8,251.5,259.3,275.0,281.5,287.9,294.1,298.0,267.6,268.8,270.1,271.4,260.3,264.9,269.5,273.5,276.9,237.5,242.6,248.8,254.0,248.8,242.6,276.6,281.5,287.0,290.9,287.6,282.1,252.0,259.4,265.5,269.1,272.8,277.3,281.0,277.6,273.2,269.2,265.2,259.1,255.1,265.2,269.0,272.7,278.8,272.7,269.0,265.1,160.5,172.7,184.7,196.2,206.9,215.9,223.1,228.1,229.0,227.0,221.1,213.2,203.9,193.4,182.4,171.1,159.7,150.7,145.2,143.5,144.4,147.1,146.6,143.8,142.7,143.9,148.6,156.0,163.5,170.9,178.6,185.0,186.3,187.4,186.1,184.5,158.7,155.5,155.4,159.0,160.6,160.9,158.5,154.6,154.6,157.5,159.7,159.8,202.2,198.7,196.7,197.7,196.5,198.4,201.2,205.8,207.6,208.2,208.0,206.4,202.2,200.6,200.8,200.3,201.5,201.8,202.4,202.2,-55.5,-54.4,-51.0,-45.7,-36.5,-23.2,-7.5,10.4,28.3,43.7,55.7,66.6,75.5,81.4,85.2,87.8,88.3,-36.6,-25.9,-11.7,2.4,15.0,40.8,52.1,63.5,74.8,82.5,28.7,30.3,32.0,33.6,16.5,23.8,31.2,37.9,43.7,-20.6,-12.1,-1.9,6.6,-2.0,-12.2,44.3,52.8,62.5,69.6,63.5,53.8,3.4,15.1,24.9,30.9,37.0,44.9,51.8,45.3,37.7,31.1,24.5,14.8,8.3,24.6,30.7,36.9,47.9,37.0,30.7,24.5,-46.9,-25.8,-4.9,15.3,33.8,49.2,60.9,68.5,69.9,67.6,58.7,45.8,29.5,10.6,-9.2,-29.5,-49.9,-60.9,-69.3,-71.7,-69.7,-65.3,-66.7,-72.1,-75.0,-74.1,-67.0,-51.2,-38.6,-26.3,-13.9,-4.0,-1.9,-0.1,-2.2,-4.9,-47.4,-52.6,-52.8,-46.9,-44.2,-43.7,-48.4,-55.2,-55.4,-51.0,-46.8,-46.4,24.2,18.1,14.8,16.4,14.6,17.8,22.9,30.0,32.7,33.4,33.1,30.7,24.1,21.2,21.6,20.9,23.3,23.2,24.1,23.7,677.0,679.2,681.9,682.7,680.1,675.3,667.8,658.8,658.0,667.6,683.3,696.3,702.3,702.3,701.5,700.6,701.3,645.9,640.5,636.2,632.5,630.4,637.4,645.2,653.9,662.9,672.0,634.7,627.4,619.7,612.5,628.3,626.7,626.0,629.5,634.0,644.4,641.9,642.3,643.1,641.8,641.4,652.3,655.2,659.1,664.9,658.7,654.8,642.4,632.3,629.3,630.4,632.7,640.9,653.5,641.4,634.3,631.6,630.7,633.4,640.0,631.7,632.4,635.3,649.3,635.0,632.1,631.6,0.601,0.09,-0.218,-0.01,265.7,182.029,-9.391,11.827,-14.793,22.005,1.424,1.853,-3.771,3.62,3.387,-5.428,-0.928,0.605,-0.392,-2.348,0.142,-1.289,-0.501,0.579,-1.52,-0.696,0.228,-0.094,-0.294,-0.866,0.117,0.399,0.064,0.034,-0.117,-0.036,-0.045,-0.026,0.004,0.009,0.62,0.44,0.0,0.52,0.0,0.0,0.0,0.0,0.0,0.0,0.08,0.0,0.0,0.0,0.0,0.0,0.0,1.0,1.0,0.0,0.0,0.0,0.0,0.0,0.0,0.0,0.0,0.0,0.0,0.0,0.0,0.0,1.0,1.0,0.0
PP133,g1,532,0,0.975,0.199232,0.13602,-0.970466,0.047957,0.13584,-0.989569,0.125,0.138,241.8,243.0,246.2,249.4,250.8,249.7,246.3,243.1,237.5,239.4,242.3,245.8,249.3,251.9,253.8,251.7,248.7,245.5,242.4,239.5,244.9,246.3,247.7,248.2,247.6,246.2,244.8,244.3,279.6,280.5,283.3,286.2,287.7,286.8,284.0,280.8,276.6,278.5,281.2,284.4,287.4,289.4,290.6,289.5,287.6,285.0,282.0,278.9,282.3,283.6,284.8,285.2,284.6,283.3,282.1,281.7,157.3,154.0,152.6,153.9,157.1,160.6,161.8,160.5,158.9,157.1,155.8,155.1,155.7,157.1,159.2,160.3,160.8,161.0,160.9,160.2,158.8,159.3,158.7,157.3,155.9,155.3,155.9,157.3,156.6,153.4,152.1,153.2,156.3,159.4,160.8,159.9,158.7,156.6,155.1,154.3,154.8,156.0,157.8,159.1,159.8,160.1,160.0,159.7,157.9,158.5,157.9,156.5,155.1,154.6,155.2,156.6,-10.8,-9.2,-5.0,-0.8,1.0,-0.4,-4.8,-9.0,-16.5,-13.9,-10.1,-5.5,-1.0,2.5,4.9,2.2,-1.6,-5.9,-10.0,-13.7,-6.7,-4.9,-3.0,-2.3,-3.1,-5.0,-6.8,-7.5,40.1,41.4,45.3,49.5,51.5,50.1,46.2,41.7,36.0,38.6,42.2,46.7,50.9,54.1,56.1,54.2,51.2,47.5,43.4,39.2,43.9,45.7,47.4,48.0,47.2,45.4,43.7,43.1,-39.6,-43.9,-45.8,-44.1,-39.8,-35.2,-33.7,-35.3,-37.8,-40.0,-41.5,-42.3,-41.6,-39.8,-37.3,-35.6,-34.9,-34.6,-34.9,-35.9,-37.7,-37.0,-37.8,-39.7,-41.6,-42.3,-41.5,-39.6,-41.9,-46.3,-48.3,-46.8,-42.6,-38.2,-36.3,-37.5,-39.0,-41.8,-43.9,-45.0,-44.5,-43.2,-41.0,-38.9,-37.7,-37.1,-37.2,-37.6,-40.2,-39.5,-40.4,-42.3,-44.1,-44.8,-43.9,-42.0,512.2,512.7,512.9,512.7,512.1,511.8,511.4,511.6,516.3,513.7,511.4,510.3,510.9,512.3,514.0,512.3,510.7,510.3,511.4,513.7,512.7,512.6,512.7,512.9,513.2,513.3,513.2,513.0,529.4,530.6,532.2,533.4,533.4,532.3,530.6,529.5,529.7,529.1,529.0,530.0,532.6,536.0,539.2,535.8,532.5,530.1,528.9,529.1,531.3,531.8,532.6,533.1,533.1,532.5,531.8,531.3,25.5,-8.9,646.7,0.109,-0.177,-0.005,217.6,218.2,220.1,223.0,228.1,235.7,244.7,255.2,265.7,274.4,280.7,286.3,291.2,294.7,297.0,298.6,298.9,227.8,234.3,242.9,251.6,259.4,275.1,281.6,288.0,294.1,298.0,267.7,268.8,270.1,271.3,260.0,264.6,269.2,273.2,276.6,237.3,242.6,248.8,253.9,248.7,242.5,276.5,281.4,287.0,290.8,287.6,282.1,251.1,258.7,265.0,268.7,272.4,276.9,280.5,277.0,272.6,268.6,264.5,258.3,254.2,264.6,268.4,272.2,278.4,272.2,268.4,264.5,160.3,172.4,184.3,195.8,206.3,215.3,222.4,227.3,228.3,226.3,220.4,212.6,203.4,192.9,182.0,170.8,159.5,150.6,145.4,143.8,144.8,147.4,146.9,144.1,143.0,144.1,148.6,156.4,163.9,171.3,179.0,185.2,186.5,187.6,186.4,184.8,158.9,155.7,155.6,159.3,160.8,161.0,158.8,154.9,154.9,157.7,160.0,160.1,201.9,198.7,196.7,197.8,196.6,198.4,201.0,205.7,207.6,208.2,208.0,206.3,202.0,200.7,200.9,200.4,201.3,201.8,202.4,202.1,-56.2,-55.3,-52.3,-47.2,-38.2,-24.8,-9.1,8.8,26.6,41.9,54.0,65.1,74.5,80.9,84.9,87.6,88.3,-36.7,-25.8,-11.5,2.5,15.2,41.1,52.4,63.8,75.1,82.8,28.8,30.3,32.0,33.6,16.2,23.5,30.9,37.6,43.5,-20.9,-12.2,-2.0,6.5,-2.1,-12.3,44.5,52.9,62.6,69.7,63.6,53.9,1.9,14.2,24.3,30.3,36.5,44.4,51.4,44.7,37.0,30.2,23.6,13.6,6.9,23.8,30.0,36.4,47.5,36.3,30.0,23.7,-47.2,-26.3,-5.5,14.5,32.9,48.2,59.9,67.6,69.2,66.7,57.8,44.9,28.7,9.8,-9.9,-30.1,-50.6,-61.1,-69.2,-71.3,-69.3,-64.9,-66.4,-71.9,-74.8,-74.0,-67.1,-50.8,-38.1,-25.8,-13.4,-3.7,-1.5,0.2,-1.8,-4.5,-47.4,-52.4,-52.5,-46.6,-44.0,-43.6,-48.1,-54.9,-55.2,-50.9,-46.6,-46.1,23.8,18.2,15.0,16.7,14.8,18.0,22.7,30.1,32.9,33.7,33.2,30.7,23.9,21.4,21.8,21.1,23.2,23.4,24.3,23.8,678.0,680.2,683.1,684.3,682.4,678.2,671.2,662.7,662.1,671.6,687.1,699.9,705.8,706.1,705.3,704.7,705.4,647.1,641.8,637.6,634.0,632.1,639.5,647.3,656.1,665.1,674.4,636.8,629.9,622.6,615.8,631.1,629.8,629.4,632.9,637.2,646.0,643.4,644.0,644.9,643.5,643.0,654.5,657.4,661.3,667.3,661.1,657.1,646.1,636.2,632.9,634.0,636.4,644.9,657.8,645.7,638.4,635.6,634.7,637.5,643.8,635.5,636.2,639.0,653.7,638.8,635.9,635.3,0.598,0.111,-0.23,0.0,265.314,181.999,-10.126,9.796,-13.784,19.098,3.573,1.64,-4.393,2.319,2.816,-4.511,-0.427,1.305,-0.082,-2.28,-0.252,-1.011,-0.416,0.48,-1.498,-0.892,0.418,-0.363,-0.198,-0.755,0.115,0.23,0.103,0.04,-0.116,-0.024,-0.029,-0.012,0.006,0.002,0.56,0.42,0.0,0.56,0.0,0.0,0.15,0.0,0.0,0.0,0.0,0.0,0.0,0.0,0.0,0.0,0.0,0.0,1.0,0.0,1.0,0.0,0.0,0.0,0.0,0.0,0.0,0.0,0.0,0.0,0.0,0.0,1.0,1.0,0.0
PP133,g1,538,0,0.975,0.198735,0.145311,-0.969221,0.042541,0.144714,-0.988559,0.123,0.147,241.2,242.4,245.6,248.8,250.2,249.1,245.7,242.5,236.9,238.8,241.7,245.2,248.7,251.3,253.2,251.1,248.1,244.9,241.7,238.9,244.3,245.7,247.1,247.6,247.0,245.6,244.3,243.7,279.1,280.0,282.8,285.8,287.2,286.3,283.5,280.3,276.1,278.0,280.7,283.9,286.9,289.0,290.2,289.1,287.1,284.5,281.5,278.4,281.8,283.1,284.3,284.7,284.1,282.8,281.6,281.2,157.1,153.8,152.5,153.8,157.0,160.5,161.6,160.3,158.7,156.8,155.6,155.0,155.6,157.0,159.1,160.2,160.7,160.9,160.7,160.0,158.6,159.1,158.5,157.1,155.7,155.1,155.7,157.2,156.4,153.3,151.9,153.1,156.2,159.3,160.7,159.7,158.6,156.5,154.9,154.2,154.7,155.8,157.6,159.0,159.7,160.0,159.9,159.6,157.8,158.3,157.7,156.3,155.0,154.5,155.1,156.5,-11.6,-9.9,-5.8,-1.6,0.2,-1.2,-5.6,-9.8,-17.3,-14.6,-10.8,-6.3,-1.7,1.7,4.2,1.4,-2.4,-6.6,-10.8,-14.5,-7.5,-5.6,-3.8,-3.1,-3.9,-5.7,-7.5,-8.3,39.3,40.7,44.6,48.7,50.7,49.3,45.4,41.0,35.3,37.9,41.4,46.0,50.2,53.4,55.4,53.5,50.5,46.8,42.6,38.4,43.2,45.0,46.7,47.3,46.4,44.6,42.9,42.3,-39.8,-44.1,-45.9,-44.2,-40.0,-35.3,-33.8,-35.5,-38.0,-40.3,-41.7,-42.4,-41.7,-39.9,-37.4,-35.7,-35.1,-34.7,-35.1,-36.1,-37.9,-37.2,-38.0,-39.8,-41.7,-42.5,-41.7,-39.8,-42.0,-46.4,-48.4,-46.9,-42.7,-38.4,-36.4,-37.5,-39.1,-41.9,-44.0,-45.1,-44.7,-43.4,-41.2,-39.1,-37.8,-37.2,-37.3,-37.7,-40.3,-39.6,-40.5,-42.4,-44.3,-44.9,-44.0,-42.1,511.4,511.9,512.2,511.9,511.4,511.1,510.7,510.9,515.5,513.0,510.7,509.6,510.2,511.6,513.3,511.6,510.0,509.6,510.7,512.9,512.0,511.9,512.0,512.2,512.5,512.5,512.5,512.2,528.4,529.5,531.1,532.3,532.3,531.2,529.6,528.5,528.7,528.1,527.9,528.9,531.5,534.8,538.1,534.7,531.4,529.0,527.9,528.1,530.3,530.8,531.5,532.0,532.0,531.5,530.7,530.3,24.4,-9.6,648.8,0.127,-0.172,-0.002,217.0,217.6,219.5,222.3,227.4,234.9,244.0,254.4,264.9,273.6,280.0,285.8,290.8,294.4,296.6,298.2,298.6,227.2,233.6,242.3,251.0,259.0,274.5,281.1,287.5,293.7,297.6,267.1,268.2,269.4,270.5,259.2,263.8,268.4,272.5,275.9,236.7,242.0,248.2,253.3,248.1,241.9,276.0,280.9,286.5,290.4,287.1,281.6,250.3,257.8,264.2,267.8,271.6,276.1,279.9,276.2,271.8,267.7,263.6,257.4,253.3,263.8,267.6,271.4,277.7,271.4,267.6,263.7,159.7,171.6,183.4,194.7,205.2,214.0,221.1,226.0,227.0,225.0,219.1,211.4,202.4,192.2,181.5,170.4,159.2,150.5,145.3,143.7,144.7,147.4,146.9,144.1,142.9,144.0,148.6,156.4,163.9,171.3,179.0,185.0,186.3,187.4,186.2,184.6,158.6,155.5,155.5,159.2,160.6,160.8,158.7,154.7,154.7,157.6,159.8,160.0,201.3,198.3,196.4,197.4,196.3,198.0,200.4,205.2,207.2,207.7,207.5,205.8,201.4,200.3,200.5,200.0,200.8,201.4,202.0,201.7,-57.5,-56.6,-53.6,-48.7,-39.7,-26.3,-10.3,7.6,25.4,40.8,53.0,64.4,74.0,80.5,84.5,87.3,88.1,-37.9,-27.0,-12.6,1.7,14.5,40.2,51.6,63.1,74.6,82.4,27.9,29.4,30.9,32.4,15.0,22.3,29.7,36.5,42.4,-22.0,-13.2,-2.9,5.5,-3.1,-13.4,43.7,52.2,61.9,69.1,62.8,53.2,0.4,12.8,23.0,29.0,35.3,43.3,50.5,43.5,35.7,28.9,22.2,12.1,5.4,22.5,28.8,35.2,46.6,35.1,28.7,22.4,-48.4,-27.7,-7.1,12.7,31.0,46.3,57.9,65.7,67.3,64.8,55.7,43.0,27.1,8.6,-11.0,-31.0,-51.2,-61.4,-69.5,-71.7,-69.6,-65.1,-66.5,-72.1,-75.0,-74.1,-67.3,-50.8,-38.2,-25.9,-13.5,-4.1,-1.9,-0.1,-2.1,-4.7,-47.9,-52.8,-52.9,-46.9,-44.4,-44.0,-48.4,-55.3,-55.6,-51.2,-46.9,-46.4,22.9,17.6,14.5,16.2,14.3,17.4,21.9,29.3,32.3,33.0,32.6,29.9,23.0,20.8,21.3,20.6,22.3,22.8,23.7,23.2,680.8,683.0,686.0,687.4,685.6,681.5,674.5,665.9,665.2,674.6,689.9,702.6,708.4,708.7,707.9,707.4,708.1,649.1,643.5,639.0,635.1,633.0,640.2,648.0,656.9,666.1,675.5,637.9,631.2,624.1,617.5,633.1,631.8,631.4,634.8,638.9,647.9,645.1,645.5,646.5,645.2,644.8,655.7,658.5,662.4,668.5,662.3,658.4,648.8,638.7,635.2,636.2,638.5,647.2,660.4,648.4,640.9,638.2,637.3,640.4,646.6,637.8,638.5,641.3,656.3,641.1,638.3,637.8,0.596,0.127,-0.223,0.005,264.655,181.58,-6.848,9.144,-13.028,17.361,5.258,1.071,-4.478,2.698,2.927,-3.236,-0.565,1.325,0.417,-2.034,-0.701,-0.657,-0.354,0.633,-1.434,-0.696,0.514,-0.365,-0.114,-0.691,0.092,0.139,0.065,0.028,-0.104,-0.022,-0.033,-0.006,0.004,0.006,0.46,0.36,0.0,0.5,0.0,0.0,0.04,0.0,0.0,0.02,0.0,0.0,0.0,0.0,0.0,0.0,0.0,0.0,1.0,0.0,1.0,0.0,0.0,0.0,0.0,0.0,0.0,0.0,0.0,0.0,0.0,0.0,0.0,1.0,0.0
PP133,g1,544,0,0.975,0.196604,0.131939,-0.971565,0.043337,0.132275,-0.990265,0.122,0.134,240.8,242.1,245.2,248.4,249.8,248.8,245.4,242.2,236.5,238.5,241.3,244.8,248.3,251.0,252.9,250.8,247.8,244.6,241.4,238.6,244.0,245.4,246.7,247.3,246.7,245.3,243.9,243.4,278.7,279.6,282.4,285.4,286.9,285.9,283.2,279.9,275.7,277.6,280.3,283.6,286.5,288.6,289.9,288.7,286.8,284.2,281.2,278.1,281.4,282.7,284.0,284.4,283.7,282.4,281.2,280.8,156.9,153.6,152.2,153.4,156.7,160.2,161.3,160.1,158.5,156.6,155.4,154.7,155.2,156.7,158.7,159.9,160.3,160.6,160.4,159.8,158.3,158.9,158.2,156.8,155.4,154.9,155.5,156.9,156.0,152.9,151.5,152.7,155.8,158.9,160.3,159.4,158.2,156.1,154.5,153.8,154.3,155.5,157.3,158.6,159.3,159.6,159.5,159.2,157.4,157.9,157.3,156.0,154.6,154.1,154.7,156.1,-12.0,-10.4,-6.3,-2.0,-0.2,-1.6,-6.0,-10.2,-17.8,-15.1,-11.3,-6.7,-2.2,1.3,3.7,1.0,-2.8,-7.1,-11.2,-15.0,-7.9,-6.1,-4.3,-3.5,-4.3,-6.2,-8.0,-8.7,38.8,40.1,44.0,48.2,50.2,48.8,44.9,40.4,34.8,37.3,40.9,45.4,49.7,52.8,54.9,52.9,50.0,46.3,42.1,37.9,42.6,44.5,46.2,46.8,45.9,44.1,42.4,41.8,-40.1,-44.4,-46.3,-44.6,-40.3,-35.7,-34.1,-35.8,-38.2,-40.5,-42.0,-42.7,-42.1,-40.3,-37.8,-36.1,-35.4,-35.0,-35.3,-36.3,-38.2,-37.5,-38.3,-40.2,-42.0,-42.8,-42.0,-40.1,-42.5,-46.9,-48.9,-47.4,-43.2,-38.8,-36.8,-38.0,-39.6,-42.4,-44.5,-45.6,-45.1,-43.8,-41.6,-39.5,-38.3,-37.7,-37.8,-38.2,-40.8,-40.1,-41.0,-42.9,-44.7,-45.4,-44.5,-42.6,510.8,511.3,511.5,511.3,510.7,510.4,510.0,510.2,514.9,512.3,510.0,508.9,509.5,510.9,512.5,510.9,509.3,508.9,510.0,512.3,511.3,511.2,511.3,511.5,511.8,511.9,511.8,511.6,527.9,529.0,530.7,531.8,531.8,530.6,529.0,528.0,528.2,527.5,527.4,528.4,530.9,534.3,537.5,534.2,530.8,528.4,527.3,527.5,529.7,530.2,530.9,531.4,531.5,531.0,530.2,529.7,24.1,-9.9,647.0,0.105,-0.17,-0.009,216.8,217.5,219.5,222.5,227.6,235.2,244.3,254.6,265.1,273.8,280.1,285.8,290.7,294.2,296.5,298.0,298.3,226.7,233.1,241.8,250.5,258.4,274.1,280.6,287.1,293.3,297.3,266.7,267.8,269.1,270.3,259.1,263.7,268.3,272.3,275.8,236.4,241.6,247.9,253.0,247.8,241.6,275.7,280.6,286.1,290.0,286.7,281.2,250.4,257.9,264.1,267.8,271.6,276.1,279.8,276.3,271.9,267.8,263.7,257.5,253.4,263.8,267.6,271.4,277.7,271.4,267.6,263.7,160.0,172.0,184.0,195.3,205.8,214.7,221.7,226.6,227.5,225.5,219.6,212.0,202.9,192.5,181.6,170.4,159.2,150.5,145.1,143.4,144.3,146.9,146.4,143.6,142.5,143.6,148.3,155.8,163.3,170.7,178.4,184.6,185.9,187.0,185.7,184.1,158.4,155.2,155.2,158.8,160.3,160.6,158.3,154.3,154.3,157.2,159.5,159.6,201.3,198.0,196.1,197.1,195.9,197.7,200.3,205.0,206.9,207.5,207.3,205.6,201.3,199.9,200.2,199.7,200.6,201.1,201.7,201.4,-57.9,-56.7,-53.4,-48.2,-39.1,-25.7,-9.9,7.9,25.6,40.9,53.0,64.2,73.6,80.0,83.9,86.7,87.4,-38.7,-27.8,-13.5,0.8,13.7,39.4,50.8,62.3,73.8,81.7,27.3,28.8,30.4,32.0,14.7,22.1,29.5,36.2,42.1,-22.5,-13.8,-3.5,5.0,-3.6,-13.9,43.0,51.5,61.2,68.4,62.2,52.5,0.6,12.8,22.9,28.9,35.2,43.1,50.2,43.4,35.7,29.0,22.3,12.3,5.6,22.5,28.7,35.0,46.3,35.1,28.7,22.4,-47.9,-27.0,-6.2,13.7,32.0,47.2,58.8,66.3,67.8,65.4,56.5,43.8,27.8,9.0,-10.7,-30.8,-51.2,-61.5,-69.8,-72.2,-70.2,-65.8,-67.3,-72.8,-75.6,-74.7,-67.7,-51.6,-39.0,-26.8,-14.4,-4.7,-2.6,-0.8,-2.9,-5.5,-48.2,-53.2,-53.4,-47.4,-44.8,-44.4,-49.0,-55.8,-56.2,-51.8,-47.5,-47.0,22.8,17.1,13.9,15.5,13.7,16.8,21.6,28.9,31.7,32.5,32.1,29.6,22.8,20.3,20.7,19.9,22.0,22.2,23.1,22.7,680.0,682.0,684.6,685.6,683.4,679.0,671.9,663.1,662.4,671.7,687.2,700.0,706.0,706.4,705.9,705.5,706.5,648.8,643.2,638.7,634.9,632.7,639.8,647.7,656.5,665.7,675.0,637.3,630.3,622.9,616.0,631.5,630.1,629.5,633.0,637.3,647.2,644.5,644.9,645.8,644.5,644.1,655.0,657.9,661.8,667.7,661.4,657.6,646.6,636.6,633.2,634.2,636.5,645.0,658.0,645.9,638.5,635.8,634.9,638.0,644.4,635.7,636.4,639.2,653.9,638.9,636.1,635.6,0.597,0.105,-0.221,-0.004,264.511,181.434,-7.881,9.601,-13.051,18.978,4.462,1.522,-4.354,2.568,3.147,-4.472,-0.822,1.27,0.184,-1.91,-0.346,-1.087,-0.358,0.482,-1.463,-0.775,0.486,-0.46,-0.123,-0.795,0.102,0.231,0.093,0.02,-0.104,-0.025,-0.033,-0.008,0.006,-0.002,0.58,0.5,0.0,0.0,0.0,0.0,0.01,0.0,0.0,0.0,0.0,0.0,0.0,0.0,0.0,0.0,0.0,1.0,1.0,0.0,0.0,0.0,0.0,0.0,0.0,0.0,0.0,0.0,0.0,0.0,0.0,0.0,0.0,1.0,0.0
PP133,g1,550,0,0.975,0.18636,0.121388,-0.974954,0.046002,0.12184,-0.991483,0.118,0.123,240.9,242.2,245.3,248.5,249.9,249.0,245.6,242.4,236.8,238.6,241.4,244.9,248.4,251.1,253.0,250.9,248.0,244.7,241.6,238.8,244.1,245.5,246.9,247.4,246.8,245.4,244.0,243.5,278.7,279.6,282.4,285.4,286.9,286.0,283.2,279.9,275.7,277.7,280.3,283.6,286.6,288.6,289.9,288.7,286.8,284.2,281.2,278.1,281.5,282.8,284.0,284.4,283.7,282.4,281.2,280.8,157.2,153.9,152.4,153.7,156.9,160.4,161.6,160.4,158.9,157.0,155.7,154.9,155.4,156.8,158.9,160.1,160.6,160.9,160.8,160.2,158.6,159.1,158.5,157.0,155.6,155.1,155.8,157.2,156.1,152.9,151.6,152.8,155.8,159.0,160.4,159.4,158.3,156.2,154.6,153.9,154.4,155.5,157.3,158.7,159.4,159.7,159.6,159.3,157.5,158.0,157.4,156.0,154.7,154.2,154.8,156.1,-11.9,-10.3,-6.2,-2.0,-0.1,-1.4,-5.8,-10.0,-17.5,-14.9,-11.2,-6.7,-2.1,1.4,3.9,1.2,-2.7,-6.9,-11.0,-14.7,-7.7,-5.9,-4.1,-3.4,-4.2,-6.0,-7.8,-8.5,38.7,40.0,43.9,48.1,50.1,48.7,44.8,40.3,34.7,37.2,40.8,45.3,49.6,52.7,54.7,52.8,49.9,46.2,42.0,37.8,42.5,44.4,46.1,46.7,45.8,44.0,42.3,41.7,-39.7,-44.0,-46.0,-44.3,-40.1,-35.5,-33.9,-35.5,-37.8,-40.1,-41.6,-42.5,-41.8,-40.1,-37.6,-35.9,-35.1,-34.7,-35.0,-35.9,-37.9,-37.2,-38.0,-39.9,-41.8,-42.5,-41.6,-39.7,-42.3,-46.7,-48.7,-47.2,-43.0,-38.6,-36.6,-37.8,-39.4,-42.2,-44.3,-45.4,-44.9,-43.6,-41.4,-39.3,-38.1,-37.6,-37.6,-38.0,-40.6,-39.9,-40.8,-42.7,-44.5,-45.2,-44.3,-42.4,511.5,511.9,512.0,511.7,511.1,510.9,510.6,510.9,515.7,513.1,510.7,509.5,510.0,511.3,512.9,511.3,509.8,509.5,510.7,513.0,511.9,511.8,511.8,512.0,512.3,512.4,512.4,512.2,526.3,527.5,529.2,530.3,530.3,529.1,527.4,526.4,526.6,525.9,525.8,526.9,529.5,532.9,536.1,532.7,529.3,526.9,525.8,525.9,528.2,528.7,529.4,529.9,529.9,529.4,528.7,528.2,24.8,-9.0,641.9,0.086,-0.164,-0.023,217.0,217.9,220.1,223.3,228.6,236.2,245.3,255.9,266.5,275.4,281.7,287.1,291.6,294.8,296.8,298.2,298.4,226.9,233.1,241.8,250.5,258.3,274.0,280.5,287.0,293.2,297.1,266.7,268.0,269.3,270.7,259.6,264.2,268.8,272.8,276.2,236.6,241.7,247.9,253.2,247.9,241.7,275.7,280.6,286.2,290.0,286.8,281.3,251.6,258.8,264.9,268.5,272.3,276.8,280.4,277.1,272.8,268.7,264.7,258.7,254.6,264.6,268.4,272.2,278.3,272.2,268.4,264.6,160.6,172.8,184.9,196.5,207.2,216.2,223.4,228.3,229.1,227.0,220.9,213.0,203.6,193.0,182.0,170.7,159.4,150.9,145.3,143.5,144.4,147.0,146.4,143.6,142.5,143.6,148.3,155.8,163.3,170.8,178.5,185.0,186.3,187.3,186.0,184.4,158.8,155.5,155.4,159.0,160.6,160.9,158.3,154.4,154.4,157.3,159.5,159.6,202.4,198.8,196.7,197.6,196.4,198.3,201.1,205.7,207.6,208.2,208.0,206.5,202.3,200.6,200.8,200.3,201.4,201.7,202.4,202.1,-57.1,-55.8,-52.2,-46.6,-37.3,-23.8,-8.0,9.9,27.8,43.3,55.3,66.0,74.7,80.3,83.9,86.3,86.7,-38.1,-27.6,-13.4,0.7,13.4,39.1,50.3,61.7,73.1,80.8,27.2,28.8,30.6,32.3,15.4,22.7,30.0,36.7,42.5,-22.0,-13.6,-3.4,5.2,-3.4,-13.6,42.8,51.2,60.9,68.0,61.9,52.3,2.6,14.2,23.9,29.9,36.0,43.9,50.8,44.4,36.9,30.2,23.6,14.0,7.5,23.6,29.7,36.0,46.9,36.1,29.8,23.6,-46.6,-25.5,-4.5,15.7,34.2,49.6,61.3,68.7,70.0,67.5,58.4,45.3,28.8,9.9,-9.9,-30.1,-50.3,-60.4,-69.1,-71.6,-69.7,-65.3,-66.9,-72.4,-75.2,-74.4,-67.3,-51.3,-38.7,-26.5,-14.1,-4.0,-1.9,-0.3,-2.4,-5.1,-47.2,-52.4,-52.7,-46.9,-44.1,-43.6,-48.6,-55.4,-55.7,-51.3,-47.1,-46.7,24.4,18.2,14.7,16.3,14.4,17.6,22.8,29.8,32.5,33.3,33.0,30.7,24.2,21.2,21.5,20.7,23.1,23.0,24.0,23.6,676.2,678.5,681.2,681.9,679.2,674.2,666.6,657.5,656.8,666.4,682.0,695.0,700.8,700.7,699.7,698.9,699.7,644.8,639.4,634.9,631.2,629.1,636.1,643.8,652.6,661.6,670.7,633.4,626.0,618.4,611.1,627.0,625.4,624.7,628.2,632.6,643.1,640.6,641.0,641.8,640.5,640.1,651.0,654.0,657.8,663.6,657.4,653.5,640.9,630.8,627.8,628.9,631.3,639.5,651.9,639.9,632.9,630.2,629.2,631.9,638.5,630.3,631.0,633.9,647.7,633.6,630.7,630.1,0.602,0.088,-0.215,-0.018,265.024,181.973,-9.044,12.932,-15.121,22.531,1.005,1.61,-3.718,3.55,3.565,-5.504,-1.122,0.464,-0.488,-2.116,0.22,-1.433,-0.603,0.591,-1.414,-0.818,0.276,-0.031,-0.378,-0.962,0.131,0.385,0.085,0.028,-0.109,-0.043,-0.053,-0.024,0.007,0.002,0.92,0.54,0.0,0.77,0.0,0.0,0.0,0.0,0.0,0.0,0.02,0.0,0.0,0.0,0.0,0.25,0.0,1.0,1.0,0.0,1.0,0.0,0.0,0.0,0.0,0.0,0.0,0.0,0.0,0.0,0.0,0.0,1.0,1.0,0.0
PP133,g1,556,0,0.975,0.202178,0.134148,-0.970118,0.049306,0.134305,-0.989713,0.128,0.136,241.3,242.6,245.7,248.9,250.3,249.3,245.9,242.7,237.0,239.0,241.8,245.3,248.8,251.5,253.3,251.2,248.3,245.1,241.9,239.1,244.5,245.9,247.2,247.8,247.2,245.8,244.4,243.9,279.1,280.0,282.8,285.8,287.2,286.3,283.6,280.3,276.1,278.1,280.7,284.0,286.9,289.0,290.2,289.1,287.1,284.6,281.6,278.5,281.8,283.1,284.4,284.8,284.1,282.8,281.6,281.2,157.0,153.8,152.4,153.6,156.8,160.3,161.5,160.2,158.6,156.8,155.5,154.9,155.4,156.8,158.9,160.0,160.5,160.7,160.6,159.9,158.5,159.0,158.4,157.0,155.6,155.0,155.6,157.1,156.2,153.1,151.7,152.9,155.9,159.1,160.4,159.5,158.4,156.3,154.7,154.0,154.5,155.6,157.4,158.7,159.4,159.7,159.7,159.4,157.6,158.1,157.5,156.1,154.8,154.3,154.9,156.2,-11.4,-9.8,-5.6,-1.4,0.4,-0.9,-5.4,-9.6,-17.2,-14.5,-10.7,-6.1,-1.6,1.9,4.4,1.6,-2.2,-6.4,-10.6,-14.3,-7.3,-5.4,-3.6,-2.9,-3.7,-5.6,-7.4,-8.1,39.5,40.9,44.8,48.9,50.9,49.5,45.6,41.2,35.5,38.1,41.6,46.2,50.4,53.5,55.6,53.7,50.7,47.0,42.8,38.7,43.4,45.2,46.9,47.5,46.6,44.8,43.1,42.5,-40.0,-44.3,-46.2,-44.5,-40.3,-35.6,-34.1,-35.8,-38.2,-40.4,-41.9,-42.7,-42.0,-40.3,-37.7,-36.1,-35.3,-35.0,-35.3,-36.3,-38.1,-37.4,-38.2,-40.1,-42.0,-42.7,-41.9,-40.0,-42.5,-46.8,-48.9,-47.3,-43.2,-38.8,-36.8,-38.0,-39.5,-42.4,-44.5,-45.6,-45.1,-43.8,-41.6,-39.5,-38.3,-37.7,-37.7,-38.1,-40.8,-40.1,-41.0,-42.9,-44.7,-45.4,-44.5,-42.6,512.7,513.2,513.5,513.2,512.7,512.4,511.9,512.1,516.7,514.2,512.0,510.9,511.5,512.9,514.5,512.9,511.2,510.9,511.9,514.1,513.3,513.2,513.3,513.5,513.7,513.8,513.7,513.5,530.1,531.3,533.0,534.1,534.1,533.0,531.3,530.2,530.4,529.8,529.7,530.7,533.3,536.7,539.9,536.5,533.2,530.7,529.6,529.8,532.0,532.5,533.2,533.8,533.8,533.3,532.5,532.0,24.8,-9.7,647.0,0.108,-0.179,-0.008,217.1,217.8,219.7,222.6,227.7,235.2,244.3,254.8,265.4,274.1,280.4,286.1,290.9,294.4,296.6,298.2,298.5,227.3,233.7,242.4,251.1,259.0,274.6,281.1,287.5,293.7,297.5,267.2,268.4,269.7,270.9,259.6,264.2,268.8,272.9,276.3,236.9,242.2,248.4,253.5,248.3,242.1,276.1,281.0,286.5,290.3,287.1,281.6,250.7,258.3,264.6,268.3,272.1,276.6,280.2,276.7,272.4,268.3,264.2,258.0,253.8,264.3,268.1,271.9,278.1,271.9,268.1,264.2,160.2,172.2,184.1,195.4,205.9,214.8,221.8,226.7,227.7,225.7,219.7,212.0,202.8,192.5,181.6,170.4,159.2,150.6,145.2,143.5,144.5,147.1,146.6,143.8,142.6,143.8,148.4,156.0,163.5,170.9,178.6,184.8,186.1,187.2,185.9,184.3,158.6,155.4,155.4,159.0,160.5,160.7,158.4,154.5,154.5,157.4,159.6,159.7,201.4,198.1,196.2,197.2,196.1,197.8,200.4,205.1,207.0,207.6,207.4,205.7,201.4,200.1,200.3,199.8,200.7,201.3,201.9,201.6,-57.2,-56.2,-53.1,-48.1,-39.0,-25.7,-9.8,8.2,26.0,41.4,53.5,64.7,74.0,80.4,84.3,87.0,87.7,-37.7,-26.8,-12.5,1.8,14.6,40.3,51.6,63.1,74.4,82.2,28.1,29.7,31.4,33.0,15.5,22.9,30.3,37.1,42.9,-21.7,-12.9,-2.7,5.7,-2.8,-13.1,43.7,52.2,61.9,69.0,62.8,53.2,1.2,13.6,23.7,29.7,36.0,43.9,51.0,44.2,36.6,29.8,23.1,13.0,6.2,23.3,29.5,35.9,47.1,35.9,29.5,23.1,-47.5,-26.7,-6.0,13.9,32.2,47.4,59.0,66.6,68.1,65.7,56.7,43.9,27.8,9.0,-10.8,-30.9,-51.3,-61.3,-69.5,-71.8,-69.9,-65.5,-67.1,-72.5,-75.4,-74.5,-67.6,-51.3,-38.7,-26.4,-14.1,-4.4,-2.3,-0.5,-2.6,-5.2,-47.8,-52.9,-53.0,-47.1,-44.6,-44.1,-48.7,-55.6,-55.9,-51.5,-47.3,-46.8,22.9,17.3,14.1,15.8,13.9,17.0,21.7,29.1,32.0,32.7,32.3,29.7,22.9,20.5,20.9,20.2,22.1,22.5,23.4,23.0,678.7,680.8,683.6,684.7,682.7,678.6,671.6,662.9,662.3,671.9,687.4,700.4,706.4,706.9,706.3,705.9,706.8,647.9,642.4,638.1,634.5,632.5,639.9,647.8,656.7,665.8,675.1,637.2,630.2,622.9,616.1,631.4,630.1,629.6,633.2,637.5,646.5,643.9,644.4,645.4,643.9,643.4,655.0,657.9,661.8,667.8,661.5,657.6,646.4,636.5,633.2,634.3,636.6,645.3,658.3,646.1,638.6,635.9,634.9,637.9,644.2,635.7,636.4,639.3,654.2,639.1,636.2,635.6,0.597,0.108,-0.231,-0.002,264.918,181.568,-8.272,9.317,-13.045,18.237,3.869,1.467,-4.495,2.088,2.9,-3.983,-0.591,1.323,0.176,-2.024,-0.175,-1.09,-0.458,0.396,-1.448,-0.747,0.493,-0.286,-0.174,-0.733,0.149,0.186,0.095,0.035,-0.11,-0.028,-0.033,-0.006,0.005,0.004,0.59,0.24,0.0,0.37,0.0,0.0,0.07,0.0,0.0,0.0,0.0,0.0,0.0,0.0,0.0,0.0,0.0,1.0,1.0,0.0,0.0,0.0,0.0,0.0,0.0,0.0,0.0,0.0,0.0,0.0,0.0,0.0,0.0,1.0,0.0
PP133,g1,562,0,0.975,0.195988,0.14096,-0.970422,0.039349,0.140557,-0.98929,0.12,0.143,241.3,242.6,245.8,248.9,250.3,249.3,245.9,242.7,237.1,239.0,241.9,245.3,248.8,251.5,253.3,251.2,248.3,245.1,241.9,239.1,244.5,245.9,247.2,247.8,247.2,245.8,244.4,243.9,279.2,280.1,282.9,285.9,287.3,286.4,283.6,280.4,276.2,278.1,280.8,284.1,287.0,289.1,290.3,289.2,287.2,284.7,281.6,278.6,281.9,283.2,284.4,284.9,284.2,282.9,281.7,281.3,156.7,153.4,152.0,153.3,156.5,160.0,161.2,159.9,158.2,156.4,155.2,154.5,155.1,156.5,158.6,159.7,160.2,160.4,160.2,159.6,158.1,158.7,158.1,156.6,155.2,154.7,155.3,156.7,156.0,152.8,151.5,152.6,155.7,158.8,160.2,159.3,158.1,156.0,154.5,153.7,154.2,155.4,157.2,158.5,159.2,159.5,159.4,159.1,157.3,157.8,157.2,155.9,154.5,154.0,154.6,156.0,-11.4,-9.7,-5.6,-1.4,0.4,-1.0,-5.4,-9.6,-17.1,-14.5,-10.7,-6.1,-1.5,1.9,4.4,1.6,-2.2,-6.5,-10.6,-14.3,-7.3,-5.5,-3.6,-2.9,-3.7,-5.5,-7.3,-8.1,39.6,41.0,44.9,49.1,51.0,49.7,45.7,41.3,35.6,38.2,41.7,46.3,50.5,53.7,55.7,53.8,50.8,47.1,42.9,38.7,43.5,45.3,47.0,47.6,46.8,44.9,43.2,42.6,-40.5,-44.8,-46.7,-45.0,-40.7,-36.1,-34.6,-36.3,-38.7,-41.0,-42.4,-43.2,-42.5,-40.7,-38.1,-36.5,-35.8,-35.5,-35.8,-36.8,-38.7,-37.9,-38.7,-40.6,-42.5,-43.2,-42.4,-40.5,-42.8,-47.2,-49.2,-47.7,-43.5,-39.1,-37.1,-38.3,-39.9,-42.7,-44.8,-45.9,-45.4,-44.1,-41.9,-39.8,-38.6,-38.0,-38.1,-38.5,-41.1,-40.4,-41.3,-43.2,-45.0,-45.7,-44.8,-42.9,513.2,513.8,514.0,513.8,513.2,512.9,512.5,512.7,517.3,514.8,512.5,511.4,512.0,513.4,515.1,513.4,511.8,511.4,512.5,514.7,513.8,513.7,513.8,514.0,514.3,514.4,514.3,514.0,530.1,531.3,532.9,534.0,534.0,532.9,531.3,530.3,530.5,529.8,529.6,530.6,533.2,536.5,539.8,536.4,533.1,530.7,529.6,529.8,532.0,532.5,533.2,533.7,533.7,533.2,532.5,532.0,24.8,-10.5,649.4,0.118,-0.167,-0.005,217.3,217.9,219.8,222.7,227.7,235.3,244.5,254.9,265.4,274.1,280.5,286.3,291.2,294.8,297.0,298.5,298.9,227.4,233.9,242.5,251.1,259.0,274.6,281.2,287.6,293.8,297.7,267.2,268.3,269.5,270.6,259.4,264.0,268.6,272.6,276.1,236.9,242.2,248.4,253.5,248.3,242.1,276.2,281.1,286.6,290.5,287.2,281.7,250.5,258.1,264.3,268.0,271.8,276.4,280.1,276.5,272.0,267.9,263.9,257.7,253.5,264.0,267.8,271.6,278.0,271.6,267.8,263.9,159.5,171.4,183.3,194.6,205.0,213.8,220.7,225.6,226.6,224.6,218.7,211.1,202.1,191.9,181.1,170.1,158.9,150.0,144.8,143.2,144.1,146.8,146.3,143.5,142.4,143.5,148.0,155.8,163.2,170.6,178.2,184.4,185.7,186.8,185.5,184.0,158.2,155.1,155.0,158.7,160.2,160.4,158.2,154.3,154.3,157.1,159.3,159.5,200.8,197.7,195.8,196.8,195.6,197.4,199.9,204.6,206.5,207.1,206.8,205.1,200.9,199.7,199.9,199.4,200.3,200.7,201.3,201.1,-57.1,-56.2,-53.2,-48.2,-39.2,-25.6,-9.6,8.3,26.1,41.6,53.8,65.3,74.8,81.3,85.3,88.0,88.7,-37.6,-26.6,-12.4,1.9,14.6,40.4,51.8,63.3,74.8,82.7,28.2,29.6,31.1,32.6,15.3,22.6,30.0,36.8,42.7,-21.7,-12.9,-2.7,5.7,-2.9,-13.1,44.0,52.5,62.2,69.4,63.1,53.5,0.8,13.2,23.4,29.4,35.7,43.7,51.0,44.0,36.2,29.3,22.6,12.6,5.8,22.9,29.2,35.6,47.1,35.5,29.1,22.8,-48.9,-28.1,-7.4,12.5,30.8,45.9,57.4,65.0,66.5,64.0,55.0,42.4,26.5,7.9,-11.6,-31.6,-51.8,-62.5,-70.6,-72.7,-70.7,-66.2,-67.7,-73.1,-76.0,-75.2,-68.4,-51.8,-39.3,-27.1,-14.7,-5.1,-2.9,-1.2,-3.2,-5.8,-48.7,-53.7,-53.8,-47.8,-45.3,-44.9,-49.3,-56.1,-56.5,-52.1,-47.8,-47.3,22.1,16.7,13.5,15.2,13.3,16.4,21.0,28.3,31.2,32.0,31.6,28.9,22.1,19.9,20.3,19.6,21.4,21.7,22.6,22.2,682.2,684.4,687.2,688.4,686.4,682.1,674.7,666.0,665.2,674.6,690.0,702.7,708.6,708.9,708.2,707.8,708.7,650.5,645.0,640.6,636.7,634.5,641.5,649.3,658.1,667.2,676.5,639.2,632.4,625.2,618.4,634.0,632.7,632.2,635.6,639.7,649.2,646.4,646.8,647.8,646.4,646.1,656.9,659.7,663.5,669.6,663.3,659.4,649.4,639.3,635.8,636.8,639.1,647.7,660.8,648.8,641.3,638.6,637.7,640.9,647.2,638.4,639.1,641.8,656.8,641.6,638.8,638.3,0.595,0.116,-0.218,0.001,264.879,181.072,-7.481,9.646,-13.44,17.042,4.952,1.128,-4.548,2.719,2.645,-3.223,-0.399,1.377,0.185,-2.169,-0.748,-0.568,-0.521,0.483,-1.543,-0.862,0.437,-0.436,-0.141,-0.675,0.08,0.128,0.064,0.026,-0.11,-0.016,-0.028,-0.002,0.003,0.008,0.56,0.58,0.0,0.62,0.0,0.0,0.26,0.0,0.0,0.0,0.0,0.0,0.0,0.0,0.0,0.0,0.0,1.0,1.0,0.0,0.0,0.0,0.0,0.0,0.0,0.0,0.0,0.0,0.0,0.0,0.0,0.0,0.0,1.0,0.0
PP133,g1,568,0,0.975,0.200513,0.142557,-0.969264,0.04372,0.14189,-0.988916,0.124,0.144,241.7,243.0,246.2,249.4,250.7,249.7,246.3,243.1,237.4,239.4,242.3,245.8,249.3,251.9,253.7,251.6,248.7,245.5,242.3,239.5,244.9,246.3,247.6,248.2,247.6,246.2,244.8,244.3,279.6,280.5,283.3,286.3,287.7,286.8,284.0,280.8,276.6,278.5,281.2,284.5,287.4,289.5,290.7,289.6,287.6,285.1,282.0,279.0,282.3,283.6,284.8,285.3,284.6,283.3,282.1,281.7,156.5,153.2,151.9,153.2,156.4,159.9,161.0,159.7,158.1,156.2,155.0,154.4,155.0,156.4,158.4,159.6,160.0,160.3,160.1,159.4,158.0,158.5,157.9,156.5,155.1,154.5,155.1,156.6,155.9,152.7,151.4,152.6,155.6,158.8,160.1,159.2,158.1,155.9,154.4,153.7,154.2,155.3,157.1,158.4,159.1,159.4,159.4,159.1,157.3,157.8,157.2,155.8,154.5,153.9,154.5,155.9,-10.8,-9.2,-5.0,-0.8,1.0,-0.4,-4.9,-9.0,-16.6,-13.9,-10.1,-5.5,-1.0,2.5,4.9,2.2,-1.7,-5.9,-10.1,-13.8,-6.7,-4.9,-3.1,-2.4,-3.1,-5.0,-6.8,-7.5,40.1,41.5,45.4,49.6,51.5,50.2,46.2,41.8,36.1,38.7,42.2,46.8,51.0,54.2,56.2,54.3,51.3,47.6,43.4,39.2,44.0,45.8,47.5,48.1,47.3,45.4,43.7,43.1,-40.6,-45.0,-46.8,-45.1,-40.8,-36.2,-34.7,-36.4,-38.9,-41.1,-42.5,-43.3,-42.6,-40.8,-38.2,-36.6,-35.9,-35.6,-35.9,-36.9,-38.8,-38.0,-38.8,-40.7,-42.6,-43.3,-42.5,-40.6,-42.9,-47.2,-49.2,-47.7,-43.5,-39.2,-37.2,-38.4,-39.9,-42.8,-44.9,-45.9,-45.5,-44.2,-42.0,-39.9,-38.7,-38.1,-38.1,-38.5,-41.2,-40.5,-41.4,-43.3,-45.1,-45.8,-44.9,-43.0,512.1,512.6,512.9,512.7,512.1,511.8,511.4,511.6,516.1,513.6,511.3,510.3,510.9,512.4,514.0,512.3,510.7,510.3,511.4,513.5,512.7,512.6,512.7,512.9,513.2,513.3,513.1,512.9,529.6,530.8,532.4,533.6,533.6,532.4,530.8,529.8,530.0,529.3,529.1,530.1,532.7,536.1,539.3,536.0,532.7,530.2,529.1,529.3,531.5,532.0,532.7,533.2,533.2,532.7,532.0,531.5,25.3,-10.7,648.4,0.119,-0.175,-0.001,217.4,218.1,219.9,222.7,227.7,235.3,244.5,255.0,265.5,274.2,280.5,286.3,291.3,294.9,297.1,298.7,299.0,227.7,234.3,242.9,251.7,259.6,275.1,281.6,288.0,294.2,298.1,267.7,268.8,270.0,271.2,259.8,264.4,269.0,273.1,276.5,237.3,242.6,248.8,253.9,248.7,242.5,276.6,281.5,287.0,290.9,287.6,282.1,250.7,258.3,264.7,268.4,272.2,276.8,280.5,276.9,272.4,268.3,264.1,257.9,253.7,264.3,268.2,272.0,278.3,272.0,268.1,264.2,159.2,171.2,183.0,194.3,204.8,213.6,220.6,225.5,226.5,224.5,218.7,211.1,202.1,191.9,181.1,170.0,158.8,149.8,144.6,143.0,143.9,146.6,146.2,143.3,142.2,143.4,147.9,155.7,163.1,170.5,178.1,184.3,185.6,186.7,185.5,183.9,158.0,154.9,154.9,158.5,160.0,160.2,158.1,154.2,154.2,157.0,159.3,159.4,200.6,197.5,195.7,196.7,195.6,197.3,199.8,204.5,206.4,207.0,206.7,205.0,200.7,199.6,199.8,199.3,200.2,200.7,201.3,201.0,-56.8,-55.8,-52.9,-48.0,-39.1,-25.6,-9.5,8.4,26.3,41.7,53.9,65.2,74.8,81.3,85.4,88.1,88.9,-37.0,-25.9,-11.6,2.7,15.6,41.1,52.5,64.0,75.5,83.3,28.9,30.4,31.9,33.5,15.9,23.3,30.7,37.5,43.4,-21.1,-12.2,-2.0,6.4,-2.2,-12.4,44.6,53.1,62.8,70.0,63.7,54.1,1.2,13.6,23.8,30.0,36.3,44.4,51.5,44.5,36.7,29.8,23.1,12.9,6.1,23.4,29.7,36.2,47.6,36.1,29.6,23.2,-49.3,-28.5,-7.9,12.0,30.2,45.4,57.0,64.7,66.3,63.9,55.0,42.4,26.5,7.9,-11.7,-31.7,-52.0,-62.6,-70.7,-72.9,-70.8,-66.3,-67.8,-73.3,-76.2,-75.3,-68.4,-52.0,-39.4,-27.2,-14.8,-5.2,-3.1,-1.3,-3.3,-5.9,-48.9,-53.8,-53.9,-47.9,-45.4,-45.0,-49.3,-56.2,-56.5,-52.1,-47.9,-47.4,21.8,16.4,13.3,15.0,13.2,16.3,20.8,28.2,31.1,31.8,31.3,28.7,21.8,19.7,20.1,19.4,21.3,21.6,22.5,22.0,680.4,682.5,685.3,686.5,684.6,680.4,673.3,664.6,664.1,673.6,689.1,702.0,707.9,708.4,707.8,707.4,708.4,649.0,643.5,639.1,635.3,633.2,640.4,648.3,657.3,666.5,675.9,638.0,631.3,624.1,617.5,632.9,631.6,631.2,634.6,638.8,647.7,645.0,645.5,646.5,645.1,644.6,655.9,658.7,662.7,668.8,662.5,658.5,648.1,638.1,634.7,635.8,638.1,646.8,659.9,647.8,640.2,637.5,636.5,639.6,645.9,637.2,638.0,640.8,655.9,640.5,637.7,637.1,0.596,0.117,-0.227,0.005,265.194,180.96,-7.12,9.13,-13.155,16.77,4.962,1.12,-4.644,2.541,2.486,-3.06,-0.665,1.176,0.075,-1.742,-0.842,-0.54,-0.516,0.598,-1.643,-0.971,0.432,-0.359,-0.109,-0.675,0.019,0.1,0.061,0.022,-0.102,-0.018,-0.024,-0.002,0.003,0.002,0.58,0.13,0.0,0.51,0.0,0.0,0.13,0.0,0.0,0.14,0.0,0.0,0.0,0.0,0.0,0.0,0.0,1.0,1.0,0.0,1.0,0.0,0.0,0.0,0.0,0.0,0.0,0.0,0.0,0.0,0.0,0.0,0.0,1.0,0.0
PP133,g1,574,0,0.975,0.192979,0.130714,-0.972457,0.043816,0.130474,-0.990483,0.12,0.132,241.9,243.1,246.3,249.5,250.9,249.8,246.5,243.3,237.6,239.6,242.4,245.9,249.4,252.0,253.9,251.8,248.9,245.6,242.5,239.7,245.0,246.4,247.8,248.3,247.7,246.3,245.0,244.4,279.7,280.6,283.4,286.4,287.8,286.9,284.1,280.9,276.7,278.6,281.3,284.6,287.5,289.6,290.8,289.7,287.7,285.2,282.1,279.0,282.4,283.7,284.9,285.3,284.7,283.4,282.2,281.8,156.8,153.5,152.1,153.4,156.6,160.1,161.2,160.0,158.4,156.5,155.3,154.6,155.2,156.6,158.6,159.8,160.2,160.5,160.3,159.7,158.2,158.8,158.1,156.7,155.3,154.8,155.4,156.8,156.0,152.8,151.5,152.7,155.7,158.8,160.2,159.3,158.1,156.0,154.5,153.7,154.3,155.4,157.2,158.5,159.2,159.5,159.4,159.1,157.3,157.9,157.3,155.9,154.6,154.0,154.6,156.0,-10.7,-9.0,-4.9,-0.7,1.1,-0.2,-4.6,-8.8,-16.4,-13.7,-10.0,-5.4,-0.8,2.7,5.1,2.4,-1.5,-5.7,-9.8,-13.6,-6.5,-4.7,-2.9,-2.2,-3.0,-4.8,-6.6,-7.3,40.2,41.5,45.4,49.6,51.6,50.2,46.3,41.8,36.1,38.7,42.3,46.8,51.0,54.2,56.2,54.3,51.3,47.6,43.4,39.3,44.0,45.8,47.5,48.1,47.3,45.5,43.7,43.1,-40.4,-44.7,-46.6,-44.9,-40.6,-36.0,-34.5,-36.1,-38.5,-40.8,-42.3,-43.0,-42.4,-40.6,-38.1,-36.5,-35.7,-35.4,-35.6,-36.6,-38.5,-37.8,-38.6,-40.5,-42.4,-43.1,-42.3,-40.4,-42.7,-47.0,-49.0,-47.5,-43.3,-39.0,-37.0,-38.2,-39.8,-42.6,-44.7,-45.7,-45.3,-44.0,-41.7,-39.7,-38.5,-37.9,-38.0,-38.4,-41.0,-40.3,-41.2,-43.1,-44.9,-45.6,-44.7,-42.8,513.2,513.7,513.9,513.7,513.1,512.8,512.4,512.6,517.3,514.8,512.5,511.3,511.9,513.3,514.9,513.2,511.7,511.3,512.5,514.7,513.7,513.6,513.7,513.9,514.2,514.3,514.2,514.0,528.7,529.9,531.5,532.7,532.7,531.5,529.8,528.8,529.0,528.3,528.2,529.2,531.8,535.2,538.4,535.1,531.7,529.3,528.2,528.3,530.6,531.1,531.8,532.3,532.3,531.8,531.1,530.6,25.8,-9.9,646.4,0.101,-0.169,-0.01,217.9,218.6,220.5,223.5,228.6,236.2,245.2,255.7,266.2,275.0,281.3,286.9,291.7,295.1,297.3,298.8,299.1,227.9,234.3,242.9,251.6,259.4,275.1,281.7,288.1,294.2,298.1,267.7,268.9,270.2,271.4,260.1,264.7,269.3,273.4,276.8,237.5,242.7,248.9,254.0,248.8,242.6,276.6,281.5,287.1,290.9,287.7,282.2,251.3,258.8,265.1,268.8,272.6,277.2,280.9,277.3,272.9,268.8,264.7,258.4,254.3,264.8,268.6,272.5,278.7,272.5,268.6,264.7,160.0,172.1,184.1,195.5,206.0,215.0,222.1,227.0,227.9,225.9,219.9,212.1,202.9,192.4,181.5,170.4,159.2,150.3,144.9,143.2,144.1,146.7,146.2,143.5,142.4,143.5,148.2,155.7,163.2,170.6,178.3,184.5,185.9,187.0,185.7,184.1,158.4,155.2,155.1,158.7,160.2,160.5,158.2,154.3,154.3,157.2,159.4,159.5,201.3,198.1,196.1,197.1,196.0,197.8,200.4,205.1,207.0,207.6,207.3,205.7,201.4,200.0,200.3,199.8,200.7,201.2,201.8,201.6,-55.9,-54.8,-51.6,-46.5,-37.4,-24.0,-8.2,9.6,27.5,42.9,55.0,66.1,75.3,81.5,85.4,88.0,88.7,-36.7,-25.9,-11.6,2.5,15.3,41.2,52.5,63.9,75.3,83.1,28.9,30.5,32.1,33.7,16.4,23.7,31.1,37.9,43.7,-20.7,-12.0,-1.8,6.7,-1.9,-12.1,44.6,53.1,62.8,69.9,63.8,54.1,2.1,14.3,24.4,30.5,36.8,44.8,52.0,45.1,37.4,30.5,23.8,13.8,7.1,24.0,30.3,36.7,48.0,36.7,30.2,23.9,-47.8,-26.9,-6.0,14.0,32.4,47.7,59.3,66.9,68.3,65.9,56.9,44.0,27.7,8.9,-10.7,-30.8,-51.2,-61.7,-70.0,-72.3,-70.4,-66.0,-67.6,-73.0,-75.8,-74.9,-67.9,-51.9,-39.2,-26.9,-14.5,-4.8,-2.6,-0.8,-2.9,-5.5,-48.2,-53.3,-53.5,-47.6,-45.0,-44.5,-49.1,-55.9,-56.2,-51.8,-47.6,-47.2,22.9,17.2,14.0,15.6,13.8,16.9,21.7,29.0,31.9,32.6,32.2,29.7,22.9,20.4,20.8,20.0,22.1,22.4,23.3,22.8,679.2,681.3,684.0,684.9,682.6,678.2,670.9,662.1,661.4,670.9,686.4,699.2,705.1,705.3,704.6,704.2,705.2,648.1,642.7,638.4,634.6,632.5,639.7,647.5,656.3,665.4,674.6,636.9,629.9,622.5,615.5,631.1,629.6,629.1,632.6,636.9,646.6,644.0,644.5,645.4,644.0,643.5,654.7,657.6,661.4,667.3,661.1,657.2,646.0,636.0,632.7,633.7,636.0,644.5,657.4,645.2,637.9,635.1,634.2,637.2,643.7,635.1,635.8,638.7,653.3,638.4,635.5,635.0,0.598,0.102,-0.221,-0.004,265.524,181.452,-9.849,10.725,-13.26,19.514,3.449,1.871,-4.751,2.277,2.962,-4.108,-0.723,1.036,-0.144,-2.058,-0.246,-0.921,-0.386,0.784,-1.572,-0.945,0.38,-0.34,-0.146,-0.823,0.056,0.194,0.096,0.036,-0.104,-0.022,-0.024,-0.015,0.008,-0.003,0.51,0.21,0.0,0.33,0.0,0.0,0.0,0.0,0.0,0.0,0.0,0.0,0.0,0.0,0.0,0.04,0.0,1.0,1.0,0.0,0.0,0.0,0.0,0.0,0.0,0.0,0.0,0.0,0.0,0.0,0.0,0.0,1.0,1.0,0.0
PP133,g1,580,0,0.975,0.198248,0.136467,-0.970605,0.045705,0.135698,-0.989695,0.124,0.138,242.4,243.6,246.8,250.0,251.4,250.3,246.9,243.7,238.1,240.0,242.9,246.4,249.9,252.5,254.4,252.3,249.3,246.1,243.0,240.1,245.5,246.9,248.3,248.8,248.2,246.8,245.4,244.9,280.2,281.1,283.9,286.9,288.3,287.4,284.6,281.4,277.2,279.1,281.8,285.0,288.0,290.0,291.3,290.1,288.2,285.7,282.6,279.5,282.9,284.2,285.4,285.8,285.2,283.9,282.7,282.3,156.9,153.6,152.2,153.5,156.7,160.2,161.4,160.1,158.5,156.7,155.4,154.7,155.3,156.7,158.8,159.9,160.4,160.6,160.4,159.8,158.3,158.9,158.3,156.9,155.5,154.9,155.5,156.9,156.2,153.0,151.6,152.8,155.9,159.0,160.4,159.5,158.3,156.2,154.7,153.9,154.4,155.6,157.4,158.7,159.4,159.7,159.6,159.3,157.5,158.1,157.5,156.1,154.7,154.2,154.8,156.2,-10.0,-8.4,-4.2,-0.0,1.8,0.4,-4.0,-8.2,-15.8,-13.1,-9.3,-4.7,-0.2,3.3,5.7,3.0,-0.9,-5.1,-9.2,-13.0,-5.9,-4.1,-2.3,-1.5,-2.3,-4.2,-6.0,-6.7,40.8,42.2,46.0,50.2,52.2,50.8,46.9,42.4,36.8,39.3,42.9,47.4,51.7,54.8,56.8,54.9,52.0,48.3,44.1,39.9,44.6,46.5,48.2,48.8,47.9,46.1,44.4,43.8,-40.1,-44.4,-46.3,-44.6,-40.3,-35.7,-34.2,-35.9,-38.3,-40.6,-42.0,-42.8,-42.1,-40.3,-37.8,-36.1,-35.4,-35.1,-35.4,-36.4,-38.3,-37.5,-38.3,-40.2,-42.1,-42.8,-42.0,-40.1,-42.4,-46.7,-48.8,-47.2,-43.1,-38.7,-36.7,-37.9,-39.4,-42.3,-44.4,-45.5,-45.0,-43.7,-41.5,-39.4,-38.2,-37.6,-37.7,-38.0,-40.7,-40.0,-40.9,-42.8,-44.6,-45.3,-44.4,-42.5,512.0,512.6,512.8,512.6,512.0,511.7,511.2,511.5,516.1,513.5,511.3,510.2,510.8,512.2,513.8,512.2,510.6,510.2,511.3,513.5,512.6,512.5,512.6,512.8,513.1,513.2,513.1,512.8,528.2,529.4,531.1,532.3,532.3,531.1,529.4,528.4,528.5,527.9,527.8,528.8,531.4,534.8,538.0,534.6,531.3,528.9,527.7,527.9,530.1,530.6,531.4,531.9,531.9,531.4,530.6,530.1,26.4,-9.7,647.1,0.112,-0.174,-0.005,218.1,218.8,220.7,223.6,228.7,236.3,245.3,255.8,266.3,275.0,281.3,287.0,291.8,295.3,297.6,299.1,299.4,228.3,234.8,243.5,252.2,260.2,275.6,282.2,288.5,294.7,298.6,268.3,269.5,270.7,271.9,260.5,265.1,269.8,273.8,277.3,237.9,243.2,249.4,254.5,249.3,243.1,277.1,282.0,287.6,291.4,288.2,282.7,251.4,259.0,265.4,269.1,273.0,277.5,281.2,277.6,273.2,269.0,264.9,258.6,254.4,265.0,268.9,272.8,279.1,272.8,268.9,264.9,159.9,172.0,184.0,195.4,205.9,214.8,221.8,226.7,227.6,225.6,219.7,211.9,202.7,192.4,181.5,170.4,159.2,150.4,145.1,143.4,144.4,147.0,146.5,143.7,142.6,143.7,148.3,155.9,163.4,170.9,178.6,184.8,186.1,187.2,186.0,184.4,158.4,155.3,155.2,158.9,160.4,160.6,158.4,154.5,154.5,157.3,159.6,159.7,201.3,198.2,196.3,197.3,196.2,197.9,200.4,205.2,207.2,207.7,207.5,205.8,201.4,200.2,200.4,199.9,200.8,201.4,202.0,201.7,-55.4,-54.4,-51.3,-46.3,-37.3,-23.9,-8.1,9.8,27.6,43.0,55.1,66.3,75.6,82.0,85.9,88.6,89.3,-36.0,-25.0,-10.6,3.6,16.4,42.0,53.3,64.8,76.2,84.0,29.9,31.4,33.0,34.6,17.0,24.4,31.9,38.6,44.5,-20.0,-11.2,-1.0,7.5,-1.1,-11.4,45.5,54.0,63.7,70.8,64.6,55.0,2.2,14.7,25.0,31.1,37.5,45.5,52.6,45.7,37.9,31.0,24.2,14.0,7.2,24.5,30.8,37.3,48.7,37.3,30.7,24.3,-47.9,-27.0,-6.2,13.8,32.2,47.4,59.0,66.5,68.1,65.6,56.6,43.7,27.6,8.8,-10.8,-30.9,-51.2,-61.5,-69.7,-72.0,-70.0,-65.6,-67.1,-72.6,-75.5,-74.6,-67.7,-51.5,-38.8,-26.4,-14.0,-4.4,-2.2,-0.4,-2.5,-5.1,-48.1,-53.1,-53.2,-47.3,-44.7,-44.3,-48.8,-55.6,-56.0,-51.6,-47.3,-46.8,22.8,17.4,14.3,16.0,14.1,17.2,21.8,29.3,32.2,33.0,32.5,29.8,22.9,20.6,21.0,20.3,22.3,22.8,23.7,23.2,678.8,680.9,683.7,684.8,682.8,678.7,671.6,662.9,662.3,671.8,687.4,700.2,706.0,706.3,705.7,705.3,706.3,647.7,642.3,638.0,634.2,632.2,639.5,647.4,656.3,665.6,674.9,636.9,630.0,622.7,615.9,631.4,630.0,629.5,633.1,637.4,646.4,643.8,644.3,645.2,643.8,643.3,654.8,657.7,661.6,667.6,661.3,657.4,646.7,636.8,633.4,634.5,636.9,645.5,658.5,646.4,638.9,636.1,635.1,638.2,644.5,635.9,636.6,639.5,654.5,639.3,636.3,635.8,0.597,0.112,-0.228,0.001,265.864,181.552,-9.597,10.088,-12.446,18.523,4.55,2.035,-4.814,1.914,2.793,-3.428,-0.392,1.136,-0.056,-1.749,-0.664,-0.776,-0.273,0.755,-1.728,-0.863,0.475,-0.422,-0.145,-0.703,0.064,0.131,0.065,0.035,-0.099,-0.021,-0.027,-0.004,0.004,-0.001,0.41,0.3,0.0,0.79,0.0,0.0,0.0,0.0,0.0,0.0,0.0,0.0,0.0,0.0,0.0,0.04,0.0,1.0,1.0,0.0,1.0,0.0,0.0,0.0,0.0,0.0,0.0,0.0,0.0,0.0,0.0,0.0,1.0,1.0,0.0
PP133,g1,586,0,0.975,0.199274,0.145942,-0.969015,0.042526,0.144469,-0.988595,0.123,0.147,242.3,243.6,246.7,249.9,251.3,250.2,246.8,243.6,238.0,240.0,242.8,246.3,249.8,252.4,254.2,252.2,249.2,246.0,242.9,240.0,245.4,246.8,248.2,248.7,248.1,246.8,245.4,244.8,280.1,281.1,283.8,286.8,288.3,287.3,284.6,281.3,277.1,279.1,281.7,285.0,287.9,290.0,291.2,290.1,288.1,285.6,282.6,279.5,282.9,284.2,285.4,285.8,285.1,283.8,282.6,282.2,156.5,153.3,151.9,153.2,156.4,159.9,161.0,159.7,158.1,156.3,155.0,154.4,155.0,156.5,158.5,159.6,160.1,160.3,160.1,159.4,158.0,158.6,158.0,156.6,155.2,154.6,155.2,156.6,155.9,152.8,151.4,152.6,155.7,158.8,160.2,159.2,158.1,156.0,154.4,153.7,154.2,155.3,157.1,158.5,159.2,159.5,159.4,159.1,157.3,157.8,157.2,155.9,154.5,154.0,154.6,156.0,-10.1,-8.5,-4.3,-0.1,1.7,0.3,-4.2,-8.4,-15.9,-13.2,-9.4,-4.8,-0.3,3.2,5.6,2.8,-1.0,-5.2,-9.4,-13.1,-6.1,-4.2,-2.4,-1.7,-2.4,-4.3,-6.1,-6.8,40.8,42.2,46.0,50.2,52.2,50.8,46.9,42.4,36.8,39.3,42.9,47.4,51.7,54.8,56.9,54.9,52.0,48.2,44.1,39.9,44.6,46.5,48.2,48.8,47.9,46.1,44.4,43.8,-40.7,-45.0,-46.8,-45.1,-40.8,-36.2,-34.7,-36.4,-38.9,-41.1,-42.6,-43.3,-42.6,-40.8,-38.2,-36.6,-35.9,-35.6,-35.9,-37.0,-38.8,-38.0,-38.8,-40.7,-42.6,-43.3,-42.5,-40.6,-42.8,-47.1,-49.1,-47.6,-43.4,-39.1,-37.1,-38.3,-39.8,-42.6,-44.7,-45.8,-45.4,-44.1,-41.9,-39.8,-38.6,-38.0,-38.0,-38.4,-41.0,-40.4,-41.2,-43.1,-45.0,-45.6,-44.8,-42.9,512.9,513.4,513.7,513.5,512.9,512.6,512.1,512.3,516.9,514.4,512.1,511.1,511.7,513.1,514.8,513.1,511.5,511.1,512.1,514.3,513.5,513.4,513.5,513.7,514.0,514.1,513.9,513.7,528.9,530.1,531.7,532.9,532.9,531.8,530.1,529.1,529.3,528.6,528.5,529.5,532.1,535.5,538.7,535.3,532.0,529.6,528.5,528.6,530.8,531.3,532.1,532.6,532.6,532.0,531.3,530.8,26.0,-10.5,649.0,0.128,-0.174,0.001,217.9,218.5,220.3,223.1,228.0,235.6,244.8,255.3,265.8,274.6,280.9,286.7,291.6,295.2,297.5,299.1,299.5,228.3,234.9,243.5,252.2,260.1,275.6,282.2,288.5,294.7,298.6,268.2,269.3,270.5,271.6,260.2,264.8,269.4,273.5,277.0,237.8,243.1,249.3,254.4,249.2,243.0,277.1,282.0,287.6,291.4,288.1,282.6,250.8,258.5,265.0,268.7,272.6,277.2,280.9,277.2,272.7,268.6,264.4,258.1,253.8,264.6,268.5,272.4,278.8,272.4,268.5,264.5,159.2,171.1,182.9,194.2,204.7,213.5,220.6,225.6,226.5,224.5,218.6,211.0,202.0,191.8,181.1,170.0,158.9,149.9,144.7,143.1,144.1,146.7,146.3,143.5,142.4,143.5,148.0,155.8,163.3,170.7,178.4,184.4,185.8,186.9,185.7,184.1,158.0,154.9,154.9,158.6,160.1,160.2,158.2,154.2,154.2,157.1,159.3,159.5,200.6,197.7,195.9,196.9,195.7,197.5,199.9,204.7,206.7,207.3,207.0,205.2,200.8,199.7,200.0,199.5,200.3,201.0,201.6,201.3,-55.9,-55.0,-52.2,-47.4,-38.5,-25.0,-9.0,9.0,27.0,42.4,54.6,65.9,75.5,82.0,86.1,88.9,89.7,-36.0,-24.9,-10.7,3.6,16.3,42.0,53.4,64.9,76.3,84.1,29.8,31.2,32.7,34.2,16.6,24.0,31.4,38.2,44.1,-20.2,-11.3,-1.1,7.3,-1.3,-11.5,45.5,54.0,63.7,70.8,64.6,55.0,1.4,14.0,24.4,30.5,37.0,45.1,52.3,45.2,37.3,30.3,23.5,13.2,6.3,23.9,30.2,36.8,48.4,36.7,30.2,23.7,-49.4,-28.7,-8.1,11.8,30.1,45.4,57.1,64.8,66.5,64.0,54.9,42.2,26.3,7.8,-11.7,-31.6,-51.9,-62.5,-70.5,-72.6,-70.6,-66.1,-67.6,-73.1,-76.0,-75.1,-68.3,-51.8,-39.1,-26.8,-14.4,-5.0,-2.8,-1.0,-3.0,-5.6,-48.8,-53.8,-53.8,-47.8,-45.3,-45.0,-49.2,-56.1,-56.5,-52.1,-47.8,-47.3,21.8,16.6,13.6,15.3,13.5,16.5,21.0,28.6,31.6,32.3,31.9,29.1,22.0,20.0,20.5,19.7,21.5,22.1,23.0,22.5,680.4,682.6,685.5,686.9,685.1,681.1,674.0,665.4,664.9,674.3,689.8,702.5,708.3,708.6,707.9,707.4,708.3,648.7,643.3,639.0,635.3,633.3,640.7,648.4,657.3,666.4,675.6,638.1,631.5,624.5,617.9,633.4,632.1,631.7,635.2,639.3,647.7,645.0,645.5,646.5,645.1,644.6,655.9,658.7,662.7,668.7,662.5,658.6,649.1,639.0,635.4,636.5,638.9,647.7,660.9,648.8,641.2,638.4,637.5,640.6,646.9,638.0,638.8,641.6,657.0,641.4,638.5,638.0,0.596,0.126,-0.227,0.008,265.61,181.058,-8.709,9.311,-12.469,16.269,5.15,1.458,-4.775,2.584,2.561,-2.444,-0.538,1.306,0.305,-1.907,-1.138,-0.254,-0.213,1.014,-1.481,-0.924,0.42,-0.493,-0.097,-0.658,0.031,0.03,0.081,0.01,-0.09,-0.007,-0.022,-0.002,0.0,-0.003,0.4,0.24,0.0,0.71,0.0,0.0,0.19,0.0,0.0,0.1,0.0,0.0,0.0,0.0,0.0,0.0,0.0,0.0,1.0,0.0,1.0,0.0,0.0,0.0,0.0,0.0,0.0,0.0,0.0,0.0,0.0,0.0,0.0,1.0,0.0
PP133,g1,592,0,0.975,0.200668,0.133313,-0.970546,0.048542,0.133421,-0.98987,0.126,0.135,242.3,243.6,246.7,249.9,251.3,250.3,246.9,243.7,238.0,240.0,242.8,246.3,249.8,252.4,254.3,252.2,249.3,246.1,242.9,240.1,245.5,246.9,248.2,248.8,248.2,246.8,245.4,244.8,280.1,281.0,283.7,286.7,288.2,287.2,284.5,281.3,277.1,279.0,281.6,284.9,287.8,289.9,291.1,290.0,288.1,285.5,282.5,279.4,282.8,284.1,285.3,285.7,285.0,283.7,282.5,282.1,156.7,153.4,152.0,153.3,156.5,160.0,161.1,159.9,158.3,156.4,155.2,154.5,155.1,156.5,158.5,159.7,160.1,160.4,160.2,159.6,158.1,158.7,158.0,156.6,155.2,154.7,155.3,156.7,155.8,152.7,151.3,152.5,155.6,158.7,160.1,159.1,158.0,155.9,154.3,153.6,154.1,155.3,157.1,158.4,159.1,159.4,159.3,159.0,157.2,157.7,157.1,155.8,154.4,153.9,154.5,155.9,-10.1,-8.5,-4.3,-0.1,1.7,0.4,-4.1,-8.3,-15.8,-13.2,-9.4,-4.8,-0.3,3.2,5.7,2.9,-0.9,-5.1,-9.3,-13.0,-6.0,-4.1,-2.3,-1.6,-2.4,-4.3,-6.1,-6.8,40.8,42.2,46.1,50.2,52.2,50.9,47.0,42.5,36.8,39.4,43.0,47.5,51.7,54.9,56.9,55.0,52.0,48.3,44.1,40.0,44.7,46.5,48.2,48.8,47.9,46.1,44.4,43.8,-40.5,-44.8,-46.7,-45.0,-40.8,-36.2,-34.6,-36.3,-38.7,-40.9,-42.4,-43.2,-42.5,-40.8,-38.2,-36.6,-35.9,-35.5,-35.8,-36.8,-38.7,-37.9,-38.7,-40.6,-42.5,-43.2,-42.4,-40.5,-43.0,-47.4,-49.4,-47.9,-43.7,-39.4,-37.4,-38.5,-40.1,-42.9,-45.0,-46.1,-45.6,-44.3,-42.1,-40.0,-38.8,-38.3,-38.3,-38.7,-41.3,-40.6,-41.5,-43.4,-45.2,-45.9,-45.0,-43.1,513.3,513.9,514.1,513.9,513.3,513.0,512.5,512.8,517.4,514.9,512.6,511.5,512.1,513.6,515.2,513.5,511.9,511.5,512.6,514.8,513.9,513.8,513.9,514.1,514.4,514.5,514.4,514.1,530.7,531.9,533.6,534.7,534.7,533.5,531.9,530.8,531.0,530.3,530.2,531.3,533.9,537.3,540.5,537.1,533.8,531.3,530.2,530.3,532.6,533.1,533.8,534.3,534.3,533.8,533.1,532.6,26.4,-10.1,647.1,0.106,-0.179,-0.007,218.1,218.8,220.7,223.6,228.7,236.2,245.3,255.7,266.2,274.9,281.2,286.8,291.7,295.2,297.4,299.0,299.3,228.3,234.8,243.4,252.1,260.0,275.6,282.0,288.4,294.5,298.4,268.2,269.4,270.7,271.9,260.6,265.2,269.8,273.8,277.3,237.9,243.2,249.3,254.5,249.3,243.1,277.0,281.9,287.4,291.3,288.0,282.6,251.6,259.2,265.5,269.2,273.1,277.6,281.2,277.7,273.3,269.2,265.0,258.8,254.6,265.2,269.0,272.9,279.1,272.8,269.0,265.1,159.9,172.0,183.9,195.3,205.8,214.7,221.7,226.7,227.6,225.7,219.8,212.0,202.8,192.4,181.4,170.2,158.9,150.2,144.9,143.2,144.1,146.7,146.2,143.4,142.3,143.4,148.0,155.6,163.1,170.5,178.2,184.4,185.7,186.8,185.6,184.0,158.3,155.1,155.0,158.6,160.1,160.4,158.1,154.1,154.1,157.0,159.2,159.3,201.1,197.9,195.9,197.0,195.8,197.6,200.2,205.0,207.0,207.5,207.3,205.6,201.2,199.8,200.1,199.6,200.6,201.2,201.8,201.5,-55.4,-54.4,-51.3,-46.2,-37.2,-23.9,-8.1,9.7,27.5,42.9,54.9,66.0,75.3,81.7,85.7,88.4,89.1,-35.9,-25.0,-10.7,3.4,16.2,41.9,53.2,64.5,75.9,83.7,29.7,31.3,33.0,34.6,17.1,24.5,31.9,38.7,44.5,-20.0,-11.3,-1.1,7.4,-1.2,-11.4,45.3,53.8,63.5,70.6,64.4,54.8,2.6,14.9,25.2,31.3,37.6,45.5,52.6,45.8,38.1,31.2,24.5,14.3,7.6,24.7,31.0,37.4,48.7,37.4,30.9,24.5,-47.9,-27.1,-6.3,13.6,31.9,47.2,58.8,66.4,68.0,65.7,56.8,43.9,27.7,8.9,-11.0,-31.3,-51.8,-61.9,-70.1,-72.4,-70.5,-66.1,-67.7,-73.2,-76.1,-75.2,-68.3,-52.0,-39.4,-27.1,-14.7,-5.0,-2.8,-1.1,-3.1,-5.8,-48.4,-53.5,-53.6,-47.8,-45.2,-44.7,-49.4,-56.2,-56.5,-52.1,-47.9,-47.4,22.6,16.9,13.7,15.4,13.5,16.6,21.4,29.0,31.9,32.6,32.2,29.5,22.6,20.1,20.5,19.8,21.9,22.4,23.3,22.8,678.1,680.2,682.9,684.1,682.1,678.0,671.1,662.6,662.1,671.6,687.1,700.0,706.1,706.6,706.0,705.6,706.6,647.6,642.4,638.2,634.7,632.8,640.2,648.1,656.9,666.1,675.3,637.3,630.4,623.1,616.3,631.5,630.1,629.7,633.3,637.7,646.4,643.9,644.5,645.4,644.0,643.4,655.1,658.0,662.0,667.9,661.6,657.7,646.5,636.6,633.3,634.4,636.8,645.4,658.4,646.3,638.8,636.0,635.1,638.0,644.3,635.8,636.5,639.4,654.4,639.2,636.3,635.8,0.597,0.106,-0.234,-0.001,265.847,181.318,-10.67,9.044,-12.627,18.897,3.801,1.709,-4.29,1.997,2.981,-4.082,-0.506,1.309,-0.036,-2.043,-0.5,-0.865,-0.255,0.591,-1.614,-0.887,0.418,-0.375,-0.07,-0.759,0.122,0.173,0.08,0.04,-0.107,-0.013,-0.028,-0.01,0.008,-0.002,0.51,0.34,0.0,0.63,0.0,0.0,0.05,0.0,0.0,0.11,0.0,0.0,0.0,0.0,0.0,0.26,0.0,1.0,1.0,0.0,0.0,0.0,0.0,0.0,0.0,0.0,0.0,0.0,0.0,0.0,0.0,0.0,1.0,1.0,0.0
PP133,g1,598,0,0.975,0.196316,0.126853,-0.9723,0.052139,0.126964,-0.990536,0.126,0.129,242.5,243.7,246.8,250.0,251.4,250.4,247.1,243.9,238.2,240.1,243.0,246.4,249.9,252.6,254.5,252.4,249.4,246.2,243.1,240.3,245.6,247.0,248.4,248.9,248.3,246.9,245.5,245.0,280.2,281.1,283.9,286.8,288.3,287.4,284.6,281.4,277.2,279.1,281.8,285.1,288.0,290.0,291.2,290.1,288.2,285.7,282.7,279.6,282.9,284.2,285.4,285.8,285.2,283.9,282.7,282.3,157.1,153.8,152.4,153.6,156.8,160.3,161.5,160.3,158.7,156.9,155.6,154.9,155.4,156.8,158.8,160.0,160.5,160.8,160.6,160.0,158.5,159.0,158.4,157.0,155.6,155.0,155.7,157.1,156.1,153.0,151.6,152.8,155.9,159.0,160.4,159.4,158.3,156.2,154.6,153.9,154.4,155.6,157.4,158.7,159.4,159.7,159.6,159.3,157.5,158.0,157.4,156.1,154.7,154.2,154.8,156.2,-9.9,-8.3,-4.2,0.0,1.9,0.6,-3.9,-8.1,-15.6,-13.0,-9.2,-4.7,-0.1,3.4,5.9,3.1,-0.7,-4.9,-9.1,-12.8,-5.8,-3.9,-2.1,-1.4,-2.2,-4.1,-5.9,-6.6,40.9,42.2,46.1,50.3,52.3,50.9,47.0,42.5,36.9,39.4,43.0,47.5,51.7,54.9,56.9,55.0,52.0,48.4,44.2,40.0,44.7,46.5,48.2,48.8,48.0,46.1,44.4,43.9,-39.9,-44.3,-46.2,-44.5,-40.3,-35.6,-34.1,-35.7,-38.1,-40.3,-41.9,-42.7,-42.0,-40.3,-37.7,-36.1,-35.3,-34.9,-35.2,-36.2,-38.1,-37.4,-38.2,-40.1,-42.0,-42.7,-41.9,-40.0,-42.5,-46.8,-48.8,-47.3,-43.2,-38.8,-36.8,-38.0,-39.5,-42.4,-44.5,-45.5,-45.1,-43.8,-41.5,-39.5,-38.3,-37.7,-37.7,-38.1,-40.8,-40.1,-41.0,-42.9,-44.7,-45.4,-44.5,-42.6,512.8,513.3,513.5,513.2,512.6,512.3,511.9,512.2,516.9,514.3,512.0,510.9,511.4,512.8,514.4,512.8,511.2,510.9,512.0,514.3,513.3,513.2,513.3,513.5,513.7,513.8,513.8,513.5,528.9,530.1,531.8,533.0,533.0,531.8,530.1,529.0,529.2,528.6,528.5,529.5,532.2,535.6,538.8,535.4,532.1,529.6,528.4,528.5,530.8,531.3,532.1,532.6,532.6,532.1,531.4,530.8,26.8,-9.0,643.3,0.094,-0.179,-0.012,218.3,218.9,220.9,223.9,229.0,236.5,245.6,256.3,267.0,275.7,282.0,287.5,292.1,295.5,297.6,299.1,299.4,228.5,234.9,243.6,252.2,260.0,275.6,282.1,288.4,294.6,298.5,268.3,269.6,270.9,272.2,260.9,265.5,270.2,274.2,277.6,238.1,243.3,249.5,254.6,249.4,243.2,277.2,282.1,287.6,291.4,288.2,282.7,252.3,259.8,266.0,269.7,273.5,278.0,281.5,278.2,273.9,269.8,265.7,259.5,255.4,265.7,269.5,273.3,279.4,273.4,269.5,265.7,160.5,172.6,184.6,196.1,206.8,215.8,223.0,228.1,229.0,227.0,221.0,213.1,203.7,193.1,182.0,170.7,159.3,150.7,145.3,143.6,144.5,147.1,146.6,143.8,142.6,143.7,148.3,155.9,163.4,170.9,178.7,185.0,186.3,187.4,186.1,184.5,158.7,155.4,155.4,158.9,160.5,160.8,158.4,154.4,154.4,157.3,159.5,159.6,202.1,198.6,196.6,197.6,196.4,198.3,201.1,205.7,207.6,208.2,208.0,206.4,202.1,200.6,200.8,200.3,201.4,201.8,202.4,202.1,-54.8,-53.8,-50.6,-45.5,-36.5,-23.2,-7.5,10.6,28.6,44.0,56.0,66.8,75.7,81.8,85.6,88.2,88.8,-35.4,-24.6,-10.4,3.6,16.2,41.8,53.0,64.3,75.6,83.3,29.7,31.4,33.2,34.9,17.6,24.9,32.3,39.0,44.8,-19.6,-11.0,-0.9,7.6,-0.9,-11.1,45.3,53.7,63.4,70.4,64.4,54.8,3.8,15.9,25.8,31.9,38.1,45.9,52.8,46.3,38.7,32.0,25.4,15.5,8.8,25.4,31.6,37.9,48.9,38.0,31.6,25.3,-46.7,-25.8,-5.0,15.0,33.5,48.9,60.7,68.4,69.9,67.5,58.6,45.6,29.1,10.1,-9.9,-30.2,-50.7,-60.8,-69.1,-71.4,-69.5,-65.1,-66.7,-72.2,-75.1,-74.3,-67.4,-51.3,-38.6,-26.3,-13.9,-4.1,-1.9,-0.1,-2.2,-4.9,-47.4,-52.6,-52.8,-47.0,-44.3,-43.8,-48.6,-55.4,-55.8,-51.4,-47.1,-46.7,24.0,18.0,14.7,16.3,14.5,17.7,22.7,29.9,32.7,33.4,33.0,30.6,23.9,21.1,21.5,20.8,23.1,23.2,24.1,23.6,674.7,676.9,679.6,680.7,678.6,674.2,667.2,658.5,657.9,667.7,683.4,696.5,702.7,703.0,702.1,701.3,702.0,644.2,639.1,635.1,631.7,629.9,637.2,645.0,653.7,662.8,671.8,634.2,627.1,619.7,612.7,627.9,626.5,626.0,629.7,634.1,643.1,640.7,641.3,642.2,640.8,640.2,652.0,654.9,658.8,664.7,658.5,654.5,642.1,632.2,629.3,630.4,632.8,641.3,653.9,641.8,634.5,631.7,630.7,633.4,639.8,631.7,632.4,635.4,649.8,635.1,632.2,631.6,0.601,0.097,-0.234,-0.007,266.183,181.939,-10.596,10.236,-14.312,20.785,1.113,1.972,-3.841,2.461,3.239,-5.045,-0.411,0.849,-0.429,-2.211,0.025,-1.157,-0.298,0.751,-1.417,-0.729,0.333,-0.141,-0.196,-0.845,0.151,0.312,0.103,0.024,-0.106,-0.032,-0.03,-0.025,0.005,0.001,0.64,0.45,0.0,1.06,0.0,0.0,0.0,0.0,0.0,0.0,0.0,0.0,0.0,0.0,0.0,0.0,0.0,1.0,1.0,0.0,1.0,0.0,0.0,0.0,0.0,0.0,0.0,0.0,0.0,0.0,0.0,0.0,1.0,1.0,0.0
PP133,g1,604,0,0.975,0.202595,0.143643,-0.96867,0.049418,0.142003,-0.988632,0.128,0.145,242.7,243.9,247.1,250.3,251.6,250.6,247.2,244.0,238.4,240.3,243.2,246.7,250.2,252.8,254.6,252.5,249.6,246.4,243.2,240.4,245.8,247.2,248.6,249.1,248.5,247.1,245.7,245.2,280.4,281.3,284.1,287.1,288.5,287.6,284.8,281.6,277.4,279.3,282.0,285.3,288.2,290.2,291.4,290.3,288.4,285.8,282.8,279.8,283.1,284.4,285.6,286.0,285.4,284.1,282.9,282.5,157.1,153.9,152.5,153.8,157.0,160.5,161.6,160.3,158.7,156.8,155.6,155.0,155.6,157.0,159.1,160.2,160.6,160.9,160.7,160.0,158.6,159.1,158.5,157.1,155.7,155.2,155.8,157.2,156.5,153.4,152.0,153.2,156.3,159.4,160.8,159.8,158.7,156.6,155.0,154.3,154.8,155.9,157.8,159.1,159.8,160.1,160.0,159.7,157.9,158.4,157.8,156.4,155.1,154.6,155.2,156.6,-9.6,-8.0,-3.8,0.4,2.1,0.8,-3.7,-7.9,-15.4,-12.7,-8.9,-4.3,0.2,3.7,6.1,3.3,-0.5,-4.7,-8.9,-12.6,-5.6,-3.7,-1.9,-1.2,-2.0,-3.8,-5.6,-6.3,41.2,42.6,46.4,50.6,52.6,51.2,47.3,42.8,37.2,39.7,43.3,47.8,52.1,55.2,57.2,55.3,52.3,48.6,44.5,40.3,45.0,46.8,48.5,49.1,48.3,46.5,44.8,44.2,-40.0,-44.3,-46.1,-44.4,-40.1,-35.5,-34.0,-35.7,-38.2,-40.4,-41.9,-42.6,-41.9,-40.1,-37.5,-35.9,-35.2,-34.9,-35.2,-36.2,-38.1,-37.3,-38.1,-40.0,-41.9,-42.6,-41.8,-39.9,-42.0,-46.3,-48.4,-46.8,-42.7,-38.3,-36.3,-37.5,-39.1,-41.9,-44.0,-45.1,-44.6,-43.3,-41.1,-39.0,-37.8,-37.2,-37.2,-37.6,-40.3,-39.6,-40.5,-42.4,-44.2,-44.9,-44.0,-42.1,513.6,514.2,514.5,514.3,513.7,513.4,512.9,513.1,517.7,515.2,512.9,511.9,512.5,513.9,515.6,513.9,512.2,511.8,512.9,515.1,514.2,514.1,514.3,514.5,514.7,514.8,514.7,514.5,529.5,530.6,532.3,533.5,533.5,532.4,530.7,529.6,529.8,529.1,529.0,530.0,532.7,536.1,539.3,536.0,532.6,530.2,529.0,529.1,531.4,531.9,532.6,533.2,533.1,532.6,531.9,531.4,26.4,-9.1,648.1,0.124,-0.181,0.003,218.2,218.8,220.5,223.3,228.3,235.9,244.9,255.3,265.9,274.6,280.9,286.5,291.5,295.1,297.4,299.0,299.4,228.7,235.3,243.9,252.6,260.5,276.0,282.5,288.8,294.9,298.8,268.6,269.7,270.9,272.1,260.6,265.2,269.8,273.8,277.3,238.2,243.5,249.7,254.8,249.6,243.4,277.3,282.3,287.8,291.6,288.3,282.9,251.1,258.9,265.3,269.0,272.9,277.4,281.0,277.4,272.9,268.8,264.6,258.3,254.1,264.9,268.8,272.6,278.9,272.6,268.7,264.8,160.0,172.0,184.0,195.4,205.9,214.9,222.0,227.0,227.9,226.0,220.0,212.1,203.0,192.6,181.8,170.6,159.4,150.5,145.3,143.7,144.8,147.4,146.9,144.1,143.0,144.1,148.6,156.3,163.9,171.5,179.3,185.2,186.6,187.8,186.5,184.9,158.6,155.5,155.5,159.2,160.6,160.8,158.8,154.8,154.8,157.7,159.9,160.0,201.6,198.5,196.8,197.8,196.7,198.4,200.9,205.7,207.7,208.2,208.0,206.1,201.7,200.6,200.9,200.4,201.2,201.9,202.5,202.2,-55.2,-54.4,-51.6,-46.8,-37.9,-24.6,-8.8,9.1,26.9,42.3,54.4,65.6,75.1,81.6,85.7,88.6,89.4,-35.2,-24.1,-9.9,4.3,16.9,42.7,54.0,65.3,76.6,84.3,30.4,31.8,33.4,34.9,17.2,24.6,32.0,38.7,44.6,-19.5,-10.7,-0.5,7.9,-0.7,-10.9,45.9,54.3,64.0,71.1,64.9,55.3,1.9,14.5,24.9,31.0,37.3,45.3,52.4,45.4,37.6,30.7,23.9,13.6,6.8,24.3,30.6,37.1,48.5,37.0,30.5,24.1,-47.8,-27.0,-6.2,13.8,32.2,47.6,59.3,67.1,68.7,66.3,57.2,44.2,28.0,9.3,-10.4,-30.5,-50.9,-61.3,-69.3,-71.4,-69.4,-64.9,-66.5,-71.9,-74.8,-74.0,-67.2,-50.9,-38.1,-25.6,-13.0,-3.7,-1.4,0.4,-1.6,-4.2,-47.8,-52.7,-52.8,-46.8,-44.3,-43.9,-48.2,-55.1,-55.4,-51.0,-46.7,-46.2,23.3,18.0,15.0,16.8,15.0,18.0,22.6,30.2,33.2,33.9,33.4,30.5,23.5,21.4,21.9,21.2,23.1,23.6,24.5,24.0,678.1,680.4,683.4,684.9,683.1,679.2,672.4,664.1,663.7,673.2,688.6,701.3,707.0,707.3,706.6,706.0,706.7,647.1,641.8,637.8,634.4,632.5,640.1,647.9,656.7,665.7,675.0,637.3,630.7,623.7,617.1,632.3,631.0,630.6,634.2,638.5,646.1,643.6,644.3,645.3,643.8,643.2,655.1,657.9,661.9,667.9,661.7,657.8,647.8,638.0,634.7,635.8,638.2,646.9,659.8,647.8,640.3,637.5,636.5,639.5,645.6,637.1,637.9,640.8,655.9,640.6,637.7,637.1,0.597,0.125,-0.235,0.009,265.851,181.898,-11.822,9.613,-12.684,17.707,4.653,2.428,-4.539,1.342,2.553,-3.169,-0.095,1.296,0.259,-1.951,-0.683,-0.616,-0.051,0.996,-1.594,-0.837,0.38,-0.497,-0.011,-0.583,0.078,0.08,0.117,0.009,-0.092,-0.016,-0.018,-0.002,0.003,-0.004,0.26,0.16,0.0,0.63,0.0,0.0,0.1,0.0,0.0,0.05,0.0,0.0,0.0,0.0,0.0,0.1,0.0,1.0,1.0,0.0,1.0,0.0,0.0,0.0,0.0,0.0,0.0,0.0,0.0,0.0,0.0,0.0,1.0,1.0,0.0
PP133,g1,610,0,0.975,0.201338,0.150072,-0.967957,0.044284,0.148254,-0.987957,0.125,0.151,242.6,243.9,247.1,250.3,251.6,250.5,247.1,244.0,238.3,240.3,243.2,246.7,250.1,252.8,254.6,252.5,249.6,246.3,243.2,240.4,245.7,247.1,248.5,249.1,248.5,247.1,245.7,245.2,280.4,281.4,284.1,287.1,288.5,287.6,284.8,281.6,277.4,279.4,282.0,285.3,288.2,290.3,291.5,290.4,288.4,285.9,282.9,279.8,283.1,284.4,285.6,286.1,285.4,284.1,282.9,282.5,156.6,153.4,152.0,153.3,156.5,160.0,161.1,159.8,158.1,156.3,155.1,154.5,155.1,156.6,158.6,159.7,160.2,160.4,160.1,159.5,158.1,158.6,158.1,156.6,155.2,154.7,155.3,156.7,156.1,153.0,151.6,152.8,155.8,159.0,160.3,159.4,158.3,156.2,154.6,153.9,154.4,155.5,157.3,158.7,159.4,159.7,159.6,159.3,157.5,158.0,157.4,156.0,154.7,154.2,154.8,156.1,-9.7,-8.0,-3.8,0.4,2.1,0.7,-3.7,-7.9,-15.5,-12.8,-8.9,-4.4,0.2,3.6,6.0,3.3,-0.6,-4.8,-8.9,-12.7,-5.6,-3.8,-2.0,-1.2,-2.0,-3.8,-5.6,-6.4,41.3,42.6,46.5,50.7,52.7,51.3,47.4,42.9,37.2,39.8,43.4,47.9,52.1,55.3,57.3,55.4,52.4,48.7,44.5,40.4,45.1,46.9,48.6,49.2,48.4,46.6,44.8,44.2,-40.6,-44.9,-46.8,-45.0,-40.7,-36.1,-34.6,-36.4,-38.9,-41.1,-42.5,-43.2,-42.5,-40.7,-38.1,-36.5,-35.9,-35.5,-35.9,-36.9,-38.7,-38.0,-38.8,-40.6,-42.5,-43.3,-42.5,-40.6,-42.6,-46.9,-49.0,-47.4,-43.3,-38.9,-36.9,-38.1,-39.7,-42.5,-44.6,-45.7,-45.2,-43.9,-41.7,-39.6,-38.4,-37.8,-37.8,-38.2,-40.9,-40.2,-41.1,-43.0,-44.8,-45.5,-44.6,-42.7,513.5,514.0,514.3,514.1,513.6,513.2,512.7,512.9,517.5,515.0,512.7,511.7,512.3,513.8,515.4,513.7,512.1,511.7,512.7,514.9,514.1,514.0,514.1,514.3,514.6,514.7,514.5,514.3,529.9,531.0,532.6,533.8,533.9,532.7,531.1,530.0,530.2,529.5,529.4,530.4,533.0,536.4,539.6,536.3,532.9,530.5,529.4,529.6,531.7,532.3,533.0,533.5,533.5,533.0,532.2,531.7,26.4,-10.3,649.4,0.134,-0.177,0.006,218.1,218.7,220.4,223.1,228.1,235.6,244.7,255.2,265.8,274.5,280.8,286.6,291.6,295.2,297.6,299.2,299.6,228.7,235.3,243.9,252.6,260.5,276.0,282.6,288.9,295.0,298.9,268.6,269.6,270.8,271.9,260.5,265.0,269.6,273.7,277.2,238.2,243.5,249.7,254.7,249.5,243.3,277.4,282.3,287.8,291.6,288.4,282.9,250.9,258.7,265.2,268.9,272.8,277.4,281.0,277.4,272.8,268.7,264.5,258.2,253.9,264.8,268.6,272.5,278.9,272.5,268.6,264.6,159.0,171.0,182.8,194.1,204.6,213.5,220.6,225.6,226.7,224.7,218.7,211.1,202.1,191.9,181.2,170.1,158.9,149.8,144.7,143.2,144.2,146.9,146.5,143.7,142.6,143.7,148.2,156.0,163.5,171.0,178.7,184.6,186.0,187.1,185.9,184.3,158.1,155.0,155.0,158.7,160.1,160.3,158.3,154.4,154.4,157.3,159.5,159.6,200.7,197.8,196.0,197.1,195.9,197.6,200.1,204.9,206.9,207.5,207.2,205.3,200.9,199.9,200.2,199.7,200.4,201.1,201.7,201.4,-55.4,-54.7,-52.0,-47.3,-38.5,-25.1,-9.1,8.9,26.9,42.3,54.5,65.9,75.5,82.1,86.3,89.1,90.0,-35.3,-24.2,-10.0,4.2,17.0,42.7,54.1,65.5,76.9,84.6,30.3,31.7,33.2,34.7,17.0,24.4,31.8,38.6,44.5,-19.6,-10.7,-0.5,7.8,-0.8,-11.0,46.0,54.5,64.2,71.3,65.1,55.4,1.5,14.2,24.7,30.8,37.3,45.4,52.6,45.5,37.5,30.6,23.7,13.4,6.5,24.1,30.5,37.0,48.7,37.0,30.4,23.9,-49.6,-28.8,-8.3,11.6,30.0,45.4,57.1,65.0,66.7,64.2,55.2,42.5,26.5,8.0,-11.5,-31.5,-51.8,-62.5,-70.4,-72.4,-70.3,-65.8,-67.3,-72.7,-75.6,-74.8,-68.0,-51.5,-38.8,-26.4,-13.9,-4.7,-2.5,-0.6,-2.6,-5.2,-48.8,-53.6,-53.7,-47.6,-45.2,-44.9,-49.0,-55.8,-56.2,-51.8,-47.5,-47.0,22.0,16.8,13.9,15.6,13.8,16.8,21.3,28.9,31.9,32.6,32.1,29.3,22.1,20.2,20.7,20.0,21.8,22.4,23.3,22.7,679.9,682.2,685.2,686.8,685.2,681.3,674.3,665.8,665.4,674.9,690.4,703.1,708.9,709.1,708.3,707.7,708.5,648.3,643.0,638.8,635.2,633.2,640.7,648.5,657.3,666.4,675.7,638.2,631.7,624.7,618.3,633.6,632.4,632.0,635.5,639.7,647.4,644.8,645.3,646.4,645.0,644.4,656.0,658.8,662.7,668.8,662.6,658.7,649.4,639.3,635.8,636.9,639.3,648.1,661.4,649.3,641.6,638.8,637.9,641.0,647.2,638.4,639.2,642.0,657.4,641.8,638.9,638.4,0.596,0.132,-0.231,0.013,265.802,181.18,-9.126,9.094,-12.467,16.059,5.025,1.56,-4.727,2.408,2.417,-2.534,-0.483,1.294,0.397,-1.855,-1.032,-0.168,-0.118,0.995,-1.454,-0.964,0.477,-0.472,-0.064,-0.651,0.031,0.035,0.07,0.009,-0.09,-0.011,-0.018,0.001,-0.001,0.001,0.56,0.28,0.0,0.61,0.0,0.0,0.17,0.0,0.0,0.07,0.0,0.0,0.0,0.0,0.0,0.0,0.0,1.0,1.0,0.0,1.0,0.0,0.0,0.0,0.0,0.0,0.0,0.0,0.0,0.0,0.0,0.0,0.0,1.0,0.0
PP133,g1,616,0,0.975,0.20264,0.126505,-0.971048,0.054509,0.126617,-0.990453,0.13,0.128,242.6,243.8,247.0,250.2,251.6,250.5,247.2,244.0,238.3,240.3,243.1,246.6,250.1,252.7,254.6,252.5,249.6,246.3,243.2,240.4,245.7,247.1,248.5,249.0,248.4,247.0,245.6,245.1,280.2,281.1,283.9,286.9,288.3,287.4,284.6,281.4,277.2,279.2,281.8,285.1,288.0,290.0,291.2,290.1,288.2,285.7,282.7,279.6,282.9,284.2,285.4,285.8,285.2,283.9,282.7,282.3,156.5,153.3,151.9,153.1,156.3,159.8,161.0,159.7,158.2,156.3,155.0,154.4,154.9,156.3,158.4,159.5,160.0,160.3,160.1,159.5,158.0,158.5,157.9,156.5,155.1,154.5,155.2,156.6,155.8,152.7,151.3,152.5,155.6,158.7,160.0,159.1,158.0,155.9,154.3,153.6,154.1,155.3,157.1,158.4,159.1,159.4,159.3,159.0,157.2,157.7,157.1,155.8,154.4,153.9,154.5,155.8,-9.8,-8.1,-4.0,0.2,2.0,0.7,-3.7,-7.9,-15.5,-12.8,-9.1,-4.5,0.1,3.6,6.0,3.3,-0.6,-4.8,-8.9,-12.7,-5.6,-3.8,-2.0,-1.3,-2.1,-3.9,-5.7,-6.4,41.1,42.5,46.3,50.5,52.5,51.1,47.2,42.7,37.1,39.6,43.2,47.8,52.0,55.1,57.1,55.2,52.3,48.6,44.4,40.2,44.9,46.7,48.5,49.1,48.2,46.4,44.7,44.1,-40.7,-45.0,-46.9,-45.2,-41.0,-36.3,-34.8,-36.4,-38.8,-41.1,-42.6,-43.4,-42.7,-40.9,-38.4,-36.8,-36.0,-35.7,-36.0,-36.9,-38.8,-38.1,-38.9,-40.8,-42.7,-43.4,-42.6,-40.7,-43.1,-47.5,-49.5,-47.9,-43.8,-39.4,-37.4,-38.6,-40.2,-43.0,-45.1,-46.2,-45.7,-44.4,-42.1,-40.1,-38.9,-38.3,-38.4,-38.8,-41.4,-40.7,-41.6,-43.5,-45.3,-46.0,-45.1,-43.2,513.1,513.7,513.9,513.7,513.1,512.8,512.3,512.6,517.2,514.7,512.4,511.3,511.9,513.3,515.0,513.3,511.7,511.3,512.4,514.6,513.7,513.6,513.7,513.9,514.2,514.3,514.2,513.9,531.2,532.4,534.1,535.3,535.3,534.1,532.4,531.3,531.5,530.9,530.8,531.9,534.5,537.9,541.1,537.7,534.3,531.9,530.7,530.8,533.1,533.6,534.4,534.9,534.9,534.4,533.7,533.1,26.7,-10.0,645.5,0.094,-0.186,-0.007,218.3,218.9,220.8,223.7,228.8,236.3,245.3,255.9,266.5,275.2,281.4,286.9,291.6,295.1,297.4,298.9,299.3,228.6,235.1,243.7,252.4,260.2,275.8,282.2,288.5,294.6,298.5,268.4,269.7,271.0,272.3,260.9,265.5,270.1,274.1,277.5,238.2,243.4,249.6,254.7,249.5,243.3,277.2,282.1,287.6,291.4,288.2,282.7,252.1,259.7,266.0,269.6,273.4,277.8,281.4,278.0,273.7,269.6,265.5,259.3,255.1,265.6,269.4,273.2,279.3,273.2,269.4,265.5,160.0,172.1,184.0,195.5,206.0,215.0,222.1,227.1,228.1,226.2,220.3,212.5,203.3,192.8,181.8,170.5,159.2,150.0,144.6,143.0,143.9,146.5,146.0,143.3,142.2,143.4,148.0,155.4,162.9,170.3,178.0,184.3,185.6,186.7,185.5,183.9,158.1,154.9,154.9,158.5,160.0,160.2,158.0,154.1,154.1,157.0,159.2,159.3,201.3,197.9,195.9,196.9,195.7,197.6,200.4,205.1,207.0,207.6,207.3,205.7,201.3,199.8,200.1,199.6,200.7,201.2,201.8,201.5,-54.9,-54.0,-50.9,-45.9,-36.9,-23.7,-8.0,10.0,27.9,43.2,55.0,66.0,75.1,81.5,85.5,88.2,88.9,-35.4,-24.5,-10.2,3.9,16.6,42.2,53.5,64.7,76.0,83.7,30.0,31.7,33.4,35.1,17.6,25.0,32.4,39.1,44.9,-19.5,-10.8,-0.7,7.8,-0.8,-11.0,45.5,54.0,63.6,70.6,64.6,55.0,3.5,15.7,25.8,31.8,38.0,45.9,52.7,46.2,38.6,31.8,25.2,15.2,8.5,25.3,31.5,37.9,48.9,37.9,31.5,25.2,-47.6,-26.8,-6.0,13.9,32.2,47.5,59.3,66.9,68.5,66.3,57.5,44.8,28.5,9.6,-10.3,-30.7,-51.2,-62.0,-70.3,-72.6,-70.8,-66.4,-67.9,-73.3,-76.1,-75.2,-68.2,-52.2,-39.6,-27.4,-15.0,-5.2,-3.0,-1.2,-3.3,-5.9,-48.5,-53.6,-53.7,-47.9,-45.3,-44.8,-49.4,-56.2,-56.5,-52.0,-47.8,-47.4,22.7,16.8,13.6,15.2,13.4,16.6,21.7,29.0,31.8,32.5,32.1,29.6,22.7,20.0,20.4,19.7,22.0,22.3,23.2,22.7,676.2,678.2,680.8,681.8,679.7,675.5,668.6,660.2,659.8,669.5,685.2,698.4,704.7,705.3,704.8,704.4,705.4,646.2,641.1,637.1,633.7,631.9,639.5,647.4,656.3,665.5,674.7,636.4,629.3,621.9,614.9,629.9,628.5,628.2,631.8,636.3,645.0,642.7,643.3,644.3,642.8,642.1,654.2,657.3,661.3,667.2,660.9,656.9,644.1,634.4,631.4,632.5,634.9,643.5,656.3,644.2,636.8,634.0,632.9,635.6,641.9,633.8,634.6,637.5,652.2,637.3,634.4,633.7,0.599,0.094,-0.242,-0.001,266.095,181.362,-10.818,9.236,-13.528,20.074,2.675,1.477,-3.87,2.338,2.966,-4.532,-0.533,0.95,-0.253,-2.181,-0.074,-1.18,-0.363,0.53,-1.513,-0.761,0.477,-0.35,-0.263,-0.836,0.058,0.32,0.098,0.02,-0.103,-0.025,-0.034,-0.014,0.009,-0.004,0.46,0.37,0.0,0.85,0.0,0.0,0.0,0.0,0.0,0.0,0.08,0.0,0.0,0.0,0.0,0.06,0.0,1.0,1.0,0.0,1.0,0.0,0.0,0.0,0.0,0.0,0.0,0.0,0.0,0.0,0.0,0.0,1.0,1.0,0.0
PP133,g1,622,0,0.975,0.196093,0.121122,-0.973076,0.056268,0.121136,-0.99104,0.128,0.123,242.9,244.1,247.3,250.5,251.9,250.9,247.6,244.4,238.7,240.6,243.4,246.9,250.4,253.0,254.9,252.9,249.9,246.7,243.6,240.8,246.1,247.5,248.9,249.4,248.8,247.4,246.0,245.5,280.5,281.4,284.1,287.1,288.5,287.6,284.9,281.7,277.5,279.4,282.1,285.3,288.2,290.3,291.5,290.4,288.5,285.9,282.9,279.9,283.2,284.5,285.7,286.1,285.4,284.1,282.9,282.6,157.0,153.7,152.3,153.5,156.6,160.2,161.4,160.1,158.6,156.8,155.5,154.8,155.3,156.6,158.7,159.8,160.3,160.6,160.5,159.9,158.4,158.9,158.3,156.8,155.5,154.9,155.5,157.0,156.0,152.8,151.5,152.7,155.7,158.8,160.2,159.3,158.1,156.0,154.5,153.8,154.3,155.4,157.2,158.5,159.2,159.5,159.4,159.1,157.3,157.9,157.3,155.9,154.6,154.1,154.6,156.0,-9.3,-7.7,-3.6,0.6,2.5,1.2,-3.2,-7.4,-14.9,-12.4,-8.6,-4.1,0.5,4.0,6.5,3.8,-0.1,-4.3,-8.4,-12.2,-5.2,-3.3,-1.5,-0.8,-1.6,-3.5,-5.3,-6.0,41.5,42.8,46.7,50.8,52.8,51.5,47.6,43.1,37.4,40.0,43.6,48.1,52.3,55.4,57.4,55.6,52.6,49.0,44.8,40.6,45.3,47.1,48.8,49.4,48.5,46.7,45.0,44.4,-40.2,-44.6,-46.5,-44.8,-40.6,-36.0,-34.4,-36.0,-38.3,-40.6,-42.1,-43.0,-42.4,-40.6,-38.1,-36.4,-35.7,-35.2,-35.5,-36.4,-38.4,-37.7,-38.5,-40.4,-42.3,-43.0,-42.2,-40.3,-42.9,-47.2,-49.3,-47.7,-43.6,-39.2,-37.2,-38.4,-40.0,-42.8,-44.9,-46.0,-45.5,-44.2,-41.9,-39.9,-38.7,-38.1,-38.2,-38.6,-41.2,-40.5,-41.4,-43.3,-45.1,-45.8,-44.9,-43.0,514.5,515.0,515.2,514.9,514.4,514.1,513.7,514.0,518.7,516.1,513.8,512.6,513.2,514.5,516.1,514.5,513.0,512.6,513.8,516.0,515.0,514.9,515.0,515.2,515.5,515.6,515.5,515.3,531.3,532.6,534.3,535.5,535.5,534.2,532.5,531.4,531.6,531.0,530.9,532.0,534.6,538.0,541.3,537.9,534.5,532.0,530.8,530.9,533.2,533.8,534.5,535.1,535.1,534.5,533.8,533.2,27.8,-9.3,642.3,0.083,-0.181,-0.02,218.5,219.3,221.3,224.4,229.7,237.4,246.6,257.4,268.1,276.9,283.1,288.4,292.8,296.0,298.0,299.4,299.5,228.9,235.3,243.9,252.6,260.5,276.0,282.4,288.7,294.8,298.6,268.8,270.1,271.5,273.0,261.7,266.3,270.9,274.9,278.2,238.6,243.7,249.9,255.1,249.9,243.7,277.5,282.3,287.8,291.6,288.4,283.0,253.4,260.8,266.9,270.6,274.4,278.8,282.3,279.1,274.8,270.8,266.8,260.6,256.4,266.7,270.5,274.2,280.1,274.3,270.5,266.7,160.5,172.7,184.7,196.3,206.9,216.0,223.2,228.1,229.0,226.9,220.8,212.9,203.4,192.9,181.8,170.6,159.3,150.6,145.1,143.3,144.2,146.8,146.3,143.5,142.4,143.6,148.3,155.7,163.1,170.5,178.1,184.7,186.0,187.0,185.7,184.1,158.6,155.3,155.2,158.7,160.3,160.7,158.2,154.3,154.3,157.2,159.3,159.4,202.0,198.4,196.3,197.3,196.1,197.9,200.8,205.4,207.3,207.9,207.7,206.2,202.0,200.3,200.4,199.9,201.1,201.4,202.1,201.9,-54.4,-53.2,-49.8,-44.5,-35.3,-21.8,-5.8,12.4,30.5,45.9,57.8,68.4,77.0,82.6,86.2,88.6,89.0,-34.8,-24.1,-9.9,4.3,16.9,42.3,53.5,64.8,76.0,83.6,30.5,32.3,34.1,35.9,18.7,26.1,33.4,40.1,45.8,-18.7,-10.3,-0.1,8.4,-0.1,-10.3,45.8,54.2,63.8,70.8,64.8,55.3,5.6,17.5,27.2,33.2,39.4,47.2,53.9,47.7,40.3,33.6,27.0,17.2,10.5,26.9,33.1,39.3,50.0,39.4,33.1,26.9,-46.7,-25.7,-4.8,15.3,33.7,49.1,60.8,68.3,69.7,67.3,58.3,45.2,28.7,9.6,-10.2,-30.4,-50.7,-60.7,-69.3,-71.8,-69.9,-65.5,-67.1,-72.6,-75.5,-74.6,-67.5,-51.7,-39.1,-27.0,-14.7,-4.6,-2.5,-0.8,-2.9,-5.6,-47.5,-52.7,-53.0,-47.3,-44.5,-43.9,-49.0,-55.7,-56.0,-51.6,-47.5,-47.0,23.8,17.5,14.1,15.7,13.8,17.1,22.2,29.3,32.1,32.9,32.6,30.2,23.6,20.6,20.9,20.2,22.6,22.6,23.6,23.2,674.7,676.9,679.5,680.3,677.9,673.2,665.8,657.0,656.7,666.8,682.8,696.0,702.2,702.3,701.4,700.6,701.4,643.8,638.7,634.6,631.3,629.6,637.0,645.0,653.9,663.1,672.3,633.9,626.6,618.9,611.7,627.0,625.6,625.1,628.8,633.4,642.4,640.2,640.8,641.8,640.3,639.7,651.9,654.9,658.9,664.9,658.5,654.5,640.5,630.6,627.9,629.1,631.6,640.1,652.8,640.5,633.2,630.3,629.2,631.7,638.3,630.3,631.2,634.2,648.5,634.0,630.9,630.2,0.602,0.085,-0.238,-0.015,266.827,181.747,-8.706,12.548,-14.649,21.605,-0.074,1.26,-3.657,3.286,3.505,-5.311,-0.863,0.277,-0.704,-2.301,0.224,-1.382,-0.564,0.461,-1.302,-0.74,0.422,0.022,-0.439,-0.946,0.194,0.431,0.081,0.025,-0.116,-0.04,-0.056,-0.027,0.006,0.003,0.8,0.62,0.0,1.11,0.0,0.0,0.02,0.0,0.0,0.03,0.0,0.0,0.0,0.0,0.0,0.0,0.0,1.0,1.0,0.0,1.0,0.0,0.0,0.0,0.0,0.0,0.0,0.0,0.0,0.0,0.0,0.0,0.0,1.0,0.0
PP133,g1,628,0,0.975,0.215815,0.135125,-0.967039,0.061251,0.135074,-0.988941,0.141,0.137,243.3,244.6,247.7,250.9,252.3,251.3,247.9,244.7,239.0,241.0,243.9,247.4,250.8,253.5,255.3,253.2,250.3,247.1,243.9,241.1,246.5,247.9,249.2,249.8,249.2,247.8,246.4,245.9,280.9,281.8,284.6,287.5,288.9,288.0,285.3,282.1,278.0,279.9,282.5,285.7,288.6,290.6,291.8,290.7,288.8,286.3,283.4,280.3,283.6,284.9,286.1,286.5,285.8,284.6,283.4,283.0,156.9,153.7,152.3,153.6,156.8,160.3,161.4,160.2,158.6,156.7,155.5,154.8,155.4,156.8,158.8,160.0,160.4,160.7,160.5,159.9,158.4,159.0,158.4,156.9,155.5,155.0,155.6,157.0,156.3,153.2,151.8,153.0,156.0,159.1,160.5,159.5,158.4,156.3,154.8,154.1,154.6,155.7,157.5,158.8,159.5,159.8,159.7,159.4,157.6,158.2,157.6,156.2,154.9,154.4,155.0,156.3,-8.8,-7.1,-3.0,1.2,3.0,1.7,-2.7,-6.9,-14.6,-11.9,-8.0,-3.4,1.1,4.6,7.0,4.3,0.4,-3.8,-8.0,-11.7,-4.7,-2.8,-1.0,-0.3,-1.1,-2.9,-4.7,-5.5,42.4,43.8,47.7,51.8,53.8,52.4,48.5,44.1,38.4,41.0,44.5,49.1,53.3,56.4,58.4,56.5,53.6,49.9,45.7,41.6,46.3,48.1,49.8,50.4,49.5,47.7,46.0,45.4,-40.2,-44.5,-46.4,-44.7,-40.4,-35.8,-34.2,-35.9,-38.4,-40.6,-42.1,-42.8,-42.1,-40.4,-37.9,-36.2,-35.5,-35.2,-35.5,-36.5,-38.3,-37.6,-38.4,-40.3,-42.1,-42.9,-42.1,-40.2,-42.8,-47.2,-49.2,-47.7,-43.5,-39.1,-37.2,-38.3,-39.9,-42.7,-44.8,-45.9,-45.4,-44.1,-41.9,-39.8,-38.6,-38.0,-38.1,-38.5,-41.1,-40.4,-41.3,-43.2,-45.0,-45.7,-44.8,-42.9,513.7,514.3,514.6,514.5,514.0,513.6,513.1,513.2,517.7,515.2,513.0,512.0,512.7,514.2,515.9,514.1,512.4,512.0,513.0,515.1,514.4,514.3,514.5,514.7,514.9,515.0,514.9,514.6,535.7,536.9,538.6,539.8,539.8,538.6,536.9,535.8,535.9,535.3,535.3,536.3,539.0,542.4,545.6,542.2,538.9,536.4,535.2,535.3,537.6,538.1,538.9,539.4,539.4,538.9,538.1,537.6,27.8,-9.7,647.3,0.107,-0.202,-0.001,218.5,219.1,220.9,223.7,228.7,236.3,245.5,256.2,266.8,275.4,281.5,287.0,291.8,295.4,297.7,299.2,299.5,229.3,236.0,244.8,253.5,261.4,276.7,283.1,289.3,295.3,299.1,269.4,270.6,272.0,273.4,261.8,266.4,271.0,275.0,278.4,238.9,244.2,250.4,255.5,250.3,244.1,277.9,282.8,288.2,292.0,288.8,283.4,252.5,260.3,266.7,270.4,274.2,278.6,282.0,278.7,274.4,270.3,266.2,259.9,255.5,266.3,270.2,273.9,279.9,274.0,270.2,266.3,160.2,172.2,184.0,195.3,205.8,214.6,221.6,226.6,227.6,225.7,219.9,212.3,203.2,192.8,181.8,170.6,159.4,150.2,145.1,143.5,144.5,147.1,146.7,143.9,142.8,143.9,148.5,156.1,163.5,170.9,178.5,184.7,186.0,187.1,185.9,184.3,158.5,155.4,155.3,158.9,160.4,160.6,158.5,154.6,154.6,157.5,159.6,159.7,201.3,198.0,196.2,197.2,196.0,197.8,200.4,205.1,207.1,207.6,207.4,205.7,201.3,200.0,200.3,199.8,200.7,201.3,201.8,201.6,-54.5,-53.6,-50.8,-46.0,-37.1,-23.7,-7.7,10.5,28.4,43.6,55.4,66.4,75.8,82.3,86.4,89.1,89.9,-34.2,-22.9,-8.6,5.7,18.4,43.7,54.9,66.2,77.4,85.1,31.6,33.3,35.1,36.9,19.0,26.4,33.8,40.5,46.3,-18.4,-9.6,0.6,9.0,0.5,-9.7,46.9,55.3,64.9,71.9,65.8,56.3,4.1,16.8,27.1,33.2,39.4,47.2,54.0,47.5,39.9,33.1,26.4,16.1,9.1,26.6,32.8,39.2,50.2,39.2,32.8,26.4,-47.2,-26.6,-6.1,13.7,31.8,46.9,58.5,66.3,68.0,65.8,57.0,44.4,28.4,9.5,-10.3,-30.6,-51.0,-61.6,-69.6,-71.7,-69.8,-65.3,-66.9,-72.4,-75.3,-74.5,-67.6,-51.3,-38.7,-26.5,-14.2,-4.6,-2.4,-0.6,-2.6,-5.2,-47.9,-52.9,-53.0,-47.2,-44.6,-44.2,-48.7,-55.5,-55.8,-51.4,-47.2,-46.8,22.8,17.2,14.0,15.7,13.9,17.0,21.7,29.1,32.0,32.7,32.3,29.6,22.8,20.4,20.8,20.1,22.1,22.5,23.4,22.9,676.1,678.0,680.7,682.1,680.4,676.6,670.0,661.8,661.8,671.8,687.7,701.1,707.6,708.4,708.0,707.7,708.6,645.8,640.8,637.0,633.9,632.2,640.1,648.3,657.6,667.2,676.7,637.2,630.4,623.1,616.4,631.0,629.9,629.7,633.5,638.0,645.2,642.9,643.7,644.9,643.2,642.4,655.4,658.5,662.8,668.9,662.5,658.3,645.6,636.0,633.0,634.2,636.8,645.7,658.9,646.5,638.8,635.8,634.7,637.4,643.6,635.5,636.3,639.4,654.8,639.1,636.1,635.4,0.598,0.107,-0.261,0.005,266.711,181.569,-8.284,8.173,-12.675,17.349,3.682,1.459,-4.245,2.301,2.76,-3.617,0.019,1.155,-0.489,-2.189,-0.286,-0.835,-0.384,0.027,-1.4,-0.883,0.585,-0.312,-0.195,-0.652,0.004,0.279,0.042,0.035,-0.113,-0.013,-0.03,-0.007,0.007,0.003,0.64,0.45,0.0,0.78,0.0,0.0,0.22,0.0,0.0,0.0,0.0,0.0,0.0,0.0,0.0,0.0,0.0,1.0,1.0,0.0,1.0,0.0,0.0,0.0,0.0,0.0,0.0,0.0,0.0,0.0,0.0,0.0,1.0,1.0,0.0
PP133,g1,634,0,0.975,0.204634,0.142522,-0.968407,0.047457,0.141762,-0.988762,0.128,0.144,242.7,244.0,247.2,250.4,251.8,250.7,247.3,244.1,238.4,240.4,243.3,246.8,250.3,252.9,254.7,252.7,249.7,246.5,243.3,240.5,245.9,247.3,248.7,249.2,248.6,247.2,245.8,245.3,280.5,281.5,284.2,287.2,288.6,287.7,285.0,281.7,277.6,279.5,282.1,285.4,288.3,290.4,291.6,290.5,288.5,286.0,283.0,279.9,283.3,284.6,285.8,286.2,285.5,284.2,283.0,282.6,156.7,153.5,152.1,153.4,156.6,160.1,161.3,160.0,158.3,156.5,155.3,154.6,155.2,156.7,158.7,159.8,160.3,160.5,160.3,159.7,158.2,158.8,158.2,156.8,155.3,154.8,155.4,156.8,156.1,153.0,151.6,152.8,155.8,159.0,160.3,159.4,158.3,156.2,154.6,153.9,154.4,155.5,157.3,158.6,159.4,159.7,159.6,159.3,157.5,158.0,157.4,156.0,154.7,154.2,154.8,156.1,-9.5,-7.8,-3.7,0.5,2.3,0.9,-3.5,-7.7,-15.3,-12.6,-8.8,-4.2,0.4,3.8,6.2,3.5,-0.4,-4.6,-8.7,-12.5,-5.4,-3.6,-1.8,-1.0,-1.8,-3.7,-5.5,-6.2,41.5,42.9,46.8,50.9,52.9,51.5,47.6,43.2,37.5,40.0,43.6,48.1,52.4,55.5,57.6,55.7,52.7,49.0,44.8,40.6,45.4,47.2,48.9,49.5,48.6,46.8,45.1,44.5,-40.3,-44.6,-46.4,-44.7,-40.4,-35.8,-34.3,-36.0,-38.5,-40.7,-42.2,-42.9,-42.2,-40.4,-37.9,-36.2,-35.6,-35.2,-35.6,-36.6,-38.4,-37.6,-38.4,-40.3,-42.2,-42.9,-42.1,-40.3,-42.7,-47.0,-49.0,-47.5,-43.4,-39.0,-37.0,-38.2,-39.7,-42.6,-44.7,-45.7,-45.3,-44.0,-41.8,-39.7,-38.5,-37.9,-37.9,-38.3,-40.9,-40.3,-41.2,-43.1,-44.9,-45.6,-44.7,-42.8,511.4,512.0,512.3,512.1,511.5,511.2,510.7,510.9,515.5,513.0,510.7,509.7,510.3,511.8,513.4,511.7,510.1,509.7,510.7,512.9,512.1,512.0,512.1,512.3,512.6,512.6,512.5,512.3,531.0,532.1,533.8,534.9,535.0,533.8,532.1,531.1,531.3,530.6,530.5,531.5,534.1,537.5,540.7,537.3,534.0,531.6,530.5,530.6,532.8,533.4,534.1,534.6,534.6,534.1,533.3,532.8,27.0,-10.2,648.6,0.121,-0.183,-0.001,218.3,218.9,220.7,223.5,228.6,236.2,245.4,256.0,266.5,275.1,281.3,286.9,291.9,295.5,297.8,299.3,299.6,228.7,235.3,244.0,252.8,260.7,276.2,282.7,289.0,295.1,299.0,268.8,269.9,271.2,272.5,261.0,265.6,270.2,274.2,277.7,238.3,243.6,249.8,254.9,249.7,243.5,277.5,282.4,287.9,291.7,288.5,283.0,251.6,259.4,265.9,269.6,273.4,277.9,281.6,278.0,273.6,269.5,265.3,259.0,254.6,265.5,269.3,273.2,279.5,273.2,269.3,265.4,159.6,171.5,183.3,194.7,205.1,213.9,220.9,225.8,226.8,224.8,218.9,211.3,202.3,192.1,181.3,170.2,159.1,150.0,144.8,143.3,144.3,146.9,146.5,143.7,142.6,143.7,148.2,156.0,163.4,170.8,178.4,184.5,185.9,187.0,185.7,184.2,158.3,155.2,155.1,158.8,160.3,160.5,158.4,154.4,154.4,157.3,159.5,159.6,200.8,197.8,195.9,197.0,195.8,197.5,199.9,204.7,206.8,207.3,207.1,205.3,200.9,199.8,200.1,199.5,200.3,201.0,201.6,201.3,-55.2,-54.3,-51.3,-46.5,-37.5,-24.0,-7.9,10.1,28.0,43.2,55.2,66.4,76.0,82.6,86.6,89.4,90.1,-35.3,-24.1,-9.8,4.5,17.3,42.9,54.2,65.7,77.1,84.9,30.7,32.2,33.9,35.5,17.8,25.2,32.6,39.4,45.3,-19.4,-10.6,-0.3,8.1,-0.5,-10.7,46.2,54.6,64.4,71.5,65.3,55.7,2.6,15.3,25.8,31.9,38.2,46.3,53.4,46.5,38.7,31.8,25.0,14.7,7.6,25.3,31.6,38.1,49.5,38.1,31.6,25.1,-48.6,-27.9,-7.3,12.6,30.8,45.9,57.5,65.2,66.8,64.4,55.4,42.8,26.9,8.3,-11.3,-31.3,-51.6,-62.2,-70.2,-72.3,-70.2,-65.7,-67.2,-72.7,-75.6,-74.8,-68.0,-51.5,-38.9,-26.7,-14.3,-4.8,-2.6,-0.8,-2.9,-5.5,-48.4,-53.4,-53.4,-47.5,-45.0,-44.6,-48.9,-55.8,-56.2,-51.8,-47.5,-47.0,22.1,16.8,13.7,15.4,13.5,16.6,21.0,28.6,31.6,32.3,31.9,29.2,22.2,20.1,20.5,19.8,21.5,22.1,23.0,22.5,679.4,681.5,684.4,685.7,683.9,679.9,673.0,664.6,664.1,673.8,689.4,702.4,708.4,708.8,708.2,707.9,708.8,648.0,642.6,638.4,634.8,632.8,640.3,648.4,657.6,667.0,676.5,637.8,631.1,623.9,617.2,632.6,631.4,631.0,634.6,638.9,647.0,644.4,645.0,646.2,644.6,644.0,655.9,658.9,663.0,669.2,662.8,658.7,648.1,638.1,634.7,635.8,638.2,647.2,660.6,648.3,640.4,637.6,636.6,639.7,646.0,637.3,638.0,641.0,656.6,640.7,637.7,637.2,0.596,0.12,-0.239,0.006,266.201,181.226,-7.266,9.254,-11.988,16.731,5.197,1.491,-4.996,2.951,2.605,-3.15,-0.441,1.341,-0.109,-2.091,-0.822,-0.462,-0.357,0.252,-1.454,-1.001,0.472,-0.419,-0.208,-0.599,-0.058,0.157,0.036,0.033,-0.112,-0.01,-0.032,-0.003,0.002,0.002,0.62,0.45,0.0,1.04,0.0,0.0,0.31,0.0,0.0,0.1,0.0,0.0,0.0,0.0,0.0,0.0,0.0,1.0,1.0,0.0,1.0,0.0,0.0,0.0,0.0,0.0,0.0,0.0,0.0,0.0,0.0,0.0,0.0,1.0,0.0
PP133,g1,640,0,0.975,0.206022,0.141773,-0.968223,0.048413,0.141593,-0.98874,0.129,0.144,242.8,244.0,247.2,250.4,251.8,250.7,247.3,244.1,238.4,240.4,243.3,246.8,250.3,252.9,254.8,252.7,249.8,246.5,243.3,240.5,245.9,247.3,248.7,249.2,248.6,247.2,245.8,245.3,280.6,281.5,284.3,287.2,288.7,287.8,285.0,281.8,277.6,279.5,282.2,285.4,288.4,290.4,291.6,290.5,288.6,286.0,283.0,280.0,283.3,284.6,285.8,286.2,285.6,284.3,283.1,282.7,156.8,153.5,152.1,153.4,156.7,160.2,161.3,160.0,158.4,156.5,155.3,154.7,155.2,156.7,158.7,159.9,160.3,160.6,160.4,159.7,158.3,158.8,158.2,156.8,155.4,154.8,155.4,156.9,156.1,153.0,151.6,152.8,155.8,159.0,160.3,159.4,158.3,156.2,154.6,153.9,154.4,155.5,157.3,158.6,159.3,159.7,159.6,159.3,157.5,158.0,157.4,156.0,154.7,154.2,154.8,156.1,-9.5,-7.8,-3.7,0.5,2.3,0.9,-3.5,-7.7,-15.3,-12.6,-8.7,-4.2,0.4,3.8,6.3,3.5,-0.3,-4.5,-8.7,-12.4,-5.4,-3.5,-1.7,-1.0,-1.8,-3.6,-5.4,-6.2,41.5,42.9,46.8,50.9,52.9,51.6,47.6,43.2,37.5,40.1,43.6,48.2,52.4,55.6,57.6,55.7,52.7,49.0,44.8,40.7,45.4,47.2,48.9,49.5,48.6,46.8,45.1,44.5,-40.1,-44.5,-46.3,-44.6,-40.3,-35.7,-34.2,-35.9,-38.4,-40.6,-42.0,-42.8,-42.1,-40.3,-37.8,-36.1,-35.4,-35.1,-35.4,-36.4,-38.3,-37.5,-38.3,-40.2,-42.1,-42.8,-42.0,-40.1,-42.6,-47.0,-49.0,-47.5,-43.3,-39.0,-37.0,-38.2,-39.7,-42.5,-44.6,-45.7,-45.3,-44.0,-41.8,-39.7,-38.5,-37.8,-37.9,-38.3,-40.9,-40.3,-41.1,-43.0,-44.9,-45.5,-44.6,-42.7,510.8,511.3,511.6,511.4,510.9,510.6,510.1,510.2,514.8,512.3,510.0,509.0,509.6,511.1,512.7,511.0,509.4,509.0,510.0,512.2,511.4,511.3,511.4,511.6,511.9,512.0,511.8,511.6,530.5,531.6,533.3,534.5,534.5,533.3,531.7,530.6,530.8,530.1,530.0,531.0,533.6,537.0,540.2,536.9,533.6,531.1,530.0,530.2,532.4,532.9,533.6,534.1,534.1,533.6,532.9,532.4,27.1,-10.4,649.3,0.121,-0.185,-0.002,218.3,219.0,220.8,223.6,228.6,236.2,245.4,256.0,266.6,275.2,281.4,287.0,292.0,295.6,297.8,299.3,299.7,228.8,235.3,244.0,252.8,260.7,276.2,282.7,289.0,295.1,299.0,268.8,270.0,271.3,272.5,261.1,265.7,270.3,274.3,277.7,238.3,243.6,249.8,254.9,249.7,243.5,277.5,282.4,288.0,291.8,288.5,283.1,251.7,259.5,265.9,269.7,273.5,278.0,281.6,278.1,273.7,269.6,265.4,259.1,254.8,265.6,269.4,273.3,279.5,273.3,269.4,265.5,159.6,171.5,183.3,194.5,204.9,213.7,220.6,225.6,226.6,224.6,218.7,211.1,202.2,192.0,181.2,170.1,159.0,150.0,144.8,143.3,144.3,146.9,146.4,143.6,142.5,143.6,148.1,156.0,163.4,170.7,178.3,184.5,185.8,186.9,185.6,184.1,158.3,155.2,155.2,158.8,160.3,160.5,158.4,154.4,154.4,157.2,159.5,159.6,200.8,197.7,195.9,196.9,195.7,197.4,199.9,204.7,206.7,207.2,207.0,205.2,200.9,199.7,200.0,199.5,200.3,200.9,201.5,201.2,-55.1,-54.2,-51.3,-46.4,-37.5,-24.0,-7.9,10.2,28.2,43.5,55.5,66.7,76.2,82.8,86.8,89.5,90.2,-35.3,-24.1,-9.8,4.5,17.3,43.0,54.4,65.8,77.1,85.0,30.8,32.3,34.0,35.6,17.9,25.3,32.8,39.5,45.4,-19.4,-10.5,-0.3,8.2,-0.5,-10.7,46.3,54.8,64.5,71.7,65.5,55.8,2.9,15.6,25.9,32.1,38.4,46.4,53.5,46.7,38.9,32.0,25.2,14.9,7.9,25.4,31.8,38.2,49.7,38.2,31.7,25.3,-48.5,-27.9,-7.4,12.3,30.5,45.6,57.1,64.8,66.5,64.0,55.1,42.6,26.7,8.1,-11.5,-31.5,-51.8,-62.3,-70.2,-72.3,-70.4,-65.9,-67.4,-72.9,-75.9,-75.1,-68.3,-51.5,-39.0,-26.8,-14.6,-4.9,-2.7,-1.0,-3.0,-5.6,-48.4,-53.3,-53.4,-47.5,-44.9,-44.5,-49.0,-55.9,-56.3,-51.9,-47.6,-47.1,22.1,16.7,13.6,15.3,13.4,16.5,21.0,28.5,31.5,32.2,31.8,29.1,22.2,20.0,20.4,19.7,21.5,21.9,22.8,22.3,679.8,681.9,684.7,686.1,684.4,680.4,673.5,665.1,664.7,674.4,690.1,703.2,709.2,709.7,709.1,708.8,709.7,648.6,643.2,639.0,635.4,633.5,641.0,649.2,658.3,667.7,677.2,638.6,631.9,624.7,618.1,633.3,632.2,631.8,635.4,639.7,647.7,645.1,645.7,646.9,645.3,644.7,656.7,659.7,663.8,670.0,663.6,659.5,648.6,638.6,635.2,636.4,638.8,647.7,661.1,648.8,641.0,638.2,637.2,640.2,646.4,637.8,638.6,641.5,657.0,641.3,638.3,637.7,0.596,0.119,-0.241,0.005,266.257,181.156,-6.98,8.726,-12.712,16.418,5.178,0.813,-5.298,3.096,2.54,-2.927,-0.446,1.198,-0.08,-2.014,-0.854,-0.492,-0.325,0.364,-1.53,-1.075,0.432,-0.396,-0.234,-0.622,-0.035,0.13,0.049,0.033,-0.103,-0.013,-0.027,-0.005,0.001,-0.002,0.35,0.24,0.0,0.75,0.0,0.0,0.32,0.0,0.0,0.08,0.0,0.0,0.0,0.0,0.0,0.03,0.0,1.0,1.0,0.0,1.0,0.0,0.0,0.0,0.0,0.0,0.0,0.0,0.0,0.0,0.0,0.0,0.0,1.0,0.0
PP133,g1,646,0,0.975,0.201031,0.133873,-0.970394,0.046943,0.133634,-0.989918,0.126,0.136,242.7,243.9,247.1,250.3,251.7,250.7,247.3,244.1,238.4,240.4,243.2,246.7,250.2,252.9,254.7,252.6,249.7,246.5,243.3,240.5,245.8,247.2,248.6,249.2,248.6,247.2,245.8,245.2,280.5,281.4,284.1,287.1,288.6,287.6,284.9,281.7,277.5,279.4,282.0,285.3,288.2,290.3,291.5,290.4,288.5,285.9,282.9,279.8,283.2,284.5,285.7,286.1,285.4,284.1,282.9,282.5,156.9,153.6,152.2,153.5,156.7,160.2,161.4,160.1,158.5,156.6,155.4,154.7,155.3,156.7,158.8,159.9,160.4,160.6,160.4,159.8,158.3,158.9,158.3,156.8,155.4,154.9,155.5,156.9,156.1,153.0,151.6,152.8,155.8,159.0,160.4,159.4,158.3,156.2,154.6,153.9,154.4,155.5,157.3,158.7,159.4,159.7,159.6,159.3,157.5,158.0,157.4,156.0,154.7,154.2,154.8,156.2,-9.6,-7.9,-3.8,0.4,2.2,0.9,-3.6,-7.8,-15.3,-12.6,-8.9,-4.3,0.3,3.7,6.2,3.4,-0.4,-4.6,-8.8,-12.5,-5.5,-3.6,-1.8,-1.1,-1.9,-3.7,-5.5,-6.3,41.3,42.6,46.5,50.7,52.7,51.3,47.4,42.9,37.3,39.8,43.4,47.9,52.2,55.3,57.4,55.5,52.5,48.8,44.6,40.4,45.1,47.0,48.7,49.3,48.4,46.6,44.9,44.3,-40.1,-44.4,-46.3,-44.6,-40.3,-35.7,-34.2,-35.9,-38.3,-40.5,-42.0,-42.8,-42.1,-40.3,-37.8,-36.1,-35.4,-35.1,-35.4,-36.4,-38.2,-37.5,-38.3,-40.2,-42.1,-42.8,-42.0,-40.1,-42.5,-46.9,-48.9,-47.4,-43.2,-38.9,-36.9,-38.1,-39.6,-42.4,-44.5,-45.6,-45.2,-43.9,-41.6,-39.6,-38.4,-37.8,-37.8,-38.2,-40.8,-40.2,-41.0,-42.9,-44.8,-45.4,-44.5,-42.6,511.4,512.0,512.2,512.0,511.4,511.1,510.6,510.9,515.5,512.9,510.7,509.6,510.2,511.6,513.3,511.6,510.0,509.6,510.7,512.9,512.0,511.9,512.0,512.2,512.5,512.6,512.5,512.2,529.6,530.8,532.5,533.6,533.6,532.5,530.8,529.7,529.9,529.3,529.2,530.2,532.8,536.2,539.4,536.0,532.7,530.2,529.1,529.3,531.5,532.0,532.7,533.3,533.3,532.8,532.0,531.5,27.1,-10.1,648.4,0.109,-0.18,-0.006,218.5,219.1,221.0,223.9,228.9,236.5,245.7,256.2,266.7,275.4,281.6,287.2,292.1,295.6,297.8,299.3,299.6,228.7,235.3,243.9,252.6,260.4,276.0,282.5,288.8,294.9,298.8,268.6,269.8,271.1,272.4,261.0,265.6,270.2,274.3,277.7,238.2,243.5,249.7,254.9,249.7,243.4,277.4,282.3,287.9,291.7,288.4,283.0,251.8,259.5,265.9,269.7,273.5,278.1,281.7,278.2,273.8,269.6,265.5,259.1,254.8,265.6,269.5,273.3,279.6,273.3,269.5,265.5,159.9,171.9,183.7,195.1,205.5,214.3,221.3,226.2,227.1,225.2,219.4,211.8,202.7,192.4,181.5,170.4,159.2,150.1,144.9,143.3,144.2,146.8,146.3,143.5,142.4,143.6,148.1,155.9,163.3,170.7,178.3,184.6,185.9,187.0,185.7,184.1,158.4,155.3,155.2,158.9,160.3,160.6,158.4,154.4,154.4,157.3,159.5,159.6,201.0,197.9,196.0,197.0,195.8,197.6,200.1,204.8,206.8,207.4,207.1,205.4,201.1,199.9,200.1,199.6,200.5,201.0,201.6,201.3,-54.9,-53.9,-50.8,-45.9,-36.9,-23.5,-7.5,10.5,28.4,43.7,55.7,66.8,76.3,82.7,86.7,89.4,90.0,-35.3,-24.3,-10.0,4.2,16.9,42.7,54.0,65.4,76.7,84.6,30.5,32.1,33.7,35.4,17.8,25.2,32.7,39.4,45.3,-19.5,-10.7,-0.4,8.1,-0.6,-10.8,46.1,54.5,64.3,71.4,65.3,55.6,3.0,15.6,25.9,32.0,38.4,46.5,53.6,46.8,39.0,32.0,25.2,15.0,8.0,25.4,31.8,38.3,49.7,38.3,31.7,25.3,-48.0,-27.2,-6.6,13.3,31.5,46.6,58.2,65.7,67.3,65.0,56.2,43.6,27.6,8.9,-10.8,-30.9,-51.3,-62.1,-70.2,-72.4,-70.4,-66.0,-67.5,-73.0,-75.9,-75.1,-68.2,-51.7,-39.1,-26.8,-14.5,-4.8,-2.6,-0.9,-2.9,-5.5,-48.2,-53.2,-53.4,-47.4,-44.8,-44.4,-49.0,-55.8,-56.2,-51.8,-47.5,-47.0,22.5,16.9,13.7,15.4,13.5,16.6,21.3,28.7,31.6,32.4,32.0,29.4,22.5,20.2,20.6,19.9,21.8,22.1,23.0,22.6,679.7,681.7,684.4,685.6,683.7,679.5,672.5,663.9,663.4,673.0,688.7,701.8,707.9,708.4,707.8,707.5,708.4,648.7,643.4,639.3,635.6,633.7,641.0,649.1,658.1,667.3,676.6,638.5,631.6,624.3,617.5,632.8,631.5,631.1,634.6,639.0,647.7,645.1,645.6,646.7,645.2,644.6,656.3,659.3,663.4,669.4,663.0,659.0,647.8,637.8,634.4,635.6,638.0,646.8,660.0,647.6,639.9,637.0,636.1,639.2,645.6,637.0,637.7,640.6,655.9,640.3,637.4,636.8,0.596,0.108,-0.236,0.0,266.259,181.336,-8.424,9.013,-12.817,17.615,4.206,1.494,-5.039,3.158,2.265,-3.377,-0.67,1.212,-0.174,-1.92,-0.748,-0.636,-0.362,0.393,-1.497,-1.071,0.374,-0.345,-0.229,-0.632,0.005,0.168,0.034,0.038,-0.106,-0.019,-0.026,-0.012,0.0,-0.0,0.41,0.36,0.0,0.88,0.0,0.0,0.08,0.0,0.0,0.2,0.0,0.0,0.0,0.0,0.0,0.0,0.0,1.0,1.0,0.0,1.0,0.0,0.0,0.0,0.0,0.0,0.0,0.0,0.0,0.0,0.0,0.0,0.0,1.0,0.0
PP133,g1,652,0,0.975,0.198029,0.125681,-0.972105,0.053873,0.125431,-0.990639,0.128,0.127,243.2,244.5,247.6,250.8,252.2,251.2,247.8,244.6,239.0,240.9,243.8,247.2,250.7,253.4,255.2,253.2,250.2,247.0,243.9,241.1,246.4,247.8,249.2,249.7,249.1,247.7,246.3,245.8,280.9,281.8,284.5,287.5,288.9,288.0,285.3,282.1,277.9,279.8,282.5,285.7,288.6,290.7,291.9,290.8,288.9,286.3,283.3,280.3,283.6,284.9,286.1,286.5,285.8,284.5,283.3,282.9,156.7,153.5,152.1,153.3,156.5,160.0,161.2,159.9,158.4,156.5,155.2,154.5,155.1,156.5,158.5,159.7,160.2,160.4,160.3,159.7,158.2,158.7,158.1,156.7,155.3,154.7,155.3,156.8,155.8,152.7,151.4,152.6,155.6,158.7,160.1,159.2,158.0,155.9,154.3,153.6,154.1,155.3,157.1,158.4,159.1,159.4,159.3,159.0,157.2,157.8,157.2,155.8,154.5,153.9,154.5,155.9,-8.9,-7.3,-3.2,1.1,2.9,1.6,-2.8,-7.0,-14.6,-12.0,-8.2,-3.6,0.9,4.4,6.9,4.2,0.3,-3.9,-8.1,-11.8,-4.8,-2.9,-1.1,-0.4,-1.2,-3.1,-4.9,-5.6,41.9,43.2,47.1,51.3,53.3,51.9,48.0,43.5,37.9,40.4,44.0,48.5,52.7,55.9,57.9,56.0,53.1,49.4,45.2,41.0,45.7,47.5,49.2,49.8,49.0,47.2,45.5,44.9,-40.4,-44.8,-46.7,-45.0,-40.8,-36.1,-34.6,-36.2,-38.6,-40.9,-42.4,-43.2,-42.5,-40.8,-38.2,-36.6,-35.8,-35.4,-35.7,-36.7,-38.6,-37.9,-38.7,-40.6,-42.5,-43.2,-42.4,-40.5,-43.0,-47.3,-49.3,-47.8,-43.6,-39.3,-37.3,-38.5,-40.0,-42.8,-44.9,-46.0,-45.6,-44.2,-42.0,-39.9,-38.8,-38.2,-38.2,-38.6,-41.2,-40.6,-41.4,-43.3,-45.2,-45.8,-44.9,-43.0,513.6,514.1,514.3,514.0,513.5,513.2,512.7,513.0,517.6,515.1,512.8,511.7,512.3,513.7,515.3,513.6,512.0,511.7,512.8,515.0,514.1,514.0,514.1,514.3,514.5,514.7,514.6,514.3,530.1,531.3,533.0,534.2,534.2,533.0,531.3,530.2,530.3,529.7,529.7,530.7,533.4,536.8,540.0,536.6,533.2,530.7,529.6,529.7,532.0,532.5,533.3,533.8,533.8,533.3,532.5,532.0,28.0,-9.6,643.7,0.093,-0.182,-0.013,218.8,219.5,221.5,224.5,229.6,237.3,246.4,257.1,267.8,276.6,282.7,288.1,292.7,296.0,298.2,299.7,299.9,229.2,235.7,244.3,253.0,260.9,276.4,282.8,289.1,295.2,299.1,269.1,270.4,271.8,273.1,261.7,266.4,271.0,275.0,278.4,238.9,244.1,250.2,255.4,250.2,244.0,277.8,282.7,288.2,292.0,288.8,283.4,253.0,260.6,266.8,270.5,274.3,278.8,282.3,279.0,274.7,270.6,266.5,260.3,256.0,266.5,270.3,274.1,280.2,274.2,270.4,266.5,160.2,172.4,184.4,195.9,206.6,215.5,222.7,227.6,228.5,226.5,220.5,212.6,203.3,192.7,181.7,170.4,159.0,150.3,144.9,143.2,144.2,146.7,146.3,143.4,142.3,143.4,148.1,155.6,163.1,170.5,178.2,184.6,185.9,187.0,185.7,184.1,158.3,155.1,155.0,158.6,160.2,160.4,158.1,154.2,154.2,157.1,159.3,159.3,201.7,198.3,196.3,197.3,196.1,197.9,200.7,205.3,207.2,207.8,207.6,206.0,201.7,200.2,200.4,199.9,201.0,201.4,202.0,201.7,-53.9,-52.8,-49.6,-44.4,-35.4,-22.0,-6.1,12.0,30.0,45.4,57.3,68.0,76.9,82.9,86.6,89.2,89.8,-34.3,-23.5,-9.2,4.9,17.5,43.1,54.2,65.5,76.8,84.5,31.1,32.8,34.6,36.3,18.9,26.2,33.6,40.3,46.1,-18.3,-9.7,0.4,8.9,0.3,-9.8,46.5,54.9,64.6,71.6,65.5,56.0,4.9,17.1,27.1,33.2,39.4,47.3,54.2,47.7,40.1,33.3,26.6,16.7,9.9,26.7,33.0,39.3,50.3,39.3,33.0,26.6,-47.1,-26.2,-5.3,14.7,33.1,48.4,60.1,67.6,69.1,66.7,57.8,44.8,28.4,9.4,-10.5,-30.7,-51.2,-61.3,-69.7,-72.0,-70.1,-65.8,-67.3,-72.8,-75.7,-74.8,-67.8,-51.9,-39.2,-27.0,-14.5,-4.7,-2.5,-0.7,-2.8,-5.5,-48.0,-53.2,-53.3,-47.5,-44.9,-44.4,-49.2,-56.0,-56.3,-51.8,-47.7,-47.2,23.4,17.4,14.1,15.8,13.9,17.1,22.1,29.3,32.0,32.8,32.4,29.9,23.3,20.5,20.9,20.2,22.4,22.6,23.5,23.0,675.1,677.2,679.9,680.8,678.6,674.2,667.0,658.3,657.9,667.8,683.8,697.0,703.1,703.4,702.6,701.9,702.8,644.5,639.3,635.3,632.0,630.2,637.8,645.7,654.5,663.6,672.8,634.7,627.5,620.0,613.0,628.2,626.8,626.4,630.0,634.6,643.2,640.9,641.6,642.6,641.0,640.4,652.5,655.6,659.5,665.4,659.2,655.2,642.3,632.5,629.6,630.8,633.3,641.8,654.5,642.3,634.8,631.9,630.9,633.6,640.1,632.0,632.8,635.8,650.3,635.5,632.4,631.8,0.6,0.094,-0.239,-0.008,266.92,181.595,-10.299,11.069,-14.046,20.356,1.441,2.26,-4.101,2.451,3.225,-4.56,-0.481,0.672,-0.476,-2.168,-0.21,-1.056,-0.206,0.6,-1.424,-0.855,0.387,-0.202,-0.396,-0.883,0.091,0.326,0.049,0.031,-0.103,-0.031,-0.038,-0.024,0.005,-0.002,0.49,0.22,0.0,1.02,0.0,0.0,0.0,0.0,0.0,0.0,0.01,0.0,0.0,0.0,0.0,0.06,0.0,1.0,1.0,0.0,0.0,0.0,0.0,0.0,0.0,0.0,0.0,0.0,0.0,0.0,0.0,0.0,1.0,1.0,0.0
PP133,g1,658,0,0.975,0.203602,0.121338,-0.971506,0.060203,0.121311,-0.990787,0.134,0.123,243.7,244.9,248.0,251.2,252.7,251.7,248.3,245.1,239.4,241.3,244.2,247.7,251.1,253.8,255.7,253.6,250.7,247.5,244.3,241.5,246.8,248.2,249.6,250.1,249.5,248.1,246.7,246.2,281.3,282.2,285.0,287.9,289.4,288.5,285.7,282.5,278.4,280.3,282.9,286.2,289.1,291.1,292.3,291.2,289.3,286.8,283.8,280.7,284.0,285.3,286.5,286.9,286.3,285.0,283.8,283.4,156.8,153.5,152.1,153.3,156.5,160.0,161.2,160.0,158.5,156.6,155.3,154.6,155.1,156.5,158.6,159.7,160.2,160.5,160.4,159.8,158.2,158.8,158.1,156.7,155.3,154.8,155.4,156.8,155.9,152.8,151.4,152.6,155.7,158.8,160.1,159.2,158.1,156.0,154.4,153.7,154.2,155.4,157.2,158.5,159.2,159.5,159.4,159.1,157.3,157.8,157.2,155.9,154.5,154.0,154.6,156.0,-8.3,-6.7,-2.6,1.6,3.5,2.2,-2.2,-6.4,-14.0,-11.4,-7.6,-3.1,1.5,5.0,7.5,4.7,0.9,-3.3,-7.5,-11.2,-4.2,-2.3,-0.5,0.2,-0.6,-2.5,-4.3,-5.0,42.6,43.9,47.8,51.9,53.9,52.5,48.7,44.2,38.5,41.1,44.7,49.2,53.4,56.5,58.5,56.6,53.7,50.0,45.9,41.7,46.4,48.2,49.9,50.5,49.6,47.8,46.1,45.5,-40.2,-44.6,-46.5,-44.8,-40.6,-36.0,-34.4,-36.0,-38.4,-40.6,-42.2,-43.0,-42.3,-40.6,-38.1,-36.4,-35.7,-35.3,-35.5,-36.5,-38.4,-37.7,-38.5,-40.4,-42.3,-43.0,-42.2,-40.3,-42.9,-47.3,-49.3,-47.7,-43.6,-39.2,-37.2,-38.4,-40.0,-42.8,-44.9,-46.0,-45.5,-44.2,-41.9,-39.9,-38.7,-38.1,-38.2,-38.6,-41.2,-40.5,-41.4,-43.3,-45.1,-45.8,-44.9,-43.0,512.2,512.7,512.9,512.7,512.1,511.8,511.4,511.6,516.2,513.7,511.4,510.3,510.9,512.3,513.9,512.3,510.7,510.3,511.4,513.6,512.7,512.6,512.7,512.9,513.2,513.3,513.2,513.0,530.6,531.8,533.5,534.8,534.7,533.5,531.8,530.7,530.8,530.2,530.2,531.3,533.9,537.3,540.6,537.1,533.8,531.2,530.1,530.2,532.5,533.0,533.8,534.3,534.3,533.8,533.0,532.5,28.7,-9.5,642.1,0.085,-0.192,-0.013,219.0,219.7,221.7,224.7,229.8,237.5,246.7,257.5,268.3,277.0,283.1,288.4,292.9,296.2,298.4,299.9,300.1,229.6,236.1,244.8,253.5,261.4,276.9,283.3,289.6,295.6,299.5,269.6,271.0,272.4,273.8,262.4,267.0,271.6,275.6,279.0,239.3,244.5,250.7,255.8,250.7,244.5,278.3,283.2,288.7,292.4,289.3,283.8,253.8,261.3,267.5,271.3,275.0,279.4,282.8,279.7,275.4,271.4,267.3,261.1,256.8,267.2,271.1,274.8,280.8,274.9,271.1,267.2,160.3,172.4,184.5,196.0,206.6,215.7,222.9,227.8,228.7,226.8,220.9,213.1,203.7,193.1,182.0,170.7,159.2,150.4,145.0,143.2,144.2,146.7,146.3,143.5,142.4,143.5,148.2,155.6,163.0,170.4,178.1,184.6,185.9,187.0,185.7,184.1,158.4,155.2,155.1,158.6,160.2,160.5,158.1,154.2,154.2,157.1,159.3,159.4,201.8,198.3,196.2,197.2,196.0,197.9,200.8,205.3,207.2,207.7,207.5,206.0,201.8,200.2,200.4,199.9,201.1,201.3,202.0,201.7,-53.4,-52.4,-49.1,-44.0,-34.9,-21.6,-5.6,12.7,30.7,46.0,57.7,68.3,77.1,83.1,86.9,89.6,90.1,-33.6,-22.7,-8.4,5.7,18.4,43.9,55.0,66.3,77.5,85.1,31.8,33.6,35.5,37.3,19.9,27.2,34.6,41.3,47.0,-17.6,-9.0,1.1,9.6,1.1,-9.1,47.2,55.6,65.2,72.2,66.2,56.7,6.1,18.3,28.2,34.2,40.4,48.2,54.9,48.6,41.2,34.4,27.8,17.9,11.2,27.8,34.0,40.3,51.1,40.4,34.0,27.7,-46.9,-26.0,-5.2,14.7,33.1,48.4,60.2,67.7,69.2,67.0,58.3,45.5,29.2,10.1,-9.9,-30.3,-50.8,-61.0,-69.4,-71.8,-69.9,-65.6,-67.2,-72.7,-75.5,-74.7,-67.6,-51.8,-39.2,-27.0,-14.7,-4.7,-2.6,-0.9,-2.9,-5.6,-47.7,-52.9,-53.1,-47.4,-44.7,-44.1,-49.0,-55.8,-56.1,-51.7,-47.5,-47.0,23.5,17.4,14.0,15.7,13.8,17.1,22.2,29.2,31.9,32.6,32.3,29.9,23.4,20.5,20.8,20.1,22.5,22.5,23.3,22.9,672.7,674.6,677.2,678.1,675.9,671.6,664.6,656.1,655.9,666.1,682.2,695.7,702.1,702.7,702.0,701.5,702.3,642.5,637.5,633.7,630.5,628.9,636.7,644.8,653.8,663.0,672.2,633.4,626.2,618.7,611.6,626.4,625.2,624.8,628.6,633.2,641.4,639.2,640.0,641.1,639.5,638.7,651.5,654.6,658.8,664.7,658.4,654.2,639.9,630.3,627.7,628.9,631.5,640.0,652.7,640.4,632.9,630.0,628.9,631.4,637.8,630.0,630.9,633.9,648.4,633.6,630.5,629.8,0.602,0.086,-0.252,-0.007,267.419,181.661,-9.085,10.324,-14.514,20.4,0.853,1.646,-3.887,2.841,3.517,-5.145,-0.739,0.568,-0.564,-2.095,-0.081,-1.148,-0.375,0.664,-1.419,-0.845,0.421,-0.046,-0.435,-0.965,0.13,0.365,0.073,0.024,-0.109,-0.038,-0.051,-0.019,0.005,-0.001,0.7,0.58,0.0,0.97,0.0,0.0,0.11,0.0,0.0,0.0,0.0,0.0,0.0,0.0,0.0,0.09,0.0,1.0,1.0,0.0,1.0,0.0,0.0,0.0,0.0,0.0,0.0,0.0,0.0,0.0,0.0,0.0,1.0,1.0,0.0
PP133,g1,664,0,0.975,0.213172,0.138144,-0.967199,0.060545,0.137294,-0.988678,0.139,0.14,243.7,244.9,248.1,251.3,252.6,251.6,248.2,245.0,239.3,241.3,244.2,247.7,251.2,253.8,255.6,253.5,250.6,247.4,244.2,241.4,246.8,248.2,249.5,250.1,249.5,248.1,246.7,246.2,281.3,282.2,285.0,287.9,289.3,288.4,285.6,282.5,278.3,280.2,282.9,286.1,289.0,291.0,292.2,291.1,289.2,286.7,283.7,280.6,284.0,285.2,286.4,286.8,286.2,284.9,283.7,283.3,156.5,153.2,151.9,153.2,156.4,159.9,161.0,159.7,158.1,156.2,155.0,154.4,155.0,156.4,158.5,159.6,160.0,160.2,160.1,159.4,158.0,158.5,157.9,156.5,155.1,154.5,155.1,156.6,156.0,152.9,151.5,152.7,155.8,158.9,160.2,159.3,158.1,156.0,154.5,153.8,154.3,155.5,157.3,158.6,159.3,159.6,159.5,159.2,157.4,157.9,157.3,155.9,154.6,154.1,154.7,156.0,-8.3,-6.7,-2.5,1.7,3.5,2.1,-2.3,-6.5,-14.1,-11.4,-7.6,-3.0,1.5,5.0,7.4,4.7,0.8,-3.4,-7.6,-11.3,-4.2,-2.4,-0.6,0.1,-0.6,-2.5,-4.3,-5.0,42.6,44.0,47.9,52.0,54.0,52.6,48.7,44.2,38.6,41.2,44.7,49.3,53.5,56.6,58.5,56.7,53.7,50.1,45.9,41.7,46.4,48.2,49.9,50.6,49.7,47.9,46.2,45.6,-40.7,-45.0,-46.9,-45.1,-40.9,-36.3,-34.7,-36.4,-38.9,-41.2,-42.6,-43.3,-42.6,-40.9,-38.3,-36.7,-36.0,-35.7,-36.0,-37.0,-38.8,-38.1,-38.9,-40.8,-42.6,-43.4,-42.6,-40.7,-42.9,-47.3,-49.3,-47.7,-43.6,-39.2,-37.2,-38.5,-40.0,-42.8,-44.9,-46.0,-45.5,-44.2,-41.9,-39.9,-38.7,-38.1,-38.2,-38.6,-41.2,-40.5,-41.4,-43.3,-45.1,-45.8,-44.9,-43.0,512.8,513.4,513.7,513.5,513.0,512.6,512.1,512.3,516.7,514.3,512.1,511.1,511.7,513.2,514.9,513.2,511.5,511.0,512.0,514.2,513.4,513.4,513.5,513.7,514.0,514.0,513.9,513.7,532.2,533.4,535.1,536.3,536.3,535.1,533.4,532.3,532.4,531.8,531.7,532.8,535.5,538.9,542.2,538.8,535.4,532.9,531.7,531.8,534.1,534.6,535.4,535.9,535.9,535.4,534.6,534.1,27.9,-10.0,646.5,0.113,-0.198,0.004,218.8,219.3,221.0,223.8,228.8,236.3,245.4,256.0,266.6,275.2,281.4,287.0,291.9,295.5,297.8,299.5,299.9,229.7,236.3,245.0,253.8,261.6,277.0,283.5,289.7,295.8,299.5,269.7,270.8,272.1,273.4,261.8,266.4,271.0,275.0,278.4,239.2,244.5,250.7,255.8,250.6,244.4,278.3,283.1,288.6,292.3,289.2,283.7,252.5,260.2,266.6,270.3,274.1,278.5,281.9,278.5,274.2,270.1,266.0,259.7,255.5,266.2,270.0,273.8,279.8,273.8,270.0,266.1,159.6,171.7,183.6,195.0,205.6,214.5,221.6,226.6,227.6,225.7,219.8,212.0,202.8,192.4,181.4,170.2,158.9,149.9,144.7,143.1,144.1,146.7,146.3,143.6,142.5,143.7,148.3,155.7,163.2,170.6,178.3,184.4,185.8,187.0,185.7,184.2,158.0,154.9,154.9,158.5,160.0,160.2,158.2,154.3,154.3,157.2,159.4,159.5,201.2,197.9,196.0,197.1,195.9,197.8,200.5,205.2,207.1,207.6,207.3,205.6,201.2,199.9,200.2,199.8,200.8,201.2,201.8,201.5,-54.0,-53.2,-50.5,-45.7,-36.9,-23.7,-7.9,10.2,28.1,43.4,55.2,66.3,75.7,82.3,86.5,89.4,90.3,-33.6,-22.4,-8.1,6.1,18.8,44.2,55.5,66.8,78.0,85.6,32.0,33.6,35.3,36.9,19.1,26.4,33.8,40.5,46.3,-17.9,-9.0,1.2,9.5,1.0,-9.2,47.3,55.8,65.4,72.4,66.3,56.8,4.1,16.6,26.9,33.0,39.2,47.0,53.7,47.1,39.5,32.7,26.0,15.9,9.1,26.3,32.6,39.0,49.9,38.9,32.5,26.1,-48.2,-27.4,-6.8,13.1,31.4,46.7,58.5,66.2,67.9,65.6,56.8,44.0,27.7,8.8,-11.0,-31.3,-51.8,-62.1,-70.2,-72.3,-70.4,-65.9,-67.4,-72.8,-75.7,-74.8,-67.8,-51.8,-39.2,-26.9,-14.5,-4.9,-2.7,-0.9,-2.9,-5.4,-48.6,-53.6,-53.7,-47.7,-45.2,-44.8,-49.1,-55.9,-56.2,-51.7,-47.5,-47.1,22.6,16.9,13.8,15.5,13.7,17.0,21.9,29.2,32.0,32.7,32.2,29.5,22.6,20.2,20.7,20.0,22.2,22.5,23.3,22.8,675.1,677.2,680.0,681.4,679.7,676.0,669.5,661.4,661.3,671.2,686.9,700.0,706.3,707.0,706.5,706.1,707.0,645.0,640.0,636.3,633.1,631.6,639.6,647.7,656.7,666.0,675.3,636.4,629.7,622.5,615.9,630.4,629.3,629.1,632.9,637.3,644.2,641.9,642.8,643.9,642.3,641.5,654.4,657.5,661.6,667.7,661.4,657.2,645.0,635.5,632.5,633.7,636.2,645.0,657.9,645.8,638.2,635.3,634.2,636.9,642.9,634.9,635.8,638.8,653.8,638.6,635.5,634.8,0.598,0.112,-0.257,0.011,266.806,181.352,-10.501,8.824,-13.383,17.988,3.716,1.3,-4.214,0.892,2.756,-3.86,0.034,1.215,0.082,-2.033,-0.452,-0.783,-0.049,0.475,-1.342,-0.877,0.522,-0.45,-0.234,-0.819,0.08,0.165,0.088,0.024,-0.104,-0.021,-0.025,-0.001,0.004,-0.002,0.48,0.25,0.0,1.03,0.0,0.0,0.17,0.0,0.0,0.0,0.0,0.0,0.0,0.0,0.0,0.0,0.0,1.0,1.0,0.0,1.0,0.0,0.0,0.0,0.0,0.0,0.0,0.0,0.0,0.0,0.0,0.0,1.0,1.0,0.0
PP133,g1,670,0,0.975,0.21243,0.144197,-0.966478,0.055403,0.142974,-0.988175,0.136,0.146,243.0,244.3,247.5,250.7,252.1,251.0,247.6,244.4,238.7,240.7,243.6,247.1,250.6,253.2,255.0,252.9,250.0,246.8,243.6,240.8,246.2,247.6,248.9,249.5,248.9,247.5,246.1,245.6,280.8,281.7,284.4,287.4,288.8,287.9,285.2,282.0,277.8,279.7,282.3,285.6,288.5,290.5,291.7,290.6,288.7,286.2,283.2,280.1,283.5,284.7,285.9,286.4,285.7,284.4,283.2,282.8,156.3,153.0,151.7,153.0,156.2,159.7,160.8,159.5,157.9,156.0,154.8,154.2,154.8,156.2,158.3,159.4,159.9,160.1,159.9,159.2,157.8,158.4,157.8,156.3,154.9,154.4,155.0,156.4,155.8,152.7,151.3,152.5,155.5,158.7,160.0,159.1,158.0,155.8,154.3,153.5,154.0,155.2,157.0,158.4,159.1,159.4,159.3,159.0,157.2,157.7,157.1,155.7,154.4,153.9,154.5,155.8,-9.1,-7.4,-3.3,0.9,2.7,1.3,-3.1,-7.3,-14.9,-12.2,-8.4,-3.8,0.8,4.2,6.6,3.9,0.0,-4.2,-8.3,-12.1,-5.0,-3.2,-1.4,-0.6,-1.4,-3.3,-5.1,-5.8,41.8,43.1,47.0,51.2,53.1,51.7,47.8,43.4,37.7,40.3,43.9,48.4,52.6,55.7,57.7,55.8,52.9,49.2,45.0,40.9,45.6,47.4,49.1,49.7,48.8,47.0,45.3,44.7,-40.9,-45.2,-47.0,-45.3,-41.0,-36.4,-34.9,-36.6,-39.1,-41.3,-42.8,-43.5,-42.8,-41.0,-38.4,-36.8,-36.1,-35.8,-36.1,-37.1,-39.0,-38.2,-39.0,-40.9,-42.7,-43.5,-42.7,-40.8,-43.1,-47.4,-49.4,-47.9,-43.7,-39.4,-37.4,-38.6,-40.1,-43.0,-45.1,-46.2,-45.7,-44.4,-42.1,-40.1,-38.8,-38.2,-38.3,-38.7,-41.3,-40.7,-41.5,-43.5,-45.3,-45.9,-45.1,-43.2,511.4,512.0,512.3,512.2,511.6,511.3,510.7,510.9,515.4,512.9,510.7,509.7,510.4,511.9,513.6,511.8,510.1,509.7,510.7,512.8,512.1,512.0,512.1,512.4,512.6,512.7,512.6,512.3,530.4,531.6,533.2,534.5,534.5,533.3,531.6,530.5,530.7,530.0,529.9,531.0,533.6,537.1,540.3,536.9,533.6,531.1,529.9,530.1,532.3,532.8,533.6,534.1,534.1,533.6,532.8,532.3,27.0,-10.8,648.6,0.126,-0.194,0.006,218.2,218.7,220.4,223.2,228.1,235.7,244.9,255.5,266.1,274.7,280.9,286.5,291.5,295.1,297.5,299.1,299.5,229.0,235.6,244.3,253.1,261.1,276.5,283.0,289.3,295.4,299.1,269.1,270.2,271.5,272.7,261.2,265.7,270.3,274.3,277.7,238.5,243.9,250.1,255.2,250.0,243.8,277.7,282.6,288.1,291.9,288.7,283.2,251.6,259.4,265.9,269.6,273.4,277.9,281.4,277.9,273.5,269.4,265.3,258.9,254.7,265.5,269.3,273.2,279.3,273.1,269.3,265.3,159.0,171.0,182.7,194.0,204.4,213.3,220.3,225.3,226.4,224.4,218.6,211.0,202.1,191.8,181.0,169.9,158.7,149.7,144.5,142.9,143.9,146.5,146.1,143.3,142.2,143.4,148.0,155.6,163.1,170.5,178.1,184.2,185.5,186.7,185.4,183.9,157.8,154.7,154.7,158.4,159.8,160.0,158.0,154.1,154.1,157.0,159.2,159.3,200.4,197.4,195.6,196.6,195.5,197.3,199.8,204.5,206.5,207.0,206.8,205.0,200.5,199.5,199.7,199.3,200.1,200.7,201.3,201.0,-55.2,-54.5,-51.7,-47.0,-38.3,-24.9,-8.8,9.4,27.3,42.6,54.5,65.7,75.3,82.0,86.2,89.1,89.9,-34.8,-23.7,-9.3,5.1,18.0,43.4,54.7,66.1,77.4,85.1,31.1,32.7,34.3,35.9,18.1,25.4,32.8,39.5,45.4,-18.9,-10.0,0.2,8.6,-0.0,-10.2,46.5,55.0,64.7,71.7,65.6,56.0,2.7,15.4,25.8,31.9,38.3,46.2,53.1,46.3,38.5,31.7,24.9,14.6,7.7,25.2,31.6,38.0,49.2,38.0,31.5,25.0,-49.4,-28.8,-8.3,11.4,29.6,44.8,56.5,64.3,66.1,63.7,54.9,42.3,26.4,7.9,-11.8,-31.9,-52.4,-62.7,-70.7,-72.9,-70.9,-66.3,-67.8,-73.4,-76.2,-75.3,-68.4,-52.0,-39.4,-27.2,-14.8,-5.4,-3.2,-1.4,-3.3,-5.9,-49.1,-54.1,-54.1,-48.1,-45.6,-45.2,-49.5,-56.4,-56.7,-52.3,-48.0,-47.5,21.5,16.2,13.1,14.9,13.1,16.2,20.7,28.3,31.2,31.9,31.4,28.6,21.6,19.5,20.0,19.3,21.2,21.7,22.5,22.0,677.8,679.9,682.7,684.1,682.6,678.9,672.3,664.2,664.0,673.8,689.5,702.5,708.8,709.5,709.1,708.8,709.7,647.0,641.8,637.8,634.4,632.6,640.4,648.5,657.6,667.1,676.6,637.7,631.1,624.1,617.6,632.4,631.4,631.2,634.8,639.1,646.2,643.7,644.4,645.6,644.0,643.3,655.8,658.7,662.9,669.1,662.8,658.6,647.6,637.9,634.6,635.8,638.2,647.1,660.4,648.3,640.6,637.7,636.6,639.5,645.5,637.1,638.0,640.9,656.4,640.8,637.8,637.2,0.596,0.123,-0.251,0.013,266.21,180.87,-7.67,7.902,-12.652,16.176,5.278,0.966,-4.355,2.03,2.665,-2.703,-0.529,1.074,0.43,-1.819,-0.867,-0.432,-0.098,0.726,-1.443,-0.828,0.431,-0.45,-0.192,-0.602,0.091,0.072,0.076,0.009,-0.087,-0.013,-0.024,0.001,0.002,-0.003,0.61,0.42,0.0,0.75,0.0,0.0,0.16,0.0,0.0,0.0,0.0,0.0,0.0,0.0,0.0,0.0,0.0,1.0,1.0,0.0,1.0,0.0,0.0,0.0,0.0,0.0,0.0,0.0,0.0,0.0,0.0,0.0,0.0,1.0,0.0
PP133,g1,676,0,0.975,0.212347,0.13144,-0.968314,0.057062,0.131346,-0.989693,0.137,0.133,242.7,243.9,247.1,250.3,251.6,250.6,247.2,244.0,238.3,240.3,243.2,246.7,250.2,252.8,254.6,252.6,249.7,246.4,243.3,240.4,245.8,247.2,248.6,249.1,248.5,247.1,245.7,245.2,280.3,281.2,283.9,286.9,288.3,287.4,284.7,281.5,277.3,279.2,281.9,285.1,288.0,290.1,291.3,290.2,288.3,285.8,282.8,279.7,283.0,284.3,285.5,285.9,285.2,283.9,282.8,282.4,156.4,153.1,151.7,153.0,156.2,159.7,160.9,159.6,158.0,156.1,154.9,154.2,154.8,156.2,158.3,159.4,159.9,160.1,159.9,159.3,157.8,158.4,157.8,156.4,155.0,154.4,155.0,156.4,155.6,152.5,151.1,152.3,155.4,158.5,159.8,158.9,157.8,155.7,154.1,153.4,153.9,155.0,156.9,158.2,158.9,159.2,159.1,158.8,157.0,157.5,156.9,155.6,154.2,153.7,154.3,155.7,-9.6,-8.0,-3.9,0.4,2.2,0.8,-3.6,-7.8,-15.4,-12.7,-8.9,-4.3,0.2,3.7,6.1,3.4,-0.5,-4.7,-8.8,-12.6,-5.5,-3.7,-1.9,-1.2,-2.0,-3.8,-5.6,-6.3,41.2,42.5,46.4,50.5,52.5,51.2,47.3,42.8,37.2,39.7,43.3,47.8,52.0,55.1,57.1,55.3,52.3,48.6,44.5,40.3,45.0,46.8,48.5,49.1,48.2,46.4,44.7,44.1,-40.8,-45.1,-47.0,-45.3,-41.0,-36.4,-34.8,-36.5,-38.9,-41.2,-42.7,-43.5,-42.8,-41.0,-38.4,-36.8,-36.1,-35.7,-36.0,-37.0,-38.9,-38.2,-39.0,-40.9,-42.7,-43.5,-42.7,-40.8,-43.3,-47.6,-49.7,-48.2,-44.0,-39.7,-37.7,-38.8,-40.3,-43.2,-45.3,-46.4,-46.0,-44.7,-42.4,-40.3,-39.1,-38.5,-38.5,-38.9,-41.6,-40.9,-41.8,-43.7,-45.5,-46.2,-45.3,-43.4,511.8,512.4,512.7,512.5,512.0,511.6,511.1,511.2,515.7,513.3,511.1,510.1,510.7,512.2,513.8,512.1,510.4,510.0,511.0,513.2,512.4,512.3,512.5,512.7,513.0,513.0,512.9,512.6,530.9,532.1,533.8,535.0,535.0,533.8,532.1,531.0,531.1,530.5,530.4,531.5,534.2,537.6,540.8,537.4,534.0,531.6,530.4,530.5,532.8,533.3,534.1,534.6,534.6,534.1,533.3,532.8,26.7,-10.8,649.3,0.108,-0.195,-0.002,218.0,218.6,220.4,223.3,228.3,235.8,245.0,255.6,266.2,274.8,280.9,286.5,291.3,294.9,297.2,298.7,299.1,228.6,235.1,243.8,252.6,260.5,275.9,282.3,288.6,294.7,298.6,268.6,269.8,271.1,272.4,261.0,265.5,270.1,274.1,277.5,238.2,243.5,249.7,254.8,249.6,243.4,277.3,282.1,287.6,291.4,288.2,282.8,251.8,259.5,265.9,269.5,273.3,277.7,281.2,277.8,273.5,269.5,265.4,259.1,254.9,265.5,269.3,273.1,279.2,273.1,269.3,265.4,159.6,171.5,183.3,194.6,205.0,213.8,220.8,225.7,226.6,224.7,219.0,211.4,202.4,192.1,181.2,170.0,158.8,149.9,144.6,143.0,143.9,146.5,146.0,143.2,142.1,143.2,147.9,155.4,162.9,170.2,177.8,184.0,185.4,186.4,185.2,183.7,157.9,154.7,154.7,158.4,159.9,160.1,157.9,153.9,153.9,156.8,159.0,159.2,200.6,197.4,195.4,196.4,195.3,197.1,199.7,204.4,206.3,206.8,206.6,204.9,200.7,199.3,199.6,199.1,200.1,200.5,201.1,200.8,-55.7,-54.7,-51.7,-46.8,-38.0,-24.6,-8.6,9.6,27.5,42.7,54.5,65.6,75.1,81.6,85.7,88.5,89.3,-35.5,-24.5,-10.1,4.2,17.1,42.6,53.8,65.2,76.6,84.3,30.4,32.0,33.8,35.4,17.8,25.1,32.5,39.2,45.0,-19.6,-10.7,-0.5,7.9,-0.6,-10.9,45.9,54.3,64.0,71.1,65.0,55.4,3.0,15.6,25.8,31.8,38.1,45.9,52.8,46.2,38.6,31.8,25.1,14.9,8.1,25.3,31.5,37.9,49.0,37.9,31.5,25.1,-48.5,-27.8,-7.3,12.4,30.6,45.7,57.3,64.9,66.5,64.2,55.5,43.0,27.1,8.4,-11.4,-31.7,-52.3,-62.4,-70.6,-72.9,-71.0,-66.6,-68.3,-73.8,-76.7,-75.8,-68.8,-52.5,-39.9,-27.7,-15.4,-5.6,-3.5,-1.7,-3.8,-6.3,-49.0,-54.1,-54.2,-48.2,-45.7,-45.2,-49.8,-56.8,-57.1,-52.7,-48.4,-47.9,21.7,16.1,12.9,14.6,12.7,15.9,20.7,28.0,30.8,31.5,31.1,28.5,21.7,19.3,19.7,19.0,21.1,21.4,22.2,21.7,679.0,680.8,683.4,684.5,682.8,679.0,672.3,664.1,663.8,673.6,689.3,702.6,709.1,710.1,709.8,709.6,710.7,648.7,643.6,639.6,636.3,634.5,642.3,650.3,659.4,668.7,678.0,639.3,632.5,625.3,618.6,633.3,632.2,631.9,635.6,640.0,647.7,645.3,646.0,647.1,645.5,644.8,657.3,660.3,664.4,670.5,664.2,660.0,647.9,638.3,635.2,636.3,638.7,647.5,660.5,648.3,640.7,637.9,636.9,639.7,645.8,637.6,638.4,641.3,656.4,641.1,638.1,637.5,0.596,0.106,-0.252,0.004,266.002,180.888,-8.376,7.475,-13.372,17.058,4.529,1.174,-4.084,1.942,2.829,-3.501,-0.481,1.311,0.205,-1.838,-0.532,-0.695,-0.036,0.703,-1.324,-0.613,0.546,-0.469,-0.246,-0.72,0.145,0.142,0.092,0.018,-0.092,-0.021,-0.019,-0.003,0.002,-0.002,0.49,0.2,0.0,0.4,0.0,0.0,0.15,0.0,0.0,0.0,0.03,0.0,0.0,0.0,0.0,0.0,0.0,1.0,1.0,0.0,0.0,0.0,0.0,0.0,0.0,0.0,0.0,0.0,0.0,0.0,0.0,0.0,1.0,1.0,0.0
PP133,g1,682,0,0.975,0.205466,0.123419,-0.970851,0.060248,0.123696,-0.99049,0.135,0.125,242.7,243.9,247.1,250.3,251.7,250.7,247.3,244.1,238.4,240.4,243.2,246.7,250.2,252.9,254.7,252.7,249.7,246.5,243.3,240.5,245.8,247.3,248.6,249.2,248.6,247.1,245.8,245.2,280.3,281.2,284.0,286.9,288.4,287.5,284.7,281.5,277.3,279.3,281.9,285.2,288.1,290.1,291.3,290.2,288.3,285.8,282.8,279.7,283.0,284.3,285.5,285.9,285.3,284.0,282.8,282.4,156.6,153.4,151.9,153.2,156.4,159.9,161.1,159.8,158.3,156.4,155.1,154.4,154.9,156.4,158.4,159.6,160.1,160.4,160.2,159.6,158.1,158.6,158.0,156.5,155.1,154.6,155.2,156.7,155.7,152.6,151.2,152.4,155.4,158.6,159.9,159.0,157.9,155.7,154.2,153.4,153.9,155.1,157.0,158.3,159.0,159.3,159.2,158.9,157.1,157.6,157.0,155.6,154.3,153.8,154.4,155.7,-9.6,-8.0,-3.8,0.4,2.2,0.9,-3.5,-7.7,-15.3,-12.6,-8.9,-4.3,0.3,3.7,6.2,3.5,-0.4,-4.6,-8.7,-12.5,-5.4,-3.6,-1.8,-1.1,-1.9,-3.7,-5.5,-6.2,41.1,42.4,46.3,50.4,52.4,51.1,47.2,42.7,37.1,39.6,43.2,47.7,51.9,55.0,57.0,55.1,52.2,48.6,44.4,40.2,44.9,46.7,48.4,49.0,48.1,46.3,44.6,44.0,-40.4,-44.7,-46.6,-45.0,-40.7,-36.1,-34.5,-36.2,-38.5,-40.8,-42.3,-43.1,-42.5,-40.8,-38.2,-36.5,-35.8,-35.4,-35.7,-36.6,-38.6,-37.9,-38.7,-40.6,-42.4,-43.2,-42.3,-40.4,-43.1,-47.4,-49.5,-47.9,-43.8,-39.4,-37.4,-38.6,-40.1,-43.0,-45.1,-46.2,-45.7,-44.4,-42.2,-40.1,-38.9,-38.3,-38.3,-38.7,-41.4,-40.7,-41.6,-43.5,-45.3,-46.0,-45.1,-43.2,511.1,511.6,511.9,511.6,511.1,510.8,510.3,510.5,515.2,512.6,510.4,509.3,509.9,511.3,512.9,511.2,509.6,509.3,510.3,512.6,511.7,511.5,511.6,511.9,512.1,512.2,512.1,511.9,529.2,530.4,532.1,533.4,533.4,532.1,530.4,529.3,529.4,528.8,528.8,529.9,532.5,535.9,539.2,535.8,532.4,529.9,528.7,528.8,531.1,531.6,532.4,532.9,532.9,532.4,531.6,531.1,27.1,-9.9,643.6,0.091,-0.192,-0.012,218.2,218.9,220.9,223.9,229.0,236.6,245.8,256.5,267.2,275.8,281.9,287.2,291.8,295.2,297.4,298.9,299.2,228.6,235.1,243.8,252.5,260.4,275.9,282.3,288.6,294.6,298.5,268.6,269.9,271.4,272.7,261.4,265.9,270.6,274.5,277.9,238.3,243.5,249.7,254.9,249.7,243.5,277.3,282.2,287.7,291.4,288.3,282.8,252.7,260.3,266.5,270.2,273.9,278.3,281.7,278.5,274.2,270.2,266.2,260.0,255.8,266.2,269.9,273.7,279.6,273.7,270.0,266.1,160.1,172.3,184.3,195.7,206.4,215.4,222.5,227.4,228.3,226.4,220.4,212.6,203.3,192.8,181.7,170.4,159.0,150.2,144.8,143.0,144.0,146.5,146.0,143.2,142.1,143.2,147.9,155.4,162.9,170.2,177.9,184.4,185.7,186.8,185.5,183.9,158.2,155.0,154.9,158.5,160.1,160.4,157.9,154.0,154.0,156.9,159.1,159.2,201.6,198.1,196.0,197.0,195.9,197.7,200.6,205.2,207.1,207.7,207.5,205.9,201.6,200.0,200.2,199.7,200.9,201.2,201.9,201.6,-54.9,-53.9,-50.6,-45.5,-36.4,-23.0,-7.2,11.0,28.9,44.1,55.8,66.4,75.3,81.4,85.3,88.0,88.6,-35.2,-24.4,-10.1,4.0,16.7,42.3,53.4,64.7,75.9,83.5,30.2,32.0,33.9,35.7,18.3,25.6,33.0,39.6,45.3,-19.3,-10.6,-0.4,8.0,-0.5,-10.7,45.6,54.0,63.6,70.6,64.6,55.1,4.4,16.6,26.5,32.5,38.7,46.4,53.1,46.8,39.4,32.7,26.1,16.2,9.4,26.1,32.3,38.5,49.3,38.6,32.3,26.0,-47.3,-26.4,-5.6,14.4,32.7,48.0,59.7,67.3,68.8,66.4,57.6,44.8,28.5,9.5,-10.4,-30.8,-51.4,-61.5,-69.9,-72.3,-70.4,-66.1,-67.8,-73.3,-76.1,-75.3,-68.3,-52.2,-39.6,-27.4,-15.1,-5.0,-2.9,-1.2,-3.3,-5.9,-48.1,-53.3,-53.5,-47.7,-45.0,-44.5,-49.4,-56.3,-56.6,-52.2,-47.9,-47.5,23.2,17.2,13.8,15.4,13.5,16.8,21.9,29.1,31.9,32.6,32.3,29.8,23.1,20.2,20.6,19.9,22.2,22.3,23.2,22.8,674.0,676.0,678.6,679.6,677.5,673.3,666.4,658.1,657.8,667.7,683.6,696.8,703.2,703.7,703.2,702.7,703.6,643.9,638.8,635.0,631.7,630.1,637.8,645.9,654.9,664.1,673.3,634.6,627.5,620.0,613.0,627.9,626.6,626.3,630.0,634.6,642.8,640.6,641.3,642.4,640.8,640.1,652.6,655.7,659.8,665.8,659.4,655.3,641.8,632.1,629.3,630.5,633.0,641.5,654.2,642.1,634.8,631.9,630.8,633.3,639.6,631.7,632.6,635.5,650.0,635.3,632.3,631.6,0.601,0.091,-0.25,-0.007,266.387,181.44,-10.326,9.972,-14.334,20.85,2.011,1.37,-3.732,2.619,3.36,-4.954,-0.673,0.866,-0.405,-2.227,-0.112,-1.073,-0.318,0.644,-1.413,-0.824,0.471,-0.335,-0.467,-0.847,0.134,0.327,0.097,0.028,-0.112,-0.035,-0.044,-0.013,0.005,-0.003,0.6,0.37,0.0,1.12,0.0,0.0,0.0,0.0,0.0,0.0,0.1,0.0,0.0,0.0,0.0,0.0,0.0,1.0,1.0,0.0,1.0,0.0,0.0,0.0,0.0,0.0,0.0,0.0,0.0,0.0,0.0,0.0,1.0,1.0,0.0
PP133,g1,688,0,0.975,0.214367,0.140973,-0.966526,0.064686,0.14067,-0.987941,0.142,0.143,243.4,244.7,247.9,251.1,252.4,251.4,248.0,244.8,239.1,241.1,244.0,247.5,251.0,253.6,255.4,253.4,250.4,247.2,244.0,241.2,246.6,248.0,249.3,249.9,249.3,247.9,246.5,246.0,281.1,282.0,284.7,287.6,289.1,288.2,285.4,282.2,278.1,280.0,282.6,285.9,288.8,290.8,291.9,290.9,289.0,286.5,283.5,280.4,283.7,285.0,286.2,286.6,286.0,284.7,283.5,283.1,156.7,153.5,152.1,153.4,156.6,160.1,161.2,160.0,158.3,156.5,155.2,154.6,155.2,156.6,158.6,159.8,160.3,160.5,160.3,159.7,158.2,158.8,158.1,156.7,155.3,154.8,155.4,156.8,156.0,152.9,151.5,152.7,155.8,158.9,160.2,159.3,158.2,156.1,154.5,153.8,154.3,155.4,157.2,158.6,159.3,159.6,159.5,159.2,157.4,157.9,157.3,155.9,154.6,154.1,154.7,156.1,-8.6,-7.0,-2.8,1.4,3.2,1.8,-2.6,-6.8,-14.4,-11.7,-7.9,-3.3,1.3,4.7,7.1,4.4,0.6,-3.6,-7.8,-11.6,-4.5,-2.7,-0.9,-0.1,-0.9,-2.8,-4.6,-5.3,42.2,43.6,47.4,51.6,53.5,52.2,48.3,43.8,38.2,40.7,44.3,48.9,53.0,56.1,58.1,56.2,53.3,49.7,45.5,41.3,46.0,47.8,49.5,50.1,49.3,47.4,45.8,45.2,-40.3,-44.6,-46.5,-44.8,-40.5,-35.9,-34.4,-36.1,-38.5,-40.8,-42.2,-43.0,-42.3,-40.5,-38.0,-36.3,-35.6,-35.3,-35.6,-36.6,-38.4,-37.7,-38.5,-40.4,-42.3,-43.0,-42.2,-40.3,-42.8,-47.1,-49.2,-47.7,-43.5,-39.1,-37.1,-38.3,-39.8,-42.7,-44.8,-45.9,-45.4,-44.2,-41.9,-39.8,-38.6,-38.0,-38.0,-38.4,-41.1,-40.4,-41.3,-43.2,-45.0,-45.7,-44.8,-42.9,511.8,512.3,512.6,512.5,511.9,511.6,511.1,511.3,515.8,513.3,511.0,510.0,510.7,512.2,513.8,512.1,510.5,510.0,511.0,513.2,512.4,512.3,512.5,512.7,512.9,513.0,512.9,512.6,531.0,532.2,534.0,535.2,535.3,534.1,532.4,531.2,531.3,530.7,530.6,531.7,534.4,537.9,541.1,537.7,534.4,531.8,530.6,530.7,533.0,533.6,534.3,534.8,534.8,534.3,533.5,533.0,27.8,-9.7,645.5,0.117,-0.202,-0.001,218.6,219.1,220.9,223.7,228.7,236.3,245.4,256.1,266.8,275.4,281.5,287.0,291.8,295.3,297.6,299.2,299.5,229.5,236.1,244.8,253.6,261.5,276.7,283.2,289.4,295.4,299.2,269.5,270.7,272.1,273.4,261.8,266.4,271.0,275.0,278.3,239.0,244.3,250.5,255.6,250.4,244.2,278.0,282.9,288.4,292.1,288.9,283.5,252.6,260.4,266.7,270.4,274.1,278.5,281.9,278.6,274.3,270.3,266.2,259.9,255.7,266.3,270.1,273.9,279.8,273.9,270.1,266.2,159.8,171.9,183.8,195.2,205.7,214.7,221.9,226.9,227.9,225.9,219.9,212.0,202.7,192.2,181.3,170.1,158.8,150.1,144.9,143.3,144.3,147.0,146.5,143.6,142.5,143.6,148.2,155.9,163.4,170.9,178.6,184.8,186.1,187.3,186.0,184.4,158.3,155.1,155.1,158.7,160.2,160.5,158.3,154.3,154.3,157.2,159.4,159.5,201.6,198.3,196.4,197.4,196.2,198.0,200.7,205.4,207.4,207.9,207.7,206.0,201.6,200.3,200.6,200.1,201.0,201.5,202.1,201.8,-54.2,-53.4,-50.6,-45.8,-36.9,-23.7,-7.8,10.4,28.4,43.6,55.4,66.3,75.5,81.9,85.9,88.7,89.5,-33.8,-22.7,-8.4,5.8,18.5,43.7,54.9,66.1,77.3,84.9,31.6,33.3,35.1,36.8,19.0,26.4,33.8,40.4,46.2,-18.2,-9.4,0.8,9.2,0.7,-9.5,46.9,55.3,64.9,71.8,65.8,56.3,4.4,16.9,27.0,33.0,39.3,47.0,53.6,47.2,39.7,32.9,26.2,16.2,9.4,26.5,32.7,39.0,49.8,39.0,32.7,26.3,-47.7,-27.1,-6.5,13.4,31.7,47.0,58.9,66.7,68.4,66.0,56.9,43.9,27.5,8.6,-11.2,-31.5,-51.9,-61.6,-69.7,-71.8,-69.8,-65.4,-67.0,-72.5,-75.5,-74.7,-67.9,-51.4,-38.8,-26.4,-14.0,-4.4,-2.2,-0.4,-2.4,-5.1,-48.1,-53.1,-53.2,-47.3,-44.7,-44.3,-48.9,-55.8,-56.1,-51.7,-47.4,-47.0,23.2,17.5,14.3,16.0,14.2,17.4,22.2,29.6,32.4,33.1,32.7,30.1,23.2,20.8,21.2,20.5,22.6,22.9,23.7,23.2,673.5,675.8,678.9,680.4,678.9,675.2,668.8,660.8,660.8,670.7,686.5,699.5,705.7,706.2,705.6,705.0,705.6,643.4,638.3,634.6,631.5,630.1,638.1,646.1,655.2,664.6,674.0,635.1,628.3,621.2,614.6,629.2,628.2,628.1,631.8,636.3,642.8,640.5,641.3,642.6,640.9,640.1,653.2,656.2,660.4,666.6,660.2,656.1,643.8,634.2,631.4,632.6,635.1,643.9,656.8,644.8,637.4,634.4,633.3,635.8,641.7,633.9,634.8,637.8,652.7,637.6,634.5,633.8,0.599,0.117,-0.261,0.006,266.74,181.542,-9.999,9.045,-14.019,19.037,3.039,1.193,-4.024,1.407,2.857,-3.822,0.142,1.04,-0.176,-2.07,-0.414,-0.935,-0.185,0.465,-1.251,-0.849,0.555,-0.326,-0.284,-0.747,0.115,0.216,0.089,0.025,-0.11,-0.031,-0.031,-0.008,0.003,0.0,0.22,0.19,0.0,0.7,0.0,0.0,0.06,0.0,0.0,0.0,0.0,0.0,0.0,0.0,0.0,0.02,0.0,1.0,1.0,0.0,1.0,0.0,0.0,0.0,0.0,0.0,0.0,0.0,0.0,0.0,0.0,0.0,1.0,1.0,0.0
PP133,g1,694,0,0.975,0.213132,0.14767,-0.965799,0.058894,0.145398,-0.987619,0.138,0.149,244.1,245.4,248.6,251.8,253.1,252.1,248.7,245.5,239.8,241.8,244.7,248.2,251.7,254.3,256.1,254.0,251.1,247.9,244.7,241.9,247.2,248.6,250.0,250.6,250.0,248.6,247.2,246.7,281.8,282.7,285.5,288.4,289.8,288.9,286.1,282.9,278.8,280.7,283.4,286.6,289.5,291.5,292.7,291.6,289.7,287.2,284.2,281.1,284.5,285.7,286.9,287.3,286.7,285.4,284.2,283.8,156.5,153.2,151.9,153.2,156.4,159.9,161.0,159.7,158.0,156.2,155.0,154.4,155.0,156.5,158.5,159.6,160.1,160.3,160.0,159.4,158.0,158.5,157.9,156.5,155.1,154.5,155.1,156.6,156.1,153.0,151.7,152.9,155.9,159.1,160.4,159.4,158.3,156.2,154.6,153.9,154.5,155.6,157.4,158.8,159.5,159.8,159.6,159.3,157.5,158.1,157.5,156.1,154.8,154.2,154.8,156.2,-7.7,-6.0,-1.8,2.4,4.1,2.7,-1.8,-5.9,-13.5,-10.8,-6.9,-2.3,2.2,5.6,8.0,5.3,1.4,-2.8,-6.9,-10.7,-3.6,-1.8,0.0,0.8,0.0,-1.8,-3.6,-4.4,43.2,44.6,48.5,52.6,54.6,53.2,49.3,44.8,39.2,41.8,45.3,49.9,54.1,57.2,59.1,57.3,54.3,50.6,46.5,42.3,47.0,48.8,50.5,51.1,50.3,48.5,46.8,46.2,-40.7,-45.0,-46.8,-45.1,-40.8,-36.2,-34.7,-36.5,-39.0,-41.2,-42.6,-43.3,-42.6,-40.8,-38.2,-36.6,-35.9,-35.6,-36.0,-37.0,-38.8,-38.1,-38.8,-40.7,-42.6,-43.4,-42.6,-40.7,-42.7,-47.0,-49.0,-47.4,-43.3,-38.9,-37.0,-38.2,-39.7,-42.6,-44.6,-45.7,-45.2,-43.9,-41.6,-39.6,-38.4,-37.8,-37.9,-38.3,-40.9,-40.2,-41.1,-43.0,-44.8,-45.5,-44.6,-42.7,512.8,513.4,513.7,513.5,513.0,512.7,512.1,512.3,516.7,514.2,512.1,511.1,511.8,513.3,514.9,513.2,511.5,511.0,512.0,514.2,513.4,513.4,513.5,513.8,514.0,514.1,513.9,513.7,531.2,532.4,534.1,535.4,535.4,534.2,532.5,531.4,531.5,530.8,530.8,531.9,534.5,538.0,541.3,537.9,534.5,532.0,530.8,530.9,533.2,533.7,534.5,535.0,535.0,534.4,533.7,533.1,28.4,-10.0,647.6,0.128,-0.198,0.013,219.2,219.6,221.2,223.8,228.8,236.3,245.4,256.0,266.5,275.1,281.3,286.9,291.9,295.6,298.0,299.8,300.3,230.3,237.0,245.7,254.4,262.2,277.7,284.1,290.3,296.3,300.1,270.2,271.3,272.5,273.7,262.1,266.6,271.2,275.2,278.6,239.6,245.0,251.2,256.2,251.1,244.9,278.7,283.7,289.1,292.8,289.6,284.2,252.4,260.2,266.7,270.4,274.2,278.6,282.0,278.5,274.2,270.1,266.0,259.7,255.4,266.2,270.1,273.9,279.9,273.8,270.0,266.1,159.1,171.2,183.1,194.5,205.0,214.0,221.2,226.3,227.3,225.4,219.5,211.8,202.7,192.3,181.5,170.3,159.0,149.6,144.6,143.1,144.2,146.8,146.5,143.7,142.6,143.8,148.4,155.9,163.4,171.0,178.7,184.7,186.1,187.2,186.0,184.5,158.0,154.9,154.9,158.6,160.0,160.2,158.4,154.4,154.5,157.4,159.6,159.7,201.0,198.0,196.2,197.3,196.2,198.0,200.5,205.3,207.2,207.7,207.4,205.6,201.2,200.1,200.4,200.0,200.9,201.4,201.9,201.6,-53.3,-52.8,-50.3,-45.7,-37.0,-23.8,-7.9,10.1,28.0,43.3,55.2,66.3,75.9,82.7,87.0,90.1,91.1,-32.6,-21.3,-7.1,7.1,19.7,45.3,56.6,67.8,79.0,86.6,32.9,34.3,35.9,37.4,19.5,26.8,34.2,40.9,46.7,-17.1,-8.2,2.0,10.3,1.7,-8.5,48.2,56.7,66.3,73.2,67.2,57.6,3.9,16.7,27.1,33.1,39.5,47.2,54.0,47.3,39.5,32.7,26.0,15.8,9.0,26.4,32.7,39.1,50.2,39.0,32.6,26.2,-49.0,-28.3,-7.7,12.1,30.5,45.9,57.8,65.8,67.6,65.3,56.4,43.6,27.5,8.8,-10.9,-31.1,-51.6,-62.5,-70.3,-72.3,-70.2,-65.7,-67.2,-72.6,-75.4,-74.5,-67.7,-51.5,-38.8,-26.4,-13.9,-4.6,-2.3,-0.4,-2.4,-4.9,-48.7,-53.6,-53.6,-47.6,-45.2,-44.9,-48.9,-55.7,-55.9,-51.5,-47.2,-46.8,22.4,17.1,14.2,15.9,14.2,17.3,22.0,29.4,32.2,32.9,32.3,29.5,22.5,20.5,21.1,20.4,22.4,22.7,23.5,22.9,675.4,677.6,680.7,682.2,680.8,677.2,670.8,662.9,662.9,672.8,688.4,701.3,707.4,708.0,707.5,707.0,707.8,645.0,640.0,636.3,633.2,631.6,639.6,647.6,656.7,666.0,675.3,636.7,630.1,623.2,616.7,631.3,630.3,630.1,633.9,638.3,644.5,642.1,643.0,644.2,642.5,641.7,654.7,657.6,661.8,668.0,661.7,657.5,646.3,636.8,633.7,634.9,637.5,646.3,659.3,647.3,639.7,636.7,635.7,638.3,644.2,636.2,637.1,640.1,655.3,639.9,636.8,636.1,0.598,0.127,-0.257,0.02,267.051,181.367,-10.707,8.422,-13.326,17.123,4.6,1.776,-4.226,1.071,2.396,-3.187,-0.035,1.292,0.1,-2.097,-0.664,-0.513,-0.099,0.882,-1.351,-0.979,0.522,-0.483,-0.114,-0.653,0.113,0.079,0.12,0.0,-0.095,-0.02,-0.018,0.001,0.003,-0.004,0.51,0.34,0.0,0.73,0.0,0.0,0.11,0.0,0.0,0.15,0.0,0.0,0.0,0.0,0.0,0.0,0.0,1.0,1.0,0.0,1.0,0.0,0.0,0.0,0.0,0.0,0.0,0.0,0.0,0.0,0.0,0.0,0.0,1.0,0.0
PP133,g1,700,0,0.975,0.211299,0.128358,-0.968957,0.066676,0.126065,-0.989779,0.141,0.129,245.0,246.2,249.4,252.6,253.9,252.9,249.5,246.3,240.7,242.7,245.5,249.0,252.5,255.1,256.9,254.8,251.9,248.7,245.5,242.7,248.1,249.5,250.8,251.4,250.8,249.4,248.0,247.5,282.4,283.3,286.0,289.0,290.4,289.4,286.7,283.5,279.4,281.3,284.0,287.2,290.1,292.0,293.2,292.1,290.2,287.8,284.8,281.7,285.0,286.3,287.5,287.9,287.3,286.0,284.8,284.4,156.6,153.3,151.9,153.2,156.4,159.9,161.0,159.8,158.2,156.3,155.0,154.4,155.0,156.5,158.5,159.7,160.1,160.3,160.1,159.5,158.0,158.6,158.0,156.6,155.2,154.6,155.2,156.6,156.2,153.1,151.8,153.0,156.1,159.1,160.5,159.5,158.4,156.2,154.7,154.0,154.6,155.8,157.6,158.9,159.6,159.8,159.7,159.4,157.6,158.1,157.6,156.2,154.9,154.3,154.9,156.3,-6.6,-5.0,-0.8,3.4,5.2,3.8,-0.6,-4.8,-12.4,-9.7,-5.9,-1.3,3.2,6.7,9.1,6.4,2.5,-1.7,-5.8,-9.6,-2.5,-0.7,1.1,1.8,1.1,-0.8,-2.6,-3.3,44.2,45.6,49.4,53.6,55.5,54.1,50.2,45.8,40.1,42.7,46.3,50.9,55.0,58.1,60.0,58.2,55.2,51.6,47.4,43.3,48.0,49.8,51.5,52.1,51.2,49.4,47.7,47.1,-40.7,-45.0,-46.9,-45.2,-40.9,-36.3,-34.8,-36.5,-38.9,-41.2,-42.7,-43.4,-42.7,-40.9,-38.3,-36.7,-36.0,-35.6,-36.0,-37.0,-38.8,-38.1,-38.9,-40.8,-42.6,-43.4,-42.6,-40.7,-42.7,-47.0,-49.0,-47.4,-43.2,-38.9,-37.0,-38.2,-39.8,-42.6,-44.7,-45.7,-45.2,-43.8,-41.5,-39.5,-38.3,-37.8,-37.9,-38.3,-40.9,-40.2,-41.1,-43.0,-44.8,-45.5,-44.6,-42.7,514.2,514.8,515.1,514.9,514.3,514.0,513.5,513.6,518.2,515.7,513.5,512.4,513.1,514.5,516.2,514.5,512.8,512.4,513.4,515.6,514.8,514.7,514.8,515.1,515.3,515.4,515.3,515.0,532.8,534.1,535.8,537.1,537.1,535.9,534.1,532.9,533.0,532.4,532.4,533.6,536.3,539.8,543.0,539.6,536.2,533.6,532.4,532.4,534.8,535.3,536.1,536.7,536.7,536.1,535.3,534.8,29.9,-9.3,644.8,0.097,-0.204,0.005,219.9,220.4,222.1,224.9,229.9,237.4,246.6,257.4,268.1,276.6,282.7,288.0,292.7,296.2,298.5,300.2,300.6,231.1,237.7,246.4,255.1,262.9,278.3,284.7,290.8,296.8,300.4,270.9,272.1,273.5,274.8,263.2,267.8,272.4,276.3,279.6,240.5,245.8,252.0,257.0,251.9,245.7,279.4,284.2,289.7,293.3,290.2,284.8,254.1,261.8,268.1,271.7,275.5,279.7,283.0,279.8,275.6,271.6,267.5,261.3,257.1,267.7,271.4,275.2,281.0,275.2,271.4,267.6,159.9,172.0,184.0,195.5,206.2,215.3,222.5,227.6,228.6,226.8,220.9,213.1,203.9,193.4,182.4,171.1,159.8,149.9,144.6,143.1,144.1,146.8,146.5,143.8,142.7,144.0,148.7,155.8,163.3,170.8,178.5,184.7,186.1,187.2,186.0,184.4,158.1,154.9,154.9,158.6,160.1,160.3,158.4,154.5,154.6,157.6,159.7,159.7,201.7,198.3,196.3,197.4,196.3,198.2,201.1,205.7,207.5,208.0,207.8,206.1,201.7,200.3,200.6,200.1,201.3,201.7,202.2,201.9,-51.9,-51.2,-48.5,-43.7,-34.9,-21.7,-5.8,12.4,30.4,45.6,57.3,68.0,77.0,83.4,87.5,90.5,91.4,-31.1,-20.1,-5.8,8.3,20.8,46.3,57.4,68.6,79.6,87.1,34.0,35.6,37.4,39.0,21.3,28.6,35.9,42.5,48.2,-15.6,-6.8,3.3,11.6,3.1,-7.0,49.1,57.6,67.2,74.0,68.0,58.5,6.7,19.1,29.2,35.1,41.3,48.9,55.4,49.2,41.7,35.0,28.4,18.4,11.7,28.6,34.8,41.1,51.7,41.0,34.7,28.4,-47.6,-26.8,-6.0,13.9,32.4,47.9,59.8,67.6,69.3,67.2,58.5,45.8,29.5,10.6,-9.2,-29.5,-50.1,-61.9,-70.1,-72.2,-70.2,-65.7,-67.0,-72.4,-75.2,-74.2,-67.1,-51.6,-39.0,-26.6,-14.2,-4.5,-2.3,-0.4,-2.4,-5.0,-48.4,-53.4,-53.5,-47.5,-45.0,-44.6,-48.7,-55.4,-55.7,-51.1,-47.0,-46.6,23.3,17.5,14.3,16.0,14.2,17.6,22.8,29.9,32.6,33.2,32.8,30.1,23.3,20.7,21.2,20.6,23.1,23.1,23.9,23.3,673.0,675.1,677.8,679.0,677.1,673.1,666.4,658.4,658.5,668.8,684.8,698.2,704.6,705.3,704.8,704.2,705.0,643.2,638.4,635.0,632.1,630.8,638.9,647.0,656.1,665.4,674.6,635.5,628.6,621.2,614.4,628.7,627.6,627.5,631.3,635.9,642.6,640.5,641.5,642.7,640.9,640.0,653.6,656.7,660.9,667.0,660.6,656.4,642.3,632.9,630.4,631.7,634.3,642.9,655.6,643.5,636.1,633.0,631.8,634.1,640.2,632.7,633.7,636.8,651.4,636.6,633.4,632.6,0.6,0.098,-0.266,0.011,268.059,181.757,-11.615,10.076,-14.5,19.671,1.907,1.796,-3.351,2.11,2.958,-4.504,-0.11,0.483,-0.411,-2.191,0.026,-0.983,-0.158,0.791,-1.192,-0.672,0.509,-0.279,-0.432,-0.891,0.17,0.322,0.109,0.01,-0.096,-0.032,-0.038,-0.016,0.007,-0.002,0.39,0.33,0.0,0.86,0.0,0.0,0.07,0.0,0.0,0.11,0.06,0.0,0.0,0.0,0.0,0.0,0.0,0.0,1.0,0.0,1.0,0.0,0.0,0.0,0.0,0.0,0.0,0.0,0.0,0.0,0.0,0.0,1.0,1.0,0.0
PP133,g1,706,0,0.975,0.213933,0.125445,-0.96876,0.070542,0.122653,-0.989939,0.144,0.126,245.5,246.7,249.9,253.1,254.4,253.4,250.0,246.8,241.2,243.2,246.0,249.5,253.0,255.6,257.4,255.3,252.4,249.2,246.1,243.2,248.6,250.0,251.3,251.9,251.3,249.9,248.5,248.0,282.8,283.7,286.4,289.3,290.7,289.8,287.1,283.9,279.8,281.7,284.4,287.6,290.5,292.4,293.5,292.5,290.6,288.2,285.2,282.1,285.4,286.7,287.9,288.3,287.7,286.4,285.2,284.8,156.7,153.4,152.1,153.3,156.5,160.0,161.1,159.9,158.3,156.4,155.1,154.5,155.1,156.6,158.6,159.8,160.2,160.4,160.2,159.6,158.1,158.7,158.1,156.7,155.3,154.7,155.3,156.7,156.4,153.3,152.0,153.2,156.3,159.3,160.6,159.7,158.5,156.4,154.9,154.2,154.8,156.0,157.8,159.1,159.8,160.0,159.9,159.5,157.8,158.3,157.8,156.4,155.1,154.5,155.1,156.5,-6.0,-4.3,-0.1,4.1,5.8,4.4,0.0,-4.2,-11.7,-9.0,-5.2,-0.6,3.9,7.4,9.8,7.0,3.2,-1.0,-5.2,-8.9,-1.9,-0.0,1.8,2.5,1.7,-0.1,-1.9,-2.6,44.9,46.3,50.1,54.3,56.2,54.8,50.9,46.4,40.8,43.4,47.0,51.6,55.7,58.8,60.7,58.8,55.9,52.3,48.1,44.0,48.6,50.4,52.1,52.8,51.9,50.1,48.4,47.8,-40.6,-44.9,-46.8,-45.0,-40.8,-36.2,-34.7,-36.4,-38.8,-41.1,-42.6,-43.3,-42.6,-40.8,-38.2,-36.5,-35.9,-35.5,-35.9,-36.9,-38.7,-38.0,-38.8,-40.7,-42.5,-43.3,-42.5,-40.6,-42.6,-46.9,-48.9,-47.3,-43.1,-38.8,-36.8,-38.1,-39.7,-42.5,-44.6,-45.6,-45.1,-43.7,-41.4,-39.3,-38.2,-37.7,-37.8,-38.2,-40.8,-40.1,-41.0,-42.9,-44.7,-45.4,-44.5,-42.6,514.5,515.0,515.3,515.1,514.6,514.2,513.7,513.9,518.4,516.0,513.7,512.7,513.4,514.8,516.5,514.7,513.1,512.7,513.7,515.9,515.1,515.0,515.1,515.4,515.6,515.7,515.6,515.3,534.5,535.7,537.5,538.8,538.8,537.6,535.8,534.6,534.6,534.1,534.1,535.3,538.0,541.4,544.7,541.3,537.8,535.3,534.0,534.1,536.4,537.0,537.8,538.3,538.3,537.8,537.0,536.4,30.7,-9.2,644.0,0.092,-0.21,0.005,220.1,220.6,222.3,225.1,230.1,237.7,246.9,257.8,268.6,277.2,283.1,288.4,293.0,296.4,298.7,300.5,300.9,231.5,238.1,246.9,255.6,263.5,278.7,285.1,291.2,297.1,300.7,271.4,272.7,274.1,275.5,263.8,268.4,273.0,276.9,280.2,241.0,246.3,252.5,257.5,252.4,246.2,279.8,284.6,290.1,293.7,290.6,285.2,254.8,262.5,268.8,272.4,276.1,280.3,283.5,280.5,276.3,272.3,268.3,262.1,257.9,268.4,272.1,275.8,281.5,275.9,272.1,268.3,159.9,172.0,184.0,195.5,206.2,215.3,222.6,227.7,228.8,226.9,221.1,213.4,204.2,193.7,182.7,171.5,160.1,150.1,144.7,143.2,144.2,147.0,146.7,144.0,143.0,144.2,149.0,155.9,163.4,170.8,178.5,184.7,186.1,187.3,186.0,184.5,158.2,155.0,155.0,158.7,160.2,160.4,158.6,154.7,154.8,157.8,159.9,159.9,201.8,198.4,196.4,197.4,196.3,198.3,201.2,205.7,207.6,208.0,207.8,206.2,201.8,200.4,200.6,200.2,201.5,201.7,202.2,201.9,-51.4,-50.7,-48.0,-43.2,-34.4,-21.2,-5.2,13.2,31.3,46.4,58.0,68.6,77.5,83.8,88.0,91.0,91.8,-30.4,-19.4,-5.0,9.1,21.7,47.0,58.1,69.3,80.3,87.6,34.8,36.5,38.3,40.0,22.2,29.5,36.8,43.4,49.1,-14.7,-6.0,4.1,12.4,3.9,-6.2,49.8,58.2,67.8,74.5,68.6,59.2,7.9,20.3,30.3,36.2,42.3,49.8,56.2,50.1,42.8,36.1,29.6,19.7,12.9,29.7,35.8,42.0,52.4,42.1,35.9,29.6,-47.6,-26.8,-6.1,13.9,32.3,47.8,59.8,67.6,69.4,67.4,58.8,46.2,30.0,11.2,-8.7,-28.9,-49.4,-61.6,-69.8,-72.0,-69.9,-65.4,-66.6,-72.0,-74.7,-73.7,-66.5,-51.3,-38.7,-26.5,-14.2,-4.4,-2.2,-0.4,-2.3,-4.9,-48.1,-53.2,-53.3,-47.3,-44.8,-44.4,-48.4,-55.1,-55.3,-50.8,-46.7,-46.3,23.5,17.6,14.3,16.0,14.3,17.7,23.0,30.0,32.6,33.2,32.8,30.2,23.5,20.8,21.3,20.7,23.2,23.1,23.9,23.3,672.2,674.3,676.9,678.0,676.1,672.0,665.3,657.3,657.5,668.0,684.3,698.0,704.6,705.3,704.8,704.2,705.0,642.3,637.6,634.2,631.4,630.2,638.6,646.8,656.0,665.4,674.6,635.0,628.0,620.6,613.6,627.8,626.8,626.7,630.6,635.3,641.7,639.7,640.7,642.1,640.2,639.2,653.3,656.5,660.8,667.0,660.5,656.2,641.0,631.7,629.3,630.6,633.3,642.0,654.8,642.5,635.0,631.9,630.6,632.8,639.0,631.6,632.7,635.8,650.5,635.6,632.4,631.5,0.601,0.093,-0.274,0.011,268.562,181.874,-9.561,10.442,-14.889,19.709,0.997,1.296,-3.155,2.87,3.372,-4.709,-0.459,0.46,-0.447,-2.172,0.15,-1.047,-0.153,0.624,-1.021,-0.585,0.645,-0.234,-0.495,-0.925,0.22,0.405,0.093,0.019,-0.105,-0.032,-0.041,-0.021,0.006,0.002,0.49,0.39,0.0,0.89,0.0,0.0,0.05,0.0,0.0,0.0,0.0,0.0,0.0,0.0,0.0,0.0,0.0,0.0,1.0,0.0,1.0,0.0,0.0,0.0,0.0,0.0,0.0,0.0,0.0,0.0,0.0,0.0,0.0,1.0,0.0
PP133,g1,712,0,0.975,0.226104,0.154821,-0.961721,0.068969,0.15069,-0.986172,0.15,0.156,246.1,247.4,250.6,253.8,255.0,253.9,250.5,247.4,241.7,243.8,246.7,250.2,253.6,256.2,257.9,255.9,253.0,249.8,246.6,243.8,249.1,250.5,251.9,252.5,251.9,250.6,249.2,248.6,283.5,284.4,287.1,290.0,291.4,290.4,287.7,284.6,280.5,282.4,285.1,288.3,291.1,293.0,294.1,293.1,291.2,288.7,285.8,282.8,286.1,287.3,288.5,288.9,288.3,287.1,285.9,285.5,156.2,153.0,151.7,153.1,156.3,159.7,160.8,159.4,157.7,155.9,154.7,154.2,154.8,156.3,158.4,159.5,159.9,160.0,159.7,159.0,157.7,158.3,157.8,156.4,154.9,154.3,154.9,156.3,156.4,153.4,152.1,153.3,156.3,159.4,160.7,159.7,158.5,156.4,155.0,154.3,154.9,156.0,157.9,159.2,159.8,160.1,159.9,159.6,157.8,158.4,157.8,156.5,155.1,154.6,155.2,156.5,-5.1,-3.4,0.8,5.0,6.6,5.2,0.7,-3.5,-11.1,-8.3,-4.3,0.3,4.8,8.2,10.5,7.7,3.9,-0.3,-4.5,-8.2,-1.1,0.7,2.5,3.3,2.6,0.7,-1.1,-1.9,46.1,47.5,51.4,55.5,57.4,56.0,52.1,47.6,42.0,44.6,48.2,52.8,57.0,60.0,61.9,60.0,57.1,53.4,49.3,45.1,49.9,51.7,53.4,54.0,53.2,51.4,49.7,49.0,-41.3,-45.5,-47.3,-45.5,-41.2,-36.6,-35.2,-37.0,-39.6,-41.8,-43.1,-43.8,-43.0,-41.1,-38.5,-36.9,-36.3,-36.1,-36.5,-37.6,-39.3,-38.5,-39.3,-41.1,-43.0,-43.8,-43.0,-41.2,-42.8,-47.1,-49.1,-47.5,-43.3,-38.9,-37.0,-38.3,-39.9,-42.7,-44.8,-45.8,-45.2,-43.9,-41.6,-39.5,-38.4,-37.8,-38.0,-38.4,-41.0,-40.3,-41.2,-43.1,-44.9,-45.6,-44.8,-42.9,514.7,515.3,515.7,515.6,515.2,514.8,514.1,514.2,518.5,516.1,514.0,513.1,513.9,515.4,517.1,515.3,513.6,513.0,513.9,516.0,515.4,515.4,515.6,515.8,516.0,516.1,515.9,515.6,538.0,539.1,540.9,542.2,542.3,541.1,539.4,538.2,538.2,537.6,537.6,538.7,541.4,544.9,548.1,544.8,541.4,538.8,537.6,537.7,540.0,540.5,541.3,541.8,541.8,541.2,540.4,539.9,30.8,-10.2,648.6,0.136,-0.217,0.029,220.3,220.6,221.9,224.4,229.2,236.6,245.8,256.6,267.1,275.7,281.8,287.4,292.4,296.2,298.8,300.6,301.3,232.2,239.1,247.9,256.7,264.6,279.6,286.0,292.2,298.0,301.6,272.2,273.3,274.5,275.7,263.8,268.3,272.9,276.8,280.2,241.5,247.0,253.2,258.1,252.9,246.8,280.4,285.3,290.7,294.3,291.2,285.8,253.8,261.8,268.3,272.0,275.7,279.9,283.1,279.8,275.5,271.5,267.4,261.1,256.9,267.8,271.6,275.3,281.1,275.3,271.5,267.6,158.5,170.4,182.2,193.5,204.1,213.1,220.3,225.6,226.8,225.0,219.1,211.6,202.6,192.4,181.7,170.7,159.5,149.1,144.2,142.8,144.1,146.9,146.8,144.1,143.1,144.3,148.9,156.1,163.5,170.9,178.5,184.4,185.9,187.1,185.9,184.4,157.6,154.6,154.7,158.5,159.9,159.9,158.6,154.8,154.9,157.8,160.0,160.0,200.7,197.7,195.9,197.0,195.9,197.8,200.5,205.2,207.1,207.5,207.2,205.3,200.8,199.8,200.2,199.8,200.8,201.3,201.8,201.4,-51.2,-51.0,-48.8,-44.7,-36.3,-23.2,-7.1,11.1,29.1,44.3,56.2,67.3,77.1,84.1,88.7,92.0,93.3,-29.3,-17.8,-3.4,10.9,23.6,48.5,59.8,71.0,82.2,89.5,36.2,37.6,39.1,40.6,22.3,29.6,37.0,43.6,49.4,-14.0,-4.9,5.2,13.3,4.8,-5.3,51.1,59.6,69.2,75.9,69.9,60.4,6.2,19.3,29.8,35.8,42.0,49.6,56.0,49.4,41.9,35.1,28.4,18.2,11.3,29.0,35.2,41.6,52.2,41.5,35.1,28.8,-50.1,-29.6,-9.2,10.5,28.8,44.3,56.4,64.6,66.8,64.7,55.9,43.4,27.5,9.0,-10.6,-30.6,-50.9,-63.3,-70.9,-72.7,-70.4,-65.6,-66.7,-72.1,-74.8,-73.8,-66.9,-51.2,-38.7,-26.5,-14.2,-5.0,-2.6,-0.7,-2.6,-5.0,-49.3,-54.0,-53.9,-47.8,-45.5,-45.3,-48.6,-55.2,-55.4,-50.9,-46.8,-46.4,21.8,16.6,13.7,15.5,13.8,17.1,21.9,29.3,32.1,32.7,32.1,29.1,21.9,20.1,20.7,20.1,22.3,22.6,23.3,22.7,674.3,676.5,679.5,681.2,680.1,676.9,670.8,663.4,663.8,674.1,690.0,703.2,709.7,710.5,710.1,709.9,710.7,644.0,639.2,635.8,633.0,631.9,640.4,648.8,658.2,667.9,677.5,637.3,630.9,624.1,617.7,631.6,630.9,631.1,634.9,639.4,643.9,641.7,642.8,644.4,642.5,641.4,655.9,658.9,663.4,669.8,663.3,658.9,646.2,636.9,634.1,635.5,638.2,647.3,660.7,648.6,640.7,637.6,636.4,638.7,644.4,636.7,637.7,640.9,656.6,640.8,637.6,636.7,0.597,0.134,-0.282,0.038,268.482,181.22,-8.157,8.275,-13.073,15.601,4.541,0.107,-3.703,1.434,2.608,-2.624,0.197,1.255,0.012,-2.013,-0.665,-0.511,-0.16,0.341,-1.095,-0.822,0.803,-0.467,-0.235,-0.774,0.107,0.154,0.056,0.035,-0.103,-0.017,-0.031,0.007,0.006,0.001,0.45,0.24,0.0,0.43,0.0,0.0,0.0,0.0,0.0,0.0,0.0,0.0,0.0,0.0,0.0,0.0,0.0,1.0,1.0,0.0,0.0,0.0,0.0,0.0,0.0,0.0,0.0,0.0,0.0,0.0,0.0,0.0,0.0,1.0,0.0
PP133,g1,718,0,0.975,0.227149,0.155333,-0.961392,0.068958,0.150473,-0.986206,0.151,0.156,246.3,247.6,250.8,253.9,255.2,254.1,250.7,247.6,241.9,244.0,246.9,250.4,253.8,256.4,258.1,256.0,253.2,250.0,246.8,244.0,249.3,250.7,252.1,252.7,252.1,250.8,249.4,248.8,283.6,284.6,287.3,290.2,291.5,290.5,287.8,284.7,280.6,282.6,285.2,288.4,291.2,293.2,294.3,293.2,291.3,288.9,286.0,282.9,286.2,287.5,288.7,289.1,288.5,287.2,286.1,285.6,155.8,152.6,151.3,152.7,155.9,159.4,160.4,159.0,157.3,155.5,154.3,153.8,154.4,156.0,158.0,159.1,159.5,159.6,159.3,158.6,157.3,157.9,157.4,156.0,154.6,154.0,154.5,155.9,156.1,153.0,151.8,153.0,156.0,159.1,160.4,159.4,158.2,156.1,154.6,154.0,154.6,155.7,157.6,158.8,159.5,159.8,159.6,159.2,157.5,158.0,157.5,156.1,154.8,154.3,154.8,156.2,-4.9,-3.1,1.1,5.2,6.9,5.4,1.0,-3.2,-10.8,-8.0,-4.1,0.6,5.1,8.4,10.7,8.0,4.2,-0.0,-4.2,-8.0,-0.9,1.0,2.8,3.6,2.8,1.0,-0.8,-1.6,46.4,47.9,51.8,55.9,57.8,56.3,52.4,47.9,42.3,44.9,48.6,53.1,57.3,60.3,62.2,60.4,57.4,53.8,49.6,45.4,50.2,52.0,53.7,54.3,53.5,51.7,50.0,49.4,-41.9,-46.1,-47.9,-46.1,-41.8,-37.2,-35.8,-37.6,-40.2,-42.4,-43.8,-44.4,-43.6,-41.7,-39.1,-37.5,-36.9,-36.7,-37.1,-38.2,-39.9,-39.1,-39.9,-41.7,-43.6,-44.4,-43.6,-41.8,-43.4,-47.7,-49.6,-48.0,-43.8,-39.5,-37.6,-38.9,-40.5,-43.3,-45.3,-46.3,-45.8,-44.4,-42.1,-40.0,-38.9,-38.4,-38.5,-39.0,-41.6,-40.9,-41.7,-43.6,-45.4,-46.1,-45.3,-43.4,515.7,516.3,516.8,516.7,516.2,515.8,515.2,515.2,519.5,517.1,515.0,514.1,514.9,516.5,518.2,516.4,514.6,514.1,515.0,517.0,516.4,516.4,516.6,516.9,517.1,517.1,516.9,516.7,539.2,540.4,542.1,543.4,543.5,542.3,540.6,539.4,539.4,538.8,538.8,539.9,542.6,546.1,549.4,546.0,542.6,540.0,538.8,538.9,541.2,541.8,542.5,543.0,543.0,542.4,541.7,541.2,31.0,-10.9,649.2,0.136,-0.219,0.031,220.4,220.6,221.9,224.4,229.2,236.6,245.9,256.6,267.2,275.7,281.8,287.4,292.5,296.3,298.9,300.7,301.3,232.4,239.3,248.1,256.9,264.8,279.8,286.2,292.3,298.2,301.7,272.4,273.5,274.7,275.9,263.9,268.5,273.0,277.0,280.3,241.7,247.2,253.4,258.2,253.1,247.0,280.6,285.5,290.9,294.4,291.3,286.0,253.8,261.9,268.5,272.1,275.8,280.0,283.1,279.8,275.6,271.6,267.6,261.2,256.8,267.9,271.7,275.4,281.1,275.3,271.6,267.8,158.0,169.9,181.7,193.1,203.6,212.6,219.8,225.0,226.2,224.4,218.6,211.2,202.3,192.1,181.4,170.4,159.3,148.7,143.8,142.4,143.6,146.5,146.4,143.7,142.8,144.0,148.6,155.7,163.1,170.5,178.1,184.0,185.4,186.6,185.5,184.0,157.2,154.2,154.4,158.1,159.5,159.5,158.2,154.4,154.6,157.5,159.7,159.6,200.1,197.2,195.5,196.6,195.6,197.4,200.0,204.7,206.6,207.0,206.7,204.8,200.3,199.4,199.7,199.3,200.3,200.8,201.3,200.9,-51.1,-50.9,-48.8,-44.7,-36.3,-23.1,-7.0,11.3,29.3,44.5,56.2,67.5,77.2,84.3,89.0,92.3,93.5,-29.0,-17.5,-3.1,11.2,23.9,49.0,60.2,71.4,82.5,89.8,36.5,37.9,39.5,40.9,22.6,29.9,37.2,43.9,49.7,-13.6,-4.6,5.5,13.6,5.1,-5.0,51.4,59.9,69.5,76.2,70.2,60.7,6.3,19.4,30.0,35.9,42.1,49.7,56.1,49.5,41.9,35.3,28.6,18.3,11.3,29.3,35.4,41.7,52.4,41.6,35.3,29.0,-50.9,-30.5,-10.0,9.7,28.1,43.5,55.5,63.7,65.8,63.7,55.0,42.6,26.9,8.4,-11.1,-31.0,-51.3,-64.0,-71.6,-73.5,-71.2,-66.5,-67.5,-72.8,-75.5,-74.4,-67.5,-51.9,-39.4,-27.2,-14.9,-5.7,-3.4,-1.4,-3.3,-5.7,-50.0,-54.7,-54.6,-48.5,-46.2,-46.0,-49.2,-55.8,-56.0,-51.5,-47.3,-47.0,20.9,15.9,13.0,14.9,13.2,16.4,21.2,28.6,31.3,31.9,31.3,28.3,21.1,19.4,20.0,19.4,21.5,21.9,22.5,21.9,675.0,677.1,680.0,681.7,680.5,677.3,671.2,663.7,664.3,674.5,690.5,703.7,710.3,711.2,710.9,710.8,711.8,644.6,639.8,636.5,633.7,632.5,641.2,649.6,659.1,668.7,678.3,637.9,631.5,624.6,618.2,632.1,631.4,631.6,635.4,639.9,644.5,642.2,643.4,644.9,643.0,641.9,656.5,659.6,664.1,670.6,664.0,659.6,646.9,637.6,634.8,636.1,638.8,648.0,661.6,649.2,641.2,638.1,636.8,639.3,645.1,637.3,638.3,641.5,657.4,641.3,638.1,637.3,0.596,0.133,-0.283,0.04,268.594,180.799,-7.78,8.391,-12.876,15.044,5.064,0.353,-3.752,1.344,2.545,-2.208,-0.03,1.558,0.103,-2.471,-0.876,-0.401,-0.121,0.457,-1.221,-0.694,0.908,-0.552,-0.228,-0.678,0.027,0.161,0.039,0.032,-0.116,-0.006,-0.028,0.007,0.005,0.001,0.02,0.0,0.0,0.61,0.0,0.0,0.0,0.0,0.0,0.29,0.0,0.0,0.0,0.0,0.0,0.0,0.0,0.0,1.0,0.0,1.0,0.0,0.0,0.0,0.0,0.0,0.0,0.0,0.0,0.0,0.0,0.0,0.0,1.0,0.0
PP133,g1,724,0,0.975,0.228267,0.149793,-0.962006,0.071303,0.144393,-0.986948,0.153,0.15,246.4,247.7,250.9,254.0,255.3,254.1,250.8,247.6,241.9,244.0,247.0,250.5,253.9,256.4,258.1,256.1,253.2,250.0,246.8,244.0,249.4,250.8,252.1,252.7,252.2,250.8,249.4,248.8,283.6,284.6,287.3,290.2,291.5,290.5,287.8,284.7,280.6,282.6,285.2,288.4,291.2,293.2,294.2,293.2,291.3,288.9,286.0,282.9,286.2,287.5,288.7,289.1,288.5,287.2,286.1,285.6,155.8,152.6,151.4,152.7,156.0,159.4,160.4,159.1,157.3,155.5,154.4,153.8,154.5,156.0,158.1,159.2,159.5,159.7,159.4,158.7,157.4,158.0,157.4,156.0,154.6,154.0,154.6,156.0,156.3,153.2,152.0,153.2,156.2,159.3,160.5,159.5,158.4,156.3,154.8,154.2,154.7,156.0,157.8,159.1,159.7,160.0,159.8,159.4,157.7,158.2,157.7,156.3,155.0,154.5,155.0,156.4,-4.8,-3.0,1.1,5.3,7.0,5.5,1.0,-3.1,-10.8,-7.9,-4.0,0.6,5.1,8.5,10.8,8.0,4.2,0.0,-4.2,-7.9,-0.8,1.0,2.8,3.6,2.9,1.1,-0.8,-1.5,46.4,47.8,51.8,55.8,57.7,56.2,52.3,47.9,42.3,44.9,48.5,53.1,57.3,60.3,62.2,60.3,57.4,53.7,49.6,45.4,50.1,51.9,53.6,54.3,53.5,51.7,50.0,49.3,-41.8,-46.1,-47.8,-46.0,-41.7,-37.1,-35.7,-37.5,-40.1,-42.3,-43.7,-44.3,-43.5,-41.6,-39.0,-37.4,-36.8,-36.6,-37.0,-38.1,-39.8,-39.0,-39.8,-41.6,-43.5,-44.3,-43.6,-41.7,-43.1,-47.4,-49.3,-47.7,-43.5,-39.2,-37.3,-38.6,-40.2,-43.0,-45.1,-46.0,-45.5,-44.1,-41.7,-39.7,-38.6,-38.0,-38.2,-38.7,-41.3,-40.6,-41.4,-43.3,-45.1,-45.8,-45.0,-43.1,515.6,516.2,516.7,516.6,516.1,515.7,515.0,515.1,519.3,517.0,514.9,514.0,514.8,516.4,518.1,516.3,514.5,513.9,514.8,516.9,516.3,516.3,516.5,516.8,517.0,517.0,516.8,516.5,538.7,540.0,541.7,543.0,543.1,541.9,540.1,538.9,538.9,538.4,538.4,539.5,542.2,545.7,549.0,545.6,542.2,539.6,538.4,538.4,540.7,541.3,542.1,542.6,542.6,542.0,541.2,540.7,31.0,-10.6,649.6,0.128,-0.221,0.033,220.5,220.6,221.9,224.4,229.2,236.7,245.9,256.5,267.1,275.6,281.6,287.3,292.3,296.1,298.7,300.6,301.2,232.5,239.5,248.3,257.0,264.9,279.9,286.3,292.4,298.2,301.7,272.4,273.5,274.7,275.9,263.9,268.5,273.0,276.9,280.3,241.8,247.3,253.4,258.3,253.2,247.0,280.6,285.5,290.9,294.4,291.3,286.0,253.7,261.8,268.4,272.0,275.7,279.9,283.0,279.7,275.5,271.5,267.4,261.1,256.8,267.8,271.6,275.3,281.0,275.3,271.5,267.7,158.3,170.3,182.1,193.5,204.0,212.9,220.1,225.3,226.5,224.8,219.0,211.6,202.7,192.5,181.8,170.8,159.7,148.7,143.8,142.4,143.7,146.5,146.5,143.8,142.9,144.2,148.9,155.8,163.2,170.6,178.2,184.1,185.5,186.8,185.7,184.2,157.2,154.3,154.4,158.2,159.5,159.6,158.4,154.6,154.8,157.7,159.9,159.8,200.3,197.3,195.7,196.8,195.7,197.6,200.3,204.9,206.7,207.1,206.8,204.9,200.4,199.5,199.9,199.5,200.6,201.0,201.4,201.0,-51.1,-50.9,-48.8,-44.7,-36.3,-23.1,-7.1,11.1,29.0,44.2,55.9,67.1,76.9,84.0,88.7,92.1,93.4,-28.8,-17.3,-2.8,11.4,24.1,49.1,60.4,71.6,82.6,89.9,36.7,38.0,39.6,41.0,22.6,29.9,37.2,43.9,49.7,-13.6,-4.5,5.6,13.7,5.2,-4.9,51.5,60.0,69.6,76.3,70.3,60.8,6.2,19.3,29.9,35.8,42.1,49.6,56.0,49.4,41.8,35.1,28.4,18.2,11.2,29.1,35.3,41.6,52.3,41.5,35.1,28.8,-50.4,-29.9,-9.4,10.4,28.7,44.1,56.0,64.1,66.3,64.3,55.7,43.4,27.6,9.2,-10.3,-30.3,-50.6,-64.1,-71.7,-73.5,-71.2,-66.4,-67.4,-72.7,-75.3,-74.2,-67.2,-51.9,-39.3,-27.1,-14.8,-5.5,-3.2,-1.2,-3.0,-5.4,-50.0,-54.7,-54.5,-48.4,-46.1,-46.0,-48.9,-55.6,-55.7,-51.1,-47.0,-46.8,21.2,16.1,13.3,15.1,13.5,16.8,21.7,28.9,31.6,32.1,31.5,28.5,21.4,19.7,20.3,19.8,22.0,22.1,22.8,22.1,675.3,677.2,680.1,681.6,680.3,677.0,670.8,663.4,664.0,674.3,690.3,703.7,710.2,711.3,711.2,711.1,712.2,645.1,640.5,637.2,634.5,633.3,642.0,650.5,659.9,669.6,679.1,638.7,632.2,625.2,618.8,632.5,631.8,632.0,635.9,640.4,645.0,642.9,644.0,645.5,643.5,642.4,657.2,660.3,664.8,671.3,664.7,660.2,646.9,637.9,635.1,636.5,639.2,648.3,661.7,649.4,641.4,638.3,637.0,639.4,645.1,637.5,638.6,641.8,657.5,641.6,638.4,637.5,0.596,0.126,-0.286,0.042,268.562,180.993,-8.991,8.473,-13.267,15.307,5.294,0.761,-3.755,1.034,2.293,-2.179,0.334,1.317,0.027,-2.264,-0.799,-0.439,-0.047,0.467,-1.192,-0.855,0.743,-0.497,-0.184,-0.675,0.106,0.136,0.038,0.022,-0.103,-0.012,-0.031,0.007,0.005,-0.0,0.18,0.03,0.0,0.31,0.0,0.0,0.08,0.0,0.0,0.0,0.0,0.0,0.0,0.0,0.0,0.0,0.0,1.0,1.0,0.0,0.0,0.0,0.0,0.0,0.0,0.0,0.0,0.0,0.0,0.0,0.0,0.0,0.0,1.0,0.0
PP133,g1,730,0,0.975,0.221386,0.138413,-0.965314,0.073166,0.134145,-0.988257,0.15,0.139,246.4,247.7,250.8,254.0,255.3,254.2,250.8,247.7,242.0,244.0,246.9,250.4,253.9,256.4,258.2,256.1,253.2,250.0,246.9,244.1,249.4,250.8,252.2,252.8,252.2,250.8,249.4,248.9,283.6,284.6,287.3,290.1,291.5,290.5,287.8,284.7,280.6,282.6,285.2,288.4,291.2,293.1,294.2,293.2,291.3,288.9,285.9,282.9,286.2,287.4,288.6,289.0,288.5,287.2,286.0,285.6,156.2,153.0,151.7,153.0,156.2,159.7,160.7,159.4,157.7,155.9,154.7,154.1,154.8,156.3,158.3,159.4,159.8,160.0,159.7,159.0,157.7,158.3,157.7,156.3,154.9,154.3,154.9,156.3,156.4,153.4,152.1,153.4,156.4,159.4,160.7,159.7,158.5,156.4,155.0,154.3,154.9,156.1,158.0,159.3,159.9,160.1,159.9,159.6,157.9,158.4,157.8,156.5,155.2,154.6,155.2,156.5,-4.8,-3.1,1.1,5.3,7.0,5.5,1.1,-3.1,-10.7,-7.9,-4.0,0.6,5.1,8.5,10.8,8.1,4.3,0.1,-4.1,-7.9,-0.8,1.1,2.9,3.7,2.9,1.1,-0.7,-1.5,46.2,47.6,51.5,55.6,57.5,56.0,52.1,47.7,42.1,44.7,48.3,52.9,57.0,60.1,61.9,60.1,57.2,53.5,49.4,45.2,49.9,51.7,53.4,54.1,53.3,51.5,49.8,49.1,-41.3,-45.6,-47.4,-45.6,-41.3,-36.7,-35.2,-37.0,-39.6,-41.8,-43.2,-43.9,-43.1,-41.3,-38.6,-37.0,-36.4,-36.1,-36.6,-37.6,-39.4,-38.6,-39.4,-41.2,-43.1,-43.9,-43.1,-41.2,-42.7,-47.0,-48.9,-47.3,-43.1,-38.8,-36.9,-38.2,-39.9,-42.7,-44.7,-45.7,-45.1,-43.7,-41.3,-39.3,-38.2,-37.7,-37.9,-38.4,-40.9,-40.2,-41.0,-42.9,-44.7,-45.5,-44.6,-42.7,515.1,515.7,516.1,516.0,515.5,515.1,514.5,514.6,519.0,516.6,514.4,513.5,514.2,515.7,517.4,515.6,513.9,513.4,514.4,516.5,515.8,515.8,515.9,516.2,516.4,516.5,516.3,516.0,537.0,538.2,540.0,541.3,541.3,540.1,538.3,537.1,537.1,536.6,536.6,537.8,540.5,544.0,547.2,543.8,540.4,537.8,536.6,536.6,539.0,539.5,540.3,540.9,540.8,540.3,539.5,538.9,31.3,-9.7,645.9,0.108,-0.218,0.024,220.6,220.9,222.4,225.0,229.8,237.3,246.4,257.2,267.9,276.5,282.5,288.0,292.8,296.4,298.9,300.8,301.4,232.5,239.3,248.2,256.9,264.7,279.7,286.1,292.2,298.1,301.6,272.4,273.5,274.8,276.1,264.3,268.8,273.3,277.2,280.5,241.9,247.3,253.4,258.4,253.2,247.0,280.6,285.5,290.8,294.4,291.3,286.0,254.6,262.5,268.9,272.5,276.2,280.3,283.4,280.3,276.1,272.1,268.1,261.9,257.7,268.4,272.1,275.8,281.4,275.8,272.1,268.3,158.9,171.0,183.0,194.5,205.1,214.3,221.6,226.8,228.0,226.3,220.5,212.8,203.7,193.3,182.4,171.2,159.9,149.2,144.1,142.7,143.9,146.7,146.7,144.0,143.1,144.4,149.1,155.8,163.3,170.6,178.3,184.4,185.8,187.0,185.9,184.4,157.6,154.6,154.7,158.4,159.8,159.9,158.5,154.8,154.9,157.9,160.0,160.0,201.3,198.0,196.1,197.2,196.2,198.2,201.1,205.7,207.4,207.9,207.5,205.8,201.3,200.1,200.4,200.0,201.3,201.6,202.0,201.7,-50.5,-50.3,-47.9,-43.5,-35.0,-21.9,-6.1,12.2,30.2,45.4,57.1,68.0,77.3,84.0,88.5,91.8,93.0,-28.8,-17.4,-3.0,11.2,23.8,48.7,59.9,71.1,82.1,89.3,36.4,37.9,39.6,41.1,23.0,30.2,37.5,44.1,49.8,-13.4,-4.5,5.6,13.7,5.3,-4.9,51.2,59.7,69.2,75.9,70.0,60.5,7.6,20.3,30.6,36.4,42.6,50.0,56.2,50.0,42.6,35.9,29.3,19.4,12.7,29.8,36.0,42.1,52.5,42.1,35.9,29.6,-49.2,-28.5,-7.8,12.1,30.6,46.1,58.2,66.3,68.4,66.5,57.9,45.3,29.3,10.4,-9.3,-29.5,-49.9,-63.0,-70.9,-72.8,-70.6,-65.9,-66.9,-72.2,-74.8,-73.6,-66.4,-51.6,-39.1,-26.9,-14.6,-5.0,-2.7,-0.8,-2.6,-5.0,-49.1,-54.0,-53.9,-47.9,-45.4,-45.2,-48.5,-55.1,-55.2,-50.6,-46.5,-46.3,22.7,17.0,13.9,15.8,14.1,17.6,22.9,30.0,32.5,33.1,32.5,29.7,22.7,20.4,21.0,20.5,23.1,23.0,23.6,23.0,672.4,674.4,677.2,678.4,676.7,673.1,666.8,659.2,659.8,670.3,686.4,699.8,706.4,707.2,706.9,706.5,707.4,642.6,638.0,634.8,632.2,631.1,639.6,647.9,657.3,666.9,676.3,636.1,629.3,622.2,615.5,629.3,628.5,628.6,632.5,637.1,642.4,640.4,641.5,642.9,641.0,639.9,654.5,657.7,662.2,668.4,661.9,657.5,642.7,633.6,631.1,632.5,635.2,644.0,657.0,644.8,637.2,634.2,632.8,635.0,640.8,633.6,634.6,637.8,652.8,637.6,634.4,633.4,0.599,0.108,-0.283,0.031,268.872,181.541,-10.257,9.858,-14.67,18.333,2.49,0.436,-3.275,1.332,3.004,-3.831,-0.005,0.545,-0.619,-2.29,-0.342,-0.788,0.014,0.437,-1.162,-0.792,0.629,-0.36,-0.341,-0.791,0.068,0.291,0.065,0.014,-0.107,-0.028,-0.038,-0.012,0.004,-0.003,0.34,0.36,0.0,0.86,0.0,0.0,0.0,0.0,0.0,0.0,0.0,0.0,0.0,0.0,0.0,0.0,0.0,1.0,1.0,0.0,1.0,0.0,0.0,0.0,0.0,0.0,0.0,0.0,0.0,0.0,0.0,0.0,1.0,1.0,0.0
PP133,g1,736,0,0.975,0.222043,0.134854,-0.965666,0.073603,0.130238,-0.988747,0.15,0.135,246.5,247.8,251.0,254.1,255.4,254.3,251.0,247.8,242.1,244.2,247.1,250.6,254.0,256.6,258.3,256.3,253.4,250.2,247.0,244.2,249.6,250.9,252.3,252.9,252.3,250.9,249.6,249.0,283.7,284.7,287.4,290.3,291.6,290.6,287.9,284.8,280.7,282.7,285.3,288.5,291.3,293.3,294.3,293.3,291.4,289.0,286.1,283.0,286.3,287.6,288.7,289.2,288.6,287.3,286.2,285.7,156.3,153.1,151.8,153.2,156.4,159.8,160.9,159.5,157.9,156.0,154.8,154.3,154.9,156.4,158.5,159.6,160.0,160.1,159.9,159.2,157.8,158.4,157.9,156.5,155.1,154.5,155.0,156.4,156.6,153.6,152.3,153.6,156.6,159.6,160.9,159.9,158.7,156.6,155.2,154.5,155.1,156.4,158.2,159.5,160.1,160.3,160.1,159.8,158.0,158.6,158.0,156.7,155.4,154.8,155.4,156.7,-4.6,-2.9,1.3,5.5,7.2,5.7,1.3,-2.9,-10.5,-7.7,-3.9,0.8,5.3,8.7,11.0,8.3,4.4,0.2,-3.9,-7.7,-0.6,1.2,3.1,3.8,3.1,1.3,-0.6,-1.3,46.5,47.9,51.8,55.9,57.8,56.3,52.4,48.0,42.4,45.0,48.7,53.2,57.4,60.4,62.2,60.4,57.5,53.8,49.7,45.5,50.2,52.0,53.7,54.4,53.6,51.8,50.1,49.4,-41.2,-45.5,-47.3,-45.5,-41.2,-36.6,-35.2,-36.9,-39.5,-41.7,-43.1,-43.8,-43.0,-41.2,-38.5,-36.9,-36.3,-36.1,-36.5,-37.5,-39.3,-38.5,-39.2,-41.1,-43.0,-43.8,-43.0,-41.1,-42.6,-46.9,-48.8,-47.1,-42.9,-38.6,-36.7,-38.1,-39.7,-42.5,-44.5,-45.5,-44.9,-43.5,-41.1,-39.1,-38.0,-37.5,-37.7,-38.2,-40.7,-40.0,-40.8,-42.7,-44.6,-45.3,-44.5,-42.6,516.4,517.1,517.4,517.3,516.8,516.4,515.8,515.9,520.3,517.9,515.7,514.8,515.5,517.0,518.7,516.9,515.2,514.7,515.7,517.8,517.1,517.1,517.2,517.5,517.7,517.8,517.6,517.3,538.3,539.6,541.4,542.7,542.7,541.4,539.6,538.4,538.4,537.9,537.9,539.1,541.8,545.3,548.5,545.1,541.7,539.1,537.9,537.9,540.3,540.9,541.6,542.2,542.2,541.6,540.8,540.3,31.6,-9.5,646.5,0.104,-0.219,0.025,220.8,221.1,222.5,225.0,229.8,237.3,246.4,257.3,268.0,276.6,282.6,288.0,292.8,296.5,299.0,300.8,301.4,232.6,239.4,248.2,256.9,264.7,280.0,286.3,292.4,298.2,301.7,272.5,273.7,275.0,276.3,264.4,268.9,273.5,277.4,280.7,242.0,247.4,253.5,258.5,253.3,247.2,280.7,285.6,291.0,294.5,291.4,286.1,254.7,262.6,269.0,272.6,276.4,280.5,283.6,280.5,276.3,272.3,268.2,262.0,257.8,268.5,272.3,276.0,281.6,276.0,272.2,268.4,159.2,171.2,183.1,194.5,205.2,214.3,221.6,226.8,228.1,226.3,220.6,213.0,203.9,193.6,182.7,171.6,160.4,149.4,144.3,142.9,144.0,146.8,146.8,144.2,143.3,144.6,149.4,156.0,163.4,170.8,178.4,184.5,186.0,187.2,186.0,184.6,157.8,154.7,154.8,158.6,160.0,160.0,158.7,155.0,155.1,158.2,160.2,160.2,201.3,198.0,196.2,197.3,196.2,198.2,201.2,205.6,207.4,207.8,207.4,205.7,201.3,200.1,200.5,200.1,201.4,201.5,202.0,201.6,-50.3,-50.0,-47.7,-43.4,-34.9,-22.0,-6.1,12.3,30.4,45.6,57.3,68.2,77.5,84.3,88.7,92.1,93.2,-28.6,-17.3,-2.9,11.3,23.8,49.1,60.3,71.4,82.4,89.6,36.7,38.2,39.9,41.4,23.2,30.5,37.8,44.4,50.2,-13.2,-4.3,5.8,13.9,5.5,-4.6,51.5,60.0,69.5,76.2,70.3,60.8,7.7,20.5,30.7,36.7,42.9,50.4,56.6,50.3,42.9,36.2,29.5,19.5,12.8,30.0,36.2,42.5,52.9,42.5,36.1,29.8,-48.8,-28.2,-7.6,12.2,30.6,46.1,58.2,66.3,68.5,66.7,58.2,45.8,29.8,11.0,-8.7,-28.8,-49.2,-62.7,-70.7,-72.6,-70.4,-65.8,-66.7,-71.9,-74.5,-73.3,-66.1,-51.4,-38.8,-26.6,-14.3,-4.8,-2.5,-0.5,-2.4,-4.8,-48.9,-53.8,-53.7,-47.6,-45.2,-45.0,-48.3,-54.8,-54.9,-50.3,-46.3,-46.1,22.6,17.0,14.0,15.9,14.2,17.7,23.0,29.9,32.4,32.9,32.3,29.5,22.7,20.5,21.1,20.6,23.2,22.9,23.6,22.9,673.1,675.0,677.7,678.8,677.1,673.4,667.1,659.3,659.8,670.4,686.8,700.4,707.2,708.1,707.8,707.5,708.6,643.4,638.8,635.6,633.0,631.8,640.6,649.0,658.3,667.9,677.2,636.9,630.1,622.9,616.1,629.9,629.1,629.1,633.0,637.7,643.0,641.0,642.2,643.6,641.7,640.5,655.4,658.6,663.1,669.3,662.8,658.4,643.1,634.1,631.7,633.1,635.8,644.7,657.6,645.3,637.6,634.4,633.1,635.3,641.2,634.0,635.1,638.3,653.4,638.1,634.8,633.9,0.599,0.104,-0.285,0.032,268.991,181.658,-9.508,9.437,-14.459,17.543,2.361,0.813,-3.783,1.714,3.049,-3.495,-0.223,0.793,-0.265,-2.06,-0.08,-0.9,-0.01,0.565,-1.282,-0.953,0.512,-0.218,-0.315,-0.888,0.135,0.253,0.041,0.041,-0.102,-0.028,-0.036,-0.009,0.002,-0.001,0.19,0.2,0.0,0.65,0.0,0.0,0.2,0.0,0.0,0.0,0.0,0.0,0.0,0.0,0.0,0.18,0.0,1.0,1.0,0.0,1.0,0.0,0.0,0.0,0.0,0.0,0.0,0.0,0.0,0.0,0.0,0.0,1.0,1.0,0.0
PP133,g1,742,0,0.975,0.226611,0.146685,-0.962876,0.071021,0.141542,-0.987381,0.151,0.147,246.3,247.7,250.8,254.0,255.3,254.1,250.8,247.6,241.9,244.0,246.9,250.4,253.9,256.4,258.1,256.1,253.2,250.0,246.8,244.0,249.4,250.8,252.1,252.7,252.2,250.8,249.4,248.8,283.6,284.6,287.3,290.2,291.5,290.5,287.8,284.7,280.6,282.6,285.2,288.5,291.3,293.2,294.3,293.2,291.3,288.9,286.0,282.9,286.2,287.5,288.7,289.1,288.5,287.3,286.1,285.6,156.0,152.8,151.5,152.9,156.1,159.6,160.6,159.2,157.4,155.7,154.5,154.0,154.6,156.2,158.3,159.3,159.7,159.8,159.5,158.8,157.5,158.1,157.6,156.2,154.8,154.2,154.7,156.1,156.4,153.4,152.1,153.4,156.4,159.5,160.7,159.7,158.5,156.5,155.0,154.4,154.9,156.2,158.0,159.3,159.9,160.2,160.0,159.6,157.9,158.4,157.9,156.5,155.2,154.7,155.2,156.5,-4.8,-3.1,1.1,5.3,6.9,5.5,1.0,-3.2,-10.8,-7.9,-4.0,0.6,5.1,8.5,10.7,8.0,4.2,-0.0,-4.2,-8.0,-0.8,1.0,2.8,3.6,2.9,1.0,-0.8,-1.6,46.3,47.8,51.7,55.8,57.6,56.2,52.2,47.8,42.2,44.9,48.5,53.0,57.2,60.2,62.1,60.2,57.3,53.6,49.5,45.3,50.1,51.9,53.6,54.2,53.4,51.6,49.9,49.3,-41.6,-45.8,-47.6,-45.7,-41.4,-36.9,-35.4,-37.3,-39.9,-42.1,-43.5,-44.1,-43.3,-41.4,-38.7,-37.2,-36.6,-36.4,-36.8,-37.9,-39.6,-38.8,-39.5,-41.4,-43.3,-44.1,-43.3,-41.5,-42.8,-47.1,-49.0,-47.3,-43.1,-38.8,-37.0,-38.3,-39.9,-42.7,-44.8,-45.7,-45.1,-43.7,-41.4,-39.3,-38.2,-37.7,-37.9,-38.4,-41.0,-40.2,-41.1,-42.9,-44.8,-45.5,-44.7,-42.8,515.0,515.6,516.0,516.0,515.5,515.1,514.4,514.5,518.8,516.4,514.3,513.4,514.2,515.7,517.5,515.6,513.9,513.3,514.2,516.3,515.7,515.7,515.9,516.1,516.4,516.4,516.2,515.9,538.0,539.2,540.9,542.2,542.3,541.1,539.3,538.1,538.1,537.6,537.6,538.7,541.4,544.9,548.2,544.8,541.4,538.8,537.6,537.6,539.9,540.5,541.3,541.8,541.8,541.2,540.5,539.9,30.9,-10.3,649.1,0.123,-0.219,0.034,220.5,220.7,222.0,224.5,229.3,236.7,245.8,256.4,267.0,275.5,281.6,287.2,292.2,296.1,298.7,300.6,301.2,232.4,239.3,248.2,257.0,264.9,279.9,286.3,292.4,298.3,301.7,272.4,273.5,274.7,275.9,263.9,268.4,273.0,276.9,280.2,241.8,247.3,253.4,258.3,253.1,247.0,280.6,285.5,290.9,294.4,291.3,286.0,253.8,261.8,268.3,271.9,275.7,279.8,282.9,279.6,275.3,271.3,267.3,261.0,256.8,267.7,271.5,275.2,280.9,275.1,271.4,267.5,158.5,170.5,182.4,193.7,204.3,213.3,220.5,225.7,227.0,225.3,219.5,212.0,203.0,192.8,182.0,171.0,159.8,149.0,143.9,142.6,143.8,146.6,146.6,144.0,143.1,144.5,149.2,155.8,163.3,170.6,178.2,184.2,185.6,186.9,185.8,184.4,157.4,154.4,154.6,158.3,159.7,159.7,158.6,154.8,155.0,158.0,160.1,160.0,200.6,197.5,195.8,196.9,195.9,197.9,200.7,205.3,207.1,207.5,207.1,205.2,200.7,199.7,200.1,199.7,200.9,201.3,201.7,201.3,-51.0,-50.8,-48.6,-44.4,-36.1,-23.0,-7.2,10.9,28.8,43.9,55.7,66.9,76.7,83.8,88.5,92.0,93.3,-29.0,-17.5,-2.9,11.4,24.1,49.1,60.4,71.6,82.7,89.9,36.7,38.0,39.5,41.0,22.5,29.8,37.1,43.8,49.6,-13.6,-4.5,5.6,13.7,5.2,-5.0,51.5,60.0,69.6,76.3,70.3,60.8,6.2,19.2,29.7,35.7,41.9,49.4,55.7,49.1,41.6,34.8,28.1,18.0,11.3,28.9,35.1,41.4,52.0,41.3,34.9,28.6,-50.1,-29.5,-8.9,10.9,29.2,44.7,56.7,64.9,67.1,65.1,56.5,44.1,28.2,9.6,-9.9,-30.0,-50.4,-63.6,-71.4,-73.3,-71.0,-66.3,-67.2,-72.4,-75.0,-73.8,-66.6,-51.7,-39.2,-27.0,-14.7,-5.4,-3.0,-1.0,-2.8,-5.1,-49.7,-54.5,-54.3,-48.2,-45.8,-45.7,-48.7,-55.3,-55.4,-50.8,-46.7,-46.4,21.6,16.3,13.5,15.4,13.7,17.2,22.3,29.5,32.1,32.6,31.9,28.9,21.8,19.9,20.6,20.1,22.6,22.6,23.2,22.5,675.0,676.9,679.7,681.1,679.6,676.3,670.3,662.9,663.4,673.7,689.6,702.8,709.4,710.5,710.4,710.4,711.6,645.1,640.5,637.2,634.5,633.3,642.0,650.5,659.9,669.6,679.2,638.5,632.0,625.0,618.5,632.2,631.5,631.7,635.5,640.0,644.9,642.8,643.9,645.4,643.4,642.3,657.0,660.2,664.7,671.1,664.5,660.1,646.4,637.4,634.6,636.0,638.7,647.7,660.9,648.7,640.9,637.8,636.6,638.9,644.5,637.0,638.1,641.2,656.8,641.1,637.9,637.0,0.596,0.121,-0.284,0.042,268.526,181.217,-10.039,8.678,-13.312,16.21,5.117,0.289,-3.954,0.261,2.715,-2.717,0.221,1.184,0.037,-1.974,-0.707,-0.543,0.053,0.531,-1.302,-0.891,0.583,-0.535,-0.057,-0.739,0.063,0.072,0.076,0.032,-0.098,-0.016,-0.023,0.004,0.004,-0.006,0.46,0.22,0.0,0.53,0.0,0.0,0.16,0.0,0.0,0.0,0.0,0.0,0.0,0.0,0.0,0.0,0.0,0.0,1.0,0.0,1.0,0.0,0.0,0.0,0.0,0.0,0.0,0.0,0.0,0.0,0.0,0.0,1.0,1.0,0.0
PP133,g1,748,0,0.975,0.224903,0.153784,-0.962169,0.068139,0.148713,-0.98653,0.149,0.154,246.1,247.4,250.6,253.7,255.0,253.9,250.5,247.4,241.7,243.8,246.7,250.2,253.6,256.2,257.9,255.8,253.0,249.8,246.6,243.8,249.1,250.5,251.9,252.5,251.9,250.5,249.2,248.6,283.4,284.4,287.1,290.0,291.3,290.4,287.6,284.5,280.4,282.4,285.0,288.3,291.1,293.0,294.1,293.0,291.1,288.7,285.8,282.7,286.0,287.3,288.5,288.9,288.3,287.1,285.9,285.4,156.0,152.8,151.5,152.9,156.1,159.5,160.6,159.2,157.4,155.7,154.5,154.0,154.6,156.1,158.2,159.3,159.6,159.8,159.5,158.8,157.5,158.1,157.5,156.1,154.7,154.1,154.7,156.1,156.3,153.3,152.0,153.2,156.3,159.3,160.6,159.6,158.4,156.3,154.9,154.2,154.8,156.0,157.8,159.1,159.8,160.0,159.8,159.5,157.7,158.3,157.7,156.4,155.0,154.5,155.1,156.4,-5.2,-3.4,0.8,4.9,6.6,5.1,0.7,-3.5,-11.1,-8.3,-4.4,0.3,4.8,8.1,10.4,7.7,3.9,-0.3,-4.5,-8.3,-1.1,0.7,2.5,3.3,2.5,0.7,-1.1,-1.9,46.1,47.5,51.4,55.5,57.4,55.9,52.0,47.6,41.9,44.6,48.2,52.8,56.9,60.0,61.9,60.0,57.0,53.4,49.2,45.1,49.8,51.6,53.3,54.0,53.2,51.4,49.6,49.0,-41.6,-45.9,-47.7,-45.8,-41.5,-36.9,-35.5,-37.3,-40.0,-42.2,-43.5,-44.2,-43.3,-41.5,-38.9,-37.3,-36.7,-36.5,-36.9,-38.0,-39.7,-38.9,-39.6,-41.5,-43.4,-44.2,-43.4,-41.5,-43.0,-47.3,-49.2,-47.6,-43.4,-39.1,-37.2,-38.5,-40.1,-42.9,-44.9,-45.9,-45.4,-44.0,-41.7,-39.6,-38.5,-38.0,-38.1,-38.6,-41.2,-40.5,-41.3,-43.2,-45.0,-45.7,-44.9,-43.0,515.8,516.4,516.9,516.8,516.3,515.9,515.3,515.3,519.6,517.2,515.1,514.2,515.0,516.6,518.3,516.5,514.7,514.2,515.1,517.1,516.6,516.5,516.7,517.0,517.2,517.2,517.0,516.8,538.2,539.4,541.1,542.4,542.5,541.3,539.5,538.4,538.4,537.8,537.8,538.9,541.6,545.1,548.3,545.0,541.6,539.0,537.8,537.8,540.2,540.7,541.5,542.0,542.0,541.4,540.7,540.1,30.6,-10.6,649.2,0.133,-0.215,0.032,220.2,220.4,221.8,224.3,229.1,236.6,245.8,256.4,267.0,275.5,281.6,287.3,292.3,296.1,298.7,300.5,301.2,232.1,239.0,247.8,256.7,264.6,279.7,286.1,292.2,298.1,301.6,272.2,273.3,274.5,275.6,263.7,268.2,272.8,276.7,280.1,241.5,247.0,253.1,258.0,252.9,246.7,280.4,285.3,290.7,294.2,291.1,285.8,253.5,261.5,268.1,271.7,275.5,279.7,282.8,279.5,275.2,271.2,267.1,260.8,256.6,267.5,271.3,275.1,280.8,275.0,271.2,267.3,158.2,170.1,182.0,193.4,204.0,213.0,220.2,225.3,226.5,224.7,218.9,211.4,202.4,192.2,181.5,170.6,159.4,149.1,144.0,142.6,143.8,146.6,146.6,143.9,143.0,144.3,149.0,155.8,163.3,170.6,178.3,184.1,185.6,186.8,185.7,184.3,157.4,154.4,154.5,158.3,159.6,159.7,158.4,154.7,154.8,157.8,159.9,159.9,200.4,197.4,195.7,196.9,195.8,197.7,200.4,205.0,206.8,207.2,206.9,205.0,200.5,199.6,200.0,199.6,200.6,201.1,201.5,201.1,-51.6,-51.3,-49.1,-44.9,-36.4,-23.2,-7.2,10.9,28.9,44.1,55.9,67.1,76.9,83.9,88.5,91.9,93.2,-29.5,-18.1,-3.5,10.8,23.6,48.7,60.0,71.3,82.4,89.6,36.3,37.6,39.1,40.6,22.1,29.5,36.8,43.5,49.3,-14.0,-4.9,5.2,13.3,4.8,-5.3,51.1,59.6,69.2,75.9,69.9,60.4,5.8,18.8,29.4,35.4,41.7,49.2,55.6,49.0,41.4,34.6,27.8,17.6,10.8,28.6,34.8,41.2,51.9,41.1,34.7,28.3,-50.8,-30.1,-9.5,10.3,28.7,44.1,56.1,64.3,66.4,64.3,55.5,43.0,27.1,8.6,-10.9,-30.8,-51.1,-63.5,-71.3,-73.2,-70.9,-66.2,-67.2,-72.5,-75.1,-73.9,-66.8,-51.7,-39.2,-27.0,-14.6,-5.4,-3.1,-1.1,-2.9,-5.3,-49.7,-54.4,-54.3,-48.2,-45.9,-45.7,-48.8,-55.5,-55.6,-51.1,-46.9,-46.7,21.3,16.2,13.4,15.3,13.6,16.9,21.8,29.1,31.7,32.2,31.6,28.6,21.5,19.8,20.4,19.9,22.1,22.3,22.9,22.3,675.6,677.7,680.7,682.1,680.7,677.4,671.3,663.7,664.2,674.5,690.4,703.5,709.9,710.8,710.5,710.4,711.5,645.2,640.3,636.8,634.0,632.7,641.4,649.8,659.3,669.1,678.7,638.1,631.6,624.7,618.3,632.3,631.6,631.6,635.5,639.9,644.7,642.5,643.6,645.1,643.2,642.1,656.7,659.8,664.2,670.6,664.1,659.7,646.9,637.7,634.9,636.2,638.9,648.0,661.4,649.1,641.3,638.2,636.9,639.4,645.0,637.3,638.4,641.5,657.3,641.4,638.2,637.3,0.596,0.131,-0.279,0.04,268.352,181.03,-8.234,9.333,-12.909,15.496,5.403,0.459,-4.195,0.412,2.859,-2.418,-0.136,1.259,0.284,-1.995,-0.875,-0.3,-0.073,0.62,-1.407,-1.004,0.612,-0.461,-0.071,-0.744,0.094,0.023,0.067,0.036,-0.102,-0.006,-0.026,0.01,0.003,-0.006,0.53,0.22,0.0,0.65,0.0,0.0,0.14,0.0,0.0,0.0,0.0,0.0,0.0,0.0,0.0,0.0,0.0,0.0,1.0,0.0,0.0,0.0,0.0,0.0,0.0,0.0,0.0,0.0,0.0,0.0,0.0,0.0,1.0,1.0,0.0
PP133,g1,754,0,0.975,0.226921,0.151613,-0.96204,0.069518,0.147123,-0.986672,0.151,0.152,245.7,247.0,250.2,253.4,254.6,253.5,250.1,247.0,241.3,243.4,246.3,249.8,253.2,255.8,257.5,255.5,252.6,249.4,246.2,243.4,248.8,250.1,251.5,252.1,251.5,250.2,248.8,248.2,283.1,284.1,286.8,289.7,291.0,290.0,287.3,284.2,280.1,282.1,284.7,287.9,290.7,292.7,293.8,292.7,290.8,288.4,285.4,282.4,285.7,287.0,288.2,288.6,288.0,286.7,285.5,285.1,156.2,153.0,151.7,153.0,156.3,159.7,160.8,159.4,157.7,155.9,154.7,154.2,154.8,156.3,158.4,159.5,159.9,160.0,159.7,159.0,157.7,158.3,157.8,156.4,154.9,154.3,154.9,156.3,156.4,153.4,152.1,153.3,156.4,159.4,160.7,159.7,158.6,156.5,155.0,154.3,154.9,156.1,157.9,159.2,159.9,160.1,160.0,159.6,157.9,158.4,157.8,156.5,155.2,154.6,155.2,156.5,-5.7,-3.9,0.3,4.4,6.1,4.6,0.2,-4.0,-11.6,-8.8,-4.9,-0.2,4.3,7.6,9.9,7.2,3.4,-0.8,-5.0,-8.8,-1.6,0.2,2.0,2.8,2.0,0.2,-1.6,-2.4,45.5,47.0,50.9,55.0,56.9,55.4,51.5,47.1,41.4,44.1,47.7,52.2,56.4,59.5,61.3,59.5,56.5,52.9,48.7,44.6,49.3,51.1,52.8,53.4,52.6,50.8,49.1,48.5,-41.2,-45.5,-47.3,-45.5,-41.2,-36.6,-35.2,-37.0,-39.6,-41.8,-43.1,-43.8,-43.0,-41.1,-38.5,-36.9,-36.3,-36.1,-36.5,-37.6,-39.3,-38.5,-39.2,-41.1,-43.0,-43.8,-43.0,-41.2,-42.7,-47.0,-48.9,-47.3,-43.1,-38.8,-36.9,-38.2,-39.8,-42.6,-44.7,-45.7,-45.1,-43.7,-41.4,-39.4,-38.2,-37.7,-37.8,-38.3,-40.9,-40.2,-41.0,-42.9,-44.8,-45.5,-44.6,-42.7,514.6,515.2,515.6,515.6,515.1,514.7,514.0,514.1,518.4,516.0,513.9,513.0,513.8,515.4,517.1,515.3,513.5,512.9,513.8,515.9,515.3,515.3,515.5,515.7,516.0,516.0,515.8,515.5,537.3,538.5,540.2,541.5,541.6,540.4,538.6,537.5,537.5,536.9,536.9,538.0,540.7,544.2,547.5,544.1,540.7,538.1,536.9,537.0,539.3,539.8,540.6,541.1,541.1,540.5,539.8,539.2,30.1,-10.2,648.9,0.132,-0.218,0.03,219.8,220.1,221.5,224.0,228.8,236.3,245.5,256.2,266.7,275.3,281.4,287.0,292.0,295.8,298.4,300.2,300.8,231.7,238.6,247.4,256.2,264.2,279.3,285.7,291.9,297.7,301.3,271.8,272.9,274.2,275.3,263.4,267.9,272.5,276.4,279.8,241.1,246.6,252.8,257.7,252.5,246.4,280.1,285.0,290.4,293.9,290.8,285.5,253.3,261.3,267.8,271.5,275.2,279.4,282.6,279.3,275.0,271.0,266.9,260.6,256.3,267.3,271.1,274.8,280.6,274.8,271.0,267.1,158.6,170.5,182.3,193.7,204.2,213.2,220.3,225.5,226.7,224.9,219.1,211.6,202.6,192.5,181.7,170.8,159.6,149.2,144.2,142.8,144.0,146.8,146.7,144.1,143.1,144.4,149.0,156.0,163.5,170.8,178.4,184.4,185.8,187.0,185.9,184.5,157.6,154.6,154.7,158.5,159.9,159.9,158.6,154.8,154.9,157.9,160.0,160.0,200.6,197.7,196.0,197.1,196.0,197.9,200.6,205.2,207.0,207.4,207.1,205.2,200.8,199.8,200.2,199.8,200.8,201.2,201.7,201.3,-52.1,-51.8,-49.6,-45.3,-36.9,-23.7,-7.7,10.5,28.4,43.6,55.4,66.6,76.4,83.4,88.0,91.3,92.6,-30.2,-18.7,-4.2,10.1,22.9,48.1,59.4,70.6,81.7,89.0,35.7,37.1,38.6,40.1,21.7,29.0,36.3,43.0,48.8,-14.6,-5.6,4.6,12.7,4.2,-6.0,50.5,59.1,68.6,75.4,69.3,59.9,5.4,18.4,29.0,35.0,41.3,48.8,55.2,48.6,41.0,34.2,27.5,17.3,10.4,28.2,34.4,40.8,51.5,40.7,34.3,27.9,-50.0,-29.4,-9.0,10.8,29.1,44.5,56.4,64.5,66.6,64.6,55.8,43.4,27.5,9.0,-10.5,-30.4,-50.8,-63.1,-70.9,-72.8,-70.6,-65.9,-66.9,-72.2,-74.9,-73.8,-66.8,-51.4,-38.9,-26.6,-14.3,-5.1,-2.7,-0.8,-2.6,-5.0,-49.3,-54.1,-54.0,-47.8,-45.5,-45.3,-48.6,-55.2,-55.4,-50.9,-46.7,-46.4,21.7,16.6,13.8,15.6,14.0,17.3,22.1,29.3,32.0,32.5,31.9,28.9,21.9,20.1,20.8,20.2,22.4,22.5,23.2,22.5,675.1,677.1,680.0,681.5,680.1,676.9,670.7,663.2,663.7,674.0,690.0,703.1,709.6,710.5,710.3,710.2,711.3,644.8,639.9,636.5,633.6,632.3,641.1,649.5,659.0,668.7,678.4,637.8,631.3,624.4,618.0,632.0,631.3,631.4,635.2,639.7,644.4,642.2,643.3,644.9,642.9,641.8,656.4,659.5,664.0,670.4,663.9,659.5,646.5,637.4,634.5,635.9,638.6,647.7,661.0,648.8,640.9,637.8,636.6,639.0,644.7,637.0,638.1,641.2,656.9,641.0,637.9,637.0,0.597,0.129,-0.281,0.038,268.057,181.227,-8.42,8.674,-13.172,15.34,5.568,0.488,-4.37,0.726,2.886,-2.261,-0.024,1.272,0.239,-2.001,-0.779,-0.446,0.026,0.597,-1.42,-1.024,0.622,-0.58,-0.14,-0.769,0.113,0.045,0.038,0.043,-0.096,-0.01,-0.031,0.006,0.006,-0.006,0.46,0.15,0.0,0.96,0.0,0.0,0.16,0.0,0.0,0.0,0.0,0.0,0.0,0.0,0.0,0.0,0.0,0.0,1.0,0.0,0.0,0.0,0.0,0.0,0.0,0.0,0.0,0.0,0.0,0.0,0.0,0.0,1.0,1.0,0.0
PP133,g1,760,0,0.975,0.227451,0.155224,-0.961338,0.070631,0.149332,-0.986261,0.152,0.155,246.1,247.4,250.6,253.7,255.0,253.9,250.5,247.3,241.6,243.7,246.7,250.2,253.6,256.1,257.8,255.8,252.9,249.7,246.6,243.7,249.1,250.5,251.9,252.5,251.9,250.5,249.1,248.6,283.4,284.4,287.1,290.0,291.3,290.3,287.6,284.5,280.4,282.4,285.0,288.2,291.0,293.0,294.0,292.9,291.1,288.6,285.7,282.7,286.0,287.2,288.4,288.9,288.3,287.0,285.8,285.4,156.1,152.9,151.6,153.0,156.3,159.7,160.7,159.3,157.5,155.8,154.6,154.1,154.8,156.3,158.4,159.5,159.8,160.0,159.7,158.9,157.7,158.3,157.7,156.3,154.9,154.3,154.8,156.2,156.6,153.6,152.3,153.6,156.7,159.7,161.0,159.9,158.7,156.7,155.2,154.6,155.2,156.4,158.2,159.5,160.2,160.4,160.2,159.8,158.1,158.6,158.1,156.8,155.4,154.9,155.4,156.8,-5.2,-3.4,0.8,4.9,6.6,5.1,0.6,-3.5,-11.1,-8.3,-4.4,0.3,4.8,8.1,10.4,7.7,3.8,-0.4,-4.5,-8.3,-1.2,0.6,2.5,3.3,2.5,0.7,-1.1,-1.9,46.0,47.5,51.4,55.5,57.4,55.9,51.9,47.5,41.9,44.6,48.2,52.8,56.9,59.9,61.8,59.9,57.0,53.3,49.2,45.0,49.8,51.6,53.3,53.9,53.1,51.3,49.6,49.0,-41.4,-45.7,-47.4,-45.6,-41.2,-36.7,-35.3,-37.1,-39.8,-42.0,-43.3,-43.9,-43.1,-41.2,-38.5,-37.0,-36.4,-36.2,-36.7,-37.8,-39.4,-38.6,-39.4,-41.2,-43.1,-43.9,-43.2,-41.3,-42.5,-46.8,-48.7,-47.1,-42.8,-38.5,-36.7,-38.0,-39.7,-42.5,-44.5,-45.4,-44.8,-43.4,-41.1,-39.1,-37.9,-37.4,-37.6,-38.1,-40.7,-40.0,-40.8,-42.7,-44.5,-45.2,-44.4,-42.5,515.1,515.8,516.2,516.1,515.7,515.3,514.6,514.6,518.9,516.5,514.4,513.6,514.4,515.9,517.7,515.9,514.1,513.5,514.4,516.4,515.9,515.9,516.0,516.3,516.5,516.6,516.4,516.1,538.3,539.4,541.2,542.5,542.6,541.4,539.6,538.5,538.5,537.9,537.9,539.0,541.7,545.2,548.5,545.1,541.7,539.1,537.9,537.9,540.3,540.8,541.6,542.1,542.1,541.5,540.7,540.2,30.4,-10.1,649.2,0.135,-0.219,0.037,220.0,220.2,221.5,223.9,228.7,236.2,245.4,256.0,266.6,275.1,281.2,286.9,291.9,295.8,298.4,300.3,301.0,232.1,239.1,248.0,256.8,264.8,279.7,286.1,292.3,298.1,301.6,272.2,273.3,274.4,275.6,263.6,268.1,272.6,276.6,279.9,241.5,247.0,253.2,258.0,252.9,246.7,280.4,285.3,290.7,294.2,291.0,285.7,253.3,261.4,267.9,271.5,275.3,279.4,282.5,279.2,274.9,270.9,266.8,260.6,256.4,267.3,271.1,274.8,280.5,274.8,271.0,267.1,158.2,170.2,182.0,193.4,204.0,213.0,220.3,225.5,226.7,225.0,219.2,211.6,202.7,192.6,181.9,171.0,159.8,149.1,144.1,142.8,144.1,147.0,147.0,144.4,143.4,144.8,149.5,156.1,163.6,170.9,178.5,184.4,185.9,187.1,186.0,184.6,157.5,154.5,154.7,158.5,159.8,159.8,158.8,155.0,155.2,158.2,160.3,160.2,200.6,197.7,196.0,197.2,196.1,198.1,200.7,205.3,207.1,207.5,207.1,205.2,200.7,199.9,200.3,199.9,201.0,201.3,201.8,201.4,-51.9,-51.7,-49.6,-45.5,-37.0,-23.9,-7.9,10.3,28.2,43.4,55.2,66.4,76.2,83.3,88.0,91.5,92.9,-29.5,-17.9,-3.3,11.1,23.9,48.7,60.0,71.3,82.4,89.6,36.3,37.6,39.1,40.5,22.0,29.2,36.6,43.2,49.0,-14.1,-4.9,5.2,13.2,4.7,-5.4,51.0,59.6,69.2,75.9,69.8,60.3,5.5,18.5,29.1,35.0,41.3,48.8,55.1,48.5,40.9,34.2,27.5,17.3,10.5,28.2,34.5,40.8,51.4,40.7,34.3,28.0,-50.7,-30.1,-9.5,10.4,28.7,44.2,56.3,64.5,66.7,64.7,55.9,43.5,27.7,9.2,-10.2,-30.1,-50.4,-63.4,-71.1,-72.9,-70.5,-65.6,-66.5,-71.8,-74.4,-73.2,-66.1,-51.2,-38.7,-26.5,-14.2,-5.0,-2.7,-0.7,-2.4,-4.8,-49.5,-54.2,-54.0,-47.9,-45.6,-45.5,-48.3,-54.9,-54.9,-50.4,-46.3,-46.0,21.7,16.6,13.8,15.8,14.1,17.5,22.4,29.6,32.2,32.7,32.0,29.0,21.9,20.2,20.9,20.4,22.7,22.7,23.3,22.6,675.3,677.4,680.4,681.8,680.4,677.1,671.0,663.6,664.1,674.5,690.5,703.6,710.0,710.9,710.6,710.5,711.6,644.8,639.9,636.5,633.7,632.5,641.2,649.7,659.3,669.2,678.9,637.9,631.5,624.6,618.2,632.1,631.5,631.6,635.5,639.9,644.4,642.3,643.4,645.0,643.0,641.9,656.7,659.8,664.3,670.8,664.2,659.8,646.7,637.5,634.7,636.1,638.8,647.9,661.3,649.1,641.2,638.1,636.8,639.2,644.8,637.2,638.3,641.5,657.2,641.3,638.1,637.2,0.596,0.133,-0.282,0.046,268.194,181.289,-7.781,9.584,-13.165,15.374,5.519,0.263,-4.136,0.354,2.988,-2.429,0.165,1.038,0.059,-1.947,-0.998,-0.249,-0.021,0.574,-1.315,-0.978,0.65,-0.526,-0.089,-0.752,0.096,0.03,0.039,0.041,-0.102,-0.012,-0.032,0.006,0.002,-0.005,0.5,0.18,0.0,0.45,0.0,0.0,0.0,0.0,0.0,0.0,0.0,0.0,0.0,0.0,0.0,0.0,0.0,1.0,1.0,0.0,1.0,0.0,0.0,0.0,0.0,0.0,0.0,0.0,0.0,0.0,0.0,0.0,1.0,1.0,0.0
PP133,g1,766,0,0.975,0.228903,0.153319,-0.961299,0.072522,0.146187,-0.986595,0.154,0.153,246.2,247.6,250.7,253.9,255.1,253.9,250.5,247.4,241.7,243.9,246.8,250.3,253.7,256.2,257.9,255.9,253.0,249.8,246.6,243.8,249.2,250.6,252.0,252.6,252.0,250.6,249.3,248.7,283.4,284.4,287.1,290.0,291.3,290.2,287.5,284.4,280.4,282.4,285.0,288.2,291.0,292.9,294.0,292.9,291.0,288.6,285.7,282.7,286.0,287.2,288.4,288.8,288.3,287.0,285.8,285.4,155.8,152.7,151.4,152.8,156.1,159.5,160.5,159.1,157.2,155.5,154.4,153.9,154.6,156.1,158.2,159.3,159.6,159.7,159.4,158.6,157.4,158.0,157.5,156.1,154.7,154.1,154.6,156.0,156.7,153.7,152.4,153.7,156.8,159.8,161.0,160.0,158.7,156.7,155.2,154.7,155.3,156.5,158.4,159.6,160.2,160.4,160.2,159.8,158.1,158.7,158.2,156.8,155.5,154.9,155.5,156.8,-5.0,-3.2,1.0,5.1,6.7,5.2,0.7,-3.4,-11.0,-8.2,-4.2,0.4,4.9,8.2,10.5,7.8,3.9,-0.3,-4.4,-8.2,-1.1,0.7,2.6,3.4,2.7,0.9,-1.0,-1.8,46.1,47.6,51.6,55.6,57.4,55.9,52.0,47.6,42.0,44.7,48.3,52.9,57.0,60.0,61.9,60.0,57.0,53.4,49.2,45.1,49.8,51.6,53.3,54.0,53.2,51.4,49.7,49.1,-41.9,-46.1,-47.8,-46.0,-41.6,-37.1,-35.7,-37.6,-40.3,-42.5,-43.8,-44.3,-43.5,-41.6,-38.9,-37.4,-36.8,-36.7,-37.1,-38.3,-39.9,-39.0,-39.8,-41.6,-43.5,-44.3,-43.6,-41.7,-42.6,-46.8,-48.7,-47.0,-42.8,-38.5,-36.7,-38.0,-39.7,-42.5,-44.5,-45.4,-44.8,-43.4,-41.0,-39.0,-37.9,-37.4,-37.6,-38.2,-40.7,-40.0,-40.8,-42.6,-44.5,-45.2,-44.4,-42.5,516.5,517.2,517.6,517.6,517.1,516.7,516.0,516.0,520.3,517.9,515.8,515.0,515.8,517.4,519.1,517.3,515.5,514.9,515.8,517.8,517.3,517.3,517.5,517.7,518.0,518.0,517.8,517.5,539.5,540.7,542.4,543.7,543.8,542.6,540.8,539.6,539.6,539.1,539.1,540.2,542.9,546.4,549.7,546.3,542.9,540.3,539.1,539.1,541.5,542.0,542.8,543.3,543.3,542.7,542.0,541.4,30.2,-10.3,649.7,0.132,-0.221,0.044,220.0,220.1,221.3,223.7,228.4,235.9,245.0,255.6,266.1,274.7,280.8,286.5,291.6,295.5,298.2,300.1,300.9,232.3,239.3,248.2,257.0,264.8,279.8,286.2,292.3,298.1,301.5,272.3,273.3,274.4,275.5,263.5,268.0,272.5,276.4,279.8,241.6,247.1,253.3,258.1,252.9,246.8,280.3,285.3,290.7,294.1,291.0,285.7,253.0,261.1,267.7,271.3,275.0,279.2,282.2,278.9,274.6,270.6,266.5,260.3,256.1,267.1,270.8,274.6,280.2,274.5,270.7,266.9,158.0,170.0,181.9,193.3,203.9,212.9,220.2,225.4,226.7,225.0,219.3,211.8,202.9,192.8,182.1,171.2,160.1,148.7,143.8,142.5,143.8,146.7,146.9,144.3,143.5,144.9,149.6,156.0,163.4,170.8,178.4,184.2,185.7,187.0,185.9,184.5,157.2,154.3,154.5,158.3,159.6,159.5,158.8,155.1,155.3,158.3,160.4,160.3,200.4,197.5,195.9,197.0,196.0,198.0,200.8,205.3,207.1,207.4,207.0,205.0,200.5,199.7,200.2,199.8,201.0,201.3,201.7,201.2,-51.9,-51.9,-50.0,-46.0,-37.6,-24.5,-8.5,9.6,27.4,42.6,54.4,65.7,75.6,82.8,87.7,91.3,92.8,-29.2,-17.6,-3.0,11.3,24.1,49.0,60.3,71.5,82.6,89.6,36.4,37.7,39.1,40.4,21.8,29.1,36.4,43.0,48.8,-13.9,-4.7,5.4,13.3,4.9,-5.3,51.1,59.7,69.2,75.8,69.8,60.3,5.0,18.2,28.7,34.7,41.0,48.4,54.6,48.0,40.4,33.7,27.0,16.8,10.0,27.9,34.1,40.4,50.9,40.2,33.9,27.5,-51.1,-30.4,-9.8,10.1,28.6,44.1,56.1,64.3,66.6,64.8,56.2,43.8,28.0,9.6,-9.8,-29.7,-50.0,-64.1,-71.7,-73.5,-71.0,-66.1,-66.8,-71.9,-74.4,-73.1,-65.9,-51.5,-39.0,-26.8,-14.4,-5.3,-2.9,-0.9,-2.6,-4.8,-50.1,-54.7,-54.4,-48.2,-46.0,-46.0,-48.3,-54.9,-54.9,-50.2,-46.2,-46.0,21.3,16.3,13.6,15.5,14.0,17.5,22.5,29.6,32.1,32.5,31.8,28.7,21.5,20.0,20.7,20.3,22.7,22.6,23.2,22.4,675.7,677.8,680.6,682.0,680.5,677.1,670.9,663.5,664.2,674.6,690.7,703.8,710.3,711.2,711.1,711.1,712.3,645.3,640.6,637.3,634.6,633.5,642.3,650.8,660.4,670.1,679.7,638.9,632.4,625.4,619.0,632.7,632.0,632.2,636.1,640.6,645.0,642.9,644.1,645.6,643.6,642.5,657.5,660.6,665.1,671.6,665.0,660.5,647.0,638.0,635.2,636.6,639.4,648.5,661.8,649.6,641.7,638.5,637.2,639.6,645.2,637.7,638.8,642.0,657.7,641.8,638.6,637.7,0.596,0.129,-0.284,0.052,268.052,181.209,-8.896,9.893,-13.261,15.164,5.515,0.423,-4.002,0.025,2.7,-2.265,0.303,1.063,0.226,-2.06,-0.989,-0.431,0.09,0.465,-1.303,-1.034,0.581,-0.57,-0.161,-0.716,0.096,0.059,0.02,0.044,-0.104,-0.012,-0.03,0.007,0.004,-0.002,0.22,0.07,0.0,0.74,0.0,0.0,0.16,0.0,0.0,0.0,0.0,0.0,0.0,0.0,0.0,0.0,0.0,0.0,1.0,0.0,0.0,0.0,0.0,0.0,0.0,0.0,0.0,0.0,0.0,0.0,0.0,0.0,0.0,1.0,0.0
PP133,g1,772,0,0.975,0.231689,0.150888,-0.961017,0.076102,0.141985,-0.986939,0.157,0.149,246.8,248.2,251.4,254.5,255.7,254.5,251.1,248.0,242.3,244.5,247.5,251.0,254.4,256.9,258.5,256.5,253.6,250.4,247.3,244.4,249.8,251.2,252.6,253.2,252.7,251.3,249.9,249.3,284.0,285.0,287.7,290.6,291.8,290.8,288.1,285.0,280.9,282.9,285.6,288.8,291.6,293.5,294.5,293.4,291.6,289.1,286.2,283.2,286.5,287.8,289.0,289.4,288.8,287.6,286.4,286.0,155.7,152.5,151.3,152.8,156.0,159.4,160.4,158.9,157.1,155.3,154.2,153.8,154.5,156.1,158.2,159.2,159.5,159.6,159.3,158.5,157.3,157.9,157.4,156.0,154.6,154.0,154.5,155.9,156.9,153.9,152.7,154.0,157.0,160.0,161.2,160.2,158.9,156.9,155.5,154.9,155.5,156.8,158.7,159.9,160.5,160.7,160.4,160.0,158.4,158.9,158.4,157.1,155.7,155.2,155.7,157.0,-4.2,-2.4,1.9,6.0,7.6,6.0,1.5,-2.6,-10.2,-7.3,-3.4,1.3,5.8,9.1,11.3,8.6,4.7,0.5,-3.6,-7.4,-0.2,1.6,3.4,4.2,3.5,1.7,-0.1,-0.9,46.9,48.4,52.4,56.4,58.2,56.6,52.7,48.3,42.7,45.4,49.1,53.7,57.8,60.8,62.6,60.7,57.8,54.1,50.0,45.8,50.6,52.4,54.1,54.8,54.0,52.2,50.5,49.8,-42.0,-46.2,-47.9,-46.0,-41.7,-37.1,-35.8,-37.7,-40.4,-42.6,-43.9,-44.4,-43.5,-41.6,-38.9,-37.4,-36.9,-36.7,-37.2,-38.4,-39.9,-39.1,-39.8,-41.7,-43.6,-44.4,-43.7,-41.8,-42.3,-46.5,-48.4,-46.7,-42.4,-38.1,-36.3,-37.7,-39.5,-42.2,-44.2,-45.1,-44.4,-42.9,-40.6,-38.6,-37.5,-37.1,-37.3,-37.9,-40.4,-39.6,-40.4,-42.3,-44.1,-44.9,-44.1,-42.2,515.9,516.5,517.0,517.0,516.5,516.1,515.3,515.4,519.6,517.2,515.2,514.4,515.2,516.8,518.5,516.7,514.8,514.2,515.1,517.1,516.6,516.6,516.8,517.1,517.3,517.3,517.1,516.8,539.1,540.3,542.1,543.5,543.5,542.3,540.5,539.2,539.2,538.7,538.7,539.9,542.7,546.1,549.4,546.0,542.6,540.0,538.7,538.7,541.1,541.7,542.5,543.0,543.0,542.4,541.6,541.1,30.9,-10.1,649.0,0.128,-0.226,0.052,220.4,220.4,221.5,223.8,228.6,236.0,245.2,255.8,266.3,274.8,280.8,286.5,291.6,295.6,298.3,300.4,301.2,232.9,240.0,248.9,257.8,265.6,280.6,286.9,293.0,298.8,302.1,273.0,274.0,275.1,276.2,264.0,268.5,273.0,276.9,280.3,242.2,247.8,253.9,258.7,253.6,247.4,280.9,285.9,291.2,294.6,291.5,286.2,253.3,261.5,268.1,271.7,275.5,279.5,282.5,279.2,274.9,270.9,266.8,260.6,256.4,267.4,271.2,275.0,280.6,274.9,271.1,267.2,157.8,169.9,181.9,193.3,204.0,213.0,220.3,225.5,226.9,225.3,219.6,212.2,203.3,193.2,182.6,171.7,160.6,148.5,143.6,142.4,143.7,146.8,147.0,144.6,143.8,145.2,150.0,156.1,163.5,170.9,178.5,184.2,185.8,187.1,186.1,184.7,157.0,154.1,154.4,158.3,159.5,159.4,159.0,155.3,155.5,158.6,160.7,160.5,200.3,197.5,195.9,197.1,196.2,198.2,201.0,205.4,207.2,207.5,207.0,205.0,200.5,199.8,200.2,200.0,201.2,201.4,201.8,201.3,-51.2,-51.3,-49.5,-45.6,-37.3,-24.2,-8.3,9.8,27.6,42.7,54.5,65.8,75.6,83.0,87.9,91.6,93.3,-28.2,-16.4,-1.8,12.6,25.3,50.2,61.5,72.7,83.6,90.6,37.6,38.8,40.1,41.4,22.6,29.9,37.2,43.8,49.6,-12.9,-3.7,6.4,14.3,5.9,-4.3,52.0,60.7,70.2,76.7,70.7,61.2,5.5,18.7,29.4,35.3,41.6,49.0,55.1,48.4,40.9,34.1,27.4,17.2,10.5,28.4,34.6,41.0,51.4,40.8,34.4,28.1,-51.3,-30.5,-9.8,10.2,28.6,44.2,56.2,64.4,66.8,65.1,56.7,44.4,28.8,10.4,-8.9,-28.7,-49.0,-64.4,-71.9,-73.5,-71.0,-66.0,-66.5,-71.5,-73.9,-72.5,-65.2,-51.4,-38.8,-26.6,-14.3,-5.3,-2.8,-0.7,-2.3,-4.5,-50.3,-54.8,-54.5,-48.2,-46.0,-46.1,-48.0,-54.5,-54.4,-49.7,-45.7,-45.6,21.2,16.3,13.7,15.7,14.2,17.7,22.8,29.8,32.2,32.6,31.8,28.6,21.5,20.0,20.8,20.4,23.0,22.8,23.3,22.5,674.7,676.6,679.4,680.7,679.0,675.7,669.5,662.1,662.9,673.5,689.7,703.0,709.5,710.6,710.5,710.7,712.0,644.3,639.7,636.6,634.0,632.9,642.0,650.6,660.2,670.1,679.7,638.4,631.8,624.8,618.2,631.8,631.2,631.4,635.3,639.9,644.0,642.0,643.3,644.9,642.8,641.5,657.1,660.3,664.9,671.4,664.7,660.2,645.8,637.0,634.3,635.8,638.6,647.8,661.0,648.7,640.7,637.5,636.1,638.4,644.0,636.7,637.9,641.2,656.9,641.0,637.6,636.6,0.597,0.126,-0.291,0.06,268.481,181.327,-8.802,10.459,-13.042,15.015,5.68,0.791,-4.103,-0.014,2.604,-2.296,0.489,1.052,0.176,-1.911,-0.853,-0.484,0.105,0.524,-1.354,-1.088,0.578,-0.536,-0.191,-0.672,0.18,0.047,0.043,0.046,-0.092,-0.017,-0.027,0.007,0.005,-0.007,0.13,0.12,0.0,0.49,0.0,0.0,0.18,0.0,0.0,0.0,0.0,0.0,0.0,0.0,0.0,0.0,0.0,0.0,1.0,0.0,1.0,0.0,0.0,0.0,0.0,0.0,0.0,0.0,0.0,0.0,0.0,0.0,1.0,1.0,0.0
PP133,g1,778,0,0.975,0.230687,0.155213,-0.960569,0.079709,0.144216,-0.986331,0.158,0.153,247.6,249.0,252.2,255.3,256.5,255.3,251.9,248.8,243.1,245.3,248.3,251.8,255.2,257.7,259.3,257.2,254.3,251.1,248.0,245.2,250.6,251.9,253.3,254.0,253.5,252.1,250.7,250.1,284.7,285.7,288.5,291.3,292.5,291.4,288.7,285.6,281.6,283.6,286.3,289.5,292.3,294.1,295.1,294.0,292.2,289.8,286.9,283.9,287.2,288.4,289.6,290.1,289.5,288.3,287.1,286.7,155.1,151.9,150.8,152.2,155.5,158.9,159.8,158.3,156.4,154.7,153.6,153.1,153.9,155.6,157.7,158.8,159.0,159.0,158.7,157.9,156.7,157.4,156.9,155.5,154.1,153.4,153.9,155.3,156.7,153.7,152.5,153.9,157.0,160.0,161.1,160.0,158.7,156.7,155.3,154.8,155.5,156.8,158.7,159.9,160.5,160.6,160.3,159.9,158.2,158.8,158.3,157.0,155.7,155.1,155.6,156.9,-3.2,-1.3,3.0,7.1,8.6,7.0,2.5,-1.6,-9.2,-6.3,-2.3,2.4,6.8,10.1,12.3,9.5,5.7,1.5,-2.6,-6.4,0.8,2.6,4.4,5.2,4.6,2.8,0.9,0.1,47.8,49.3,53.3,57.3,59.0,57.4,53.4,49.1,43.5,46.3,50.0,54.5,58.6,61.6,63.3,61.4,58.5,54.9,50.7,46.6,51.4,53.1,54.9,55.6,54.8,53.1,51.3,50.7,-42.8,-47.0,-48.6,-46.6,-42.3,-37.7,-36.5,-38.4,-41.3,-43.4,-44.7,-45.2,-44.2,-42.2,-39.4,-38.0,-37.5,-37.4,-38.0,-39.2,-40.7,-39.8,-40.5,-42.3,-44.2,-45.1,-44.4,-42.6,-42.4,-46.6,-48.4,-46.7,-42.4,-38.1,-36.4,-37.8,-39.6,-42.4,-44.3,-45.2,-44.4,-42.9,-40.5,-38.5,-37.4,-37.1,-37.4,-38.0,-40.4,-39.7,-40.4,-42.3,-44.2,-44.9,-44.2,-42.3,515.3,516.0,516.4,516.4,515.9,515.4,514.7,514.8,519.0,516.7,514.6,513.8,514.6,516.2,517.8,516.0,514.2,513.6,514.5,516.6,516.0,516.0,516.2,516.5,516.7,516.8,516.6,516.3,537.8,539.1,540.9,542.3,542.3,541.1,539.2,538.0,537.9,537.4,537.5,538.7,541.5,545.0,548.2,544.8,541.4,538.8,537.4,537.4,539.8,540.4,541.2,541.8,541.8,541.2,540.4,539.8,31.3,-9.9,645.1,0.134,-0.231,0.065,220.9,220.7,221.7,223.9,228.6,235.9,245.0,255.5,266.0,274.5,280.6,286.3,291.5,295.6,298.5,300.7,301.6,234.0,241.2,250.0,258.8,266.5,281.4,287.8,293.8,299.5,302.7,273.8,274.7,275.8,276.8,264.5,268.9,273.4,277.3,280.7,243.0,248.6,254.7,259.4,254.3,248.1,281.6,286.6,291.9,295.2,292.2,286.9,253.4,261.6,268.4,271.9,275.6,279.7,282.5,279.1,274.8,270.8,266.8,260.5,256.4,267.6,271.4,275.1,280.5,274.8,271.1,267.3,157.0,169.2,181.4,193.1,204.0,213.3,220.8,226.2,227.7,226.1,220.4,212.8,203.8,193.6,182.9,172.0,160.8,147.5,142.8,141.6,143.1,146.2,146.6,144.3,143.6,145.2,150.0,155.7,163.2,170.6,178.3,184.1,185.7,187.0,186.1,184.8,156.4,153.5,153.8,157.8,159.0,158.8,158.8,155.1,155.4,158.6,160.6,160.4,200.6,197.6,196.0,197.3,196.4,198.5,201.6,206.5,208.3,208.5,208.0,205.8,200.8,200.0,200.4,200.2,201.8,202.3,202.7,202.1,-49.8,-50.3,-48.9,-45.1,-36.9,-24.1,-8.6,9.3,27.0,42.0,53.7,64.9,74.8,82.3,87.6,91.6,93.4,-26.1,-14.3,0.1,14.2,26.6,51.4,62.6,73.6,84.4,91.1,38.7,39.7,41.0,42.1,23.2,30.4,37.6,44.2,49.9,-11.5,-2.3,7.7,15.5,7.0,-3.1,52.8,61.5,70.9,77.3,71.3,61.9,5.5,18.8,29.6,35.5,41.7,48.9,54.7,48.1,40.5,33.8,27.2,17.0,10.6,28.6,34.7,40.9,51.0,40.5,34.3,28.0,-52.3,-31.4,-10.5,9.7,28.4,44.3,56.7,65.2,67.8,66.2,57.7,45.2,29.4,11.0,-8.3,-28.1,-48.3,-65.3,-72.7,-74.2,-71.6,-66.5,-66.8,-71.6,-73.8,-72.2,-64.8,-51.7,-39.1,-26.8,-14.4,-5.5,-2.9,-0.8,-2.3,-4.5,-50.9,-55.5,-55.0,-48.6,-46.6,-46.7,-48.0,-54.4,-54.2,-49.3,-45.4,-45.5,21.5,16.4,13.7,15.8,14.4,18.2,23.8,31.4,33.9,34.2,33.3,29.7,21.9,20.2,21.0,20.8,24.0,24.2,24.6,23.7,668.9,671.1,674.1,675.5,673.9,670.7,665.0,658.1,659.1,669.6,685.4,698.3,704.4,705.3,705.1,705.2,706.5,638.8,634.7,632.0,629.7,628.9,638.4,647.0,656.5,666.1,675.4,634.3,627.8,620.9,614.4,627.7,627.1,627.4,631.4,636.0,639.1,637.3,638.7,640.3,638.2,636.8,652.9,656.2,660.8,667.3,660.6,656.1,641.8,633.0,630.3,631.8,634.7,643.9,657.1,645.3,637.5,634.2,632.8,634.8,640.1,632.8,634.0,637.3,653.1,637.6,634.2,633.2,0.6,0.133,-0.297,0.074,268.837,181.401,-15.027,12.056,-12.526,17.431,5.42,-0.434,-2.91,-0.155,2.956,-2.286,0.782,1.016,0.108,-2.549,-1.302,-0.137,0.52,0.61,-1.115,-1.048,0.674,-0.541,-0.23,-0.652,-0.017,0.095,0.051,0.057,-0.11,-0.009,-0.029,0.001,0.004,-0.007,0.25,0.08,0.0,0.81,0.0,0.0,0.17,0.0,0.0,0.0,0.0,0.0,0.0,0.0,0.0,0.0,0.0,1.0,1.0,0.0,1.0,0.0,0.0,0.0,0.0,0.0,0.0,0.0,0.0,0.0,0.0,0.0,1.0,1.0,0.0
PP133,g1,784,0,0.975,0.227416,0.15991,-0.960578,0.077759,0.150709,-0.985515,0.156,0.158,247.4,248.9,252.1,255.3,256.4,255.2,251.7,248.6,242.9,245.1,248.1,251.6,255.1,257.6,259.2,257.1,254.2,251.0,247.8,245.0,250.4,251.8,253.2,253.9,253.4,252.0,250.6,249.9,284.6,285.6,288.4,291.2,292.4,291.4,288.6,285.5,281.5,283.5,286.2,289.5,292.2,294.1,295.1,294.0,292.1,289.7,286.8,283.8,287.1,288.3,289.5,290.0,289.5,288.2,287.0,286.6,154.9,151.7,150.5,152.0,155.3,158.8,159.7,158.2,156.3,154.5,153.4,152.9,153.8,155.4,157.6,158.6,158.9,158.9,158.5,157.7,156.6,157.2,156.7,155.3,153.9,153.2,153.7,155.1,156.5,153.5,152.3,153.7,156.8,159.8,161.0,159.9,158.6,156.5,155.1,154.6,155.3,156.6,158.5,159.7,160.3,160.5,160.2,159.7,158.1,158.7,158.1,156.8,155.5,154.9,155.4,156.7,-3.4,-1.5,2.8,6.9,8.4,6.7,2.2,-1.8,-9.3,-6.4,-2.5,2.1,6.6,9.9,12.1,9.3,5.5,1.3,-2.9,-6.6,0.6,2.4,4.2,5.1,4.4,2.6,0.7,-0.1,47.3,48.8,52.8,56.8,58.5,56.9,52.9,48.6,43.0,45.8,49.5,54.0,58.1,61.1,62.8,60.9,58.0,54.4,50.2,46.1,50.9,52.7,54.4,55.1,54.3,52.6,50.9,50.2,-42.6,-46.8,-48.4,-46.4,-42.0,-37.5,-36.3,-38.2,-41.1,-43.2,-44.5,-45.0,-44.0,-42.0,-39.2,-37.7,-37.3,-37.2,-37.8,-39.0,-40.4,-39.6,-40.3,-42.1,-44.0,-44.9,-44.2,-42.3,-42.3,-46.6,-48.4,-46.6,-42.3,-38.1,-36.3,-37.8,-39.6,-42.3,-44.3,-45.1,-44.4,-42.9,-40.4,-38.4,-37.4,-37.0,-37.3,-37.9,-40.4,-39.6,-40.4,-42.2,-44.1,-44.9,-44.1,-42.2,510.1,510.8,511.2,511.1,510.5,510.1,509.4,509.5,513.9,511.5,509.4,508.5,509.3,510.8,512.5,510.7,508.9,508.4,509.3,511.4,510.8,510.7,510.9,511.2,511.5,511.5,511.3,511.0,534.0,535.2,537.0,538.4,538.5,537.3,535.4,534.2,534.1,533.6,533.6,534.8,537.6,541.1,544.4,541.0,537.5,535.0,533.6,533.6,536.0,536.6,537.4,538.0,537.9,537.3,536.5,536.0,30.9,-9.6,641.4,0.146,-0.228,0.065,220.8,220.6,221.6,224.0,228.8,236.1,245.0,255.3,265.8,274.3,280.4,286.2,291.4,295.6,298.6,300.8,301.7,233.8,240.9,249.9,258.7,266.5,281.3,287.7,293.8,299.5,302.5,273.8,274.7,275.7,276.7,264.4,268.9,273.3,277.2,280.6,242.8,248.4,254.6,259.4,254.2,247.9,281.5,286.5,291.9,295.2,292.1,286.8,253.4,261.4,268.4,271.9,275.5,279.6,282.2,278.8,274.3,270.4,266.3,260.0,256.5,267.6,271.3,274.9,280.1,274.4,270.7,266.9,156.6,169.1,181.5,193.3,204.3,213.8,221.5,227.0,228.5,226.7,220.7,212.8,203.6,193.4,182.7,171.6,160.4,147.5,142.5,141.3,142.7,146.0,146.5,144.0,143.3,144.9,149.9,155.6,163.0,170.3,178.0,183.8,185.4,186.7,185.8,184.5,156.2,153.3,153.7,157.7,158.9,158.7,158.6,154.9,155.2,158.4,160.5,160.3,201.0,197.4,195.6,196.9,195.9,198.4,202.0,207.8,209.9,210.2,209.7,207.0,201.2,199.7,200.1,200.0,202.2,203.7,204.1,203.5,-49.7,-50.3,-48.7,-44.7,-36.4,-23.8,-8.5,9.0,26.6,41.5,53.1,64.3,74.2,81.6,87.0,90.9,92.7,-26.3,-14.7,-0.2,14.0,26.4,50.8,61.9,73.1,83.9,90.3,38.3,39.4,40.6,41.7,23.0,30.1,37.2,43.8,49.5,-11.7,-2.6,7.5,15.3,6.8,-3.3,52.2,60.9,70.4,76.8,70.8,61.3,5.6,18.4,29.4,35.2,41.2,48.5,53.8,47.4,39.6,33.0,26.3,16.2,10.6,28.3,34.4,40.4,50.1,39.7,33.5,27.3,-52.5,-31.5,-10.4,10.0,28.9,44.9,57.6,66.3,68.9,67.0,58.0,45.0,28.9,10.5,-8.7,-28.5,-48.6,-65.0,-72.7,-74.2,-71.6,-66.4,-66.6,-71.5,-73.8,-72.2,-64.7,-51.5,-39.1,-27.1,-14.9,-5.9,-3.4,-1.3,-2.8,-4.9,-50.8,-55.4,-55.0,-48.5,-46.5,-46.7,-47.9,-54.4,-54.2,-49.3,-45.4,-45.5,22.1,16.0,12.9,15.1,13.6,17.8,24.2,33.3,36.5,36.8,35.8,31.6,22.3,19.6,20.4,20.2,24.4,26.4,26.8,25.9,664.4,667.0,670.3,671.9,670.5,667.8,662.6,656.2,657.3,667.3,682.1,694.1,699.5,699.8,699.5,699.9,701.2,634.3,630.2,627.3,625.0,624.4,633.9,642.6,652.3,662.2,671.6,630.0,623.6,616.8,610.5,623.5,623.1,623.5,627.4,631.9,634.8,633.0,634.5,636.0,634.1,632.7,648.6,651.9,656.6,663.1,656.5,651.8,638.4,629.0,626.0,627.5,630.3,639.6,653.0,642.4,635.3,632.2,630.7,632.1,636.9,628.9,630.0,633.2,649.2,635.0,631.8,630.6,0.604,0.144,-0.292,0.074,268.713,181.495,-19.402,14.134,-9.329,21.185,5.962,-5.579,-0.997,-0.091,3.983,-3.555,1.216,0.324,0.62,-2.218,-1.304,-0.109,1.16,0.397,-1.403,-0.524,0.615,-0.539,-0.201,-0.736,-0.06,0.297,0.153,0.058,-0.091,-0.014,-0.013,-0.003,-0.007,-0.006,0.38,0.34,0.0,1.06,0.0,0.0,0.0,0.0,0.0,0.0,0.07,0.0,0.0,0.0,0.32,0.35,0.0,1.0,1.0,0.0,1.0,0.0,0.0,0.0,0.0,0.0,0.0,0.0,0.0,0.0,0.0,1.0,1.0,1.0,0.0
PP133,g1,790,0,0.975,0.228455,0.158359,-0.960589,0.077597,0.149483,-0.985715,0.156,0.157,248.0,249.5,252.7,255.8,257.0,255.8,252.3,249.2,243.5,245.7,248.7,252.2,255.7,258.2,259.8,257.7,254.8,251.6,248.4,245.5,251.0,252.4,253.8,254.5,253.9,252.6,251.2,250.5,285.2,286.2,288.9,291.8,293.0,292.0,289.2,286.1,282.1,284.1,286.8,290.0,292.8,294.7,295.7,294.6,292.8,290.3,287.4,284.4,287.7,288.9,290.1,290.6,290.0,288.8,287.6,287.1,155.1,151.9,150.7,152.2,155.5,159.0,159.9,158.4,156.5,154.7,153.6,153.1,154.0,155.6,157.8,158.8,159.1,159.1,158.7,157.9,156.8,157.4,156.9,155.5,154.1,153.4,153.9,155.3,156.6,153.6,152.4,153.8,156.8,159.9,161.1,160.0,158.7,156.6,155.2,154.6,155.3,156.6,158.5,159.8,160.4,160.5,160.3,159.8,158.1,158.7,158.2,156.9,155.5,154.9,155.5,156.8,-2.6,-0.7,3.5,7.6,9.2,7.5,3.0,-1.1,-8.6,-5.7,-1.7,2.9,7.4,10.7,12.9,10.1,6.3,2.0,-2.1,-5.8,1.3,3.1,5.0,5.8,5.2,3.4,1.5,0.7,48.1,49.6,53.5,57.6,59.3,57.7,53.8,49.4,43.8,46.6,50.2,54.8,58.9,61.9,63.6,61.8,58.8,55.2,51.1,46.9,51.7,53.5,55.2,55.9,55.1,53.4,51.6,51.0,-42.3,-46.5,-48.1,-46.1,-41.8,-37.3,-36.0,-38.0,-40.8,-43.0,-44.2,-44.7,-43.7,-41.7,-38.9,-37.5,-37.1,-37.0,-37.5,-38.7,-40.2,-39.3,-40.0,-41.9,-43.8,-44.6,-43.9,-42.1,-42.2,-46.5,-48.3,-46.5,-42.3,-38.0,-36.2,-37.7,-39.4,-42.2,-44.1,-45.0,-44.3,-42.8,-40.4,-38.4,-37.3,-36.9,-37.2,-37.8,-40.3,-39.5,-40.3,-42.2,-44.0,-44.8,-44.0,-42.1,510.1,510.8,511.2,511.1,510.6,510.1,509.4,509.5,513.8,511.5,509.4,508.5,509.3,510.8,512.5,510.6,508.9,508.3,509.2,511.3,510.8,510.7,510.9,511.2,511.5,511.5,511.3,511.0,534.0,535.3,537.1,538.5,538.5,537.3,535.4,534.2,534.1,533.6,533.7,534.9,537.7,541.2,544.4,541.0,537.6,535.0,533.7,533.6,536.1,536.6,537.5,538.0,538.0,537.4,536.6,536.0,32.0,-9.5,642.0,0.146,-0.23,0.062,221.4,221.2,222.3,224.6,229.4,236.8,245.7,256.2,266.7,275.1,281.2,286.9,292.1,296.3,299.2,301.3,302.1,234.5,241.6,250.5,259.3,267.0,282.0,288.3,294.3,300.0,303.0,274.4,275.3,276.4,277.4,265.1,269.5,274.0,278.0,281.3,243.4,249.0,255.2,260.0,254.8,248.5,282.1,287.1,292.5,295.8,292.7,287.4,253.9,262.0,269.1,272.7,276.4,280.6,283.1,279.7,275.2,271.1,267.0,260.5,256.9,268.3,272.1,275.8,281.0,275.2,271.5,267.6,157.0,169.4,181.7,193.5,204.5,213.9,221.5,227.0,228.5,226.6,220.6,212.7,203.6,193.4,182.7,171.8,160.7,147.5,142.6,141.4,142.8,146.0,146.5,144.0,143.3,144.9,149.8,155.7,163.1,170.5,178.1,184.0,185.5,186.8,185.8,184.5,156.4,153.5,153.8,157.9,159.0,158.9,158.7,155.0,155.3,158.5,160.5,160.3,201.0,197.3,195.5,196.8,195.8,198.2,201.9,207.8,210.2,210.5,210.0,207.2,201.2,199.6,200.1,199.9,202.1,203.9,204.3,203.7,-48.7,-49.2,-47.6,-43.7,-35.4,-22.6,-7.3,10.4,28.0,43.0,54.6,65.7,75.5,82.9,88.2,92.0,93.6,-25.2,-13.6,0.7,14.9,27.2,51.9,63.0,74.1,84.8,91.2,39.4,40.4,41.7,42.8,24.1,31.2,38.4,45.0,50.7,-10.8,-1.6,8.4,16.3,7.7,-2.4,53.3,61.9,71.4,77.8,71.8,62.4,6.3,19.3,30.6,36.5,42.6,50.1,55.5,48.9,41.0,34.2,27.4,17.1,11.3,29.5,35.7,41.8,51.6,41.1,34.8,28.4,-51.9,-30.9,-9.9,10.4,29.2,45.1,57.7,66.4,69.0,66.9,57.8,44.8,28.8,10.5,-8.5,-28.2,-48.1,-64.9,-72.4,-74.0,-71.5,-66.3,-66.6,-71.6,-73.9,-72.3,-64.9,-51.3,-38.9,-26.9,-14.8,-5.7,-3.2,-1.1,-2.7,-4.9,-50.5,-55.1,-54.7,-48.2,-46.2,-46.4,-47.8,-54.3,-54.2,-49.3,-45.4,-45.4,22.1,15.9,12.8,14.9,13.4,17.6,24.0,33.5,36.9,37.2,36.3,32.0,22.3,19.5,20.3,20.1,24.2,26.7,27.2,26.2,664.5,667.1,670.4,672.1,670.9,668.2,663.1,656.8,657.8,667.9,682.8,694.8,700.0,700.3,699.9,700.4,701.7,634.2,630.4,627.5,625.3,624.8,634.4,643.2,652.9,662.7,672.1,630.4,624.1,617.4,611.1,624.1,623.7,624.2,628.1,632.6,635.1,633.3,634.8,636.4,634.4,633.0,649.1,652.4,657.2,663.7,657.0,652.4,639.1,629.5,626.4,627.9,630.8,640.4,654.0,643.5,636.1,632.9,631.3,632.8,637.6,629.4,630.5,633.8,650.3,635.8,632.5,631.3,0.604,0.145,-0.296,0.071,269.383,181.569,-20.236,14.226,-8.092,20.329,6.06,-6.2,-1.432,0.89,3.374,-2.981,1.481,0.299,0.797,-2.146,-1.188,0.073,1.284,0.492,-1.235,-0.662,0.691,-0.467,-0.207,-0.695,-0.045,0.304,0.157,0.057,-0.086,-0.014,-0.006,-0.003,-0.012,-0.003,0.31,0.21,0.0,1.01,0.0,0.0,0.14,0.0,0.0,0.0,0.04,0.0,0.0,0.0,0.41,0.21,0.0,1.0,1.0,0.0,1.0,0.0,0.0,0.0,0.0,0.0,0.0,0.0,0.0,0.0,0.0,1.0,1.0,1.0,0.0
PP133,g1,796,0,0.975,0.22646,0.159372,-0.960893,0.072631,0.151478,-0.985789,0.152,0.158,247.9,249.3,252.6,255.7,256.9,255.7,252.2,249.1,243.4,245.5,248.5,252.1,255.5,258.0,259.7,257.6,254.7,251.5,248.3,245.5,250.9,252.3,253.7,254.3,253.8,252.4,251.0,250.4,285.1,286.2,288.9,291.7,293.0,292.0,289.3,286.2,282.1,284.1,286.8,290.0,292.8,294.7,295.7,294.6,292.8,290.3,287.4,284.4,287.7,288.9,290.1,290.6,290.0,288.8,287.6,287.1,155.4,152.2,151.0,152.5,155.8,159.2,160.1,158.7,156.8,155.0,153.9,153.4,154.2,155.9,158.0,159.0,159.3,159.3,159.0,158.2,157.0,157.7,157.2,155.8,154.3,153.7,154.2,155.6,156.7,153.6,152.4,153.7,156.8,159.8,161.1,160.0,158.7,156.7,155.2,154.6,155.3,156.6,158.4,159.7,160.3,160.5,160.3,159.8,158.2,158.7,158.2,156.9,155.5,154.9,155.5,156.8,-2.8,-0.9,3.4,7.5,9.0,7.4,2.9,-1.2,-8.7,-5.8,-1.9,2.7,7.2,10.5,12.8,10.0,6.1,1.9,-2.2,-6.0,1.2,3.0,4.9,5.7,5.0,3.2,1.3,0.5,48.1,49.6,53.5,57.6,59.4,57.8,53.9,49.5,43.9,46.6,50.2,54.8,58.9,61.9,63.7,61.9,58.9,55.3,51.1,47.0,51.8,53.5,55.3,55.9,55.2,53.4,51.7,51.0,-42.0,-46.2,-47.8,-45.9,-41.5,-37.0,-35.7,-37.7,-40.4,-42.6,-43.9,-44.4,-43.5,-41.5,-38.7,-37.3,-36.8,-36.7,-37.3,-38.4,-39.9,-39.0,-39.7,-41.6,-43.5,-44.3,-43.6,-41.8,-42.2,-46.4,-48.3,-46.6,-42.3,-38.1,-36.3,-37.6,-39.3,-42.1,-44.1,-45.0,-44.4,-42.9,-40.5,-38.5,-37.4,-37.0,-37.2,-37.8,-40.3,-39.5,-40.3,-42.2,-44.1,-44.8,-44.0,-42.1,510.9,511.7,512.1,512.0,511.4,510.9,510.2,510.3,514.7,512.3,510.3,509.4,510.2,511.7,513.3,511.5,509.7,509.2,510.1,512.2,511.6,511.6,511.8,512.1,512.3,512.4,512.2,511.9,534.4,535.6,537.4,538.8,538.9,537.6,535.8,534.6,534.5,534.0,534.0,535.2,538.0,541.5,544.7,541.3,537.9,535.3,534.0,534.0,536.4,537.0,537.8,538.3,538.3,537.7,536.9,536.4,32.3,-9.6,643.9,0.149,-0.224,0.055,221.4,221.4,222.5,224.9,229.7,237.0,246.0,256.6,267.1,275.6,281.7,287.4,292.6,296.7,299.5,301.5,302.3,234.3,241.3,250.2,259.1,266.9,281.7,288.1,294.2,299.9,303.1,274.3,275.2,276.2,277.3,265.0,269.5,274.0,278.0,281.4,243.2,248.9,255.1,259.9,254.7,248.5,282.0,287.0,292.4,295.9,292.7,287.4,253.9,262.0,269.1,272.8,276.6,280.8,283.5,280.1,275.5,271.4,267.1,260.6,256.9,268.3,272.2,276.0,281.4,275.5,271.6,267.7,157.3,169.6,181.8,193.5,204.3,213.6,221.2,226.6,228.0,226.2,220.1,212.3,203.2,193.1,182.5,171.5,160.5,148.0,143.0,141.8,143.2,146.4,146.7,144.1,143.3,144.8,149.7,155.9,163.3,170.6,178.2,184.0,185.6,186.9,185.9,184.5,156.7,153.8,154.1,158.2,159.3,159.1,158.8,155.0,155.3,158.4,160.5,160.3,200.8,197.3,195.4,196.7,195.7,198.0,201.5,207.4,209.8,210.2,209.7,207.0,201.0,199.5,199.9,199.7,201.7,203.6,204.0,203.5,-48.8,-49.1,-47.3,-43.4,-35.1,-22.3,-6.7,11.1,28.9,43.9,55.6,66.8,76.6,83.9,89.0,92.7,94.2,-25.6,-14.0,0.4,14.6,27.0,51.7,62.8,74.0,84.8,91.5,39.2,40.3,41.6,42.8,24.0,31.3,38.5,45.2,51.0,-11.0,-1.8,8.2,16.2,7.6,-2.5,53.4,62.0,71.6,78.1,72.0,62.6,6.4,19.4,30.6,36.7,43.1,50.7,56.3,49.7,41.7,34.7,27.8,17.3,11.3,29.6,36.0,42.3,52.5,41.7,35.2,28.6,-51.6,-30.7,-9.8,10.3,29.0,44.8,57.4,65.9,68.4,66.3,57.2,44.3,28.3,10.0,-9.1,-28.7,-48.7,-64.4,-72.0,-73.6,-71.1,-66.0,-66.4,-71.5,-73.9,-72.5,-65.2,-51.1,-38.7,-26.7,-14.5,-5.5,-3.1,-1.0,-2.6,-4.9,-50.2,-54.8,-54.4,-48.0,-46.0,-46.1,-47.8,-54.4,-54.3,-49.6,-45.6,-45.5,21.9,15.8,12.7,14.8,13.3,17.3,23.5,32.9,36.4,36.8,35.9,31.6,22.1,19.4,20.1,19.9,23.8,26.3,26.9,26.0,667.0,669.5,672.9,674.6,673.6,670.9,665.5,658.9,659.8,669.9,684.9,696.9,702.3,702.6,702.1,702.6,704.0,636.5,632.4,629.4,627.0,626.3,635.7,644.4,654.0,663.9,673.3,632.0,625.7,619.1,612.9,626.1,625.7,626.0,629.9,634.3,637.2,635.3,636.7,638.3,636.3,635.0,650.6,653.9,658.6,665.1,658.5,653.9,641.3,631.6,628.4,629.9,632.8,642.4,656.1,645.5,638.0,634.8,633.2,634.9,639.9,631.3,632.4,635.7,652.4,637.7,634.4,633.3,0.602,0.147,-0.29,0.065,269.477,181.517,-18.288,13.149,-7.531,18.811,6.108,-5.697,-1.852,1.169,3.24,-2.516,1.4,0.29,0.84,-1.581,-1.371,0.171,1.147,0.558,-1.365,-0.746,0.689,-0.257,-0.277,-0.809,0.008,0.243,0.11,0.088,-0.074,-0.011,-0.003,-0.004,-0.015,-0.005,0.39,0.25,0.0,1.01,0.0,0.0,0.0,0.0,0.0,0.0,0.0,0.0,0.0,0.0,0.34,0.18,0.0,1.0,1.0,0.0,1.0,0.0,0.0,0.0,0.0,0.0,0.0,0.0,0.0,0.0,0.0,1.0,1.0,1.0,0.0
PP133,g1,802,0,0.975,0.222088,0.158115,-0.962121,0.067654,0.150449,-0.9863,0.148,0.157,247.7,249.1,252.4,255.5,256.7,255.5,252.0,248.9,243.2,245.4,248.3,251.9,255.3,257.8,259.5,257.4,254.5,251.3,248.1,245.3,250.7,252.1,253.5,254.1,253.6,252.2,250.8,250.2,285.0,286.0,288.8,291.6,292.9,291.9,289.2,286.0,281.9,283.9,286.6,289.9,292.7,294.6,295.6,294.6,292.7,290.2,287.3,284.2,287.6,288.8,290.0,290.5,289.9,288.7,287.5,287.0,155.4,152.2,151.0,152.4,155.7,159.1,160.1,158.6,156.8,155.0,153.9,153.4,154.2,155.8,157.9,159.0,159.2,159.3,158.9,158.2,157.0,157.6,157.1,155.7,154.3,153.6,154.2,155.6,156.5,153.5,152.2,153.5,156.6,159.7,160.9,159.8,158.6,156.5,155.1,154.5,155.1,156.4,158.3,159.5,160.1,160.3,160.1,159.7,158.0,158.6,158.0,156.7,155.3,154.8,155.3,156.6,-3.0,-1.1,3.1,7.2,8.8,7.2,2.7,-1.4,-9.0,-6.1,-2.2,2.5,7.0,10.3,12.5,9.7,5.9,1.7,-2.5,-6.2,1.0,2.8,4.6,5.4,4.7,2.9,1.1,0.3,47.8,49.3,53.3,57.3,59.1,57.6,53.6,49.2,43.6,46.3,50.0,54.5,58.7,61.7,63.5,61.6,58.7,55.0,50.9,46.7,51.5,53.3,55.0,55.7,54.9,53.1,51.4,50.7,-42.1,-46.3,-47.9,-46.0,-41.7,-37.1,-35.8,-37.7,-40.5,-42.7,-44.0,-44.5,-43.6,-41.6,-38.9,-37.4,-36.9,-36.8,-37.3,-38.5,-40.0,-39.1,-39.9,-41.7,-43.6,-44.4,-43.7,-41.9,-42.3,-46.6,-48.4,-46.8,-42.5,-38.2,-36.4,-37.8,-39.5,-42.3,-44.3,-45.2,-44.5,-43.1,-40.7,-38.7,-37.6,-37.2,-37.4,-38.0,-40.4,-39.7,-40.5,-42.4,-44.2,-45.0,-44.2,-42.3,511.3,512.0,512.4,512.3,511.8,511.3,510.6,510.7,515.1,512.7,510.6,509.7,510.5,512.0,513.7,511.9,510.1,509.6,510.5,512.6,512.0,511.9,512.1,512.4,512.7,512.7,512.5,512.2,533.4,534.6,536.4,537.7,537.8,536.6,534.8,533.6,533.6,533.0,533.0,534.2,536.9,540.4,543.7,540.3,536.8,534.3,533.0,533.1,535.4,536.0,536.8,537.3,537.3,536.7,535.9,535.4,32.2,-9.9,644.8,0.145,-0.216,0.051,221.4,221.4,222.6,225.0,229.8,237.2,246.3,256.8,267.3,275.8,281.9,287.7,292.9,296.9,299.7,301.7,302.4,234.0,241.0,249.9,258.7,266.5,281.5,287.9,294.0,299.8,303.1,274.0,274.9,276.0,277.0,264.8,269.3,273.9,277.9,281.2,243.1,248.7,254.8,259.7,254.5,248.3,281.9,286.9,292.3,295.8,292.6,287.3,253.8,261.9,268.8,272.6,276.4,280.7,283.6,280.1,275.5,271.3,267.1,260.6,256.8,268.1,272.1,275.9,281.5,275.5,271.6,267.6,157.3,169.6,181.8,193.5,204.3,213.6,221.0,226.3,227.7,225.9,219.8,212.1,203.0,192.8,182.2,171.2,160.1,148.0,143.1,141.8,143.2,146.2,146.5,144.0,143.2,144.6,149.4,155.7,163.2,170.6,178.2,184.0,185.5,186.8,185.8,184.4,156.7,153.8,154.1,158.1,159.2,159.1,158.6,154.9,155.1,158.2,160.3,160.2,200.6,197.2,195.4,196.7,195.7,197.9,201.3,206.9,209.1,209.5,209.0,206.5,200.8,199.5,199.9,199.7,201.5,203.0,203.4,202.9,-49.0,-49.2,-47.4,-43.3,-34.9,-22.0,-6.3,11.4,29.2,44.3,56.1,67.3,77.2,84.4,89.4,93.1,94.5,-26.1,-14.5,-0.2,14.0,26.5,51.4,62.6,73.8,84.7,91.6,38.9,40.0,41.3,42.5,23.8,31.0,38.3,45.0,50.8,-11.3,-2.2,7.9,15.9,7.3,-2.8,53.2,61.9,71.5,78.1,72.0,62.5,6.2,19.2,30.4,36.5,42.9,50.6,56.5,49.7,41.7,34.7,27.7,17.3,11.2,29.4,35.8,42.2,52.6,41.7,35.1,28.6,-51.8,-30.8,-9.8,10.4,29.1,44.9,57.2,65.6,68.0,65.8,56.8,43.9,27.9,9.6,-9.6,-29.3,-49.3,-64.6,-72.1,-73.8,-71.3,-66.3,-66.8,-71.9,-74.3,-72.9,-65.7,-51.5,-39.0,-26.9,-14.7,-5.6,-3.2,-1.1,-2.8,-5.0,-50.4,-55.0,-54.6,-48.2,-46.2,-46.3,-48.1,-54.7,-54.7,-49.9,-45.9,-45.9,21.6,15.7,12.8,14.8,13.3,17.2,23.1,32.0,35.3,35.8,34.9,30.9,21.9,19.4,20.2,19.9,23.4,25.3,25.9,25.0,669.2,671.7,675.0,676.6,675.3,672.3,666.7,659.7,660.5,670.5,685.7,697.9,703.2,703.5,703.0,703.3,704.6,638.4,634.2,631.1,628.5,627.7,636.9,645.5,654.9,664.6,674.0,633.2,626.9,620.2,613.9,627.5,626.9,627.1,630.9,635.4,638.8,636.8,638.1,639.6,637.7,636.5,651.7,654.9,659.5,665.9,659.4,654.9,642.6,632.9,629.7,631.1,634.0,643.4,657.0,646.0,638.5,635.3,633.8,635.8,640.9,632.6,633.6,636.9,653.3,638.3,635.0,634.0,0.601,0.143,-0.281,0.06,269.406,181.341,-17.239,13.182,-8.832,18.061,6.016,-3.911,-2.669,0.762,2.913,-2.579,1.171,0.526,0.811,-1.48,-1.478,0.184,0.928,0.618,-1.395,-1.058,0.536,-0.49,-0.255,-0.73,-0.048,0.133,0.102,0.073,-0.077,-0.006,0.003,-0.001,-0.016,-0.009,0.54,0.31,0.0,0.86,0.0,0.0,0.0,0.0,0.0,0.09,0.0,0.0,0.0,0.0,0.27,0.39,0.0,1.0,1.0,0.0,1.0,0.0,0.0,0.0,0.0,0.0,0.0,0.0,0.0,0.0,0.0,1.0,1.0,1.0,0.0
PP133,g1,808,0,0.975,0.224548,0.158453,-0.961494,0.071371,0.151491,-0.985879,0.151,0.158,247.7,249.1,252.3,255.4,256.7,255.5,252.1,248.9,243.2,245.3,248.3,251.9,255.3,257.8,259.5,257.5,254.5,251.3,248.1,245.3,250.7,252.1,253.5,254.1,253.6,252.2,250.8,250.2,285.0,286.0,288.8,291.6,292.9,291.9,289.2,286.1,281.9,283.9,286.6,289.9,292.7,294.6,295.7,294.6,292.7,290.2,287.3,284.2,287.6,288.8,290.0,290.5,289.9,288.7,287.5,287.0,155.1,151.9,150.6,152.1,155.4,158.8,159.8,158.4,156.5,154.7,153.6,153.1,153.8,155.4,157.6,158.6,158.9,159.0,158.7,157.9,156.7,157.3,156.8,155.4,154.0,153.3,153.9,155.3,156.0,152.9,151.7,153.0,156.1,159.1,160.4,159.3,158.1,156.0,154.5,153.9,154.5,155.8,157.7,159.0,159.6,159.8,159.6,159.2,157.4,158.0,157.5,156.1,154.8,154.2,154.8,156.1,-3.1,-1.2,3.0,7.1,8.7,7.2,2.7,-1.4,-9.0,-6.1,-2.2,2.4,6.9,10.2,12.5,9.7,5.9,1.7,-2.5,-6.2,0.9,2.7,4.6,5.4,4.7,2.9,1.0,0.2,47.8,49.3,53.2,57.3,59.1,57.5,53.6,49.2,43.6,46.3,49.9,54.5,58.6,61.7,63.5,61.6,58.7,55.0,50.8,46.7,51.5,53.3,55.0,55.7,54.9,53.1,51.4,50.7,-42.3,-46.5,-48.2,-46.3,-42.0,-37.4,-36.1,-38.0,-40.7,-42.9,-44.2,-44.8,-43.9,-41.9,-39.2,-37.7,-37.2,-37.0,-37.5,-38.7,-40.2,-39.4,-40.1,-42.0,-43.9,-44.7,-44.0,-42.1,-43.0,-47.3,-49.2,-47.5,-43.3,-39.0,-37.1,-38.5,-40.2,-43.0,-45.0,-45.9,-45.3,-43.9,-41.5,-39.5,-38.3,-37.9,-38.1,-38.6,-41.2,-40.4,-41.2,-43.1,-45.0,-45.7,-44.9,-43.0,509.8,510.5,510.9,510.8,510.3,509.9,509.2,509.3,513.6,511.2,509.1,508.2,509.0,510.6,512.3,510.4,508.7,508.1,509.1,511.1,510.5,510.5,510.7,511.0,511.2,511.2,511.0,510.8,533.0,534.2,536.0,537.3,537.4,536.2,534.4,533.2,533.2,532.6,532.6,533.8,536.5,540.0,543.3,539.9,536.5,533.9,532.6,532.7,535.0,535.6,536.4,536.9,536.9,536.3,535.5,535.0,32.5,-10.6,643.8,0.142,-0.221,0.044,221.4,221.5,222.7,225.2,230.0,237.5,246.7,257.2,267.7,276.2,282.3,287.9,293.0,296.9,299.6,301.6,302.3,233.8,240.8,249.7,258.6,266.5,281.4,287.7,293.9,299.7,303.1,274.0,275.0,276.2,277.3,265.1,269.6,274.2,278.1,281.5,243.0,248.6,254.8,259.7,254.5,248.3,281.9,286.9,292.3,295.8,292.7,287.3,254.4,262.5,269.3,273.0,276.7,280.9,283.9,280.5,276.1,272.0,267.9,261.5,257.5,268.7,272.5,276.2,281.8,276.0,272.2,268.3,157.1,169.4,181.5,193.2,204.0,213.1,220.5,225.7,227.0,225.2,219.3,211.5,202.5,192.3,181.6,170.6,159.4,147.9,142.9,141.6,142.9,145.9,146.1,143.5,142.7,144.1,148.8,155.3,162.8,170.2,177.9,183.9,185.3,186.6,185.6,184.2,156.5,153.5,153.7,157.7,158.9,158.9,158.1,154.3,154.5,157.6,159.7,159.6,200.5,197.4,195.6,196.8,195.8,197.9,200.9,206.1,208.1,208.4,208.0,205.8,200.7,199.7,200.1,199.8,201.2,202.0,202.4,201.9,-48.9,-49.0,-47.1,-43.0,-34.5,-21.5,-5.7,12.2,29.9,44.9,56.5,67.6,77.4,84.5,89.4,93.0,94.4,-26.5,-15.0,-0.5,13.8,26.5,51.0,62.3,73.5,84.5,91.5,38.8,40.1,41.5,42.8,24.2,31.5,38.7,45.4,51.2,-11.4,-2.2,7.9,15.9,7.3,-2.8,53.2,61.8,71.4,78.0,71.9,62.4,7.2,20.3,31.1,37.1,43.3,50.8,56.8,50.2,42.5,35.7,29.0,18.7,12.3,30.2,36.4,42.6,53.0,42.4,36.0,29.7,-52.0,-31.1,-10.3,9.8,28.4,44.0,56.2,64.5,66.7,64.6,55.7,42.9,27.0,8.6,-10.7,-30.5,-50.6,-64.6,-72.3,-74.1,-71.6,-66.7,-67.4,-72.5,-75.1,-73.8,-66.6,-52.1,-39.6,-27.4,-15.1,-5.8,-3.5,-1.5,-3.1,-5.4,-50.7,-55.3,-55.1,-48.8,-46.6,-46.6,-49.0,-55.6,-55.6,-50.9,-46.8,-46.7,21.4,16.0,13.0,15.0,13.5,17.2,22.6,30.6,33.5,34.0,33.2,29.7,21.6,19.7,20.4,20.0,22.9,23.6,24.1,23.4,668.3,670.8,674.1,675.8,674.4,671.2,665.3,658.3,659.1,669.3,684.9,697.6,703.4,704.0,703.5,703.5,704.6,637.9,633.4,630.2,627.6,626.6,635.8,644.4,654.0,663.8,673.3,632.2,625.8,618.9,612.4,626.3,625.7,625.9,629.8,634.3,638.0,635.9,637.2,638.8,636.8,635.6,650.9,654.1,658.7,665.2,658.6,654.1,641.0,631.7,628.7,630.2,633.0,642.3,655.8,644.2,636.5,633.3,631.9,634.1,639.3,631.5,632.7,635.9,651.8,636.4,633.1,632.1,0.602,0.139,-0.287,0.053,269.613,180.948,-12.768,12.053,-11.725,18.654,5.656,-1.667,-3.308,0.717,3.196,-2.299,0.785,0.848,0.702,-1.915,-1.8,0.058,0.63,0.391,-1.209,-1.143,0.674,-0.935,-0.208,-0.6,-0.116,0.156,-0.002,0.05,-0.11,-0.008,-0.018,0.004,-0.011,-0.002,0.41,0.22,0.0,0.99,0.0,0.0,0.27,0.0,0.0,0.0,0.0,0.0,0.0,0.0,0.0,0.23,0.0,1.0,1.0,0.0,1.0,0.0,0.0,0.0,0.0,0.0,0.0,0.0,0.0,0.0,0.0,1.0,1.0,1.0,0.0
PP133,g1,814,0,0.975,0.223039,0.155304,-0.962359,0.068852,0.149365,-0.986382,0.149,0.155,247.1,248.5,251.7,254.9,256.1,255.0,251.5,248.3,242.6,244.7,247.7,251.3,254.7,257.3,259.0,256.9,254.0,250.8,247.6,244.7,250.2,251.5,253.0,253.6,253.0,251.6,250.2,249.6,284.5,285.6,288.3,291.2,292.5,291.5,288.8,285.6,281.5,283.5,286.2,289.4,292.3,294.2,295.3,294.2,292.3,289.8,286.9,283.8,287.1,288.4,289.6,290.1,289.5,288.2,287.0,286.6,154.8,151.6,150.3,151.7,155.0,158.5,159.5,158.1,156.2,154.4,153.3,152.8,153.5,155.0,157.2,158.2,158.6,158.7,158.4,157.6,156.4,157.0,156.4,155.0,153.6,153.0,153.5,154.9,155.4,152.4,151.1,152.4,155.5,158.6,159.8,158.8,157.6,155.5,154.0,153.4,154.0,155.2,157.1,158.4,159.0,159.2,159.0,158.6,156.9,157.5,156.9,155.6,154.2,153.7,154.2,155.6,-3.8,-2.0,2.2,6.4,8.0,6.5,2.0,-2.2,-9.7,-6.9,-3.0,1.6,6.1,9.5,11.8,9.0,5.2,1.0,-3.2,-6.9,0.2,2.0,3.9,4.6,3.9,2.1,0.3,-0.5,47.0,48.5,52.4,56.5,58.4,56.8,52.9,48.5,42.9,45.5,49.2,53.7,57.9,60.9,62.8,60.9,58.0,54.3,50.1,46.0,50.8,52.5,54.3,54.9,54.1,52.3,50.6,50.0,-42.6,-46.9,-48.6,-46.7,-42.4,-37.8,-36.5,-38.3,-41.0,-43.2,-44.5,-45.1,-44.2,-42.3,-39.7,-38.1,-37.6,-37.4,-37.9,-39.0,-40.6,-39.8,-40.5,-42.4,-44.3,-45.1,-44.3,-42.5,-43.6,-47.9,-49.8,-48.2,-44.0,-39.6,-37.8,-39.1,-40.8,-43.6,-45.6,-46.6,-46.0,-44.5,-42.2,-40.2,-39.0,-38.6,-38.7,-39.3,-41.8,-41.1,-41.9,-43.8,-45.6,-46.4,-45.5,-43.6,508.9,509.5,509.9,509.8,509.3,508.9,508.2,508.3,512.7,510.3,508.2,507.3,508.0,509.5,511.2,509.4,507.7,507.1,508.1,510.1,509.5,509.5,509.7,510.0,510.2,510.2,510.1,509.8,531.8,533.0,534.8,536.1,536.2,535.0,533.2,532.0,532.0,531.4,531.4,532.6,535.3,538.8,542.0,538.6,535.2,532.7,531.4,531.5,533.8,534.4,535.2,535.7,535.7,535.1,534.3,533.8,31.9,-11.4,643.7,0.139,-0.218,0.038,221.0,221.2,222.5,225.0,229.9,237.5,246.7,257.2,267.7,276.2,282.2,287.9,292.9,296.8,299.5,301.4,302.0,233.2,240.1,249.1,258.0,265.9,280.8,287.2,293.4,299.3,302.6,273.5,274.5,275.7,276.9,264.7,269.3,273.8,277.8,281.2,242.5,248.0,254.2,259.2,254.0,247.7,281.5,286.4,291.9,295.4,292.3,286.9,254.0,262.1,269.0,272.7,276.5,280.8,283.8,280.3,275.9,271.8,267.6,261.1,257.1,268.3,272.2,276.0,281.7,275.8,271.9,268.0,157.0,169.3,181.4,193.0,203.7,212.8,220.2,225.4,226.6,224.8,218.8,211.0,202.0,191.8,181.1,170.1,159.0,147.6,142.6,141.2,142.4,145.4,145.5,142.9,142.0,143.4,148.2,154.8,162.3,169.7,177.3,183.4,184.8,186.0,185.0,183.6,156.2,153.2,153.4,157.3,158.6,158.5,157.6,153.8,154.0,157.0,159.2,159.1,200.0,196.8,195.0,196.2,195.1,197.3,200.3,205.6,207.7,208.1,207.7,205.4,200.2,199.1,199.4,199.1,200.6,201.6,202.0,201.6,-49.6,-49.5,-47.5,-43.2,-34.7,-21.5,-5.7,12.1,29.9,44.9,56.5,67.6,77.3,84.3,89.1,92.5,93.8,-27.5,-16.0,-1.5,12.8,25.5,50.2,61.4,72.6,83.7,90.7,38.0,39.3,40.8,42.2,23.6,30.9,38.2,44.8,50.6,-12.3,-3.2,6.9,15.0,6.5,-3.7,52.4,61.0,70.6,77.3,71.3,61.7,6.6,19.6,30.5,36.6,42.9,50.6,56.7,50.0,42.1,35.3,28.4,18.0,11.6,29.6,35.9,42.3,52.9,42.0,35.5,29.1,-52.1,-31.3,-10.5,9.5,28.0,43.5,55.6,63.8,66.0,63.8,54.8,42.0,26.1,7.7,-11.5,-31.2,-51.3,-65.1,-72.9,-74.8,-72.4,-67.5,-68.3,-73.6,-76.2,-74.9,-67.8,-52.9,-40.4,-28.3,-16.0,-6.6,-4.3,-2.3,-4.1,-6.4,-51.2,-55.9,-55.7,-49.4,-47.2,-47.2,-49.8,-56.5,-56.5,-51.9,-47.8,-47.6,20.6,15.0,12.0,14.0,12.3,16.0,21.5,29.9,33.0,33.5,32.7,29.1,20.8,18.7,19.3,18.9,21.8,22.9,23.5,22.8,668.8,671.1,674.4,676.1,674.6,671.4,665.4,658.3,659.0,669.1,684.6,697.2,703.0,703.5,703.1,703.3,704.5,638.3,633.8,630.5,627.8,626.8,635.8,644.4,654.0,663.8,673.3,632.3,625.8,618.9,612.4,626.4,625.7,625.9,629.8,634.2,638.3,636.3,637.5,639.0,637.1,635.9,650.9,654.2,658.7,665.2,658.6,654.1,641.2,631.7,628.6,630.0,632.8,642.1,655.8,644.3,636.6,633.4,632.0,634.2,639.5,631.4,632.5,635.8,651.9,636.4,633.2,632.2,0.602,0.135,-0.283,0.047,269.279,180.477,-13.369,12.027,-10.619,18.609,5.976,-2.276,-3.6,1.282,3.026,-2.094,0.827,0.703,0.808,-1.638,-1.767,0.107,0.546,0.531,-1.254,-1.287,0.572,-0.883,-0.034,-0.498,-0.144,0.087,0.048,0.033,-0.098,-0.005,-0.014,0.006,-0.013,-0.006,0.25,0.11,0.0,0.49,0.0,0.0,0.17,0.0,0.0,0.0,0.0,0.0,0.0,0.0,0.0,0.18,0.0,1.0,1.0,0.0,0.0,0.0,0.0,0.0,0.0,0.0,0.0,0.0,0.0,0.0,0.0,1.0,1.0,1.0,0.0
PP133,g1,820,0,0.975,0.220281,0.162046,-0.961882,0.060202,0.158477,-0.985526,0.143,0.163,246.6,247.9,251.1,254.3,255.6,254.4,251.0,247.8,242.1,244.2,247.2,250.7,254.1,256.7,258.4,256.4,253.5,250.3,247.1,244.2,249.6,251.0,252.4,253.0,252.4,251.1,249.7,249.1,284.0,284.9,287.6,290.5,291.9,290.9,288.2,285.1,280.9,282.9,285.5,288.8,291.6,293.6,294.7,293.6,291.7,289.2,286.3,283.3,286.6,287.8,289.0,289.5,288.9,287.6,286.4,286.0,155.2,152.0,150.7,152.1,155.4,158.8,159.9,158.5,156.7,154.9,153.8,153.2,153.9,155.4,157.5,158.6,158.9,159.0,158.7,158.1,156.8,157.4,156.9,155.4,154.0,153.4,154.0,155.4,155.5,152.4,151.1,152.4,155.4,158.5,159.8,158.8,157.6,155.5,154.0,153.4,153.9,155.1,156.9,158.2,158.9,159.1,159.0,158.7,156.9,157.4,156.9,155.5,154.2,153.7,154.2,155.6,-4.5,-2.7,1.5,5.6,7.3,5.8,1.3,-2.8,-10.4,-7.6,-3.7,0.9,5.4,8.8,11.1,8.4,4.5,0.3,-3.8,-7.6,-0.5,1.3,3.2,4.0,3.2,1.4,-0.4,-1.2,46.6,48.0,51.9,56.1,58.0,56.5,52.6,48.2,42.5,45.1,48.7,53.3,57.5,60.6,62.5,60.6,57.6,54.0,49.8,45.6,50.4,52.2,53.9,54.5,53.7,51.9,50.2,49.6,-42.3,-46.6,-48.3,-46.5,-42.2,-37.6,-36.2,-38.0,-40.7,-42.8,-44.2,-44.8,-44.0,-42.1,-39.5,-38.0,-37.4,-37.2,-37.7,-38.7,-40.3,-39.5,-40.3,-42.1,-44.0,-44.8,-44.1,-42.2,-43.9,-48.3,-50.2,-48.6,-44.4,-40.1,-38.2,-39.4,-41.0,-43.8,-45.9,-46.9,-46.4,-45.0,-42.7,-40.7,-39.5,-39.0,-39.1,-39.6,-42.2,-41.5,-42.3,-44.2,-46.0,-46.7,-45.9,-44.0,512.6,513.3,513.7,513.6,513.0,512.5,511.9,512.0,516.4,514.0,511.9,511.0,511.8,513.3,514.9,513.1,511.3,510.8,511.7,513.8,513.2,513.2,513.4,513.7,514.0,514.0,513.8,513.5,536.2,537.4,539.2,540.4,540.4,539.2,537.5,536.4,536.5,535.9,535.8,536.9,539.6,543.0,546.2,542.9,539.5,537.0,535.8,535.9,538.2,538.7,539.5,540.0,540.0,539.4,538.7,538.2,31.4,-11.4,646.1,0.154,-0.211,0.029,220.6,221.0,222.4,225.1,230.1,237.7,246.9,257.4,267.9,276.4,282.4,288.1,293.2,297.1,299.7,301.3,301.7,232.8,239.6,248.3,257.2,265.1,280.2,286.5,292.7,298.5,301.9,272.9,273.9,275.1,276.3,264.3,268.9,273.4,277.4,280.8,242.0,247.5,253.6,258.6,253.4,247.2,280.9,285.8,291.3,294.9,291.7,286.3,253.4,261.4,268.5,272.3,276.2,280.7,283.7,280.2,275.4,271.2,266.9,260.2,256.4,268.0,271.9,275.8,281.5,275.3,271.4,267.3,157.3,169.5,181.6,193.1,203.7,212.8,220.1,225.3,226.5,224.5,218.3,210.5,201.5,191.4,180.8,169.9,158.9,148.0,142.9,141.4,142.6,145.5,145.4,142.7,141.7,143.0,147.7,155.0,162.3,169.5,177.0,183.1,184.5,185.7,184.6,183.1,156.7,153.7,153.8,157.7,158.9,158.9,157.7,153.8,153.9,156.9,159.0,159.0,199.9,196.2,194.3,195.5,194.4,196.5,199.8,206.1,208.8,209.3,208.9,206.2,200.0,198.4,198.7,198.4,200.1,202.6,203.2,202.8,-50.4,-50.1,-47.8,-43.3,-34.5,-21.2,-5.3,12.5,30.3,45.4,57.1,68.2,77.9,84.8,89.4,92.5,93.4,-28.2,-17.0,-2.7,11.6,24.3,49.3,60.4,71.6,82.5,89.6,37.2,38.5,39.9,41.4,23.0,30.3,37.6,44.3,50.2,-13.2,-4.1,6.0,14.2,5.6,-4.5,51.6,60.1,69.7,76.5,70.4,60.9,5.6,18.5,29.9,36.2,42.6,50.7,56.9,50.1,41.7,34.7,27.6,16.7,10.6,29.1,35.6,42.1,52.9,41.5,34.9,28.2,-51.8,-31.0,-10.3,9.7,28.1,43.7,55.8,64.1,66.3,63.7,54.2,41.2,25.2,7.0,-12.0,-31.7,-51.7,-64.6,-72.5,-74.5,-72.4,-67.5,-68.6,-74.1,-76.7,-75.7,-68.8,-52.7,-40.4,-28.6,-16.5,-7.0,-4.9,-2.9,-4.7,-7.1,-50.5,-55.2,-55.1,-48.9,-46.8,-46.7,-49.7,-56.5,-56.7,-52.2,-48.1,-47.8,20.4,14.2,11.0,12.9,11.2,14.9,20.8,30.9,34.9,35.6,34.8,30.5,20.6,17.6,18.2,17.8,21.2,24.8,25.6,24.9,670.8,673.3,676.7,678.5,677.4,674.6,669.1,662.3,662.9,672.5,687.2,698.9,703.9,704.0,703.4,704.1,705.6,639.6,635.3,631.8,628.9,627.9,637.0,645.6,655.1,664.9,674.3,633.6,627.4,620.9,614.7,628.6,628.1,628.1,631.8,636.0,640.0,637.8,639.1,640.5,638.8,637.6,652.2,655.4,659.9,666.4,659.8,655.4,644.8,634.6,630.8,632.2,635.0,644.7,658.9,648.4,640.8,637.8,636.3,638.4,643.3,633.9,634.9,638.1,655.4,640.5,637.3,636.2,0.6,0.148,-0.274,0.038,268.911,180.467,-18.375,12.754,-5.473,18.154,7.477,-6.716,-2.089,2.757,3.429,-1.518,0.443,0.536,0.958,-1.618,-2.098,0.422,0.88,0.771,-2.147,-0.982,0.623,-0.462,0.069,-0.576,-0.182,0.202,0.075,0.076,-0.072,0.016,-0.012,0.006,-0.016,-0.004,0.55,0.4,0.0,0.93,0.0,0.0,0.08,0.0,0.0,0.0,0.0,0.0,0.0,0.0,0.4,0.17,0.0,1.0,1.0,0.0,0.0,0.0,0.0,0.0,0.0,0.0,0.0,0.0,0.0,0.0,0.0,1.0,1.0,1.0,0.0
PP133,g1,826,0,0.975,0.221038,0.153349,-0.963134,0.06049,0.151475,-0.986609,0.143,0.155,246.0,247.3,250.5,253.7,255.0,253.9,250.5,247.3,241.5,243.6,246.6,250.1,253.6,256.1,257.9,255.8,252.9,249.7,246.5,243.6,249.1,250.5,251.9,252.4,251.9,250.5,249.1,248.5,283.5,284.4,287.1,290.1,291.4,290.5,287.8,284.6,280.5,282.4,285.0,288.3,291.2,293.1,294.3,293.2,291.3,288.8,285.8,282.8,286.1,287.4,288.6,289.0,288.4,287.1,285.9,285.5,155.3,152.1,150.7,152.1,155.4,158.8,159.9,158.5,156.8,155.0,153.8,153.2,153.9,155.4,157.5,158.6,158.9,159.0,158.8,158.1,156.8,157.4,156.9,155.4,154.0,153.4,154.0,155.4,155.3,152.3,151.0,152.2,155.2,158.3,159.6,158.6,157.5,155.4,153.9,153.2,153.7,154.9,156.7,158.0,158.7,159.0,158.8,158.5,156.7,157.3,156.7,155.4,154.0,153.5,154.1,155.4,-5.3,-3.5,0.7,4.9,6.5,5.1,0.6,-3.6,-11.2,-8.4,-4.5,0.1,4.7,8.1,10.4,7.6,3.8,-0.4,-4.6,-8.3,-1.2,0.6,2.4,3.2,2.5,0.6,-1.2,-2.0,45.9,47.3,51.2,55.3,57.2,55.8,51.9,47.4,41.8,44.4,48.0,52.5,56.7,59.9,61.8,59.9,56.9,53.2,49.1,44.9,49.7,51.5,53.2,53.8,53.0,51.2,49.5,48.8,-42.2,-46.5,-48.3,-46.4,-42.1,-37.5,-36.1,-37.9,-40.5,-42.7,-44.1,-44.7,-43.9,-42.1,-39.5,-37.9,-37.4,-37.1,-37.5,-38.6,-40.2,-39.4,-40.2,-42.1,-44.0,-44.8,-44.0,-42.1,-44.1,-48.4,-50.4,-48.8,-44.6,-40.3,-38.3,-39.6,-41.1,-44.0,-46.0,-47.1,-46.5,-45.2,-42.9,-40.9,-39.7,-39.2,-39.2,-39.7,-42.3,-41.6,-42.5,-44.4,-46.2,-46.9,-46.0,-44.1,511.6,512.4,512.8,512.7,512.1,511.6,510.9,511.1,515.4,513.1,511.0,510.1,510.8,512.3,514.0,512.2,510.4,509.9,510.8,512.9,512.3,512.3,512.5,512.8,513.0,513.1,512.9,512.6,535.3,536.5,538.2,539.4,539.5,538.3,536.6,535.4,535.6,534.9,534.9,536.0,538.6,542.0,545.3,541.9,538.5,536.0,534.8,535.0,537.2,537.8,538.5,539.1,539.0,538.5,537.8,537.2,30.9,-11.7,647.4,0.141,-0.21,0.022,220.3,220.7,222.2,224.9,229.9,237.5,246.8,257.3,267.8,276.3,282.3,287.9,293.0,296.8,299.3,301.0,301.4,232.2,238.9,247.7,256.6,264.5,279.6,285.9,292.1,298.0,301.5,272.3,273.3,274.5,275.7,263.8,268.4,273.0,277.0,280.4,241.4,246.9,253.1,258.1,252.9,246.7,280.4,285.3,290.8,294.4,291.3,285.8,253.3,261.2,268.2,272.1,276.0,280.5,283.5,280.1,275.4,271.2,266.9,260.2,256.3,267.7,271.7,275.6,281.4,275.2,271.2,267.2,157.8,169.9,181.9,193.3,203.8,212.8,219.9,225.0,226.2,224.2,218.2,210.5,201.5,191.3,180.7,169.7,158.6,148.2,143.0,141.5,142.6,145.4,145.2,142.5,141.6,142.9,147.6,154.9,162.2,169.4,176.9,183.0,184.3,185.5,184.4,182.9,156.7,153.7,153.8,157.6,158.9,158.9,157.6,153.7,153.8,156.7,158.8,158.9,199.7,196.0,194.0,195.2,194.1,196.2,199.5,205.5,208.0,208.5,208.1,205.6,199.8,198.1,198.5,198.1,199.8,201.9,202.4,202.0,-51.2,-50.7,-48.3,-43.7,-34.9,-21.6,-5.5,12.4,30.2,45.3,56.9,68.0,77.7,84.6,89.1,92.1,93.1,-29.3,-18.0,-3.7,10.7,23.4,48.4,59.6,70.8,81.9,89.1,36.2,37.6,39.1,40.6,22.3,29.7,37.0,43.8,49.6,-14.2,-5.1,5.0,13.3,4.7,-5.4,50.9,59.4,69.1,76.0,69.9,60.3,5.5,18.3,29.5,35.8,42.3,50.4,56.6,49.9,41.8,34.6,27.5,16.7,10.5,28.7,35.3,41.8,52.7,41.4,34.7,28.0,-51.2,-30.4,-9.7,10.1,28.4,43.7,55.6,63.7,65.7,63.2,54.0,41.2,25.3,6.9,-12.4,-32.2,-52.4,-64.6,-72.6,-74.7,-72.6,-67.9,-69.1,-74.6,-77.3,-76.1,-69.1,-53.1,-40.8,-28.8,-16.7,-7.3,-5.1,-3.2,-5.0,-7.4,-50.6,-55.4,-55.3,-49.2,-46.9,-46.8,-50.1,-56.9,-57.1,-52.7,-48.5,-48.1,20.2,13.9,10.6,12.5,10.7,14.4,20.3,29.9,33.7,34.3,33.6,29.6,20.3,17.3,17.8,17.3,20.7,23.6,24.3,23.7,672.8,675.1,678.2,679.9,678.7,675.7,669.9,662.8,663.4,673.2,688.2,700.3,705.6,706.1,705.6,706.3,707.8,642.1,637.7,634.2,631.3,630.1,638.8,647.3,656.8,666.6,676.0,635.6,629.4,622.7,616.5,630.2,629.6,629.7,633.4,637.7,642.3,640.1,641.3,642.6,640.9,639.8,653.9,657.2,661.6,668.0,661.5,657.1,645.8,635.7,632.1,633.4,636.2,645.8,659.7,648.9,641.2,638.2,636.8,639.0,644.2,635.1,636.0,639.2,656.1,641.1,637.9,636.9,0.598,0.136,-0.273,0.031,268.57,180.287,-16.173,10.991,-6.87,17.177,7.007,-5.621,-2.58,2.367,2.609,-2.132,0.481,0.074,1.064,-1.206,-1.787,0.377,0.784,0.573,-1.733,-1.014,0.567,-0.26,0.02,-0.757,-0.152,0.211,0.088,0.057,-0.058,0.003,0.0,-0.002,-0.014,-0.006,0.42,0.55,0.0,0.98,0.0,0.0,0.0,0.0,0.0,0.0,0.0,0.0,0.0,0.0,0.33,0.08,0.0,0.0,1.0,0.0,1.0,0.0,0.0,0.0,0.0,0.0,0.0,0.0,0.0,0.0,0.0,1.0,1.0,0.0,0.0
PP133,g1,832,0,0.925,0.221102,0.148413,-0.963892,0.060086,0.147726,-0.987201,0.143,0.151,245.4,246.8,249.9,253.1,254.4,253.3,249.9,246.7,241.0,243.1,246.0,249.5,253.0,255.6,257.3,255.3,252.4,249.1,246.0,243.1,248.5,249.9,251.3,251.9,251.3,249.9,248.5,247.9,282.9,283.8,286.5,289.4,290.8,289.9,287.2,284.0,279.9,281.8,284.4,287.7,290.5,292.5,293.7,292.6,290.7,288.2,285.3,282.2,285.5,286.8,288.0,288.4,287.8,286.5,285.3,284.9,155.3,152.1,150.8,152.1,155.4,158.8,159.9,158.5,156.9,155.1,153.8,153.3,153.9,155.4,157.5,158.6,158.9,159.1,158.8,158.2,156.9,157.5,156.9,155.5,154.1,153.5,154.0,155.4,155.2,152.1,150.8,152.0,155.0,158.1,159.4,158.5,157.4,155.3,153.7,153.0,153.6,154.7,156.6,157.8,158.5,158.8,158.7,158.4,156.6,157.1,156.5,155.2,153.9,153.3,153.9,155.3,-6.0,-4.3,-0.1,4.1,5.8,4.4,-0.1,-4.3,-11.9,-9.1,-5.2,-0.6,3.9,7.3,9.7,6.9,3.1,-1.1,-5.3,-9.1,-2.0,-0.1,1.7,2.5,1.7,-0.1,-1.9,-2.7,45.0,46.4,50.3,54.4,56.4,55.0,51.1,46.6,40.9,43.5,47.1,51.7,55.9,59.0,61.0,59.1,56.1,52.4,48.2,44.1,48.8,50.6,52.4,53.0,52.1,50.3,48.6,48.0,-42.2,-46.5,-48.3,-46.5,-42.2,-37.6,-36.1,-37.9,-40.4,-42.7,-44.1,-44.8,-44.0,-42.1,-39.5,-38.0,-37.4,-37.2,-37.5,-38.5,-40.2,-39.4,-40.2,-42.1,-44.0,-44.8,-44.0,-42.1,-44.2,-48.6,-50.6,-49.0,-44.8,-40.5,-38.5,-39.7,-41.3,-44.1,-46.2,-47.3,-46.8,-45.4,-43.2,-41.1,-40.0,-39.4,-39.5,-39.9,-42.5,-41.8,-42.7,-44.6,-46.4,-47.1,-46.2,-44.3,512.2,512.9,513.3,513.2,512.6,512.1,511.4,511.6,516.0,513.6,511.5,510.6,511.3,512.8,514.5,512.6,510.9,510.4,511.3,513.4,512.8,512.8,513.0,513.3,513.5,513.6,513.4,513.1,535.1,536.3,538.0,539.3,539.3,538.1,536.3,535.2,535.4,534.8,534.7,535.8,538.4,541.8,545.1,541.7,538.3,535.8,534.6,534.8,537.0,537.6,538.3,538.9,538.9,538.3,537.6,537.0,30.2,-11.9,648.5,0.135,-0.208,0.016,219.9,220.3,222.0,224.7,229.7,237.3,246.4,257.0,267.5,276.0,282.1,287.7,292.8,296.5,299.0,300.6,300.9,231.7,238.5,247.1,255.9,263.7,278.8,285.2,291.3,297.2,300.8,271.6,272.6,273.9,275.0,263.3,267.9,272.4,276.4,279.9,240.8,246.4,252.5,257.5,252.3,246.1,279.8,284.7,290.2,293.9,290.7,285.3,253.0,260.8,267.8,271.7,275.6,280.1,283.2,279.7,275.1,270.8,266.5,259.8,256.0,267.3,271.3,275.2,281.0,274.9,270.8,266.7,158.0,170.1,182.1,193.5,204.1,213.0,220.2,225.2,226.3,224.3,218.3,210.5,201.4,191.2,180.5,169.5,158.5,148.2,143.1,141.5,142.5,145.3,145.1,142.3,141.3,142.6,147.2,154.8,162.0,169.1,176.5,182.8,184.1,185.2,184.1,182.6,156.8,153.8,153.8,157.6,158.9,159.0,157.4,153.5,153.6,156.5,158.6,158.7,199.7,195.7,193.6,194.7,193.6,195.8,199.3,205.5,208.1,208.7,208.3,205.8,199.7,197.7,198.0,197.7,199.6,202.0,202.5,202.1,-51.9,-51.3,-48.8,-44.1,-35.3,-22.0,-6.1,11.9,29.8,44.9,56.6,67.7,77.3,84.1,88.5,91.5,92.3,-30.1,-18.9,-4.7,9.6,22.2,47.3,58.4,69.6,80.7,88.0,35.2,36.6,38.1,39.6,21.5,28.8,36.2,43.0,48.8,-15.1,-6.0,4.1,12.4,3.8,-6.3,50.0,58.5,68.2,75.1,69.0,59.4,4.9,17.6,28.8,35.2,41.7,49.9,56.1,49.5,41.3,34.1,26.9,16.0,9.9,28.1,34.7,41.3,52.2,40.9,34.1,27.3,-50.9,-30.0,-9.3,10.5,28.8,44.2,56.2,64.2,66.1,63.5,54.3,41.3,25.2,6.7,-12.6,-32.5,-52.6,-64.7,-72.7,-74.8,-72.9,-68.2,-69.6,-75.0,-77.8,-76.7,-69.7,-53.4,-41.2,-29.3,-17.3,-7.7,-5.5,-3.7,-5.6,-8.0,-50.5,-55.4,-55.4,-49.3,-47.0,-46.8,-50.4,-57.2,-57.5,-53.1,-48.9,-48.5,20.2,13.4,9.9,11.7,9.9,13.7,20.0,29.9,33.9,34.7,34.0,30.0,20.2,16.7,17.2,16.7,20.3,23.8,24.6,23.9,673.9,676.0,679.1,680.7,679.7,676.7,671.2,664.1,664.6,674.2,688.9,700.8,706.0,706.4,706.0,706.8,708.5,643.3,639.1,635.7,632.9,631.8,640.4,648.8,658.1,667.7,676.8,637.1,630.9,624.3,618.1,631.5,630.9,631.0,634.7,638.9,643.7,641.5,642.6,643.9,642.3,641.2,655.2,658.3,662.8,669.1,662.6,658.2,647.0,636.7,633.0,634.3,637.1,646.6,660.5,650.0,642.4,639.5,638.1,640.2,645.4,636.0,636.9,640.0,657.0,642.3,639.2,638.2,0.597,0.13,-0.27,0.025,268.105,180.204,-18.656,10.832,-6.107,17.324,6.133,-7.192,-1.954,2.463,2.227,-2.736,0.66,0.329,0.987,-0.91,-1.597,0.215,0.954,0.725,-1.669,-0.82,0.711,-0.138,-0.025,-0.88,-0.068,0.254,0.149,0.068,-0.049,-0.015,0.01,-0.007,-0.016,-0.007,0.67,0.6,0.0,0.83,0.0,0.0,0.0,0.0,0.0,0.0,0.0,0.0,0.0,0.0,0.44,0.0,0.0,1.0,1.0,0.0,1.0,0.0,0.0,0.0,0.0,0.0,0.0,0.0,0.0,0.0,0.0,1.0,1.0,0.0,0.0
PP133,g1,838,0,0.975,0.21539,0.154203,-0.964276,0.058159,0.153595,-0.986421,0.139,0.156,245.2,246.6,249.8,252.9,254.2,253.1,249.7,246.5,240.8,242.9,245.8,249.3,252.8,255.4,257.2,255.1,252.2,248.9,245.7,242.9,248.3,249.7,251.1,251.7,251.1,249.7,248.3,247.7,282.7,283.6,286.3,289.3,290.7,289.8,287.0,283.8,279.7,281.6,284.2,287.5,290.4,292.4,293.5,292.4,290.6,288.1,285.1,282.0,285.3,286.6,287.8,288.2,287.6,286.3,285.1,284.7,155.2,152.0,150.7,152.0,155.2,158.7,159.8,158.4,156.8,154.9,153.7,153.1,153.8,155.3,157.4,158.5,158.8,158.9,158.7,158.1,156.7,157.3,156.8,155.3,153.9,153.3,153.9,155.3,155.1,152.0,150.7,151.9,154.9,158.0,159.3,158.4,157.3,155.1,153.6,152.9,153.4,154.6,156.4,157.7,158.4,158.7,158.6,158.3,156.5,157.0,156.4,155.1,153.7,153.2,153.8,155.1,-6.3,-4.5,-0.3,3.8,5.5,4.1,-0.4,-4.5,-12.1,-9.3,-5.5,-0.9,3.6,7.1,9.4,6.7,2.8,-1.4,-5.6,-9.3,-2.2,-0.4,1.4,2.2,1.5,-0.4,-2.2,-3.0,44.6,46.0,49.9,54.0,55.9,54.5,50.6,46.2,40.5,43.1,46.7,51.2,55.4,58.5,60.5,58.6,55.7,52.0,47.8,43.6,48.4,50.2,51.9,52.5,51.7,49.9,48.1,47.5,-42.3,-46.6,-48.4,-46.6,-42.3,-37.7,-36.2,-38.0,-40.5,-42.8,-44.2,-44.9,-44.1,-42.2,-39.6,-38.0,-37.5,-37.3,-37.6,-38.6,-40.3,-39.5,-40.3,-42.2,-44.1,-44.8,-44.1,-42.2,-44.2,-48.6,-50.5,-49.0,-44.8,-40.5,-38.5,-39.7,-41.3,-44.1,-46.2,-47.3,-46.8,-45.4,-43.2,-41.1,-39.9,-39.4,-39.4,-39.8,-42.5,-41.8,-42.7,-44.6,-46.4,-47.1,-46.2,-44.3,511.5,512.2,512.6,512.4,511.8,511.3,510.6,510.8,515.3,513.0,510.8,509.9,510.6,512.0,513.6,511.8,510.1,509.6,510.6,512.7,512.1,512.0,512.2,512.5,512.8,512.9,512.7,512.4,532.9,534.1,535.8,537.1,537.1,535.9,534.2,533.0,533.2,532.5,532.5,533.6,536.2,539.7,542.9,539.5,536.1,533.6,532.5,532.6,534.8,535.4,536.1,536.7,536.7,536.1,535.4,534.8,29.6,-11.2,645.2,0.148,-0.204,0.018,219.8,220.2,221.8,224.7,229.8,237.4,246.4,256.8,267.2,275.7,281.8,287.4,292.5,296.3,298.9,300.5,300.8,231.7,238.4,247.0,255.7,263.4,278.8,285.1,291.2,297.1,300.6,271.4,272.5,273.6,274.8,263.1,267.6,272.1,276.2,279.5,240.7,246.1,252.3,257.3,252.1,245.9,279.6,284.5,290.0,293.7,290.5,285.1,252.6,260.3,267.5,271.3,275.1,279.8,282.7,279.3,274.5,270.2,265.9,259.2,255.6,266.9,270.9,274.7,280.5,274.3,270.3,266.2,157.8,170.1,182.3,193.9,204.6,213.8,221.2,226.3,227.5,225.3,219.0,210.9,201.7,191.4,180.7,169.6,158.5,148.1,142.9,141.4,142.4,145.2,145.0,142.2,141.3,142.5,147.1,154.7,162.0,169.2,176.7,182.9,184.3,185.4,184.3,182.8,156.7,153.6,153.7,157.5,158.8,158.8,157.3,153.4,153.4,156.4,158.6,158.6,200.3,196.1,193.9,195.1,194.0,196.2,200.0,206.8,209.7,210.3,209.9,207.1,200.4,198.1,198.4,198.1,200.3,203.4,204.0,203.6,-51.7,-51.3,-48.7,-43.9,-35.0,-21.8,-6.2,11.5,29.2,44.2,55.8,66.8,76.3,83.1,87.6,90.6,91.4,-29.9,-18.9,-4.9,9.1,21.5,46.9,57.9,69.0,79.9,87.0,34.7,36.0,37.5,39.0,21.0,28.3,35.6,42.3,48.1,-15.3,-6.3,3.8,12.0,3.4,-6.7,49.4,57.8,67.5,74.3,68.3,58.7,4.3,16.7,28.2,34.4,40.8,49.1,55.1,48.5,40.1,33.0,25.9,15.0,9.3,27.4,33.9,40.3,51.1,39.8,33.1,26.4,-50.9,-29.9,-9.0,11.1,29.7,45.3,57.6,65.8,67.8,65.0,55.3,41.8,25.5,7.0,-12.2,-32.1,-52.2,-64.5,-72.4,-74.5,-72.6,-67.9,-69.3,-74.7,-77.4,-76.4,-69.5,-53.2,-40.9,-29.1,-17.0,-7.3,-5.2,-3.3,-5.2,-7.7,-50.4,-55.3,-55.3,-49.1,-46.9,-46.7,-50.3,-57.1,-57.4,-52.9,-48.8,-48.4,21.2,14.0,10.4,12.2,10.5,14.4,21.0,32.1,36.5,37.2,36.5,32.0,21.2,17.3,17.7,17.3,21.4,26.0,26.9,26.2,669.3,672.1,675.6,677.6,676.5,673.7,668.5,661.9,662.4,671.6,685.6,696.8,701.2,701.1,700.2,700.8,702.2,638.7,634.7,631.4,628.7,627.8,636.7,645.0,654.0,663.4,672.2,633.0,626.9,620.5,614.4,627.9,627.4,627.5,631.1,635.3,639.5,637.4,638.6,639.8,638.3,637.3,651.1,654.1,658.5,664.8,658.4,654.1,644.3,633.7,629.9,631.1,633.8,643.4,657.2,647.7,640.7,637.8,636.3,638.1,642.8,633.1,633.9,636.9,654.0,640.2,637.2,636.2,0.6,0.143,-0.264,0.027,267.844,180.555,-25.601,13.025,-4.382,20.584,6.474,-8.861,-0.61,2.766,3.552,-3.232,1.128,0.191,1.336,-1.665,-1.735,0.391,1.393,0.97,-1.773,-0.718,0.706,-0.301,0.001,-0.711,-0.094,0.328,0.234,0.05,-0.048,-0.002,-0.001,-0.001,-0.017,0.0,0.62,0.21,0.0,0.79,0.0,0.0,0.0,0.0,0.0,0.0,0.0,0.0,0.0,0.0,0.74,0.0,0.0,1.0,1.0,0.0,1.0,0.0,0.0,0.0,0.0,0.0,0.0,0.0,0.0,0.0,0.0,1.0,1.0,0.0,0.0
PP133,g1,844,0,0.975,0.211674,0.157577,-0.964554,0.057252,0.154159,-0.986386,0.137,0.158,245.2,246.5,249.7,252.9,254.2,253.0,249.6,246.4,240.7,242.8,245.7,249.3,252.7,255.3,257.1,255.0,252.1,248.8,245.7,242.8,248.2,249.6,251.0,251.6,251.0,249.7,248.3,247.7,282.7,283.6,286.4,289.3,290.7,289.7,287.0,283.8,279.6,281.6,284.3,287.5,290.4,292.4,293.5,292.4,290.5,288.0,285.1,282.0,285.3,286.6,287.8,288.2,287.6,286.3,285.1,284.7,154.8,151.6,150.3,151.7,154.9,158.4,159.5,158.1,156.4,154.6,153.3,152.8,153.5,155.0,157.1,158.2,158.5,158.6,158.4,157.7,156.4,157.0,156.4,155.0,153.6,153.0,153.6,155.0,154.9,151.8,150.5,151.7,154.8,157.9,159.2,158.2,157.1,155.0,153.4,152.7,153.3,154.5,156.4,157.7,158.3,158.6,158.5,158.1,156.3,156.9,156.3,155.0,153.6,153.1,153.7,155.0,-6.4,-4.6,-0.4,3.8,5.4,4.0,-0.5,-4.7,-12.2,-9.4,-5.6,-1.0,3.6,7.0,9.3,6.5,2.7,-1.5,-5.7,-9.4,-2.3,-0.5,1.3,2.1,1.4,-0.5,-2.3,-3.1,44.4,45.8,49.7,53.8,55.7,54.3,50.4,46.0,40.3,42.9,46.5,51.0,55.2,58.3,60.3,58.4,55.4,51.7,47.6,43.4,48.2,50.0,51.7,52.3,51.5,49.7,48.0,47.3,-42.8,-47.1,-48.8,-47.0,-42.7,-38.1,-36.7,-38.5,-41.0,-43.3,-44.7,-45.4,-44.5,-42.6,-40.0,-38.5,-37.9,-37.7,-38.1,-39.1,-40.8,-40.0,-40.8,-42.6,-44.5,-45.3,-44.5,-42.7,-44.2,-48.6,-50.5,-49.0,-44.8,-40.4,-38.5,-39.8,-41.3,-44.1,-46.2,-47.3,-46.7,-45.4,-43.1,-41.0,-39.9,-39.3,-39.4,-39.9,-42.5,-41.8,-42.6,-44.5,-46.4,-47.0,-46.2,-44.3,512.0,512.7,513.1,512.9,512.3,511.8,511.2,511.3,515.9,513.5,511.3,510.4,511.1,512.5,514.1,512.3,510.6,510.1,511.1,513.3,512.6,512.5,512.7,513.0,513.3,513.4,513.2,512.9,530.6,531.8,533.6,534.8,534.9,533.6,531.9,530.7,530.8,530.3,530.2,531.3,534.0,537.5,540.7,537.3,533.9,531.4,530.2,530.3,532.6,533.1,533.9,534.4,534.4,533.9,533.1,532.6,29.1,-11.0,642.5,0.152,-0.199,0.024,219.7,220.0,221.6,224.4,229.5,237.1,246.0,256.2,266.5,275.1,281.3,287.0,292.2,296.1,298.7,300.4,300.8,231.4,238.1,246.9,255.7,263.5,278.8,285.2,291.4,297.3,300.7,271.4,272.4,273.6,274.7,262.9,267.4,271.9,276.0,279.4,240.6,246.1,252.2,257.2,252.0,245.8,279.6,284.5,290.0,293.7,290.5,285.1,252.1,259.9,267.0,270.8,274.6,279.2,282.3,278.6,273.8,269.6,265.4,258.7,255.1,266.5,270.4,274.2,280.1,273.7,269.8,265.8,157.5,169.9,182.2,194.0,204.8,214.0,221.4,226.7,227.9,225.8,219.4,211.3,201.9,191.6,180.8,169.6,158.3,148.0,142.8,141.3,142.3,145.2,145.0,142.3,141.3,142.6,147.4,154.5,162.0,169.4,177.1,183.1,184.5,185.8,184.6,183.1,156.4,153.2,153.4,157.2,158.5,158.5,157.2,153.2,153.3,156.3,158.5,158.5,200.1,196.5,194.5,195.7,194.6,196.7,200.0,206.8,209.5,210.0,209.6,206.7,200.3,198.5,198.8,198.5,200.4,203.3,203.9,203.5,-51.8,-51.5,-49.1,-44.3,-35.3,-22.2,-6.9,10.4,27.9,43.0,54.6,65.7,75.4,82.4,87.0,90.1,91.1,-30.3,-19.2,-5.0,9.2,21.6,46.7,57.8,69.1,80.1,87.0,34.6,35.8,37.3,38.7,20.6,27.8,35.1,41.8,47.5,-15.3,-6.4,3.7,11.8,3.3,-6.8,49.1,57.6,67.2,74.0,68.0,58.4,3.4,16.0,27.4,33.5,39.8,47.9,54.1,47.3,38.9,31.9,24.9,14.1,8.3,26.6,32.9,39.3,50.2,38.7,32.1,25.6,-51.3,-30.2,-9.1,11.2,29.9,45.6,57.9,66.2,68.2,65.6,55.8,42.2,25.8,7.3,-12.0,-32.0,-52.3,-64.4,-72.4,-74.5,-72.4,-67.6,-68.9,-74.3,-77.0,-75.9,-68.8,-53.2,-40.7,-28.6,-16.3,-7.0,-4.7,-2.8,-4.6,-7.1,-50.8,-55.7,-55.6,-49.4,-47.2,-47.1,-50.3,-57.1,-57.4,-52.8,-48.7,-48.3,20.8,14.5,11.3,13.2,11.5,15.2,21.0,31.8,36.0,36.6,35.8,31.3,21.0,17.8,18.3,17.9,21.5,25.9,26.7,25.9,667.5,670.2,673.7,675.6,674.2,671.4,666.1,659.4,659.7,668.8,682.8,693.9,698.4,698.4,697.8,698.3,699.5,636.9,632.5,629.1,626.1,625.0,633.7,641.9,651.1,660.6,669.9,630.1,623.8,617.2,610.9,625.1,624.2,624.2,627.9,632.2,637.0,635.0,636.1,637.3,635.7,634.7,648.2,651.3,655.5,661.7,655.4,651.2,642.2,632.0,628.0,629.2,631.9,641.3,654.9,645.1,638.1,635.2,633.8,635.8,640.6,631.0,631.8,634.9,651.7,637.7,634.7,633.8,0.603,0.147,-0.258,0.033,267.589,180.615,-25.052,13.293,-3.957,21.476,7.609,-5.216,-0.712,0.781,4.191,-2.941,1.099,0.457,1.031,-2.229,-1.479,0.007,0.989,1.084,-2.113,-0.397,0.456,-0.469,0.178,-0.295,0.041,0.191,0.23,-0.003,-0.073,0.001,-0.045,0.018,-0.004,0.007,0.38,0.14,0.0,0.6,0.0,0.0,0.0,0.0,0.0,0.0,0.0,0.0,0.0,0.0,0.58,0.15,0.0,0.0,1.0,0.0,0.0,0.0,0.0,0.0,0.0,0.0,0.0,0.0,0.0,0.0,0.0,1.0,1.0,1.0,0.0
PP133,g1,850,0,0.975,0.218193,0.15344,-0.963768,0.06469,0.148882,-0.986737,0.144,0.154,245.4,246.8,249.9,253.1,254.4,253.3,249.9,246.7,241.0,243.1,246.0,249.5,253.0,255.6,257.3,255.3,252.4,249.1,246.0,243.1,248.5,249.9,251.3,251.9,251.3,249.9,248.5,247.9,283.0,284.0,286.7,289.6,291.0,290.1,287.3,284.2,280.0,282.0,284.6,287.9,290.7,292.7,293.8,292.7,290.9,288.4,285.4,282.3,285.7,286.9,288.1,288.5,287.9,286.7,285.5,285.1,155.0,151.8,150.5,151.8,155.0,158.5,159.6,158.2,156.5,154.7,153.5,152.9,153.6,155.1,157.2,158.3,158.6,158.8,158.5,157.9,156.5,157.1,156.5,155.1,153.7,153.1,153.7,155.1,155.1,152.0,150.7,151.9,155.0,158.0,159.4,158.4,157.2,155.1,153.6,152.9,153.5,154.7,156.5,157.8,158.5,158.7,158.6,158.2,156.5,157.0,156.5,155.1,153.8,153.2,153.8,155.1,-6.0,-4.3,-0.1,4.1,5.8,4.3,-0.1,-4.3,-11.9,-9.1,-5.2,-0.6,3.9,7.3,9.7,6.9,3.1,-1.1,-5.3,-9.1,-1.9,-0.1,1.7,2.5,1.7,-0.1,-1.9,-2.7,45.0,46.4,50.3,54.4,56.3,54.9,51.0,46.5,40.9,43.5,47.1,51.7,55.8,58.9,60.8,58.9,56.0,52.3,48.2,44.0,48.8,50.5,52.3,52.9,52.1,50.3,48.5,47.9,-42.7,-47.0,-48.7,-46.9,-42.6,-38.0,-36.6,-38.4,-40.9,-43.2,-44.6,-45.2,-44.4,-42.6,-40.0,-38.4,-37.8,-37.6,-38.0,-39.0,-40.7,-39.9,-40.7,-42.6,-44.4,-45.2,-44.5,-42.6,-44.2,-48.5,-50.5,-48.9,-44.7,-40.3,-38.4,-39.7,-41.3,-44.1,-46.2,-47.2,-46.7,-45.3,-43.0,-40.9,-39.8,-39.2,-39.3,-39.8,-42.4,-41.7,-42.6,-44.4,-46.3,-47.0,-46.1,-44.2,512.7,513.4,513.8,513.7,513.1,512.7,512.1,512.2,516.6,514.2,512.1,511.1,511.9,513.4,515.0,513.2,511.5,511.0,511.9,514.0,513.4,513.4,513.5,513.8,514.1,514.1,513.9,513.7,532.0,533.3,535.0,536.3,536.3,535.1,533.3,532.2,532.2,531.6,531.6,532.8,535.5,538.9,542.2,538.8,535.4,532.8,531.6,531.7,534.0,534.6,535.3,535.9,535.8,535.3,534.5,534.0,29.7,-11.3,643.3,0.137,-0.21,0.025,220.0,220.2,221.7,224.3,229.2,236.7,245.8,256.3,266.8,275.4,281.5,287.1,292.2,296.1,298.6,300.4,300.9,231.5,238.3,247.1,255.9,263.8,279.1,285.5,291.7,297.6,301.2,271.7,272.8,274.1,275.3,263.2,267.8,272.4,276.4,279.8,240.9,246.3,252.5,257.5,252.3,246.1,280.0,284.9,290.4,294.0,290.8,285.4,252.5,260.7,267.5,271.3,275.2,279.6,282.9,279.3,274.8,270.6,266.4,259.8,255.6,267.0,270.9,274.8,280.8,274.6,270.7,266.7,157.7,169.9,182.0,193.5,204.2,213.3,220.6,225.9,227.1,225.2,219.1,211.3,202.1,191.8,180.9,169.7,158.4,148.1,143.0,141.5,142.6,145.4,145.3,142.5,141.5,142.8,147.5,154.6,162.2,169.7,177.5,183.5,185.0,186.2,185.0,183.5,156.5,153.4,153.5,157.3,158.6,158.7,157.3,153.4,153.5,156.5,158.6,158.6,200.0,197.0,195.3,196.5,195.4,197.2,199.9,205.3,207.5,207.9,207.6,205.3,200.2,199.2,199.6,199.2,200.3,201.5,202.1,201.7,-51.4,-51.1,-48.9,-44.6,-35.9,-22.8,-7.2,10.6,28.3,43.4,55.1,66.2,75.8,82.8,87.4,90.6,91.7,-30.3,-19.0,-4.7,9.5,22.2,47.3,58.5,69.7,80.8,87.9,35.1,36.5,38.1,39.6,21.2,28.5,35.9,42.6,48.4,-14.9,-6.0,4.1,12.3,3.8,-6.3,49.9,58.3,67.9,74.7,68.7,59.2,4.2,17.3,28.2,34.4,40.8,48.7,55.2,48.3,40.3,33.4,26.5,15.9,9.2,27.5,33.8,40.3,51.4,40.0,33.5,27.0,-50.9,-30.2,-9.5,10.4,28.8,44.4,56.5,64.6,66.7,64.4,55.3,42.4,26.2,7.6,-11.9,-31.9,-52.3,-64.4,-72.2,-74.2,-72.1,-67.5,-68.7,-74.1,-76.8,-75.7,-68.8,-53.2,-40.5,-28.1,-15.6,-6.4,-4.0,-2.1,-4.0,-6.5,-50.7,-55.6,-55.5,-49.4,-47.1,-46.9,-50.3,-57.0,-57.3,-52.7,-48.6,-48.3,20.6,15.4,12.6,14.5,12.8,16.0,20.8,29.3,32.5,33.1,32.4,28.9,20.8,18.9,19.6,19.0,21.3,22.9,23.6,22.9,668.7,671.0,674.2,675.9,674.4,671.3,665.4,658.0,658.3,668.1,683.5,696.0,701.9,702.6,702.2,702.1,703.3,638.9,634.1,630.7,627.7,626.5,635.2,643.4,652.8,662.3,671.6,631.6,625.0,618.1,611.6,626.1,625.1,625.1,629.0,633.5,638.5,636.4,637.5,638.9,637.0,636.0,650.0,653.1,657.4,663.6,657.2,653.0,641.8,632.3,629.0,630.3,633.0,642.3,655.8,644.1,636.3,633.2,631.9,634.4,640.0,631.6,632.6,635.8,652.0,636.3,633.1,632.3,0.602,0.133,-0.272,0.034,267.957,180.511,-15.745,9.751,-9.473,18.714,6.008,0.656,-3.781,0.774,3.372,-1.654,0.355,1.226,0.427,-2.369,-1.469,-0.199,0.109,0.827,-1.625,-1.11,0.537,-0.845,-0.067,-0.448,0.06,0.047,0.057,0.017,-0.106,-0.005,-0.044,0.018,0.001,0.002,0.17,0.19,0.0,0.19,0.0,0.0,0.16,0.0,0.0,0.0,0.0,0.0,0.0,0.0,0.0,0.32,0.0,0.0,1.0,0.0,0.0,0.0,0.0,0.0,0.0,0.0,0.0,0.0,0.0,0.0,0.0,1.0,1.0,1.0,0.0
PP133,g1,856,0,0.975,0.211977,0.161429,-0.96385,0.052467,0.156758,-0.986242,0.135,0.162,245.3,246.7,249.9,253.0,254.3,253.2,249.8,246.6,240.9,243.0,245.9,249.4,252.9,255.4,257.2,255.1,252.2,249.0,245.8,243.0,248.4,249.8,251.2,251.8,251.2,249.8,248.4,247.8,282.9,283.9,286.7,289.6,291.0,290.0,287.3,284.1,279.9,281.9,284.5,287.8,290.7,292.7,293.9,292.7,290.8,288.3,285.3,282.2,285.6,286.9,288.1,288.5,287.9,286.6,285.4,285.0,155.1,151.9,150.6,152.0,155.2,158.7,159.7,158.3,156.6,154.8,153.6,153.1,153.8,155.3,157.4,158.4,158.7,158.9,158.6,157.9,156.7,157.3,156.7,155.3,153.9,153.3,153.9,155.3,155.2,152.1,150.8,152.0,155.1,158.2,159.5,158.5,157.4,155.3,153.8,153.1,153.6,154.8,156.6,157.9,158.6,158.8,158.7,158.4,156.6,157.2,156.6,155.2,153.9,153.4,153.9,155.3,-6.1,-4.4,-0.2,4.0,5.7,4.2,-0.3,-4.5,-12.1,-9.2,-5.4,-0.7,3.8,7.2,9.5,6.7,2.9,-1.3,-5.5,-9.2,-2.1,-0.3,1.5,2.3,1.6,-0.2,-2.1,-2.9,44.8,46.2,50.1,54.3,56.2,54.8,50.8,46.4,40.7,43.3,46.9,51.5,55.7,58.8,60.8,58.9,55.9,52.2,48.0,43.9,48.6,50.4,52.2,52.8,51.9,50.1,48.4,47.8,-42.6,-46.8,-48.6,-46.8,-42.4,-37.9,-36.5,-38.3,-40.9,-43.0,-44.4,-45.1,-44.2,-42.4,-39.8,-38.2,-37.7,-37.5,-37.9,-38.9,-40.6,-39.8,-40.5,-42.4,-44.3,-45.1,-44.3,-42.4,-43.9,-48.2,-50.2,-48.6,-44.4,-40.1,-38.2,-39.4,-41.0,-43.8,-45.9,-46.9,-46.4,-45.0,-42.8,-40.7,-39.6,-39.0,-39.1,-39.6,-42.1,-41.5,-42.3,-44.2,-46.0,-46.7,-45.9,-44.0,513.3,514.0,514.4,514.2,513.6,513.2,512.5,512.7,517.1,514.7,512.6,511.7,512.4,513.9,515.5,513.7,512.0,511.5,512.4,514.5,513.9,513.9,514.0,514.3,514.6,514.7,514.5,514.2,531.6,532.8,534.5,535.7,535.7,534.5,532.8,531.7,531.8,531.2,531.1,532.2,534.8,538.3,541.5,538.1,534.7,532.3,531.1,531.2,533.5,534.0,534.8,535.3,535.3,534.7,534.0,533.5,29.6,-11.6,645.8,0.153,-0.195,0.025,219.8,220.2,221.7,224.2,229.2,236.8,245.9,256.4,266.9,275.5,281.7,287.5,292.7,296.5,299.1,300.7,301.2,231.3,238.1,246.9,255.8,263.8,278.9,285.4,291.7,297.7,301.2,271.6,272.6,273.8,274.9,262.9,267.5,272.1,276.2,279.7,240.8,246.2,252.4,257.4,252.2,246.0,279.9,284.8,290.3,294.0,290.8,285.3,251.8,260.0,267.1,270.9,275.0,279.6,283.0,279.2,274.5,270.1,265.7,259.0,254.8,266.5,270.6,274.6,280.8,274.3,270.2,266.1,157.3,169.5,181.6,193.1,203.7,212.8,220.1,225.3,226.5,224.5,218.3,210.4,201.3,191.1,180.5,169.5,158.3,148.3,143.2,141.8,142.9,145.8,145.6,142.8,141.8,143.1,147.7,154.9,162.4,169.8,177.5,183.4,184.8,186.0,184.9,183.4,156.6,153.6,153.7,157.5,158.7,158.8,157.5,153.6,153.6,156.6,158.7,158.7,199.4,196.4,194.7,195.9,194.8,196.6,199.3,205.2,207.7,208.2,207.8,205.3,199.6,198.6,199.0,198.6,199.7,201.7,202.3,201.8,-52.0,-51.6,-49.2,-44.8,-36.1,-22.9,-7.0,10.8,28.6,43.9,55.8,67.1,76.9,83.9,88.4,91.4,92.4,-30.7,-19.3,-5.0,9.4,22.1,47.1,58.4,69.7,81.0,88.3,35.0,36.3,37.7,39.1,20.7,28.1,35.5,42.3,48.3,-15.2,-6.1,3.9,12.1,3.6,-6.5,49.8,58.4,68.0,75.0,68.8,59.2,3.0,16.2,27.6,33.9,40.6,48.9,55.6,48.4,40.1,32.8,25.6,14.6,8.0,26.8,33.4,40.2,51.7,39.8,33.0,26.2,-52.0,-31.1,-10.3,9.7,28.2,43.7,55.9,64.0,66.1,63.6,54.1,41.0,25.0,6.6,-12.7,-32.5,-52.7,-64.4,-72.1,-74.1,-71.9,-67.1,-68.3,-73.8,-76.5,-75.5,-68.6,-52.9,-40.3,-28.0,-15.7,-6.7,-4.3,-2.3,-4.3,-6.7,-50.8,-55.5,-55.4,-49.3,-47.1,-46.9,-50.1,-56.9,-57.1,-52.7,-48.5,-48.2,19.7,14.4,11.7,13.6,11.8,15.0,20.0,29.4,33.1,33.7,33.0,29.0,20.0,18.0,18.7,18.1,20.5,23.2,24.1,23.3,672.8,675.2,678.5,680.3,678.9,675.7,669.7,662.1,662.2,671.8,686.9,698.8,704.0,704.2,703.5,703.7,704.9,641.5,636.5,632.8,629.6,628.1,636.6,644.8,654.0,663.6,673.1,633.4,627.1,620.3,614.1,628.8,627.8,627.7,631.4,635.7,641.0,638.7,639.7,641.1,639.3,638.4,651.8,654.8,659.0,665.2,658.9,654.8,645.7,635.5,631.6,632.9,635.6,645.1,659.0,647.7,639.8,636.7,635.5,638.3,643.9,634.4,635.3,638.5,655.4,639.7,636.5,635.7,0.6,0.148,-0.255,0.034,267.82,180.351,-15.486,11.491,-5.887,16.483,6.664,-1.338,-3.802,1.256,3.23,-1.473,0.45,0.91,0.672,-1.389,-1.912,0.255,0.526,1.024,-1.845,-1.112,0.475,-0.718,0.045,-0.366,-0.041,-0.046,0.081,0.016,-0.075,0.01,-0.02,0.015,-0.005,-0.008,0.33,0.02,0.0,0.74,0.0,0.0,0.11,0.0,0.0,0.0,0.0,0.0,0.0,0.0,0.19,0.45,0.0,1.0,1.0,0.0,1.0,0.0,0.0,0.0,0.0,0.0,0.0,0.0,0.0,0.0,0.0,1.0,1.0,1.0,0.0
PP133,g1,862,0,0.975,0.206039,0.157086,-0.965853,0.044205,0.15217,-0.987365,0.127,0.157,244.9,246.3,249.5,252.6,253.9,252.7,249.3,246.2,240.5,242.6,245.5,249.0,252.5,255.0,256.7,254.7,251.8,248.6,245.4,242.6,248.0,249.4,250.7,251.3,250.8,249.4,248.0,247.4,282.4,283.4,286.2,289.1,290.5,289.5,286.8,283.6,279.4,281.4,284.0,287.3,290.2,292.2,293.4,292.2,290.3,287.8,284.8,281.7,285.1,286.4,287.6,288.0,287.4,286.1,284.9,284.5,155.4,152.2,150.9,152.3,155.5,159.0,160.0,158.6,156.9,155.1,153.9,153.4,154.1,155.6,157.7,158.7,159.0,159.1,158.8,158.2,156.9,157.6,157.0,155.6,154.2,153.6,154.2,155.5,155.8,152.7,151.4,152.6,155.7,158.7,160.0,159.1,157.9,155.8,154.3,153.6,154.2,155.4,157.2,158.5,159.1,159.4,159.2,158.9,157.2,157.7,157.2,155.8,154.5,153.9,154.5,155.8,-6.7,-4.9,-0.7,3.5,5.1,3.6,-0.9,-5.0,-12.6,-9.8,-5.9,-1.3,3.2,6.6,8.9,6.2,2.3,-1.9,-6.1,-9.8,-2.7,-0.9,1.0,1.8,1.1,-0.8,-2.6,-3.4,44.3,45.7,49.7,53.8,55.7,54.3,50.3,45.9,40.2,42.8,46.4,51.0,55.2,58.4,60.3,58.4,55.4,51.7,47.5,43.3,48.1,49.9,51.7,52.3,51.5,49.6,47.9,47.3,-42.5,-46.8,-48.5,-46.6,-42.3,-37.7,-36.4,-38.2,-40.8,-43.0,-44.4,-45.0,-44.1,-42.2,-39.5,-38.1,-37.6,-37.4,-37.9,-38.9,-40.5,-39.6,-40.4,-42.3,-44.1,-45.0,-44.2,-42.3,-43.4,-47.7,-49.6,-48.0,-43.8,-39.5,-37.6,-38.9,-40.5,-43.3,-45.3,-46.3,-45.8,-44.4,-42.1,-40.1,-39.0,-38.5,-38.6,-39.0,-41.6,-40.9,-41.7,-43.6,-45.4,-46.1,-45.3,-43.4,516.6,517.4,517.8,517.6,516.9,516.4,515.8,515.9,520.4,518.1,516.0,515.0,515.7,517.2,518.8,516.9,515.2,514.7,515.7,517.8,517.2,517.1,517.3,517.7,518.0,518.0,517.9,517.5,533.7,535.0,536.6,537.8,537.8,536.5,534.8,533.8,534.0,533.4,533.3,534.3,536.9,540.3,543.5,540.1,536.8,534.3,533.2,533.3,535.6,536.1,536.8,537.4,537.4,536.9,536.2,535.6,28.6,-11.0,648.3,0.151,-0.185,0.03,219.6,219.9,221.4,224.0,229.0,236.4,245.4,255.7,266.1,274.8,281.1,287.0,292.3,296.2,298.8,300.4,300.9,231.3,238.0,246.6,255.3,263.1,278.6,285.0,291.2,297.2,300.7,271.1,272.0,273.0,274.0,262.1,266.7,271.3,275.4,278.9,240.4,245.9,252.0,256.9,251.7,245.6,279.3,284.3,289.8,293.5,290.2,284.8,250.8,258.8,266.1,270.1,274.1,278.9,282.3,278.4,273.3,268.9,264.5,257.6,253.7,265.6,269.7,273.7,280.1,273.2,269.1,264.9,157.6,169.9,182.0,193.5,204.2,213.3,220.7,225.9,227.2,225.2,219.0,211.2,202.1,191.9,181.3,170.3,159.2,148.3,143.3,141.8,142.9,145.8,145.7,143.1,142.2,143.6,148.2,155.2,162.6,169.8,177.4,183.2,184.6,185.9,184.8,183.3,156.8,153.8,154.0,157.8,159.0,159.0,158.0,154.1,154.2,157.2,159.2,159.2,199.4,195.9,194.2,195.4,194.3,196.4,199.5,206.3,209.1,209.5,209.1,206.1,199.6,198.1,198.5,198.1,199.9,203.0,203.6,203.1,-52.5,-52.2,-49.9,-45.4,-36.7,-23.5,-7.9,9.7,27.4,42.8,54.8,66.2,76.2,83.3,87.9,90.9,92.0,-30.9,-19.6,-5.5,8.6,21.1,46.8,58.0,69.3,80.4,87.6,34.3,35.4,36.6,37.9,19.6,26.9,34.4,41.2,47.2,-15.8,-6.8,3.2,11.4,2.8,-7.2,49.1,57.7,67.4,74.3,68.1,58.5,1.3,14.4,26.2,32.6,39.3,47.9,54.6,47.3,38.5,31.0,23.7,12.4,6.1,25.4,32.1,38.9,50.7,38.3,31.3,24.4,-51.7,-30.6,-9.6,10.5,29.2,44.8,57.1,65.4,67.6,65.0,55.5,42.4,26.3,8.0,-11.1,-31.0,-51.1,-64.5,-72.4,-74.3,-72.2,-67.3,-68.3,-73.7,-76.1,-74.9,-67.9,-52.6,-40.2,-28.2,-16.0,-7.0,-4.6,-2.6,-4.5,-6.9,-50.5,-55.3,-55.1,-48.9,-46.9,-46.8,-49.4,-56.1,-56.3,-51.8,-47.8,-47.5,19.7,13.8,10.9,12.8,11.2,14.7,20.4,31.3,35.5,36.1,35.3,30.6,20.0,17.2,17.9,17.4,20.9,25.6,26.4,25.6,675.6,677.9,680.9,682.5,681.2,678.2,672.5,665.1,665.2,674.2,688.6,699.7,704.2,704.2,703.5,704.2,705.9,643.9,639.5,635.8,632.5,631.0,639.4,647.6,656.6,666.0,675.0,636.1,629.8,623.2,617.1,631.4,630.4,630.2,633.9,638.0,643.8,641.6,642.6,643.7,642.1,641.2,654.1,657.1,661.2,667.2,660.9,656.9,649.2,638.3,634.0,635.1,637.8,647.5,661.7,651.1,643.4,640.5,639.3,642.0,647.6,636.8,637.6,640.6,658.5,643.4,640.3,639.5,0.597,0.146,-0.242,0.038,267.183,180.702,-22.64,12.646,-1.349,16.653,7.532,-5.041,-2.384,1.668,2.983,-1.925,0.456,0.569,0.875,-1.722,-1.931,0.473,1.178,1.406,-2.395,-0.631,0.399,-0.301,0.075,-0.481,-0.056,0.095,0.192,0.016,-0.053,0.019,-0.013,0.016,-0.009,-0.005,0.23,0.13,0.0,0.51,0.0,0.0,0.13,0.0,0.0,0.0,0.0,0.0,0.0,0.0,0.82,0.0,0.0,0.0,1.0,0.0,1.0,0.0,0.0,0.0,0.0,0.0,0.0,0.0,0.0,0.0,0.0,1.0,1.0,1.0,0.0
PP133,g1,868,0,0.975,0.216301,0.154836,-0.963971,0.055324,0.151853,-0.986854,0.138,0.156,244.7,246.1,249.3,252.4,253.7,252.6,249.2,246.0,240.3,242.4,245.3,248.8,252.3,254.9,256.6,254.6,251.7,248.4,245.3,242.4,247.8,249.2,250.6,251.2,250.6,249.2,247.8,247.2,282.3,283.2,286.0,288.9,290.3,289.4,286.6,283.4,279.3,281.2,283.9,287.1,290.0,292.0,293.2,292.1,290.2,287.6,284.7,281.6,285.0,286.2,287.4,287.8,287.2,286.0,284.8,284.3,155.6,152.4,151.1,152.4,155.7,159.1,160.2,158.8,157.1,155.3,154.1,153.6,154.2,155.7,157.8,158.9,159.2,159.3,159.1,158.4,157.1,157.7,157.2,155.8,154.3,153.8,154.3,155.7,155.6,152.6,151.2,152.5,155.5,158.6,159.9,158.9,157.8,155.7,154.2,153.5,154.1,155.2,157.0,158.3,159.0,159.2,159.1,158.8,157.1,157.6,157.0,155.7,154.3,153.8,154.4,155.7,-6.9,-5.2,-1.0,3.2,4.9,3.4,-1.0,-5.2,-12.8,-10.0,-6.1,-1.5,3.0,6.4,8.7,6.0,2.2,-2.0,-6.2,-10.0,-2.9,-1.1,0.8,1.5,0.8,-1.0,-2.9,-3.6,44.2,45.6,49.5,53.6,55.6,54.1,50.2,45.8,40.1,42.7,46.3,50.9,55.1,58.2,60.2,58.3,55.3,51.6,47.4,43.2,48.0,49.8,51.5,52.1,51.3,49.5,47.8,47.2,-42.0,-46.3,-48.0,-46.2,-41.9,-37.3,-35.9,-37.7,-40.3,-42.5,-43.8,-44.5,-43.7,-41.8,-39.2,-37.7,-37.2,-36.9,-37.3,-38.4,-40.0,-39.2,-40.0,-41.9,-43.7,-44.5,-43.8,-41.9,-43.6,-47.9,-49.9,-48.3,-44.1,-39.8,-37.8,-39.1,-40.7,-43.5,-45.5,-46.6,-46.0,-44.7,-42.4,-40.4,-39.3,-38.7,-38.8,-39.2,-41.8,-41.1,-42.0,-43.9,-45.7,-46.4,-45.5,-43.6,514.0,514.7,515.1,515.0,514.4,513.9,513.3,513.4,517.8,515.4,513.3,512.4,513.1,514.6,516.3,514.5,512.7,512.2,513.1,515.2,514.7,514.6,514.8,515.1,515.3,515.4,515.2,514.9,534.5,535.7,537.4,538.6,538.6,537.4,535.7,534.6,534.8,534.2,534.1,535.1,537.8,541.2,544.4,541.0,537.7,535.2,534.0,534.2,536.4,537.0,537.7,538.2,538.2,537.7,537.0,536.4,28.8,-11.1,646.9,0.142,-0.2,0.022,219.2,219.6,221.2,223.8,228.8,236.4,245.5,256.0,266.5,275.1,281.2,287.0,292.2,296.0,298.5,300.1,300.6,230.8,237.5,246.3,255.2,263.1,278.2,284.7,291.0,297.0,300.5,270.9,272.0,273.2,274.3,262.4,267.0,271.6,275.7,279.1,240.2,245.7,251.8,256.8,251.6,245.4,279.2,284.2,289.6,293.3,290.1,284.7,251.7,259.7,266.8,270.6,274.6,279.2,282.5,278.8,274.1,269.8,265.5,258.8,254.7,266.2,270.2,274.2,280.3,273.9,269.9,265.8,158.0,170.2,182.2,193.6,204.2,213.2,220.5,225.6,226.8,224.8,218.7,211.0,201.9,191.7,180.9,169.9,158.7,148.7,143.6,142.1,143.2,146.0,145.8,143.1,142.1,143.4,148.1,155.3,162.6,169.9,177.4,183.4,184.8,186.0,184.8,183.4,157.1,154.1,154.2,157.9,159.2,159.2,157.9,154.0,154.1,157.0,159.1,159.1,199.7,196.4,194.6,195.7,194.7,196.6,199.5,205.5,208.0,208.5,208.1,205.6,199.9,198.5,198.8,198.4,199.8,202.0,202.6,202.2,-53.1,-52.6,-50.1,-45.6,-36.8,-23.6,-7.7,10.2,28.0,43.2,55.0,66.3,76.1,83.1,87.6,90.6,91.5,-31.7,-20.4,-6.0,8.4,21.2,46.1,57.4,68.8,80.0,87.3,34.0,35.4,36.9,38.3,20.0,27.4,34.8,41.6,47.5,-16.2,-7.1,2.9,11.2,2.6,-7.5,48.9,57.4,67.0,74.0,67.8,58.3,2.8,15.8,27.1,33.4,40.0,48.2,54.8,47.8,39.6,32.4,25.3,14.3,7.7,26.4,32.9,39.6,50.9,39.2,32.5,25.7,-50.9,-30.0,-9.3,10.7,29.1,44.5,56.5,64.7,66.7,64.2,55.0,42.1,26.0,7.5,-11.9,-31.9,-52.1,-63.8,-71.7,-73.7,-71.6,-66.9,-68.1,-73.5,-76.2,-75.1,-68.1,-52.4,-40.0,-28.0,-15.8,-6.6,-4.3,-2.4,-4.3,-6.8,-50.1,-54.8,-54.7,-48.7,-46.5,-46.3,-49.6,-56.3,-56.5,-52.1,-48.0,-47.6,20.2,14.5,11.5,13.4,11.7,15.0,20.3,29.8,33.6,34.2,33.5,29.6,20.4,17.9,18.5,17.9,20.7,23.8,24.6,23.9,673.9,676.1,679.1,680.6,679.3,676.2,670.3,662.9,663.1,672.7,687.7,699.7,705.0,705.5,705.0,705.5,707.0,643.0,638.2,634.4,631.2,629.8,638.1,646.5,655.8,665.6,675.1,635.0,628.6,621.8,615.5,629.8,628.9,628.8,632.6,636.9,642.5,640.3,641.3,642.6,640.9,639.9,653.3,656.4,660.7,666.9,660.5,656.3,646.4,636.1,632.4,633.6,636.3,645.8,659.8,648.5,640.7,637.7,636.4,639.1,644.7,635.1,636.0,639.1,656.2,640.7,637.5,636.7,0.598,0.137,-0.259,0.03,267.328,180.639,-15.239,10.643,-5.266,16.478,6.643,-3.058,-3.121,1.317,3.038,-2.349,0.213,0.629,0.475,-1.651,-1.644,0.005,0.499,0.657,-1.959,-0.832,0.537,-0.449,-0.124,-0.626,-0.026,0.131,0.109,0.03,-0.071,0.008,-0.019,0.011,-0.004,-0.009,0.38,0.18,0.0,0.74,0.0,0.0,0.1,0.0,0.0,0.09,0.0,0.0,0.0,0.0,0.32,0.14,0.0,1.0,1.0,0.0,1.0,0.0,0.0,0.0,0.0,0.0,0.0,0.0,0.0,0.0,0.0,1.0,1.0,1.0,0.0
PP133,g1,874,0,0.975,0.216113,0.150071,-0.964766,0.056751,0.147,-0.987507,0.139,0.151,244.5,245.8,249.0,252.2,253.5,252.4,249.0,245.8,240.0,242.1,245.1,248.6,252.0,254.6,256.4,254.3,251.4,248.2,245.0,242.1,247.6,248.9,250.3,250.9,250.3,249.0,247.6,247.0,282.1,283.1,285.8,288.7,290.2,289.2,286.4,283.3,279.1,281.0,283.7,287.0,289.8,291.9,293.0,291.9,290.0,287.5,284.5,281.4,284.8,286.1,287.3,287.7,287.1,285.8,284.6,284.2,155.5,152.3,151.0,152.3,155.6,159.1,160.1,158.8,157.1,155.3,154.1,153.5,154.2,155.6,157.7,158.8,159.1,159.3,159.1,158.4,157.1,157.7,157.1,155.7,154.3,153.7,154.3,155.7,155.5,152.4,151.0,152.3,155.3,158.4,159.8,158.8,157.6,155.5,154.0,153.3,153.9,155.0,156.9,158.2,158.8,159.1,159.0,158.6,156.9,157.4,156.8,155.5,154.1,153.6,154.2,155.5,-7.3,-5.5,-1.3,2.8,4.6,3.1,-1.4,-5.5,-13.1,-10.4,-6.5,-1.9,2.7,6.1,8.4,5.7,1.9,-2.4,-6.5,-10.3,-3.2,-1.4,0.4,1.2,0.5,-1.4,-3.2,-4.0,43.7,45.1,49.0,53.2,55.1,53.7,49.7,45.3,39.6,42.2,45.8,50.4,54.6,57.7,59.7,57.8,54.8,51.1,46.9,42.8,47.5,49.3,51.0,51.7,50.8,49.0,47.3,46.7,-41.9,-46.2,-48.0,-46.2,-41.9,-37.3,-35.8,-37.6,-40.2,-42.3,-43.7,-44.4,-43.6,-41.8,-39.2,-37.7,-37.1,-36.8,-37.2,-38.2,-39.9,-39.1,-39.9,-41.8,-43.7,-44.5,-43.7,-41.8,-43.6,-47.9,-49.9,-48.3,-44.1,-39.8,-37.9,-39.1,-40.7,-43.5,-45.6,-46.6,-46.1,-44.7,-42.5,-40.5,-39.3,-38.7,-38.8,-39.3,-41.8,-41.1,-42.0,-43.9,-45.7,-46.4,-45.6,-43.7,512.0,512.7,513.1,513.0,512.4,512.0,511.4,511.5,515.9,513.5,511.4,510.4,511.2,512.7,514.3,512.5,510.8,510.3,511.2,513.3,512.7,512.7,512.8,513.1,513.4,513.4,513.3,513.0,531.8,533.0,534.7,536.0,536.0,534.8,533.1,532.0,532.1,531.5,531.4,532.5,535.1,538.5,541.8,538.4,535.0,532.5,531.4,531.5,533.8,534.3,535.0,535.6,535.6,535.0,534.3,533.8,28.7,-11.3,646.8,0.133,-0.199,0.017,219.0,219.4,221.0,223.7,228.7,236.4,245.6,256.2,266.7,275.3,281.4,287.1,292.2,295.9,298.4,300.0,300.4,230.4,237.2,246.0,254.9,262.9,278.0,284.4,290.7,296.7,300.4,270.7,271.8,273.0,274.2,262.3,266.9,271.5,275.6,279.0,239.9,245.4,251.5,256.6,251.4,245.2,279.0,284.0,289.5,293.2,290.0,284.5,251.8,259.9,266.7,270.6,274.5,279.1,282.5,278.8,274.3,270.0,265.7,259.1,254.8,266.2,270.2,274.2,280.4,274.0,270.0,266.0,158.2,170.3,182.3,193.7,204.2,213.2,220.3,225.3,226.4,224.4,218.4,210.7,201.7,191.5,180.8,169.8,158.6,148.8,143.7,142.1,143.2,146.0,145.8,143.0,142.0,143.3,147.9,155.1,162.5,169.9,177.5,183.6,184.9,186.1,185.0,183.5,157.0,154.0,154.1,157.8,159.1,159.2,157.7,153.8,153.9,156.8,159.0,159.0,199.7,196.6,194.9,196.0,194.9,196.7,199.5,204.8,207.0,207.5,207.2,205.0,199.9,198.8,199.2,198.7,199.8,201.1,201.6,201.2,-53.5,-52.9,-50.5,-45.9,-37.1,-23.6,-7.5,10.5,28.3,43.5,55.3,66.5,76.2,83.0,87.4,90.4,91.3,-32.3,-20.9,-6.5,7.9,20.7,45.7,57.0,68.4,79.7,87.1,33.7,35.1,36.6,38.1,19.8,27.2,34.7,41.4,47.3,-16.6,-7.6,2.5,10.8,2.2,-7.9,48.6,57.2,66.8,73.8,67.6,58.0,2.9,16.0,27.1,33.4,39.9,48.0,54.8,47.8,39.7,32.6,25.6,14.8,7.9,26.4,32.9,39.5,50.9,39.3,32.6,26.0,-50.7,-29.9,-9.1,10.8,29.1,44.4,56.2,64.1,65.9,63.5,54.4,41.6,25.7,7.3,-12.1,-32.0,-52.2,-63.8,-71.7,-73.8,-71.7,-67.0,-68.2,-73.7,-76.5,-75.4,-68.4,-52.7,-40.2,-28.0,-15.7,-6.4,-4.1,-2.2,-4.1,-6.6,-50.2,-55.0,-54.9,-48.9,-46.6,-46.4,-49.9,-56.6,-56.9,-52.4,-48.3,-47.9,20.3,14.9,11.9,13.8,12.0,15.3,20.2,28.7,32.0,32.6,32.0,28.6,20.5,18.4,19.0,18.4,20.7,22.2,23.0,22.4,674.8,676.9,679.9,681.4,679.8,676.3,669.9,662.0,662.3,672.1,687.6,700.1,705.8,706.5,706.0,706.1,707.4,643.8,638.8,635.1,631.9,630.3,638.5,646.8,656.1,665.8,675.2,635.4,628.9,622.0,615.5,630.0,629.1,629.0,632.8,637.1,643.1,640.8,641.8,643.1,641.3,640.4,653.8,656.9,661.1,667.3,660.9,656.7,645.9,635.9,632.4,633.6,636.3,645.6,659.4,647.5,639.5,636.4,635.3,638.1,644.1,635.1,636.0,639.1,655.6,639.6,636.4,635.6,0.598,0.129,-0.258,0.025,267.245,180.52,-11.481,10.479,-8.6,15.87,6.022,-0.44,-4.279,1.415,2.448,-2.142,0.347,0.82,0.503,-1.49,-1.668,0.148,0.216,0.815,-1.428,-1.166,0.538,-0.829,-0.032,-0.503,-0.105,0.039,0.067,0.005,-0.09,-0.004,-0.015,0.008,-0.009,-0.01,0.4,0.0,0.0,0.63,0.0,0.0,0.26,0.0,0.0,0.01,0.0,0.0,0.0,0.0,0.0,0.37,0.0,0.0,1.0,0.0,0.0,0.0,0.0,0.0,0.0,0.0,0.0,0.0,0.0,0.0,0.0,1.0,1.0,1.0,0.0
PP133,g1,880,0,0.975,0.214838,0.161865,-0.963143,0.053584,0.159301,-0.985775,0.137,0.163,244.7,246.0,249.2,252.4,253.7,252.5,249.1,246.0,240.3,242.3,245.3,248.8,252.2,254.8,256.6,254.5,251.6,248.4,245.2,242.4,247.8,249.1,250.5,251.1,250.6,249.2,247.8,247.2,282.3,283.2,286.0,288.9,290.3,289.4,286.7,283.5,279.3,281.2,283.9,287.1,290.0,292.0,293.2,292.1,290.2,287.7,284.7,281.6,285.0,286.3,287.5,287.9,287.2,286.0,284.8,284.4,155.8,152.6,151.3,152.7,155.9,159.4,160.4,159.1,157.4,155.6,154.4,153.8,154.5,156.0,158.1,159.1,159.4,159.6,159.3,158.7,157.4,158.0,157.4,156.0,154.6,154.0,154.6,156.0,155.7,152.6,151.3,152.5,155.5,158.6,160.0,159.0,157.9,155.8,154.3,153.6,154.1,155.2,157.0,158.3,159.0,159.3,159.2,158.9,157.1,157.7,157.1,155.7,154.4,153.8,154.4,155.8,-7.0,-5.2,-1.0,3.1,4.8,3.3,-1.1,-5.3,-12.9,-10.1,-6.2,-1.6,2.9,6.3,8.7,5.9,2.1,-2.1,-6.3,-10.1,-2.9,-1.1,0.7,1.5,0.7,-1.1,-2.9,-3.7,44.0,45.4,49.3,53.5,55.4,54.0,50.1,45.6,40.0,42.5,46.1,50.7,54.9,58.0,60.0,58.1,55.1,51.4,47.3,43.1,47.9,49.7,51.4,52.0,51.1,49.3,47.6,47.0,-41.6,-45.9,-47.7,-45.8,-41.5,-36.9,-35.5,-37.3,-39.9,-42.1,-43.5,-44.1,-43.3,-41.5,-38.9,-37.3,-36.8,-36.6,-37.0,-38.0,-39.6,-38.8,-39.6,-41.5,-43.4,-44.1,-43.4,-41.5,-43.3,-47.6,-49.6,-48.1,-43.9,-39.6,-37.6,-38.8,-40.4,-43.2,-45.3,-46.3,-45.8,-44.5,-42.3,-40.2,-39.1,-38.5,-38.5,-39.0,-41.6,-40.9,-41.7,-43.7,-45.5,-46.2,-45.3,-43.4,513.2,513.9,514.3,514.1,513.5,513.1,512.4,512.6,517.0,514.6,512.5,511.6,512.3,513.8,515.4,513.6,511.9,511.3,512.3,514.4,513.8,513.8,513.9,514.2,514.5,514.6,514.4,514.1,532.6,533.8,535.4,536.7,536.7,535.5,533.8,532.7,532.9,532.2,532.1,533.2,535.8,539.2,542.5,539.1,535.7,533.3,532.1,532.2,534.5,535.0,535.8,536.3,536.3,535.7,535.0,534.5,28.9,-10.9,646.5,0.157,-0.198,0.019,219.2,219.6,221.1,223.8,228.9,236.5,245.7,256.2,266.8,275.4,281.6,287.3,292.4,296.2,298.7,300.3,300.6,230.8,237.6,246.3,255.1,263.0,278.3,284.7,290.9,296.9,300.5,270.9,272.0,273.1,274.3,262.4,267.0,271.6,275.7,279.2,240.1,245.6,251.7,256.8,251.5,245.4,279.2,284.2,289.7,293.4,290.1,284.7,251.5,259.6,266.7,270.7,274.7,279.4,282.7,279.0,274.2,269.8,265.4,258.6,254.5,266.2,270.3,274.3,280.5,274.0,269.9,265.7,158.1,170.2,182.2,193.6,204.2,213.2,220.5,225.6,226.8,224.6,218.4,210.6,201.5,191.3,180.7,169.7,158.6,148.8,143.8,142.3,143.4,146.2,145.9,143.1,142.1,143.3,147.9,155.5,162.9,170.2,177.8,183.7,185.1,186.3,185.1,183.6,157.3,154.3,154.4,158.2,159.4,159.5,158.0,154.1,154.1,157.0,159.1,159.2,199.9,196.6,194.8,195.9,194.8,196.6,199.6,205.8,208.5,209.1,208.7,206.1,200.1,198.7,199.1,198.6,200.0,202.5,203.1,202.7,-53.1,-52.6,-50.2,-45.6,-36.8,-23.4,-7.3,10.6,28.5,43.7,55.6,66.8,76.5,83.4,87.8,90.6,91.4,-31.5,-20.2,-6.0,8.2,20.9,46.1,57.3,68.5,79.7,87.0,34.0,35.3,36.8,38.2,19.9,27.4,34.8,41.6,47.5,-16.2,-7.2,2.9,11.1,2.5,-7.5,48.8,57.3,67.0,73.9,67.7,58.2,2.5,15.6,27.0,33.5,40.2,48.6,55.2,48.2,39.7,32.4,25.1,14.0,7.5,26.3,33.0,39.8,51.2,39.4,32.5,25.6,-50.7,-29.9,-9.3,10.7,29.1,44.5,56.6,64.8,66.7,64.0,54.4,41.3,25.2,6.9,-12.3,-32.1,-52.1,-63.5,-71.2,-73.3,-71.2,-66.4,-67.8,-73.3,-76.1,-75.1,-68.3,-51.9,-39.5,-27.5,-15.2,-6.1,-3.8,-1.9,-3.9,-6.4,-49.6,-54.3,-54.3,-48.2,-46.0,-45.8,-49.3,-56.1,-56.4,-52.0,-47.9,-47.4,20.6,14.8,11.7,13.6,11.8,15.1,20.4,30.5,34.5,35.3,34.6,30.4,20.8,18.2,18.8,18.2,21.0,24.6,25.5,24.8,673.0,675.5,678.9,680.8,679.7,676.7,670.9,663.4,663.8,673.2,688.0,699.7,704.6,704.7,703.8,704.1,705.4,641.4,636.7,633.0,629.8,628.5,636.9,645.2,654.4,663.9,673.3,633.9,627.7,621.2,615.0,629.5,628.7,628.6,632.3,636.5,641.4,639.0,640.1,641.4,639.8,638.8,652.2,655.2,659.4,665.7,659.3,655.2,646.5,635.9,631.9,633.2,635.9,645.6,659.8,648.9,641.1,638.0,636.8,639.4,644.8,634.9,635.8,638.9,656.3,640.9,637.8,636.9,0.599,0.152,-0.256,0.028,267.36,180.773,-16.537,11.617,-4.659,16.092,6.608,-4.198,-3.049,2.449,2.638,-1.638,0.497,0.557,0.981,-1.43,-1.978,0.316,0.673,0.888,-1.765,-1.074,0.527,-0.355,-0.115,-0.589,-0.019,0.098,0.071,0.048,-0.067,0.01,-0.019,0.007,-0.01,-0.002,0.5,0.28,0.0,0.5,0.0,0.0,0.18,0.0,0.0,0.0,0.0,0.0,0.0,0.0,0.42,0.0,0.0,1.0,1.0,0.0,0.0,0.0,0.0,0.0,0.0,0.0,0.0,0.0,0.0,0.0,0.0,1.0,1.0,1.0,0.0
PP133,g1,886,0,0.975,0.211422,0.159721,-0.964256,0.048143,0.156664,-0.986478,0.132,0.161,245.1,246.4,249.6,252.8,254.1,252.9,249.5,246.4,240.7,242.8,245.7,249.2,252.6,255.2,256.9,254.9,252.0,248.8,245.6,242.8,248.2,249.5,250.9,251.5,251.0,249.6,248.2,247.6,282.6,283.6,286.3,289.3,290.7,289.7,287.0,283.8,279.6,281.6,284.2,287.5,290.4,292.4,293.6,292.5,290.5,288.0,285.0,282.0,285.3,286.6,287.8,288.2,287.6,286.3,285.1,284.7,156.0,152.8,151.5,152.9,156.1,159.6,160.6,159.2,157.6,155.8,154.6,154.0,154.7,156.2,158.3,159.3,159.6,159.7,159.5,158.8,157.6,158.2,157.6,156.2,154.8,154.2,154.8,156.2,156.2,153.1,151.7,153.0,156.0,159.1,160.4,159.5,158.3,156.2,154.7,154.0,154.6,155.7,157.6,158.8,159.5,159.7,159.6,159.3,157.6,158.1,157.5,156.2,154.8,154.3,154.9,156.2,-6.5,-4.7,-0.5,3.7,5.4,3.9,-0.6,-4.8,-12.4,-9.6,-5.7,-1.0,3.5,6.9,9.2,6.4,2.6,-1.6,-5.8,-9.6,-2.4,-0.6,1.2,2.0,1.3,-0.5,-2.4,-3.2,44.6,46.0,50.0,54.1,56.1,54.6,50.7,46.2,40.6,43.1,46.7,51.3,55.5,58.7,60.7,58.8,55.8,52.0,47.8,43.7,48.5,50.3,52.0,52.6,51.8,50.0,48.2,47.6,-41.5,-45.8,-47.5,-45.6,-41.3,-36.7,-35.4,-37.2,-39.7,-41.9,-43.3,-44.0,-43.1,-41.2,-38.6,-37.1,-36.6,-36.5,-36.8,-37.9,-39.5,-38.7,-39.4,-41.3,-43.2,-44.0,-43.2,-41.3,-42.9,-47.2,-49.2,-47.6,-43.4,-39.1,-37.1,-38.4,-39.9,-42.7,-44.8,-45.8,-45.3,-44.0,-41.7,-39.7,-38.5,-38.0,-38.1,-38.5,-41.1,-40.4,-41.2,-43.1,-45.0,-45.7,-44.8,-42.9,514.6,515.3,515.8,515.6,515.0,514.4,513.7,513.9,518.4,516.0,513.9,513.0,513.7,515.2,516.8,515.0,513.2,512.7,513.6,515.8,515.2,515.1,515.3,515.6,515.9,516.0,515.8,515.5,534.1,535.3,537.0,538.2,538.2,537.0,535.3,534.2,534.4,533.8,533.7,534.7,537.3,540.7,543.9,540.5,537.2,534.7,533.6,533.7,536.0,536.5,537.2,537.8,537.8,537.3,536.5,536.0,29.1,-10.1,645.8,0.156,-0.193,0.025,219.5,219.9,221.4,224.1,229.1,236.7,245.7,256.1,266.6,275.3,281.6,287.4,292.7,296.6,299.1,300.7,301.1,231.3,238.1,246.7,255.6,263.4,278.7,285.1,291.4,297.3,300.8,271.4,272.3,273.4,274.5,262.6,267.2,271.8,275.9,279.3,240.5,246.0,252.1,257.1,251.9,245.8,279.6,284.5,290.0,293.7,290.5,285.0,251.4,259.4,266.8,270.7,274.7,279.5,282.7,278.9,273.9,269.6,265.1,258.2,254.4,266.3,270.3,274.3,280.5,273.8,269.7,265.5,158.2,170.5,182.6,194.1,204.8,213.9,221.3,226.6,227.8,225.7,219.4,211.5,202.3,192.1,181.5,170.4,159.3,149.1,143.9,142.5,143.5,146.4,146.3,143.5,142.5,143.9,148.5,155.8,163.1,170.3,177.7,183.7,185.1,186.3,185.1,183.7,157.5,154.5,154.6,158.4,159.6,159.6,158.4,154.5,154.6,157.5,159.6,159.6,200.1,196.5,194.6,195.7,194.7,196.7,200.0,207.0,210.0,210.5,210.1,207.1,200.3,198.5,198.9,198.5,200.4,203.9,204.5,204.1,-52.5,-52.0,-49.6,-45.0,-36.2,-23.0,-7.3,10.4,28.2,43.5,55.5,66.8,76.7,83.7,88.2,91.1,92.0,-30.6,-19.4,-5.3,9.0,21.5,46.8,58.0,69.3,80.4,87.6,34.6,35.8,37.2,38.5,20.3,27.6,35.0,41.8,47.7,-15.6,-6.5,3.5,11.7,3.1,-6.9,49.3,57.8,67.5,74.4,68.2,58.7,2.4,15.3,27.1,33.5,40.1,48.7,55.2,48.0,39.3,32.0,24.7,13.4,7.2,26.4,33.0,39.7,51.2,39.1,32.2,25.3,-50.4,-29.4,-8.6,11.5,30.0,45.6,57.9,66.3,68.5,65.8,56.1,42.9,26.7,8.3,-10.9,-30.7,-50.8,-63.0,-70.9,-72.9,-70.8,-66.0,-67.2,-72.6,-75.3,-74.1,-67.2,-51.4,-39.2,-27.4,-15.4,-6.1,-3.9,-1.9,-3.8,-6.2,-49.2,-53.9,-53.8,-47.7,-45.6,-45.6,-48.5,-55.3,-55.5,-51.1,-47.0,-46.7,20.9,14.6,11.5,13.4,11.7,15.2,21.2,32.5,36.9,37.6,36.9,32.1,21.1,17.9,18.5,18.0,21.7,26.9,27.8,27.0,672.0,674.5,677.7,679.4,678.3,675.7,670.3,663.2,663.5,672.5,686.7,697.8,702.2,702.1,701.4,702.2,703.8,640.5,636.0,632.4,629.2,627.9,636.4,644.7,653.9,663.5,672.7,633.1,627.0,620.5,614.4,628.5,627.8,627.7,631.3,635.4,640.6,638.4,639.5,640.7,639.1,638.1,651.3,654.4,658.6,664.8,658.4,654.3,646.3,635.4,631.0,632.2,634.9,644.8,659.2,649.0,641.4,638.5,637.2,639.6,644.9,634.0,634.9,637.9,656.0,641.2,638.1,637.3,0.6,0.152,-0.251,0.034,267.544,181.229,-21.99,12.529,-0.656,17.055,7.28,-7.352,-1.562,1.974,3.59,-2.286,0.644,0.339,0.905,-1.694,-1.896,0.39,1.291,1.072,-2.411,-0.507,0.507,-0.194,0.066,-0.52,-0.005,0.188,0.194,0.038,-0.044,0.02,-0.013,0.008,-0.01,-0.003,0.59,0.42,0.0,0.77,0.0,0.0,0.31,0.0,0.0,0.0,0.0,0.0,0.0,0.0,0.92,0.0,0.0,1.0,1.0,0.0,0.0,0.0,0.0,0.0,0.0,0.0,0.0,0.0,0.0,0.0,0.0,1.0,1.0,0.0,0.0
PP133,g1,892,0,0.975,0.210028,0.161396,-0.964282,0.052,0.157839,-0.986095,0.134,0.162,245.4,246.7,249.9,253.1,254.4,253.2,249.8,246.7,241.0,243.1,246.0,249.5,252.9,255.5,257.3,255.2,252.3,249.1,245.9,243.0,248.5,249.8,251.2,251.8,251.3,249.9,248.5,247.9,283.0,284.0,286.7,289.7,291.1,290.1,287.4,284.2,280.0,281.9,284.6,287.9,290.8,292.8,293.9,292.8,290.9,288.4,285.4,282.3,285.7,287.0,288.2,288.6,288.0,286.7,285.5,285.1,156.2,153.0,151.7,153.1,156.3,159.8,160.8,159.4,157.8,155.9,154.7,154.2,154.9,156.4,158.5,159.5,159.8,159.9,159.7,159.0,157.8,158.4,157.8,156.4,155.0,154.4,155.0,156.4,156.4,153.3,152.0,153.2,156.3,159.4,160.7,159.7,158.6,156.5,154.9,154.2,154.8,156.0,157.8,159.1,159.8,160.0,159.9,159.6,157.8,158.3,157.8,156.4,155.1,154.5,155.1,156.5,-6.1,-4.3,-0.1,4.1,5.8,4.2,-0.2,-4.4,-12.0,-9.1,-5.3,-0.7,3.9,7.3,9.6,6.8,3.0,-1.2,-5.4,-9.2,-2.0,-0.2,1.6,2.4,1.7,-0.1,-2.0,-2.8,44.9,46.3,50.2,54.4,56.3,54.9,50.9,46.5,40.8,43.4,47.0,51.6,55.8,58.9,60.9,59.0,56.0,52.3,48.1,43.9,48.7,50.5,52.2,52.9,52.0,50.2,48.5,47.9,-41.1,-45.4,-47.1,-45.2,-40.9,-36.3,-35.0,-36.8,-39.3,-41.5,-42.9,-43.6,-42.7,-40.8,-38.2,-36.7,-36.2,-36.0,-36.4,-37.4,-39.1,-38.3,-39.0,-40.9,-42.8,-43.6,-42.8,-40.9,-42.3,-46.6,-48.6,-47.0,-42.8,-38.5,-36.6,-37.8,-39.4,-42.2,-44.3,-45.3,-44.8,-43.4,-41.1,-39.1,-38.0,-37.4,-37.5,-38.0,-40.5,-39.8,-40.7,-42.6,-44.4,-45.1,-44.3,-42.4,512.7,513.5,513.9,513.7,513.0,512.5,511.8,512.0,516.5,514.2,512.0,511.1,511.8,513.2,514.8,513.0,511.3,510.8,511.7,513.9,513.3,513.2,513.4,513.7,514.0,514.1,513.9,513.6,531.3,532.5,534.2,535.5,535.5,534.2,532.5,531.4,531.6,530.9,530.9,531.9,534.6,538.0,541.2,537.8,534.5,532.0,530.8,530.9,533.2,533.8,534.5,535.0,535.0,534.5,533.8,533.2,29.4,-9.0,641.4,0.16,-0.196,0.027,219.7,220.0,221.6,224.3,229.4,236.9,245.9,256.3,266.8,275.4,281.7,287.5,292.7,296.6,299.2,300.8,301.2,231.6,238.3,247.0,255.9,263.7,279.2,285.6,291.9,297.8,301.1,271.8,272.8,273.9,275.0,263.0,267.6,272.2,276.3,279.7,240.8,246.3,252.5,257.5,252.2,246.1,279.9,284.9,290.4,294.1,290.8,285.4,251.6,259.6,267.0,271.0,275.0,279.8,282.9,279.1,274.1,269.7,265.2,258.2,254.5,266.5,270.5,274.5,280.6,274.0,269.8,265.6,158.4,170.8,183.1,194.8,205.6,214.9,222.4,227.9,229.1,226.9,220.5,212.3,203.0,192.7,182.0,170.9,159.7,149.3,144.1,142.5,143.6,146.6,146.4,143.7,142.7,144.1,148.8,156.0,163.4,170.7,178.3,184.2,185.7,186.9,185.7,184.2,157.7,154.7,154.8,158.6,159.8,159.8,158.6,154.7,154.8,157.8,159.9,159.9,200.9,197.2,195.4,196.5,195.5,197.5,200.9,208.2,211.2,211.8,211.3,208.2,201.1,199.3,199.6,199.3,201.3,205.1,205.7,205.2,-51.7,-51.3,-48.9,-44.3,-35.5,-22.4,-7.0,10.6,28.3,43.5,55.3,66.5,76.2,83.2,87.7,90.7,91.5,-30.0,-18.9,-4.8,9.4,21.9,47.3,58.4,69.7,80.6,87.5,35.1,36.3,37.6,39.0,20.7,28.0,35.4,42.2,48.0,-15.0,-6.0,4.0,12.2,3.6,-6.4,49.5,58.1,67.7,74.5,68.4,58.9,2.6,15.4,27.3,33.7,40.3,48.8,55.1,48.1,39.3,32.0,24.7,13.4,7.4,26.6,33.2,39.8,51.1,39.1,32.2,25.4,-49.6,-28.6,-7.6,12.5,31.2,47.0,59.5,68.1,70.3,67.5,57.6,44.0,27.6,9.2,-9.9,-29.7,-49.7,-62.2,-70.1,-72.2,-70.1,-65.3,-66.4,-71.9,-74.5,-73.3,-66.3,-50.7,-38.4,-26.4,-14.3,-5.2,-2.9,-0.9,-2.8,-5.3,-48.5,-53.3,-53.1,-47.0,-45.0,-44.9,-47.8,-54.5,-54.7,-50.2,-46.2,-45.9,22.0,15.7,12.6,14.5,12.8,16.4,22.4,34.1,38.8,39.4,38.6,33.6,22.3,19.0,19.6,19.1,23.0,28.7,29.5,28.7,666.6,669.4,672.8,674.7,673.6,671.0,665.9,659.1,659.4,668.4,682.4,693.1,697.3,696.9,696.0,696.8,698.4,635.3,630.9,627.3,624.2,623.0,631.9,640.3,649.5,659.2,668.5,628.4,622.2,615.7,609.6,623.9,623.1,623.0,626.7,630.9,635.5,633.4,634.6,635.8,634.3,633.2,646.7,649.9,654.1,660.3,653.9,649.7,641.9,631.0,626.6,627.9,630.6,640.5,654.9,645.0,637.6,634.7,633.3,635.5,640.5,629.7,630.5,633.6,651.8,637.3,634.2,633.3,0.604,0.157,-0.255,0.036,267.804,181.823,-25.048,13.958,0.283,19.621,7.464,-7.431,-1.477,1.797,4.123,-2.316,0.694,0.16,1.084,-1.896,-1.662,0.246,1.332,1.262,-2.555,-0.503,0.4,-0.227,0.123,-0.52,0.005,0.218,0.254,0.028,-0.047,0.016,-0.029,0.017,-0.004,-0.003,0.49,0.3,0.0,1.07,0.0,0.0,0.27,0.0,0.0,0.0,0.0,0.0,0.0,0.0,1.08,0.0,0.0,1.0,1.0,0.0,0.0,0.0,0.0,0.0,0.0,0.0,0.0,0.0,0.0,0.0,0.0,1.0,1.0,1.0,0.0
PP133,g1,898,0,0.975,0.20951,0.163173,-0.964096,0.052323,0.15863,-0.985951,0.133,0.164,246.0,247.4,250.6,253.8,255.0,253.9,250.5,247.3,241.6,243.7,246.6,250.2,253.6,256.2,257.9,255.8,252.9,249.7,246.5,243.7,249.1,250.5,251.9,252.5,251.9,250.5,249.1,248.5,283.6,284.6,287.3,290.2,291.6,290.7,287.9,284.7,280.6,282.5,285.2,288.4,291.3,293.3,294.5,293.4,291.4,288.9,285.9,282.9,286.2,287.5,288.7,289.1,288.5,287.3,286.1,285.6,156.1,152.9,151.7,153.1,156.3,159.7,160.7,159.4,157.7,155.9,154.7,154.1,154.8,156.4,158.5,159.5,159.8,159.9,159.6,158.9,157.7,158.3,157.8,156.4,154.9,154.3,154.9,156.3,156.4,153.4,152.0,153.3,156.4,159.4,160.7,159.8,158.6,156.5,155.0,154.3,154.9,156.1,157.9,159.2,159.8,160.1,159.9,159.6,157.9,158.4,157.8,156.5,155.2,154.6,155.2,156.5,-5.2,-3.4,0.8,4.9,6.6,5.1,0.6,-3.5,-11.1,-8.3,-4.4,0.2,4.7,8.1,10.4,7.7,3.8,-0.4,-4.6,-8.3,-1.2,0.6,2.5,3.3,2.5,0.7,-1.1,-1.9,45.8,47.2,51.1,55.3,57.2,55.7,51.8,47.3,41.7,44.3,47.9,52.5,56.7,59.8,61.7,59.8,56.8,53.1,48.9,44.8,49.6,51.4,53.1,53.7,52.9,51.1,49.4,48.7,-41.3,-45.6,-47.3,-45.4,-41.1,-36.5,-35.2,-37.0,-39.6,-41.8,-43.2,-43.8,-42.9,-41.0,-38.4,-36.9,-36.4,-36.2,-36.7,-37.7,-39.3,-38.5,-39.2,-41.1,-43.0,-43.8,-43.0,-41.2,-42.3,-46.6,-48.6,-47.0,-42.8,-38.4,-36.5,-37.8,-39.4,-42.2,-44.3,-45.3,-44.7,-43.3,-41.1,-39.0,-37.9,-37.4,-37.5,-38.0,-40.5,-39.8,-40.7,-42.6,-44.4,-45.1,-44.2,-42.4,514.3,515.0,515.4,515.3,514.6,514.1,513.4,513.6,518.1,515.7,513.6,512.7,513.4,514.8,516.4,514.6,512.9,512.4,513.3,515.5,514.9,514.8,515.0,515.3,515.6,515.7,515.5,515.2,532.3,533.5,535.2,536.5,536.5,535.3,533.5,532.4,532.5,531.9,531.9,533.0,535.6,539.0,542.3,538.9,535.5,533.0,531.8,531.9,534.2,534.8,535.5,536.1,536.1,535.5,534.8,534.2,30.2,-9.1,641.8,0.159,-0.196,0.031,220.3,220.5,222.0,224.7,229.7,237.3,246.2,256.6,267.0,275.7,281.9,287.8,293.0,297.0,299.6,301.3,301.7,232.2,239.0,247.7,256.5,264.4,279.9,286.3,292.5,298.4,301.7,272.4,273.4,274.5,275.5,263.5,268.1,272.7,276.8,280.2,241.5,247.0,253.1,258.1,252.8,246.7,280.5,285.5,291.0,294.6,291.4,286.0,252.0,260.1,267.5,271.4,275.3,280.1,283.2,279.4,274.4,270.1,265.7,258.8,255.0,266.9,270.9,274.9,281.0,274.3,270.3,266.1,158.3,170.7,182.9,194.6,205.5,214.8,222.3,227.8,229.1,226.9,220.5,212.3,203.1,192.8,182.0,170.9,159.7,149.1,143.9,142.4,143.5,146.5,146.4,143.6,142.7,144.1,148.8,156.0,163.4,170.8,178.5,184.3,185.8,187.0,185.9,184.4,157.6,154.6,154.7,158.6,159.8,159.7,158.7,154.8,154.9,157.9,160.0,160.0,200.8,197.3,195.5,196.7,195.7,197.7,200.9,208.0,210.9,211.4,211.0,207.8,201.0,199.4,199.8,199.4,201.3,204.8,205.4,204.9,-50.8,-50.5,-48.3,-43.8,-35.0,-21.9,-6.4,11.1,28.8,44.0,55.8,67.1,76.9,83.9,88.5,91.6,92.6,-28.9,-17.8,-3.7,10.5,22.9,48.4,59.5,70.7,81.7,88.5,36.1,37.2,38.6,39.9,21.6,28.9,36.2,43.0,48.8,-13.9,-4.9,5.0,13.2,4.6,-5.3,50.5,59.1,68.6,75.4,69.3,59.8,3.4,16.3,28.1,34.4,40.9,49.4,55.7,48.6,39.9,32.6,25.5,14.3,8.2,27.3,33.8,40.4,51.8,39.7,32.9,26.2,-49.8,-28.8,-7.8,12.3,31.0,46.9,59.4,67.9,70.2,67.5,57.7,44.1,27.8,9.4,-9.7,-29.6,-49.6,-62.5,-70.4,-72.5,-70.3,-65.5,-66.6,-71.9,-74.5,-73.2,-66.2,-50.8,-38.3,-26.3,-14.1,-5.1,-2.8,-0.7,-2.6,-5.0,-48.7,-53.4,-53.3,-47.1,-45.1,-45.0,-47.8,-54.4,-54.6,-50.1,-46.1,-45.8,21.8,15.8,12.9,14.8,13.2,16.7,22.4,33.8,38.2,38.9,38.0,33.1,22.1,19.2,19.9,19.4,23.0,28.3,29.1,28.2,666.9,669.6,673.0,674.9,673.7,671.1,665.9,659.1,659.5,668.6,682.7,693.5,697.8,697.6,696.8,697.4,698.9,635.7,631.3,627.8,624.7,623.5,632.3,640.7,649.9,659.4,668.7,628.9,622.7,616.1,610.0,624.3,623.4,623.4,627.1,631.3,635.8,633.7,634.9,636.2,634.5,633.4,647.1,650.2,654.4,660.6,654.3,650.1,642.1,631.5,627.2,628.5,631.2,641.0,655.3,645.1,637.7,634.7,633.3,635.5,640.7,630.2,631.1,634.2,652.1,637.5,634.3,633.4,0.604,0.157,-0.256,0.04,268.289,181.8,-24.638,13.703,-0.855,19.155,7.54,-5.999,-1.511,1.314,3.619,-2.124,0.409,0.241,1.047,-2.281,-1.556,0.005,1.101,1.314,-2.563,-0.415,0.334,-0.361,0.166,-0.364,-0.046,0.235,0.224,0.002,-0.063,0.009,-0.04,0.019,-0.002,0.002,0.44,0.21,0.0,0.87,0.0,0.0,0.12,0.0,0.0,0.0,0.0,0.0,0.0,0.0,0.93,0.21,0.0,1.0,1.0,0.0,0.0,0.0,0.0,0.0,0.0,0.0,0.0,0.0,0.0,0.0,0.0,1.0,1.0,1.0,0.0
PP133,g1,904,0,0.975,0.213752,0.164251,-0.962981,0.056331,0.158833,-0.985697,0.138,0.164,246.8,248.2,251.4,254.5,255.7,254.6,251.2,248.1,242.4,244.5,247.4,250.9,254.3,256.9,258.6,256.5,253.7,250.5,247.3,244.5,249.9,251.2,252.6,253.2,252.7,251.3,249.9,249.3,284.2,285.1,287.8,290.7,292.1,291.1,288.4,285.3,281.2,283.1,285.7,289.0,291.8,293.8,294.9,293.8,291.9,289.4,286.5,283.5,286.8,288.0,289.2,289.7,289.1,287.8,286.6,286.2,156.0,152.8,151.6,153.0,156.2,159.6,160.6,159.2,157.5,155.7,154.5,154.0,154.7,156.2,158.3,159.3,159.6,159.7,159.5,158.8,157.6,158.2,157.6,156.2,154.8,154.2,154.8,156.2,156.4,153.3,152.0,153.3,156.3,159.4,160.7,159.7,158.5,156.4,155.0,154.3,154.9,156.1,157.9,159.1,159.8,160.0,159.9,159.5,157.8,158.3,157.8,156.4,155.1,154.6,155.1,156.5,-4.2,-2.4,1.8,6.0,7.6,6.1,1.6,-2.5,-10.1,-7.3,-3.4,1.2,5.7,9.1,11.4,8.7,4.8,0.6,-3.6,-7.3,-0.2,1.6,3.5,4.3,3.5,1.7,-0.1,-0.9,47.0,48.4,52.3,56.5,58.4,56.9,53.0,48.5,42.9,45.5,49.1,53.7,57.9,61.0,62.9,61.0,58.0,54.3,50.1,46.0,50.8,52.6,54.3,54.9,54.1,52.3,50.6,49.9,-41.8,-46.0,-47.8,-45.9,-41.6,-37.0,-35.6,-37.5,-40.1,-42.3,-43.6,-44.3,-43.4,-41.5,-38.8,-37.4,-36.9,-36.7,-37.1,-38.2,-39.8,-38.9,-39.7,-41.5,-43.4,-44.2,-43.5,-41.6,-42.8,-47.1,-49.0,-47.4,-43.2,-38.9,-37.0,-38.3,-39.9,-42.7,-44.7,-45.7,-45.2,-43.8,-41.5,-39.5,-38.4,-37.9,-38.0,-38.4,-41.0,-40.3,-41.1,-43.0,-44.8,-45.6,-44.7,-42.8,518.0,518.8,519.2,519.1,518.4,517.9,517.2,517.4,521.8,519.4,517.3,516.5,517.2,518.7,520.3,518.5,516.7,516.2,517.1,519.2,518.6,518.6,518.8,519.1,519.4,519.5,519.3,518.9,537.3,538.5,540.3,541.5,541.5,540.3,538.5,537.4,537.5,536.9,536.9,538.0,540.6,544.1,547.3,543.9,540.5,538.0,536.8,536.9,539.2,539.8,540.5,541.1,541.1,540.5,539.8,539.2,31.3,-9.6,644.1,0.158,-0.203,0.034,220.8,221.0,222.4,225.0,230.0,237.5,246.6,257.0,267.5,276.2,282.4,288.2,293.4,297.4,300.0,301.6,302.0,233.1,239.9,248.6,257.5,265.2,280.5,286.9,293.0,298.8,302.1,273.1,274.1,275.2,276.3,264.3,268.8,273.4,277.4,280.8,242.3,247.8,253.8,258.8,253.6,247.5,281.1,286.0,291.5,295.1,291.9,286.5,252.8,260.9,268.3,272.1,276.0,280.6,283.7,279.9,275.0,270.8,266.5,259.6,255.7,267.7,271.6,275.5,281.5,275.0,271.0,266.9,158.1,170.3,182.5,194.1,204.9,214.2,221.7,227.2,228.5,226.4,220.0,212.0,202.8,192.6,181.9,170.9,159.8,148.9,143.8,142.3,143.5,146.5,146.4,143.6,142.7,144.1,148.8,155.9,163.3,170.6,178.2,184.0,185.5,186.7,185.6,184.1,157.4,154.5,154.6,158.4,159.6,159.6,158.6,154.8,154.9,157.8,159.9,159.9,200.4,197.0,195.3,196.4,195.4,197.4,200.6,207.4,210.2,210.7,210.3,207.3,200.6,199.1,199.5,199.2,200.9,204.2,204.8,204.3,-50.0,-49.9,-47.7,-43.4,-34.6,-21.5,-5.9,11.9,29.7,45.0,56.9,68.2,77.9,84.9,89.5,92.5,93.5,-27.5,-16.3,-2.2,12.0,24.4,49.6,60.7,71.9,82.8,89.6,37.3,38.5,39.9,41.2,22.9,30.1,37.4,44.2,50.0,-12.6,-3.6,6.3,14.3,5.8,-4.1,51.7,60.2,69.8,76.5,70.4,61.0,4.6,17.7,29.4,35.6,42.1,50.4,56.7,49.6,41.0,33.9,26.8,15.7,9.4,28.6,35.1,41.6,52.8,40.9,34.2,27.5,-50.4,-29.5,-8.7,11.5,30.1,46.0,58.5,67.1,69.5,66.8,57.1,43.7,27.4,9.1,-10.0,-29.8,-49.8,-63.1,-70.9,-72.9,-70.7,-65.8,-66.8,-72.2,-74.8,-73.6,-66.6,-51.1,-38.8,-26.8,-14.6,-5.6,-3.2,-1.2,-3.0,-5.5,-49.1,-53.8,-53.6,-47.5,-45.5,-45.4,-48.1,-54.7,-54.9,-50.4,-46.4,-46.1,21.2,15.4,12.5,14.4,12.8,16.3,22.0,33.0,37.2,37.8,37.0,32.2,21.5,18.8,19.5,19.0,22.5,27.4,28.1,27.3,668.9,671.5,674.8,676.6,675.4,672.8,667.6,660.8,661.4,670.8,685.2,696.3,700.8,700.8,700.0,700.6,702.0,637.6,633.3,630.0,627.1,626.1,634.9,643.3,652.6,662.3,671.6,631.4,625.2,618.6,612.5,626.5,625.8,625.9,629.6,633.9,637.9,635.9,637.1,638.5,636.8,635.6,649.8,652.9,657.2,663.4,657.1,652.8,643.9,633.5,629.4,630.8,633.6,643.4,657.7,647.2,639.6,636.5,635.1,637.3,642.5,632.3,633.3,636.4,654.4,639.4,636.2,635.2,0.601,0.154,-0.265,0.044,268.897,181.52,-22.739,13.522,-1.943,17.856,6.828,-5.846,-1.458,1.415,3.481,-1.757,0.431,0.331,0.403,-2.539,-1.54,0.087,0.93,1.339,-2.547,-0.306,0.336,-0.306,0.274,-0.339,0.003,0.211,0.211,-0.006,-0.067,0.013,-0.036,0.015,-0.005,-0.001,0.05,0.11,0.0,0.62,0.0,0.0,0.25,0.0,0.0,0.0,0.0,0.0,0.0,0.0,0.83,0.07,0.0,0.0,1.0,0.0,0.0,0.0,0.0,0.0,0.0,0.0,0.0,0.0,0.0,0.0,0.0,1.0,1.0,0.0,0.0
PP133,g1,910,0,0.975,0.218541,0.152274,-0.963874,0.057765,0.148207,-0.987268,0.141,0.153,246.6,247.9,251.1,254.3,255.5,254.4,251.1,247.9,242.2,244.3,247.2,250.7,254.1,256.7,258.4,256.4,253.5,250.3,247.1,244.3,249.7,251.0,252.4,253.0,252.4,251.1,249.7,249.1,284.0,284.9,287.6,290.5,291.9,291.0,288.3,285.1,281.0,282.9,285.5,288.8,291.6,293.6,294.7,293.6,291.8,289.3,286.3,283.3,286.6,287.9,289.1,289.5,288.9,287.6,286.4,286.0,155.8,152.6,151.3,152.7,155.9,159.3,160.4,159.0,157.3,155.5,154.4,153.8,154.5,156.0,158.0,159.1,159.4,159.5,159.3,158.6,157.3,157.9,157.4,156.0,154.6,154.0,154.5,155.9,156.0,152.9,151.6,152.8,155.8,158.9,160.2,159.2,158.1,156.0,154.5,153.8,154.4,155.6,157.4,158.7,159.3,159.5,159.4,159.1,157.4,157.9,157.3,156.0,154.7,154.1,154.7,156.0,-4.5,-2.7,1.5,5.6,7.3,5.9,1.4,-2.8,-10.4,-7.6,-3.7,0.9,5.5,8.8,11.2,8.4,4.6,0.4,-3.8,-7.6,-0.4,1.4,3.2,4.0,3.2,1.4,-0.4,-1.2,46.8,48.2,52.2,56.3,58.2,56.8,52.9,48.4,42.7,45.4,49.0,53.5,57.7,60.8,62.8,60.9,57.9,54.2,50.0,45.9,50.6,52.5,54.2,54.8,54.0,52.1,50.4,49.8,-42.0,-46.2,-48.0,-46.2,-41.9,-37.3,-35.9,-37.7,-40.2,-42.4,-43.8,-44.5,-43.7,-41.8,-39.2,-37.7,-37.1,-36.9,-37.3,-38.3,-40.0,-39.2,-39.9,-41.8,-43.7,-44.5,-43.7,-41.8,-43.5,-47.8,-49.8,-48.2,-44.0,-39.7,-37.7,-39.0,-40.6,-43.4,-45.5,-46.5,-45.9,-44.6,-42.3,-40.3,-39.1,-38.6,-38.7,-39.1,-41.7,-41.0,-41.9,-43.8,-45.6,-46.3,-45.4,-43.5,517.0,517.7,518.2,518.1,517.5,516.9,516.2,516.4,520.7,518.4,516.3,515.5,516.2,517.7,519.4,517.5,515.7,515.2,516.1,518.2,517.7,517.6,517.8,518.1,518.4,518.5,518.3,517.9,538.6,539.9,541.6,542.8,542.8,541.6,539.8,538.7,538.9,538.3,538.2,539.3,542.0,545.4,548.6,545.2,541.8,539.3,538.1,538.2,540.6,541.1,541.8,542.4,542.4,541.9,541.1,540.6,31.6,-10.7,646.7,0.139,-0.207,0.025,220.6,221.0,222.5,225.2,230.2,237.8,247.0,257.6,268.1,276.7,282.7,288.4,293.6,297.4,299.9,301.4,301.9,232.7,239.4,248.2,257.1,265.0,280.2,286.5,292.7,298.5,302.0,272.9,273.9,275.1,276.3,264.4,268.9,273.5,277.5,280.9,242.0,247.5,253.6,258.6,253.4,247.3,280.9,285.8,291.2,294.9,291.7,286.3,253.3,261.4,268.6,272.4,276.3,280.8,284.0,280.4,275.7,271.5,267.2,260.4,256.2,268.1,272.0,275.9,281.9,275.5,271.5,267.5,158.3,170.4,182.4,193.9,204.5,213.5,220.8,226.0,227.2,225.2,219.2,211.5,202.4,192.3,181.6,170.6,159.6,148.9,143.7,142.1,143.2,146.1,146.0,143.2,142.3,143.7,148.4,155.5,162.8,170.0,177.5,183.5,184.9,186.1,184.9,183.4,157.3,154.3,154.4,158.1,159.4,159.4,158.2,154.3,154.4,157.4,159.4,159.4,199.7,196.4,194.6,195.7,194.7,196.6,199.6,206.0,208.6,209.1,208.7,206.0,199.9,198.4,198.8,198.4,200.0,202.7,203.2,202.8,-50.6,-50.1,-47.7,-43.2,-34.4,-21.1,-5.1,12.9,30.7,45.9,57.6,68.8,78.6,85.5,90.0,92.9,93.9,-28.4,-17.3,-3.0,11.4,24.1,49.4,60.5,71.8,82.8,89.9,37.1,38.5,40.0,41.5,23.1,30.5,37.9,44.6,50.4,-13.1,-4.0,6.0,14.1,5.6,-4.4,51.7,60.2,69.8,76.7,70.5,61.1,5.4,18.6,30.1,36.3,42.8,51.0,57.5,50.5,42.1,35.0,28.0,16.9,10.3,29.4,35.8,42.3,53.6,41.8,35.2,28.5,-50.3,-29.5,-8.8,11.1,29.4,44.9,57.0,65.3,67.4,64.9,55.7,42.9,27.0,8.6,-10.6,-30.5,-50.6,-63.4,-71.5,-73.6,-71.6,-66.7,-67.9,-73.3,-76.0,-74.8,-67.7,-52.1,-39.8,-27.9,-15.8,-6.5,-4.3,-2.3,-4.2,-6.6,-49.7,-54.4,-54.3,-48.3,-46.1,-46.0,-49.1,-55.8,-56.0,-51.5,-47.5,-47.2,20.2,14.4,11.5,13.3,11.7,15.1,20.5,30.7,34.6,35.2,34.5,30.3,20.4,17.8,18.4,17.8,21.0,24.9,25.7,25.0,672.8,674.8,677.6,679.0,677.7,674.8,669.2,662.1,662.7,672.3,687.3,699.2,704.6,705.1,704.9,705.7,707.4,641.8,637.4,633.9,630.9,629.6,638.3,646.8,656.3,666.2,675.6,634.8,628.5,621.7,615.3,629.3,628.6,628.6,632.3,636.7,641.6,639.6,640.8,642.1,640.3,639.2,653.3,656.6,661.0,667.2,660.7,656.4,645.9,635.7,631.9,633.2,636.0,645.7,660.0,648.7,640.8,637.7,636.4,638.8,644.4,634.6,635.6,638.7,656.5,640.9,637.7,636.7,0.599,0.134,-0.271,0.034,268.998,180.897,-17.055,11.254,-3.499,16.094,7.166,-4.436,-2.212,2.104,3.192,-1.787,-0.081,0.481,0.478,-2.247,-1.393,-0.072,0.682,1.151,-2.441,-0.308,0.498,-0.421,0.146,-0.441,-0.004,0.253,0.12,0.008,-0.075,0.01,-0.029,0.01,-0.013,-0.001,0.32,0.23,0.0,0.63,0.0,0.0,0.23,0.0,0.0,0.0,0.0,0.0,0.0,0.0,0.64,0.28,0.0,1.0,1.0,0.0,0.0,0.0,0.0,0.0,0.0,0.0,0.0,0.0,0.0,0.0,0.0,1.0,1.0,1.0,0.0
PP133,g1,916,0,0.975,0.218303,0.154128,-0.963633,0.057014,0.150388,-0.986982,0.14,0.155,246.4,247.7,250.9,254.0,255.3,254.2,250.8,247.7,242.0,244.1,247.0,250.5,253.9,256.4,258.2,256.1,253.3,250.1,246.9,244.1,249.4,250.8,252.2,252.8,252.2,250.8,249.4,248.9,283.8,284.7,287.4,290.3,291.7,290.8,288.1,284.9,280.8,282.7,285.3,288.6,291.4,293.4,294.6,293.5,291.6,289.1,286.1,283.1,286.4,287.7,288.9,289.3,288.7,287.4,286.2,285.8,155.6,152.4,151.1,152.5,155.7,159.1,160.2,158.8,157.2,155.4,154.2,153.6,154.3,155.8,157.8,158.9,159.2,159.3,159.1,158.4,157.2,157.7,157.2,155.8,154.4,153.8,154.4,155.8,155.7,152.6,151.3,152.5,155.5,158.6,159.9,158.9,157.8,155.7,154.2,153.5,154.1,155.2,157.0,158.3,159.0,159.2,159.1,158.8,157.0,157.6,157.0,155.7,154.3,153.8,154.4,155.7,-4.8,-3.0,1.1,5.3,7.0,5.6,1.1,-3.1,-10.7,-7.9,-4.0,0.6,5.1,8.5,10.9,8.1,4.3,0.1,-4.1,-7.9,-0.7,1.1,2.9,3.7,2.9,1.1,-0.7,-1.5,46.6,47.9,51.9,56.0,57.9,56.5,52.6,48.1,42.5,45.1,48.7,53.2,57.4,60.6,62.6,60.6,57.7,54.0,49.8,45.6,50.4,52.2,53.9,54.5,53.7,51.9,50.1,49.5,-42.2,-46.5,-48.2,-46.4,-42.1,-37.5,-36.1,-37.9,-40.4,-42.6,-44.0,-44.7,-43.9,-42.1,-39.5,-37.9,-37.4,-37.1,-37.5,-38.5,-40.2,-39.4,-40.2,-42.1,-43.9,-44.7,-43.9,-42.1,-43.9,-48.2,-50.2,-48.6,-44.4,-40.1,-38.2,-39.4,-41.0,-43.8,-45.9,-46.9,-46.4,-45.0,-42.7,-40.7,-39.6,-39.0,-39.1,-39.5,-42.1,-41.4,-42.3,-44.2,-46.0,-46.7,-45.8,-43.9,516.7,517.4,517.9,517.8,517.2,516.7,516.0,516.1,520.5,518.1,516.0,515.2,515.9,517.5,519.1,517.3,515.5,514.9,515.9,517.9,517.4,517.4,517.6,517.9,518.1,518.2,518.0,517.7,538.4,539.6,541.3,542.5,542.5,541.3,539.6,538.5,538.6,538.0,537.9,539.0,541.7,545.1,548.3,544.9,541.5,539.0,537.9,538.0,540.3,540.8,541.6,542.1,542.1,541.6,540.8,540.3,31.5,-11.4,647.7,0.139,-0.206,0.021,220.5,220.9,222.4,225.1,230.1,237.8,247.1,257.8,268.3,276.8,282.9,288.5,293.6,297.4,299.8,301.4,301.8,232.4,239.1,247.9,256.7,264.7,279.9,286.3,292.5,298.3,301.8,272.6,273.7,274.9,276.1,264.2,268.8,273.4,277.4,280.8,241.8,247.3,253.4,258.4,253.2,247.1,280.8,285.6,291.1,294.7,291.5,286.2,253.4,261.5,268.6,272.3,276.2,280.8,284.0,280.4,275.8,271.6,267.4,260.6,256.3,268.1,272.0,275.9,281.9,275.6,271.6,267.6,158.0,170.1,182.0,193.4,203.9,212.9,220.0,225.2,226.4,224.4,218.4,210.8,201.9,191.7,181.1,170.1,159.0,148.7,143.5,142.0,143.0,145.9,145.7,142.9,141.9,143.3,147.9,155.2,162.6,169.8,177.3,183.3,184.7,185.9,184.7,183.2,157.1,154.1,154.2,157.9,159.2,159.2,157.9,154.0,154.1,157.0,159.1,159.1,199.4,196.2,194.5,195.6,194.5,196.4,199.2,205.1,207.6,208.1,207.7,205.2,199.6,198.3,198.7,198.3,199.6,201.7,202.3,201.9,-51.0,-50.5,-48.0,-43.4,-34.6,-21.1,-4.9,13.2,31.0,46.2,57.9,69.1,78.8,85.7,90.1,93.0,93.9,-29.0,-17.8,-3.5,10.9,23.7,49.0,60.1,71.4,82.5,89.7,36.8,38.2,39.7,41.2,22.9,30.3,37.7,44.4,50.3,-13.5,-4.4,5.6,13.8,5.3,-4.8,51.5,60.0,69.6,76.5,70.4,60.9,5.6,18.7,30.1,36.3,42.8,50.9,57.6,50.6,42.4,35.3,28.3,17.4,10.5,29.4,35.8,42.3,53.7,42.0,35.4,28.7,-50.9,-30.1,-9.5,10.3,28.6,43.9,55.8,63.9,66.0,63.6,54.5,41.8,26.0,7.7,-11.6,-31.5,-51.7,-63.9,-71.9,-74.0,-72.0,-67.2,-68.4,-73.9,-76.6,-75.5,-68.5,-52.5,-40.2,-28.2,-16.1,-6.8,-4.5,-2.6,-4.5,-7.0,-50.0,-54.8,-54.7,-48.7,-46.5,-46.3,-49.7,-56.4,-56.6,-52.2,-48.1,-47.7,19.7,14.2,11.4,13.2,11.5,14.7,19.8,29.3,32.9,33.6,32.9,29.0,19.9,17.6,18.2,17.6,20.3,23.4,24.1,23.5,674.4,676.4,679.3,680.7,679.4,676.2,670.2,662.8,663.4,673.2,688.6,700.9,706.5,707.1,706.7,707.2,708.7,643.2,638.6,635.0,631.9,630.5,639.1,647.6,657.0,666.8,676.3,635.9,629.5,622.6,616.3,630.4,629.7,629.7,633.4,637.8,642.9,640.8,641.9,643.3,641.4,640.3,654.3,657.6,661.9,668.2,661.7,657.4,646.8,636.7,633.0,634.3,637.1,646.7,660.9,649.2,641.2,638.1,636.7,639.4,645.2,635.7,636.7,639.8,657.2,641.3,638.1,637.2,0.598,0.134,-0.27,0.03,268.915,180.494,-13.655,10.684,-5.76,15.121,6.971,-2.753,-2.955,2.517,2.748,-1.535,-0.473,0.463,0.49,-2.234,-1.678,0.012,0.423,0.968,-2.276,-0.604,0.529,-0.449,0.041,-0.454,-0.006,0.221,0.043,0.004,-0.078,0.012,-0.038,0.005,-0.01,0.0,0.28,0.23,0.0,0.48,0.0,0.0,0.05,0.0,0.0,0.14,0.0,0.0,0.0,0.0,0.27,0.29,0.0,0.0,1.0,0.0,0.0,0.0,0.0,0.0,0.0,0.0,0.0,0.0,0.0,0.0,0.0,1.0,1.0,1.0,0.0
PP133,g1,922,0,0.975,0.217517,0.153033,-0.963985,0.060305,0.148261,-0.987108,0.141,0.153,245.9,247.2,250.3,253.5,254.8,253.7,250.3,247.2,241.5,243.5,246.5,250.0,253.4,255.9,257.6,255.6,252.8,249.6,246.4,243.6,248.9,250.3,251.7,252.2,251.7,250.3,248.9,248.4,283.4,284.4,287.1,290.0,291.4,290.4,287.7,284.5,280.4,282.4,285.0,288.2,291.1,293.1,294.2,293.1,291.2,288.7,285.8,282.7,286.0,287.3,288.5,288.9,288.3,287.1,285.9,285.4,155.6,152.4,151.1,152.5,155.7,159.1,160.2,158.8,157.1,155.4,154.2,153.6,154.2,155.7,157.8,158.8,159.2,159.4,159.1,158.5,157.1,157.7,157.2,155.8,154.4,153.8,154.3,155.7,155.7,152.6,151.3,152.6,155.6,158.7,160.0,159.0,157.8,155.8,154.3,153.6,154.2,155.4,157.2,158.4,159.1,159.3,159.2,158.9,157.1,157.7,157.1,155.8,154.4,153.9,154.5,155.8,-5.5,-3.7,0.4,4.6,6.3,4.9,0.4,-3.7,-11.4,-8.6,-4.7,-0.1,4.4,7.8,10.2,7.5,3.6,-0.6,-4.8,-8.5,-1.4,0.4,2.2,3.0,2.2,0.4,-1.4,-2.2,45.9,47.3,51.2,55.3,57.2,55.8,51.9,47.4,41.8,44.4,48.0,52.6,56.8,59.9,61.8,59.9,56.9,53.2,49.1,44.9,49.7,51.5,53.2,53.8,53.0,51.2,49.5,48.8,-42.2,-46.5,-48.3,-46.5,-42.2,-37.6,-36.1,-37.9,-40.5,-42.7,-44.1,-44.7,-44.0,-42.1,-39.5,-38.0,-37.4,-37.1,-37.5,-38.6,-40.3,-39.5,-40.2,-42.1,-44.0,-44.8,-44.0,-42.1,-43.6,-48.0,-49.9,-48.3,-44.1,-39.8,-37.9,-39.1,-40.7,-43.5,-45.6,-46.6,-46.0,-44.7,-42.4,-40.4,-39.2,-38.7,-38.8,-39.3,-41.8,-41.1,-42.0,-43.9,-45.7,-46.4,-45.6,-43.7,517.3,518.0,518.4,518.3,517.8,517.3,516.7,516.7,521.1,518.7,516.6,515.7,516.5,518.0,519.7,517.9,516.1,515.6,516.5,518.5,518.0,517.9,518.1,518.4,518.7,518.7,518.5,518.2,536.2,537.4,539.2,540.4,540.4,539.2,537.5,536.3,536.4,535.8,535.8,536.9,539.6,543.0,546.2,542.8,539.5,537.0,535.8,535.9,538.2,538.7,539.5,540.0,540.0,539.4,538.7,538.2,30.5,-11.0,646.2,0.134,-0.207,0.027,220.3,220.6,222.0,224.4,229.2,236.7,245.9,256.6,267.2,275.9,282.1,287.8,292.9,296.7,299.2,300.9,301.4,231.9,238.6,247.4,256.3,264.2,279.5,285.9,292.1,298.0,301.6,272.0,273.1,274.3,275.5,263.5,268.1,272.7,276.8,280.2,241.3,246.8,252.9,257.8,252.7,246.6,280.4,285.3,290.7,294.4,291.2,285.8,252.6,260.9,267.7,271.6,275.6,280.1,283.5,279.9,275.3,271.1,266.8,260.1,255.7,267.2,271.2,275.2,281.5,275.1,271.1,267.0,158.2,170.1,181.9,193.2,203.7,212.7,220.0,225.3,226.6,224.8,218.9,211.4,202.4,192.1,181.4,170.3,159.0,148.7,143.6,142.1,143.2,146.0,145.8,143.0,142.1,143.4,148.1,155.2,162.8,170.2,177.9,183.9,185.3,186.6,185.4,183.9,157.1,154.1,154.2,157.9,159.2,159.3,157.9,154.1,154.2,157.1,159.2,159.2,199.8,197.1,195.6,196.7,195.6,197.4,199.8,204.8,206.9,207.3,206.9,204.8,200.0,199.4,199.8,199.3,200.1,201.2,201.7,201.2,-51.1,-50.8,-48.6,-44.5,-36.1,-23.0,-7.0,11.1,29.2,44.5,56.4,67.6,77.4,84.4,88.9,92.0,93.1,-29.8,-18.5,-4.2,10.1,22.9,48.1,59.4,70.7,81.8,89.1,35.8,37.2,38.7,40.2,21.7,29.1,36.6,43.3,49.2,-14.3,-5.3,4.7,12.9,4.4,-5.6,50.8,59.3,68.8,75.7,69.6,60.1,4.4,17.7,28.7,35.0,41.7,49.7,56.6,49.5,41.4,34.3,27.2,16.5,9.4,27.9,34.5,41.2,52.8,41.1,34.3,27.6,-50.4,-30.0,-9.7,9.9,28.1,43.5,55.6,63.9,66.1,64.0,55.3,42.7,26.9,8.4,-11.1,-31.1,-51.6,-63.8,-71.7,-73.7,-71.6,-66.9,-68.1,-73.6,-76.3,-75.0,-68.0,-52.4,-39.8,-27.5,-15.1,-5.9,-3.5,-1.5,-3.4,-5.8,-50.0,-54.7,-54.7,-48.7,-46.4,-46.2,-49.5,-56.1,-56.3,-51.8,-47.8,-47.5,20.3,15.6,13.0,14.9,13.3,16.3,20.7,28.7,31.7,32.2,31.5,28.2,20.6,19.3,19.9,19.3,21.2,22.3,23.0,22.3,672.8,674.6,677.4,679.1,677.5,674.2,667.8,660.1,660.5,670.6,686.6,699.6,705.9,706.9,706.6,706.5,707.8,642.7,637.7,634.1,631.0,629.6,638.0,646.2,655.6,665.1,674.5,634.7,628.2,621.2,614.7,629.4,628.4,628.3,632.2,636.6,641.9,639.8,640.8,642.3,640.3,639.3,653.1,656.2,660.4,666.6,660.2,656.1,644.8,635.3,632.1,633.4,636.1,645.4,659.1,646.7,638.5,635.3,634.1,637.0,642.9,634.5,635.5,638.7,655.2,638.7,635.5,634.7,0.599,0.13,-0.271,0.035,268.33,180.707,-11.362,7.621,-10.03,14.997,5.639,1.839,-4.887,1.386,2.638,-0.183,-0.684,0.79,0.149,-2.1,-1.7,-0.09,-0.114,1.035,-1.792,-1.495,0.397,-0.651,0.049,-0.529,0.074,-0.038,-0.025,0.012,-0.08,0.005,-0.047,0.012,0.002,-0.007,0.34,0.31,0.0,0.38,0.0,0.0,0.21,0.0,0.0,0.11,0.0,0.0,0.0,0.0,0.0,0.09,0.0,1.0,1.0,0.0,0.0,0.0,0.0,0.0,0.0,0.0,0.0,0.0,0.0,0.0,0.0,0.0,0.0,1.0,0.0
PP133,g1,928,0,0.975,0.209579,0.158616,-0.964841,0.047515,0.154642,-0.986827,0.131,0.159,245.5,246.9,250.0,253.2,254.4,253.3,249.9,246.8,241.1,243.2,246.1,249.6,253.0,255.6,257.3,255.2,252.4,249.2,246.0,243.2,248.6,249.9,251.3,251.9,251.3,250.0,248.6,248.0,282.9,283.9,286.6,289.5,290.9,290.0,287.2,284.1,279.9,281.9,284.5,287.7,290.6,292.6,293.8,292.7,290.8,288.3,285.3,282.2,285.6,286.9,288.1,288.5,287.9,286.6,285.4,285.0,155.6,152.5,151.2,152.5,155.8,159.2,160.2,158.8,157.2,155.4,154.2,153.6,154.3,155.8,157.9,158.9,159.2,159.3,159.1,158.4,157.2,157.8,157.2,155.8,154.4,153.8,154.4,155.8,155.9,152.8,151.5,152.7,155.7,158.8,160.1,159.1,158.0,155.9,154.4,153.7,154.3,155.5,157.3,158.5,159.2,159.4,159.3,159.0,157.3,157.8,157.2,155.9,154.6,154.0,154.6,155.9,-5.9,-4.2,0.0,4.2,5.9,4.4,-0.1,-4.3,-11.9,-9.0,-5.1,-0.5,4.0,7.4,9.7,7.0,3.1,-1.1,-5.3,-9.0,-1.9,-0.1,1.7,2.5,1.8,-0.0,-1.9,-2.6,45.2,46.6,50.6,54.7,56.6,55.2,51.3,46.8,41.1,43.7,47.3,51.9,56.1,59.3,61.3,59.3,56.3,52.6,48.4,44.3,49.0,50.9,52.6,53.2,52.4,50.6,48.8,48.2,-42.3,-46.6,-48.3,-46.5,-42.1,-37.5,-36.2,-38.0,-40.5,-42.7,-44.1,-44.8,-43.9,-42.0,-39.4,-38.0,-37.4,-37.2,-37.6,-38.7,-40.3,-39.5,-40.2,-42.1,-44.0,-44.8,-44.0,-42.2,-43.5,-47.8,-49.8,-48.2,-44.0,-39.6,-37.7,-39.0,-40.6,-43.4,-45.4,-46.4,-45.9,-44.5,-42.3,-40.3,-39.1,-38.6,-38.7,-39.1,-41.7,-41.0,-41.8,-43.7,-45.6,-46.3,-45.4,-43.5,518.1,518.9,519.3,519.2,518.5,518.0,517.3,517.5,521.9,519.6,517.5,516.6,517.3,518.8,520.4,518.5,516.8,516.3,517.2,519.3,518.8,518.7,518.9,519.2,519.5,519.6,519.4,519.1,536.6,537.9,539.6,540.7,540.7,539.5,537.8,536.7,536.9,536.3,536.2,537.2,539.9,543.2,546.4,543.1,539.7,537.2,536.1,536.3,538.5,539.0,539.8,540.3,540.3,539.8,539.1,538.5,29.7,-10.9,648.3,0.152,-0.192,0.027,219.9,220.3,221.8,224.5,229.5,237.1,246.1,256.5,266.9,275.5,281.7,287.5,292.8,296.7,299.2,300.8,301.2,231.8,238.5,247.1,255.8,263.6,279.1,285.5,291.7,297.6,301.0,271.6,272.6,273.7,274.8,262.9,267.5,272.1,276.1,279.6,241.0,246.4,252.5,257.5,252.3,246.2,279.9,284.8,290.3,294.0,290.7,285.3,251.6,259.6,267.0,270.9,274.9,279.7,282.9,279.1,274.2,269.8,265.4,258.5,254.5,266.5,270.5,274.5,280.8,274.0,269.9,265.7,157.9,170.1,182.1,193.6,204.3,213.3,220.7,225.9,227.2,225.2,219.0,211.2,202.2,192.0,181.3,170.3,159.2,148.6,143.5,142.0,143.0,145.9,145.8,143.1,142.2,143.5,148.1,155.3,162.7,169.9,177.4,183.3,184.7,185.9,184.8,183.3,157.1,154.1,154.2,158.0,159.2,159.2,158.1,154.2,154.3,157.2,159.3,159.3,199.4,196.0,194.2,195.4,194.3,196.3,199.4,206.3,209.1,209.6,209.2,206.2,199.6,198.1,198.5,198.1,199.8,203.2,203.7,203.3,-52.0,-51.5,-49.1,-44.5,-35.7,-22.4,-6.6,11.1,28.8,44.1,55.9,67.3,77.2,84.2,88.7,91.7,92.7,-30.0,-18.9,-4.8,9.4,22.0,47.6,58.8,70.0,81.1,88.2,35.2,36.4,37.8,39.1,20.9,28.2,35.6,42.4,48.3,-14.9,-5.8,4.1,12.3,3.8,-6.2,50.0,58.5,68.1,75.1,68.9,59.4,2.7,15.7,27.6,34.0,40.6,49.2,55.8,48.5,39.8,32.5,25.2,13.9,7.5,26.8,33.4,40.1,51.9,39.6,32.6,25.8,-51.1,-30.2,-9.3,10.7,29.2,44.8,57.0,65.4,67.6,65.0,55.6,42.5,26.5,8.1,-11.1,-31.0,-51.2,-64.0,-72.0,-74.0,-72.0,-67.1,-68.3,-73.7,-76.2,-75.0,-68.0,-52.3,-40.0,-28.0,-15.9,-6.8,-4.5,-2.5,-4.4,-6.8,-50.1,-54.8,-54.7,-48.6,-46.5,-46.4,-49.3,-56.0,-56.2,-51.7,-47.7,-47.4,19.8,13.8,10.9,12.8,11.2,14.6,20.2,31.3,35.6,36.3,35.5,30.8,20.0,17.2,17.9,17.4,20.8,25.8,26.6,25.8,674.9,677.1,680.1,681.8,680.5,677.6,672.0,664.8,665.3,674.4,688.9,700.1,704.7,704.8,704.1,704.9,706.5,643.3,638.9,635.3,632.1,630.7,639.2,647.4,656.6,666.0,675.2,635.9,629.7,623.1,616.9,631.1,630.3,630.2,633.8,638.0,643.3,641.1,642.2,643.4,641.8,640.7,654.0,657.1,661.2,667.3,661.0,656.9,648.8,638.1,633.8,635.0,637.7,647.5,661.8,651.2,643.5,640.5,639.2,641.8,647.3,636.6,637.5,640.5,658.6,643.5,640.4,639.5,0.597,0.147,-0.251,0.036,267.814,180.776,-21.888,12.084,-1.046,16.297,7.685,-5.442,-1.835,2.252,2.976,-1.903,-0.039,0.128,0.904,-2.075,-1.971,0.193,1.13,1.387,-2.625,-0.511,0.328,-0.263,0.149,-0.44,-0.024,0.234,0.136,-0.001,-0.05,0.016,-0.034,0.006,-0.008,-0.003,0.74,0.18,0.0,0.7,0.0,0.0,0.27,0.04,0.0,0.0,0.0,0.0,0.0,0.0,0.87,0.0,0.0,1.0,1.0,0.0,0.0,0.0,0.0,0.0,0.0,0.0,0.0,0.0,0.0,0.0,0.0,1.0,1.0,0.0,0.0
PP133,g1,934,0,0.975,0.213494,0.149304,-0.965468,0.049928,0.14593,-0.988034,0.134,0.15,245.4,246.7,249.9,253.0,254.3,253.2,249.8,246.7,241.0,243.1,246.0,249.5,252.9,255.4,257.2,255.1,252.3,249.1,245.9,243.1,248.4,249.8,251.2,251.8,251.2,249.8,248.5,247.9,282.8,283.7,286.4,289.4,290.8,289.9,287.1,284.0,279.8,281.7,284.4,287.6,290.5,292.5,293.7,292.6,290.7,288.1,285.2,282.1,285.5,286.7,287.9,288.3,287.7,286.4,285.3,284.8,155.7,152.6,151.3,152.6,155.8,159.3,160.3,158.9,157.3,155.5,154.3,153.7,154.4,155.9,158.0,159.0,159.3,159.4,159.2,158.6,157.3,157.9,157.3,155.9,154.5,153.9,154.5,155.9,155.8,152.8,151.4,152.6,155.7,158.7,160.0,159.1,158.0,155.9,154.4,153.7,154.2,155.4,157.2,158.5,159.1,159.4,159.3,159.0,157.2,157.7,157.2,155.8,154.5,154.0,154.6,155.9,-6.1,-4.4,-0.2,4.0,5.7,4.2,-0.2,-4.4,-12.0,-9.2,-5.3,-0.7,3.8,7.2,9.6,6.8,3.0,-1.2,-5.4,-9.2,-2.1,-0.2,1.6,2.4,1.6,-0.2,-2.0,-2.8,45.1,46.5,50.4,54.6,56.5,55.1,51.2,46.7,41.0,43.6,47.2,51.8,56.0,59.1,61.2,59.2,56.2,52.5,48.3,44.2,48.9,50.7,52.5,53.1,52.2,50.4,48.7,48.1,-42.0,-46.3,-48.1,-46.3,-42.0,-37.4,-35.9,-37.7,-40.3,-42.5,-43.9,-44.5,-43.7,-41.9,-39.3,-37.8,-37.2,-37.0,-37.4,-38.4,-40.0,-39.2,-40.0,-41.9,-43.8,-44.6,-43.8,-41.9,-43.6,-47.9,-49.9,-48.3,-44.1,-39.8,-37.8,-39.1,-40.6,-43.4,-45.5,-46.6,-46.0,-44.7,-42.4,-40.4,-39.3,-38.7,-38.8,-39.2,-41.8,-41.1,-41.9,-43.8,-45.7,-46.4,-45.5,-43.6,517.0,517.8,518.2,518.1,517.4,516.9,516.2,516.4,520.8,518.5,516.4,515.5,516.2,517.7,519.3,517.5,515.7,515.2,516.1,518.2,517.7,517.6,517.8,518.1,518.4,518.5,518.3,517.9,537.1,538.4,540.1,541.3,541.2,540.0,538.3,537.2,537.4,536.8,536.7,537.8,540.4,543.8,546.9,543.5,540.2,537.7,536.6,536.7,539.0,539.5,540.3,540.8,540.8,540.3,539.6,539.0,29.9,-11.2,649.9,0.139,-0.197,0.021,219.8,220.3,221.9,224.6,229.6,237.2,246.4,256.9,267.3,275.8,281.9,287.7,292.8,296.7,299.1,300.7,301.0,231.5,238.2,246.8,255.6,263.5,278.9,285.3,291.5,297.4,300.9,271.5,272.5,273.7,274.8,263.0,267.6,272.2,276.3,279.7,240.8,246.3,252.4,257.4,252.2,246.1,279.8,284.7,290.1,293.8,290.6,285.2,252.0,260.1,267.3,271.2,275.1,279.8,283.1,279.4,274.6,270.3,266.0,259.1,255.0,266.8,270.8,274.7,281.0,274.4,270.3,266.2,158.3,170.4,182.3,193.7,204.1,213.0,220.2,225.3,226.5,224.6,218.6,211.1,202.2,192.1,181.4,170.4,159.4,148.9,143.7,142.1,143.1,145.9,145.8,143.0,142.1,143.5,148.2,155.4,162.6,169.8,177.3,183.2,184.6,185.8,184.6,183.2,157.2,154.2,154.3,158.1,159.3,159.3,158.1,154.2,154.2,157.2,159.2,159.3,199.3,195.9,194.1,195.2,194.2,196.1,199.1,205.6,208.3,208.8,208.4,205.6,199.4,198.0,198.3,197.9,199.5,202.4,202.9,202.5,-52.3,-51.7,-49.1,-44.5,-35.6,-22.3,-6.2,11.7,29.4,44.6,56.4,67.7,77.6,84.6,89.0,91.9,92.8,-30.5,-19.4,-5.2,9.1,21.9,47.5,58.6,70.0,81.1,88.3,35.1,36.4,37.9,39.3,21.1,28.5,35.9,42.7,48.6,-15.1,-6.1,3.9,12.2,3.6,-6.4,50.0,58.5,68.1,75.2,68.9,59.4,3.4,16.5,28.1,34.5,41.1,49.5,56.3,49.1,40.6,33.3,26.1,14.9,8.2,27.4,34.0,40.7,52.3,40.2,33.4,26.6,-50.5,-29.7,-9.0,10.8,29.0,44.3,56.3,64.4,66.5,64.1,55.0,42.4,26.5,8.3,-11.0,-30.9,-51.2,-63.8,-71.9,-74.1,-72.1,-67.3,-68.5,-74.0,-76.5,-75.3,-68.2,-52.5,-40.2,-28.3,-16.2,-7.0,-4.7,-2.8,-4.7,-7.1,-50.0,-54.8,-54.7,-48.6,-46.5,-46.4,-49.5,-56.3,-56.5,-52.0,-48.0,-47.6,19.6,13.7,10.8,12.6,10.9,14.3,19.7,30.2,34.3,34.9,34.2,29.8,19.8,17.1,17.7,17.1,20.3,24.5,25.3,24.6,677.2,679.0,681.8,683.2,681.8,678.8,672.9,665.4,665.9,675.3,690.3,702.1,707.4,707.8,707.4,708.3,710.0,645.8,641.3,637.6,634.4,632.8,641.2,649.6,658.9,668.5,677.8,638.0,631.6,624.9,618.6,632.7,631.9,631.8,635.4,639.7,645.5,643.4,644.4,645.6,643.9,642.9,656.2,659.4,663.6,669.8,663.3,659.1,649.8,639.3,635.2,636.3,639.1,648.8,663.2,652.0,644.0,641.0,639.8,642.5,648.3,637.9,638.8,641.8,659.8,644.1,641.0,640.2,0.596,0.134,-0.257,0.029,267.897,180.627,-17.346,10.53,-2.537,15.257,7.799,-4.447,-2.415,2.895,2.798,-1.682,-0.299,0.184,1.029,-2.035,-1.83,0.16,1.005,1.114,-2.421,-0.402,0.473,-0.265,0.059,-0.436,0.046,0.26,0.076,-0.004,-0.052,0.016,-0.035,0.004,-0.01,-0.0,0.41,0.3,0.0,0.82,0.0,0.0,0.06,0.0,0.0,0.01,0.0,0.0,0.0,0.0,0.7,0.34,0.0,1.0,1.0,0.0,1.0,0.0,0.0,0.0,0.0,0.0,0.0,0.0,0.0,0.0,0.0,1.0,1.0,1.0,0.0
PP133,g1,939,0,0.975,0.209114,0.151824,-0.966034,0.047561,0.14863,-0.987749,0.131,0.153,245.2,246.5,249.6,252.8,254.1,253.0,249.6,246.4,240.8,242.8,245.7,249.2,252.6,255.2,256.9,254.9,252.0,248.8,245.7,242.8,248.2,249.6,251.0,251.5,251.0,249.6,248.2,247.6,282.6,283.5,286.2,289.2,290.6,289.7,286.9,283.7,279.6,281.5,284.1,287.4,290.3,292.3,293.5,292.4,290.5,287.9,285.0,281.9,285.3,286.5,287.7,288.1,287.5,286.2,285.0,284.6,155.4,152.3,151.0,152.3,155.5,159.0,160.0,158.6,157.0,155.2,154.0,153.4,154.1,155.6,157.7,158.7,159.0,159.1,158.9,158.3,157.0,157.6,157.0,155.6,154.2,153.6,154.2,155.6,155.5,152.4,151.1,152.3,155.3,158.4,159.7,158.8,157.7,155.6,154.0,153.4,153.9,155.1,156.9,158.1,158.8,159.0,158.9,158.6,156.9,157.4,156.8,155.5,154.2,153.7,154.2,155.6,-6.4,-4.7,-0.5,3.7,5.4,3.9,-0.6,-4.7,-12.3,-9.5,-5.6,-1.0,3.5,6.9,9.2,6.5,2.7,-1.6,-5.7,-9.5,-2.4,-0.6,1.3,2.1,1.3,-0.5,-2.4,-3.1,44.7,46.1,50.0,54.2,56.1,54.7,50.8,46.3,40.6,43.2,46.8,51.4,55.6,58.8,60.8,58.9,55.9,52.1,47.9,43.8,48.6,50.4,52.1,52.7,51.9,50.0,48.3,47.7,-42.5,-46.7,-48.5,-46.7,-42.4,-37.8,-36.4,-38.2,-40.7,-42.9,-44.3,-45.0,-44.2,-42.3,-39.7,-38.2,-37.7,-37.4,-37.8,-38.8,-40.5,-39.7,-40.4,-42.3,-44.2,-45.0,-44.2,-42.3,-43.9,-48.3,-50.2,-48.7,-44.5,-40.1,-38.2,-39.4,-41.0,-43.8,-45.9,-46.9,-46.4,-45.0,-42.8,-40.8,-39.6,-39.1,-39.2,-39.6,-42.2,-41.5,-42.3,-44.2,-46.1,-46.7,-45.9,-44.0,517.5,518.3,518.7,518.5,517.9,517.3,516.7,516.9,521.3,519.0,516.9,516.0,516.7,518.1,519.7,517.9,516.1,515.6,516.6,518.7,518.1,518.1,518.2,518.6,518.9,518.9,518.8,518.4,536.2,537.4,539.1,540.3,540.3,539.0,537.3,536.3,536.5,535.9,535.8,536.8,539.4,542.8,546.0,542.6,539.2,536.8,535.6,535.8,538.1,538.6,539.3,539.9,539.9,539.4,538.6,538.1,29.5,-11.4,648.3,0.142,-0.19,0.018,219.7,220.1,221.7,224.5,229.6,237.2,246.4,256.8,267.3,275.9,282.1,287.8,293.0,296.8,299.2,300.7,301.0,231.4,238.0,246.6,255.4,263.2,278.7,285.0,291.3,297.2,300.7,271.3,272.3,273.4,274.5,262.8,267.4,272.0,276.0,279.5,240.6,246.1,252.1,257.2,252.0,245.9,279.5,284.4,289.9,293.6,290.4,285.0,251.8,259.8,267.0,270.9,274.9,279.7,283.0,279.3,274.4,270.0,265.7,258.7,254.7,266.6,270.6,274.6,280.8,274.2,270.1,265.9,158.0,170.2,182.2,193.7,204.3,213.2,220.4,225.6,226.7,224.7,218.6,210.8,201.8,191.6,180.9,170.0,158.9,148.5,143.4,141.8,142.8,145.7,145.5,142.7,141.8,143.2,147.8,155.0,162.3,169.5,177.0,183.0,184.3,185.5,184.4,182.9,157.0,153.9,154.0,157.8,159.0,159.0,157.7,153.9,153.9,156.8,158.9,159.0,199.2,195.7,193.9,195.0,193.9,195.9,199.0,205.6,208.5,209.0,208.6,205.8,199.4,197.7,198.1,197.7,199.4,202.5,203.1,202.7,-52.5,-51.9,-49.3,-44.6,-35.6,-22.2,-6.2,11.6,29.4,44.7,56.6,67.8,77.6,84.4,88.8,91.5,92.3,-30.7,-19.6,-5.5,8.7,21.4,46.9,58.1,69.4,80.5,87.7,34.6,35.9,37.4,38.8,20.6,28.0,35.4,42.2,48.1,-15.5,-6.5,3.5,11.8,3.2,-6.8,49.5,58.0,67.6,74.6,68.4,58.9,3.0,16.0,27.6,34.0,40.7,49.2,55.9,48.8,40.2,32.8,25.6,14.4,7.8,27.0,33.6,40.3,52.0,39.8,32.9,26.1,-51.0,-30.0,-9.2,10.8,29.2,44.6,56.6,64.8,66.8,64.1,54.8,41.8,25.7,7.4,-11.8,-31.7,-51.8,-64.3,-72.3,-74.4,-72.4,-67.6,-68.8,-74.3,-76.9,-75.6,-68.6,-52.9,-40.6,-28.7,-16.6,-7.3,-5.1,-3.2,-5.1,-7.5,-50.4,-55.2,-55.1,-49.0,-46.9,-46.7,-49.9,-56.6,-56.9,-52.4,-48.4,-48.0,19.4,13.4,10.3,12.2,10.5,13.9,19.5,30.2,34.5,35.2,34.5,30.0,19.7,16.7,17.3,16.7,20.0,24.7,25.5,24.8,676.1,678.2,681.1,682.5,681.1,677.9,672.0,664.5,664.8,674.1,688.8,700.3,705.2,705.3,704.6,705.4,707.1,644.3,639.8,636.1,632.8,631.3,639.6,647.9,657.1,666.6,675.8,636.4,630.0,623.3,617.0,631.2,630.4,630.2,633.8,638.0,644.0,641.9,642.9,644.1,642.4,641.4,654.5,657.6,661.8,667.9,661.5,657.4,648.6,637.8,633.6,634.8,637.5,647.3,661.6,650.7,642.9,639.9,638.6,641.3,647.1,636.4,637.2,640.3,658.3,643.0,639.8,639.0,0.597,0.136,-0.249,0.026,267.732,180.444,-19.308,12.377,-1.774,16.112,7.139,-5.181,-2.153,2.582,2.827,-1.997,0.118,0.059,0.872,-2.098,-1.808,0.22,1.047,1.025,-2.365,-0.54,0.385,-0.1,-0.016,-0.483,0.068,0.261,0.114,0.006,-0.049,0.014,-0.031,0.003,-0.012,0.001,0.24,0.11,0.0,0.84,0.0,0.0,0.3,0.0,0.0,0.0,0.0,0.0,0.0,0.0,0.76,0.08,0.0,0.0,1.0,0.0,0.0,0.0,0.0,0.0,0.0,0.0,0.0,0.0,0.0,0.0,0.0,1.0,1.0,0.0,0.0
PP133,g1,945,0,0.975,0.203374,0.154671,-0.966807,0.043863,0.151318,-0.987511,0.126,0.155,244.9,246.2,249.4,252.6,253.8,252.7,249.3,246.2,240.5,242.6,245.5,249.0,252.4,255.0,256.7,254.7,251.8,248.5,245.4,242.6,248.0,249.3,250.7,251.3,250.7,249.4,248.0,247.4,282.4,283.3,286.1,289.0,290.5,289.5,286.8,283.6,279.4,281.3,284.0,287.2,290.1,292.2,293.4,292.3,290.3,287.8,284.8,281.7,285.1,286.4,287.6,288.0,287.4,286.1,284.9,284.5,155.5,152.3,151.0,152.4,155.6,159.0,160.1,158.7,157.1,155.2,154.0,153.5,154.1,155.7,157.7,158.8,159.1,159.2,159.0,158.3,157.0,157.6,157.1,155.7,154.3,153.7,154.2,155.6,155.6,152.5,151.1,152.4,155.4,158.5,159.8,158.9,157.7,155.6,154.1,153.4,153.9,155.1,157.0,158.2,158.9,159.1,159.0,158.7,157.0,157.5,156.9,155.6,154.2,153.7,154.3,155.6,-6.8,-5.0,-0.8,3.4,5.1,3.6,-0.9,-5.1,-12.6,-9.8,-6.0,-1.4,3.2,6.6,8.9,6.2,2.3,-1.9,-6.1,-9.8,-2.7,-0.9,1.0,1.7,1.0,-0.8,-2.7,-3.5,44.2,45.6,49.5,53.6,55.6,54.2,50.2,45.8,40.1,42.7,46.3,50.8,55.1,58.2,60.2,58.3,55.3,51.6,47.4,43.2,48.0,49.8,51.5,52.2,51.3,49.5,47.8,47.2,-42.3,-46.5,-48.3,-46.5,-42.1,-37.6,-36.2,-38.0,-40.5,-42.7,-44.1,-44.8,-44.0,-42.1,-39.4,-38.0,-37.4,-37.2,-37.6,-38.6,-40.2,-39.5,-40.2,-42.1,-44.0,-44.8,-44.0,-42.1,-43.6,-47.9,-49.9,-48.3,-44.1,-39.8,-37.8,-39.1,-40.6,-43.4,-45.5,-46.5,-46.0,-44.7,-42.4,-40.4,-39.3,-38.7,-38.8,-39.2,-41.8,-41.1,-41.9,-43.8,-45.7,-46.4,-45.5,-43.6,515.7,516.4,516.8,516.6,515.9,515.4,514.8,515.0,519.5,517.1,515.0,514.0,514.7,516.1,517.7,515.9,514.2,513.7,514.7,516.9,516.2,516.1,516.3,516.6,516.9,517.0,516.9,516.5,532.6,533.9,535.5,536.7,536.7,535.4,533.7,532.7,532.9,532.3,532.2,533.2,535.8,539.2,542.4,539.0,535.6,533.2,532.1,532.2,534.5,535.0,535.7,536.3,536.3,535.8,535.1,534.5,29.0,-11.0,646.7,0.148,-0.183,0.018,219.6,220.0,221.7,224.5,229.7,237.3,246.4,256.7,267.0,275.6,281.8,287.6,292.8,296.6,299.1,300.6,301.0,231.1,237.7,246.3,255.1,262.9,278.4,284.8,291.1,297.1,300.6,271.0,272.0,273.1,274.2,262.4,267.0,271.6,275.7,279.2,240.4,245.8,251.9,256.9,251.7,245.6,279.3,284.3,289.8,293.5,290.3,284.8,251.4,259.3,266.6,270.5,274.5,279.4,282.7,278.9,273.9,269.6,265.2,258.3,254.3,266.2,270.2,274.2,280.5,273.7,269.7,265.5,158.0,170.3,182.4,194.0,204.7,213.7,221.0,226.2,227.3,225.2,218.9,211.0,201.9,191.7,181.0,170.0,158.9,148.7,143.4,141.8,142.8,145.7,145.5,142.8,141.8,143.2,147.9,155.1,162.4,169.7,177.3,183.2,184.6,185.8,184.6,183.1,157.0,154.0,154.1,157.8,159.1,159.1,157.8,153.9,154.0,156.9,159.0,159.0,199.5,196.0,194.2,195.3,194.2,196.2,199.3,206.3,209.2,209.7,209.3,206.3,199.7,198.0,198.4,198.0,199.7,203.2,203.8,203.3,-52.5,-51.9,-49.3,-44.5,-35.4,-22.0,-6.2,11.3,28.9,44.2,56.0,67.3,77.0,83.8,88.2,91.0,91.9,-31.1,-20.1,-6.0,8.3,20.9,46.4,57.6,68.9,80.1,87.2,34.2,35.4,36.7,38.1,20.0,27.4,34.8,41.6,47.5,-15.9,-6.9,3.1,11.4,2.8,-7.3,49.0,57.5,67.2,74.2,68.0,58.4,2.4,15.2,26.9,33.3,39.9,48.5,55.3,48.0,39.3,32.0,24.8,13.5,7.1,26.3,32.9,39.5,51.3,39.0,32.1,25.3,-51.0,-29.8,-8.8,11.4,29.9,45.4,57.5,65.7,67.7,64.9,55.3,42.1,25.9,7.6,-11.7,-31.5,-51.6,-63.9,-72.0,-74.2,-72.2,-67.4,-68.5,-74.0,-76.6,-75.3,-68.2,-52.7,-40.3,-28.3,-16.1,-7.0,-4.7,-2.7,-4.7,-7.2,-50.2,-55.0,-54.9,-48.8,-46.7,-46.5,-49.6,-56.4,-56.6,-52.1,-48.1,-47.7,19.9,13.8,10.8,12.7,11.0,14.4,20.0,31.2,35.6,36.3,35.6,30.9,20.1,17.1,17.7,17.1,20.6,25.7,26.6,25.9,674.7,677.1,680.1,681.6,680.1,677.0,671.2,663.8,664.0,673.0,687.3,698.3,702.7,702.6,701.8,702.6,704.2,642.9,638.3,634.4,631.0,629.4,637.6,645.9,655.0,664.4,673.6,634.5,628.1,621.3,615.0,629.6,628.6,628.4,632.0,636.2,642.5,640.3,641.2,642.3,640.8,639.9,652.4,655.5,659.6,665.7,659.4,655.3,647.6,636.7,632.3,633.4,636.1,645.8,660.1,649.5,641.9,639.0,637.7,640.4,646.1,635.1,635.9,638.9,656.8,641.9,638.8,638.0,0.599,0.143,-0.24,0.026,267.475,180.687,-21.778,13.45,-0.737,18.007,7.712,-5.326,-1.867,2.185,3.053,-2.324,0.098,0.018,1.049,-2.173,-2.024,0.12,1.086,1.171,-2.499,-0.352,0.413,-0.202,-0.018,-0.41,-0.004,0.268,0.157,-0.007,-0.058,0.018,-0.042,0.008,-0.01,-0.001,0.62,0.29,0.0,0.4,0.0,0.0,0.33,0.0,0.0,0.0,0.0,0.0,0.0,0.0,0.96,0.05,0.0,1.0,1.0,0.0,0.0,0.0,0.0,0.0,0.0,0.0,0.0,0.0,0.0,0.0,0.0,1.0,1.0,1.0,0.0
PP133,g1,951,0,0.975,0.206586,0.156336,-0.965858,0.045686,0.152874,-0.987189,0.128,0.157,244.9,246.3,249.4,252.6,253.9,252.7,249.4,246.2,240.6,242.6,245.5,249.0,252.4,255.0,256.8,254.7,251.8,248.6,245.4,242.6,248.0,249.4,250.8,251.3,250.8,249.4,248.0,247.4,282.4,283.3,286.1,289.0,290.4,289.5,286.8,283.6,279.4,281.3,284.0,287.2,290.1,292.2,293.4,292.2,290.3,287.8,284.8,281.8,285.1,286.4,287.6,288.0,287.4,286.1,284.9,284.5,155.6,152.4,151.1,152.5,155.7,159.1,160.1,158.8,157.1,155.3,154.1,153.6,154.2,155.7,157.8,158.8,159.2,159.3,159.1,158.4,157.1,157.7,157.2,155.8,154.4,153.8,154.3,155.7,155.6,152.5,151.2,152.4,155.4,158.5,159.8,158.9,157.8,155.7,154.1,153.4,154.0,155.1,156.9,158.2,158.9,159.1,159.0,158.7,157.0,157.5,156.9,155.6,154.2,153.7,154.3,155.7,-6.7,-4.9,-0.8,3.4,5.1,3.6,-0.8,-5.0,-12.6,-9.8,-5.9,-1.3,3.2,6.6,9.0,6.2,2.4,-1.8,-6.0,-9.8,-2.7,-0.8,1.0,1.8,1.0,-0.8,-2.6,-3.4,44.3,45.7,49.6,53.8,55.7,54.3,50.4,45.9,40.3,42.8,46.4,51.0,55.2,58.4,60.4,58.5,55.5,51.8,47.6,43.4,48.2,50.0,51.7,52.3,51.5,49.6,47.9,47.3,-42.2,-46.5,-48.2,-46.4,-42.1,-37.5,-36.1,-37.9,-40.5,-42.7,-44.1,-44.7,-43.9,-42.0,-39.4,-37.9,-37.4,-37.2,-37.5,-38.6,-40.2,-39.4,-40.2,-42.1,-43.9,-44.7,-44.0,-42.1,-43.6,-48.0,-50.0,-48.4,-44.2,-39.9,-37.9,-39.2,-40.7,-43.5,-45.6,-46.7,-46.2,-44.8,-42.6,-40.5,-39.4,-38.8,-38.9,-39.3,-41.9,-41.2,-42.1,-44.0,-45.8,-46.5,-45.6,-43.7,516.5,517.2,517.6,517.5,516.8,516.3,515.7,515.9,520.4,518.0,515.9,514.9,515.6,517.1,518.7,516.9,515.1,514.6,515.6,517.8,517.1,517.1,517.2,517.5,517.8,517.9,517.7,517.4,534.3,535.6,537.2,538.4,538.4,537.2,535.5,534.4,534.6,534.0,533.9,534.9,537.5,540.9,544.1,540.8,537.4,534.9,533.8,534.0,536.2,536.7,537.5,538.0,538.0,537.5,536.8,536.2,29.2,-11.3,648.5,0.148,-0.187,0.019,219.7,220.1,221.7,224.4,229.5,237.1,246.2,256.6,267.0,275.7,281.9,287.6,292.8,296.6,299.1,300.6,301.0,231.2,237.8,246.4,255.2,263.0,278.4,284.8,291.1,297.0,300.6,271.0,272.0,273.1,274.2,262.5,267.1,271.7,275.7,279.2,240.4,245.8,251.9,257.0,251.7,245.6,279.4,284.3,289.8,293.5,290.3,284.8,251.6,259.6,266.8,270.7,274.6,279.4,282.8,279.0,274.1,269.9,265.5,258.7,254.6,266.4,270.3,274.3,280.6,273.9,269.9,265.8,158.0,170.1,182.1,193.6,204.1,213.1,220.3,225.5,226.7,224.6,218.5,210.8,201.8,191.6,181.0,170.0,158.9,148.6,143.5,141.9,143.0,145.9,145.6,142.8,141.9,143.2,147.8,155.2,162.6,169.8,177.4,183.3,184.7,185.9,184.7,183.2,157.1,154.0,154.2,157.9,159.2,159.2,157.8,153.9,154.0,156.9,159.0,159.1,199.3,196.0,194.3,195.4,194.3,196.2,199.1,205.6,208.4,208.9,208.5,205.8,199.5,198.1,198.5,198.0,199.5,202.5,203.1,202.6,-52.5,-52.0,-49.4,-44.8,-35.9,-22.5,-6.6,11.2,29.0,44.3,56.2,67.5,77.3,84.2,88.5,91.4,92.2,-31.0,-19.9,-5.8,8.4,21.0,46.5,57.7,69.0,80.2,87.5,34.2,35.5,36.9,38.3,20.2,27.6,35.0,41.8,47.7,-15.8,-6.8,3.2,11.5,2.9,-7.2,49.2,57.7,67.3,74.4,68.1,58.6,2.7,15.8,27.3,33.6,40.2,48.7,55.6,48.3,39.8,32.5,25.4,14.2,7.6,26.7,33.2,39.8,51.6,39.4,32.6,25.9,-51.1,-30.2,-9.4,10.6,29.0,44.5,56.5,64.7,66.8,64.2,54.8,41.8,25.8,7.5,-11.8,-31.7,-51.8,-64.2,-72.1,-74.2,-72.1,-67.3,-68.5,-74.0,-76.7,-75.6,-68.7,-52.6,-40.2,-28.2,-16.0,-6.8,-4.6,-2.6,-4.6,-7.1,-50.2,-55.0,-54.9,-48.8,-46.6,-46.5,-49.7,-56.5,-56.8,-52.3,-48.2,-47.8,19.7,14.0,11.0,12.9,11.2,14.4,19.6,30.2,34.4,35.1,34.4,30.0,19.9,17.3,17.9,17.3,20.2,24.6,25.5,24.8,676.3,678.6,681.5,683.1,681.8,678.7,672.7,665.2,665.4,674.7,689.4,700.9,705.7,705.8,705.0,705.5,707.0,644.6,639.9,636.1,632.8,631.2,639.2,647.4,656.5,666.0,675.3,636.3,630.0,623.2,616.9,631.5,630.6,630.4,634.0,638.2,644.4,642.1,643.0,644.2,642.6,641.7,654.3,657.4,661.5,667.6,661.3,657.2,649.2,638.4,634.2,635.3,638.0,647.6,661.9,650.9,643.1,640.1,638.9,641.7,647.5,637.0,637.8,640.8,658.5,643.1,640.1,639.3,0.597,0.143,-0.245,0.027,267.538,180.551,-18.519,11.56,-2.9,16.487,7.193,-3.997,-2.35,2.835,2.606,-1.872,-0.034,0.223,0.538,-2.424,-1.844,0.11,0.839,1.1,-2.354,-0.37,0.492,-0.25,-0.021,-0.355,0.064,0.269,0.1,-0.007,-0.065,0.012,-0.039,0.005,-0.01,0.003,0.65,0.37,0.0,0.59,0.0,0.0,0.31,0.0,0.0,0.0,0.0,0.0,0.0,0.0,0.69,0.08,0.0,1.0,1.0,0.0,0.0,0.0,0.0,0.0,0.0,0.0,0.0,0.0,0.0,0.0,0.0,1.0,1.0,0.0,0.0
PP133,g1,957,0,0.975,0.207361,0.151587,-0.966448,0.046287,0.148435,-0.987838,0.129,0.152,244.8,246.1,249.2,252.4,253.7,252.6,249.2,246.1,240.4,242.4,245.3,248.8,252.3,254.8,256.6,254.6,251.7,248.4,245.3,242.5,247.8,249.2,250.6,251.2,250.6,249.2,247.8,247.3,282.3,283.2,286.0,288.9,290.4,289.5,286.7,283.5,279.3,281.3,283.9,287.1,290.0,292.1,293.3,292.2,290.3,287.7,284.7,281.7,285.0,286.3,287.5,287.9,287.3,286.0,284.8,284.4,155.7,152.5,151.2,152.5,155.7,159.2,160.2,158.9,157.3,155.4,154.2,153.6,154.3,155.8,157.9,158.9,159.2,159.4,159.2,158.5,157.2,157.8,157.2,155.8,154.4,153.8,154.4,155.8,155.5,152.5,151.1,152.3,155.3,158.4,159.8,158.8,157.7,155.6,154.1,153.3,153.9,155.0,156.9,158.1,158.8,159.1,159.0,158.7,156.9,157.4,156.9,155.5,154.2,153.7,154.2,155.6,-6.9,-5.2,-1.0,3.2,4.9,3.4,-1.0,-5.2,-12.8,-10.0,-6.1,-1.5,3.0,6.4,8.8,6.0,2.2,-2.0,-6.2,-10.0,-2.9,-1.0,0.8,1.5,0.8,-1.0,-2.9,-3.6,44.2,45.5,49.5,53.6,55.6,54.2,50.3,45.8,40.1,42.7,46.3,50.8,55.1,58.2,60.3,58.3,55.3,51.6,47.4,43.3,48.0,49.9,51.6,52.2,51.3,49.5,47.8,47.2,-42.0,-46.3,-48.1,-46.3,-42.0,-37.4,-35.9,-37.7,-40.2,-42.4,-43.9,-44.5,-43.8,-41.9,-39.3,-37.8,-37.2,-37.0,-37.3,-38.3,-40.0,-39.2,-40.0,-41.9,-43.8,-44.6,-43.8,-41.9,-43.7,-48.0,-50.0,-48.5,-44.3,-40.0,-38.0,-39.2,-40.7,-43.6,-45.7,-46.7,-46.2,-44.9,-42.7,-40.6,-39.5,-38.9,-39.0,-39.3,-41.9,-41.3,-42.1,-44.0,-45.9,-46.5,-45.7,-43.8,515.5,516.3,516.6,516.5,515.8,515.3,514.7,514.9,519.4,517.0,514.9,513.9,514.6,516.1,517.7,515.9,514.2,513.7,514.6,516.8,516.2,516.1,516.2,516.6,516.8,516.9,516.7,516.4,534.0,535.2,536.9,538.1,538.0,536.8,535.1,534.0,534.2,533.6,533.5,534.6,537.2,540.5,543.7,540.4,537.0,534.5,533.4,533.6,535.8,536.4,537.1,537.6,537.6,537.1,536.4,535.9,29.3,-11.4,648.4,0.142,-0.189,0.014,219.6,220.0,221.7,224.4,229.4,237.0,246.3,256.8,267.3,276.0,282.1,287.8,292.9,296.7,299.1,300.6,300.9,230.9,237.6,246.2,255.0,262.8,278.2,284.6,290.9,296.9,300.5,270.9,271.9,273.1,274.3,262.5,267.1,271.8,275.9,279.3,240.2,245.7,251.8,256.8,251.6,245.5,279.3,284.2,289.7,293.5,290.2,284.8,251.8,259.8,267.0,270.8,274.8,279.6,283.1,279.3,274.5,270.2,265.9,259.0,254.7,266.5,270.5,274.5,280.9,274.3,270.2,266.1,158.3,170.3,182.2,193.5,203.9,212.8,220.0,225.2,226.4,224.3,218.3,210.7,201.8,191.7,181.0,170.0,158.9,148.8,143.7,142.2,143.2,146.0,145.8,142.9,141.9,143.2,147.8,155.3,162.6,169.9,177.4,183.3,184.7,185.9,184.7,183.2,157.2,154.1,154.2,158.0,159.2,159.3,157.8,153.9,153.9,156.8,158.9,159.0,199.3,196.1,194.4,195.5,194.4,196.2,198.9,205.2,207.8,208.4,208.0,205.4,199.5,198.2,198.5,198.1,199.3,202.0,202.6,202.2,-52.7,-52.0,-49.4,-44.8,-35.9,-22.5,-6.4,11.6,29.5,44.8,56.7,67.9,77.6,84.5,88.7,91.5,92.2,-31.5,-20.4,-6.2,8.1,20.7,46.2,57.4,68.7,80.0,87.4,34.0,35.4,36.9,38.3,20.2,27.7,35.1,42.0,47.9,-16.1,-7.2,2.9,11.2,2.6,-7.4,49.1,57.6,67.2,74.3,68.1,58.5,2.9,16.1,27.5,33.9,40.5,49.0,56.1,48.9,40.4,33.1,25.9,14.8,7.8,26.9,33.5,40.2,52.1,39.9,33.0,26.3,-50.6,-29.9,-9.3,10.5,28.7,44.0,56.0,64.1,66.1,63.6,54.4,41.7,25.8,7.5,-11.8,-31.7,-51.9,-63.9,-71.8,-73.8,-71.8,-67.0,-68.3,-73.9,-76.6,-75.6,-68.7,-52.5,-40.1,-28.1,-15.9,-6.7,-4.5,-2.6,-4.6,-7.1,-50.0,-54.9,-54.8,-48.7,-46.5,-46.3,-49.7,-56.6,-56.9,-52.5,-48.4,-48.0,19.6,14.1,11.2,13.0,11.2,14.4,19.4,29.4,33.4,34.2,33.5,29.4,19.9,17.4,18.0,17.3,19.9,23.8,24.7,24.0,676.8,678.9,681.7,683.3,681.9,678.7,672.4,664.6,664.7,674.1,689.3,701.4,706.6,707.0,706.2,706.6,708.0,645.1,640.2,636.4,632.9,631.2,639.3,647.5,656.7,666.2,675.5,636.3,629.9,623.0,616.6,631.4,630.5,630.2,633.9,638.1,644.7,642.3,643.2,644.5,642.8,641.9,654.6,657.7,661.8,668.0,661.6,657.5,648.8,638.1,634.0,635.2,637.8,647.5,661.9,650.4,642.3,639.3,638.1,641.2,647.2,636.7,637.5,640.6,658.4,642.5,639.4,638.6,0.597,0.138,-0.248,0.022,267.585,180.504,-14.762,10.383,-3.622,15.584,6.731,-2.676,-3.016,3.659,2.929,-1.413,-0.08,0.355,0.542,-2.256,-1.978,0.175,0.791,0.982,-2.202,-0.543,0.443,-0.149,-0.187,-0.436,0.083,0.264,0.021,0.007,-0.064,0.01,-0.045,0.007,-0.012,0.001,0.41,0.32,0.0,0.26,0.0,0.0,0.38,0.0,0.0,0.17,0.0,0.0,0.0,0.0,0.4,0.24,0.0,0.0,1.0,0.0,0.0,0.0,0.0,0.0,0.0,0.0,0.0,0.0,0.0,0.0,0.0,1.0,1.0,1.0,0.0
PP133,g1,963,0,0.975,0.203542,0.154037,-0.966873,0.042919,0.151591,-0.987511,0.125,0.155,244.5,245.8,249.0,252.1,253.4,252.3,249.0,245.8,240.1,242.2,245.1,248.6,252.0,254.6,256.4,254.3,251.4,248.2,245.0,242.2,247.6,249.0,250.3,250.9,250.3,249.0,247.6,247.0,282.1,283.0,285.7,288.7,290.1,289.2,286.5,283.3,279.1,281.0,283.6,286.9,289.8,291.8,293.1,291.9,290.0,287.5,284.5,281.4,284.8,286.1,287.3,287.7,287.0,285.7,284.5,284.1,156.0,152.8,151.5,152.8,156.1,159.5,160.6,159.2,157.6,155.8,154.6,154.0,154.6,156.1,158.2,159.2,159.6,159.7,159.5,158.9,157.6,158.1,157.6,156.2,154.8,154.2,154.8,156.2,155.8,152.7,151.3,152.5,155.5,158.6,160.0,159.1,158.0,155.9,154.3,153.6,154.1,155.2,157.1,158.3,159.0,159.3,159.2,158.9,157.2,157.7,157.1,155.7,154.4,153.9,154.5,155.8,-7.3,-5.5,-1.4,2.8,4.5,3.1,-1.4,-5.5,-13.1,-10.3,-6.5,-1.9,2.6,6.1,8.4,5.7,1.8,-2.4,-6.5,-10.3,-3.2,-1.4,0.5,1.2,0.5,-1.4,-3.2,-4.0,43.8,45.1,49.0,53.2,55.2,53.8,49.9,45.4,39.7,42.3,45.9,50.4,54.6,57.8,59.9,57.9,54.9,51.2,47.0,42.9,47.6,49.4,51.2,51.8,50.9,49.1,47.4,46.8,-41.5,-45.8,-47.6,-45.8,-41.5,-36.9,-35.5,-37.3,-39.8,-42.0,-43.4,-44.1,-43.3,-41.5,-38.9,-37.4,-36.8,-36.5,-36.9,-37.9,-39.6,-38.8,-39.6,-41.5,-43.3,-44.1,-43.3,-41.5,-43.3,-47.6,-49.7,-48.1,-44.0,-39.6,-37.6,-38.8,-40.3,-43.2,-45.3,-46.4,-45.9,-44.6,-42.3,-40.3,-39.1,-38.5,-38.6,-39.0,-41.6,-40.9,-41.8,-43.7,-45.5,-46.2,-45.3,-43.4,515.8,516.5,516.9,516.7,516.0,515.6,515.0,515.2,519.7,517.3,515.1,514.2,514.8,516.3,517.9,516.1,514.4,513.9,514.9,517.1,516.4,516.3,516.5,516.8,517.1,517.2,517.0,516.7,533.3,534.5,536.2,537.4,537.3,536.1,534.5,533.4,533.6,533.0,532.9,533.9,536.5,539.8,543.0,539.7,536.3,533.9,532.8,533.0,535.2,535.7,536.4,537.0,537.0,536.5,535.7,535.2,29.0,-10.9,648.3,0.146,-0.183,0.01,219.4,219.9,221.6,224.4,229.5,237.1,246.4,256.9,267.5,276.1,282.3,288.0,293.1,296.8,299.1,300.6,300.8,230.6,237.2,245.8,254.6,262.5,277.8,284.3,290.6,296.6,300.3,270.6,271.6,272.8,274.0,262.3,266.9,271.5,275.6,279.1,240.0,245.4,251.5,256.6,251.4,245.2,279.0,283.9,289.4,293.2,289.9,284.5,251.7,259.7,266.8,270.7,274.6,279.5,283.0,279.3,274.4,270.1,265.7,258.9,254.7,266.4,270.4,274.4,280.8,274.1,270.1,265.9,158.5,170.5,182.4,193.7,204.2,213.1,220.3,225.5,226.6,224.5,218.4,210.7,201.7,191.6,180.9,170.0,158.9,149.3,144.1,142.5,143.5,146.4,146.1,143.2,142.1,143.4,148.0,155.6,162.9,170.1,177.6,183.6,185.0,186.1,184.9,183.4,157.6,154.5,154.6,158.3,159.6,159.7,158.1,154.1,154.1,157.0,159.1,159.2,199.7,196.4,194.7,195.7,194.6,196.4,199.2,205.5,208.2,208.8,208.5,205.9,199.9,198.5,198.8,198.3,199.6,202.4,203.0,202.6,-53.1,-52.3,-49.6,-44.8,-35.9,-22.4,-6.2,11.8,29.7,45.1,57.1,68.3,77.9,84.6,88.7,91.3,92.0,-32.0,-21.0,-6.8,7.5,20.2,45.5,56.8,68.2,79.5,86.9,33.5,34.8,36.3,37.8,19.9,27.3,34.7,41.5,47.5,-16.5,-7.6,2.5,10.8,2.2,-7.8,48.6,57.1,66.8,73.9,67.6,58.0,2.9,15.8,27.2,33.6,40.2,48.8,55.9,48.7,40.2,32.9,25.7,14.6,7.7,26.7,33.3,40.0,51.9,39.7,32.8,26.0,-50.3,-29.6,-8.9,10.9,29.2,44.6,56.5,64.7,66.6,63.9,54.5,41.6,25.7,7.4,-11.9,-31.7,-51.7,-63.2,-71.2,-73.3,-71.2,-66.4,-67.8,-73.4,-76.2,-75.2,-68.3,-52.0,-39.7,-27.7,-15.6,-6.3,-4.1,-2.2,-4.2,-6.7,-49.4,-54.3,-54.2,-48.2,-46.0,-45.7,-49.3,-56.2,-56.5,-52.1,-48.0,-47.5,20.3,14.6,11.6,13.4,11.6,14.7,19.8,30.0,34.1,34.9,34.3,30.2,20.5,17.9,18.4,17.7,20.4,24.5,25.4,24.7,677.4,679.6,682.6,684.1,682.7,679.4,673.0,665.1,665.2,674.6,689.6,701.4,706.4,706.4,705.5,705.8,707.1,645.3,640.2,636.2,632.6,630.9,638.8,646.9,656.1,665.6,675.0,636.1,629.7,622.8,616.4,631.5,630.5,630.2,633.8,638.0,644.7,642.3,643.2,644.4,642.9,642.0,654.3,657.3,661.4,667.5,661.2,657.1,649.0,638.1,633.9,635.1,637.7,647.3,661.7,650.4,642.5,639.6,638.4,641.4,647.4,636.7,637.5,640.5,658.2,642.6,639.5,638.8,0.597,0.142,-0.24,0.018,267.434,180.761,-14.743,11.373,-3.638,15.994,6.45,-3.562,-2.888,3.843,3.158,-1.473,-0.3,0.015,0.463,-2.141,-2.11,0.19,0.734,0.99,-2.205,-0.602,0.513,-0.203,-0.244,-0.436,0.055,0.244,0.016,0.014,-0.061,0.011,-0.052,0.0,-0.01,0.002,0.34,0.3,0.0,0.71,0.0,0.0,0.23,0.0,0.0,0.0,0.0,0.0,0.0,0.0,0.49,0.0,0.0,1.0,1.0,0.0,0.0,0.0,0.0,0.0,0.0,0.0,0.0,0.0,0.0,0.0,0.0,1.0,1.0,1.0,0.0
PP133,g1,969,0,0.975,0.205279,0.154735,-0.966394,0.045736,0.151417,-0.987411,0.128,0.155,243.9,245.2,248.4,251.6,252.9,251.7,248.4,245.2,239.5,241.6,244.5,248.0,251.4,254.0,255.8,253.7,250.8,247.6,244.4,241.6,247.0,248.4,249.7,250.3,249.7,248.4,247.0,246.4,281.4,282.4,285.1,288.1,289.5,288.6,285.8,282.6,278.4,280.4,283.0,286.3,289.2,291.2,292.5,291.3,289.4,286.9,283.9,280.8,284.1,285.4,286.6,287.0,286.4,285.1,283.9,283.5,156.1,152.9,151.6,152.9,156.1,159.6,160.7,159.3,157.7,155.8,154.6,154.0,154.7,156.2,158.3,159.3,159.7,159.8,159.6,159.0,157.6,158.2,157.6,156.2,154.8,154.2,154.8,156.2,155.9,152.8,151.4,152.6,155.7,158.8,160.1,159.2,158.1,156.0,154.4,153.7,154.2,155.4,157.2,158.5,159.1,159.4,159.3,159.1,157.3,157.8,157.2,155.8,154.5,154.0,154.6,155.9,-8.1,-6.3,-2.1,2.0,3.8,2.3,-2.2,-6.3,-13.9,-11.1,-7.3,-2.7,1.8,5.3,7.6,4.9,1.0,-3.2,-7.3,-11.1,-4.0,-2.2,-0.3,0.4,-0.3,-2.2,-4.0,-4.8,42.8,44.2,48.1,52.2,54.2,52.8,48.9,44.4,38.7,41.3,44.9,49.4,53.7,56.8,58.9,56.9,53.9,50.2,46.1,41.9,46.6,48.5,50.2,50.8,49.9,48.1,46.4,45.8,-41.3,-45.6,-47.4,-45.6,-41.3,-36.7,-35.3,-37.0,-39.6,-41.8,-43.2,-43.9,-43.1,-41.2,-38.6,-37.1,-36.5,-36.3,-36.7,-37.7,-39.4,-38.6,-39.3,-41.2,-43.1,-43.9,-43.1,-41.2,-43.0,-47.4,-49.4,-47.9,-43.7,-39.3,-37.3,-38.5,-40.0,-42.9,-45.0,-46.1,-45.6,-44.3,-42.0,-40.0,-38.8,-38.2,-38.3,-38.7,-41.3,-40.6,-41.5,-43.4,-45.2,-45.9,-45.0,-43.1,514.1,514.8,515.1,514.9,514.3,513.9,513.3,513.5,518.0,515.6,513.4,512.5,513.1,514.5,516.1,514.4,512.7,512.2,513.3,515.4,514.7,514.6,514.8,515.1,515.3,515.4,515.3,515.0,531.8,533.0,534.7,535.8,535.8,534.6,532.9,531.9,532.1,531.4,531.3,532.4,535.0,538.3,541.5,538.2,534.8,532.4,531.3,531.4,533.7,534.2,534.9,535.4,535.5,534.9,534.2,533.7,28.0,-10.8,648.1,0.148,-0.185,0.01,218.7,219.2,221.0,223.8,228.9,236.6,245.9,256.4,266.9,275.6,281.8,287.4,292.4,296.1,298.4,299.8,300.1,230.0,236.6,245.2,254.1,262.0,277.3,283.7,290.0,296.0,299.7,270.0,271.1,272.3,273.4,261.7,266.3,271.0,275.0,278.5,239.4,244.8,250.9,256.0,250.8,244.6,278.4,283.3,288.8,292.6,289.3,283.9,251.2,259.1,266.2,270.1,274.0,278.8,282.3,278.6,273.8,269.5,265.2,258.3,254.1,265.8,269.8,273.7,280.1,273.5,269.5,265.4,158.4,170.5,182.4,193.8,204.3,213.2,220.4,225.5,226.6,224.5,218.3,210.6,201.6,191.5,181.0,170.1,159.1,149.3,144.1,142.5,143.6,146.5,146.2,143.3,142.3,143.5,148.1,155.7,163.1,170.3,177.9,183.8,185.2,186.3,185.1,183.6,157.6,154.5,154.6,158.4,159.7,159.8,158.2,154.2,154.2,157.1,159.3,159.4,199.8,196.6,194.8,195.9,194.8,196.6,199.3,205.6,208.3,208.9,208.5,206.0,200.0,198.6,198.9,198.5,199.7,202.4,203.0,202.7,-54.3,-53.5,-50.8,-45.9,-36.9,-23.3,-7.1,10.9,28.8,44.2,56.1,67.2,76.7,83.3,87.4,90.0,90.6,-33.1,-22.0,-7.7,6.6,19.4,44.6,55.8,67.2,78.4,85.8,32.6,34.0,35.5,37.0,18.9,26.4,33.8,40.6,46.5,-17.5,-8.6,1.5,9.8,1.2,-8.9,47.5,56.0,65.7,72.8,66.6,57.0,1.9,14.9,26.3,32.6,39.2,47.7,54.7,47.6,39.1,31.9,24.8,13.7,6.8,25.8,32.3,38.9,50.7,38.7,31.9,25.1,-50.5,-29.6,-8.9,11.1,29.4,44.8,56.7,64.7,66.6,63.8,54.4,41.4,25.5,7.3,-11.8,-31.4,-51.3,-63.1,-71.1,-73.2,-71.1,-66.2,-67.5,-73.1,-75.9,-75.0,-68.1,-51.8,-39.4,-27.4,-15.2,-6.0,-3.8,-1.9,-3.9,-6.4,-49.3,-54.2,-54.1,-48.0,-45.8,-45.6,-49.1,-56.0,-56.4,-51.9,-47.8,-47.3,20.4,14.9,11.9,13.7,11.9,15.0,20.0,30.1,34.2,35.0,34.4,30.3,20.7,18.2,18.7,18.0,20.6,24.5,25.4,24.8,677.5,679.8,682.8,684.3,682.9,679.5,673.1,665.1,665.2,674.6,689.6,701.4,706.3,706.1,705.2,705.5,706.8,644.8,639.8,635.7,632.1,630.4,638.4,646.6,655.8,665.4,674.9,635.7,629.3,622.5,616.0,631.2,630.2,629.9,633.5,637.6,644.3,641.9,642.7,644.0,642.4,641.6,654.1,657.1,661.3,667.5,661.1,657.0,648.8,637.9,633.7,634.9,637.5,647.1,661.6,650.2,642.2,639.3,638.1,641.0,647.1,636.5,637.4,640.4,658.0,642.3,639.2,638.5,0.597,0.144,-0.24,0.018,266.832,180.852,-13.792,12.728,-3.96,16.3,6.826,-3.276,-3.07,4.1,2.984,-1.419,-0.233,0.176,0.44,-2.043,-2.013,0.108,0.774,0.959,-2.218,-0.441,0.539,-0.155,-0.227,-0.365,0.042,0.253,0.04,0.007,-0.06,0.011,-0.044,0.004,-0.01,-0.002,0.27,0.19,0.0,0.64,0.0,0.0,0.19,0.0,0.0,0.0,0.0,0.0,0.0,0.0,0.5,0.04,0.0,1.0,1.0,0.0,1.0,0.0,0.0,0.0,0.0,0.0,0.0,0.0,0.0,0.0,0.0,1.0,1.0,0.0,0.0
PP133,g1,974,0,0.975,0.202718,0.155292,-0.966845,0.043307,0.152498,-0.987354,0.125,0.156,243.2,244.5,247.6,250.8,252.1,251.0,247.7,244.5,238.8,240.9,243.7,247.2,250.7,253.3,255.1,253.0,250.1,246.9,243.7,240.9,246.3,247.6,249.0,249.6,249.0,247.6,246.3,245.7,280.8,281.7,284.5,287.5,288.9,288.0,285.3,282.0,277.8,279.7,282.4,285.7,288.6,290.7,291.9,290.8,288.8,286.3,283.3,280.2,283.5,284.8,286.1,286.5,285.8,284.5,283.3,282.9,156.4,153.2,151.8,153.2,156.4,159.9,160.9,159.6,158.0,156.1,154.9,154.3,155.0,156.4,158.5,159.6,159.9,160.1,159.9,159.3,157.9,158.5,157.9,156.5,155.1,154.5,155.1,156.5,156.0,152.9,151.5,152.7,155.8,158.9,160.3,159.3,158.3,156.1,154.5,153.8,154.3,155.5,157.3,158.6,159.3,159.6,159.5,159.2,157.4,157.9,157.3,156.0,154.6,154.1,154.7,156.1,-9.0,-7.3,-3.1,1.1,2.8,1.4,-3.1,-7.3,-14.8,-12.1,-8.2,-3.6,0.9,4.3,6.7,4.0,0.1,-4.1,-8.3,-12.0,-4.9,-3.1,-1.3,-0.5,-1.3,-3.1,-4.9,-5.7,41.9,43.2,47.1,51.3,53.3,51.9,48.0,43.5,37.8,40.4,43.9,48.5,52.7,55.9,58.0,56.0,53.0,49.3,45.1,41.0,45.7,47.5,49.3,49.8,49.0,47.2,45.4,44.9,-40.9,-45.2,-47.0,-45.2,-41.0,-36.3,-34.9,-36.7,-39.2,-41.4,-42.8,-43.5,-42.7,-40.9,-38.3,-36.8,-36.2,-35.9,-36.3,-37.3,-39.0,-38.2,-39.0,-40.9,-42.7,-43.5,-42.7,-40.9,-42.7,-47.1,-49.1,-47.6,-43.4,-39.1,-37.1,-38.3,-39.8,-42.6,-44.7,-45.8,-45.3,-44.1,-41.8,-39.8,-38.6,-38.0,-38.0,-38.4,-41.0,-40.3,-41.2,-43.1,-45.0,-45.6,-44.7,-42.8,514.1,514.7,515.0,514.8,514.2,513.8,513.3,513.5,518.0,515.6,513.4,512.4,513.0,514.4,516.1,514.3,512.6,512.2,513.2,515.4,514.7,514.6,514.7,515.0,515.3,515.4,515.2,514.9,530.6,531.8,533.4,534.6,534.6,533.4,531.7,530.7,530.9,530.2,530.1,531.1,533.7,537.1,540.3,536.9,533.6,531.2,530.1,530.2,532.4,533.0,533.7,534.2,534.2,533.7,533.0,532.5,27.1,-10.5,648.2,0.148,-0.18,0.006,218.2,218.8,220.5,223.4,228.5,236.2,245.5,256.0,266.5,275.2,281.4,287.0,292.1,295.7,298.0,299.4,299.7,229.2,235.8,244.4,253.2,261.1,276.6,283.1,289.4,295.4,299.1,269.3,270.3,271.5,272.7,261.0,265.7,270.3,274.4,277.9,238.7,244.0,250.2,255.3,250.0,243.9,277.8,282.7,288.2,292.1,288.8,283.3,250.6,258.5,265.5,269.4,273.4,278.2,281.8,278.0,273.3,268.9,264.6,257.8,253.5,265.2,269.2,273.2,279.6,273.0,268.9,264.8,158.7,170.8,182.7,194.1,204.6,213.5,220.6,225.7,226.7,224.6,218.4,210.7,201.7,191.6,181.0,170.1,159.1,149.6,144.4,142.8,143.8,146.7,146.3,143.4,142.4,143.5,148.1,155.9,163.3,170.6,178.2,184.1,185.5,186.7,185.4,183.8,157.9,154.8,154.9,158.6,159.9,160.1,158.3,154.3,154.3,157.2,159.4,159.5,200.0,196.9,195.2,196.3,195.1,196.8,199.4,205.6,208.2,208.8,208.5,206.0,200.2,199.0,199.3,198.8,199.9,202.4,203.0,202.7,-55.2,-54.4,-51.5,-46.7,-37.6,-24.0,-7.7,10.2,28.1,43.4,55.4,66.5,76.1,82.6,86.7,89.3,89.9,-34.3,-23.3,-9.1,5.2,17.9,43.5,54.7,66.1,77.4,84.8,31.4,32.8,34.3,35.8,17.9,25.3,32.8,39.6,45.5,-18.7,-9.8,0.3,8.7,0.1,-10.0,46.5,55.0,64.7,71.8,65.6,56.0,1.0,13.9,25.2,31.6,38.2,46.8,53.9,46.7,38.2,31.0,23.9,12.8,5.9,24.7,31.3,38.0,49.9,37.8,30.9,24.2,-50.0,-29.2,-8.4,11.6,29.9,45.2,57.0,65.0,66.8,64.1,54.6,41.7,25.7,7.5,-11.7,-31.4,-51.4,-62.6,-70.6,-72.7,-70.7,-65.9,-67.3,-72.9,-75.7,-74.8,-68.0,-51.5,-39.0,-26.9,-14.6,-5.4,-3.3,-1.4,-3.4,-6.0,-48.9,-53.7,-53.7,-47.6,-45.4,-45.1,-48.8,-55.8,-56.1,-51.7,-47.6,-47.1,20.8,15.4,12.5,14.2,12.4,15.5,20.2,30.1,34.0,34.8,34.3,30.4,21.1,18.7,19.2,18.5,20.8,24.4,25.4,24.8,678.1,680.5,683.5,685.1,683.6,680.0,673.5,665.4,665.3,674.6,689.7,701.6,706.4,706.3,705.2,705.3,706.6,645.5,640.3,636.1,632.4,630.6,638.4,646.5,655.6,665.1,674.5,635.8,629.4,622.5,616.1,631.6,630.5,630.1,633.6,637.7,644.8,642.3,643.0,644.2,642.7,642.0,654.0,657.0,661.1,667.2,660.9,656.9,649.1,638.3,634.0,635.2,637.8,647.3,661.6,650.1,642.1,639.2,638.1,641.2,647.3,636.8,637.6,640.6,658.0,642.3,639.2,638.5,0.597,0.144,-0.234,0.014,266.25,181.037,-13.253,12.202,-4.787,16.113,6.761,-2.168,-3.628,3.992,2.78,-1.621,-0.502,0.352,0.652,-2.064,-1.941,0.098,0.55,1.064,-2.284,-0.634,0.441,-0.206,-0.204,-0.371,0.07,0.203,0.021,0.013,-0.068,0.009,-0.045,0.003,-0.011,0.003,0.27,0.38,0.0,1.2,0.0,0.0,0.16,0.0,0.0,0.13,0.0,0.0,0.0,0.0,0.34,0.13,0.0,1.0,1.0,0.0,1.0,0.0,0.0,0.0,0.0,0.0,0.0,0.0,0.0,0.0,0.0,1.0,1.0,1.0,0.0
PP133,g1,980,0,0.975,0.201698,0.15489,-0.967123,0.041993,0.151811,-0.987517,0.124,0.156,242.6,243.8,247.0,250.1,251.5,250.4,247.1,243.9,238.2,240.3,243.1,246.6,250.0,252.6,254.4,252.4,249.5,246.3,243.1,240.3,245.6,247.0,248.4,249.0,248.4,247.0,245.6,245.1,280.3,281.2,284.0,286.9,288.4,287.5,284.7,281.5,277.3,279.2,281.9,285.1,288.1,290.1,291.4,290.2,288.3,285.7,282.7,279.7,283.0,284.3,285.5,285.9,285.3,284.0,282.8,282.4,156.9,153.6,152.3,153.6,156.8,160.2,161.3,160.0,158.4,156.6,155.4,154.8,155.4,156.8,158.8,159.9,160.3,160.5,160.3,159.7,158.3,158.9,158.3,156.9,155.5,154.9,155.5,156.9,156.2,153.1,151.7,152.9,155.9,159.1,160.4,159.5,158.4,156.3,154.8,154.0,154.5,155.6,157.4,158.7,159.4,159.7,159.7,159.4,157.6,158.1,157.5,156.1,154.8,154.3,154.9,156.3,-9.8,-8.2,-4.0,0.2,2.0,0.6,-3.9,-8.1,-15.7,-12.9,-9.1,-4.5,0.0,3.5,5.9,3.1,-0.7,-4.9,-9.1,-12.8,-5.8,-3.9,-2.1,-1.4,-2.1,-4.0,-5.8,-6.5,41.2,42.6,46.5,50.7,52.7,51.3,47.4,42.9,37.2,39.8,43.3,47.9,52.1,55.3,57.4,55.4,52.4,48.7,44.5,40.4,45.1,46.9,48.6,49.2,48.4,46.5,44.8,44.2,-40.6,-44.9,-46.7,-45.0,-40.7,-36.1,-34.6,-36.3,-38.8,-41.0,-42.4,-43.1,-42.4,-40.6,-38.1,-36.5,-35.9,-35.5,-35.9,-36.9,-38.7,-37.9,-38.7,-40.6,-42.5,-43.2,-42.4,-40.5,-42.6,-46.9,-49.0,-47.5,-43.3,-38.9,-36.9,-38.1,-39.6,-42.4,-44.5,-45.6,-45.2,-43.9,-41.7,-39.7,-38.5,-37.9,-37.9,-38.2,-40.9,-40.2,-41.1,-43.0,-44.8,-45.5,-44.6,-42.7,517.0,517.6,517.9,517.7,517.2,516.8,516.3,516.5,521.0,518.5,516.3,515.3,515.9,517.4,519.1,517.3,515.7,515.2,516.3,518.4,517.6,517.6,517.7,518.0,518.2,518.3,518.1,517.9,531.9,533.1,534.7,535.9,535.9,534.7,533.1,532.0,532.3,531.6,531.4,532.4,535.0,538.4,541.6,538.2,534.9,532.5,531.4,531.6,533.8,534.3,535.0,535.5,535.5,535.0,534.3,533.8,26.4,-10.4,650.5,0.14,-0.175,0.001,217.8,218.5,220.2,222.9,228.0,235.7,245.0,255.7,266.2,275.0,281.3,287.0,292.0,295.5,297.7,299.1,299.4,228.5,235.1,243.7,252.4,260.4,275.9,282.4,288.7,294.9,298.7,268.6,269.7,270.9,272.1,260.4,265.1,269.8,273.9,277.4,238.1,243.4,249.5,254.6,249.4,243.3,277.2,282.2,287.7,291.5,288.2,282.8,250.2,258.3,265.0,268.9,272.9,277.7,281.6,277.7,273.0,268.7,264.4,257.7,253.1,264.7,268.7,272.7,279.5,272.7,268.6,264.5,159.2,171.1,182.9,194.1,204.5,213.3,220.3,225.2,226.2,224.1,218.1,210.5,201.5,191.4,180.8,169.9,158.9,150.2,145.1,143.5,144.5,147.3,146.8,143.9,142.7,143.8,148.2,156.2,163.7,171.1,178.8,184.7,186.0,187.2,185.9,184.3,158.3,155.3,155.3,158.9,160.3,160.5,158.5,154.6,154.5,157.3,159.5,159.7,200.0,197.5,195.9,197.0,195.8,197.2,199.3,204.4,206.6,207.2,206.9,204.9,200.3,199.6,199.9,199.4,199.7,201.0,201.6,201.3,-56.2,-55.3,-52.5,-47.8,-38.8,-25.0,-8.6,9.7,27.7,43.3,55.5,66.8,76.4,82.8,86.7,89.2,89.7,-35.7,-24.6,-10.3,4.0,16.8,42.5,53.8,65.2,76.6,84.4,30.4,31.8,33.4,34.9,17.0,24.5,32.0,38.9,44.9,-19.7,-10.9,-0.8,7.6,-0.9,-11.1,45.8,54.3,64.0,71.2,64.9,55.3,0.3,13.5,24.5,30.9,37.6,46.1,53.7,46.2,37.9,30.7,23.6,12.7,5.2,24.0,30.6,37.5,49.8,37.4,30.5,23.8,-49.4,-28.7,-8.2,11.7,29.9,45.1,56.7,64.5,66.1,63.4,54.2,41.5,25.5,7.2,-12.2,-31.9,-52.0,-62.1,-69.9,-72.0,-69.9,-65.3,-66.8,-72.5,-75.4,-74.7,-68.1,-51.2,-38.5,-26.2,-13.7,-4.6,-2.4,-0.5,-2.6,-5.2,-48.4,-53.2,-53.2,-47.3,-44.9,-44.6,-48.8,-55.6,-56.0,-51.7,-47.5,-47.0,20.9,16.3,13.7,15.5,13.6,16.2,20.0,28.2,31.4,32.2,31.7,28.6,21.2,19.9,20.4,19.6,20.7,22.2,23.1,22.6,682.2,684.3,687.3,688.8,687.1,683.1,675.8,667.0,666.6,676.3,692.2,704.8,710.4,710.5,709.4,709.0,709.9,649.5,643.9,639.7,635.8,633.7,641.2,649.0,658.0,667.3,676.7,638.8,632.2,625.2,618.7,634.6,633.3,632.8,636.3,640.5,648.3,645.6,646.2,647.4,645.8,645.2,656.9,659.8,663.7,669.7,663.5,659.6,651.5,641.1,637.2,638.3,640.8,650.1,664.1,651.3,642.9,639.9,638.9,642.6,649.4,639.7,640.5,643.5,660.1,643.3,640.2,639.6,0.595,0.138,-0.228,0.008,265.798,181.096,-6.896,10.376,-9.048,13.069,5.384,2.962,-6.049,2.959,1.905,-1.072,-0.717,1.127,0.081,-1.987,-1.801,0.038,-0.149,1.118,-1.964,-1.179,0.211,-0.495,-0.064,-0.365,0.069,-0.023,-0.048,-0.003,-0.092,-0.005,-0.039,0.009,-0.007,-0.002,0.45,0.23,0.0,0.39,0.0,0.0,0.4,0.0,0.0,0.37,0.0,0.0,0.0,0.0,0.0,0.0,0.0,1.0,1.0,0.0,0.0,0.0,0.0,1.0,0.0,0.0,1.0,0.0,0.0,0.0,0.0,0.0,0.0,1.0,0.0
PP133,g1,986,0,0.975,0.200117,0.153677,-0.967645,0.039213,0.150962,-0.987761,0.122,0.155,242.2,243.5,246.6,249.8,251.1,250.1,246.7,243.5,237.9,239.9,242.7,246.2,249.6,252.3,254.1,252.0,249.1,245.9,242.8,239.9,245.3,246.7,248.0,248.6,248.0,246.6,245.2,244.7,280.0,280.9,283.6,286.6,288.1,287.2,284.4,281.2,277.0,278.9,281.5,284.8,287.8,289.8,291.1,290.0,288.0,285.5,282.4,279.4,282.7,284.0,285.2,285.6,285.0,283.7,282.5,282.1,157.4,154.1,152.8,154.1,157.3,160.8,161.9,160.6,158.9,157.1,155.9,155.3,155.9,157.3,159.3,160.4,160.8,161.1,160.9,160.2,158.8,159.4,158.8,157.4,156.0,155.4,156.0,157.4,156.7,153.6,152.2,153.3,156.4,159.5,160.9,160.0,158.9,156.8,155.2,154.5,154.9,156.1,157.8,159.1,159.8,160.2,160.1,159.8,158.0,158.5,157.9,156.6,155.2,154.7,155.3,156.7,-10.3,-8.7,-4.5,-0.3,1.5,0.1,-4.4,-8.6,-16.2,-13.4,-9.6,-5.0,-0.5,3.0,5.4,2.7,-1.2,-5.4,-9.6,-13.3,-6.3,-4.4,-2.6,-1.9,-2.6,-4.5,-6.3,-7.0,40.8,42.1,46.0,50.2,52.2,50.9,46.9,42.4,36.7,39.3,42.9,47.4,51.6,54.8,56.9,55.0,52.0,48.3,44.1,39.9,44.7,46.5,48.2,48.8,47.9,46.1,44.4,43.8,-39.9,-44.2,-46.0,-44.3,-40.0,-35.4,-33.9,-35.6,-38.1,-40.3,-41.7,-42.4,-41.7,-39.9,-37.4,-35.8,-35.2,-34.9,-35.2,-36.2,-38.0,-37.2,-38.0,-39.9,-41.8,-42.5,-41.7,-39.8,-41.9,-46.3,-48.3,-46.8,-42.7,-38.3,-36.3,-37.4,-38.9,-41.8,-43.9,-45.0,-44.5,-43.3,-41.1,-39.1,-37.8,-37.2,-37.2,-37.6,-40.2,-39.5,-40.4,-42.4,-44.2,-44.8,-43.9,-42.0,516.9,517.5,517.8,517.6,517.0,516.7,516.1,516.3,520.9,518.4,516.1,515.1,515.8,517.2,518.9,517.2,515.5,515.1,516.1,518.3,517.5,517.4,517.5,517.8,518.0,518.1,518.0,517.7,531.3,532.4,534.0,535.2,535.2,534.0,532.4,531.4,531.6,530.9,530.8,531.7,534.3,537.7,540.9,537.5,534.2,531.8,530.7,530.9,533.1,533.6,534.3,534.8,534.8,534.3,533.6,533.1,26.0,-9.9,651.9,0.14,-0.172,-0.001,217.7,218.3,220.0,222.8,227.8,235.5,244.9,255.4,266.0,274.7,281.1,286.8,291.9,295.4,297.6,299.0,299.2,228.1,234.7,243.3,252.1,260.0,275.5,282.0,288.4,294.6,298.5,268.2,269.3,270.5,271.6,260.1,264.7,269.4,273.5,277.0,237.7,243.0,249.2,254.2,249.1,242.9,276.9,281.9,287.4,291.3,287.9,282.5,249.8,257.9,264.7,268.6,272.6,277.4,281.4,277.5,272.8,268.4,264.1,257.4,252.8,264.3,268.4,272.5,279.3,272.4,268.3,264.2,159.8,171.6,183.2,194.4,204.7,213.5,220.4,225.4,226.4,224.3,218.3,210.7,201.8,191.7,181.1,170.3,159.2,150.8,145.7,144.1,145.1,147.8,147.3,144.4,143.2,144.3,148.7,156.7,164.2,171.7,179.3,185.1,186.5,187.6,186.3,184.7,158.9,155.8,155.8,159.4,160.8,161.0,159.0,155.0,155.0,157.7,160.0,160.1,200.2,197.7,196.2,197.3,196.1,197.5,199.4,204.5,206.8,207.3,207.1,205.1,200.4,199.9,200.2,199.6,199.9,201.1,201.8,201.5,-56.7,-55.7,-52.9,-48.1,-39.1,-25.4,-8.9,9.3,27.3,42.9,55.2,66.6,76.3,82.8,86.6,89.1,89.6,-36.5,-25.3,-11.0,3.4,16.3,41.9,53.3,64.8,76.3,84.2,29.8,31.2,32.8,34.3,16.4,23.9,31.5,38.4,44.4,-20.4,-11.5,-1.4,7.0,-1.6,-11.7,45.4,53.9,63.6,70.9,64.6,54.9,-0.3,13.0,24.0,30.4,37.2,45.8,53.5,45.9,37.6,30.3,23.1,12.2,4.6,23.5,30.2,37.1,49.6,37.0,30.1,23.3,-48.6,-28.0,-7.5,12.3,30.4,45.5,57.1,64.9,66.6,63.9,54.7,42.0,26.1,7.7,-11.6,-31.4,-51.5,-61.2,-69.1,-71.2,-69.2,-64.5,-66.1,-71.8,-74.8,-74.0,-67.3,-50.5,-37.8,-25.4,-13.0,-3.9,-1.7,0.2,-1.9,-4.6,-47.7,-52.5,-52.5,-46.6,-44.2,-43.9,-48.1,-55.0,-55.4,-51.1,-46.9,-46.3,21.3,16.8,14.3,16.0,14.1,16.6,20.3,28.5,31.8,32.6,32.1,29.0,21.6,20.4,20.9,20.0,21.0,22.5,23.5,23.0,684.1,686.2,689.1,690.5,688.9,684.9,677.6,668.6,668.2,677.8,693.7,706.3,711.9,712.1,711.1,710.7,711.6,651.5,645.7,641.3,637.3,635.1,642.2,650.0,659.1,668.4,677.9,640.1,633.5,626.5,620.0,636.0,634.7,634.1,637.6,641.8,650.1,647.3,647.9,649.0,647.5,646.9,658.2,661.0,664.9,670.9,664.7,660.9,653.2,642.6,638.6,639.7,642.2,651.4,665.5,652.7,644.2,641.2,640.3,644.2,651.1,641.1,641.9,644.9,661.6,644.6,641.5,641.0,0.593,0.138,-0.224,0.006,265.506,181.451,-5.5,9.473,-8.457,12.401,5.655,3.218,-6.407,2.968,1.765,-1.118,-0.799,0.972,0.071,-1.82,-1.728,-0.157,-0.353,1.153,-1.785,-1.069,0.207,-0.456,0.033,-0.285,0.097,-0.063,-0.028,-0.009,-0.097,-0.012,-0.044,0.01,-0.006,0.001,0.43,0.1,0.0,0.78,0.0,0.0,0.25,0.0,0.0,0.38,0.0,0.0,0.0,0.0,0.0,0.0,0.0,1.0,1.0,0.0,1.0,0.0,0.0,0.0,0.0,0.0,1.0,0.0,0.0,0.0,0.0,0.0,0.0,1.0,0.0
PP133,g1,992,0,0.975,0.194248,0.16036,-0.967756,0.03238,0.156723,-0.987112,0.115,0.161,241.9,243.2,246.3,249.4,250.8,249.7,246.4,243.2,237.6,239.6,242.4,245.9,249.3,251.9,253.7,251.7,248.8,245.6,242.4,239.6,245.0,246.3,247.7,248.3,247.7,246.3,244.9,244.4,279.7,280.6,283.4,286.4,287.9,286.9,284.2,280.9,276.7,278.6,281.3,284.5,287.5,289.6,290.9,289.7,287.8,285.2,282.1,279.1,282.4,283.8,285.0,285.4,284.7,283.4,282.2,281.8,157.5,154.3,152.9,154.2,157.4,160.9,162.0,160.7,159.0,157.3,156.1,155.5,156.0,157.5,159.4,160.5,160.9,161.1,160.9,160.3,158.9,159.5,158.9,157.5,156.1,155.6,156.1,157.6,156.8,153.6,152.2,153.4,156.4,159.5,161.0,160.1,158.9,156.9,155.3,154.6,155.0,156.1,157.8,159.1,159.8,160.2,160.1,159.9,158.1,158.6,158.0,156.6,155.3,154.8,155.4,156.8,-10.8,-9.1,-4.9,-0.7,1.0,-0.4,-4.8,-9.0,-16.6,-13.9,-10.0,-5.5,-0.9,2.5,5.0,2.2,-1.6,-5.9,-10.0,-13.8,-6.7,-4.9,-3.0,-2.3,-3.1,-4.9,-6.7,-7.5,40.3,41.7,45.6,49.8,51.8,50.4,46.5,42.0,36.3,38.9,42.4,47.0,51.2,54.4,56.6,54.6,51.6,47.8,43.6,39.5,44.2,46.1,47.8,48.4,47.5,45.6,43.9,43.3,-39.9,-44.2,-46.0,-44.3,-40.0,-35.4,-33.9,-35.6,-38.1,-40.3,-41.7,-42.4,-41.7,-39.9,-37.4,-35.9,-35.2,-34.9,-35.2,-36.2,-38.0,-37.2,-38.0,-39.9,-41.8,-42.5,-41.7,-39.8,-41.8,-46.1,-48.2,-46.7,-42.6,-38.2,-36.1,-37.3,-38.8,-41.6,-43.7,-44.8,-44.4,-43.2,-41.0,-39.0,-37.8,-37.2,-37.2,-37.5,-40.1,-39.4,-40.3,-42.2,-44.1,-44.7,-43.8,-41.9,518.9,519.5,519.8,519.6,519.0,518.7,518.2,518.4,522.9,520.4,518.2,517.1,517.8,519.2,520.9,519.2,517.5,517.1,518.1,520.3,519.5,519.4,519.6,519.8,520.1,520.1,520.0,519.8,530.7,531.8,533.4,534.5,534.5,533.4,531.8,530.8,531.1,530.3,530.2,531.1,533.6,537.0,540.2,536.8,533.6,531.2,530.1,530.4,532.5,533.0,533.7,534.2,534.2,533.7,533.0,532.5,25.6,-10.1,652.8,0.149,-0.159,-0.005,217.4,218.2,219.9,222.7,227.8,235.6,245.0,255.5,266.0,274.8,281.3,287.2,292.2,295.7,297.8,299.0,299.2,227.7,234.2,242.8,251.6,259.6,275.1,281.7,288.1,294.4,298.3,267.8,268.9,270.0,271.2,259.6,264.3,269.0,273.2,276.8,237.4,242.7,248.8,253.9,248.7,242.6,276.6,281.6,287.1,291.1,287.7,282.2,249.2,257.3,264.2,268.2,272.4,277.3,281.4,277.3,272.5,268.1,263.7,256.9,252.1,263.9,268.0,272.2,279.3,272.2,268.0,263.8,159.6,171.4,183.1,194.3,204.6,213.3,220.2,225.2,226.2,223.9,217.6,209.9,201.0,191.1,180.6,169.9,159.1,151.0,145.9,144.3,145.3,148.0,147.5,144.5,143.3,144.4,148.8,156.9,164.4,171.8,179.5,185.2,186.5,187.7,186.4,184.7,158.9,156.0,156.0,159.5,160.9,161.1,159.0,155.1,155.0,157.8,160.0,160.1,199.8,197.5,196.1,197.2,196.0,197.2,198.9,204.1,206.4,207.1,206.8,204.8,200.0,199.8,200.1,199.4,199.4,200.9,201.6,201.3,-57.3,-56.2,-53.3,-48.5,-39.3,-25.3,-8.7,9.4,27.4,43.2,55.7,67.3,77.0,83.3,86.9,89.2,89.6,-37.3,-26.2,-11.8,2.6,15.7,41.3,52.7,64.4,76.0,83.8,29.3,30.7,32.2,33.6,15.7,23.3,31.0,37.9,44.0,-20.9,-12.1,-2.0,6.5,-2.1,-12.2,44.9,53.5,63.2,70.6,64.1,54.5,-1.4,12.1,23.3,29.9,36.9,45.6,53.7,45.7,37.2,29.7,22.5,11.3,3.5,22.9,29.7,36.7,49.7,36.7,29.6,22.6,-49.0,-28.3,-7.8,12.1,30.3,45.4,57.0,64.8,66.3,63.3,53.6,40.7,24.7,6.5,-12.6,-32.0,-51.8,-61.0,-68.9,-71.1,-69.0,-64.2,-65.8,-71.6,-74.6,-73.8,-67.1,-50.2,-37.5,-25.1,-12.6,-3.8,-1.6,0.3,-1.8,-4.5,-47.6,-52.3,-52.4,-46.5,-44.2,-43.8,-48.0,-54.8,-55.3,-51.1,-46.9,-46.3,20.6,16.5,14.2,15.8,13.9,16.2,19.4,27.8,31.3,32.2,31.7,28.5,21.0,20.2,20.7,19.8,20.2,22.1,23.2,22.7,686.9,689.2,692.1,693.5,691.7,687.5,679.8,670.5,669.9,679.4,695.2,707.5,712.6,712.4,711.2,710.8,711.8,653.2,647.1,642.3,638.0,635.6,642.4,650.2,659.2,668.5,678.2,640.6,634.0,626.9,620.5,637.1,635.6,634.9,638.3,642.5,651.3,648.4,648.8,650.0,648.4,648.0,658.8,661.5,665.2,671.1,665.0,661.3,655.1,644.2,639.8,640.9,643.4,652.7,667.1,654.0,645.3,642.2,641.4,645.6,653.0,642.3,643.1,646.1,663.2,645.7,642.6,642.1,0.592,0.146,-0.209,0.002,265.268,181.339,-3.576,11.451,-6.675,10.95,5.786,3.889,-7.466,2.69,1.231,-0.702,-0.951,1.017,0.077,-1.645,-1.732,-0.347,-0.697,1.226,-1.691,-1.155,0.137,-0.608,0.043,-0.22,0.125,-0.16,-0.02,0.003,-0.113,-0.019,-0.049,0.015,0.0,-0.003,0.55,0.26,0.0,0.34,0.0,0.0,0.35,0.0,0.0,0.99,0.0,0.0,0.0,0.0,0.0,0.0,0.0,1.0,1.0,0.0,1.0,0.0,0.0,1.0,0.0,0.0,1.0,0.0,0.0,0.0,0.0,0.0,0.0,1.0,0.0
PP133,g1,998,0,0.975,0.191064,0.166926,-0.96728,0.028501,0.163095,-0.986199,0.112,0.167,242.1,243.3,246.5,249.6,250.9,249.9,246.5,243.4,237.8,239.8,242.6,246.0,249.5,252.1,253.9,251.8,248.9,245.7,242.6,239.8,245.1,246.5,247.9,248.4,247.9,246.5,245.1,244.5,279.8,280.7,283.5,286.5,288.0,287.1,284.3,281.1,276.9,278.8,281.4,284.7,287.7,289.8,291.1,289.9,287.9,285.3,282.3,279.2,282.6,283.9,285.1,285.5,284.9,283.6,282.3,282.0,157.4,154.2,152.9,154.2,157.3,160.8,161.9,160.6,159.0,157.2,156.0,155.5,156.0,157.4,159.4,160.5,160.9,161.1,160.9,160.2,158.9,159.5,158.9,157.5,156.1,155.5,156.1,157.5,156.7,153.5,152.1,153.2,156.3,159.4,160.8,160.0,158.8,156.8,155.2,154.5,154.9,156.0,157.7,159.0,159.7,160.0,160.0,159.8,158.0,158.5,157.9,156.5,155.2,154.7,155.3,156.7,-10.6,-8.9,-4.7,-0.5,1.2,-0.2,-4.6,-8.8,-16.4,-13.7,-9.8,-5.3,-0.7,2.7,5.2,2.4,-1.4,-5.6,-9.8,-13.6,-6.5,-4.7,-2.8,-2.1,-2.9,-4.7,-6.5,-7.3,40.5,41.9,45.8,50.0,52.0,50.7,46.8,42.2,36.5,39.1,42.6,47.2,51.4,54.7,56.8,54.9,51.8,48.1,43.8,39.7,44.5,46.3,48.0,48.6,47.7,45.9,44.1,43.6,-40.1,-44.4,-46.2,-44.5,-40.2,-35.5,-34.0,-35.8,-38.3,-40.5,-41.8,-42.5,-41.8,-40.1,-37.6,-36.0,-35.4,-35.1,-35.4,-36.4,-38.1,-37.4,-38.2,-40.1,-41.9,-42.7,-41.9,-40.0,-41.9,-46.3,-48.4,-46.9,-42.7,-38.3,-36.3,-37.4,-39.0,-41.7,-43.8,-44.9,-44.5,-43.4,-41.3,-39.2,-38.0,-37.4,-37.3,-37.6,-40.2,-39.6,-40.5,-42.4,-44.2,-44.9,-44.0,-42.1,520.3,520.8,521.1,520.9,520.4,520.0,519.5,519.7,524.3,521.8,519.5,518.5,519.1,520.6,522.2,520.5,518.9,518.5,519.5,521.7,520.9,520.8,520.9,521.2,521.4,521.5,521.4,521.1,530.8,531.9,533.5,534.6,534.6,533.4,531.9,530.9,531.2,530.4,530.2,531.1,533.7,537.0,540.2,536.9,533.6,531.2,530.2,530.5,532.6,533.1,533.8,534.2,534.3,533.8,533.1,532.6,25.9,-10.4,652.7,0.158,-0.155,-0.006,217.7,218.4,220.1,222.8,227.8,235.6,245.0,255.6,266.2,275.1,281.7,287.6,292.7,296.1,298.1,299.4,299.5,227.8,234.3,242.9,251.7,259.7,275.2,281.8,288.3,294.6,298.5,267.9,269.0,270.1,271.2,259.7,264.4,269.2,273.3,276.9,237.6,242.9,249.0,254.1,248.9,242.8,276.7,281.8,287.3,291.3,287.8,282.4,249.2,257.4,264.3,268.3,272.5,277.5,281.8,277.6,272.7,268.3,263.8,257.0,252.0,264.0,268.2,272.4,279.6,272.4,268.1,263.9,159.3,171.0,182.6,193.8,204.1,212.8,219.9,225.0,226.0,223.7,217.3,209.6,200.7,190.6,180.2,169.5,158.6,151.0,145.9,144.3,145.3,148.1,147.5,144.5,143.3,144.3,148.7,156.9,164.4,171.9,179.6,185.1,186.5,187.7,186.3,184.7,158.9,156.0,155.9,159.5,160.8,161.0,158.9,155.0,154.9,157.6,159.8,160.0,199.4,197.3,196.0,197.0,195.8,196.9,198.4,203.7,206.1,206.8,206.5,204.5,199.7,199.6,199.9,199.3,199.0,200.6,201.3,201.1,-56.9,-55.8,-53.0,-48.3,-39.3,-25.4,-8.7,9.6,27.7,43.7,56.4,68.1,77.9,84.1,87.7,89.8,90.2,-37.1,-26.0,-11.7,2.7,15.8,41.3,52.8,64.5,76.2,84.2,29.4,30.8,32.3,33.7,15.8,23.5,31.1,38.1,44.3,-20.6,-11.8,-1.7,6.8,-1.8,-11.9,45.1,53.7,63.4,70.8,64.3,54.7,-1.4,12.2,23.5,30.1,37.1,46.0,54.3,46.2,37.6,30.0,22.7,11.5,3.4,23.1,29.9,37.1,50.3,37.0,29.8,22.9,-49.7,-29.1,-8.7,11.2,29.4,44.6,56.4,64.4,66.0,62.9,53.1,40.0,24.0,5.7,-13.4,-32.8,-52.6,-61.0,-68.9,-71.1,-68.9,-64.1,-65.7,-71.5,-74.6,-73.8,-67.3,-50.2,-37.5,-25.0,-12.5,-3.9,-1.6,0.3,-1.9,-4.7,-47.7,-52.3,-52.4,-46.6,-44.3,-43.9,-48.1,-54.9,-55.4,-51.3,-47.1,-46.5,20.0,16.2,14.0,15.7,13.7,15.8,18.7,27.2,30.8,31.7,31.2,28.1,20.4,19.9,20.5,19.4,19.5,21.7,22.8,22.3,687.2,689.5,692.5,694.0,692.4,688.3,680.6,671.1,670.4,679.8,695.6,707.9,713.0,712.7,711.3,710.8,711.5,653.3,647.0,642.1,637.7,635.2,641.8,649.4,658.3,667.6,677.3,640.2,633.7,626.7,620.3,637.2,635.6,634.8,638.3,642.4,651.2,648.2,648.6,649.7,648.2,647.8,658.3,660.9,664.6,670.4,664.4,660.8,655.5,644.4,639.9,641.0,643.4,652.8,667.4,654.0,645.1,642.1,641.3,645.8,653.4,642.5,643.2,646.2,663.4,645.6,642.5,642.2,0.592,0.154,-0.204,0.002,265.432,181.148,-2.058,10.831,-6.136,9.876,4.886,4.356,-7.729,2.703,1.068,-0.465,-1.503,1.164,-0.082,-1.552,-1.648,-0.437,-0.728,1.278,-1.685,-0.999,0.175,-0.627,0.028,-0.165,0.05,-0.166,-0.03,0.002,-0.113,-0.026,-0.045,0.011,-0.0,-0.009,0.44,0.0,0.0,0.43,0.0,0.0,0.52,0.0,0.0,1.24,0.0,0.0,0.0,0.0,0.0,0.0,0.0,0.0,1.0,0.0,0.0,0.0,0.0,1.0,0.0,0.0,1.0,0.0,0.0,0.0,0.0,0.0,0.0,1.0,0.0
PP133,g1,1004,0,0.975,0.191425,0.166261,-0.967323,0.02828,0.162369,-0.986325,0.112,0.167,242.5,243.8,246.9,250.0,251.4,250.3,247.0,243.8,238.2,240.2,243.1,246.5,249.9,252.5,254.3,252.2,249.4,246.2,243.1,240.3,245.6,246.9,248.3,248.9,248.3,246.9,245.5,245.0,280.2,281.1,283.9,286.9,288.4,287.5,284.7,281.4,277.2,279.1,281.8,285.1,288.0,290.1,291.4,290.3,288.3,285.7,282.7,279.6,283.0,284.3,285.5,285.9,285.2,283.9,282.7,282.3,157.2,154.1,152.7,154.0,157.2,160.6,161.7,160.4,158.8,157.0,155.9,155.3,155.9,157.3,159.2,160.3,160.7,160.9,160.7,160.0,158.7,159.3,158.7,157.3,155.9,155.3,155.9,157.3,156.6,153.4,152.0,153.2,156.2,159.3,160.7,159.9,158.7,156.7,155.1,154.4,154.8,155.9,157.6,158.9,159.6,159.9,159.9,159.7,157.9,158.4,157.8,156.4,155.1,154.6,155.2,156.6,-10.0,-8.3,-4.1,0.1,1.8,0.4,-4.1,-8.2,-15.8,-13.1,-9.3,-4.7,-0.1,3.3,5.7,3.0,-0.9,-5.1,-9.3,-13.0,-5.9,-4.1,-2.3,-1.5,-2.3,-4.1,-6.0,-6.7,41.2,42.5,46.4,50.6,52.7,51.3,47.4,42.9,37.2,39.7,43.3,47.8,52.1,55.3,57.5,55.5,52.4,48.7,44.5,40.3,45.1,46.9,48.7,49.2,48.4,46.5,44.8,44.2,-40.4,-44.7,-46.5,-44.8,-40.5,-35.9,-34.4,-36.1,-38.6,-40.8,-42.2,-42.9,-42.2,-40.4,-37.9,-36.3,-35.7,-35.4,-35.8,-36.8,-38.5,-37.7,-38.5,-40.4,-42.3,-43.0,-42.2,-40.3,-42.2,-46.5,-48.6,-47.1,-43.0,-38.6,-36.5,-37.7,-39.2,-42.0,-44.1,-45.1,-44.8,-43.6,-41.5,-39.4,-38.2,-37.6,-37.6,-37.9,-40.5,-39.8,-40.7,-42.6,-44.5,-45.1,-44.2,-42.3,521.6,522.2,522.4,522.3,521.7,521.3,520.8,521.0,525.6,523.1,520.8,519.8,520.5,521.9,523.6,521.8,520.2,519.7,520.8,523.0,522.2,522.1,522.2,522.5,522.7,522.8,522.7,522.4,532.5,533.6,535.2,536.3,536.3,535.1,533.5,532.6,532.9,532.1,531.9,532.8,535.4,538.7,541.9,538.6,535.3,532.9,531.9,532.2,534.3,534.8,535.5,536.0,536.0,535.5,534.8,534.3,26.5,-10.6,653.6,0.157,-0.156,-0.003,218.1,218.8,220.5,223.1,228.1,235.8,245.2,255.8,266.4,275.3,281.8,287.8,292.8,296.3,298.4,299.6,299.8,228.3,234.8,243.4,252.1,260.2,275.6,282.2,288.7,295.0,298.9,268.4,269.4,270.5,271.6,260.0,264.8,269.5,273.7,277.3,238.1,243.4,249.4,254.5,249.3,243.3,277.1,282.1,287.6,291.6,288.2,282.7,249.4,257.7,264.6,268.6,272.9,277.9,282.1,277.9,273.0,268.5,264.1,257.2,252.3,264.3,268.5,272.7,279.9,272.7,268.4,264.2,159.1,170.8,182.4,193.6,203.9,212.6,219.7,224.8,225.8,223.6,217.2,209.5,200.6,190.7,180.2,169.5,158.7,150.9,145.8,144.2,145.2,148.0,147.5,144.5,143.3,144.4,148.8,156.8,164.3,171.8,179.5,184.9,186.3,187.5,186.1,184.5,158.7,155.8,155.8,159.3,160.6,160.8,158.8,155.0,154.9,157.6,159.7,159.9,199.2,197.1,195.8,196.8,195.6,196.7,198.3,203.7,206.1,206.7,206.5,204.4,199.5,199.3,199.7,199.0,198.8,200.5,201.3,201.0,-56.2,-55.2,-52.4,-47.8,-38.9,-25.0,-8.4,9.9,28.1,44.1,56.8,68.5,78.3,84.6,88.2,90.5,90.9,-36.4,-25.3,-10.9,3.5,16.6,42.1,53.6,65.3,77.0,84.9,30.1,31.5,33.0,34.4,16.4,24.1,31.7,38.7,44.9,-19.9,-11.0,-1.0,7.5,-1.1,-11.2,45.8,54.5,64.1,71.5,65.0,55.4,-1.0,12.7,24.0,30.6,37.7,46.6,54.9,46.7,38.1,30.5,23.2,11.9,3.9,23.6,30.4,37.6,50.9,37.6,30.4,23.4,-50.0,-29.4,-9.0,10.8,29.0,44.3,56.1,64.2,65.9,62.8,53.0,40.0,24.0,5.8,-13.3,-32.7,-52.5,-61.3,-69.1,-71.3,-69.1,-64.3,-65.9,-71.6,-74.6,-73.9,-67.3,-50.5,-37.7,-25.3,-12.8,-4.3,-1.9,0.0,-2.2,-5.0,-48.1,-52.7,-52.7,-46.9,-44.6,-44.3,-48.4,-55.2,-55.6,-51.5,-47.3,-46.8,19.6,15.8,13.6,15.3,13.3,15.4,18.5,27.1,30.7,31.7,31.2,27.9,20.1,19.5,20.1,19.1,19.3,21.6,22.7,22.2,687.9,690.2,693.1,694.6,693.1,689.0,681.4,671.8,671.3,680.7,696.5,708.8,713.9,713.7,712.4,711.8,712.7,654.1,647.8,643.0,638.6,636.1,642.9,650.5,659.5,668.8,678.5,641.1,634.6,627.6,621.3,638.0,636.5,635.7,639.2,643.3,652.0,649.1,649.5,650.7,649.1,648.7,659.4,662.0,665.6,671.5,665.4,661.9,656.4,645.3,640.8,641.8,644.3,653.7,668.3,655.1,646.2,643.2,642.4,646.8,654.4,643.3,644.1,647.1,664.4,646.7,643.5,643.2,0.591,0.154,-0.206,0.005,265.763,181.027,-2.414,10.701,-5.436,9.801,4.868,4.004,-7.562,2.725,1.394,-0.518,-1.315,1.063,0.019,-1.527,-1.552,-0.374,-0.624,1.384,-1.651,-1.012,0.249,-0.648,0.037,-0.174,0.0,-0.152,-0.026,0.001,-0.115,-0.021,-0.047,0.018,-0.001,-0.007,0.03,0.0,0.0,0.15,0.0,0.0,0.36,0.0,0.0,1.31,0.0,0.0,0.0,0.0,0.0,0.0,0.0,0.0,1.0,0.0,1.0,0.0,0.0,1.0,0.0,0.0,1.0,0.0,0.0,0.0,0.0,0.0,0.0,1.0,0.0
PP133,g1,1010,0,0.975,0.186884,0.1649,-0.968443,0.024681,0.161051,-0.986637,0.108,0.165,242.3,243.5,246.7,249.8,251.1,250.1,246.7,243.6,238.0,240.0,242.8,246.2,249.7,252.2,254.0,252.0,249.1,245.9,242.8,240.1,245.3,246.7,248.1,248.6,248.1,246.7,245.3,244.8,280.0,280.9,283.7,286.7,288.1,287.2,284.5,281.2,277.0,278.9,281.6,284.8,287.8,289.9,291.2,290.0,288.0,285.5,282.4,279.4,282.7,284.1,285.3,285.7,285.0,283.7,282.5,282.1,157.3,154.1,152.7,154.0,157.2,160.6,161.7,160.4,158.8,157.1,155.9,155.3,155.9,157.3,159.2,160.3,160.7,160.9,160.7,160.1,158.7,159.3,158.7,157.3,155.9,155.4,156.0,157.4,156.6,153.4,152.0,153.2,156.2,159.3,160.7,159.8,158.7,156.7,155.1,154.4,154.8,155.9,157.6,158.9,159.6,159.9,159.9,159.7,157.9,158.4,157.8,156.4,155.1,154.6,155.2,156.6,-10.3,-8.6,-4.5,-0.3,1.5,0.1,-4.4,-8.6,-16.1,-13.4,-9.6,-5.0,-0.5,3.0,5.4,2.7,-1.2,-5.4,-9.6,-13.3,-6.2,-4.4,-2.6,-1.8,-2.6,-4.4,-6.3,-7.0,40.9,42.3,46.2,50.4,52.4,51.1,47.1,42.6,36.9,39.5,43.0,47.6,51.8,55.1,57.2,55.3,52.2,48.4,44.2,40.1,44.8,46.7,48.4,49.0,48.1,46.3,44.5,44.0,-40.4,-44.8,-46.6,-44.8,-40.6,-35.9,-34.4,-36.2,-38.7,-40.8,-42.2,-42.9,-42.2,-40.5,-38.0,-36.4,-35.8,-35.5,-35.8,-36.8,-38.5,-37.8,-38.6,-40.4,-42.3,-43.1,-42.3,-40.4,-42.2,-46.6,-48.7,-47.2,-43.0,-38.6,-36.6,-37.8,-39.3,-42.1,-44.1,-45.2,-44.8,-43.6,-41.5,-39.5,-38.3,-37.7,-37.6,-38.0,-40.5,-39.9,-40.8,-42.7,-44.5,-45.2,-44.3,-42.4,522.6,523.2,523.5,523.3,522.7,522.4,521.9,522.1,526.7,524.2,521.9,520.8,521.5,522.9,524.6,522.8,521.2,520.8,521.9,524.1,523.2,523.1,523.3,523.5,523.7,523.8,523.7,523.5,533.2,534.3,535.9,537.0,536.9,535.8,534.2,533.3,533.6,532.9,532.6,533.5,536.0,539.4,542.6,539.2,536.0,533.6,532.6,532.9,535.0,535.5,536.1,536.6,536.7,536.2,535.5,535.0,26.2,-10.6,654.7,0.155,-0.149,-0.006,218.1,218.8,220.5,223.2,228.2,235.9,245.3,255.8,266.3,275.3,281.9,287.8,292.9,296.3,298.3,299.6,299.8,228.1,234.5,243.1,251.8,259.9,275.3,282.0,288.5,294.8,298.7,268.1,269.1,270.2,271.3,259.8,264.5,269.3,273.4,277.0,237.9,243.1,249.2,254.2,249.1,243.0,276.9,281.9,287.4,291.4,287.9,282.5,249.4,257.5,264.4,268.4,272.6,277.6,281.9,277.6,272.8,268.3,263.9,257.1,252.2,264.1,268.2,272.4,279.7,272.4,268.2,264.0,159.2,170.9,182.5,193.6,203.9,212.6,219.7,224.8,225.8,223.5,217.1,209.4,200.5,190.5,180.1,169.5,158.8,151.0,146.0,144.3,145.3,148.1,147.5,144.6,143.4,144.5,148.9,156.8,164.3,171.7,179.4,184.9,186.3,187.5,186.1,184.4,158.7,155.8,155.8,159.3,160.7,160.8,158.8,155.0,154.9,157.6,159.7,159.9,199.2,197.1,195.8,196.8,195.6,196.7,198.3,203.6,206.0,206.6,206.3,204.3,199.5,199.3,199.6,199.0,198.8,200.4,201.2,200.9,-56.4,-55.3,-52.4,-47.8,-38.8,-24.9,-8.3,9.9,28.1,44.1,56.9,68.7,78.5,84.7,88.3,90.5,90.9,-36.8,-25.7,-11.4,3.0,16.1,41.8,53.3,65.1,76.8,84.7,29.8,31.1,32.6,34.0,16.1,23.7,31.4,38.4,44.6,-20.3,-11.5,-1.4,7.1,-1.5,-11.6,45.5,54.2,63.9,71.3,64.7,55.1,-1.1,12.5,23.7,30.3,37.3,46.2,54.6,46.4,37.7,30.2,23.0,11.7,3.7,23.3,30.1,37.3,50.5,37.2,30.1,23.1,-49.9,-29.4,-8.9,10.9,29.2,44.4,56.2,64.3,65.9,62.8,52.9,39.8,23.8,5.5,-13.5,-32.8,-52.5,-61.3,-69.1,-71.3,-69.1,-64.3,-65.9,-71.6,-74.6,-73.8,-67.2,-50.5,-37.8,-25.4,-12.9,-4.3,-2.0,-0.1,-2.3,-5.0,-48.1,-52.8,-52.8,-47.0,-44.7,-44.4,-48.5,-55.3,-55.7,-51.6,-47.4,-46.9,19.7,15.8,13.6,15.3,13.4,15.4,18.5,27.0,30.6,31.5,31.0,27.8,20.1,19.5,20.1,19.1,19.3,21.5,22.6,22.1,690.0,692.3,695.2,696.6,694.9,690.7,683.0,673.3,672.4,681.8,697.5,709.7,714.8,714.5,713.1,712.6,713.4,655.9,649.5,644.6,640.1,637.5,644.1,651.8,660.7,670.0,679.7,642.3,635.7,628.7,622.2,639.2,637.6,636.8,640.2,644.3,653.7,650.7,651.0,652.1,650.6,650.3,660.6,663.2,666.8,672.6,666.6,663.1,657.8,646.6,642.0,643.0,645.4,654.8,669.4,656.1,647.2,644.3,643.5,648.0,655.8,644.6,645.3,648.2,665.5,647.7,644.6,644.3,0.59,0.152,-0.199,0.002,265.604,181.017,-1.977,11.466,-5.533,10.117,4.941,4.097,-7.855,2.55,1.794,-0.648,-1.15,1.277,-0.003,-1.811,-1.377,-0.403,-0.583,1.39,-1.666,-0.936,0.111,-0.613,0.141,-0.153,-0.083,-0.155,-0.012,0.013,-0.128,-0.018,-0.042,0.013,-0.003,-0.005,0.39,0.03,0.0,0.42,0.0,0.0,0.5,0.0,0.0,0.99,0.0,0.0,0.0,0.0,0.0,0.0,0.0,0.0,1.0,0.0,1.0,0.0,0.0,1.0,0.0,0.0,1.0,0.0,0.0,0.0,0.0,0.0,0.0,1.0,0.0
PP133,g1,1015,0,0.975,0.186716,0.1631,-0.96878,0.023954,0.159784,-0.986861,0.107,0.164,242.2,243.5,246.6,249.8,251.1,250.1,246.7,243.6,238.0,240.0,242.8,246.2,249.6,252.2,254.0,252.0,249.1,245.9,242.8,240.0,245.3,246.7,248.1,248.6,248.0,246.6,245.3,244.7,280.0,280.9,283.7,286.7,288.2,287.3,284.5,281.2,277.0,278.9,281.6,284.8,287.8,289.9,291.3,290.1,288.1,285.5,282.4,279.4,282.8,284.1,285.3,285.7,285.0,283.7,282.5,282.1,157.5,154.3,153.0,154.2,157.4,160.9,162.0,160.7,159.1,157.3,156.1,155.5,156.1,157.5,159.4,160.5,160.9,161.2,161.0,160.3,159.0,159.5,159.0,157.6,156.2,155.6,156.2,157.6,156.7,153.5,152.1,153.3,156.3,159.4,160.9,160.0,158.9,156.8,155.3,154.5,154.9,156.0,157.7,159.0,159.7,160.1,160.0,159.8,158.0,158.5,157.9,156.5,155.2,154.7,155.3,156.7,-10.4,-8.7,-4.5,-0.3,1.5,0.1,-4.4,-8.6,-16.2,-13.4,-9.6,-5.0,-0.5,3.0,5.4,2.7,-1.2,-5.4,-9.6,-13.3,-6.3,-4.4,-2.6,-1.9,-2.6,-4.5,-6.3,-7.0,40.8,42.1,46.0,50.2,52.3,50.9,47.0,42.5,36.8,39.3,42.9,47.4,51.7,54.9,57.1,55.1,52.1,48.3,44.1,39.9,44.7,46.5,48.2,48.8,47.9,46.1,44.4,43.8,-40.0,-44.3,-46.1,-44.4,-40.1,-35.5,-34.0,-35.7,-38.2,-40.4,-41.7,-42.5,-41.8,-40.0,-37.5,-36.0,-35.3,-35.0,-35.3,-36.3,-38.1,-37.3,-38.1,-40.0,-41.9,-42.6,-41.8,-39.9,-41.9,-46.3,-48.4,-46.9,-42.7,-38.3,-36.3,-37.4,-38.9,-41.7,-43.8,-44.9,-44.5,-43.3,-41.2,-39.2,-38.0,-37.3,-37.3,-37.6,-40.2,-39.6,-40.5,-42.4,-44.2,-44.9,-44.0,-42.0,520.8,521.4,521.7,521.4,520.9,520.6,520.1,520.3,524.9,522.4,520.1,519.0,519.6,521.1,522.7,521.0,519.4,519.0,520.1,522.3,521.4,521.3,521.4,521.7,521.9,522.0,521.9,521.7,531.1,532.2,533.8,534.8,534.8,533.7,532.1,531.2,531.5,530.8,530.5,531.4,533.9,537.3,540.5,537.1,533.9,531.5,530.5,530.8,532.9,533.4,534.0,534.5,534.5,534.1,533.4,532.9,26.3,-10.3,654.3,0.153,-0.149,-0.009,218.1,218.9,220.7,223.4,228.4,236.2,245.5,256.0,266.5,275.4,282.0,287.9,293.0,296.4,298.5,299.7,299.8,228.0,234.4,243.0,251.7,259.8,275.3,281.9,288.5,294.8,298.7,268.1,269.1,270.2,271.3,259.8,264.6,269.3,273.5,277.1,237.8,243.1,249.1,254.2,249.1,243.0,276.9,281.9,287.4,291.4,288.0,282.5,249.5,257.6,264.5,268.5,272.7,277.7,282.0,277.8,273.0,268.5,264.1,257.2,252.3,264.2,268.4,272.6,279.8,272.6,268.3,264.1,159.5,171.2,182.8,194.0,204.2,212.9,219.9,225.0,225.9,223.6,217.3,209.6,200.7,190.7,180.2,169.6,158.8,151.3,146.1,144.5,145.4,148.2,147.6,144.6,143.4,144.4,148.9,156.9,164.4,171.9,179.6,185.1,186.5,187.6,186.3,184.6,159.0,156.1,156.0,159.6,160.9,161.1,159.0,155.1,155.0,157.6,159.8,160.0,199.4,197.3,196.0,197.0,195.8,196.9,198.4,203.7,206.0,206.7,206.4,204.4,199.7,199.5,199.8,199.2,198.9,200.5,201.3,201.0,-56.3,-55.1,-52.1,-47.4,-38.4,-24.4,-7.9,10.3,28.4,44.3,57.1,68.9,78.6,84.9,88.4,90.6,91.0,-37.0,-25.9,-11.6,2.8,16.0,41.7,53.2,65.0,76.7,84.8,29.7,31.0,32.5,34.0,16.1,23.8,31.5,38.5,44.6,-20.4,-11.5,-1.4,7.1,-1.6,-11.7,45.5,54.1,63.9,71.3,64.8,55.1,-0.9,12.6,23.9,30.5,37.5,46.5,54.8,46.6,38.0,30.4,23.2,12.0,3.9,23.5,30.3,37.5,50.8,37.4,30.3,23.3,-49.4,-28.8,-8.3,11.5,29.7,44.9,56.6,64.5,66.1,63.0,53.2,40.1,24.1,5.9,-13.2,-32.7,-52.5,-60.8,-68.7,-71.0,-68.9,-64.1,-65.8,-71.5,-74.6,-73.8,-67.2,-50.2,-37.5,-25.1,-12.6,-4.0,-1.7,0.2,-2.0,-4.8,-47.7,-52.3,-52.4,-46.6,-44.3,-43.9,-48.2,-55.0,-55.5,-51.4,-47.2,-46.6,20.0,16.2,13.9,15.6,13.6,15.7,18.6,27.1,30.7,31.6,31.2,28.0,20.5,19.8,20.4,19.3,19.4,21.6,22.7,22.2,689.7,691.9,694.7,696.1,694.4,690.3,682.6,672.9,672.0,681.3,697.0,709.2,714.4,714.1,712.8,712.3,713.2,655.8,649.3,644.3,639.7,637.1,643.6,651.2,660.2,669.5,679.3,642.0,635.4,628.3,621.8,638.9,637.3,636.4,639.8,643.9,653.5,650.4,650.7,651.8,650.3,650.0,660.1,662.7,666.3,672.2,666.1,662.6,657.5,646.3,641.6,642.6,645.0,654.3,668.9,655.6,646.7,643.8,643.1,647.6,655.3,644.2,644.9,647.8,665.0,647.2,644.2,643.9,0.591,0.15,-0.198,-0.001,265.67,181.178,-1.78,10.714,-5.639,10.295,5.312,4.442,-7.975,2.607,1.434,-0.757,-1.467,1.327,-0.057,-1.627,-1.376,-0.394,-0.742,1.269,-1.709,-1.002,0.118,-0.691,0.019,-0.207,0.026,-0.183,-0.009,0.012,-0.124,-0.02,-0.042,0.015,0.002,-0.006,0.38,0.0,0.0,0.58,0.0,0.0,0.37,0.0,0.0,1.13,0.0,0.0,0.0,0.0,0.0,0.0,0.0,0.0,1.0,0.0,1.0,0.0,0.0,1.0,0.0,0.0,1.0,0.0,0.0,0.0,0.0,0.0,0.0,1.0,0.0
PP133,g1,1021,0,0.975,0.183514,0.164337,-0.969183,0.021294,0.161423,-0.986655,0.104,0.165,242.0,243.2,246.3,249.5,250.8,249.8,246.4,243.3,237.7,239.7,242.5,245.9,249.3,251.9,253.7,251.7,248.8,245.6,242.5,239.8,245.0,246.4,247.8,248.3,247.7,246.4,245.0,244.4,279.7,280.6,283.3,286.4,287.9,286.9,284.2,280.9,276.7,278.6,281.2,284.5,287.5,289.6,290.9,289.8,287.8,285.2,282.1,279.1,282.4,283.8,285.0,285.4,284.7,283.4,282.2,281.8,157.7,154.5,153.1,154.4,157.5,161.0,162.1,160.8,159.2,157.5,156.3,155.7,156.2,157.6,159.6,160.6,161.1,161.3,161.1,160.5,159.1,159.7,159.1,157.7,156.3,155.7,156.3,157.7,156.8,153.6,152.2,153.3,156.4,159.5,160.9,160.1,159.0,156.9,155.3,154.6,155.0,156.1,157.8,159.1,159.8,160.1,160.1,159.9,158.1,158.6,158.0,156.6,155.3,154.8,155.4,156.8,-10.8,-9.1,-4.9,-0.7,1.1,-0.3,-4.8,-9.0,-16.6,-13.8,-10.0,-5.5,-0.9,2.6,5.0,2.3,-1.6,-5.8,-10.0,-13.7,-6.7,-4.8,-3.0,-2.3,-3.0,-4.9,-6.7,-7.4,40.4,41.7,45.6,49.9,51.9,50.6,46.6,42.1,36.4,38.9,42.5,47.0,51.3,54.6,56.7,54.7,51.7,47.9,43.7,39.5,44.3,46.2,47.9,48.5,47.6,45.7,44.0,43.4,-39.9,-44.3,-46.1,-44.4,-40.1,-35.5,-33.9,-35.7,-38.2,-40.3,-41.7,-42.4,-41.8,-40.0,-37.5,-36.0,-35.3,-35.0,-35.3,-36.3,-38.0,-37.3,-38.1,-40.0,-41.9,-42.6,-41.8,-39.9,-41.8,-46.2,-48.3,-46.8,-42.7,-38.3,-36.2,-37.4,-38.9,-41.7,-43.7,-44.9,-44.5,-43.3,-41.2,-39.2,-37.9,-37.3,-37.3,-37.6,-40.2,-39.5,-40.4,-42.4,-44.2,-44.8,-43.9,-42.0,522.8,523.3,523.5,523.3,522.8,522.5,522.0,522.2,526.8,524.3,522.0,520.9,521.5,523.0,524.6,522.9,521.3,520.9,522.0,524.2,523.3,523.2,523.3,523.6,523.8,523.9,523.8,523.6,531.9,533.0,534.5,535.6,535.6,534.5,532.9,532.0,532.3,531.6,531.3,532.2,534.7,538.0,541.3,537.9,534.7,532.3,531.3,531.6,533.7,534.2,534.8,535.3,535.3,534.9,534.2,533.7,25.9,-10.2,655.1,0.154,-0.143,-0.01,218.0,218.8,220.5,223.2,228.3,236.0,245.3,255.8,266.3,275.3,281.9,287.9,292.9,296.4,298.4,299.6,299.7,227.8,234.2,242.7,251.4,259.4,274.9,281.5,288.0,294.4,298.4,267.7,268.6,269.8,270.8,259.5,264.2,268.9,273.1,276.7,237.6,242.8,248.8,253.9,248.8,242.7,276.6,281.6,287.1,291.1,287.7,282.2,249.3,257.3,264.1,268.2,272.4,277.4,281.7,277.5,272.6,268.1,263.7,256.9,252.1,263.9,268.0,272.2,279.5,272.2,268.0,263.8,159.6,171.3,182.9,194.0,204.3,213.0,220.0,225.1,226.0,223.7,217.3,209.6,200.7,190.7,180.3,169.6,158.8,151.3,146.2,144.6,145.5,148.2,147.6,144.6,143.4,144.4,148.8,157.0,164.5,172.0,179.7,185.2,186.6,187.7,186.4,184.7,159.1,156.2,156.2,159.7,161.0,161.2,159.0,155.1,155.0,157.7,159.9,160.1,199.5,197.4,196.1,197.1,195.8,197.0,198.5,203.8,206.1,206.8,206.5,204.5,199.8,199.6,199.9,199.3,199.1,200.6,201.4,201.1,-56.6,-55.4,-52.5,-47.8,-38.7,-24.8,-8.2,10.0,28.1,44.1,57.0,68.8,78.5,84.8,88.3,90.4,90.8,-37.3,-26.3,-12.0,2.3,15.3,41.1,52.6,64.3,76.1,84.2,29.0,30.4,31.8,33.2,15.5,23.2,30.8,37.9,44.0,-20.8,-12.0,-1.9,6.5,-2.1,-12.1,45.0,53.6,63.3,70.8,64.3,54.7,-1.3,12.2,23.3,29.9,37.0,45.9,54.4,46.1,37.5,29.9,22.6,11.5,3.6,22.9,29.8,36.9,50.3,36.9,29.7,22.7,-49.3,-28.7,-8.3,11.6,29.9,45.1,56.9,64.8,66.3,63.2,53.3,40.2,24.2,5.9,-13.2,-32.7,-52.5,-60.8,-68.7,-70.9,-68.9,-64.2,-65.8,-71.6,-74.6,-73.9,-67.3,-50.2,-37.5,-25.0,-12.5,-3.8,-1.5,0.4,-1.9,-4.6,-47.5,-52.2,-52.3,-46.5,-44.1,-43.8,-48.1,-54.9,-55.4,-51.3,-47.1,-46.5,20.3,16.4,14.1,15.7,13.8,15.8,18.9,27.3,30.9,31.8,31.4,28.3,20.7,20.0,20.6,19.5,19.7,21.7,22.9,22.4,690.7,693.0,695.9,697.3,695.6,691.3,683.5,673.8,672.9,682.1,697.6,709.7,714.7,714.4,713.0,712.4,713.2,656.7,650.3,645.3,640.7,638.1,644.4,651.8,660.6,669.7,679.2,642.8,636.3,629.3,622.9,640.0,638.3,637.4,640.7,644.7,654.4,651.4,651.6,652.6,651.2,651.0,660.7,663.2,666.7,672.4,666.5,663.1,658.3,647.1,642.5,643.5,645.8,655.0,669.4,656.2,647.5,644.6,644.0,648.5,656.2,645.1,645.7,648.6,665.5,648.0,645.0,644.8,0.59,0.151,-0.191,-0.003,265.381,181.254,-2.814,10.741,-6.427,10.147,4.854,4.289,-7.567,2.575,1.095,-0.724,-1.521,1.281,-0.054,-1.598,-1.453,-0.416,-0.835,1.46,-1.649,-1.112,0.116,-0.607,0.052,-0.24,-0.011,-0.165,-0.019,0.01,-0.119,-0.026,-0.042,0.014,0.0,-0.006,0.48,0.0,0.0,0.49,0.0,0.0,0.45,0.0,0.01,1.34,0.0,0.0,0.0,0.0,0.0,0.0,0.0,0.0,1.0,0.0,1.0,0.0,0.0,1.0,0.0,0.0,1.0,0.0,0.0,0.0,0.0,0.0,0.0,1.0,0.0
PP133,g1,1027,0,0.975,0.180513,0.163139,-0.969949,0.018324,0.160358,-0.986889,0.101,0.164,241.6,242.9,246.0,249.2,250.5,249.5,246.1,243.0,237.4,239.4,242.2,245.6,249.0,251.6,253.5,251.4,248.5,245.3,242.2,239.4,244.7,246.1,247.5,248.0,247.4,246.1,244.7,244.1,279.5,280.4,283.1,286.2,287.7,286.8,284.0,280.7,276.5,278.4,281.0,284.3,287.3,289.4,290.8,289.6,287.6,285.0,281.9,278.8,282.2,283.6,284.8,285.2,284.5,283.2,282.0,281.6,157.7,154.5,153.2,154.5,157.6,161.1,162.2,160.9,159.3,157.5,156.3,155.7,156.3,157.7,159.6,160.7,161.2,161.4,161.2,160.6,159.2,159.8,159.2,157.8,156.4,155.8,156.4,157.8,156.8,153.7,152.2,153.4,156.4,159.6,161.0,160.1,159.0,157.0,155.4,154.6,155.0,156.1,157.8,159.1,159.9,160.2,160.2,160.0,158.2,158.7,158.0,156.7,155.3,154.8,155.5,156.8,-11.1,-9.5,-5.3,-1.1,0.7,-0.7,-5.2,-9.4,-16.9,-14.2,-10.4,-5.8,-1.3,2.2,4.6,1.9,-2.0,-6.2,-10.4,-14.1,-7.0,-5.2,-3.4,-2.6,-3.4,-5.3,-7.1,-7.8,39.9,41.3,45.2,49.4,51.4,50.1,46.2,41.7,35.9,38.5,42.0,46.6,50.8,54.1,56.3,54.3,51.2,47.5,43.2,39.1,43.9,45.7,47.4,48.0,47.1,45.3,43.6,43.0,-39.7,-44.0,-45.8,-44.1,-39.8,-35.2,-33.7,-35.4,-37.9,-40.1,-41.5,-42.2,-41.5,-39.7,-37.2,-35.7,-35.0,-34.7,-35.0,-36.0,-37.8,-37.0,-37.8,-39.7,-41.6,-42.3,-41.5,-39.6,-41.6,-46.0,-48.0,-46.6,-42.4,-38.0,-36.0,-37.1,-38.6,-41.4,-43.5,-44.6,-44.2,-43.1,-41.0,-38.9,-37.7,-37.0,-37.0,-37.3,-39.9,-39.3,-40.2,-42.1,-43.9,-44.6,-43.7,-41.7,520.6,521.2,521.4,521.1,520.6,520.3,519.8,520.1,524.7,522.2,519.9,518.8,519.3,520.8,522.4,520.7,519.1,518.8,519.9,522.1,521.2,521.1,521.2,521.4,521.6,521.7,521.7,521.4,529.7,530.8,532.4,533.5,533.4,532.3,530.8,529.8,530.2,529.4,529.2,530.1,532.6,535.9,539.1,535.8,532.5,530.2,529.2,529.5,531.5,532.0,532.7,533.2,533.2,532.7,532.0,531.5,25.5,-10.1,655.0,0.154,-0.139,-0.012,217.9,218.7,220.5,223.2,228.3,236.0,245.3,255.7,266.2,275.1,281.7,287.7,292.8,296.2,298.3,299.5,299.7,227.5,233.9,242.4,251.1,259.1,274.6,281.3,287.9,294.2,298.3,267.4,268.4,269.5,270.5,259.2,263.9,268.6,272.8,276.4,237.3,242.5,248.5,253.7,248.5,242.4,276.4,281.4,286.9,290.9,287.5,282.0,249.1,257.1,263.9,267.9,272.1,277.1,281.5,277.2,272.3,267.9,263.5,256.7,252.0,263.7,267.8,272.0,279.3,272.0,267.7,263.5,159.8,171.5,183.0,194.1,204.4,213.1,220.0,225.1,226.0,223.7,217.4,209.7,200.8,190.9,180.4,169.7,158.9,151.4,146.3,144.6,145.6,148.3,147.7,144.7,143.5,144.5,148.9,157.1,164.7,172.2,179.9,185.3,186.7,187.9,186.5,184.8,159.2,156.3,156.2,159.8,161.1,161.3,159.1,155.2,155.1,157.8,160.0,160.2,199.7,197.5,196.2,197.2,196.0,197.1,198.6,203.9,206.2,206.9,206.6,204.6,200.0,199.8,200.1,199.4,199.2,200.7,201.4,201.1,-56.9,-55.7,-52.6,-47.8,-38.7,-24.7,-8.2,9.9,27.9,43.9,56.7,68.5,78.3,84.6,88.1,90.2,90.6,-37.8,-26.9,-12.6,1.7,14.8,40.6,52.2,64.0,75.8,83.9,28.6,29.9,31.3,32.7,15.1,22.7,30.4,37.4,43.6,-21.3,-12.5,-2.4,6.1,-2.5,-12.7,44.6,53.2,63.0,70.5,63.9,54.3,-1.5,11.8,22.9,29.5,36.5,45.5,53.9,45.7,37.0,29.5,22.2,11.2,3.3,22.5,29.3,36.5,49.9,36.4,29.3,22.4,-49.1,-28.5,-8.0,11.8,30.0,45.2,56.9,64.8,66.3,63.2,53.3,40.3,24.4,6.2,-12.9,-32.4,-52.2,-60.7,-68.6,-70.8,-68.7,-63.9,-65.6,-71.4,-74.4,-73.7,-67.1,-50.0,-37.2,-24.7,-12.1,-3.6,-1.3,0.6,-1.6,-4.4,-47.4,-52.1,-52.2,-46.3,-44.0,-43.6,-48.0,-54.8,-55.3,-51.2,-46.9,-46.3,20.5,16.6,14.3,16.0,14.0,16.1,19.0,27.5,31.0,31.9,31.5,28.4,21.0,20.2,20.8,19.8,19.9,21.9,23.0,22.5,691.2,693.5,696.4,697.7,696.0,691.6,683.7,673.9,672.9,681.9,697.4,709.5,714.5,714.2,712.8,712.2,713.0,657.0,650.5,645.3,640.6,637.8,644.0,651.4,660.2,669.4,679.0,642.6,636.1,629.1,622.7,639.9,638.2,637.2,640.5,644.5,654.7,651.5,651.7,652.6,651.3,651.2,660.5,663.0,666.5,672.2,666.3,662.9,658.4,647.2,642.5,643.4,645.7,654.8,669.2,656.0,647.4,644.6,644.0,648.5,656.2,645.1,645.7,648.5,665.3,647.9,645.0,644.7,0.59,0.152,-0.186,-0.004,265.176,181.358,-2.29,10.735,-6.554,10.565,5.606,4.523,-7.617,2.973,1.213,-0.874,-1.428,1.218,0.016,-1.58,-1.275,-0.389,-0.77,1.417,-1.639,-0.997,-0.023,-0.631,0.096,-0.256,-0.015,-0.142,-0.002,-0.003,-0.113,-0.027,-0.039,0.016,0.001,-0.006,0.55,0.19,0.0,0.14,0.0,0.0,0.23,0.0,0.07,1.25,0.0,0.0,0.0,0.0,0.0,0.0,0.0,0.0,1.0,0.0,0.0,0.0,0.0,1.0,0.0,0.0,1.0,0.0,0.0,0.0,0.0,0.0,0.0,1.0,0.0
PP133,g1,1033,0,0.975,0.180668,0.16729,-0.969213,0.019568,0.164236,-0.986227,0.102,0.168,241.6,242.8,246.0,249.1,250.4,249.4,246.0,242.9,237.4,239.3,242.1,245.5,248.9,251.5,253.4,251.3,248.4,245.2,242.1,239.4,244.7,246.0,247.4,247.9,247.4,246.0,244.6,244.1,279.3,280.2,283.0,286.0,287.5,286.6,283.8,280.5,276.3,278.2,280.9,284.2,287.1,289.3,290.6,289.4,287.4,284.8,281.8,278.7,282.1,283.4,284.6,285.0,284.4,283.0,281.8,281.4,157.8,154.6,153.2,154.5,157.7,161.1,162.2,160.9,159.3,157.5,156.4,155.8,156.3,157.7,159.7,160.8,161.2,161.4,161.2,160.6,159.2,159.8,159.2,157.8,156.4,155.8,156.4,157.8,156.9,153.7,152.3,153.5,156.5,159.7,161.1,160.2,159.1,157.0,155.5,154.7,155.1,156.2,157.9,159.2,159.9,160.3,160.2,160.0,158.2,158.7,158.1,156.7,155.4,154.9,155.5,156.9,-11.3,-9.6,-5.4,-1.2,0.6,-0.8,-5.3,-9.5,-17.0,-14.3,-10.5,-6.0,-1.4,2.1,4.5,1.7,-2.1,-6.3,-10.5,-14.2,-7.2,-5.3,-3.5,-2.8,-3.5,-5.4,-7.2,-7.9,39.8,41.2,45.1,49.3,51.3,50.0,46.1,41.5,35.8,38.4,41.9,46.5,50.7,54.0,56.1,54.2,51.1,47.3,43.1,39.0,43.8,45.6,47.3,47.9,47.0,45.2,43.5,42.9,-39.8,-44.1,-45.9,-44.2,-39.9,-35.3,-33.8,-35.5,-38.0,-40.2,-41.6,-42.3,-41.6,-39.9,-37.4,-35.8,-35.1,-34.8,-35.1,-36.1,-37.9,-37.1,-37.9,-39.8,-41.7,-42.4,-41.6,-39.8,-41.6,-46.0,-48.1,-46.6,-42.4,-38.0,-36.0,-37.1,-38.7,-41.4,-43.5,-44.6,-44.2,-43.1,-41.0,-38.9,-37.7,-37.0,-37.0,-37.3,-39.9,-39.3,-40.2,-42.1,-43.9,-44.6,-43.7,-41.8,522.4,523.0,523.2,522.9,522.4,522.1,521.7,521.9,526.5,524.0,521.7,520.6,521.2,522.6,524.2,522.6,521.0,520.6,521.7,523.9,523.0,522.9,523.0,523.2,523.5,523.6,523.5,523.2,531.1,532.2,533.7,534.8,534.8,533.7,532.2,531.2,531.6,530.8,530.5,531.4,533.9,537.3,540.5,537.2,533.9,531.5,530.5,530.8,532.9,533.4,534.1,534.5,534.5,534.1,533.4,532.9,25.2,-10.0,655.6,0.158,-0.139,-0.01,217.7,218.5,220.3,223.1,228.1,235.8,245.1,255.4,265.9,274.9,281.6,287.6,292.6,296.0,298.0,299.3,299.5,227.5,233.8,242.3,251.0,258.9,274.5,281.2,287.7,294.0,298.1,267.3,268.2,269.3,270.3,259.1,263.7,268.4,272.6,276.2,237.2,242.4,248.5,253.5,248.4,242.3,276.2,281.2,286.8,290.8,287.3,281.8,249.1,257.0,263.7,267.7,271.8,276.8,281.1,276.8,272.0,267.6,263.2,256.6,251.9,263.4,267.5,271.7,278.9,271.7,267.5,263.3,159.6,171.3,182.9,194.0,204.3,213.1,220.1,225.1,226.0,223.7,217.3,209.6,200.6,190.7,180.2,169.6,158.8,151.4,146.3,144.6,145.6,148.4,147.8,144.8,143.5,144.5,148.9,157.1,164.7,172.2,180.0,185.4,186.8,187.9,186.6,184.9,159.2,156.3,156.2,159.8,161.2,161.4,159.2,155.3,155.2,157.8,160.1,160.3,199.8,197.6,196.3,197.3,196.1,197.2,198.8,203.9,206.2,206.9,206.6,204.7,200.1,199.9,200.2,199.5,199.3,200.7,201.5,201.2,-57.1,-56.0,-53.0,-48.2,-39.1,-25.2,-8.7,9.4,27.5,43.5,56.4,68.3,78.0,84.2,87.7,89.9,90.3,-37.9,-27.0,-12.7,1.6,14.6,40.5,52.1,63.8,75.5,83.6,28.4,29.7,31.1,32.5,14.9,22.5,30.1,37.1,43.2,-21.4,-12.6,-2.6,5.9,-2.7,-12.8,44.4,53.0,62.8,70.2,63.7,54.0,-1.6,11.6,22.5,29.1,36.1,45.0,53.3,45.1,36.5,29.0,21.8,10.9,3.2,22.2,29.0,36.1,49.3,36.0,28.9,22.0,-49.4,-28.8,-8.2,11.7,30.0,45.3,57.1,65.0,66.5,63.3,53.3,40.1,24.1,5.8,-13.3,-32.7,-52.4,-60.8,-68.7,-70.8,-68.7,-63.9,-65.6,-71.3,-74.4,-73.7,-67.2,-50.0,-37.2,-24.6,-12.0,-3.5,-1.2,0.7,-1.5,-4.3,-47.4,-52.1,-52.2,-46.4,-44.0,-43.6,-47.9,-54.7,-55.2,-51.1,-46.8,-46.3,20.7,16.8,14.5,16.2,14.2,16.3,19.4,27.6,31.1,32.0,31.6,28.5,21.1,20.5,21.0,20.0,20.2,22.0,23.1,22.6,691.7,694.1,697.2,698.6,696.8,692.4,684.6,674.8,673.7,682.8,698.2,710.2,715.1,714.6,713.1,712.3,713.0,657.3,650.8,645.7,641.1,638.4,644.6,652.0,660.6,669.7,679.3,643.2,636.7,629.8,623.5,640.6,639.0,638.0,641.3,645.2,655.0,651.9,652.1,653.0,651.7,651.6,661.0,663.4,666.9,672.7,666.8,663.4,658.9,647.8,643.2,644.2,646.5,655.5,669.6,656.6,648.2,645.3,644.7,649.1,656.7,645.8,646.4,649.2,665.7,648.6,645.7,645.4,0.589,0.156,-0.185,-0.003,264.987,181.382,-2.923,11.515,-7.672,10.721,5.173,4.382,-7.487,2.327,1.156,-0.991,-1.411,1.326,0.076,-1.587,-1.189,-0.487,-0.733,1.495,-1.82,-1.048,-0.078,-0.596,0.115,-0.316,0.014,-0.164,0.012,0.007,-0.114,-0.024,-0.031,0.012,0.001,-0.007,0.53,0.31,0.0,0.39,0.0,0.0,0.29,0.0,0.02,1.09,0.0,0.0,0.0,0.0,0.0,0.0,0.0,0.0,1.0,0.0,1.0,0.0,0.0,0.0,0.0,0.0,1.0,0.0,0.0,0.0,0.0,0.0,0.0,1.0,0.0
PP133,g1,1039,0,0.975,0.186389,0.155855,-0.970035,0.021984,0.154027,-0.987822,0.106,0.157,241.0,242.3,245.4,248.6,249.9,248.9,245.5,242.3,236.7,238.7,241.6,245.0,248.4,251.1,252.9,250.8,247.9,244.7,241.6,238.8,244.1,245.5,246.8,247.4,246.8,245.4,244.1,243.5,278.9,279.8,282.6,285.6,287.1,286.2,283.4,280.1,275.9,277.8,280.4,283.7,286.7,288.9,290.2,289.0,287.0,284.4,281.3,278.2,281.6,283.0,284.2,284.6,283.9,282.6,281.4,281.0,157.8,154.6,153.2,154.5,157.7,161.2,162.3,161.0,159.3,157.6,156.4,155.8,156.4,157.8,159.7,160.8,161.2,161.4,161.2,160.6,159.2,159.8,159.2,157.8,156.4,155.9,156.4,157.8,157.1,154.0,152.6,153.7,156.8,159.9,161.3,160.4,159.3,157.2,155.7,154.9,155.4,156.5,158.2,159.5,160.2,160.6,160.5,160.3,158.5,159.0,158.4,157.0,155.7,155.2,155.8,157.2,-11.9,-10.3,-6.1,-1.9,-0.1,-1.5,-6.0,-10.2,-17.7,-15.0,-11.2,-6.6,-2.1,1.4,3.8,1.1,-2.8,-7.0,-11.2,-14.9,-7.9,-6.0,-4.2,-3.4,-4.2,-6.1,-7.9,-8.6,39.2,40.5,44.4,48.6,50.7,49.3,45.4,40.9,35.2,37.7,41.3,45.8,50.1,53.3,55.5,53.5,50.4,46.7,42.5,38.3,43.1,44.9,46.6,47.2,46.3,44.5,42.8,42.2,-39.5,-43.8,-45.6,-43.9,-39.6,-35.0,-33.5,-35.2,-37.7,-39.9,-41.3,-42.0,-41.3,-39.5,-37.0,-35.5,-34.8,-34.5,-34.9,-35.8,-37.6,-36.8,-37.6,-39.5,-41.4,-42.1,-41.4,-39.5,-41.2,-45.6,-47.6,-46.1,-42.0,-37.6,-35.6,-36.7,-38.3,-41.1,-43.1,-44.2,-43.8,-42.6,-40.4,-38.4,-37.2,-36.6,-36.6,-36.9,-39.5,-38.8,-39.7,-41.7,-43.5,-44.1,-43.2,-41.3,519.1,519.6,519.9,519.7,519.1,518.8,518.3,518.5,523.1,520.6,518.3,517.3,517.9,519.3,521.0,519.3,517.6,517.2,518.3,520.5,519.6,519.6,519.7,519.9,520.2,520.3,520.1,519.9,530.1,531.2,532.8,533.8,533.8,532.7,531.1,530.2,530.5,529.8,529.5,530.4,532.9,536.3,539.4,536.1,532.8,530.5,529.5,529.8,531.9,532.3,533.0,533.5,533.5,533.1,532.4,531.9,23.8,-9.6,654.2,0.144,-0.153,0.009,217.6,218.2,219.7,222.1,226.5,233.6,242.5,253.1,263.7,272.7,279.4,285.6,291.1,294.9,297.2,298.7,299.2,227.0,233.3,241.8,250.6,258.5,274.0,280.8,287.4,293.9,298.0,266.5,267.5,268.6,269.6,258.3,263.0,267.6,271.8,275.4,236.6,241.9,247.9,253.0,247.9,241.8,275.8,280.8,286.3,290.3,286.9,281.4,248.3,256.3,263.0,266.9,271.1,276.0,280.3,276.1,271.3,266.8,262.5,255.9,251.3,262.6,266.7,270.9,278.2,270.9,266.7,262.5,159.8,171.1,182.3,193.1,203.2,212.1,219.4,225.1,226.5,224.7,219.0,211.6,202.8,192.6,181.8,170.6,159.3,151.5,146.4,144.9,145.8,148.5,147.9,144.9,143.8,145.0,149.6,157.3,164.8,172.2,179.9,185.3,186.8,188.0,186.7,185.1,159.2,156.3,156.3,159.9,161.2,161.4,159.4,155.5,155.4,158.2,160.4,160.5,199.9,197.8,196.5,197.5,196.4,197.6,199.3,204.3,206.4,206.9,206.6,204.6,200.2,200.0,200.4,199.8,199.7,201.0,201.6,201.2,-57.0,-56.2,-53.6,-49.6,-41.6,-28.9,-13.0,5.3,23.5,39.5,52.4,64.7,75.2,82.3,86.4,89.1,90.0,-38.7,-27.8,-13.5,0.9,13.9,39.5,51.3,63.2,75.1,83.4,27.2,28.5,29.9,31.2,13.6,21.2,28.7,35.7,41.9,-22.5,-13.6,-3.4,5.1,-3.5,-13.7,43.6,52.2,61.9,69.4,62.9,53.2,-2.9,10.5,21.3,27.8,34.7,43.5,51.8,43.7,35.2,27.7,20.6,9.8,2.1,20.8,27.5,34.6,47.9,34.5,27.5,20.7,-48.8,-28.9,-9.2,9.9,27.9,43.4,55.8,64.6,67.0,64.8,56.1,43.8,28.0,9.4,-10.5,-30.9,-51.7,-60.5,-68.4,-70.4,-68.4,-63.8,-65.2,-71.0,-73.9,-72.8,-65.9,-49.6,-37.0,-24.6,-12.1,-3.5,-1.1,0.8,-1.3,-3.9,-47.3,-52.1,-52.1,-46.2,-43.9,-43.5,-47.5,-54.3,-54.7,-50.4,-46.2,-45.7,20.8,17.0,14.7,16.4,14.6,16.9,20.1,28.1,31.2,32.0,31.4,28.4,21.2,20.6,21.2,20.4,20.8,22.3,23.2,22.6,687.9,689.3,691.7,693.3,692.2,688.8,681.8,672.3,671.1,680.1,695.9,708.9,715.3,716.2,715.5,714.7,715.2,656.8,650.3,645.2,640.7,638.0,643.9,651.1,659.9,669.1,678.7,642.3,635.8,628.8,622.4,639.1,637.4,636.6,640.1,644.1,654.5,651.4,651.6,652.5,651.2,651.0,659.9,662.4,665.9,671.6,665.7,662.3,657.0,645.9,641.6,642.4,644.4,653.5,667.7,654.4,645.9,643.3,642.8,647.3,654.7,644.0,644.5,647.0,663.8,646.3,643.7,643.6,0.591,0.144,-0.203,0.016,264.179,181.626,-1.305,0.922,-7.768,11.374,3.785,4.213,-6.69,2.565,2.377,-1.064,-2.697,1.469,-0.245,-1.816,-0.926,-0.514,-0.369,1.333,-1.699,-0.793,0.065,-0.496,0.301,-0.12,0.029,-0.141,-0.001,-0.039,-0.097,-0.018,-0.038,0.009,0.001,-0.01,0.36,0.22,0.0,0.44,0.0,0.0,0.21,0.0,0.0,0.82,0.0,0.0,0.0,0.0,0.0,0.06,0.0,0.0,1.0,0.0,1.0,0.0,0.0,0.0,0.0,0.0,1.0,0.0,0.0,0.0,0.0,0.0,0.0,1.0,0.0
PP133,g1,1045,0,0.975,0.180776,0.155412,-0.971168,0.019768,0.153952,-0.987881,0.102,0.157,240.5,241.8,244.9,248.1,249.4,248.4,245.0,241.8,236.3,238.2,241.0,244.5,247.9,250.5,252.4,250.3,247.4,244.2,241.1,238.3,243.6,245.0,246.3,246.9,246.3,244.9,243.6,243.0,278.5,279.4,282.2,285.2,286.7,285.8,283.0,279.7,275.5,277.4,280.1,283.4,286.3,288.5,289.8,288.6,286.6,284.0,280.9,277.8,281.2,282.6,283.8,284.2,283.5,282.2,281.0,280.6,157.9,154.7,153.3,154.6,157.8,161.2,162.4,161.1,159.4,157.7,156.5,155.9,156.4,157.8,159.8,160.9,161.3,161.5,161.3,160.7,159.3,159.9,159.3,157.9,156.5,155.9,156.5,158.0,157.2,154.0,152.6,153.8,156.8,160.0,161.4,160.5,159.4,157.3,155.7,155.0,155.4,156.5,158.3,159.6,160.3,160.6,160.6,160.3,158.5,159.0,158.4,157.0,155.7,155.2,155.8,157.2,-12.6,-10.9,-6.8,-2.6,-0.8,-2.2,-6.6,-10.8,-18.4,-15.7,-11.9,-7.3,-2.8,0.7,3.2,0.4,-3.4,-7.7,-11.8,-15.6,-8.5,-6.7,-4.9,-4.1,-4.9,-6.7,-8.6,-9.3,38.5,39.8,43.8,48.0,50.0,48.6,44.7,40.2,34.5,37.0,40.6,45.2,49.4,52.7,54.8,52.8,49.8,46.0,41.8,37.6,42.4,44.3,46.0,46.6,45.7,43.8,42.1,41.5,-39.3,-43.6,-45.5,-43.7,-39.5,-34.8,-33.3,-35.0,-37.5,-39.7,-41.1,-41.8,-41.1,-39.4,-36.9,-35.3,-34.6,-34.3,-34.7,-35.6,-37.4,-36.7,-37.5,-39.3,-41.2,-42.0,-41.2,-39.3,-41.0,-45.4,-47.5,-46.0,-41.8,-37.4,-35.4,-36.6,-38.1,-40.9,-43.0,-44.0,-43.6,-42.4,-40.3,-38.2,-37.0,-36.4,-36.4,-36.8,-39.3,-38.7,-39.6,-41.5,-43.3,-44.0,-43.1,-41.2,518.5,519.0,519.2,519.0,518.4,518.1,517.7,517.9,522.6,520.0,517.7,516.6,517.2,518.6,520.2,518.6,517.0,516.6,517.7,519.9,519.0,518.9,519.0,519.2,519.5,519.6,519.5,519.3,528.5,529.6,531.2,532.2,532.2,531.1,529.5,528.6,528.9,528.2,527.9,528.8,531.3,534.6,537.8,534.5,531.2,528.9,527.9,528.2,530.3,530.7,531.4,531.9,531.9,531.5,530.8,530.3,23.1,-9.2,652.7,0.142,-0.147,0.007,217.4,218.0,219.6,222.0,226.5,233.5,242.4,252.8,263.5,272.5,279.2,285.4,290.8,294.6,296.9,298.4,298.9,226.6,232.8,241.3,250.0,257.9,273.5,280.3,287.0,293.4,297.6,266.0,267.0,268.1,269.1,257.8,262.5,267.2,271.3,275.0,236.1,241.3,247.4,252.6,247.4,241.3,275.4,280.4,285.9,290.0,286.5,281.0,248.0,255.9,262.5,266.4,270.6,275.5,279.9,275.6,270.8,266.3,262.1,255.5,250.9,262.2,266.2,270.4,277.7,270.4,266.2,262.0,159.9,171.4,182.6,193.5,203.7,212.7,220.1,225.7,227.1,225.3,219.6,212.1,203.2,192.9,182.0,170.8,159.3,151.6,146.5,144.9,145.9,148.5,147.9,144.9,143.7,144.9,149.4,157.3,164.9,172.4,180.1,185.6,187.1,188.3,186.9,185.3,159.4,156.4,156.4,159.9,161.3,161.5,159.4,155.5,155.5,158.2,160.4,160.6,200.3,198.2,196.8,197.9,196.7,198.0,199.7,204.7,206.8,207.4,207.0,205.1,200.6,200.4,200.7,200.2,200.2,201.4,202.0,201.6,-57.3,-56.4,-53.8,-49.6,-41.7,-29.0,-13.3,4.8,23.1,39.1,51.9,64.0,74.4,81.5,85.6,88.3,89.2,-39.3,-28.6,-14.3,-0.0,12.9,38.7,50.4,62.3,74.1,82.4,26.3,27.6,29.0,30.3,12.8,20.3,27.9,34.9,41.1,-23.3,-14.4,-4.3,4.3,-4.4,-14.5,42.8,51.4,61.1,68.5,62.1,52.4,-3.4,9.7,20.5,26.9,33.8,42.6,50.9,42.8,34.3,26.9,19.8,9.0,1.5,20.0,26.7,33.7,47.0,33.6,26.6,19.8,-48.4,-28.4,-8.6,10.6,28.7,44.4,56.8,65.7,67.9,65.7,57.0,44.5,28.6,9.9,-10.1,-30.5,-51.3,-60.3,-68.2,-70.2,-68.1,-63.6,-65.1,-70.9,-73.7,-72.8,-65.9,-49.5,-36.8,-24.3,-11.7,-3.2,-0.7,1.2,-1.0,-3.6,-47.0,-51.8,-51.8,-46.0,-43.6,-43.3,-47.3,-54.1,-54.5,-50.3,-46.0,-45.5,21.5,17.6,15.3,17.0,15.2,17.5,20.8,28.8,31.9,32.6,32.1,29.1,22.0,21.1,21.8,20.9,21.5,22.9,23.8,23.2,686.6,688.1,690.6,692.2,691.0,687.5,680.5,670.9,669.6,678.3,694.0,706.8,713.0,713.7,712.9,711.9,712.4,655.6,649.2,644.0,639.4,636.6,642.4,649.6,658.2,667.2,676.7,640.8,634.2,627.3,620.8,637.7,635.9,635.0,638.4,642.5,653.4,650.3,650.4,651.2,650.0,649.9,658.3,660.8,664.2,669.8,664.0,660.6,655.6,644.6,640.2,641.0,642.9,651.9,665.8,652.7,644.4,641.9,641.4,645.9,653.3,642.6,643.0,645.5,661.9,644.9,642.3,642.3,0.592,0.142,-0.195,0.014,263.778,181.883,-3.562,1.466,-8.218,13.07,3.627,4.593,-6.667,2.612,2.532,-1.529,-2.616,1.459,-0.469,-1.892,-0.916,-0.544,-0.431,1.643,-1.985,-0.793,-0.077,-0.41,0.413,-0.288,-0.038,-0.092,0.003,-0.021,-0.102,-0.019,-0.039,0.003,0.004,-0.012,0.4,0.3,0.0,0.22,0.0,0.0,0.1,0.0,0.0,0.66,0.0,0.0,0.0,0.0,0.0,0.0,0.0,1.0,1.0,0.0,0.0,0.0,0.0,0.0,0.0,0.0,1.0,0.0,0.0,0.0,0.0,0.0,0.0,1.0,0.0
PP133,g1,1051,0,0.975,0.175134,0.150319,-0.973002,0.017028,0.149854,-0.988561,0.098,0.152,240.0,241.2,244.4,247.5,248.9,247.8,244.5,241.3,235.8,237.7,240.5,243.9,247.4,250.0,251.9,249.8,246.9,243.7,240.6,237.8,243.1,244.5,245.8,246.4,245.8,244.4,243.0,242.5,277.8,278.8,281.6,284.6,286.1,285.2,282.4,279.1,274.9,276.8,279.4,282.7,285.7,287.9,289.2,288.0,286.0,283.4,280.3,277.2,280.6,282.0,283.2,283.6,282.9,281.6,280.4,280.0,158.1,154.9,153.5,154.7,157.9,161.4,162.5,161.2,159.7,157.9,156.7,156.0,156.6,158.0,159.9,161.0,161.5,161.7,161.5,160.9,159.5,160.1,159.5,158.0,156.7,156.1,156.7,158.1,157.2,154.0,152.6,153.8,156.8,160.0,161.4,160.5,159.4,157.3,155.7,155.0,155.4,156.5,158.3,159.6,160.3,160.6,160.6,160.3,158.5,159.0,158.4,157.1,155.7,155.2,155.8,157.2,-13.3,-11.7,-7.5,-3.3,-1.5,-2.9,-7.3,-11.5,-19.1,-16.4,-12.6,-8.1,-3.5,0.0,2.5,-0.3,-4.1,-8.4,-12.5,-16.3,-9.2,-7.4,-5.6,-4.8,-5.6,-7.5,-9.3,-10.0,37.7,39.1,43.0,47.2,49.2,47.9,43.9,39.4,33.7,36.3,39.8,44.4,48.6,51.9,54.0,52.1,49.0,45.2,41.0,36.9,41.6,43.5,45.2,45.8,44.9,43.1,41.3,40.8,-39.2,-43.5,-45.4,-43.7,-39.4,-34.8,-33.2,-34.9,-37.4,-39.6,-41.0,-41.7,-41.1,-39.3,-36.8,-35.2,-34.6,-34.2,-34.5,-35.5,-37.3,-36.6,-37.4,-39.3,-41.1,-41.9,-41.1,-39.2,-41.1,-45.4,-47.5,-46.0,-41.8,-37.5,-35.4,-36.6,-38.1,-40.9,-43.0,-44.1,-43.7,-42.4,-40.3,-38.3,-37.1,-36.5,-36.5,-36.8,-39.4,-38.7,-39.6,-41.5,-43.3,-44.0,-43.1,-41.2,520.1,520.6,520.8,520.5,519.9,519.7,519.3,519.5,524.3,521.7,519.4,518.2,518.7,520.1,521.7,520.1,518.5,518.2,519.3,521.6,520.6,520.5,520.6,520.8,521.1,521.2,521.1,520.9,529.3,530.4,532.0,533.0,533.0,531.8,530.3,529.4,529.8,529.0,528.8,529.6,532.1,535.4,538.6,535.3,532.0,529.7,528.7,529.0,531.1,531.5,532.2,532.7,532.7,532.3,531.6,531.1,22.5,-8.8,652.9,0.134,-0.14,0.0,217.1,217.7,219.4,222.0,226.5,233.6,242.4,252.9,263.5,272.5,279.2,285.3,290.6,294.4,296.6,298.1,298.6,226.2,232.4,240.8,249.3,257.1,272.8,279.6,286.2,292.7,296.9,265.3,266.3,267.4,268.4,257.4,262.0,266.6,270.8,274.4,235.6,240.8,246.9,252.0,246.8,240.8,274.8,279.7,285.3,289.4,285.9,280.4,247.9,255.6,262.2,266.1,270.2,275.2,279.5,275.4,270.5,266.1,261.8,255.3,250.8,261.8,265.9,270.0,277.4,270.0,265.9,261.8,160.2,171.7,183.0,194.0,204.3,213.3,220.7,226.3,227.6,225.8,220.0,212.5,203.5,193.2,182.2,171.0,159.6,151.8,146.7,145.1,146.0,148.6,148.0,145.0,143.8,144.9,149.4,157.3,164.9,172.4,180.1,185.7,187.1,188.3,186.9,185.3,159.6,156.6,156.5,160.0,161.4,161.7,159.5,155.5,155.5,158.2,160.4,160.6,200.8,198.4,196.9,198.0,196.8,198.1,200.0,205.0,207.1,207.7,207.4,205.5,201.1,200.5,200.9,200.3,200.4,201.6,202.2,201.9,-57.9,-56.9,-54.1,-49.7,-41.6,-28.8,-13.2,4.9,23.1,39.1,51.9,63.9,74.1,81.0,85.0,87.6,88.4,-40.0,-29.3,-15.3,-1.1,11.6,37.5,49.3,61.1,72.9,81.2,25.2,26.5,27.9,29.3,12.0,19.5,27.1,34.0,40.2,-24.0,-15.3,-5.2,3.4,-5.3,-15.4,41.8,50.3,60.1,67.5,61.1,51.4,-3.6,9.3,19.9,26.3,33.2,42.0,50.3,42.4,33.8,26.4,19.4,8.7,1.4,19.5,26.1,33.1,46.3,33.1,26.1,19.3,-48.0,-27.9,-7.9,11.5,29.7,45.4,57.9,66.7,68.8,66.5,57.7,45.2,29.2,10.5,-9.6,-30.1,-50.9,-60.0,-67.9,-70.0,-68.0,-63.5,-65.1,-70.8,-73.7,-72.7,-65.9,-49.6,-36.8,-24.3,-11.7,-3.0,-0.6,1.3,-0.9,-3.6,-46.7,-51.6,-51.6,-45.9,-43.4,-43.0,-47.3,-54.1,-54.5,-50.2,-46.1,-45.5,22.3,18.0,15.5,17.2,15.3,17.7,21.3,29.3,32.4,33.2,32.7,29.8,22.7,21.5,22.0,21.1,21.9,23.3,24.2,23.7,687.5,689.2,691.7,693.2,691.8,687.9,680.8,671.1,669.7,678.4,693.9,706.6,712.6,713.1,712.1,710.9,711.3,656.4,650.0,644.9,640.4,637.6,643.2,650.2,658.6,667.3,676.5,641.5,634.9,627.8,621.4,638.3,636.4,635.4,638.8,642.8,654.2,651.1,651.2,651.9,650.8,650.7,658.8,661.1,664.5,669.9,664.3,660.9,655.9,644.7,640.4,641.1,643.0,651.8,665.5,652.7,644.6,642.1,641.7,646.0,653.5,642.8,643.2,645.6,661.6,645.1,642.5,642.5,0.592,0.136,-0.186,0.006,263.396,182.097,-5.328,2.557,-8.884,14.215,2.465,4.44,-5.934,3.395,2.73,-2.416,-2.714,1.327,-0.611,-2.025,-0.877,-0.516,-0.483,1.657,-1.623,-0.954,0.02,-0.431,0.311,-0.354,-0.084,-0.036,0.034,-0.031,-0.105,-0.022,-0.035,-0.004,0.004,-0.011,0.63,0.32,0.0,0.27,0.0,0.0,0.12,0.0,0.0,0.68,0.0,0.0,0.0,0.0,0.0,0.0,0.0,1.0,1.0,0.0,0.0,0.0,0.0,0.0,0.0,0.0,1.0,0.0,0.0,0.0,0.0,0.0,0.0,1.0,0.0
PP133,g1,1057,0,0.975,0.162179,0.132363,-0.977844,0.012378,0.134664,-0.990814,0.088,0.135,239.1,240.3,243.5,246.6,248.0,247.1,243.7,240.5,235.0,236.9,239.6,243.0,246.5,249.2,251.1,249.0,246.1,242.9,239.7,237.0,242.3,243.7,245.0,245.6,245.0,243.6,242.2,241.7,277.2,278.1,280.9,284.0,285.5,284.6,281.8,278.5,274.3,276.2,278.8,282.1,285.1,287.3,288.7,287.5,285.4,282.8,279.7,276.6,280.0,281.4,282.6,283.0,282.3,281.0,279.8,279.4,158.9,155.6,154.2,155.4,158.6,162.1,163.3,162.0,160.5,158.7,157.4,156.7,157.2,158.6,160.5,161.7,162.2,162.5,162.4,161.8,160.3,160.8,160.2,158.7,157.3,156.8,157.4,158.9,157.6,154.4,153.0,154.1,157.2,160.4,161.8,160.9,159.8,157.7,156.1,155.3,155.8,156.9,158.6,160.0,160.7,161.0,161.0,160.8,158.9,159.4,158.8,157.4,156.1,155.6,156.2,157.6,-14.4,-12.8,-8.7,-4.4,-2.6,-3.9,-8.3,-12.5,-20.0,-17.4,-13.7,-9.2,-4.6,-1.1,1.5,-1.3,-5.2,-9.4,-13.5,-17.2,-10.2,-8.4,-6.6,-5.9,-6.7,-8.5,-10.3,-11.0,36.7,38.0,41.9,46.1,48.1,46.8,42.9,38.4,32.7,35.2,38.7,43.3,47.5,50.8,53.0,51.0,47.9,44.2,40.0,35.8,40.6,42.4,44.1,44.7,43.8,42.0,40.3,39.7,-37.8,-42.2,-44.1,-42.4,-38.2,-33.6,-32.0,-33.6,-35.9,-38.2,-39.7,-40.5,-39.9,-38.2,-35.7,-34.0,-33.3,-32.9,-33.1,-34.1,-36.0,-35.3,-36.1,-38.0,-39.9,-40.6,-39.8,-37.9,-40.3,-44.6,-46.7,-45.2,-41.1,-36.7,-34.7,-35.8,-37.3,-40.1,-42.2,-43.3,-42.9,-41.7,-39.5,-37.5,-36.3,-35.7,-35.6,-36.0,-38.6,-37.9,-38.8,-40.7,-42.6,-43.2,-42.3,-40.4,516.0,516.5,516.5,516.1,515.5,515.3,515.0,515.4,520.3,517.7,515.2,513.9,514.4,515.7,517.2,515.6,514.2,514.0,515.2,517.6,516.4,516.2,516.3,516.5,516.7,516.9,516.9,516.7,525.8,526.9,528.5,529.5,529.4,528.3,526.7,525.8,526.2,525.5,525.2,526.1,528.6,531.9,535.0,531.7,528.5,526.1,525.1,525.5,527.5,528.0,528.7,529.2,529.2,528.7,528.1,527.6,21.9,-7.1,648.5,0.109,-0.129,-0.011,217.2,217.9,219.7,222.4,227.0,233.9,242.6,253.0,263.7,272.8,279.7,285.7,290.9,294.4,296.6,298.1,298.5,225.5,231.5,239.8,248.2,255.9,272.0,278.8,285.5,291.9,296.2,264.4,265.4,266.5,267.6,257.0,261.5,266.1,270.3,273.9,234.9,239.9,246.0,251.3,246.0,239.9,274.2,279.1,284.7,288.8,285.4,279.8,248.8,256.0,262.2,265.9,269.9,274.8,279.1,275.2,270.5,266.2,262.1,255.9,251.8,261.9,265.8,269.8,276.9,269.9,265.9,261.9,161.5,173.0,184.4,195.4,205.8,215.0,222.5,228.1,229.5,227.7,222.0,214.4,205.3,194.9,183.7,172.2,160.7,152.6,147.3,145.6,146.5,149.0,148.3,145.2,144.0,145.1,149.6,157.8,165.4,173.0,180.8,186.6,188.0,189.1,187.7,186.0,160.5,157.3,157.2,160.6,162.2,162.5,159.9,155.9,155.8,158.6,160.8,161.0,202.7,199.7,197.9,198.8,197.6,199.1,201.4,206.3,208.3,208.9,208.7,207.0,202.7,201.7,201.9,201.3,201.8,202.6,203.3,203.0,-57.5,-56.4,-53.3,-48.7,-40.6,-28.1,-12.9,5.1,23.3,39.3,52.3,64.1,74.0,80.5,84.3,86.8,87.6,-41.0,-30.7,-16.8,-2.9,9.6,36.1,47.7,59.4,71.2,79.6,23.5,24.9,26.4,27.8,11.3,18.7,26.1,33.0,39.0,-25.2,-16.8,-6.6,2.1,-6.6,-16.7,40.5,49.0,58.8,66.2,59.9,50.2,-2.0,9.9,19.8,26.0,32.5,41.1,49.1,41.7,33.5,26.4,19.7,9.7,3.0,19.5,25.9,32.5,45.1,32.6,25.9,19.4,-45.5,-25.5,-5.5,13.9,32.3,48.1,60.6,69.4,71.4,69.3,60.8,48.3,32.3,13.3,-6.9,-27.6,-48.5,-58.4,-66.7,-68.9,-66.9,-62.6,-64.3,-70.0,-72.9,-72.0,-65.2,-48.6,-35.7,-23.2,-10.6,-1.5,0.8,2.6,0.3,-2.4,-45.1,-50.2,-50.4,-44.6,-42.0,-41.5,-46.4,-53.2,-53.6,-49.3,-45.1,-44.6,25.2,19.9,16.9,18.5,16.5,19.3,23.5,31.1,34.1,34.9,34.6,32.0,25.3,23.2,23.5,22.7,24.0,24.8,25.8,25.3,683.8,685.7,688.3,689.8,688.2,683.8,676.4,666.5,664.6,673.2,688.4,701.5,707.8,708.1,706.9,705.4,705.3,653.7,647.5,642.3,637.8,635.1,640.3,647.0,654.9,663.3,672.1,638.6,631.7,624.5,617.8,634.7,632.6,631.5,634.6,638.7,651.6,648.5,648.4,648.8,648.1,648.3,655.3,657.7,660.9,666.2,660.6,657.4,650.5,639.4,635.6,636.3,638.0,646.2,658.9,646.9,639.6,637.5,637.0,640.7,647.8,638.1,638.4,640.6,655.0,640.3,637.9,637.9,0.596,0.115,-0.174,-0.006,263.126,183.096,-7.253,1.783,-12.933,18.641,0.038,3.292,-4.482,5.814,3.58,-4.393,-2.801,1.131,-0.387,-1.908,0.63,-1.322,-0.868,1.438,-1.505,-0.344,0.242,0.138,0.407,-0.445,0.08,0.151,0.135,-0.037,-0.089,-0.042,-0.047,-0.024,0.005,-0.001,0.44,0.27,0.0,0.88,0.0,0.0,0.0,0.0,0.0,0.0,0.0,0.0,0.0,0.0,0.0,0.0,0.0,1.0,1.0,0.0,1.0,0.0,0.0,0.0,0.0,0.0,0.0,0.0,0.0,0.0,0.0,0.0,0.0,1.0,0.0
PP133,g1,1063,0,0.975,0.166772,0.144235,-0.975389,0.016186,0.147098,-0.98899,0.093,0.147,239.8,241.0,244.1,247.3,248.7,247.7,244.4,241.2,235.7,237.5,240.2,243.6,247.1,249.8,251.7,249.7,246.7,243.5,240.4,237.7,242.9,244.3,245.7,246.2,245.6,244.2,242.8,242.3,277.7,278.6,281.4,284.4,286.0,285.1,282.3,279.0,274.7,276.6,279.3,282.6,285.6,287.8,289.1,287.9,285.9,283.3,280.2,277.1,280.5,281.9,283.1,283.5,282.8,281.5,280.2,279.9,159.7,156.4,155.0,156.2,159.3,162.8,164.0,162.8,161.3,159.5,158.2,157.5,158.0,159.3,161.3,162.5,163.0,163.3,163.2,162.6,161.1,161.6,160.9,159.5,158.1,157.6,158.2,159.7,158.0,154.9,153.4,154.5,157.6,160.7,162.2,161.3,160.3,158.1,156.5,155.7,156.1,157.2,158.9,160.3,161.1,161.4,161.4,161.2,159.3,159.8,159.2,157.8,156.5,156.0,156.6,158.0,-13.5,-12.0,-7.9,-3.6,-1.8,-3.0,-7.4,-11.7,-19.1,-16.6,-12.9,-8.4,-3.8,-0.2,2.3,-0.5,-4.3,-8.6,-12.7,-16.4,-9.4,-7.5,-5.7,-5.0,-5.9,-7.7,-9.5,-10.2,37.3,38.6,42.5,46.7,48.8,47.5,43.6,39.1,33.4,35.9,39.4,43.9,48.2,51.5,53.6,51.7,48.6,44.9,40.7,36.5,41.3,43.1,44.8,45.4,44.5,42.6,40.9,40.4,-36.8,-41.1,-43.1,-41.4,-37.2,-32.6,-31.0,-32.6,-34.9,-37.2,-38.7,-39.5,-38.9,-37.2,-34.7,-33.0,-32.3,-31.8,-32.1,-33.0,-35.0,-34.3,-35.1,-37.0,-38.9,-39.6,-38.7,-36.8,-39.7,-44.1,-46.2,-44.7,-40.6,-36.2,-34.1,-35.2,-36.7,-39.5,-41.7,-42.8,-42.5,-41.3,-39.2,-37.1,-35.8,-35.1,-35.1,-35.4,-38.1,-37.4,-38.3,-40.3,-42.1,-42.7,-41.8,-39.9,516.4,516.9,516.9,516.6,516.0,515.8,515.5,515.9,520.8,518.1,515.7,514.4,514.8,516.2,517.7,516.2,514.7,514.5,515.7,518.1,516.9,516.7,516.8,516.9,517.2,517.3,517.3,517.1,526.2,527.2,528.8,529.9,529.9,528.8,527.3,526.3,526.7,525.9,525.6,526.5,529.0,532.3,535.5,532.2,529.0,526.6,525.6,525.9,528.0,528.5,529.1,529.6,529.6,529.1,528.4,528.0,23.4,-6.3,650.3,0.127,-0.125,-0.034,217.1,218.1,220.4,223.6,228.8,236.4,245.3,255.5,266.0,274.9,281.5,287.3,292.1,295.3,297.2,298.5,298.6,225.9,231.9,240.3,248.9,256.7,272.5,279.3,285.9,292.3,296.5,265.3,266.3,267.5,268.6,258.0,262.5,267.1,271.3,274.8,235.5,240.5,246.7,251.9,246.7,240.5,274.7,279.6,285.2,289.3,285.9,280.3,250.0,257.1,263.2,267.0,270.8,275.6,279.8,275.9,271.3,267.2,263.1,257.0,252.9,263.1,266.9,270.8,277.5,270.8,266.9,263.1,162.4,174.4,186.2,197.5,208.0,216.8,223.8,228.7,229.4,227.0,220.7,212.6,203.3,193.0,182.2,171.2,160.1,153.5,148.1,146.3,147.2,149.7,148.8,145.8,144.5,145.4,149.8,158.4,166.0,173.6,181.3,187.3,188.6,189.6,188.2,186.4,161.3,158.1,157.9,161.4,163.0,163.4,160.4,156.3,156.2,158.9,161.2,161.5,203.5,200.4,198.6,199.5,198.2,199.6,201.8,206.8,209.0,209.7,209.6,208.0,203.6,202.3,202.5,201.8,202.3,203.3,204.1,203.9,-57.8,-56.3,-52.6,-47.0,-37.6,-23.9,-8.1,9.5,27.3,43.1,55.8,67.2,76.3,82.1,85.4,87.4,87.7,-40.4,-30.0,-15.9,-1.8,10.9,37.0,48.5,60.3,72.0,80.2,25.0,26.4,27.9,29.5,13.0,20.3,27.8,34.6,40.6,-24.2,-15.7,-5.5,3.1,-5.5,-15.7,41.4,49.9,59.7,67.1,60.8,51.1,-0.0,11.7,21.6,27.7,34.1,42.5,50.4,43.1,35.1,28.2,21.5,11.5,4.8,21.5,27.7,34.2,46.3,34.2,27.7,21.4,-44.1,-23.2,-2.3,17.8,36.3,51.5,63.1,70.6,71.7,68.5,58.7,45.2,28.7,9.9,-9.6,-29.4,-49.5,-56.9,-65.3,-67.7,-65.8,-61.4,-63.4,-69.1,-72.3,-71.7,-65.0,-47.6,-34.8,-22.3,-9.7,-0.4,1.8,3.4,1.1,-1.8,-43.8,-48.8,-49.1,-43.4,-40.7,-40.1,-45.6,-52.6,-53.1,-49.0,-44.6,-43.9,26.7,21.3,18.1,19.6,17.5,20.2,24.2,32.2,35.4,36.4,36.2,33.7,26.7,24.3,24.6,23.6,24.9,26.0,27.1,26.8,686.8,689.7,692.9,694.2,692.1,687.3,679.5,669.9,668.3,677.0,691.6,703.5,708.3,707.5,705.9,704.6,704.8,654.1,647.7,642.5,637.9,635.1,640.7,647.9,656.1,664.8,674.1,639.4,632.6,625.4,618.7,635.8,633.9,632.9,636.0,640.0,652.0,648.8,648.6,649.2,648.4,648.6,656.4,658.8,662.1,667.8,662.0,658.6,652.7,641.7,637.6,638.4,640.4,648.7,661.5,649.8,642.8,640.4,639.8,643.3,650.1,640.3,640.7,643.3,657.6,643.1,640.5,640.3,0.594,0.133,-0.168,-0.029,264.042,183.586,-8.143,11.566,-12.397,19.146,3.646,2.311,-4.994,2.97,2.892,-4.503,-0.857,0.883,0.16,-2.254,0.016,-1.0,-0.888,0.716,-1.428,-0.42,0.452,-0.1,-0.03,-0.614,0.021,0.167,0.099,0.016,-0.129,-0.034,-0.06,-0.015,0.013,0.014,0.65,0.25,0.0,0.69,0.0,0.0,0.0,0.0,0.0,0.0,0.0,0.0,0.0,0.0,0.0,0.0,0.0,1.0,1.0,0.0,1.0,0.0,0.0,0.0,0.0,0.0,0.0,0.0,0.0,0.0,0.0,0.0,0.0,1.0,0.0
PP133,g1,1069,0,0.975,0.176682,0.159415,-0.971273,0.018944,0.162631,-0.986505,0.1,0.163,239.8,241.0,244.2,247.4,248.8,247.8,244.4,241.2,235.7,237.6,240.3,243.8,247.2,249.9,251.8,249.7,246.8,243.6,240.5,237.7,243.0,244.4,245.7,246.3,245.7,244.3,242.9,242.4,277.8,278.6,281.4,284.5,286.0,285.1,282.3,279.0,274.8,276.7,279.3,282.6,285.6,287.8,289.1,287.9,285.9,283.3,280.3,277.2,280.6,281.9,283.1,283.5,282.8,281.5,280.3,279.9,159.7,156.5,155.0,156.2,159.4,162.9,164.1,162.9,161.3,159.5,158.3,157.6,158.1,159.4,161.4,162.6,163.1,163.4,163.2,162.6,161.1,161.6,161.0,159.6,158.2,157.7,158.3,159.7,158.2,155.0,153.5,154.6,157.7,160.9,162.3,161.5,160.4,158.3,156.7,155.9,156.3,157.3,159.0,160.4,161.2,161.6,161.6,161.4,159.5,160.0,159.3,157.9,156.6,156.1,156.7,158.1,-13.4,-11.8,-7.7,-3.5,-1.6,-2.9,-7.4,-11.6,-19.1,-16.5,-12.8,-8.2,-3.6,-0.1,2.4,-0.4,-4.2,-8.5,-12.6,-16.3,-9.3,-7.4,-5.6,-4.9,-5.8,-7.6,-9.4,-10.1,37.6,38.8,42.7,47.0,49.0,47.7,43.8,39.3,33.6,36.1,39.6,44.1,48.4,51.7,53.9,51.9,48.9,45.1,40.9,36.8,41.5,43.3,45.0,45.6,44.7,42.9,41.2,40.6,-36.7,-41.0,-43.0,-41.3,-37.1,-32.4,-30.8,-32.5,-34.9,-37.1,-38.6,-39.4,-38.7,-37.1,-34.6,-32.9,-32.1,-31.7,-32.0,-33.0,-34.9,-34.2,-35.0,-36.9,-38.8,-39.5,-38.7,-36.8,-39.7,-44.1,-46.2,-44.8,-40.6,-36.2,-34.2,-35.2,-36.7,-39.5,-41.7,-42.8,-42.5,-41.4,-39.3,-37.1,-35.8,-35.1,-35.0,-35.4,-38.1,-37.4,-38.4,-40.3,-42.1,-42.7,-41.8,-39.9,516.0,516.4,516.5,516.2,515.7,515.6,515.2,515.5,520.2,517.6,515.2,514.0,514.5,515.9,517.5,515.9,514.4,514.2,515.3,517.6,516.5,516.4,516.4,516.6,516.8,517.0,516.9,516.7,528.7,529.7,531.2,532.3,532.3,531.3,529.8,528.9,529.2,528.4,528.1,528.9,531.4,534.7,538.0,534.7,531.5,529.2,528.2,528.5,530.5,531.0,531.6,532.1,532.0,531.6,530.9,530.5,23.3,-6.5,652.0,0.149,-0.136,-0.026,216.8,217.7,219.9,222.9,228.1,235.7,244.7,254.9,265.4,274.2,280.8,286.7,291.6,295.0,297.1,298.4,298.6,225.9,232.0,240.5,249.1,257.0,272.6,279.3,285.9,292.3,296.5,265.4,266.4,267.6,268.7,258.0,262.5,267.1,271.2,274.8,235.5,240.6,246.8,252.0,246.8,240.6,274.7,279.6,285.2,289.3,285.9,280.3,249.8,257.0,263.1,266.9,270.7,275.5,279.6,275.7,271.1,267.0,262.9,256.8,252.7,263.0,266.8,270.6,277.3,270.7,266.8,262.9,161.9,173.7,185.3,196.5,206.8,215.6,222.7,227.7,228.6,226.2,219.9,211.9,202.8,192.6,181.9,171.0,159.9,153.3,148.2,146.5,147.4,150.0,149.2,146.1,144.7,145.5,149.7,158.7,166.3,173.8,181.5,187.3,188.6,189.7,188.3,186.5,161.2,158.2,158.0,161.5,163.1,163.4,160.5,156.5,156.3,158.9,161.3,161.6,203.4,200.4,198.6,199.5,198.2,199.7,201.8,206.8,209.0,209.7,209.6,207.9,203.5,202.4,202.5,201.9,202.3,203.3,204.0,203.8,-58.3,-56.9,-53.5,-48.1,-38.9,-25.2,-9.2,8.5,26.4,42.1,54.7,66.3,75.7,81.8,85.4,87.6,88.0,-40.4,-29.7,-15.6,-1.5,11.3,37.1,48.7,60.4,72.1,80.4,25.2,26.6,28.2,29.7,13.0,20.4,27.8,34.6,40.7,-24.2,-15.6,-5.3,3.2,-5.4,-15.6,41.6,50.0,59.8,67.2,60.9,51.1,-0.4,11.5,21.5,27.6,34.0,42.4,50.2,42.9,34.9,28.0,21.2,11.2,4.5,21.3,27.6,34.1,46.1,34.1,27.6,21.2,-45.0,-24.4,-3.9,16.0,34.3,49.6,61.4,69.2,70.5,67.3,57.5,44.2,27.9,9.4,-10.1,-29.9,-50.0,-57.2,-65.2,-67.4,-65.4,-60.9,-62.9,-68.7,-72.0,-71.6,-65.3,-47.1,-34.4,-22.0,-9.6,-0.3,1.8,3.5,1.2,-1.6,-43.8,-48.7,-49.0,-43.2,-40.6,-40.0,-45.4,-52.4,-52.9,-49.0,-44.4,-43.7,26.6,21.3,18.1,19.7,17.6,20.3,24.3,32.2,35.6,36.5,36.3,33.7,26.6,24.4,24.7,23.8,24.9,26.0,27.1,26.8,686.7,689.7,693.2,695.0,693.3,689.0,681.5,672.3,670.9,679.6,694.1,706.0,711.0,710.3,708.8,707.5,707.6,653.7,647.3,642.0,637.5,635.0,640.9,648.2,656.5,665.4,674.9,639.7,633.3,626.4,620.1,637.1,635.5,634.6,637.7,641.5,652.2,648.8,648.8,649.6,648.7,648.8,657.1,659.4,662.9,668.8,662.9,659.4,654.3,643.3,639.2,640.1,642.0,650.5,663.6,652.1,645.0,642.7,642.0,645.5,651.8,642.1,642.6,645.1,659.7,645.0,642.4,642.2,0.593,0.153,-0.18,-0.02,263.901,183.456,-6.131,9.688,-12.596,17.619,4.833,1.163,-4.487,3.587,3.247,-3.521,-0.756,1.353,0.232,-2.019,-0.545,-0.662,-0.756,0.632,-1.501,-0.944,0.45,-0.515,0.023,-0.728,0.004,0.157,0.069,0.033,-0.114,-0.017,-0.035,-0.005,0.011,0.005,0.7,0.25,0.0,0.57,0.0,0.0,0.0,0.0,0.0,0.12,0.0,0.0,0.0,0.0,0.0,0.0,0.0,1.0,1.0,0.0,1.0,0.0,0.0,0.0,0.0,0.0,0.0,0.0,0.0,0.0,0.0,0.0,0.0,1.0,0.0
PP133,g1,1075,0,0.975,0.161795,0.145545,-0.976032,0.010574,0.148656,-0.988832,0.088,0.149,239.6,240.8,243.9,247.1,248.5,247.5,244.1,241.0,235.5,237.3,240.0,243.4,246.9,249.6,251.5,249.4,246.5,243.3,240.2,237.5,242.7,244.1,245.5,246.0,245.4,244.0,242.6,242.1,277.6,278.5,281.3,284.3,285.9,285.0,282.2,278.9,274.6,276.5,279.2,282.5,285.5,287.7,289.0,287.8,285.8,283.2,280.1,277.0,280.4,281.7,283.0,283.4,282.7,281.4,280.1,279.7,159.8,156.5,155.1,156.3,159.5,163.0,164.2,163.0,161.4,159.6,158.3,157.6,158.1,159.5,161.5,162.6,163.2,163.5,163.3,162.7,161.2,161.7,161.1,159.7,158.3,157.7,158.4,159.8,158.3,155.1,153.7,154.8,157.8,161.0,162.5,161.6,160.5,158.4,156.8,156.0,156.4,157.5,159.2,160.6,161.3,161.7,161.7,161.5,159.6,160.1,159.5,158.1,156.7,156.2,156.9,158.3,-13.8,-12.2,-8.1,-3.9,-2.0,-3.3,-7.7,-12.0,-19.4,-16.9,-13.2,-8.6,-4.1,-0.5,2.0,-0.7,-4.6,-8.9,-13.0,-16.7,-9.7,-7.8,-6.0,-5.3,-6.1,-8.0,-9.8,-10.5,37.2,38.5,42.4,46.6,48.7,47.4,43.5,38.9,33.2,35.7,39.3,43.8,48.1,51.4,53.5,51.6,48.5,44.8,40.6,36.4,41.1,43.0,44.7,45.3,44.4,42.5,40.8,40.2,-36.7,-41.0,-42.9,-41.3,-37.1,-32.4,-30.8,-32.5,-34.8,-37.1,-38.6,-39.4,-38.8,-37.1,-34.6,-32.9,-32.1,-31.7,-32.0,-32.9,-34.9,-34.2,-35.0,-36.9,-38.8,-39.5,-38.6,-36.7,-39.4,-43.8,-45.9,-44.4,-40.3,-35.9,-33.8,-34.9,-36.4,-39.2,-41.4,-42.5,-42.1,-41.0,-38.8,-36.7,-35.4,-34.8,-34.7,-35.1,-37.7,-37.1,-38.0,-39.9,-41.7,-42.4,-41.5,-39.5,517.2,517.6,517.6,517.2,516.7,516.5,516.2,516.6,521.5,518.8,516.4,515.1,515.5,516.8,518.4,516.8,515.4,515.2,516.5,518.8,517.6,517.4,517.4,517.6,517.9,518.0,518.0,517.8,526.7,527.8,529.3,530.3,530.3,529.3,527.7,526.8,527.2,526.4,526.1,527.0,529.4,532.8,536.0,532.7,529.4,527.1,526.1,526.5,528.5,528.9,529.6,530.1,530.1,529.6,529.0,528.5,22.8,-6.0,650.9,0.131,-0.122,-0.022,217.5,218.3,220.3,223.3,228.1,235.3,243.9,254.1,264.7,273.8,280.7,286.7,291.7,295.1,297.1,298.5,298.8,226.0,231.9,240.2,248.6,256.3,272.4,279.1,285.8,292.2,296.4,264.9,265.9,266.9,268.0,257.5,262.0,266.6,270.7,274.3,235.3,240.3,246.5,251.7,246.5,240.3,274.6,279.5,285.1,289.2,285.7,280.2,249.7,256.7,262.7,266.4,270.3,275.2,279.4,275.5,270.8,266.6,262.6,256.5,252.6,262.5,266.3,270.3,277.1,270.3,266.4,262.5,162.2,173.9,185.4,196.5,206.9,215.9,223.2,228.6,229.7,227.6,221.4,213.5,204.3,193.9,183.0,171.8,160.5,153.5,148.2,146.6,147.4,149.9,149.1,146.1,144.7,145.7,150.1,158.7,166.3,173.9,181.7,187.5,188.9,189.9,188.5,186.8,161.4,158.2,158.1,161.5,163.1,163.5,160.6,156.6,156.5,159.1,161.5,161.7,203.8,200.7,198.9,199.8,198.5,200.0,202.3,207.2,209.4,210.0,209.8,208.2,203.8,202.7,202.9,202.3,202.7,203.6,204.3,204.1,-57.1,-55.9,-52.5,-47.5,-38.9,-25.9,-10.6,7.1,25.2,41.3,54.3,66.2,75.7,81.8,85.4,87.7,88.1,-40.3,-30.1,-16.2,-2.3,10.3,36.7,48.3,60.1,71.7,80.0,24.3,25.7,27.2,28.6,12.3,19.6,26.9,33.8,39.8,-24.5,-16.1,-5.8,2.8,-5.9,-16.1,41.3,49.7,59.5,66.9,60.6,50.9,-0.6,11.0,20.8,26.9,33.3,41.8,49.7,42.4,34.3,27.3,20.6,10.7,4.3,20.6,26.8,33.4,45.6,33.4,26.9,20.5,-44.5,-24.0,-3.7,16.0,34.4,50.0,62.2,70.5,72.2,69.4,60.1,46.8,30.4,11.6,-8.2,-28.4,-48.8,-57.0,-65.2,-67.4,-65.5,-61.2,-63.1,-68.8,-71.8,-71.1,-64.5,-47.2,-34.3,-21.8,-9.2,0.0,2.2,3.9,1.7,-1.1,-43.7,-48.7,-48.9,-43.2,-40.5,-39.9,-45.2,-52.1,-52.6,-48.5,-44.1,-43.5,27.2,21.7,18.6,20.1,18.1,20.8,25.1,32.8,36.0,36.9,36.6,34.1,27.2,24.9,25.2,24.3,25.7,26.5,27.6,27.2,686.1,688.8,692.1,693.8,692.2,687.7,680.3,670.7,668.8,677.2,691.8,704.1,709.5,709.0,707.3,705.7,705.5,654.7,648.4,643.1,638.6,635.9,641.3,648.1,656.0,664.2,673.1,639.8,633.2,626.3,619.7,636.8,634.9,633.9,636.9,640.7,652.8,649.5,649.3,649.8,649.2,649.5,656.6,658.8,662.0,667.5,661.9,658.7,653.2,642.2,638.2,638.9,640.7,648.9,661.5,650.1,643.2,641.0,640.5,644.0,650.6,641.0,641.3,643.6,657.7,643.4,641.0,640.9,0.594,0.137,-0.166,-0.016,263.66,183.799,-8.574,6.276,-13.953,19.218,1.821,1.82,-4.681,4.191,3.562,-4.082,-1.702,1.387,0.381,-2.131,0.209,-1.127,-0.68,0.991,-1.372,-0.532,0.459,0.11,0.298,-0.565,0.139,0.078,0.113,0.01,-0.114,-0.032,-0.049,-0.023,0.006,0.011,0.57,0.21,0.0,0.66,0.0,0.0,0.0,0.0,0.0,0.0,0.0,0.0,0.0,0.0,0.0,0.0,0.0,0.0,1.0,0.0,1.0,0.0,0.0,0.0,0.0,0.0,0.0,0.0,0.0,0.0,0.0,0.0,0.0,1.0,0.0
PP133,g1,1081,0,0.975,0.155899,0.140946,-0.977665,0.011033,0.14388,-0.989534,0.085,0.144,239.9,241.1,244.2,247.4,248.8,247.8,244.5,241.3,235.8,237.6,240.3,243.7,247.2,250.0,251.9,249.8,246.8,243.6,240.5,237.8,243.0,244.4,245.8,246.3,245.7,244.3,242.9,242.4,277.8,278.7,281.5,284.6,286.1,285.2,282.4,279.1,274.9,276.7,279.4,282.7,285.7,287.9,289.3,288.1,286.1,283.4,280.4,277.2,280.7,282.0,283.2,283.6,282.9,281.6,280.4,280.0,160.1,156.9,155.4,156.6,159.8,163.3,164.5,163.3,161.8,159.9,158.6,157.9,158.4,159.8,161.7,163.0,163.5,163.8,163.7,163.1,161.5,162.0,161.4,160.0,158.6,158.1,158.7,160.1,158.5,155.3,153.9,155.0,158.0,161.2,162.7,161.8,160.8,158.6,157.0,156.2,156.6,157.7,159.4,160.8,161.6,162.0,161.9,161.7,159.8,160.3,159.7,158.3,157.0,156.5,157.1,158.5,-13.4,-11.8,-7.7,-3.5,-1.6,-2.9,-7.3,-11.5,-18.9,-16.4,-12.7,-8.2,-3.6,-0.1,2.5,-0.3,-4.2,-8.4,-12.5,-16.2,-9.2,-7.3,-5.6,-4.9,-5.7,-7.5,-9.3,-10.0,37.3,38.6,42.5,46.7,48.8,47.5,43.6,39.1,33.4,35.9,39.4,43.9,48.2,51.5,53.6,51.7,48.6,44.9,40.7,36.5,41.3,43.1,44.8,45.4,44.5,42.6,40.9,40.4,-36.1,-40.4,-42.4,-40.7,-36.5,-31.9,-30.3,-31.9,-34.2,-36.5,-38.0,-38.8,-38.2,-36.5,-34.0,-32.3,-31.5,-31.1,-31.4,-32.3,-34.3,-33.6,-34.4,-36.3,-38.2,-38.9,-38.1,-36.2,-38.9,-43.3,-45.4,-43.9,-39.8,-35.4,-33.3,-34.4,-35.9,-38.7,-40.9,-42.0,-41.7,-40.5,-38.3,-36.2,-35.0,-34.3,-34.2,-34.6,-37.2,-36.6,-37.5,-39.4,-41.3,-41.9,-41.0,-39.1,515.2,515.6,515.6,515.1,514.6,514.4,514.2,514.6,519.6,516.9,514.4,513.1,513.4,514.7,516.2,514.7,513.4,513.2,514.5,516.9,515.6,515.4,515.4,515.6,515.8,516.0,516.0,515.8,524.2,525.2,526.8,527.8,527.8,526.8,525.2,524.3,524.7,523.9,523.6,524.5,526.9,530.3,533.5,530.2,526.9,524.6,523.6,523.9,526.0,526.4,527.1,527.6,527.6,527.1,526.4,526.0,23.7,-5.3,648.4,0.123,-0.118,-0.032,217.8,218.7,221.0,224.1,229.0,236.4,245.1,255.3,266.0,275.1,281.9,287.7,292.5,295.6,297.5,298.8,299.0,226.2,232.0,240.4,248.8,256.6,272.6,279.3,286.0,292.4,296.6,265.2,266.2,267.4,268.5,258.1,262.6,267.2,271.3,274.8,235.7,240.6,246.8,252.0,246.8,240.7,274.8,279.7,285.4,289.4,286.0,280.4,250.6,257.5,263.4,267.2,271.0,275.8,280.0,276.2,271.6,267.5,263.4,257.4,253.5,263.3,267.1,271.0,277.7,271.1,267.2,263.3,162.5,174.4,186.1,197.4,207.9,216.9,224.3,229.5,230.5,228.3,222.0,213.9,204.5,194.1,183.2,172.0,160.8,153.9,148.5,146.8,147.7,150.2,149.4,146.3,145.0,145.9,150.3,158.9,166.6,174.2,182.0,187.9,189.3,190.3,188.9,187.1,161.7,158.5,158.4,161.8,163.5,163.9,160.8,156.8,156.7,159.4,161.7,162.0,204.4,201.2,199.3,200.2,198.9,200.4,202.8,207.7,209.8,210.5,210.4,208.8,204.5,203.1,203.3,202.7,203.2,204.1,204.8,204.6,-56.5,-55.1,-51.4,-46.0,-37.0,-23.9,-8.5,9.1,27.3,43.3,56.2,67.8,76.9,82.4,85.7,87.8,88.0,-39.8,-29.7,-15.8,-1.9,10.6,36.9,48.5,60.2,71.9,80.0,24.8,26.2,27.7,29.2,13.1,20.4,27.7,34.6,40.6,-23.9,-15.5,-5.3,3.4,-5.3,-15.5,41.5,49.9,59.8,67.2,60.8,51.1,0.9,12.2,21.8,27.9,34.3,42.7,50.6,43.4,35.5,28.6,21.9,12.2,5.8,21.7,28.0,34.4,46.4,34.5,28.0,21.7,-43.8,-23.1,-2.5,17.5,36.1,51.7,63.8,71.9,73.3,70.4,60.9,47.4,30.8,12.0,-7.7,-27.8,-48.0,-56.1,-64.5,-66.8,-64.9,-60.5,-62.4,-68.1,-71.2,-70.6,-63.9,-46.6,-33.8,-21.3,-8.7,0.7,2.9,4.5,2.2,-0.7,-42.9,-48.0,-48.3,-42.6,-39.8,-39.2,-44.7,-51.6,-52.1,-48.0,-43.6,-42.9,28.2,22.5,19.2,20.7,18.6,21.4,25.7,33.4,36.6,37.6,37.4,35.0,28.1,25.6,25.8,24.9,26.3,27.2,28.3,28.0,684.9,687.8,691.1,692.5,690.6,685.8,678.0,668.2,666.3,674.9,689.7,701.9,707.0,706.0,704.0,702.2,702.0,652.7,646.3,640.9,636.3,633.6,639.0,645.9,653.8,662.2,671.2,637.7,630.9,623.7,617.0,634.3,632.4,631.3,634.2,638.2,650.7,647.4,647.2,647.8,647.1,647.4,654.6,656.8,660.1,665.6,659.9,656.7,650.4,639.3,635.5,636.2,638.0,646.1,658.8,647.2,640.4,638.1,637.6,640.9,647.8,638.2,638.5,640.9,654.8,640.7,638.3,638.1,0.596,0.132,-0.162,-0.026,264.226,184.224,-7.851,9.564,-14.289,21.237,0.634,1.924,-4.575,5.168,3.663,-5.004,-1.916,0.782,-0.088,-2.111,0.437,-1.327,-0.677,0.772,-1.359,-0.481,0.504,0.283,-0.016,-0.641,0.206,0.216,0.08,0.013,-0.111,-0.046,-0.057,-0.035,0.002,0.011,0.88,0.49,0.0,0.62,0.0,0.0,0.0,0.0,0.0,0.0,0.0,0.0,0.0,0.0,0.0,0.05,0.0,1.0,1.0,0.0,1.0,0.0,0.0,0.0,0.0,0.0,0.0,0.0,0.0,0.0,0.0,0.0,0.0,1.0,0.0
PP133,g1,1086,0,0.975,0.179357,0.159958,-0.970693,0.019834,0.162337,-0.986536,0.101,0.163,239.8,241.0,244.2,247.4,248.8,247.7,244.4,241.2,235.6,237.5,240.3,243.8,247.3,249.9,251.8,249.7,246.8,243.5,240.4,237.6,242.9,244.3,245.7,246.3,245.7,244.3,242.9,242.3,277.9,278.8,281.6,284.6,286.1,285.2,282.4,279.1,274.9,276.8,279.4,282.8,285.8,287.9,289.3,288.1,286.0,283.4,280.4,277.3,280.7,282.0,283.2,283.6,283.0,281.6,280.4,280.0,160.1,156.8,155.4,156.7,159.9,163.4,164.6,163.3,161.6,159.8,158.6,158.0,158.5,159.9,161.9,163.1,163.6,163.8,163.6,163.0,161.5,162.1,161.5,160.0,158.6,158.1,158.7,160.1,159.0,155.8,154.3,155.5,158.5,161.7,163.1,162.3,161.2,159.0,157.5,156.7,157.1,158.1,159.9,161.3,162.1,162.4,162.4,162.2,160.3,160.8,160.1,158.7,157.4,156.9,157.5,158.9,-13.4,-11.8,-7.6,-3.4,-1.6,-3.0,-7.4,-11.6,-19.1,-16.5,-12.7,-8.1,-3.6,-0.1,2.4,-0.4,-4.2,-8.5,-12.6,-16.3,-9.3,-7.5,-5.6,-4.9,-5.7,-7.6,-9.4,-10.1,37.6,38.9,42.8,47.0,49.1,47.7,43.8,39.3,33.6,36.1,39.7,44.2,48.5,51.7,53.9,51.9,48.9,45.1,40.9,36.8,41.5,43.4,45.1,45.7,44.8,42.9,41.2,40.6,-36.0,-40.3,-42.2,-40.5,-36.2,-31.6,-30.1,-31.8,-34.2,-36.4,-37.9,-38.6,-37.9,-36.2,-33.7,-32.1,-31.3,-31.0,-31.3,-32.3,-34.1,-33.4,-34.2,-36.1,-38.0,-38.7,-37.9,-36.0,-38.5,-42.9,-45.0,-43.5,-39.4,-35.0,-32.9,-34.0,-35.5,-38.4,-40.5,-41.6,-41.2,-40.1,-37.9,-35.8,-34.5,-33.8,-33.8,-34.2,-36.8,-36.2,-37.1,-39.0,-40.8,-41.5,-40.6,-38.7,512.9,513.3,513.5,513.2,512.7,512.5,512.1,512.4,517.1,514.5,512.1,510.9,511.5,512.9,514.5,512.9,511.4,511.1,512.2,514.5,513.4,513.3,513.4,513.6,513.8,513.9,513.8,513.7,526.8,527.9,529.4,530.4,530.5,529.5,528.0,527.0,527.4,526.5,526.3,527.1,529.6,532.9,536.1,532.9,529.7,527.3,526.3,526.7,528.7,529.1,529.8,530.2,530.2,529.7,529.1,528.6,22.6,-5.3,649.5,0.152,-0.146,-0.004,216.9,217.6,219.4,222.1,226.8,234.0,242.8,253.1,263.7,272.6,279.3,285.4,290.6,294.4,296.7,298.3,298.8,225.9,232.0,240.5,249.2,257.1,272.8,279.7,286.4,292.8,297.0,265.4,266.4,267.5,268.5,257.7,262.2,266.8,270.9,274.5,235.4,240.6,246.8,252.0,246.8,240.6,274.8,279.8,285.4,289.4,286.0,280.4,249.2,256.5,262.7,266.4,270.3,275.1,279.1,275.3,270.7,266.4,262.3,256.2,252.2,262.4,266.2,270.2,276.9,270.2,266.2,262.3,161.8,173.4,184.8,195.7,206.1,215.1,222.6,228.2,229.5,227.5,221.5,213.8,204.7,194.4,183.5,172.1,160.7,153.7,148.6,147.1,148.1,150.7,150.0,146.9,145.6,146.5,150.9,159.5,167.1,174.6,182.3,188.0,189.4,190.4,189.1,187.4,161.6,158.5,158.5,162.0,163.5,163.8,161.3,157.2,157.1,159.8,162.2,162.4,203.9,201.1,199.4,200.4,199.1,200.6,202.7,207.7,209.9,210.4,210.2,208.4,204.0,203.1,203.4,202.8,203.2,204.2,204.8,204.5,-57.9,-56.9,-53.9,-49.2,-40.9,-28.1,-12.5,5.3,23.4,39.1,51.9,63.8,73.9,80.7,84.7,87.4,88.3,-40.3,-29.7,-15.5,-1.3,11.5,37.3,49.0,60.8,72.7,81.0,25.0,26.4,27.9,29.3,12.4,19.8,27.2,34.0,40.0,-24.2,-15.5,-5.3,3.3,-5.4,-15.6,41.6,50.0,59.8,67.2,60.8,51.1,-1.4,10.7,20.7,26.8,33.2,41.6,49.3,42.0,34.0,26.9,20.2,10.2,3.6,20.3,26.6,33.1,45.3,33.2,26.6,20.2,-44.9,-24.8,-4.8,14.5,32.8,48.4,60.9,69.7,71.8,69.3,60.2,47.4,31.3,12.6,-7.3,-27.8,-48.5,-56.3,-64.2,-66.1,-64.0,-59.6,-61.3,-67.1,-70.2,-69.5,-63.0,-45.6,-33.0,-20.7,-8.2,0.7,3.0,4.8,2.6,-0.1,-43.1,-47.9,-48.1,-42.2,-39.7,-39.2,-43.9,-50.9,-51.3,-47.2,-42.8,-42.1,27.3,22.3,19.4,21.0,19.1,21.8,25.8,33.6,36.8,37.6,37.2,34.4,27.4,25.6,26.0,25.2,26.3,27.4,28.3,27.8,682.2,684.7,688.0,690.0,688.9,685.3,678.7,669.7,668.3,676.8,691.7,704.2,710.0,710.1,708.8,707.2,707.0,651.1,644.4,639.1,634.8,632.2,638.1,645.3,653.8,662.8,672.5,636.8,630.6,623.9,617.6,634.5,632.9,632.1,635.3,639.2,649.5,646.2,646.2,647.1,646.2,646.2,654.3,656.6,660.2,666.1,660.3,656.7,651.6,640.7,636.7,637.5,639.3,647.9,661.1,649.4,642.3,640.1,639.5,643.0,649.2,639.6,640.0,642.2,657.2,642.1,639.8,639.7,0.595,0.158,-0.193,0.003,263.532,184.159,-4.568,3.102,-12.319,17.575,3.803,1.241,-4.27,3.938,4.446,-3.539,-2.057,1.393,0.066,-1.978,-0.278,-0.555,-0.417,0.729,-1.597,-0.92,0.319,-0.366,0.229,-0.577,0.039,0.078,0.097,0.014,-0.091,-0.004,-0.032,-0.005,0.011,-0.004,0.43,0.13,0.0,0.66,0.0,0.0,0.0,0.0,0.0,0.0,0.0,0.0,0.0,0.0,0.0,0.0,0.0,0.0,1.0,0.0,1.0,0.0,0.0,0.0,0.0,0.0,0.0,0.0,0.0,0.0,0.0,0.0,0.0,1.0,0.0
PP133,g1,1092,0,0.975,0.17214,0.162839,-0.97152,0.009544,0.164915,-0.986262,0.093,0.166,239.1,240.4,243.5,246.7,248.1,247.0,243.6,240.5,234.9,236.8,239.6,243.1,246.6,249.2,251.1,249.0,246.1,242.8,239.7,236.9,242.2,243.6,245.0,245.6,245.0,243.6,242.2,241.7,277.3,278.2,281.0,284.1,285.6,284.6,281.8,278.5,274.3,276.2,278.8,282.2,285.2,287.4,288.7,287.5,285.5,282.8,279.8,276.7,280.1,281.4,282.7,283.1,282.4,281.1,279.8,279.4,160.0,156.7,155.4,156.6,159.9,163.4,164.5,163.2,161.5,159.7,158.5,157.9,158.5,159.9,161.9,163.1,163.5,163.8,163.6,162.9,161.5,162.0,161.4,160.0,158.6,158.0,158.6,160.0,159.0,155.8,154.4,155.5,158.6,161.8,163.2,162.3,161.3,159.1,157.5,156.7,157.1,158.2,159.9,161.3,162.1,162.5,162.5,162.3,160.3,160.8,160.2,158.8,157.5,157.0,157.6,159.0,-14.3,-12.7,-8.5,-4.3,-2.5,-3.9,-8.3,-12.5,-20.0,-17.4,-13.6,-9.0,-4.5,-1.0,1.5,-1.3,-5.2,-9.4,-13.5,-17.3,-10.2,-8.4,-6.6,-5.8,-6.6,-8.4,-10.3,-11.0,36.6,38.0,41.9,46.1,48.1,46.8,42.9,38.4,32.7,35.2,38.7,43.2,47.5,50.8,53.0,51.0,47.9,44.2,40.0,35.8,40.6,42.4,44.1,44.7,43.8,42.0,40.3,39.7,-36.2,-40.5,-42.3,-40.6,-36.3,-31.7,-30.2,-31.9,-34.4,-36.6,-38.0,-38.7,-38.0,-36.3,-33.7,-32.1,-31.4,-31.1,-31.4,-32.5,-34.3,-33.5,-34.3,-36.2,-38.1,-38.8,-38.0,-36.1,-38.3,-42.6,-44.7,-43.3,-39.1,-34.7,-32.7,-33.8,-35.3,-38.1,-40.3,-41.4,-41.0,-39.8,-37.7,-35.6,-34.3,-33.6,-33.6,-33.9,-36.6,-36.0,-36.9,-38.8,-40.6,-41.2,-40.3,-38.4,513.5,514.0,514.1,513.8,513.3,513.1,512.7,513.0,517.8,515.1,512.8,511.6,512.1,513.5,515.1,513.5,512.0,511.7,512.9,515.1,514.1,513.9,514.0,514.2,514.4,514.5,514.5,514.3,524.9,526.0,527.4,528.5,528.5,527.5,526.0,525.1,525.5,524.7,524.3,525.2,527.6,530.9,534.1,530.9,527.7,525.4,524.4,524.8,526.7,527.2,527.8,528.3,528.3,527.8,527.2,526.7,21.2,-5.5,652.3,0.16,-0.136,0.005,216.9,217.5,219.2,221.6,225.9,232.8,241.3,251.6,262.2,271.2,278.1,284.4,289.9,293.9,296.3,298.0,298.7,225.5,231.5,239.8,248.4,256.1,272.2,279.1,285.7,292.2,296.6,264.4,265.3,266.3,267.2,256.6,261.1,265.6,269.7,273.4,234.8,239.9,246.1,251.3,246.0,239.9,274.2,279.1,284.8,288.9,285.4,279.8,248.0,255.2,261.4,265.2,269.2,274.2,278.4,274.3,269.5,265.2,261.1,254.9,251.0,261.1,265.0,269.1,276.2,269.1,265.0,261.0,161.6,172.9,183.9,194.6,204.9,213.9,221.5,227.4,229.0,227.3,221.5,214.0,205.1,194.9,183.9,172.5,161.0,153.3,148.3,146.9,147.9,150.5,149.8,146.7,145.4,146.4,150.7,159.6,167.2,174.8,182.6,188.0,189.5,190.6,189.2,187.6,161.5,158.4,158.4,162.0,163.5,163.7,161.3,157.3,157.2,159.9,162.3,162.5,203.5,200.9,199.3,200.3,199.1,200.6,202.6,207.6,209.8,210.3,210.0,208.1,203.7,203.1,203.3,202.8,203.0,204.1,204.7,204.3,-57.9,-57.1,-54.4,-50.2,-42.6,-30.4,-15.1,2.7,20.9,36.8,49.9,62.2,72.8,80.1,84.4,87.3,88.4,-41.1,-30.7,-16.7,-2.7,9.9,36.3,48.1,59.9,71.7,80.2,23.6,24.8,26.2,27.4,10.7,18.0,25.4,32.3,38.4,-25.5,-16.7,-6.5,2.1,-6.6,-16.8,40.7,49.1,59.0,66.4,60.0,50.2,-3.4,8.7,18.7,25.0,31.6,40.2,48.2,40.6,32.3,25.1,18.2,8.1,1.6,18.3,24.7,31.5,44.2,31.5,24.7,18.1,-45.3,-25.7,-6.3,12.7,30.8,46.6,59.4,68.7,71.2,69.1,60.4,48.0,32.2,13.5,-6.6,-27.2,-48.2,-57.2,-64.9,-66.7,-64.5,-60.1,-61.7,-67.5,-70.6,-69.9,-63.4,-45.7,-32.9,-20.4,-7.8,0.8,3.2,5.0,2.8,0.2,-43.5,-48.3,-48.3,-42.4,-39.9,-39.5,-43.9,-50.9,-51.4,-47.2,-42.7,-42.1,26.8,22.1,19.3,21.0,19.1,21.8,25.6,33.6,36.8,37.6,37.1,34.2,27.0,25.6,26.1,25.3,26.2,27.4,28.3,27.7,684.2,686.5,689.8,692.2,691.6,688.2,681.7,672.6,670.9,679.1,693.8,706.5,712.5,712.9,711.6,709.8,709.3,654.1,647.5,642.1,637.5,634.8,640.2,646.8,655.0,663.5,672.8,639.3,633.3,626.9,620.9,637.9,636.2,635.3,638.3,642.0,652.7,649.2,649.0,649.8,649.1,649.3,656.2,658.2,661.5,667.3,661.7,658.4,655.0,644.0,639.9,640.5,642.1,650.5,663.6,652.2,645.1,643.1,642.7,646.4,652.5,642.7,643.0,645.0,659.9,644.9,642.8,642.8,0.593,0.166,-0.181,0.013,262.654,184.037,-6.37,-2.159,-12.907,16.443,3.78,1.645,-4.379,5.368,3.754,-2.172,-2.874,1.509,0.441,-1.626,-0.153,-0.614,-0.353,1.155,-1.7,-1.002,0.323,-0.383,0.418,-0.333,0.137,-0.004,0.076,-0.027,-0.062,-0.007,-0.03,0.002,0.007,-0.007,0.49,0.28,0.0,0.24,0.0,0.0,0.0,0.0,0.0,0.0,0.0,0.0,0.0,0.0,0.0,0.0,0.0,1.0,1.0,0.0,1.0,0.0,0.0,0.0,0.0,0.0,0.0,0.0,0.0,0.0,0.0,0.0,0.0,1.0,0.0
PP133,g1,1098,0,0.975,0.16205,0.153182,-0.97482,0.006034,0.155024,-0.987892,0.085,0.156,238.7,240.0,243.1,246.3,247.7,246.6,243.2,240.0,234.5,236.4,239.2,242.6,246.2,248.9,250.7,248.6,245.6,242.4,239.3,236.5,241.8,243.2,244.6,245.2,244.6,243.2,241.8,241.2,277.0,278.0,280.8,283.9,285.4,284.4,281.6,278.3,274.0,275.9,278.6,281.9,285.0,287.2,288.6,287.3,285.3,282.6,279.5,276.4,279.8,281.2,282.4,282.8,282.2,280.8,279.6,279.2,160.0,156.7,155.3,156.6,159.8,163.3,164.5,163.2,161.5,159.7,158.5,157.8,158.4,159.8,161.8,163.0,163.5,163.7,163.5,162.9,161.4,162.0,161.3,159.9,158.5,158.0,158.6,160.0,159.0,155.8,154.3,155.5,158.6,161.8,163.2,162.3,161.2,159.1,157.5,156.7,157.1,158.2,160.0,161.4,162.1,162.5,162.5,162.2,160.3,160.8,160.2,158.8,157.4,156.9,157.6,159.0,-14.8,-13.2,-9.0,-4.8,-3.0,-4.4,-8.8,-13.0,-20.5,-17.9,-14.1,-9.6,-5.0,-1.5,1.0,-1.8,-5.7,-9.9,-14.0,-17.7,-10.7,-8.9,-7.1,-6.3,-7.1,-9.0,-10.8,-11.5,36.1,37.4,41.3,45.5,47.6,46.2,42.3,37.8,32.1,34.6,38.1,42.7,47.0,50.2,52.4,50.4,47.3,43.6,39.4,35.2,40.0,41.8,43.5,44.1,43.2,41.4,39.7,39.1,-36.1,-40.4,-42.2,-40.5,-36.3,-31.7,-30.1,-31.8,-34.3,-36.5,-38.0,-38.7,-38.0,-36.2,-33.7,-32.1,-31.4,-31.0,-31.4,-32.4,-34.2,-33.5,-34.3,-36.2,-38.0,-38.8,-38.0,-36.1,-38.1,-42.5,-44.5,-43.0,-38.9,-34.5,-32.5,-33.6,-35.1,-38.0,-40.1,-41.2,-40.8,-39.6,-37.4,-35.3,-34.0,-33.4,-33.4,-33.7,-36.4,-35.8,-36.7,-38.6,-40.4,-41.0,-40.1,-38.2,511.6,512.0,512.0,511.7,511.1,510.9,510.7,511.0,515.9,513.2,510.8,509.5,509.9,511.3,512.8,511.3,509.8,509.6,510.9,513.2,512.0,511.9,511.9,512.1,512.3,512.5,512.4,512.3,521.6,522.7,524.1,525.2,525.2,524.1,522.7,521.8,522.1,521.3,521.0,521.8,524.3,527.6,530.8,527.5,524.3,522.0,521.1,521.4,523.4,523.8,524.5,525.0,525.0,524.5,523.8,523.4,20.8,-5.2,650.4,0.146,-0.126,0.002,217.0,217.6,219.3,221.9,226.2,233.0,241.4,251.6,262.3,271.3,278.3,284.5,290.0,293.8,296.2,297.9,298.5,225.1,231.1,239.4,247.9,255.7,271.8,278.7,285.5,292.0,296.3,264.0,264.9,265.9,266.8,256.2,260.7,265.3,269.4,273.1,234.4,239.5,245.7,250.9,245.6,239.4,273.9,278.9,284.6,288.7,285.2,279.6,247.9,255.1,261.2,265.0,268.9,273.9,278.1,274.1,269.3,265.0,260.9,254.8,250.9,260.9,264.8,268.8,275.9,268.8,264.8,260.8,161.7,173.1,184.3,195.2,205.5,214.7,222.3,228.2,229.7,228.0,222.2,214.6,205.6,195.3,184.3,172.9,161.3,153.4,148.3,146.8,147.8,150.4,149.7,146.7,145.4,146.4,150.9,159.4,167.1,174.7,182.6,188.0,189.5,190.6,189.3,187.6,161.5,158.4,158.3,161.9,163.4,163.7,161.3,157.2,157.2,159.9,162.3,162.5,203.8,201.1,199.4,200.4,199.3,200.7,202.9,207.9,210.0,210.5,210.3,208.4,204.0,203.2,203.5,202.9,203.3,204.3,204.9,204.5,-57.8,-57.0,-54.2,-49.8,-42.1,-29.9,-14.9,2.8,21.0,37.0,50.0,62.2,72.7,79.6,83.8,86.6,87.7,-41.6,-31.3,-17.4,-3.3,9.2,35.7,47.5,59.4,71.2,79.6,22.9,24.1,25.4,26.6,10.1,17.4,24.8,31.7,37.8,-26.1,-17.5,-7.1,1.5,-7.3,-17.6,40.1,48.6,58.5,66.0,59.5,49.7,-3.5,8.3,18.3,24.4,31.0,39.6,47.6,40.0,31.7,24.6,17.8,7.9,1.5,17.9,24.2,30.9,43.6,30.9,24.2,17.7,-45.2,-25.3,-5.6,13.6,31.9,47.8,60.6,69.8,72.2,70.1,61.4,48.9,33.0,14.3,-5.8,-26.5,-47.4,-57.0,-65.0,-66.8,-64.7,-60.3,-61.8,-67.5,-70.5,-69.6,-62.9,-45.9,-33.0,-20.5,-7.8,0.9,3.3,5.1,2.9,0.2,-43.5,-48.4,-48.4,-42.4,-39.9,-39.5,-43.9,-50.9,-51.3,-47.0,-42.6,-42.1,27.3,22.4,19.5,21.2,19.3,22.0,26.1,33.9,37.0,37.8,37.3,34.5,27.5,25.8,26.2,25.4,26.6,27.6,28.5,27.9,683.8,686.1,689.3,691.4,690.5,686.8,680.0,670.6,668.5,676.7,691.4,704.0,709.9,709.9,708.5,706.7,706.2,653.7,647.1,641.5,636.8,634.0,639.1,645.7,653.7,662.2,671.3,638.1,631.8,625.1,618.9,636.1,634.3,633.2,636.2,639.9,652.0,648.5,648.2,648.8,648.3,648.6,654.9,657.0,660.2,665.8,660.3,657.1,653.1,641.9,637.8,638.4,639.9,648.3,661.1,649.7,642.6,640.7,640.3,644.0,650.5,640.6,640.8,642.8,657.3,642.7,640.6,640.6,0.594,0.153,-0.169,0.008,262.453,184.216,-7.101,-0.369,-13.228,18.635,2.749,1.938,-4.888,5.585,4.009,-3.342,-2.8,1.382,0.24,-1.799,0.064,-0.74,-0.524,1.281,-1.524,-0.541,0.328,0.035,0.468,-0.434,0.069,0.01,0.126,-0.029,-0.077,-0.028,-0.039,-0.018,0.005,-0.001,0.57,0.49,0.0,0.3,0.0,0.0,0.0,0.0,0.0,0.0,0.0,0.0,0.0,0.0,0.0,0.16,0.0,1.0,1.0,0.0,1.0,0.0,0.0,0.0,0.0,0.0,0.0,0.0,0.0,0.0,0.0,0.0,0.0,1.0,0.0
PP133,g1,1104,0,0.975,0.156929,0.139254,-0.977743,0.010985,0.143024,-0.989658,0.085,0.143,238.9,240.1,243.2,246.5,247.9,246.9,243.5,240.3,234.8,236.6,239.4,242.8,246.3,249.1,251.0,248.9,245.9,242.6,239.5,236.8,242.1,243.5,244.8,245.4,244.8,243.4,242.0,241.4,277.1,278.0,280.9,283.9,285.5,284.5,281.7,278.4,274.1,276.0,278.7,282.0,285.1,287.3,288.6,287.4,285.4,282.7,279.7,276.5,280.0,281.3,282.5,282.9,282.3,280.9,279.7,279.3,160.6,157.3,155.9,157.1,160.3,163.8,165.0,163.8,162.3,160.4,159.1,158.4,158.9,160.3,162.3,163.5,164.0,164.3,164.2,163.6,162.0,162.5,161.9,160.5,159.1,158.5,159.2,160.6,159.2,156.0,154.5,155.7,158.7,161.9,163.4,162.5,161.4,159.3,157.7,156.9,157.3,158.4,160.1,161.5,162.3,162.7,162.6,162.4,160.5,161.0,160.4,159.0,157.6,157.1,157.8,159.2,-14.6,-13.0,-8.9,-4.6,-2.8,-4.1,-8.5,-12.7,-20.1,-17.6,-13.9,-9.4,-4.8,-1.2,1.3,-1.5,-5.4,-9.6,-13.7,-17.4,-10.4,-8.5,-6.7,-6.1,-6.9,-8.7,-10.5,-11.2,36.3,37.6,41.5,45.7,47.7,46.4,42.5,38.0,32.3,34.8,38.3,42.8,47.1,50.4,52.6,50.6,47.6,43.8,39.6,35.4,40.2,42.0,43.7,44.3,43.4,41.6,39.9,39.3,-35.2,-39.5,-41.4,-39.8,-35.6,-31.0,-29.3,-31.0,-33.3,-35.6,-37.1,-37.9,-37.3,-35.6,-33.1,-31.4,-30.6,-30.2,-30.5,-31.4,-33.4,-32.7,-33.5,-35.4,-37.3,-38.0,-37.1,-35.2,-37.8,-42.2,-44.3,-42.8,-38.7,-34.3,-32.3,-33.4,-34.9,-37.7,-39.8,-41.0,-40.6,-39.4,-37.2,-35.1,-33.9,-33.2,-33.2,-33.5,-36.2,-35.6,-36.5,-38.4,-40.2,-40.8,-39.9,-38.0,511.3,511.7,511.7,511.2,510.7,510.5,510.3,510.8,515.7,513.0,510.5,509.2,509.5,510.8,512.3,510.8,509.5,509.3,510.6,513.0,511.7,511.5,511.5,511.7,511.9,512.1,512.1,512.0,522.2,523.2,524.7,525.8,525.8,524.7,523.2,522.3,522.7,521.9,521.6,522.4,524.9,528.2,531.4,528.1,524.9,522.6,521.6,521.9,523.9,524.4,525.1,525.5,525.5,525.1,524.4,523.9,21.8,-4.1,645.4,0.122,-0.127,-0.015,217.2,218.0,220.0,222.8,227.3,234.2,242.7,253.1,263.9,273.0,279.9,285.9,291.0,294.5,296.6,298.2,298.6,225.3,231.1,239.4,247.9,255.6,271.8,278.7,285.4,291.9,296.2,264.2,265.2,266.3,267.4,257.0,261.5,266.1,270.2,273.8,234.7,239.6,245.9,251.1,245.9,239.7,274.1,279.0,284.7,288.8,285.4,279.7,249.5,256.5,262.4,266.1,269.9,274.8,279.0,275.2,270.6,266.4,262.4,256.4,252.5,262.2,266.0,269.9,276.7,270.0,266.1,262.2,162.7,174.2,185.6,196.5,207.1,216.4,224.1,230.0,231.4,229.6,223.7,215.9,206.7,196.2,185.0,173.4,161.7,154.3,148.9,147.3,148.2,150.8,150.0,146.9,145.5,146.6,151.1,159.6,167.3,174.8,182.6,188.5,189.9,191.0,189.5,187.8,162.2,159.0,158.9,162.4,164.0,164.4,161.5,157.4,157.3,160.1,162.4,162.7,205.2,202.0,200.1,201.0,199.8,201.3,203.8,208.7,210.8,211.4,211.2,209.6,205.2,203.9,204.1,203.5,204.1,205.0,205.7,205.4,-57.0,-55.9,-52.7,-47.9,-39.9,-27.6,-12.6,5.3,23.6,39.6,52.5,64.2,74.0,80.3,84.0,86.5,87.2,-41.1,-31.2,-17.3,-3.4,9.1,35.5,47.2,59.0,70.7,79.0,23.0,24.5,26.0,27.4,11.3,18.5,25.9,32.7,38.7,-25.4,-17.1,-6.8,1.9,-6.8,-17.0,40.1,48.5,58.3,65.8,59.4,49.7,-0.8,10.5,20.0,26.1,32.4,40.9,48.7,41.6,33.6,26.7,20.1,10.4,4.2,19.8,26.0,32.5,44.6,32.6,26.1,19.8,-43.2,-23.2,-3.4,15.9,34.3,50.4,63.3,72.4,74.6,72.4,63.6,50.9,34.7,15.7,-4.6,-25.4,-46.3,-55.2,-63.5,-65.6,-63.6,-59.3,-61.0,-66.8,-69.9,-69.0,-62.3,-45.3,-32.5,-20.2,-7.7,1.6,3.9,5.6,3.3,0.5,-41.9,-47.1,-47.3,-41.5,-38.8,-38.2,-43.4,-50.3,-50.7,-46.5,-42.1,-41.5,29.3,23.6,20.4,21.9,19.9,22.8,27.3,34.9,38.0,38.8,38.5,36.0,29.2,26.7,27.0,26.2,27.7,28.6,29.6,29.1,679.9,682.3,685.3,687.2,685.9,681.6,674.6,665.1,663.1,671.5,686.4,699.4,705.4,705.2,703.5,701.4,700.8,649.9,643.4,637.9,633.3,630.7,635.8,642.5,650.5,658.9,668.0,634.5,627.7,620.6,614.0,631.3,629.5,628.3,631.3,635.3,648.1,644.8,644.6,645.1,644.6,644.9,651.4,653.6,656.9,662.5,656.9,653.6,647.2,635.9,632.3,633.0,634.6,642.7,655.4,643.9,637.1,635.1,634.6,637.9,644.5,635.0,635.3,637.4,651.4,637.4,635.2,635.1,0.599,0.132,-0.172,-0.009,263.161,184.925,-6.595,1.769,-14.531,22.17,-0.527,1.229,-3.95,7.062,5.12,-5.1,-3.367,0.733,-0.415,-2.368,0.47,-1.257,-0.751,1.024,-1.47,-0.484,0.326,0.293,0.186,-0.657,0.209,0.233,0.12,-0.007,-0.095,-0.041,-0.057,-0.037,0.006,0.007,0.56,0.52,0.0,0.67,0.0,0.0,0.0,0.0,0.0,0.0,0.0,0.0,0.0,0.0,0.0,0.0,0.0,1.0,1.0,0.0,1.0,0.0,0.0,0.0,0.0,0.0,0.0,0.0,0.0,0.0,0.0,0.0,0.0,1.0,0.0
PP133,g1,1110,0,0.975,0.175657,0.167562,-0.970086,0.015986,0.169451,-0.985409,0.098,0.171,239.3,240.6,243.7,246.9,248.3,247.3,243.9,240.7,235.1,237.0,239.8,243.3,246.8,249.5,251.3,249.2,246.3,243.0,239.9,237.1,242.5,243.9,245.2,245.8,245.2,243.8,242.4,241.9,277.4,278.4,281.2,284.2,285.7,284.8,282.0,278.7,274.4,276.3,279.0,282.3,285.3,287.5,288.9,287.7,285.6,283.0,279.9,276.8,280.2,281.6,282.8,283.2,282.6,281.2,280.0,279.6,160.6,157.3,155.9,157.2,160.4,164.0,165.1,163.8,162.1,160.3,159.1,158.5,159.1,160.5,162.5,163.7,164.1,164.4,164.2,163.5,162.1,162.6,162.0,160.6,159.2,158.6,159.2,160.6,159.5,156.3,154.9,156.0,159.0,162.2,163.7,162.8,161.8,159.6,158.0,157.2,157.6,158.6,160.4,161.8,162.6,163.0,163.0,162.7,160.8,161.3,160.7,159.3,157.9,157.4,158.1,159.5,-14.0,-12.4,-8.2,-4.0,-2.2,-3.6,-8.0,-12.2,-19.7,-17.1,-13.3,-8.7,-4.2,-0.7,1.8,-1.0,-4.9,-9.1,-13.2,-16.9,-9.9,-8.1,-6.3,-5.5,-6.3,-8.1,-10.0,-10.7,36.9,38.2,42.1,46.3,48.3,47.0,43.1,38.6,32.9,35.4,38.9,43.4,47.7,51.0,53.2,51.2,48.1,44.4,40.2,36.0,40.8,42.6,44.3,44.9,44.0,42.2,40.5,39.9,-35.3,-39.6,-41.4,-39.7,-35.5,-30.9,-29.3,-31.0,-33.5,-35.7,-37.1,-37.9,-37.2,-35.4,-32.9,-31.3,-30.6,-30.2,-30.6,-31.6,-33.4,-32.7,-33.5,-35.4,-37.2,-38.0,-37.2,-35.3,-37.6,-42.0,-44.1,-42.6,-38.5,-34.1,-32.0,-33.2,-34.6,-37.5,-39.6,-40.7,-40.4,-39.2,-37.1,-34.9,-33.6,-33.0,-32.9,-33.3,-36.0,-35.3,-36.2,-38.2,-40.0,-40.6,-39.7,-37.8,512.4,512.9,512.9,512.7,512.2,512.0,511.7,512.0,516.7,514.0,511.6,510.4,511.0,512.3,514.0,512.4,510.9,510.6,511.8,514.1,513.0,512.8,512.9,513.1,513.3,513.4,513.4,513.2,524.9,525.9,527.4,528.5,528.5,527.5,526.1,525.1,525.5,524.6,524.3,525.1,527.6,531.0,534.2,530.9,527.7,525.4,524.4,524.7,526.7,527.2,527.8,528.3,528.3,527.8,527.1,526.7,21.8,-4.5,649.8,0.165,-0.14,-0.003,216.6,217.3,219.1,221.8,226.4,233.5,242.2,252.5,263.1,272.1,278.9,285.1,290.4,294.1,296.4,298.0,298.5,225.5,231.6,240.1,248.7,256.6,272.3,279.2,285.9,292.4,296.6,264.8,265.8,266.8,267.8,257.0,261.6,266.1,270.3,273.9,235.0,240.1,246.3,251.5,246.3,240.1,274.4,279.3,285.0,289.0,285.6,280.0,248.6,255.9,262.0,265.8,269.7,274.5,278.6,274.7,270.0,265.8,261.7,255.5,251.6,261.7,265.6,269.6,276.4,269.6,265.6,261.7,161.9,173.4,184.8,195.8,206.2,215.3,222.8,228.4,229.8,227.8,221.7,213.9,204.9,194.6,183.7,172.4,161.0,154.1,149.0,147.6,148.6,151.3,150.6,147.4,146.1,147.0,151.3,160.2,167.8,175.3,183.1,188.7,190.1,191.2,189.8,188.2,162.1,159.0,159.0,162.6,164.1,164.3,161.8,157.8,157.6,160.3,162.7,163.0,204.5,201.8,200.1,201.0,199.8,201.3,203.3,208.4,210.5,211.1,210.9,209.1,204.6,203.8,204.1,203.5,203.8,204.8,205.5,205.2,-58.4,-57.4,-54.5,-49.9,-41.7,-29.0,-13.5,4.4,22.5,38.4,51.2,63.2,73.4,80.1,84.2,86.9,87.7,-40.9,-30.3,-16.2,-2.1,10.6,36.4,48.1,59.9,71.7,80.1,24.1,25.5,26.9,28.2,11.4,18.8,26.1,33.0,39.1,-25.0,-16.3,-6.1,2.5,-6.2,-16.4,40.8,49.2,59.0,66.5,60.1,50.3,-2.4,9.6,19.6,25.8,32.3,40.7,48.5,41.1,33.0,25.9,19.1,9.1,2.6,19.2,25.6,32.2,44.4,32.2,25.6,19.1,-44.7,-24.7,-4.8,14.6,33.0,48.8,61.4,70.3,72.5,69.9,60.6,47.7,31.6,12.9,-6.9,-27.3,-47.9,-55.6,-63.4,-65.3,-63.1,-58.6,-60.3,-66.1,-69.2,-68.6,-62.2,-44.5,-31.8,-19.4,-6.9,1.9,4.2,6.0,3.8,1.1,-42.3,-47.1,-47.1,-41.2,-38.7,-38.3,-42.9,-49.9,-50.4,-46.3,-41.8,-41.2,28.3,23.4,20.5,22.1,20.2,22.8,26.8,34.7,37.9,38.8,38.4,35.6,28.5,26.7,27.2,26.3,27.4,28.5,29.4,28.9,682.3,685.0,688.6,690.9,690.0,686.5,679.9,670.9,669.3,677.7,692.3,704.6,710.1,709.9,708.3,706.5,706.0,650.8,644.0,638.7,634.2,631.7,637.4,644.4,652.7,661.5,671.0,636.4,630.4,623.9,617.9,635.0,633.4,632.6,635.6,639.3,649.4,645.9,645.8,646.7,646.0,646.1,653.8,655.9,659.3,665.3,659.6,656.1,652.3,641.2,637.2,638.0,639.7,648.2,661.4,650.0,642.9,640.8,640.2,643.7,649.9,640.2,640.5,642.7,657.6,642.6,640.4,640.3,0.595,0.172,-0.184,0.004,263.028,184.659,-5.166,3.12,-12.92,17.498,3.595,1.08,-4.213,4.407,4.166,-3.076,-2.291,1.633,0.161,-1.761,-0.476,-0.478,-0.382,0.819,-1.578,-0.945,0.349,-0.331,0.18,-0.563,0.052,0.008,0.099,0.016,-0.087,-0.002,-0.022,-0.003,0.01,-0.003,0.28,0.02,0.0,0.08,0.0,0.0,0.0,0.0,0.0,0.0,0.0,0.0,0.0,0.0,0.0,0.0,0.0,0.0,1.0,0.0,1.0,0.0,0.0,0.0,0.0,0.0,0.0,0.0,0.0,0.0,0.0,0.0,0.0,1.0,0.0
PP133,g1,1116,0,0.975,0.169496,0.168724,-0.970981,0.008076,0.169508,-0.985496,0.091,0.171,239.4,240.7,243.9,247.0,248.4,247.3,243.9,240.7,235.2,237.1,239.9,243.4,246.9,249.5,251.4,249.3,246.3,243.1,240.0,237.2,242.5,243.9,245.3,245.9,245.3,243.9,242.5,241.9,277.6,278.5,281.4,284.4,285.9,285.0,282.2,278.9,274.6,276.5,279.2,282.5,285.5,287.7,289.1,287.9,285.8,283.2,280.1,277.0,280.4,281.8,283.0,283.4,282.8,281.4,280.2,279.8,160.3,157.0,155.7,157.0,160.2,163.7,164.8,163.5,161.8,160.0,158.8,158.2,158.8,160.2,162.2,163.4,163.8,164.1,163.8,163.2,161.7,162.3,161.7,160.3,158.9,158.3,158.9,160.3,159.4,156.2,154.7,155.9,158.9,162.1,163.6,162.7,161.6,159.5,157.9,157.1,157.5,158.6,160.3,161.7,162.5,162.9,162.9,162.6,160.7,161.2,160.6,159.2,157.8,157.3,158.0,159.4,-13.9,-12.2,-8.1,-3.9,-2.1,-3.5,-8.0,-12.2,-19.6,-17.0,-13.2,-8.6,-4.1,-0.6,1.8,-0.9,-4.8,-9.0,-13.2,-16.9,-9.8,-8.0,-6.2,-5.4,-6.2,-8.0,-9.9,-10.6,37.0,38.4,42.3,46.5,48.5,47.2,43.2,38.7,33.0,35.5,39.1,43.6,47.9,51.2,53.3,51.4,48.3,44.5,40.3,36.2,40.9,42.8,44.5,45.1,44.2,42.4,40.6,40.1,-35.8,-40.1,-41.9,-40.2,-35.9,-31.3,-29.8,-31.5,-34.1,-36.3,-37.7,-38.4,-37.6,-35.9,-33.3,-31.7,-31.0,-30.7,-31.1,-32.1,-33.9,-33.1,-33.9,-35.8,-37.7,-38.4,-37.6,-35.8,-37.7,-42.1,-44.2,-42.7,-38.6,-34.2,-32.1,-33.2,-34.7,-37.6,-39.7,-40.8,-40.5,-39.3,-37.1,-35.0,-33.7,-33.0,-33.0,-33.4,-36.1,-35.4,-36.3,-38.2,-40.0,-40.7,-39.8,-37.9,513.6,514.0,514.1,513.8,513.3,513.1,512.8,513.1,517.8,515.2,512.8,511.6,512.1,513.5,515.1,513.5,512.0,511.7,512.9,515.2,514.1,514.0,514.0,514.2,514.4,514.6,514.5,514.3,523.8,524.8,526.3,527.4,527.4,526.4,524.9,524.0,524.4,523.5,523.2,524.0,526.5,529.8,533.0,529.8,526.6,524.3,523.3,523.6,525.6,526.1,526.7,527.2,527.1,526.7,526.0,525.6,21.6,-5.0,652.5,0.171,-0.133,0.008,217.2,217.8,219.4,221.9,226.2,233.0,241.6,251.8,262.4,271.4,278.4,284.7,290.2,294.1,296.6,298.3,298.9,225.8,231.8,240.2,248.7,256.5,272.5,279.5,286.1,292.6,296.9,264.8,265.7,266.6,267.5,256.8,261.3,265.8,270.0,273.6,235.1,240.2,246.4,251.6,246.3,240.1,274.5,279.5,285.2,289.2,285.8,280.1,248.0,255.3,261.5,265.3,269.4,274.3,278.6,274.5,269.6,265.3,261.1,254.9,251.0,261.2,265.1,269.2,276.4,269.2,265.1,261.1,161.6,172.9,184.0,194.7,205.0,214.1,221.7,227.7,229.2,227.4,221.6,214.0,205.1,194.9,183.9,172.7,161.2,153.7,148.7,147.3,148.4,150.9,150.3,147.2,145.9,146.8,151.1,160.0,167.7,175.4,183.2,188.5,190.0,191.1,189.8,188.1,161.7,158.7,158.7,162.4,163.8,164.0,161.7,157.6,157.5,160.2,162.7,162.9,203.8,201.3,199.8,200.8,199.6,201.0,202.9,208.0,210.2,210.7,210.4,208.5,204.0,203.5,203.8,203.3,203.4,204.5,205.1,204.8,-57.4,-56.7,-54.0,-49.9,-42.3,-30.0,-14.8,3.1,21.3,37.3,50.4,62.7,73.3,80.5,84.8,87.6,88.7,-40.5,-30.1,-16.2,-2.1,10.5,36.9,48.7,60.6,72.3,80.7,24.2,25.4,26.6,27.8,11.0,18.4,25.7,32.7,38.8,-25.0,-16.2,-6.0,2.6,-6.1,-16.4,41.2,49.7,59.5,67.0,60.5,50.8,-3.4,8.7,18.9,25.2,31.9,40.5,48.6,40.9,32.4,25.2,18.3,8.1,1.6,18.4,24.9,31.7,44.6,31.7,24.9,18.3,-45.4,-25.7,-6.2,12.8,31.0,46.9,59.8,69.2,71.7,69.5,60.5,47.9,32.0,13.5,-6.5,-26.9,-47.8,-56.6,-64.3,-66.0,-63.8,-59.3,-60.9,-66.7,-69.8,-69.0,-62.6,-45.0,-32.1,-19.5,-6.8,1.6,4.0,5.9,3.7,1.1,-43.0,-47.8,-47.8,-41.8,-39.3,-39.0,-43.3,-50.3,-50.7,-46.6,-42.1,-41.5,27.3,22.8,20.2,21.9,20.0,22.5,26.2,34.3,37.5,38.3,37.8,34.7,27.6,26.4,26.9,26.1,26.9,28.1,29.0,28.4,684.3,686.8,690.3,692.9,692.3,689.0,682.5,673.4,671.6,679.8,694.4,706.8,712.6,712.7,711.1,709.2,708.6,653.7,647.0,641.5,636.9,634.2,639.7,646.3,654.4,662.9,672.3,638.8,632.9,626.6,620.8,638.0,636.3,635.4,638.3,641.9,652.3,648.7,648.6,649.4,648.7,648.9,655.8,657.8,661.1,666.9,661.3,658.1,655.6,644.5,640.2,640.9,642.5,651.0,664.2,652.8,645.6,643.5,643.1,646.9,653.0,643.2,643.4,645.5,660.4,645.4,643.2,643.2,0.593,0.177,-0.178,0.015,262.889,184.369,-6.554,-0.817,-12.605,16.252,3.997,2.147,-4.967,5.09,3.842,-1.84,-2.795,1.688,0.573,-1.507,-0.307,-0.416,-0.353,1.418,-1.64,-0.935,0.244,-0.272,0.481,-0.335,0.08,-0.126,0.111,-0.01,-0.064,0.001,-0.023,0.003,0.009,-0.006,0.32,0.0,0.0,0.67,0.0,0.0,0.0,0.0,0.0,0.15,0.0,0.0,0.0,0.0,0.0,0.0,0.0,0.0,1.0,0.0,1.0,0.0,0.0,0.0,0.0,0.0,0.0,0.0,0.0,0.0,0.0,0.0,0.0,1.0,0.0
PP133,g1,1122,0,0.975,0.159385,0.153077,-0.975276,0.00832,0.155038,-0.987873,0.085,0.156,239.2,240.5,243.6,246.8,248.2,247.2,243.8,240.6,235.1,236.9,239.7,243.2,246.7,249.4,251.3,249.2,246.2,242.9,239.8,237.1,242.4,243.8,245.2,245.7,245.1,243.7,242.3,241.8,277.5,278.4,281.2,284.3,285.8,284.9,282.1,278.8,274.5,276.4,279.1,282.4,285.5,287.7,289.0,287.8,285.7,283.1,280.0,276.9,280.3,281.7,282.9,283.3,282.6,281.3,280.1,279.7,160.3,157.1,155.6,156.9,160.1,163.6,164.8,163.6,161.9,160.1,158.8,158.2,158.7,160.1,162.2,163.3,163.8,164.1,163.9,163.3,161.8,162.3,161.7,160.3,158.9,158.3,158.9,160.4,159.2,156.0,154.5,155.7,158.8,162.0,163.5,162.6,161.5,159.3,157.7,156.9,157.3,158.4,160.2,161.6,162.4,162.7,162.7,162.5,160.6,161.1,160.4,159.0,157.7,157.2,157.8,159.2,-14.1,-12.5,-8.3,-4.1,-2.3,-3.7,-8.1,-12.3,-19.7,-17.1,-13.4,-8.9,-4.3,-0.8,1.7,-1.1,-5.0,-9.2,-13.3,-17.0,-10.0,-8.1,-6.3,-5.6,-6.4,-8.2,-10.1,-10.8,36.7,38.0,41.9,46.1,48.1,46.8,42.9,38.4,32.7,35.2,38.7,43.3,47.6,50.8,53.0,51.0,47.9,44.2,40.0,35.8,40.6,42.4,44.1,44.7,43.8,42.0,40.3,39.7,-35.5,-39.9,-41.7,-40.0,-35.8,-31.2,-29.6,-31.3,-33.8,-36.0,-37.4,-38.2,-37.5,-35.8,-33.2,-31.6,-30.9,-30.5,-30.8,-31.8,-33.7,-33.0,-33.8,-35.7,-37.5,-38.3,-37.4,-35.6,-37.7,-42.1,-44.2,-42.7,-38.6,-34.2,-32.1,-33.3,-34.8,-37.6,-39.7,-40.9,-40.5,-39.3,-37.1,-35.0,-33.7,-33.1,-33.1,-33.4,-36.1,-35.4,-36.3,-38.3,-40.1,-40.7,-39.8,-37.9,511.2,511.6,511.6,511.2,510.6,510.4,510.2,510.6,515.5,512.9,510.4,509.0,509.4,510.7,512.3,510.8,509.4,509.2,510.5,512.9,511.6,511.4,511.4,511.6,511.8,512.0,512.0,511.8,521.2,522.2,523.7,524.8,524.8,523.8,522.3,521.3,521.7,520.9,520.6,521.5,523.9,527.2,530.4,527.2,523.9,521.6,520.7,521.0,523.0,523.5,524.1,524.6,524.6,524.1,523.4,523.0,21.9,-4.5,648.0,0.145,-0.127,-0.004,217.5,218.1,219.9,222.5,226.9,233.8,242.3,252.6,263.3,272.4,279.3,285.5,290.7,294.4,296.7,298.3,298.9,225.6,231.5,239.8,248.3,256.1,272.4,279.3,286.0,292.5,296.7,264.6,265.5,266.6,267.5,256.9,261.5,266.1,270.2,273.8,234.9,240.0,246.2,251.4,246.2,240.0,274.4,279.4,285.1,289.2,285.7,280.0,248.8,256.0,262.0,265.8,269.8,274.7,278.9,275.0,270.3,266.0,261.8,255.7,251.8,261.8,265.7,269.7,276.7,269.7,265.7,261.7,161.9,173.3,184.7,195.6,206.1,215.4,223.1,229.1,230.6,228.7,222.8,215.0,205.9,195.5,184.5,173.1,161.5,153.9,148.7,147.2,148.2,150.8,150.1,147.0,145.7,146.7,151.2,159.7,167.5,175.1,183.0,188.5,190.0,191.1,189.7,188.0,161.9,158.7,158.7,162.3,163.8,164.1,161.5,157.5,157.4,160.1,162.5,162.7,204.5,201.7,200.0,201.0,199.7,201.2,203.4,208.4,210.5,211.1,210.9,209.1,204.7,203.8,204.0,203.4,203.8,204.8,205.4,205.1,-56.8,-55.9,-52.9,-48.5,-40.7,-28.5,-13.4,4.4,22.7,38.7,51.8,63.7,73.8,80.5,84.4,87.1,87.9,-40.7,-30.5,-16.6,-2.7,9.8,36.5,48.2,60.0,71.7,80.0,23.7,25.0,26.4,27.7,11.2,18.6,25.9,32.8,38.9,-25.0,-16.5,-6.3,2.4,-6.3,-16.6,40.8,49.2,59.1,66.6,60.2,50.4,-2.0,9.7,19.6,25.8,32.3,40.9,48.8,41.4,33.2,26.1,19.3,9.4,3.0,19.3,25.6,32.3,44.8,32.3,25.7,19.2,-44.7,-24.8,-5.0,14.3,32.8,48.8,61.8,71.1,73.5,71.2,62.3,49.4,33.3,14.6,-5.5,-26.0,-46.8,-56.0,-64.0,-65.9,-63.8,-59.4,-60.9,-66.7,-69.7,-68.9,-62.3,-45.2,-32.3,-19.7,-7.1,1.7,4.0,5.8,3.6,0.8,-42.6,-47.6,-47.7,-41.8,-39.2,-38.7,-43.4,-50.3,-50.8,-46.6,-42.1,-41.6,28.3,23.2,20.3,21.9,20.0,22.6,26.7,34.6,37.7,38.5,38.2,35.4,28.4,26.6,27.0,26.1,27.3,28.3,29.3,28.7,681.5,684.1,687.5,689.6,688.7,684.8,678.0,668.5,666.5,674.8,689.6,702.3,708.0,707.7,705.9,703.7,703.0,651.1,644.4,638.9,634.3,631.6,636.9,643.6,651.6,660.1,669.3,635.8,629.4,622.6,616.3,633.8,631.9,630.8,633.8,637.6,649.4,646.0,645.7,646.4,645.8,646.1,652.8,654.9,658.2,663.8,658.3,655.0,650.5,639.2,635.2,635.9,637.5,645.9,658.9,647.3,640.2,638.2,637.7,641.3,647.9,638.1,638.4,640.5,654.9,640.3,638.1,638.1,0.597,0.154,-0.171,0.003,263.151,184.65,-6.466,1.548,-13.449,19.906,1.006,1.976,-5.07,6.414,4.595,-4.016,-3.152,1.348,0.092,-1.872,0.394,-0.82,-0.633,1.199,-1.419,-0.656,0.312,0.075,0.27,-0.482,0.107,0.009,0.167,-0.015,-0.085,-0.026,-0.034,-0.023,0.005,-0.001,0.42,0.33,0.0,0.75,0.0,0.0,0.0,0.0,0.0,0.0,0.0,0.0,0.0,0.0,0.0,0.0,0.0,1.0,1.0,0.0,1.0,0.0,0.0,0.0,0.0,0.0,0.0,0.0,0.0,0.0,0.0,0.0,0.0,1.0,0.0
PP133,g1,1128,0,0.975,0.174487,0.164986,-0.970739,0.016834,0.16772,-0.985691,0.097,0.168,239.9,241.1,244.3,247.4,248.8,247.8,244.4,241.2,235.7,237.6,240.4,243.8,247.3,250.0,251.9,249.8,246.8,243.6,240.5,237.7,243.0,244.4,245.8,246.3,245.7,244.3,242.9,242.4,277.9,278.8,281.6,284.6,286.1,285.2,282.4,279.1,274.9,276.8,279.4,282.7,285.7,287.9,289.3,288.1,286.1,283.4,280.4,277.3,280.7,282.0,283.2,283.6,283.0,281.6,280.4,280.0,160.7,157.4,156.0,157.3,160.5,164.0,165.2,163.9,162.3,160.4,159.2,158.6,159.1,160.5,162.5,163.7,164.2,164.4,164.2,163.6,162.1,162.7,162.0,160.6,159.2,158.7,159.3,160.7,159.4,156.2,154.8,155.9,159.0,162.1,163.6,162.7,161.7,159.5,157.9,157.1,157.5,158.6,160.3,161.7,162.5,162.9,162.9,162.6,160.7,161.2,160.6,159.2,157.9,157.4,158.0,159.4,-13.3,-11.7,-7.6,-3.4,-1.5,-2.9,-7.3,-11.5,-19.0,-16.4,-12.6,-8.1,-3.5,-0.0,2.5,-0.3,-4.2,-8.4,-12.5,-16.2,-9.2,-7.4,-5.6,-4.8,-5.6,-7.5,-9.3,-10.0,37.6,38.9,42.8,47.0,49.1,47.8,43.8,39.3,33.6,36.1,39.7,44.2,48.5,51.7,53.9,51.9,48.9,45.1,40.9,36.8,41.5,43.4,45.1,45.7,44.8,42.9,41.2,40.6,-35.3,-39.6,-41.5,-39.8,-35.6,-30.9,-29.4,-31.0,-33.5,-35.7,-37.2,-37.9,-37.3,-35.5,-33.0,-31.4,-30.6,-30.3,-30.6,-31.6,-33.4,-32.7,-33.5,-35.4,-37.3,-38.0,-37.2,-35.3,-37.9,-42.2,-44.3,-42.9,-38.8,-34.4,-32.3,-33.4,-34.9,-37.7,-39.9,-41.0,-40.7,-39.5,-37.4,-35.2,-33.9,-33.2,-33.2,-33.5,-36.2,-35.6,-36.5,-38.4,-40.2,-40.9,-40.0,-38.0,514.2,514.6,514.6,514.3,513.8,513.7,513.4,513.7,518.4,515.8,513.4,512.1,512.6,514.0,515.6,514.1,512.6,512.3,513.5,515.8,514.7,514.5,514.6,514.7,515.0,515.1,515.1,514.9,527.0,528.0,529.4,530.5,530.6,529.6,528.1,527.2,527.5,526.7,526.4,527.2,529.7,533.0,536.3,533.0,529.8,527.5,526.5,526.8,528.8,529.3,529.9,530.3,530.3,529.8,529.2,528.8,22.8,-4.4,650.3,0.161,-0.141,-0.008,217.3,218.0,219.8,222.6,227.2,234.3,243.0,253.3,263.9,272.8,279.6,285.6,290.9,294.6,296.9,298.4,298.9,226.1,232.2,240.6,249.2,257.0,272.8,279.6,286.2,292.7,296.9,265.3,266.3,267.4,268.4,257.7,262.2,266.8,270.9,274.5,235.5,240.7,246.8,252.0,246.8,240.6,274.8,279.7,285.4,289.4,286.0,280.4,249.4,256.6,262.8,266.5,270.4,275.2,279.3,275.4,270.8,266.6,262.5,256.4,252.4,262.5,266.3,270.3,277.1,270.3,266.4,262.4,162.2,173.7,185.1,196.1,206.5,215.6,223.1,228.7,230.0,228.0,221.9,214.1,205.0,194.7,183.7,172.4,161.0,154.2,149.2,147.7,148.7,151.3,150.5,147.4,146.0,146.9,151.2,160.1,167.7,175.3,183.1,188.7,190.1,191.2,189.8,188.1,162.2,159.1,159.0,162.6,164.1,164.4,161.8,157.7,157.6,160.2,162.6,162.9,204.6,201.9,200.1,201.1,199.9,201.3,203.3,208.4,210.6,211.2,211.0,209.2,204.8,203.9,204.1,203.5,203.8,204.9,205.5,205.3,-57.2,-56.2,-53.2,-48.6,-40.3,-27.6,-12.1,5.7,23.8,39.7,52.4,64.3,74.4,81.0,85.0,87.7,88.4,-39.9,-29.4,-15.4,-1.3,11.3,37.2,48.8,60.6,72.3,80.7,24.9,26.3,27.8,29.1,12.5,19.8,27.2,34.0,40.1,-24.1,-15.4,-5.2,3.3,-5.3,-15.5,41.6,50.0,59.8,67.2,60.8,51.1,-1.0,10.9,20.8,27.0,33.4,41.9,49.6,42.4,34.3,27.2,20.5,10.5,4.0,20.5,26.8,33.4,45.6,33.4,26.8,20.4,-44.2,-24.1,-4.2,15.2,33.5,49.3,61.9,70.8,72.9,70.3,61.1,48.0,31.9,13.1,-6.9,-27.3,-48.0,-55.5,-63.3,-65.2,-63.1,-58.6,-60.4,-66.2,-69.4,-68.9,-62.5,-44.7,-31.9,-19.5,-6.9,1.9,4.2,6.0,3.7,1.0,-42.1,-47.0,-47.1,-41.3,-38.7,-38.2,-43.1,-50.1,-50.6,-46.6,-42.0,-41.4,28.6,23.6,20.6,22.2,20.3,22.9,26.9,34.8,38.1,38.9,38.6,35.8,28.8,26.9,27.3,26.4,27.5,28.6,29.6,29.1,682.4,685.2,688.9,691.2,690.3,686.7,680.1,671.2,669.7,678.1,692.8,705.1,710.7,710.4,708.7,706.7,706.2,651.3,644.6,639.3,634.9,632.5,638.3,645.2,653.4,662.2,671.7,637.2,631.0,624.5,618.4,635.5,633.9,633.0,636.1,639.9,649.9,646.5,646.5,647.4,646.6,646.7,654.5,656.6,660.0,665.9,660.2,656.8,652.7,641.6,637.7,638.5,640.2,648.8,661.9,650.5,643.4,641.3,640.7,644.1,650.2,640.7,641.0,643.3,658.0,643.2,640.9,640.8,0.595,0.169,-0.187,-0.0,263.64,184.732,-6.274,3.058,-13.115,18.457,3.013,1.431,-3.969,4.721,4.343,-3.427,-2.212,1.485,0.124,-1.979,-0.429,-0.553,-0.453,0.665,-1.46,-0.987,0.481,-0.316,0.143,-0.597,0.108,0.076,0.074,0.023,-0.09,-0.002,-0.029,-0.008,0.009,0.001,1.04,0.26,0.0,0.51,0.0,0.0,0.0,0.0,0.0,0.0,0.0,0.0,0.0,0.0,0.0,0.0,0.0,1.0,1.0,0.0,1.0,0.0,0.0,0.0,0.0,0.0,0.0,0.0,0.0,0.0,0.0,0.0,0.0,1.0,0.0
PP133,g1,1134,0,0.975,0.173444,0.173436,-0.969452,0.010528,0.174478,-0.984605,0.094,0.176,239.4,240.7,243.9,247.0,248.4,247.3,243.9,240.7,235.2,237.1,239.9,243.4,246.9,249.6,251.4,249.3,246.3,243.1,239.9,237.2,242.5,243.9,245.3,245.9,245.3,243.9,242.5,241.9,277.6,278.5,281.3,284.4,285.9,285.0,282.2,278.9,274.6,276.5,279.1,282.5,285.5,287.7,289.1,287.8,285.8,283.2,280.1,277.0,280.4,281.8,283.0,283.4,282.7,281.4,280.2,279.8,160.3,157.1,155.7,157.0,160.2,163.7,164.9,163.5,161.8,160.0,158.8,158.2,158.8,160.3,162.3,163.4,163.9,164.1,163.9,163.2,161.8,162.4,161.8,160.3,158.9,158.3,158.9,160.4,159.4,156.2,154.7,155.9,158.9,162.1,163.6,162.7,161.7,159.5,157.9,157.1,157.5,158.5,160.3,161.7,162.5,162.9,162.9,162.7,160.7,161.2,160.6,159.2,157.8,157.3,158.0,159.4,-13.9,-12.2,-8.1,-3.9,-2.1,-3.5,-8.0,-12.2,-19.6,-17.0,-13.2,-8.6,-4.1,-0.6,1.9,-0.9,-4.8,-9.0,-13.2,-16.9,-9.8,-8.0,-6.2,-5.4,-6.2,-8.0,-9.8,-10.6,37.0,38.3,42.2,46.4,48.5,47.1,43.2,38.7,33.0,35.5,39.0,43.6,47.9,51.2,53.3,51.3,48.3,44.5,40.3,36.2,40.9,42.8,44.5,45.1,44.2,42.3,40.6,40.0,-35.6,-39.9,-41.7,-40.0,-35.7,-31.1,-29.6,-31.4,-33.9,-36.1,-37.5,-38.2,-37.5,-35.7,-33.1,-31.5,-30.8,-30.5,-30.9,-31.9,-33.7,-33.0,-33.8,-35.6,-37.5,-38.3,-37.5,-35.6,-37.7,-42.0,-44.1,-42.7,-38.6,-34.2,-32.1,-33.2,-34.7,-37.5,-39.7,-40.8,-40.5,-39.3,-37.2,-35.0,-33.7,-33.0,-33.0,-33.3,-36.0,-35.4,-36.3,-38.2,-40.0,-40.7,-39.8,-37.8,511.8,512.2,512.3,512.0,511.5,511.3,511.0,511.3,516.0,513.4,511.0,509.8,510.3,511.7,513.3,511.7,510.2,510.0,511.1,513.4,512.3,512.2,512.2,512.4,512.6,512.8,512.7,512.5,523.9,524.9,526.3,527.4,527.5,526.5,525.0,524.1,524.4,523.6,523.3,524.1,526.5,529.9,533.1,529.9,526.7,524.4,523.4,523.7,525.7,526.2,526.8,527.2,527.2,526.7,526.1,525.7,21.7,-5.0,652.8,0.179,-0.138,0.008,217.2,217.7,219.4,221.8,226.1,233.0,241.6,251.8,262.4,271.4,278.2,284.5,290.0,294.0,296.4,298.2,298.8,225.7,231.8,240.2,248.8,256.6,272.6,279.5,286.2,292.6,296.9,264.8,265.7,266.7,267.6,256.9,261.4,265.9,270.1,273.7,235.0,240.2,246.4,251.6,246.3,240.1,274.5,279.5,285.1,289.2,285.7,280.1,248.1,255.5,261.7,265.5,269.5,274.4,278.6,274.5,269.7,265.5,261.3,255.1,251.2,261.4,265.3,269.3,276.4,269.3,265.3,261.3,161.4,172.7,183.8,194.5,204.7,213.8,221.4,227.3,228.9,227.1,221.2,213.6,204.8,194.6,183.7,172.5,161.0,153.6,148.7,147.4,148.5,151.1,150.4,147.3,145.9,146.9,151.1,160.2,167.8,175.4,183.3,188.5,190.0,191.1,189.8,188.1,161.7,158.7,158.8,162.4,163.9,164.1,161.8,157.7,157.5,160.2,162.7,162.9,203.8,201.4,199.8,200.8,199.6,201.0,202.8,207.9,210.2,210.7,210.5,208.5,204.0,203.5,203.8,203.3,203.3,204.5,205.1,204.8,-57.5,-56.8,-54.2,-50.0,-42.3,-30.0,-14.7,3.1,21.3,37.2,50.2,62.5,73.1,80.3,84.7,87.5,88.6,-40.7,-30.2,-16.1,-2.0,10.7,36.9,48.7,60.6,72.4,80.8,24.2,25.5,26.8,28.0,11.2,18.5,25.9,32.8,38.9,-25.0,-16.3,-6.0,2.6,-6.1,-16.4,41.2,49.6,59.5,67.0,60.5,50.8,-3.1,9.1,19.2,25.4,32.0,40.6,48.6,41.0,32.7,25.5,18.6,8.5,2.0,18.7,25.2,31.9,44.6,31.9,25.2,18.6,-45.6,-26.0,-6.6,12.4,30.5,46.4,59.2,68.7,71.2,68.9,59.9,47.3,31.5,13.0,-6.9,-27.3,-48.1,-56.6,-64.2,-65.9,-63.6,-59.1,-60.6,-66.5,-69.6,-69.0,-62.7,-44.7,-31.9,-19.4,-6.7,1.6,4.0,5.9,3.7,1.0,-43.0,-47.7,-47.7,-41.7,-39.2,-38.9,-43.2,-50.3,-50.7,-46.6,-42.1,-41.4,27.3,22.9,20.2,21.9,20.0,22.5,26.1,34.2,37.5,38.3,37.8,34.8,27.6,26.4,26.9,26.0,26.7,28.1,29.0,28.4,684.0,686.7,690.3,693.0,692.6,689.4,683.1,674.2,672.4,680.7,695.3,707.7,713.5,713.6,712.0,710.1,709.4,653.4,646.5,641.0,636.4,633.8,639.3,646.1,654.4,663.2,672.8,638.6,632.8,626.5,620.6,638.0,636.4,635.5,638.5,642.1,652.1,648.5,648.3,649.3,648.6,648.8,655.9,657.9,661.3,667.3,661.6,658.3,655.7,644.6,640.4,641.1,642.7,651.3,664.7,653.3,646.1,644.1,643.6,647.3,653.2,643.4,643.7,645.8,660.9,645.7,643.6,643.5,0.593,0.184,-0.184,0.016,262.919,184.316,-4.795,-0.995,-12.522,16.612,4.599,1.449,-4.815,5.652,4.172,-1.907,-2.678,1.779,0.565,-1.657,-0.335,-0.415,-0.473,1.026,-1.623,-0.912,0.367,-0.344,0.339,-0.312,0.109,-0.091,0.099,0.004,-0.074,0.009,-0.025,0.007,0.008,-0.002,0.31,0.03,0.0,0.37,0.0,0.0,0.0,0.0,0.0,0.0,0.0,0.0,0.0,0.0,0.0,0.0,0.0,1.0,1.0,0.0,1.0,0.0,0.0,0.0,0.0,0.0,0.0,0.0,0.0,0.0,0.0,0.0,0.0,1.0,0.0
PP133,g1,1140,0,0.975,0.171136,0.157873,-0.972517,0.016015,0.160807,-0.986856,0.095,0.161,239.2,240.5,243.6,246.8,248.2,247.2,243.8,240.6,235.1,237.0,239.7,243.2,246.7,249.4,251.3,249.2,246.2,243.0,239.9,237.1,242.4,243.8,245.2,245.7,245.1,243.7,242.3,241.8,277.3,278.2,281.0,284.0,285.5,284.6,281.8,278.5,274.3,276.2,278.8,282.1,285.2,287.3,288.7,287.5,285.5,282.8,279.8,276.7,280.1,281.4,282.6,283.0,282.4,281.0,279.8,279.4,160.4,157.1,155.7,156.9,160.1,163.6,164.8,163.6,161.9,160.1,158.9,158.2,158.7,160.1,162.1,163.3,163.8,164.1,163.9,163.3,161.8,162.3,161.7,160.3,158.9,158.3,158.9,160.4,159.1,155.9,154.4,155.5,158.6,161.8,163.2,162.4,161.3,159.1,157.5,156.7,157.1,158.2,159.9,161.3,162.1,162.5,162.5,162.3,160.4,160.9,160.2,158.8,157.5,157.0,157.6,159.0,-14.1,-12.5,-8.4,-4.2,-2.3,-3.7,-8.1,-12.3,-19.7,-17.2,-13.4,-8.9,-4.3,-0.8,1.7,-1.1,-4.9,-9.2,-13.3,-17.0,-10.0,-8.1,-6.3,-5.6,-6.4,-8.3,-10.1,-10.8,36.7,38.0,41.9,46.1,48.2,46.8,42.9,38.4,32.7,35.2,38.7,43.3,47.5,50.8,53.0,51.0,48.0,44.2,40.0,35.9,40.6,42.5,44.2,44.7,43.8,42.0,40.3,39.7,-35.6,-40.0,-41.8,-40.2,-35.9,-31.3,-29.7,-31.4,-33.8,-36.1,-37.5,-38.3,-37.6,-35.9,-33.4,-31.7,-31.0,-30.6,-30.9,-31.9,-33.8,-33.1,-33.9,-35.8,-37.6,-38.4,-37.6,-35.7,-38.3,-42.6,-44.7,-43.3,-39.2,-34.8,-32.7,-33.8,-35.3,-38.1,-40.3,-41.4,-41.1,-39.9,-37.8,-35.6,-34.3,-33.6,-33.6,-33.9,-36.6,-36.0,-36.9,-38.8,-40.6,-41.3,-40.4,-38.4,512.8,513.2,513.2,512.9,512.4,512.2,511.9,512.3,517.1,514.4,512.0,510.7,511.2,512.5,514.1,512.6,511.1,510.9,512.1,514.4,513.3,513.1,513.1,513.3,513.5,513.7,513.7,513.5,525.6,526.6,528.1,529.1,529.2,528.2,526.7,525.7,526.1,525.3,525.0,525.8,528.3,531.6,534.8,531.6,528.3,526.0,525.1,525.4,527.4,527.8,528.5,528.9,528.9,528.4,527.8,527.4,22.1,-5.0,650.1,0.151,-0.138,-0.012,216.8,217.6,219.5,222.3,227.1,234.2,243.0,253.3,263.8,272.7,279.4,285.4,290.6,294.2,296.4,298.0,298.4,225.4,231.4,239.8,248.5,256.3,272.1,278.9,285.6,292.1,296.3,264.6,265.7,266.8,267.9,257.2,261.7,266.3,270.4,274.0,234.9,240.0,246.2,251.4,246.2,240.0,274.2,279.1,284.8,288.8,285.4,279.8,249.2,256.4,262.4,266.1,270.0,274.8,278.9,275.1,270.5,266.3,262.3,256.2,252.2,262.2,266.0,269.9,276.7,269.9,266.0,262.2,162.0,173.6,184.9,195.8,206.2,215.3,222.8,228.4,229.7,227.7,221.6,213.9,204.8,194.6,183.6,172.3,160.9,154.1,148.9,147.3,148.3,150.9,150.2,147.0,145.6,146.6,151.0,159.7,167.3,174.8,182.6,188.3,189.6,190.7,189.3,187.6,161.9,158.8,158.7,162.2,163.8,164.1,161.4,157.3,157.2,159.8,162.3,162.5,204.3,201.5,199.7,200.6,199.4,200.8,202.9,207.9,210.1,210.7,210.5,208.8,204.4,203.4,203.6,203.0,203.3,204.3,205.0,204.7,-58.1,-57.0,-53.8,-49.0,-40.6,-27.8,-12.2,5.6,23.7,39.4,52.1,63.9,73.8,80.3,84.2,86.8,87.5,-41.1,-30.8,-16.7,-2.5,10.2,36.1,47.8,59.6,71.4,79.8,23.9,25.3,26.8,28.3,11.7,19.1,26.4,33.3,39.3,-25.1,-16.5,-6.2,2.4,-6.3,-16.5,40.6,49.0,58.8,66.3,59.9,50.2,-1.4,10.4,20.3,26.3,32.7,41.1,48.9,41.7,33.7,26.8,20.1,10.2,3.6,20.0,26.2,32.7,44.9,32.8,26.3,19.9,-44.6,-24.5,-4.6,14.8,33.1,48.8,61.4,70.2,72.2,69.7,60.5,47.6,31.6,12.9,-7.0,-27.5,-48.1,-55.8,-63.8,-65.9,-63.8,-59.3,-61.1,-66.9,-70.1,-69.4,-62.9,-45.4,-32.7,-20.3,-7.8,1.2,3.4,5.2,2.9,0.1,-42.7,-47.6,-47.8,-41.9,-39.3,-38.8,-43.8,-50.8,-51.3,-47.2,-42.7,-42.0,28.0,22.9,19.9,21.4,19.5,22.1,26.1,33.9,37.1,38.0,37.7,35.1,28.1,26.1,26.4,25.6,26.7,27.7,28.7,28.3,683.7,686.4,689.8,691.8,690.6,686.8,679.9,670.8,669.1,677.7,692.4,704.9,710.6,710.4,708.8,706.9,706.5,652.4,645.5,640.0,635.5,632.9,638.5,645.6,653.9,662.8,672.4,637.5,631.1,624.3,618.0,635.3,633.7,632.7,635.8,639.6,650.7,647.3,647.2,648.0,647.3,647.4,654.9,657.1,660.6,666.5,660.7,657.2,652.4,641.2,637.3,638.1,639.8,648.2,661.4,649.8,642.7,640.6,640.1,643.6,649.9,640.2,640.6,642.8,657.5,642.7,640.4,640.2,0.595,0.158,-0.183,-0.005,263.207,184.363,-4.112,3.655,-13.055,19.27,2.969,1.415,-4.099,5.605,4.741,-3.85,-2.632,1.178,-0.012,-2.141,-0.28,-0.741,-0.53,0.682,-1.385,-0.807,0.421,-0.281,0.05,-0.632,0.059,0.152,0.078,0.006,-0.095,-0.01,-0.039,-0.013,0.009,-0.002,0.71,0.52,0.0,0.51,0.0,0.0,0.0,0.0,0.0,0.0,0.0,0.0,0.0,0.0,0.0,0.0,0.0,1.0,1.0,0.0,1.0,0.0,0.0,0.0,0.0,0.0,0.0,0.0,0.0,0.0,0.0,0.0,0.0,1.0,0.0
PP133,g1,1146,0,0.975,0.164116,0.147339,-0.975375,0.017774,0.151158,-0.98835,0.092,0.151,239.2,240.4,243.5,246.8,248.2,247.2,243.8,240.6,235.1,236.9,239.7,243.1,246.6,249.4,251.3,249.2,246.2,243.0,239.9,237.1,242.4,243.8,245.2,245.7,245.1,243.7,242.3,241.8,277.2,278.1,280.9,284.0,285.5,284.6,281.8,278.5,274.2,276.1,278.8,282.1,285.1,287.3,288.6,287.4,285.4,282.8,279.7,276.6,280.0,281.4,282.6,283.0,282.3,281.0,279.7,279.3,160.6,157.3,155.9,157.1,160.3,163.8,165.0,163.8,162.3,160.4,159.1,158.4,158.9,160.3,162.3,163.5,164.0,164.4,164.2,163.6,162.0,162.5,161.9,160.5,159.1,158.5,159.2,160.6,159.1,155.9,154.4,155.6,158.6,161.8,163.3,162.4,161.4,159.2,157.6,156.8,157.2,158.2,160.0,161.4,162.2,162.6,162.6,162.3,160.4,160.9,160.3,158.9,157.5,157.0,157.7,159.1,-14.2,-12.6,-8.5,-4.2,-2.4,-3.6,-8.1,-12.3,-19.7,-17.2,-13.5,-9.0,-4.4,-0.8,1.7,-1.1,-4.9,-9.2,-13.3,-17.0,-10.0,-8.1,-6.3,-5.7,-6.5,-8.3,-10.1,-10.8,36.5,37.8,41.7,45.9,47.9,46.6,42.7,38.2,32.5,35.0,38.5,43.1,47.3,50.6,52.8,50.8,47.8,44.0,39.8,35.7,40.4,42.3,44.0,44.5,43.6,41.8,40.1,39.5,-35.2,-39.6,-41.5,-39.9,-35.6,-31.0,-29.4,-31.0,-33.4,-35.6,-37.1,-37.9,-37.3,-35.6,-33.1,-31.4,-30.7,-30.2,-30.5,-31.4,-33.4,-32.7,-33.6,-35.5,-37.3,-38.0,-37.2,-35.3,-38.1,-42.5,-44.6,-43.1,-39.0,-34.6,-32.5,-33.6,-35.1,-37.9,-40.1,-41.2,-40.9,-39.7,-37.6,-35.4,-34.2,-33.5,-33.4,-33.7,-36.5,-35.8,-36.7,-38.7,-40.5,-41.1,-40.2,-38.3,512.1,512.4,512.4,512.0,511.5,511.4,511.2,511.6,516.5,513.8,511.3,509.9,510.3,511.6,513.2,511.7,510.3,510.1,511.4,513.8,512.5,512.3,512.3,512.5,512.7,512.9,512.9,512.7,524.1,525.1,526.6,527.7,527.7,526.7,525.2,524.2,524.6,523.8,523.5,524.3,526.8,530.2,533.4,530.1,526.9,524.6,523.6,523.9,525.9,526.4,527.0,527.5,527.5,527.0,526.3,525.9,22.4,-4.3,646.5,0.134,-0.133,-0.023,216.9,217.8,220.0,222.9,227.8,235.0,243.7,254.2,264.8,273.8,280.4,286.2,291.1,294.5,296.6,298.0,298.3,225.3,231.2,239.6,248.3,256.1,272.0,278.8,285.5,292.0,296.2,264.6,265.7,266.9,268.1,257.5,262.0,266.6,270.7,274.3,235.0,240.0,246.2,251.4,246.2,240.0,274.2,279.1,284.7,288.8,285.4,279.8,250.0,257.0,262.9,266.6,270.4,275.2,279.2,275.6,271.1,266.9,262.9,256.9,253.0,262.7,266.5,270.4,277.0,270.5,266.6,262.7,162.7,174.3,185.8,196.9,207.4,216.5,224.1,229.7,230.9,228.8,222.7,214.8,205.5,195.1,184.0,172.6,161.1,154.6,149.2,147.5,148.4,151.0,150.3,147.1,145.7,146.6,151.1,159.7,167.3,174.9,182.7,188.5,189.9,190.9,189.5,187.7,162.2,159.0,158.9,162.4,164.0,164.4,161.4,157.4,157.2,159.9,162.3,162.6,205.1,202.0,200.1,201.0,199.7,201.3,203.5,208.4,210.6,211.2,211.1,209.4,205.1,203.9,204.0,203.4,203.9,204.8,205.5,205.3,-57.7,-56.4,-52.9,-47.7,-39.1,-26.3,-10.8,7.1,25.2,41.0,53.6,65.0,74.4,80.4,84.0,86.4,86.9,-41.1,-31.0,-16.9,-2.8,9.9,35.7,47.3,59.2,70.9,79.2,23.7,25.3,26.8,28.4,12.1,19.4,26.8,33.5,39.5,-24.9,-16.6,-6.3,2.4,-6.2,-16.5,40.3,48.7,58.5,65.9,59.6,49.9,0.0,11.3,20.9,26.9,33.2,41.5,49.2,42.3,34.5,27.6,20.9,11.3,5.0,20.7,26.9,33.3,45.1,33.5,27.0,20.7,-43.3,-23.1,-3.0,16.6,35.0,50.8,63.4,72.0,73.9,71.2,62.0,48.9,32.6,13.7,-6.3,-26.8,-47.4,-54.8,-63.1,-65.3,-63.3,-58.9,-60.6,-66.5,-69.7,-69.1,-62.4,-45.1,-32.4,-20.0,-7.6,1.7,3.9,5.5,3.2,0.4,-42.0,-47.0,-47.3,-41.5,-38.8,-38.2,-43.5,-50.5,-51.0,-46.9,-42.4,-41.7,29.2,23.7,20.4,22.0,19.9,22.7,26.9,34.6,37.7,38.6,38.4,35.9,29.1,26.7,26.9,26.0,27.5,28.3,29.4,28.9,681.3,684.2,687.4,689.2,687.6,683.3,676.1,666.7,664.9,673.6,688.6,701.2,706.9,706.4,704.6,702.5,702.0,650.0,643.1,637.5,633.0,630.4,635.9,642.9,651.3,660.1,669.7,634.7,628.0,620.9,614.3,631.9,630.1,629.0,632.1,636.0,648.0,644.7,644.5,645.3,644.6,644.8,652.1,654.5,657.9,663.7,657.9,654.5,648.2,637.0,633.3,634.1,635.9,644.1,657.0,645.4,638.6,636.5,635.9,639.1,645.5,636.2,636.5,638.8,652.9,638.8,636.4,636.3,0.598,0.143,-0.178,-0.017,263.494,184.807,-4.171,5.893,-13.989,22.063,0.974,1.598,-3.698,6.148,5.337,-5.065,-2.64,0.481,-0.197,-2.144,0.277,-1.163,-0.59,0.586,-1.532,-0.798,0.212,0.014,-0.209,-0.838,0.141,0.291,0.043,0.039,-0.095,-0.017,-0.06,-0.03,0.013,0.005,0.62,0.24,0.0,0.77,0.0,0.0,0.0,0.0,0.0,0.07,0.0,0.0,0.0,0.0,0.0,0.0,0.0,0.0,1.0,0.0,1.0,0.0,0.0,0.0,0.0,0.0,0.0,0.0,0.0,0.0,0.0,0.0,0.0,1.0,0.0
PP133,g1,1152,0,0.975,0.180213,0.165997,-0.96952,0.022231,0.167905,-0.985552,0.103,0.169,239.5,240.8,243.9,247.1,248.5,247.4,244.1,240.9,235.3,237.2,240.0,243.5,247.0,249.6,251.5,249.4,246.5,243.2,240.1,237.3,242.6,244.0,245.4,246.0,245.4,244.0,242.6,242.0,277.5,278.4,281.2,284.3,285.7,284.8,282.0,278.8,274.5,276.4,279.1,282.4,285.4,287.5,288.9,287.7,285.6,283.0,280.0,276.9,280.3,281.6,282.8,283.2,282.6,281.3,280.0,279.6,160.3,157.0,155.6,156.9,160.1,163.6,164.8,163.5,161.8,160.0,158.8,158.2,158.7,160.2,162.2,163.3,163.8,164.1,163.9,163.2,161.7,162.3,161.7,160.3,158.8,158.3,158.9,160.3,159.2,156.0,154.6,155.7,158.8,162.0,163.4,162.5,161.5,159.3,157.7,156.9,157.3,158.4,160.1,161.5,162.3,162.7,162.7,162.5,160.5,161.0,160.4,159.0,157.7,157.2,157.8,159.2,-13.8,-12.1,-8.0,-3.8,-2.0,-3.4,-7.8,-12.0,-19.5,-16.8,-13.1,-8.5,-4.0,-0.5,2.0,-0.8,-4.6,-8.9,-13.0,-16.7,-9.7,-7.8,-6.0,-5.3,-6.1,-7.9,-9.7,-10.5,37.1,38.4,42.3,46.5,48.5,47.2,43.3,38.8,33.1,35.6,39.1,43.7,47.9,51.2,53.3,51.4,48.3,44.6,40.4,36.2,41.0,42.8,44.5,45.1,44.2,42.4,40.7,40.1,-35.7,-40.0,-41.9,-40.2,-35.9,-31.3,-29.8,-31.5,-34.0,-36.2,-37.6,-38.3,-37.7,-35.9,-33.4,-31.7,-31.0,-30.7,-31.0,-32.0,-33.9,-33.1,-33.9,-35.8,-37.7,-38.4,-37.6,-35.7,-38.1,-42.5,-44.6,-43.1,-39.0,-34.6,-32.5,-33.7,-35.1,-38.0,-40.1,-41.3,-40.9,-39.7,-37.6,-35.4,-34.1,-33.4,-33.4,-33.8,-36.5,-35.8,-36.7,-38.7,-40.5,-41.1,-40.2,-38.3,513.0,513.4,513.5,513.2,512.7,512.5,512.2,512.5,517.2,514.6,512.2,511.0,511.5,512.9,514.5,512.9,511.4,511.1,512.3,514.6,513.5,513.4,513.4,513.6,513.8,513.9,513.9,513.7,526.8,527.8,529.3,530.4,530.4,529.4,528.0,527.0,527.3,526.5,526.2,527.0,529.5,532.9,536.1,532.9,529.6,527.3,526.3,526.6,528.6,529.1,529.7,530.2,530.1,529.7,529.0,528.6,22.0,-4.9,650.4,0.163,-0.148,-0.002,216.6,217.3,219.1,221.8,226.4,233.5,242.3,252.6,263.2,272.1,278.8,284.9,290.1,293.8,296.2,297.8,298.3,225.6,231.8,240.2,248.9,256.8,272.5,279.3,286.0,292.4,296.5,265.0,266.0,267.1,268.1,257.3,261.8,266.4,270.5,274.0,235.1,240.3,246.5,251.7,246.5,240.3,274.5,279.4,285.0,289.0,285.6,280.0,249.0,256.2,262.4,266.0,269.9,274.6,278.6,274.8,270.2,266.1,262.0,255.9,252.0,262.1,265.9,269.7,276.4,269.7,265.9,262.0,161.7,173.2,184.5,195.5,205.9,215.0,222.5,228.2,229.5,227.5,221.4,213.7,204.6,194.4,183.5,172.3,160.9,153.9,148.8,147.3,148.3,151.0,150.3,147.2,145.9,146.8,151.1,159.9,167.4,175.0,182.7,188.3,189.7,190.8,189.5,187.8,161.8,158.7,158.7,162.3,163.8,164.0,161.5,157.5,157.4,160.0,162.5,162.7,204.2,201.5,199.8,200.7,199.5,201.0,203.1,208.1,210.3,210.9,210.7,208.9,204.4,203.5,203.8,203.2,203.5,204.5,205.2,204.9,-58.3,-57.4,-54.5,-49.9,-41.7,-29.0,-13.4,4.5,22.6,38.4,51.1,63.0,73.0,79.8,83.8,86.6,87.4,-40.6,-30.1,-16.0,-1.8,10.9,36.8,48.5,60.2,71.9,80.1,24.5,25.9,27.3,28.7,11.9,19.2,26.5,33.3,39.3,-24.7,-16.0,-5.8,2.8,-5.9,-16.1,41.0,49.4,59.2,66.6,60.2,50.5,-1.7,10.2,20.2,26.2,32.6,40.9,48.5,41.3,33.3,26.4,19.7,9.7,3.3,19.8,26.0,32.5,44.5,32.5,26.0,19.7,-45.1,-25.1,-5.2,14.1,32.4,48.2,60.9,69.9,72.1,69.5,60.2,47.2,31.2,12.6,-7.3,-27.5,-48.1,-56.1,-63.9,-65.8,-63.6,-59.1,-60.7,-66.5,-69.7,-69.1,-62.6,-45.1,-32.4,-20.0,-7.6,1.3,3.6,5.3,3.2,0.5,-42.8,-47.6,-47.7,-41.8,-39.2,-38.8,-43.5,-50.5,-50.9,-46.8,-42.3,-41.7,28.0,23.0,20.0,21.6,19.7,22.4,26.4,34.3,37.5,38.4,38.0,35.2,28.1,26.3,26.7,25.9,27.0,28.1,29.0,28.5,682.3,685.1,688.7,690.9,690.1,686.5,680.0,671.3,669.8,678.4,693.1,705.5,711.2,711.0,709.4,707.6,707.1,651.0,644.3,639.0,634.7,632.4,638.4,645.5,653.9,662.9,672.5,637.2,631.1,624.5,618.3,635.3,633.9,633.1,636.2,640.0,649.7,646.3,646.3,647.3,646.5,646.5,654.8,656.9,660.5,666.5,660.8,657.2,652.4,641.4,637.5,638.4,640.2,648.7,662.0,650.6,643.5,641.3,640.7,644.0,650.0,640.5,641.0,643.3,658.0,643.2,640.9,640.7,0.595,0.169,-0.194,0.005,263.149,184.389,-4.676,3.572,-13.333,18.258,3.414,0.547,-4.015,4.718,4.74,-3.318,-2.207,1.471,0.271,-2.106,-0.274,-0.647,-0.394,0.785,-1.419,-0.835,0.492,-0.414,0.118,-0.546,0.117,0.059,0.103,0.016,-0.097,-0.001,-0.037,-0.005,0.009,0.0,0.49,0.15,0.0,0.63,0.0,0.0,0.0,0.0,0.0,0.0,0.0,0.0,0.0,0.0,0.0,0.0,0.0,0.0,1.0,0.0,1.0,0.0,0.0,0.0,0.0,0.0,0.0,0.0,0.0,0.0,0.0,0.0,0.0,1.0,0.0
PP133,g1,1158,0,0.975,0.176102,0.160337,-0.971226,0.021797,0.16267,-0.98644,0.101,0.164,239.5,240.7,243.9,247.1,248.5,247.4,244.1,240.9,235.3,237.2,240.0,243.5,247.0,249.6,251.5,249.4,246.5,243.2,240.1,237.3,242.6,244.0,245.4,246.0,245.4,244.0,242.6,242.0,277.5,278.4,281.2,284.2,285.7,284.8,282.0,278.7,274.5,276.4,279.0,282.4,285.4,287.5,288.9,287.7,285.7,283.0,280.0,276.9,280.3,281.6,282.8,283.2,282.6,281.2,280.0,279.6,160.4,157.1,155.7,157.0,160.2,163.7,164.9,163.6,162.0,160.1,158.9,158.3,158.8,160.2,162.2,163.4,163.9,164.2,164.0,163.3,161.8,162.4,161.8,160.3,158.9,158.4,159.0,160.4,159.2,156.0,154.6,155.7,158.8,162.0,163.4,162.6,161.5,159.3,157.7,156.9,157.3,158.4,160.1,161.5,162.3,162.7,162.7,162.5,160.6,161.0,160.4,159.0,157.7,157.2,157.8,159.2,-13.8,-12.2,-8.0,-3.8,-2.0,-3.3,-7.8,-12.0,-19.4,-16.8,-13.1,-8.5,-4.0,-0.5,2.0,-0.7,-4.6,-8.8,-13.0,-16.7,-9.7,-7.8,-6.0,-5.3,-6.1,-7.9,-9.7,-10.5,37.0,38.3,42.2,46.4,48.4,47.1,43.2,38.7,33.0,35.5,39.0,43.6,47.8,51.1,53.2,51.3,48.2,44.5,40.3,36.1,40.9,42.7,44.4,45.0,44.1,42.3,40.6,40.0,-35.5,-39.9,-41.7,-40.0,-35.8,-31.2,-29.6,-31.3,-33.8,-36.0,-37.4,-38.2,-37.5,-35.8,-33.2,-31.6,-30.9,-30.5,-30.8,-31.8,-33.7,-33.0,-33.8,-35.7,-37.5,-38.3,-37.4,-35.5,-38.0,-42.4,-44.5,-43.0,-38.9,-34.5,-32.5,-33.6,-35.0,-37.9,-40.0,-41.2,-40.8,-39.6,-37.5,-35.3,-34.0,-33.4,-33.3,-33.7,-36.4,-35.8,-36.7,-38.6,-40.4,-41.0,-40.1,-38.2,512.2,512.5,512.6,512.3,511.8,511.6,511.3,511.6,516.4,513.8,511.3,510.1,510.6,512.0,513.6,512.0,510.5,510.3,511.5,513.8,512.6,512.5,512.5,512.7,512.9,513.1,513.0,512.9,525.6,526.6,528.1,529.2,529.3,528.3,526.8,525.8,526.1,525.3,525.0,525.9,528.4,531.7,535.0,531.7,528.5,526.1,525.1,525.4,527.4,527.9,528.6,529.0,529.0,528.5,527.8,527.4,22.2,-4.6,649.1,0.154,-0.146,-0.006,216.8,217.5,219.4,222.1,226.8,233.9,242.6,253.0,263.6,272.5,279.1,285.1,290.3,293.9,296.2,297.9,298.3,225.6,231.7,240.2,248.8,256.7,272.5,279.3,285.9,292.3,296.5,265.0,266.0,267.1,268.2,257.4,261.9,266.5,270.6,274.2,235.2,240.3,246.5,251.7,246.5,240.3,274.4,279.3,285.0,289.0,285.6,280.0,249.2,256.4,262.5,266.2,270.1,274.9,278.9,275.1,270.6,266.4,262.3,256.2,252.2,262.3,266.1,270.0,276.7,270.0,266.1,262.2,161.9,173.5,184.9,195.9,206.3,215.5,223.1,228.8,230.1,228.1,222.1,214.3,205.2,194.9,183.9,172.5,161.0,154.0,148.9,147.4,148.4,151.1,150.4,147.3,145.9,146.8,151.2,159.9,167.5,175.1,182.9,188.5,189.9,191.0,189.6,187.9,161.9,158.8,158.7,162.3,163.9,164.1,161.6,157.5,157.4,160.1,162.5,162.7,204.5,201.7,199.9,200.9,199.7,201.1,203.3,208.3,210.4,211.0,210.8,209.1,204.6,203.7,203.9,203.3,203.7,204.7,205.3,205.0,-57.9,-57.0,-53.9,-49.2,-40.9,-28.2,-12.8,5.1,23.2,38.9,51.5,63.2,73.2,79.8,83.8,86.5,87.3,-40.6,-30.1,-16.0,-1.9,10.8,36.7,48.3,60.0,71.7,80.0,24.4,25.8,27.3,28.7,12.0,19.3,26.7,33.5,39.5,-24.6,-16.0,-5.8,2.8,-5.9,-16.1,40.9,49.3,59.1,66.5,60.1,50.4,-1.3,10.5,20.4,26.5,32.9,41.2,48.8,41.7,33.8,26.8,20.1,10.2,3.7,20.0,26.3,32.8,44.8,32.9,26.4,20.0,-44.6,-24.5,-4.6,14.8,33.2,49.1,61.8,70.7,72.9,70.4,61.3,48.3,32.2,13.4,-6.6,-27.0,-47.8,-55.7,-63.6,-65.5,-63.4,-58.9,-60.6,-66.4,-69.6,-68.9,-62.4,-45.0,-32.2,-19.8,-7.3,1.6,3.9,5.6,3.4,0.7,-42.5,-47.4,-47.5,-41.7,-39.1,-38.6,-43.4,-50.4,-50.8,-46.8,-42.2,-41.6,28.3,23.3,20.2,21.9,19.9,22.6,26.6,34.5,37.7,38.5,38.2,35.4,28.4,26.5,26.9,26.0,27.2,28.2,29.2,28.7,681.4,684.1,687.6,689.8,688.8,685.1,678.5,669.6,668.1,676.7,691.6,704.1,709.9,709.7,708.0,706.0,705.5,650.2,643.5,638.3,633.9,631.5,637.4,644.4,652.9,661.8,671.4,636.2,629.9,623.2,617.0,634.1,632.5,631.7,634.8,638.7,648.8,645.5,645.5,646.5,645.7,645.7,653.7,656.0,659.5,665.4,659.7,656.2,651.0,639.9,636.1,637.0,638.8,647.3,660.4,648.9,641.8,639.6,639.0,642.3,648.5,639.1,639.5,641.8,656.4,641.7,639.4,639.2,0.596,0.162,-0.192,0.001,263.287,184.59,-4.934,3.496,-13.222,19.432,2.502,1.557,-3.854,5.365,4.749,-4.112,-2.429,1.137,-0.061,-1.975,-0.077,-0.796,-0.48,0.708,-1.429,-0.915,0.348,-0.269,0.039,-0.575,0.117,0.128,0.103,0.016,-0.091,-0.005,-0.037,-0.013,0.012,-0.004,0.63,0.21,0.0,0.56,0.0,0.0,0.0,0.0,0.0,0.0,0.0,0.0,0.0,0.0,0.0,0.0,0.0,1.0,1.0,0.0,1.0,0.0,0.0,0.0,0.0,0.0,0.0,0.0,0.0,0.0,0.0,0.0,0.0,1.0,0.0
PP133,g1,1164,0,0.975,0.169615,0.15514,-0.973223,0.02318,0.158266,-0.987124,0.098,0.159,239.4,240.7,243.8,247.0,248.5,247.5,244.1,240.8,235.3,237.2,239.9,243.4,246.9,249.6,251.6,249.4,246.5,243.2,240.1,237.3,242.6,244.0,245.4,245.9,245.3,243.9,242.5,242.0,277.5,278.4,281.2,284.2,285.7,284.8,282.0,278.7,274.5,276.4,279.0,282.4,285.4,287.5,288.9,287.7,285.7,283.1,280.0,276.9,280.3,281.6,282.8,283.2,282.6,281.2,280.0,279.6,161.0,157.7,156.3,157.5,160.7,164.3,165.5,164.2,162.6,160.8,159.5,158.8,159.3,160.7,162.7,164.0,164.5,164.8,164.6,164.0,162.4,163.0,162.3,160.9,159.5,158.9,159.6,161.0,159.6,156.4,154.9,156.1,159.2,162.4,163.8,163.0,161.9,159.7,158.1,157.3,157.7,158.8,160.5,161.9,162.7,163.1,163.1,162.9,160.9,161.4,160.8,159.4,158.0,157.6,158.2,159.6,-13.8,-12.2,-8.1,-3.9,-2.0,-3.3,-7.7,-11.9,-19.4,-16.8,-13.1,-8.6,-4.0,-0.5,2.1,-0.7,-4.6,-8.8,-12.9,-16.6,-9.6,-7.8,-6.0,-5.3,-6.1,-7.9,-9.7,-10.5,36.7,38.0,41.9,46.1,48.2,46.9,43.0,38.5,32.8,35.3,38.8,43.3,47.6,50.8,52.9,51.0,48.0,44.3,40.1,35.9,40.6,42.5,44.2,44.8,43.9,42.0,40.3,39.8,-34.6,-38.9,-40.8,-39.2,-34.9,-30.3,-28.7,-30.4,-32.8,-35.0,-36.5,-37.3,-36.7,-34.9,-32.4,-30.7,-30.0,-29.6,-29.9,-30.8,-32.8,-32.1,-32.9,-34.8,-36.6,-37.4,-36.5,-34.6,-37.3,-41.7,-43.8,-42.3,-38.2,-33.8,-31.7,-32.8,-34.3,-37.2,-39.3,-40.4,-40.1,-38.9,-36.8,-34.6,-33.3,-32.7,-32.6,-32.9,-35.7,-35.0,-35.9,-37.9,-39.7,-40.3,-39.4,-37.5,510.2,510.5,510.5,510.1,509.6,509.5,509.3,509.7,514.6,511.9,509.4,508.0,508.5,509.8,511.4,509.9,508.5,508.3,509.5,511.9,510.6,510.5,510.5,510.6,510.8,511.0,511.0,510.8,522.7,523.7,525.3,526.4,526.5,525.4,523.9,522.9,523.2,522.4,522.2,523.0,525.6,528.9,532.2,528.9,525.6,523.3,522.3,522.5,524.6,525.1,525.7,526.2,526.1,525.7,525.0,524.5,22.5,-3.5,645.4,0.145,-0.142,-0.017,216.8,217.6,219.7,222.6,227.5,234.7,243.5,253.9,264.6,273.5,280.1,285.9,290.8,294.3,296.4,298.0,298.3,225.5,231.5,240.0,248.7,256.5,272.4,279.2,285.9,292.3,296.4,264.9,266.0,267.2,268.4,257.7,262.2,266.8,270.9,274.5,235.2,240.2,246.4,251.7,246.5,240.2,274.4,279.3,285.0,289.0,285.6,280.0,250.0,257.1,263.0,266.7,270.5,275.2,279.2,275.6,271.1,267.0,263.0,257.0,253.0,262.8,266.6,270.5,277.0,270.5,266.7,262.8,162.6,174.3,185.9,197.0,207.6,216.8,224.4,230.1,231.3,229.2,223.0,215.0,205.8,195.3,184.3,172.9,161.3,154.8,149.5,147.9,148.9,151.6,150.8,147.7,146.2,147.2,151.6,160.3,168.0,175.6,183.5,189.2,190.6,191.6,190.2,188.4,162.5,159.4,159.3,162.8,164.4,164.8,162.0,157.9,157.8,160.4,162.9,163.1,205.6,202.6,200.7,201.7,200.4,201.9,204.1,209.0,211.1,211.8,211.6,210.0,205.6,204.5,204.7,204.1,204.5,205.4,206.1,205.8,-57.6,-56.5,-53.2,-48.2,-39.6,-26.8,-11.3,6.7,24.8,40.5,53.0,64.4,73.9,80.0,83.7,86.1,86.7,-40.6,-30.4,-16.3,-2.2,10.5,36.4,47.9,59.7,71.4,79.5,24.2,25.7,27.3,28.9,12.4,19.7,27.0,33.8,39.8,-24.5,-16.1,-5.8,2.8,-5.8,-16.1,40.6,49.0,58.8,66.2,59.9,50.2,0.0,11.5,21.1,27.1,33.4,41.6,49.1,42.2,34.5,27.7,21.1,11.4,5.0,20.8,27.0,33.4,45.0,33.6,27.1,20.8,-43.3,-23.0,-2.9,16.7,35.3,51.2,63.9,72.6,74.6,71.9,62.6,49.4,33.0,14.2,-5.9,-26.3,-47.0,-54.2,-62.4,-64.4,-62.3,-57.8,-59.5,-65.4,-68.6,-68.0,-61.4,-44.1,-31.3,-18.8,-6.3,2.7,4.9,6.6,4.4,1.5,-41.3,-46.2,-46.4,-40.6,-37.9,-37.4,-42.5,-49.5,-50.0,-45.9,-41.4,-40.7,29.9,24.6,21.4,22.9,20.9,23.7,27.8,35.5,38.6,39.5,39.2,36.7,29.9,27.6,27.9,27.0,28.4,29.2,30.2,29.8,678.9,682.0,685.5,687.5,686.3,682.3,675.3,666.1,664.6,673.4,688.4,701.0,706.6,705.9,703.9,701.6,700.8,647.5,640.6,635.2,630.8,628.4,634.1,641.2,649.6,658.6,668.4,633.1,626.5,619.6,613.2,630.6,628.9,628.0,631.1,635.1,645.8,642.5,642.5,643.4,642.7,642.7,650.6,652.9,656.4,662.3,656.5,653.0,647.1,635.9,632.3,633.2,634.9,643.3,656.3,644.7,637.8,635.6,635.0,638.1,644.5,635.2,635.6,638.0,652.2,637.8,635.4,635.2,0.599,0.155,-0.187,-0.01,263.593,185.274,-3.738,6.007,-14.261,21.893,0.874,1.675,-3.778,5.9,4.871,-5.339,-2.668,0.439,-0.166,-2.179,0.405,-0.992,-0.53,0.543,-1.403,-0.726,0.294,0.044,-0.196,-0.758,0.171,0.279,0.076,0.01,-0.097,-0.02,-0.051,-0.03,0.012,0.005,0.65,0.2,0.0,0.74,0.0,0.0,0.0,0.0,0.0,0.0,0.0,0.0,0.0,0.0,0.0,0.0,0.0,0.0,1.0,0.0,1.0,0.0,0.0,0.0,0.0,0.0,0.0,0.0,0.0,0.0,0.0,0.0,0.0,1.0,0.0
PP133,g1,1170,0,0.975,0.180211,0.181509,-0.966736,0.022322,0.182648,-0.982925,0.104,0.185,239.8,241.1,244.3,247.4,248.8,247.7,244.3,241.1,235.5,237.5,240.3,243.8,247.3,250.0,251.8,249.7,246.7,243.5,240.3,237.6,242.9,244.3,245.7,246.3,245.7,244.3,242.9,242.3,277.8,278.8,281.6,284.6,286.1,285.1,282.3,279.1,274.8,276.7,279.4,282.7,285.7,287.9,289.2,288.0,286.0,283.4,280.3,277.2,280.6,281.9,283.2,283.6,282.9,281.6,280.4,280.0,161.1,157.9,156.5,157.8,161.0,164.6,165.7,164.4,162.6,160.8,159.7,159.1,159.7,161.1,163.1,164.3,164.7,165.0,164.7,164.0,162.6,163.2,162.6,161.2,159.7,159.2,159.8,161.2,160.2,157.0,155.6,156.7,159.8,163.0,164.4,163.6,162.5,160.3,158.7,157.9,158.3,159.4,161.1,162.5,163.4,163.8,163.7,163.5,161.5,162.0,161.4,160.0,158.7,158.2,158.8,160.2,-13.4,-11.7,-7.5,-3.3,-1.6,-3.0,-7.5,-11.6,-19.1,-16.4,-12.7,-8.1,-3.5,-0.1,2.4,-0.4,-4.3,-8.5,-12.6,-16.3,-9.3,-7.5,-5.6,-4.9,-5.7,-7.5,-9.3,-10.1,37.4,38.7,42.6,46.8,48.9,47.5,43.6,39.1,33.4,35.9,39.5,44.0,48.3,51.5,53.6,51.7,48.6,44.9,40.7,36.6,41.3,43.1,44.9,45.4,44.6,42.7,41.0,40.4,-34.5,-38.8,-40.6,-38.9,-34.6,-30.0,-28.5,-30.3,-32.9,-35.0,-36.4,-37.1,-36.4,-34.6,-32.0,-30.4,-29.7,-29.4,-29.8,-30.9,-32.6,-31.9,-32.7,-34.5,-36.4,-37.2,-36.4,-34.5,-36.7,-41.0,-43.1,-41.7,-37.5,-33.1,-31.1,-32.2,-33.7,-36.5,-38.6,-39.8,-39.4,-38.3,-36.2,-34.0,-32.6,-32.0,-31.9,-32.3,-35.0,-34.4,-35.3,-37.2,-39.0,-39.7,-38.8,-36.8,511.6,511.9,512.0,511.8,511.3,511.2,510.9,511.1,515.8,513.2,510.8,509.5,510.1,511.5,513.1,511.6,510.1,509.8,511.0,513.2,512.1,512.0,512.0,512.2,512.4,512.5,512.5,512.3,525.2,526.2,527.7,528.8,529.0,528.0,526.5,525.5,525.8,524.9,524.6,525.5,528.0,531.4,534.7,531.4,528.2,525.9,524.9,525.1,527.1,527.6,528.3,528.7,528.6,528.1,527.5,527.1,22.2,-3.3,650.1,0.187,-0.149,0.005,216.9,217.4,219.2,221.8,226.3,233.4,242.1,252.4,263.0,271.9,278.6,284.7,290.0,293.8,296.2,298.0,298.6,226.0,232.1,240.7,249.4,257.2,272.9,279.7,286.4,292.8,296.9,265.3,266.3,267.3,268.3,257.4,261.9,266.5,270.6,274.1,235.4,240.6,246.8,252.0,246.7,240.5,274.8,279.7,285.3,289.3,285.9,280.3,249.0,256.3,262.4,266.1,269.9,274.6,278.6,274.7,270.2,266.0,261.9,255.9,252.0,262.0,265.8,269.7,276.4,269.8,265.8,262.0,161.9,173.4,184.7,195.7,206.1,215.2,222.9,228.7,230.2,228.1,221.9,214.0,205.0,194.8,183.9,172.7,161.3,154.5,149.5,148.2,149.4,152.2,151.5,148.4,146.9,147.8,152.0,161.1,168.8,176.5,184.4,189.6,191.0,192.2,190.8,189.1,162.5,159.6,159.6,163.2,164.7,164.9,162.6,158.5,158.4,161.0,163.5,163.8,205.2,202.7,201.0,202.0,200.8,202.2,204.1,209.2,211.4,212.0,211.8,209.9,205.4,204.8,205.0,204.5,204.6,205.7,206.3,206.0,-57.7,-57.0,-54.3,-49.9,-41.8,-29.2,-13.7,4.2,22.3,38.1,50.9,62.8,72.9,79.7,83.9,86.8,87.7,-40.0,-29.4,-15.2,-1.0,11.7,37.3,49.0,60.8,72.4,80.6,24.9,26.2,27.6,28.9,12.1,19.3,26.7,33.5,39.5,-24.2,-15.5,-5.2,3.2,-5.4,-15.7,41.4,49.8,59.6,66.9,60.6,50.9,-1.7,10.3,20.2,26.2,32.6,40.9,48.4,41.2,33.3,26.3,19.6,9.7,3.3,19.7,26.0,32.5,44.4,32.5,26.0,19.6,-44.6,-24.7,-4.9,14.4,32.8,48.8,61.7,70.9,73.3,70.7,61.1,48.0,31.8,13.2,-6.5,-26.7,-47.3,-54.8,-62.4,-64.1,-61.7,-57.0,-58.6,-64.4,-67.7,-67.2,-60.9,-43.0,-30.2,-17.6,-5.0,3.4,5.8,7.6,5.4,2.7,-41.4,-46.1,-46.1,-40.1,-37.6,-37.3,-41.7,-48.7,-49.1,-45.1,-40.5,-39.9,29.6,24.9,22.1,23.8,21.8,24.4,28.2,36.2,39.4,40.2,39.8,36.9,29.8,28.3,28.8,27.9,28.8,29.9,30.9,30.3,680.5,683.9,688.0,690.7,690.3,687.1,680.7,672.2,670.8,679.4,694.0,706.2,711.6,711.0,709.0,706.6,705.6,649.0,642.1,636.8,632.5,630.3,636.2,643.2,651.6,660.7,670.5,635.6,629.8,623.5,617.7,634.9,633.5,632.8,635.8,639.6,648.0,644.5,644.5,645.7,644.9,645.0,653.1,655.2,658.8,664.9,659.2,655.7,652.4,641.4,637.5,638.5,640.2,648.8,662.0,650.8,643.9,641.7,641.0,644.2,649.9,640.7,641.1,643.4,658.1,643.3,641.0,640.8,0.595,0.195,-0.194,0.013,263.274,185.312,-4.357,3.441,-14.012,18.443,3.683,1.025,-3.939,4.822,4.387,-3.052,-2.062,1.177,0.391,-1.811,-0.271,-0.555,-0.381,0.54,-1.409,-0.799,0.471,-0.314,0.116,-0.531,0.166,0.07,0.082,0.004,-0.083,-0.002,-0.032,0.001,0.012,0.003,0.48,0.16,0.0,0.72,0.0,0.0,0.0,0.0,0.0,0.03,0.0,0.0,0.0,0.0,0.0,0.0,0.0,0.0,1.0,0.0,1.0,0.0,0.0,0.0,0.0,0.0,0.0,0.0,0.0,0.0,0.0,0.0,0.0,1.0,0.0
PP133,g1,1176,0,0.975,0.183494,0.182507,-0.96593,0.023753,0.183757,-0.982685,0.106,0.186,239.9,241.2,244.3,247.5,248.9,247.8,244.4,241.2,235.6,237.6,240.4,243.9,247.4,250.0,251.9,249.8,246.8,243.6,240.4,237.6,243.0,244.4,245.8,246.3,245.8,244.4,243.0,242.4,277.9,278.8,281.6,284.6,286.1,285.2,282.4,279.1,274.9,276.8,279.4,282.7,285.7,287.9,289.2,288.0,286.0,283.4,280.4,277.3,280.7,282.0,283.2,283.6,283.0,281.6,280.4,280.0,161.0,157.7,156.3,157.7,160.9,164.4,165.5,164.2,162.5,160.7,159.5,158.9,159.5,160.9,163.0,164.1,164.6,164.8,164.6,163.8,162.4,163.0,162.4,161.0,159.6,159.0,159.6,161.0,160.0,156.8,155.4,156.5,159.6,162.7,164.2,163.3,162.3,160.1,158.5,157.7,158.1,159.1,160.8,162.3,163.1,163.5,163.5,163.3,161.3,161.8,161.2,159.8,158.4,158.0,158.6,160.0,-13.3,-11.6,-7.4,-3.3,-1.5,-2.9,-7.4,-11.5,-19.0,-16.3,-12.6,-8.0,-3.4,0.0,2.5,-0.3,-4.2,-8.4,-12.5,-16.2,-9.2,-7.4,-5.5,-4.8,-5.6,-7.4,-9.2,-10.0,37.6,38.9,42.8,47.0,49.0,47.7,43.8,39.3,33.6,36.1,39.6,44.2,48.4,51.7,53.8,51.9,48.8,45.1,40.9,36.8,41.5,43.3,45.0,45.6,44.7,42.9,41.2,40.6,-34.8,-39.1,-40.9,-39.1,-34.9,-30.3,-28.8,-30.5,-33.1,-35.3,-36.6,-37.3,-36.6,-34.8,-32.3,-30.7,-30.0,-29.6,-30.0,-31.1,-32.9,-32.1,-32.9,-34.8,-36.7,-37.4,-36.6,-34.8,-37.0,-41.4,-43.5,-42.1,-37.9,-33.6,-31.5,-32.6,-34.0,-36.9,-39.0,-40.2,-39.8,-38.7,-36.6,-34.4,-33.1,-32.3,-32.3,-32.7,-35.4,-34.8,-35.7,-37.6,-39.4,-40.1,-39.1,-37.2,512.1,512.5,512.6,512.3,511.9,511.8,511.4,511.7,516.4,513.7,511.3,510.1,510.7,512.1,513.7,512.2,510.7,510.4,511.5,513.8,512.7,512.6,512.6,512.8,513.0,513.1,513.0,512.9,526.7,527.7,529.2,530.3,530.5,529.5,528.0,527.0,527.3,526.4,526.1,527.0,529.5,532.9,536.2,532.9,529.7,527.4,526.4,526.6,528.6,529.1,529.8,530.2,530.1,529.6,529.0,528.6,22.4,-3.9,651.9,0.19,-0.153,0.005,216.9,217.4,219.1,221.8,226.4,233.5,242.3,252.6,263.1,272.0,278.6,284.7,290.0,293.8,296.2,297.9,298.5,226.2,232.4,240.9,249.6,257.4,273.0,279.8,286.4,292.8,296.9,265.4,266.4,267.4,268.4,257.6,262.1,266.6,270.7,274.2,235.5,240.7,246.9,252.0,246.8,240.6,274.8,279.8,285.4,289.3,285.9,280.4,249.1,256.4,262.6,266.2,270.1,274.8,278.7,274.9,270.4,266.2,262.2,256.1,252.1,262.2,266.0,269.9,276.5,269.9,266.0,262.2,161.8,173.2,184.5,195.4,205.7,214.8,222.3,228.1,229.6,227.5,221.4,213.6,204.6,194.5,183.6,172.5,161.2,154.2,149.3,148.1,149.3,152.0,151.4,148.2,146.7,147.5,151.7,160.9,168.6,176.2,184.1,189.3,190.8,191.9,190.5,188.8,162.4,159.4,159.4,163.1,164.5,164.7,162.4,158.3,158.2,160.8,163.3,163.5,204.8,202.3,200.6,201.6,200.4,201.8,203.7,208.8,211.0,211.6,211.4,209.5,205.0,204.4,204.6,204.1,204.2,205.3,205.9,205.6,-57.7,-57.1,-54.4,-50.0,-41.9,-29.1,-13.5,4.4,22.6,38.3,51.0,62.9,73.1,80.0,84.2,87.0,87.9,-39.6,-28.9,-14.8,-0.7,11.9,37.5,49.1,60.9,72.6,80.7,25.1,26.5,27.9,29.2,12.3,19.6,27.0,33.8,39.8,-24.1,-15.4,-5.1,3.4,-5.3,-15.6,41.6,50.0,59.8,67.2,60.8,51.1,-1.6,10.6,20.6,26.6,33.0,41.3,48.8,41.6,33.6,26.7,20.0,10.0,3.5,20.1,26.4,32.8,44.8,32.9,26.4,20.0,-44.8,-25.0,-5.3,13.9,32.2,48.1,60.9,70.1,72.4,69.8,60.4,47.3,31.2,12.7,-7.0,-27.2,-47.7,-55.4,-62.9,-64.5,-62.1,-57.4,-59.0,-64.9,-68.3,-67.8,-61.5,-43.4,-30.6,-18.1,-5.4,3.0,5.3,7.1,4.9,2.2,-41.8,-46.5,-46.5,-40.5,-38.0,-37.7,-42.1,-49.1,-49.6,-45.6,-41.0,-40.3,29.0,24.4,21.5,23.2,21.2,23.8,27.5,35.6,38.9,39.7,39.3,36.4,29.2,27.8,28.2,27.4,28.1,29.4,30.3,29.8,681.9,685.1,689.2,692.0,691.7,688.6,682.3,673.9,672.7,681.3,695.9,708.2,713.6,713.1,711.2,708.9,707.9,650.2,643.4,638.3,634.1,631.9,637.8,644.8,653.3,662.3,672.2,637.2,631.5,625.3,619.5,636.5,635.2,634.5,637.6,641.4,649.6,646.0,646.1,647.3,646.5,646.5,654.8,656.8,660.5,666.7,661.0,657.4,654.2,643.1,639.2,640.2,641.9,650.6,664.0,652.7,645.7,643.5,642.8,646.0,651.7,642.4,642.9,645.2,660.1,645.1,642.8,642.5,0.594,0.197,-0.199,0.013,263.377,185.004,-3.983,2.823,-13.752,17.604,3.978,0.842,-3.685,5.357,3.962,-2.915,-1.809,1.262,0.209,-2.117,-0.519,-0.449,-0.474,0.512,-1.123,-0.817,0.575,-0.187,0.152,-0.448,0.164,0.091,0.067,0.016,-0.087,-0.002,-0.035,-0.009,0.01,0.008,0.59,0.1,0.0,0.1,0.0,0.0,0.0,0.0,0.0,0.0,0.0,0.0,0.0,0.0,0.0,0.0,0.0,0.0,1.0,0.0,1.0,0.0,0.0,0.0,0.0,0.0,0.0,0.0,0.0,0.0,0.0,0.0,0.0,1.0,0.0
PP133,g1,1182,0,0.975,0.175044,0.164976,-0.97064,0.02694,0.168005,-0.985418,0.103,0.169,239.9,241.1,244.3,247.5,248.9,247.9,244.5,241.3,235.7,237.6,240.4,243.8,247.4,250.1,252.0,249.9,246.9,243.6,240.5,237.7,243.0,244.4,245.8,246.4,245.8,244.4,243.0,242.4,277.9,278.8,281.6,284.6,286.1,285.2,282.4,279.1,274.9,276.8,279.4,282.8,285.8,287.9,289.2,288.0,286.0,283.4,280.4,277.3,280.7,282.0,283.2,283.6,283.0,281.6,280.4,280.0,161.4,158.1,156.6,157.9,161.1,164.7,165.9,164.6,162.9,161.1,159.9,159.2,159.7,161.1,163.2,164.4,164.9,165.2,165.0,164.3,162.8,163.4,162.7,161.3,159.9,159.3,159.9,161.4,160.1,156.9,155.4,156.6,159.6,162.8,164.3,163.4,162.3,160.2,158.6,157.8,158.2,159.2,160.9,162.4,163.2,163.6,163.6,163.3,161.4,161.9,161.3,159.8,158.5,158.0,158.7,160.1,-13.2,-11.6,-7.5,-3.3,-1.5,-2.8,-7.2,-11.4,-18.8,-16.3,-12.5,-8.0,-3.4,0.1,2.6,-0.2,-4.1,-8.3,-12.4,-16.1,-9.1,-7.3,-5.4,-4.7,-5.5,-7.4,-9.2,-9.9,37.4,38.7,42.5,46.7,48.8,47.5,43.6,39.1,33.4,35.9,39.4,43.9,48.2,51.4,53.5,51.6,48.6,44.9,40.7,36.5,41.3,43.1,44.8,45.4,44.5,42.6,40.9,40.4,-34.1,-38.4,-40.3,-38.6,-34.4,-29.8,-28.2,-29.9,-32.3,-34.6,-36.0,-36.8,-36.1,-34.4,-31.9,-30.2,-29.4,-29.0,-29.4,-30.4,-32.3,-31.6,-32.4,-34.3,-36.1,-36.9,-36.0,-34.1,-36.7,-41.1,-43.2,-41.8,-37.7,-33.3,-31.2,-32.3,-33.8,-36.6,-38.8,-39.9,-39.6,-38.4,-36.3,-34.1,-32.8,-32.1,-32.0,-32.4,-35.1,-34.5,-35.4,-37.3,-39.1,-39.8,-38.8,-36.9,510.0,510.4,510.4,510.1,509.6,509.5,509.2,509.6,514.4,511.7,509.2,507.9,508.4,509.7,511.3,509.8,508.4,508.2,509.4,511.7,510.5,510.4,510.4,510.5,510.7,510.9,510.9,510.7,523.8,524.8,526.3,527.5,527.6,526.6,525.1,524.0,524.3,523.5,523.2,524.1,526.6,530.0,533.3,530.1,526.8,524.4,523.4,523.6,525.7,526.2,526.8,527.3,527.2,526.7,526.1,525.6,22.9,-2.6,645.6,0.161,-0.15,-0.009,217.1,217.8,219.8,222.6,227.3,234.5,243.2,253.6,264.3,273.2,279.7,285.6,290.6,294.2,296.4,298.1,298.5,226.0,232.1,240.6,249.3,257.1,272.9,279.7,286.3,292.7,296.8,265.4,266.5,267.6,268.8,258.0,262.5,267.1,271.2,274.7,235.6,240.7,246.9,252.1,246.9,240.6,274.8,279.7,285.4,289.4,286.0,280.4,250.2,257.3,263.3,266.9,270.7,275.3,279.2,275.6,271.1,267.1,263.1,257.1,253.2,263.0,266.8,270.5,277.0,270.6,266.8,263.0,162.7,174.4,185.9,197.0,207.6,216.9,224.6,230.4,231.7,229.6,223.4,215.3,206.0,195.6,184.5,173.1,161.6,155.0,149.8,148.3,149.4,152.1,151.3,148.2,146.7,147.6,151.9,160.9,168.6,176.3,184.2,189.8,191.2,192.3,190.8,189.1,162.9,159.8,159.7,163.3,164.9,165.2,162.4,158.3,158.2,160.9,163.4,163.6,206.2,203.3,201.4,202.4,201.1,202.6,204.8,209.9,212.0,212.6,212.5,210.7,206.3,205.2,205.4,204.8,205.2,206.2,206.9,206.6,-56.9,-56.0,-52.9,-48.1,-39.8,-27.1,-11.7,6.2,24.3,40.0,52.5,63.9,73.5,79.8,83.7,86.4,87.0,-39.6,-29.3,-15.2,-1.2,11.4,37.1,48.6,60.3,71.9,80.0,24.9,26.4,28.0,29.5,12.9,20.2,27.5,34.2,40.1,-23.8,-15.3,-5.1,3.5,-5.1,-15.4,41.3,49.6,59.4,66.7,60.4,50.8,0.3,11.9,21.5,27.4,33.6,41.7,49.0,42.3,34.6,27.8,21.3,11.6,5.4,21.2,27.3,33.6,45.0,33.7,27.3,21.1,-42.9,-22.8,-2.8,16.8,35.3,51.3,64.2,73.3,75.4,72.7,63.3,50.0,33.5,14.6,-5.4,-25.8,-46.5,-53.8,-61.7,-63.6,-61.4,-56.9,-58.6,-64.5,-67.8,-67.2,-60.8,-43.1,-30.3,-17.8,-5.2,3.7,5.9,7.7,5.4,2.6,-40.6,-45.5,-45.7,-39.8,-37.2,-36.7,-41.7,-48.7,-49.2,-45.1,-40.5,-39.9,30.9,25.7,22.5,24.1,22.1,24.9,29.0,36.9,40.1,41.0,40.6,38.0,31.0,28.8,29.1,28.2,29.6,30.6,31.6,31.1,676.7,680.0,683.9,686.4,685.5,682.0,675.5,666.8,665.5,674.2,688.9,701.3,706.8,706.1,704.0,701.5,700.5,645.7,638.9,633.7,629.5,627.4,633.3,640.3,648.7,657.7,667.5,632.3,626.0,619.4,613.2,630.4,628.8,628.0,631.2,635.1,644.5,641.2,641.2,642.3,641.6,641.6,649.8,652.0,655.6,661.7,655.9,652.3,647.1,636.1,632.5,633.5,635.2,643.6,656.6,645.3,638.6,636.5,635.8,638.7,644.6,635.6,636.0,638.4,652.5,638.4,636.1,635.8,0.599,0.171,-0.196,-0.002,263.796,185.766,-5.841,5.015,-14.728,22.345,1.375,1.108,-3.108,5.522,5.01,-4.964,-2.318,0.733,-0.053,-2.412,0.238,-0.987,-0.423,0.491,-1.413,-0.581,0.465,-0.089,-0.092,-0.661,0.135,0.297,0.096,0.021,-0.1,-0.01,-0.047,-0.027,0.013,0.008,0.88,0.31,0.0,0.27,0.0,0.0,0.0,0.0,0.0,0.0,0.0,0.0,0.0,0.0,0.0,0.0,0.0,0.0,1.0,0.0,1.0,0.0,0.0,0.0,0.0,0.0,0.0,0.0,0.0,0.0,0.0,0.0,0.0,1.0,0.0
PP133,g1,1188,0,0.975,0.178501,0.175273,-0.968203,0.025813,0.177197,-0.983837,0.104,0.179,240.5,241.8,244.9,248.2,249.5,248.5,245.1,241.9,236.3,238.2,241.0,244.5,248.0,250.7,252.6,250.5,247.5,244.3,241.1,238.3,243.7,245.1,246.5,247.0,246.4,245.0,243.6,243.1,278.5,279.4,282.2,285.2,286.7,285.8,283.0,279.7,275.5,277.4,280.0,283.4,286.4,288.5,289.8,288.6,286.6,284.0,281.0,277.9,281.3,282.6,283.8,284.2,283.6,282.2,281.0,280.6,161.5,158.2,156.8,158.1,161.3,164.8,166.0,164.7,163.0,161.2,160.0,159.4,159.9,161.3,163.4,164.6,165.1,165.3,165.1,164.4,162.9,163.5,162.9,161.5,160.0,159.5,160.1,161.5,160.2,157.0,155.6,156.7,159.7,162.9,164.4,163.6,162.5,160.3,158.7,157.9,158.3,159.3,161.0,162.5,163.3,163.7,163.7,163.5,161.5,162.0,161.4,160.0,158.6,158.1,158.8,160.2,-12.4,-10.8,-6.6,-2.4,-0.6,-2.0,-6.4,-10.6,-18.0,-15.4,-11.7,-7.2,-2.6,0.9,3.4,0.6,-3.3,-7.5,-11.6,-15.3,-8.3,-6.5,-4.6,-3.9,-4.7,-6.5,-8.4,-9.1,38.2,39.5,43.4,47.6,49.7,48.3,44.4,39.9,34.2,36.7,40.3,44.8,49.1,52.3,54.4,52.5,49.5,45.7,41.5,37.4,42.1,44.0,45.7,46.2,45.3,43.5,41.8,41.2,-34.0,-38.3,-40.2,-38.5,-34.3,-29.6,-28.1,-29.8,-32.3,-34.5,-35.9,-36.7,-36.0,-34.2,-31.7,-30.0,-29.3,-28.9,-29.3,-30.3,-32.2,-31.4,-32.3,-34.1,-36.0,-36.7,-35.9,-34.0,-36.6,-41.0,-43.1,-41.7,-37.5,-33.1,-31.1,-32.2,-33.6,-36.4,-38.6,-39.7,-39.4,-38.3,-36.2,-34.0,-32.6,-31.9,-31.9,-32.2,-35.0,-34.4,-35.3,-37.2,-39.0,-39.6,-38.7,-36.8,511.5,511.8,511.8,511.5,511.1,511.0,510.7,511.0,515.8,513.1,510.6,509.4,509.9,511.3,512.9,511.4,509.9,509.7,510.9,513.1,512.0,511.8,511.9,512.0,512.2,512.3,512.3,512.2,524.3,525.2,526.8,527.9,528.1,527.1,525.6,524.6,524.8,524.0,523.7,524.6,527.1,530.6,533.8,530.6,527.4,525.0,524.0,524.2,526.2,526.7,527.4,527.8,527.7,527.2,526.5,526.1,24.0,-2.9,650.6,0.178,-0.145,-0.015,217.4,218.2,220.2,223.2,228.3,235.8,244.7,254.9,265.3,274.1,280.6,286.4,291.3,294.8,297.0,298.5,298.8,226.7,232.9,241.4,250.0,257.9,273.7,280.3,286.9,293.3,297.3,266.2,267.2,268.3,269.4,258.6,263.1,267.7,271.8,275.3,236.2,241.3,247.6,252.7,247.5,241.3,275.4,280.4,286.0,290.0,286.6,281.0,250.3,257.6,263.7,267.3,271.1,275.7,279.6,275.9,271.4,267.4,263.3,257.3,253.3,263.4,267.2,271.0,277.4,271.0,267.2,263.4,162.8,174.6,186.3,197.5,208.0,217.0,224.3,229.6,230.6,228.2,221.6,213.5,204.3,194.1,183.5,172.5,161.4,155.0,149.9,148.4,149.6,152.3,151.5,148.4,146.9,147.7,151.9,161.0,168.8,176.5,184.4,189.8,191.2,192.3,190.9,189.1,163.0,159.9,159.9,163.5,165.0,165.3,162.6,158.5,158.3,160.9,163.5,163.7,205.7,203.0,201.2,202.2,200.9,202.3,204.3,209.4,211.7,212.4,212.2,210.4,205.9,205.0,205.2,204.6,204.8,205.9,206.6,206.4,-57.0,-55.9,-52.7,-47.5,-38.5,-25.1,-9.3,8.4,26.3,41.9,54.4,65.8,75.1,81.3,85.0,87.5,88.0,-38.8,-28.2,-14.0,0.0,12.7,38.6,50.1,61.7,73.3,81.3,26.4,27.8,29.3,30.8,14.0,21.3,28.6,35.4,41.4,-22.9,-14.3,-4.0,4.5,-4.1,-14.4,42.6,51.0,60.8,68.1,61.8,52.1,0.6,12.4,22.3,28.3,34.6,42.8,50.3,43.2,35.3,28.6,21.9,12.0,5.5,22.1,28.2,34.6,46.2,34.6,28.2,22.0,-43.2,-22.6,-2.2,17.7,36.3,52.0,64.2,72.5,74.1,70.9,60.7,47.0,30.5,12.0,-7.3,-27.1,-47.1,-54.1,-61.8,-63.7,-61.5,-56.9,-58.7,-64.5,-67.9,-67.5,-61.2,-43.1,-30.2,-17.6,-4.9,3.8,6.0,7.8,5.5,2.6,-40.7,-45.6,-45.7,-39.8,-37.1,-36.7,-41.7,-48.7,-49.3,-45.3,-40.6,-39.9,30.5,25.5,22.4,24.0,22.0,24.6,28.4,36.6,40.0,40.9,40.6,37.8,30.6,28.7,29.0,28.1,29.1,30.3,31.4,31.0,682.5,686.2,690.5,692.9,691.9,688.1,681.2,672.6,671.4,680.2,694.6,706.2,710.7,709.3,707.1,705.0,704.3,649.4,642.7,637.5,633.2,631.0,637.2,644.5,653.0,662.0,671.9,636.4,630.4,623.8,617.8,635.1,633.6,632.9,636.0,639.9,648.5,645.1,645.1,646.2,645.4,645.4,654.1,656.3,660.0,666.2,660.3,656.7,652.9,641.9,637.9,638.9,640.8,649.4,662.6,651.3,644.5,642.1,641.4,644.5,650.4,641.1,641.6,644.1,658.6,644.1,641.5,641.2,0.595,0.187,-0.19,-0.007,264.375,185.582,-6.426,10.412,-13.68,20.034,4.683,1.258,-4.55,3.999,3.677,-4.043,-0.792,0.949,0.468,-2.323,-0.437,-0.624,-0.383,0.57,-1.194,-0.744,0.634,-0.307,-0.146,-0.697,0.058,0.189,0.09,0.039,-0.123,-0.013,-0.037,-0.011,0.01,0.012,0.56,0.2,0.0,0.3,0.0,0.0,0.0,0.0,0.0,0.47,0.0,0.0,0.0,0.0,0.0,0.0,0.0,0.0,1.0,0.0,1.0,0.0,0.0,0.0,0.0,0.0,0.0,0.0,0.0,0.0,0.0,0.0,0.0,1.0,0.0
PP133,g1,1194,0,0.975,0.180805,0.182141,-0.966506,0.024635,0.1835,-0.982711,0.105,0.185,240.3,241.6,244.8,248.0,249.3,248.3,244.9,241.7,236.1,238.0,240.8,244.3,247.8,250.5,252.4,250.2,247.3,244.0,240.9,238.1,243.4,244.8,246.2,246.8,246.2,244.8,243.4,242.9,278.3,279.2,282.0,285.0,286.6,285.7,282.9,279.6,275.3,277.2,279.9,283.2,286.2,288.3,289.7,288.5,286.5,283.9,280.8,277.7,281.1,282.4,283.7,284.1,283.4,282.1,280.8,280.4,161.0,157.7,156.3,157.6,160.8,164.3,165.5,164.2,162.5,160.7,159.5,158.8,159.4,160.8,162.9,164.1,164.5,164.8,164.6,163.9,162.4,163.0,162.4,160.9,159.5,159.0,159.6,161.0,159.7,156.5,155.0,156.1,159.2,162.4,163.9,163.0,162.0,159.8,158.2,157.3,157.7,158.7,160.4,161.9,162.8,163.2,163.2,163.0,161.0,161.5,160.8,159.4,158.1,157.6,158.2,159.6,-12.7,-11.0,-6.9,-2.7,-0.9,-2.3,-6.7,-10.9,-18.3,-15.7,-12.0,-7.4,-2.9,0.6,3.1,0.3,-3.6,-7.8,-11.9,-15.6,-8.6,-6.7,-4.9,-4.2,-5.0,-6.8,-8.6,-9.4,38.0,39.2,43.1,47.3,49.4,48.1,44.2,39.7,34.0,36.5,40.0,44.5,48.8,52.0,54.1,52.2,49.2,45.5,41.3,37.1,41.9,43.7,45.4,46.0,45.1,43.2,41.5,41.0,-34.7,-39.0,-40.9,-39.2,-34.9,-30.3,-28.8,-30.5,-33.0,-35.2,-36.6,-37.3,-36.6,-34.9,-32.3,-30.7,-29.9,-29.6,-30.0,-31.0,-32.9,-32.1,-32.9,-34.8,-36.7,-37.4,-36.6,-34.7,-37.3,-41.6,-43.8,-42.4,-38.3,-33.9,-31.7,-32.8,-34.2,-37.1,-39.3,-40.4,-40.1,-39.0,-37.0,-34.7,-33.4,-32.6,-32.6,-32.9,-35.7,-35.1,-36.0,-37.9,-39.7,-40.3,-39.4,-37.5,511.0,511.4,511.4,511.2,510.7,510.6,510.3,510.6,515.3,512.6,510.2,509.0,509.5,510.9,512.5,511.0,509.5,509.3,510.4,512.7,511.6,511.4,511.5,511.6,511.8,511.9,511.9,511.8,523.7,524.6,526.1,527.3,527.5,526.5,525.0,524.0,524.3,523.4,523.1,524.0,526.5,529.9,533.2,530.0,526.7,524.4,523.4,523.6,525.6,526.1,526.8,527.2,527.1,526.6,525.9,525.5,23.7,-4.3,652.7,0.192,-0.147,-0.013,217.2,217.9,219.9,222.8,227.8,235.4,244.4,254.6,265.1,273.8,280.3,286.2,291.2,294.6,296.8,298.3,298.6,226.4,232.6,241.1,249.8,257.7,273.5,280.2,286.8,293.1,297.1,266.0,267.0,268.1,269.2,258.3,262.8,267.4,271.5,275.1,236.0,241.1,247.3,252.5,247.3,241.0,275.3,280.2,285.8,289.8,286.4,280.8,249.9,257.2,263.4,267.1,270.9,275.6,279.6,275.8,271.3,267.2,263.1,256.9,252.8,263.2,266.9,270.8,277.4,270.8,267.0,263.1,162.0,173.7,185.1,196.2,206.6,215.5,222.8,228.1,229.1,226.7,220.1,212.1,203.1,193.1,182.6,171.8,160.8,154.4,149.4,147.9,149.0,151.8,151.1,147.9,146.3,147.1,151.3,160.6,168.4,176.0,183.9,189.2,190.6,191.7,190.3,188.5,162.4,159.4,159.3,163.0,164.5,164.7,162.1,158.0,157.8,160.3,162.9,163.2,204.7,202.2,200.5,201.4,200.1,201.4,203.2,208.4,210.7,211.4,211.3,209.4,204.9,204.2,204.4,203.7,203.7,205.0,205.7,205.5,-57.5,-56.5,-53.4,-48.4,-39.4,-25.9,-9.8,8.0,26.0,41.6,54.1,65.7,75.2,81.4,85.1,87.5,88.0,-39.3,-28.6,-14.5,-0.3,12.5,38.3,49.9,61.6,73.2,81.2,26.2,27.5,29.0,30.4,13.5,20.9,28.3,35.2,41.2,-23.4,-14.7,-4.4,4.1,-4.5,-14.8,42.4,50.8,60.7,68.0,61.7,51.9,-0.2,11.9,21.9,28.0,34.4,42.7,50.4,43.2,35.2,28.3,21.6,11.5,4.7,21.7,27.9,34.4,46.3,34.5,28.0,21.6,-44.7,-24.4,-4.2,15.5,33.9,49.5,61.8,70.2,71.8,68.5,58.2,44.7,28.5,10.2,-8.9,-28.5,-48.4,-55.2,-62.9,-64.8,-62.5,-57.7,-59.6,-65.5,-68.9,-68.6,-62.4,-43.8,-30.9,-18.3,-5.7,2.9,5.1,6.8,4.5,1.7,-41.8,-46.6,-46.6,-40.7,-38.1,-37.7,-42.6,-49.8,-50.4,-46.4,-41.7,-40.9,28.8,24.2,21.2,22.8,20.8,23.2,26.7,34.9,38.5,39.5,39.2,36.3,29.0,27.5,27.8,26.9,27.5,28.9,30.0,29.6,684.4,688.2,692.5,695.0,694.3,690.6,683.7,675.0,673.8,682.6,697.1,708.8,713.3,712.0,709.7,707.7,707.0,651.0,644.1,638.8,634.4,632.1,638.4,645.6,654.2,663.3,673.3,637.9,632.0,625.6,619.7,637.1,635.7,635.0,638.1,641.9,650.1,646.5,646.6,647.8,647.0,647.0,655.7,657.8,661.5,667.8,661.9,658.3,655.2,644.1,640.0,641.0,642.9,651.7,665.3,653.9,646.7,644.3,643.5,646.8,652.8,643.2,643.8,646.3,661.3,646.2,643.7,643.3,0.593,0.197,-0.191,-0.005,264.15,184.765,-4.081,9.507,-13.109,18.0,5.529,1.117,-5.147,5.031,3.322,-2.869,-1.047,1.011,0.709,-2.124,-0.738,-0.427,-0.454,0.563,-1.011,-0.724,0.689,-0.285,-0.261,-0.709,0.189,0.108,0.049,0.037,-0.102,-0.014,-0.034,-0.006,0.009,0.01,0.71,0.27,0.0,0.45,0.0,0.0,0.0,0.0,0.0,0.08,0.0,0.0,0.0,0.0,0.0,0.0,0.0,0.0,1.0,0.0,1.0,0.0,0.0,0.0,0.0,0.0,0.0,0.0,0.0,0.0,0.0,0.0,0.0,1.0,0.0
PP133,g1,1200,0,0.975,0.178008,0.166097,-0.96991,0.025751,0.169098,-0.985263,0.104,0.17,239.9,241.2,244.4,247.6,249.0,247.9,244.5,241.3,235.8,237.7,240.5,243.9,247.4,250.2,252.0,249.9,247.0,243.7,240.6,237.8,243.1,244.5,245.9,246.5,245.8,244.4,243.1,242.5,278.0,278.9,281.7,284.7,286.2,285.3,282.5,279.2,275.0,276.9,279.5,282.8,285.8,288.0,289.3,288.1,286.2,283.5,280.5,277.4,280.8,282.1,283.3,283.7,283.1,281.7,280.5,280.1,160.6,157.3,155.9,157.1,160.4,163.9,165.1,163.8,162.1,160.3,159.1,158.4,159.0,160.4,162.4,163.6,164.1,164.4,164.2,163.5,162.0,162.6,161.9,160.5,159.1,158.5,159.2,160.6,159.3,156.1,154.6,155.7,158.8,162.0,163.5,162.6,161.6,159.4,157.7,156.9,157.3,158.4,160.1,161.5,162.4,162.8,162.8,162.5,160.6,161.1,160.4,159.0,157.7,157.2,157.8,159.2,-13.1,-11.5,-7.4,-3.2,-1.3,-2.7,-7.1,-11.3,-18.7,-16.2,-12.4,-7.9,-3.3,0.2,2.7,-0.1,-4.0,-8.2,-12.3,-16.0,-9.0,-7.2,-5.4,-4.6,-5.4,-7.3,-9.1,-9.8,37.5,38.8,42.7,46.9,48.9,47.6,43.7,39.2,33.5,36.0,39.5,44.1,48.3,51.6,53.7,51.8,48.8,45.0,40.9,36.7,41.4,43.2,44.9,45.5,44.6,42.8,41.1,40.5,-35.1,-39.5,-41.3,-39.7,-35.4,-30.8,-29.2,-30.9,-33.4,-35.6,-37.1,-37.8,-37.1,-35.4,-32.9,-31.2,-30.4,-30.1,-30.4,-31.4,-33.3,-32.6,-33.4,-35.3,-37.1,-37.9,-37.1,-35.2,-37.8,-42.2,-44.3,-42.9,-38.8,-34.4,-32.3,-33.4,-34.8,-37.7,-39.9,-41.0,-40.7,-39.5,-37.4,-35.2,-33.9,-33.2,-33.1,-33.5,-36.2,-35.6,-36.5,-38.4,-40.2,-40.9,-39.9,-38.0,510.0,510.3,510.4,510.1,509.6,509.4,509.2,509.5,514.3,511.6,509.2,507.9,508.4,509.7,511.4,509.8,508.4,508.1,509.3,511.6,510.5,510.3,510.3,510.5,510.7,510.9,510.8,510.7,523.9,524.9,526.4,527.5,527.6,526.6,525.1,524.1,524.4,523.5,523.3,524.2,526.7,530.1,533.4,530.1,526.9,524.5,523.5,523.7,525.7,526.2,526.9,527.3,527.3,526.8,526.1,525.7,23.0,-4.2,648.2,0.165,-0.152,-0.007,217.3,217.9,219.8,222.6,227.3,234.4,243.1,253.5,264.1,273.0,279.5,285.4,290.6,294.2,296.5,298.2,298.6,226.2,232.3,240.8,249.4,257.2,273.0,279.7,286.4,292.8,296.9,265.5,266.6,267.7,268.8,258.0,262.5,267.1,271.2,274.7,235.6,240.8,247.0,252.2,247.0,240.7,274.9,279.8,285.5,289.5,286.1,280.5,249.9,257.1,263.2,266.9,270.7,275.4,279.3,275.7,271.1,267.0,262.9,256.9,253.0,262.9,266.7,270.6,277.1,270.6,266.7,262.8,162.0,173.6,185.0,196.0,206.5,215.6,223.3,229.0,230.3,228.3,222.2,214.3,205.1,194.7,183.6,172.2,160.7,154.1,149.0,147.5,148.6,151.3,150.5,147.3,145.9,146.7,151.0,160.1,167.8,175.4,183.3,188.8,190.2,191.3,189.9,188.2,162.1,159.0,158.9,162.5,164.1,164.4,161.7,157.5,157.4,160.0,162.5,162.8,205.0,202.2,200.3,201.3,200.1,201.5,203.7,208.7,210.9,211.5,211.3,209.5,205.1,204.1,204.3,203.7,204.1,205.1,205.8,205.5,-56.9,-56.0,-53.0,-48.3,-40.0,-27.3,-11.9,6.0,24.1,39.8,52.3,63.8,73.6,80.2,84.2,86.9,87.6,-39.5,-29.1,-15.0,-0.9,11.6,37.4,49.0,60.6,72.3,80.5,25.1,26.6,28.2,29.7,13.0,20.3,27.6,34.4,40.4,-23.8,-15.2,-5.0,3.6,-5.0,-15.3,41.6,50.0,59.8,67.1,60.8,51.1,-0.1,11.7,21.4,27.5,33.8,42.0,49.5,42.6,34.7,27.8,21.1,11.3,5.0,21.1,27.3,33.8,45.5,33.8,27.3,21.0,-44.4,-24.3,-4.4,15.0,33.4,49.3,62.1,71.1,73.3,70.7,61.4,48.2,31.9,13.1,-7.0,-27.6,-48.4,-55.4,-63.2,-65.1,-62.9,-58.4,-60.2,-66.1,-69.4,-68.9,-62.5,-44.6,-31.8,-19.3,-6.7,2.1,4.4,6.1,3.9,1.1,-42.1,-47.0,-47.2,-41.3,-38.6,-38.2,-43.2,-50.2,-50.8,-46.7,-42.1,-41.4,29.1,24.0,20.9,22.5,20.5,23.2,27.3,35.2,38.4,39.3,38.9,36.2,29.2,27.2,27.5,26.6,27.9,28.9,29.9,29.4,679.0,682.0,685.8,688.3,687.6,684.2,677.8,669.3,667.9,676.5,691.2,703.7,709.3,708.9,707.0,704.8,703.9,648.0,641.4,636.2,632.1,629.9,635.8,642.8,651.2,660.2,669.9,634.8,628.6,622.1,616.0,633.1,631.5,630.8,633.9,637.8,647.1,643.7,643.8,644.8,644.1,644.0,652.3,654.5,658.1,664.2,658.4,654.8,650.0,639.0,635.3,636.2,638.0,646.5,659.6,648.2,641.4,639.2,638.5,641.6,647.5,638.3,638.8,641.1,655.6,641.1,638.8,638.5,0.597,0.173,-0.199,0.0,263.809,184.79,-6.122,3.387,-14.153,20.693,2.364,1.254,-3.515,5.34,4.724,-4.29,-2.199,1.067,-0.107,-2.118,-0.231,-0.649,-0.395,0.54,-1.389,-0.869,0.29,-0.078,-0.086,-0.626,0.196,0.138,0.118,0.011,-0.079,-0.002,-0.032,-0.014,0.014,0.0,0.45,0.2,0.0,0.77,0.0,0.0,0.0,0.0,0.0,0.0,0.0,0.0,0.0,0.0,0.0,0.0,0.0,0.0,1.0,0.0,1.0,0.0,0.0,0.0,0.0,0.0,0.0,0.0,0.0,0.0,0.0,0.0,0.0,1.0,0.0
PP133,g1,1206,0,0.975,0.175955,0.158781,-0.971508,0.028727,0.161612,-0.986436,0.104,0.162,240.0,241.2,244.4,247.6,249.0,248.0,244.6,241.4,235.8,237.7,240.5,243.9,247.4,250.2,252.1,250.0,247.0,243.7,240.6,237.8,243.1,244.6,245.9,246.5,245.9,244.4,243.1,242.5,277.9,278.8,281.6,284.6,286.2,285.3,282.5,279.2,274.9,276.8,279.5,282.8,285.8,287.9,289.2,288.1,286.1,283.5,280.4,277.3,280.7,282.0,283.3,283.6,283.0,281.6,280.4,280.0,160.7,157.4,156.0,157.2,160.4,164.0,165.2,163.9,162.3,160.5,159.2,158.5,159.1,160.4,162.5,163.7,164.2,164.5,164.3,163.7,162.1,162.7,162.0,160.6,159.2,158.7,159.3,160.7,159.3,156.1,154.6,155.8,158.8,162.0,163.5,162.6,161.6,159.4,157.8,157.0,157.4,158.4,160.2,161.6,162.4,162.8,162.8,162.6,160.6,161.1,160.5,159.1,157.7,157.2,157.9,159.3,-13.1,-11.5,-7.4,-3.2,-1.3,-2.6,-7.1,-11.3,-18.7,-16.1,-12.4,-7.9,-3.3,0.2,2.7,-0.0,-3.9,-8.1,-12.3,-16.0,-9.0,-7.1,-5.3,-4.6,-5.4,-7.3,-9.1,-9.8,37.4,38.7,42.5,46.7,48.8,47.5,43.6,39.1,33.4,35.9,39.4,44.0,48.2,51.4,53.5,51.6,48.6,44.9,40.7,36.6,41.3,43.1,44.8,45.4,44.5,42.6,41.0,40.4,-35.0,-39.3,-41.2,-39.5,-35.3,-30.7,-29.1,-30.7,-33.2,-35.4,-36.9,-37.7,-37.0,-35.3,-32.8,-31.1,-30.3,-29.9,-30.2,-31.2,-33.2,-32.4,-33.3,-35.2,-37.0,-37.7,-36.9,-35.0,-37.8,-42.1,-44.2,-42.8,-38.7,-34.3,-32.2,-33.3,-34.7,-37.6,-39.8,-40.9,-40.6,-39.4,-37.3,-35.1,-33.8,-33.1,-33.1,-33.4,-36.1,-35.5,-36.4,-38.3,-40.2,-40.8,-39.9,-37.9,510.2,510.6,510.6,510.3,509.8,509.6,509.4,509.7,514.6,511.9,509.4,508.2,508.6,509.9,511.6,510.0,508.6,508.4,509.6,511.9,510.7,510.6,510.6,510.7,511.0,511.1,511.1,510.9,523.4,524.4,526.0,527.1,527.2,526.2,524.7,523.6,523.9,523.1,522.8,523.7,526.3,529.7,532.9,529.7,526.4,524.0,523.0,523.2,525.3,525.8,526.5,526.9,526.9,526.4,525.7,525.2,23.2,-3.9,646.3,0.153,-0.151,-0.014,217.1,217.9,219.9,222.8,227.6,234.7,243.5,254.0,264.7,273.6,280.1,285.9,290.8,294.3,296.5,298.1,298.4,226.0,232.0,240.6,249.3,257.2,272.9,279.6,286.3,292.7,296.8,265.5,266.7,267.9,269.0,258.2,262.8,267.4,271.4,274.9,235.7,240.8,247.0,252.2,247.0,240.8,274.9,279.8,285.4,289.4,286.0,280.4,250.3,257.5,263.5,267.2,271.0,275.6,279.5,275.9,271.5,267.4,263.3,257.3,253.3,263.2,267.0,270.9,277.3,270.9,267.1,263.2,162.2,173.9,185.4,196.5,207.1,216.3,224.0,229.7,230.9,228.8,222.6,214.5,205.2,194.8,183.7,172.4,160.8,154.6,149.3,147.7,148.7,151.4,150.6,147.4,146.0,146.9,151.3,160.1,167.7,175.4,183.2,188.9,190.3,191.4,189.9,188.2,162.3,159.1,159.0,162.6,164.2,164.5,161.7,157.6,157.4,160.1,162.6,162.8,205.3,202.3,200.5,201.4,200.2,201.6,203.8,208.8,211.0,211.6,211.4,209.7,205.4,204.2,204.4,203.8,204.3,205.2,205.9,205.6,-57.0,-56.0,-52.7,-47.8,-39.4,-26.7,-11.2,6.8,25.1,40.8,53.2,64.5,74.0,80.2,83.9,86.5,87.0,-39.8,-29.5,-15.3,-1.1,11.6,37.1,48.7,60.4,72.1,80.2,25.2,26.7,28.4,29.9,13.3,20.6,27.9,34.7,40.6,-23.7,-15.2,-5.0,3.7,-5.0,-15.2,41.4,49.8,59.6,66.9,60.6,51.0,0.5,12.2,21.8,27.9,34.1,42.3,49.7,42.9,35.2,28.3,21.7,11.9,5.5,21.5,27.7,34.1,45.7,34.2,27.8,21.5,-43.9,-23.7,-3.6,15.9,34.4,50.3,63.1,72.0,74.0,71.3,61.9,48.6,32.1,13.2,-6.8,-27.2,-47.9,-54.5,-62.6,-64.7,-62.6,-58.1,-59.9,-65.8,-69.1,-68.5,-62.0,-44.5,-31.7,-19.3,-6.7,2.3,4.5,6.2,3.9,1.1,-41.7,-46.7,-46.9,-41.1,-38.4,-37.9,-43.0,-50.1,-50.6,-46.5,-42.0,-41.3,29.5,24.2,21.0,22.6,20.6,23.3,27.5,35.2,38.4,39.3,38.9,36.4,29.5,27.3,27.6,26.7,28.0,28.9,30.0,29.5,678.3,681.4,685.0,687.2,686.2,682.5,675.9,667.0,665.6,674.4,689.4,702.0,707.6,707.1,705.2,702.9,702.1,647.2,640.4,635.1,630.9,628.6,634.7,641.8,650.3,659.4,669.3,633.4,627.0,620.2,613.8,631.1,629.5,628.7,631.9,635.9,645.6,642.4,642.5,643.5,642.7,642.7,651.1,653.5,657.1,663.1,657.3,653.7,647.7,636.7,633.1,634.1,635.9,644.4,657.4,645.8,638.9,636.7,636.0,639.0,645.2,636.1,636.5,638.9,653.3,638.8,636.4,636.1,0.598,0.161,-0.198,-0.007,263.965,184.975,-4.25,5.43,-14.0,21.8,1.112,1.467,-3.76,5.178,5.285,-4.756,-2.477,0.78,-0.079,-1.993,0.091,-0.89,-0.339,0.633,-1.461,-0.656,0.288,-0.054,-0.175,-0.689,0.18,0.197,0.093,0.022,-0.096,-0.013,-0.044,-0.025,0.012,0.001,0.59,0.31,0.0,0.63,0.0,0.0,0.0,0.0,0.0,0.04,0.0,0.0,0.0,0.0,0.0,0.0,0.0,0.0,1.0,0.0,1.0,0.0,0.0,0.0,0.0,0.0,0.0,0.0,0.0,0.0,0.0,0.0,0.0,1.0,0.0
PP133,g1,1212,0,0.975,0.183659,0.179577,-0.966448,0.024176,0.180869,-0.98321,0.106,0.183,239.8,241.1,244.3,247.5,248.8,247.7,244.3,241.1,235.5,237.5,240.3,243.8,247.3,250.0,251.8,249.7,246.8,243.5,240.4,237.6,242.9,244.3,245.7,246.3,245.7,244.3,242.9,242.3,277.9,278.8,281.6,284.6,286.1,285.2,282.4,279.1,274.9,276.8,279.4,282.7,285.8,287.9,289.2,288.0,286.0,283.4,280.4,277.3,280.7,282.0,283.2,283.6,283.0,281.6,280.4,280.0,160.5,157.3,155.9,157.2,160.4,164.0,165.1,163.8,162.0,160.2,159.0,158.4,159.0,160.5,162.5,163.7,164.2,164.4,164.1,163.4,162.0,162.6,162.0,160.5,159.1,158.5,159.2,160.6,159.6,156.4,154.9,156.0,159.1,162.3,163.8,162.9,161.8,159.7,158.0,157.2,157.6,158.7,160.4,161.8,162.7,163.1,163.1,162.8,160.9,161.4,160.7,159.3,158.0,157.5,158.1,159.5,-13.3,-11.6,-7.5,-3.3,-1.5,-2.9,-7.4,-11.6,-19.0,-16.4,-12.6,-8.0,-3.5,-0.0,2.4,-0.3,-4.2,-8.4,-12.6,-16.3,-9.2,-7.4,-5.6,-4.9,-5.6,-7.5,-9.3,-10.0,37.4,38.7,42.6,46.8,48.8,47.5,43.6,39.1,33.4,35.9,39.4,44.0,48.2,51.5,53.6,51.6,48.6,44.9,40.7,36.6,41.3,43.1,44.8,45.4,44.5,42.7,41.0,40.4,-35.2,-39.5,-41.3,-39.6,-35.3,-30.7,-29.2,-30.9,-33.5,-35.7,-37.1,-37.8,-37.1,-35.3,-32.7,-31.1,-30.4,-30.1,-30.4,-31.5,-33.3,-32.5,-33.3,-35.2,-37.1,-37.8,-37.1,-35.2,-37.5,-41.9,-44.0,-42.5,-38.4,-34.0,-31.9,-33.0,-34.5,-37.3,-39.5,-40.7,-40.3,-39.2,-37.0,-34.8,-33.5,-32.8,-32.7,-33.1,-35.9,-35.2,-36.1,-38.1,-39.9,-40.5,-39.6,-37.7,509.7,510.1,510.2,509.9,509.5,509.3,509.0,509.3,513.9,511.3,508.9,507.7,508.2,509.7,511.3,509.7,508.2,507.9,509.1,511.3,510.3,510.1,510.2,510.3,510.5,510.7,510.6,510.5,524.1,525.0,526.5,527.7,527.8,526.8,525.3,524.3,524.6,523.7,523.5,524.3,526.8,530.2,533.5,530.3,527.0,524.7,523.7,523.9,525.9,526.4,527.1,527.5,527.4,526.9,526.3,525.9,22.3,-4.5,650.8,0.188,-0.154,0.005,216.8,217.4,219.1,221.7,226.3,233.4,242.2,252.5,263.1,271.9,278.6,284.6,290.0,293.8,296.2,297.9,298.5,225.9,232.1,240.7,249.4,257.3,273.0,279.8,286.5,292.9,297.0,265.4,266.4,267.5,268.5,257.6,262.1,266.6,270.7,274.3,235.4,240.6,246.9,252.0,246.8,240.5,274.8,279.7,285.4,289.4,286.0,280.4,249.0,256.4,262.5,266.2,270.1,274.8,278.7,274.9,270.3,266.2,262.1,256.0,252.0,262.2,266.0,269.9,276.5,269.9,266.0,262.1,161.4,172.8,184.1,195.0,205.3,214.4,222.0,227.8,229.2,227.2,221.1,213.3,204.3,194.2,183.3,172.1,160.7,153.9,149.0,147.6,148.8,151.5,150.9,147.7,146.2,147.1,151.4,160.4,168.1,175.7,183.6,188.9,190.3,191.4,190.1,188.4,161.9,158.9,158.9,162.6,164.1,164.3,161.9,157.8,157.7,160.3,162.8,163.1,204.4,201.9,200.3,201.3,200.0,201.4,203.4,208.4,210.6,211.2,211.0,209.1,204.6,204.0,204.2,203.7,203.8,204.9,205.6,205.2,-57.9,-57.1,-54.4,-50.0,-41.9,-29.2,-13.6,4.3,22.5,38.2,50.8,62.7,72.9,79.8,84.0,86.8,87.8,-40.0,-29.4,-15.2,-1.0,11.8,37.5,49.2,61.0,72.7,80.8,25.1,26.5,27.9,29.3,12.3,19.6,26.9,33.7,39.8,-24.2,-15.5,-5.2,3.3,-5.4,-15.7,41.6,49.9,59.8,67.1,60.8,51.0,-1.7,10.4,20.4,26.5,32.9,41.2,48.7,41.5,33.5,26.6,19.8,9.9,3.4,20.0,26.2,32.8,44.7,32.8,26.2,19.8,-45.5,-25.7,-6.0,13.2,31.5,47.3,60.1,69.3,71.7,69.1,59.7,46.7,30.7,12.2,-7.6,-27.9,-48.5,-55.8,-63.4,-65.0,-62.7,-58.1,-59.7,-65.6,-69.0,-68.4,-62.1,-44.1,-31.3,-18.8,-6.2,2.2,4.6,6.3,4.2,1.5,-42.4,-47.2,-47.2,-41.1,-38.6,-38.3,-42.8,-49.9,-50.4,-46.4,-41.7,-41.0,28.3,23.7,20.9,22.5,20.6,23.2,26.9,34.9,38.2,39.0,38.6,35.7,28.5,27.1,27.5,26.7,27.5,28.7,29.7,29.1,680.9,684.1,688.0,690.7,690.3,687.2,681.0,672.6,671.3,679.9,694.5,706.9,712.4,712.1,710.3,708.1,707.2,649.4,642.6,637.3,633.0,630.8,636.9,643.9,652.5,661.7,671.7,636.1,630.3,624.0,618.2,635.3,634.0,633.3,636.4,640.1,648.5,645.0,645.1,646.3,645.5,645.5,653.8,655.9,659.6,665.9,660.1,656.5,653.0,642.0,638.1,639.0,640.7,649.5,662.9,651.5,644.5,642.3,641.6,644.9,650.6,641.2,641.7,644.0,658.9,643.9,641.6,641.4,0.595,0.194,-0.2,0.013,263.339,184.602,-3.566,2.583,-13.451,17.889,4.526,0.79,-4.112,5.068,4.632,-2.802,-2.171,1.336,0.447,-1.885,-0.476,-0.337,-0.244,0.656,-1.36,-0.884,0.366,-0.245,0.091,-0.466,0.163,-0.005,0.1,0.012,-0.076,0.006,-0.03,0.001,0.01,-0.002,0.52,0.0,0.0,0.43,0.0,0.0,0.0,0.0,0.0,0.0,0.0,0.0,0.0,0.0,0.0,0.0,0.0,0.0,1.0,0.0,1.0,0.0,0.0,0.0,0.0,0.0,0.0,0.0,0.0,0.0,0.0,0.0,0.0,1.0,0.0
PP133,g1,1218,0,0.975,0.18233,0.173999,-0.967719,0.024331,0.176473,-0.984005,0.105,0.178,239.6,240.9,244.1,247.3,248.7,247.6,244.2,241.0,235.4,237.3,240.2,243.6,247.1,249.8,251.7,249.6,246.6,243.4,240.2,237.4,242.8,244.2,245.6,246.1,245.5,244.1,242.7,242.2,277.7,278.6,281.4,284.5,286.0,285.1,282.3,279.0,274.7,276.6,279.3,282.6,285.6,287.8,289.1,287.9,285.9,283.3,280.2,277.1,280.5,281.9,283.1,283.5,282.8,281.5,280.2,279.9,160.5,157.2,155.8,157.1,160.3,163.9,165.1,163.8,162.1,160.3,159.0,158.4,159.0,160.4,162.4,163.6,164.1,164.3,164.1,163.5,162.0,162.5,161.9,160.5,159.1,158.5,159.1,160.6,159.3,156.0,154.6,155.7,158.7,161.9,163.4,162.6,161.5,159.3,157.7,156.9,157.2,158.3,160.0,161.5,162.3,162.7,162.7,162.5,160.5,161.0,160.4,159.0,157.6,157.1,157.8,159.2,-13.5,-11.9,-7.8,-3.6,-1.8,-3.1,-7.5,-11.7,-19.2,-16.6,-12.8,-8.3,-3.7,-0.2,2.3,-0.5,-4.4,-8.6,-12.7,-16.4,-9.4,-7.6,-5.8,-5.1,-5.8,-7.7,-9.5,-10.2,37.2,38.5,42.3,46.5,48.6,47.3,43.4,38.9,33.2,35.7,39.2,43.7,48.0,51.3,53.4,51.5,48.5,44.7,40.5,36.4,41.1,42.9,44.6,45.2,44.3,42.5,40.8,40.2,-35.2,-39.5,-41.4,-39.7,-35.4,-30.8,-29.3,-31.0,-33.5,-35.7,-37.1,-37.8,-37.2,-35.4,-32.9,-31.2,-30.5,-30.1,-30.5,-31.5,-33.4,-32.6,-33.4,-35.3,-37.2,-37.9,-37.1,-35.2,-37.9,-42.3,-44.4,-43.0,-38.9,-34.5,-32.4,-33.5,-34.9,-37.8,-39.9,-41.1,-40.8,-39.7,-37.6,-35.4,-34.0,-33.3,-33.2,-33.5,-36.3,-35.7,-36.6,-38.5,-40.3,-41.0,-40.0,-38.1,510.0,510.4,510.5,510.2,509.7,509.6,509.3,509.5,514.3,511.6,509.2,508.0,508.5,509.9,511.5,510.0,508.5,508.2,509.4,511.6,510.5,510.4,510.4,510.6,510.8,510.9,510.9,510.7,524.1,525.1,526.6,527.7,527.8,526.9,525.4,524.4,524.7,523.8,523.5,524.4,526.9,530.3,533.6,530.3,527.1,524.7,523.7,524.0,526.0,526.5,527.1,527.6,527.5,527.0,526.4,525.9,22.5,-4.8,650.7,0.179,-0.153,-0.006,216.7,217.4,219.3,222.0,226.7,233.9,242.7,253.1,263.7,272.6,279.1,285.1,290.3,294.0,296.3,297.9,298.4,225.8,231.9,240.4,249.1,257.0,272.7,279.5,286.2,292.6,296.7,265.2,266.3,267.4,268.5,257.7,262.2,266.8,270.8,274.4,235.3,240.5,246.7,251.9,246.6,240.4,274.7,279.6,285.2,289.2,285.8,280.2,249.3,256.7,262.8,266.5,270.3,275.0,279.0,275.2,270.7,266.5,262.5,256.4,252.4,262.5,266.3,270.2,276.8,270.2,266.3,262.4,161.7,173.1,184.4,195.3,205.6,214.7,222.2,227.9,229.2,227.2,221.0,213.2,204.1,193.9,183.0,171.8,160.4,154.1,149.1,147.6,148.7,151.4,150.6,147.4,145.9,146.7,151.0,160.2,167.8,175.4,183.3,188.7,190.1,191.1,189.7,188.0,162.0,158.9,158.9,162.5,164.0,164.3,161.6,157.5,157.3,159.9,162.5,162.8,204.4,201.7,200.0,201.0,199.7,201.1,203.0,208.1,210.3,210.9,210.8,209.0,204.5,203.8,204.0,203.4,203.5,204.6,205.3,205.0,-58.0,-57.1,-54.1,-49.5,-41.2,-28.4,-12.7,5.4,23.5,39.2,51.8,63.5,73.5,80.2,84.2,86.8,87.5,-40.3,-29.8,-15.6,-1.4,11.3,37.1,48.7,60.4,72.2,80.4,24.8,26.3,27.8,29.3,12.5,19.8,27.2,34.0,40.0,-24.5,-15.8,-5.5,3.1,-5.6,-15.9,41.3,49.7,59.5,66.9,60.6,50.9,-1.1,10.9,20.9,26.9,33.3,41.6,49.2,42.1,34.1,27.2,20.5,10.5,3.9,20.5,26.7,33.2,45.2,33.3,26.8,20.4,-45.1,-25.2,-5.4,13.8,32.1,47.8,60.5,69.5,71.7,69.0,59.5,46.5,30.3,11.7,-8.1,-28.4,-49.0,-55.6,-63.3,-65.1,-62.9,-58.4,-60.2,-66.2,-69.5,-69.1,-62.9,-44.5,-31.8,-19.3,-6.7,1.9,4.2,5.9,3.7,0.9,-42.4,-47.2,-47.3,-41.4,-38.8,-38.3,-43.3,-50.5,-51.0,-47.0,-42.3,-41.6,28.2,23.4,20.4,22.0,20.0,22.6,26.3,34.3,37.7,38.5,38.2,35.4,28.3,26.7,27.0,26.2,27.0,28.2,29.2,28.7,681.5,684.6,688.5,691.0,690.5,687.3,680.9,672.3,670.9,679.6,694.3,706.7,712.3,711.9,710.1,707.9,707.0,650.0,643.2,637.9,633.6,631.3,637.4,644.4,652.9,662.0,671.9,636.5,630.6,624.2,618.3,635.4,634.0,633.3,636.3,640.1,649.0,645.5,645.6,646.7,645.9,645.9,654.2,656.4,660.0,666.2,660.4,656.8,652.9,641.8,637.9,638.8,640.6,649.3,662.6,651.2,644.1,641.9,641.2,644.5,650.4,641.0,641.5,643.8,658.6,643.6,641.3,641.1,0.595,0.184,-0.199,0.002,263.453,184.44,-3.372,3.083,-13.48,18.114,3.719,0.984,-4.187,5.387,4.568,-3.369,-2.103,1.322,0.274,-1.97,-0.397,-0.517,-0.28,0.751,-1.363,-0.759,0.407,-0.234,0.099,-0.447,0.144,0.045,0.085,0.017,-0.092,0.0,-0.03,-0.01,0.01,0.002,0.74,0.19,0.0,0.65,0.0,0.0,0.0,0.0,0.0,0.11,0.0,0.0,0.0,0.0,0.0,0.0,0.0,0.0,1.0,0.0,1.0,0.0,0.0,0.0,0.0,0.0,0.0,0.0,0.0,0.0,0.0,0.0,0.0,1.0,0.0
PP133,g1,1224,0,0.975,0.174289,0.15659,-0.972164,0.025362,0.159952,-0.986799,0.102,0.16,239.3,240.6,243.7,247.0,248.4,247.4,244.0,240.7,235.1,237.0,239.8,243.3,246.8,249.6,251.5,249.4,246.4,243.1,239.9,237.2,242.5,243.9,245.3,245.9,245.2,243.8,242.4,241.9,277.4,278.3,281.1,284.2,285.7,284.8,282.0,278.7,274.4,276.3,279.0,282.3,285.4,287.5,288.9,287.7,285.7,283.1,280.0,276.8,280.3,281.6,282.8,283.2,282.5,281.2,280.0,279.6,161.0,157.7,156.2,157.5,160.7,164.3,165.5,164.2,162.6,160.7,159.4,158.8,159.3,160.7,162.7,164.0,164.5,164.8,164.6,163.9,162.4,162.9,162.3,160.9,159.4,158.9,159.5,161.0,159.6,156.3,154.9,156.0,159.1,162.3,163.8,162.9,161.9,159.7,158.0,157.2,157.6,158.7,160.4,161.9,162.7,163.1,163.1,162.9,160.9,161.4,160.7,159.3,158.0,157.5,158.1,159.5,-13.9,-12.3,-8.1,-3.9,-2.1,-3.4,-7.8,-12.0,-19.5,-16.9,-13.2,-8.7,-4.1,-0.6,2.0,-0.8,-4.7,-8.9,-13.0,-16.7,-9.7,-7.9,-6.1,-5.4,-6.2,-8.0,-9.8,-10.5,36.5,37.8,41.7,45.9,47.9,46.6,42.7,38.2,32.5,35.0,38.5,43.1,47.3,50.6,52.7,50.8,47.8,44.0,39.9,35.7,40.4,42.2,43.9,44.5,43.6,41.8,40.1,39.5,-34.4,-38.7,-40.6,-39.0,-34.7,-30.1,-28.5,-30.2,-32.6,-34.9,-36.3,-37.1,-36.5,-34.7,-32.2,-30.5,-29.8,-29.4,-29.7,-30.7,-32.6,-31.9,-32.7,-34.6,-36.4,-37.2,-36.3,-34.5,-37.2,-41.5,-43.6,-42.2,-38.1,-33.7,-31.6,-32.7,-34.1,-37.0,-39.2,-40.4,-40.0,-38.9,-36.7,-34.5,-33.2,-32.5,-32.5,-32.8,-35.5,-34.9,-35.8,-37.8,-39.6,-40.2,-39.3,-37.3,506.8,507.2,507.2,506.8,506.3,506.2,506.0,506.3,511.2,508.5,506.0,504.7,505.2,506.5,508.1,506.6,505.1,504.9,506.2,508.5,507.3,507.1,507.1,507.3,507.5,507.7,507.7,507.5,519.9,520.9,522.4,523.6,523.7,522.6,521.1,520.1,520.4,519.6,519.3,520.2,522.7,526.1,529.4,526.1,522.8,520.5,519.5,519.7,521.7,522.2,522.9,523.4,523.3,522.8,522.2,521.7,22.2,-3.5,645.2,0.153,-0.148,-0.013,216.7,217.4,219.5,222.3,227.0,234.2,242.9,253.4,264.1,273.0,279.5,285.4,290.4,294.0,296.2,297.8,298.2,225.3,231.4,239.9,248.7,256.6,272.3,279.2,285.9,292.4,296.5,264.9,266.0,267.2,268.4,257.6,262.1,266.7,270.8,274.3,235.0,240.1,246.4,251.6,246.4,240.1,274.4,279.3,285.0,289.0,285.6,280.0,249.7,256.8,262.8,266.5,270.4,275.1,279.0,275.4,270.9,266.7,262.7,256.7,252.7,262.6,266.4,270.3,276.8,270.3,266.4,262.6,162.5,174.2,185.7,196.7,207.2,216.5,224.1,229.9,231.2,229.1,222.9,215.0,205.7,195.3,184.1,172.7,161.1,154.9,149.5,148.0,149.0,151.6,150.9,147.7,146.2,147.2,151.6,160.3,168.0,175.7,183.5,189.2,190.6,191.7,190.2,188.5,162.5,159.3,159.2,162.9,164.4,164.8,162.0,157.8,157.6,160.3,162.8,163.1,205.6,202.7,200.8,201.8,200.5,202.0,204.2,209.2,211.3,211.9,211.8,210.1,205.7,204.6,204.8,204.2,204.6,205.5,206.2,205.9,-57.8,-56.7,-53.5,-48.6,-40.3,-27.6,-12.2,5.8,23.9,39.6,52.0,63.5,73.1,79.5,83.3,85.9,86.5,-40.9,-30.5,-16.3,-2.1,10.6,36.2,47.8,59.7,71.4,79.6,24.1,25.7,27.3,28.8,12.2,19.5,26.9,33.6,39.6,-24.8,-16.3,-6.0,2.7,-5.9,-16.3,40.5,48.9,58.7,66.1,59.8,50.1,-0.5,11.1,20.8,26.8,33.1,41.3,48.7,41.9,34.1,27.2,20.6,10.9,4.5,20.5,26.7,33.1,44.7,33.2,26.7,20.4,-43.3,-23.2,-3.2,16.2,34.6,50.5,63.3,72.2,74.3,71.7,62.4,49.3,32.9,14.1,-6.0,-26.6,-47.4,-54.0,-62.2,-64.2,-62.1,-57.7,-59.4,-65.3,-68.6,-68.0,-61.3,-44.0,-31.2,-18.8,-6.2,2.8,5.0,6.7,4.4,1.6,-41.3,-46.3,-46.4,-40.5,-37.9,-37.3,-42.5,-49.6,-50.1,-46.0,-41.4,-40.7,30.0,24.7,21.5,23.1,21.1,23.9,28.0,35.7,38.9,39.8,39.4,36.9,30.0,27.8,28.1,27.2,28.6,29.4,30.4,29.9,677.5,680.4,684.0,686.1,685.1,681.5,675.0,666.1,664.5,673.2,688.1,700.7,706.4,706.0,704.2,702.0,701.2,646.5,639.6,634.2,629.9,627.5,633.3,640.4,649.0,658.1,668.0,632.2,625.9,619.1,612.7,630.1,628.5,627.6,630.8,634.7,645.0,641.7,641.6,642.6,641.9,641.9,649.9,652.2,655.8,661.8,656.0,652.4,646.8,635.7,632.1,633.0,634.7,643.1,656.1,644.6,637.8,635.7,635.0,638.2,644.3,635.1,635.5,637.8,652.1,637.6,635.3,635.1,0.599,0.162,-0.194,-0.006,263.411,185.265,-3.962,4.156,-13.973,21.85,1.757,1.312,-3.869,5.242,5.427,-4.826,-2.565,0.723,-0.059,-1.949,0.038,-0.691,-0.211,0.629,-1.338,-0.71,0.254,-0.111,-0.145,-0.625,0.101,0.133,0.111,-0.0,-0.086,-0.009,-0.044,-0.019,0.012,-0.004,0.61,0.21,0.0,0.59,0.0,0.0,0.0,0.0,0.0,0.0,0.0,0.0,0.0,0.0,0.0,0.0,0.0,0.0,1.0,0.0,1.0,0.0,0.0,0.0,0.0,0.0,0.0,0.0,0.0,0.0,0.0,0.0,0.0,1.0,0.0
PP133,g1,1230,0,0.975,0.183225,0.181602,-0.966152,0.02409,0.183605,-0.982705,0.106,0.185,239.5,240.8,244.0,247.2,248.6,247.5,244.1,240.9,235.3,237.2,240.1,243.6,247.1,249.8,251.6,249.5,246.5,243.3,240.1,237.3,242.7,244.1,245.5,246.0,245.4,244.0,242.6,242.1,277.7,278.6,281.4,284.4,285.9,285.0,282.2,278.9,274.6,276.5,279.2,282.5,285.5,287.7,289.0,287.9,285.8,283.2,280.2,277.0,280.5,281.8,283.0,283.4,282.7,281.4,280.2,279.8,160.9,157.6,156.2,157.5,160.8,164.3,165.5,164.2,162.4,160.6,159.4,158.8,159.4,160.8,162.9,164.1,164.5,164.8,164.6,163.8,162.4,163.0,162.4,160.9,159.5,158.9,159.5,161.0,159.8,156.5,155.0,156.2,159.2,162.4,163.9,163.1,162.0,159.8,158.2,157.4,157.7,158.8,160.5,162.0,162.8,163.3,163.3,163.0,161.0,161.5,160.9,159.5,158.1,157.6,158.3,159.7,-13.7,-12.0,-7.8,-3.6,-1.9,-3.2,-7.7,-11.9,-19.3,-16.7,-12.9,-8.4,-3.8,-0.3,2.1,-0.6,-4.5,-8.7,-12.9,-16.6,-9.5,-7.7,-5.9,-5.2,-5.9,-7.8,-9.6,-10.3,37.0,38.3,42.1,46.3,48.4,47.1,43.2,38.7,33.0,35.5,39.0,43.5,47.8,51.0,53.2,51.2,48.2,44.5,40.3,36.2,40.9,42.7,44.4,45.0,44.1,42.2,40.6,40.0,-34.6,-38.9,-40.8,-39.0,-34.8,-30.2,-28.6,-30.4,-32.9,-35.1,-36.5,-37.2,-36.5,-34.7,-32.2,-30.5,-29.8,-29.5,-29.9,-30.9,-32.7,-32.0,-32.8,-34.7,-36.5,-37.3,-36.5,-34.6,-37.1,-41.5,-43.6,-42.2,-38.1,-33.7,-31.6,-32.7,-34.1,-37.0,-39.1,-40.3,-40.0,-38.9,-36.8,-34.6,-33.2,-32.5,-32.4,-32.7,-35.5,-34.9,-35.8,-37.8,-39.6,-40.2,-39.2,-37.3,508.9,509.3,509.3,509.1,508.6,508.5,508.1,508.4,513.1,510.5,508.1,506.8,507.4,508.8,510.5,508.9,507.4,507.1,508.2,510.5,509.4,509.3,509.3,509.5,509.7,509.8,509.8,509.6,522.5,523.4,524.9,526.1,526.2,525.3,523.8,522.8,523.1,522.2,521.9,522.7,525.3,528.7,532.0,528.7,525.5,523.2,522.2,522.4,524.4,524.9,525.5,526.0,525.9,525.4,524.7,524.3,22.1,-4.0,649.7,0.192,-0.153,-0.001,216.5,217.1,219.0,221.6,226.2,233.4,242.2,252.6,263.2,272.1,278.8,284.8,290.1,293.8,296.2,297.8,298.3,225.7,231.8,240.4,249.1,257.0,272.6,279.5,286.2,292.6,296.7,265.2,266.2,267.3,268.3,257.5,262.0,266.5,270.6,274.1,235.1,240.4,246.6,251.8,246.5,240.3,274.6,279.5,285.2,289.2,285.8,280.2,249.0,256.3,262.5,266.1,270.0,274.7,278.7,274.9,270.3,266.1,262.1,255.9,252.0,262.1,265.9,269.8,276.5,269.8,265.9,262.1,161.6,173.1,184.4,195.3,205.6,214.7,222.3,228.1,229.5,227.4,221.2,213.3,204.2,194.1,183.2,172.0,160.6,154.4,149.4,148.0,149.2,151.9,151.2,147.9,146.4,147.2,151.4,160.7,168.4,176.0,183.8,189.2,190.6,191.7,190.3,188.7,162.4,159.3,159.3,163.0,164.5,164.7,162.2,158.0,157.8,160.4,163.0,163.3,204.9,202.3,200.6,201.6,200.3,201.7,203.7,208.8,211.1,211.7,211.5,209.6,205.1,204.4,204.6,204.0,204.1,205.3,206.0,205.7,-58.3,-57.5,-54.6,-50.1,-41.9,-29.2,-13.6,4.5,22.7,38.5,51.1,63.0,73.0,79.8,83.8,86.5,87.3,-40.4,-29.8,-15.7,-1.4,11.3,36.8,48.5,60.3,72.0,80.2,24.7,26.1,27.5,28.9,12.1,19.4,26.7,33.5,39.5,-24.6,-15.9,-5.6,2.9,-5.7,-16.0,41.1,49.5,59.3,66.7,60.3,50.6,-1.7,10.3,20.3,26.4,32.7,41.0,48.6,41.4,33.4,26.5,19.8,9.8,3.4,19.9,26.1,32.6,44.6,32.7,26.1,19.8,-45.0,-25.2,-5.5,13.7,32.0,47.9,60.7,69.9,72.2,69.4,59.8,46.6,30.5,11.9,-7.8,-28.0,-48.5,-54.9,-62.5,-64.2,-61.9,-57.4,-59.1,-65.1,-68.5,-68.1,-61.8,-43.5,-30.8,-18.3,-5.8,2.8,5.1,6.8,4.6,1.9,-41.7,-46.4,-46.5,-40.5,-37.9,-37.6,-42.3,-49.5,-50.1,-46.1,-41.4,-40.6,29.1,24.3,21.4,23.0,21.0,23.6,27.4,35.5,38.9,39.7,39.4,36.5,29.3,27.6,28.0,27.2,28.0,29.4,30.3,29.8,679.9,683.2,687.2,690.0,689.7,686.7,680.5,672.1,670.8,679.3,693.8,706.0,711.4,710.9,708.9,706.7,705.7,648.2,641.3,635.9,631.7,629.5,635.5,642.5,651.0,660.2,670.1,634.8,629.1,622.9,617.1,634.4,633.0,632.4,635.4,639.1,647.3,643.7,643.8,645.0,644.3,644.3,652.6,654.6,658.2,664.5,658.7,655.2,652.1,641.0,637.0,638.0,639.7,648.4,661.8,650.6,643.6,641.5,640.8,644.1,649.7,640.2,640.7,643.0,657.9,643.0,640.7,640.5,0.596,0.199,-0.198,0.008,263.221,184.89,-3.538,3.081,-13.578,18.13,4.041,0.077,-3.867,5.035,4.816,-2.762,-2.149,1.407,0.399,-1.774,-0.721,-0.23,-0.143,0.791,-1.33,-0.846,0.402,-0.28,0.118,-0.432,0.188,-0.049,0.096,0.013,-0.08,0.004,-0.032,-0.001,0.007,0.001,0.45,0.09,0.0,0.31,0.0,0.0,0.0,0.0,0.0,0.03,0.0,0.0,0.0,0.0,0.0,0.0,0.0,0.0,1.0,0.0,1.0,0.0,0.0,0.0,0.0,0.0,0.0,0.0,0.0,0.0,0.0,0.0,0.0,1.0,0.0
PP133,g1,1236,0,0.975,0.183373,0.171283,-0.968006,0.02574,0.174704,-0.984285,0.107,0.175,239.5,240.8,243.9,247.2,248.6,247.5,244.1,240.9,235.3,237.2,240.0,243.5,247.0,249.7,251.6,249.5,246.5,243.3,240.1,237.3,242.7,244.1,245.5,246.0,245.4,244.0,242.6,242.1,277.6,278.5,281.3,284.4,285.9,285.0,282.2,278.9,274.7,276.5,279.2,282.5,285.5,287.7,289.0,287.9,285.9,283.2,280.2,277.1,280.5,281.8,283.0,283.4,282.7,281.4,280.2,279.8,160.6,157.3,155.9,157.2,160.4,164.0,165.1,163.9,162.2,160.4,159.1,158.5,159.0,160.4,162.5,163.7,164.2,164.4,164.2,163.6,162.1,162.6,162.0,160.6,159.1,158.6,159.2,160.7,159.2,156.0,154.5,155.6,158.7,161.9,163.4,162.5,161.5,159.3,157.7,156.8,157.2,158.2,159.9,161.4,162.2,162.7,162.7,162.5,160.5,161.0,160.3,158.9,157.6,157.1,157.8,159.2,-13.7,-12.0,-7.9,-3.7,-1.9,-3.2,-7.6,-11.9,-19.3,-16.7,-13.0,-8.4,-3.8,-0.3,2.1,-0.6,-4.5,-8.7,-12.8,-16.6,-9.5,-7.7,-5.9,-5.2,-6.0,-7.8,-9.6,-10.3,37.0,38.3,42.1,46.4,48.4,47.2,43.3,38.8,33.1,35.5,39.0,43.6,47.8,51.1,53.2,51.3,48.3,44.6,40.4,36.2,40.9,42.8,44.5,45.0,44.1,42.3,40.6,40.0,-35.0,-39.3,-41.2,-39.5,-35.3,-30.6,-29.1,-30.8,-33.2,-35.5,-36.9,-37.7,-37.0,-35.3,-32.7,-31.1,-30.3,-30.0,-30.3,-31.3,-33.2,-32.4,-33.3,-35.1,-37.0,-37.7,-36.9,-35.0,-37.9,-42.3,-44.4,-43.0,-38.9,-34.5,-32.4,-33.5,-34.8,-37.7,-39.9,-41.1,-40.8,-39.7,-37.6,-35.4,-34.0,-33.3,-33.2,-33.5,-36.3,-35.7,-36.6,-38.5,-40.3,-40.9,-40.0,-38.1,509.0,509.3,509.4,509.1,508.7,508.5,508.2,508.5,513.2,510.5,508.1,506.9,507.4,508.8,510.5,508.9,507.4,507.1,508.3,510.6,509.5,509.4,509.4,509.6,509.8,509.9,509.9,509.7,523.2,524.2,525.7,526.8,526.9,525.9,524.4,523.4,523.7,522.9,522.6,523.4,526.0,529.4,532.6,529.4,526.1,523.8,522.8,523.0,525.0,525.5,526.2,526.6,526.6,526.1,525.4,525.0,22.5,-4.7,650.1,0.176,-0.155,-0.008,216.7,217.4,219.3,222.0,226.7,233.8,242.7,253.2,263.8,272.6,279.2,285.1,290.3,294.0,296.3,297.8,298.3,225.6,231.7,240.3,249.1,257.0,272.5,279.4,286.0,292.5,296.7,265.1,266.2,267.4,268.5,257.6,262.2,266.8,270.9,274.4,235.1,240.3,246.6,251.8,246.5,240.3,274.6,279.5,285.2,289.2,285.8,280.2,249.4,256.7,262.8,266.5,270.4,275.2,279.1,275.4,270.9,266.7,262.6,256.5,252.4,262.5,266.4,270.3,277.0,270.3,266.4,262.5,161.9,173.4,184.6,195.4,205.7,214.8,222.3,228.0,229.3,227.2,221.1,213.3,204.2,194.0,183.0,171.7,160.3,154.3,149.2,147.8,148.8,151.5,150.6,147.4,145.9,146.7,151.0,160.2,167.8,175.5,183.3,188.7,190.1,191.2,189.8,188.0,162.1,159.0,158.9,162.6,164.1,164.4,161.6,157.4,157.2,159.8,162.4,162.7,204.5,201.8,200.1,201.0,199.7,201.1,203.0,208.1,210.3,210.9,210.8,209.0,204.6,203.8,204.0,203.4,203.5,204.6,205.3,205.0,-58.1,-57.1,-54.0,-49.4,-41.2,-28.4,-12.7,5.5,23.7,39.3,51.9,63.5,73.5,80.1,84.1,86.7,87.4,-40.6,-30.0,-15.8,-1.5,11.3,36.7,48.4,60.2,72.0,80.3,24.6,26.2,27.7,29.3,12.4,19.8,27.2,34.0,40.0,-24.7,-16.0,-5.7,2.9,-5.7,-16.0,41.2,49.5,59.3,66.8,60.5,50.7,-1.0,11.0,20.9,27.0,33.4,41.8,49.4,42.3,34.4,27.4,20.7,10.7,4.0,20.5,26.9,33.4,45.4,33.5,26.9,20.5,-44.6,-24.7,-5.1,14.0,32.2,47.9,60.6,69.6,71.8,69.1,59.7,46.6,30.5,11.8,-8.2,-28.6,-49.3,-55.2,-63.0,-64.8,-62.7,-58.2,-60.1,-66.1,-69.5,-69.1,-62.8,-44.5,-31.7,-19.2,-6.7,2.0,4.3,6.0,3.7,0.9,-42.1,-47.0,-47.2,-41.2,-38.6,-38.2,-43.3,-50.5,-51.1,-47.1,-42.4,-41.6,28.3,23.5,20.5,22.1,20.0,22.6,26.3,34.2,37.6,38.5,38.1,35.4,28.5,26.7,27.1,26.1,26.9,28.1,29.1,28.7,680.8,683.8,687.6,690.1,689.7,686.5,680.1,671.5,670.2,678.9,693.7,706.2,711.9,711.7,709.9,707.8,706.9,649.6,642.7,637.4,633.1,630.8,636.7,643.7,652.4,661.5,671.5,635.9,630.0,623.6,617.6,634.7,633.3,632.6,635.7,639.6,648.5,645.1,645.1,646.3,645.5,645.5,653.6,655.8,659.5,665.6,659.8,656.2,652.1,641.1,637.2,638.1,639.9,648.6,661.9,650.5,643.3,641.1,640.5,643.8,649.7,640.3,640.8,643.0,658.0,642.9,640.6,640.4,0.595,0.182,-0.201,-0.0,263.447,184.485,-2.631,2.094,-13.28,18.167,3.53,1.143,-4.226,5.304,4.711,-3.362,-2.162,1.03,0.134,-1.704,-0.445,-0.483,-0.317,0.676,-1.152,-0.778,0.426,-0.147,0.001,-0.552,0.118,0.031,0.087,0.011,-0.079,-0.004,-0.035,-0.009,0.011,-0.004,0.52,0.17,0.0,0.62,0.0,0.0,0.0,0.0,0.0,0.21,0.0,0.0,0.0,0.0,0.0,0.0,0.0,0.0,1.0,0.0,1.0,0.0,0.0,0.0,0.0,0.0,0.0,0.0,0.0,0.0,0.0,0.0,0.0,1.0,0.0
PP133,g1,1241,0,0.975,0.168954,0.156196,-0.973169,0.025258,0.159417,-0.986888,0.099,0.16,239.5,240.8,243.9,247.1,248.6,247.6,244.2,241.0,235.4,237.3,240.0,243.5,247.0,249.8,251.7,249.6,246.6,243.3,240.2,237.4,242.8,244.2,245.5,246.1,245.4,244.0,242.7,242.1,277.5,278.4,281.2,284.3,285.8,285.0,282.2,278.8,274.5,276.4,279.1,282.4,285.4,287.6,288.9,287.8,285.8,283.2,280.1,276.9,280.4,281.7,282.9,283.3,282.6,281.3,280.1,279.7,160.8,157.5,156.0,157.3,160.5,164.0,165.3,164.1,162.5,160.6,159.3,158.6,159.1,160.5,162.5,163.7,164.3,164.6,164.5,163.8,162.2,162.8,162.1,160.7,159.3,158.7,159.4,160.8,159.1,155.8,154.3,155.4,158.5,161.7,163.3,162.4,161.4,159.2,157.5,156.6,157.0,158.1,159.8,161.3,162.1,162.6,162.6,162.4,160.4,160.8,160.2,158.8,157.4,156.9,157.6,159.0,-13.6,-12.0,-7.9,-3.7,-1.8,-3.1,-7.5,-11.7,-19.1,-16.6,-13.0,-8.4,-3.9,-0.3,2.2,-0.5,-4.4,-8.6,-12.7,-16.4,-9.4,-7.6,-5.8,-5.1,-5.9,-7.8,-9.6,-10.3,36.6,37.9,41.7,45.9,48.0,46.7,42.9,38.4,32.6,35.1,38.6,43.1,47.4,50.6,52.7,50.9,47.9,44.2,40.0,35.8,40.5,42.3,44.0,44.6,43.7,41.8,40.1,39.6,-34.7,-39.0,-41.0,-39.3,-35.1,-30.5,-28.9,-30.5,-32.8,-35.1,-36.7,-37.5,-36.9,-35.2,-32.6,-30.9,-30.1,-29.7,-29.9,-30.9,-32.9,-32.2,-33.1,-35.0,-36.8,-37.5,-36.7,-34.8,-37.8,-42.2,-44.3,-42.9,-38.8,-34.4,-32.3,-33.4,-34.8,-37.6,-39.8,-41.1,-40.7,-39.6,-37.5,-35.3,-33.9,-33.2,-33.1,-33.4,-36.2,-35.6,-36.5,-38.5,-40.3,-40.9,-39.9,-38.0,508.4,508.7,508.7,508.3,507.8,507.7,507.5,507.9,512.8,510.1,507.6,506.2,506.6,507.9,509.5,508.0,506.7,506.5,507.8,510.1,508.8,508.7,508.6,508.8,509.0,509.2,509.2,509.1,519.4,520.4,522.0,523.1,523.2,522.2,520.7,519.6,519.9,519.1,518.8,519.7,522.3,525.7,529.0,525.7,522.4,520.1,519.0,519.2,521.3,521.8,522.5,522.9,522.9,522.4,521.7,521.2,23.2,-3.8,646.2,0.152,-0.137,-0.034,216.8,217.8,220.2,223.5,228.8,236.4,245.3,255.5,266.0,274.8,281.2,286.8,291.4,294.6,296.6,298.0,298.1,225.5,231.5,240.1,248.8,256.7,272.4,279.1,285.8,292.2,296.3,265.2,266.4,267.6,268.8,258.1,262.7,267.3,271.4,274.9,235.3,240.3,246.6,251.8,246.6,240.3,274.5,279.4,285.1,289.1,285.7,280.1,250.6,257.6,263.5,267.2,270.9,275.5,279.5,275.9,271.5,267.4,263.4,257.5,253.6,263.4,267.1,270.8,277.2,270.9,267.1,263.4,162.8,174.8,186.7,198.0,208.6,217.7,225.0,230.2,231.0,228.5,221.9,213.6,204.2,193.8,183.0,171.9,160.6,154.9,149.5,147.8,148.8,151.4,150.5,147.3,145.8,146.6,150.9,159.9,167.7,175.4,183.3,189.1,190.4,191.5,190.0,188.1,162.4,159.2,159.0,162.6,164.3,164.7,161.5,157.3,157.1,159.7,162.3,162.6,205.6,202.6,200.7,201.6,200.2,201.7,203.8,208.9,211.1,211.8,211.7,210.1,205.7,204.4,204.6,203.9,204.3,205.2,206.0,205.8,-57.9,-56.4,-52.5,-46.8,-37.4,-23.9,-8.2,9.4,27.3,42.8,55.1,66.1,74.9,80.4,83.8,86.0,86.2,-40.7,-30.3,-16.2,-2.0,10.8,36.4,47.9,59.6,71.3,79.3,24.7,26.3,27.9,29.6,13.2,20.4,27.8,34.6,40.4,-24.3,-15.9,-5.6,3.0,-5.6,-15.9,40.8,49.2,59.0,66.3,60.1,50.4,1.0,12.3,21.9,27.9,34.0,42.1,49.6,42.8,35.1,28.4,21.9,12.3,5.9,21.8,27.9,34.1,45.5,34.2,27.9,21.8,-43.0,-22.2,-1.5,18.6,37.2,52.9,65.0,72.9,74.2,70.9,60.7,46.8,30.1,11.4,-8.1,-28.0,-48.2,-54.0,-62.3,-64.6,-62.5,-58.1,-60.1,-66.0,-69.4,-69.1,-62.6,-44.8,-31.8,-19.2,-6.5,2.6,4.7,6.4,4.0,1.0,-41.5,-46.6,-46.9,-41.0,-38.2,-37.6,-43.4,-50.6,-51.2,-47.1,-42.4,-41.7,30.1,24.7,21.3,22.9,20.8,23.4,27.5,35.3,38.6,39.6,39.4,36.9,30.1,27.6,27.8,26.8,28.1,29.0,30.2,29.9,680.7,684.3,688.2,689.9,688.3,684.0,676.7,667.6,666.1,674.8,689.3,701.1,705.7,704.4,702.3,700.2,699.7,647.7,640.8,635.3,630.9,628.4,634.5,641.7,650.1,659.2,669.1,633.4,626.8,619.8,613.3,631.0,629.3,628.3,631.4,635.4,646.0,642.7,642.6,643.5,642.8,642.9,651.0,653.3,656.9,662.9,657.1,653.5,648.2,637.2,633.3,634.3,636.2,644.5,657.2,645.9,639.3,637.0,636.3,639.4,645.5,636.4,636.8,639.3,653.2,639.2,636.7,636.4,0.598,0.16,-0.18,-0.028,263.989,185.05,-6.078,12.21,-14.042,23.478,3.308,2.241,-3.97,4.288,4.953,-5.376,-1.1,0.729,0.087,-2.156,0.111,-1.002,-0.336,0.741,-1.291,-0.537,0.317,-0.169,-0.321,-0.793,0.117,0.233,0.11,0.034,-0.113,-0.026,-0.053,-0.025,0.017,0.007,0.92,0.46,0.0,0.76,0.0,0.0,0.0,0.0,0.0,0.17,0.0,0.0,0.0,0.0,0.0,0.0,0.0,1.0,1.0,0.0,1.0,0.0,0.0,0.0,0.0,0.0,0.0,0.0,0.0,0.0,0.0,0.0,0.0,1.0,0.0
PP133,g1,1247,0,0.975,0.169102,0.157154,-0.972989,0.02553,0.160448,-0.986714,0.099,0.161,239.7,241.0,244.1,247.3,248.7,247.8,244.4,241.2,235.6,237.5,240.2,243.7,247.2,249.9,251.9,249.8,246.8,243.5,240.4,237.6,242.9,244.3,245.7,246.2,245.6,244.2,242.8,242.3,277.6,278.5,281.3,284.4,285.9,285.0,282.3,278.9,274.6,276.5,279.2,282.5,285.5,287.7,289.0,287.9,285.9,283.3,280.2,277.1,280.5,281.8,283.0,283.4,282.7,281.4,280.2,279.8,161.1,157.8,156.3,157.6,160.7,164.3,165.5,164.3,162.7,160.9,159.6,158.9,159.4,160.7,162.8,164.0,164.5,164.9,164.7,164.1,162.5,163.0,162.4,160.9,159.5,159.0,159.6,161.1,159.3,156.1,154.6,155.7,158.8,162.0,163.5,162.7,161.6,159.4,157.8,156.9,157.3,158.3,160.1,161.5,162.4,162.8,162.8,162.6,160.6,161.1,160.4,159.0,157.7,157.2,157.9,159.3,-13.4,-11.8,-7.7,-3.5,-1.6,-2.9,-7.3,-11.5,-18.9,-16.4,-12.8,-8.2,-3.7,-0.1,2.4,-0.3,-4.2,-8.4,-12.5,-16.2,-9.2,-7.4,-5.6,-4.9,-5.7,-7.6,-9.4,-10.1,36.9,38.1,42.0,46.2,48.3,47.0,43.1,38.6,32.9,35.4,38.9,43.4,47.7,50.9,53.0,51.1,48.1,44.4,40.3,36.1,40.8,42.6,44.3,44.9,44.0,42.1,40.4,39.9,-34.5,-38.8,-40.8,-39.1,-34.9,-30.3,-28.7,-30.3,-32.6,-34.9,-36.4,-37.3,-36.6,-34.9,-32.4,-30.7,-29.9,-29.5,-29.7,-30.7,-32.7,-32.0,-32.8,-34.7,-36.6,-37.3,-36.5,-34.6,-37.6,-42.0,-44.1,-42.7,-38.6,-34.2,-32.1,-33.2,-34.5,-37.4,-39.6,-40.8,-40.5,-39.4,-37.3,-35.1,-33.7,-33.0,-32.9,-33.2,-36.0,-35.4,-36.3,-38.2,-40.0,-40.6,-39.7,-37.8,510.4,510.8,510.7,510.3,509.8,509.7,509.5,509.9,514.8,512.1,509.6,508.3,508.7,510.0,511.5,510.1,508.7,508.5,509.8,512.1,510.8,510.7,510.7,510.8,511.0,511.2,511.2,511.1,521.3,522.3,523.8,525.0,525.1,524.1,522.5,521.5,521.8,521.0,520.7,521.6,524.2,527.6,530.8,527.6,524.3,521.9,520.9,521.1,523.2,523.7,524.3,524.8,524.7,524.2,523.6,523.1,23.5,-3.5,647.6,0.153,-0.137,-0.034,216.9,218.0,220.3,223.6,228.9,236.4,245.3,255.6,266.1,275.0,281.4,287.0,291.6,294.7,296.7,298.0,298.2,225.7,231.8,240.3,249.0,256.9,272.5,279.2,285.9,292.3,296.3,265.3,266.5,267.7,268.9,258.3,262.8,267.4,271.5,275.0,235.5,240.5,246.7,252.0,246.8,240.5,274.6,279.5,285.2,289.2,285.8,280.2,250.7,257.7,263.6,267.3,271.0,275.7,279.7,276.1,271.7,267.6,263.6,257.6,253.7,263.5,267.2,271.0,277.4,271.1,267.3,263.5,163.0,175.0,186.8,198.1,208.7,217.7,225.1,230.2,231.1,228.6,222.0,213.6,204.2,193.9,183.1,172.0,160.8,155.1,149.8,148.1,149.1,151.7,150.9,147.7,146.1,146.9,151.2,160.2,167.9,175.7,183.6,189.3,190.6,191.7,190.2,188.3,162.7,159.5,159.3,162.9,164.5,164.9,161.7,157.6,157.4,160.0,162.5,162.8,205.8,202.7,200.8,201.7,200.4,201.8,203.9,208.9,211.1,211.9,211.8,210.2,205.8,204.5,204.7,204.0,204.4,205.3,206.1,205.9,-57.7,-56.2,-52.3,-46.7,-37.3,-23.9,-8.1,9.6,27.6,43.2,55.5,66.6,75.3,80.8,84.1,86.3,86.4,-40.3,-30.0,-15.8,-1.7,11.1,36.6,48.1,59.8,71.5,79.5,24.9,26.5,28.2,29.8,13.4,20.7,28.1,34.8,40.7,-24.0,-15.6,-5.4,3.3,-5.3,-15.6,41.1,49.4,59.2,66.6,60.4,50.6,1.2,12.6,22.1,28.1,34.3,42.5,50.0,43.2,35.5,28.7,22.1,12.5,6.1,22.0,28.2,34.5,45.9,34.6,28.2,22.0,-42.8,-22.0,-1.3,18.7,37.4,53.0,65.2,73.2,74.4,71.1,60.9,47.0,30.3,11.6,-7.9,-27.8,-47.9,-53.7,-62.0,-64.2,-62.1,-57.6,-59.7,-65.6,-69.0,-68.7,-62.3,-44.4,-31.4,-18.8,-6.1,2.9,5.0,6.7,4.3,1.4,-41.1,-46.2,-46.5,-40.7,-37.9,-37.3,-43.0,-50.2,-50.8,-46.8,-42.1,-41.4,30.4,24.9,21.6,23.1,21.0,23.6,27.7,35.5,38.8,39.8,39.6,37.2,30.3,27.8,28.1,27.1,28.4,29.2,30.4,30.1,682.0,685.6,689.5,691.4,689.8,685.5,678.2,669.0,667.5,676.3,690.9,702.7,707.4,706.0,703.8,701.6,701.0,648.8,642.0,636.6,632.2,629.8,635.8,642.9,651.4,660.4,670.3,634.7,628.2,621.2,614.8,632.5,630.8,629.8,632.9,636.9,647.2,643.9,643.8,644.8,644.1,644.2,652.4,654.6,658.2,664.2,658.4,654.8,649.5,638.4,634.7,635.6,637.5,645.8,658.6,647.3,640.7,638.3,637.6,640.6,646.9,637.7,638.2,640.7,654.6,640.6,638.0,637.7,0.597,0.162,-0.18,-0.027,264.125,185.224,-5.656,12.141,-14.147,22.839,2.559,2.129,-3.986,4.477,4.752,-5.267,-0.991,0.608,0.01,-1.95,0.146,-1.003,-0.368,0.723,-1.157,-0.64,0.337,-0.036,-0.343,-0.866,0.188,0.218,0.106,0.036,-0.111,-0.028,-0.053,-0.023,0.014,0.008,0.52,0.42,0.0,0.76,0.0,0.0,0.0,0.0,0.0,0.4,0.0,0.0,0.0,0.0,0.0,0.0,0.0,0.0,1.0,0.0,1.0,0.0,0.0,0.0,0.0,0.0,0.0,0.0,0.0,0.0,0.0,0.0,0.0,1.0,0.0
PP133,g1,1253,0,0.975,0.179641,0.178525,-0.967398,0.024896,0.180806,-0.983204,0.104,0.182,239.7,241.0,244.2,247.4,248.7,247.7,244.3,241.1,235.5,237.4,240.2,243.7,247.2,249.9,251.8,249.7,246.7,243.5,240.3,237.5,242.9,244.3,245.7,246.2,245.6,244.2,242.8,242.3,277.8,278.7,281.5,284.5,286.1,285.2,282.4,279.1,274.8,276.7,279.3,282.6,285.7,287.8,289.2,288.0,286.0,283.4,280.3,277.2,280.6,281.9,283.1,283.5,282.9,281.5,280.3,279.9,161.1,157.8,156.4,157.7,160.9,164.5,165.7,164.4,162.7,160.8,159.6,159.0,159.5,161.0,163.0,164.2,164.7,165.0,164.8,164.1,162.6,163.1,162.5,161.1,159.7,159.1,159.7,161.2,159.7,156.5,155.0,156.1,159.1,162.4,163.9,163.1,162.0,159.8,158.2,157.3,157.7,158.7,160.4,161.9,162.8,163.2,163.2,163.0,161.0,161.5,160.8,159.4,158.1,157.6,158.2,159.7,-13.4,-11.8,-7.6,-3.4,-1.6,-3.0,-7.4,-11.6,-19.0,-16.4,-12.7,-8.2,-3.6,-0.1,2.4,-0.4,-4.3,-8.5,-12.6,-16.3,-9.3,-7.5,-5.6,-4.9,-5.7,-7.5,-9.4,-10.1,37.0,38.3,42.1,46.3,48.4,47.1,43.3,38.8,33.0,35.5,39.0,43.5,47.8,51.0,53.1,51.2,48.2,44.5,40.3,36.2,40.9,42.7,44.4,45.0,44.1,42.2,40.6,40.0,-34.3,-38.7,-40.5,-38.8,-34.6,-29.9,-28.4,-30.1,-32.6,-34.8,-36.3,-37.0,-36.3,-34.6,-32.0,-30.3,-29.6,-29.2,-29.6,-30.6,-32.5,-31.8,-32.6,-34.4,-36.3,-37.0,-36.2,-34.4,-37.0,-41.4,-43.6,-42.2,-38.1,-33.7,-31.5,-32.6,-34.0,-36.9,-39.1,-40.3,-40.0,-38.9,-36.8,-34.5,-33.1,-32.4,-32.3,-32.6,-35.5,-34.8,-35.8,-37.7,-39.5,-40.1,-39.2,-37.2,508.7,509.0,509.0,508.7,508.3,508.2,507.9,508.2,512.9,510.3,507.8,506.6,507.1,508.4,510.1,508.5,507.1,506.9,508.0,510.3,509.2,509.0,509.0,509.2,509.4,509.5,509.5,509.4,520.6,521.6,523.1,524.3,524.5,523.5,522.0,521.0,521.2,520.3,520.0,520.9,523.5,526.9,530.2,527.0,523.7,521.4,520.3,520.6,522.6,523.1,523.7,524.1,524.1,523.6,522.9,522.5,22.9,-3.8,651.4,0.19,-0.145,-0.017,216.6,217.5,219.6,222.6,227.6,235.1,244.0,254.3,264.7,273.5,280.0,285.8,290.8,294.2,296.4,297.9,298.2,225.7,231.9,240.5,249.2,257.2,272.8,279.6,286.2,292.6,296.6,265.5,266.5,267.6,268.7,257.9,262.4,266.9,271.0,274.5,235.4,240.5,246.8,252.0,246.7,240.4,274.7,279.6,285.3,289.3,285.9,280.3,249.6,256.8,262.9,266.6,270.4,275.0,279.0,275.2,270.7,266.6,262.6,256.5,252.6,262.7,266.4,270.3,276.8,270.3,266.4,262.6,162.3,174.0,185.5,196.7,207.1,216.0,223.3,228.6,229.6,227.2,220.6,212.5,203.3,193.2,182.6,171.7,160.6,154.8,149.8,148.3,149.4,152.1,151.3,148.1,146.5,147.2,151.4,160.7,168.5,176.2,184.1,189.5,190.8,191.9,190.5,188.7,162.6,159.5,159.4,163.1,164.7,165.0,162.1,157.9,157.7,160.3,162.9,163.3,205.2,202.5,200.8,201.7,200.4,201.8,203.7,208.8,211.1,211.8,211.7,209.9,205.3,204.5,204.7,204.1,204.2,205.3,206.1,205.9,-58.4,-57.2,-53.9,-48.7,-39.7,-26.3,-10.4,7.4,25.3,40.9,53.4,64.9,74.3,80.4,84.1,86.6,87.1,-40.4,-29.8,-15.5,-1.3,11.6,37.2,48.8,60.5,72.2,80.3,25.2,26.6,28.1,29.6,12.8,20.1,27.5,34.3,40.2,-24.3,-15.7,-5.3,3.2,-5.4,-15.8,41.4,49.8,59.7,67.1,60.7,50.9,-0.6,11.2,21.1,27.2,33.4,41.7,49.3,42.2,34.2,27.4,20.7,10.8,4.3,20.8,27.1,33.5,45.2,33.5,27.1,20.7,-44.2,-23.7,-3.5,16.3,34.8,50.4,62.7,71.0,72.5,69.2,58.9,45.2,28.8,10.5,-8.8,-28.5,-48.5,-54.4,-62.1,-64.1,-61.8,-57.2,-59.1,-65.1,-68.6,-68.3,-62.2,-43.6,-30.7,-18.1,-5.4,3.2,5.4,7.1,4.8,2.0,-41.4,-46.3,-46.4,-40.4,-37.7,-37.3,-42.5,-49.7,-50.3,-46.4,-41.6,-40.8,29.6,24.8,21.7,23.3,21.2,23.8,27.5,35.6,39.1,40.1,39.8,37.0,29.8,28.0,28.3,27.3,28.2,29.5,30.6,30.2,683.4,687.3,691.5,694.0,693.1,689.6,682.8,674.2,672.8,681.4,695.7,707.2,711.7,710.5,708.3,706.2,705.4,650.2,643.2,637.8,633.4,631.0,637.3,644.5,653.0,662.2,672.3,636.6,630.7,624.3,618.5,635.9,634.5,633.8,636.8,640.5,649.1,645.6,645.6,646.7,646.0,646.1,654.5,656.6,660.2,666.5,660.7,657.1,654.1,643.0,638.9,639.9,641.7,650.4,663.6,652.5,645.7,643.4,642.7,645.9,651.6,642.2,642.7,645.1,659.6,645.1,642.7,642.4,0.594,0.196,-0.188,-0.009,263.662,185.039,-4.867,9.63,-13.428,19.334,5.723,0.907,-4.7,4.021,4.42,-3.456,-0.686,1.034,0.629,-1.804,-0.533,-0.39,-0.164,0.837,-1.183,-0.658,0.466,-0.351,-0.206,-0.649,0.155,0.015,0.101,0.047,-0.105,-0.014,-0.039,-0.003,0.012,0.008,0.75,0.26,0.0,0.43,0.0,0.0,0.0,0.0,0.0,0.17,0.0,0.0,0.0,0.0,0.0,0.0,0.0,0.0,1.0,0.0,1.0,0.0,0.0,0.0,0.0,0.0,0.0,0.0,0.0,0.0,0.0,0.0,0.0,1.0,0.0
PP133,g1,1259,0,0.975,0.184149,0.172814,-0.967587,0.027379,0.17578,-0.984049,0.108,0.177,239.5,240.7,243.9,247.2,248.5,247.5,244.1,240.9,235.2,237.2,240.0,243.5,247.0,249.7,251.6,249.5,246.5,243.3,240.1,237.3,242.7,244.1,245.5,246.0,245.4,244.0,242.6,242.0,277.6,278.5,281.3,284.3,285.9,285.0,282.2,278.9,274.6,276.5,279.2,282.5,285.5,287.7,289.0,287.8,285.8,283.2,280.2,277.0,280.4,281.8,283.0,283.4,282.7,281.4,280.1,279.8,161.0,157.7,156.2,157.5,160.8,164.3,165.5,164.2,162.5,160.7,159.5,158.8,159.4,160.8,162.8,164.0,164.5,164.8,164.6,163.9,162.4,163.0,162.4,160.9,159.5,158.9,159.6,161.0,159.6,156.4,154.9,156.0,159.0,162.3,163.8,162.9,161.9,159.7,158.0,157.2,157.5,158.6,160.3,161.8,162.6,163.1,163.1,162.9,160.9,161.4,160.7,159.3,158.0,157.5,158.1,159.5,-13.7,-12.0,-7.9,-3.7,-1.9,-3.2,-7.7,-11.9,-19.3,-16.7,-13.0,-8.4,-3.8,-0.3,2.1,-0.6,-4.5,-8.7,-12.9,-16.6,-9.6,-7.7,-5.9,-5.2,-6.0,-7.8,-9.6,-10.3,36.9,38.1,42.0,46.2,48.3,47.0,43.1,38.6,32.9,35.4,38.9,43.4,47.6,50.9,53.0,51.1,48.1,44.4,40.2,36.1,40.8,42.6,44.3,44.9,43.9,42.1,40.4,39.9,-34.4,-38.8,-40.6,-38.9,-34.7,-30.1,-28.5,-30.2,-32.7,-34.9,-36.4,-37.1,-36.4,-34.7,-32.1,-30.5,-29.7,-29.4,-29.7,-30.7,-32.6,-31.9,-32.7,-34.6,-36.4,-37.2,-36.4,-34.5,-37.2,-41.6,-43.8,-42.4,-38.3,-33.9,-31.8,-32.8,-34.2,-37.1,-39.3,-40.5,-40.2,-39.1,-37.0,-34.7,-33.4,-32.6,-32.5,-32.8,-35.7,-35.1,-36.0,-37.9,-39.7,-40.3,-39.4,-37.5,507.4,507.8,507.8,507.5,507.0,506.9,506.6,506.9,511.6,509.0,506.5,505.3,505.8,507.2,508.9,507.3,505.8,505.5,506.7,509.0,507.9,507.7,507.8,507.9,508.2,508.3,508.3,508.1,521.5,522.5,524.0,525.2,525.3,524.3,522.8,521.8,522.0,521.2,520.9,521.8,524.4,527.8,531.0,527.8,524.5,522.2,521.1,521.4,523.4,523.9,524.6,525.0,524.9,524.4,523.8,523.3,22.3,-4.0,649.7,0.182,-0.157,-0.006,216.6,217.3,219.2,221.9,226.6,233.7,242.5,253.0,263.6,272.4,278.9,284.9,290.1,293.8,296.1,297.7,298.2,225.6,231.8,240.4,249.1,257.0,272.5,279.3,286.0,292.5,296.7,265.1,266.2,267.4,268.5,257.6,262.2,266.7,270.8,274.4,235.1,240.3,246.6,251.8,246.5,240.3,274.6,279.5,285.1,289.2,285.8,280.2,249.3,256.7,262.8,266.5,270.3,275.0,279.0,275.3,270.8,266.6,262.5,256.4,252.4,262.5,266.3,270.2,276.8,270.2,266.3,262.4,162.1,173.6,184.8,195.6,205.9,215.0,222.6,228.4,229.8,227.7,221.6,213.7,204.6,194.4,183.4,172.1,160.6,154.7,149.7,148.3,149.4,152.1,151.2,148.0,146.4,147.2,151.5,160.7,168.4,176.0,183.9,189.2,190.6,191.7,190.3,188.6,162.5,159.4,159.3,163.0,164.5,164.8,162.0,157.8,157.6,160.2,162.8,163.1,204.9,202.3,200.6,201.5,200.3,201.6,203.5,208.6,210.9,211.5,211.3,209.5,205.1,204.3,204.5,203.9,204.0,205.2,205.8,205.5,-58.1,-57.1,-54.1,-49.5,-41.4,-28.7,-13.0,5.1,23.3,38.9,51.4,63.0,73.0,79.8,83.8,86.4,87.2,-40.5,-29.9,-15.7,-1.4,11.3,36.6,48.3,60.1,71.9,80.2,24.6,26.1,27.7,29.2,12.4,19.7,27.1,33.9,39.9,-24.7,-16.0,-5.7,2.9,-5.7,-16.1,41.1,49.4,59.3,66.7,60.4,50.6,-1.1,10.9,20.8,26.9,33.3,41.6,49.1,42.1,34.2,27.2,20.5,10.6,4.0,20.4,26.7,33.2,45.2,33.3,26.8,20.4,-44.2,-24.4,-4.8,14.3,32.5,48.3,61.1,70.3,72.5,69.9,60.5,47.4,31.2,12.5,-7.5,-28.0,-48.7,-54.5,-62.1,-63.9,-61.7,-57.1,-59.0,-65.1,-68.6,-68.2,-61.9,-43.6,-30.8,-18.4,-5.8,2.8,5.1,6.8,4.5,1.7,-41.5,-46.4,-46.5,-40.5,-38.0,-37.5,-42.6,-49.8,-50.4,-46.4,-41.7,-40.9,29.1,24.3,21.3,22.9,20.9,23.4,27.1,35.1,38.5,39.4,39.0,36.3,29.2,27.5,27.9,27.0,27.7,29.0,30.0,29.6,679.9,683.0,686.8,689.5,689.3,686.3,680.1,671.6,670.3,678.9,693.7,706.2,712.0,711.8,709.9,707.6,706.5,648.7,641.8,636.5,632.2,630.1,636.0,643.0,651.6,660.8,670.9,635.2,629.3,622.9,617.0,634.2,632.8,632.1,635.3,639.1,647.8,644.3,644.4,645.6,644.8,644.8,653.0,655.1,658.9,665.1,659.3,655.6,651.9,640.8,636.9,637.8,639.6,648.3,661.7,650.3,643.2,641.0,640.4,643.6,649.4,640.0,640.5,642.8,657.7,642.7,640.4,640.2,0.596,0.189,-0.204,0.003,263.376,184.93,-2.373,1.636,-13.101,18.744,3.322,1.202,-3.79,5.422,5.114,-3.648,-1.91,1.157,0.105,-1.803,-0.509,-0.48,-0.129,0.701,-1.091,-0.713,0.338,-0.1,-0.039,-0.436,0.238,0.015,0.117,0.0,-0.081,-0.003,-0.034,-0.007,0.008,0.0,0.41,0.1,0.0,0.52,0.0,0.0,0.0,0.0,0.0,0.0,0.0,0.0,0.0,0.0,0.0,0.0,0.0,0.0,1.0,0.0,1.0,0.0,0.0,0.0,0.0,0.0,0.0,0.0,0.0,0.0,0.0,0.0,0.0,1.0,0.0
PP133,g1,1265,0,0.975,0.169789,0.160909,-0.972255,0.025226,0.164184,-0.986107,0.099,0.165,239.5,240.7,243.9,247.1,248.5,247.5,244.1,240.9,235.4,237.2,240.0,243.4,247.0,249.7,251.6,249.5,246.5,243.3,240.1,237.4,242.7,244.1,245.5,246.0,245.4,244.0,242.6,242.1,277.4,278.3,281.1,284.1,285.7,284.8,282.0,278.7,274.4,276.3,278.9,282.3,285.3,287.5,288.8,287.7,285.7,283.0,280.0,276.8,280.2,281.6,282.8,283.2,282.5,281.1,279.9,279.5,161.5,158.2,156.7,157.9,161.1,164.7,165.9,164.7,163.1,161.2,159.9,159.2,159.7,161.1,163.1,164.4,164.9,165.3,165.1,164.4,162.8,163.4,162.7,161.3,159.9,159.4,160.0,161.4,159.7,156.4,154.9,156.0,159.1,162.3,163.9,163.0,162.0,159.8,158.1,157.3,157.6,158.7,160.4,161.9,162.7,163.2,163.2,163.0,161.0,161.4,160.8,159.4,158.0,157.5,158.2,159.6,-13.7,-12.1,-8.0,-3.8,-1.9,-3.2,-7.6,-11.8,-19.2,-16.7,-13.0,-8.5,-3.9,-0.4,2.1,-0.6,-4.5,-8.7,-12.8,-16.5,-9.5,-7.7,-5.9,-5.2,-6.0,-7.9,-9.7,-10.4,36.4,37.7,41.5,45.7,47.8,46.6,42.7,38.2,32.5,34.9,38.5,43.0,47.2,50.4,52.6,50.7,47.7,44.0,39.8,35.7,40.3,42.2,43.9,44.4,43.5,41.7,40.0,39.4,-33.9,-38.3,-40.2,-38.6,-34.3,-29.7,-28.1,-29.7,-32.1,-34.4,-35.9,-36.7,-36.1,-34.4,-31.8,-30.1,-29.3,-28.9,-29.2,-30.2,-32.2,-31.4,-32.3,-34.2,-36.0,-36.7,-35.9,-34.0,-37.0,-41.4,-43.5,-42.2,-38.0,-33.6,-31.5,-32.6,-33.9,-36.8,-39.0,-40.3,-40.0,-38.8,-36.7,-34.5,-33.2,-32.4,-32.3,-32.6,-35.4,-34.8,-35.7,-37.7,-39.5,-40.1,-39.1,-37.2,509.1,509.4,509.4,509.0,508.5,508.4,508.2,508.6,513.5,510.8,508.2,506.9,507.3,508.6,510.2,508.7,507.3,507.2,508.4,510.8,509.5,509.3,509.3,509.5,509.7,509.8,509.9,509.7,519.5,520.5,522.0,523.2,523.3,522.3,520.8,519.7,520.0,519.1,518.9,519.8,522.4,525.8,529.0,525.8,522.5,520.1,519.1,519.3,521.4,521.9,522.6,523.0,522.9,522.4,521.7,521.3,23.0,-2.9,648.0,0.162,-0.137,-0.033,216.7,217.7,220.1,223.3,228.6,236.1,245.0,255.3,265.8,274.6,281.0,286.6,291.3,294.4,296.4,297.8,297.9,225.5,231.6,240.1,248.7,256.6,272.3,279.0,285.6,292.1,296.2,265.1,266.2,267.5,268.7,258.0,262.5,267.1,271.2,274.7,235.2,240.3,246.5,251.8,246.5,240.3,274.3,279.3,284.9,289.0,285.6,280.0,250.3,257.3,263.3,266.9,270.7,275.4,279.4,275.7,271.3,267.2,263.2,257.2,253.3,263.1,266.9,270.7,277.1,270.7,266.9,263.1,163.2,175.2,186.9,198.2,208.8,217.9,225.2,230.4,231.3,228.8,222.1,213.8,204.4,194.1,183.3,172.2,160.9,155.5,150.2,148.6,149.6,152.3,151.3,148.1,146.5,147.2,151.5,160.6,168.4,176.2,184.2,189.8,191.1,192.1,190.7,188.8,163.0,159.8,159.6,163.3,164.9,165.3,162.1,157.9,157.7,160.3,162.9,163.2,206.1,203.1,201.2,202.1,200.8,202.2,204.3,209.4,211.6,212.3,212.2,210.6,206.2,205.0,205.1,204.4,204.8,205.8,206.6,206.4,-58.2,-56.7,-52.9,-47.2,-37.9,-24.4,-8.6,9.1,27.0,42.6,54.9,65.9,74.8,80.3,83.7,85.9,86.0,-40.7,-30.2,-16.1,-2.0,10.7,36.3,47.7,59.4,71.1,79.2,24.6,26.1,27.8,29.4,12.9,20.2,27.6,34.4,40.3,-24.4,-16.0,-5.7,2.9,-5.7,-16.0,40.7,49.0,58.9,66.2,60.0,50.2,0.5,11.9,21.6,27.6,33.8,42.0,49.5,42.7,34.9,28.1,21.5,11.8,5.4,21.5,27.6,33.9,45.4,34.0,27.7,21.4,-42.4,-21.6,-1.0,19.0,37.7,53.4,65.6,73.6,74.9,71.5,61.3,47.3,30.6,11.9,-7.6,-27.5,-47.7,-53.2,-61.2,-63.4,-61.3,-56.8,-58.8,-64.8,-68.3,-68.1,-61.8,-43.7,-30.7,-18.0,-5.2,3.7,5.8,7.5,5.1,2.1,-40.6,-45.7,-45.9,-40.0,-37.3,-36.7,-42.4,-49.6,-50.3,-46.2,-41.5,-40.7,30.9,25.6,22.3,23.8,21.7,24.3,28.3,36.3,39.6,40.6,40.4,37.9,30.9,28.5,28.8,27.8,29.0,30.0,31.2,30.8,682.0,685.7,689.8,691.8,690.4,686.2,679.1,669.9,668.4,677.1,691.6,703.3,707.9,706.4,704.1,701.7,700.9,648.6,641.8,636.4,632.0,629.6,635.6,642.7,651.1,660.1,670.0,634.6,628.2,621.4,615.1,632.9,631.2,630.2,633.3,637.2,647.2,643.9,643.8,644.7,644.0,644.2,652.3,654.5,658.0,664.1,658.3,654.8,650.3,639.2,635.3,636.3,638.1,646.5,659.3,648.0,641.4,639.1,638.5,641.5,647.7,638.4,638.8,641.3,655.3,641.2,638.7,638.5,0.597,0.172,-0.18,-0.026,263.835,185.579,-6.078,11.941,-13.852,22.567,2.963,2.339,-3.975,4.374,4.729,-5.27,-0.732,0.658,0.098,-1.991,-0.014,-0.765,-0.058,0.907,-1.177,-0.682,0.227,-0.119,-0.33,-0.72,0.121,0.191,0.107,0.033,-0.102,-0.021,-0.04,-0.026,0.01,0.006,0.64,0.2,0.0,0.69,0.0,0.0,0.0,0.0,0.0,0.33,0.0,0.0,0.0,0.0,0.0,0.0,0.0,0.0,1.0,0.0,1.0,0.0,0.0,0.0,0.0,0.0,0.0,0.0,0.0,0.0,0.0,0.0,0.0,1.0,0.0
PP133,g1,1271,0,0.975,0.174544,0.166243,-0.970514,0.028381,0.169149,-0.985182,0.103,0.17,240.0,241.2,244.3,247.6,249.0,248.0,244.6,241.4,235.8,237.7,240.5,243.9,247.4,250.2,252.1,250.0,247.0,243.7,240.6,237.8,243.1,244.6,245.9,246.5,245.9,244.4,243.1,242.5,277.9,278.7,281.5,284.6,286.1,285.3,282.5,279.2,274.9,276.8,279.4,282.7,285.7,287.9,289.2,288.1,286.1,283.5,280.4,277.3,280.7,282.0,283.2,283.6,282.9,281.6,280.4,280.0,161.6,158.3,156.9,158.1,161.3,164.9,166.1,164.8,163.2,161.3,160.1,159.4,159.9,161.3,163.3,164.6,165.1,165.4,165.2,164.6,163.0,163.6,162.9,161.5,160.1,159.5,160.2,161.6,159.9,156.7,155.2,156.3,159.3,162.6,164.1,163.3,162.2,160.0,158.4,157.5,157.9,158.9,160.6,162.1,163.0,163.4,163.4,163.2,161.2,161.7,161.0,159.6,158.3,157.8,158.4,159.9,-13.1,-11.5,-7.4,-3.2,-1.3,-2.6,-7.0,-11.2,-18.7,-16.1,-12.4,-7.9,-3.3,0.2,2.7,-0.0,-3.9,-8.1,-12.2,-15.9,-9.0,-7.1,-5.3,-4.6,-5.4,-7.3,-9.1,-9.8,37.2,38.4,42.3,46.5,48.6,47.3,43.4,38.9,33.2,35.7,39.2,43.7,47.9,51.2,53.3,51.4,48.4,44.7,40.5,36.4,41.1,42.9,44.6,45.1,44.2,42.4,40.7,40.2,-33.8,-38.1,-40.0,-38.4,-34.1,-29.5,-27.9,-29.6,-32.0,-34.2,-35.7,-36.5,-35.9,-34.2,-31.6,-29.9,-29.1,-28.7,-29.0,-30.0,-32.0,-31.3,-32.1,-34.0,-35.8,-36.6,-35.7,-33.8,-36.8,-41.2,-43.3,-41.9,-37.8,-33.4,-31.3,-32.4,-33.7,-36.6,-38.8,-40.0,-39.7,-38.6,-36.5,-34.3,-32.9,-32.2,-32.1,-32.4,-35.2,-34.6,-35.5,-37.5,-39.2,-39.9,-38.9,-37.0,509.7,510.0,510.0,509.7,509.2,509.1,508.8,509.2,514.0,511.3,508.8,507.5,508.0,509.3,510.9,509.4,508.0,507.8,509.1,511.4,510.1,510.0,510.0,510.1,510.3,510.5,510.5,510.3,521.0,522.0,523.5,524.7,524.9,523.9,522.4,521.3,521.5,520.7,520.4,521.4,523.9,527.4,530.6,527.4,524.1,521.7,520.7,520.9,522.9,523.5,524.1,524.6,524.5,524.0,523.3,522.9,23.6,-2.8,648.1,0.168,-0.143,-0.029,216.9,217.9,220.2,223.4,228.6,236.1,245.1,255.4,265.9,274.7,281.1,286.7,291.4,294.6,296.7,298.1,298.2,225.9,232.1,240.7,249.4,257.3,272.8,279.5,286.1,292.6,296.6,265.6,266.8,268.0,269.2,258.4,262.9,267.5,271.6,275.1,235.7,240.8,247.0,252.2,247.0,240.7,274.8,279.7,285.4,289.4,286.0,280.4,250.6,257.7,263.6,267.3,271.1,275.7,279.7,276.1,271.6,267.5,263.5,257.5,253.5,263.5,267.2,271.1,277.4,271.1,267.3,263.4,163.1,175.1,186.8,198.1,208.7,217.7,225.1,230.3,231.2,228.7,222.0,213.7,204.3,194.0,183.2,172.1,160.9,155.5,150.3,148.7,149.8,152.4,151.5,148.3,146.7,147.4,151.7,160.8,168.6,176.4,184.3,189.9,191.2,192.3,190.8,189.0,163.1,160.0,159.8,163.4,165.1,165.4,162.3,158.1,157.9,160.5,163.1,163.4,206.1,203.2,201.4,202.3,201.0,202.3,204.4,209.4,211.6,212.3,212.2,210.6,206.2,205.1,205.2,204.6,204.9,205.8,206.6,206.4,-57.7,-56.3,-52.6,-47.1,-37.8,-24.4,-8.5,9.3,27.2,42.8,55.0,66.1,75.1,80.8,84.2,86.4,86.7,-39.9,-29.4,-15.2,-1.0,11.8,37.1,48.5,60.2,71.9,80.0,25.4,27.0,28.6,30.2,13.6,20.9,28.3,35.1,41.0,-23.7,-15.2,-5.0,3.7,-5.0,-15.3,41.4,49.8,59.6,67.0,60.7,51.0,1.0,12.5,22.2,28.2,34.5,42.6,50.1,43.3,35.5,28.7,22.1,12.3,5.9,22.0,28.2,34.6,46.0,34.7,28.3,22.0,-42.5,-21.8,-1.2,18.8,37.4,53.1,65.4,73.4,74.8,71.4,61.2,47.2,30.5,11.8,-7.7,-27.6,-47.8,-53.0,-61.1,-63.2,-61.0,-56.5,-58.5,-64.5,-68.0,-67.7,-61.4,-43.3,-30.3,-17.7,-5.0,3.9,6.0,7.7,5.4,2.4,-40.3,-45.3,-45.6,-39.7,-37.0,-36.4,-42.0,-49.2,-49.8,-45.8,-41.1,-40.4,31.0,25.8,22.6,24.1,22.0,24.6,28.5,36.3,39.6,40.6,40.4,37.9,31.0,28.8,29.0,28.0,29.1,30.1,31.2,30.9,681.4,685.2,689.3,691.4,690.1,686.2,679.1,670.2,668.8,677.6,692.2,703.9,708.5,707.2,704.9,702.6,701.8,648.2,641.3,635.9,631.6,629.3,635.4,642.6,651.1,660.3,670.4,634.5,628.2,621.4,615.2,632.9,631.2,630.4,633.5,637.4,646.8,643.5,643.5,644.5,643.7,643.8,652.3,654.5,658.1,664.3,658.4,654.8,650.3,639.3,635.4,636.5,638.4,646.8,659.8,648.4,641.6,639.3,638.6,641.6,647.7,638.5,639.0,641.6,655.7,641.4,638.8,638.5,0.597,0.177,-0.187,-0.021,264.187,185.661,-4.924,11.529,-13.845,21.928,3.226,2.254,-4.139,3.84,4.456,-4.966,-0.865,0.662,-0.003,-1.888,-0.279,-0.684,-0.307,0.672,-1.218,-0.781,0.266,-0.07,-0.322,-0.786,0.151,0.147,0.099,0.041,-0.107,-0.022,-0.036,-0.02,0.016,0.008,0.7,0.32,0.0,0.48,0.0,0.0,0.0,0.0,0.0,0.39,0.0,0.0,0.0,0.0,0.0,0.0,0.0,1.0,1.0,0.0,1.0,0.0,0.0,0.0,0.0,0.0,0.0,0.0,0.0,0.0,0.0,0.0,0.0,1.0,0.0
PP133,g1,1277,0,0.975,0.179534,0.177944,-0.967524,0.027468,0.179034,-0.983459,0.106,0.181,240.3,241.6,244.8,248.0,249.4,248.3,244.9,241.6,236.0,238.0,240.8,244.3,247.8,250.5,252.4,250.3,247.3,244.0,240.9,238.1,243.4,244.9,246.3,246.8,246.2,244.8,243.4,242.9,278.5,279.4,282.2,285.3,286.8,285.8,283.0,279.7,275.4,277.4,280.0,283.4,286.4,288.5,289.8,288.7,286.7,284.0,281.0,277.8,281.3,282.6,283.8,284.2,283.6,282.2,281.0,280.6,161.3,158.0,156.6,157.9,161.2,164.7,165.9,164.6,162.8,161.0,159.8,159.2,159.8,161.2,163.3,164.5,165.0,165.2,165.0,164.2,162.8,163.4,162.8,161.3,159.9,159.3,159.9,161.4,160.3,157.0,155.6,156.7,159.8,163.0,164.5,163.6,162.6,160.4,158.7,157.9,158.3,159.4,161.1,162.6,163.4,163.8,163.8,163.6,161.6,162.1,161.4,160.0,158.7,158.2,158.8,160.2,-12.6,-10.9,-6.8,-2.6,-0.8,-2.2,-6.7,-10.9,-18.3,-15.7,-11.9,-7.4,-2.8,0.7,3.2,0.4,-3.5,-7.7,-11.9,-15.5,-8.5,-6.7,-4.9,-4.1,-4.9,-6.7,-8.6,-9.3,37.9,39.2,43.1,47.2,49.3,48.0,44.1,39.6,33.9,36.4,39.9,44.4,48.7,51.9,54.0,52.1,49.1,45.4,41.2,37.0,41.8,43.6,45.3,45.9,45.0,43.1,41.4,40.9,-34.0,-38.3,-40.1,-38.4,-34.1,-29.5,-28.0,-29.7,-32.3,-34.5,-35.9,-36.6,-35.9,-34.1,-31.5,-29.9,-29.2,-28.9,-29.2,-30.3,-32.1,-31.4,-32.1,-34.0,-35.9,-36.7,-35.9,-34.0,-36.2,-40.6,-42.7,-41.3,-37.1,-32.7,-30.7,-31.8,-33.2,-36.1,-38.2,-39.4,-39.0,-37.9,-35.8,-33.6,-32.2,-31.5,-31.5,-31.8,-34.6,-34.0,-34.9,-36.8,-38.6,-39.2,-38.3,-36.4,507.2,507.6,507.6,507.3,506.8,506.7,506.4,506.7,511.5,508.8,506.4,505.1,505.6,507.0,508.6,507.1,505.6,505.4,506.6,508.8,507.7,507.6,507.6,507.7,507.9,508.1,508.1,507.9,519.7,520.7,522.2,523.4,523.6,522.6,521.1,520.0,520.2,519.4,519.1,520.0,522.6,526.0,529.3,526.1,522.8,520.4,519.4,519.6,521.6,522.1,522.8,523.2,523.2,522.6,522.0,521.5,23.1,-2.7,646.7,0.186,-0.153,0.003,217.3,217.9,219.7,222.3,226.9,234.0,242.7,253.1,263.8,272.7,279.3,285.3,290.5,294.2,296.6,298.3,298.9,226.4,232.6,241.3,250.0,257.9,273.5,280.4,287.1,293.5,297.6,266.0,267.1,268.1,269.2,258.2,262.7,267.3,271.4,275.0,235.9,241.1,247.4,252.6,247.3,241.0,275.4,280.4,286.0,290.0,286.6,281.0,249.6,256.9,263.1,266.8,270.7,275.4,279.3,275.5,271.0,266.8,262.6,256.5,252.6,262.7,266.6,270.5,277.1,270.5,266.6,262.7,162.0,173.7,185.1,196.2,206.7,216.0,223.8,229.7,231.1,229.0,222.7,214.6,205.3,195.0,184.0,172.6,161.1,155.0,149.9,148.5,149.7,152.5,151.8,148.6,147.1,148.0,152.3,161.2,169.0,176.7,184.7,189.9,191.4,192.5,191.1,189.4,162.8,159.7,159.7,163.4,164.9,165.1,162.7,158.5,158.4,161.0,163.6,163.8,205.8,203.2,201.5,202.5,201.2,202.7,204.6,209.8,212.0,212.5,212.3,210.4,205.9,205.2,205.5,204.9,205.1,206.2,206.9,206.5,-56.7,-56.0,-53.1,-48.6,-40.6,-28.0,-12.6,5.4,23.6,39.3,51.9,63.6,73.4,80.1,84.2,87.0,87.8,-39.0,-28.4,-14.1,0.0,12.7,38.1,49.8,61.6,73.3,81.3,26.0,27.3,28.8,30.2,13.2,20.5,27.8,34.6,40.7,-23.2,-14.6,-4.3,4.2,-4.5,-14.8,42.2,50.7,60.5,67.8,61.5,51.7,-0.7,11.3,21.2,27.3,33.7,41.9,49.4,42.3,34.4,27.4,20.6,10.7,4.3,20.8,27.1,33.6,45.4,33.6,27.1,20.7,-44.1,-24.1,-4.2,15.2,33.8,49.9,63.0,72.3,74.5,71.8,62.2,48.7,32.3,13.5,-6.4,-26.7,-47.4,-53.7,-61.4,-63.1,-60.8,-56.2,-57.9,-63.8,-67.1,-66.6,-60.2,-42.6,-29.7,-17.2,-4.4,3.9,6.3,8.1,5.9,3.1,-40.8,-45.6,-45.6,-39.6,-37.1,-36.7,-41.3,-48.4,-48.9,-44.9,-40.2,-39.5,30.3,25.6,22.7,24.4,22.4,25.0,28.9,36.9,40.1,40.9,40.5,37.6,30.5,28.9,29.3,28.5,29.5,30.6,31.6,31.0,676.8,680.1,684.2,686.9,686.5,683.6,677.5,669.0,667.6,676.3,690.9,703.1,708.3,707.6,705.5,703.0,701.9,645.3,638.4,633.2,629.0,627.0,633.1,640.1,648.6,657.8,667.9,632.1,626.2,619.9,614.0,631.3,629.9,629.1,632.3,636.2,644.3,640.9,641.1,642.2,641.4,641.4,649.9,652.1,655.7,661.9,656.2,652.6,649.0,637.9,634.1,635.1,636.8,645.5,658.8,647.4,640.4,638.1,637.5,640.6,646.5,637.2,637.6,640.0,654.8,639.9,637.5,637.3,0.598,0.195,-0.2,0.011,263.926,185.675,-4.723,4.405,-13.36,19.983,2.623,1.425,-4.442,3.965,5.018,-4.019,-1.963,1.196,0.01,-1.706,-0.467,-0.381,-0.088,1.007,-1.366,-0.786,0.055,-0.081,0.055,-0.605,0.144,-0.072,0.172,0.015,-0.085,-0.004,-0.023,-0.011,0.012,-0.007,0.44,0.17,0.0,0.48,0.0,0.0,0.0,0.0,0.0,0.0,0.0,0.0,0.0,0.0,0.0,0.0,0.0,0.0,1.0,0.0,1.0,0.0,0.0,0.0,0.0,0.0,0.0,0.0,0.0,0.0,0.0,0.0,0.0,1.0,0.0
PP133,g1,1283,0,0.975,0.175425,0.188804,-0.966219,0.022795,0.1885,-0.981808,0.101,0.191,240.9,242.2,245.4,248.6,249.9,248.8,245.4,242.2,236.7,238.6,241.4,244.9,248.4,251.1,253.0,250.8,247.9,244.6,241.4,238.7,244.0,245.4,246.8,247.4,246.8,245.4,244.0,243.5,279.0,280.0,282.8,285.9,287.4,286.4,283.6,280.3,276.0,277.9,280.6,284.0,287.0,289.1,290.4,289.2,287.2,284.6,281.5,278.4,281.8,283.2,284.4,284.8,284.2,282.8,281.6,281.2,161.7,158.4,157.0,158.4,161.6,165.2,166.3,165.0,163.2,161.4,160.2,159.6,160.2,161.7,163.7,164.9,165.4,165.6,165.3,164.6,163.2,163.8,163.2,161.7,160.3,159.7,160.3,161.8,160.8,157.6,156.1,157.3,160.4,163.6,165.1,164.2,163.1,160.9,159.3,158.5,158.9,159.9,161.7,163.1,164.0,164.4,164.4,164.1,162.1,162.6,162.0,160.6,159.2,158.7,159.4,160.8,-11.9,-10.1,-6.0,-1.8,-0.1,-1.5,-6.0,-10.1,-17.5,-14.9,-11.1,-6.6,-2.0,1.5,3.9,1.1,-2.8,-7.0,-11.1,-14.8,-7.8,-5.9,-4.1,-3.4,-4.1,-6.0,-7.8,-8.5,38.6,39.9,43.8,48.0,50.0,48.7,44.8,40.3,34.6,37.1,40.6,45.2,49.4,52.6,54.7,52.8,49.8,46.0,41.9,37.7,42.5,44.3,46.0,46.6,45.7,43.9,42.2,41.6,-33.6,-37.9,-39.7,-37.9,-33.6,-29.0,-27.6,-29.3,-31.9,-34.1,-35.5,-36.2,-35.4,-33.6,-31.0,-29.4,-28.7,-28.4,-28.8,-29.9,-31.7,-30.9,-31.7,-33.6,-35.4,-36.2,-35.4,-33.6,-35.4,-39.8,-41.9,-40.4,-36.3,-31.9,-29.9,-31.0,-32.5,-35.3,-37.4,-38.6,-38.2,-37.1,-35.0,-32.8,-31.4,-30.7,-30.7,-31.1,-33.8,-33.2,-34.1,-36.0,-37.8,-38.4,-37.5,-35.6,508.5,508.8,508.9,508.6,508.1,508.0,507.7,508.0,512.8,510.1,507.6,506.4,506.9,508.3,509.9,508.4,506.9,506.7,507.9,510.1,509.0,508.9,508.9,509.0,509.2,509.4,509.3,509.2,519.0,519.9,521.5,522.7,522.9,521.9,520.4,519.3,519.5,518.7,518.4,519.3,521.9,525.3,528.6,525.4,522.1,519.8,518.7,518.9,520.9,521.5,522.1,522.5,522.4,521.9,521.3,520.8,23.7,-1.9,647.5,0.204,-0.147,0.009,217.8,218.3,220.1,222.7,227.2,234.2,242.9,253.2,263.9,272.8,279.5,285.6,290.8,294.6,297.1,298.9,299.5,227.0,233.3,241.9,250.6,258.5,274.1,281.0,287.7,294.2,298.2,266.6,267.5,268.5,269.5,258.4,263.0,267.5,271.7,275.2,236.5,241.7,248.0,253.1,247.9,241.6,275.9,280.9,286.6,290.6,287.2,281.5,249.6,256.9,263.2,266.9,270.8,275.5,279.5,275.6,271.0,266.7,262.6,256.5,252.6,262.8,266.7,270.6,277.3,270.6,266.6,262.7,161.9,173.6,185.0,196.1,206.7,216.0,223.9,229.9,231.4,229.3,222.8,214.7,205.4,195.1,184.2,173.0,161.5,155.3,150.3,149.0,150.3,153.1,152.4,149.2,147.7,148.6,152.8,161.8,169.7,177.6,185.7,190.6,192.1,193.3,191.9,190.2,163.1,160.1,160.1,163.9,165.3,165.5,163.2,159.1,158.9,161.6,164.2,164.4,206.0,203.7,202.2,203.2,202.0,203.3,205.1,210.4,212.6,213.2,212.9,210.9,206.3,205.8,206.1,205.6,205.6,206.8,207.5,207.1,-55.8,-55.2,-52.5,-48.1,-40.1,-27.6,-12.3,5.6,23.7,39.6,52.3,64.1,74.1,80.8,85.0,87.9,88.9,-37.9,-27.3,-13.1,1.0,13.7,39.1,50.8,62.6,74.3,82.3,26.9,28.1,29.4,30.7,13.7,20.9,28.3,35.1,41.2,-22.2,-13.6,-3.3,5.1,-3.5,-13.8,43.1,51.6,61.4,68.7,62.4,52.6,-0.7,11.4,21.4,27.5,34.0,42.3,49.9,42.5,34.4,27.4,20.6,10.7,4.3,20.9,27.2,33.8,45.9,33.8,27.2,20.7,-44.3,-24.3,-4.4,15.1,33.8,50.0,63.3,72.8,75.2,72.4,62.6,48.9,32.5,13.8,-6.0,-26.2,-46.8,-53.2,-60.7,-62.3,-59.9,-55.2,-56.8,-62.7,-66.0,-65.5,-59.2,-41.6,-28.6,-15.8,-2.9,5.0,7.5,9.4,7.2,4.4,-40.3,-45.0,-44.9,-38.9,-36.4,-36.1,-40.4,-47.4,-47.9,-43.9,-39.2,-38.6,30.8,26.5,23.8,25.6,23.6,26.2,29.8,38.0,41.2,42.0,41.5,38.4,31.2,29.9,30.5,29.6,30.5,31.7,32.7,32.1,677.0,680.7,685.0,687.9,687.7,684.9,679.0,670.6,669.2,677.7,692.2,703.9,708.8,707.8,705.4,702.7,701.3,645.1,638.1,632.9,628.7,626.5,632.7,639.5,647.8,656.9,667.0,631.9,626.2,620.2,614.6,632.1,630.6,629.9,632.9,636.7,644.2,640.8,640.8,642.1,641.3,641.3,649.6,651.5,655.1,661.3,655.7,652.2,650.4,639.3,635.3,636.3,638.0,646.7,659.9,648.7,641.7,639.5,638.9,642.1,647.9,638.5,638.9,641.3,656.0,641.2,638.8,638.6,0.598,0.213,-0.194,0.018,264.265,186.141,-5.998,4.773,-13.084,19.523,3.279,2.272,-4.387,3.559,4.819,-3.404,-2.049,1.198,0.284,-1.616,-0.613,-0.272,0.09,1.425,-1.386,-0.8,0.046,-0.237,0.235,-0.451,0.089,-0.125,0.164,-0.004,-0.075,0.002,-0.021,-0.007,0.013,-0.01,0.39,0.11,0.0,0.24,0.0,0.0,0.0,0.0,0.0,0.1,0.0,0.0,0.0,0.0,0.0,0.0,0.0,0.0,1.0,0.0,1.0,0.0,0.0,0.0,0.0,0.0,0.0,0.0,0.0,0.0,0.0,0.0,0.0,1.0,0.0
PP133,g1,1289,0,0.975,0.179694,0.203676,-0.962406,0.02112,0.202212,-0.979114,0.103,0.206,241.8,243.1,246.3,249.5,250.8,249.7,246.2,243.1,237.5,239.5,242.3,245.8,249.3,252.0,253.8,251.7,248.7,245.4,242.3,239.5,244.9,246.3,247.7,248.3,247.7,246.3,244.9,244.3,279.9,280.8,283.6,286.7,288.2,287.2,284.4,281.1,276.8,278.8,281.4,284.8,287.8,289.9,291.2,290.0,288.0,285.4,282.3,279.2,282.7,284.0,285.2,285.6,285.0,283.7,282.4,282.0,161.9,158.7,157.3,158.7,162.0,165.5,166.6,165.2,163.3,161.6,160.4,159.9,160.5,162.0,164.1,165.3,165.7,165.9,165.6,164.8,163.4,164.0,163.5,162.0,160.6,160.0,160.6,162.0,161.3,158.1,156.6,157.7,160.8,164.1,165.5,164.6,163.6,161.4,159.8,159.0,159.3,160.4,162.1,163.6,164.5,164.9,164.9,164.6,162.6,163.1,162.5,161.0,159.7,159.2,159.8,161.2,-10.7,-9.0,-4.8,-0.6,1.0,-0.4,-4.9,-9.1,-16.4,-13.8,-10.0,-5.4,-0.9,2.6,5.0,2.2,-1.7,-5.9,-10.1,-13.7,-6.7,-4.9,-3.0,-2.3,-3.0,-4.8,-6.6,-7.4,39.9,41.2,45.1,49.3,51.3,49.9,46.0,41.5,35.8,38.3,41.9,46.4,50.7,53.9,56.0,54.0,51.0,47.3,43.1,39.0,43.7,45.6,47.3,47.9,47.0,45.1,43.4,42.9,-33.3,-37.6,-39.4,-37.6,-33.3,-28.7,-27.3,-29.1,-31.8,-33.9,-35.2,-35.9,-35.1,-33.2,-30.6,-29.0,-28.4,-28.1,-28.6,-29.7,-31.4,-30.6,-31.4,-33.2,-35.1,-35.9,-35.1,-33.3,-35.0,-39.3,-41.4,-40.0,-35.8,-31.5,-29.4,-30.5,-32.0,-34.8,-37.0,-38.1,-37.8,-36.6,-34.5,-32.3,-30.9,-30.2,-30.2,-30.6,-33.3,-32.7,-33.6,-35.5,-37.3,-38.0,-37.1,-35.1,509.4,509.7,509.8,509.6,509.1,509.0,508.7,509.0,513.6,511.0,508.6,507.4,507.9,509.3,511.0,509.5,508.0,507.7,508.8,511.1,510.0,509.8,509.9,510.0,510.2,510.3,510.3,510.1,521.1,522.0,523.5,524.7,524.9,524.1,522.6,521.5,521.7,520.8,520.5,521.4,523.9,527.4,530.7,527.5,524.3,521.9,520.9,521.1,523.1,523.6,524.2,524.6,524.5,524.0,523.3,522.9,24.9,-1.9,651.2,0.229,-0.151,0.018,218.4,218.8,220.4,222.9,227.4,234.5,243.3,253.6,264.2,273.0,279.7,285.8,291.2,295.0,297.6,299.5,300.2,228.0,234.4,243.0,251.6,259.5,275.2,282.0,288.7,295.0,299.0,267.5,268.3,269.3,270.2,259.1,263.6,268.1,272.2,275.8,237.4,242.6,248.9,253.9,248.7,242.4,276.8,281.8,287.4,291.4,287.9,282.3,249.9,257.4,263.7,267.4,271.3,276.0,280.0,276.0,271.4,267.2,263.1,256.9,253.0,263.3,267.1,271.1,277.8,271.1,267.1,263.2,161.6,173.1,184.3,195.3,205.7,215.0,222.8,228.9,230.4,228.2,221.8,213.8,204.7,194.7,184.0,172.9,161.6,155.2,150.5,149.4,150.7,153.6,153.0,149.8,148.3,149.1,153.2,162.4,170.3,178.1,186.2,190.9,192.4,193.6,192.3,190.6,163.2,160.3,160.4,164.2,165.7,165.8,163.7,159.5,159.4,162.0,164.6,164.9,205.8,203.7,202.3,203.3,202.1,203.4,205.0,210.3,212.6,213.2,212.9,210.8,206.1,205.9,206.2,205.7,205.5,206.9,207.5,207.1,-54.9,-54.5,-52.1,-47.9,-39.9,-27.3,-11.8,6.2,24.4,40.2,53.0,64.9,75.2,82.1,86.4,89.5,90.6,-36.4,-25.6,-11.4,2.6,15.3,40.9,52.6,64.3,76.0,84.0,28.4,29.6,30.8,31.9,14.8,22.1,29.4,36.2,42.3,-20.9,-12.1,-1.9,6.5,-2.2,-12.5,44.7,53.2,63.0,70.3,63.9,54.2,-0.1,12.2,22.4,28.5,35.0,43.4,51.0,43.5,35.4,28.3,21.5,11.4,4.9,21.9,28.2,34.8,47.0,34.8,28.2,21.7,-45.1,-25.2,-5.6,13.8,32.3,48.5,61.8,71.5,74.0,71.2,61.2,47.7,31.5,13.1,-6.3,-26.3,-46.7,-53.4,-60.6,-61.9,-59.3,-54.5,-56.0,-61.9,-65.3,-64.9,-58.8,-40.8,-27.8,-15.0,-2.1,5.5,7.9,9.9,7.7,5.0,-40.1,-44.7,-44.6,-38.4,-36.0,-35.8,-39.8,-46.8,-47.3,-43.3,-38.6,-37.9,30.6,26.7,24.1,25.9,24.0,26.4,29.8,38.1,41.5,42.3,41.8,38.5,31.1,30.3,30.8,30.0,30.5,32.0,32.9,32.3,679.3,683.2,687.9,691.2,691.4,688.9,683.0,674.9,673.9,682.4,696.9,708.5,713.3,712.2,709.5,706.6,705.0,646.7,639.7,634.6,630.5,628.5,634.8,641.7,650.1,659.1,669.3,634.4,629.1,623.4,618.2,635.6,634.3,633.8,636.8,640.4,646.4,642.9,643.0,644.5,643.7,643.6,652.2,654.0,657.7,664.1,658.5,655.0,654.4,643.3,639.2,640.2,641.9,650.9,664.4,653.2,646.1,643.9,643.2,646.4,652.0,642.5,643.1,645.4,660.5,645.2,642.9,642.6,0.595,0.237,-0.198,0.028,264.878,186.151,-4.735,4.39,-13.272,17.031,4.627,1.663,-4.503,4.477,4.469,-2.456,-1.864,1.228,0.555,-1.852,-1.132,0.229,0.273,1.385,-1.134,-0.888,0.242,-0.311,0.202,-0.421,0.143,-0.141,0.115,-0.025,-0.061,0.016,-0.017,0.001,0.007,-0.006,0.16,0.0,0.0,0.57,0.0,0.0,0.09,0.0,0.0,0.02,0.0,0.0,0.0,0.0,0.0,0.0,0.0,0.0,1.0,0.0,1.0,0.0,0.0,0.0,0.0,0.0,0.0,0.0,0.0,0.0,0.0,0.0,0.0,1.0,0.0
PP133,g1,1295,0,0.975,0.175583,0.18655,-0.966628,0.024415,0.185796,-0.982285,0.102,0.189,242.2,243.5,246.7,249.9,251.2,250.1,246.7,243.5,237.9,239.9,242.7,246.2,249.7,252.4,254.3,252.1,249.1,245.9,242.7,239.9,245.3,246.7,248.1,248.7,248.1,246.7,245.3,244.7,280.1,281.1,283.9,286.9,288.4,287.5,284.7,281.4,277.1,279.0,281.7,285.0,288.0,290.2,291.4,290.3,288.3,285.7,282.6,279.5,282.9,284.2,285.5,285.9,285.2,283.9,282.7,282.3,162.0,158.8,157.4,158.7,162.0,165.5,166.6,165.3,163.5,161.7,160.5,159.9,160.5,162.0,164.1,165.3,165.7,166.0,165.7,164.9,163.5,164.1,163.5,162.1,160.7,160.1,160.7,162.1,161.2,158.0,156.5,157.7,160.8,164.0,165.5,164.6,163.5,161.3,159.7,158.9,159.3,160.3,162.1,163.5,164.4,164.8,164.8,164.5,162.5,163.0,162.4,161.0,159.6,159.1,159.8,161.2,-10.2,-8.5,-4.3,-0.1,1.6,0.2,-4.3,-8.5,-15.8,-13.2,-9.5,-4.9,-0.3,3.1,5.6,2.8,-1.1,-5.4,-9.5,-13.1,-6.1,-4.3,-2.5,-1.7,-2.5,-4.3,-6.1,-6.9,40.1,41.4,45.3,49.5,51.5,50.1,46.2,41.7,36.0,38.6,42.1,46.6,50.9,54.1,56.1,54.2,51.2,47.5,43.3,39.2,43.9,45.7,47.5,48.0,47.2,45.3,43.6,43.1,-33.2,-37.4,-39.2,-37.5,-33.2,-28.6,-27.1,-28.9,-31.5,-33.7,-35.1,-35.7,-35.0,-33.2,-30.5,-28.9,-28.2,-27.9,-28.4,-29.5,-31.2,-30.5,-31.2,-33.1,-35.0,-35.8,-35.0,-33.1,-35.0,-39.3,-41.4,-40.0,-35.8,-31.4,-29.4,-30.5,-32.0,-34.8,-37.0,-38.1,-37.7,-36.6,-34.5,-32.3,-30.9,-30.2,-30.2,-30.6,-33.3,-32.7,-33.6,-35.5,-37.3,-38.0,-37.1,-35.1,508.5,508.8,508.8,508.5,508.1,508.0,507.7,508.0,512.8,510.1,507.6,506.4,506.9,508.3,509.9,508.4,506.9,506.7,507.9,510.2,509.0,508.8,508.9,509.0,509.2,509.3,509.3,509.2,519.4,520.4,521.9,523.1,523.3,522.4,520.9,519.8,519.9,519.1,518.8,519.8,522.4,525.8,529.1,525.9,522.6,520.3,519.2,519.4,521.4,521.9,522.6,523.0,522.9,522.4,521.7,521.3,26.0,-1.5,650.7,0.201,-0.144,0.001,218.7,219.4,221.3,224.2,229.1,236.5,245.3,255.5,265.9,274.6,281.2,287.0,292.0,295.6,297.9,299.6,300.2,228.3,234.6,243.2,251.9,259.8,275.5,282.3,288.9,295.2,299.1,268.0,268.9,269.9,270.9,259.9,264.4,268.9,273.0,276.5,237.8,243.0,249.3,254.4,249.1,242.8,277.0,282.0,287.7,291.6,288.2,282.6,251.1,258.4,264.6,268.2,272.0,276.6,280.5,276.7,272.1,268.1,264.0,258.0,254.1,264.3,268.0,271.8,278.3,271.8,268.0,264.2,162.4,174.3,186.0,197.3,207.9,217.1,224.7,230.2,231.3,228.9,222.3,214.0,204.8,194.7,184.1,173.2,162.0,155.6,150.6,149.3,150.6,153.5,152.8,149.7,148.2,149.0,153.2,162.1,170.0,177.8,185.9,190.9,192.3,193.5,192.1,190.4,163.4,160.4,160.4,164.2,165.7,165.9,163.6,159.4,159.3,162.0,164.6,164.8,206.4,203.9,202.3,203.3,202.0,203.4,205.3,210.6,212.8,213.4,213.2,211.2,206.6,206.0,206.2,205.6,205.9,207.0,207.7,207.4,-54.6,-53.8,-50.7,-45.8,-37.0,-23.8,-8.2,9.4,27.3,43.0,55.5,67.0,76.5,82.8,86.7,89.5,90.3,-36.1,-25.3,-11.0,3.1,15.9,41.5,53.1,64.9,76.5,84.3,29.3,30.5,31.8,33.0,16.0,23.3,30.6,37.4,43.4,-20.2,-11.5,-1.2,7.2,-1.4,-11.8,45.2,53.7,63.6,70.9,64.5,54.7,1.9,13.8,23.9,29.9,36.2,44.3,51.8,44.6,36.6,29.7,23.0,13.2,6.8,23.4,29.6,36.1,47.7,36.0,29.6,23.3,-43.8,-23.2,-2.7,17.4,36.2,52.2,64.9,73.6,75.4,72.3,61.9,48.0,31.5,13.1,-6.1,-25.8,-45.9,-53.0,-60.5,-62.2,-59.7,-54.9,-56.4,-62.2,-65.6,-65.2,-58.9,-41.4,-28.3,-15.5,-2.6,5.5,7.8,9.7,7.5,4.7,-39.9,-44.6,-44.6,-38.4,-35.9,-35.7,-40.0,-47.1,-47.6,-43.5,-38.7,-38.1,31.5,26.9,24.1,25.8,23.9,26.5,30.3,38.5,41.8,42.7,42.2,39.2,31.8,30.3,30.8,29.9,31.0,32.2,33.2,32.7,681.6,685.7,690.2,692.8,692.1,688.8,682.3,673.9,672.8,681.5,695.8,707.0,711.2,709.5,707.0,704.5,703.5,648.0,641.1,635.9,631.7,629.5,636.0,643.2,651.7,661.0,671.2,635.3,629.6,623.4,617.7,635.1,633.7,633.0,636.1,639.9,647.2,643.8,643.9,645.2,644.4,644.3,653.3,655.4,659.1,665.4,659.6,656.0,653.4,642.5,638.5,639.5,641.4,650.1,663.2,652.1,645.3,643.0,642.2,645.3,651.0,641.7,642.3,644.8,659.2,644.7,642.2,641.9,0.595,0.211,-0.191,0.01,265.579,186.415,-6.488,11.254,-13.306,20.062,5.191,1.77,-4.696,3.137,4.222,-4.313,-0.836,0.768,0.462,-1.758,-0.491,-0.291,0.235,1.234,-1.321,-0.673,0.27,-0.289,-0.098,-0.604,0.133,0.006,0.149,0.008,-0.091,-0.006,-0.027,-0.014,0.013,-0.003,0.73,0.32,0.0,0.61,0.0,0.0,0.0,0.0,0.0,0.0,0.0,0.0,0.0,0.0,0.0,0.0,0.0,0.0,1.0,0.0,1.0,0.0,0.0,0.0,0.0,0.0,0.0,0.0,0.0,0.0,0.0,0.0,0.0,1.0,0.0
PP133,g1,1301,0,0.975,0.174386,0.178617,-0.968342,0.031108,0.178344,-0.983476,0.105,0.181,242.9,244.2,247.4,250.6,252.0,250.9,247.5,244.3,238.7,240.6,243.4,246.9,250.5,253.2,255.0,252.9,249.9,246.6,243.5,240.7,246.1,247.5,248.9,249.4,248.9,247.5,246.1,245.5,280.7,281.6,284.4,287.5,288.9,288.0,285.2,281.9,277.6,279.6,282.3,285.6,288.6,290.7,291.9,290.8,288.8,286.2,283.2,280.0,283.5,284.8,286.0,286.4,285.8,284.5,283.2,282.8,162.3,159.0,157.6,158.9,162.2,165.7,166.9,165.5,163.8,162.0,160.7,160.1,160.7,162.2,164.3,165.5,166.0,166.2,166.0,165.2,163.8,164.3,163.7,162.3,160.9,160.3,160.9,162.3,161.3,158.1,156.6,157.8,160.9,164.1,165.6,164.7,163.6,161.4,159.8,159.0,159.4,160.4,162.2,163.7,164.5,164.9,164.9,164.6,162.6,163.1,162.5,161.1,159.7,159.2,159.9,161.3,-9.2,-7.5,-3.4,0.8,2.5,1.2,-3.3,-7.5,-14.8,-12.2,-8.5,-4.0,0.6,4.1,6.6,3.8,-0.2,-4.4,-8.5,-12.1,-5.1,-3.3,-1.5,-0.7,-1.5,-3.3,-5.1,-5.9,40.9,42.2,46.1,50.3,52.3,50.9,47.1,42.6,36.9,39.4,43.0,47.5,51.7,54.9,56.9,55.0,52.1,48.4,44.2,40.0,44.8,46.6,48.3,48.9,48.0,46.2,44.5,43.9,-32.8,-37.1,-38.9,-37.2,-32.9,-28.3,-26.8,-28.5,-31.1,-33.4,-34.8,-35.5,-34.7,-32.9,-30.3,-28.7,-27.9,-27.6,-28.0,-29.1,-30.9,-30.2,-31.0,-32.8,-34.7,-35.5,-34.7,-32.8,-34.9,-39.3,-41.3,-39.9,-35.7,-31.4,-29.3,-30.4,-31.9,-34.8,-36.9,-38.0,-37.7,-36.5,-34.4,-32.2,-30.8,-30.1,-30.1,-30.5,-33.3,-32.6,-33.5,-35.4,-37.2,-37.9,-37.0,-35.1,508.3,508.7,508.6,508.3,507.9,507.8,507.6,507.9,512.7,510.0,507.5,506.2,506.7,508.0,509.6,508.1,506.7,506.5,507.8,510.1,508.8,508.7,508.7,508.8,509.0,509.2,509.2,509.0,520.5,521.4,523.0,524.2,524.5,523.5,521.9,520.8,520.9,520.1,519.9,520.8,523.5,527.0,530.3,527.0,523.7,521.3,520.2,520.4,522.4,523.0,523.7,524.1,524.0,523.4,522.8,522.3,27.5,-0.8,647.0,0.186,-0.15,-0.008,219.3,220.0,222.0,225.0,230.1,237.5,246.5,256.8,267.3,276.1,282.5,288.1,292.8,296.2,298.5,300.1,300.5,228.9,235.2,243.8,252.6,260.5,276.1,282.8,289.4,295.7,299.4,268.7,269.7,270.9,272.0,260.9,265.5,270.0,274.1,277.5,238.6,243.8,250.0,255.2,249.9,243.6,277.6,282.6,288.2,292.1,288.8,283.2,252.7,259.9,266.0,269.6,273.2,277.7,281.4,277.9,273.5,269.5,265.6,259.6,255.7,265.7,269.4,273.1,279.2,273.1,269.4,265.7,162.8,174.8,186.6,198.1,208.8,218.1,225.8,231.3,232.4,229.9,223.1,214.8,205.4,195.3,184.6,173.6,162.5,156.0,150.9,149.4,150.7,153.6,153.0,149.9,148.4,149.1,153.5,162.2,170.1,177.9,185.9,191.2,192.6,193.7,192.3,190.5,163.7,160.6,160.6,164.4,165.9,166.2,163.7,159.5,159.4,162.1,164.7,164.9,207.2,204.6,202.8,203.8,202.5,203.9,206.0,211.1,213.3,214.0,213.8,212.0,207.4,206.5,206.7,206.1,206.5,207.4,208.2,207.9,-53.3,-52.4,-49.2,-44.1,-35.1,-21.8,-6.1,11.7,29.7,45.3,57.5,68.6,77.6,83.5,87.3,89.9,90.5,-34.8,-24.2,-10.0,4.1,16.8,42.4,53.8,65.5,77.0,84.6,30.3,31.6,33.1,34.5,17.7,24.9,32.2,38.9,44.8,-18.8,-10.2,0.0,8.5,-0.2,-10.5,46.0,54.5,64.3,71.4,65.2,55.5,4.6,16.2,26.0,31.8,37.9,45.9,53.0,46.3,38.6,32.0,25.5,15.8,9.5,25.6,31.7,37.9,49.0,37.9,31.7,25.6,-42.8,-22.2,-1.5,18.6,37.6,53.7,66.5,75.1,76.8,73.6,63.2,49.1,32.5,14.0,-5.2,-24.9,-44.9,-52.0,-59.8,-61.6,-59.1,-54.3,-55.9,-61.7,-65.1,-64.7,-58.3,-40.9,-27.9,-15.3,-2.5,6.0,8.2,10.1,7.8,4.9,-39.2,-44.0,-44.1,-38.0,-35.4,-35.0,-39.6,-46.7,-47.2,-43.1,-38.4,-37.8,32.8,27.8,24.8,26.4,24.4,27.2,31.1,39.2,42.4,43.3,42.9,40.2,32.9,31.0,31.4,30.5,31.8,32.7,33.8,33.3,678.2,682.5,687.1,689.5,688.5,685.0,678.3,669.8,668.8,677.9,692.4,704.0,708.3,706.5,703.8,701.1,699.9,644.6,637.7,632.5,628.5,626.6,633.3,640.7,649.3,658.7,669.0,632.3,626.2,619.7,613.6,631.2,629.8,629.1,632.3,636.3,643.7,640.4,640.6,642.0,641.1,641.0,650.5,652.7,656.6,663.0,657.1,653.3,648.9,637.8,634.1,635.4,637.3,645.9,659.1,647.8,641.1,638.7,637.8,640.5,646.4,637.5,638.1,640.7,654.9,640.6,638.0,637.5,0.598,0.198,-0.199,0.002,266.539,186.86,-4.848,13.372,-14.357,22.854,2.918,1.521,-3.9,4.403,4.987,-5.261,-1.126,0.52,0.231,-2.365,-0.053,-0.6,0.033,0.877,-1.068,-0.533,0.405,-0.308,-0.425,-0.742,0.208,0.221,0.161,0.012,-0.114,-0.018,-0.038,-0.022,0.013,0.007,0.33,0.02,0.0,0.87,0.0,0.0,0.0,0.0,0.0,0.01,0.0,0.0,0.0,0.0,0.0,0.0,0.0,0.0,1.0,0.0,1.0,0.0,0.0,0.0,0.0,0.0,0.0,0.0,0.0,0.0,0.0,0.0,1.0,1.0,0.0
PP133,g1,1307,0,0.975,0.185067,0.195673,-0.963048,0.030802,0.19426,-0.980466,0.111,0.198,243.0,244.4,247.6,250.8,252.1,250.9,247.5,244.3,238.7,240.7,243.6,247.1,250.6,253.2,255.1,252.9,249.9,246.7,243.5,240.7,246.1,247.5,248.9,249.5,249.0,247.6,246.2,245.6,280.9,281.9,284.7,287.7,289.1,288.2,285.4,282.1,277.8,279.8,282.5,285.8,288.8,290.9,292.1,291.0,289.0,286.4,283.3,280.2,283.7,285.0,286.2,286.6,286.0,284.7,283.4,283.0,162.1,158.9,157.5,158.9,162.2,165.7,166.8,165.4,163.6,161.8,160.6,160.1,160.7,162.2,164.3,165.5,165.9,166.1,165.8,165.0,163.7,164.3,163.7,162.3,160.8,160.2,160.8,162.2,161.5,158.3,156.8,158.0,161.1,164.3,165.8,164.9,163.8,161.6,160.0,159.2,159.6,160.6,162.3,163.8,164.7,165.1,165.1,164.8,162.8,163.3,162.7,161.3,159.9,159.4,160.1,161.5,-9.1,-7.3,-3.2,1.0,2.7,1.2,-3.3,-7.4,-14.8,-12.1,-8.3,-3.8,0.8,4.2,6.6,3.8,-0.1,-4.3,-8.4,-12.1,-5.0,-3.2,-1.4,-0.6,-1.4,-3.2,-5.0,-5.8,41.3,42.6,46.5,50.7,52.7,51.3,47.4,42.9,37.2,39.7,43.3,47.8,52.1,55.2,57.3,55.4,52.4,48.7,44.5,40.4,45.1,46.9,48.6,49.2,48.4,46.5,44.8,44.2,-33.0,-37.3,-39.0,-37.2,-32.9,-28.3,-26.9,-28.7,-31.4,-33.6,-34.9,-35.5,-34.7,-32.9,-30.3,-28.7,-28.0,-27.7,-28.2,-29.3,-31.0,-30.3,-31.0,-32.9,-34.8,-35.6,-34.8,-32.9,-34.7,-39.1,-41.1,-39.7,-35.5,-31.2,-29.1,-30.3,-31.7,-34.6,-36.7,-37.8,-37.5,-36.3,-34.2,-32.0,-30.6,-29.9,-29.9,-30.3,-33.1,-32.4,-33.3,-35.3,-37.1,-37.7,-36.8,-34.9,508.3,508.6,508.7,508.5,508.1,508.0,507.6,507.9,512.5,509.9,507.5,506.3,506.8,508.3,509.9,508.4,506.9,506.6,507.7,509.9,508.9,508.8,508.8,508.9,509.1,509.2,509.2,509.0,521.5,522.4,523.9,525.2,525.5,524.6,523.0,521.9,522.0,521.2,520.9,521.8,524.5,528.0,531.3,528.1,524.8,522.4,521.3,521.5,523.5,524.1,524.7,525.1,525.0,524.5,523.8,523.4,27.0,-1.3,650.7,0.215,-0.157,0.008,219.1,219.6,221.4,224.1,229.0,236.4,245.3,255.6,266.0,274.8,281.3,287.2,292.2,295.8,298.3,300.0,300.6,229.0,235.5,244.2,253.0,261.0,276.4,283.1,289.7,296.0,299.8,268.9,269.8,270.8,271.8,260.6,265.1,269.6,273.7,277.2,238.6,243.9,250.1,255.2,249.9,243.7,277.8,282.8,288.4,292.3,288.9,283.3,251.7,259.1,265.3,268.9,272.7,277.2,280.9,277.2,272.7,268.7,264.7,258.6,254.6,265.0,268.7,272.5,278.7,272.4,268.7,264.9,162.2,174.0,185.7,196.9,207.4,216.6,224.2,229.7,230.9,228.5,221.8,213.6,204.5,194.5,184.0,173.1,162.1,155.6,150.7,149.5,150.8,153.8,153.3,150.1,148.6,149.3,153.6,162.5,170.3,178.1,186.1,191.1,192.5,193.7,192.4,190.6,163.5,160.5,160.6,164.4,165.9,166.0,163.9,159.7,159.6,162.3,164.9,165.1,206.4,204.0,202.4,203.5,202.2,203.6,205.4,210.7,212.9,213.5,213.3,211.3,206.6,206.1,206.4,205.8,205.9,207.1,207.8,207.5,-53.9,-53.3,-50.5,-45.8,-37.2,-24.1,-8.2,9.6,27.6,43.3,55.7,67.3,77.0,83.4,87.5,90.4,91.3,-34.7,-23.8,-9.4,4.8,17.6,42.9,54.5,66.3,77.9,85.6,30.8,31.9,33.2,34.5,17.3,24.5,31.8,38.6,44.6,-18.9,-10.1,0.2,8.6,-0.1,-10.4,46.5,55.0,64.8,72.0,65.7,55.9,2.8,15.0,25.1,31.0,37.3,45.3,52.6,45.4,37.6,30.8,24.1,14.2,7.7,24.6,30.7,37.1,48.5,37.1,30.7,24.4,-44.0,-23.6,-3.3,16.6,35.3,51.3,64.0,72.9,74.8,71.6,61.2,47.3,31.0,12.7,-6.4,-26.0,-45.9,-52.8,-60.2,-61.8,-59.2,-54.2,-55.7,-61.5,-64.9,-64.6,-58.4,-40.6,-27.6,-14.9,-2.1,5.8,8.2,10.1,7.9,5.1,-39.7,-44.3,-44.2,-38.0,-35.6,-35.4,-39.5,-46.5,-47.0,-43.0,-38.2,-37.6,31.6,27.2,24.4,26.1,24.2,26.8,30.5,38.7,42.1,42.9,42.4,39.3,31.8,30.6,31.1,30.3,31.2,32.4,33.4,32.8,680.0,684.3,689.0,691.9,691.5,688.6,682.3,674.2,673.4,682.3,696.7,708.0,712.3,710.8,708.3,705.9,704.8,646.4,639.5,634.4,630.4,628.5,635.4,642.7,651.5,661.0,671.5,634.7,629.1,623.1,617.5,634.7,633.5,633.1,636.2,640.0,645.9,642.5,642.8,644.3,643.4,643.1,653.0,655.1,659.0,665.6,659.7,655.8,653.1,642.3,638.3,639.5,641.4,650.3,663.8,652.6,645.7,643.3,642.4,645.3,650.8,641.7,642.4,645.0,659.8,644.9,642.3,641.9,0.595,0.224,-0.206,0.019,266.178,186.492,-4.229,10.798,-13.36,18.916,5.638,0.92,-4.546,3.016,4.276,-3.455,-0.48,0.846,0.681,-1.853,-0.605,-0.218,0.28,0.825,-1.154,-0.561,0.466,-0.42,-0.202,-0.575,0.16,0.044,0.117,0.022,-0.101,-0.001,-0.026,0.0,0.008,0.005,0.19,0.0,0.0,0.7,0.0,0.0,0.11,0.0,0.0,0.36,0.0,0.0,0.0,0.0,0.0,0.0,0.0,0.0,1.0,0.0,1.0,0.0,0.0,0.0,0.0,0.0,0.0,0.0,0.0,0.0,0.0,0.0,0.0,1.0,0.0
PP133,g1,1313,0,0.975,0.185268,0.19121,-0.963906,0.028135,0.189933,-0.981394,0.109,0.193,242.5,243.9,247.1,250.3,251.6,250.5,247.0,243.8,238.2,240.2,243.1,246.6,250.1,252.8,254.6,252.5,249.5,246.2,243.1,240.3,245.7,247.1,248.5,249.0,248.5,247.1,245.7,245.1,280.5,281.5,284.3,287.3,288.8,287.8,285.0,281.8,277.5,279.4,282.1,285.4,288.4,290.5,291.8,290.6,288.6,286.0,283.0,279.9,283.3,284.6,285.8,286.3,285.6,284.3,283.1,282.7,161.9,158.6,157.3,158.6,161.9,165.4,166.5,165.2,163.3,161.5,160.4,159.8,160.4,161.9,164.0,165.2,165.6,165.8,165.6,164.8,163.4,164.0,163.4,162.0,160.5,160.0,160.5,162.0,161.1,157.9,156.4,157.6,160.6,163.9,165.3,164.5,163.4,161.2,159.6,158.8,159.2,160.2,161.9,163.4,164.3,164.7,164.7,164.4,162.4,162.9,162.3,160.9,159.5,159.0,159.7,161.1,-9.7,-8.0,-3.8,0.4,2.1,0.6,-3.8,-8.0,-15.4,-12.7,-9.0,-4.4,0.2,3.6,6.0,3.2,-0.7,-4.9,-9.0,-12.7,-5.6,-3.8,-2.0,-1.2,-2.0,-3.8,-5.6,-6.4,40.8,42.1,46.0,50.2,52.2,50.8,47.0,42.5,36.8,39.3,42.8,47.3,51.6,54.8,56.9,54.9,51.9,48.2,44.1,39.9,44.7,46.5,48.2,48.8,47.9,46.1,44.4,43.8,-33.3,-37.6,-39.3,-37.6,-33.3,-28.7,-27.2,-29.0,-31.7,-33.9,-35.2,-35.9,-35.1,-33.2,-30.6,-29.0,-28.3,-28.1,-28.5,-29.6,-31.4,-30.6,-31.4,-33.2,-35.1,-35.9,-35.1,-33.2,-35.2,-39.6,-41.7,-40.3,-36.1,-31.8,-29.7,-30.8,-32.2,-35.1,-37.3,-38.4,-38.1,-36.9,-34.8,-32.6,-31.2,-30.5,-30.5,-30.8,-33.6,-33.0,-33.9,-35.8,-37.6,-38.3,-37.3,-35.4,508.0,508.3,508.4,508.2,507.8,507.6,507.3,507.6,512.2,509.6,507.2,506.0,506.5,508.0,509.6,508.1,506.6,506.3,507.4,509.6,508.6,508.4,508.5,508.6,508.8,508.9,508.9,508.7,521.9,522.8,524.3,525.5,525.8,524.9,523.3,522.2,522.4,521.5,521.3,522.2,524.8,528.3,531.6,528.3,525.1,522.7,521.6,521.8,523.8,524.4,525.0,525.4,525.3,524.8,524.1,523.7,26.6,-2.1,652.4,0.21,-0.156,0.005,218.8,219.4,221.2,224.0,228.9,236.3,245.3,255.5,265.9,274.6,281.0,286.9,292.0,295.7,298.1,299.8,300.3,228.6,235.1,243.8,252.5,260.4,276.0,282.7,289.3,295.6,299.4,268.5,269.4,270.4,271.4,260.3,264.8,269.3,273.4,276.9,238.1,243.4,249.7,254.7,249.5,243.2,277.4,282.4,288.1,291.9,288.6,283.0,251.4,258.8,265.1,268.7,272.5,277.0,280.8,277.1,272.6,268.5,264.5,258.4,254.4,264.7,268.5,272.3,278.6,272.3,268.4,264.6,162.2,173.9,185.5,196.6,207.0,216.0,223.5,229.0,230.2,227.8,221.3,213.3,204.3,194.3,183.8,173.0,161.9,155.3,150.5,149.3,150.6,153.5,152.9,149.7,148.2,148.9,153.1,162.1,169.9,177.7,185.7,190.7,192.1,193.2,191.9,190.2,163.2,160.3,160.3,164.1,165.6,165.7,163.5,159.3,159.2,161.8,164.4,164.7,205.9,203.6,202.0,203.0,201.7,203.1,204.8,210.0,212.3,212.9,212.6,210.7,206.1,205.6,205.9,205.3,205.3,206.5,207.2,206.9,-54.5,-53.8,-50.9,-46.2,-37.5,-24.2,-8.3,9.5,27.5,43.0,55.5,67.1,76.8,83.4,87.5,90.3,91.2,-35.5,-24.5,-10.2,4.0,16.8,42.4,54.0,65.7,77.3,85.2,30.1,31.3,32.6,34.0,16.8,24.1,31.4,38.2,44.2,-19.7,-10.9,-0.6,7.8,-0.8,-11.2,46.0,54.5,64.4,71.6,65.3,55.5,2.3,14.6,24.7,30.7,37.0,45.1,52.5,45.3,37.4,30.6,23.9,13.9,7.3,24.2,30.4,36.8,48.5,36.8,30.4,24.1,-44.2,-23.8,-3.6,16.1,34.6,50.4,63.0,71.7,73.6,70.5,60.4,46.8,30.7,12.5,-6.7,-26.3,-46.3,-53.5,-60.8,-62.3,-59.8,-54.9,-56.5,-62.4,-65.8,-65.5,-59.3,-41.3,-28.4,-15.7,-2.9,5.1,7.5,9.3,7.2,4.4,-40.2,-44.9,-44.8,-38.6,-36.2,-35.9,-40.2,-47.4,-47.9,-43.9,-39.1,-38.4,30.8,26.5,23.7,25.4,23.4,26.0,29.5,37.6,41.0,41.9,41.4,38.4,31.1,29.9,30.3,29.5,30.2,31.4,32.4,31.9,682.1,686.1,690.7,693.5,693.1,690.0,683.6,675.4,674.5,683.4,697.9,709.5,714.1,712.8,710.4,708.2,707.2,648.5,641.6,636.5,632.4,630.4,637.1,644.5,653.3,662.8,673.2,636.5,630.9,624.8,619.2,636.4,635.2,634.7,637.8,641.6,648.1,644.6,644.9,646.4,645.4,645.3,654.8,656.9,660.8,667.4,661.4,657.6,654.9,644.0,640.0,641.2,643.1,652.0,665.5,654.2,647.2,644.8,643.9,647.0,652.5,643.3,644.0,646.5,661.5,646.4,643.8,643.4,0.593,0.218,-0.205,0.015,265.891,186.067,-3.417,9.341,-13.225,17.981,6.429,1.351,-4.758,4.083,4.34,-3.129,-0.499,1.014,0.611,-1.937,-0.802,-0.011,0.116,0.864,-1.077,-0.707,0.553,-0.288,-0.144,-0.503,0.223,-0.023,0.091,0.02,-0.097,0.004,-0.028,0.002,0.009,0.008,0.57,0.01,0.0,0.41,0.0,0.0,0.0,0.0,0.0,0.24,0.0,0.0,0.0,0.0,0.0,0.0,0.0,0.0,1.0,0.0,1.0,0.0,0.0,0.0,0.0,0.0,0.0,0.0,0.0,0.0,0.0,0.0,0.0,1.0,0.0
PP133,g1,1319,0,0.975,0.179335,0.177813,-0.967585,0.032234,0.178224,-0.983462,0.108,0.18,242.0,243.3,246.5,249.7,251.0,250.0,246.6,243.3,237.8,239.7,242.5,246.0,249.5,252.2,254.1,252.0,249.0,245.7,242.6,239.8,245.2,246.6,248.0,248.5,247.9,246.5,245.1,244.6,279.9,280.8,283.6,286.6,288.1,287.2,284.4,281.1,276.8,278.8,281.5,284.8,287.8,289.9,291.1,290.0,288.0,285.4,282.4,279.2,282.7,284.0,285.2,285.6,285.0,283.6,282.4,282.0,162.1,158.8,157.4,158.7,161.9,165.5,166.6,165.3,163.6,161.7,160.5,159.9,160.5,161.9,164.0,165.2,165.7,166.0,165.7,165.0,163.5,164.1,163.5,162.0,160.6,160.1,160.7,162.1,161.0,157.8,156.3,157.5,160.5,163.8,165.2,164.4,163.3,161.1,159.5,158.7,159.1,160.1,161.8,163.3,164.2,164.6,164.6,164.3,162.3,162.8,162.2,160.8,159.4,158.9,159.6,161.0,-10.4,-8.7,-4.6,-0.4,1.4,-0.0,-4.5,-8.6,-16.0,-13.4,-9.7,-5.2,-0.6,2.9,5.4,2.6,-1.3,-5.6,-9.7,-13.3,-6.3,-4.5,-2.7,-1.9,-2.7,-4.5,-6.3,-7.1,39.8,41.1,45.0,49.2,51.2,49.9,46.0,41.5,35.8,38.3,41.9,46.4,50.6,53.8,55.9,54.0,51.0,47.3,43.1,39.0,43.7,45.5,47.2,47.8,46.9,45.1,43.4,42.8,-33.1,-37.4,-39.2,-37.5,-33.2,-28.6,-27.1,-28.8,-31.4,-33.6,-35.0,-35.7,-35.0,-33.2,-30.6,-28.9,-28.2,-27.9,-28.3,-29.4,-31.2,-30.4,-31.2,-33.1,-35.0,-35.7,-34.9,-33.1,-35.3,-39.7,-41.8,-40.3,-36.2,-31.8,-29.7,-30.9,-32.3,-35.2,-37.3,-38.5,-38.1,-37.0,-34.8,-32.6,-31.3,-30.6,-30.5,-30.9,-33.7,-33.1,-34.0,-35.9,-37.7,-38.3,-37.4,-35.5,507.7,508.0,508.1,507.7,507.3,507.2,506.9,507.3,512.0,509.3,506.9,505.6,506.1,507.5,509.1,507.6,506.1,505.9,507.1,509.4,508.2,508.1,508.1,508.2,508.4,508.6,508.6,508.4,520.7,521.6,523.2,524.5,524.7,523.7,522.2,521.0,521.2,520.4,520.1,521.1,523.7,527.2,530.5,527.2,523.9,521.5,520.4,520.6,522.7,523.2,523.9,524.3,524.2,523.7,523.0,522.6,26.1,-1.4,648.8,0.187,-0.154,-0.007,218.5,219.2,221.2,224.2,229.2,236.6,245.6,255.8,266.3,275.0,281.4,287.1,291.9,295.4,297.7,299.3,299.7,228.1,234.4,243.1,251.7,259.6,275.3,282.0,288.6,294.8,298.6,267.8,268.9,270.0,271.1,260.1,264.6,269.1,273.2,276.7,237.7,242.8,249.1,254.2,249.0,242.7,276.8,281.8,287.4,291.3,288.0,282.4,251.7,259.0,265.0,268.7,272.4,276.9,280.6,277.1,272.7,268.6,264.6,258.6,254.7,264.8,268.5,272.2,278.4,272.3,268.5,264.7,162.9,174.8,186.5,197.8,208.5,217.7,225.2,230.7,231.7,229.3,222.7,214.4,205.1,194.9,184.3,173.3,162.1,155.6,150.6,149.3,150.5,153.4,152.7,149.6,148.0,148.8,153.0,161.9,169.8,177.6,185.6,190.8,192.2,193.4,192.0,190.2,163.5,160.4,160.4,164.1,165.7,165.9,163.4,159.2,159.1,161.8,164.3,164.6,206.8,204.1,202.3,203.3,202.0,203.5,205.5,210.6,212.8,213.5,213.3,211.5,206.9,206.0,206.3,205.7,206.0,207.0,207.7,207.4,-54.8,-53.9,-50.7,-45.6,-36.7,-23.5,-7.7,10.0,28.0,43.5,55.8,67.0,76.2,82.3,86.1,88.8,89.4,-36.3,-25.5,-11.3,2.8,15.5,41.2,52.6,64.3,75.8,83.5,29.0,30.3,31.8,33.2,16.3,23.6,30.9,37.6,43.5,-20.4,-11.8,-1.5,7.0,-1.7,-12.0,44.8,53.2,63.0,70.3,64.0,54.3,2.9,14.7,24.5,30.4,36.6,44.6,51.8,45.0,37.3,30.5,24.0,14.2,7.8,24.1,30.3,36.5,47.8,36.6,30.3,24.1,-42.9,-22.3,-1.7,18.3,37.0,53.0,65.6,74.2,75.9,72.7,62.5,48.6,32.0,13.5,-5.9,-25.6,-45.7,-52.7,-60.3,-62.1,-59.6,-54.9,-56.6,-62.4,-65.8,-65.4,-59.2,-41.5,-28.5,-15.8,-3.0,5.4,7.7,9.5,7.3,4.4,-39.7,-44.5,-44.6,-38.5,-35.9,-35.5,-40.2,-47.3,-47.9,-43.8,-39.1,-38.4,32.1,27.2,24.1,25.8,23.8,26.5,30.4,38.4,41.7,42.6,42.2,39.4,32.2,30.4,30.7,29.9,31.1,32.0,33.1,32.6,679.4,683.5,688.0,690.5,689.7,686.2,679.7,671.3,670.2,679.2,693.8,705.4,709.9,708.3,705.8,703.2,702.2,646.1,639.3,634.3,630.2,628.2,634.9,642.3,651.0,660.3,670.6,634.0,628.0,621.5,615.6,632.9,631.5,630.9,634.1,638.1,645.5,642.2,642.3,643.7,642.8,642.7,652.1,654.4,658.2,664.6,658.7,654.9,650.7,639.8,636.0,637.2,639.1,647.8,660.9,649.7,642.9,640.5,639.7,642.5,648.2,639.3,639.9,642.5,656.8,642.4,639.8,639.4,0.597,0.198,-0.202,0.002,265.658,186.49,-5.57,11.641,-14.046,21.656,3.953,1.666,-4.264,4.113,4.678,-4.989,-0.635,0.666,0.24,-2.235,-0.116,-0.507,0.102,0.743,-1.105,-0.685,0.365,-0.101,-0.385,-0.713,0.208,0.156,0.152,0.022,-0.101,-0.011,-0.031,-0.016,0.016,0.006,0.35,0.0,0.0,0.85,0.0,0.0,0.0,0.0,0.0,0.44,0.0,0.0,0.0,0.0,0.0,0.0,0.0,0.0,1.0,0.0,1.0,0.0,0.0,0.0,0.0,0.0,0.0,0.0,0.0,0.0,0.0,0.0,0.0,1.0,0.0
PP133,g1,1325,0,0.975,0.181414,0.180991,-0.966608,0.033384,0.181405,-0.982842,0.11,0.184,242.0,243.3,246.5,249.7,251.1,250.0,246.6,243.4,237.8,239.7,242.5,246.0,249.6,252.2,254.1,252.0,249.0,245.7,242.6,239.8,245.2,246.6,248.0,248.5,247.9,246.5,245.1,244.6,279.9,280.8,283.6,286.6,288.1,287.2,284.4,281.1,276.8,278.8,281.4,284.8,287.7,289.9,291.1,290.0,288.0,285.4,282.4,279.2,282.6,284.0,285.2,285.6,284.9,283.6,282.4,282.0,162.3,159.0,157.6,158.9,162.2,165.7,166.8,165.5,163.8,161.9,160.7,160.1,160.7,162.2,164.2,165.4,165.9,166.2,165.9,165.2,163.7,164.3,163.7,162.3,160.8,160.3,160.9,162.3,161.2,158.0,156.5,157.7,160.8,164.0,165.5,164.6,163.5,161.3,159.7,158.9,159.3,160.3,162.0,163.5,164.4,164.8,164.8,164.5,162.5,163.0,162.4,161.0,159.6,159.1,159.8,161.2,-10.4,-8.7,-4.6,-0.4,1.4,-0.0,-4.5,-8.6,-16.0,-13.4,-9.7,-5.1,-0.6,2.9,5.4,2.6,-1.3,-5.5,-9.7,-13.3,-6.3,-4.5,-2.7,-1.9,-2.7,-4.5,-6.3,-7.1,39.9,41.2,45.1,49.2,51.3,49.9,46.1,41.6,35.9,38.4,41.9,46.5,50.7,53.9,55.9,54.0,51.1,47.4,43.2,39.0,43.8,45.6,47.3,47.9,47.0,45.1,43.4,42.9,-32.9,-37.2,-39.0,-37.2,-33.0,-28.4,-26.9,-28.6,-31.2,-33.4,-34.8,-35.5,-34.8,-33.0,-30.4,-28.7,-28.0,-27.7,-28.1,-29.2,-31.0,-30.2,-31.0,-32.9,-34.8,-35.5,-34.7,-32.8,-35.1,-39.4,-41.5,-40.1,-36.0,-31.6,-29.5,-30.6,-32.1,-34.9,-37.1,-38.2,-37.9,-36.7,-34.6,-32.4,-31.1,-30.3,-30.3,-30.7,-33.5,-32.8,-33.7,-35.7,-37.5,-38.1,-37.2,-35.3,508.7,509.0,509.0,508.8,508.3,508.2,507.9,508.2,513.0,510.3,507.8,506.6,507.1,508.5,510.1,508.6,507.1,506.9,508.1,510.4,509.2,509.0,509.1,509.2,509.4,509.5,509.5,509.4,521.5,522.5,524.0,525.3,525.5,524.6,523.0,521.9,522.0,521.2,521.0,521.9,524.5,528.0,531.3,528.1,524.8,522.4,521.3,521.4,523.5,524.1,524.7,525.1,525.1,524.5,523.8,523.4,26.0,-1.1,648.7,0.192,-0.155,-0.006,218.4,219.1,221.0,224.0,229.0,236.5,245.4,255.7,266.1,274.9,281.3,287.0,291.8,295.3,297.6,299.2,299.7,228.0,234.4,243.0,251.8,259.7,275.3,282.0,288.6,294.8,298.6,267.9,268.9,270.0,271.1,260.0,264.5,269.1,273.2,276.6,237.7,242.8,249.1,254.2,249.0,242.7,276.8,281.8,287.4,291.3,287.9,282.3,251.6,258.9,265.0,268.6,272.3,276.8,280.5,276.9,272.5,268.5,264.5,258.5,254.6,264.7,268.4,272.1,278.3,272.2,268.4,264.6,162.9,174.8,186.6,197.9,208.6,217.7,225.3,230.8,231.8,229.4,222.7,214.4,205.1,194.9,184.2,173.3,162.1,156.0,150.9,149.5,150.8,153.6,153.0,149.8,148.2,149.0,153.3,162.2,170.0,177.8,185.8,191.0,192.4,193.6,192.2,190.4,163.7,160.6,160.6,164.4,165.9,166.1,163.6,159.5,159.3,162.0,164.5,164.8,206.9,204.2,202.5,203.5,202.2,203.6,205.6,210.8,213.1,213.7,213.5,211.7,207.1,206.2,206.4,205.8,206.1,207.2,207.9,207.6,-55.0,-54.1,-51.0,-45.9,-37.0,-23.8,-8.0,9.7,27.7,43.3,55.5,66.8,76.0,82.1,86.0,88.7,89.3,-36.3,-25.6,-11.3,2.8,15.6,41.1,52.6,64.2,75.8,83.5,29.0,30.3,31.8,33.2,16.2,23.5,30.8,37.6,43.5,-20.4,-11.7,-1.5,7.0,-1.7,-12.0,44.7,53.2,63.0,70.2,63.9,54.2,2.7,14.5,24.4,30.3,36.5,44.5,51.7,44.8,37.1,30.4,23.8,14.0,7.6,24.0,30.1,36.4,47.6,36.4,30.1,23.9,-42.7,-22.1,-1.6,18.4,37.2,53.1,65.8,74.4,76.1,72.9,62.5,48.6,32.0,13.4,-5.9,-25.7,-45.7,-52.1,-59.8,-61.6,-59.2,-54.5,-56.1,-62.0,-65.4,-65.0,-58.7,-41.1,-28.1,-15.4,-2.6,5.7,8.0,9.8,7.6,4.7,-39.3,-44.1,-44.2,-38.1,-35.5,-35.2,-39.9,-47.0,-47.5,-43.4,-38.7,-38.0,32.3,27.4,24.4,26.1,24.1,26.8,30.7,38.8,42.1,42.9,42.6,39.7,32.5,30.6,31.0,30.2,31.4,32.4,33.5,33.0,679.1,683.3,687.8,690.4,689.6,686.3,679.9,671.5,670.5,679.5,694.0,705.5,710.0,708.4,705.8,703.3,702.3,645.8,639.0,633.9,629.9,627.9,634.7,642.0,650.7,660.2,670.5,633.7,627.8,621.4,615.5,632.8,631.4,630.8,634.0,638.0,645.1,641.8,642.0,643.3,642.5,642.3,651.9,654.1,657.9,664.3,658.4,654.7,650.7,639.8,636.0,637.1,639.1,647.8,661.0,649.8,643.0,640.6,639.8,642.6,648.3,639.2,639.9,642.5,656.9,642.5,639.9,639.4,0.597,0.202,-0.203,0.004,265.592,186.659,-5.153,11.677,-13.722,21.405,3.998,1.331,-4.192,3.453,4.752,-4.844,-0.698,0.705,0.492,-2.112,-0.216,-0.461,0.129,0.782,-1.096,-0.634,0.399,-0.173,-0.244,-0.729,0.233,0.126,0.156,0.024,-0.106,-0.011,-0.031,-0.015,0.012,0.008,0.33,0.0,0.0,0.62,0.0,0.0,0.0,0.0,0.0,0.0,0.0,0.0,0.0,0.0,0.0,0.0,0.0,0.0,1.0,0.0,1.0,0.0,0.0,0.0,0.0,0.0,0.0,0.0,0.0,0.0,0.0,0.0,0.0,1.0,0.0
PP133,g1,1331,0,0.975,0.188127,0.191695,-0.963256,0.031494,0.191905,-0.980908,0.112,0.195,241.7,243.0,246.2,249.4,250.8,249.7,246.2,243.0,237.4,239.4,242.3,245.8,249.3,251.9,253.8,251.7,248.7,245.4,242.2,239.4,244.8,246.2,247.6,248.2,247.6,246.2,244.8,244.3,279.7,280.7,283.4,286.5,288.0,287.1,284.3,281.0,276.7,278.6,281.3,284.6,287.6,289.7,291.0,289.8,287.9,285.3,282.2,279.1,282.5,283.8,285.1,285.5,284.8,283.5,282.3,281.9,162.0,158.7,157.3,158.7,161.9,165.5,166.6,165.2,163.4,161.6,160.5,159.9,160.5,162.0,164.1,165.2,165.7,165.9,165.6,164.9,163.5,164.1,163.5,162.0,160.6,160.0,160.6,162.0,161.0,157.8,156.3,157.5,160.5,163.8,165.2,164.4,163.3,161.1,159.5,158.7,159.0,160.1,161.8,163.3,164.2,164.6,164.6,164.3,162.3,162.8,162.2,160.8,159.4,158.9,159.6,161.0,-10.8,-9.1,-4.9,-0.7,1.0,-0.4,-4.9,-9.1,-16.5,-13.8,-10.0,-5.5,-0.9,2.5,4.9,2.2,-1.7,-5.9,-10.1,-13.8,-6.7,-4.9,-3.1,-2.3,-3.1,-4.9,-6.7,-7.5,39.7,41.0,44.9,49.0,51.1,49.7,45.9,41.4,35.7,38.2,41.7,46.2,50.5,53.7,55.7,53.8,50.9,47.1,43.0,38.8,43.6,45.4,47.1,47.7,46.8,44.9,43.2,42.7,-33.2,-37.5,-39.2,-37.5,-33.2,-28.6,-27.1,-28.9,-31.5,-33.7,-35.1,-35.8,-35.0,-33.2,-30.6,-28.9,-28.3,-28.0,-28.4,-29.5,-31.3,-30.5,-31.3,-33.1,-35.0,-35.8,-35.0,-33.1,-35.3,-39.7,-41.8,-40.4,-36.3,-31.9,-29.8,-30.9,-32.3,-35.2,-37.3,-38.5,-38.2,-37.1,-35.0,-32.7,-31.3,-30.6,-30.5,-30.9,-33.7,-33.1,-34.0,-35.9,-37.7,-38.4,-37.4,-35.5,507.7,508.1,508.2,508.0,507.5,507.4,507.1,507.3,512.0,509.3,506.9,505.7,506.3,507.7,509.4,507.8,506.3,506.0,507.2,509.4,508.3,508.2,508.2,508.4,508.6,508.7,508.7,508.5,521.4,522.3,523.9,525.1,525.4,524.4,522.9,521.8,522.0,521.1,520.8,521.7,524.4,527.8,531.2,527.9,524.7,522.3,521.2,521.4,523.4,523.9,524.6,525.0,524.9,524.4,523.7,523.3,25.4,-2.1,651.4,0.212,-0.159,0.002,217.9,218.5,220.4,223.2,228.1,235.5,244.5,254.8,265.3,274.0,280.5,286.4,291.5,295.1,297.4,299.1,299.6,227.8,234.2,242.9,251.6,259.5,275.1,281.8,288.4,294.7,298.6,267.6,268.6,269.7,270.7,259.6,264.1,268.6,272.7,276.2,237.3,242.6,248.8,253.9,248.7,242.4,276.6,281.6,287.3,291.1,287.8,282.2,250.8,258.2,264.4,268.1,271.8,276.4,280.2,276.5,272.0,267.9,263.8,257.8,253.8,264.1,267.8,271.6,278.0,271.6,267.8,264.0,162.5,174.1,185.6,196.6,207.0,216.1,223.5,229.1,230.2,227.8,221.2,213.1,204.0,194.0,183.5,172.7,161.6,155.4,150.6,149.3,150.6,153.5,152.8,149.6,148.0,148.7,152.9,162.1,169.9,177.6,185.6,190.7,192.1,193.2,191.8,190.1,163.3,160.4,160.4,164.2,165.7,165.8,163.5,159.2,159.1,161.7,164.3,164.6,206.0,203.6,202.0,203.0,201.7,203.0,204.9,210.1,212.4,213.0,212.8,210.9,206.2,205.7,205.9,205.3,205.4,206.6,207.3,207.0,-55.9,-55.1,-52.3,-47.5,-38.8,-25.6,-9.6,8.3,26.4,42.0,54.4,66.0,75.7,82.2,86.2,88.9,89.7,-36.8,-25.9,-11.6,2.6,15.4,40.9,52.4,64.1,75.7,83.6,28.7,30.0,31.4,32.8,15.6,22.9,30.2,37.0,42.9,-21.1,-12.3,-1.9,6.5,-2.2,-12.5,44.6,53.1,62.9,70.2,63.9,54.1,1.4,13.5,23.6,29.6,35.9,44.0,51.3,44.3,36.3,29.5,22.8,12.8,6.3,23.1,29.3,35.7,47.3,35.7,29.3,23.0,-43.6,-23.5,-3.4,16.2,34.6,50.4,63.0,71.8,73.7,70.5,60.2,46.5,30.2,11.9,-7.2,-26.9,-46.9,-53.1,-60.5,-62.1,-59.6,-54.8,-56.5,-62.5,-65.9,-65.6,-59.5,-41.3,-28.4,-15.8,-3.1,5.1,7.4,9.2,7.1,4.3,-40.0,-44.7,-44.7,-38.5,-36.0,-35.7,-40.2,-47.4,-48.0,-44.0,-39.2,-38.5,31.0,26.5,23.6,25.3,23.3,25.9,29.5,37.8,41.2,42.1,41.6,38.6,31.2,29.9,30.3,29.4,30.2,31.5,32.6,32.0,680.7,684.8,689.4,692.2,691.9,688.9,682.7,674.6,673.7,682.5,697.0,708.6,713.1,711.9,709.4,707.1,706.0,647.3,640.4,635.3,631.3,629.3,636.1,643.4,652.1,661.5,671.8,635.4,629.8,623.8,618.2,635.3,634.2,633.8,636.8,640.6,646.9,643.4,643.7,645.2,644.3,644.1,653.7,655.7,659.6,666.2,660.3,656.5,653.7,642.8,638.8,640.0,641.9,650.8,664.3,653.2,646.2,643.9,643.0,646.0,651.4,642.2,642.8,645.4,660.3,645.4,642.9,642.4,0.594,0.22,-0.207,0.012,265.165,186.059,-3.537,8.953,-13.476,17.987,5.875,0.403,-4.57,3.806,4.432,-2.963,-0.413,0.876,0.845,-2.021,-0.835,-0.22,0.266,0.837,-0.994,-0.83,0.413,-0.263,-0.165,-0.52,0.244,-0.027,0.083,0.036,-0.095,-0.002,-0.038,-0.0,0.008,0.008,0.4,0.11,0.0,0.7,0.0,0.0,0.0,0.0,0.0,0.21,0.0,0.0,0.0,0.0,0.0,0.0,0.0,0.0,1.0,0.0,1.0,0.0,0.0,0.0,0.0,0.0,0.0,0.0,0.0,0.0,0.0,0.0,0.0,1.0,0.0
PP133,g1,1337,0,0.975,0.185533,0.181741,-0.965685,0.032572,0.182546,-0.982658,0.111,0.185,241.7,243.0,246.2,249.4,250.7,249.6,246.2,243.0,237.4,239.4,242.2,245.7,249.2,251.9,253.8,251.6,248.7,245.4,242.2,239.4,244.8,246.2,247.6,248.2,247.6,246.2,244.8,244.2,279.6,280.5,283.3,286.3,287.9,286.9,284.2,280.9,276.6,278.5,281.2,284.5,287.5,289.6,290.9,289.7,287.8,285.2,282.1,279.0,282.4,283.7,284.9,285.3,284.7,283.3,282.1,281.7,161.6,158.3,156.9,158.3,161.5,165.0,166.2,164.9,163.1,161.3,160.1,159.5,160.1,161.5,163.6,164.8,165.3,165.5,165.3,164.5,163.1,163.7,163.1,161.6,160.2,159.6,160.2,161.7,160.5,157.3,155.8,156.9,160.0,163.2,164.7,163.9,162.8,160.6,159.0,158.1,158.5,159.6,161.3,162.8,163.6,164.1,164.1,163.8,161.8,162.3,161.7,160.2,158.9,158.4,159.1,160.5,-10.8,-9.2,-5.0,-0.8,0.9,-0.5,-4.9,-9.1,-16.5,-13.9,-10.1,-5.6,-1.0,2.5,4.9,2.1,-1.8,-6.0,-10.1,-13.8,-6.7,-4.9,-3.1,-2.4,-3.1,-5.0,-6.8,-7.5,39.5,40.8,44.7,48.9,50.9,49.6,45.7,41.2,35.5,38.0,41.6,46.1,50.3,53.5,55.6,53.7,50.7,47.0,42.8,38.7,43.4,45.2,46.9,47.5,46.6,44.8,43.1,42.5,-33.7,-38.0,-39.8,-38.1,-33.8,-29.2,-27.7,-29.4,-32.0,-34.2,-35.6,-36.3,-35.6,-33.8,-31.2,-29.5,-28.8,-28.5,-28.9,-30.0,-31.8,-31.0,-31.8,-33.7,-35.6,-36.3,-35.5,-33.7,-36.0,-40.4,-42.5,-41.1,-37.0,-32.6,-30.5,-31.6,-33.0,-35.9,-38.0,-39.2,-38.9,-37.8,-35.7,-33.4,-32.1,-31.3,-31.3,-31.6,-34.4,-33.8,-34.7,-36.6,-38.4,-39.1,-38.1,-36.2,508.1,508.5,508.6,508.3,507.8,507.7,507.4,507.7,512.4,509.7,507.3,506.1,506.6,508.0,509.7,508.1,506.6,506.3,507.5,509.8,508.6,508.5,508.6,508.7,508.9,509.0,509.0,508.8,521.5,522.5,524.0,525.3,525.5,524.5,523.0,521.8,522.0,521.2,520.9,521.9,524.5,527.9,531.3,528.0,524.7,522.3,521.2,521.4,523.5,524.0,524.7,525.1,525.0,524.5,523.8,523.4,25.5,-2.6,650.8,0.195,-0.158,-0.005,218.0,218.7,220.7,223.6,228.6,236.0,245.0,255.3,265.8,274.5,280.9,286.6,291.6,295.1,297.4,299.0,299.4,227.7,234.1,242.8,251.5,259.4,274.9,281.7,288.2,294.5,298.4,267.5,268.6,269.7,270.8,259.7,264.2,268.8,272.8,276.3,237.3,242.5,248.8,253.9,248.7,242.4,276.5,281.5,287.1,291.0,287.7,282.1,251.0,258.4,264.6,268.3,272.0,276.6,280.4,276.8,272.3,268.2,264.1,258.0,254.0,264.3,268.1,271.9,278.2,271.9,268.1,264.2,162.5,174.3,185.8,197.0,207.5,216.5,224.0,229.4,230.5,228.1,221.6,213.4,204.2,194.1,183.5,172.5,161.4,155.2,150.3,148.9,150.1,153.0,152.2,149.0,147.5,148.2,152.4,161.5,169.3,177.0,185.0,190.2,191.6,192.7,191.3,189.5,163.0,160.0,160.0,163.7,165.2,165.4,162.9,158.7,158.6,161.2,163.8,164.1,205.8,203.2,201.5,202.5,201.2,202.6,204.5,209.7,212.0,212.7,212.5,210.6,205.9,205.2,205.4,204.8,205.0,206.2,206.9,206.7,-55.8,-54.8,-51.8,-46.8,-37.9,-24.6,-8.7,9.2,27.2,42.7,55.0,66.3,75.8,82.1,86.0,88.6,89.3,-36.9,-26.0,-11.7,2.5,15.2,40.6,52.2,63.9,75.5,83.3,28.5,29.9,31.4,32.9,15.7,23.1,30.4,37.2,43.2,-21.1,-12.3,-2.0,6.4,-2.2,-12.6,44.4,52.9,62.7,70.0,63.7,53.9,1.7,13.8,23.9,29.9,36.2,44.3,51.7,44.7,36.8,29.9,23.2,13.2,6.7,23.5,29.7,36.1,47.6,36.1,29.7,23.3,-43.6,-23.2,-2.9,16.8,35.4,51.1,63.7,72.3,74.0,70.9,60.7,46.9,30.5,12.1,-7.3,-27.1,-47.2,-53.5,-61.1,-62.8,-60.4,-55.7,-57.4,-63.4,-66.9,-66.6,-60.3,-42.3,-29.3,-16.7,-4.0,4.3,6.6,8.4,6.2,3.4,-40.5,-45.3,-45.4,-39.3,-36.8,-36.4,-41.1,-48.3,-48.9,-44.9,-40.1,-39.4,30.5,25.8,22.8,24.5,22.5,25.1,28.8,37.1,40.5,41.4,41.0,38.1,30.7,29.0,29.4,28.5,29.5,30.9,32.0,31.5,680.9,684.8,689.1,691.7,691.2,688.0,681.6,673.3,672.3,681.3,695.8,707.5,712.1,710.8,708.5,706.2,705.3,647.6,640.9,635.8,631.8,629.8,636.4,643.8,652.5,662.0,672.3,635.6,629.8,623.5,617.8,634.8,633.6,633.0,636.2,640.1,647.1,643.8,644.0,645.4,644.5,644.3,653.8,656.0,659.8,666.3,660.3,656.5,653.0,642.0,638.1,639.2,641.2,650.0,663.4,652.2,645.2,642.8,642.0,644.9,650.6,641.3,642.0,644.5,659.4,644.6,642.0,641.6,0.595,0.203,-0.206,0.004,265.276,185.777,-4.877,9.702,-12.741,19.251,5.1,1.188,-4.412,3.84,4.309,-4.044,-0.442,0.603,0.294,-1.927,-0.534,-0.237,0.185,0.913,-1.029,-0.672,0.365,-0.177,-0.198,-0.629,0.181,0.07,0.11,0.025,-0.094,-0.01,-0.032,-0.013,0.011,0.006,0.55,0.0,0.0,0.26,0.0,0.0,0.0,0.0,0.0,0.14,0.0,0.0,0.0,0.0,0.0,0.0,0.0,0.0,1.0,0.0,1.0,0.0,0.0,0.0,0.0,0.0,0.0,0.0,0.0,0.0,0.0,0.0,0.0,1.0,0.0
PP133,g1,1342,0,0.975,0.181442,0.165795,-0.969325,0.038346,0.166851,-0.985236,0.112,0.169,241.7,242.9,246.1,249.3,250.7,249.7,246.3,243.1,237.5,239.4,242.2,245.7,249.2,251.9,253.8,251.7,248.7,245.4,242.3,239.5,244.8,246.3,247.6,248.2,247.6,246.2,244.8,244.2,279.5,280.4,283.1,286.2,287.7,286.8,284.0,280.7,276.4,278.4,281.0,284.3,287.3,289.4,290.7,289.5,287.6,285.0,282.0,278.8,282.2,283.6,284.8,285.2,284.5,283.2,282.0,281.6,161.5,158.2,156.8,158.1,161.3,164.8,166.0,164.8,163.1,161.2,160.0,159.3,159.9,161.3,163.4,164.6,165.1,165.4,165.2,164.5,163.0,163.5,162.9,161.4,160.0,159.5,160.1,161.5,160.2,157.0,155.5,156.7,159.7,163.0,164.4,163.6,162.5,160.3,158.7,157.8,158.2,159.3,161.1,162.5,163.4,163.8,163.8,163.5,161.5,162.0,161.4,160.0,158.6,158.1,158.8,160.2,-10.8,-9.2,-5.1,-0.9,0.9,-0.4,-4.8,-9.0,-16.4,-13.9,-10.2,-5.6,-1.0,2.5,5.0,2.2,-1.7,-5.9,-10.0,-13.7,-6.7,-4.9,-3.1,-2.3,-3.1,-5.0,-6.8,-7.5,39.3,40.6,44.5,48.6,50.7,49.4,45.5,41.0,35.3,37.8,41.4,45.9,50.1,53.3,55.3,53.5,50.5,46.8,42.7,38.5,43.2,45.0,46.7,47.3,46.4,44.5,42.9,42.3,-33.8,-38.1,-40.0,-38.3,-34.1,-29.4,-27.9,-29.6,-32.0,-34.3,-35.8,-36.5,-35.8,-34.1,-31.5,-29.8,-29.1,-28.7,-29.0,-30.1,-32.0,-31.2,-32.0,-33.9,-35.8,-36.5,-35.7,-33.8,-36.4,-40.8,-42.9,-41.5,-37.3,-33.0,-30.9,-32.0,-33.4,-36.3,-38.4,-39.6,-39.3,-38.1,-36.0,-33.8,-32.4,-31.7,-31.7,-32.0,-34.8,-34.2,-35.1,-37.0,-38.8,-39.4,-38.5,-36.6,508.3,508.7,508.7,508.4,507.9,507.7,507.5,507.8,512.6,510.0,507.5,506.2,506.7,508.0,509.6,508.1,506.7,506.5,507.7,510.0,508.8,508.6,508.7,508.8,509.0,509.2,509.2,509.0,521.5,522.5,524.1,525.4,525.6,524.5,522.9,521.8,521.9,521.2,521.0,522.0,524.6,528.1,531.4,528.1,524.8,522.4,521.2,521.4,523.5,524.0,524.7,525.2,525.1,524.5,523.9,523.4,25.8,-2.3,647.2,0.168,-0.16,-0.015,218.1,218.9,221.0,224.1,229.2,236.7,245.7,256.1,266.6,275.3,281.6,287.1,291.8,295.1,297.3,298.8,299.2,227.7,234.0,242.6,251.3,259.2,274.8,281.4,288.0,294.2,298.0,267.5,268.6,269.9,271.1,260.0,264.6,269.2,273.2,276.6,237.4,242.5,248.7,253.9,248.7,242.4,276.4,281.3,286.9,290.8,287.5,282.0,251.9,259.1,265.2,268.8,272.5,277.0,280.7,277.2,272.9,268.8,264.9,258.9,254.9,264.9,268.6,272.4,278.5,272.4,268.6,264.8,162.9,174.8,186.6,198.0,208.6,217.8,225.3,230.7,231.7,229.3,222.7,214.4,205.1,194.8,184.0,172.8,161.6,155.3,150.2,148.6,149.8,152.6,151.8,148.7,147.1,147.9,152.3,161.1,168.9,176.6,184.6,190.1,191.5,192.6,191.2,189.3,163.0,159.9,159.8,163.5,165.1,165.4,162.6,158.4,158.3,161.0,163.5,163.8,206.4,203.5,201.6,202.6,201.3,202.8,204.9,210.0,212.2,212.8,212.7,210.9,206.5,205.4,205.6,204.9,205.4,206.3,207.1,206.8,-55.4,-54.3,-50.9,-45.7,-36.6,-23.3,-7.5,10.4,28.4,43.8,55.9,66.8,75.7,81.6,85.3,87.8,88.3,-36.8,-26.2,-12.0,2.1,14.8,40.3,51.7,63.2,74.7,82.4,28.4,29.9,31.6,33.2,16.2,23.5,30.9,37.6,43.4,-20.8,-12.3,-2.1,6.5,-2.1,-12.5,44.0,52.4,62.2,69.4,63.3,53.5,3.2,14.9,24.6,30.5,36.7,44.6,51.8,45.1,37.5,30.8,24.2,14.5,8.1,24.3,30.4,36.6,47.7,36.7,30.4,24.2,-42.7,-22.1,-1.5,18.5,37.2,53.1,65.6,74.0,75.5,72.4,62.3,48.5,31.9,13.2,-6.4,-26.3,-46.6,-53.1,-61.1,-63.0,-60.8,-56.2,-57.9,-63.8,-67.2,-66.9,-60.4,-42.9,-29.9,-17.3,-4.5,4.2,6.4,8.2,5.9,3.0,-40.4,-45.4,-45.5,-39.5,-36.9,-36.4,-41.5,-48.6,-49.2,-45.1,-40.4,-39.7,31.3,26.1,22.9,24.6,22.5,25.3,29.4,37.3,40.5,41.4,41.1,38.4,31.4,29.2,29.5,28.6,30.0,30.9,32.0,31.5,678.3,682.1,686.3,688.5,687.4,683.8,677.1,668.6,667.6,676.8,691.6,703.5,708.3,707.1,704.8,702.4,701.5,645.4,638.8,633.8,629.9,628.0,634.7,642.1,650.9,660.2,670.4,633.4,627.1,620.4,614.2,631.4,630.0,629.3,632.6,636.7,644.5,641.4,641.7,642.9,642.0,641.8,651.6,654.0,657.8,664.1,658.1,654.3,648.5,637.7,634.1,635.3,637.3,645.9,659.0,647.6,640.7,638.3,637.4,640.1,646.1,637.2,637.9,640.5,654.8,640.5,637.8,637.4,0.598,0.178,-0.208,-0.007,265.528,185.962,-5.698,11.695,-14.004,22.666,2.843,1.973,-3.741,4.283,4.848,-5.324,-0.862,0.542,0.042,-2.208,-0.03,-0.703,0.051,0.858,-1.175,-0.611,0.14,-0.064,-0.37,-0.769,0.218,0.221,0.133,0.036,-0.109,-0.017,-0.042,-0.024,0.013,0.006,0.68,0.35,0.0,0.63,0.0,0.0,0.0,0.0,0.0,0.0,0.0,0.0,0.0,0.0,0.0,0.0,0.0,0.0,1.0,0.0,1.0,0.0,0.0,0.0,0.0,0.0,0.0,0.0,0.0,0.0,0.0,0.0,0.0,1.0,0.0
PP133,g1,1348,0,0.975,0.187027,0.168236,-0.967842,0.041858,0.169229,-0.984688,0.117,0.171,241.9,243.2,246.4,249.6,251.0,249.9,246.5,243.3,237.7,239.6,242.4,245.9,249.4,252.1,254.0,251.9,248.9,245.7,242.5,239.7,245.1,246.5,247.9,248.4,247.8,246.4,245.0,244.5,279.7,280.6,283.4,286.4,287.9,287.0,284.2,280.9,276.7,278.6,281.2,284.6,287.5,289.6,290.9,289.7,287.8,285.2,282.2,279.1,282.4,283.8,285.0,285.4,284.7,283.4,282.2,281.8,161.5,158.2,156.8,158.0,161.3,164.8,166.0,164.7,163.0,161.2,159.9,159.3,159.9,161.3,163.3,164.6,165.1,165.3,165.1,164.4,162.9,163.5,162.9,161.4,160.0,159.4,160.1,161.5,160.2,157.0,155.5,156.7,159.7,163.0,164.4,163.6,162.5,160.3,158.7,157.9,158.3,159.3,161.1,162.5,163.4,163.8,163.8,163.5,161.5,162.0,161.4,160.0,158.6,158.1,158.8,160.2,-10.5,-8.9,-4.7,-0.6,1.2,-0.1,-4.5,-8.7,-16.1,-13.6,-9.8,-5.3,-0.7,2.8,5.3,2.5,-1.4,-5.6,-9.7,-13.4,-6.4,-4.6,-2.8,-2.0,-2.8,-4.7,-6.5,-7.2,39.7,41.0,44.9,49.0,51.1,49.8,45.9,41.4,35.7,38.2,41.8,46.3,50.5,53.7,55.7,53.9,50.9,47.2,43.0,38.9,43.6,45.4,47.1,47.7,46.8,44.9,43.3,42.7,-33.9,-38.2,-40.1,-38.4,-34.1,-29.5,-28.0,-29.6,-32.1,-34.4,-35.8,-36.6,-35.9,-34.1,-31.5,-29.9,-29.1,-28.8,-29.1,-30.1,-32.0,-31.3,-32.1,-34.0,-35.9,-36.6,-35.8,-33.9,-36.5,-40.9,-43.0,-41.6,-37.4,-33.0,-31.0,-32.1,-33.5,-36.4,-38.5,-39.7,-39.4,-38.2,-36.1,-33.9,-32.5,-31.8,-31.8,-32.1,-34.9,-34.3,-35.2,-37.1,-38.9,-39.5,-38.6,-36.7,508.7,509.1,509.1,508.8,508.3,508.2,507.9,508.2,513.0,510.3,507.9,506.6,507.1,508.5,510.1,508.6,507.1,506.9,508.1,510.4,509.2,509.1,509.1,509.2,509.4,509.6,509.6,509.4,522.8,523.8,525.4,526.6,526.8,525.8,524.2,523.1,523.2,522.4,522.2,523.2,525.8,529.3,532.6,529.3,526.0,523.6,522.5,522.6,524.7,525.3,526.0,526.4,526.3,525.8,525.1,524.7,26.1,-2.5,647.9,0.171,-0.166,-0.014,218.1,218.9,221.0,224.0,229.1,236.6,245.7,256.1,266.6,275.3,281.6,287.1,291.8,295.2,297.3,298.9,299.2,227.9,234.2,242.9,251.7,259.6,275.1,281.7,288.2,294.4,298.2,267.8,268.9,270.2,271.4,260.3,264.8,269.4,273.4,276.9,237.6,242.7,249.0,254.2,248.9,242.7,276.6,281.6,287.2,291.0,287.7,282.2,252.0,259.3,265.4,269.0,272.7,277.2,280.9,277.4,273.1,269.1,265.1,259.0,255.0,265.1,268.8,272.6,278.7,272.6,268.9,265.1,162.8,174.7,186.5,197.8,208.4,217.6,225.0,230.4,231.4,229.0,222.3,214.1,204.7,194.4,183.7,172.6,161.4,155.2,150.1,148.6,149.8,152.5,151.8,148.7,147.1,147.9,152.2,161.0,168.8,176.5,184.5,190.0,191.3,192.4,191.0,189.2,163.0,159.8,159.8,163.5,165.0,165.3,162.6,158.4,158.3,161.0,163.5,163.8,206.1,203.3,201.4,202.4,201.1,202.6,204.7,209.8,212.0,212.6,212.5,210.8,206.3,205.2,205.4,204.8,205.2,206.1,206.9,206.6,-55.3,-54.3,-51.0,-45.8,-36.8,-23.4,-7.5,10.5,28.5,44.0,56.0,67.0,76.0,81.9,85.5,88.0,88.5,-36.5,-25.8,-11.5,2.7,15.4,40.8,52.1,63.7,75.1,82.9,28.9,30.4,32.1,33.7,16.6,24.0,31.3,38.0,43.9,-20.5,-11.9,-1.7,6.9,-1.8,-12.1,44.5,52.9,62.7,69.8,63.7,54.0,3.3,15.2,25.0,31.0,37.1,45.1,52.2,45.6,37.9,31.2,24.6,14.8,8.3,24.7,30.8,37.1,48.2,37.2,30.8,24.6,-42.9,-22.3,-1.8,18.2,36.9,52.7,65.1,73.5,75.1,71.9,61.8,47.9,31.3,12.6,-6.9,-26.8,-46.9,-53.3,-61.2,-63.2,-60.9,-56.2,-58.0,-63.9,-67.3,-67.0,-60.6,-42.9,-30.0,-17.5,-4.8,4.0,6.2,8.0,5.7,2.8,-40.5,-45.5,-45.6,-39.6,-37.0,-36.5,-41.6,-48.7,-49.2,-45.2,-40.5,-39.8,31.0,25.8,22.7,24.3,22.2,25.0,29.0,37.0,40.2,41.1,40.8,38.1,31.0,28.9,29.3,28.4,29.7,30.6,31.7,31.3,678.5,682.3,686.5,688.7,687.8,684.2,677.6,669.2,668.4,677.7,692.6,704.6,709.4,708.1,705.8,703.6,702.8,645.6,639.0,634.2,630.3,628.5,635.4,642.9,651.7,661.2,671.4,634.1,627.9,621.2,615.0,632.0,630.7,630.1,633.4,637.5,644.8,641.7,642.1,643.4,642.4,642.1,652.4,654.8,658.7,665.1,659.1,655.2,649.1,638.3,634.8,636.0,638.1,646.8,659.9,648.5,641.5,639.0,638.1,640.8,646.7,637.9,638.6,641.3,655.8,641.2,638.5,638.0,0.597,0.18,-0.215,-0.005,265.705,185.818,-5.108,11.692,-13.911,21.645,2.894,1.504,-4.172,3.99,4.636,-5.029,-0.696,0.547,0.041,-2.054,-0.176,-0.803,-0.016,0.673,-1.168,-0.66,0.321,-0.104,-0.449,-0.727,0.244,0.193,0.131,0.044,-0.11,-0.024,-0.037,-0.022,0.012,0.007,0.51,0.23,0.0,0.57,0.0,0.0,0.0,0.0,0.0,0.11,0.0,0.0,0.0,0.0,0.0,0.0,0.0,0.0,1.0,0.0,1.0,0.0,0.0,0.0,0.0,0.0,0.0,0.0,0.0,0.0,0.0,0.0,0.0,1.0,0.0
PP133,g1,1354,0,0.975,0.194188,0.186603,-0.963053,0.037803,0.18655,-0.981718,0.119,0.19,242.1,243.4,246.6,249.8,251.1,250.0,246.6,243.4,237.8,239.8,242.6,246.1,249.6,252.3,254.1,252.0,249.0,245.8,242.6,239.8,245.2,246.6,248.0,248.6,248.0,246.6,245.2,244.6,280.0,280.9,283.6,286.6,288.1,287.2,284.5,281.2,276.9,278.8,281.5,284.8,287.8,289.9,291.1,290.0,288.0,285.5,282.4,279.3,282.7,284.0,285.2,285.6,285.0,283.7,282.5,282.1,161.3,158.0,156.6,158.0,161.2,164.7,165.8,164.5,162.7,160.9,159.8,159.2,159.8,161.2,163.3,164.5,164.9,165.1,164.9,164.2,162.8,163.3,162.7,161.3,159.9,159.3,159.9,161.3,160.3,157.1,155.7,156.8,159.9,163.1,164.5,163.7,162.6,160.4,158.8,158.0,158.4,159.4,161.1,162.6,163.5,163.9,163.9,163.6,161.6,162.1,161.5,160.1,158.7,158.2,158.9,160.3,-10.3,-8.6,-4.5,-0.3,1.4,0.0,-4.4,-8.6,-16.1,-13.4,-9.6,-5.0,-0.5,3.0,5.4,2.6,-1.3,-5.5,-9.6,-13.3,-6.3,-4.4,-2.6,-1.9,-2.6,-4.5,-6.3,-7.0,40.3,41.6,45.4,49.6,51.6,50.3,46.4,42.0,36.2,38.7,42.3,46.8,51.0,54.2,56.3,54.4,51.4,47.7,43.5,39.4,44.1,45.9,47.6,48.2,47.3,45.5,43.8,43.2,-34.3,-38.6,-40.4,-38.6,-34.3,-29.7,-28.3,-30.0,-32.6,-34.8,-36.2,-36.9,-36.1,-34.3,-31.7,-30.1,-29.4,-29.1,-29.5,-30.6,-32.4,-31.6,-32.4,-34.3,-36.1,-36.9,-36.1,-34.2,-36.5,-40.9,-43.0,-41.6,-37.4,-33.0,-31.0,-32.1,-33.5,-36.4,-38.5,-39.7,-39.3,-38.2,-36.1,-33.9,-32.5,-31.8,-31.7,-32.1,-34.9,-34.3,-35.2,-37.1,-38.9,-39.5,-38.6,-36.7,510.2,510.6,510.8,510.6,510.1,510.0,509.6,509.8,514.4,511.8,509.4,508.3,508.9,510.3,512.0,510.4,508.8,508.5,509.6,511.8,510.8,510.7,510.8,511.0,511.2,511.3,511.2,511.0,525.0,525.9,527.5,528.7,528.9,528.0,526.4,525.3,525.5,524.6,524.4,525.3,528.0,531.4,534.8,531.5,528.2,525.8,524.7,524.9,526.9,527.5,528.2,528.6,528.5,527.9,527.3,526.8,25.8,-3.2,652.6,0.201,-0.169,0.003,218.1,218.7,220.5,223.3,228.2,235.6,244.7,255.0,265.5,274.1,280.5,286.3,291.3,294.9,297.3,299.0,299.4,228.2,234.7,243.3,252.1,260.0,275.4,282.1,288.6,294.8,298.6,268.0,269.0,270.1,271.2,259.9,264.5,269.0,273.1,276.6,237.7,242.9,249.2,254.3,249.0,242.8,276.9,281.8,287.4,291.3,287.9,282.4,250.9,258.4,264.7,268.4,272.3,276.8,280.5,276.8,272.4,268.2,264.1,257.9,253.9,264.3,268.2,272.0,278.3,272.0,268.1,264.2,162.0,173.7,185.2,196.3,206.8,215.7,223.1,228.6,229.7,227.4,220.9,212.9,203.8,193.8,183.2,172.3,161.1,154.7,149.9,148.6,149.8,152.6,152.0,148.8,147.3,148.0,152.2,161.3,169.0,176.7,184.7,189.8,191.2,192.4,191.0,189.3,162.7,159.7,159.7,163.4,164.9,165.1,162.7,158.6,158.4,161.1,163.6,163.9,205.2,202.7,201.1,202.1,200.8,202.2,204.1,209.2,211.5,212.2,211.9,210.0,205.4,204.8,205.0,204.5,204.6,205.7,206.4,206.1,-55.6,-54.9,-52.1,-47.3,-38.6,-25.3,-9.3,8.7,26.7,42.2,54.5,65.9,75.5,82.0,86.1,88.9,89.6,-36.2,-25.2,-10.9,3.4,16.1,41.5,53.0,64.6,76.2,84.0,29.4,30.7,32.2,33.6,16.2,23.6,30.9,37.7,43.7,-20.5,-11.6,-1.4,7.0,-1.6,-11.9,45.1,53.6,63.4,70.6,64.3,54.6,1.5,13.9,24.1,30.2,36.6,44.7,52.0,45.0,37.0,30.1,23.2,13.2,6.6,23.6,29.9,36.5,48.0,36.4,29.9,23.4,-44.4,-24.2,-4.0,15.7,34.1,49.8,62.3,71.0,72.8,69.8,59.7,46.1,29.8,11.5,-7.9,-27.7,-47.8,-54.4,-61.8,-63.5,-61.1,-56.4,-58.1,-64.0,-67.4,-67.1,-60.9,-42.8,-29.9,-17.2,-4.5,3.8,6.1,7.9,5.7,2.9,-41.2,-45.9,-45.9,-39.8,-37.4,-37.1,-41.6,-48.7,-49.2,-45.2,-40.5,-39.8,29.6,25.0,22.2,23.9,21.9,24.5,28.2,36.4,39.8,40.7,40.2,37.2,29.9,28.5,28.9,28.1,28.9,30.2,31.2,30.7,681.2,685.0,689.5,692.3,691.9,688.8,682.5,674.4,673.8,682.9,697.7,709.5,714.3,713.3,711.1,709.0,708.1,648.3,641.7,636.9,633.1,631.2,638.2,645.6,654.4,663.9,674.1,637.2,631.5,625.4,619.8,636.5,635.3,634.9,638.2,642.1,648.0,644.7,645.1,646.6,645.5,645.2,655.4,657.7,661.6,668.1,662.2,658.3,654.4,643.7,639.8,641.0,643.1,652.1,665.5,654.3,647.1,644.5,643.6,646.6,652.1,643.1,643.8,646.4,661.5,646.4,643.7,643.2,0.593,0.208,-0.218,0.013,265.411,185.369,-4.78,8.696,-12.952,17.513,5.539,1.229,-4.615,3.614,3.931,-3.049,-0.338,0.756,0.743,-1.626,-0.934,-0.06,0.097,0.881,-1.086,-0.996,0.401,-0.233,-0.108,-0.561,0.207,-0.018,0.081,0.029,-0.091,-0.003,-0.03,0.001,0.006,0.009,0.57,0.02,0.0,0.36,0.0,0.0,0.0,0.0,0.0,0.0,0.0,0.0,0.0,0.0,0.0,0.0,0.0,0.0,1.0,0.0,1.0,0.0,0.0,0.0,0.0,0.0,0.0,0.0,0.0,0.0,0.0,0.0,0.0,1.0,0.0
PP133,g1,1360,0,0.975,0.193896,0.183065,-0.96379,0.03834,0.183003,-0.982364,0.119,0.186,242.5,243.8,247.0,250.2,251.5,250.4,247.0,243.8,238.2,240.2,243.0,246.5,250.0,252.7,254.5,252.4,249.4,246.2,243.0,240.2,245.6,247.0,248.4,249.0,248.4,247.0,245.6,245.0,280.3,281.2,284.0,287.0,288.5,287.6,284.8,281.6,277.3,279.2,281.9,285.2,288.1,290.2,291.5,290.4,288.4,285.8,282.8,279.7,283.1,284.4,285.6,286.0,285.4,284.0,282.8,282.4,161.2,157.9,156.5,157.9,161.1,164.6,165.8,164.4,162.7,160.9,159.7,159.1,159.7,161.1,163.2,164.4,164.8,165.1,164.8,164.1,162.7,163.2,162.6,161.2,159.8,159.2,159.8,161.2,160.2,157.0,155.5,156.7,159.7,162.9,164.4,163.5,162.5,160.3,158.7,157.9,158.3,159.3,161.0,162.5,163.3,163.8,163.7,163.5,161.5,162.0,161.4,160.0,158.6,158.1,158.8,160.2,-9.8,-8.1,-4.0,0.2,2.0,0.6,-3.9,-8.1,-15.5,-12.9,-9.1,-4.5,0.0,3.5,5.9,3.1,-0.7,-4.9,-9.1,-12.8,-5.7,-3.9,-2.1,-1.3,-2.1,-3.9,-5.8,-6.5,40.7,42.0,45.9,50.1,52.1,50.8,46.9,42.4,36.7,39.2,42.8,47.3,51.5,54.7,56.8,54.9,51.9,48.2,44.0,39.9,44.6,46.4,48.1,48.7,47.8,46.0,44.3,43.7,-34.3,-38.6,-40.4,-38.7,-34.4,-29.8,-28.3,-30.0,-32.6,-34.8,-36.2,-36.9,-36.2,-34.4,-31.8,-30.1,-29.4,-29.1,-29.5,-30.6,-32.4,-31.6,-32.4,-34.3,-36.2,-36.9,-36.2,-34.3,-36.6,-41.0,-43.1,-41.7,-37.6,-33.2,-31.1,-32.2,-33.6,-36.5,-38.7,-39.8,-39.5,-38.3,-36.2,-34.0,-32.6,-31.9,-31.9,-32.2,-35.0,-34.4,-35.3,-37.2,-39.0,-39.7,-38.7,-36.8,509.1,509.5,509.7,509.4,509.0,508.8,508.5,508.7,513.3,510.7,508.3,507.2,507.8,509.2,510.9,509.3,507.7,507.4,508.5,510.7,509.7,509.6,509.7,509.9,510.0,510.1,510.1,509.9,524.5,525.5,527.0,528.3,528.5,527.6,526.0,524.9,525.0,524.2,524.0,524.9,527.5,531.0,534.3,531.1,527.8,525.4,524.3,524.4,526.5,527.1,527.7,528.2,528.1,527.5,526.8,526.4,26.6,-3.5,652.4,0.195,-0.17,0.0,218.5,219.1,220.9,223.8,228.7,236.1,245.2,255.6,266.1,274.7,281.1,286.8,291.8,295.4,297.7,299.3,299.8,228.6,235.1,243.7,252.5,260.4,275.8,282.4,288.9,295.1,299.0,268.4,269.4,270.6,271.7,260.5,265.0,269.6,273.6,277.1,238.0,243.3,249.6,254.7,249.4,243.2,277.3,282.2,287.8,291.7,288.3,282.8,251.6,259.1,265.4,269.0,272.8,277.3,281.0,277.4,273.0,268.9,264.9,258.7,254.6,265.0,268.8,272.6,278.8,272.6,268.8,264.9,162.0,173.7,185.3,196.4,206.8,215.8,223.1,228.5,229.6,227.3,220.8,212.9,203.8,193.7,183.2,172.3,161.2,154.6,149.7,148.4,149.6,152.5,151.8,148.6,147.1,147.9,152.1,161.1,168.8,176.5,184.4,189.7,191.0,192.2,190.8,189.1,162.6,159.6,159.6,163.3,164.8,165.0,162.6,158.4,158.3,160.9,163.5,163.8,205.1,202.6,200.9,201.9,200.6,202.0,203.9,209.0,211.3,211.9,211.7,209.9,205.3,204.6,204.9,204.3,204.4,205.5,206.2,205.9,-54.9,-54.1,-51.3,-46.5,-37.8,-24.4,-8.4,9.7,27.7,43.2,55.4,66.8,76.4,82.8,86.8,89.5,90.2,-35.6,-24.6,-10.2,4.0,16.8,42.2,53.6,65.2,76.8,84.6,30.0,31.4,32.9,34.4,17.1,24.4,31.8,38.5,44.5,-19.8,-11.0,-0.7,7.7,-0.9,-11.3,45.8,54.3,64.1,71.3,65.0,55.3,2.6,15.0,25.1,31.2,37.4,45.5,52.8,45.8,38.0,31.1,24.5,14.4,7.6,24.7,30.9,37.3,48.8,37.3,30.9,24.6,-44.5,-24.2,-4.0,15.7,34.1,49.8,62.2,70.8,72.6,69.6,59.5,46.0,29.8,11.4,-7.9,-27.7,-47.8,-54.6,-62.1,-63.8,-61.4,-56.6,-58.4,-64.3,-67.7,-67.4,-61.2,-43.1,-30.2,-17.6,-4.9,3.5,5.8,7.6,5.4,2.6,-41.3,-46.1,-46.1,-40.0,-37.5,-37.2,-41.8,-48.9,-49.5,-45.5,-40.7,-40.0,29.5,24.8,22.0,23.6,21.6,24.2,27.9,36.0,39.4,40.3,39.9,37.0,29.7,28.2,28.6,27.7,28.6,29.8,30.8,30.3,681.3,685.1,689.4,692.1,691.7,688.6,682.2,674.1,673.4,682.7,697.5,709.5,714.4,713.3,711.2,709.1,708.3,648.4,641.9,637.1,633.2,631.4,638.4,645.9,654.8,664.2,674.4,637.4,631.6,625.3,619.5,636.2,635.1,634.7,638.0,641.9,648.1,644.8,645.2,646.7,645.6,645.3,655.7,658.0,662.0,668.5,662.5,658.6,654.0,643.3,639.5,640.7,642.8,651.8,665.3,653.8,646.5,644.0,643.1,646.1,651.8,642.7,643.5,646.1,661.3,646.0,643.3,642.8,0.593,0.202,-0.22,0.01,265.897,185.245,-3.86,8.924,-13.21,17.791,5.187,1.059,-4.746,4.04,3.815,-3.365,-0.466,0.935,0.471,-2.04,-0.899,-0.247,0.066,0.793,-1.035,-0.712,0.578,-0.235,-0.212,-0.5,0.165,0.06,0.087,0.021,-0.104,-0.013,-0.033,-0.005,0.007,0.01,0.47,0.25,0.0,0.93,0.0,0.0,0.06,0.0,0.0,0.5,0.0,0.0,0.0,0.0,0.0,0.0,0.0,0.0,1.0,0.0,1.0,0.0,0.0,0.0,0.0,0.0,1.0,0.0,0.0,0.0,0.0,0.0,0.0,1.0,0.0
PP133,g1,1366,0,0.975,0.187277,0.16398,-0.968524,0.042783,0.16442,-0.985462,0.117,0.167,242.6,243.8,247.0,250.2,251.6,250.6,247.2,243.9,238.3,240.3,243.1,246.6,250.1,252.8,254.7,252.6,249.6,246.3,243.2,240.4,245.7,247.1,248.5,249.1,248.5,247.1,245.7,245.1,280.4,281.3,284.1,287.1,288.6,287.7,284.9,281.6,277.4,279.3,282.0,285.3,288.2,290.3,291.6,290.4,288.5,285.9,282.9,279.8,283.2,284.5,285.7,286.1,285.4,284.1,282.9,282.5,161.5,158.2,156.8,158.1,161.3,164.9,166.1,164.8,163.1,161.2,160.0,159.4,159.9,161.4,163.4,164.6,165.1,165.4,165.2,164.5,163.0,163.5,162.9,161.5,160.1,159.5,160.1,161.6,160.4,157.2,155.8,156.9,160.0,163.2,164.6,163.7,162.7,160.5,158.9,158.1,158.5,159.6,161.3,162.8,163.6,164.0,164.0,163.7,161.7,162.2,161.6,160.2,158.8,158.3,159.0,160.4,-9.7,-8.0,-3.9,0.3,2.1,0.8,-3.7,-7.9,-15.3,-12.7,-9.0,-4.4,0.1,3.6,6.1,3.3,-0.5,-4.8,-8.9,-12.6,-5.5,-3.7,-1.9,-1.2,-2.0,-3.8,-5.6,-6.3,40.7,42.0,45.9,50.0,52.1,50.7,46.9,42.4,36.7,39.2,42.8,47.3,51.5,54.6,56.7,54.8,51.9,48.2,44.0,39.8,44.5,46.4,48.1,48.6,47.8,45.9,44.2,43.7,-33.8,-38.1,-39.9,-38.2,-34.0,-29.4,-27.8,-29.5,-32.0,-34.3,-35.7,-36.5,-35.8,-34.0,-31.4,-29.7,-29.0,-28.6,-29.0,-30.0,-31.9,-31.2,-32.0,-33.9,-35.7,-36.5,-35.7,-33.8,-36.3,-40.6,-42.7,-41.3,-37.1,-32.7,-30.7,-31.8,-33.3,-36.1,-38.3,-39.4,-39.1,-37.9,-35.7,-33.5,-32.2,-31.5,-31.5,-31.9,-34.6,-34.0,-34.9,-36.8,-38.6,-39.2,-38.3,-36.4,507.9,508.3,508.3,508.1,507.6,507.4,507.1,507.4,512.2,509.5,507.1,505.9,506.4,507.8,509.4,507.8,506.4,506.1,507.3,509.6,508.4,508.3,508.3,508.5,508.7,508.8,508.8,508.6,522.9,523.9,525.5,526.8,526.9,525.9,524.3,523.2,523.3,522.5,522.3,523.3,526.0,529.5,532.8,529.5,526.2,523.7,522.6,522.7,524.8,525.4,526.1,526.5,526.5,525.9,525.2,524.8,27.1,-2.1,647.0,0.163,-0.168,-0.009,218.7,219.4,221.5,224.5,229.6,237.1,246.1,256.5,267.1,275.7,281.9,287.4,292.1,295.5,297.7,299.4,299.8,228.6,235.0,243.6,252.4,260.3,276.0,282.5,289.0,295.2,298.9,268.5,269.7,270.9,272.1,260.9,265.5,270.1,274.1,277.5,238.2,243.4,249.7,254.8,249.6,243.3,277.3,282.3,287.9,291.7,288.4,282.9,252.5,259.9,266.0,269.6,273.3,277.7,281.3,277.9,273.6,269.6,265.6,259.6,255.6,265.7,269.4,273.1,279.2,273.1,269.4,265.6,162.9,174.9,186.8,198.1,208.8,218.0,225.5,230.9,231.9,229.5,223.0,214.8,205.5,195.2,184.4,173.3,162.0,155.2,150.1,148.6,149.8,152.6,151.9,148.8,147.3,148.1,152.5,161.1,168.9,176.6,184.6,190.1,191.5,192.6,191.2,189.4,163.0,159.9,159.8,163.5,165.1,165.4,162.8,158.6,158.5,161.2,163.7,164.0,206.4,203.5,201.7,202.6,201.4,202.9,205.1,210.1,212.3,212.9,212.7,211.0,206.5,205.4,205.6,205.0,205.6,206.4,207.1,206.9,-54.3,-53.3,-50.0,-44.9,-35.8,-22.5,-6.7,11.2,29.1,44.5,56.4,67.3,76.3,82.3,86.2,88.8,89.4,-35.4,-24.6,-10.3,3.8,16.5,42.2,53.5,65.0,76.4,84.1,30.0,31.6,33.2,34.8,17.7,25.0,32.3,39.0,44.8,-19.4,-10.8,-0.6,7.9,-0.7,-11.0,45.6,54.1,63.8,71.0,64.8,55.1,4.2,16.1,25.9,31.8,38.0,45.8,52.9,46.3,38.7,32.0,25.4,15.7,9.2,25.6,31.6,37.9,48.9,37.9,31.7,25.5,-42.6,-21.9,-1.3,18.7,37.4,53.3,65.7,74.1,75.7,72.8,62.9,49.2,32.6,13.9,-5.6,-25.6,-45.9,-53.3,-61.1,-63.1,-60.8,-56.2,-57.9,-63.7,-67.0,-66.6,-60.2,-42.8,-29.9,-17.3,-4.6,4.2,6.4,8.2,6.0,3.1,-40.4,-45.3,-45.4,-39.5,-36.8,-36.3,-41.3,-48.3,-48.8,-44.7,-40.1,-39.4,31.3,26.1,23.0,24.6,22.6,25.5,29.7,37.5,40.6,41.5,41.1,38.5,31.4,29.2,29.6,28.8,30.3,31.0,32.0,31.6,677.1,680.8,684.9,687.0,686.0,682.4,675.9,667.6,666.8,676.2,691.2,703.3,708.3,707.1,704.9,702.8,702.1,644.6,638.2,633.5,629.8,627.9,635.0,642.6,651.5,661.0,671.2,633.5,627.2,620.4,614.2,631.0,629.7,629.1,632.5,636.7,644.0,641.0,641.4,642.7,641.6,641.3,651.8,654.4,658.3,664.7,658.6,654.7,647.8,637.2,633.8,635.0,637.1,645.8,658.9,647.3,640.4,637.9,636.9,639.5,645.4,636.8,637.5,640.3,654.7,640.2,637.4,636.9,0.598,0.173,-0.22,-0.0,266.291,186.073,-6.278,11.531,-14.045,22.142,3.255,1.841,-4.221,4.082,4.797,-5.508,-0.707,0.5,-0.078,-2.262,-0.093,-0.68,-0.039,0.982,-1.342,-0.642,0.314,-0.137,-0.292,-0.77,0.209,0.228,0.166,0.015,-0.111,-0.02,-0.039,-0.02,0.011,0.006,0.87,0.31,0.0,0.98,0.0,0.0,0.0,0.0,0.0,0.0,0.0,0.0,0.0,0.0,0.0,0.0,0.0,1.0,1.0,0.0,1.0,0.0,0.0,0.0,0.0,0.0,0.0,0.0,0.0,0.0,0.0,0.0,0.0,1.0,0.0
PP133,g1,1372,0,0.975,0.191206,0.174084,-0.965989,0.041021,0.174736,-0.98376,0.119,0.177,243.0,244.3,247.5,250.7,252.1,251.0,247.6,244.4,238.8,240.7,243.6,247.1,250.6,253.2,255.1,253.0,250.0,246.8,243.6,240.8,246.2,247.6,249.0,249.5,248.9,247.5,246.1,245.6,280.8,281.7,284.4,287.4,288.9,288.0,285.3,282.0,277.7,279.7,282.3,285.6,288.6,290.6,291.9,290.8,288.8,286.3,283.2,280.1,283.5,284.8,286.0,286.4,285.8,284.5,283.3,282.9,161.9,158.6,157.2,158.5,161.7,165.3,166.4,165.1,163.4,161.6,160.4,159.8,160.3,161.8,163.8,165.0,165.5,165.7,165.5,164.8,163.3,163.9,163.3,161.9,160.4,159.9,160.5,161.9,160.8,157.6,156.1,157.2,160.3,163.5,165.0,164.1,163.0,160.9,159.3,158.5,158.8,159.9,161.6,163.1,163.9,164.3,164.3,164.0,162.1,162.6,161.9,160.5,159.2,158.7,159.3,160.7,-9.1,-7.4,-3.3,0.9,2.7,1.3,-3.1,-7.3,-14.8,-12.1,-8.4,-3.8,0.7,4.2,6.7,3.9,0.0,-4.2,-8.3,-12.0,-5.0,-3.2,-1.3,-0.6,-1.4,-3.2,-5.0,-5.8,41.4,42.6,46.5,50.7,52.7,51.4,47.5,43.0,37.3,39.9,43.4,47.9,52.1,55.3,57.4,55.5,52.5,48.8,44.7,40.5,45.2,47.0,48.7,49.3,48.4,46.6,44.9,44.3,-33.5,-37.8,-39.6,-37.9,-33.6,-29.0,-27.5,-29.2,-31.8,-34.0,-35.4,-36.1,-35.4,-33.6,-31.1,-29.4,-28.7,-28.4,-28.7,-29.8,-31.6,-30.8,-31.7,-33.5,-35.4,-36.2,-35.3,-33.5,-35.9,-40.3,-42.4,-41.0,-36.8,-32.4,-30.4,-31.5,-32.9,-35.8,-37.9,-39.1,-38.7,-37.6,-35.5,-33.3,-31.9,-31.2,-31.2,-31.5,-34.3,-33.7,-34.6,-36.5,-38.3,-38.9,-38.0,-36.1,510.3,510.7,510.8,510.5,510.1,509.9,509.6,509.8,514.5,511.9,509.5,508.3,508.9,510.3,512.0,510.4,508.8,508.5,509.7,511.9,510.8,510.7,510.8,511.0,511.2,511.3,511.2,511.0,525.1,526.1,527.7,529.0,529.2,528.2,526.6,525.5,525.6,524.8,524.6,525.5,528.2,531.7,535.0,531.7,528.4,526.0,524.9,525.0,527.1,527.7,528.4,528.8,528.7,528.1,527.4,527.0,27.7,-2.2,649.8,0.177,-0.169,-0.007,219.0,219.7,221.6,224.5,229.5,237.0,246.1,256.6,267.1,275.8,282.1,287.7,292.5,296.0,298.2,299.8,300.2,229.0,235.4,244.2,252.9,260.9,276.2,282.8,289.3,295.5,299.3,268.9,270.0,271.2,272.4,261.2,265.7,270.3,274.3,277.8,238.6,243.9,250.1,255.2,250.0,243.8,277.7,282.6,288.2,292.0,288.8,283.2,252.5,260.0,266.2,269.8,273.6,278.1,281.7,278.2,273.9,269.8,265.7,259.6,255.5,265.8,269.6,273.4,279.6,273.4,269.6,265.8,162.9,174.7,186.4,197.7,208.2,217.3,224.8,230.2,231.2,228.8,222.2,214.1,204.8,194.6,183.9,172.9,161.8,155.5,150.4,149.0,150.2,153.0,152.3,149.1,147.6,148.4,152.7,161.6,169.3,176.9,184.8,190.2,191.6,192.7,191.3,189.6,163.3,160.3,160.2,163.9,165.4,165.7,163.1,159.0,158.9,161.5,164.0,164.3,206.1,203.3,201.6,202.5,201.3,202.7,204.8,209.8,212.1,212.7,212.5,210.7,206.2,205.3,205.5,204.9,205.2,206.2,207.0,206.7,-54.0,-53.1,-50.0,-45.0,-36.2,-22.9,-6.9,11.3,29.4,45.0,57.2,68.3,77.5,83.6,87.4,90.0,90.6,-34.8,-23.9,-9.5,4.7,17.5,42.7,54.1,65.7,77.2,85.0,30.8,32.2,33.8,35.4,18.1,25.5,32.9,39.6,45.5,-18.8,-10.1,0.2,8.6,0.0,-10.3,46.4,54.9,64.6,71.8,65.6,55.9,4.2,16.3,26.3,32.4,38.7,46.6,53.8,47.0,39.3,32.5,25.8,15.9,9.2,25.9,32.2,38.6,49.8,38.6,32.2,25.8,-42.8,-22.3,-1.9,17.9,36.5,52.3,64.8,73.3,75.0,71.9,61.8,48.1,31.6,12.9,-6.5,-26.4,-46.5,-53.0,-60.8,-62.7,-60.4,-55.6,-57.4,-63.3,-66.7,-66.4,-60.0,-42.2,-29.4,-16.9,-4.3,4.4,6.7,8.4,6.2,3.4,-40.0,-44.8,-44.9,-39.0,-36.4,-36.0,-40.8,-47.8,-48.4,-44.4,-39.7,-39.0,31.0,26.0,22.9,24.6,22.6,25.3,29.3,37.2,40.4,41.3,41.0,38.2,31.1,29.2,29.6,28.7,29.9,30.9,31.9,31.5,679.7,683.4,687.5,689.9,689.2,685.9,679.4,671.1,670.5,679.8,694.8,706.8,711.7,710.6,708.4,706.4,705.7,646.9,640.4,635.5,631.8,630.0,636.9,644.4,653.3,662.9,673.2,635.7,629.7,623.2,617.2,633.9,632.7,632.3,635.6,639.6,646.3,643.2,643.6,645.0,643.9,643.5,654.1,656.5,660.5,666.9,660.8,656.9,651.0,640.3,636.7,638.0,640.1,648.9,662.2,650.6,643.5,640.9,640.0,642.8,648.7,639.8,640.6,643.3,658.1,643.2,640.4,639.9,0.595,0.187,-0.221,0.003,266.569,186.026,-4.016,10.489,-13.487,19.361,3.357,0.966,-4.428,3.467,3.92,-4.423,-0.778,0.532,-0.195,-1.7,-0.378,-0.562,-0.108,0.821,-1.264,-0.741,0.388,-0.204,-0.328,-0.785,0.187,0.144,0.118,0.022,-0.102,-0.026,-0.033,-0.015,0.012,0.003,0.21,0.0,0.0,0.41,0.0,0.0,0.0,0.0,0.0,0.1,0.0,0.0,0.0,0.0,0.0,0.0,0.0,0.0,1.0,0.0,1.0,0.0,0.0,0.0,0.0,0.0,0.0,0.0,0.0,0.0,0.0,0.0,0.0,1.0,0.0
PP133,g1,1378,0,0.975,0.19575,0.184516,-0.963139,0.038015,0.183888,-0.982212,0.12,0.187,242.5,243.8,247.0,250.2,251.5,250.4,247.0,243.8,238.2,240.2,243.0,246.5,250.1,252.7,254.5,252.4,249.4,246.2,243.0,240.2,245.6,247.0,248.4,249.0,248.4,247.0,245.6,245.0,280.4,281.3,284.1,287.1,288.6,287.6,284.9,281.6,277.3,279.3,281.9,285.2,288.2,290.3,291.5,290.4,288.5,285.9,282.8,279.7,283.1,284.4,285.7,286.1,285.4,284.1,282.9,282.5,161.2,158.0,156.6,157.9,161.2,164.7,165.8,164.5,162.7,160.9,159.7,159.1,159.8,161.2,163.3,164.5,164.9,165.1,164.9,164.1,162.7,163.3,162.7,161.3,159.9,159.3,159.9,161.3,160.3,157.1,155.7,156.8,159.9,163.1,164.5,163.7,162.6,160.4,158.8,158.0,158.4,159.4,161.1,162.6,163.5,163.9,163.9,163.6,161.6,162.1,161.5,160.1,158.7,158.2,158.9,160.3,-9.8,-8.1,-3.9,0.2,2.0,0.6,-3.9,-8.1,-15.5,-12.9,-9.1,-4.5,0.1,3.5,5.9,3.1,-0.7,-4.9,-9.1,-12.8,-5.7,-3.9,-2.1,-1.3,-2.1,-3.9,-5.7,-6.5,40.7,42.0,45.9,50.1,52.1,50.8,46.9,42.4,36.7,39.2,42.7,47.3,51.5,54.7,56.7,54.9,51.9,48.2,44.0,39.9,44.6,46.4,48.1,48.7,47.8,46.0,44.3,43.7,-34.2,-38.5,-40.3,-38.5,-34.3,-29.7,-28.2,-29.9,-32.5,-34.7,-36.1,-36.8,-36.0,-34.2,-31.6,-30.0,-29.3,-29.0,-29.4,-30.5,-32.3,-31.5,-32.3,-34.2,-36.1,-36.8,-36.0,-34.2,-36.4,-40.8,-42.9,-41.5,-37.4,-33.0,-30.9,-32.0,-33.4,-36.3,-38.4,-39.6,-39.3,-38.1,-36.0,-33.8,-32.4,-31.7,-31.7,-32.0,-34.8,-34.2,-35.1,-37.0,-38.8,-39.5,-38.5,-36.6,508.8,509.2,509.3,509.1,508.7,508.5,508.1,508.3,512.9,510.3,508.0,506.8,507.4,508.9,510.6,509.0,507.4,507.1,508.2,510.4,509.4,509.3,509.3,509.5,509.7,509.8,509.7,509.6,523.8,524.7,526.3,527.6,527.8,526.8,525.3,524.1,524.3,523.4,523.2,524.2,526.8,530.3,533.6,530.3,527.1,524.6,523.5,523.7,525.8,526.3,527.0,527.4,527.3,526.8,526.1,525.7,26.5,-3.4,652.9,0.198,-0.17,0.003,218.4,219.0,220.8,223.6,228.6,236.0,245.1,255.4,265.9,274.5,280.8,286.6,291.6,295.3,297.6,299.3,299.8,228.5,235.0,243.7,252.5,260.4,275.9,282.6,289.0,295.2,299.1,268.4,269.5,270.6,271.7,260.4,264.9,269.5,273.5,277.0,238.0,243.3,249.6,254.7,249.4,243.2,277.3,282.2,287.8,291.7,288.4,282.8,251.2,258.8,265.1,268.8,272.6,277.2,280.9,277.2,272.8,268.7,264.6,258.3,254.2,264.8,268.6,272.4,278.8,272.4,268.6,264.7,162.0,173.7,185.3,196.4,206.8,215.8,223.1,228.5,229.6,227.3,220.8,212.9,203.8,193.8,183.2,172.3,161.2,154.6,149.8,148.4,149.7,152.5,151.8,148.7,147.2,147.9,152.1,161.2,168.9,176.6,184.5,189.7,191.1,192.2,190.9,189.2,162.6,159.6,159.7,163.4,164.9,165.1,162.7,158.6,158.4,161.1,163.6,163.9,205.0,202.5,200.9,201.9,200.7,202.0,203.8,209.0,211.3,212.0,211.7,209.8,205.2,204.6,204.9,204.3,204.4,205.6,206.3,206.0,-55.1,-54.3,-51.5,-46.7,-38.0,-24.6,-8.6,9.4,27.3,42.8,55.0,66.5,76.2,82.7,86.8,89.5,90.3,-35.7,-24.6,-10.2,4.0,16.8,42.4,53.8,65.4,77.0,84.8,30.1,31.5,33.0,34.4,17.0,24.3,31.7,38.5,44.4,-19.9,-11.0,-0.7,7.7,-0.9,-11.3,45.8,54.3,64.2,71.4,65.1,55.4,2.0,14.5,24.8,30.9,37.3,45.4,52.8,45.7,37.7,30.8,24.0,13.8,7.0,24.3,30.6,37.1,48.8,37.1,30.6,24.2,-44.5,-24.1,-3.9,15.8,34.2,49.8,62.2,70.8,72.6,69.6,59.5,46.1,29.8,11.5,-7.8,-27.6,-47.7,-54.6,-62.0,-63.7,-61.4,-56.6,-58.4,-64.3,-67.7,-67.3,-61.1,-43.0,-30.1,-17.4,-4.7,3.6,5.9,7.7,5.6,2.8,-41.3,-46.0,-46.0,-39.9,-37.4,-37.1,-41.6,-48.8,-49.3,-45.3,-40.5,-39.8,29.3,24.8,22.0,23.7,21.7,24.3,27.9,36.1,39.5,40.4,39.9,36.9,29.5,28.2,28.7,27.8,28.6,29.9,30.9,30.4,681.6,685.3,689.6,692.2,691.8,688.8,682.6,674.5,673.9,683.1,697.8,709.7,714.5,713.5,711.5,709.6,709.0,648.6,642.1,637.3,633.5,631.6,638.6,646.2,655.1,664.6,674.9,637.7,632.0,625.8,620.1,636.7,635.6,635.2,638.5,642.4,648.4,645.1,645.5,647.0,645.9,645.5,656.0,658.3,662.3,668.8,662.8,658.9,654.7,644.1,640.2,641.4,643.5,652.5,666.1,654.6,647.2,644.6,643.7,646.8,652.5,643.4,644.1,646.8,662.1,646.6,643.9,643.4,0.593,0.204,-0.221,0.013,265.812,185.279,-4.7,8.766,-12.538,16.976,6.251,1.378,-5.093,3.555,3.524,-3.076,-0.666,1.011,0.417,-1.772,-0.965,-0.224,0.029,0.931,-1.153,-0.866,0.489,-0.34,-0.135,-0.456,0.179,-0.034,0.103,0.016,-0.095,-0.008,-0.033,0.003,0.01,-0.001,0.49,0.15,0.0,0.5,0.0,0.0,0.09,0.0,0.0,0.02,0.0,0.0,0.0,0.0,0.0,0.0,0.0,1.0,1.0,0.0,1.0,0.0,0.0,0.0,0.0,0.0,0.0,0.0,0.0,0.0,0.0,0.0,0.0,1.0,0.0
PP133,g1,1384,0,0.975,0.196261,0.177681,-0.964319,0.040715,0.178239,-0.983144,0.121,0.181,242.2,243.5,246.7,249.9,251.2,250.1,246.7,243.5,237.9,239.9,242.7,246.2,249.7,252.4,254.2,252.1,249.2,245.9,242.8,240.0,245.3,246.7,248.1,248.7,248.1,246.7,245.3,244.7,280.0,280.9,283.6,286.6,288.1,287.2,284.5,281.2,277.0,278.9,281.5,284.8,287.8,289.9,291.1,290.0,288.1,285.5,282.5,279.4,282.7,284.0,285.3,285.6,285.0,283.7,282.5,282.1,161.0,157.7,156.3,157.6,160.9,164.4,165.5,164.2,162.5,160.7,159.5,158.9,159.4,160.9,162.9,164.1,164.6,164.8,164.6,163.9,162.4,163.0,162.4,161.0,159.6,159.0,159.6,161.0,159.9,156.7,155.2,156.4,159.4,162.6,164.1,163.2,162.2,160.0,158.4,157.6,157.9,159.0,160.7,162.2,163.0,163.4,163.4,163.2,161.2,161.7,161.0,159.6,158.3,157.8,158.5,159.9,-10.2,-8.5,-4.4,-0.2,1.6,0.2,-4.3,-8.4,-15.9,-13.3,-9.5,-4.9,-0.4,3.1,5.5,2.8,-1.1,-5.3,-9.4,-13.2,-6.1,-4.3,-2.5,-1.7,-2.5,-4.3,-6.2,-6.9,40.4,41.7,45.5,49.7,51.8,50.4,46.6,42.1,36.4,38.9,42.4,46.9,51.2,54.4,56.4,54.5,51.6,47.9,43.7,39.5,44.2,46.1,47.8,48.3,47.4,45.6,43.9,43.4,-34.7,-39.0,-40.8,-39.1,-34.8,-30.2,-28.7,-30.4,-33.0,-35.2,-36.6,-37.3,-36.6,-34.8,-32.2,-30.6,-29.9,-29.5,-29.9,-31.0,-32.8,-32.0,-32.8,-34.7,-36.6,-37.3,-36.5,-34.7,-37.2,-41.5,-43.7,-42.2,-38.1,-33.7,-31.6,-32.7,-34.1,-37.0,-39.2,-40.4,-40.0,-38.9,-36.8,-34.6,-33.2,-32.5,-32.4,-32.8,-35.6,-34.9,-35.9,-37.8,-39.6,-40.2,-39.3,-37.4,510.5,510.9,511.0,510.8,510.4,510.2,509.8,510.1,514.7,512.0,509.7,508.5,509.1,510.6,512.3,510.7,509.1,508.8,509.9,512.1,511.1,511.0,511.1,511.2,511.4,511.5,511.5,511.3,526.1,527.1,528.7,529.9,530.1,529.1,527.5,526.4,526.6,525.8,525.5,526.5,529.1,532.6,535.9,532.6,529.4,526.9,525.8,526.0,528.1,528.6,529.3,529.7,529.6,529.1,528.4,528.0,26.3,-4.0,653.0,0.185,-0.172,-0.003,218.2,218.9,220.7,223.6,228.6,236.1,245.2,255.6,266.0,274.6,280.9,286.6,291.6,295.1,297.4,299.0,299.3,228.2,234.7,243.3,252.1,260.0,275.5,282.1,288.5,294.7,298.6,268.1,269.2,270.3,271.5,260.3,264.8,269.4,273.4,276.9,237.8,243.0,249.3,254.4,249.2,242.9,276.9,281.8,287.4,291.3,288.0,282.5,251.3,258.9,265.2,268.8,272.6,277.2,280.9,277.3,272.8,268.8,264.7,258.5,254.3,264.8,268.6,272.4,278.7,272.4,268.6,264.8,162.1,173.8,185.3,196.4,206.8,215.8,223.1,228.4,229.5,227.2,220.7,212.7,203.7,193.6,182.9,172.0,160.9,154.4,149.5,148.0,149.2,152.0,151.3,148.1,146.7,147.5,151.7,160.7,168.4,176.0,183.8,189.2,190.5,191.6,190.3,188.6,162.4,159.4,159.3,163.0,164.5,164.8,162.3,158.1,158.0,160.6,163.1,163.4,204.7,202.1,200.4,201.4,200.1,201.5,203.4,208.6,210.9,211.5,211.3,209.5,204.9,204.1,204.4,203.8,203.9,205.1,205.8,205.6,-55.5,-54.6,-51.7,-46.8,-38.0,-24.6,-8.5,9.6,27.6,43.1,55.2,66.5,76.0,82.4,86.3,89.0,89.6,-36.2,-25.3,-10.9,3.3,16.2,41.8,53.2,64.7,76.2,84.0,29.6,31.0,32.6,34.2,16.8,24.1,31.5,38.3,44.2,-20.3,-11.5,-1.2,7.2,-1.4,-11.7,45.3,53.7,63.5,70.8,64.5,54.8,2.2,14.6,24.9,30.9,37.3,45.3,52.6,45.7,37.8,30.9,24.2,14.1,7.2,24.4,30.7,37.1,48.6,37.1,30.7,24.3,-44.4,-24.1,-3.8,15.8,34.2,49.8,62.2,70.6,72.4,69.3,59.3,45.8,29.5,11.1,-8.3,-28.1,-48.3,-55.0,-62.6,-64.5,-62.2,-57.5,-59.3,-65.2,-68.6,-68.2,-62.0,-43.8,-31.0,-18.5,-5.9,2.7,5.0,6.7,4.5,1.8,-41.7,-46.5,-46.6,-40.6,-38.0,-37.6,-42.4,-49.5,-50.1,-46.1,-41.4,-40.7,28.8,24.1,21.2,22.8,20.8,23.4,27.1,35.3,38.7,39.6,39.2,36.3,29.0,27.4,27.8,26.9,27.8,29.2,30.2,29.7,682.2,685.8,689.9,692.3,691.7,688.6,682.2,674.1,673.5,682.8,697.6,709.6,714.6,713.7,711.7,709.9,709.4,649.5,643.1,638.3,634.5,632.6,639.6,647.2,656.2,665.7,675.8,638.5,632.6,626.2,620.3,636.9,635.8,635.4,638.6,642.6,649.1,645.9,646.3,647.8,646.6,646.3,656.8,659.2,663.2,669.7,663.6,659.7,654.4,643.8,640.0,641.2,643.3,652.3,665.9,654.3,647.0,644.4,643.4,646.4,652.2,643.1,643.9,646.6,661.8,646.5,643.8,643.3,0.593,0.191,-0.223,0.006,265.66,184.918,-4.649,9.061,-12.665,17.594,5.299,0.856,-5.011,3.763,3.668,-3.493,-0.815,0.869,0.291,-2.026,-0.803,-0.419,-0.12,0.789,-1.241,-0.748,0.461,-0.307,-0.248,-0.584,0.176,0.037,0.125,0.021,-0.102,-0.007,-0.032,-0.005,0.012,-0.0,0.44,0.11,0.0,0.55,0.0,0.0,0.04,0.0,0.0,0.0,0.0,0.0,0.0,0.0,0.0,0.0,0.0,0.0,1.0,0.0,1.0,0.0,0.0,0.0,0.0,0.0,0.0,0.0,0.0,0.0,0.0,0.0,0.0,1.0,0.0
PP133,g1,1390,0,0.975,0.183625,0.158938,-0.970062,0.041659,0.160298,-0.986189,0.115,0.162,241.6,242.8,246.0,249.2,250.6,249.6,246.2,243.0,237.4,239.3,242.1,245.6,249.1,251.8,253.7,251.6,248.6,245.4,242.2,239.4,244.8,246.2,247.6,248.1,247.5,246.1,244.7,244.2,279.4,280.3,283.0,286.1,287.6,286.7,283.9,280.7,276.4,278.3,280.9,284.2,287.2,289.3,290.6,289.5,287.5,285.0,281.9,278.8,282.2,283.5,284.7,285.1,284.4,283.1,281.9,281.5,161.1,157.7,156.3,157.6,160.8,164.3,165.5,164.3,162.7,160.8,159.5,158.8,159.3,160.8,162.8,164.1,164.6,164.9,164.7,164.0,162.5,163.0,162.4,160.9,159.5,159.0,159.6,161.1,159.6,156.4,154.9,156.0,159.1,162.3,163.8,162.9,161.9,159.7,158.0,157.2,157.6,158.7,160.4,161.9,162.7,163.1,163.1,162.9,160.9,161.4,160.7,159.3,158.0,157.5,158.1,159.6,-10.9,-9.3,-5.2,-1.0,0.8,-0.5,-4.9,-9.1,-16.5,-13.9,-10.3,-5.7,-1.1,2.4,4.9,2.1,-1.8,-6.0,-10.1,-13.8,-6.8,-4.9,-3.1,-2.4,-3.2,-5.1,-6.9,-7.6,39.1,40.4,44.2,48.4,50.5,49.2,45.3,40.9,35.1,37.6,41.2,45.7,49.9,53.1,55.1,53.3,50.3,46.7,42.5,38.3,43.0,44.8,46.5,47.1,46.2,44.3,42.7,42.1,-34.4,-38.7,-40.6,-38.9,-34.7,-30.1,-28.5,-30.1,-32.6,-34.8,-36.3,-37.1,-36.5,-34.7,-32.1,-30.4,-29.7,-29.3,-29.6,-30.6,-32.6,-31.8,-32.7,-34.5,-36.4,-37.1,-36.3,-34.4,-37.2,-41.5,-43.7,-42.3,-38.1,-33.7,-31.7,-32.7,-34.1,-37.0,-39.2,-40.4,-40.1,-38.9,-36.8,-34.6,-33.2,-32.5,-32.5,-32.8,-35.6,-34.9,-35.9,-37.8,-39.6,-40.2,-39.3,-37.4,507.7,508.0,508.0,507.7,507.2,507.1,506.8,507.2,512.0,509.3,506.8,505.6,506.0,507.4,509.0,507.4,506.0,505.8,507.0,509.3,508.1,508.0,508.0,508.1,508.4,508.5,508.5,508.3,520.4,521.5,523.1,524.4,524.5,523.5,521.8,520.7,520.8,520.1,519.9,520.9,523.6,527.0,530.3,527.0,523.7,521.3,520.1,520.3,522.4,523.0,523.7,524.1,524.1,523.5,522.8,522.3,25.9,-3.3,646.3,0.157,-0.162,-0.022,217.9,218.8,221.0,224.1,229.3,236.9,246.0,256.5,267.1,275.8,282.0,287.4,292.0,295.2,297.3,298.7,298.9,227.5,233.8,242.4,251.2,259.1,274.7,281.3,287.8,294.0,297.9,267.5,268.7,270.0,271.3,260.1,264.7,269.3,273.4,276.8,237.3,242.4,248.7,253.9,248.6,242.4,276.3,281.2,286.9,290.7,287.5,281.9,252.0,259.2,265.3,269.0,272.8,277.3,281.0,277.6,273.2,269.1,265.1,259.0,255.0,265.1,268.9,272.7,278.8,272.7,268.9,265.0,162.7,174.7,186.6,198.0,208.6,217.8,225.2,230.4,231.3,228.9,222.3,214.0,204.6,194.2,183.4,172.3,161.0,154.9,149.6,148.0,149.1,151.8,151.0,147.9,146.4,147.2,151.6,160.3,168.1,175.8,183.7,189.4,190.8,191.9,190.4,188.6,162.6,159.4,159.3,162.9,164.6,164.9,162.0,157.8,157.6,160.3,162.9,163.1,205.9,202.8,200.9,201.9,200.6,202.1,204.3,209.3,211.5,212.2,212.0,210.4,205.9,204.7,204.9,204.2,204.7,205.6,206.4,206.2,-55.7,-54.5,-51.0,-45.5,-36.3,-22.8,-6.9,11.1,29.2,44.6,56.5,67.3,76.0,81.7,85.2,87.5,87.8,-37.1,-26.5,-12.3,1.9,14.6,40.2,51.5,63.0,74.4,82.1,28.3,29.9,31.7,33.4,16.4,23.7,31.1,37.8,43.7,-21.0,-12.5,-2.2,6.4,-2.2,-12.5,43.9,52.3,62.1,69.3,63.1,53.4,3.3,15.0,24.8,30.9,37.1,45.1,52.2,45.7,38.0,31.2,24.6,14.7,8.2,24.5,30.8,37.1,48.2,37.2,30.8,24.5,-43.0,-22.3,-1.6,18.4,37.1,52.8,65.2,73.3,74.7,71.5,61.4,47.6,30.9,12.1,-7.4,-27.4,-47.6,-53.8,-61.9,-64.0,-61.9,-57.4,-59.3,-65.2,-68.5,-68.2,-61.7,-44.1,-31.1,-18.6,-5.9,3.1,5.3,7.0,4.7,1.8,-41.1,-46.1,-46.3,-40.4,-37.7,-37.1,-42.5,-49.7,-50.3,-46.2,-41.5,-40.8,30.4,25.0,21.8,23.4,21.3,24.0,28.2,36.1,39.3,40.2,39.9,37.4,30.4,28.0,28.4,27.4,28.9,29.7,30.8,30.4,677.9,681.6,685.5,687.5,686.2,682.4,675.6,667.0,666.1,675.4,690.4,702.4,707.3,706.0,703.8,701.7,701.1,645.0,638.5,633.6,629.7,627.8,634.7,642.2,651.0,660.4,670.4,633.2,626.8,619.9,613.6,630.7,629.2,628.5,631.8,636.0,644.0,641.0,641.3,642.5,641.5,641.2,651.4,653.9,657.8,664.0,658.0,654.2,647.4,636.6,633.1,634.3,636.4,645.0,658.1,646.5,639.5,636.9,636.0,638.8,644.9,636.1,636.8,639.5,653.9,639.4,636.6,636.1,0.598,0.166,-0.212,-0.014,265.615,185.387,-5.86,12.581,-13.825,22.327,2.438,1.935,-4.362,4.224,4.455,-5.231,-1.071,0.467,-0.049,-1.92,-0.193,-0.677,-0.01,0.926,-1.206,-0.852,0.097,-0.039,-0.564,-0.847,0.212,0.167,0.129,0.041,-0.102,-0.024,-0.038,-0.022,0.009,0.001,0.49,0.38,0.0,0.92,0.0,0.0,0.0,0.0,0.0,0.17,0.0,0.0,0.0,0.0,0.0,0.0,0.0,0.0,1.0,0.0,1.0,0.0,0.0,0.0,0.0,0.0,0.0,0.0,0.0,0.0,0.0,0.0,0.0,1.0,0.0
PP133,g1,1396,0,0.975,0.18178,0.156305,-0.970837,0.043706,0.157861,-0.986494,0.115,0.159,241.9,243.1,246.2,249.4,250.9,249.9,246.5,243.3,237.7,239.6,242.3,245.8,249.3,252.0,254.0,251.9,248.9,245.6,242.5,239.7,245.0,246.4,247.8,248.4,247.7,246.3,245.0,244.4,279.5,280.4,283.1,286.1,287.7,286.8,284.1,280.8,276.5,278.4,281.0,284.4,287.3,289.4,290.7,289.6,287.6,285.1,282.0,278.9,282.3,283.6,284.8,285.2,284.5,283.2,282.0,281.6,161.3,158.0,156.5,157.7,160.9,164.5,165.7,164.5,162.9,161.0,159.7,159.0,159.5,160.9,163.0,164.2,164.7,165.1,164.9,164.2,162.7,163.2,162.6,161.1,159.7,159.2,159.8,161.3,159.6,156.4,154.9,156.0,159.1,162.3,163.8,163.0,161.9,159.7,158.1,157.2,157.6,158.7,160.4,161.9,162.7,163.1,163.1,162.9,160.9,161.4,160.8,159.4,158.0,157.5,158.2,159.6,-10.6,-9.0,-4.9,-0.7,1.1,-0.2,-4.6,-8.8,-16.2,-13.6,-10.0,-5.5,-0.9,2.7,5.2,2.4,-1.5,-5.7,-9.8,-13.4,-6.5,-4.6,-2.8,-2.1,-3.0,-4.8,-6.6,-7.3,39.4,40.7,44.5,48.7,50.8,49.5,45.7,41.2,35.4,37.9,41.5,46.0,50.2,53.3,55.4,53.6,50.6,47.0,42.8,38.6,43.3,45.1,46.8,47.3,46.4,44.6,42.9,42.4,-34.2,-38.6,-40.5,-38.9,-34.6,-30.0,-28.4,-30.0,-32.4,-34.7,-36.2,-37.0,-36.4,-34.7,-32.1,-30.4,-29.6,-29.2,-29.5,-30.4,-32.5,-31.7,-32.6,-34.5,-36.3,-37.0,-36.2,-34.3,-37.2,-41.6,-43.8,-42.4,-38.3,-33.9,-31.8,-32.8,-34.2,-37.1,-39.3,-40.5,-40.2,-39.0,-36.9,-34.7,-33.3,-32.6,-32.5,-32.8,-35.7,-35.0,-36.0,-37.9,-39.7,-40.3,-39.4,-37.4,509.8,510.1,510.1,509.8,509.2,509.1,508.9,509.2,514.1,511.4,508.9,507.6,508.1,509.4,511.0,509.5,508.1,507.9,509.1,511.4,510.2,510.0,510.0,510.2,510.4,510.6,510.6,510.4,522.1,523.1,524.7,526.0,526.2,525.1,523.5,522.3,522.4,521.7,521.6,522.6,525.2,528.7,532.0,528.7,525.4,522.9,521.7,521.9,524.0,524.6,525.3,525.8,525.7,525.1,524.4,524.0,26.6,-3.0,646.0,0.153,-0.162,-0.029,218.0,218.9,221.2,224.5,229.8,237.5,246.8,257.4,268.0,276.7,282.9,288.2,292.5,295.6,297.5,298.9,299.0,227.8,234.0,242.7,251.4,259.3,274.8,281.3,287.8,294.0,297.8,267.6,268.9,270.3,271.6,260.6,265.2,269.8,273.8,277.2,237.6,242.6,248.9,254.1,248.9,242.6,276.5,281.4,287.0,290.8,287.6,282.0,252.7,259.9,265.9,269.6,273.3,277.8,281.5,278.2,273.9,269.8,265.8,259.8,255.7,265.7,269.5,273.2,279.3,273.3,269.5,265.7,163.0,175.0,186.9,198.3,209.0,218.2,225.6,230.8,231.6,229.1,222.4,214.0,204.5,194.2,183.4,172.3,161.1,155.3,149.9,148.3,149.4,152.1,151.2,148.1,146.5,147.3,151.7,160.4,168.2,175.9,183.9,189.6,190.9,192.0,190.5,188.7,162.8,159.6,159.4,163.1,164.7,165.1,162.0,157.8,157.7,160.3,162.9,163.2,206.1,203.0,201.0,202.0,200.6,202.1,204.3,209.3,211.5,212.2,212.1,210.5,206.1,204.9,205.0,204.3,204.8,205.6,206.4,206.3,-55.6,-54.3,-50.6,-44.9,-35.5,-21.8,-5.6,12.6,30.7,46.2,58.1,68.6,77.0,82.3,85.6,87.8,87.9,-36.6,-26.1,-11.9,2.2,14.9,40.3,51.5,63.0,74.3,82.0,28.6,30.3,32.1,33.9,17.1,24.4,31.8,38.5,44.3,-20.5,-12.1,-1.8,6.7,-1.8,-12.1,44.1,52.5,62.2,69.4,63.3,53.7,4.5,16.1,25.7,31.7,37.9,45.9,53.0,46.6,39.1,32.3,25.7,16.0,9.4,25.5,31.7,38.0,49.0,38.1,31.8,25.6,-42.6,-21.8,-1.1,19.1,37.8,53.6,65.9,73.9,75.2,71.9,61.6,47.7,30.9,12.1,-7.3,-27.2,-47.2,-53.2,-61.4,-63.6,-61.5,-56.9,-58.9,-64.8,-68.3,-68.0,-61.5,-43.9,-30.9,-18.3,-5.7,3.4,5.5,7.2,4.9,1.9,-40.7,-45.8,-46.1,-40.2,-37.4,-36.8,-42.5,-49.6,-50.2,-46.2,-41.5,-40.8,30.8,25.3,21.9,23.5,21.4,24.1,28.3,36.0,39.3,40.3,40.0,37.6,30.8,28.3,28.5,27.5,28.9,29.7,30.8,30.5,678.2,682.0,686.0,687.9,686.5,682.4,675.3,666.5,665.7,675.3,690.5,702.6,707.4,706.0,703.5,701.1,700.3,644.6,638.3,633.5,629.7,627.9,634.7,642.2,650.9,660.2,670.1,633.2,626.7,619.8,613.4,630.5,629.0,628.3,631.6,635.8,643.7,640.8,641.1,642.4,641.3,641.1,651.4,653.9,657.7,664.0,658.0,654.1,646.8,635.9,632.6,633.9,636.0,644.6,657.6,645.9,639.0,636.3,635.4,638.0,644.3,635.6,636.4,639.2,653.3,639.0,636.1,635.6,0.599,0.163,-0.212,-0.022,266.018,185.536,-4.83,14.245,-14.555,22.462,0.873,2.212,-3.71,5.021,4.527,-5.761,-0.982,0.052,-0.164,-2.03,0.006,-0.835,-0.065,1.053,-0.894,-0.729,0.158,0.137,-0.614,-0.863,0.274,0.259,0.121,0.038,-0.108,-0.033,-0.045,-0.037,0.008,0.007,0.7,0.31,0.0,0.94,0.0,0.0,0.0,0.0,0.0,0.26,0.0,0.0,0.0,0.0,0.0,0.0,0.0,1.0,1.0,0.0,1.0,0.0,0.0,0.0,0.0,0.0,0.0,0.0,0.0,0.0,0.0,0.0,0.0,1.0,0.0
PP133,g1,1401,0,0.975,0.198911,0.170367,-0.965096,0.047299,0.171551,-0.984039,0.126,0.174,242.0,243.3,246.5,249.7,251.1,250.0,246.6,243.4,237.7,239.7,242.5,246.1,249.6,252.3,254.1,252.0,249.0,245.8,242.6,239.8,245.2,246.6,248.0,248.5,247.9,246.5,245.1,244.6,279.9,280.8,283.5,286.6,288.1,287.2,284.4,281.2,276.9,278.8,281.4,284.7,287.7,289.8,291.0,289.9,288.0,285.4,282.4,279.3,282.6,284.0,285.2,285.6,284.9,283.6,282.4,282.0,161.0,157.7,156.2,157.5,160.8,164.3,165.5,164.2,162.5,160.7,159.4,158.8,159.4,160.8,162.9,164.1,164.6,164.8,164.6,163.9,162.4,163.0,162.4,160.9,159.5,158.9,159.6,161.0,159.7,156.5,155.0,156.1,159.2,162.4,163.9,163.0,162.0,159.8,158.1,157.3,157.7,158.7,160.5,162.0,162.8,163.2,163.2,163.0,161.0,161.5,160.8,159.4,158.1,157.6,158.2,159.7,-10.4,-8.7,-4.6,-0.4,1.4,0.0,-4.4,-8.6,-16.1,-13.4,-9.7,-5.1,-0.5,2.9,5.4,2.6,-1.2,-5.5,-9.6,-13.3,-6.3,-4.4,-2.6,-1.9,-2.7,-4.5,-6.3,-7.1,40.0,41.2,45.1,49.3,51.3,50.0,46.2,41.7,36.0,38.5,42.0,46.5,50.7,53.9,55.9,54.1,51.2,47.5,43.3,39.2,43.8,45.7,47.3,47.9,47.0,45.2,43.5,42.9,-34.5,-38.8,-40.6,-38.9,-34.7,-30.1,-28.5,-30.2,-32.7,-34.9,-36.4,-37.1,-36.4,-34.7,-32.1,-30.4,-29.7,-29.4,-29.7,-30.7,-32.6,-31.9,-32.7,-34.6,-36.4,-37.2,-36.3,-34.5,-37.2,-41.6,-43.7,-42.3,-38.2,-33.8,-31.7,-32.8,-34.1,-37.0,-39.2,-40.4,-40.1,-38.9,-36.8,-34.6,-33.2,-32.5,-32.4,-32.8,-35.6,-35.0,-35.9,-37.8,-39.6,-40.2,-39.3,-37.4,507.1,507.5,507.6,507.4,506.9,506.7,506.4,506.6,511.2,508.6,506.3,505.1,505.7,507.1,508.8,507.2,505.6,505.3,506.4,508.7,507.6,507.5,507.6,507.8,508.0,508.1,508.0,507.8,522.5,523.5,525.1,526.4,526.6,525.6,524.0,522.8,522.9,522.2,522.0,523.0,525.7,529.1,532.5,529.2,525.9,523.4,522.3,522.4,524.5,525.1,525.8,526.2,526.1,525.6,524.9,524.4,26.1,-3.6,648.5,0.176,-0.179,-0.007,217.9,218.6,220.5,223.4,228.4,235.9,245.0,255.6,266.1,274.8,281.0,286.6,291.5,295.0,297.2,298.8,299.1,227.9,234.4,243.1,252.0,259.9,275.3,281.9,288.4,294.6,298.5,268.0,269.2,270.4,271.7,260.4,264.9,269.5,273.6,277.0,237.6,242.8,249.1,254.3,249.0,242.8,276.8,281.8,287.3,291.2,287.9,282.4,251.6,259.1,265.4,269.0,272.8,277.3,280.9,277.5,273.1,269.0,264.9,258.7,254.6,265.0,268.8,272.6,278.8,272.7,268.8,264.9,162.4,174.2,185.8,197.0,207.5,216.6,224.0,229.3,230.4,228.0,221.5,213.4,204.1,193.9,183.1,172.0,160.7,154.7,149.6,148.2,149.3,152.0,151.3,148.1,146.5,147.3,151.6,160.6,168.3,176.0,183.9,189.4,190.7,191.8,190.4,188.7,162.4,159.3,159.3,163.0,164.5,164.8,162.1,157.9,157.7,160.4,163.0,163.2,205.3,202.5,200.7,201.7,200.4,201.8,203.9,209.0,211.2,211.8,211.7,209.9,205.4,204.5,204.7,204.1,204.4,205.4,206.1,205.8,-55.7,-54.7,-51.6,-46.7,-37.9,-24.7,-8.7,9.5,27.6,43.0,55.0,66.1,75.4,81.7,85.5,88.1,88.7,-36.5,-25.5,-11.1,3.2,16.0,41.2,52.6,64.1,75.6,83.4,29.3,30.8,32.5,34.2,16.8,24.1,31.5,38.2,44.1,-20.5,-11.8,-1.5,7.0,-1.6,-11.9,44.8,53.3,63.0,70.2,64.1,54.4,2.6,14.9,25.0,31.0,37.3,45.3,52.4,45.6,38.0,31.1,24.4,14.4,7.6,24.5,30.8,37.2,48.4,37.2,30.8,24.4,-43.5,-23.2,-2.9,16.8,35.2,50.9,63.2,71.7,73.4,70.3,60.3,46.7,30.2,11.5,-8.0,-28.0,-48.3,-54.2,-62.0,-63.9,-61.7,-57.1,-59.0,-64.9,-68.4,-68.1,-61.7,-43.8,-30.9,-18.4,-5.7,3.0,5.2,7.0,4.7,1.9,-41.4,-46.3,-46.4,-40.4,-37.8,-37.3,-42.4,-49.6,-50.2,-46.2,-41.4,-40.7,29.5,24.5,21.5,23.1,21.1,23.8,27.7,35.7,38.9,39.8,39.5,36.7,29.6,27.8,28.1,27.2,28.3,29.4,30.4,30.0,677.3,680.8,684.9,687.3,686.7,683.6,677.4,669.3,668.6,678.0,693.0,705.2,710.4,709.6,707.8,705.8,705.2,645.1,638.7,634.1,630.4,628.6,635.8,643.4,652.4,662.0,672.2,634.4,628.3,621.9,615.9,632.4,631.2,630.8,634.2,638.3,644.7,641.6,642.1,643.5,642.3,641.9,652.8,655.2,659.3,665.7,659.6,655.7,649.5,638.9,635.4,636.6,638.7,647.6,661.0,649.4,642.2,639.6,638.6,641.5,647.2,638.5,639.2,641.9,656.9,641.8,639.0,638.5,0.597,0.183,-0.23,0.002,265.66,185.145,-4.701,8.811,-13.161,19.081,4.083,1.359,-4.655,3.133,4.255,-4.095,-0.44,0.87,0.104,-1.738,-0.4,-0.475,0.101,0.814,-1.117,-0.693,0.369,-0.236,-0.322,-0.611,0.212,0.032,0.139,0.036,-0.102,-0.019,-0.029,-0.008,0.011,0.003,0.86,0.38,0.0,0.73,0.0,0.0,0.0,0.0,0.0,0.0,0.0,0.0,0.0,0.0,0.0,0.0,0.0,1.0,1.0,0.0,1.0,0.0,0.0,0.0,0.0,0.0,0.0,0.0,0.0,0.0,0.0,0.0,0.0,1.0,0.0
PP133,g1,1407,0,0.975,0.196474,0.183526,-0.96318,0.04186,0.183596,-0.98211,0.122,0.187,241.7,243.0,246.2,249.4,250.8,249.7,246.3,243.0,237.4,239.4,242.2,245.8,249.3,251.9,253.8,251.7,248.7,245.4,242.3,239.4,244.8,246.2,247.6,248.2,247.6,246.2,244.8,244.3,279.7,280.5,283.3,286.3,287.9,287.0,284.2,280.9,276.6,278.5,281.2,284.5,287.5,289.6,290.9,289.7,287.8,285.2,282.2,279.0,282.4,283.8,285.0,285.4,284.7,283.4,282.2,281.8,160.7,157.4,156.0,157.3,160.6,164.1,165.3,163.9,162.2,160.4,159.1,158.5,159.1,160.6,162.7,163.9,164.3,164.6,164.3,163.6,162.2,162.7,162.1,160.7,159.3,158.7,159.3,160.7,159.6,156.3,154.8,156.0,159.0,162.3,163.7,162.9,161.9,159.7,158.0,157.2,157.5,158.6,160.3,161.8,162.7,163.1,163.1,162.9,160.8,161.3,160.7,159.3,157.9,157.4,158.1,159.5,-10.8,-9.1,-5.0,-0.8,1.0,-0.4,-4.9,-9.0,-16.5,-13.8,-10.1,-5.5,-0.9,2.5,4.9,2.2,-1.7,-5.9,-10.0,-13.8,-6.7,-4.9,-3.1,-2.3,-3.1,-4.9,-6.7,-7.5,39.6,40.8,44.7,48.9,50.9,49.6,45.8,41.3,35.6,38.1,41.6,46.1,50.3,53.5,55.6,53.7,50.8,47.1,42.9,38.7,43.4,45.3,47.0,47.5,46.6,44.8,43.1,42.5,-34.8,-39.1,-41.0,-39.2,-35.0,-30.4,-28.9,-30.6,-33.1,-35.4,-36.8,-37.5,-36.8,-34.9,-32.3,-30.7,-30.0,-29.7,-30.1,-31.1,-33.0,-32.2,-33.0,-34.9,-36.7,-37.5,-36.7,-34.8,-37.3,-41.7,-43.8,-42.4,-38.3,-33.9,-31.8,-32.9,-34.2,-37.1,-39.3,-40.5,-40.2,-39.1,-37.0,-34.7,-33.4,-32.6,-32.5,-32.9,-35.7,-35.1,-36.0,-37.9,-39.7,-40.3,-39.4,-37.5,507.6,508.1,508.2,508.0,507.5,507.3,506.9,507.2,511.8,509.2,506.8,505.7,506.3,507.7,509.4,507.8,506.2,505.9,507.0,509.2,508.2,508.1,508.2,508.4,508.6,508.7,508.6,508.4,521.3,522.3,523.9,525.2,525.4,524.4,522.8,521.6,521.8,521.0,520.8,521.7,524.4,527.9,531.2,527.9,524.6,522.2,521.1,521.2,523.3,523.9,524.6,525.0,524.9,524.3,523.6,523.2,25.4,-4.2,650.1,0.2,-0.173,-0.001,217.7,218.3,220.1,222.9,227.9,235.3,244.4,254.9,265.5,274.2,280.5,286.2,291.2,294.8,297.1,298.7,299.1,227.7,234.2,242.9,251.7,259.6,275.1,281.8,288.3,294.5,298.3,267.7,268.8,270.0,271.1,259.8,264.4,268.9,273.0,276.5,237.3,242.6,248.8,253.9,248.7,242.4,276.6,281.5,287.1,291.0,287.7,282.1,250.6,258.2,264.6,268.3,272.2,276.8,280.5,276.9,272.4,268.2,264.1,257.8,253.6,264.2,268.1,272.0,278.4,272.0,268.1,264.1,161.7,173.4,184.9,196.0,206.5,215.5,222.9,228.4,229.5,227.1,220.5,212.4,203.3,193.1,182.5,171.5,160.4,154.2,149.3,147.9,149.1,151.9,151.2,147.9,146.4,147.2,151.4,160.6,168.3,176.1,184.1,189.3,190.7,191.8,190.4,188.7,162.1,159.1,159.0,162.8,164.3,164.5,162.0,157.8,157.6,160.2,162.8,163.1,204.7,202.2,200.6,201.5,200.3,201.6,203.4,208.6,211.0,211.6,211.4,209.5,204.9,204.3,204.5,203.9,203.9,205.2,205.9,205.6,-56.2,-55.4,-52.5,-47.7,-39.0,-25.7,-9.7,8.4,26.5,42.1,54.2,65.5,75.1,81.5,85.4,88.1,88.7,-36.8,-25.8,-11.5,2.7,15.4,40.9,52.3,63.9,75.3,83.1,28.8,30.2,31.8,33.3,15.9,23.3,30.7,37.4,43.3,-21.0,-12.2,-2.0,6.5,-2.1,-12.5,44.5,52.9,62.7,69.9,63.7,54.0,1.0,13.5,23.8,30.0,36.4,44.6,51.8,44.8,36.9,29.9,23.1,12.9,6.1,23.3,29.7,36.3,47.9,36.3,29.7,23.2,-44.8,-24.6,-4.5,15.1,33.5,49.1,61.6,70.3,72.1,69.0,58.8,45.1,28.7,10.3,-9.1,-28.9,-49.0,-55.0,-62.5,-64.2,-61.9,-57.3,-59.2,-65.2,-68.6,-68.3,-62.2,-43.8,-30.8,-18.2,-5.4,2.9,5.2,7.0,4.8,1.9,-41.9,-46.8,-46.8,-40.7,-38.2,-37.8,-42.6,-49.9,-50.5,-46.5,-41.7,-40.9,28.6,24.1,21.3,22.9,20.9,23.4,27.0,35.3,38.7,39.7,39.2,36.2,28.9,27.5,27.9,27.0,27.7,29.2,30.3,29.8,678.5,682.2,686.5,689.3,688.9,686.0,679.9,671.8,671.1,680.2,695.0,706.9,711.8,710.8,708.7,706.6,705.8,645.7,639.2,634.4,630.6,628.8,635.9,643.3,652.2,661.6,671.8,634.8,629.0,622.8,617.2,633.9,632.8,632.4,635.6,639.6,645.4,642.2,642.6,644.1,643.0,642.6,653.1,655.3,659.3,665.8,659.8,655.9,651.9,641.2,637.3,638.5,640.6,649.7,663.3,651.8,644.5,641.9,641.0,644.0,649.6,640.5,641.2,643.9,659.3,643.9,641.2,640.7,0.596,0.205,-0.222,0.008,265.204,184.795,-5.195,8.461,-12.361,17.492,5.258,1.613,-4.971,3.594,3.848,-2.81,-0.467,1.003,0.481,-1.789,-0.786,-0.218,0.133,1.034,-0.968,-0.887,0.261,-0.248,-0.242,-0.467,0.255,-0.095,0.12,0.036,-0.09,-0.009,-0.028,0.002,0.01,-0.0,0.59,0.18,0.0,0.27,0.0,0.0,0.05,0.0,0.0,0.07,0.0,0.0,0.0,0.0,0.0,0.0,0.0,0.0,1.0,0.0,1.0,0.0,0.0,0.0,0.0,0.0,0.0,0.0,0.0,0.0,0.0,0.0,0.0,1.0,0.0
PP133,g1,1412,0,0.975,0.195188,0.182911,-0.963559,0.040228,0.183438,-0.982208,0.12,0.186,241.6,242.9,246.1,249.3,250.7,249.6,246.2,243.0,237.3,239.3,242.2,245.7,249.2,251.9,253.7,251.6,248.6,245.4,242.2,239.4,244.8,246.2,247.6,248.1,247.5,246.1,244.7,244.2,279.6,280.5,283.2,286.2,287.8,286.9,284.1,280.8,276.5,278.5,281.1,284.4,287.4,289.5,290.8,289.6,287.7,285.1,282.1,279.0,282.3,283.7,284.9,285.3,284.6,283.3,282.1,281.7,160.8,157.5,156.1,157.4,160.7,164.2,165.4,164.0,162.3,160.5,159.3,158.7,159.2,160.7,162.8,164.0,164.4,164.7,164.4,163.7,162.3,162.8,162.2,160.8,159.4,158.8,159.4,160.9,159.6,156.4,154.9,156.0,159.1,162.3,163.8,162.9,161.9,159.7,158.0,157.2,157.6,158.6,160.3,161.8,162.7,163.1,163.1,162.9,160.9,161.4,160.7,159.3,158.0,157.5,158.1,159.5,-10.9,-9.2,-5.1,-0.9,0.9,-0.5,-5.0,-9.1,-16.6,-14.0,-10.2,-5.6,-1.1,2.4,4.8,2.1,-1.8,-6.0,-10.1,-13.9,-6.8,-5.0,-3.2,-2.4,-3.2,-5.0,-6.9,-7.6,39.5,40.8,44.6,48.8,50.9,49.6,45.7,41.2,35.5,38.0,41.5,46.0,50.3,53.4,55.5,53.6,50.7,47.0,42.8,38.7,43.4,45.2,46.9,47.4,46.5,44.7,43.0,42.5,-34.7,-39.1,-40.9,-39.1,-34.9,-30.3,-28.8,-30.5,-33.0,-35.3,-36.7,-37.4,-36.7,-34.9,-32.3,-30.6,-29.9,-29.6,-30.0,-31.0,-32.9,-32.1,-32.9,-34.8,-36.7,-37.4,-36.6,-34.7,-37.3,-41.7,-43.8,-42.4,-38.3,-33.9,-31.8,-32.9,-34.2,-37.1,-39.3,-40.5,-40.2,-39.1,-37.0,-34.7,-33.4,-32.6,-32.5,-32.9,-35.7,-35.1,-36.0,-37.9,-39.7,-40.3,-39.4,-37.5,508.4,508.8,508.9,508.7,508.2,508.1,507.7,507.9,512.6,510.0,507.6,506.4,507.0,508.4,510.1,508.5,507.0,506.6,507.8,510.0,509.0,508.9,508.9,509.1,509.3,509.4,509.3,509.2,522.0,522.9,524.5,525.8,526.0,525.0,523.4,522.3,522.4,521.6,521.4,522.4,525.0,528.5,531.8,528.6,525.3,522.8,521.7,521.9,524.0,524.5,525.2,525.6,525.5,525.0,524.3,523.9,25.4,-4.1,651.2,0.199,-0.171,-0.004,217.7,218.3,220.2,223.1,228.1,235.6,244.7,255.1,265.6,274.2,280.5,286.2,291.2,294.8,297.1,298.7,299.0,227.7,234.1,242.7,251.4,259.3,275.1,281.7,288.1,294.3,298.2,267.6,268.7,269.8,271.0,259.7,264.3,268.9,272.9,276.4,237.2,242.5,248.7,253.8,248.6,242.3,276.5,281.4,287.0,290.9,287.6,282.1,250.7,258.2,264.6,268.3,272.1,276.7,280.5,276.8,272.3,268.2,264.0,257.8,253.7,264.2,268.1,271.9,278.3,272.0,268.0,264.1,161.8,173.5,185.1,196.2,206.6,215.6,223.0,228.4,229.4,227.1,220.5,212.4,203.2,193.1,182.5,171.5,160.4,154.3,149.4,148.1,149.2,151.9,151.1,148.0,146.4,147.2,151.3,160.6,168.4,176.1,184.0,189.3,190.7,191.8,190.4,188.7,162.2,159.2,159.1,162.9,164.4,164.6,162.0,157.8,157.6,160.3,162.8,163.2,204.7,202.2,200.5,201.5,200.2,201.5,203.4,208.6,211.0,211.7,211.5,209.5,204.9,204.3,204.5,203.9,203.9,205.2,206.0,205.7,-56.3,-55.4,-52.5,-47.6,-38.8,-25.4,-9.3,8.7,26.8,42.3,54.4,65.7,75.2,81.6,85.5,88.1,88.7,-36.9,-26.0,-11.8,2.3,15.1,40.9,52.3,63.7,75.2,83.0,28.6,30.1,31.7,33.2,15.8,23.2,30.6,37.4,43.3,-21.2,-12.4,-2.1,6.3,-2.3,-12.6,44.4,52.8,62.6,69.8,63.7,53.9,1.1,13.5,23.8,29.9,36.4,44.5,51.9,44.9,36.9,29.9,23.1,12.9,6.1,23.3,29.7,36.2,47.9,36.2,29.7,23.2,-44.7,-24.4,-4.3,15.4,33.8,49.5,61.9,70.5,72.2,69.0,58.8,45.1,28.7,10.3,-9.1,-28.9,-49.1,-54.9,-62.4,-64.2,-61.9,-57.4,-59.3,-65.2,-68.7,-68.4,-62.3,-43.8,-30.9,-18.2,-5.5,2.9,5.2,7.0,4.7,1.9,-41.8,-46.6,-46.7,-40.6,-38.1,-37.7,-42.6,-49.9,-50.5,-46.5,-41.7,-40.9,28.8,24.2,21.3,23.0,20.9,23.4,27.0,35.4,38.9,39.8,39.4,36.4,29.0,27.5,27.9,27.0,27.8,29.3,30.4,29.9,679.8,683.5,687.9,690.6,690.2,687.2,681.1,673.0,672.3,681.3,696.0,707.8,712.6,711.6,709.3,707.3,706.5,646.8,640.3,635.6,631.8,630.0,637.2,644.6,653.3,662.6,672.6,635.9,630.2,624.0,618.4,635.1,633.9,633.5,636.7,640.7,646.6,643.3,643.7,645.2,644.1,643.8,654.2,656.4,660.3,666.8,660.9,657.0,653.1,642.4,638.5,639.7,641.8,650.8,664.4,653.0,645.6,643.1,642.2,645.2,650.9,641.7,642.4,645.1,660.4,645.0,642.4,641.9,0.595,0.204,-0.22,0.006,265.167,184.828,-6.012,8.891,-12.465,17.459,5.416,1.52,-5.01,3.678,3.828,-3.12,-0.588,1.208,0.703,-1.94,-0.927,-0.189,0.166,1.092,-1.002,-0.969,0.286,-0.223,-0.284,-0.523,0.242,-0.084,0.119,0.039,-0.094,-0.006,-0.03,0.003,0.01,0.002,0.61,0.09,0.0,0.28,0.0,0.0,0.05,0.0,0.0,0.26,0.0,0.0,0.0,0.0,0.0,0.0,0.0,0.0,1.0,0.0,1.0,0.0,0.0,0.0,0.0,0.0,0.0,0.0,0.0,0.0,0.0,0.0,0.0,1.0,0.0
PP133,g1,1418,0,0.975,0.18733,0.170092,-0.967459,0.037184,0.169813,-0.984774,0.115,0.172,241.5,242.8,246.0,249.2,250.6,249.5,246.1,242.9,237.3,239.2,242.1,245.6,249.1,251.8,253.7,251.5,248.5,245.3,242.1,239.3,244.7,246.1,247.5,248.1,247.5,246.0,244.7,244.1,279.5,280.4,283.1,286.2,287.7,286.8,284.1,280.8,276.4,278.4,281.0,284.4,287.4,289.5,290.7,289.6,287.7,285.1,282.0,278.9,282.3,283.6,284.8,285.2,284.5,283.2,282.0,281.6,160.8,157.5,156.1,157.4,160.7,164.2,165.4,164.1,162.4,160.5,159.3,158.6,159.2,160.7,162.8,164.0,164.4,164.7,164.5,163.8,162.3,162.8,162.2,160.8,159.4,158.8,159.4,160.9,159.6,156.4,154.9,156.0,159.1,162.3,163.8,162.9,161.9,159.7,158.0,157.2,157.6,158.6,160.4,161.9,162.7,163.1,163.1,162.9,160.9,161.4,160.7,159.3,158.0,157.5,158.1,159.6,-11.0,-9.3,-5.2,-1.0,0.8,-0.6,-5.0,-9.2,-16.7,-14.0,-10.3,-5.7,-1.2,2.3,4.8,2.0,-1.9,-6.1,-10.2,-13.9,-6.9,-5.1,-3.3,-2.5,-3.3,-5.1,-7.0,-7.7,39.2,40.4,44.3,48.4,50.5,49.2,45.4,40.9,35.2,37.7,41.2,45.7,49.9,53.1,55.2,53.3,50.4,46.7,42.5,38.3,43.0,44.9,46.5,47.1,46.2,44.4,42.7,42.1,-34.6,-38.9,-40.8,-39.1,-34.8,-30.2,-28.7,-30.4,-32.9,-35.1,-36.6,-37.3,-36.6,-34.8,-32.2,-30.6,-29.9,-29.5,-29.9,-30.9,-32.8,-32.0,-32.8,-34.7,-36.6,-37.3,-36.5,-34.6,-37.1,-41.4,-43.6,-42.2,-38.0,-33.6,-31.6,-32.6,-34.0,-36.9,-39.1,-40.3,-40.0,-38.8,-36.7,-34.5,-33.1,-32.4,-32.3,-32.7,-35.5,-34.8,-35.8,-37.7,-39.5,-40.1,-39.2,-37.3,507.0,507.5,507.6,507.3,506.8,506.6,506.2,506.5,511.3,508.7,506.3,505.0,505.6,506.9,508.6,507.0,505.5,505.2,506.4,508.7,507.6,507.4,507.5,507.6,507.9,508.0,508.0,507.8,518.9,519.9,521.5,522.8,522.9,521.9,520.3,519.2,519.3,518.6,518.4,519.3,522.0,525.4,528.7,525.4,522.1,519.7,518.6,518.7,520.9,521.4,522.1,522.6,522.5,521.9,521.2,520.8,25.4,-3.7,649.4,0.181,-0.163,-0.009,217.8,218.6,220.6,223.5,228.5,236.0,245.1,255.5,266.0,274.7,281.0,286.6,291.5,294.9,297.2,298.7,299.0,227.5,234.0,242.6,251.3,259.2,274.9,281.5,288.0,294.2,298.1,267.5,268.6,269.8,270.9,259.7,264.3,268.9,273.0,276.5,237.1,242.4,248.6,253.8,248.5,242.3,276.4,281.4,287.0,290.9,287.6,282.0,250.6,258.2,264.5,268.3,272.2,276.9,280.7,277.0,272.5,268.3,264.0,257.8,253.6,264.2,268.1,272.1,278.5,272.1,268.1,264.1,162.1,174.0,185.7,197.0,207.5,216.5,223.9,229.2,230.2,227.8,221.3,213.2,203.9,193.8,183.1,172.0,160.8,154.5,149.5,148.1,149.2,151.9,151.1,148.0,146.5,147.3,151.5,160.4,168.2,176.0,184.0,189.4,190.8,191.9,190.5,188.7,162.3,159.2,159.1,162.9,164.4,164.6,162.0,157.8,157.6,160.3,162.9,163.2,205.0,202.4,200.7,201.7,200.4,201.8,203.7,208.9,211.2,211.9,211.7,209.8,205.2,204.4,204.7,204.0,204.2,205.4,206.2,205.9,-56.0,-55.0,-51.8,-46.8,-37.9,-24.5,-8.6,9.4,27.5,43.0,55.1,66.2,75.4,81.6,85.4,87.9,88.4,-37.2,-26.3,-12.0,2.1,14.9,40.5,51.9,63.5,75.0,82.8,28.4,29.9,31.5,33.1,15.7,23.1,30.6,37.4,43.3,-21.3,-12.6,-2.3,6.3,-2.4,-12.7,44.1,52.6,62.5,69.7,63.5,53.7,1.0,13.4,23.6,29.9,36.4,44.7,52.1,45.0,37.0,29.9,23.0,12.8,6.0,23.2,29.7,36.3,48.1,36.3,29.7,23.1,-44.2,-23.6,-3.1,16.7,35.3,51.0,63.3,71.6,73.1,70.0,60.0,46.3,29.9,11.4,-8.0,-27.9,-48.1,-54.6,-62.3,-64.2,-62.0,-57.4,-59.3,-65.2,-68.5,-68.2,-61.9,-44.0,-31.0,-18.3,-5.5,3.0,5.3,7.1,4.9,2.0,-41.7,-46.6,-46.7,-40.6,-38.1,-37.6,-42.6,-49.9,-50.5,-46.3,-41.6,-40.9,29.2,24.5,21.6,23.2,21.2,23.7,27.5,35.6,39.0,39.9,39.6,36.7,29.5,27.7,28.2,27.2,28.2,29.5,30.6,30.1,679.8,683.3,687.5,689.8,689.0,685.6,679.1,670.5,669.5,678.5,693.5,705.4,710.2,709.1,706.9,705.0,704.4,646.7,640.2,635.4,631.4,629.4,636.4,643.8,652.5,661.8,671.9,635.0,629.0,622.5,616.6,633.7,632.2,631.6,634.8,638.9,646.0,642.8,643.2,644.5,643.4,643.1,653.2,655.6,659.4,665.7,659.7,656.0,651.5,640.6,636.7,637.8,640.0,648.9,662.3,650.6,643.3,640.6,639.8,643.0,649.1,639.7,640.4,643.1,658.3,643.0,640.2,639.8,0.596,0.187,-0.211,-0.0,265.228,185.074,-6.598,10.364,-11.994,19.008,4.753,2.788,-5.422,3.728,3.942,-3.385,-0.571,1.025,0.336,-1.45,-0.907,0.044,0.335,1.283,-1.196,-1.02,0.132,-0.108,-0.355,-0.626,0.187,-0.096,0.099,0.041,-0.082,-0.007,-0.023,-0.006,0.009,-0.006,0.64,0.17,0.0,0.27,0.0,0.0,0.01,0.0,0.0,0.05,0.0,0.0,0.0,0.0,0.0,0.0,0.0,1.0,1.0,0.0,1.0,0.0,0.0,0.0,0.0,0.0,0.0,0.0,0.0,0.0,0.0,0.0,0.0,1.0,0.0
PP133,g1,1424,0,0.975,0.185025,0.164379,-0.968889,0.040082,0.164426,-0.985575,0.115,0.167,241.8,243.1,246.3,249.5,250.9,249.9,246.5,243.2,237.6,239.6,242.4,245.9,249.4,252.1,254.0,251.9,248.9,245.6,242.5,239.7,245.0,246.4,247.8,248.4,247.8,246.4,245.0,244.4,279.7,280.6,283.4,286.4,288.0,287.1,284.3,281.0,276.7,278.6,281.3,284.6,287.6,289.7,291.0,289.9,287.9,285.3,282.3,279.1,282.5,283.8,285.1,285.4,284.8,283.4,282.2,281.8,161.0,157.7,156.3,157.6,160.8,164.4,165.5,164.2,162.6,160.7,159.4,158.8,159.4,160.8,162.9,164.1,164.6,164.9,164.7,164.0,162.5,163.0,162.4,160.9,159.5,159.0,159.6,161.0,159.7,156.5,155.0,156.1,159.2,162.4,163.9,163.0,162.0,159.8,158.1,157.3,157.7,158.8,160.5,162.0,162.8,163.2,163.2,163.0,161.0,161.5,160.8,159.4,158.1,157.6,158.2,159.6,-10.6,-8.9,-4.8,-0.6,1.2,-0.2,-4.6,-8.8,-16.2,-13.6,-9.9,-5.3,-0.8,2.7,5.2,2.4,-1.5,-5.7,-9.8,-13.5,-6.5,-4.6,-2.8,-2.1,-2.9,-4.7,-6.5,-7.2,39.5,40.7,44.6,48.8,50.8,49.5,45.7,41.2,35.5,38.0,41.5,46.0,50.2,53.4,55.4,53.6,50.7,47.0,42.8,38.7,43.3,45.2,46.9,47.4,46.5,44.7,43.0,42.4,-34.4,-38.7,-40.6,-38.9,-34.6,-30.0,-28.5,-30.2,-32.6,-34.9,-36.4,-37.1,-36.4,-34.6,-32.0,-30.4,-29.6,-29.3,-29.6,-30.6,-32.5,-31.8,-32.6,-34.5,-36.4,-37.1,-36.3,-34.4,-36.9,-41.3,-43.4,-42.0,-37.9,-33.5,-31.4,-32.5,-33.9,-36.8,-39.0,-40.2,-39.8,-38.7,-36.5,-34.3,-33.0,-32.3,-32.2,-32.5,-35.3,-34.7,-35.6,-37.5,-39.3,-40.0,-39.0,-37.1,507.1,507.5,507.6,507.3,506.8,506.6,506.3,506.6,511.4,508.8,506.3,505.1,505.6,506.9,508.5,507.0,505.5,505.3,506.5,508.8,507.6,507.5,507.5,507.7,507.9,508.0,508.0,507.8,518.7,519.8,521.4,522.7,522.8,521.8,520.1,519.0,519.1,518.4,518.2,519.2,521.9,525.3,528.6,525.3,522.0,519.6,518.4,518.5,520.7,521.2,522.0,522.4,522.3,521.8,521.1,520.6,26.1,-3.2,647.4,0.17,-0.163,-0.014,218.1,218.9,221.0,224.0,229.1,236.6,245.6,256.1,266.7,275.5,281.7,287.2,291.9,295.3,297.4,298.9,299.2,227.9,234.2,242.9,251.6,259.5,275.1,281.7,288.2,294.4,298.3,267.8,268.9,270.2,271.4,260.1,264.8,269.4,273.5,277.0,237.5,242.7,248.9,254.1,248.9,242.6,276.7,281.6,287.2,291.1,287.8,282.3,251.4,258.8,265.1,268.9,272.8,277.4,281.2,277.6,273.1,268.9,264.8,258.5,254.4,264.8,268.7,272.6,279.0,272.7,268.7,264.8,162.5,174.4,186.2,197.6,208.2,217.3,224.8,230.1,231.0,228.6,222.0,213.7,204.4,194.1,183.3,172.3,161.0,154.8,149.7,148.2,149.3,152.0,151.3,148.1,146.6,147.4,151.7,160.5,168.3,176.1,184.2,189.6,191.0,192.1,190.7,188.9,162.5,159.3,159.3,163.0,164.6,164.8,162.1,157.9,157.7,160.4,163.0,163.2,205.6,202.8,201.1,202.1,200.7,202.1,204.2,209.3,211.5,212.2,212.0,210.2,205.8,204.8,205.0,204.4,204.7,205.7,206.4,206.2,-55.3,-54.2,-50.9,-45.8,-36.8,-23.5,-7.6,10.5,28.6,44.1,56.2,67.1,76.0,81.9,85.6,88.0,88.4,-36.6,-25.8,-11.5,2.5,15.3,40.8,52.2,63.7,75.1,82.9,28.9,30.4,32.1,33.7,16.4,23.8,31.3,38.0,44.0,-20.6,-12.0,-1.7,6.8,-1.8,-12.2,44.5,52.9,62.7,69.9,63.8,54.1,2.3,14.5,24.5,30.7,37.2,45.3,52.7,45.8,37.9,30.9,24.1,14.0,7.2,24.2,30.6,37.1,48.7,37.2,30.6,24.1,-43.4,-22.8,-2.2,17.7,36.4,52.2,64.6,72.9,74.4,71.2,61.1,47.3,30.6,11.9,-7.5,-27.4,-47.6,-53.9,-61.7,-63.7,-61.5,-57.0,-58.9,-64.8,-68.1,-67.8,-61.4,-43.8,-30.8,-18.0,-5.2,3.4,5.7,7.5,5.2,2.3,-41.2,-46.2,-46.4,-40.3,-37.7,-37.2,-42.3,-49.6,-50.2,-46.0,-41.3,-40.6,30.1,25.1,22.1,23.7,21.6,24.2,28.1,36.1,39.4,40.3,40.0,37.3,30.2,28.3,28.6,27.7,28.8,29.8,30.9,30.5,678.1,681.7,685.8,688.0,687.0,683.5,676.9,668.2,667.2,676.5,691.5,703.6,708.3,707.1,704.8,702.7,702.0,645.1,638.7,633.9,630.0,628.0,635.1,642.5,651.2,660.5,670.5,633.5,627.3,620.7,614.6,631.7,630.2,629.6,632.9,637.0,644.3,641.3,641.6,642.9,641.8,641.5,651.8,654.2,658.0,664.3,658.3,654.5,649.1,638.2,634.5,635.7,637.8,646.7,659.9,648.2,640.9,638.2,637.4,640.5,646.7,637.5,638.2,641.0,655.8,640.7,637.9,637.4,0.598,0.179,-0.213,-0.005,265.675,185.402,-6.574,11.462,-12.756,20.536,3.077,3.042,-5.245,3.791,4.261,-4.135,-0.626,0.858,-0.013,-1.637,-0.535,-0.25,0.319,1.269,-0.976,-0.978,0.149,-0.065,-0.474,-0.711,0.152,-0.029,0.124,0.047,-0.094,-0.014,-0.022,-0.016,0.01,-0.006,0.52,0.17,0.0,0.81,0.0,0.0,0.0,0.0,0.0,0.27,0.0,0.0,0.0,0.0,0.0,0.0,0.0,0.0,1.0,0.0,1.0,0.0,0.0,0.0,0.0,0.0,0.0,0.0,0.0,0.0,0.0,0.0,0.0,1.0,0.0
PP133,g1,1430,0,0.975,0.189638,0.184958,-0.964276,0.036304,0.183217,-0.982402,0.116,0.187,242.1,243.5,246.7,249.9,251.2,250.1,246.7,243.5,237.9,239.8,242.7,246.2,249.7,252.4,254.2,252.1,249.1,245.9,242.7,239.9,245.3,246.7,248.1,248.7,248.1,246.7,245.3,244.7,280.2,281.1,283.9,286.9,288.4,287.5,284.7,281.4,277.1,279.0,281.7,285.1,288.0,290.1,291.4,290.3,288.3,285.7,282.6,279.5,282.9,284.3,285.5,285.9,285.2,283.9,282.7,282.3,160.9,157.6,156.2,157.6,160.8,164.3,165.5,164.1,162.4,160.5,159.3,158.7,159.4,160.8,162.9,164.1,164.6,164.8,164.5,163.8,162.4,162.9,162.3,160.9,159.5,158.9,159.5,160.9,159.9,156.7,155.2,156.4,159.5,162.7,164.2,163.3,162.2,160.0,158.4,157.6,158.0,159.0,160.8,162.3,163.1,163.5,163.5,163.3,161.3,161.8,161.1,159.7,158.3,157.8,158.5,159.9,-10.2,-8.5,-4.3,-0.2,1.6,0.1,-4.3,-8.5,-15.9,-13.3,-9.5,-4.9,-0.4,3.1,5.5,2.7,-1.2,-5.4,-9.5,-13.2,-6.1,-4.3,-2.5,-1.7,-2.5,-4.3,-6.1,-6.9,40.1,41.4,45.2,49.4,51.4,50.1,46.2,41.8,36.0,38.6,42.1,46.6,50.8,54.0,56.1,54.2,51.2,47.5,43.4,39.2,43.9,45.8,47.4,48.0,47.1,45.3,43.6,43.0,-34.6,-38.9,-40.7,-39.0,-34.7,-30.1,-28.6,-30.4,-33.0,-35.2,-36.6,-37.3,-36.5,-34.7,-32.0,-30.4,-29.7,-29.5,-29.9,-30.9,-32.7,-32.0,-32.7,-34.6,-36.5,-37.3,-36.5,-34.6,-36.6,-41.0,-43.1,-41.7,-37.5,-33.2,-31.1,-32.2,-33.6,-36.5,-38.6,-39.8,-39.5,-38.3,-36.2,-34.0,-32.6,-31.9,-31.9,-32.2,-35.0,-34.4,-35.3,-37.2,-39.0,-39.6,-38.7,-36.8,507.9,508.3,508.5,508.2,507.7,507.5,507.2,507.4,512.1,509.5,507.1,506.0,506.5,507.9,509.6,508.0,506.4,506.1,507.3,509.5,508.5,508.4,508.4,508.6,508.8,508.9,508.9,508.7,519.1,520.1,521.7,522.9,523.1,522.2,520.6,519.4,519.5,518.7,518.5,519.5,522.2,525.7,529.0,525.7,522.4,520.0,518.8,519.0,521.1,521.6,522.3,522.8,522.7,522.1,521.4,521.0,25.8,-3.4,650.0,0.203,-0.164,0.005,218.2,218.8,220.6,223.3,228.2,235.5,244.5,254.9,265.5,274.2,280.7,286.5,291.5,295.1,297.5,299.2,299.6,228.3,234.8,243.5,252.2,260.1,275.5,282.2,288.8,295.0,298.9,268.2,269.1,270.2,271.3,259.9,264.5,269.1,273.2,276.7,237.7,243.0,249.3,254.4,249.1,242.8,277.1,282.1,287.7,291.5,288.2,282.6,250.4,258.1,264.5,268.3,272.2,276.9,280.7,276.9,272.3,268.0,263.8,257.5,253.4,264.1,268.0,272.0,278.5,272.0,268.0,264.0,161.6,173.4,185.1,196.3,206.8,216.0,223.5,229.0,230.1,227.8,221.2,213.0,203.8,193.6,183.0,172.0,160.8,154.4,149.6,148.3,149.5,152.3,151.6,148.4,146.9,147.7,151.9,160.8,168.7,176.6,184.6,189.7,191.2,192.4,191.0,189.3,162.3,159.2,159.3,163.1,164.5,164.7,162.4,158.2,158.0,160.7,163.3,163.5,205.0,202.6,201.1,202.1,200.9,202.2,204.0,209.3,211.6,212.2,211.9,209.9,205.3,204.8,205.1,204.5,204.6,205.8,206.5,206.2,-55.2,-54.5,-51.7,-47.1,-38.5,-25.4,-9.6,8.4,26.5,42.2,54.5,65.9,75.5,82.0,86.0,88.8,89.5,-35.9,-24.8,-10.6,3.6,16.3,41.6,53.1,64.6,76.2,84.0,29.5,30.8,32.2,33.6,16.1,23.4,30.9,37.7,43.7,-20.3,-11.5,-1.2,7.2,-1.5,-11.8,45.2,53.7,63.5,70.7,64.5,54.8,0.7,13.2,23.6,29.9,36.4,44.7,52.1,44.8,36.7,29.6,22.6,12.4,5.7,23.1,29.6,36.3,48.1,36.2,29.5,22.9,-45.0,-24.6,-4.3,15.5,34.1,50.0,62.6,71.3,73.2,70.1,59.9,46.1,29.7,11.2,-8.2,-28.0,-48.2,-54.7,-62.1,-63.7,-61.3,-56.6,-58.4,-64.3,-67.7,-67.3,-61.2,-43.3,-30.3,-17.4,-4.5,3.6,5.9,7.9,5.7,2.9,-41.7,-46.5,-46.5,-40.3,-37.8,-37.5,-42.0,-49.2,-49.8,-45.6,-40.9,-40.2,29.3,24.9,22.2,23.9,22.0,24.5,28.1,36.3,39.7,40.6,40.1,37.0,29.6,28.3,28.9,28.0,28.8,30.2,31.2,30.6,678.6,682.4,686.8,689.6,689.2,686.3,680.1,671.8,670.9,679.9,694.6,706.3,710.9,709.8,707.5,705.3,704.4,645.7,639.2,634.5,630.6,628.8,635.8,642.9,651.6,660.8,671.0,634.5,628.8,622.7,617.1,634.1,632.8,632.3,635.5,639.4,645.3,642.1,642.5,643.9,642.8,642.5,652.7,654.8,658.6,665.0,659.2,655.5,652.3,641.6,637.7,638.8,640.9,649.9,663.2,651.8,644.5,641.9,641.1,644.3,650.0,640.7,641.4,644.1,659.3,644.0,641.3,640.8,0.596,0.209,-0.213,0.015,265.443,185.242,-7.571,9.115,-12.177,17.69,5.085,2.729,-5.236,2.547,3.971,-2.608,-0.128,1.131,0.26,-1.314,-1.255,0.187,0.415,1.588,-1.179,-0.981,0.135,-0.209,-0.124,-0.456,0.182,-0.234,0.126,0.023,-0.077,-0.008,-0.016,0.005,0.009,-0.006,0.49,0.23,0.0,0.9,0.0,0.0,0.02,0.0,0.0,0.39,0.0,0.0,0.0,0.0,0.0,0.0,0.0,1.0,1.0,0.0,1.0,0.0,0.0,0.0,0.0,0.0,0.0,0.0,0.0,0.0,0.0,0.0,0.0,1.0,0.0
PP133,g1,1436,0,0.975,0.188719,0.177871,-0.965788,0.0344,0.177141,-0.983584,0.114,0.18,242.4,243.7,247.0,250.2,251.5,250.4,247.0,243.8,238.1,240.1,243.0,246.5,250.0,252.7,254.6,252.4,249.4,246.2,243.0,240.2,245.6,247.0,248.4,249.0,248.4,247.0,245.6,245.0,280.5,281.4,284.2,287.3,288.8,287.9,285.1,281.8,277.5,279.4,282.1,285.4,288.4,290.5,291.8,290.7,288.7,286.1,283.0,279.9,283.3,284.6,285.9,286.3,285.6,284.2,283.0,282.6,161.1,157.8,156.4,157.7,161.0,164.6,165.7,164.4,162.6,160.7,159.5,158.9,159.5,161.0,163.1,164.3,164.8,165.0,164.8,164.0,162.6,163.2,162.6,161.1,159.7,159.1,159.7,161.1,160.0,156.8,155.3,156.4,159.5,162.7,164.2,163.4,162.3,160.1,158.4,157.6,157.9,159.0,160.8,162.3,163.1,163.6,163.6,163.3,161.3,161.8,161.1,159.7,158.4,157.9,158.5,160.0,-9.8,-8.1,-3.9,0.2,2.0,0.6,-3.9,-8.0,-15.5,-12.8,-9.1,-4.5,0.1,3.5,5.9,3.2,-0.7,-4.9,-9.1,-12.7,-5.7,-3.9,-2.1,-1.3,-2.1,-3.9,-5.7,-6.5,40.4,41.6,45.5,49.7,51.7,50.4,46.6,42.1,36.4,38.8,42.4,46.9,51.1,54.3,56.4,54.5,51.5,47.9,43.7,39.5,44.2,46.1,47.7,48.3,47.4,45.6,43.9,43.3,-34.1,-38.4,-40.2,-38.5,-34.2,-29.6,-28.1,-29.9,-32.4,-34.6,-36.1,-36.8,-36.0,-34.2,-31.6,-29.9,-29.2,-28.9,-29.3,-30.4,-32.2,-31.5,-32.2,-34.1,-36.0,-36.7,-36.0,-34.1,-36.4,-40.8,-42.9,-41.5,-37.4,-33.0,-30.9,-32.0,-33.3,-36.2,-38.4,-39.7,-39.3,-38.2,-36.0,-33.8,-32.4,-31.7,-31.6,-32.0,-34.8,-34.2,-35.1,-37.0,-38.8,-39.4,-38.5,-36.6,504.4,504.8,504.9,504.6,504.2,504.0,503.6,503.9,508.6,506.0,503.6,502.4,503.0,504.3,506.0,504.4,502.9,502.6,503.7,506.0,504.9,504.8,504.8,505.0,505.2,505.4,505.3,505.1,516.8,517.8,519.4,520.7,520.9,519.9,518.3,517.2,517.3,516.5,516.3,517.3,519.9,523.4,526.7,523.4,520.1,517.7,516.6,516.7,518.8,519.4,520.1,520.5,520.4,519.9,519.2,518.7,26.7,-3.2,650.0,0.197,-0.163,-0.002,218.5,219.2,221.2,224.0,229.0,236.4,245.5,255.9,266.4,275.1,281.4,287.1,292.1,295.7,298.0,299.6,300.0,228.4,235.0,243.6,252.4,260.3,275.9,282.6,289.1,295.4,299.3,268.5,269.5,270.7,271.8,260.5,265.1,269.7,273.7,277.2,238.0,243.3,249.6,254.7,249.5,243.1,277.4,282.4,288.1,292.0,288.6,283.0,251.2,258.8,265.2,269.0,272.9,277.5,281.4,277.6,273.0,268.8,264.7,258.4,254.2,264.9,268.7,272.7,279.2,272.7,268.7,264.8,162.1,173.9,185.5,196.7,207.2,216.2,223.6,229.0,230.1,227.7,221.2,213.1,203.9,193.8,183.2,172.2,161.0,154.7,149.9,148.5,149.7,152.5,151.8,148.6,147.0,147.8,151.9,161.0,168.8,176.7,184.7,189.8,191.3,192.4,191.0,189.3,162.5,159.4,159.4,163.3,164.7,164.9,162.5,158.2,158.0,160.7,163.3,163.6,205.2,202.7,201.1,202.1,200.8,202.1,204.0,209.3,211.6,212.2,212.0,210.1,205.4,204.8,205.0,204.4,204.5,205.8,206.5,206.2,-54.7,-53.8,-50.7,-45.8,-37.1,-23.8,-7.9,10.1,28.1,43.6,55.8,67.2,76.7,83.1,87.0,89.7,90.3,-35.7,-24.6,-10.3,3.8,16.6,42.2,53.7,65.3,76.9,84.8,30.1,31.5,33.0,34.4,17.0,24.4,31.8,38.6,44.6,-19.9,-11.1,-0.7,7.8,-0.9,-11.3,45.8,54.3,64.2,71.5,65.2,55.4,2.1,14.5,24.8,31.0,37.5,45.7,53.2,46.0,38.0,30.9,24.1,13.8,7.0,24.4,30.8,37.4,49.2,37.3,30.7,24.2,-44.1,-23.7,-3.4,16.3,34.7,50.4,62.9,71.4,73.1,70.0,59.9,46.2,29.9,11.5,-7.8,-27.6,-47.7,-54.2,-61.6,-63.3,-61.0,-56.3,-58.2,-64.1,-67.5,-67.3,-61.2,-43.1,-30.1,-17.3,-4.5,3.8,6.1,7.9,5.7,2.9,-41.3,-46.2,-46.2,-40.0,-37.5,-37.1,-41.8,-49.2,-49.8,-45.7,-40.9,-40.1,29.5,25.0,22.2,23.8,21.8,24.4,28.0,36.3,39.8,40.7,40.2,37.2,29.8,28.4,28.8,27.9,28.7,30.1,31.2,30.7,679.4,683.1,687.4,689.9,689.5,686.4,680.2,671.8,670.9,679.8,694.7,706.4,711.2,710.1,707.8,705.8,705.0,646.1,639.6,634.8,630.8,628.8,635.9,643.3,652.0,661.4,671.6,634.7,629.0,622.8,617.1,634.1,632.8,632.2,635.5,639.4,645.8,642.5,642.9,644.3,643.2,643.0,653.1,655.3,659.2,665.6,659.7,655.9,652.4,641.5,637.5,638.6,640.7,649.7,663.2,651.7,644.4,641.9,641.1,644.2,650.0,640.7,641.3,644.0,659.2,643.8,641.2,640.8,0.596,0.203,-0.214,0.008,265.998,185.358,-6.019,9.359,-11.86,17.829,5.83,2.343,-5.352,3.62,4.225,-3.163,-0.083,1.165,0.465,-1.419,-0.901,0.037,0.7,1.451,-1.015,-0.827,0.234,-0.274,-0.199,-0.38,0.136,-0.135,0.125,0.03,-0.081,-0.007,-0.014,-0.003,0.008,-0.008,0.46,0.0,0.0,0.74,0.0,0.0,0.03,0.0,0.0,0.29,0.0,0.0,0.0,0.0,0.0,0.0,0.0,0.0,1.0,0.0,1.0,0.0,0.0,0.0,0.0,0.0,0.0,0.0,0.0,0.0,0.0,0.0,0.0,1.0,0.0
PP133,g1,1442,0,0.975,0.188439,0.16702,-0.967778,0.042094,0.167543,-0.984966,0.118,0.17,242.8,244.1,247.3,250.5,251.9,250.9,247.4,244.2,238.5,240.5,243.3,246.8,250.4,253.1,255.0,252.9,249.9,246.6,243.4,240.6,246.0,247.4,248.8,249.4,248.8,247.3,245.9,245.4,280.8,281.7,284.5,287.5,289.1,288.2,285.4,282.1,277.8,279.7,282.4,285.7,288.7,290.8,292.0,290.9,289.0,286.4,283.4,280.2,283.6,284.9,286.1,286.5,285.9,284.5,283.3,282.9,161.3,158.0,156.6,157.9,161.1,164.7,165.9,164.6,162.9,161.0,159.7,159.1,159.7,161.1,163.2,164.4,164.9,165.2,165.0,164.3,162.8,163.3,162.7,161.3,159.8,159.3,159.9,161.3,160.0,156.8,155.3,156.4,159.5,162.7,164.2,163.4,162.3,160.1,158.4,157.5,157.9,159.0,160.8,162.3,163.1,163.6,163.6,163.3,161.3,161.8,161.1,159.7,158.4,157.9,158.5,159.9,-9.3,-7.7,-3.5,0.7,2.5,1.1,-3.3,-7.5,-14.9,-12.3,-8.6,-4.1,0.5,4.0,6.5,3.7,-0.2,-4.4,-8.5,-12.2,-5.2,-3.4,-1.6,-0.8,-1.6,-3.4,-5.3,-6.0,40.8,42.1,45.9,50.1,52.2,50.9,47.0,42.6,36.8,39.3,42.8,47.3,51.6,54.7,56.8,54.9,52.0,48.3,44.2,40.0,44.7,46.5,48.2,48.7,47.8,46.0,44.3,43.8,-33.8,-38.1,-39.9,-38.2,-34.0,-29.4,-27.9,-29.5,-32.0,-34.3,-35.8,-36.5,-35.8,-34.0,-31.4,-29.7,-29.0,-28.7,-29.0,-30.0,-31.9,-31.2,-32.0,-33.9,-35.7,-36.5,-35.7,-33.8,-36.4,-40.8,-42.9,-41.5,-37.4,-33.0,-30.9,-32.0,-33.4,-36.3,-38.5,-39.7,-39.4,-38.2,-36.1,-33.9,-32.5,-31.8,-31.7,-32.0,-34.8,-34.2,-35.2,-37.1,-38.9,-39.5,-38.6,-36.6,503.9,504.3,504.4,504.1,503.6,503.4,503.1,503.4,508.1,505.5,503.1,501.9,502.4,503.8,505.4,503.8,502.3,502.1,503.2,505.5,504.4,504.3,504.3,504.5,504.7,504.8,504.8,504.6,517.6,518.6,520.2,521.5,521.7,520.7,519.0,517.9,518.0,517.2,517.1,518.1,520.7,524.2,527.5,524.2,520.9,518.5,517.3,517.4,519.6,520.1,520.8,521.3,521.2,520.6,519.9,519.5,27.5,-2.5,645.4,0.176,-0.171,-0.009,218.9,219.7,221.7,224.6,229.6,237.0,246.1,256.7,267.3,276.0,282.2,287.7,292.5,295.9,298.2,299.8,300.2,228.7,235.2,243.9,252.7,260.6,276.2,282.8,289.3,295.6,299.4,268.9,270.0,271.3,272.6,261.2,265.8,270.5,274.5,278.0,238.4,243.6,249.9,255.1,249.9,243.5,277.7,282.7,288.3,292.2,288.9,283.3,252.5,260.0,266.2,269.9,273.7,278.3,282.0,278.5,274.0,269.9,265.9,259.7,255.6,265.9,269.7,273.6,279.8,273.6,269.7,265.9,162.7,174.6,186.3,197.6,208.2,217.4,224.9,230.4,231.5,229.1,222.5,214.3,205.0,194.7,183.9,172.7,161.4,155.2,150.1,148.6,149.8,152.6,151.8,148.5,147.0,147.7,152.0,161.0,168.8,176.6,184.7,190.1,191.5,192.6,191.2,189.4,162.8,159.6,159.6,163.4,164.9,165.2,162.5,158.2,158.0,160.7,163.3,163.6,206.2,203.4,201.6,202.6,201.3,202.7,204.8,209.9,212.2,212.9,212.7,210.9,206.3,205.4,205.6,204.9,205.3,206.3,207.1,206.8,-53.7,-52.7,-49.4,-44.4,-35.7,-22.6,-6.8,11.4,29.5,45.0,56.9,67.8,76.9,83.0,86.9,89.5,90.0,-35.0,-24.1,-9.9,4.3,17.0,42.5,53.8,65.3,76.8,84.6,30.5,32.1,33.7,35.4,18.1,25.5,32.9,39.6,45.4,-19.1,-10.4,-0.1,8.4,-0.2,-10.6,46.1,54.5,64.3,71.5,65.4,55.7,4.2,16.3,26.3,32.3,38.6,46.6,53.8,47.1,39.3,32.5,25.8,15.8,9.2,25.9,32.1,38.5,49.8,38.6,32.2,25.8,-42.8,-22.4,-2.1,17.7,36.3,52.1,64.7,73.2,74.9,71.9,61.9,48.2,31.7,13.0,-6.5,-26.5,-46.8,-53.1,-60.9,-62.7,-60.5,-55.9,-57.9,-63.8,-67.3,-67.0,-60.8,-42.9,-29.9,-17.2,-4.4,4.2,6.4,8.2,5.9,3.1,-40.5,-45.6,-45.7,-39.6,-37.0,-36.5,-41.6,-48.9,-49.6,-45.4,-40.7,-39.9,30.9,25.9,22.8,24.5,22.4,25.1,29.1,37.1,40.4,41.3,41.0,38.2,31.0,29.1,29.4,28.5,29.7,30.8,31.9,31.4,674.4,678.0,682.2,684.7,684.1,681.0,674.8,666.4,665.5,674.7,689.7,701.9,707.0,706.0,703.8,701.6,700.7,642.0,635.5,630.8,627.1,625.3,632.5,640.0,648.7,658.2,668.4,630.9,624.9,618.3,612.3,629.3,627.9,627.4,630.7,634.9,641.6,638.5,638.9,640.3,639.2,638.9,649.4,651.8,655.8,662.2,656.1,652.2,646.6,635.9,632.3,633.5,635.6,644.4,657.7,646.2,639.1,636.6,635.7,638.5,644.3,635.4,636.1,638.8,653.6,638.7,636.0,635.5,0.6,0.186,-0.224,0.0,266.613,185.836,-5.989,9.46,-13.14,21.172,3.47,2.212,-4.361,4.377,5.107,-4.279,-0.372,0.971,0.142,-1.751,-0.296,-0.296,0.44,1.352,-1.097,-0.585,0.257,-0.184,-0.334,-0.636,0.208,0.059,0.139,0.021,-0.094,-0.015,-0.028,-0.012,0.013,0.003,0.52,0.11,0.0,0.48,0.0,0.0,0.0,0.0,0.0,0.24,0.0,0.0,0.0,0.0,0.0,0.0,0.0,1.0,1.0,0.0,1.0,0.0,0.0,0.0,0.0,0.0,0.0,0.0,0.0,0.0,0.0,0.0,0.0,1.0,0.0
PP133,g1,1448,0,0.975,0.190143,0.166049,-0.967612,0.047349,0.167205,-0.984785,0.121,0.169,243.6,244.9,248.1,251.3,252.7,251.7,248.2,245.0,239.4,241.3,244.1,247.6,251.2,253.9,255.8,253.7,250.7,247.4,244.2,241.4,246.8,248.2,249.6,250.2,249.6,248.1,246.7,246.2,281.5,282.4,285.2,288.2,289.7,288.8,286.1,282.8,278.5,280.4,283.1,286.4,289.4,291.4,292.7,291.6,289.7,287.1,284.0,280.9,284.3,285.6,286.8,287.2,286.5,285.2,284.0,283.6,161.7,158.4,157.0,158.2,161.5,165.1,166.3,165.0,163.3,161.4,160.1,159.5,160.0,161.5,163.6,164.8,165.3,165.6,165.4,164.7,163.2,163.7,163.1,161.6,160.2,159.7,160.3,161.7,160.3,157.1,155.6,156.7,159.8,163.1,164.6,163.7,162.7,160.4,158.8,157.9,158.3,159.4,161.1,162.6,163.5,163.9,163.9,163.7,161.6,162.1,161.5,160.1,158.7,158.2,158.9,160.3,-8.3,-6.6,-2.5,1.7,3.5,2.2,-2.3,-6.4,-13.8,-11.3,-7.6,-3.0,1.6,5.1,7.5,4.8,0.9,-3.3,-7.4,-11.1,-4.1,-2.3,-0.5,0.2,-0.6,-2.4,-4.2,-4.9,41.8,43.1,46.9,51.1,53.1,51.9,48.0,43.5,37.8,40.3,43.8,48.3,52.5,55.7,57.7,55.9,53.0,49.3,45.2,41.0,45.7,47.5,49.2,49.7,48.8,47.0,45.3,44.8,-33.3,-37.6,-39.5,-37.8,-33.5,-28.9,-27.4,-29.0,-31.5,-33.8,-35.3,-36.0,-35.3,-33.6,-30.9,-29.3,-28.5,-28.1,-28.5,-29.5,-31.4,-30.7,-31.5,-33.4,-35.3,-36.0,-35.2,-33.3,-36.0,-40.4,-42.5,-41.1,-37.0,-32.6,-30.5,-31.6,-33.0,-35.9,-38.1,-39.3,-39.0,-37.8,-35.7,-33.4,-32.1,-31.3,-31.3,-31.6,-34.4,-33.8,-34.7,-36.7,-38.5,-39.1,-38.1,-36.2,504.1,504.5,504.5,504.2,503.8,503.6,503.3,503.6,508.3,505.7,503.3,502.1,502.6,503.9,505.6,504.0,502.5,502.3,503.5,505.7,504.6,504.5,504.5,504.7,504.9,505.0,505.0,504.8,518.2,519.2,520.9,522.2,522.4,521.4,519.7,518.5,518.6,517.8,517.7,518.7,521.4,524.9,528.3,525.0,521.6,519.2,518.0,518.0,520.2,520.8,521.5,522.0,521.9,521.3,520.6,520.1,29.0,-1.9,644.5,0.172,-0.175,-0.013,219.4,220.2,222.2,225.3,230.3,237.8,247.0,257.7,268.4,277.1,283.3,288.7,293.3,296.6,298.8,300.4,300.7,229.6,236.0,244.8,253.5,261.5,277.0,283.6,290.0,296.2,300.0,269.7,270.9,272.2,273.5,262.2,266.8,271.4,275.4,278.8,239.2,244.4,250.7,255.9,250.7,244.4,278.4,283.4,289.0,292.8,289.6,284.0,253.9,261.3,267.4,271.0,274.7,279.1,282.7,279.4,275.1,271.1,267.1,261.0,257.0,267.1,270.8,274.6,280.6,274.6,270.9,267.1,163.1,175.0,186.7,198.0,208.7,217.9,225.5,231.0,232.0,229.5,222.9,214.6,205.1,194.8,183.9,172.8,161.5,155.6,150.5,149.1,150.2,153.0,152.2,149.0,147.4,148.1,152.4,161.3,169.2,176.9,185.0,190.5,191.8,192.9,191.5,189.7,163.2,160.0,159.9,163.7,165.3,165.6,162.8,158.5,158.3,161.0,163.6,163.9,206.8,203.8,202.0,202.9,201.6,203.1,205.2,210.2,212.4,213.1,212.9,211.2,206.8,205.8,205.9,205.3,205.7,206.5,207.3,207.0,-52.7,-51.7,-48.4,-43.3,-34.5,-21.2,-5.2,13.1,31.4,46.8,58.7,69.5,78.4,84.2,87.9,90.4,90.9,-33.5,-22.7,-8.4,5.7,18.4,43.7,55.0,66.5,77.9,85.6,31.7,33.4,35.1,36.8,19.7,27.0,34.3,41.0,46.8,-17.7,-9.1,1.2,9.7,1.1,-9.2,47.3,55.7,65.4,72.6,66.5,56.8,6.4,18.3,28.1,34.0,40.2,48.0,55.0,48.5,41.0,34.3,27.7,18.0,11.5,27.7,33.8,40.1,51.0,40.2,33.9,27.7,-42.2,-21.7,-1.4,18.5,37.1,53.0,65.6,74.1,75.7,72.6,62.5,48.6,31.9,13.2,-6.4,-26.4,-46.6,-52.4,-60.1,-62.0,-59.8,-55.2,-57.1,-63.1,-66.6,-66.3,-60.0,-42.3,-29.3,-16.7,-4.0,4.8,7.0,8.7,6.4,3.6,-39.8,-44.9,-45.0,-39.0,-36.3,-35.8,-41.1,-48.3,-48.9,-44.8,-40.1,-39.3,31.8,26.5,23.4,25.0,22.9,25.6,29.8,37.5,40.7,41.6,41.3,38.7,31.8,29.7,30.0,29.1,30.4,31.0,32.1,31.7,673.6,677.4,681.6,684.0,683.4,680.2,673.9,665.6,664.9,674.4,689.7,701.9,707.0,705.9,703.5,701.0,699.9,640.9,634.5,630.0,626.4,624.8,632.0,639.6,648.4,658.0,668.2,630.5,624.3,617.8,611.7,628.4,627.2,626.8,630.1,634.3,640.6,637.6,638.1,639.6,638.5,638.1,649.0,651.4,655.5,662.0,655.9,651.9,645.2,634.5,631.2,632.5,634.6,643.4,656.5,644.9,638.0,635.4,634.4,637.0,642.8,634.4,635.1,637.9,652.2,637.6,634.9,634.3,0.6,0.183,-0.23,-0.003,267.492,186.188,-4.061,10.763,-14.787,21.48,1.881,1.693,-3.999,4.128,5.07,-5.323,-0.298,0.467,-0.076,-1.971,0.023,-0.583,0.368,1.182,-0.878,-0.601,0.287,0.065,-0.587,-0.66,0.259,0.145,0.163,0.016,-0.103,-0.035,-0.037,-0.021,0.007,0.006,0.44,0.08,0.0,0.6,0.0,0.0,0.0,0.0,0.0,0.27,0.0,0.0,0.0,0.0,0.0,0.0,0.0,0.0,1.0,0.0,1.0,0.0,0.0,0.0,0.0,0.0,0.0,0.0,0.0,0.0,0.0,0.0,0.0,1.0,0.0
PP133,g1,1454,0,0.975,0.197199,0.178977,-0.963888,0.044985,0.178837,-0.98285,0.124,0.182,243.7,245.0,248.2,251.5,252.8,251.7,248.3,245.1,239.4,241.4,244.3,247.8,251.3,254.0,255.8,253.7,250.7,247.5,244.3,241.4,246.9,248.3,249.7,250.3,249.7,248.3,246.9,246.3,281.7,282.6,285.3,288.4,289.9,289.0,286.2,282.9,278.6,280.6,283.2,286.5,289.5,291.6,292.8,291.7,289.8,287.2,284.2,281.1,284.4,285.8,287.0,287.4,286.7,285.4,284.2,283.8,161.5,158.2,156.9,158.2,161.5,165.0,166.1,164.8,163.1,161.2,160.0,159.4,160.0,161.5,163.6,164.8,165.2,165.5,165.2,164.5,163.0,163.6,163.0,161.6,160.1,159.6,160.2,161.6,160.5,157.3,155.8,156.9,160.0,163.2,164.7,163.8,162.8,160.6,158.9,158.1,158.5,159.5,161.3,162.8,163.6,164.1,164.1,163.8,161.8,162.3,161.6,160.2,158.9,158.4,159.0,160.4,-8.1,-6.4,-2.3,1.9,3.6,2.2,-2.2,-6.4,-13.8,-11.2,-7.4,-2.8,1.7,5.2,7.6,4.8,1.0,-3.3,-7.4,-11.1,-4.1,-2.2,-0.4,0.3,-0.4,-2.3,-4.1,-4.8,42.2,43.4,47.3,51.4,53.5,52.2,48.3,43.9,38.1,40.6,44.2,48.7,52.9,56.0,58.1,56.2,53.3,49.6,45.5,41.3,46.0,47.8,49.5,50.1,49.2,47.3,45.7,45.1,-33.6,-37.9,-39.7,-37.9,-33.6,-29.1,-27.6,-29.3,-31.8,-34.1,-35.5,-36.2,-35.5,-33.6,-31.0,-29.4,-28.7,-28.4,-28.8,-29.8,-31.7,-30.9,-31.7,-33.6,-35.4,-36.2,-35.4,-33.5,-35.9,-40.3,-42.4,-41.0,-36.9,-32.5,-30.4,-31.5,-32.9,-35.8,-38.0,-39.2,-38.9,-37.7,-35.5,-33.3,-31.9,-31.2,-31.2,-31.5,-34.3,-33.7,-34.6,-36.6,-38.4,-39.0,-38.0,-36.1,504.9,505.4,505.5,505.3,504.8,504.6,504.2,504.5,509.1,506.5,504.1,503.0,503.6,505.0,506.7,505.1,503.5,503.2,504.3,506.5,505.5,505.4,505.5,505.7,505.9,506.0,505.9,505.7,519.8,520.8,522.4,523.7,523.9,523.0,521.3,520.1,520.2,519.4,519.2,520.3,523.0,526.5,529.8,526.5,523.2,520.7,519.6,519.7,521.8,522.4,523.1,523.5,523.4,522.8,522.1,521.7,28.5,-2.3,647.9,0.195,-0.179,0.002,219.4,220.0,221.8,224.6,229.5,237.0,246.1,256.6,267.2,275.9,282.1,287.7,292.6,296.2,298.6,300.3,300.8,229.7,236.3,245.0,253.8,261.8,277.3,283.9,290.4,296.5,300.3,269.8,270.9,272.1,273.3,261.9,266.5,271.0,275.1,278.5,239.3,244.6,250.9,256.0,250.7,244.4,278.6,283.6,289.2,293.0,289.7,284.2,252.8,260.4,266.7,270.4,274.2,278.6,282.2,278.7,274.3,270.2,266.1,259.9,255.8,266.3,270.1,273.9,280.1,273.9,270.1,266.2,162.6,174.4,186.0,197.2,207.7,216.8,224.3,229.8,230.9,228.5,222.0,213.8,204.6,194.4,183.7,172.6,161.4,155.2,150.3,149.0,150.2,153.0,152.3,149.1,147.6,148.3,152.5,161.5,169.4,177.2,185.2,190.4,191.8,192.9,191.6,189.8,163.0,159.9,159.9,163.7,165.2,165.4,162.9,158.7,158.5,161.2,163.8,164.1,206.0,203.4,201.7,202.7,201.5,202.9,204.8,210.0,212.3,212.9,212.7,210.8,206.2,205.5,205.7,205.1,205.3,206.4,207.1,206.8,-52.9,-52.2,-49.3,-44.6,-35.9,-22.8,-6.8,11.4,29.5,44.9,56.9,68.1,77.5,84.0,88.0,90.8,91.5,-33.4,-22.4,-8.0,6.1,18.9,44.3,55.7,67.2,78.7,86.4,32.1,33.6,35.2,36.7,19.2,26.6,33.9,40.7,46.5,-17.7,-8.9,1.4,9.8,1.2,-9.1,47.7,56.1,65.9,73.1,66.9,57.2,4.6,17.0,27.2,33.2,39.5,47.4,54.5,47.7,39.9,33.1,26.4,16.3,9.7,26.7,32.9,39.3,50.6,39.3,32.9,26.5,-43.0,-22.7,-2.6,17.1,35.5,51.3,63.8,72.4,74.3,71.2,61.2,47.5,31.1,12.5,-6.9,-26.8,-47.1,-53.2,-60.6,-62.3,-59.9,-55.3,-57.1,-63.0,-66.5,-66.2,-60.0,-42.1,-29.1,-16.4,-3.6,4.7,7.0,8.8,6.6,3.8,-40.3,-45.2,-45.3,-39.1,-36.6,-36.2,-40.9,-48.2,-48.8,-44.7,-39.9,-39.2,30.7,26.0,23.2,24.8,22.8,25.5,29.2,37.4,40.7,41.6,41.1,38.2,30.9,29.4,29.8,28.9,29.9,31.1,32.1,31.6,675.4,679.2,683.6,686.3,686.1,683.4,677.4,669.5,668.8,678.1,693.1,705.1,710.2,709.4,707.2,705.0,704.0,642.8,636.4,631.9,628.3,626.6,634.1,641.6,650.6,660.1,670.5,632.6,626.9,620.7,615.0,631.5,630.4,630.1,633.4,637.5,642.8,639.6,640.1,641.8,640.6,640.1,651.2,653.5,657.6,664.2,658.1,654.1,649.3,638.7,635.1,636.3,638.4,647.5,660.8,649.5,642.3,639.7,638.8,641.5,647.0,638.2,639.0,641.7,656.8,641.7,639.0,638.4,0.598,0.204,-0.233,0.013,267.144,185.943,-4.97,8.645,-12.945,18.709,4.883,1.768,-4.375,3.175,4.507,-3.661,0.145,1.045,0.668,-1.851,-0.458,-0.159,0.558,1.093,-0.951,-0.662,0.331,-0.187,-0.357,-0.474,0.201,0.011,0.106,0.035,-0.1,-0.013,-0.031,-0.001,0.006,0.009,0.14,0.0,0.0,0.49,0.0,0.0,0.0,0.0,0.0,0.26,0.0,0.0,0.0,0.0,0.0,0.0,0.0,0.0,1.0,0.0,1.0,0.0,0.0,0.0,0.0,0.0,0.0,0.0,0.0,0.0,0.0,0.0,0.0,1.0,0.0
PP133,g1,1460,0,0.975,0.198733,0.181344,-0.96313,0.04358,0.181687,-0.98239,0.124,0.184,243.3,244.7,247.9,251.1,252.5,251.4,247.9,244.7,239.0,241.0,243.9,247.5,251.0,253.7,255.6,253.4,250.4,247.1,243.9,241.1,246.5,247.9,249.4,249.9,249.3,247.9,246.5,245.9,281.5,282.3,285.1,288.2,289.7,288.8,286.0,282.7,278.4,280.3,283.0,286.3,289.3,291.4,292.7,291.6,289.6,287.0,284.0,280.8,284.2,285.6,286.8,287.2,286.5,285.2,284.0,283.6,161.3,158.0,156.6,157.9,161.2,164.8,166.0,164.6,162.8,161.0,159.7,159.1,159.8,161.3,163.4,164.6,165.1,165.3,165.0,164.3,162.8,163.4,162.8,161.3,159.9,159.3,159.9,161.4,160.2,157.0,155.5,156.6,159.7,162.9,164.4,163.6,162.6,160.3,158.6,157.8,158.1,159.2,161.0,162.5,163.4,163.8,163.8,163.6,161.5,162.0,161.3,159.9,158.6,158.1,158.7,160.2,-8.6,-6.9,-2.7,1.5,3.2,1.8,-2.6,-6.8,-14.3,-11.6,-7.8,-3.2,1.3,4.8,7.2,4.4,0.5,-3.7,-7.8,-11.5,-4.5,-2.7,-0.8,-0.1,-0.9,-2.7,-4.5,-5.2,41.7,42.9,46.8,51.0,53.0,51.7,47.9,43.4,37.7,40.2,43.7,48.2,52.4,55.6,57.6,55.8,52.8,49.2,45.0,40.8,45.5,47.4,49.0,49.6,48.7,46.9,45.2,44.6,-33.6,-37.9,-39.7,-38.0,-33.7,-29.1,-27.6,-29.4,-31.9,-34.2,-35.6,-36.3,-35.5,-33.7,-31.1,-29.4,-28.7,-28.4,-28.8,-29.9,-31.7,-31.0,-31.8,-33.6,-35.5,-36.3,-35.5,-33.6,-36.1,-40.5,-42.7,-41.3,-37.2,-32.8,-30.7,-31.7,-33.1,-36.0,-38.2,-39.4,-39.1,-38.0,-35.9,-33.6,-32.2,-31.4,-31.4,-31.7,-34.6,-34.0,-34.9,-36.8,-38.6,-39.2,-38.3,-36.4,501.6,502.0,502.1,501.9,501.5,501.3,500.9,501.2,505.8,503.2,500.8,499.7,500.3,501.7,503.4,501.8,500.2,499.9,501.0,503.2,502.2,502.1,502.2,502.3,502.5,502.6,502.6,502.4,517.6,518.6,520.2,521.5,521.8,520.8,519.2,518.0,518.1,517.3,517.1,518.1,520.8,524.3,527.6,524.4,521.0,518.6,517.4,517.6,519.7,520.2,520.9,521.4,521.2,520.7,520.0,519.5,28.2,-3.0,648.9,0.2,-0.178,0.001,219.1,219.8,221.6,224.5,229.4,236.8,246.0,256.5,267.0,275.6,281.9,287.6,292.5,296.2,298.5,300.2,300.7,229.3,235.9,244.7,253.6,261.6,276.9,283.6,290.1,296.3,300.2,269.6,270.7,271.9,273.1,261.7,266.2,270.8,274.8,278.3,238.9,244.2,250.6,255.7,250.4,244.1,278.4,283.3,289.0,292.8,289.5,283.9,252.7,260.3,266.5,270.2,274.0,278.4,282.1,278.5,274.1,270.1,266.0,259.8,255.7,266.2,269.9,273.7,279.9,273.8,269.9,266.1,162.3,174.0,185.5,196.6,207.0,216.0,223.4,228.8,230.0,227.6,221.1,213.1,203.9,193.8,183.1,172.1,160.9,154.9,150.0,148.7,150.0,152.8,152.0,148.8,147.2,147.9,152.1,161.3,169.1,176.8,184.8,190.1,191.4,192.5,191.2,189.5,162.7,159.7,159.6,163.5,165.0,165.2,162.7,158.4,158.2,160.9,163.5,163.8,205.6,203.1,201.3,202.3,201.1,202.4,204.3,209.4,211.7,212.3,212.1,210.3,205.8,205.1,205.3,204.7,204.8,205.9,206.6,206.3,-53.5,-52.6,-49.7,-44.9,-36.3,-23.1,-7.0,11.1,29.2,44.6,56.7,67.9,77.5,84.0,88.0,90.8,91.5,-34.2,-23.0,-8.6,5.7,18.6,43.8,55.2,66.8,78.4,86.2,31.7,33.2,34.8,36.4,18.9,26.2,33.6,40.3,46.2,-18.4,-9.5,0.9,9.4,0.7,-9.8,47.4,55.8,65.7,72.9,66.7,56.9,4.5,16.8,26.9,32.9,39.2,47.2,54.3,47.5,39.7,32.9,26.2,16.2,9.5,26.4,32.7,39.1,50.4,39.1,32.7,26.3,-43.7,-23.5,-3.5,16.1,34.4,50.0,62.4,71.0,72.8,69.8,59.8,46.2,29.9,11.5,-7.9,-27.8,-48.0,-53.8,-61.2,-62.8,-60.4,-55.7,-57.6,-63.6,-67.1,-67.0,-60.9,-42.5,-29.6,-17.0,-4.3,4.1,6.4,8.1,6.0,3.2,-40.8,-45.7,-45.7,-39.5,-36.9,-36.6,-41.4,-48.8,-49.4,-45.4,-40.5,-39.7,30.2,25.5,22.5,24.2,22.2,24.8,28.5,36.5,39.8,40.7,40.3,37.5,30.4,28.8,29.2,28.3,29.2,30.2,31.2,30.7,676.6,680.3,684.7,687.4,687.3,684.6,678.6,670.7,670.0,679.3,694.2,706.3,711.5,710.6,708.6,706.5,705.6,643.9,637.3,632.6,628.9,627.2,634.5,642.1,651.1,660.8,671.3,633.4,627.7,621.5,615.9,632.5,631.4,631.1,634.4,638.4,643.9,640.6,641.1,642.7,641.6,641.1,652.0,654.4,658.5,665.2,659.1,655.1,650.2,639.6,635.9,637.2,639.3,648.3,661.7,650.3,643.1,640.6,639.7,642.5,647.9,639.2,639.9,642.6,657.6,642.4,639.8,639.2,0.597,0.207,-0.233,0.011,266.935,185.505,-2.844,7.913,-13.627,18.162,5.724,1.061,-4.75,3.679,4.431,-3.428,0.139,1.105,0.463,-1.53,-0.776,-0.235,0.51,0.915,-0.945,-0.757,0.381,-0.158,-0.36,-0.437,0.199,-0.05,0.109,0.044,-0.094,-0.014,-0.029,0.0,0.007,-0.003,0.37,0.01,0.0,0.78,0.0,0.0,0.0,0.0,0.0,0.0,0.0,0.0,0.0,0.0,0.0,0.0,0.0,0.0,1.0,0.0,1.0,0.0,0.0,0.0,0.0,0.0,0.0,0.0,0.0,0.0,0.0,0.0,0.0,1.0,0.0
PP133,g1,1466,0,0.975,0.193761,0.17724,-0.964906,0.041889,0.177456,-0.983237,0.12,0.18,243.1,244.4,247.6,250.9,252.2,251.1,247.7,244.5,238.8,240.8,243.7,247.2,250.7,253.4,255.3,253.1,250.1,246.9,243.7,240.9,246.3,247.7,249.1,249.7,249.1,247.7,246.2,245.7,281.1,282.0,284.8,287.8,289.3,288.5,285.7,282.4,278.1,280.0,282.7,286.0,289.0,291.1,292.3,291.2,289.3,286.7,283.6,280.5,283.9,285.2,286.4,286.8,286.2,284.8,283.6,283.2,161.4,158.1,156.7,158.0,161.3,164.8,166.0,164.7,162.9,161.1,159.8,159.2,159.8,161.3,163.4,164.6,165.1,165.3,165.1,164.3,162.9,163.5,162.8,161.4,160.0,159.4,160.0,161.4,160.2,157.0,155.5,156.6,159.7,162.9,164.4,163.6,162.6,160.3,158.6,157.8,158.2,159.2,161.0,162.5,163.3,163.8,163.8,163.6,161.5,162.0,161.3,159.9,158.6,158.1,158.7,160.2,-8.9,-7.2,-3.1,1.1,2.9,1.5,-3.0,-7.1,-14.6,-11.9,-8.2,-3.6,0.9,4.4,6.8,4.1,0.2,-4.0,-8.1,-11.8,-4.8,-3.0,-1.2,-0.4,-1.2,-3.0,-4.9,-5.6,41.4,42.6,46.4,50.6,52.7,51.4,47.6,43.1,37.3,39.8,43.4,47.9,52.1,55.3,57.3,55.5,52.5,48.8,44.7,40.5,45.2,47.0,48.7,49.3,48.4,46.5,44.9,44.3,-33.7,-38.0,-39.8,-38.1,-33.8,-29.2,-27.7,-29.5,-32.0,-34.2,-35.7,-36.4,-35.7,-33.8,-31.2,-29.6,-28.9,-28.5,-28.9,-30.0,-31.8,-31.1,-31.9,-33.7,-35.6,-36.4,-35.6,-33.7,-36.2,-40.6,-42.8,-41.4,-37.3,-32.9,-30.8,-31.8,-33.2,-36.1,-38.3,-39.5,-39.2,-38.1,-35.9,-33.7,-32.3,-31.6,-31.5,-31.8,-34.7,-34.1,-35.0,-36.9,-38.7,-39.3,-38.4,-36.5,504.3,504.7,504.8,504.6,504.1,503.9,503.6,503.8,508.5,505.9,503.5,502.3,502.9,504.3,505.9,504.4,502.8,502.5,503.7,505.9,504.8,504.7,504.8,505.0,505.2,505.3,505.2,505.0,519.1,520.1,521.7,523.0,523.2,522.2,520.6,519.4,519.5,518.7,518.5,519.5,522.2,525.7,529.0,525.8,522.4,520.0,518.9,519.0,521.1,521.7,522.4,522.8,522.7,522.1,521.4,521.0,27.9,-2.7,648.3,0.193,-0.174,-0.004,219.0,219.7,221.6,224.5,229.4,236.9,246.0,256.6,267.2,275.9,282.1,287.7,292.6,296.1,298.4,300.0,300.4,229.1,235.6,244.3,253.1,261.1,276.6,283.2,289.7,295.9,299.8,269.2,270.3,271.6,272.8,261.4,266.0,270.6,274.6,278.1,238.7,244.0,250.3,255.4,250.2,243.8,278.0,283.0,288.6,292.5,289.2,283.6,252.5,260.0,266.3,270.0,273.8,278.3,282.0,278.4,274.0,269.9,265.8,259.6,255.5,266.0,269.8,273.6,279.8,273.6,269.8,265.9,162.5,174.3,185.9,197.0,207.5,216.5,224.0,229.4,230.4,228.1,221.5,213.4,204.2,194.1,183.4,172.4,161.2,155.0,150.1,148.8,150.0,152.8,152.0,148.8,147.3,148.0,152.1,161.3,169.1,176.9,184.8,190.1,191.5,192.6,191.2,189.5,162.8,159.7,159.7,163.5,165.0,165.3,162.7,158.4,158.2,160.9,163.5,163.8,205.8,203.2,201.5,202.5,201.2,202.6,204.5,209.6,211.9,212.5,212.3,210.5,206.0,205.2,205.4,204.8,205.0,206.1,206.8,206.5,-53.7,-52.8,-49.8,-44.9,-36.2,-23.0,-6.9,11.3,29.5,44.9,57.0,68.1,77.4,83.7,87.6,90.3,90.9,-34.5,-23.4,-9.2,5.0,17.8,43.2,54.6,66.1,77.6,85.4,31.2,32.7,34.3,35.9,18.5,25.8,33.2,40.0,45.9,-18.7,-9.9,0.4,8.9,0.3,-10.1,46.8,55.2,65.0,72.3,66.1,56.3,4.1,16.4,26.5,32.6,38.9,46.9,54.1,47.3,39.5,32.6,25.9,15.9,9.2,26.1,32.4,38.8,50.2,38.8,32.4,26.0,-43.3,-23.1,-2.9,16.7,35.2,50.8,63.3,71.8,73.6,70.5,60.4,46.8,30.4,11.9,-7.5,-27.3,-47.5,-53.5,-61.0,-62.7,-60.4,-55.8,-57.6,-63.6,-67.1,-66.8,-60.7,-42.5,-29.6,-16.9,-4.2,4.2,6.5,8.3,6.1,3.2,-40.6,-45.5,-45.6,-39.4,-36.9,-36.5,-41.4,-48.7,-49.4,-45.3,-40.5,-39.7,30.5,25.7,22.7,24.4,22.4,25.0,28.7,36.8,40.1,41.0,40.6,37.8,30.6,29.0,29.3,28.5,29.4,30.5,31.6,31.1,676.8,680.5,684.9,687.5,687.2,684.2,678.1,669.9,669.1,678.3,693.3,705.5,710.5,709.5,707.3,705.1,704.2,643.8,637.3,632.6,628.9,627.1,634.4,642.0,650.9,660.4,670.7,633.1,627.3,621.0,615.2,632.0,630.9,630.4,633.7,637.7,643.6,640.4,640.9,642.4,641.3,640.9,651.7,654.0,658.0,664.6,658.6,654.6,649.7,639.0,635.3,636.6,638.6,647.7,661.1,649.6,642.4,639.8,638.9,641.8,647.4,638.5,639.2,642.0,657.0,641.8,639.1,638.6,0.597,0.201,-0.227,0.006,266.752,185.661,-4.015,9.228,-13.266,18.834,4.746,1.624,-4.704,4.098,4.563,-3.442,-0.011,1.098,0.5,-1.777,-0.697,-0.108,0.611,1.053,-0.985,-0.809,0.301,-0.094,-0.413,-0.582,0.163,0.019,0.083,0.048,-0.094,-0.008,-0.027,-0.006,0.007,0.003,0.45,0.0,0.0,0.88,0.0,0.0,0.0,0.0,0.0,0.0,0.0,0.0,0.0,0.0,0.0,0.0,0.0,0.0,1.0,0.0,1.0,0.0,0.0,0.0,0.0,0.0,0.0,0.0,0.0,0.0,0.0,0.0,0.0,1.0,0.0
PP133,g1,1472,0,0.975,0.18685,0.170626,-0.967457,0.039573,0.170769,-0.984516,0.115,0.173,242.7,244.0,247.2,250.5,251.9,250.8,247.4,244.1,238.5,240.4,243.3,246.8,250.4,253.1,255.0,252.8,249.8,246.5,243.3,240.5,245.9,247.3,248.8,249.3,248.7,247.3,245.9,245.3,280.8,281.7,284.5,287.5,289.0,288.1,285.4,282.1,277.7,279.7,282.3,285.7,288.7,290.8,292.0,290.9,289.0,286.4,283.3,280.2,283.6,284.9,286.1,286.5,285.8,284.5,283.3,282.9,161.9,158.5,157.1,158.4,161.7,165.3,166.4,165.1,163.4,161.5,160.3,159.6,160.2,161.7,163.8,165.0,165.5,165.8,165.6,164.8,163.3,163.9,163.3,161.8,160.4,159.8,160.4,161.9,160.6,157.4,155.9,157.0,160.1,163.4,164.9,164.0,163.0,160.7,159.0,158.2,158.6,159.7,161.4,162.9,163.8,164.2,164.2,164.0,161.9,162.4,161.8,160.4,159.0,158.5,159.2,160.6,-9.4,-7.7,-3.6,0.6,2.4,1.0,-3.4,-7.6,-15.0,-12.4,-8.7,-4.1,0.5,4.0,6.4,3.6,-0.3,-4.5,-8.6,-12.3,-5.3,-3.4,-1.6,-0.9,-1.7,-3.5,-5.3,-6.0,40.8,42.0,45.9,50.0,52.1,50.8,46.9,42.5,36.7,39.2,42.8,47.3,51.5,54.7,56.7,54.9,51.9,48.2,44.1,39.9,44.6,46.4,48.1,48.7,47.8,46.0,44.3,43.7,-33.1,-37.4,-39.2,-37.5,-33.2,-28.6,-27.1,-28.8,-31.3,-33.6,-35.0,-35.8,-35.1,-33.2,-30.6,-29.0,-28.3,-27.9,-28.3,-29.3,-31.2,-30.4,-31.3,-33.1,-35.0,-35.7,-34.9,-33.1,-35.6,-39.9,-42.1,-40.7,-36.5,-32.1,-30.1,-31.1,-32.5,-35.4,-37.6,-38.8,-38.5,-37.3,-35.2,-33.0,-31.6,-30.9,-30.8,-31.1,-34.0,-33.4,-34.3,-36.2,-38.0,-38.6,-37.7,-35.8,503.6,504.0,504.1,503.8,503.3,503.1,502.8,503.1,507.9,505.2,502.8,501.6,502.1,503.5,505.1,503.5,502.1,501.8,503.0,505.3,504.1,504.0,504.0,504.2,504.4,504.5,504.5,504.3,517.1,518.1,519.7,521.0,521.2,520.2,518.6,517.5,517.5,516.8,516.6,517.6,520.2,523.7,527.0,523.8,520.5,518.0,516.9,517.0,519.1,519.7,520.4,520.8,520.7,520.2,519.5,519.0,27.5,-1.7,645.9,0.181,-0.166,-0.008,218.8,219.6,221.6,224.6,229.5,237.0,246.1,256.6,267.3,276.0,282.3,287.9,292.6,296.0,298.3,299.9,300.3,228.6,235.1,243.8,252.7,260.7,276.1,282.8,289.4,295.6,299.5,268.8,270.0,271.2,272.4,261.1,265.7,270.3,274.4,277.8,238.3,243.6,249.9,255.1,249.8,243.5,277.7,282.7,288.3,292.2,288.9,283.3,252.5,259.9,266.1,269.8,273.6,278.1,281.8,278.3,273.9,269.8,265.7,259.6,255.5,265.8,269.6,273.4,279.6,273.5,269.6,265.8,163.0,174.8,186.5,197.8,208.4,217.6,225.1,230.6,231.6,229.2,222.6,214.4,205.1,194.9,184.1,173.1,161.8,155.7,150.6,149.2,150.4,153.2,152.4,149.2,147.7,148.4,152.6,161.6,169.4,177.2,185.3,190.7,192.1,193.2,191.8,190.0,163.3,160.2,160.1,163.9,165.5,165.7,163.1,158.8,158.6,161.3,163.9,164.2,206.7,204.0,202.2,203.2,201.9,203.3,205.3,210.3,212.5,213.2,213.0,211.2,206.8,205.9,206.2,205.5,205.8,206.7,207.4,207.1,-54.0,-52.9,-49.7,-44.7,-35.9,-22.7,-6.8,11.3,29.5,45.0,57.1,68.1,77.2,83.3,87.0,89.7,90.2,-35.2,-24.3,-10.0,4.3,17.1,42.3,53.8,65.4,76.9,84.8,30.4,32.0,33.6,35.2,18.0,25.3,32.7,39.4,45.3,-19.2,-10.5,-0.2,8.4,-0.3,-10.7,46.1,54.5,64.4,71.6,65.4,55.6,4.1,16.2,26.1,32.1,38.4,46.4,53.6,46.8,39.1,32.3,25.6,15.7,9.1,25.7,32.0,38.3,49.6,38.4,32.0,25.7,-42.5,-22.0,-1.7,18.1,36.7,52.5,65.1,73.6,75.2,72.1,62.1,48.3,31.8,13.3,-6.1,-25.9,-46.1,-52.4,-60.1,-61.9,-59.6,-54.9,-56.8,-62.7,-66.2,-66.0,-59.7,-41.9,-28.9,-16.3,-3.5,5.1,7.3,9.1,6.9,4.0,-39.7,-44.7,-44.8,-38.7,-36.1,-35.6,-40.6,-47.9,-48.5,-44.4,-39.6,-38.9,31.8,26.8,23.8,25.4,23.4,26.1,30.0,37.8,41.0,41.9,41.5,38.9,31.9,30.0,30.4,29.5,30.6,31.4,32.4,32.0,675.8,679.6,683.8,686.2,685.5,682.3,675.9,667.4,666.4,675.7,690.8,702.9,707.8,706.6,704.4,702.1,701.2,642.9,636.2,631.3,627.4,625.5,632.6,640.1,649.0,658.5,668.9,631.3,625.3,618.8,612.8,630.0,628.7,628.1,631.4,635.4,642.3,639.1,639.5,640.9,639.8,639.5,649.9,652.2,656.2,662.7,656.6,652.8,647.3,636.6,633.0,634.2,636.2,645.0,658.3,646.7,639.6,637.1,636.3,639.1,644.9,636.1,636.8,639.5,654.1,639.2,636.5,636.0,0.599,0.191,-0.218,0.001,266.555,186.296,-3.912,10.361,-13.968,20.714,3.771,2.064,-4.815,4.133,5.175,-4.057,-0.487,0.763,-0.019,-1.596,-0.447,-0.241,0.396,1.236,-1.111,-0.739,0.322,-0.206,-0.399,-0.654,0.169,0.022,0.112,0.038,-0.092,-0.018,-0.027,-0.013,0.009,-0.004,0.37,0.0,0.0,0.88,0.0,0.0,0.0,0.0,0.0,0.0,0.0,0.0,0.0,0.0,0.0,0.0,0.0,0.0,1.0,0.0,1.0,0.0,0.0,0.0,0.0,0.0,0.0,0.0,0.0,0.0,0.0,0.0,0.0,1.0,0.0
PP133,g1,1478,0,0.975,0.183193,0.168407,-0.968545,0.03752,0.168319,-0.985018,0.113,0.171,242.7,243.9,247.1,250.4,251.7,250.7,247.3,244.0,238.4,240.4,243.2,246.7,250.2,252.9,254.8,252.7,249.7,246.4,243.3,240.5,245.8,247.2,248.6,249.2,248.6,247.2,245.8,245.2,280.6,281.5,284.3,287.4,288.9,288.0,285.2,281.9,277.6,279.5,282.2,285.5,288.5,290.6,291.9,290.8,288.8,286.2,283.1,280.0,283.4,284.7,286.0,286.4,285.7,284.4,283.1,282.7,162.0,158.7,157.3,158.6,161.8,165.4,166.6,165.3,163.6,161.7,160.4,159.8,160.4,161.8,163.9,165.1,165.6,165.9,165.7,165.0,163.5,164.0,163.4,162.0,160.5,160.0,160.6,162.0,160.8,157.5,156.1,157.2,160.3,163.5,165.0,164.1,163.1,160.9,159.2,158.4,158.8,159.8,161.6,163.1,163.9,164.4,164.3,164.1,162.1,162.6,161.9,160.5,159.2,158.7,159.3,160.7,-9.5,-7.9,-3.7,0.5,2.3,0.9,-3.5,-7.7,-15.1,-12.5,-8.8,-4.3,0.3,3.8,6.3,3.5,-0.4,-4.6,-8.7,-12.4,-5.4,-3.6,-1.8,-1.0,-1.8,-3.6,-5.5,-6.2,40.6,41.9,45.8,49.9,52.0,50.7,46.8,42.3,36.6,39.1,42.7,47.2,51.4,54.6,56.6,54.8,51.8,48.1,43.9,39.8,44.5,46.3,48.0,48.6,47.7,45.8,44.2,43.6,-33.0,-37.3,-39.2,-37.5,-33.2,-28.6,-27.1,-28.8,-31.3,-33.5,-35.0,-35.7,-35.0,-33.2,-30.6,-29.0,-28.2,-27.9,-28.2,-29.3,-31.2,-30.4,-31.2,-33.1,-35.0,-35.7,-34.9,-33.0,-35.4,-39.8,-41.9,-40.5,-36.4,-32.0,-29.9,-31.0,-32.4,-35.3,-37.5,-38.7,-38.3,-37.1,-35.0,-32.8,-31.5,-30.7,-30.7,-31.0,-33.8,-33.2,-34.1,-36.0,-37.8,-38.5,-37.5,-35.6,505.7,506.1,506.2,505.9,505.4,505.2,505.0,505.3,510.0,507.4,504.9,503.7,504.2,505.6,507.2,505.6,504.2,503.9,505.1,507.4,506.2,506.1,506.1,506.3,506.5,506.6,506.6,506.5,518.1,519.2,520.8,522.0,522.2,521.2,519.6,518.5,518.6,517.8,517.6,518.6,521.3,524.7,528.0,524.8,521.4,519.0,517.9,518.0,520.1,520.7,521.4,521.8,521.7,521.2,520.5,520.1,27.3,-1.5,646.1,0.176,-0.161,-0.011,218.7,219.5,221.6,224.6,229.7,237.2,246.2,256.8,267.4,276.2,282.5,288.0,292.7,296.1,298.3,299.8,300.2,228.5,234.9,243.7,252.5,260.5,276.0,282.6,289.2,295.5,299.3,268.7,269.8,271.0,272.2,261.0,265.5,270.2,274.2,277.7,238.3,243.5,249.8,255.0,249.7,243.4,277.5,282.5,288.2,292.0,288.7,283.1,252.4,259.8,265.9,269.6,273.5,278.0,281.8,278.2,273.8,269.7,265.6,259.5,255.4,265.7,269.5,273.3,279.6,273.4,269.5,265.6,163.1,175.1,186.8,198.2,208.8,218.0,225.5,230.9,231.9,229.5,222.8,214.5,205.2,195.0,184.3,173.3,162.1,155.9,150.8,149.3,150.5,153.3,152.6,149.4,147.9,148.6,152.9,161.7,169.5,177.3,185.4,190.8,192.2,193.3,191.9,190.1,163.5,160.3,160.3,164.0,165.6,165.9,163.2,159.0,158.8,161.5,164.1,164.4,206.8,204.0,202.3,203.3,202.0,203.4,205.4,210.4,212.6,213.3,213.1,211.3,206.9,206.0,206.2,205.6,205.9,206.8,207.5,207.3,-54.2,-53.1,-49.8,-44.7,-35.7,-22.4,-6.5,11.6,29.7,45.3,57.5,68.4,77.4,83.3,87.0,89.5,90.0,-35.4,-24.6,-10.2,4.0,16.8,42.1,53.5,65.1,76.7,84.5,30.2,31.7,33.3,34.9,17.7,25.0,32.4,39.2,45.1,-19.3,-10.7,-0.4,8.1,-0.5,-10.8,45.8,54.3,64.1,71.3,65.1,55.4,4.0,15.9,25.8,31.9,38.2,46.3,53.5,46.7,39.0,32.1,25.4,15.5,8.9,25.5,31.7,38.2,49.5,38.2,31.8,25.4,-42.3,-21.7,-1.2,18.8,37.5,53.3,65.8,74.2,75.8,72.6,62.5,48.7,32.1,13.5,-5.8,-25.6,-45.7,-52.1,-59.9,-61.8,-59.5,-54.8,-56.6,-62.5,-65.9,-65.6,-59.3,-41.8,-28.8,-16.1,-3.3,5.3,7.5,9.3,7.1,4.2,-39.5,-44.5,-44.6,-38.5,-35.9,-35.5,-40.4,-47.7,-48.2,-44.1,-39.4,-38.7,31.9,27.0,24.0,25.6,23.6,26.2,30.2,37.9,41.1,42.0,41.7,39.0,32.0,30.1,30.5,29.6,30.8,31.6,32.6,32.2,677.0,680.8,685.0,687.3,686.3,682.9,676.2,667.5,666.6,675.8,690.9,702.9,707.7,706.4,704.0,701.7,701.0,643.8,637.0,632.1,628.1,626.1,633.2,640.6,649.4,658.9,669.2,631.8,625.7,619.1,613.1,630.4,628.9,628.3,631.5,635.6,642.9,639.7,640.0,641.4,640.3,640.1,650.3,652.6,656.5,662.9,656.9,653.1,647.7,636.9,633.2,634.4,636.5,645.2,658.4,646.8,639.8,637.2,636.4,639.3,645.2,636.3,637.0,639.8,654.3,639.5,636.7,636.3,0.599,0.187,-0.212,-0.002,266.465,186.453,-4.147,11.829,-13.624,20.714,3.415,2.423,-4.76,3.927,5.042,-4.302,-0.588,0.629,0.083,-1.501,-0.407,-0.348,0.337,1.347,-1.137,-0.775,0.28,-0.11,-0.399,-0.736,0.176,0.044,0.113,0.028,-0.089,-0.021,-0.029,-0.014,0.008,-0.002,0.51,0.04,0.0,0.58,0.0,0.0,0.0,0.0,0.0,0.1,0.0,0.0,0.0,0.0,0.0,0.0,0.0,0.0,1.0,0.0,1.0,0.0,0.0,0.0,0.0,0.0,0.0,0.0,0.0,0.0,0.0,0.0,0.0,1.0,0.0
PP133,g1,1484,0,0.975,0.179937,0.163984,-0.969913,0.035726,0.163721,-0.98586,0.11,0.166,242.5,243.8,247.0,250.2,251.6,250.5,247.1,243.9,238.3,240.2,243.0,246.5,250.1,252.8,254.7,252.5,249.5,246.3,243.1,240.3,245.7,247.1,248.5,249.0,248.4,247.0,245.6,245.1,280.4,281.3,284.1,287.2,288.7,287.8,285.0,281.7,277.4,279.3,282.0,285.3,288.3,290.4,291.7,290.6,288.6,286.0,282.9,279.8,283.2,284.5,285.8,286.1,285.5,284.2,282.9,282.5,162.1,158.8,157.4,158.6,161.9,165.4,166.6,165.3,163.6,161.8,160.5,159.9,160.4,161.9,164.0,165.2,165.7,166.0,165.7,165.0,163.5,164.1,163.5,162.0,160.6,160.0,160.7,162.1,160.9,157.6,156.2,157.3,160.4,163.6,165.1,164.2,163.2,161.0,159.3,158.5,158.9,160.0,161.7,163.2,164.0,164.4,164.4,164.2,162.2,162.7,162.0,160.6,159.3,158.8,159.4,160.8,-9.7,-8.1,-3.9,0.2,2.0,0.7,-3.7,-7.9,-15.3,-12.7,-9.0,-4.5,0.1,3.6,6.1,3.3,-0.6,-4.8,-8.9,-12.6,-5.6,-3.8,-2.0,-1.2,-2.0,-3.9,-5.7,-6.4,40.5,41.7,45.6,49.8,51.8,50.5,46.6,42.1,36.4,38.9,42.5,47.0,51.2,54.4,56.5,54.6,51.6,47.9,43.8,39.6,44.3,46.1,47.8,48.4,47.5,45.7,44.0,43.4,-33.0,-37.3,-39.2,-37.5,-33.2,-28.6,-27.1,-28.8,-31.2,-33.5,-35.0,-35.7,-35.0,-33.2,-30.6,-29.0,-28.2,-27.9,-28.2,-29.2,-31.1,-30.4,-31.2,-33.1,-35.0,-35.7,-34.9,-33.0,-35.4,-39.8,-41.9,-40.4,-36.3,-31.9,-29.9,-31.0,-32.4,-35.3,-37.4,-38.6,-38.2,-37.0,-34.9,-32.7,-31.4,-30.7,-30.7,-31.0,-33.8,-33.1,-34.1,-36.0,-37.8,-38.4,-37.5,-35.6,507.1,507.4,507.5,507.1,506.7,506.5,506.3,506.6,511.4,508.7,506.2,505.0,505.5,506.8,508.4,506.9,505.5,505.2,506.4,508.7,507.6,507.4,507.4,507.6,507.8,507.9,507.9,507.8,519.3,520.4,522.0,523.2,523.4,522.4,520.8,519.6,519.8,519.0,518.8,519.8,522.4,525.9,529.2,525.9,522.6,520.2,519.0,519.2,521.3,521.9,522.6,523.0,522.9,522.4,521.7,521.2,27.2,-1.5,646.4,0.166,-0.156,-0.015,218.6,219.4,221.6,224.6,229.7,237.3,246.4,257.0,267.6,276.4,282.8,288.3,292.9,296.1,298.3,299.8,300.1,228.4,234.7,243.4,252.2,260.2,275.8,282.4,289.0,295.2,299.1,268.5,269.6,270.8,272.0,260.9,265.4,270.0,274.1,277.6,238.2,243.3,249.6,254.8,249.5,243.2,277.3,282.3,288.0,291.8,288.5,282.9,252.4,259.8,265.9,269.6,273.3,277.9,281.7,278.1,273.7,269.6,265.6,259.5,255.4,265.6,269.4,273.2,279.4,273.3,269.5,265.6,163.2,175.2,187.0,198.4,209.1,218.3,225.8,231.1,232.0,229.6,222.9,214.6,205.3,195.1,184.4,173.5,162.3,155.9,150.7,149.2,150.4,153.2,152.5,149.3,147.8,148.6,153.0,161.6,169.4,177.2,185.1,190.7,192.0,193.1,191.7,189.9,163.6,160.4,160.4,164.1,165.7,165.9,163.3,159.1,158.9,161.7,164.2,164.4,206.8,204.0,202.2,203.1,201.8,203.3,205.4,210.3,212.5,213.1,213.0,211.3,206.9,205.9,206.1,205.5,205.9,206.6,207.4,207.1,-54.6,-53.4,-50.0,-44.7,-35.6,-22.2,-6.2,11.9,30.1,45.7,58.0,68.9,77.7,83.4,86.9,89.4,89.8,-35.7,-25.0,-10.7,3.5,16.4,41.9,53.3,64.9,76.4,84.2,30.0,31.4,33.0,34.6,17.5,24.9,32.3,39.0,44.9,-19.5,-10.9,-0.7,7.9,-0.8,-11.1,45.6,54.1,63.9,71.1,64.9,55.1,4.0,15.9,25.8,31.8,38.1,46.1,53.4,46.5,38.8,32.0,25.4,15.5,8.9,25.5,31.7,38.1,49.3,38.1,31.7,25.4,-42.2,-21.5,-0.9,19.2,38.0,53.8,66.3,74.5,76.0,72.8,62.6,48.8,32.2,13.7,-5.5,-25.2,-45.2,-52.1,-60.1,-62.1,-59.8,-55.1,-56.9,-62.7,-66.0,-65.7,-59.2,-41.9,-29.0,-16.4,-3.7,5.1,7.3,9.1,6.9,4.0,-39.4,-44.4,-44.5,-38.5,-35.9,-35.4,-40.4,-47.5,-48.1,-43.9,-39.3,-38.6,32.0,26.8,23.8,25.4,23.4,26.1,30.2,37.8,40.9,41.8,41.5,38.9,32.0,30.0,30.4,29.5,30.8,31.3,32.4,32.0,678.7,682.4,686.5,688.4,687.2,683.4,676.5,667.6,666.6,675.9,691.0,703.0,707.7,706.2,703.9,701.7,701.1,644.9,638.3,633.3,629.2,627.2,634.2,641.7,650.5,659.9,670.0,632.8,626.5,619.8,613.6,630.9,629.5,628.8,632.0,636.0,643.9,640.7,641.0,642.3,641.3,641.1,651.2,653.6,657.5,663.8,657.8,654.0,647.8,637.0,633.4,634.6,636.7,645.3,658.5,646.7,639.6,637.1,636.2,639.1,645.4,636.4,637.1,639.9,654.3,639.5,636.7,636.2,0.598,0.177,-0.206,-0.006,266.387,186.456,-3.638,13.482,-14.201,20.691,2.767,2.029,-5.083,4.197,4.733,-4.615,-0.997,0.671,-0.095,-1.63,-0.259,-0.505,0.157,1.345,-1.197,-0.738,0.176,-0.145,-0.359,-0.817,0.114,0.069,0.136,0.029,-0.099,-0.026,-0.024,-0.018,0.004,-0.004,0.53,0.16,0.0,0.53,0.0,0.0,0.0,0.0,0.0,0.24,0.0,0.0,0.0,0.0,0.0,0.0,0.0,0.0,1.0,0.0,1.0,0.0,0.0,0.0,0.0,0.0,0.0,0.0,0.0,0.0,0.0,0.0,0.0,1.0,0.0
PP133,g1,1490,0,0.975,0.178643,0.163056,-0.970309,0.036545,0.163297,-0.9859,0.11,0.165,242.5,243.8,246.9,250.2,251.6,250.5,247.1,243.9,238.3,240.2,243.0,246.5,250.0,252.8,254.7,252.5,249.5,246.3,243.1,240.3,245.7,247.1,248.5,249.0,248.4,247.0,245.6,245.1,280.4,281.3,284.1,287.1,288.6,287.7,284.9,281.6,277.3,279.3,281.9,285.3,288.2,290.4,291.6,290.5,288.5,286.0,282.9,279.7,283.2,284.5,285.7,286.1,285.4,284.1,282.9,282.5,162.1,158.8,157.4,158.7,161.9,165.4,166.6,165.4,163.7,161.8,160.6,159.9,160.5,161.9,163.9,165.2,165.7,166.0,165.8,165.1,163.6,164.1,163.5,162.0,160.6,160.1,160.7,162.1,160.8,157.6,156.1,157.2,160.3,163.5,165.0,164.1,163.1,160.9,159.2,158.4,158.8,159.9,161.6,163.1,163.9,164.3,164.3,164.1,162.1,162.6,162.0,160.5,159.2,158.7,159.3,160.8,-9.7,-8.1,-4.0,0.2,2.0,0.7,-3.7,-7.9,-15.3,-12.8,-9.1,-4.5,0.1,3.6,6.1,3.3,-0.6,-4.8,-8.9,-12.6,-5.6,-3.8,-2.0,-1.2,-2.0,-3.9,-5.7,-6.4,40.4,41.7,45.5,49.7,51.8,50.5,46.6,42.1,36.4,38.9,42.4,47.0,51.2,54.4,56.4,54.6,51.6,47.9,43.7,39.6,44.3,46.1,47.8,48.3,47.5,45.6,43.9,43.4,-33.0,-37.3,-39.2,-37.5,-33.3,-28.6,-27.1,-28.7,-31.2,-33.5,-34.9,-35.7,-35.0,-33.3,-30.7,-29.0,-28.3,-27.9,-28.2,-29.2,-31.1,-30.4,-31.2,-33.1,-35.0,-35.7,-34.9,-33.0,-35.5,-39.9,-42.0,-40.6,-36.4,-32.1,-30.0,-31.1,-32.5,-35.4,-37.5,-38.7,-38.4,-37.2,-35.0,-32.9,-31.5,-30.9,-30.8,-31.1,-33.9,-33.3,-34.2,-36.1,-37.9,-38.5,-37.6,-35.7,507.6,508.0,508.0,507.7,507.2,507.0,506.8,507.1,511.9,509.3,506.8,505.5,506.0,507.3,508.9,507.4,506.0,505.8,507.0,509.3,508.1,507.9,508.0,508.1,508.3,508.5,508.5,508.3,519.6,520.6,522.2,523.4,523.6,522.6,521.0,519.9,520.0,519.2,519.0,520.0,522.7,526.1,529.4,526.1,522.8,520.4,519.3,519.4,521.5,522.1,522.8,523.2,523.2,522.6,521.9,521.5,27.3,-1.4,645.2,0.164,-0.156,-0.018,218.6,219.5,221.7,224.8,229.9,237.5,246.6,257.2,267.9,276.7,283.0,288.5,293.1,296.2,298.3,299.8,300.0,228.3,234.6,243.3,252.1,260.2,275.7,282.3,288.9,295.2,299.0,268.4,269.6,270.9,272.1,260.9,265.5,270.2,274.2,277.7,238.2,243.3,249.6,254.8,249.5,243.3,277.3,282.3,287.9,291.8,288.5,282.9,252.6,259.9,266.0,269.8,273.6,278.2,281.9,278.4,274.0,269.9,265.8,259.7,255.6,265.8,269.6,273.5,279.7,273.5,269.7,265.8,163.3,175.3,187.1,198.5,209.2,218.4,226.0,231.3,232.3,229.8,223.0,214.7,205.3,195.1,184.4,173.4,162.2,156.1,150.9,149.3,150.4,153.2,152.5,149.3,147.8,148.6,153.0,161.6,169.4,177.2,185.2,190.7,192.1,193.2,191.7,189.9,163.6,160.5,160.4,164.1,165.6,165.9,163.2,159.0,158.9,161.6,164.1,164.3,206.8,204.0,202.2,203.2,201.8,203.3,205.3,210.3,212.5,213.2,213.1,211.4,207.0,206.0,206.1,205.5,205.8,206.7,207.5,207.2,-54.4,-53.2,-49.7,-44.4,-35.3,-21.9,-5.9,12.3,30.5,46.2,58.3,69.2,77.9,83.5,86.9,89.3,89.6,-35.7,-25.1,-10.8,3.4,16.3,41.6,53.0,64.6,76.2,83.9,29.8,31.4,33.0,34.7,17.6,25.0,32.4,39.1,45.0,-19.4,-10.9,-0.7,7.9,-0.7,-11.0,45.4,53.9,63.7,70.9,64.7,55.0,4.3,16.1,26.0,32.0,38.4,46.4,53.7,46.9,39.3,32.4,25.7,15.8,9.2,25.7,31.9,38.4,49.7,38.5,32.0,25.7,-41.9,-21.2,-0.7,19.4,38.1,54.0,66.5,74.8,76.3,73.0,62.8,48.9,32.3,13.7,-5.6,-25.4,-45.3,-51.8,-59.8,-61.9,-59.6,-55.0,-56.7,-62.6,-66.0,-65.6,-59.2,-41.8,-28.9,-16.4,-3.7,5.1,7.3,9.1,6.8,3.9,-39.3,-44.3,-44.4,-38.5,-35.8,-35.3,-40.4,-47.6,-48.1,-44.0,-39.4,-38.7,32.0,26.9,23.8,25.4,23.3,26.0,30.0,37.7,40.9,41.8,41.6,39.0,32.1,30.0,30.4,29.4,30.7,31.3,32.5,32.1,677.7,681.4,685.4,687.4,686.2,682.4,675.4,666.5,665.5,674.8,690.0,702.1,706.8,705.4,702.9,700.6,699.9,644.0,637.3,632.2,628.2,626.2,633.0,640.5,649.3,658.8,669.1,631.6,625.3,618.5,612.2,629.7,628.2,627.4,630.7,634.8,642.8,639.7,640.0,641.3,640.3,640.0,650.1,652.5,656.4,662.7,656.7,652.9,646.7,635.6,632.1,633.3,635.4,644.1,657.4,645.5,638.4,635.8,634.9,637.9,644.2,635.2,635.9,638.6,653.1,638.3,635.5,635.0,0.599,0.175,-0.206,-0.01,266.483,186.492,-2.94,13.384,-13.606,21.353,1.965,2.261,-4.922,4.428,4.93,-4.741,-1.088,0.346,-0.195,-1.672,-0.163,-0.533,0.076,1.219,-1.111,-0.854,0.17,-0.086,-0.482,-0.843,0.122,0.112,0.125,0.025,-0.1,-0.023,-0.031,-0.021,0.007,-0.005,0.88,0.21,0.0,1.0,0.0,0.0,0.0,0.0,0.0,0.09,0.0,0.0,0.0,0.0,0.0,0.0,0.0,0.0,1.0,0.0,1.0,0.0,0.0,0.0,0.0,0.0,0.0,0.0,0.0,0.0,0.0,0.0,0.0,1.0,0.0
PP133,g1,1496,0,0.975,0.185965,0.175902,-0.966683,0.037853,0.175494,-0.983752,0.114,0.178,243.1,244.4,247.5,250.8,252.1,251.1,247.6,244.4,238.8,240.8,243.6,247.1,250.6,253.3,255.2,253.0,250.1,246.8,243.7,240.9,246.2,247.6,249.0,249.6,249.0,247.6,246.2,245.6,280.9,281.8,284.6,287.7,289.1,288.2,285.5,282.2,277.9,279.8,282.5,285.8,288.8,290.9,292.1,291.0,289.0,286.5,283.4,280.3,283.7,285.0,286.2,286.6,286.0,284.7,283.4,283.0,162.1,158.8,157.4,158.7,162.0,165.5,166.7,165.4,163.6,161.8,160.6,160.0,160.5,162.0,164.1,165.3,165.7,166.0,165.8,165.0,163.6,164.2,163.5,162.1,160.7,160.1,160.7,162.2,161.0,157.8,156.3,157.5,160.6,163.8,165.2,164.4,163.3,161.1,159.5,158.7,159.1,160.1,161.9,163.3,164.2,164.6,164.6,164.3,162.3,162.8,162.2,160.8,159.4,158.9,159.6,161.0,-9.0,-7.3,-3.2,1.0,2.8,1.4,-3.1,-7.2,-14.7,-12.1,-8.3,-3.8,0.8,4.3,6.7,4.0,0.1,-4.1,-8.3,-11.9,-4.9,-3.1,-1.3,-0.5,-1.3,-3.1,-5.0,-5.7,41.3,42.6,46.5,50.7,52.7,51.4,47.5,43.0,37.3,39.8,43.4,47.9,52.1,55.3,57.3,55.4,52.5,48.8,44.6,40.5,45.2,47.0,48.7,49.3,48.4,46.6,44.9,44.3,-33.1,-37.4,-39.2,-37.5,-33.2,-28.6,-27.1,-28.8,-31.3,-33.6,-35.0,-35.7,-35.0,-33.2,-30.6,-29.0,-28.3,-27.9,-28.3,-29.3,-31.2,-30.4,-31.2,-33.1,-35.0,-35.7,-34.9,-33.1,-35.4,-39.7,-41.8,-40.4,-36.3,-31.9,-29.8,-30.9,-32.4,-35.2,-37.4,-38.5,-38.2,-37.0,-34.9,-32.7,-31.4,-30.7,-30.6,-31.0,-33.8,-33.1,-34.0,-35.9,-37.8,-38.4,-37.5,-35.6,508.9,509.2,509.3,509.0,508.6,508.5,508.1,508.4,513.1,510.4,508.0,506.8,507.4,508.8,510.4,508.9,507.4,507.1,508.2,510.5,509.4,509.3,509.3,509.5,509.7,509.8,509.8,509.6,521.7,522.7,524.3,525.5,525.8,524.8,523.2,522.0,522.1,521.4,521.2,522.1,524.8,528.3,531.6,528.3,525.0,522.6,521.4,521.6,523.7,524.2,524.9,525.4,525.3,524.7,524.0,523.6,27.6,-1.3,647.1,0.182,-0.163,-0.006,218.9,219.7,221.6,224.6,229.6,237.2,246.2,256.7,267.3,276.0,282.4,288.0,292.8,296.2,298.4,300.1,300.4,229.0,235.4,244.1,252.8,260.8,276.5,283.1,289.6,295.8,299.6,269.1,270.1,271.3,272.5,261.2,265.7,270.3,274.4,277.9,238.7,243.9,250.2,255.3,250.1,243.8,277.9,282.8,288.4,292.3,289.0,283.4,252.4,259.8,266.0,269.7,273.5,278.0,281.8,278.2,273.7,269.6,265.5,259.4,255.4,265.7,269.5,273.3,279.6,273.4,269.5,265.6,162.9,174.9,186.7,198.1,208.8,218.0,225.6,231.0,232.0,229.6,222.9,214.6,205.2,195.0,184.3,173.3,162.1,155.8,150.7,149.3,150.5,153.3,152.6,149.4,147.9,148.7,152.9,161.8,169.7,177.5,185.5,190.8,192.2,193.4,192.0,190.2,163.6,160.5,160.5,164.2,165.7,165.9,163.4,159.3,159.1,161.8,164.3,164.6,206.7,204.0,202.3,203.3,202.0,203.5,205.5,210.5,212.7,213.4,213.2,211.4,206.9,206.1,206.3,205.7,206.0,206.9,207.6,207.4,-53.8,-52.9,-49.8,-44.7,-35.8,-22.5,-6.6,11.4,29.5,45.1,57.3,68.4,77.5,83.6,87.3,90.0,90.6,-34.6,-23.8,-9.5,4.6,17.3,43.0,54.4,65.9,77.3,85.0,30.9,32.3,33.8,35.3,18.1,25.4,32.8,39.5,45.4,-18.6,-10.0,0.3,8.7,0.1,-10.2,46.4,54.9,64.7,71.8,65.6,55.9,3.9,16.0,26.0,32.1,38.4,46.4,53.6,46.7,39.0,32.1,25.4,15.5,8.9,25.6,31.9,38.3,49.6,38.3,31.9,25.5,-42.6,-21.9,-1.3,18.7,37.5,53.4,66.0,74.4,76.1,72.9,62.7,48.7,32.1,13.5,-5.8,-25.6,-45.7,-52.3,-60.0,-61.9,-59.6,-54.9,-56.7,-62.5,-65.8,-65.5,-59.3,-41.6,-28.6,-15.9,-3.1,5.4,7.6,9.5,7.3,4.4,-39.4,-44.3,-44.3,-38.3,-35.7,-35.3,-40.2,-47.2,-47.8,-43.7,-39.0,-38.4,31.9,27.0,24.1,25.7,23.8,26.4,30.3,38.2,41.4,42.3,41.9,39.1,32.1,30.3,30.7,29.8,31.0,31.8,32.9,32.4,677.2,681.1,685.4,687.8,686.9,683.6,677.1,668.7,667.9,677.1,692.0,703.7,708.3,706.9,704.5,702.3,701.5,643.8,637.4,632.6,628.7,626.8,634.0,641.5,650.2,659.6,669.8,632.7,626.7,620.3,614.4,631.4,630.1,629.5,632.7,636.7,643.2,640.1,640.5,641.9,640.8,640.5,651.0,653.3,657.2,663.6,657.6,653.8,648.7,638.1,634.5,635.7,637.8,646.5,659.7,648.1,641.1,638.5,637.6,640.5,646.4,637.5,638.2,641.0,655.6,640.7,638.0,637.5,0.598,0.193,-0.214,0.003,266.629,186.518,-6.123,12.142,-13.669,19.882,3.714,2.194,-4.809,3.187,4.37,-4.357,-0.928,0.975,0.061,-1.728,-0.258,-0.342,0.169,1.301,-1.436,-0.935,0.227,-0.225,-0.255,-0.749,0.112,0.051,0.145,0.03,-0.097,-0.018,-0.025,-0.007,0.008,-0.004,0.61,0.0,0.0,0.84,0.0,0.0,0.0,0.0,0.0,0.0,0.0,0.0,0.0,0.0,0.0,0.0,0.0,0.0,1.0,0.0,1.0,0.0,0.0,0.0,0.0,0.0,0.0,0.0,0.0,0.0,0.0,0.0,0.0,1.0,0.0
PP133,g1,1502,0,0.975,0.189591,0.183748,-0.964516,0.035113,0.182787,-0.982525,0.115,0.186,243.0,244.3,247.5,250.7,252.1,251.0,247.5,244.3,238.7,240.7,243.6,247.1,250.6,253.2,255.1,252.9,250.0,246.7,243.5,240.7,246.1,247.5,248.9,249.5,248.9,247.5,246.1,245.6,281.0,281.9,284.7,287.7,289.2,288.3,285.5,282.2,277.9,279.9,282.5,285.9,288.9,291.0,292.2,291.1,289.1,286.5,283.4,280.3,283.7,285.1,286.3,286.7,286.0,284.7,283.5,283.1,161.9,158.6,157.2,158.6,161.8,165.4,166.5,165.1,163.3,161.5,160.3,159.8,160.4,161.9,164.0,165.1,165.6,165.8,165.5,164.8,163.4,164.0,163.4,161.9,160.5,159.9,160.5,161.9,161.0,157.8,156.4,157.5,160.6,163.8,165.3,164.4,163.3,161.1,159.5,158.7,159.1,160.2,161.9,163.4,164.2,164.7,164.6,164.3,162.4,162.9,162.2,160.8,159.5,159.0,159.6,161.0,-9.1,-7.4,-3.2,1.0,2.7,1.2,-3.2,-7.4,-14.8,-12.2,-8.4,-3.8,0.8,4.2,6.6,3.8,-0.0,-4.3,-8.4,-12.1,-5.0,-3.2,-1.4,-0.6,-1.4,-3.2,-5.0,-5.8,41.3,42.6,46.5,50.6,52.6,51.3,47.4,42.9,37.2,39.8,43.3,47.8,52.1,55.2,57.3,55.4,52.4,48.7,44.5,40.4,45.1,46.9,48.6,49.2,48.3,46.5,44.8,44.2,-33.3,-37.6,-39.4,-37.6,-33.3,-28.7,-27.3,-29.0,-31.6,-33.8,-35.2,-35.9,-35.1,-33.3,-30.7,-29.1,-28.4,-28.1,-28.5,-29.6,-31.4,-30.6,-31.4,-33.3,-35.1,-35.9,-35.1,-33.2,-35.2,-39.6,-41.7,-40.2,-36.1,-31.7,-29.7,-30.8,-32.2,-35.1,-37.3,-38.4,-38.0,-36.9,-34.7,-32.5,-31.2,-30.5,-30.5,-30.8,-33.6,-33.0,-33.9,-35.8,-37.6,-38.2,-37.3,-35.4,507.4,507.8,507.9,507.7,507.2,507.1,506.7,506.9,511.5,508.9,506.6,505.4,506.0,507.4,509.1,507.5,506.0,505.6,506.8,509.0,508.0,507.9,507.9,508.1,508.3,508.4,508.3,508.2,520.3,521.3,522.9,524.1,524.3,523.4,521.8,520.7,520.8,520.0,519.8,520.7,523.4,526.8,530.2,526.9,523.6,521.2,520.1,520.2,522.3,522.9,523.6,524.0,523.9,523.3,522.6,522.2,27.1,-1.7,649.4,0.198,-0.164,0.006,218.9,219.5,221.3,224.1,228.9,236.3,245.3,255.6,266.1,274.9,281.3,287.1,292.2,295.8,298.2,300.0,300.5,229.0,235.5,244.2,253.0,260.9,276.5,283.2,289.7,296.0,299.8,269.0,270.0,271.0,272.1,260.8,265.3,269.9,273.9,277.4,238.5,243.9,250.1,255.2,250.0,243.7,277.9,282.9,288.5,292.4,289.0,283.4,251.5,259.0,265.4,269.1,272.9,277.5,281.2,277.5,273.0,268.8,264.7,258.5,254.5,265.0,268.8,272.7,279.1,272.7,268.8,264.9,162.6,174.4,186.1,197.4,207.9,217.1,224.6,230.1,231.2,228.9,222.3,214.1,204.9,194.8,184.1,173.1,161.9,155.4,150.5,149.2,150.5,153.3,152.6,149.5,148.0,148.8,153.0,161.9,169.7,177.6,185.6,190.7,192.2,193.3,192.0,190.3,163.3,160.3,160.3,164.1,165.5,165.7,163.4,159.3,159.1,161.8,164.4,164.6,206.1,203.7,202.1,203.1,201.9,203.3,205.2,210.4,212.6,213.2,212.9,211.0,206.4,205.8,206.1,205.5,205.7,206.8,207.5,207.1,-54.0,-53.3,-50.5,-45.7,-37.1,-24.0,-8.2,9.7,27.7,43.3,55.6,67.1,76.7,83.2,87.3,90.2,91.1,-34.8,-23.7,-9.4,4.8,17.6,43.2,54.7,66.3,77.8,85.6,30.9,32.1,33.5,34.9,17.5,24.8,32.1,38.9,44.9,-18.9,-10.1,0.2,8.6,-0.1,-10.4,46.6,55.1,64.9,72.1,65.8,56.1,2.5,14.8,25.1,31.2,37.6,45.7,52.9,45.8,37.8,30.9,24.1,14.0,7.5,24.6,30.9,37.4,49.0,37.3,30.8,24.4,-43.3,-22.8,-2.4,17.4,36.0,51.9,64.5,73.2,75.0,72.0,61.8,48.1,31.7,13.2,-6.1,-26.0,-46.2,-53.1,-60.5,-62.2,-59.8,-55.1,-56.7,-62.5,-65.8,-65.5,-59.3,-41.6,-28.6,-15.8,-2.9,5.2,7.5,9.4,7.3,4.5,-40.0,-44.8,-44.7,-38.6,-36.1,-35.8,-40.2,-47.3,-47.8,-43.7,-39.0,-38.4,31.0,26.5,23.8,25.5,23.6,26.2,30.0,38.1,41.4,42.2,41.7,38.7,31.3,30.0,30.5,29.6,30.7,31.7,32.7,32.2,678.2,682.1,686.5,689.1,688.6,685.7,679.6,671.4,670.6,679.6,694.3,705.9,710.5,709.4,707.2,705.0,704.2,645.3,638.8,634.0,630.2,628.2,635.3,642.7,651.4,660.8,671.1,634.2,628.5,622.4,616.8,633.5,632.3,631.8,635.1,639.0,644.9,641.7,642.0,643.5,642.4,642.1,652.4,654.6,658.5,664.9,659.0,655.2,651.5,640.9,637.1,638.2,640.2,649.1,662.3,651.0,643.9,641.4,640.6,643.6,649.2,640.2,640.9,643.5,658.3,643.4,640.7,640.3,0.596,0.207,-0.215,0.016,266.239,186.284,-6.856,9.56,-12.917,18.099,5.554,2.033,-4.978,2.289,4.018,-3.558,-0.376,1.086,0.56,-1.491,-0.515,-0.133,0.422,1.404,-1.33,-0.862,0.248,-0.405,-0.068,-0.516,0.062,-0.062,0.15,0.01,-0.086,-0.011,-0.02,0.004,0.009,-0.008,0.06,0.0,0.0,0.59,0.0,0.0,0.14,0.0,0.0,0.29,0.0,0.0,0.0,0.0,0.0,0.0,0.0,0.0,1.0,0.0,1.0,0.0,0.0,0.0,0.0,0.0,0.0,0.0,0.0,0.0,0.0,0.0,0.0,1.0,0.0
PP133,g1,1508,0,0.975,0.191683,0.189134,-0.963061,0.035102,0.187783,-0.981583,0.116,0.191,242.9,244.2,247.4,250.6,251.9,250.8,247.4,244.2,238.5,240.5,243.4,247.0,250.5,253.1,254.9,252.8,249.8,246.6,243.4,240.6,246.0,247.4,248.8,249.4,248.8,247.4,246.0,245.4,280.9,281.8,284.6,287.6,289.1,288.2,285.4,282.1,277.8,279.8,282.4,285.8,288.7,290.8,292.1,290.9,289.0,286.4,283.3,280.2,283.6,285.0,286.2,286.6,285.9,284.6,283.4,283.0,161.4,158.2,156.8,158.2,161.4,164.9,166.1,164.7,162.9,161.1,159.9,159.3,160.0,161.5,163.5,164.7,165.2,165.4,165.1,164.3,162.9,163.5,162.9,161.5,160.1,159.5,160.1,161.5,160.6,157.4,156.0,157.1,160.2,163.4,164.9,164.0,162.9,160.7,159.1,158.3,158.7,159.7,161.5,163.0,163.8,164.3,164.2,163.9,162.0,162.5,161.8,160.4,159.1,158.6,159.2,160.6,-9.3,-7.5,-3.4,0.8,2.5,1.1,-3.4,-7.6,-15.0,-12.3,-8.5,-3.9,0.6,4.0,6.4,3.6,-0.2,-4.4,-8.6,-12.3,-5.2,-3.4,-1.6,-0.8,-1.6,-3.4,-5.2,-6.0,41.2,42.5,46.4,50.6,52.6,51.2,47.4,42.9,37.2,39.7,43.2,47.8,52.0,55.2,57.2,55.3,52.4,48.7,44.5,40.3,45.1,46.9,48.6,49.2,48.3,46.5,44.8,44.2,-33.9,-38.2,-39.9,-38.2,-33.9,-29.3,-27.8,-29.6,-32.2,-34.4,-35.8,-36.4,-35.7,-33.8,-31.2,-29.6,-29.0,-28.7,-29.1,-30.2,-31.9,-31.2,-31.9,-33.8,-35.7,-36.5,-35.7,-33.8,-35.8,-40.2,-42.3,-40.9,-36.7,-32.3,-30.3,-31.4,-32.8,-35.7,-37.9,-39.0,-38.7,-37.5,-35.4,-33.1,-31.8,-31.1,-31.1,-31.4,-34.2,-33.6,-34.5,-36.4,-38.2,-38.8,-37.9,-36.0,507.5,507.9,508.0,507.8,507.4,507.2,506.8,507.0,511.6,509.0,506.7,505.5,506.1,507.6,509.3,507.6,506.1,505.8,506.9,509.1,508.1,508.0,508.0,508.2,508.4,508.5,508.4,508.3,521.3,522.3,523.8,525.1,525.3,524.4,522.8,521.7,521.8,521.0,520.8,521.7,524.4,527.8,531.2,527.9,524.6,522.2,521.1,521.3,523.3,523.9,524.6,525.0,524.9,524.3,523.6,523.2,26.9,-2.6,650.5,0.206,-0.165,0.008,218.7,219.3,221.1,223.8,228.7,236.1,245.1,255.4,265.9,274.6,281.0,286.9,292.0,295.7,298.1,299.8,300.4,228.9,235.5,244.2,253.0,261.0,276.4,283.1,289.6,295.9,299.7,268.9,269.9,270.9,272.0,260.6,265.1,269.7,273.8,277.3,238.4,243.7,250.0,255.1,249.8,243.5,277.8,282.8,288.4,292.2,288.9,283.3,251.3,258.9,265.2,268.9,272.7,277.3,281.1,277.3,272.7,268.6,264.5,258.3,254.3,264.8,268.6,272.5,278.9,272.5,268.6,264.7,161.9,173.8,185.4,196.6,207.1,216.2,223.7,229.2,230.3,228.0,221.5,213.4,204.2,194.1,183.5,172.6,161.4,154.9,150.0,148.7,150.0,152.9,152.3,149.1,147.6,148.4,152.5,161.5,169.3,177.1,185.1,190.2,191.6,192.8,191.5,189.8,162.8,159.8,159.9,163.7,165.1,165.3,163.0,158.9,158.7,161.4,164.0,164.2,205.5,203.1,201.6,202.6,201.4,202.7,204.6,209.8,212.1,212.7,212.4,210.4,205.8,205.2,205.5,205.0,205.1,206.3,207.0,206.6,-54.4,-53.7,-50.9,-46.2,-37.6,-24.4,-8.6,9.3,27.3,42.9,55.2,66.7,76.4,83.0,87.2,90.1,91.0,-34.9,-23.8,-9.4,4.9,17.7,42.9,54.5,66.1,77.7,85.5,30.7,32.0,33.4,34.7,17.2,24.6,31.9,38.7,44.7,-19.2,-10.3,0.0,8.4,-0.3,-10.6,46.5,55.0,64.8,72.0,65.7,56.0,2.2,14.6,24.9,30.9,37.3,45.4,52.7,45.6,37.6,30.6,23.8,13.7,7.2,24.3,30.6,37.1,48.8,37.1,30.5,24.1,-44.4,-24.0,-3.7,16.1,34.7,50.5,63.1,71.8,73.7,70.6,60.5,46.8,30.5,12.1,-7.2,-27.0,-47.2,-54.0,-61.4,-63.0,-60.5,-55.7,-57.4,-63.2,-66.6,-66.3,-60.1,-42.2,-29.2,-16.5,-3.7,4.4,6.7,8.6,6.5,3.7,-40.8,-45.5,-45.5,-39.3,-36.8,-36.6,-40.9,-48.0,-48.6,-44.5,-39.7,-39.1,30.1,25.7,23.0,24.7,22.8,25.4,29.1,37.3,40.6,41.4,40.9,37.8,30.4,29.1,29.6,28.8,29.8,31.0,32.0,31.4,679.0,682.8,687.3,690.0,689.6,686.8,680.7,672.7,671.9,680.9,695.5,707.1,711.6,710.5,708.3,706.3,705.5,645.9,639.3,634.5,630.7,628.8,635.8,643.3,652.0,661.5,671.9,634.8,629.3,623.2,617.7,634.4,633.3,632.8,636.1,639.9,645.6,642.3,642.7,644.2,643.1,642.8,653.1,655.3,659.3,665.8,659.8,656.0,652.6,642.0,638.1,639.3,641.3,650.2,663.6,652.3,645.2,642.7,641.8,644.8,650.3,641.2,641.9,644.6,659.7,644.5,641.9,641.4,0.595,0.213,-0.216,0.019,266.084,185.746,-6.29,9.349,-12.719,17.62,6.214,1.558,-4.835,2.508,4.035,-3.135,-0.316,1.08,0.332,-1.477,-0.988,0.028,0.31,1.23,-1.3,-0.759,0.287,-0.327,0.003,-0.552,0.106,-0.091,0.12,0.021,-0.084,-0.009,-0.021,0.006,0.011,-0.002,0.41,0.0,0.0,0.7,0.0,0.0,0.0,0.0,0.0,0.37,0.0,0.0,0.0,0.0,0.0,0.0,0.0,0.0,1.0,0.0,1.0,0.0,0.0,0.0,0.0,0.0,0.0,0.0,0.0,0.0,0.0,0.0,0.0,1.0,0.0
PP133,g1,1514,0,0.975,0.189404,0.176118,-0.965976,0.037109,0.176237,-0.983648,0.116,0.179,242.3,243.6,246.8,250.0,251.4,250.3,246.9,243.7,238.0,240.0,242.8,246.4,249.9,252.6,254.4,252.3,249.3,246.0,242.9,240.1,245.5,246.9,248.3,248.9,248.3,246.8,245.4,244.9,280.3,281.2,284.0,287.1,288.6,287.6,284.9,281.6,277.3,279.2,281.9,285.2,288.2,290.3,291.6,290.4,288.5,285.9,282.8,279.7,283.1,284.4,285.6,286.0,285.4,284.0,282.8,282.4,161.4,158.1,156.7,158.0,161.3,164.9,166.0,164.7,162.9,161.1,159.9,159.3,159.9,161.3,163.4,164.6,165.1,165.3,165.1,164.3,162.9,163.5,162.9,161.4,160.0,159.4,160.0,161.5,160.4,157.2,155.7,156.8,159.9,163.1,164.6,163.7,162.7,160.5,158.8,158.0,158.4,159.5,161.2,162.7,163.5,164.0,163.9,163.7,161.7,162.2,161.5,160.1,158.8,158.3,158.9,160.3,-10.0,-8.3,-4.1,0.1,1.8,0.4,-4.0,-8.2,-15.6,-13.0,-9.2,-4.7,-0.1,3.3,5.8,3.0,-0.9,-5.1,-9.2,-12.9,-5.9,-4.0,-2.2,-1.5,-2.3,-4.1,-5.9,-6.6,40.3,41.6,45.5,49.7,51.7,50.4,46.5,42.0,36.3,38.8,42.4,46.9,51.1,54.3,56.3,54.5,51.5,47.8,43.6,39.5,44.2,46.0,47.7,48.3,47.4,45.6,43.9,43.3,-33.8,-38.1,-39.9,-38.2,-33.9,-29.3,-27.8,-29.5,-32.1,-34.3,-35.7,-36.4,-35.7,-33.9,-31.3,-29.6,-28.9,-28.6,-29.0,-30.1,-31.9,-31.1,-31.9,-33.8,-35.7,-36.4,-35.6,-33.8,-36.1,-40.5,-42.6,-41.1,-37.0,-32.6,-30.5,-31.6,-33.1,-35.9,-38.1,-39.3,-38.9,-37.8,-35.6,-33.4,-32.1,-31.4,-31.3,-31.7,-34.5,-33.8,-34.8,-36.7,-38.5,-39.1,-38.2,-36.3,505.7,506.1,506.2,505.9,505.5,505.3,505.0,505.2,509.9,507.3,504.9,503.7,504.3,505.7,507.3,505.7,504.2,503.9,505.1,507.3,506.2,506.1,506.2,506.3,506.5,506.7,506.6,506.4,519.7,520.7,522.2,523.5,523.7,522.7,521.1,520.0,520.1,519.4,519.1,520.1,522.7,526.2,529.5,526.3,523.0,520.5,519.4,519.6,521.7,522.2,522.9,523.3,523.2,522.7,522.0,521.6,26.5,-2.7,649.5,0.187,-0.165,-0.002,218.4,219.1,221.1,223.9,228.9,236.3,245.3,255.7,266.2,274.9,281.2,286.9,291.9,295.4,297.7,299.4,299.8,228.3,234.7,243.4,252.2,260.2,275.8,282.4,288.9,295.2,299.1,268.3,269.4,270.5,271.7,260.4,265.0,269.5,273.6,277.1,237.9,243.2,249.4,254.6,249.3,243.0,277.2,282.2,287.8,291.7,288.4,282.8,251.5,259.0,265.3,268.9,272.7,277.3,281.0,277.4,272.9,268.8,264.7,258.6,254.5,264.9,268.7,272.5,278.8,272.5,268.7,264.8,162.4,174.2,185.9,197.1,207.6,216.7,224.1,229.5,230.6,228.3,221.7,213.6,204.4,194.3,183.6,172.6,161.4,155.0,150.0,148.6,149.8,152.6,152.0,148.8,147.3,148.1,152.3,161.2,169.0,176.8,184.8,190.0,191.4,192.5,191.2,189.4,162.8,159.8,159.8,163.5,165.0,165.2,162.8,158.6,158.4,161.1,163.7,164.0,205.7,203.0,201.3,202.3,201.1,202.5,204.5,209.6,211.9,212.5,212.3,210.4,205.8,205.1,205.3,204.7,205.0,206.0,206.7,206.4,-54.9,-54.0,-50.9,-46.0,-37.3,-24.0,-8.2,9.8,27.8,43.3,55.5,66.8,76.2,82.5,86.5,89.2,89.9,-35.9,-25.0,-10.7,3.6,16.4,42.0,53.4,65.0,76.6,84.4,29.8,31.2,32.7,34.2,16.9,24.2,31.6,38.4,44.3,-20.0,-11.3,-0.9,7.6,-1.1,-11.5,45.5,54.0,63.9,71.1,64.9,55.1,2.5,14.7,24.9,30.9,37.2,45.3,52.6,45.6,37.8,30.9,24.2,14.1,7.5,24.4,30.7,37.1,48.6,37.1,30.7,24.3,-43.6,-23.2,-2.8,16.9,35.5,51.2,63.7,72.2,73.9,70.9,60.9,47.2,30.8,12.4,-7.0,-26.9,-47.1,-53.7,-61.4,-63.1,-60.8,-56.1,-57.9,-63.7,-67.1,-66.8,-60.5,-42.7,-29.7,-17.1,-4.3,4.1,6.3,8.2,6.0,3.2,-40.8,-45.6,-45.7,-39.5,-37.0,-36.6,-41.3,-48.5,-49.1,-45.0,-40.2,-39.5,30.3,25.5,22.6,24.2,22.2,24.9,28.8,36.9,40.2,41.0,40.6,37.7,30.5,28.8,29.2,28.4,29.4,30.5,31.5,31.0,679.1,682.8,687.0,689.5,688.9,685.8,679.5,671.2,670.3,679.4,694.2,706.1,710.9,709.8,707.7,705.6,704.9,646.3,639.7,634.8,630.9,628.9,635.9,643.4,652.3,661.7,672.0,634.8,628.9,622.5,616.7,633.5,632.3,631.8,635.0,639.0,645.7,642.5,642.9,644.2,643.2,642.9,653.1,655.4,659.4,665.8,659.8,655.9,651.2,640.5,636.6,637.8,639.8,648.7,662.1,650.6,643.4,640.9,640.1,643.1,648.9,639.8,640.5,643.1,658.0,643.0,640.3,639.9,0.596,0.195,-0.216,0.007,265.872,185.681,-4.915,9.604,-12.99,19.14,4.943,1.489,-5.096,3.521,4.123,-4.068,-0.508,0.914,0.437,-1.686,-0.573,-0.274,0.382,1.128,-1.17,-0.684,0.326,-0.27,-0.171,-0.614,0.128,0.033,0.107,0.023,-0.1,-0.016,-0.027,-0.009,0.004,-0.001,0.51,0.01,0.0,0.44,0.0,0.0,0.0,0.0,0.0,0.23,0.0,0.0,0.0,0.0,0.0,0.0,0.0,0.0,1.0,0.0,1.0,0.0,0.0,0.0,0.0,0.0,0.0,0.0,0.0,0.0,0.0,0.0,0.0,1.0,0.0
PP133,g1,1520,0,0.975,0.182169,0.158804,-0.970359,0.040477,0.159541,-0.986361,0.113,0.161,242.0,243.3,246.5,249.7,251.1,250.1,246.7,243.4,237.9,239.7,242.5,246.0,249.6,252.3,254.2,252.1,249.1,245.8,242.7,239.9,245.2,246.6,248.0,248.6,248.0,246.5,245.2,244.6,279.8,280.7,283.5,286.5,288.1,287.2,284.4,281.1,276.8,278.7,281.4,284.7,287.7,289.8,291.0,289.9,288.0,285.4,282.4,279.2,282.6,283.9,285.1,285.5,284.9,283.5,282.3,281.9,161.5,158.2,156.8,158.1,161.3,164.8,166.0,164.8,163.1,161.2,160.0,159.3,159.8,161.3,163.3,164.6,165.1,165.4,165.2,164.5,163.0,163.5,162.9,161.4,160.0,159.5,160.1,161.5,160.2,157.0,155.5,156.6,159.7,162.9,164.4,163.5,162.5,160.3,158.6,157.8,158.2,159.3,161.0,162.5,163.3,163.7,163.7,163.5,161.5,162.0,161.3,159.9,158.6,158.1,158.7,160.1,-10.4,-8.7,-4.6,-0.4,1.4,0.1,-4.3,-8.5,-15.9,-13.4,-9.7,-5.1,-0.6,3.0,5.4,2.7,-1.2,-5.4,-9.5,-13.2,-6.2,-4.4,-2.6,-1.9,-2.7,-4.5,-6.3,-7.0,39.7,41.0,44.8,49.0,51.1,49.8,45.9,41.5,35.7,38.2,41.8,46.3,50.5,53.7,55.7,53.9,50.9,47.2,43.1,38.9,43.6,45.4,47.1,47.7,46.8,44.9,43.3,42.7,-33.7,-38.1,-39.9,-38.3,-34.0,-29.4,-27.9,-29.5,-31.9,-34.2,-35.7,-36.5,-35.8,-34.1,-31.5,-29.8,-29.0,-28.6,-29.0,-30.0,-31.9,-31.2,-32.0,-33.9,-35.8,-36.5,-35.7,-33.8,-36.4,-40.8,-42.9,-41.5,-37.3,-32.9,-30.9,-32.0,-33.3,-36.3,-38.4,-39.6,-39.3,-38.1,-35.9,-33.7,-32.4,-31.7,-31.7,-32.0,-34.8,-34.2,-35.1,-37.0,-38.8,-39.4,-38.5,-36.6,507.6,507.9,508.0,507.6,507.1,507.0,506.7,507.1,511.9,509.2,506.7,505.5,505.9,507.3,508.9,507.4,505.9,505.7,506.9,509.2,508.0,507.9,507.9,508.1,508.3,508.4,508.4,508.2,520.3,521.3,523.0,524.2,524.4,523.3,521.7,520.6,520.7,520.0,519.8,520.8,523.4,526.9,530.2,526.9,523.6,521.1,520.0,520.1,522.3,522.8,523.5,524.0,523.9,523.4,522.7,522.2,26.5,-2.3,646.0,0.158,-0.161,-0.018,218.3,219.1,221.3,224.4,229.5,237.0,246.1,256.7,267.3,276.1,282.3,287.7,292.3,295.5,297.6,299.1,299.4,228.0,234.3,242.9,251.7,259.6,275.2,281.8,288.3,294.5,298.4,267.9,269.1,270.4,271.6,260.5,265.1,269.7,273.7,277.1,237.7,242.8,249.1,254.3,249.1,242.8,276.8,281.7,287.3,291.2,287.9,282.4,252.4,259.6,265.7,269.3,273.0,277.5,281.2,277.8,273.5,269.4,265.4,259.4,255.4,265.5,269.2,272.9,279.0,273.0,269.2,265.4,163.1,175.1,186.9,198.3,208.9,218.1,225.6,230.9,231.9,229.4,222.8,214.6,205.2,194.9,184.1,173.0,161.7,155.5,150.2,148.6,149.8,152.5,151.8,148.6,147.1,147.9,152.3,160.9,168.7,176.4,184.4,190.0,191.4,192.5,191.0,189.2,163.1,159.8,159.8,163.5,165.1,165.4,162.6,158.4,158.2,161.0,163.5,163.7,206.4,203.5,201.6,202.5,201.2,202.7,204.9,209.9,212.1,212.8,212.6,210.9,206.5,205.3,205.5,204.9,205.4,206.3,207.0,206.8,-55.1,-53.9,-50.4,-45.1,-36.0,-22.6,-6.7,11.4,29.5,45.0,57.1,67.9,76.6,82.3,85.8,88.3,88.6,-36.3,-25.7,-11.4,2.7,15.5,40.9,52.2,63.7,75.2,82.9,29.0,30.6,32.3,34.0,17.0,24.3,31.7,38.3,44.2,-20.2,-11.7,-1.5,7.1,-1.5,-11.8,44.6,53.0,62.8,70.0,63.9,54.2,3.9,15.7,25.4,31.4,37.5,45.5,52.6,46.0,38.4,31.7,25.1,15.4,8.8,25.2,31.2,37.5,48.6,37.6,31.3,25.1,-42.4,-21.7,-1.1,18.9,37.7,53.5,65.9,74.1,75.6,72.5,62.4,48.6,32.0,13.3,-6.2,-26.1,-46.2,-52.9,-60.9,-63.0,-60.8,-56.2,-58.0,-63.9,-67.3,-66.9,-60.4,-43.0,-30.1,-17.6,-4.9,4.1,6.2,8.0,5.7,2.8,-40.3,-45.3,-45.5,-39.5,-36.8,-36.3,-41.5,-48.7,-49.3,-45.1,-40.5,-39.8,31.3,26.0,22.8,24.4,22.3,25.1,29.3,37.1,40.3,41.2,40.9,38.3,31.3,29.0,29.3,28.4,29.9,30.7,31.8,31.4,677.6,681.3,685.3,687.2,686.0,682.3,675.5,666.8,665.9,675.2,690.2,702.3,707.2,706.0,703.8,701.5,700.8,644.6,638.1,633.2,629.3,627.4,634.3,641.8,650.5,659.9,670.0,632.8,626.4,619.5,613.2,630.3,628.9,628.2,631.5,635.6,643.7,640.6,640.9,642.2,641.2,640.9,651.1,653.5,657.4,663.7,657.7,653.8,647.1,636.3,632.8,634.0,636.1,644.7,657.7,646.1,639.2,636.7,635.8,638.5,644.6,635.8,636.5,639.2,653.5,639.1,636.4,635.9,0.599,0.169,-0.211,-0.01,265.981,185.969,-5.098,12.48,-14.093,22.312,2.247,1.837,-4.013,4.337,4.978,-5.156,-0.838,0.417,-0.172,-2.102,-0.118,-0.683,0.138,1.16,-1.222,-0.497,0.23,-0.057,-0.483,-0.738,0.197,0.196,0.136,0.022,-0.105,-0.025,-0.043,-0.028,0.008,0.002,0.57,0.24,0.0,0.75,0.0,0.0,0.0,0.0,0.0,0.01,0.0,0.0,0.0,0.0,0.0,0.0,0.0,0.0,1.0,0.0,1.0,0.0,0.0,0.0,0.0,0.0,0.0,0.0,0.0,0.0,0.0,0.0,0.0,1.0,0.0
PP133,g1,1526,0,0.975,0.179041,0.156986,-0.971236,0.039531,0.157952,-0.986655,0.111,0.159,241.9,243.2,246.4,249.6,251.0,250.0,246.6,243.3,237.8,239.6,242.4,245.9,249.5,252.2,254.1,252.0,249.0,245.7,242.6,239.8,245.1,246.5,247.9,248.5,247.9,246.5,245.1,244.5,279.8,280.7,283.5,286.5,288.1,287.2,284.4,281.1,276.8,278.7,281.4,284.7,287.7,289.8,291.1,289.9,288.0,285.4,282.4,279.2,282.6,283.9,285.1,285.5,284.9,283.5,282.3,281.9,161.5,158.2,156.8,158.0,161.3,164.8,166.0,164.8,163.2,161.3,160.0,159.3,159.8,161.3,163.3,164.6,165.1,165.4,165.2,164.5,163.0,163.5,162.9,161.4,160.0,159.5,160.1,161.6,160.1,156.9,155.4,156.5,159.6,162.8,164.3,163.5,162.4,160.2,158.5,157.7,158.1,159.2,161.0,162.4,163.3,163.7,163.7,163.4,161.4,161.9,161.3,159.9,158.5,158.0,158.7,160.1,-10.5,-8.8,-4.7,-0.5,1.3,-0.0,-4.4,-8.6,-16.0,-13.5,-9.8,-5.3,-0.7,2.8,5.4,2.6,-1.3,-5.5,-9.6,-13.3,-6.3,-4.5,-2.7,-2.0,-2.8,-4.6,-6.4,-7.1,39.6,40.8,44.7,48.9,50.9,49.6,45.8,41.3,35.6,38.1,41.6,46.1,50.3,53.5,55.5,53.7,50.8,47.1,42.9,38.8,43.4,45.3,46.9,47.5,46.6,44.8,43.1,42.5,-33.7,-38.0,-39.9,-38.2,-34.0,-29.3,-27.8,-29.4,-31.8,-34.1,-35.7,-36.4,-35.8,-34.0,-31.4,-29.7,-28.9,-28.6,-28.9,-29.9,-31.8,-31.1,-31.9,-33.8,-35.7,-36.4,-35.6,-33.7,-36.3,-40.7,-42.8,-41.4,-37.3,-32.9,-30.8,-31.9,-33.3,-36.2,-38.4,-39.6,-39.3,-38.1,-35.9,-33.7,-32.4,-31.7,-31.6,-31.9,-34.7,-34.1,-35.0,-37.0,-38.8,-39.4,-38.5,-36.5,506.5,506.9,506.9,506.5,506.0,505.9,505.6,506.0,510.8,508.2,505.7,504.4,504.8,506.2,507.7,506.2,504.8,504.6,505.9,508.2,506.9,506.8,506.8,507.0,507.2,507.3,507.3,507.2,518.6,519.6,521.2,522.5,522.7,521.6,520.0,518.8,519.0,518.2,518.1,519.1,521.7,525.2,528.5,525.2,521.9,519.4,518.3,518.4,520.5,521.1,521.8,522.3,522.2,521.6,520.9,520.5,26.5,-2.1,644.5,0.157,-0.158,-0.021,218.2,219.1,221.3,224.5,229.6,237.2,246.3,256.9,267.6,276.3,282.6,288.0,292.5,295.7,297.8,299.3,299.5,227.9,234.2,242.9,251.6,259.5,275.1,281.7,288.2,294.5,298.3,267.8,269.0,270.3,271.6,260.5,265.1,269.7,273.7,277.2,237.6,242.7,249.0,254.2,249.0,242.7,276.7,281.7,287.3,291.2,287.9,282.3,252.5,259.7,265.7,269.4,273.1,277.7,281.4,278.0,273.6,269.6,265.5,259.6,255.5,265.5,269.3,273.1,279.2,273.1,269.3,265.5,163.1,175.1,187.0,198.4,209.1,218.3,225.9,231.2,232.1,229.7,223.0,214.7,205.3,194.9,184.1,173.0,161.7,155.5,150.3,148.7,149.9,152.6,151.8,148.7,147.1,147.9,152.3,161.0,168.8,176.6,184.6,190.2,191.5,192.6,191.2,189.3,163.1,159.8,159.7,163.5,165.1,165.4,162.5,158.3,158.1,160.9,163.4,163.7,206.7,203.6,201.7,202.7,201.3,202.8,205.1,210.0,212.2,212.9,212.8,211.1,206.7,205.5,205.7,205.0,205.6,206.3,207.1,206.9,-55.0,-53.8,-50.3,-44.9,-35.7,-22.4,-6.4,11.7,29.9,45.4,57.5,68.2,76.8,82.4,85.9,88.2,88.5,-36.4,-25.8,-11.5,2.5,15.2,40.6,51.9,63.5,75.0,82.7,28.8,30.4,32.1,33.8,16.9,24.2,31.6,38.3,44.1,-20.3,-11.9,-1.6,7.0,-1.6,-12.0,44.5,52.9,62.7,69.8,63.7,54.0,4.2,15.8,25.4,31.4,37.6,45.6,52.7,46.2,38.6,31.8,25.2,15.6,9.1,25.2,31.3,37.6,48.7,37.7,31.4,25.2,-42.2,-21.5,-0.9,19.1,37.9,53.8,66.3,74.5,75.9,72.7,62.7,48.8,32.1,13.4,-6.1,-26.0,-46.1,-52.6,-60.6,-62.7,-60.5,-55.9,-57.8,-63.6,-67.0,-66.7,-60.2,-42.9,-29.9,-17.3,-4.6,4.3,6.5,8.2,5.9,3.0,-40.1,-45.3,-45.4,-39.4,-36.7,-36.2,-41.5,-48.7,-49.3,-45.1,-40.5,-39.8,31.7,26.2,23.0,24.5,22.5,25.2,29.5,37.2,40.3,41.3,41.0,38.5,31.7,29.2,29.5,28.6,30.1,30.7,31.9,31.5,676.4,680.2,684.3,686.3,685.1,681.2,674.3,665.4,664.4,673.7,688.9,701.1,706.0,704.7,702.2,699.8,698.9,643.3,636.7,631.9,628.0,626.1,632.9,640.3,648.9,658.2,668.3,631.4,624.9,618.1,611.8,629.0,627.5,626.8,630.0,634.2,642.3,639.3,639.6,640.8,639.8,639.6,649.6,652.0,655.8,662.1,656.1,652.3,645.6,634.7,631.3,632.5,634.5,643.1,656.0,644.5,637.7,635.1,634.2,636.9,643.1,634.3,635.0,637.7,651.8,637.5,634.8,634.3,0.6,0.168,-0.208,-0.013,266.029,186.07,-4.752,12.742,-14.584,22.667,1.352,2.169,-3.772,4.84,5.131,-5.505,-0.623,0.313,-0.01,-1.944,0.034,-0.641,0.183,1.203,-0.927,-0.605,0.198,0.147,-0.583,-0.822,0.291,0.195,0.135,0.031,-0.099,-0.031,-0.039,-0.03,0.006,0.007,0.65,0.2,0.0,0.66,0.0,0.0,0.0,0.0,0.0,0.08,0.0,0.0,0.0,0.0,0.0,0.0,0.0,1.0,1.0,0.0,1.0,0.0,0.0,0.0,0.0,0.0,0.0,0.0,0.0,0.0,0.0,0.0,0.0,1.0,0.0
PP133,g1,1532,0,0.975,0.189196,0.181082,-0.965098,0.03641,0.180709,-0.982862,0.115,0.184,242.0,243.3,246.5,249.7,251.1,250.0,246.5,243.3,237.7,239.6,242.5,246.1,249.6,252.3,254.1,252.0,249.0,245.7,242.5,239.7,245.1,246.5,247.9,248.5,247.9,246.5,245.1,244.5,280.1,281.0,283.8,286.9,288.4,287.5,284.7,281.4,277.1,279.0,281.7,285.0,288.0,290.2,291.4,290.3,288.3,285.7,282.6,279.5,282.9,284.3,285.5,285.9,285.2,283.9,282.7,282.3,161.4,158.1,156.7,158.1,161.4,164.9,166.0,164.7,162.9,161.1,159.9,159.2,159.9,161.4,163.5,164.7,165.2,165.4,165.1,164.4,162.9,163.5,162.9,161.5,160.0,159.4,160.0,161.5,160.4,157.2,155.7,156.8,159.9,163.2,164.7,163.8,162.8,160.5,158.8,158.0,158.4,159.5,161.2,162.7,163.6,164.1,164.0,163.8,161.7,162.2,161.6,160.2,158.8,158.3,159.0,160.4,-10.4,-8.7,-4.5,-0.3,1.4,-0.0,-4.5,-8.6,-16.1,-13.4,-9.6,-5.1,-0.5,2.9,5.3,2.6,-1.3,-5.5,-9.6,-13.3,-6.3,-4.5,-2.7,-1.9,-2.7,-4.5,-6.3,-7.1,39.8,41.1,45.0,49.1,51.2,49.9,46.0,41.5,35.8,38.3,41.8,46.4,50.6,53.7,55.8,53.9,51.0,47.3,43.1,39.0,43.7,45.5,47.2,47.8,46.9,45.0,43.4,42.8,-33.6,-37.9,-39.7,-38.0,-33.7,-29.1,-27.6,-29.4,-32.0,-34.2,-35.6,-36.3,-35.5,-33.7,-31.1,-29.4,-28.7,-28.4,-28.8,-29.9,-31.7,-31.0,-31.8,-33.6,-35.5,-36.3,-35.5,-33.6,-35.8,-40.2,-42.3,-40.8,-36.7,-32.3,-30.3,-31.3,-32.7,-35.6,-37.8,-39.0,-38.7,-37.5,-35.4,-33.1,-31.8,-31.0,-31.0,-31.4,-34.2,-33.6,-34.5,-36.4,-38.2,-38.8,-37.9,-36.0,503.9,504.3,504.4,504.1,503.7,503.5,503.2,503.4,508.1,505.5,503.1,501.9,502.5,503.9,505.5,503.9,502.4,502.1,503.3,505.5,504.4,504.3,504.4,504.5,504.7,504.9,504.8,504.6,516.3,517.3,518.9,520.2,520.4,519.4,517.8,516.7,516.8,516.0,515.8,516.7,519.4,522.9,526.2,522.9,519.6,517.2,516.1,516.2,518.3,518.9,519.6,520.0,519.9,519.3,518.6,518.2,25.8,-2.4,648.0,0.199,-0.163,0.0,218.0,218.7,220.6,223.5,228.4,235.8,244.8,255.2,265.7,274.4,280.8,286.6,291.6,295.2,297.6,299.3,299.7,227.9,234.4,243.1,251.9,259.9,275.6,282.3,288.8,295.1,299.0,268.1,269.1,270.2,271.3,260.0,264.5,269.1,273.2,276.7,237.5,242.8,249.1,254.3,249.0,242.7,277.0,282.0,287.7,291.6,288.2,282.6,251.0,258.4,264.7,268.4,272.2,276.8,280.6,276.9,272.3,268.2,264.1,258.0,254.0,264.4,268.2,272.0,278.4,272.0,268.1,264.3,162.4,174.2,185.9,197.1,207.7,216.7,224.2,229.6,230.7,228.3,221.7,213.5,204.3,194.1,183.5,172.5,161.3,155.1,150.2,148.8,150.1,152.9,152.2,149.0,147.5,148.2,152.5,161.4,169.3,177.1,185.2,190.3,191.8,192.9,191.6,189.8,162.9,159.8,159.8,163.6,165.1,165.3,162.9,158.6,158.4,161.2,163.8,164.0,205.9,203.4,201.8,202.8,201.5,202.9,204.8,210.0,212.3,212.9,212.6,210.7,206.1,205.5,205.7,205.1,205.3,206.4,207.1,206.8,-55.4,-54.6,-51.6,-46.7,-38.0,-24.8,-9.0,8.9,26.9,42.4,54.7,66.0,75.5,81.9,85.9,88.7,89.4,-36.4,-25.4,-11.1,3.1,15.9,41.5,53.0,64.6,76.2,84.0,29.3,30.6,32.1,33.5,16.2,23.5,30.8,37.6,43.5,-20.6,-11.8,-1.4,7.0,-1.7,-12.1,45.0,53.5,63.4,70.6,64.4,54.6,1.6,13.8,24.0,30.0,36.4,44.4,51.7,44.7,36.8,29.9,23.1,13.1,6.6,23.5,29.8,36.2,47.7,36.2,29.7,23.3,-43.6,-23.1,-2.8,17.0,35.5,51.3,63.7,72.3,74.0,70.9,60.7,46.9,30.4,12.0,-7.3,-27.1,-47.2,-53.4,-60.9,-62.6,-60.2,-55.5,-57.3,-63.2,-66.6,-66.3,-60.1,-42.2,-29.2,-16.5,-3.6,4.6,6.9,8.7,6.6,3.7,-40.6,-45.5,-45.5,-39.2,-36.7,-36.4,-41.0,-48.3,-48.9,-44.7,-39.9,-39.2,30.6,26.0,23.2,24.9,22.9,25.5,29.2,37.4,40.7,41.6,41.2,38.2,30.9,29.4,29.8,29.0,29.9,31.1,32.1,31.6,677.2,681.1,685.5,688.1,687.7,684.7,678.5,670.3,669.3,678.3,692.9,704.5,709.1,708.0,705.7,703.5,702.7,644.2,637.5,632.6,628.6,626.6,633.7,641.1,649.8,659.2,669.5,632.5,626.8,620.6,614.9,631.9,630.6,630.2,633.4,637.3,643.7,640.4,640.7,642.1,641.1,640.9,650.8,653.0,656.9,663.4,657.5,653.7,650.1,639.4,635.5,636.6,638.6,647.5,660.8,649.6,642.5,640.1,639.3,642.2,647.8,638.7,639.3,642.0,656.8,641.9,639.3,638.9,0.597,0.207,-0.212,0.01,265.499,185.86,-5.877,9.721,-12.876,19.017,5.903,1.831,-4.996,2.65,4.597,-3.467,0.088,1.036,0.825,-1.745,-0.653,-0.138,0.602,1.279,-1.061,-0.666,0.273,-0.243,-0.272,-0.536,0.216,-0.077,0.129,0.037,-0.092,-0.01,-0.031,0.0,0.007,0.0,0.37,0.0,0.0,0.67,0.0,0.0,0.0,0.0,0.0,0.16,0.0,0.0,0.0,0.0,0.0,0.0,0.0,0.0,1.0,0.0,1.0,0.0,0.0,0.0,0.0,0.0,0.0,0.0,0.0,0.0,0.0,0.0,0.0,1.0,0.0
PP133,g1,1538,0,0.975,0.18958,0.186027,-0.964082,0.035508,0.18586,-0.981934,0.115,0.189,241.9,243.2,246.4,249.7,251.0,249.9,246.5,243.2,237.6,239.6,242.4,246.0,249.5,252.2,254.1,251.9,248.9,245.6,242.4,239.6,245.1,246.5,247.9,248.5,247.9,246.5,245.0,244.5,280.0,280.9,283.7,286.8,288.3,287.4,284.6,281.3,277.0,278.9,281.6,284.9,287.9,290.1,291.3,290.2,288.2,285.6,282.6,279.4,282.8,284.2,285.4,285.8,285.1,283.8,282.6,282.2,161.4,158.1,156.7,158.1,161.4,164.9,166.0,164.7,162.9,161.1,159.9,159.3,159.9,161.4,163.5,164.7,165.2,165.4,165.1,164.4,162.9,163.5,162.9,161.5,160.0,159.4,160.1,161.5,160.3,157.1,155.6,156.7,159.8,163.1,164.6,163.7,162.7,160.4,158.8,157.9,158.3,159.3,161.1,162.6,163.5,163.9,163.9,163.7,161.6,162.1,161.5,160.1,158.7,158.2,158.9,160.3,-10.5,-8.8,-4.6,-0.4,1.3,-0.1,-4.6,-8.7,-16.2,-13.5,-9.7,-5.2,-0.6,2.8,5.3,2.5,-1.4,-5.6,-9.7,-13.4,-6.4,-4.6,-2.8,-2.0,-2.8,-4.6,-6.4,-7.2,39.8,41.0,44.9,49.1,51.1,49.8,46.0,41.5,35.7,38.2,41.8,46.3,50.5,53.7,55.7,53.9,50.9,47.2,43.1,38.9,43.6,45.4,47.1,47.7,46.8,45.0,43.3,42.7,-33.7,-37.9,-39.7,-38.0,-33.7,-29.1,-27.6,-29.4,-32.0,-34.2,-35.6,-36.3,-35.5,-33.7,-31.1,-29.4,-28.8,-28.5,-28.9,-29.9,-31.7,-31.0,-31.8,-33.6,-35.5,-36.3,-35.5,-33.6,-35.9,-40.3,-42.4,-41.0,-36.9,-32.5,-30.4,-31.5,-32.9,-35.8,-38.0,-39.2,-38.9,-37.7,-35.6,-33.4,-32.0,-31.2,-31.2,-31.5,-34.4,-33.7,-34.7,-36.6,-38.4,-39.0,-38.1,-36.1,504.2,504.6,504.7,504.4,503.9,503.8,503.4,503.7,508.4,505.7,503.4,502.2,502.7,504.1,505.8,504.2,502.7,502.4,503.5,505.8,504.7,504.6,504.6,504.8,505.0,505.1,505.1,504.9,517.0,517.9,519.5,520.8,521.0,520.0,518.5,517.3,517.4,516.6,516.4,517.4,520.0,523.5,526.8,523.6,520.3,517.9,516.8,516.9,519.0,519.5,520.2,520.6,520.5,520.0,519.3,518.9,25.8,-2.6,648.4,0.208,-0.164,-0.001,218.0,218.7,220.6,223.4,228.3,235.7,244.8,255.1,265.7,274.5,280.9,286.6,291.7,295.3,297.6,299.3,299.7,227.9,234.3,243.0,251.8,259.8,275.4,282.1,288.7,295.0,298.9,268.0,269.0,270.1,271.2,260.0,264.5,269.1,273.2,276.7,237.5,242.7,249.1,254.2,248.9,242.6,276.9,281.9,287.6,291.5,288.2,282.5,251.0,258.5,264.8,268.5,272.3,276.9,280.7,277.0,272.5,268.3,264.2,258.0,254.0,264.4,268.2,272.1,278.5,272.1,268.2,264.3,162.2,173.9,185.5,196.6,207.1,216.2,223.6,229.1,230.3,227.9,221.2,213.0,203.8,193.8,183.2,172.2,161.0,155.1,150.2,148.9,150.1,152.9,152.2,149.0,147.4,148.1,152.3,161.5,169.4,177.2,185.2,190.3,191.8,192.9,191.5,189.7,162.9,159.8,159.8,163.6,165.1,165.3,162.8,158.5,158.3,161.0,163.6,163.9,205.8,203.3,201.7,202.7,201.4,202.7,204.5,209.8,212.2,212.8,212.6,210.6,206.0,205.4,205.6,205.0,205.1,206.3,207.0,206.7,-55.4,-54.6,-51.6,-46.8,-38.2,-25.0,-9.1,8.8,26.9,42.5,54.8,66.2,75.7,82.1,86.1,88.8,89.4,-36.5,-25.6,-11.3,2.9,15.7,41.2,52.7,64.3,75.9,83.7,29.1,30.5,32.0,33.4,16.1,23.4,30.8,37.6,43.6,-20.7,-11.9,-1.6,6.9,-1.8,-12.2,44.9,53.4,63.2,70.5,64.2,54.4,1.6,13.8,24.0,30.1,36.5,44.6,52.0,44.9,37.0,30.0,23.3,13.2,6.6,23.6,29.9,36.4,48.0,36.4,29.8,23.4,-43.9,-23.6,-3.5,16.1,34.5,50.3,62.8,71.5,73.4,70.2,59.9,46.1,29.7,11.4,-7.9,-27.6,-47.6,-53.4,-60.8,-62.5,-60.2,-55.5,-57.3,-63.2,-66.7,-66.4,-60.3,-42.1,-29.1,-16.4,-3.6,4.6,6.9,8.7,6.5,3.7,-40.6,-45.4,-45.5,-39.2,-36.7,-36.4,-41.1,-48.5,-49.1,-45.0,-40.2,-39.4,30.4,25.9,23.1,24.7,22.7,25.2,28.8,37.1,40.6,41.5,41.1,38.0,30.7,29.3,29.7,28.8,29.6,31.0,32.0,31.5,677.3,681.2,685.8,688.6,688.4,685.5,679.4,671.2,670.2,679.1,693.7,705.4,710.1,708.9,706.5,704.2,703.2,644.1,637.3,632.4,628.4,626.5,633.6,640.9,649.6,659.0,669.2,632.5,626.9,620.7,615.1,632.3,631.1,630.6,633.7,637.6,643.7,640.3,640.6,642.1,641.1,640.9,650.9,653.0,656.9,663.4,657.5,653.7,650.7,639.9,635.9,637.0,639.0,648.0,661.5,650.3,643.1,640.7,639.9,642.9,648.4,639.2,639.8,642.4,657.5,642.4,639.8,639.4,0.597,0.216,-0.213,0.009,265.477,185.709,-4.58,8.953,-12.728,18.613,5.627,1.516,-4.915,3.597,4.626,-2.852,-0.156,1.285,1.046,-1.739,-0.89,-0.088,0.654,1.118,-0.881,-0.783,0.366,-0.212,-0.231,-0.478,0.228,-0.075,0.088,0.046,-0.094,-0.004,-0.028,0.003,0.001,0.004,0.29,0.0,0.0,0.62,0.0,0.0,0.0,0.0,0.0,0.35,0.0,0.0,0.0,0.0,0.0,0.0,0.0,0.0,1.0,0.0,1.0,0.0,0.0,0.0,0.0,0.0,0.0,0.0,0.0,0.0,0.0,0.0,0.0,1.0,0.0
PP133,g1,1544,0,0.975,0.190585,0.178118,-0.965376,0.03776,0.177765,-0.983348,0.117,0.181,242.1,243.4,246.6,249.9,251.2,250.1,246.7,243.4,237.8,239.7,242.6,246.2,249.7,252.4,254.3,252.1,249.1,245.8,242.6,239.8,245.2,246.7,248.1,248.7,248.1,246.6,245.2,244.7,280.3,281.2,284.0,287.0,288.5,287.6,284.8,281.5,277.2,279.1,281.8,285.2,288.2,290.3,291.5,290.4,288.5,285.9,282.8,279.6,283.0,284.4,285.6,286.0,285.3,284.0,282.8,282.4,161.1,157.8,156.4,157.8,161.1,164.6,165.8,164.4,162.7,160.8,159.5,158.9,159.6,161.1,163.2,164.4,164.9,165.1,164.8,164.1,162.6,163.2,162.6,161.2,159.7,159.1,159.7,161.2,160.0,156.8,155.3,156.4,159.5,162.8,164.3,163.4,162.4,160.1,158.4,157.6,158.0,159.1,160.8,162.3,163.2,163.7,163.7,163.4,161.4,161.8,161.2,159.8,158.4,157.9,158.6,160.0,-10.2,-8.5,-4.3,-0.2,1.6,0.2,-4.3,-8.5,-15.9,-13.2,-9.5,-4.9,-0.3,3.1,5.5,2.8,-1.1,-5.3,-9.5,-13.1,-6.1,-4.3,-2.5,-1.7,-2.5,-4.3,-6.1,-6.9,39.9,41.2,45.0,49.2,51.2,50.0,46.1,41.6,35.9,38.4,41.9,46.4,50.6,53.8,55.9,54.0,51.1,47.4,43.2,39.1,43.8,45.6,47.3,47.8,46.9,45.1,43.4,42.9,-33.9,-38.2,-40.0,-38.2,-34.0,-29.4,-27.9,-29.6,-32.2,-34.4,-35.9,-36.6,-35.8,-34.0,-31.3,-29.7,-29.0,-28.7,-29.1,-30.2,-32.0,-31.2,-32.0,-33.9,-35.8,-36.5,-35.7,-33.9,-36.2,-40.6,-42.7,-41.3,-37.2,-32.8,-30.7,-31.8,-33.1,-36.1,-38.3,-39.5,-39.2,-38.0,-35.8,-33.6,-32.2,-31.5,-31.4,-31.8,-34.6,-34.0,-34.9,-36.8,-38.6,-39.3,-38.3,-36.4,502.1,502.5,502.6,502.3,501.8,501.7,501.3,501.6,506.3,503.7,501.3,500.1,500.6,502.0,503.7,502.1,500.6,500.3,501.4,503.7,502.6,502.5,502.6,502.7,502.9,503.1,503.0,502.8,515.3,516.3,517.9,519.1,519.3,518.4,516.8,515.6,515.7,514.9,514.7,515.7,518.4,521.9,525.2,521.9,518.6,516.2,515.0,515.2,517.3,517.8,518.5,519.0,518.9,518.3,517.6,517.2,26.1,-3.0,648.3,0.197,-0.167,-0.001,218.2,218.9,220.8,223.7,228.6,236.0,245.0,255.4,265.9,274.7,281.0,286.7,291.7,295.3,297.6,299.3,299.7,228.0,234.6,243.3,252.1,260.1,275.6,282.3,288.9,295.2,299.1,268.2,269.3,270.4,271.5,260.2,264.8,269.4,273.5,277.0,237.6,242.9,249.3,254.4,249.1,242.8,277.2,282.1,287.8,291.7,288.4,282.7,251.2,258.8,265.1,268.7,272.5,277.1,280.9,277.2,272.7,268.6,264.5,258.3,254.3,264.7,268.5,272.3,278.7,272.3,268.5,264.6,162.1,174.0,185.6,196.8,207.2,216.3,223.7,229.1,230.2,227.9,221.3,213.2,204.0,193.8,183.2,172.2,161.0,154.9,149.9,148.6,149.8,152.6,151.8,148.6,147.1,147.8,152.0,161.1,168.9,176.7,184.8,190.0,191.4,192.5,191.2,189.4,162.6,159.4,159.4,163.3,164.8,165.0,162.5,158.2,158.0,160.8,163.4,163.7,205.6,203.1,201.4,202.4,201.1,202.5,204.4,209.6,211.9,212.5,212.3,210.4,205.8,205.1,205.4,204.8,205.0,206.0,206.7,206.4,-55.1,-54.2,-51.2,-46.3,-37.7,-24.6,-8.7,9.2,27.3,42.8,55.0,66.3,75.8,82.2,86.2,88.9,89.6,-36.2,-25.2,-10.9,3.4,16.2,41.6,53.1,64.7,76.3,84.2,29.5,30.9,32.5,33.9,16.6,23.9,31.3,38.1,44.0,-20.4,-11.6,-1.2,7.3,-1.4,-11.9,45.3,53.8,63.6,70.9,64.7,54.8,2.1,14.3,24.5,30.5,36.8,44.9,52.3,45.2,37.3,30.4,23.7,13.7,7.1,24.0,30.3,36.7,48.3,36.7,30.2,23.9,-44.0,-23.6,-3.4,16.3,34.7,50.4,62.9,71.4,73.2,70.1,60.0,46.3,29.9,11.5,-7.8,-27.6,-47.8,-53.9,-61.3,-63.1,-60.7,-56.1,-57.9,-63.8,-67.3,-67.0,-60.8,-42.8,-29.8,-17.1,-4.3,4.0,6.3,8.1,5.9,3.1,-41.1,-46.0,-46.0,-39.8,-37.2,-36.9,-41.6,-49.0,-49.6,-45.5,-40.6,-39.9,30.2,25.5,22.6,24.3,22.3,24.9,28.7,36.7,40.1,40.9,40.5,37.6,30.4,28.9,29.3,28.4,29.4,30.4,31.4,30.9,677.3,681.0,685.4,688.0,687.7,684.7,678.6,670.4,669.3,678.3,693.0,704.9,709.8,708.8,706.6,704.5,703.6,644.4,637.7,632.9,628.9,627.0,634.2,641.6,650.4,659.8,670.1,632.9,627.1,620.9,615.1,632.1,630.9,630.4,633.6,637.6,644.0,640.7,641.0,642.5,641.4,641.2,651.3,653.5,657.5,664.1,658.1,654.2,650.3,639.5,635.6,636.8,638.8,647.7,661.1,649.7,642.6,640.1,639.3,642.3,647.9,638.8,639.5,642.1,657.1,641.9,639.3,638.9,0.597,0.204,-0.217,0.009,265.699,185.505,-4.941,8.9,-13.116,19.183,5.706,1.76,-5.142,3.243,4.771,-3.154,0.081,1.375,0.688,-1.642,-0.934,0.009,0.769,1.23,-0.972,-0.655,0.33,-0.229,-0.267,-0.464,0.192,-0.113,0.106,0.044,-0.094,-0.01,-0.021,-0.001,0.002,0.001,0.47,0.0,0.0,0.96,0.0,0.0,0.0,0.0,0.0,0.24,0.0,0.0,0.0,0.0,0.0,0.0,0.0,0.0,1.0,0.0,1.0,0.0,0.0,0.0,0.0,0.0,0.0,0.0,0.0,0.0,0.0,0.0,0.0,1.0,0.0
PP133,g1,1550,0,0.975,0.185233,0.169957,-0.967886,0.036957,0.169674,-0.984807,0.113,0.172,241.9,243.2,246.5,249.7,251.1,250.0,246.5,243.3,237.6,239.6,242.5,246.0,249.6,252.3,254.2,252.0,249.0,245.7,242.5,239.7,245.1,246.5,247.9,248.5,247.9,246.5,245.1,244.5,280.1,281.0,283.8,286.9,288.4,287.5,284.7,281.4,277.0,279.0,281.6,285.0,288.0,290.1,291.4,290.3,288.3,285.7,282.6,279.5,282.9,284.2,285.5,285.8,285.2,283.8,282.6,282.2,161.1,157.8,156.4,157.7,161.0,164.6,165.8,164.4,162.7,160.8,159.6,158.9,159.5,161.0,163.2,164.4,164.8,165.1,164.9,164.1,162.6,163.2,162.6,161.1,159.7,159.1,159.8,161.2,160.0,156.7,155.2,156.4,159.5,162.7,164.2,163.4,162.4,160.1,158.4,157.5,157.9,159.0,160.8,162.3,163.2,163.6,163.6,163.4,161.3,161.8,161.2,159.7,158.4,157.9,158.5,160.0,-10.4,-8.7,-4.6,-0.4,1.4,-0.0,-4.5,-8.6,-16.0,-13.4,-9.7,-5.1,-0.6,2.9,5.4,2.6,-1.3,-5.5,-9.6,-13.3,-6.3,-4.5,-2.6,-1.9,-2.7,-4.5,-6.3,-7.1,39.6,40.9,44.7,48.9,50.9,49.7,45.8,41.3,35.6,38.1,41.6,46.1,50.3,53.5,55.6,53.7,50.8,47.1,42.9,38.8,43.5,45.3,47.0,47.5,46.6,44.8,43.1,42.6,-33.9,-38.2,-40.0,-38.3,-34.0,-29.4,-27.9,-29.6,-32.1,-34.4,-35.9,-36.6,-35.8,-34.0,-31.4,-29.7,-29.0,-28.7,-29.1,-30.1,-32.0,-31.2,-32.0,-33.9,-35.8,-36.5,-35.7,-33.9,-36.2,-40.6,-42.7,-41.3,-37.2,-32.8,-30.7,-31.8,-33.1,-36.1,-38.3,-39.5,-39.2,-38.0,-35.8,-33.6,-32.2,-31.5,-31.4,-31.8,-34.6,-34.0,-34.9,-36.8,-38.6,-39.2,-38.3,-36.4,502.1,502.5,502.6,502.3,501.8,501.6,501.3,501.6,506.4,503.8,501.3,500.1,500.6,502.0,503.6,502.0,500.5,500.3,501.5,503.8,502.6,502.5,502.5,502.7,502.9,503.1,503.0,502.9,514.3,515.3,517.0,518.2,518.4,517.4,515.8,514.6,514.7,514.0,513.8,514.8,517.4,520.9,524.2,520.9,517.6,515.2,514.1,514.2,516.3,516.9,517.6,518.0,517.9,517.4,516.7,516.2,26.1,-2.7,646.6,0.185,-0.163,-0.006,218.2,219.0,221.0,223.9,228.8,236.2,245.2,255.7,266.3,275.0,281.3,287.0,291.8,295.3,297.6,299.3,299.7,227.9,234.4,243.1,251.9,259.9,275.3,282.0,288.6,295.0,298.9,268.0,269.1,270.3,271.4,260.2,264.8,269.4,273.4,276.9,237.5,242.8,249.1,254.3,249.0,242.6,277.0,282.0,287.7,291.6,288.2,282.6,251.4,258.8,265.1,268.8,272.6,277.2,281.0,277.4,272.9,268.7,264.6,258.4,254.4,264.8,268.6,272.4,278.8,272.5,268.6,264.7,162.4,174.3,186.0,197.2,207.8,216.9,224.4,229.8,230.9,228.5,222.0,213.8,204.6,194.4,183.6,172.5,161.3,155.0,150.0,148.6,149.8,152.6,151.8,148.6,147.1,147.8,152.1,161.0,168.8,176.7,184.7,190.0,191.4,192.6,191.2,189.4,162.6,159.5,159.4,163.3,164.8,165.0,162.5,158.1,158.0,160.7,163.3,163.6,205.9,203.2,201.5,202.5,201.2,202.6,204.6,209.8,212.0,212.7,212.5,210.6,206.1,205.2,205.5,204.9,205.1,206.2,206.9,206.6,-55.0,-54.0,-50.8,-45.9,-37.2,-24.1,-8.3,9.7,27.8,43.3,55.4,66.6,75.8,82.0,85.9,88.6,89.2,-36.4,-25.5,-11.1,3.1,15.9,41.1,52.6,64.2,75.8,83.7,29.2,30.6,32.2,33.7,16.5,23.8,31.2,37.9,43.9,-20.5,-11.8,-1.5,7.1,-1.6,-12.0,44.9,53.4,63.3,70.5,64.3,54.5,2.3,14.4,24.5,30.5,36.9,45.0,52.3,45.4,37.5,30.6,23.8,13.9,7.3,24.1,30.3,36.8,48.3,36.8,30.3,23.9,-43.5,-23.0,-2.7,17.0,35.6,51.4,63.9,72.4,74.1,71.0,61.0,47.4,30.9,12.4,-7.0,-26.9,-47.1,-53.6,-61.2,-63.0,-60.6,-56.0,-57.8,-63.7,-67.2,-66.9,-60.6,-42.9,-29.9,-17.2,-4.4,4.1,6.4,8.2,5.9,3.1,-40.9,-45.9,-46.0,-39.8,-37.2,-36.8,-41.6,-49.0,-49.6,-45.4,-40.6,-39.9,30.5,25.7,22.7,24.4,22.4,25.0,28.9,37.0,40.3,41.1,40.7,37.9,30.7,28.9,29.3,28.5,29.6,30.6,31.7,31.2,676.5,680.2,684.4,686.8,686.3,683.1,676.8,668.3,667.1,676.2,691.0,703.0,708.0,706.9,704.8,702.6,701.7,643.8,637.1,632.2,628.2,626.2,633.2,640.5,649.3,658.7,669.0,631.8,625.8,619.4,613.4,630.6,629.2,628.6,631.9,635.9,643.2,639.9,640.2,641.5,640.6,640.3,650.2,652.5,656.4,662.8,656.8,653.0,648.5,637.6,633.8,634.9,636.9,645.8,659.0,647.6,640.6,638.1,637.3,640.3,646.0,636.9,637.5,640.2,655.0,640.1,637.5,637.1,0.599,0.193,-0.212,0.004,265.706,185.678,-5.165,9.399,-12.931,20.589,4.503,2.182,-4.685,3.855,5.008,-3.737,0.042,0.927,0.344,-1.564,-0.776,-0.077,0.631,1.425,-0.999,-0.583,0.247,-0.111,-0.342,-0.524,0.225,-0.055,0.095,0.042,-0.094,-0.015,-0.033,-0.015,0.008,0.003,0.6,0.11,0.0,1.05,0.0,0.0,0.0,0.0,0.0,0.36,0.0,0.0,0.0,0.0,0.0,0.0,0.0,0.0,1.0,0.0,1.0,0.0,0.0,0.0,0.0,0.0,0.0,0.0,0.0,0.0,0.0,0.0,0.0,1.0,0.0
PP133,g1,1556,0,0.975,0.180589,0.162269,-0.970081,0.039056,0.162583,-0.985922,0.112,0.165,242.2,243.5,246.7,250.0,251.4,250.3,246.9,243.6,238.0,239.9,242.8,246.3,249.9,252.6,254.5,252.4,249.3,246.0,242.9,240.1,245.5,246.9,248.3,248.8,248.2,246.8,245.4,244.8,280.4,281.2,284.0,287.1,288.7,287.8,285.0,281.7,277.3,279.2,281.9,285.3,288.3,290.4,291.7,290.5,288.6,286.0,282.9,279.7,283.2,284.5,285.7,286.1,285.4,284.1,282.9,282.5,161.5,158.2,156.7,158.0,161.3,164.8,166.0,164.8,163.1,161.2,159.9,159.2,159.8,161.3,163.4,164.6,165.1,165.4,165.2,164.5,162.9,163.5,162.9,161.4,160.0,159.4,160.1,161.5,160.1,156.8,155.3,156.5,159.6,162.8,164.3,163.5,162.5,160.2,158.5,157.6,158.0,159.1,160.9,162.4,163.3,163.7,163.7,163.5,161.4,161.9,161.3,159.8,158.5,158.0,158.6,160.1,-10.0,-8.3,-4.2,-0.0,1.8,0.4,-4.0,-8.2,-15.5,-13.0,-9.3,-4.8,-0.2,3.3,5.8,3.0,-0.9,-5.1,-9.2,-12.8,-5.9,-4.0,-2.2,-1.5,-2.3,-4.1,-5.9,-6.6,40.0,41.2,45.1,49.2,51.3,50.0,46.2,41.7,36.0,38.5,42.0,46.5,50.7,53.9,55.9,54.1,51.2,47.5,43.3,39.2,43.8,45.7,47.3,47.9,47.0,45.2,43.5,42.9,-33.5,-37.8,-39.6,-38.0,-33.7,-29.1,-27.6,-29.2,-31.7,-34.0,-35.5,-36.2,-35.5,-33.7,-31.1,-29.4,-28.7,-28.3,-28.7,-29.7,-31.6,-30.9,-31.7,-33.6,-35.4,-36.2,-35.4,-33.5,-36.1,-40.4,-42.6,-41.2,-37.1,-32.7,-30.6,-31.6,-33.0,-35.9,-38.1,-39.4,-39.0,-37.8,-35.7,-33.5,-32.1,-31.4,-31.3,-31.6,-34.5,-33.9,-34.8,-36.7,-38.5,-39.1,-38.2,-36.3,502.5,502.9,502.9,502.5,502.0,501.9,501.6,502.0,506.8,504.2,501.7,500.4,500.9,502.2,503.8,502.3,500.8,500.6,501.9,504.2,503.0,502.8,502.8,503.0,503.2,503.4,503.3,503.2,514.4,515.4,517.1,518.3,518.5,517.5,515.8,514.7,514.8,514.0,513.9,514.9,517.6,521.0,524.3,521.0,517.7,515.3,514.1,514.2,516.4,516.9,517.7,518.1,518.0,517.5,516.8,516.3,27.0,-2.1,643.8,0.17,-0.16,-0.017,218.5,219.3,221.5,224.6,229.7,237.3,246.4,257.0,267.7,276.4,282.7,288.1,292.7,296.0,298.1,299.7,299.9,228.1,234.5,243.3,252.0,260.0,275.6,282.3,288.8,295.1,299.0,268.4,269.5,270.8,272.1,260.8,265.4,270.1,274.1,277.6,237.9,243.1,249.4,254.6,249.3,243.0,277.3,282.2,287.9,291.8,288.5,282.9,252.5,259.8,265.9,269.6,273.4,278.0,281.7,278.2,273.9,269.7,265.7,259.6,255.5,265.7,269.5,273.3,279.5,273.4,269.5,265.7,162.9,174.9,186.7,198.1,208.8,218.0,225.6,231.0,231.9,229.4,222.7,214.4,205.0,194.7,183.9,172.8,161.6,155.5,150.3,148.9,150.0,152.8,152.0,148.8,147.2,148.0,152.3,161.1,169.0,176.8,184.9,190.3,191.7,192.8,191.4,189.6,163.0,159.8,159.7,163.5,165.1,165.4,162.6,158.3,158.1,160.8,163.4,163.7,206.6,203.7,201.9,202.8,201.5,203.0,205.1,210.1,212.3,213.0,212.8,211.1,206.7,205.6,205.8,205.2,205.6,206.4,207.2,206.9,-54.5,-53.3,-49.8,-44.5,-35.5,-22.2,-6.3,11.9,30.0,45.5,57.6,68.3,77.1,82.8,86.4,88.9,89.2,-35.9,-25.2,-10.9,3.3,16.0,41.4,52.8,64.4,75.9,83.7,29.6,31.2,32.8,34.5,17.4,24.8,32.2,38.9,44.7,-19.8,-11.3,-1.0,7.6,-1.1,-11.4,45.2,53.7,63.5,70.7,64.6,54.8,4.1,15.9,25.7,31.8,38.0,46.0,53.3,46.6,38.9,32.1,25.4,15.6,9.1,25.5,31.7,38.0,49.2,38.1,31.7,25.4,-42.5,-21.9,-1.4,18.6,37.3,53.2,65.7,74.0,75.5,72.3,62.1,48.2,31.5,12.9,-6.4,-26.3,-46.4,-52.5,-60.4,-62.3,-60.1,-55.5,-57.4,-63.3,-66.7,-66.5,-60.2,-42.6,-29.6,-16.9,-4.1,4.6,6.8,8.6,6.3,3.3,-40.2,-45.3,-45.4,-39.3,-36.6,-36.1,-41.4,-48.7,-49.3,-45.1,-40.4,-39.7,31.5,26.3,23.2,24.8,22.8,25.4,29.5,37.2,40.4,41.4,41.1,38.5,31.6,29.4,29.8,28.8,30.1,30.8,32.0,31.5,675.0,678.8,683.0,685.2,684.2,680.6,673.9,665.1,664.0,673.3,688.4,700.5,705.3,704.0,701.5,699.1,698.2,641.7,635.1,630.2,626.2,624.3,631.3,638.7,647.4,656.8,667.0,629.8,623.5,616.8,610.6,628.0,626.5,625.8,629.1,633.2,640.9,637.8,638.1,639.4,638.4,638.1,648.3,650.6,654.5,660.9,654.9,651.1,645.1,634.2,630.7,631.9,634.0,642.7,655.7,644.2,637.2,634.6,633.8,636.6,642.6,633.8,634.4,637.2,651.5,636.9,634.2,633.7,0.601,0.18,-0.211,-0.008,266.344,186.065,-4.222,12.277,-13.837,21.997,2.555,2.639,-4.607,4.487,5.351,-5.007,-0.225,0.667,0.119,-1.623,-0.197,-0.521,0.398,1.435,-0.948,-0.594,0.132,0.055,-0.55,-0.753,0.252,0.058,0.141,0.045,-0.099,-0.028,-0.034,-0.022,0.007,0.002,0.71,0.07,0.0,1.05,0.0,0.0,0.0,0.0,0.0,0.06,0.0,0.0,0.0,0.0,0.0,0.0,0.0,0.0,1.0,0.0,1.0,0.0,0.0,0.0,0.0,0.0,0.0,0.0,0.0,0.0,0.0,0.0,0.0,1.0,0.0
PP133,g1,1562,0,0.975,0.182045,0.163486,-0.969604,0.038885,0.163956,-0.985701,0.113,0.166,242.3,243.6,246.8,250.1,251.5,250.4,246.9,243.7,238.1,240.0,242.8,246.4,249.9,252.7,254.6,252.4,249.4,246.1,242.9,240.1,245.5,246.9,248.3,248.9,248.3,246.9,245.5,244.9,280.5,281.4,284.2,287.2,288.8,287.9,285.1,281.8,277.4,279.4,282.0,285.4,288.4,290.5,291.8,290.7,288.7,286.1,283.0,279.9,283.3,284.6,285.9,286.2,285.6,284.2,283.0,282.6,161.5,158.1,156.7,158.0,161.3,164.9,166.1,164.8,163.1,161.2,159.9,159.2,159.8,161.3,163.4,164.6,165.1,165.4,165.2,164.5,162.9,163.5,162.9,161.4,160.0,159.4,160.0,161.5,160.2,156.9,155.4,156.6,159.7,162.9,164.4,163.6,162.5,160.3,158.6,157.7,158.1,159.2,161.0,162.5,163.4,163.8,163.8,163.5,161.5,162.0,161.3,159.9,158.5,158.1,158.7,160.1,-9.9,-8.2,-4.1,0.1,1.9,0.5,-3.9,-8.1,-15.5,-12.9,-9.2,-4.7,-0.1,3.4,5.9,3.1,-0.8,-5.0,-9.1,-12.8,-5.8,-3.9,-2.1,-1.4,-2.2,-4.0,-5.8,-6.6,40.1,41.3,45.2,49.4,51.4,50.1,46.3,41.8,36.1,38.6,42.1,46.6,50.8,54.0,56.0,54.2,51.3,47.6,43.4,39.3,43.9,45.8,47.4,48.0,47.1,45.3,43.6,43.0,-33.4,-37.7,-39.6,-37.9,-33.6,-29.0,-27.5,-29.2,-31.6,-33.9,-35.4,-36.2,-35.4,-33.6,-31.0,-29.3,-28.6,-28.3,-28.6,-29.6,-31.5,-30.8,-31.6,-33.5,-35.4,-36.1,-35.3,-33.4,-35.9,-40.3,-42.4,-41.0,-36.9,-32.5,-30.4,-31.5,-32.9,-35.8,-38.0,-39.2,-38.9,-37.7,-35.5,-33.3,-32.0,-31.2,-31.2,-31.5,-34.3,-33.7,-34.6,-36.5,-38.3,-39.0,-38.0,-36.1,501.3,501.7,501.7,501.4,500.9,500.7,500.5,500.8,505.6,503.0,500.5,499.2,499.7,501.0,502.6,501.1,499.7,499.5,500.7,503.0,501.8,501.6,501.6,501.8,502.0,502.2,502.2,502.0,513.7,514.7,516.3,517.6,517.8,516.7,515.1,514.0,514.1,513.3,513.1,514.1,516.8,520.3,523.6,520.3,517.0,514.5,513.4,513.5,515.7,516.2,516.9,517.4,517.3,516.7,516.0,515.6,27.1,-2.1,643.7,0.171,-0.161,-0.015,218.5,219.3,221.4,224.5,229.6,237.1,246.3,256.8,267.5,276.3,282.5,288.1,292.7,296.0,298.2,299.8,300.1,228.2,234.6,243.4,252.2,260.2,275.8,282.5,289.0,295.3,299.2,268.5,269.6,270.8,272.1,260.9,265.4,270.1,274.1,277.6,237.9,243.1,249.5,254.7,249.4,243.0,277.4,282.4,288.1,292.0,288.7,283.0,252.5,259.8,265.9,269.6,273.4,278.0,281.7,278.2,273.8,269.7,265.6,259.6,255.5,265.7,269.5,273.3,279.5,273.3,269.5,265.6,162.9,174.9,186.7,198.0,208.7,217.9,225.5,230.8,231.8,229.3,222.7,214.3,205.0,194.7,183.9,172.8,161.6,155.4,150.3,148.8,150.0,152.8,152.0,148.8,147.3,148.0,152.3,161.1,169.0,176.8,184.9,190.4,191.7,192.8,191.4,189.6,163.0,159.8,159.7,163.5,165.1,165.4,162.7,158.3,158.2,160.9,163.5,163.8,206.6,203.7,201.9,202.8,201.5,203.0,205.1,210.1,212.3,213.0,212.8,211.1,206.7,205.7,205.8,205.2,205.6,206.4,207.2,206.9,-54.4,-53.3,-49.9,-44.7,-35.7,-22.4,-6.5,11.6,29.8,45.3,57.3,68.2,77.1,82.9,86.6,89.1,89.5,-35.8,-24.9,-10.6,3.5,16.3,41.7,53.1,64.7,76.2,84.0,29.7,31.3,32.9,34.5,17.5,24.8,32.1,38.9,44.7,-19.8,-11.2,-0.9,7.7,-1.0,-11.4,45.4,53.9,63.7,71.0,64.8,55.0,4.1,16.0,25.7,31.8,38.0,46.0,53.2,46.5,38.8,32.0,25.4,15.6,9.1,25.4,31.6,38.0,49.1,38.1,31.7,25.4,-42.5,-21.9,-1.4,18.5,37.2,53.0,65.5,73.8,75.3,72.1,62.0,48.1,31.5,12.9,-6.4,-26.3,-46.4,-52.7,-60.5,-62.4,-60.1,-55.4,-57.3,-63.2,-66.6,-66.4,-60.0,-42.5,-29.5,-16.8,-4.1,4.6,6.8,8.6,6.3,3.4,-40.2,-45.3,-45.4,-39.2,-36.6,-36.1,-41.2,-48.6,-49.1,-45.0,-40.2,-39.5,31.5,26.3,23.2,24.8,22.7,25.5,29.6,37.3,40.5,41.4,41.1,38.5,31.6,29.5,29.8,28.9,30.2,30.9,32.0,31.5,674.7,678.5,682.7,684.9,684.0,680.4,673.8,665.1,664.0,673.3,688.3,700.4,705.3,703.9,701.6,699.2,698.3,641.5,634.8,629.9,626.0,624.1,631.0,638.5,647.2,656.7,667.0,629.6,623.4,616.7,610.6,627.8,626.4,625.8,629.0,633.1,640.8,637.6,637.9,639.2,638.2,638.0,648.1,650.4,654.4,660.8,654.8,650.9,645.0,634.1,630.5,631.7,633.8,642.5,655.6,644.1,637.1,634.6,633.8,636.6,642.5,633.7,634.3,637.1,651.4,636.8,634.1,633.6,0.601,0.182,-0.212,-0.006,266.372,186.068,-4.057,11.902,-14.065,21.646,2.972,2.128,-4.622,4.263,5.163,-5.035,-0.007,0.519,0.074,-1.67,-0.167,-0.496,0.394,1.332,-0.845,-0.621,0.201,0.065,-0.557,-0.716,0.258,0.044,0.165,0.039,-0.098,-0.03,-0.033,-0.021,0.01,0.002,0.62,0.28,0.0,0.81,0.0,0.0,0.0,0.0,0.0,0.19,0.0,0.0,0.0,0.0,0.0,0.0,0.0,0.0,1.0,0.0,1.0,0.0,0.0,0.0,0.0,0.0,0.0,0.0,0.0,0.0,0.0,0.0,0.0,1.0,0.0
PP133,g1,1568,0,0.975,0.188852,0.18452,-0.964514,0.035217,0.183791,-0.982334,0.115,0.187,242.3,243.7,246.9,250.2,251.5,250.4,246.9,243.7,238.0,240.0,242.9,246.5,250.0,252.7,254.6,252.4,249.4,246.1,242.9,240.0,245.5,246.9,248.3,248.9,248.3,246.9,245.5,244.9,280.6,281.6,284.4,287.4,289.0,288.0,285.2,281.9,277.6,279.5,282.2,285.6,288.6,290.7,292.0,290.8,288.9,286.2,283.2,280.0,283.4,284.8,286.0,286.4,285.7,284.4,283.2,282.8,161.3,158.0,156.7,158.0,161.3,164.9,166.0,164.7,162.9,161.0,159.8,159.2,159.8,161.3,163.5,164.7,165.1,165.3,165.1,164.3,162.9,163.5,162.9,161.4,160.0,159.4,160.0,161.4,160.4,157.1,155.6,156.8,159.9,163.2,164.7,163.8,162.8,160.5,158.8,158.0,158.4,159.4,161.2,162.7,163.6,164.0,164.0,163.8,161.7,162.2,161.6,160.1,158.8,158.3,158.9,160.4,-9.9,-8.1,-4.0,0.2,1.9,0.5,-4.0,-8.1,-15.5,-12.9,-9.1,-4.5,0.0,3.5,5.9,3.1,-0.8,-5.0,-9.1,-12.8,-5.8,-4.0,-2.1,-1.4,-2.1,-4.0,-5.8,-6.5,40.4,41.6,45.5,49.7,51.7,50.4,46.5,42.1,36.3,38.8,42.4,46.9,51.1,54.3,56.3,54.5,51.5,47.8,43.6,39.5,44.2,46.0,47.7,48.3,47.4,45.6,43.9,43.3,-33.6,-37.8,-39.6,-37.9,-33.6,-29.0,-27.5,-29.3,-31.9,-34.1,-35.5,-36.2,-35.4,-33.6,-30.9,-29.3,-28.6,-28.4,-28.8,-29.9,-31.6,-30.9,-31.7,-33.5,-35.4,-36.2,-35.4,-33.5,-35.7,-40.0,-42.2,-40.7,-36.6,-32.2,-30.2,-31.2,-32.6,-35.5,-37.7,-38.9,-38.6,-37.4,-35.3,-33.1,-31.7,-30.9,-30.9,-31.2,-34.1,-33.5,-34.4,-36.3,-38.1,-38.7,-37.8,-35.9,501.4,501.8,501.9,501.6,501.2,501.0,500.7,500.9,505.6,503.0,500.6,499.4,500.0,501.4,503.0,501.4,499.9,499.6,500.8,503.0,501.9,501.8,501.9,502.1,502.3,502.4,502.3,502.2,514.4,515.3,516.9,518.2,518.4,517.5,515.9,514.7,514.8,514.0,513.8,514.8,517.4,520.9,524.3,521.0,517.7,515.3,514.1,514.3,516.4,516.9,517.6,518.0,517.9,517.4,516.7,516.3,26.4,-2.4,647.0,0.206,-0.164,0.004,218.4,219.1,220.9,223.7,228.6,236.0,245.0,255.4,266.0,274.7,281.1,286.9,291.9,295.6,298.0,299.7,300.3,228.3,234.9,243.7,252.5,260.5,276.0,282.8,289.4,295.7,299.6,268.6,269.6,270.7,271.7,260.4,265.0,269.5,273.6,277.1,237.9,243.2,249.5,254.7,249.4,243.0,277.5,282.5,288.2,292.1,288.8,283.1,251.3,258.8,265.1,268.8,272.6,277.2,281.0,277.3,272.7,268.6,264.5,258.3,254.3,264.8,268.6,272.4,278.8,272.4,268.5,264.6,162.2,174.0,185.6,196.8,207.3,216.4,224.0,229.5,230.6,228.3,221.7,213.5,204.3,194.2,183.5,172.5,161.2,154.9,150.1,148.9,150.2,153.0,152.3,149.1,147.5,148.2,152.4,161.5,169.4,177.3,185.4,190.4,191.9,193.0,191.7,189.9,162.8,159.7,159.7,163.6,165.1,165.3,162.9,158.6,158.4,161.1,163.8,164.0,205.9,203.5,201.8,202.8,201.6,202.9,204.8,210.1,212.4,213.0,212.7,210.8,206.1,205.5,205.8,205.2,205.3,206.5,207.2,206.9,-54.6,-53.8,-51.0,-46.2,-37.6,-24.5,-8.7,9.3,27.3,42.8,55.1,66.4,76.1,82.6,86.7,89.5,90.3,-35.6,-24.5,-10.2,4.0,16.8,42.1,53.7,65.3,76.9,84.8,30.0,31.3,32.8,34.2,16.8,24.1,31.5,38.2,44.2,-19.9,-11.1,-0.7,7.7,-1.0,-11.4,45.8,54.3,64.2,71.4,65.1,55.3,2.1,14.4,24.6,30.6,37.0,45.1,52.4,45.3,37.4,30.5,23.7,13.6,7.1,24.1,30.4,36.8,48.4,36.8,30.3,23.9,-43.8,-23.5,-3.3,16.3,34.8,50.6,63.3,72.0,73.8,70.7,60.5,46.8,30.5,12.1,-7.2,-27.0,-47.2,-53.6,-60.9,-62.4,-59.9,-55.2,-56.9,-62.9,-66.4,-66.1,-60.0,-42.0,-29.0,-16.2,-3.4,4.7,7.0,8.9,6.7,3.9,-40.7,-45.5,-45.5,-39.2,-36.7,-36.4,-40.9,-48.3,-48.8,-44.7,-39.9,-39.2,30.6,26.1,23.3,25.0,23.0,25.6,29.2,37.5,40.8,41.7,41.2,38.2,30.8,29.5,29.9,29.1,29.9,31.2,32.2,31.7,675.6,679.5,684.0,686.8,686.6,683.7,677.7,669.5,668.5,677.5,692.1,703.7,708.5,707.3,705.1,702.8,701.7,642.6,635.8,631.0,627.1,625.2,632.2,639.5,648.3,657.8,668.2,631.1,625.4,619.3,613.7,630.7,629.5,629.1,632.3,636.2,642.4,639.0,639.3,640.8,639.8,639.6,649.5,651.7,655.6,662.2,656.2,652.4,649.2,638.4,634.5,635.6,637.6,646.6,659.9,648.7,641.7,639.3,638.4,641.4,646.9,637.7,638.4,641.0,656.0,640.9,638.4,637.9,0.598,0.214,-0.214,0.014,265.909,185.858,-5.354,8.808,-12.677,18.835,6.005,1.861,-4.9,3.251,4.757,-3.309,0.41,1.065,0.515,-1.686,-0.783,0.01,0.554,1.356,-0.944,-0.64,0.241,-0.249,-0.229,-0.411,0.149,-0.112,0.147,0.031,-0.093,-0.01,-0.026,0.004,0.011,0.001,0.52,0.04,0.0,1.01,0.0,0.0,0.0,0.0,0.0,0.26,0.0,0.0,0.0,0.0,0.0,0.0,0.0,0.0,1.0,0.0,1.0,0.0,0.0,0.0,0.0,0.0,0.0,0.0,0.0,0.0,0.0,0.0,0.0,1.0,0.0
PP133,g1,1574,0,0.975,0.190962,0.184524,-0.964098,0.036205,0.184049,-0.98225,0.116,0.187,242.4,243.7,247.0,250.2,251.6,250.4,247.0,243.7,238.0,240.0,242.9,246.5,250.1,252.8,254.6,252.5,249.4,246.1,242.9,240.1,245.6,247.0,248.4,249.0,248.4,247.0,245.6,245.0,280.7,281.6,284.4,287.4,289.0,288.1,285.3,281.9,277.6,279.5,282.2,285.6,288.6,290.7,292.0,290.8,288.9,286.3,283.2,280.0,283.5,284.8,286.0,286.4,285.7,284.4,283.2,282.8,161.2,157.8,156.4,157.8,161.1,164.7,165.8,164.5,162.7,160.8,159.6,159.0,159.6,161.1,163.3,164.5,164.9,165.2,164.9,164.1,162.7,163.3,162.7,161.2,159.8,159.2,159.8,161.2,160.1,156.8,155.3,156.4,159.5,162.8,164.3,163.5,162.5,160.2,158.5,157.6,158.0,159.1,160.8,162.4,163.3,163.7,163.7,163.5,161.4,161.9,161.2,159.8,158.4,157.9,158.6,160.0,-9.8,-8.1,-3.9,0.3,2.0,0.6,-3.9,-8.0,-15.5,-12.8,-9.0,-4.5,0.1,3.5,5.9,3.2,-0.7,-4.9,-9.0,-12.7,-5.7,-3.9,-2.1,-1.3,-2.1,-3.9,-5.7,-6.5,40.3,41.5,45.4,49.6,51.6,50.3,46.5,42.0,36.3,38.7,42.3,46.8,51.0,54.2,56.2,54.4,51.4,47.7,43.6,39.4,44.1,46.0,47.6,48.2,47.3,45.5,43.8,43.2,-33.7,-38.0,-39.8,-38.1,-33.8,-29.2,-27.7,-29.5,-32.1,-34.3,-35.7,-36.4,-35.6,-33.8,-31.1,-29.5,-28.8,-28.5,-28.9,-30.0,-31.8,-31.1,-31.8,-33.7,-35.6,-36.4,-35.6,-33.7,-36.0,-40.4,-42.5,-41.1,-37.0,-32.6,-30.5,-31.6,-32.9,-35.9,-38.1,-39.3,-39.0,-37.9,-35.7,-33.5,-32.1,-31.3,-31.2,-31.6,-34.4,-33.8,-34.8,-36.7,-38.5,-39.1,-38.2,-36.2,500.2,500.6,500.7,500.5,500.0,499.9,499.5,499.8,504.4,501.8,499.4,498.2,498.8,500.2,501.9,500.3,498.8,498.5,499.6,501.8,500.8,500.7,500.7,500.9,501.1,501.2,501.2,501.0,513.3,514.3,515.9,517.2,517.4,516.5,514.9,513.7,513.8,513.0,512.8,513.8,516.4,519.9,523.2,520.0,516.7,514.3,513.2,513.3,515.4,515.9,516.6,517.0,516.9,516.4,515.7,515.3,26.7,-3.0,647.6,0.208,-0.165,-0.001,218.3,219.0,221.0,223.9,228.8,236.3,245.4,255.7,266.2,275.0,281.3,287.1,292.1,295.7,298.1,299.8,300.2,228.2,234.8,243.6,252.5,260.5,276.0,282.7,289.3,295.7,299.5,268.6,269.6,270.8,271.9,260.6,265.1,269.7,273.8,277.3,237.9,243.2,249.6,254.8,249.5,243.1,277.5,282.5,288.2,292.1,288.8,283.1,251.5,259.0,265.4,269.0,272.8,277.4,281.2,277.4,272.9,268.8,264.7,258.6,254.6,265.0,268.8,272.6,279.0,272.6,268.8,264.9,161.9,173.7,185.4,196.5,207.0,216.1,223.5,228.9,230.0,227.6,220.9,212.8,203.6,193.5,182.9,172.0,160.8,154.9,149.9,148.6,149.9,152.7,152.0,148.7,147.1,147.8,152.0,161.2,169.1,176.9,184.9,190.1,191.5,192.6,191.3,189.5,162.6,159.5,159.5,163.4,164.9,165.1,162.6,158.2,158.0,160.8,163.4,163.7,205.6,203.1,201.5,202.5,201.2,202.6,204.4,209.6,212.0,212.6,212.4,210.4,205.8,205.2,205.4,204.8,204.9,206.1,206.8,206.5,-54.8,-53.9,-50.9,-46.0,-37.3,-24.0,-8.1,9.8,27.8,43.3,55.6,66.9,76.5,82.9,86.9,89.6,90.3,-35.8,-24.8,-10.3,4.0,16.9,42.1,53.6,65.3,77.0,84.8,30.1,31.5,33.0,34.4,17.1,24.4,31.8,38.5,44.4,-19.9,-11.1,-0.7,7.8,-0.9,-11.4,45.8,54.3,64.2,71.5,65.3,55.4,2.6,14.8,25.0,31.0,37.3,45.4,52.7,45.6,37.7,30.9,24.1,14.1,7.5,24.5,30.7,37.2,48.7,37.1,30.7,24.3,-44.3,-24.0,-3.8,15.9,34.4,50.1,62.5,71.1,72.8,69.6,59.3,45.6,29.2,10.9,-8.3,-28.0,-48.0,-53.7,-61.2,-62.8,-60.4,-55.7,-57.6,-63.5,-67.1,-66.8,-60.8,-42.5,-29.5,-16.8,-4.0,4.2,6.5,8.3,6.1,3.3,-41.0,-45.9,-45.9,-39.6,-37.1,-36.7,-41.5,-48.9,-49.5,-45.4,-40.5,-39.7,30.1,25.6,22.7,24.4,22.4,24.9,28.6,36.8,40.2,41.1,40.7,37.7,30.4,28.9,29.3,28.5,29.3,30.6,31.6,31.1,676.5,680.4,684.9,687.6,687.4,684.5,678.5,670.4,669.4,678.3,692.9,704.5,709.1,708.0,705.8,703.7,702.8,643.2,636.4,631.5,627.5,625.6,632.7,640.1,649.0,658.5,668.9,631.7,626.1,619.9,614.3,631.4,630.2,629.7,632.9,636.7,642.8,639.4,639.7,641.3,640.3,640.0,650.2,652.3,656.3,663.0,657.0,653.1,649.7,639.0,635.0,636.2,638.2,647.2,660.5,649.4,642.4,640.0,639.1,642.1,647.4,638.3,639.0,641.6,656.6,641.6,639.0,638.5,0.598,0.215,-0.215,0.01,266.025,185.487,-4.323,9.461,-12.912,18.734,6.602,1.165,-4.915,3.2,4.853,-3.07,0.157,1.248,0.816,-1.434,-1.023,-0.114,0.67,1.244,-0.931,-0.642,0.365,-0.317,-0.275,-0.357,0.234,-0.171,0.118,0.05,-0.1,-0.01,-0.028,0.005,0.004,0.004,0.38,0.0,0.0,1.02,0.0,0.0,0.0,0.0,0.0,0.13,0.0,0.0,0.0,0.0,0.0,0.0,0.0,0.0,1.0,0.0,1.0,0.0,0.0,0.0,0.0,0.0,0.0,0.0,0.0,0.0,0.0,0.0,0.0,1.0,0.0
PP133,g1,1580,0,0.975,0.187511,0.17407,-0.966716,0.03779,0.174369,-0.983955,0.115,0.177,242.5,243.8,247.0,250.3,251.7,250.6,247.1,243.9,238.2,240.2,243.0,246.6,250.2,252.9,254.8,252.6,249.6,246.3,243.1,240.3,245.7,247.1,248.5,249.1,248.5,247.1,245.7,245.1,280.7,281.6,284.4,287.5,289.0,288.2,285.4,282.0,277.7,279.6,282.3,285.6,288.6,290.8,292.0,290.9,289.0,286.4,283.3,280.1,283.5,284.9,286.1,286.5,285.8,284.5,283.2,282.9,161.5,158.1,156.7,158.0,161.3,164.9,166.1,164.7,163.0,161.1,159.9,159.2,159.8,161.3,163.5,164.7,165.2,165.4,165.2,164.5,162.9,163.5,162.9,161.4,160.0,159.4,160.0,161.5,160.2,156.9,155.4,156.5,159.6,162.9,164.4,163.6,162.6,160.3,158.6,157.7,158.1,159.1,160.9,162.4,163.3,163.8,163.8,163.6,161.5,162.0,161.3,159.9,158.5,158.0,158.7,160.1,-9.6,-7.9,-3.8,0.4,2.1,0.8,-3.7,-7.9,-15.2,-12.6,-8.9,-4.4,0.2,3.7,6.1,3.4,-0.5,-4.7,-8.9,-12.5,-5.5,-3.7,-1.9,-1.1,-1.9,-3.7,-5.6,-6.3,40.4,41.7,45.5,49.7,51.7,50.5,46.6,42.2,36.4,38.9,42.4,46.9,51.1,54.3,56.4,54.5,51.6,47.9,43.8,39.6,44.3,46.1,47.8,48.3,47.4,45.6,43.9,43.4,-33.4,-37.7,-39.5,-37.8,-33.5,-28.9,-27.4,-29.1,-31.6,-33.9,-35.4,-36.1,-35.4,-33.5,-30.9,-29.2,-28.5,-28.2,-28.6,-29.6,-31.5,-30.8,-31.5,-33.4,-35.3,-36.0,-35.2,-33.4,-35.9,-40.3,-42.4,-41.1,-37.0,-32.6,-30.5,-31.5,-32.8,-35.8,-38.0,-39.2,-38.9,-37.8,-35.6,-33.4,-32.0,-31.2,-31.2,-31.5,-34.4,-33.7,-34.7,-36.6,-38.4,-39.0,-38.1,-36.1,500.6,500.9,501.0,500.7,500.2,500.1,499.8,500.1,504.8,502.2,499.7,498.5,499.0,500.4,502.0,500.5,499.0,498.7,499.9,502.2,501.1,500.9,501.0,501.1,501.3,501.5,501.4,501.3,513.7,514.7,516.3,517.6,517.8,516.8,515.2,514.1,514.2,513.4,513.2,514.2,516.9,520.3,523.7,520.4,517.1,514.6,513.5,513.6,515.7,516.3,517.0,517.4,517.3,516.8,516.1,515.6,27.2,-2.4,646.0,0.192,-0.166,-0.008,218.7,219.4,221.4,224.4,229.4,236.9,245.9,256.4,267.0,275.7,281.9,287.6,292.4,296.0,298.3,299.9,300.3,228.5,235.0,243.7,252.5,260.4,276.1,282.8,289.3,295.6,299.5,268.7,269.8,271.0,272.2,260.9,265.5,270.1,274.2,277.7,238.1,243.3,249.7,254.9,249.6,243.2,277.6,282.6,288.3,292.2,288.9,283.3,252.1,259.6,265.9,269.5,273.3,277.9,281.7,278.1,273.6,269.5,265.4,259.2,255.1,265.5,269.3,273.2,279.5,273.2,269.3,265.5,162.6,174.5,186.2,197.4,207.9,217.0,224.5,229.9,230.9,228.6,222.0,213.8,204.5,194.3,183.6,172.5,161.2,155.2,150.3,148.9,150.1,152.9,152.1,148.8,147.2,147.9,152.1,161.3,169.2,177.1,185.1,190.4,191.8,192.9,191.5,189.7,162.9,159.8,159.7,163.6,165.1,165.4,162.7,158.3,158.1,160.8,163.5,163.8,206.2,203.6,201.8,202.8,201.5,202.9,204.8,210.0,212.3,212.9,212.7,210.9,206.4,205.6,205.8,205.1,205.3,206.4,207.1,206.9,-54.2,-53.2,-50.0,-45.0,-36.2,-23.0,-7.0,11.0,29.0,44.5,56.5,67.6,76.9,83.1,87.0,89.6,90.2,-35.4,-24.4,-10.2,4.0,16.7,42.2,53.6,65.2,76.7,84.6,30.2,31.7,33.3,34.9,17.6,24.9,32.3,39.1,45.0,-19.6,-10.9,-0.5,8.0,-0.6,-11.1,45.9,54.4,64.3,71.5,65.3,55.5,3.5,15.7,25.7,31.7,38.0,46.1,53.4,46.5,38.7,31.8,25.1,15.1,8.5,25.3,31.5,37.9,49.4,38.0,31.5,25.2,-43.0,-22.6,-2.3,17.4,35.9,51.6,64.0,72.5,74.2,71.0,61.0,47.3,30.8,12.3,-7.1,-27.0,-47.2,-53.1,-60.6,-62.3,-60.0,-55.4,-57.3,-63.3,-66.8,-66.6,-60.5,-42.4,-29.3,-16.5,-3.7,4.7,6.9,8.7,6.5,3.6,-40.4,-45.4,-45.4,-39.2,-36.6,-36.2,-41.2,-48.7,-49.3,-45.2,-40.3,-39.6,31.0,26.2,23.2,24.8,22.8,25.4,29.2,37.3,40.6,41.5,41.1,38.3,31.2,29.4,29.8,28.9,29.9,31.0,32.0,31.6,675.1,679.0,683.3,685.9,685.6,682.5,676.4,668.0,667.0,676.0,690.8,702.8,707.7,706.6,704.3,702.0,701.0,642.1,635.5,630.7,626.8,624.9,632.1,639.5,648.3,657.6,667.9,630.8,624.9,618.6,612.8,629.9,628.5,628.0,631.3,635.2,641.8,638.6,638.9,640.3,639.3,639.1,649.2,651.5,655.4,661.9,655.9,652.1,647.9,637.1,633.2,634.4,636.4,645.4,658.7,647.3,640.2,637.7,636.9,639.8,645.5,636.4,637.1,639.7,654.6,639.6,637.0,636.6,0.599,0.201,-0.218,0.002,266.371,185.889,-5.0,9.413,-13.145,20.096,4.97,2.221,-4.689,4.082,4.853,-3.902,0.132,1.254,0.571,-1.812,-0.728,-0.094,0.742,1.302,-0.926,-0.677,0.21,-0.064,-0.377,-0.496,0.181,-0.015,0.102,0.041,-0.101,-0.013,-0.03,-0.006,0.005,0.005,0.15,0.0,0.0,0.78,0.0,0.0,0.0,0.0,0.0,0.02,0.0,0.0,0.0,0.0,0.0,0.0,0.0,0.0,1.0,0.0,1.0,0.0,0.0,0.0,0.0,0.0,0.0,0.0,0.0,0.0,0.0,0.0,0.0,1.0,0.0
PP133,g1,1586,0,0.975,0.181839,0.166205,-0.96918,0.039065,0.166979,-0.985186,0.113,0.169,243.2,244.5,247.7,251.0,252.4,251.4,247.9,244.6,239.0,240.9,243.8,247.3,250.9,253.6,255.6,253.4,250.4,247.1,243.9,241.0,246.5,247.9,249.3,249.9,249.3,247.8,246.4,245.8,281.4,282.3,285.1,288.1,289.7,288.8,286.0,282.7,278.3,280.3,282.9,286.3,289.3,291.4,292.7,291.6,289.6,287.0,283.9,280.8,284.2,285.5,286.8,287.1,286.5,285.1,283.9,283.5,162.0,158.7,157.2,158.5,161.8,165.4,166.6,165.3,163.6,161.7,160.4,159.8,160.3,161.8,163.9,165.2,165.7,166.0,165.8,165.1,163.5,164.1,163.4,162.0,160.5,160.0,160.6,162.1,160.6,157.4,155.8,157.0,160.1,163.3,164.9,164.0,163.0,160.7,159.0,158.1,158.5,159.6,161.4,162.9,163.8,164.2,164.2,164.0,161.9,162.4,161.8,160.3,159.0,158.5,159.1,160.6,-8.7,-7.0,-2.9,1.3,3.1,1.8,-2.7,-6.9,-14.2,-11.7,-8.0,-3.4,1.1,4.7,7.1,4.4,0.5,-3.8,-7.9,-11.5,-4.5,-2.7,-0.9,-0.2,-1.0,-2.8,-4.6,-5.3,41.2,42.4,46.3,50.5,52.5,51.3,47.4,42.9,37.2,39.7,43.2,47.7,51.9,55.1,57.2,55.3,52.4,48.7,44.5,40.4,45.1,46.9,48.6,49.1,48.2,46.4,44.7,44.2,-32.6,-36.9,-38.8,-37.1,-32.8,-28.2,-26.7,-28.4,-30.8,-33.1,-34.6,-35.4,-34.7,-32.9,-30.2,-28.6,-27.8,-27.5,-27.8,-28.8,-30.8,-30.0,-30.8,-32.7,-34.6,-35.3,-34.5,-32.6,-35.3,-39.7,-41.8,-40.4,-36.3,-31.9,-29.8,-30.9,-32.2,-35.1,-37.4,-38.6,-38.3,-37.1,-34.9,-32.7,-31.4,-30.6,-30.5,-30.8,-33.7,-33.1,-34.0,-35.9,-37.7,-38.3,-37.4,-35.5,500.0,500.4,500.4,500.1,499.6,499.5,499.2,499.5,504.3,501.7,499.2,497.9,498.4,499.8,501.4,499.8,498.4,498.2,499.4,501.7,500.5,500.4,500.4,500.5,500.7,500.9,500.9,500.7,512.9,513.9,515.5,516.8,517.0,516.0,514.4,513.2,513.3,512.5,512.4,513.4,516.1,519.6,522.9,519.6,516.3,513.8,512.7,512.8,514.9,515.5,516.2,516.6,516.5,516.0,515.3,514.8,28.6,-1.2,642.6,0.177,-0.163,-0.016,219.3,220.2,222.4,225.5,230.6,238.1,247.2,257.8,268.5,277.2,283.4,288.9,293.5,296.8,299.0,300.6,300.9,229.1,235.5,244.3,253.1,261.1,276.7,283.4,289.9,296.2,300.1,269.4,270.6,271.9,273.2,261.9,266.5,271.1,275.2,278.6,238.9,244.1,250.4,255.7,250.4,244.0,278.3,283.3,289.0,292.9,289.6,283.9,253.5,260.9,267.1,270.7,274.5,279.0,282.7,279.3,274.9,270.8,266.8,260.7,256.6,266.8,270.6,274.3,280.5,274.4,270.6,266.8,163.3,175.3,187.1,198.4,209.1,218.4,226.0,231.4,232.4,229.9,223.2,214.8,205.4,195.1,184.3,173.2,161.9,156.0,150.9,149.4,150.6,153.4,152.6,149.4,147.7,148.4,152.7,161.7,169.6,177.5,185.6,191.0,192.4,193.5,192.0,190.2,163.6,160.3,160.2,164.1,165.7,166.0,163.1,158.8,158.6,161.3,163.9,164.2,207.2,204.4,202.5,203.5,202.1,203.6,205.6,210.8,213.1,213.7,213.6,211.9,207.3,206.3,206.5,205.8,206.1,207.1,207.9,207.7,-52.8,-51.6,-48.2,-42.9,-34.0,-20.8,-4.8,13.3,31.4,46.9,58.9,69.7,78.5,84.3,87.9,90.4,90.8,-34.3,-23.5,-9.2,5.0,17.8,43.0,54.4,66.0,77.5,85.3,31.2,32.8,34.5,36.1,19.1,26.4,33.8,40.5,46.3,-18.2,-9.7,0.7,9.3,0.6,-9.8,46.8,55.3,65.1,72.3,66.2,56.4,5.8,17.7,27.5,33.5,39.6,47.6,54.8,48.2,40.5,33.8,27.2,17.4,10.8,27.2,33.3,39.6,50.8,39.7,33.4,27.2,-41.7,-21.2,-0.7,19.1,37.8,53.7,66.3,74.7,76.2,73.0,62.8,48.9,32.2,13.6,-5.7,-25.6,-45.7,-51.6,-59.4,-61.2,-58.9,-54.3,-56.2,-62.2,-65.7,-65.6,-59.3,-41.5,-28.5,-15.8,-3.0,5.6,7.8,9.5,7.3,4.3,-39.2,-44.2,-44.4,-38.3,-35.6,-35.1,-40.4,-47.7,-48.4,-44.2,-39.4,-38.7,32.5,27.4,24.2,25.8,23.7,26.4,30.4,38.3,41.6,42.6,42.3,39.6,32.5,30.4,30.7,29.8,31.0,32.0,33.1,32.7,672.9,676.9,681.1,683.4,682.8,679.4,673.0,664.5,663.5,672.7,687.7,699.7,704.6,703.2,700.7,698.3,697.2,639.8,633.0,628.1,624.2,622.3,629.4,636.9,645.7,655.3,665.7,628.1,621.9,615.3,609.2,626.6,625.2,624.6,627.8,632.0,639.2,636.0,636.3,637.7,636.7,636.5,646.7,649.0,653.0,659.5,653.5,649.5,644.0,633.1,629.5,630.7,632.7,641.5,654.7,643.2,636.3,633.8,632.9,635.7,641.6,632.7,633.4,636.1,650.5,635.9,633.2,632.7,0.602,0.188,-0.216,-0.006,267.346,186.618,-3.811,11.593,-13.631,22.43,2.944,2.07,-4.352,4.706,5.453,-5.04,-0.271,0.659,0.007,-1.765,-0.141,-0.548,0.587,1.296,-0.929,-0.501,0.338,-0.064,-0.587,-0.67,0.206,0.129,0.142,0.022,-0.097,-0.024,-0.036,-0.02,0.007,0.0,0.56,0.12,0.0,0.91,0.0,0.0,0.0,0.0,0.0,0.24,0.0,0.0,0.0,0.0,0.0,0.0,0.0,0.0,1.0,0.0,1.0,0.0,0.0,0.0,0.0,0.0,0.0,0.0,0.0,0.0,0.0,0.0,0.0,1.0,0.0
PP133,g1,1592,0,0.975,0.180557,0.167318,-0.969228,0.03951,0.168004,-0.984994,0.112,0.17,244.1,245.4,248.6,251.8,253.2,252.2,248.7,245.5,239.8,241.8,244.6,248.1,251.7,254.4,256.4,254.2,251.2,247.9,244.7,241.9,247.3,248.7,250.1,250.7,250.1,248.6,247.2,246.7,282.1,283.0,285.8,288.8,290.4,289.5,286.7,283.4,279.0,281.0,283.7,287.0,290.0,292.1,293.4,292.3,290.3,287.7,284.7,281.5,284.9,286.2,287.4,287.8,287.2,285.8,284.6,284.2,162.4,159.1,157.7,159.0,162.2,165.8,167.0,165.7,164.0,162.1,160.8,160.2,160.8,162.2,164.3,165.6,166.1,166.4,166.2,165.5,163.9,164.5,163.8,162.4,160.9,160.4,161.0,162.5,161.1,157.8,156.3,157.4,160.5,163.8,165.3,164.5,163.4,161.2,159.5,158.6,159.0,160.1,161.8,163.4,164.2,164.7,164.7,164.4,162.4,162.9,162.2,160.8,159.4,158.9,159.6,161.0,-7.6,-6.0,-1.8,2.3,4.1,2.8,-1.6,-5.8,-13.2,-10.6,-6.9,-2.4,2.2,5.7,8.2,5.4,1.5,-2.7,-6.8,-10.5,-3.5,-1.7,0.1,0.9,0.1,-1.7,-3.6,-4.3,42.3,43.5,47.3,51.5,53.6,52.3,48.5,44.0,38.3,40.8,44.3,48.8,53.0,56.2,58.2,56.4,53.4,49.8,45.6,41.5,46.1,47.9,49.6,50.2,49.3,47.5,45.8,45.2,-32.2,-36.5,-38.3,-36.6,-32.4,-27.8,-26.3,-27.9,-30.4,-32.7,-34.2,-34.9,-34.2,-32.4,-29.8,-28.1,-27.4,-27.0,-27.4,-28.4,-30.3,-29.6,-30.4,-32.3,-34.1,-34.9,-34.1,-32.2,-34.8,-39.2,-41.3,-39.9,-35.8,-31.4,-29.3,-30.4,-31.7,-34.7,-36.9,-38.1,-37.8,-36.6,-34.4,-32.2,-30.8,-30.1,-30.0,-30.4,-33.2,-32.6,-33.5,-35.4,-37.2,-37.8,-36.9,-35.0,501.7,502.1,502.1,501.7,501.3,501.1,500.9,501.2,506.0,503.4,500.9,499.6,500.1,501.4,503.0,501.5,500.1,499.9,501.1,503.4,502.2,502.0,502.0,502.2,502.4,502.5,502.5,502.4,514.4,515.4,517.0,518.3,518.5,517.5,515.9,514.7,514.8,514.0,513.8,514.9,517.6,521.1,524.4,521.1,517.8,515.3,514.2,514.2,516.4,517.0,517.7,518.1,518.0,517.4,516.7,516.3,29.9,-0.6,643.2,0.177,-0.163,-0.015,220.1,220.9,223.0,226.1,231.1,238.6,247.8,258.5,269.3,278.0,284.2,289.7,294.2,297.5,299.7,301.3,301.6,229.9,236.3,245.1,253.9,261.9,277.5,284.2,290.7,297.0,300.8,270.2,271.3,272.6,273.9,262.7,267.3,271.9,275.9,279.3,239.7,244.9,251.2,256.5,251.2,244.8,279.0,284.0,289.6,293.5,290.3,284.6,254.5,261.8,267.9,271.5,275.2,279.7,283.3,279.9,275.7,271.6,267.6,261.6,257.6,267.6,271.3,275.1,281.1,275.2,271.4,267.6,163.4,175.4,187.2,198.6,209.3,218.6,226.2,231.7,232.7,230.2,223.5,215.1,205.7,195.4,184.6,173.4,162.1,156.4,151.2,149.8,151.0,153.8,153.0,149.8,148.2,148.9,153.2,162.1,170.0,177.8,185.9,191.3,192.7,193.8,192.4,190.5,163.9,160.7,160.7,164.5,166.1,166.4,163.6,159.2,159.0,161.8,164.4,164.7,207.6,204.8,202.9,203.9,202.5,204.0,206.1,211.0,213.2,213.9,213.7,212.1,207.7,206.7,206.8,206.2,206.6,207.4,208.1,207.9,-51.6,-50.5,-47.1,-41.9,-33.0,-19.8,-3.8,14.5,32.8,48.3,60.4,71.2,79.9,85.6,89.2,91.7,92.2,-32.9,-22.2,-7.8,6.3,19.1,44.3,55.7,67.4,78.9,86.6,32.5,34.0,35.7,37.3,20.4,27.7,35.0,41.7,47.5,-16.8,-8.3,2.0,10.6,1.9,-8.4,48.1,56.5,66.3,73.5,67.4,57.6,7.5,19.2,28.8,34.7,40.9,48.7,55.9,49.3,41.8,35.1,28.5,18.9,12.5,28.5,34.6,40.9,51.8,41.0,34.7,28.5,-41.5,-21.0,-0.6,19.4,38.1,54.1,66.8,75.2,76.8,73.6,63.4,49.5,32.8,14.2,-5.3,-25.1,-45.3,-51.0,-58.9,-60.7,-58.4,-53.8,-55.6,-61.6,-65.1,-64.9,-58.6,-40.8,-27.9,-15.2,-2.5,6.2,8.4,10.1,7.8,4.9,-38.6,-43.6,-43.8,-37.6,-35.0,-34.5,-39.7,-47.0,-47.6,-43.5,-38.7,-38.0,33.2,28.0,24.8,26.4,24.4,27.1,31.2,38.8,41.9,42.8,42.6,40.0,33.2,31.1,31.4,30.5,31.8,32.3,33.4,33.0,673.5,677.5,681.8,684.1,683.4,680.0,673.6,665.1,664.1,673.5,688.6,700.7,705.6,704.2,701.6,698.9,697.8,640.2,633.5,628.6,624.8,623.0,630.0,637.5,646.3,655.9,666.4,628.8,622.6,616.1,610.0,627.3,626.0,625.4,628.6,632.7,639.7,636.5,636.8,638.3,637.3,637.0,647.3,649.7,653.7,660.2,654.2,650.2,644.2,633.4,630.0,631.3,633.3,642.0,655.1,643.5,636.7,634.2,633.3,635.9,641.8,633.2,633.9,636.6,650.8,636.3,633.6,633.1,0.602,0.189,-0.218,-0.005,268.098,186.952,-2.679,11.837,-15.035,22.253,2.111,1.778,-4.152,4.606,5.395,-5.335,-0.678,0.355,-0.213,-1.862,0.094,-0.391,0.405,1.293,-0.952,-0.518,0.17,0.134,-0.697,-0.808,0.293,0.11,0.163,0.028,-0.097,-0.026,-0.036,-0.024,0.008,0.001,0.25,0.06,0.0,0.57,0.0,0.0,0.0,0.0,0.0,0.0,0.0,0.0,0.0,0.0,0.0,0.0,0.0,0.0,1.0,0.0,1.0,0.0,0.0,0.0,0.0,0.0,0.0,0.0,0.0,0.0,0.0,0.0,0.0,1.0,0.0
PP133,g1,1598,0,0.975,0.186552,0.183217,-0.96521,0.038171,0.181901,-0.982576,0.115,0.185,244.4,245.8,249.0,252.2,253.5,252.4,249.0,245.8,240.1,242.1,245.0,248.5,252.1,254.7,256.6,254.4,251.4,248.2,245.0,242.2,247.6,249.0,250.4,251.0,250.4,249.0,247.6,247.0,282.5,283.4,286.2,289.2,290.7,289.8,287.0,283.7,279.4,281.4,284.1,287.4,290.4,292.5,293.7,292.6,290.6,288.0,285.0,281.8,285.2,286.6,287.8,288.2,287.6,286.2,285.0,284.6,162.2,158.9,157.5,158.9,162.2,165.7,166.8,165.5,163.7,161.8,160.6,160.1,160.7,162.2,164.3,165.5,166.0,166.2,165.9,165.1,163.7,164.3,163.7,162.3,160.8,160.2,160.8,162.3,161.4,158.1,156.7,157.8,160.9,164.2,165.6,164.7,163.7,161.5,159.8,159.0,159.4,160.5,162.2,163.7,164.6,165.0,165.0,164.7,162.7,163.2,162.6,161.1,159.8,159.3,159.9,161.3,-7.2,-5.5,-1.3,2.9,4.6,3.1,-1.3,-5.5,-12.9,-10.2,-6.5,-1.9,2.7,6.1,8.5,5.7,1.8,-2.4,-6.5,-10.2,-3.1,-1.3,0.5,1.3,0.5,-1.3,-3.1,-3.9,43.0,44.3,48.2,52.3,54.3,53.0,49.1,44.7,38.9,41.5,45.0,49.5,53.8,56.9,58.9,57.1,54.1,50.4,46.2,42.1,46.8,48.6,50.3,50.9,50.0,48.2,46.5,46.0,-32.6,-36.9,-38.7,-36.9,-32.7,-28.1,-26.6,-28.4,-31.0,-33.2,-34.6,-35.3,-34.5,-32.7,-30.0,-28.4,-27.7,-27.4,-27.8,-28.9,-30.7,-30.0,-30.7,-32.6,-34.5,-35.3,-34.5,-32.6,-34.6,-38.9,-41.0,-39.6,-35.4,-31.1,-29.0,-30.1,-31.6,-34.4,-36.6,-37.8,-37.4,-36.2,-34.1,-31.9,-30.5,-29.8,-29.8,-30.2,-33.0,-32.3,-33.2,-35.1,-36.9,-37.6,-36.7,-34.8,504.1,504.5,504.6,504.3,503.9,503.7,503.4,503.6,508.3,505.7,503.3,502.1,502.6,504.1,505.7,504.1,502.6,502.3,503.5,505.7,504.6,504.5,504.6,504.7,504.9,505.0,505.0,504.8,516.9,517.8,519.5,520.8,521.0,520.1,518.5,517.3,517.3,516.5,516.3,517.3,520.0,523.6,526.9,523.6,520.3,517.9,516.7,516.8,518.9,519.5,520.2,520.6,520.5,519.9,519.2,518.8,29.5,-0.7,645.8,0.2,-0.166,0.005,220.2,220.8,222.6,225.4,230.3,237.7,246.7,257.2,267.8,276.5,282.9,288.6,293.5,297.1,299.5,301.3,301.8,230.3,236.9,245.7,254.6,262.6,278.0,284.7,291.3,297.6,301.3,270.6,271.6,272.7,273.8,262.4,267.0,271.5,275.6,279.1,240.0,245.3,251.6,256.7,251.4,245.1,279.4,284.4,290.0,293.8,290.5,284.9,253.4,260.9,267.2,270.8,274.6,279.0,282.7,279.1,274.7,270.6,266.5,260.4,256.4,266.8,270.5,274.3,280.5,274.3,270.5,266.7,162.7,174.7,186.4,197.8,208.5,217.8,225.4,231.0,232.2,229.8,223.0,214.7,205.3,195.1,184.4,173.4,162.1,155.9,151.0,149.7,151.0,153.9,153.3,150.1,148.6,149.4,153.6,162.3,170.3,178.1,186.2,191.3,192.8,194.0,192.6,190.8,163.6,160.5,160.6,164.4,165.9,166.1,163.8,159.6,159.4,162.2,164.8,165.0,207.0,204.5,202.9,203.9,202.6,204.1,206.0,211.2,213.4,214.0,213.8,211.8,207.2,206.6,206.8,206.3,206.5,207.5,208.2,207.9,-51.4,-50.7,-47.9,-43.1,-34.5,-21.5,-5.7,12.2,30.3,45.9,58.2,69.5,78.8,85.2,89.2,92.1,92.9,-32.3,-21.3,-6.9,7.3,20.1,45.3,56.8,68.5,80.0,87.7,33.2,34.5,35.9,37.3,20.0,27.3,34.6,41.3,47.2,-16.4,-7.7,2.6,11.0,2.4,-8.0,48.8,57.3,67.1,74.3,68.0,58.3,5.6,17.8,27.8,33.8,40.0,48.0,55.1,48.2,40.4,33.6,26.9,17.1,10.6,27.3,33.5,39.9,51.1,39.9,33.5,27.2,-42.7,-22.3,-1.8,18.1,36.8,52.9,65.7,74.5,76.3,73.2,62.9,48.9,32.3,13.8,-5.6,-25.4,-45.5,-51.8,-59.3,-61.0,-58.5,-53.7,-55.3,-61.2,-64.6,-64.2,-57.9,-40.6,-27.6,-14.8,-2.0,6.2,8.5,10.4,8.2,5.4,-39.2,-44.0,-44.0,-37.8,-35.3,-35.0,-39.4,-46.6,-47.1,-42.9,-38.2,-37.5,32.4,27.7,24.9,26.6,24.7,27.3,31.2,39.2,42.4,43.2,42.8,39.9,32.6,31.1,31.6,30.7,31.8,32.8,33.8,33.3,674.3,678.4,682.9,685.6,685.2,682.4,676.4,668.3,667.5,676.7,691.4,703.0,707.6,706.3,703.9,701.4,700.3,641.3,634.6,629.8,626.1,624.4,631.6,639.0,647.9,657.5,667.9,630.3,624.5,618.3,612.5,629.5,628.3,627.9,631.2,635.2,640.9,637.7,638.1,639.7,638.6,638.2,648.8,651.1,655.1,661.6,655.7,651.7,647.5,636.8,633.1,634.4,636.4,645.3,658.5,647.2,640.2,637.7,636.8,639.6,645.1,636.3,637.1,639.8,654.4,639.6,636.9,636.4,0.6,0.211,-0.22,0.016,267.798,186.876,-5.09,10.801,-13.395,20.267,4.199,1.883,-4.679,2.422,5.048,-4.358,-0.069,0.881,0.379,-1.783,-0.41,-0.274,0.47,1.264,-0.999,-0.578,0.292,-0.238,-0.341,-0.587,0.235,-0.05,0.191,0.022,-0.101,-0.016,-0.03,-0.006,0.01,-0.001,0.14,0.0,0.0,0.75,0.0,0.0,0.0,0.0,0.0,0.13,0.0,0.0,0.0,0.0,0.0,0.0,0.0,0.0,1.0,0.0,1.0,0.0,0.0,0.0,0.0,0.0,0.0,0.0,0.0,0.0,0.0,0.0,0.0,1.0,0.0
PP133,g1,1604,0,0.975,0.186555,0.194623,-0.962974,0.033431,0.193129,-0.980604,0.113,0.197,243.9,245.3,248.5,251.7,253.0,251.9,248.4,245.2,239.7,241.6,244.5,248.0,251.5,254.2,256.0,253.8,250.9,247.6,244.5,241.7,247.1,248.5,249.9,250.5,249.9,248.5,247.1,246.5,281.8,282.8,285.6,288.6,290.0,289.1,286.3,283.0,278.8,280.7,283.4,286.7,289.7,291.8,293.0,291.9,289.9,287.3,284.3,281.2,284.6,285.9,287.1,287.5,286.9,285.6,284.3,283.9,162.3,159.0,157.7,159.1,162.3,165.8,166.9,165.6,163.7,161.9,160.8,160.2,160.9,162.4,164.5,165.6,166.1,166.3,166.0,165.2,163.8,164.4,163.8,162.4,161.0,160.4,161.0,162.4,161.6,158.4,156.9,158.1,161.2,164.4,165.8,164.9,163.9,161.7,160.1,159.2,159.7,160.7,162.4,163.9,164.8,165.2,165.2,164.9,162.9,163.4,162.8,161.4,160.0,159.5,160.1,161.5,-7.9,-6.1,-2.0,2.2,3.9,2.4,-2.0,-6.2,-13.6,-10.9,-7.1,-2.6,2.0,5.4,7.8,5.0,1.1,-3.1,-7.2,-10.9,-3.8,-2.0,-0.2,0.6,-0.2,-2.0,-3.8,-4.6,42.4,43.8,47.6,51.8,53.8,52.4,48.6,44.1,38.4,40.9,44.5,49.0,53.2,56.4,58.4,56.5,53.5,49.9,45.7,41.5,46.3,48.1,49.8,50.4,49.5,47.7,46.0,45.4,-32.8,-37.1,-38.9,-37.1,-32.8,-28.2,-26.8,-28.6,-31.2,-33.4,-34.8,-35.4,-34.6,-32.8,-30.1,-28.5,-27.8,-27.6,-28.0,-29.2,-30.9,-30.1,-30.9,-32.7,-34.6,-35.4,-34.6,-32.8,-34.5,-38.9,-41.0,-39.5,-35.4,-31.0,-29.0,-30.1,-31.5,-34.4,-36.6,-37.7,-37.3,-36.2,-34.0,-31.8,-30.4,-29.7,-29.7,-30.1,-32.9,-32.3,-33.2,-35.1,-36.9,-37.5,-36.6,-34.7,508.8,509.2,509.3,509.1,508.7,508.5,508.2,508.4,513.0,510.4,508.0,506.9,507.5,508.9,510.6,509.0,507.5,507.1,508.3,510.5,509.4,509.3,509.4,509.5,509.7,509.8,509.8,509.6,520.8,521.7,523.3,524.6,524.9,524.0,522.4,521.2,521.3,520.4,520.2,521.2,523.9,527.4,530.7,527.5,524.2,521.8,520.6,520.7,522.8,523.4,524.1,524.5,524.4,523.8,523.1,522.7,28.3,-0.9,650.1,0.216,-0.161,0.011,219.8,220.3,222.0,224.7,229.6,236.9,245.8,256.1,266.6,275.4,281.9,287.7,292.8,296.5,298.9,300.7,301.3,230.1,236.6,245.3,253.9,261.8,277.5,284.2,290.7,296.9,300.6,269.9,270.8,271.8,272.8,261.5,266.0,270.5,274.6,278.1,239.5,244.8,251.1,256.1,250.9,244.6,278.7,283.7,289.3,293.1,289.8,284.2,252.3,259.8,266.0,269.7,273.4,278.0,281.6,277.9,273.4,269.3,265.3,259.2,255.3,265.6,269.4,273.2,279.5,273.1,269.3,265.5,162.5,174.4,186.0,197.3,207.9,217.1,224.8,230.3,231.5,229.1,222.4,214.1,204.9,194.8,184.2,173.3,162.1,155.7,150.9,149.6,151.0,153.8,153.2,150.1,148.6,149.4,153.5,162.5,170.5,178.3,186.5,191.3,192.8,194.0,192.7,191.0,163.6,160.7,160.7,164.6,166.0,166.2,164.0,159.8,159.7,162.4,165.0,165.2,206.7,204.3,202.8,203.8,202.6,204.0,205.8,211.1,213.3,213.9,213.6,211.6,207.0,206.5,206.8,206.2,206.4,207.5,208.2,207.8,-52.4,-51.9,-49.2,-44.6,-36.1,-23.1,-7.3,10.5,28.6,44.3,56.7,68.3,77.9,84.4,88.6,91.5,92.5,-32.9,-21.9,-7.7,6.4,19.0,44.7,56.2,67.8,79.2,86.9,32.3,33.4,34.7,36.0,18.7,25.9,33.2,40.0,45.9,-17.3,-8.5,1.8,10.0,1.4,-8.9,48.0,56.5,66.3,73.4,67.2,57.4,3.8,16.0,26.2,32.2,38.5,46.5,53.7,46.6,38.6,31.8,25.1,15.2,8.8,25.7,31.9,38.3,49.7,38.2,31.8,25.4,-43.4,-23.0,-2.6,17.3,36.1,52.1,65.0,73.8,75.8,72.6,62.2,48.2,31.6,13.2,-6.0,-25.7,-45.8,-52.5,-59.8,-61.4,-58.9,-54.1,-55.7,-61.5,-64.8,-64.5,-58.3,-40.5,-27.4,-14.6,-1.7,6.2,8.6,10.6,8.5,5.7,-39.4,-44.0,-43.9,-37.7,-35.3,-35.1,-39.3,-46.4,-46.9,-42.8,-38.0,-37.4,32.1,27.6,24.9,26.7,24.8,27.4,31.1,39.4,42.6,43.4,42.9,39.8,32.4,31.1,31.7,30.9,31.8,33.0,33.9,33.4,677.9,682.2,687.0,690.0,689.8,687.1,681.1,673.2,672.4,681.3,695.6,706.9,711.2,709.7,707.2,704.6,703.4,644.6,638.1,633.4,629.7,627.9,635.0,642.3,650.9,660.2,670.3,634.0,628.6,622.8,617.4,634.2,633.0,632.7,635.8,639.6,644.5,641.3,641.6,643.2,642.2,641.9,652.2,654.1,658.0,664.5,658.7,655.0,652.4,641.9,638.0,639.2,641.1,650.0,663.2,652.2,645.3,642.8,642.0,644.7,650.1,641.3,642.0,644.5,659.2,644.5,641.9,641.4,0.596,0.226,-0.212,0.022,266.96,186.762,-7.989,10.309,-13.933,18.555,5.378,1.658,-4.489,1.953,3.931,-3.36,-0.349,1.2,0.754,-1.896,-0.462,0.039,0.554,1.368,-1.149,-0.693,0.218,-0.349,-0.067,-0.524,0.127,-0.071,0.156,0.019,-0.094,-0.001,-0.021,0.002,0.007,0.0,0.43,0.21,0.0,0.55,0.0,0.0,0.0,0.0,0.0,0.36,0.0,0.0,0.0,0.0,0.0,0.0,0.0,0.0,1.0,0.0,1.0,0.0,0.0,0.0,0.0,0.0,0.0,0.0,0.0,0.0,0.0,0.0,0.0,1.0,0.0
PP133,g1,1610,0,0.975,0.183808,0.198352,-0.962741,0.028862,0.197035,-0.979972,0.109,0.201,243.4,244.8,248.0,251.2,252.5,251.4,247.9,244.7,239.1,241.1,244.0,247.5,251.0,253.7,255.5,253.4,250.4,247.1,243.9,241.1,246.6,248.0,249.4,250.0,249.4,248.0,246.6,246.0,281.5,282.4,285.2,288.3,289.8,288.8,286.0,282.7,278.4,280.4,283.0,286.4,289.4,291.5,292.8,291.6,289.6,287.0,283.9,280.8,284.3,285.6,286.8,287.2,286.6,285.2,284.0,283.6,162.4,159.2,157.8,159.2,162.5,166.0,167.1,165.7,163.9,162.1,160.9,160.3,161.0,162.5,164.6,165.8,166.2,166.4,166.1,165.3,164.0,164.6,164.0,162.5,161.1,160.5,161.1,162.5,161.7,158.4,157.0,158.1,161.2,164.5,165.9,165.0,164.0,161.8,160.1,159.3,159.7,160.7,162.5,164.0,164.9,165.3,165.3,165.0,163.0,163.5,162.8,161.4,160.1,159.6,160.2,161.6,-8.5,-6.8,-2.6,1.6,3.3,1.8,-2.7,-6.8,-14.2,-11.5,-7.8,-3.2,1.4,4.8,7.2,4.4,0.5,-3.7,-7.8,-11.5,-4.5,-2.6,-0.8,-0.0,-0.8,-2.6,-4.4,-5.2,41.7,43.1,46.9,51.1,53.1,51.8,47.9,43.4,37.7,40.2,43.8,48.3,52.5,55.7,57.8,55.9,52.9,49.2,45.0,40.8,45.6,47.4,49.1,49.7,48.8,47.0,45.3,44.7,-32.5,-36.7,-38.5,-36.7,-32.4,-27.8,-26.4,-28.2,-30.9,-33.1,-34.4,-35.0,-34.2,-32.4,-29.7,-28.1,-27.5,-27.2,-27.7,-28.8,-30.5,-29.7,-30.5,-32.4,-34.3,-35.0,-34.3,-32.4,-34.2,-38.6,-40.7,-39.3,-35.1,-30.7,-28.7,-29.8,-31.2,-34.1,-36.2,-37.4,-37.1,-35.9,-33.8,-31.6,-30.2,-29.5,-29.4,-29.8,-32.6,-32.0,-32.9,-34.8,-36.6,-37.3,-36.3,-34.4,506.2,506.6,506.7,506.4,506.0,505.9,505.6,505.8,510.4,507.8,505.4,504.2,504.8,506.2,507.9,506.3,504.8,504.5,505.6,507.9,506.8,506.7,506.7,506.9,507.1,507.2,507.1,507.0,517.9,518.8,520.3,521.6,521.9,521.0,519.5,518.3,518.4,517.6,517.3,518.3,520.9,524.4,527.8,524.5,521.3,518.9,517.7,517.9,519.9,520.5,521.2,521.6,521.4,520.9,520.2,519.8,27.7,-0.8,649.9,0.224,-0.155,0.008,219.4,220.0,221.8,224.5,229.4,236.8,245.7,256.0,266.4,275.2,281.7,287.6,292.7,296.4,298.8,300.6,301.2,229.4,235.9,244.6,253.4,261.4,277.0,283.8,290.3,296.6,300.4,269.5,270.4,271.3,272.3,261.1,265.6,270.1,274.2,277.7,239.0,244.3,250.6,255.7,250.4,244.1,278.4,283.4,289.1,292.9,289.5,283.9,251.9,259.3,265.6,269.3,273.1,277.7,281.4,277.6,273.0,268.9,264.9,258.7,254.8,265.2,269.0,272.8,279.2,272.8,269.0,265.1,162.5,174.3,185.9,197.1,207.7,216.9,224.5,230.1,231.2,228.8,222.0,213.7,204.5,194.5,184.0,173.1,161.9,155.9,151.1,149.9,151.2,154.1,153.5,150.3,148.8,149.5,153.6,162.8,170.7,178.6,186.7,191.5,193.0,194.1,192.8,191.1,163.8,160.8,160.9,164.7,166.2,166.3,164.1,159.9,159.7,162.4,165.0,165.3,206.7,204.4,202.8,203.9,202.6,204.0,205.7,211.1,213.4,214.0,213.7,211.6,206.9,206.5,206.8,206.2,206.3,207.5,208.2,207.9,-53.1,-52.5,-49.7,-45.0,-36.4,-23.3,-7.5,10.3,28.3,44.0,56.5,68.1,77.8,84.3,88.4,91.3,92.2,-34.0,-23.0,-8.7,5.5,18.3,43.8,55.4,67.1,78.7,86.5,31.6,32.7,34.0,35.3,18.0,25.2,32.5,39.4,45.3,-18.2,-9.3,1.0,9.3,0.6,-9.7,47.3,55.9,65.7,72.9,66.6,56.8,3.1,15.3,25.5,31.5,37.9,46.0,53.4,46.1,38.1,31.2,24.4,14.4,8.1,25.0,31.3,37.7,49.3,37.6,31.1,24.8,-43.5,-23.1,-2.8,17.0,35.8,51.8,64.6,73.4,75.4,72.1,61.5,47.5,31.0,12.7,-6.4,-26.0,-46.0,-52.1,-59.4,-61.0,-58.4,-53.6,-55.2,-61.0,-64.5,-64.2,-58.1,-40.1,-27.1,-14.2,-1.3,6.5,8.8,10.8,8.6,5.8,-39.1,-43.8,-43.7,-37.5,-35.0,-34.8,-39.0,-46.2,-46.7,-42.7,-37.9,-37.2,32.0,27.7,25.0,26.8,24.9,27.4,31.0,39.3,42.7,43.5,43.1,39.9,32.3,31.2,31.7,30.9,31.7,33.1,34.1,33.5,678.5,682.9,687.8,690.7,690.5,687.8,681.9,673.8,672.9,681.7,695.9,706.9,711.1,709.5,706.9,704.4,703.1,644.9,638.0,633.0,629.0,627.1,634.1,641.4,650.0,659.4,669.8,633.4,628.0,622.1,616.8,633.9,632.8,632.3,635.4,639.1,644.5,641.1,641.4,642.9,642.0,641.8,651.6,653.6,657.4,664.0,658.2,654.4,652.8,642.0,637.9,639.0,641.0,649.9,663.2,652.2,645.3,642.9,642.1,645.1,650.4,641.3,641.9,644.5,659.3,644.4,641.9,641.5,0.596,0.233,-0.205,0.02,266.622,186.784,-6.151,10.567,-13.045,18.348,6.278,1.323,-4.923,2.196,4.318,-3.289,-0.306,1.111,0.876,-1.646,-0.713,0.011,0.549,1.377,-1.186,-0.688,0.166,-0.434,-0.043,-0.475,0.102,-0.127,0.161,0.012,-0.09,-0.005,-0.025,0.004,0.009,-0.004,0.41,0.1,0.0,0.63,0.0,0.0,0.0,0.0,0.0,0.08,0.0,0.0,0.0,0.0,0.0,0.0,0.0,0.0,1.0,0.0,1.0,0.0,0.0,0.0,0.0,0.0,0.0,0.0,0.0,0.0,0.0,0.0,0.0,1.0,0.0
PP133,g1,1616,0,0.975,0.181886,0.176962,-0.967265,0.034431,0.176607,-0.983679,0.11,0.179,243.6,244.9,248.1,251.4,252.7,251.7,248.2,245.0,239.3,241.3,244.2,247.7,251.2,253.9,255.8,253.7,250.6,247.4,244.2,241.4,246.8,248.2,249.6,250.2,249.6,248.2,246.8,246.2,281.6,282.5,285.3,288.4,289.9,289.0,286.2,282.8,278.5,280.5,283.2,286.5,289.5,291.6,292.9,291.7,289.8,287.2,284.1,280.9,284.4,285.7,286.9,287.3,286.7,285.3,284.1,283.7,162.5,159.2,157.8,159.1,162.4,166.0,167.1,165.8,164.0,162.1,160.9,160.3,160.9,162.4,164.5,165.7,166.2,166.4,166.2,165.4,164.0,164.6,163.9,162.5,161.1,160.5,161.1,162.5,161.5,158.2,156.7,157.9,161.0,164.2,165.7,164.8,163.8,161.5,159.9,159.0,159.4,160.5,162.3,163.8,164.6,165.1,165.1,164.8,162.8,163.3,162.6,161.2,159.8,159.3,160.0,161.4,-8.2,-6.5,-2.4,1.8,3.5,2.1,-2.3,-6.5,-13.9,-11.3,-7.5,-3.0,1.6,5.1,7.5,4.7,0.8,-3.4,-7.5,-11.2,-4.1,-2.3,-0.5,0.2,-0.5,-2.3,-4.2,-4.9,41.7,43.0,46.9,51.0,53.1,51.8,47.9,43.4,37.7,40.2,43.7,48.3,52.5,55.7,57.7,55.8,52.9,49.2,45.0,40.9,45.6,47.4,49.1,49.7,48.8,46.9,45.3,44.7,-32.2,-36.5,-38.3,-36.6,-32.3,-27.7,-26.2,-28.0,-30.5,-32.8,-34.2,-34.9,-34.1,-32.3,-29.7,-28.1,-27.4,-27.1,-27.4,-28.5,-30.3,-29.6,-30.4,-32.3,-34.1,-34.9,-34.1,-32.2,-34.4,-38.8,-40.9,-39.5,-35.3,-30.9,-28.9,-30.0,-31.4,-34.3,-36.4,-37.6,-37.3,-36.1,-34.0,-31.8,-30.4,-29.7,-29.6,-30.0,-32.8,-32.2,-33.1,-35.0,-36.8,-37.4,-36.5,-34.6,503.3,503.7,503.7,503.4,503.0,502.8,502.6,502.9,507.6,504.9,502.5,501.3,501.8,503.1,504.8,503.2,501.8,501.5,502.7,505.0,503.8,503.7,503.7,503.9,504.1,504.2,504.2,504.0,515.9,516.9,518.5,519.8,520.0,519.0,517.4,516.3,516.4,515.6,515.4,516.3,519.0,522.5,525.8,522.5,519.2,516.8,515.7,515.8,517.9,518.5,519.2,519.6,519.5,518.9,518.2,517.8,28.6,-0.6,646.5,0.19,-0.159,-0.005,219.7,220.5,222.4,225.4,230.4,237.8,246.8,257.2,267.7,276.5,282.8,288.5,293.3,296.8,299.1,300.7,301.2,229.5,235.9,244.7,253.5,261.5,277.0,283.7,290.3,296.6,300.4,269.6,270.7,271.9,273.0,261.8,266.3,270.9,275.0,278.4,239.2,244.5,250.8,256.0,250.7,244.3,278.5,283.5,289.2,293.0,289.7,284.1,253.0,260.5,266.7,270.3,274.1,278.6,282.4,278.8,274.4,270.3,266.2,260.1,256.0,266.4,270.1,273.9,280.2,274.0,270.2,266.3,163.1,175.1,186.9,198.3,208.9,218.1,225.7,231.2,232.3,229.9,223.1,214.8,205.5,195.3,184.5,173.5,162.3,156.2,151.1,149.8,151.0,153.9,153.2,150.0,148.5,149.2,153.5,162.4,170.3,178.1,186.1,191.4,192.8,193.9,192.5,190.7,163.9,160.8,160.8,164.6,166.2,166.4,163.9,159.6,159.5,162.2,164.8,165.1,207.1,204.5,202.8,203.8,202.5,203.9,205.8,211.1,213.4,214.0,213.8,212.0,207.3,206.5,206.8,206.1,206.4,207.5,208.2,208.0,-52.4,-51.5,-48.3,-43.3,-34.5,-21.3,-5.6,12.3,30.3,45.9,58.1,69.3,78.5,84.6,88.5,91.1,91.8,-33.8,-22.9,-8.6,5.6,18.4,43.8,55.3,67.0,78.5,86.3,31.7,33.1,34.6,36.1,19.0,26.3,33.6,40.4,46.3,-17.7,-9.1,1.3,9.8,1.1,-9.3,47.4,55.9,65.8,73.0,66.7,56.9,5.0,17.1,27.1,33.1,39.3,47.4,54.6,47.7,39.9,33.1,26.5,16.5,10.0,26.7,32.9,39.2,50.6,39.3,32.9,26.6,-42.2,-21.6,-1.1,18.9,37.7,53.6,66.3,74.9,76.6,73.4,63.1,49.2,32.6,14.0,-5.3,-25.1,-45.2,-51.6,-59.2,-61.0,-58.6,-53.8,-55.5,-61.4,-64.8,-64.5,-58.1,-40.6,-27.6,-14.9,-2.1,6.2,8.5,10.3,8.1,5.3,-38.8,-43.7,-43.7,-37.5,-35.0,-34.6,-39.3,-46.5,-47.1,-42.9,-38.2,-37.5,32.6,27.8,24.8,26.5,24.5,27.1,31.0,39.1,42.4,43.3,43.0,40.1,32.8,31.0,31.4,30.5,31.6,32.8,33.8,33.4,676.5,680.5,684.9,687.3,686.8,683.7,677.4,669.1,668.1,677.2,691.9,703.5,708.0,706.5,704.1,701.7,700.7,643.2,636.4,631.4,627.5,625.6,632.4,639.9,648.8,658.4,668.8,631.5,625.5,619.1,613.2,630.4,629.1,628.5,631.8,635.8,642.6,639.3,639.6,641.1,640.1,639.8,649.9,652.1,656.1,662.6,656.6,652.7,648.4,637.5,633.6,634.8,636.8,645.7,659.1,647.6,640.6,638.1,637.2,640.1,646.0,636.9,637.6,640.2,655.0,640.1,637.4,636.9,0.599,0.202,-0.211,0.005,267.254,186.952,-4.542,11.445,-12.929,21.12,3.903,1.621,-4.854,3.461,4.534,-4.837,-0.728,0.798,0.077,-1.788,-0.31,-0.424,0.376,0.946,-1.036,-0.584,0.373,-0.267,-0.464,-0.539,0.164,0.045,0.169,0.01,-0.102,-0.019,-0.025,-0.017,0.009,-0.006,0.73,0.26,0.0,0.35,0.0,0.0,0.0,0.0,0.0,0.13,0.0,0.0,0.0,0.0,0.0,0.0,0.0,0.0,1.0,0.0,1.0,0.0,0.0,0.0,0.0,0.0,0.0,0.0,0.0,0.0,0.0,0.0,0.0,1.0,0.0
PP133,g1,1622,0,0.975,0.173658,0.169976,-0.970026,0.034329,0.170896,-0.984691,0.106,0.173,243.8,245.1,248.3,251.5,252.9,251.9,248.4,245.2,239.6,241.5,244.3,247.8,251.4,254.1,256.0,253.9,250.8,247.6,244.4,241.6,247.0,248.4,249.8,250.4,249.8,248.3,247.0,246.4,281.6,282.5,285.3,288.4,289.9,289.0,286.2,282.9,278.6,280.5,283.2,286.5,289.5,291.6,292.9,291.8,289.8,287.2,284.2,281.0,284.4,285.8,287.0,287.4,286.7,285.4,284.2,283.8,162.8,159.5,158.0,159.3,162.6,166.1,167.3,166.0,164.3,162.5,161.2,160.5,161.1,162.5,164.6,165.9,166.4,166.7,166.5,165.8,164.2,164.8,164.1,162.7,161.3,160.7,161.3,162.8,161.4,158.2,156.7,157.8,160.9,164.1,165.6,164.8,163.7,161.5,159.8,159.0,159.4,160.4,162.2,163.7,164.6,165.0,165.0,164.7,162.7,163.2,162.6,161.1,159.8,159.3,159.9,161.4,-8.0,-6.4,-2.2,1.9,3.7,2.4,-2.0,-6.2,-13.5,-11.0,-7.3,-2.8,1.8,5.3,7.8,5.0,1.1,-3.1,-7.2,-10.8,-3.9,-2.0,-0.2,0.5,-0.3,-2.1,-3.9,-4.7,41.9,43.2,47.0,51.2,53.3,52.0,48.1,43.6,37.9,40.4,43.9,48.5,52.7,55.9,57.9,56.1,53.1,49.4,45.2,41.1,45.8,47.6,49.3,49.9,49.0,47.1,45.4,44.9,-32.0,-36.3,-38.2,-36.5,-32.2,-27.6,-26.1,-27.8,-30.2,-32.5,-34.0,-34.7,-34.1,-32.3,-29.7,-28.0,-27.2,-26.9,-27.2,-28.2,-30.2,-29.4,-30.2,-32.1,-34.0,-34.7,-33.9,-32.0,-34.6,-38.9,-41.0,-39.6,-35.5,-31.1,-29.0,-30.1,-31.5,-34.4,-36.6,-37.8,-37.5,-36.3,-34.2,-32.0,-30.6,-29.9,-29.8,-30.1,-33.0,-32.3,-33.3,-35.2,-37.0,-37.6,-36.7,-34.8,505.6,505.9,505.9,505.5,505.1,505.0,504.8,505.1,510.0,507.3,504.8,503.5,503.9,505.2,506.8,505.3,503.9,503.8,505.0,507.4,506.1,505.9,505.9,506.0,506.2,506.4,506.4,506.3,517.5,518.5,520.1,521.4,521.6,520.6,519.0,517.9,518.0,517.2,517.0,518.0,520.6,524.1,527.4,524.2,520.9,518.4,517.3,517.4,519.5,520.1,520.8,521.2,521.1,520.6,519.9,519.4,29.5,-0.2,644.7,0.177,-0.153,-0.019,220.0,220.8,223.0,226.2,231.4,239.0,248.1,258.6,269.2,278.0,284.2,289.7,294.2,297.4,299.5,301.1,301.4,229.7,235.9,244.6,253.4,261.4,277.0,283.7,290.2,296.5,300.3,269.7,270.8,272.1,273.3,262.3,266.8,271.4,275.4,278.9,239.5,244.6,250.9,256.1,250.9,244.6,278.6,283.5,289.2,293.0,289.8,284.2,254.4,261.6,267.5,271.1,274.8,279.3,282.9,279.6,275.3,271.3,267.3,261.4,257.4,267.3,271.0,274.7,280.7,274.8,271.1,267.3,163.5,175.5,187.4,198.8,209.6,218.9,226.6,232.1,233.0,230.5,223.6,215.2,205.7,195.5,184.7,173.7,162.5,156.8,151.5,150.0,151.2,154.0,153.3,150.1,148.5,149.2,153.6,162.4,170.3,178.1,186.2,191.6,192.9,194.0,192.6,190.7,164.3,161.1,161.0,164.7,166.4,166.7,163.8,159.6,159.4,162.1,164.7,165.0,207.9,205.0,203.1,204.0,202.7,204.1,206.2,211.3,213.5,214.2,214.1,212.4,207.9,206.8,207.0,206.3,206.7,207.7,208.4,208.2,-51.9,-50.8,-47.3,-41.9,-32.7,-19.3,-3.4,14.7,32.8,48.4,60.5,71.3,79.9,85.5,89.0,91.4,91.8,-33.4,-22.9,-8.6,5.4,18.2,43.7,55.1,66.7,78.2,85.9,31.8,33.3,34.9,36.5,19.8,27.0,34.4,41.0,46.9,-17.2,-8.8,1.5,10.0,1.4,-8.9,47.4,55.9,65.7,72.9,66.7,57.0,7.3,18.8,28.3,34.2,40.3,48.2,55.4,48.8,41.3,34.6,28.2,18.6,12.2,28.1,34.1,40.3,51.3,40.5,34.2,28.1,-41.6,-20.9,-0.2,19.9,38.8,54.9,67.7,76.2,77.7,74.3,63.9,49.8,33.0,14.4,-4.9,-24.7,-44.7,-50.6,-58.5,-60.5,-58.2,-53.5,-55.3,-61.2,-64.7,-64.3,-57.9,-40.4,-27.5,-14.9,-2.1,6.5,8.7,10.5,8.2,5.2,-38.2,-43.2,-43.3,-37.3,-34.6,-34.1,-39.3,-46.5,-47.1,-43.0,-38.2,-37.5,33.7,28.4,25.2,26.7,24.7,27.4,31.5,39.3,42.6,43.5,43.3,40.7,33.7,31.4,31.7,30.8,32.1,32.9,34.1,33.7,676.2,680.5,684.9,687.1,686.2,682.6,675.9,667.3,666.4,675.6,690.4,702.2,706.7,704.8,702.0,699.3,698.0,642.5,635.6,630.5,626.6,624.8,631.5,638.9,647.7,657.1,667.5,630.4,624.2,617.6,611.4,629.0,627.6,626.9,630.0,634.1,641.6,638.4,638.6,640.0,639.1,638.9,648.8,651.1,655.0,661.4,655.4,651.6,646.1,635.0,631.5,632.8,634.8,643.4,656.5,645.1,638.4,635.9,635.0,637.6,643.6,634.8,635.5,638.2,652.2,638.0,635.3,634.8,0.6,0.19,-0.206,-0.009,267.805,187.212,-3.127,13.89,-14.688,23.291,1.555,1.413,-3.73,4.913,5.315,-6.218,-1.313,0.27,0.07,-2.13,0.256,-0.688,0.091,1.124,-0.859,-0.498,0.286,0.034,-0.617,-0.846,0.293,0.202,0.201,0.024,-0.107,-0.027,-0.04,-0.033,0.01,0.004,0.37,0.22,0.0,0.62,0.0,0.0,0.0,0.0,0.0,0.09,0.0,0.0,0.0,0.0,0.0,0.0,0.0,0.0,1.0,0.0,1.0,0.0,0.0,0.0,0.0,0.0,0.0,0.0,0.0,0.0,0.0,0.0,0.0,1.0,0.0
PP133,g1,1628,0,0.975,0.186582,0.194563,-0.962981,0.033705,0.193901,-0.980442,0.113,0.197,244.1,245.5,248.7,251.9,253.2,252.1,248.7,245.4,239.8,241.8,244.7,248.2,251.7,254.4,256.3,254.1,251.1,247.8,244.7,241.8,247.3,248.7,250.1,250.7,250.1,248.7,247.3,246.7,282.1,283.0,285.8,288.9,290.3,289.4,286.6,283.3,279.0,281.0,283.7,287.0,290.0,292.1,293.3,292.2,290.2,287.6,284.6,281.4,284.9,286.2,287.4,287.8,287.2,285.8,284.6,284.2,162.5,159.2,157.9,159.2,162.5,166.1,167.2,165.8,164.0,162.2,161.0,160.4,161.1,162.6,164.7,165.8,166.3,166.5,166.2,165.4,164.0,164.6,164.0,162.6,161.2,160.6,161.2,162.6,161.6,158.4,156.9,158.0,161.1,164.4,165.9,165.0,163.9,161.7,160.1,159.3,159.6,160.7,162.4,163.9,164.8,165.2,165.2,165.0,162.9,163.4,162.8,161.4,160.0,159.5,160.2,161.6,-7.6,-5.9,-1.7,2.5,4.2,2.7,-1.7,-5.9,-13.3,-10.6,-6.9,-2.3,2.3,5.7,8.1,5.3,1.4,-2.8,-6.9,-10.6,-3.5,-1.7,0.1,0.9,0.1,-1.7,-3.5,-4.3,42.6,43.9,47.8,51.9,54.0,52.7,48.8,44.3,38.6,41.1,44.6,49.1,53.4,56.6,58.6,56.7,53.8,50.1,45.9,41.7,46.5,48.3,50.0,50.6,49.7,47.8,46.2,45.6,-32.3,-36.6,-38.3,-36.6,-32.3,-27.7,-26.2,-28.0,-30.7,-32.9,-34.2,-34.9,-34.1,-32.3,-29.6,-28.0,-27.4,-27.1,-27.5,-28.6,-30.4,-29.6,-30.4,-32.2,-34.1,-34.9,-34.1,-32.2,-34.3,-38.7,-40.8,-39.4,-35.3,-30.9,-28.8,-29.9,-31.3,-34.2,-36.3,-37.5,-37.2,-36.1,-34.0,-31.7,-30.3,-29.6,-29.5,-29.9,-32.7,-32.1,-33.0,-34.9,-36.7,-37.4,-36.5,-34.5,505.2,505.6,505.7,505.4,505.0,504.9,504.6,504.8,509.4,506.8,504.4,503.2,503.8,505.2,506.9,505.3,503.8,503.5,504.6,506.9,505.8,505.7,505.7,505.9,506.1,506.2,506.1,506.0,518.5,519.4,520.9,522.2,522.5,521.6,520.1,518.9,519.0,518.1,517.9,518.9,521.5,525.0,528.4,525.1,521.9,519.4,518.3,518.4,520.5,521.1,521.8,522.1,522.0,521.5,520.8,520.4,29.1,-0.8,649.1,0.217,-0.162,0.005,220.1,220.7,222.5,225.3,230.1,237.5,246.4,256.8,267.4,276.1,282.5,288.3,293.3,297.0,299.3,301.1,301.6,230.1,236.7,245.4,254.2,262.2,277.6,284.3,290.9,297.2,300.9,270.2,271.1,272.2,273.3,262.0,266.5,271.1,275.1,278.6,239.7,245.0,251.3,256.4,251.1,244.8,279.0,284.0,289.6,293.5,290.1,284.5,253.0,260.5,266.8,270.4,274.2,278.7,282.4,278.8,274.3,270.2,266.1,260.0,256.0,266.4,270.2,274.0,280.2,274.0,270.1,266.3,162.7,174.5,186.0,197.2,207.8,217.0,224.6,230.3,231.4,229.0,222.2,213.9,204.7,194.6,184.0,173.1,162.0,156.0,151.2,150.0,151.3,154.3,153.6,150.3,148.7,149.4,153.6,162.8,170.7,178.5,186.5,191.5,192.9,194.1,192.7,191.0,163.9,160.9,161.0,164.8,166.3,166.4,164.1,159.8,159.7,162.3,164.9,165.2,206.8,204.5,202.8,203.8,202.6,203.9,205.7,211.0,213.4,214.0,213.8,211.8,207.1,206.6,206.8,206.2,206.2,207.5,208.2,207.9,-51.8,-51.1,-48.3,-43.6,-35.1,-22.1,-6.2,11.8,29.9,45.5,57.9,69.4,78.9,85.3,89.3,92.1,92.9,-32.8,-21.8,-7.4,6.8,19.6,44.7,56.3,68.0,79.6,87.3,32.6,33.9,35.3,36.7,19.4,26.7,34.1,40.8,46.8,-17.0,-8.2,2.1,10.5,1.8,-8.5,48.3,56.9,66.7,73.9,67.6,57.9,4.9,17.2,27.3,33.3,39.6,47.7,55.0,47.9,40.0,33.2,26.5,16.4,9.9,26.8,33.1,39.5,50.9,39.5,33.0,26.7,-43.0,-22.7,-2.6,17.2,35.8,51.8,64.6,73.6,75.6,72.3,61.8,47.8,31.3,12.9,-6.3,-26.0,-45.9,-51.9,-59.2,-60.7,-58.2,-53.3,-55.0,-61.0,-64.5,-64.3,-58.2,-40.0,-27.1,-14.3,-1.5,6.5,8.8,10.7,8.5,5.7,-38.9,-43.6,-43.5,-37.4,-34.9,-34.6,-39.1,-46.3,-46.8,-42.8,-38.0,-37.3,32.3,27.8,25.0,26.7,24.7,27.3,30.9,39.2,42.6,43.5,43.1,40.0,32.5,31.2,31.7,30.8,31.6,32.9,34.0,33.4,677.3,681.5,686.3,689.3,689.3,686.7,680.8,672.8,671.9,680.9,695.4,706.8,711.2,709.7,707.1,704.6,703.3,644.0,637.2,632.2,628.3,626.6,633.5,640.9,649.8,659.4,670.0,632.8,627.3,621.3,615.8,632.9,631.8,631.4,634.6,638.5,643.9,640.4,640.8,642.4,641.4,641.2,651.3,653.4,657.4,664.0,658.1,654.2,651.4,640.5,636.6,637.8,639.8,648.8,662.3,651.1,644.1,641.7,640.8,643.6,649.1,640.0,640.7,643.3,658.3,643.3,640.7,640.2,0.597,0.227,-0.215,0.016,267.459,186.823,-4.2,9.821,-13.071,19.281,4.881,0.877,-4.824,3.154,4.421,-3.574,-0.239,0.909,0.318,-1.683,-0.571,-0.13,0.357,1.001,-0.935,-0.695,0.411,-0.353,-0.241,-0.484,0.148,-0.048,0.166,0.032,-0.093,-0.011,-0.018,-0.008,0.011,-0.005,0.21,0.04,0.0,0.86,0.0,0.0,0.0,0.0,0.0,0.3,0.0,0.0,0.0,0.0,0.0,0.0,0.0,0.0,1.0,0.0,1.0,0.0,0.0,0.0,0.0,0.0,0.0,0.0,0.0,0.0,0.0,0.0,0.0,1.0,0.0
PP133,g1,1634,0,0.975,0.187615,0.197342,-0.962215,0.031169,0.197174,-0.979873,0.112,0.2,243.8,245.2,248.4,251.6,252.9,251.8,248.4,245.1,239.5,241.5,244.4,247.9,251.5,254.1,256.0,253.8,250.8,247.6,244.4,241.5,247.0,248.4,249.8,250.4,249.8,248.4,247.0,246.4,281.9,282.8,285.6,288.7,290.2,289.3,286.5,283.2,278.9,280.8,283.5,286.8,289.8,291.9,293.2,292.0,290.1,287.5,284.4,281.3,284.7,286.0,287.3,287.7,287.0,285.7,284.4,284.0,161.9,158.6,157.2,158.6,161.9,165.4,166.5,165.2,163.3,161.5,160.3,159.8,160.4,161.9,164.0,165.2,165.7,165.9,165.6,164.8,163.4,164.0,163.4,162.0,160.5,159.9,160.5,162.0,161.0,157.7,156.2,157.4,160.5,163.7,165.2,164.3,163.3,161.1,159.4,158.6,159.0,160.0,161.7,163.2,164.1,164.6,164.6,164.3,162.3,162.8,162.1,160.7,159.3,158.9,159.5,160.9,-8.0,-6.2,-2.1,2.1,3.8,2.4,-2.1,-6.3,-13.7,-11.0,-7.2,-2.6,1.9,5.3,7.7,5.0,1.1,-3.1,-7.3,-10.9,-3.9,-2.1,-0.3,0.5,-0.2,-2.1,-3.9,-4.6,42.4,43.7,47.5,51.7,53.7,52.4,48.5,44.1,38.3,40.8,44.4,48.9,53.1,56.3,58.4,56.5,53.5,49.8,45.6,41.5,46.2,48.1,49.7,50.3,49.4,47.6,45.9,45.3,-33.1,-37.3,-39.1,-37.3,-33.0,-28.5,-27.0,-28.8,-31.5,-33.6,-35.0,-35.6,-34.9,-33.0,-30.4,-28.8,-28.1,-27.8,-28.3,-29.4,-31.1,-30.4,-31.1,-33.0,-34.9,-35.7,-34.9,-33.0,-35.2,-39.6,-41.7,-40.3,-36.2,-31.8,-29.7,-30.8,-32.1,-35.0,-37.2,-38.4,-38.1,-37.0,-34.9,-32.6,-31.2,-30.4,-30.4,-30.8,-33.6,-33.0,-33.9,-35.8,-37.6,-38.2,-37.3,-35.4,504.1,504.4,504.5,504.3,503.9,503.7,503.4,503.6,508.3,505.6,503.2,502.0,502.6,504.1,505.7,504.2,502.7,502.4,503.5,505.7,504.6,504.5,504.6,504.7,504.9,505.0,505.0,504.8,518.4,519.3,520.8,522.1,522.4,521.5,520.0,518.8,518.9,518.1,517.8,518.7,521.4,524.9,528.2,525.0,521.7,519.4,518.2,518.4,520.4,521.0,521.6,522.0,521.9,521.3,520.7,520.3,28.8,-2.1,650.9,0.223,-0.162,0.006,220.0,220.6,222.3,225.1,229.9,237.3,246.3,256.6,267.1,275.8,282.2,288.0,293.1,296.8,299.2,301.0,301.5,229.9,236.4,245.1,253.9,261.9,277.4,284.1,290.7,297.0,300.8,269.9,270.9,271.9,273.0,261.8,266.3,270.8,274.8,278.3,239.4,244.7,251.0,256.1,250.8,244.5,278.8,283.8,289.5,293.3,290.0,284.4,252.8,260.2,266.5,270.1,273.9,278.5,282.2,278.5,274.0,269.9,265.9,259.7,255.8,266.1,269.9,273.7,280.0,273.7,269.9,266.0,162.1,173.8,185.2,196.3,206.7,215.8,223.3,228.9,230.1,227.7,221.1,213.0,203.9,193.9,183.3,172.4,161.3,155.2,150.5,149.3,150.7,153.5,152.9,149.6,148.0,148.7,152.8,162.2,170.0,177.8,185.8,190.8,192.2,193.3,192.0,190.3,163.2,160.3,160.3,164.1,165.6,165.8,163.4,159.2,159.0,161.6,164.3,164.6,206.0,203.7,202.1,203.1,201.8,203.1,204.9,210.2,212.5,213.1,212.9,210.9,206.3,205.8,206.0,205.4,205.4,206.7,207.4,207.0,-52.2,-51.5,-48.7,-44.0,-35.5,-22.4,-6.5,11.4,29.5,45.0,57.4,68.9,78.7,85.3,89.4,92.2,93.1,-33.2,-22.2,-7.9,6.3,19.1,44.5,56.1,67.8,79.4,87.3,32.3,33.6,35.0,36.3,19.1,26.4,33.7,40.5,46.4,-17.6,-8.7,1.7,10.1,1.4,-9.0,48.2,56.7,66.6,73.8,67.5,57.7,4.6,16.8,27.0,33.0,39.3,47.4,54.7,47.6,39.7,32.8,26.1,16.1,9.6,26.5,32.7,39.1,50.7,39.1,32.7,26.3,-44.2,-24.0,-4.0,15.6,34.0,49.8,62.5,71.5,73.5,70.3,60.0,46.2,29.9,11.6,-7.6,-27.3,-47.3,-53.3,-60.5,-61.9,-59.4,-54.6,-56.3,-62.3,-65.8,-65.6,-59.6,-41.1,-28.2,-15.5,-2.7,5.3,7.6,9.5,7.3,4.5,-40.1,-44.8,-44.7,-38.5,-36.0,-35.8,-40.2,-47.5,-48.1,-44.1,-39.2,-38.4,31.0,26.6,23.8,25.5,23.5,26.0,29.5,37.9,41.4,42.2,41.8,38.7,31.3,30.0,30.5,29.6,30.3,31.7,32.7,32.1,678.7,682.9,687.7,690.8,690.8,688.2,682.2,674.3,673.5,682.5,697.0,708.5,713.0,711.6,709.1,706.7,705.4,645.5,638.6,633.6,629.7,627.8,634.8,642.2,651.0,660.6,671.1,634.2,628.8,622.9,617.5,634.6,633.5,633.1,636.3,640.0,645.5,642.0,642.3,643.9,643.0,642.7,652.7,654.7,658.7,665.5,659.5,655.6,653.1,642.3,638.3,639.5,641.5,650.5,664.0,653.0,646.0,643.6,642.7,645.6,650.8,641.8,642.5,645.0,660.0,645.0,642.5,642.0,0.595,0.23,-0.215,0.017,267.229,186.032,-3.7,8.489,-13.411,18.433,6.26,0.649,-4.853,3.893,4.443,-3.137,-0.248,0.899,0.703,-1.727,-0.939,-0.086,0.394,0.86,-0.991,-0.879,0.448,-0.245,-0.256,-0.417,0.16,-0.057,0.104,0.027,-0.092,-0.003,-0.029,0.006,0.008,0.003,0.58,0.1,0.0,0.94,0.0,0.0,0.02,0.0,0.0,0.2,0.0,0.0,0.0,0.0,0.0,0.0,0.0,0.0,1.0,0.0,1.0,0.0,0.0,0.0,0.0,0.0,0.0,0.0,0.0,0.0,0.0,0.0,0.0,1.0,0.0
PP133,g1,1640,0,0.975,0.185212,0.19372,-0.963415,0.029281,0.193228,-0.980717,0.11,0.196,243.2,244.6,247.8,251.0,252.4,251.2,247.8,244.6,238.9,240.9,243.8,247.3,250.9,253.6,255.4,253.3,250.2,247.0,243.8,241.0,246.4,247.8,249.2,249.8,249.2,247.8,246.4,245.8,281.3,282.3,285.1,288.1,289.6,288.7,285.9,282.6,278.3,280.2,282.9,286.2,289.2,291.4,292.6,291.5,289.5,286.9,283.8,280.7,284.1,285.5,286.7,287.1,286.4,285.1,283.9,283.5,161.8,158.5,157.1,158.5,161.8,165.3,166.5,165.1,163.3,161.4,160.3,159.7,160.3,161.8,163.9,165.1,165.6,165.8,165.5,164.7,163.3,163.9,163.3,161.9,160.4,159.8,160.4,161.9,160.8,157.6,156.1,157.2,160.3,163.5,165.0,164.2,163.2,160.9,159.2,158.4,158.8,159.8,161.5,163.1,164.0,164.4,164.4,164.2,162.1,162.6,161.9,160.5,159.2,158.7,159.3,160.8,-8.7,-7.0,-2.8,1.3,3.0,1.6,-2.9,-7.0,-14.4,-11.8,-8.0,-3.4,1.1,4.6,7.0,4.2,0.3,-3.9,-8.0,-11.7,-4.7,-2.8,-1.0,-0.3,-1.0,-2.8,-4.7,-5.4,41.5,42.8,46.7,50.8,52.9,51.6,47.7,43.2,37.5,40.0,43.5,48.0,52.3,55.5,57.5,55.7,52.7,49.0,44.8,40.6,45.4,47.2,48.9,49.5,48.6,46.7,45.1,44.5,-33.1,-37.4,-39.2,-37.4,-33.1,-28.6,-27.1,-28.9,-31.5,-33.7,-35.1,-35.7,-35.0,-33.1,-30.5,-28.9,-28.2,-27.9,-28.3,-29.5,-31.2,-30.4,-31.2,-33.1,-35.0,-35.7,-35.0,-33.1,-35.3,-39.7,-41.8,-40.4,-36.3,-31.9,-29.8,-30.9,-32.3,-35.2,-37.4,-38.6,-38.3,-37.2,-35.0,-32.8,-31.4,-30.6,-30.5,-30.9,-33.8,-33.1,-34.1,-36.0,-37.8,-38.4,-37.5,-35.5,503.6,504.0,504.1,503.8,503.4,503.3,503.0,503.2,507.9,505.2,502.8,501.6,502.2,503.6,505.3,503.7,502.2,501.9,503.1,505.3,504.2,504.1,504.1,504.3,504.5,504.6,504.5,504.4,517.4,518.3,519.8,521.1,521.4,520.5,518.9,517.8,517.9,517.1,516.8,517.7,520.4,523.8,527.2,524.0,520.7,518.3,517.2,517.4,519.4,519.9,520.6,521.0,520.9,520.3,519.7,519.3,28.0,-2.3,651.2,0.218,-0.158,0.0,219.5,220.1,222.0,224.9,229.8,237.2,246.3,256.5,267.0,275.6,282.0,287.9,292.9,296.5,298.9,300.6,301.0,229.2,235.7,244.4,253.2,261.3,276.7,283.5,290.1,296.4,300.2,269.3,270.3,271.4,272.4,261.3,265.8,270.3,274.4,277.9,238.8,244.1,250.4,255.5,250.3,243.9,278.2,283.2,288.9,292.8,289.4,283.8,252.4,259.8,266.1,269.7,273.4,278.0,281.8,278.0,273.6,269.5,265.5,259.4,255.4,265.7,269.5,273.2,279.6,273.2,269.4,265.6,162.1,173.8,185.4,196.5,206.9,215.9,223.3,228.8,229.9,227.5,220.8,212.7,203.6,193.7,183.2,172.4,161.3,155.3,150.5,149.2,150.5,153.4,152.7,149.5,147.9,148.6,152.7,162.0,169.9,177.6,185.6,190.7,192.1,193.2,191.8,190.1,163.2,160.2,160.2,164.0,165.5,165.7,163.3,159.0,158.8,161.4,164.1,164.4,205.9,203.6,202.0,203.0,201.7,203.0,204.7,209.9,212.2,212.9,212.7,210.7,206.1,205.6,205.9,205.3,205.2,206.4,207.1,206.9,-53.2,-52.3,-49.3,-44.5,-35.7,-22.5,-6.5,11.3,29.3,44.8,57.1,68.7,78.3,84.7,88.7,91.5,92.2,-34.5,-23.5,-9.1,5.2,18.1,43.5,55.1,66.8,78.5,86.4,31.4,32.7,34.1,35.5,18.3,25.6,32.9,39.7,45.7,-18.5,-9.7,0.7,9.1,0.4,-10.0,47.2,55.7,65.6,73.0,66.6,56.8,4.0,16.2,26.3,32.2,38.5,46.6,54.0,46.9,39.0,32.2,25.5,15.5,8.9,25.9,32.0,38.4,50.0,38.4,32.0,25.7,-44.2,-23.9,-3.8,15.9,34.3,50.1,62.6,71.4,73.2,69.9,59.5,45.7,29.5,11.3,-7.8,-27.4,-47.3,-53.2,-60.6,-62.2,-59.6,-54.8,-56.5,-62.5,-66.1,-65.9,-59.9,-41.4,-28.4,-15.7,-2.9,5.1,7.4,9.2,7.0,4.2,-40.3,-45.0,-45.0,-38.7,-36.2,-35.9,-40.5,-47.8,-48.4,-44.4,-39.5,-38.7,30.8,26.4,23.6,25.3,23.3,25.8,29.2,37.5,40.9,41.8,41.4,38.4,31.0,29.8,30.2,29.3,29.9,31.3,32.3,31.8,680.4,684.6,689.2,692.1,691.9,689.0,682.8,674.7,673.8,682.6,697.0,708.5,713.0,711.5,709.2,706.9,705.7,646.7,639.7,634.5,630.4,628.3,635.3,642.7,651.6,661.2,671.8,634.7,629.2,623.1,617.5,634.9,633.8,633.3,636.4,640.1,646.4,642.8,643.0,644.6,643.7,643.5,653.2,655.3,659.3,666.0,660.0,656.1,653.7,642.8,638.7,639.9,641.8,650.8,664.3,653.1,646.1,643.7,642.9,645.9,651.3,642.1,642.8,645.3,660.3,645.2,642.7,642.3,0.595,0.226,-0.209,0.011,266.773,185.91,-2.819,9.671,-13.137,18.724,6.911,1.068,-5.088,3.86,4.688,-3.083,-0.294,1.077,0.705,-1.816,-0.906,-0.211,0.357,0.898,-1.035,-0.602,0.475,-0.362,-0.248,-0.375,0.137,-0.054,0.103,0.031,-0.104,-0.009,-0.033,0.007,0.011,0.004,0.55,0.2,0.0,0.71,0.0,0.0,0.0,0.0,0.0,0.46,0.0,0.0,0.0,0.0,0.0,0.0,0.0,0.0,1.0,0.0,1.0,0.0,0.0,0.0,0.0,0.0,1.0,0.0,0.0,0.0,0.0,0.0,0.0,1.0,0.0
PP133,g1,1646,0,0.975,0.182836,0.19292,-0.964029,0.028905,0.192151,-0.98094,0.108,0.195,242.8,244.2,247.4,250.6,252.0,250.8,247.4,244.2,238.6,240.5,243.4,246.9,250.5,253.2,255.0,252.9,249.8,246.6,243.4,240.6,246.0,247.4,248.8,249.4,248.8,247.4,246.0,245.4,280.9,281.8,284.6,287.6,289.1,288.2,285.4,282.1,277.8,279.7,282.4,285.8,288.8,290.9,292.2,291.0,289.0,286.4,283.3,280.2,283.6,285.0,286.2,286.6,285.9,284.6,283.4,283.0,161.8,158.5,157.1,158.5,161.8,165.3,166.5,165.1,163.3,161.4,160.2,159.7,160.3,161.8,163.9,165.1,165.6,165.8,165.5,164.7,163.3,163.9,163.3,161.9,160.4,159.8,160.4,161.9,160.9,157.6,156.1,157.2,160.3,163.6,165.1,164.2,163.2,161.0,159.3,158.4,158.8,159.9,161.6,163.1,164.0,164.5,164.5,164.2,162.2,162.7,162.0,160.6,159.2,158.7,159.4,160.8,-9.2,-7.5,-3.3,0.8,2.5,1.1,-3.4,-7.5,-14.9,-12.2,-8.5,-3.9,0.6,4.1,6.5,3.7,-0.2,-4.4,-8.5,-12.2,-5.2,-3.3,-1.5,-0.8,-1.5,-3.3,-5.2,-5.9,40.8,42.1,45.9,50.1,52.2,50.8,47.0,42.5,36.8,39.3,42.8,47.3,51.5,54.7,56.8,54.9,51.9,48.2,44.1,39.9,44.7,46.5,48.2,48.7,47.9,46.0,44.3,43.8,-33.2,-37.4,-39.2,-37.4,-33.2,-28.6,-27.1,-28.9,-31.5,-33.7,-35.1,-35.8,-35.0,-33.1,-30.5,-28.9,-28.2,-27.9,-28.3,-29.5,-31.2,-30.5,-31.2,-33.1,-35.0,-35.8,-35.0,-33.1,-35.2,-39.6,-41.7,-40.3,-36.2,-31.8,-29.7,-30.8,-32.2,-35.1,-37.3,-38.4,-38.1,-37.0,-34.9,-32.6,-31.2,-30.5,-30.4,-30.8,-33.6,-33.0,-33.9,-35.8,-37.6,-38.3,-37.3,-35.4,504.0,504.3,504.4,504.1,503.7,503.6,503.3,503.5,508.2,505.6,503.1,501.9,502.5,503.9,505.5,504.0,502.5,502.2,503.4,505.7,504.5,504.4,504.4,504.6,504.8,504.9,504.8,504.7,516.5,517.4,518.9,520.2,520.5,519.6,518.0,516.9,517.0,516.1,515.9,516.8,519.4,522.9,526.3,523.1,519.8,517.4,516.3,516.4,518.5,519.0,519.7,520.1,520.0,519.4,518.8,518.4,27.3,-2.2,651.0,0.218,-0.154,0.0,219.1,219.8,221.7,224.6,229.5,236.9,245.9,256.1,266.6,275.3,281.7,287.5,292.5,296.1,298.4,300.1,300.6,228.8,235.2,244.0,252.8,260.8,276.2,283.0,289.6,296.0,299.8,268.8,269.8,270.8,271.9,260.8,265.3,269.8,273.9,277.4,238.4,243.7,250.0,255.1,249.9,243.5,277.7,282.7,288.4,292.3,289.0,283.3,252.0,259.4,265.6,269.2,272.9,277.5,281.3,277.5,273.0,269.0,265.0,258.9,255.0,265.2,269.0,272.7,279.0,272.7,268.9,265.2,162.0,173.8,185.4,196.5,207.0,216.1,223.5,229.0,230.1,227.7,221.0,212.8,203.7,193.7,183.2,172.4,161.3,155.4,150.5,149.2,150.5,153.5,152.8,149.6,148.0,148.7,152.9,162.0,169.9,177.7,185.7,190.7,192.1,193.3,191.9,190.2,163.2,160.2,160.2,164.1,165.5,165.7,163.3,159.0,158.9,161.5,164.2,164.5,206.0,203.7,202.1,203.1,201.8,203.1,204.8,210.1,212.4,213.0,212.8,210.9,206.3,205.7,206.0,205.4,205.4,206.6,207.3,207.0,-53.8,-53.0,-49.9,-45.0,-36.3,-23.1,-7.2,10.6,28.6,44.1,56.5,68.0,77.6,83.9,87.9,90.6,91.4,-35.1,-24.2,-9.8,4.5,17.4,42.7,54.3,66.1,77.8,85.5,30.6,31.9,33.2,34.6,17.5,24.8,32.1,38.9,44.8,-19.1,-10.4,0.0,8.5,-0.2,-10.7,46.4,54.9,64.8,72.1,65.8,55.9,3.3,15.4,25.5,31.4,37.6,45.7,53.1,46.0,38.1,31.3,24.7,14.7,8.3,25.0,31.2,37.5,49.1,37.5,31.2,24.9,-44.5,-24.1,-3.8,16.0,34.6,50.4,63.0,71.7,73.5,70.2,59.7,45.9,29.5,11.3,-7.8,-27.3,-47.2,-53.1,-60.5,-62.2,-59.6,-54.8,-56.5,-62.4,-65.9,-65.7,-59.5,-41.4,-28.4,-15.6,-2.8,5.2,7.5,9.3,7.2,4.4,-40.3,-45.0,-45.0,-38.7,-36.2,-35.9,-40.4,-47.7,-48.3,-44.3,-39.4,-38.6,31.0,26.6,23.8,25.5,23.5,26.0,29.5,37.7,41.2,42.0,41.6,38.6,31.3,30.0,30.4,29.5,30.2,31.5,32.5,32.0,680.7,685.0,689.7,692.5,692.2,689.2,683.0,674.8,673.8,682.6,696.9,708.3,712.6,711.1,708.6,706.2,705.0,646.9,639.8,634.6,630.4,628.3,635.2,642.5,651.4,661.0,671.5,634.7,629.1,623.0,617.4,634.9,633.7,633.1,636.2,640.0,646.3,642.8,643.0,644.5,643.6,643.5,653.0,655.1,659.0,665.6,659.7,655.9,653.6,642.7,638.6,639.7,641.6,650.5,664.0,652.8,645.9,643.6,642.8,645.8,651.2,642.0,642.6,645.2,659.9,645.0,642.5,642.1,0.595,0.225,-0.204,0.011,266.325,185.992,-3.041,10.544,-13.402,19.519,6.442,1.092,-4.815,3.554,4.674,-3.318,-0.46,1.004,0.831,-1.704,-0.815,-0.072,0.501,0.913,-0.984,-0.597,0.498,-0.354,-0.284,-0.347,0.189,-0.061,0.101,0.03,-0.099,-0.005,-0.027,0.001,0.004,0.003,0.28,0.0,0.0,0.55,0.0,0.0,0.0,0.0,0.0,0.36,0.0,0.0,0.0,0.0,0.0,0.0,0.0,0.0,1.0,0.0,1.0,0.0,0.0,0.0,0.0,0.0,0.0,0.0,0.0,0.0,0.0,0.0,0.0,1.0,0.0
PP133,g1,1652,0,0.975,0.174555,0.177642,-0.968491,0.028513,0.178363,-0.983552,0.104,0.18,242.1,243.4,246.6,249.8,251.2,250.2,246.7,243.5,237.9,239.8,242.7,246.1,249.7,252.4,254.3,252.2,249.1,245.9,242.7,239.9,245.3,246.7,248.1,248.7,248.1,246.7,245.3,244.7,280.1,281.0,283.8,286.9,288.4,287.5,284.7,281.4,277.1,279.0,281.7,285.0,288.0,290.1,291.4,290.3,288.3,285.7,282.6,279.5,282.9,284.2,285.5,285.9,285.2,283.8,282.6,282.2,162.2,158.9,157.5,158.8,162.0,165.6,166.8,165.5,163.7,161.9,160.6,160.0,160.6,162.0,164.1,165.3,165.8,166.1,165.9,165.2,163.7,164.2,163.6,162.2,160.7,160.2,160.8,162.2,160.9,157.6,156.1,157.2,160.3,163.6,165.1,164.2,163.2,161.0,159.3,158.4,158.8,159.9,161.6,163.1,164.0,164.5,164.5,164.2,162.2,162.7,162.0,160.6,159.2,158.7,159.4,160.8,-10.2,-8.5,-4.4,-0.2,1.6,0.2,-4.2,-8.4,-15.8,-13.2,-9.5,-5.0,-0.4,3.1,5.6,2.8,-1.1,-5.3,-9.4,-13.1,-6.1,-4.2,-2.4,-1.7,-2.5,-4.3,-6.1,-6.9,39.8,41.1,44.9,49.1,51.2,49.9,46.1,41.6,35.8,38.3,41.8,46.4,50.6,53.8,55.9,54.0,51.0,47.3,43.2,39.0,43.7,45.5,47.2,47.8,46.9,45.1,43.4,42.8,-32.8,-37.1,-38.9,-37.2,-33.0,-28.4,-26.8,-28.5,-31.0,-33.3,-34.7,-35.5,-34.8,-33.0,-30.4,-28.7,-28.0,-27.6,-28.0,-29.0,-30.9,-30.2,-31.0,-32.9,-34.7,-35.5,-34.7,-32.8,-35.2,-39.6,-41.7,-40.3,-36.2,-31.8,-29.7,-30.8,-32.2,-35.1,-37.3,-38.5,-38.2,-37.0,-34.9,-32.7,-31.3,-30.6,-30.5,-30.8,-33.6,-33.0,-33.9,-35.9,-37.7,-38.3,-37.4,-35.4,505.9,506.2,506.2,505.8,505.4,505.3,505.0,505.4,510.2,507.5,505.0,503.7,504.2,505.5,507.1,505.6,504.2,504.0,505.3,507.6,506.3,506.2,506.2,506.3,506.5,506.7,506.7,506.5,517.0,517.9,519.5,520.7,520.9,520.0,518.4,517.3,517.4,516.6,516.4,517.3,520.0,523.4,526.7,523.5,520.2,517.8,516.7,516.9,518.9,519.5,520.2,520.6,520.5,519.9,519.3,518.8,26.6,-1.3,648.0,0.192,-0.148,-0.014,218.8,219.6,221.7,224.8,229.8,237.2,246.2,256.5,267.1,275.8,282.2,287.9,292.6,296.0,298.2,299.7,300.1,228.1,234.4,243.0,251.7,259.7,275.4,282.1,288.6,295.0,298.9,268.0,269.1,270.2,271.4,260.3,264.9,269.5,273.5,277.0,237.8,243.0,249.2,254.4,249.2,242.9,277.0,282.0,287.7,291.6,288.2,282.6,252.0,259.3,265.4,269.0,272.8,277.4,281.2,277.6,273.1,269.1,265.0,259.0,255.0,265.1,268.9,272.7,279.0,272.7,268.9,265.1,163.0,174.9,186.6,197.9,208.5,217.7,225.3,230.7,231.7,229.2,222.5,214.1,204.8,194.6,183.9,173.0,161.8,156.0,151.0,149.5,150.8,153.5,152.8,149.5,147.9,148.6,152.8,162.0,169.9,177.7,185.8,191.0,192.4,193.5,192.1,190.2,163.7,160.5,160.5,164.2,165.8,166.1,163.3,159.1,158.9,161.5,164.2,164.5,206.8,204.2,202.5,203.4,202.1,203.5,205.4,210.6,212.8,213.5,213.3,211.5,207.0,206.2,206.4,205.7,205.9,207.0,207.8,207.5,-54.3,-53.2,-49.8,-44.6,-35.7,-22.4,-6.7,11.2,29.2,44.9,57.2,68.3,77.4,83.3,86.9,89.4,89.9,-36.2,-25.5,-11.3,2.8,15.5,41.1,52.6,64.3,75.9,83.7,29.2,30.6,32.1,33.6,16.7,24.0,31.4,38.2,44.1,-20.1,-11.6,-1.2,7.3,-1.4,-11.7,45.0,53.5,63.3,70.6,64.4,54.6,3.4,15.1,25.0,31.0,37.2,45.4,52.8,45.8,38.0,31.2,24.6,14.8,8.3,24.7,30.9,37.3,48.7,37.3,30.9,24.6,-42.6,-22.1,-1.6,18.3,37.1,53.1,65.7,74.3,75.8,72.5,62.1,48.0,31.4,12.9,-6.4,-26.1,-46.2,-52.1,-59.8,-61.6,-59.2,-54.5,-56.3,-62.3,-65.8,-65.6,-59.4,-41.4,-28.3,-15.5,-2.7,5.7,7.9,9.7,7.4,4.5,-39.4,-44.3,-44.4,-38.3,-35.7,-35.2,-40.3,-47.6,-48.2,-44.1,-39.3,-38.6,32.2,27.3,24.3,25.9,23.9,26.4,30.2,38.3,41.7,42.6,42.3,39.5,32.3,30.5,30.9,29.9,30.9,32.0,33.2,32.7,679.3,683.5,687.9,690.4,689.7,686.3,679.7,671.1,669.8,678.6,693.1,704.7,709.0,707.4,704.7,702.1,701.0,645.6,638.7,633.4,629.3,627.2,633.8,641.1,649.6,658.9,669.2,632.9,627.0,620.6,614.7,632.4,630.9,630.1,633.2,637.2,644.8,641.4,641.5,642.9,642.0,642.0,651.1,653.3,657.0,663.4,657.5,653.8,650.4,639.3,635.5,636.6,638.5,647.2,660.3,649.0,642.2,639.8,639.1,642.0,647.9,638.7,639.3,641.9,656.3,641.7,639.2,638.8,0.597,0.202,-0.196,-0.005,266.009,186.507,-5.048,11.805,-13.624,21.613,3.792,2.096,-4.586,4.275,4.955,-4.586,-0.713,0.926,0.203,-1.849,-0.212,-0.477,0.322,1.154,-1.133,-0.648,0.2,-0.161,-0.391,-0.687,0.191,0.056,0.135,0.039,-0.1,-0.015,-0.028,-0.018,0.014,0.002,0.55,0.26,0.0,0.76,0.0,0.0,0.0,0.0,0.0,0.05,0.0,0.0,0.0,0.0,0.0,0.0,0.0,0.0,1.0,0.0,1.0,0.0,0.0,0.0,0.0,0.0,0.0,0.0,0.0,0.0,0.0,0.0,0.0,1.0,0.0
PP133,g1,1658,0,0.975,0.172655,0.170589,-0.970098,0.030814,0.171862,-0.984639,0.104,0.173,242.4,243.6,246.8,250.0,251.4,250.4,247.0,243.7,238.2,240.1,242.9,246.3,249.9,252.6,254.5,252.4,249.4,246.1,243.0,240.2,245.5,247.0,248.4,248.9,248.3,246.9,245.5,244.9,280.3,281.1,283.9,287.0,288.5,287.6,284.9,281.5,277.2,279.1,281.8,285.1,288.1,290.3,291.6,290.4,288.5,285.9,282.8,279.6,283.1,284.4,285.6,286.0,285.3,284.0,282.8,282.4,162.4,159.0,157.6,158.9,162.1,165.7,166.9,165.6,163.9,162.0,160.8,160.1,160.7,162.1,164.2,165.4,165.9,166.2,166.0,165.3,163.8,164.3,163.7,162.3,160.9,160.3,160.9,162.4,160.9,157.6,156.1,157.3,160.3,163.6,165.1,164.2,163.2,161.0,159.3,158.5,158.8,159.9,161.6,163.1,164.0,164.4,164.4,164.2,162.2,162.7,162.0,160.6,159.2,158.8,159.4,160.8,-9.9,-8.3,-4.1,0.0,1.8,0.5,-3.9,-8.1,-15.4,-12.9,-9.2,-4.7,-0.1,3.4,5.9,3.1,-0.8,-5.0,-9.1,-12.7,-5.8,-3.9,-2.1,-1.4,-2.2,-4.0,-5.9,-6.6,40.1,41.4,45.2,49.4,51.5,50.2,46.3,41.8,36.1,38.6,42.1,46.6,50.9,54.1,56.1,54.3,51.3,47.6,43.4,39.3,44.0,45.8,47.5,48.1,47.2,45.3,43.6,43.1,-32.6,-36.9,-38.8,-37.1,-32.9,-28.2,-26.7,-28.4,-30.8,-33.1,-34.6,-35.3,-34.6,-32.9,-30.3,-28.6,-27.8,-27.5,-27.8,-28.8,-30.8,-30.0,-30.9,-32.7,-34.6,-35.3,-34.5,-32.6,-35.3,-39.6,-41.8,-40.4,-36.3,-31.9,-29.8,-30.8,-32.2,-35.1,-37.3,-38.5,-38.2,-37.1,-35.0,-32.7,-31.4,-30.6,-30.5,-30.9,-33.7,-33.1,-34.0,-35.9,-37.7,-38.3,-37.4,-35.5,506.5,506.8,506.7,506.4,505.9,505.8,505.6,506.0,510.8,508.1,505.6,504.3,504.7,506.0,507.6,506.2,504.8,504.6,505.8,508.2,506.9,506.7,506.7,506.9,507.1,507.2,507.3,507.1,517.8,518.8,520.4,521.6,521.8,520.9,519.3,518.1,518.3,517.5,517.3,518.2,520.9,524.3,527.6,524.4,521.1,518.7,517.6,517.7,519.8,520.3,521.0,521.5,521.4,520.8,520.1,519.7,27.3,-1.1,647.1,0.179,-0.148,-0.021,219.0,219.9,222.1,225.2,230.3,237.7,246.8,257.2,267.9,276.7,283.0,288.6,293.1,296.3,298.4,299.9,300.2,228.3,234.6,243.3,252.0,259.9,275.4,282.1,288.7,295.0,298.9,268.2,269.3,270.5,271.7,260.8,265.3,269.9,274.0,277.4,238.1,243.2,249.4,254.7,249.4,243.1,277.2,282.1,287.8,291.7,288.4,282.8,252.8,259.9,266.0,269.6,273.4,277.9,281.7,278.2,273.8,269.8,265.8,259.8,255.8,265.7,269.5,273.3,279.5,273.3,269.5,265.7,163.3,175.2,186.9,198.2,208.9,218.1,225.7,231.2,232.2,229.6,222.8,214.4,205.1,194.8,184.2,173.2,162.0,156.3,151.1,149.7,150.9,153.7,152.9,149.6,148.0,148.6,152.9,162.0,169.8,177.6,185.6,191.0,192.4,193.5,192.0,190.2,163.8,160.7,160.6,164.3,165.9,166.2,163.3,159.1,158.9,161.5,164.1,164.5,207.1,204.3,202.5,203.4,202.1,203.5,205.5,210.6,212.9,213.6,213.4,211.7,207.2,206.2,206.4,205.7,206.0,207.0,207.8,207.6,-53.9,-52.7,-49.1,-43.8,-34.8,-21.5,-5.6,12.4,30.6,46.3,58.5,69.5,78.3,83.8,87.3,89.6,89.9,-35.8,-25.2,-10.9,3.2,16.0,41.2,52.6,64.3,75.9,83.8,29.5,31.0,32.6,34.2,17.4,24.7,32.1,38.8,44.7,-19.7,-11.2,-0.9,7.7,-1.0,-11.3,45.3,53.7,63.6,70.8,64.6,54.9,4.7,16.2,25.9,31.9,38.1,46.2,53.5,46.8,39.1,32.3,25.7,16.0,9.6,25.7,31.8,38.2,49.4,38.3,31.9,25.7,-42.0,-21.5,-1.0,18.9,37.7,53.7,66.4,74.9,76.4,73.1,62.6,48.6,31.9,13.3,-6.0,-25.8,-45.8,-51.6,-59.4,-61.3,-59.0,-54.3,-56.1,-62.2,-65.7,-65.5,-59.3,-41.3,-28.3,-15.7,-2.9,5.7,7.9,9.6,7.3,4.4,-39.0,-44.0,-44.2,-38.1,-35.5,-35.0,-40.3,-47.5,-48.1,-44.1,-39.3,-38.6,32.6,27.5,24.3,25.9,23.8,26.4,30.4,38.3,41.6,42.6,42.3,39.7,32.7,30.5,30.8,29.9,31.1,32.0,33.2,32.8,679.0,683.2,687.5,689.9,689.0,685.3,678.6,669.7,668.5,677.5,692.3,704.1,708.6,706.9,704.2,701.5,700.3,645.4,638.5,633.2,629.1,627.1,633.6,640.9,649.5,658.9,669.2,632.7,626.5,619.9,613.8,631.5,630.1,629.3,632.4,636.4,644.5,641.2,641.3,642.6,641.8,641.7,651.0,653.2,657.0,663.3,657.4,653.7,649.0,637.8,634.1,635.3,637.3,645.8,659.0,647.6,640.9,638.5,637.6,640.5,646.5,637.4,638.0,640.6,654.8,640.5,637.9,637.4,0.598,0.191,-0.197,-0.012,266.423,186.639,-3.589,12.498,-14.149,22.524,2.091,1.7,-4.222,5.007,5.278,-5.138,-0.699,0.37,-0.191,-1.742,-0.033,-0.595,0.11,1.174,-1.043,-0.526,0.177,0.033,-0.466,-0.772,0.23,0.126,0.148,0.024,-0.095,-0.028,-0.036,-0.028,0.01,0.006,0.5,0.12,0.0,0.82,0.0,0.0,0.0,0.0,0.0,0.0,0.0,0.0,0.0,0.0,0.0,0.0,0.0,0.0,1.0,0.0,1.0,0.0,0.0,0.0,0.0,0.0,0.0,0.0,0.0,0.0,0.0,0.0,0.0,1.0,0.0
PP133,g1,1664,0,0.975,0.181344,0.184166,-0.966021,0.028804,0.184743,-0.982365,0.107,0.187,242.2,243.5,246.7,249.9,251.3,250.2,246.7,243.5,237.9,239.9,242.7,246.2,249.8,252.5,254.3,252.2,249.2,245.9,242.7,239.9,245.3,246.8,248.2,248.7,248.1,246.7,245.3,244.8,280.2,281.2,284.0,287.0,288.5,287.6,284.8,281.5,277.2,279.1,281.8,285.2,288.2,290.3,291.6,290.4,288.4,285.8,282.8,279.6,283.0,284.4,285.6,286.0,285.3,284.0,282.8,282.4,162.0,158.7,157.3,158.7,161.9,165.5,166.6,165.3,163.5,161.7,160.5,159.9,160.5,162.0,164.1,165.3,165.7,166.0,165.7,165.0,163.5,164.1,163.5,162.0,160.6,160.0,160.6,162.1,160.9,157.7,156.2,157.3,160.4,163.7,165.2,164.3,163.2,161.0,159.4,158.5,158.9,159.9,161.7,163.2,164.1,164.5,164.5,164.3,162.2,162.7,162.1,160.6,159.3,158.8,159.4,160.9,-10.1,-8.4,-4.3,-0.1,1.6,0.2,-4.2,-8.4,-15.8,-13.1,-9.4,-4.8,-0.3,3.2,5.6,2.8,-1.1,-5.3,-9.4,-13.1,-6.0,-4.2,-2.4,-1.6,-2.4,-4.2,-6.1,-6.8,40.1,41.4,45.2,49.4,51.5,50.1,46.3,41.8,36.1,38.6,42.1,46.6,50.8,54.0,56.1,54.2,51.3,47.6,43.4,39.2,43.9,45.8,47.5,48.0,47.1,45.3,43.6,43.1,-33.0,-37.2,-39.1,-37.3,-33.0,-28.4,-27.0,-28.7,-31.3,-33.5,-34.9,-35.6,-34.8,-33.0,-30.4,-28.8,-28.1,-27.8,-28.2,-29.3,-31.1,-30.3,-31.1,-33.0,-34.8,-35.6,-34.8,-32.9,-35.2,-39.6,-41.7,-40.3,-36.2,-31.8,-29.7,-30.8,-32.2,-35.1,-37.2,-38.4,-38.1,-37.0,-34.9,-32.6,-31.2,-30.5,-30.5,-30.8,-33.6,-33.0,-33.9,-35.8,-37.6,-38.3,-37.3,-35.4,505.4,505.8,505.9,505.6,505.1,505.0,504.7,505.0,509.7,507.1,504.6,503.4,503.9,505.3,506.9,505.4,503.9,503.7,504.8,507.1,506.0,505.8,505.9,506.0,506.2,506.3,506.3,506.2,517.5,518.5,520.0,521.3,521.5,520.6,519.0,517.9,518.0,517.2,517.0,517.9,520.5,524.0,527.3,524.1,520.8,518.4,517.3,517.5,519.5,520.1,520.7,521.1,521.0,520.5,519.8,519.4,26.4,-1.7,649.9,0.202,-0.152,-0.006,218.5,219.3,221.3,224.2,229.2,236.7,245.7,255.9,266.4,275.1,281.5,287.3,292.3,295.8,298.1,299.7,300.2,228.2,234.6,243.3,252.1,260.0,275.5,282.3,288.9,295.2,299.2,268.2,269.1,270.2,271.3,260.2,264.7,269.3,273.4,276.9,237.8,243.0,249.3,254.5,249.2,242.9,277.1,282.1,287.8,291.7,288.4,282.7,251.5,258.8,265.0,268.7,272.5,277.1,280.9,277.2,272.7,268.6,264.5,258.4,254.5,264.7,268.5,272.3,278.7,272.3,268.5,264.6,162.7,174.6,186.2,197.4,208.0,217.1,224.5,229.9,231.0,228.5,221.8,213.6,204.4,194.3,183.6,172.7,161.5,155.7,150.8,149.5,150.7,153.6,152.8,149.6,148.0,148.7,152.9,162.0,169.8,177.7,185.7,190.8,192.2,193.3,192.0,190.2,163.4,160.4,160.4,164.2,165.7,165.9,163.4,159.1,158.9,161.6,164.2,164.5,206.3,203.8,202.1,203.1,201.8,203.2,205.1,210.3,212.6,213.2,213.0,211.1,206.5,205.8,206.1,205.5,205.6,206.7,207.5,207.2,-54.8,-53.8,-50.7,-45.7,-36.8,-23.5,-7.6,10.2,28.2,43.7,56.1,67.5,76.9,83.2,87.0,89.7,90.4,-36.1,-25.2,-10.9,3.3,16.1,41.5,53.1,64.8,76.5,84.4,29.5,30.8,32.2,33.6,16.6,23.9,31.2,38.0,43.9,-20.2,-11.5,-1.1,7.4,-1.3,-11.7,45.4,53.9,63.7,71.0,64.7,54.9,2.5,14.5,24.6,30.6,36.9,45.0,52.4,45.3,37.4,30.5,23.8,13.9,7.5,24.2,30.4,36.8,48.3,36.8,30.3,24.0,-43.2,-22.7,-2.3,17.6,36.2,52.0,64.6,73.1,74.8,71.5,61.1,47.2,30.7,12.3,-7.0,-26.7,-46.8,-52.6,-60.1,-61.8,-59.4,-54.6,-56.4,-62.3,-65.8,-65.6,-59.4,-41.4,-28.4,-15.7,-2.9,5.4,7.6,9.4,7.2,4.4,-39.8,-44.6,-44.6,-38.5,-35.9,-35.6,-40.3,-47.6,-48.2,-44.1,-39.3,-38.6,31.5,26.8,23.9,25.5,23.5,26.1,29.8,38.1,41.4,42.3,41.9,39.0,31.7,30.1,30.5,29.6,30.6,31.7,32.8,32.3,680.3,684.4,689.0,691.6,691.0,687.9,681.5,673.1,672.0,680.8,695.2,706.6,711.0,709.5,707.1,704.7,703.6,646.8,639.9,634.8,630.6,628.6,635.2,642.5,651.1,660.5,670.9,634.4,628.7,622.5,616.8,634.1,632.8,632.2,635.3,639.1,646.1,642.7,642.9,644.2,643.4,643.3,652.6,654.7,658.5,664.9,659.1,655.3,652.5,641.6,637.5,638.7,640.6,649.3,662.5,651.5,644.6,642.3,641.5,644.5,650.1,640.9,641.4,644.0,658.6,643.9,641.4,641.0,0.596,0.211,-0.2,0.004,265.827,186.27,-4.974,10.65,-13.159,19.474,5.474,1.523,-4.675,3.01,4.593,-4.164,-0.051,0.85,0.569,-1.637,-0.64,-0.164,0.384,1.176,-1.049,-0.673,0.236,-0.296,-0.203,-0.501,0.079,-0.033,0.144,0.025,-0.101,-0.011,-0.026,-0.006,0.007,0.002,0.49,0.08,0.0,0.64,0.0,0.0,0.0,0.0,0.0,0.27,0.0,0.0,0.0,0.0,0.0,0.0,0.0,0.0,1.0,0.0,1.0,0.0,0.0,0.0,0.0,0.0,0.0,0.0,0.0,0.0,0.0,0.0,0.0,1.0,0.0
PP133,g1,1670,0,0.975,0.183959,0.191755,-0.964048,0.0273,0.192557,-0.980906,0.108,0.195,242.0,243.4,246.6,249.8,251.1,250.1,246.6,243.4,237.8,239.7,242.6,246.1,249.7,252.3,254.2,252.1,249.1,245.8,242.6,239.8,245.2,246.6,248.0,248.6,248.0,246.6,245.2,244.6,280.2,281.1,283.9,286.9,288.5,287.6,284.8,281.5,277.1,279.0,281.7,285.1,288.1,290.2,291.5,290.4,288.4,285.8,282.7,279.5,283.0,284.3,285.5,285.9,285.3,283.9,282.7,282.3,161.9,158.6,157.2,158.5,161.8,165.3,166.5,165.1,163.3,161.5,160.3,159.7,160.3,161.8,163.9,165.1,165.6,165.8,165.6,164.8,163.4,163.9,163.3,161.9,160.5,159.9,160.5,161.9,160.7,157.4,155.9,157.0,160.1,163.3,164.9,164.0,163.0,160.8,159.1,158.2,158.6,159.6,161.3,162.8,163.8,164.2,164.3,164.0,161.9,162.4,161.8,160.3,159.0,158.5,159.2,160.6,-10.3,-8.6,-4.4,-0.3,1.5,0.1,-4.4,-8.5,-15.9,-13.3,-9.6,-5.0,-0.4,3.0,5.5,2.7,-1.2,-5.4,-9.5,-13.2,-6.2,-4.4,-2.6,-1.8,-2.6,-4.4,-6.2,-7.0,40.0,41.2,45.1,49.2,51.3,50.0,46.2,41.7,36.0,38.4,41.9,46.4,50.7,53.9,56.0,54.1,51.1,47.4,43.3,39.1,43.8,45.7,47.4,47.9,47.0,45.2,43.5,42.9,-33.1,-37.4,-39.2,-37.5,-33.2,-28.6,-27.1,-28.8,-31.4,-33.7,-35.1,-35.7,-35.0,-33.2,-30.6,-28.9,-28.2,-27.9,-28.3,-29.4,-31.2,-30.5,-31.2,-33.1,-35.0,-35.7,-35.0,-33.1,-35.5,-39.9,-42.1,-40.7,-36.6,-32.2,-30.1,-31.1,-32.5,-35.4,-37.6,-38.8,-38.5,-37.4,-35.3,-33.1,-31.6,-30.9,-30.8,-31.1,-34.0,-33.4,-34.3,-36.2,-38.0,-38.6,-37.7,-35.8,504.4,504.8,504.8,504.6,504.2,504.0,503.7,504.0,508.7,506.0,503.6,502.4,502.9,504.3,506.0,504.5,503.0,502.7,503.9,506.1,505.0,504.9,504.9,505.0,505.2,505.3,505.3,505.2,517.3,518.2,519.7,520.9,521.2,520.3,518.8,517.6,517.8,516.9,516.7,517.6,520.2,523.6,527.0,523.8,520.5,518.1,517.0,517.2,519.2,519.8,520.4,520.8,520.7,520.2,519.5,519.1,26.3,-2.4,651.4,0.216,-0.154,-0.006,218.5,219.2,221.2,224.1,229.0,236.5,245.5,255.8,266.2,274.9,281.3,287.2,292.2,295.8,298.1,299.7,300.2,228.0,234.5,243.2,252.0,260.0,275.4,282.1,288.8,295.1,299.1,268.0,269.0,270.1,271.2,260.1,264.6,269.2,273.2,276.8,237.6,242.9,249.2,254.3,249.1,242.7,277.1,282.0,287.7,291.7,288.3,282.7,251.4,258.8,265.0,268.6,272.4,277.0,280.9,277.1,272.6,268.5,264.5,258.3,254.4,264.7,268.4,272.2,278.7,272.2,268.4,264.6,162.4,174.1,185.5,196.6,207.0,216.0,223.4,228.9,229.9,227.5,220.9,212.7,203.6,193.6,183.0,172.1,161.0,155.4,150.6,149.3,150.6,153.4,152.6,149.3,147.6,148.3,152.4,161.9,169.7,177.5,185.5,190.6,191.9,193.0,191.7,189.9,163.3,160.2,160.2,164.0,165.5,165.7,163.1,158.8,158.6,161.2,163.9,164.3,205.9,203.5,201.8,202.8,201.5,202.8,204.5,209.8,212.2,212.8,212.6,210.7,206.1,205.5,205.7,205.1,205.1,206.4,207.1,206.8,-55.0,-54.0,-50.9,-46.0,-37.2,-23.9,-7.9,10.0,27.9,43.5,55.9,67.4,77.1,83.4,87.3,90.0,90.6,-36.4,-25.4,-11.1,3.2,16.0,41.3,52.9,64.6,76.4,84.4,29.3,30.6,32.1,33.5,16.5,23.8,31.1,37.9,43.9,-20.5,-11.7,-1.3,7.2,-1.5,-12.0,45.3,53.8,63.7,71.0,64.7,54.9,2.3,14.4,24.5,30.5,36.8,45.0,52.6,45.4,37.4,30.5,23.8,13.8,7.3,24.1,30.3,36.8,48.5,36.8,30.3,24.0,-43.8,-23.6,-3.4,16.2,34.6,50.3,62.8,71.5,73.2,69.9,59.5,45.7,29.4,11.1,-8.1,-27.8,-47.9,-53.2,-60.5,-62.1,-59.7,-54.9,-56.8,-62.9,-66.5,-66.4,-60.4,-41.6,-28.7,-16.0,-3.2,5.0,7.2,9.0,6.8,3.9,-40.2,-44.9,-45.0,-38.8,-36.2,-35.9,-40.7,-48.1,-48.8,-44.8,-39.8,-39.0,30.8,26.3,23.4,25.1,23.0,25.5,29.0,37.3,40.8,41.7,41.4,38.4,31.0,29.6,30.0,29.1,29.7,31.2,32.2,31.8,681.1,685.1,689.8,692.6,692.4,689.5,683.3,675.1,674.0,682.7,697.0,708.4,712.8,711.4,709.0,706.7,705.5,647.4,640.4,635.2,631.0,629.0,635.6,642.8,651.5,661.0,671.4,635.1,629.6,623.6,618.1,635.4,634.2,633.7,636.8,640.5,647.1,643.5,643.7,645.1,644.3,644.2,653.3,655.3,659.2,665.8,659.9,656.1,654.2,643.2,639.1,640.2,642.0,650.9,664.4,653.3,646.4,644.1,643.3,646.4,651.8,642.5,643.1,645.5,660.4,645.5,643.1,642.7,0.594,0.223,-0.202,0.005,265.732,185.84,-3.9,8.931,-13.134,18.481,6.555,0.946,-4.747,3.756,4.484,-3.128,-0.206,0.974,0.488,-1.657,-1.025,-0.029,0.395,0.983,-1.04,-0.685,0.317,-0.31,-0.177,-0.454,0.157,-0.075,0.096,0.039,-0.09,-0.004,-0.027,0.002,0.008,0.004,0.48,0.06,0.0,0.74,0.0,0.0,0.0,0.0,0.0,0.2,0.0,0.0,0.0,0.0,0.0,0.0,0.0,0.0,1.0,0.0,1.0,0.0,0.0,0.0,0.0,0.0,0.0,0.0,0.0,0.0,0.0,0.0,0.0,1.0,0.0
PP133,g1,1676,0,0.975,0.181795,0.184339,-0.965904,0.028402,0.185654,-0.982205,0.107,0.188,241.8,243.1,246.3,249.6,250.9,249.9,246.4,243.2,237.6,239.5,242.4,245.9,249.4,252.1,254.0,251.9,248.9,245.6,242.4,239.6,245.0,246.4,247.8,248.4,247.8,246.4,245.0,244.4,279.9,280.8,283.6,286.6,288.2,287.3,284.5,281.2,276.9,278.8,281.4,284.8,287.8,289.9,291.2,290.1,288.1,285.5,282.4,279.3,282.7,284.0,285.3,285.6,285.0,283.6,282.4,282.0,161.9,158.5,157.1,158.5,161.7,165.3,166.4,165.1,163.4,161.5,160.3,159.7,160.3,161.7,163.8,165.0,165.5,165.8,165.5,164.8,163.3,163.9,163.3,161.8,160.4,159.8,160.5,161.9,160.6,157.3,155.8,156.9,160.0,163.2,164.8,163.9,162.9,160.7,159.0,158.1,158.5,159.5,161.2,162.8,163.7,164.1,164.1,163.9,161.8,162.3,161.7,160.2,158.9,158.4,159.1,160.5,-10.6,-8.9,-4.7,-0.6,1.2,-0.2,-4.6,-8.8,-16.2,-13.6,-9.9,-5.3,-0.7,2.7,5.2,2.4,-1.5,-5.7,-9.8,-13.5,-6.5,-4.6,-2.8,-2.1,-2.9,-4.7,-6.5,-7.2,39.6,40.9,44.7,48.9,51.0,49.7,45.8,41.3,35.6,38.1,41.6,46.1,50.4,53.6,55.7,53.8,50.8,47.1,42.9,38.8,43.5,45.3,47.0,47.6,46.7,44.8,43.1,42.6,-33.2,-37.5,-39.3,-37.6,-33.3,-28.7,-27.2,-28.9,-31.5,-33.7,-35.1,-35.8,-35.1,-33.3,-30.7,-29.0,-28.3,-28.0,-28.4,-29.4,-31.3,-30.5,-31.3,-33.2,-35.1,-35.8,-35.0,-33.1,-35.7,-40.1,-42.2,-40.8,-36.7,-32.3,-30.2,-31.3,-32.6,-35.5,-37.7,-39.0,-38.7,-37.6,-35.5,-33.2,-31.8,-31.0,-30.9,-31.3,-34.1,-33.5,-34.4,-36.4,-38.2,-38.8,-37.8,-35.9,505.0,505.4,505.4,505.1,504.7,504.6,504.3,504.6,509.3,506.6,504.2,503.0,503.5,504.8,506.5,505.0,503.5,503.2,504.4,506.7,505.5,505.4,505.4,505.6,505.8,505.9,505.9,505.7,517.6,518.5,520.1,521.3,521.5,520.6,519.1,518.0,518.1,517.3,517.0,517.9,520.6,524.0,527.3,524.1,520.8,518.5,517.4,517.6,519.6,520.1,520.8,521.2,521.1,520.6,519.9,519.5,26.1,-2.3,650.8,0.204,-0.154,-0.009,218.4,219.2,221.2,224.2,229.1,236.5,245.5,255.8,266.2,274.9,281.3,287.1,292.1,295.6,297.9,299.5,299.9,227.9,234.2,242.8,251.5,259.5,275.2,281.9,288.5,294.8,298.8,267.7,268.8,269.9,271.0,260.0,264.5,269.1,273.1,276.6,237.4,242.7,249.0,254.1,248.9,242.5,276.8,281.8,287.4,291.4,288.0,282.4,251.4,258.7,264.9,268.6,272.3,277.0,280.8,277.1,272.6,268.5,264.5,258.4,254.4,264.6,268.4,272.2,278.6,272.2,268.4,264.5,162.6,174.3,185.8,196.9,207.4,216.4,223.8,229.3,230.4,228.0,221.3,213.2,204.0,193.9,183.3,172.3,161.1,155.5,150.6,149.2,150.4,153.2,152.4,149.1,147.5,148.2,152.3,161.7,169.6,177.3,185.3,190.5,191.9,193.0,191.6,189.8,163.3,160.2,160.2,164.0,165.5,165.7,163.0,158.7,158.5,161.2,163.8,164.2,206.0,203.5,201.8,202.8,201.5,202.8,204.6,209.9,212.2,212.9,212.7,210.8,206.2,205.5,205.7,205.1,205.2,206.4,207.1,206.8,-55.0,-54.0,-50.8,-45.8,-37.0,-23.8,-7.9,9.9,28.0,43.5,55.8,67.2,76.7,83.0,86.8,89.4,90.0,-36.7,-25.9,-11.7,2.5,15.3,41.0,52.5,64.2,75.8,83.8,28.9,30.3,31.8,33.2,16.3,23.6,30.9,37.7,43.6,-20.8,-12.1,-1.7,6.8,-1.9,-12.3,44.8,53.3,63.2,70.5,64.2,54.4,2.4,14.4,24.4,30.4,36.7,44.9,52.4,45.3,37.4,30.5,23.8,13.8,7.3,24.0,30.2,36.6,48.3,36.7,30.2,23.9,-43.4,-23.1,-3.0,16.7,35.2,50.9,63.4,72.1,73.8,70.6,60.3,46.5,30.1,11.7,-7.6,-27.4,-47.6,-53.0,-60.5,-62.3,-59.9,-55.3,-57.2,-63.2,-66.7,-66.5,-60.5,-41.9,-28.9,-16.2,-3.4,4.9,7.1,8.9,6.6,3.8,-40.1,-45.0,-45.0,-38.9,-36.3,-35.9,-40.9,-48.3,-48.9,-44.9,-40.0,-39.2,31.0,26.3,23.4,25.0,22.9,25.5,29.1,37.4,40.8,41.8,41.4,38.5,31.2,29.6,30.0,29.0,29.8,31.2,32.2,31.8,680.7,684.7,689.2,691.9,691.6,688.5,682.3,674.0,672.8,681.5,695.9,707.5,712.1,710.7,708.3,705.9,704.7,647.4,640.5,635.3,631.2,629.1,635.7,643.0,651.6,661.0,671.3,635.0,629.3,623.1,617.5,634.9,633.6,633.0,636.1,639.9,646.9,643.4,643.6,645.0,644.1,644.0,653.2,655.3,659.1,665.6,659.7,656.0,653.3,642.3,638.2,639.3,641.2,650.0,663.4,652.2,645.3,643.0,642.2,645.3,650.9,641.6,642.1,644.6,659.4,644.6,642.1,641.7,0.595,0.212,-0.202,0.001,265.601,185.896,-4.526,8.953,-13.281,19.608,5.537,1.186,-4.874,4.156,4.619,-3.675,-0.615,1.079,0.689,-1.854,-0.649,-0.088,0.481,1.028,-1.138,-0.716,0.245,-0.274,-0.19,-0.511,0.17,-0.016,0.094,0.043,-0.096,-0.003,-0.027,-0.008,0.004,0.005,0.66,0.0,0.0,0.71,0.0,0.0,0.0,0.0,0.0,0.12,0.0,0.0,0.0,0.0,0.0,0.0,0.0,0.0,1.0,0.0,1.0,0.0,0.0,0.0,0.0,0.0,0.0,0.0,0.0,0.0,0.0,0.0,0.0,1.0,0.0
PP133,g1,1682,0,0.975,0.177751,0.174458,-0.968488,0.02995,0.175801,-0.98397,0.106,0.178,241.8,243.1,246.3,249.5,250.9,249.8,246.4,243.1,237.5,239.5,242.3,245.8,249.4,252.1,254.0,251.9,248.8,245.5,242.4,239.6,245.0,246.4,247.8,248.4,247.8,246.3,244.9,244.4,279.9,280.8,283.7,286.7,288.3,287.4,284.5,281.2,276.9,278.8,281.5,284.9,287.9,290.0,291.3,290.2,288.2,285.6,282.5,279.3,282.8,284.1,285.3,285.7,285.0,283.7,282.5,282.1,162.2,158.8,157.4,158.7,162.0,165.6,166.8,165.4,163.7,161.8,160.6,160.0,160.6,162.0,164.1,165.3,165.8,166.1,165.9,165.1,163.6,164.2,163.6,162.1,160.7,160.1,160.7,162.2,161.0,157.7,156.2,157.4,160.5,163.7,165.2,164.4,163.3,161.1,159.4,158.6,158.9,160.0,161.8,163.3,164.1,164.6,164.6,164.3,162.3,162.8,162.1,160.7,159.4,158.9,159.5,160.9,-10.6,-8.9,-4.8,-0.6,1.2,-0.2,-4.6,-8.8,-16.2,-13.6,-9.9,-5.3,-0.8,2.7,5.2,2.4,-1.5,-5.7,-9.8,-13.5,-6.5,-4.7,-2.8,-2.1,-2.9,-4.7,-6.5,-7.3,39.5,40.8,44.6,48.8,50.9,49.6,45.7,41.2,35.5,38.0,41.5,46.0,50.3,53.5,55.5,53.7,50.7,47.0,42.8,38.7,43.4,45.2,46.9,47.5,46.6,44.7,43.0,42.5,-32.6,-36.9,-38.7,-37.0,-32.8,-28.1,-26.6,-28.3,-30.9,-33.1,-34.5,-35.3,-34.5,-32.7,-30.1,-28.5,-27.8,-27.4,-27.8,-28.9,-30.7,-30.0,-30.8,-32.7,-34.5,-35.3,-34.5,-32.6,-35.0,-39.3,-41.5,-40.1,-35.9,-31.5,-29.5,-30.5,-31.9,-34.8,-37.0,-38.2,-37.9,-36.7,-34.6,-32.4,-31.0,-30.3,-30.2,-30.5,-33.4,-32.7,-33.7,-35.6,-37.4,-38.0,-37.1,-35.2,502.5,502.8,502.8,502.5,502.0,501.9,501.6,502.0,506.8,504.1,501.6,500.3,500.8,502.2,503.8,502.3,500.8,500.6,501.8,504.1,502.9,502.8,502.8,502.9,503.1,503.3,503.3,503.1,515.4,516.4,517.9,519.2,519.4,518.4,516.8,515.7,515.9,515.1,514.8,515.8,518.4,521.8,525.1,521.9,518.6,516.2,515.1,515.3,517.3,517.9,518.6,519.0,518.9,518.4,517.7,517.3,25.8,-1.1,645.0,0.187,-0.157,-0.002,218.6,219.3,221.2,224.0,228.7,235.8,244.6,255.0,265.7,274.6,281.0,286.8,291.8,295.5,297.8,299.6,300.1,227.8,234.1,242.8,251.6,259.6,275.0,281.9,288.6,295.0,299.0,267.6,268.7,269.9,271.0,259.9,264.5,269.1,273.1,276.7,237.4,242.6,248.9,254.2,248.9,242.5,276.8,281.8,287.5,291.5,288.1,282.5,251.6,258.9,265.0,268.7,272.5,277.1,280.9,277.3,272.9,268.7,264.7,258.6,254.7,264.7,268.5,272.3,278.7,272.4,268.5,264.6,162.9,174.5,186.0,197.1,207.7,217.0,224.9,230.8,232.2,230.0,223.6,215.5,206.1,195.8,184.8,173.4,161.9,156.0,150.9,149.6,150.8,153.6,152.9,149.6,148.0,148.8,153.1,162.1,169.9,177.8,185.8,191.0,192.5,193.6,192.2,190.4,163.6,160.5,160.5,164.3,165.8,166.0,163.5,159.2,159.0,161.7,164.3,164.6,207.0,204.3,202.6,203.6,202.3,203.7,205.7,210.9,213.1,213.7,213.5,211.7,207.1,206.3,206.5,205.9,206.2,207.3,208.0,207.6,-54.2,-53.3,-50.3,-45.6,-37.4,-24.9,-9.4,8.6,26.8,42.5,54.8,66.2,75.8,82.2,86.2,89.0,89.8,-36.5,-25.9,-11.6,2.6,15.3,40.4,52.0,63.8,75.5,83.6,28.4,29.9,31.4,32.9,16.0,23.3,30.6,37.4,43.3,-20.7,-12.1,-1.8,6.8,-1.9,-12.3,44.5,53.0,62.8,70.1,63.9,54.1,2.7,14.5,24.3,30.3,36.6,44.7,52.0,45.2,37.4,30.5,23.9,14.1,7.8,23.9,30.1,36.5,48.0,36.6,30.1,23.8,-42.5,-22.5,-2.6,16.9,35.4,51.6,64.7,74.0,76.2,73.5,63.8,50.3,33.8,15.0,-4.9,-25.3,-45.9,-51.9,-59.6,-61.2,-58.8,-54.2,-55.9,-61.9,-65.4,-65.0,-58.7,-41.0,-28.0,-15.4,-2.7,5.7,8.0,9.8,7.5,4.7,-39.3,-44.2,-44.2,-38.1,-35.5,-35.1,-39.9,-47.2,-47.7,-43.6,-38.9,-38.2,32.3,27.4,24.4,26.0,24.0,26.7,30.6,38.6,41.9,42.7,42.3,39.5,32.4,30.6,31.0,30.1,31.2,32.3,33.3,32.8,674.5,678.1,682.3,685.0,684.8,681.9,676.0,667.5,666.3,675.1,689.9,702.2,707.4,706.5,704.2,701.4,700.0,642.9,635.8,630.6,626.6,624.6,630.8,637.9,646.6,656.0,666.4,630.0,624.1,617.7,611.8,629.3,627.8,627.1,630.3,634.3,642.2,638.8,638.9,640.3,639.5,639.3,648.1,650.3,654.1,660.4,654.6,650.9,647.0,635.8,632.1,633.2,634.9,643.7,656.9,645.5,638.7,636.5,635.8,638.7,644.4,635.3,635.8,638.2,652.8,638.2,635.8,635.5,0.6,0.199,-0.207,0.008,265.588,186.655,-3.381,5.042,-13.668,21.92,2.241,1.562,-3.771,5.071,5.706,-4.811,-1.605,0.676,-0.262,-1.725,-0.254,-0.446,0.336,1.005,-1.088,-0.58,0.22,0.022,-0.205,-0.506,0.258,0.063,0.141,-0.002,-0.075,-0.014,-0.04,-0.02,0.012,-0.006,0.22,0.0,0.0,0.86,0.0,0.0,0.0,0.0,0.0,0.0,0.0,0.0,0.0,0.0,0.0,0.0,0.0,0.0,1.0,0.0,1.0,0.0,0.0,0.0,0.0,0.0,0.0,0.0,0.0,0.0,0.0,0.0,0.0,1.0,0.0
PP133,g1,1688,0,0.975,0.180323,0.190216,-0.96504,0.026358,0.190154,-0.9814,0.106,0.193,242.1,243.4,246.7,249.9,251.2,250.1,246.6,243.4,237.9,239.8,242.7,246.2,249.7,252.4,254.2,252.1,249.1,245.8,242.7,239.9,245.3,246.7,248.1,248.7,248.1,246.7,245.3,244.7,280.2,281.1,283.9,287.0,288.5,287.5,284.7,281.4,277.1,279.0,281.7,285.1,288.1,290.2,291.5,290.3,288.4,285.7,282.7,279.5,283.0,284.3,285.5,285.9,285.3,283.9,282.7,282.3,162.2,158.9,157.6,158.9,162.2,165.7,166.9,165.5,163.7,161.9,160.7,160.1,160.7,162.2,164.3,165.5,166.0,166.2,165.9,165.2,163.7,164.3,163.7,162.3,160.9,160.3,160.9,162.3,161.2,158.0,156.5,157.6,160.7,164.0,165.5,164.6,163.6,161.3,159.7,158.8,159.2,160.2,162.0,163.5,164.4,164.8,164.8,164.6,162.5,163.0,162.4,161.0,159.6,159.1,159.8,161.2,-10.2,-8.5,-4.3,-0.2,1.5,0.1,-4.3,-8.5,-15.9,-13.2,-9.5,-4.9,-0.4,3.1,5.5,2.7,-1.2,-5.4,-9.5,-13.2,-6.1,-4.3,-2.5,-1.7,-2.5,-4.3,-6.1,-6.9,40.0,41.3,45.2,49.3,51.4,50.1,46.2,41.7,36.0,38.5,42.0,46.5,50.8,54.0,56.0,54.2,51.2,47.5,43.3,39.1,43.9,45.7,47.4,48.0,47.1,45.2,43.5,43.0,-32.7,-37.0,-38.8,-37.0,-32.8,-28.2,-26.7,-28.5,-31.1,-33.3,-34.7,-35.4,-34.6,-32.7,-30.1,-28.5,-27.8,-27.5,-27.9,-29.0,-30.8,-30.1,-30.8,-32.7,-34.6,-35.3,-34.6,-32.7,-34.8,-39.2,-41.3,-39.9,-35.8,-31.4,-29.3,-30.4,-31.8,-34.7,-36.8,-38.0,-37.7,-36.6,-34.5,-32.2,-30.8,-30.1,-30.0,-30.4,-33.2,-32.6,-33.5,-35.4,-37.2,-37.9,-36.9,-35.0,506.1,506.4,506.5,506.2,505.7,505.6,505.3,505.6,510.3,507.7,505.2,504.0,504.5,505.9,507.6,506.0,504.6,504.3,505.5,507.8,506.6,506.5,506.5,506.6,506.8,507.0,506.9,506.8,517.9,518.8,520.3,521.6,521.8,520.9,519.4,518.3,518.4,517.5,517.3,518.2,520.8,524.3,527.6,524.4,521.1,518.8,517.7,517.8,519.8,520.4,521.1,521.5,521.4,520.8,520.1,519.7,26.2,-1.4,651.1,0.212,-0.149,-0.002,218.5,219.2,221.2,224.1,229.1,236.5,245.4,255.6,266.0,274.8,281.2,287.1,292.1,295.7,298.0,299.7,300.2,228.1,234.6,243.2,251.9,259.9,275.5,282.3,288.9,295.2,299.1,268.0,269.0,270.0,271.0,260.0,264.5,269.0,273.1,276.6,237.7,243.0,249.3,254.4,249.1,242.8,277.1,282.1,287.7,291.6,288.3,282.6,251.3,258.6,264.7,268.4,272.2,276.8,280.6,276.9,272.3,268.2,264.2,258.1,254.3,264.4,268.2,272.0,278.4,272.0,268.2,264.3,162.6,174.4,186.0,197.2,207.8,216.8,224.3,229.7,230.8,228.4,221.7,213.5,204.3,194.3,183.7,172.9,161.8,155.8,151.0,149.7,151.0,153.8,153.1,149.9,148.3,149.0,153.1,162.4,170.2,178.1,186.1,191.1,192.5,193.7,192.3,190.5,163.6,160.6,160.6,164.4,165.9,166.1,163.7,159.4,159.3,161.9,164.5,164.8,206.5,204.1,202.4,203.4,202.2,203.5,205.4,210.5,212.8,213.5,213.2,211.3,206.8,206.1,206.4,205.8,205.9,207.0,207.7,207.4,-54.9,-54.0,-50.9,-45.9,-37.1,-23.9,-8.1,9.6,27.6,43.2,55.7,67.2,76.8,83.1,87.0,89.7,90.4,-36.2,-25.3,-11.0,3.1,15.9,41.5,53.1,64.8,76.4,84.3,29.3,30.6,31.9,33.3,16.2,23.5,30.8,37.6,43.6,-20.3,-11.6,-1.2,7.2,-1.5,-11.9,45.3,53.8,63.7,70.9,64.6,54.8,2.2,14.1,24.1,30.2,36.5,44.6,52.0,44.9,36.9,30.0,23.3,13.4,7.1,23.7,29.9,36.4,47.9,36.4,29.9,23.5,-43.4,-22.9,-2.6,17.3,35.9,51.8,64.3,73.0,74.7,71.4,61.0,47.1,30.6,12.3,-6.8,-26.4,-46.4,-52.5,-59.9,-61.5,-59.0,-54.2,-56.0,-61.8,-65.3,-65.1,-59.1,-40.9,-27.8,-15.0,-2.2,5.9,8.2,10.0,7.8,5.0,-39.5,-44.3,-44.3,-38.1,-35.5,-35.3,-39.8,-47.1,-47.7,-43.6,-38.8,-38.0,31.9,27.3,24.4,26.1,24.1,26.7,30.3,38.5,41.9,42.8,42.4,39.4,32.1,30.6,31.1,30.2,31.1,32.2,33.3,32.8,681.2,685.5,690.2,693.0,692.5,689.4,683.1,674.7,673.6,682.3,696.6,707.9,712.1,710.5,707.9,705.4,704.2,647.3,640.4,635.2,631.0,629.0,635.7,642.9,651.5,660.8,671.1,635.0,629.5,623.4,617.9,635.3,634.0,633.4,636.4,640.2,646.8,643.3,643.4,644.9,644.0,644.0,653.2,655.1,658.9,665.5,659.6,655.9,653.8,642.9,638.9,640.0,641.8,650.6,663.8,652.9,646.1,643.7,643.0,646.0,651.4,642.2,642.8,645.3,659.9,645.3,642.8,642.4,0.595,0.222,-0.196,0.008,265.647,186.457,-5.159,10.677,-13.672,19.198,6.016,1.415,-4.748,3.361,4.553,-3.626,-0.168,1.063,0.877,-1.573,-0.64,-0.142,0.465,1.05,-1.099,-0.837,0.274,-0.253,-0.238,-0.576,0.232,-0.065,0.129,0.035,-0.085,0.0,-0.02,0.002,0.007,0.003,0.35,0.0,0.0,0.74,0.0,0.0,0.0,0.0,0.0,0.26,0.0,0.0,0.0,0.0,0.0,0.0,0.0,0.0,1.0,0.0,1.0,0.0,0.0,0.0,0.0,0.0,0.0,0.0,0.0,0.0,0.0,0.0,0.0,1.0,0.0
PP133,g1,1694,0,0.975,0.180943,0.189083,-0.965146,0.02579,0.18902,-0.981635,0.106,0.192,241.9,243.3,246.5,249.7,251.0,249.9,246.5,243.3,237.7,239.6,242.5,246.0,249.5,252.2,254.1,251.9,248.9,245.7,242.5,239.7,245.1,246.5,247.9,248.5,247.9,246.5,245.1,244.5,280.0,280.9,283.7,286.8,288.3,287.4,284.6,281.3,277.0,278.9,281.6,284.9,287.9,290.1,291.4,290.2,288.2,285.6,282.5,279.4,282.8,284.2,285.4,285.8,285.1,283.8,282.6,282.2,161.7,158.4,157.1,158.4,161.7,165.3,166.4,165.0,163.2,161.4,160.2,159.6,160.2,161.7,163.8,165.0,165.5,165.7,165.4,164.7,163.2,163.8,163.2,161.8,160.4,159.8,160.4,161.8,160.7,157.5,155.9,157.1,160.2,163.4,164.9,164.1,163.1,160.8,159.1,158.3,158.6,159.7,161.4,162.9,163.8,164.3,164.3,164.1,162.0,162.5,161.8,160.4,159.1,158.6,159.2,160.6,-10.4,-8.7,-4.6,-0.4,1.3,-0.1,-4.5,-8.7,-16.1,-13.4,-9.7,-5.1,-0.6,2.9,5.3,2.5,-1.4,-5.6,-9.7,-13.4,-6.3,-4.5,-2.7,-2.0,-2.7,-4.5,-6.4,-7.1,39.7,41.0,44.8,49.0,51.1,49.8,45.9,41.4,35.7,38.2,41.7,46.2,50.5,53.7,55.8,53.9,50.9,47.2,43.0,38.9,43.6,45.4,47.1,47.7,46.8,44.9,43.3,42.7,-33.3,-37.5,-39.3,-37.6,-33.3,-28.7,-27.2,-29.0,-31.6,-33.8,-35.2,-35.9,-35.1,-33.3,-30.6,-29.0,-28.3,-28.0,-28.4,-29.6,-31.3,-30.6,-31.4,-33.2,-35.1,-35.9,-35.1,-33.2,-35.4,-39.8,-41.9,-40.5,-36.4,-32.0,-29.9,-31.0,-32.4,-35.3,-37.5,-38.7,-38.4,-37.3,-35.1,-32.9,-31.5,-30.7,-30.7,-31.0,-33.9,-33.2,-34.2,-36.1,-37.9,-38.5,-37.6,-35.6,504.5,504.8,504.9,504.6,504.1,504.0,503.7,504.0,508.7,506.1,503.6,502.4,502.9,504.3,506.0,504.4,502.9,502.7,503.9,506.1,505.0,504.9,504.9,505.0,505.2,505.3,505.3,505.2,516.7,517.6,519.2,520.4,520.7,519.7,518.2,517.1,517.3,516.4,516.1,517.1,519.7,523.1,526.4,523.2,520.0,517.6,516.5,516.7,518.7,519.2,519.9,520.3,520.2,519.7,519.0,518.6,26.0,-2.4,651.4,0.213,-0.151,-0.003,218.5,219.2,221.1,224.0,228.9,236.3,245.3,255.5,265.9,274.6,281.1,286.9,292.0,295.6,298.0,299.6,300.1,228.0,234.4,243.0,251.8,259.7,275.3,282.0,288.7,295.0,299.0,267.9,268.8,269.9,270.9,259.9,264.4,268.9,273.0,276.5,237.5,242.8,249.1,254.2,249.0,242.6,276.9,281.9,287.6,291.5,288.2,282.5,251.2,258.5,264.7,268.4,272.2,276.8,280.7,276.9,272.4,268.3,264.2,258.1,254.2,264.4,268.2,272.0,278.5,272.0,268.2,264.3,162.2,174.0,185.5,196.6,207.0,216.0,223.4,228.9,230.0,227.6,221.0,213.0,203.9,193.9,183.3,172.4,161.2,155.3,150.5,149.2,150.5,153.3,152.6,149.4,147.8,148.5,152.6,161.9,169.7,177.5,185.6,190.6,192.0,193.1,191.7,190.0,163.1,160.1,160.1,164.0,165.5,165.6,163.2,158.9,158.7,161.3,164.0,164.3,205.9,203.5,201.9,202.9,201.6,202.9,204.6,209.9,212.2,212.8,212.6,210.7,206.1,205.6,205.8,205.2,205.2,206.4,207.1,206.8,-55.0,-54.1,-51.0,-46.1,-37.4,-24.1,-8.2,9.5,27.5,43.0,55.4,67.0,76.6,83.1,87.0,89.7,90.4,-36.5,-25.6,-11.3,2.9,15.7,41.1,52.7,64.5,76.2,84.2,29.0,30.3,31.7,33.1,16.1,23.4,30.7,37.5,43.5,-20.7,-11.9,-1.5,7.0,-1.7,-12.2,45.0,53.5,63.4,70.8,64.5,54.6,2.0,14.1,24.1,30.1,36.4,44.7,52.2,45.0,37.0,30.1,23.4,13.5,7.0,23.7,29.9,36.4,48.1,36.4,29.9,23.6,-44.1,-23.8,-3.6,16.1,34.5,50.2,62.8,71.4,73.2,70.1,59.8,46.2,29.9,11.6,-7.6,-27.4,-47.4,-53.3,-60.7,-62.3,-59.8,-55.0,-56.8,-62.8,-66.3,-66.0,-60.0,-41.7,-28.6,-15.9,-3.1,5.0,7.3,9.1,6.9,4.1,-40.4,-45.2,-45.1,-38.9,-36.4,-36.1,-40.7,-48.0,-48.6,-44.6,-39.7,-38.9,30.8,26.4,23.5,25.2,23.2,25.7,29.2,37.4,40.8,41.7,41.3,38.3,31.1,29.7,30.2,29.3,29.9,31.2,32.2,31.7,681.4,685.5,690.1,692.9,692.6,689.5,683.1,674.8,673.7,682.4,696.8,708.4,712.9,711.6,709.1,706.7,705.5,647.8,640.8,635.6,631.3,629.2,635.7,642.9,651.6,661.0,671.4,635.2,629.6,623.5,617.9,635.4,634.1,633.6,636.6,640.4,647.3,643.7,643.8,645.3,644.5,644.4,653.4,655.4,659.2,665.7,659.9,656.1,654.2,643.2,639.0,640.1,641.9,650.8,664.2,653.1,646.1,643.8,643.1,646.2,651.7,642.4,643.0,645.4,660.3,645.3,642.8,642.5,0.594,0.221,-0.199,0.007,265.556,185.88,-3.432,8.857,-13.319,18.91,6.355,1.643,-4.635,4.13,4.537,-3.13,-0.383,1.026,0.821,-1.803,-1.055,0.021,0.488,0.891,-0.918,-0.799,0.3,-0.253,-0.287,-0.409,0.206,-0.056,0.056,0.041,-0.093,-0.0,-0.027,-0.004,0.003,0.008,0.41,0.04,0.0,0.89,0.0,0.0,0.0,0.0,0.0,0.27,0.0,0.0,0.0,0.0,0.0,0.0,0.0,0.0,1.0,0.0,1.0,0.0,0.0,0.0,0.0,0.0,0.0,0.0,0.0,0.0,0.0,0.0,0.0,1.0,0.0
PP133,g1,1700,0,0.975,0.178647,0.180333,-0.967246,0.027146,0.180878,-0.983131,0.105,0.183,241.9,243.2,246.4,249.6,251.0,249.9,246.5,243.2,237.6,239.6,242.4,245.9,249.5,252.2,254.1,251.9,248.9,245.6,242.4,239.7,245.0,246.5,247.9,248.4,247.8,246.4,245.0,244.5,280.0,280.9,283.7,286.7,288.3,287.4,284.6,281.2,276.9,278.8,281.5,284.9,287.9,290.0,291.3,290.2,288.2,285.6,282.5,279.3,282.8,284.1,285.3,285.7,285.1,283.7,282.5,282.1,161.6,158.3,156.9,158.2,161.5,165.0,166.2,164.8,163.1,161.2,160.0,159.4,160.0,161.5,163.6,164.8,165.3,165.5,165.3,164.5,163.1,163.6,163.0,161.6,160.1,159.6,160.2,161.6,160.4,157.2,155.7,156.8,159.9,163.1,164.6,163.8,162.8,160.5,158.8,158.0,158.4,159.4,161.2,162.7,163.6,164.0,164.0,163.8,161.7,162.2,161.6,160.1,158.8,158.3,158.9,160.4,-10.5,-8.8,-4.7,-0.5,1.3,-0.1,-4.6,-8.7,-16.1,-13.5,-9.8,-5.2,-0.7,2.8,5.3,2.5,-1.4,-5.6,-9.8,-13.4,-6.4,-4.6,-2.8,-2.0,-2.8,-4.6,-6.4,-7.2,39.6,40.9,44.7,48.9,51.0,49.7,45.8,41.3,35.6,38.1,41.6,46.1,50.4,53.6,55.7,53.8,50.8,47.1,42.9,38.8,43.5,45.3,47.0,47.6,46.7,44.8,43.2,42.6,-33.5,-37.8,-39.6,-37.9,-33.6,-29.0,-27.5,-29.3,-31.8,-34.1,-35.5,-36.2,-35.4,-33.6,-31.0,-29.3,-28.6,-28.3,-28.7,-29.8,-31.6,-30.9,-31.7,-33.5,-35.4,-36.2,-35.4,-33.5,-35.8,-40.2,-42.3,-40.9,-36.8,-32.4,-30.3,-31.4,-32.7,-35.7,-37.9,-39.1,-38.8,-37.6,-35.5,-33.2,-31.9,-31.1,-31.0,-31.4,-34.2,-33.6,-34.5,-36.5,-38.3,-38.9,-37.9,-36.0,504.9,505.2,505.3,504.9,504.5,504.3,504.1,504.4,509.2,506.5,504.0,502.8,503.3,504.6,506.3,504.7,503.3,503.0,504.2,506.5,505.4,505.2,505.2,505.4,505.6,505.7,505.7,505.6,516.6,517.6,519.1,520.3,520.6,519.6,518.0,516.9,517.1,516.3,516.0,517.0,519.6,523.0,526.3,523.1,519.8,517.4,516.3,516.5,518.6,519.1,519.8,520.2,520.1,519.6,518.9,518.5,26.1,-2.4,650.1,0.199,-0.15,-0.007,218.5,219.3,221.3,224.3,229.2,236.6,245.5,255.8,266.2,274.9,281.3,287.1,292.1,295.6,297.9,299.5,300.0,227.9,234.3,242.9,251.6,259.6,275.2,282.0,288.6,294.9,298.9,267.8,268.8,269.9,271.0,260.0,264.5,269.0,273.1,276.6,237.5,242.7,249.0,254.2,248.9,242.6,276.9,281.8,287.5,291.5,288.1,282.5,251.4,258.7,264.8,268.5,272.3,276.9,280.7,277.0,272.5,268.4,264.4,258.3,254.4,264.5,268.3,272.1,278.5,272.1,268.3,264.5,162.4,174.3,185.9,197.1,207.6,216.6,224.1,229.5,230.6,228.2,221.6,213.4,204.2,194.1,183.4,172.5,161.3,155.3,150.4,149.0,150.2,153.0,152.3,149.1,147.5,148.2,152.4,161.5,169.4,177.2,185.2,190.4,191.8,192.9,191.5,189.7,163.0,159.9,159.9,163.7,165.2,165.5,162.9,158.6,158.4,161.1,163.7,164.0,206.0,203.4,201.7,202.7,201.5,202.8,204.7,209.9,212.2,212.8,212.6,210.7,206.2,205.4,205.7,205.1,205.2,206.4,207.1,206.8,-54.9,-53.9,-50.7,-45.6,-36.7,-23.5,-7.8,9.9,27.9,43.4,55.8,67.2,76.6,82.9,86.7,89.4,90.0,-36.6,-25.7,-11.5,2.6,15.4,41.1,52.6,64.3,76.0,83.9,28.9,30.3,31.7,33.1,16.2,23.4,30.8,37.6,43.5,-20.7,-12.0,-1.6,6.9,-1.8,-12.2,44.9,53.4,63.3,70.6,64.3,54.5,2.3,14.3,24.2,30.2,36.5,44.7,52.2,45.1,37.2,30.3,23.6,13.7,7.3,23.9,30.1,36.5,48.1,36.5,30.0,23.7,-43.7,-23.2,-2.9,16.9,35.5,51.3,63.8,72.4,74.1,70.9,60.6,46.8,30.4,12.0,-7.4,-27.1,-47.3,-53.4,-60.9,-62.6,-60.2,-55.5,-57.3,-63.2,-66.7,-66.5,-60.3,-42.2,-29.2,-16.4,-3.6,4.7,6.9,8.7,6.5,3.6,-40.5,-45.4,-45.5,-39.3,-36.7,-36.3,-41.1,-48.5,-49.1,-45.0,-40.1,-39.4,30.9,26.2,23.2,24.9,22.9,25.5,29.2,37.4,40.8,41.7,41.3,38.4,31.1,29.4,29.8,28.9,29.9,31.1,32.2,31.7,680.6,684.6,689.1,691.7,691.1,687.9,681.5,673.1,671.8,680.5,695.0,706.5,711.1,709.6,707.2,704.8,703.7,647.2,640.3,635.2,631.0,628.9,635.5,642.7,651.3,660.6,670.9,634.7,628.9,622.6,616.9,634.3,632.9,632.3,635.4,639.2,646.6,643.2,643.3,644.6,643.8,643.8,652.8,654.8,658.6,665.1,659.2,655.5,652.7,641.7,637.7,638.7,640.6,649.4,662.6,651.5,644.6,642.3,641.6,644.6,650.2,641.0,641.5,644.0,658.6,644.0,641.5,641.1,0.595,0.207,-0.198,0.002,265.614,185.86,-5.403,9.881,-13.232,20.201,5.538,1.811,-4.657,3.813,4.851,-4.041,-0.245,0.969,0.64,-1.864,-0.528,-0.167,0.544,1.097,-0.971,-0.729,0.252,-0.178,-0.246,-0.517,0.256,-0.029,0.107,0.039,-0.09,-0.008,-0.03,-0.012,0.009,0.005,0.71,0.11,0.0,0.71,0.0,0.0,0.0,0.0,0.0,0.2,0.0,0.0,0.0,0.0,0.0,0.0,0.0,0.0,1.0,0.0,1.0,0.0,0.0,0.0,0.0,0.0,0.0,0.0,0.0,0.0,0.0,0.0,0.0,1.0,0.0
PP133,g1,1706,0,0.975,0.171474,0.17014,-0.970386,0.027768,0.170878,-0.984901,0.102,0.173,241.6,242.9,246.1,249.3,250.7,249.7,246.2,243.0,237.4,239.3,242.1,245.6,249.2,251.9,253.8,251.7,248.6,245.4,242.2,239.4,244.8,246.2,247.6,248.2,247.6,246.2,244.8,244.2,279.6,280.5,283.3,286.4,287.9,287.0,284.2,280.9,276.6,278.5,281.2,284.5,287.6,289.7,291.0,289.8,287.9,285.2,282.2,279.0,282.4,283.8,285.0,285.4,284.7,283.4,282.2,281.8,161.9,158.6,157.2,158.5,161.7,165.3,166.5,165.2,163.5,161.6,160.3,159.7,160.2,161.7,163.8,165.0,165.6,165.8,165.6,164.9,163.3,163.9,163.3,161.8,160.4,159.9,160.5,161.9,160.6,157.4,155.9,157.0,160.1,163.4,164.9,164.0,163.0,160.7,159.0,158.2,158.6,159.6,161.4,162.9,163.8,164.2,164.2,164.0,161.9,162.4,161.8,160.4,159.0,158.5,159.2,160.6,-10.8,-9.2,-5.0,-0.9,0.9,-0.4,-4.9,-9.1,-16.4,-13.8,-10.1,-5.6,-1.0,2.5,5.0,2.2,-1.8,-6.0,-10.1,-13.7,-6.7,-4.9,-3.1,-2.4,-3.1,-5.0,-6.8,-7.5,39.1,40.4,44.2,48.4,50.5,49.2,45.3,40.8,35.1,37.6,41.1,45.6,49.9,53.0,55.1,53.3,50.3,46.6,42.4,38.3,43.0,44.8,46.5,47.0,46.1,44.3,42.6,42.1,-33.1,-37.4,-39.2,-37.5,-33.3,-28.7,-27.2,-28.9,-31.4,-33.6,-35.1,-35.8,-35.1,-33.3,-30.7,-29.0,-28.3,-27.9,-28.3,-29.3,-31.2,-30.5,-31.3,-33.2,-35.0,-35.8,-35.0,-33.1,-35.5,-39.8,-42.0,-40.5,-36.4,-32.0,-29.9,-31.0,-32.4,-35.3,-37.5,-38.7,-38.4,-37.2,-35.1,-32.9,-31.5,-30.8,-30.7,-31.0,-33.9,-33.2,-34.2,-36.1,-37.9,-38.5,-37.6,-35.7,504.9,505.3,505.2,504.8,504.3,504.2,504.0,504.4,509.3,506.6,504.1,502.8,503.2,504.5,506.1,504.6,503.2,503.0,504.3,506.6,505.3,505.2,505.2,505.3,505.5,505.7,505.7,505.6,515.5,516.5,518.1,519.4,519.5,518.6,517.0,515.9,516.0,515.2,515.0,516.0,518.6,522.0,525.3,522.1,518.8,516.4,515.3,515.4,517.5,518.1,518.7,519.2,519.1,518.6,517.9,517.4,25.9,-1.6,647.6,0.182,-0.144,-0.015,218.5,219.3,221.4,224.5,229.6,237.0,245.9,256.2,266.7,275.5,281.9,287.5,292.3,295.6,297.8,299.4,299.7,227.7,234.0,242.6,251.3,259.1,274.8,281.5,288.2,294.5,298.4,267.5,268.5,269.7,270.8,259.8,264.4,269.0,273.0,276.5,237.3,242.4,248.7,253.9,248.7,242.3,276.5,281.5,287.2,291.1,287.8,282.1,251.7,258.9,264.9,268.6,272.3,276.9,280.8,277.2,272.7,268.6,264.6,258.6,254.7,264.6,268.4,272.2,278.5,272.3,268.4,264.6,163.0,174.9,186.6,198.0,208.6,217.8,225.3,230.8,231.8,229.3,222.7,214.3,205.0,194.8,184.0,173.0,161.7,155.7,150.7,149.3,150.5,153.2,152.5,149.3,147.7,148.5,152.7,161.6,169.5,177.4,185.5,190.7,192.1,193.3,191.8,190.0,163.4,160.2,160.2,163.9,165.5,165.8,163.1,158.8,158.6,161.3,163.9,164.2,206.8,204.0,202.2,203.2,201.9,203.3,205.3,210.4,212.6,213.3,213.1,211.4,206.9,206.0,206.2,205.5,205.9,206.8,207.5,207.3,-54.8,-53.7,-50.3,-45.0,-36.1,-22.9,-7.2,10.6,28.6,44.2,56.5,67.6,76.6,82.5,86.2,88.7,89.1,-36.9,-26.2,-12.0,2.0,14.7,40.3,51.8,63.5,75.1,83.0,28.3,29.7,31.2,32.7,15.9,23.2,30.6,37.3,43.2,-20.9,-12.4,-2.1,6.5,-2.2,-12.6,44.2,52.7,62.6,69.9,63.6,53.8,2.8,14.5,24.2,30.2,36.5,44.6,52.0,45.1,37.3,30.5,23.8,14.1,7.8,23.9,30.1,36.5,47.9,36.6,30.1,23.8,-42.7,-22.1,-1.5,18.5,37.2,53.2,65.8,74.2,75.8,72.6,62.3,48.4,31.7,13.1,-6.2,-26.1,-46.2,-52.5,-60.3,-62.1,-59.7,-55.0,-56.8,-62.7,-66.2,-65.9,-59.6,-41.9,-28.8,-16.1,-3.2,5.3,7.5,9.3,7.0,4.1,-39.8,-44.9,-44.9,-38.8,-36.2,-35.7,-40.7,-48.0,-48.6,-44.4,-39.6,-38.9,32.1,27.0,24.0,25.6,23.5,26.2,30.1,38.0,41.3,42.2,41.9,39.2,32.2,30.2,30.5,29.6,30.8,31.6,32.7,32.3,679.5,683.6,687.9,690.3,689.4,685.7,679.0,670.2,668.8,677.6,692.2,703.9,708.5,706.9,704.3,701.6,700.5,646.0,639.1,633.9,629.7,627.6,634.0,641.2,649.7,658.9,669.1,633.1,626.9,620.4,614.3,632.1,630.5,629.7,632.8,636.8,645.1,641.8,641.8,643.1,642.3,642.3,651.1,653.2,657.0,663.3,657.4,653.8,649.8,638.7,634.9,636.0,637.9,646.5,659.4,648.2,641.4,639.1,638.3,641.3,647.2,638.1,638.6,641.2,655.3,641.0,638.5,638.1,0.597,0.192,-0.192,-0.006,265.575,186.358,-5.18,11.675,-14.105,22.429,3.301,2.474,-4.445,4.322,4.991,-4.974,-0.448,0.684,0.233,-1.844,-0.179,-0.432,0.342,1.039,-0.93,-0.746,0.119,0.031,-0.46,-0.662,0.259,0.038,0.138,0.038,-0.099,-0.013,-0.028,-0.022,0.008,0.004,0.54,0.12,0.0,0.77,0.0,0.0,0.0,0.0,0.0,0.0,0.0,0.0,0.0,0.0,0.0,0.0,0.0,0.0,1.0,0.0,1.0,0.0,0.0,0.0,0.0,0.0,0.0,0.0,0.0,0.0,0.0,0.0,0.0,1.0,0.0
PP133,g1,1712,0,0.975,0.171775,0.178323,-0.968862,0.025727,0.178078,-0.98368,0.101,0.181,241.4,242.7,246.0,249.2,250.5,249.4,246.0,242.8,237.2,239.1,242.0,245.5,249.0,251.7,253.6,251.4,248.4,245.1,242.0,239.2,244.6,246.0,247.4,248.0,247.4,246.0,244.6,244.0,279.5,280.4,283.2,286.3,287.8,286.9,284.1,280.7,276.4,278.3,281.0,284.4,287.4,289.6,290.9,289.7,287.7,285.1,282.0,278.8,282.3,283.6,284.9,285.3,284.6,283.3,282.0,281.6,161.8,158.5,157.1,158.4,161.7,165.3,166.4,165.1,163.3,161.4,160.2,159.6,160.2,161.7,163.8,165.0,165.5,165.8,165.5,164.8,163.3,163.9,163.3,161.8,160.4,159.8,160.4,161.8,160.8,157.5,156.0,157.2,160.3,163.6,165.0,164.2,163.1,160.9,159.2,158.3,158.7,159.8,161.6,163.1,164.0,164.4,164.4,164.1,162.1,162.6,161.9,160.5,159.2,158.6,159.3,160.7,-11.1,-9.4,-5.2,-1.1,0.7,-0.7,-5.2,-9.3,-16.6,-14.1,-10.4,-5.8,-1.3,2.2,4.7,1.9,-2.0,-6.3,-10.3,-14.0,-7.0,-5.2,-3.3,-2.6,-3.4,-5.2,-7.0,-7.7,38.8,40.1,44.0,48.2,50.2,48.9,45.0,40.5,34.8,37.3,40.8,45.4,49.6,52.8,54.8,52.9,50.0,46.3,42.1,38.0,42.7,44.5,46.2,46.8,45.9,44.1,42.4,41.8,-33.2,-37.5,-39.3,-37.5,-33.3,-28.7,-27.2,-28.9,-31.5,-33.8,-35.2,-35.9,-35.1,-33.3,-30.6,-29.0,-28.3,-27.9,-28.3,-29.5,-31.3,-30.5,-31.3,-33.2,-35.0,-35.8,-35.0,-33.2,-35.2,-39.6,-41.7,-40.2,-36.1,-31.7,-29.6,-30.8,-32.2,-35.1,-37.2,-38.4,-38.1,-36.9,-34.8,-32.5,-31.2,-30.4,-30.4,-30.8,-33.6,-33.0,-33.9,-35.8,-37.6,-38.2,-37.3,-35.4,504.1,504.4,504.4,504.0,503.5,503.5,503.3,503.6,508.5,505.8,503.3,501.9,502.4,503.7,505.3,503.8,502.4,502.2,503.5,505.8,504.5,504.4,504.4,504.5,504.7,504.9,504.9,504.8,514.3,515.3,516.9,518.1,518.3,517.4,515.8,514.7,514.8,514.0,513.8,514.7,517.3,520.8,524.1,520.9,517.6,515.2,514.1,514.3,516.3,516.9,517.5,518.0,517.9,517.3,516.6,516.2,25.2,-1.6,648.0,0.195,-0.142,-0.007,218.2,219.0,221.0,224.0,229.0,236.3,245.1,255.4,265.9,274.7,281.2,287.0,291.8,295.3,297.6,299.2,299.6,227.5,233.8,242.5,251.2,259.1,274.7,281.5,288.1,294.5,298.4,267.3,268.2,269.3,270.4,259.4,263.9,268.5,272.5,276.1,237.1,242.2,248.6,253.7,248.4,242.1,276.4,281.4,287.1,291.0,287.6,282.0,251.1,258.3,264.3,268.0,271.7,276.3,280.2,276.4,272.0,267.9,263.9,257.9,254.0,264.1,267.8,271.6,277.9,271.6,267.8,264.0,162.5,174.4,186.2,197.5,208.2,217.4,224.9,230.4,231.5,229.1,222.4,214.0,204.7,194.5,183.9,172.9,161.8,155.5,150.5,149.2,150.4,153.3,152.6,149.5,147.9,148.6,152.9,161.8,169.7,177.5,185.6,190.8,192.2,193.4,192.0,190.2,163.2,160.1,160.1,164.0,165.5,165.7,163.2,158.9,158.8,161.5,164.1,164.4,206.7,204.1,202.3,203.3,202.1,203.5,205.5,210.6,212.8,213.4,213.2,211.4,206.9,206.1,206.3,205.7,206.0,206.9,207.7,207.4,-55.3,-54.3,-51.1,-46.0,-37.2,-24.1,-8.5,9.2,27.2,42.9,55.4,66.7,75.9,81.9,85.7,88.4,89.0,-37.2,-26.4,-12.2,1.9,14.5,40.1,51.6,63.4,75.0,82.8,28.0,29.3,30.7,32.0,15.2,22.5,29.8,36.5,42.5,-21.3,-12.7,-2.4,6.1,-2.6,-13.0,43.9,52.4,62.3,69.6,63.3,53.5,1.8,13.5,23.3,29.3,35.5,43.6,51.0,43.9,36.1,29.3,22.7,13.0,6.7,23.0,29.1,35.4,46.9,35.4,29.1,22.9,-43.5,-22.9,-2.3,17.7,36.5,52.5,65.2,73.8,75.5,72.2,61.8,47.8,31.2,12.7,-6.5,-26.2,-46.2,-52.9,-60.5,-62.2,-59.7,-54.9,-56.6,-62.4,-65.8,-65.5,-59.3,-41.7,-28.6,-15.8,-2.9,5.4,7.7,9.5,7.3,4.4,-40.1,-45.0,-45.0,-38.7,-36.2,-35.8,-40.4,-47.7,-48.3,-44.1,-39.3,-38.6,32.0,27.1,24.2,25.8,23.8,26.5,30.4,38.3,41.6,42.5,42.1,39.3,32.1,30.4,30.8,29.9,31.0,31.9,33.0,32.5,679.6,683.8,688.3,690.8,690.0,686.5,680.0,671.3,669.8,678.5,692.8,704.3,708.5,706.8,704.2,701.6,700.4,645.9,638.9,633.6,629.4,627.2,633.7,640.8,649.3,658.5,668.7,632.9,626.9,620.5,614.6,632.4,630.9,630.1,633.2,637.0,645.1,641.6,641.6,642.9,642.1,642.2,650.9,652.9,656.6,663.0,657.2,653.6,650.5,639.5,635.5,636.6,638.4,647.0,660.0,648.9,642.3,640.0,639.2,642.2,648.0,638.8,639.3,641.8,656.0,641.7,639.2,638.9,0.597,0.205,-0.188,0.002,265.165,186.344,-5.641,11.864,-14.246,22.013,4.22,1.921,-4.538,3.729,4.988,-4.424,-0.291,0.96,0.31,-1.913,-0.349,-0.42,0.462,1.106,-0.975,-0.586,0.229,-0.089,-0.454,-0.592,0.186,-0.011,0.154,0.049,-0.103,-0.013,-0.024,-0.015,0.012,0.002,0.6,0.12,0.0,0.97,0.0,0.0,0.0,0.0,0.0,0.07,0.0,0.0,0.0,0.0,0.0,0.0,0.0,0.0,1.0,0.0,1.0,0.0,0.0,0.0,0.0,0.0,0.0,0.0,0.0,0.0,0.0,0.0,0.0,1.0,0.0
PP133,g1,1718,0,0.975,0.175631,0.189491,-0.966047,0.022142,0.187781,-0.981961,0.101,0.191,241.3,242.7,245.9,249.2,250.5,249.3,245.9,242.6,237.1,239.0,241.9,245.4,249.0,251.7,253.5,251.3,248.3,245.0,241.9,239.1,244.5,245.9,247.3,247.9,247.3,245.9,244.5,243.9,279.6,280.6,283.4,286.5,288.0,287.0,284.2,280.9,276.5,278.5,281.2,284.6,287.6,289.8,291.1,289.9,287.9,285.2,282.1,279.0,282.4,283.8,285.0,285.4,284.8,283.5,282.2,281.8,161.4,158.1,156.7,158.1,161.4,165.0,166.1,164.7,162.8,161.0,159.8,159.3,159.9,161.4,163.6,164.8,165.2,165.4,165.1,164.3,162.9,163.5,162.9,161.5,160.0,159.4,160.0,161.5,160.8,157.5,156.0,157.2,160.4,163.6,165.1,164.2,163.1,160.9,159.2,158.4,158.8,159.9,161.7,163.2,164.0,164.5,164.4,164.1,162.1,162.6,162.0,160.6,159.2,158.7,159.3,160.8,-11.2,-9.4,-5.2,-1.1,0.6,-0.9,-5.3,-9.5,-16.8,-14.2,-10.4,-5.8,-1.3,2.2,4.5,1.7,-2.2,-6.4,-10.5,-14.1,-7.1,-5.3,-3.5,-2.7,-3.4,-5.2,-7.1,-7.8,39.0,40.4,44.2,48.4,50.4,49.1,45.2,40.7,35.0,37.5,41.1,45.6,49.8,53.0,55.1,53.2,50.2,46.5,42.3,38.1,42.9,44.7,46.4,47.0,46.1,44.3,42.6,42.0,-33.7,-38.0,-39.7,-37.9,-33.6,-29.0,-27.6,-29.4,-32.1,-34.3,-35.6,-36.3,-35.4,-33.6,-30.9,-29.3,-28.7,-28.4,-28.9,-30.0,-31.7,-30.9,-31.7,-33.6,-35.5,-36.2,-35.5,-33.6,-35.2,-39.5,-41.6,-40.2,-36.0,-31.6,-29.6,-30.7,-32.2,-35.1,-37.2,-38.4,-38.0,-36.8,-34.6,-32.4,-31.1,-30.4,-30.4,-30.8,-33.5,-32.9,-33.8,-35.7,-37.5,-38.2,-37.3,-35.4,503.6,504.0,504.0,503.7,503.2,503.1,502.8,503.1,507.9,505.2,502.8,501.5,502.0,503.4,505.0,503.5,502.0,501.8,503.0,505.2,504.1,503.9,504.0,504.1,504.3,504.5,504.4,504.3,514.4,515.4,516.9,518.1,518.3,517.4,515.8,514.7,514.9,514.1,513.8,514.7,517.3,520.8,524.1,520.9,517.6,515.2,514.1,514.3,516.4,516.9,517.6,518.0,517.9,517.4,516.7,516.3,24.4,-2.1,647.8,0.213,-0.148,0.017,218.3,218.7,220.4,223.0,227.5,234.4,243.1,253.3,263.9,272.8,279.5,285.5,290.9,294.8,297.3,299.2,300.0,227.6,234.0,242.6,251.3,259.2,274.8,281.8,288.5,294.9,298.9,267.2,268.1,269.0,269.9,258.8,263.3,267.9,272.0,275.6,236.9,242.2,248.5,253.6,248.3,242.0,276.5,281.5,287.3,291.2,287.8,282.1,249.8,257.2,263.5,267.2,271.1,275.8,279.7,275.8,271.1,266.9,262.8,256.7,252.9,263.1,266.9,270.8,277.5,270.8,266.9,262.9,161.5,173.1,184.6,195.6,206.2,215.5,223.4,229.4,230.9,228.9,222.5,214.4,205.2,195.0,184.2,173.0,161.5,154.9,150.1,149.0,150.3,153.1,152.6,149.4,147.9,148.8,153.0,161.8,169.7,177.6,185.7,190.6,192.1,193.3,192.0,190.3,162.7,159.7,159.8,163.7,165.1,165.3,163.2,159.0,158.9,161.6,164.2,164.4,205.9,203.6,202.1,203.2,202.0,203.3,205.2,210.4,212.6,213.2,212.9,210.8,206.2,205.8,206.1,205.6,205.7,206.9,207.5,207.1,-55.0,-54.5,-51.9,-47.6,-39.7,-27.3,-12.1,5.7,23.8,39.5,52.2,64.1,74.3,81.2,85.6,88.6,89.7,-37.0,-26.2,-12.0,2.1,14.7,40.2,52.0,63.8,75.5,83.5,27.8,29.0,30.2,31.4,14.3,21.5,28.8,35.7,41.7,-21.5,-12.8,-2.4,6.0,-2.7,-13.1,44.1,52.6,62.5,69.8,63.4,53.6,-0.3,11.8,21.9,28.0,34.5,42.7,50.2,42.9,34.8,27.7,21.0,11.0,4.7,21.4,27.7,34.2,46.2,34.2,27.6,21.2,-45.1,-25.1,-5.2,14.3,32.9,49.2,62.4,72.0,74.5,71.8,62.0,48.5,32.2,13.7,-6.0,-26.1,-46.6,-53.8,-61.0,-62.4,-59.8,-55.1,-56.5,-62.4,-65.6,-65.1,-58.8,-41.6,-28.5,-15.7,-2.8,5.0,7.4,9.4,7.3,4.5,-40.8,-45.6,-45.4,-39.1,-36.7,-36.5,-40.4,-47.6,-48.1,-43.9,-39.1,-38.5,30.7,26.4,23.8,25.5,23.7,26.2,29.9,38.1,41.3,42.1,41.5,38.4,31.0,29.9,30.5,29.7,30.6,31.8,32.7,32.0,676.7,680.5,685.0,688.0,688.0,685.3,679.5,671.2,669.8,678.3,692.7,704.5,709.4,708.3,705.9,703.1,701.7,644.7,637.6,632.4,628.3,626.2,632.5,639.4,647.8,656.9,667.1,631.7,626.2,620.1,614.6,632.2,630.7,630.1,633.1,636.9,644.0,640.5,640.6,641.9,641.2,641.2,649.6,651.5,655.2,661.5,655.9,652.3,650.8,639.7,635.6,636.6,638.3,647.1,660.3,649.3,642.3,640.2,639.5,642.7,648.3,638.9,639.3,641.7,656.5,641.6,639.3,639.0,0.598,0.222,-0.195,0.027,264.639,186.045,-5.578,4.719,-13.075,19.621,4.245,2.062,-4.53,3.911,5.361,-3.424,-1.344,1.433,0.5,-1.598,-0.828,-0.041,0.506,1.367,-0.991,-0.818,0.139,-0.102,0.03,-0.294,0.228,-0.233,0.169,0.004,-0.075,-0.002,-0.027,0.001,0.01,-0.004,0.41,0.0,0.0,0.93,0.0,0.0,0.0,0.0,0.0,0.0,0.0,0.0,0.0,0.0,0.0,0.01,0.0,0.0,1.0,0.0,1.0,0.0,0.0,0.0,0.0,0.0,0.0,0.0,0.0,0.0,0.0,0.0,0.0,1.0,0.0
PP133,g1,1723,0,0.975,0.177582,0.201099,-0.96334,0.020392,0.198779,-0.979832,0.102,0.203,240.9,242.3,245.6,248.8,250.1,248.9,245.4,242.2,236.6,238.6,241.5,245.1,248.6,251.3,253.1,250.9,247.9,244.6,241.4,238.6,244.1,245.5,246.9,247.5,246.9,245.5,244.1,243.5,279.3,280.2,283.1,286.1,287.6,286.6,283.8,280.5,276.2,278.1,280.8,284.2,287.2,289.4,290.7,289.5,287.4,284.8,281.7,278.6,282.1,283.4,284.6,285.1,284.4,283.1,281.8,281.4,160.9,157.6,156.3,157.7,161.0,164.5,165.6,164.2,162.3,160.5,159.4,158.8,159.5,161.1,163.2,164.3,164.8,164.9,164.6,163.8,162.5,163.1,162.5,161.1,159.6,159.0,159.6,161.0,160.5,157.2,155.8,156.9,160.0,163.3,164.8,163.9,162.8,160.6,158.9,158.1,158.5,159.6,161.3,162.9,163.7,164.2,164.1,163.8,161.8,162.3,161.7,160.3,158.9,158.4,159.0,160.4,-11.7,-9.9,-5.7,-1.6,0.1,-1.4,-5.9,-10.0,-17.4,-14.7,-10.9,-6.4,-1.8,1.6,4.0,1.2,-2.7,-6.9,-11.1,-14.7,-7.7,-5.8,-4.0,-3.2,-3.9,-5.8,-7.6,-8.4,38.7,40.0,43.9,48.1,50.1,48.7,44.8,40.3,34.6,37.1,40.7,45.2,49.5,52.7,54.7,52.8,49.8,46.1,41.9,37.7,42.5,44.3,46.0,46.6,45.8,43.9,42.2,41.6,-34.4,-38.6,-40.3,-38.5,-34.2,-29.6,-28.2,-30.1,-32.8,-35.0,-36.3,-36.9,-36.0,-34.1,-31.5,-29.9,-29.3,-29.1,-29.5,-30.7,-32.4,-31.6,-32.3,-34.2,-36.1,-36.9,-36.1,-34.3,-35.7,-40.1,-42.1,-40.7,-36.5,-32.2,-30.1,-31.3,-32.7,-35.6,-37.7,-38.9,-38.5,-37.3,-35.2,-33.0,-31.6,-30.9,-30.9,-31.3,-34.1,-33.4,-34.3,-36.2,-38.1,-38.7,-37.8,-35.9,504.5,504.9,504.9,504.6,504.2,504.1,503.8,504.1,508.8,506.1,503.7,502.4,503.0,504.4,506.0,504.5,503.0,502.7,503.9,506.2,505.0,504.9,504.9,505.1,505.3,505.4,505.4,505.2,516.1,517.0,518.5,519.7,520.0,519.1,517.6,516.5,516.7,515.8,515.5,516.4,519.0,522.4,525.7,522.5,519.3,516.9,515.9,516.1,518.1,518.6,519.3,519.7,519.6,519.0,518.4,518.0,23.6,-3.1,649.5,0.229,-0.148,0.022,217.8,218.2,219.8,222.3,226.8,233.8,242.5,252.7,263.2,272.1,278.8,285.0,290.4,294.3,297.0,298.9,299.7,227.2,233.6,242.3,251.0,258.9,274.5,281.4,288.1,294.6,298.5,266.8,267.6,268.5,269.4,258.3,262.8,267.3,271.4,275.0,236.5,241.8,248.1,253.2,247.9,241.6,276.1,281.2,286.9,290.8,287.4,281.7,249.2,256.6,262.9,266.5,270.4,275.1,279.1,275.1,270.4,266.2,262.1,256.1,252.2,262.4,266.3,270.2,276.8,270.1,266.2,262.3,160.6,172.2,183.5,194.5,205.0,214.3,222.2,228.2,229.7,227.6,221.2,213.3,204.2,194.2,183.5,172.5,161.1,154.2,149.5,148.4,149.9,152.8,152.3,149.1,147.6,148.4,152.6,161.6,169.5,177.3,185.4,190.1,191.7,192.9,191.6,189.9,162.2,159.3,159.4,163.3,164.7,164.8,162.9,158.7,158.6,161.3,163.9,164.1,205.2,203.0,201.6,202.6,201.5,202.8,204.5,209.8,212.0,212.6,212.3,210.2,205.5,205.2,205.6,205.0,205.1,206.3,206.9,206.5,-56.0,-55.6,-53.1,-48.9,-41.0,-28.5,-13.1,4.6,22.7,38.5,51.3,63.3,73.6,80.6,85.1,88.2,89.4,-37.7,-26.8,-12.5,1.6,14.3,39.7,51.4,63.3,75.0,83.0,27.2,28.3,29.5,30.6,13.4,20.7,28.0,34.8,40.9,-22.3,-13.4,-3.1,5.3,-3.4,-13.8,43.5,52.1,62.0,69.2,62.8,53.0,-1.3,10.9,21.0,27.0,33.5,41.7,49.3,41.8,33.7,26.7,19.9,10.0,3.7,20.4,26.7,33.2,45.2,33.2,26.6,20.2,-46.6,-26.8,-7.0,12.4,31.0,47.2,60.5,70.2,72.7,70.0,60.0,46.6,30.4,12.2,-7.2,-27.1,-47.5,-55.0,-62.1,-63.3,-60.6,-55.7,-57.0,-62.9,-66.2,-65.8,-59.7,-42.0,-29.0,-16.2,-3.3,4.3,6.7,8.7,6.6,3.9,-41.8,-46.4,-46.1,-39.8,-37.5,-37.3,-41.0,-48.2,-48.6,-44.5,-39.7,-39.1,29.5,25.5,23.0,24.7,22.9,25.4,28.9,37.2,40.5,41.2,40.7,37.4,30.0,29.1,29.7,28.9,29.6,30.9,31.8,31.2,678.2,682.2,686.8,690.0,690.1,687.5,681.7,673.5,672.2,680.6,694.9,706.5,711.2,710.1,707.6,704.9,703.3,645.6,638.4,633.2,629.0,626.9,633.2,640.1,648.5,657.7,667.9,632.7,627.4,621.6,616.3,633.8,632.5,631.9,634.8,638.5,645.2,641.5,641.6,643.0,642.3,642.3,650.7,652.5,656.2,662.6,657.0,653.4,652.7,641.6,637.4,638.4,640.1,649.0,662.4,651.4,644.5,642.3,641.7,644.8,650.2,640.8,641.3,643.6,658.5,643.6,641.3,641.0,0.596,0.235,-0.193,0.032,264.116,185.441,-4.466,4.86,-13.266,18.318,5.391,1.433,-4.364,4.438,5.075,-2.682,-1.255,1.417,0.607,-1.599,-0.993,0.076,0.364,1.328,-0.984,-0.704,0.193,-0.171,0.116,-0.355,0.174,-0.195,0.15,-0.008,-0.067,0.008,-0.025,0.009,0.01,-0.003,0.38,0.0,0.0,1.05,0.0,0.0,0.0,0.0,0.0,0.24,0.0,0.0,0.0,0.0,0.0,0.0,0.0,0.0,1.0,0.0,1.0,0.0,0.0,0.0,0.0,0.0,0.0,0.0,0.0,0.0,0.0,0.0,0.0,1.0,0.0
PP133,g1,1727,0,0.975,0.178798,0.190154,-0.965336,0.02371,0.188532,-0.981781,0.104,0.192,240.5,241.9,245.1,248.3,249.6,248.5,245.0,241.8,236.2,238.2,241.1,244.6,248.1,250.8,252.6,250.5,247.5,244.2,241.0,238.2,243.6,245.0,246.5,247.1,246.5,245.1,243.7,243.1,278.7,279.7,282.5,285.5,287.0,286.1,283.3,280.0,275.6,277.6,280.3,283.6,286.7,288.8,290.1,288.9,286.9,284.3,281.2,278.0,281.5,282.9,284.1,284.5,283.8,282.5,281.3,280.9,161.0,157.7,156.3,157.7,161.0,164.5,165.6,164.3,162.4,160.6,159.4,158.9,159.5,161.0,163.2,164.3,164.8,164.9,164.6,163.9,162.5,163.1,162.5,161.1,159.6,159.0,159.6,161.1,160.4,157.1,155.7,156.8,159.9,163.2,164.7,163.8,162.7,160.5,158.8,158.0,158.4,159.5,161.3,162.7,163.6,164.0,164.0,163.7,161.7,162.2,161.6,160.1,158.8,158.3,158.9,160.3,-12.3,-10.5,-6.4,-2.2,-0.5,-2.0,-6.5,-10.6,-18.0,-15.3,-11.5,-7.0,-2.4,1.0,3.4,0.6,-3.3,-7.5,-11.6,-15.3,-8.2,-6.4,-4.6,-3.8,-4.6,-6.4,-8.2,-9.0,38.0,39.3,43.2,47.4,49.4,48.0,44.1,39.7,34.0,36.5,40.0,44.6,48.8,52.0,54.1,52.1,49.1,45.4,41.3,37.1,41.9,43.7,45.4,46.0,45.1,43.3,41.6,41.0,-34.3,-38.6,-40.3,-38.5,-34.2,-29.7,-28.2,-30.0,-32.7,-34.9,-36.2,-36.9,-36.1,-34.2,-31.6,-30.0,-29.3,-29.1,-29.5,-30.7,-32.4,-31.6,-32.3,-34.2,-36.1,-36.9,-36.1,-34.2,-35.9,-40.3,-42.3,-40.9,-36.8,-32.4,-30.3,-31.4,-32.9,-35.8,-37.9,-39.1,-38.7,-37.5,-35.4,-33.2,-31.8,-31.1,-31.1,-31.5,-34.3,-33.6,-34.5,-36.4,-38.3,-38.9,-38.0,-36.1,505.1,505.5,505.5,505.2,504.8,504.6,504.3,504.6,509.4,506.7,504.3,503.1,503.6,504.9,506.6,505.0,503.6,503.3,504.5,506.8,505.6,505.5,505.5,505.7,505.9,506.0,506.0,505.8,517.0,517.9,519.4,520.6,520.8,519.9,518.4,517.3,517.5,516.6,516.4,517.3,519.9,523.3,526.6,523.4,520.1,517.7,516.7,516.9,518.9,519.4,520.1,520.5,520.4,519.9,519.2,518.8,23.0,-3.1,650.0,0.211,-0.151,0.016,217.4,217.9,219.6,222.2,226.7,233.7,242.4,252.6,263.1,272.0,278.6,284.7,290.0,293.9,296.5,298.3,299.0,226.8,233.1,241.8,250.5,258.4,273.9,280.8,287.5,293.9,297.9,266.3,267.2,268.1,269.1,258.0,262.5,267.0,271.2,274.7,236.1,241.4,247.7,252.8,247.5,241.2,275.6,280.6,286.3,290.3,286.8,281.2,249.0,256.5,262.7,266.4,270.2,274.9,278.9,274.9,270.3,266.2,262.1,256.0,252.1,262.3,266.1,270.0,276.7,270.0,266.1,262.2,161.1,172.7,184.1,195.1,205.6,214.8,222.6,228.5,230.0,228.0,221.7,213.7,204.6,194.5,183.7,172.6,161.2,154.5,149.6,148.5,149.8,152.7,152.2,149.0,147.5,148.3,152.6,161.4,169.2,177.1,185.1,190.0,191.5,192.7,191.3,189.7,162.3,159.3,159.4,163.3,164.7,164.8,162.8,158.6,158.5,161.2,163.8,164.0,205.2,202.9,201.4,202.4,201.2,202.6,204.4,209.6,211.8,212.4,212.1,210.0,205.4,205.1,205.4,204.8,204.9,206.1,206.7,206.3,-56.6,-56.1,-53.5,-49.2,-41.2,-28.7,-13.3,4.5,22.6,38.3,50.9,62.7,72.9,79.9,84.3,87.3,88.4,-38.5,-27.6,-13.4,0.8,13.4,38.8,50.5,62.4,74.1,82.1,26.5,27.7,28.9,30.1,13.0,20.2,27.6,34.4,40.5,-23.0,-14.2,-3.9,4.6,-4.2,-14.6,42.7,51.3,61.1,68.4,62.1,52.2,-1.6,10.6,20.7,26.8,33.2,41.4,49.0,41.6,33.5,26.6,19.8,9.9,3.4,20.2,26.5,32.9,44.9,32.9,26.4,20.0,-45.9,-25.9,-6.0,13.4,31.9,48.1,61.2,70.7,73.1,70.5,60.8,47.4,31.2,12.8,-6.9,-27.0,-47.5,-54.7,-62.0,-63.4,-60.8,-56.0,-57.4,-63.3,-66.6,-66.1,-59.8,-42.4,-29.4,-16.6,-3.7,4.0,6.5,8.4,6.3,3.5,-41.7,-46.4,-46.2,-39.9,-37.5,-37.3,-41.2,-48.4,-48.9,-44.8,-40.0,-39.4,29.5,25.3,22.7,24.4,22.5,25.1,28.7,36.9,40.1,40.9,40.3,37.2,29.9,28.8,29.3,28.5,29.3,30.6,31.5,30.9,679.3,683.0,687.3,690.3,690.3,687.6,681.6,673.3,671.9,680.4,694.9,706.8,711.8,711.0,708.7,706.0,704.6,647.1,640.1,634.9,630.6,628.5,634.7,641.6,650.1,659.3,669.5,634.0,628.4,622.4,616.8,634.2,632.8,632.2,635.3,639.0,646.5,642.9,643.0,644.3,643.6,643.5,651.9,653.9,657.6,663.9,658.2,654.6,652.9,641.8,637.7,638.6,640.4,649.2,662.6,651.3,644.3,642.1,641.5,644.8,650.4,640.9,641.4,643.7,658.7,643.6,641.3,641.0,0.596,0.219,-0.196,0.025,263.791,185.446,-3.984,4.392,-12.852,18.945,4.544,1.932,-4.33,4.286,4.857,-3.334,-1.294,1.449,0.468,-1.763,-0.92,-0.068,0.376,1.21,-1.033,-0.558,0.122,-0.09,0.128,-0.306,0.179,-0.124,0.131,-0.003,-0.08,0.002,-0.021,-0.003,0.004,-0.001,0.56,0.16,0.0,0.72,0.0,0.0,0.0,0.0,0.0,0.04,0.0,0.0,0.0,0.0,0.0,0.0,0.0,0.0,1.0,0.0,1.0,0.0,0.0,0.0,0.0,0.0,0.0,0.0,0.0,0.0,0.0,0.0,0.0,1.0,0.0
PP133,g1,1733,0,0.975,0.176374,0.172108,-0.96916,0.029821,0.172502,-0.984558,0.105,0.175,240.4,241.8,245.0,248.2,249.5,248.5,245.0,241.8,236.2,238.2,241.0,244.5,248.0,250.8,252.6,250.5,247.5,244.2,241.0,238.2,243.6,245.0,246.4,247.0,246.4,245.0,243.6,243.0,278.5,279.5,282.3,285.3,286.8,285.9,283.1,279.8,275.5,277.4,280.1,283.5,286.5,288.6,289.9,288.7,286.7,284.1,281.0,277.9,281.3,282.7,283.9,284.3,283.6,282.3,281.1,280.7,161.1,157.8,156.4,157.7,161.0,164.5,165.7,164.4,162.6,160.8,159.5,158.9,159.5,161.0,163.1,164.3,164.8,165.0,164.8,164.0,162.6,163.2,162.5,161.1,159.7,159.1,159.7,161.1,160.2,156.9,155.4,156.6,159.7,162.9,164.4,163.5,162.5,160.2,158.6,157.8,158.2,159.3,161.0,162.5,163.4,163.8,163.8,163.5,161.5,162.0,161.3,159.9,158.6,158.1,158.7,160.1,-12.4,-10.7,-6.5,-2.3,-0.6,-2.0,-6.4,-10.6,-17.9,-15.4,-11.6,-7.1,-2.5,1.0,3.4,0.6,-3.3,-7.5,-11.6,-15.3,-8.2,-6.4,-4.6,-3.9,-4.6,-6.5,-8.3,-9.0,37.8,39.1,42.9,47.1,49.2,47.8,44.0,39.5,33.8,36.3,39.8,44.3,48.6,51.8,53.8,51.9,49.0,45.3,41.1,36.9,41.6,43.5,45.2,45.7,44.9,43.0,41.3,40.8,-34.1,-38.4,-40.2,-38.5,-34.2,-29.6,-28.1,-29.9,-32.4,-34.7,-36.1,-36.8,-36.0,-34.2,-31.6,-29.9,-29.3,-28.9,-29.3,-30.4,-32.2,-31.5,-32.3,-34.1,-36.0,-36.8,-36.0,-34.1,-36.2,-40.6,-42.6,-41.2,-37.1,-32.7,-30.6,-31.8,-33.2,-36.1,-38.2,-39.4,-39.0,-37.9,-35.7,-33.5,-32.2,-31.5,-31.4,-31.8,-34.6,-33.9,-34.8,-36.8,-38.6,-39.2,-38.3,-36.4,504.6,505.0,505.0,504.6,504.1,504.0,503.8,504.1,509.0,506.3,503.8,502.5,502.9,504.3,505.9,504.4,502.9,502.7,504.0,506.3,505.1,504.9,504.9,505.1,505.3,505.4,505.4,505.3,517.2,518.2,519.8,521.0,521.2,520.2,518.6,517.5,517.7,516.9,516.7,517.6,520.2,523.7,526.9,523.7,520.4,518.0,516.9,517.1,519.2,519.7,520.4,520.8,520.8,520.2,519.5,519.1,23.4,-2.5,645.9,0.182,-0.154,0.003,217.5,218.1,220.0,222.7,227.3,234.3,243.0,253.4,264.0,272.9,279.4,285.3,290.3,294.0,296.4,298.2,298.8,226.7,233.0,241.6,250.3,258.1,273.6,280.5,287.2,293.6,297.5,266.2,267.2,268.3,269.4,258.4,262.9,267.5,271.6,275.1,236.1,241.3,247.6,252.8,247.5,241.2,275.4,280.4,286.1,290.0,286.7,281.0,250.1,257.4,263.4,267.1,270.8,275.4,279.3,275.6,271.1,267.0,263.0,257.0,253.2,263.1,266.8,270.7,277.1,270.7,266.9,263.0,161.9,173.6,185.2,196.3,206.9,216.2,224.1,230.0,231.5,229.4,223.1,215.0,205.7,195.4,184.4,173.0,161.5,154.8,149.8,148.5,149.8,152.6,152.0,148.7,147.2,148.1,152.5,161.1,169.0,176.8,184.8,190.0,191.5,192.7,191.3,189.5,162.5,159.4,159.4,163.2,164.7,165.0,162.6,158.3,158.2,161.0,163.5,163.8,206.1,203.4,201.6,202.6,201.4,202.9,205.0,210.1,212.3,212.8,212.6,210.8,206.2,205.4,205.6,205.0,205.4,206.5,207.1,206.8,-56.2,-55.5,-52.5,-47.9,-39.8,-27.4,-12.1,5.8,23.9,39.6,52.0,63.4,73.1,79.7,83.8,86.7,87.5,-38.5,-27.8,-13.6,0.5,13.0,38.3,49.9,61.6,73.3,81.2,26.2,27.6,29.0,30.4,13.5,20.8,28.1,34.8,40.8,-22.9,-14.3,-4.0,4.6,-4.1,-14.5,42.3,50.7,60.6,67.8,61.6,51.8,0.2,12.0,21.7,27.7,33.9,42.0,49.3,42.4,34.6,27.8,21.2,11.5,5.3,21.3,27.4,33.8,45.3,33.9,27.5,21.2,-44.2,-24.1,-4.1,15.4,34.0,50.2,63.4,72.8,75.1,72.5,63.0,49.5,33.0,14.2,-5.7,-26.0,-46.7,-53.9,-61.5,-63.1,-60.7,-56.0,-57.5,-63.4,-66.8,-66.3,-59.9,-42.7,-29.7,-17.0,-4.2,4.1,6.4,8.3,6.1,3.3,-41.1,-46.0,-46.0,-39.8,-37.3,-37.0,-41.4,-48.6,-49.1,-44.9,-40.2,-39.6,30.8,25.9,22.9,24.6,22.6,25.3,29.4,37.4,40.6,41.4,40.9,38.1,30.9,29.1,29.5,28.7,30.0,31.0,32.0,31.4,676.0,679.5,683.6,686.3,685.9,682.8,676.7,668.2,666.8,675.5,690.3,702.5,707.9,707.0,704.8,702.0,700.6,644.3,637.5,632.3,628.3,626.3,632.4,639.4,647.9,657.2,667.3,631.4,625.4,618.9,612.9,630.3,628.8,628.0,631.2,635.2,643.6,640.3,640.3,641.6,640.8,640.8,649.3,651.4,655.2,661.4,655.6,652.0,647.9,636.7,633.0,634.1,635.8,644.4,657.5,646.3,639.5,637.3,636.6,639.6,645.3,636.2,636.7,639.1,653.5,639.1,636.7,636.4,0.599,0.192,-0.201,0.012,264.105,185.809,-4.724,5.203,-13.801,22.493,1.911,1.811,-3.246,5.133,5.704,-4.89,-1.362,0.928,-0.13,-1.963,-0.123,-0.586,0.323,0.939,-1.029,-0.498,0.207,0.159,-0.104,-0.432,0.285,0.089,0.14,0.012,-0.085,-0.012,-0.042,-0.023,0.013,0.001,0.76,0.37,0.0,1.01,0.0,0.0,0.0,0.0,0.0,0.0,0.0,0.0,0.0,0.0,0.0,0.0,0.0,1.0,1.0,0.0,1.0,0.0,0.0,0.0,0.0,0.0,0.0,0.0,0.0,0.0,0.0,0.0,0.0,1.0,0.0
PP133,g1,1739,0,0.975,0.176873,0.167352,-0.969902,0.031877,0.167611,-0.985338,0.106,0.17,240.5,241.8,245.1,248.3,249.6,248.6,245.1,241.9,236.3,238.2,241.1,244.6,248.1,250.9,252.8,250.6,247.5,244.3,241.1,238.3,243.7,245.1,246.5,247.1,246.5,245.1,243.7,243.1,278.7,279.6,282.4,285.5,287.0,286.1,283.2,279.9,275.6,277.5,280.2,283.6,286.6,288.7,290.0,288.9,286.9,284.3,281.2,278.0,281.5,282.8,284.0,284.4,283.8,282.4,281.2,280.8,160.9,157.6,156.2,157.5,160.8,164.4,165.5,164.2,162.5,160.6,159.3,158.7,159.3,160.8,163.0,164.2,164.6,164.9,164.6,163.9,162.4,163.0,162.4,160.9,159.5,158.9,159.5,161.0,160.1,156.8,155.3,156.5,159.6,162.9,164.3,163.4,162.4,160.1,158.5,157.7,158.1,159.2,161.0,162.5,163.3,163.7,163.7,163.4,161.4,161.9,161.3,159.8,158.5,158.0,158.6,160.0,-12.2,-10.5,-6.4,-2.2,-0.5,-1.9,-6.3,-10.5,-17.8,-15.2,-11.5,-7.0,-2.4,1.1,3.6,0.8,-3.1,-7.4,-11.5,-15.1,-8.1,-6.3,-4.5,-3.7,-4.5,-6.3,-8.1,-8.9,37.9,39.2,43.0,47.2,49.2,47.9,44.0,39.6,33.9,36.4,39.9,44.4,48.7,51.8,53.9,52.0,49.0,45.3,41.2,37.0,41.7,43.5,45.2,45.8,44.9,43.1,41.4,40.8,-34.2,-38.5,-40.3,-38.6,-34.3,-29.7,-28.3,-30.0,-32.5,-34.8,-36.2,-36.9,-36.2,-34.3,-31.7,-30.1,-29.4,-29.1,-29.4,-30.5,-32.3,-31.6,-32.4,-34.3,-36.1,-36.9,-36.1,-34.2,-36.3,-40.6,-42.7,-41.2,-37.1,-32.7,-30.7,-31.8,-33.2,-36.1,-38.3,-39.5,-39.1,-37.9,-35.7,-33.5,-32.2,-31.5,-31.5,-31.8,-34.6,-34.0,-34.9,-36.8,-38.6,-39.2,-38.3,-36.4,503.3,503.6,503.6,503.3,502.7,502.6,502.4,502.8,507.6,504.9,502.4,501.2,501.6,502.9,504.5,503.0,501.6,501.4,502.6,505.0,503.7,503.5,503.5,503.7,503.9,504.1,504.1,503.9,516.0,517.0,518.6,519.8,520.0,519.0,517.4,516.3,516.4,515.7,515.5,516.4,519.0,522.5,525.8,522.5,519.2,516.8,515.7,515.8,517.9,518.5,519.2,519.6,519.5,519.0,518.3,517.9,23.5,-2.5,644.6,0.175,-0.156,0.004,217.5,218.1,220.0,222.8,227.4,234.4,243.1,253.5,264.1,273.0,279.5,285.3,290.3,294.0,296.4,298.3,298.8,226.7,233.0,241.7,250.4,258.2,273.8,280.6,287.3,293.7,297.7,266.3,267.4,268.5,269.6,258.5,263.1,267.6,271.7,275.2,236.2,241.4,247.7,252.9,247.6,241.2,275.6,280.6,286.3,290.2,286.8,281.2,250.3,257.5,263.5,267.2,271.0,275.6,279.4,275.8,271.3,267.2,263.1,257.2,253.3,263.2,267.0,270.8,277.1,270.8,267.0,263.1,162.0,173.7,185.3,196.4,207.1,216.5,224.3,230.2,231.7,229.6,223.4,215.3,205.9,195.6,184.5,173.1,161.5,154.7,149.6,148.4,149.6,152.4,151.8,148.7,147.2,148.1,152.4,160.9,168.8,176.6,184.7,189.9,191.4,192.6,191.2,189.4,162.4,159.2,159.3,163.1,164.6,164.8,162.5,158.2,158.1,160.9,163.5,163.7,206.1,203.4,201.6,202.6,201.4,202.9,205.1,210.1,212.3,212.8,212.6,210.8,206.3,205.3,205.6,205.0,205.5,206.4,207.1,206.7,-56.1,-55.4,-52.4,-47.7,-39.6,-27.2,-12.0,5.9,24.0,39.6,52.0,63.3,73.0,79.5,83.7,86.6,87.5,-38.3,-27.7,-13.5,0.6,13.2,38.5,50.1,61.8,73.4,81.4,26.4,27.8,29.2,30.6,13.7,21.0,28.3,35.0,40.9,-22.7,-14.1,-3.8,4.7,-4.0,-14.3,42.4,50.9,60.7,67.9,61.7,52.0,0.4,12.2,21.9,27.8,34.1,42.1,49.3,42.5,34.8,27.9,21.3,11.7,5.5,21.5,27.6,33.9,45.3,34.0,27.6,21.4,-44.1,-24.0,-3.9,15.7,34.3,50.5,63.7,72.9,75.2,72.7,63.3,49.8,33.4,14.6,-5.4,-25.8,-46.5,-54.0,-61.7,-63.3,-60.8,-56.1,-57.7,-63.5,-66.8,-66.3,-59.8,-42.9,-29.9,-17.2,-4.4,3.9,6.3,8.1,5.9,3.2,-41.3,-46.3,-46.2,-40.0,-37.5,-37.2,-41.5,-48.8,-49.2,-45.0,-40.3,-39.7,30.8,25.8,22.8,24.5,22.5,25.4,29.5,37.4,40.5,41.3,40.8,38.0,30.9,29.0,29.4,28.6,30.1,30.9,31.9,31.3,674.8,678.2,682.3,684.8,684.3,681.1,675.0,666.4,665.0,673.8,688.7,701.1,706.5,705.8,703.6,700.8,699.5,643.3,636.5,631.4,627.4,625.4,631.7,638.8,647.3,656.5,666.6,630.4,624.3,617.7,611.6,629.0,627.4,626.7,629.9,633.9,642.5,639.2,639.3,640.5,639.7,639.7,648.4,650.6,654.4,660.6,654.8,651.1,646.3,635.2,631.6,632.7,634.4,643.1,656.0,644.8,638.0,635.8,635.1,638.0,643.7,634.7,635.2,637.6,651.9,637.6,635.2,634.9,0.6,0.186,-0.204,0.012,264.208,185.803,-4.932,5.552,-14.022,22.948,1.764,1.994,-3.358,5.046,5.958,-5.159,-1.176,0.874,-0.001,-1.982,-0.089,-0.645,0.434,1.0,-1.063,-0.607,0.125,0.147,-0.23,-0.488,0.302,0.104,0.132,0.021,-0.089,-0.013,-0.05,-0.025,0.011,0.001,0.56,0.11,0.0,0.9,0.0,0.0,0.0,0.0,0.0,0.08,0.0,0.0,0.0,0.0,0.0,0.0,0.0,1.0,1.0,0.0,1.0,0.0,0.0,0.0,0.0,0.0,0.0,0.0,0.0,0.0,0.0,0.0,0.0,1.0,0.0
PP133,g1,1745,0,0.975,0.181903,0.189032,-0.964976,0.029887,0.186952,-0.981914,0.108,0.191,241.0,242.4,245.6,248.9,250.2,249.0,245.5,242.3,236.7,238.7,241.6,245.1,248.7,251.4,253.2,251.0,248.0,244.7,241.5,238.7,244.2,245.6,247.0,247.6,247.0,245.6,244.2,243.6,279.3,280.2,283.1,286.1,287.6,286.6,283.8,280.5,276.2,278.1,280.9,284.2,287.2,289.4,290.6,289.4,287.5,284.8,281.7,278.6,282.1,283.4,284.6,285.1,284.4,283.1,281.8,281.4,161.2,157.9,156.5,157.9,161.2,164.8,165.9,164.5,162.6,160.8,159.6,159.1,159.7,161.3,163.4,164.6,165.0,165.2,164.9,164.1,162.7,163.3,162.7,161.3,159.9,159.2,159.8,161.3,160.8,157.5,156.0,157.2,160.4,163.6,165.1,164.1,163.0,160.8,159.2,158.4,158.8,159.9,161.7,163.2,164.1,164.5,164.4,164.1,162.1,162.6,162.0,160.6,159.2,158.7,159.3,160.7,-11.6,-9.8,-5.6,-1.5,0.2,-1.3,-5.8,-9.9,-17.2,-14.6,-10.8,-6.2,-1.7,1.8,4.1,1.3,-2.6,-6.8,-10.9,-14.6,-7.5,-5.7,-3.9,-3.1,-3.8,-5.6,-7.5,-8.2,38.6,40.0,43.9,48.0,50.0,48.6,44.7,40.3,34.6,37.1,40.7,45.2,49.4,52.6,54.6,52.7,49.7,46.0,41.9,37.7,42.5,44.3,46.0,46.6,45.7,43.9,42.2,41.6,-33.9,-38.2,-39.9,-38.1,-33.8,-29.2,-27.8,-29.6,-32.3,-34.5,-35.8,-36.5,-35.6,-33.7,-31.1,-29.5,-28.8,-28.6,-29.1,-30.2,-31.9,-31.1,-31.9,-33.7,-35.6,-36.4,-35.7,-33.8,-35.3,-39.6,-41.7,-40.2,-36.1,-31.7,-29.7,-30.8,-32.3,-35.2,-37.3,-38.4,-38.1,-36.9,-34.7,-32.5,-31.1,-30.4,-30.4,-30.9,-33.6,-33.0,-33.9,-35.8,-37.6,-38.2,-37.4,-35.4,502.7,503.1,503.1,502.8,502.4,502.2,501.9,502.2,507.0,504.3,501.9,500.7,501.2,502.5,504.2,502.6,501.2,500.9,502.1,504.4,503.2,503.1,503.1,503.3,503.5,503.6,503.6,503.4,515.3,516.2,517.8,519.0,519.3,518.3,516.8,515.6,515.8,515.0,514.7,515.7,518.3,521.8,525.1,521.8,518.6,516.2,515.0,515.2,517.3,517.8,518.5,518.9,518.8,518.3,517.6,517.2,23.6,-2.1,646.3,0.21,-0.158,0.022,217.7,218.1,219.7,222.2,226.7,233.6,242.2,252.5,263.1,272.0,278.7,284.7,290.1,294.0,296.6,298.6,299.3,227.2,233.7,242.4,251.1,259.0,274.6,281.5,288.2,294.5,298.4,267.0,267.8,268.8,269.7,258.5,263.0,267.6,271.7,275.2,236.6,241.9,248.2,253.3,248.0,241.7,276.1,281.2,286.9,290.8,287.4,281.7,249.6,257.0,263.2,266.8,270.6,275.2,279.0,275.2,270.7,266.5,262.5,256.4,252.6,262.8,266.5,270.4,276.8,270.4,266.5,262.6,161.3,173.0,184.4,195.5,206.2,215.6,223.5,229.6,231.1,229.1,222.7,214.7,205.5,195.2,184.4,173.2,161.7,154.6,149.8,148.7,150.1,153.0,152.6,149.4,147.9,148.8,153.1,161.7,169.6,177.5,185.6,190.5,192.0,193.3,191.9,190.3,162.5,159.5,159.6,163.6,165.0,165.1,163.2,158.9,158.9,161.6,164.2,164.4,206.0,203.7,202.1,203.2,202.0,203.5,205.4,210.6,212.8,213.3,213.0,210.9,206.3,205.8,206.1,205.6,205.9,206.9,207.5,207.1,-55.7,-55.4,-52.9,-48.7,-40.9,-28.7,-13.5,4.3,22.5,38.2,50.7,62.5,72.6,79.6,84.1,87.3,88.5,-37.4,-26.5,-12.3,1.8,14.4,39.8,51.4,63.2,74.8,82.6,27.4,28.5,29.8,31.0,13.8,21.0,28.2,35.0,41.0,-22.1,-13.3,-2.9,5.5,-3.3,-13.7,43.4,51.9,61.8,69.0,62.7,52.9,-0.7,11.4,21.4,27.3,33.7,41.7,49.0,41.8,33.9,27.0,20.4,10.5,4.3,20.8,27.0,33.4,45.0,33.4,26.9,20.6,-45.2,-25.3,-5.4,14.1,32.8,49.1,62.4,72.1,74.7,72.1,62.4,48.9,32.6,14.0,-5.6,-25.8,-46.3,-54.1,-61.3,-62.6,-60.0,-55.1,-56.5,-62.3,-65.5,-65.0,-58.7,-41.6,-28.6,-15.8,-3.0,4.8,7.3,9.3,7.2,4.5,-41.1,-45.8,-45.6,-39.2,-36.9,-36.7,-40.4,-47.6,-48.0,-43.8,-39.0,-38.5,30.8,26.4,23.7,25.5,23.6,26.4,30.2,38.3,41.4,42.1,41.6,38.4,31.1,29.9,30.4,29.7,30.8,31.8,32.7,32.0,674.5,678.3,682.8,685.8,685.8,683.3,677.6,669.5,668.2,676.8,691.3,703.2,708.3,707.4,705.1,702.3,700.8,642.6,635.8,630.7,626.8,624.9,631.5,638.5,647.0,656.2,666.4,630.5,624.9,618.8,613.2,630.5,629.1,628.6,631.7,635.5,642.3,638.8,639.0,640.4,639.6,639.5,648.6,650.5,654.3,660.7,655.0,651.3,648.7,637.7,633.9,634.9,636.7,645.5,658.7,647.6,640.8,638.6,637.8,640.8,646.2,637.1,637.7,640.0,654.7,640.0,637.7,637.3,0.599,0.219,-0.205,0.032,264.191,186.05,-5.323,4.881,-13.793,20.491,3.74,1.49,-4.022,3.948,5.542,-3.763,-1.021,1.556,0.397,-1.795,-0.513,-0.244,0.493,1.173,-1.038,-0.591,0.171,-0.139,-0.005,-0.343,0.257,-0.118,0.175,0.019,-0.088,-0.005,-0.026,-0.002,0.009,-0.001,0.56,0.15,0.0,0.78,0.0,0.0,0.0,0.0,0.0,0.03,0.0,0.0,0.0,0.0,0.0,0.0,0.0,0.0,1.0,0.0,1.0,0.0,0.0,0.0,0.0,0.0,0.0,0.0,0.0,0.0,0.0,0.0,0.0,1.0,0.0
PP133,g1,1751,0,0.975,0.178174,0.194931,-0.964498,0.024894,0.192283,-0.981024,0.104,0.196,241.5,242.9,246.1,249.3,250.6,249.4,246.0,242.8,237.2,239.2,242.1,245.6,249.1,251.8,253.6,251.5,248.4,245.1,242.0,239.2,244.6,246.0,247.4,248.1,247.5,246.1,244.7,244.1,279.7,280.6,283.5,286.5,288.0,287.1,284.2,280.9,276.6,278.5,281.3,284.6,287.7,289.8,291.1,289.9,287.9,285.2,282.1,279.0,282.5,283.8,285.1,285.5,284.8,283.5,282.2,281.8,161.3,158.0,156.7,158.1,161.4,164.9,166.0,164.6,162.7,160.9,159.7,159.2,159.9,161.4,163.6,164.8,165.2,165.4,165.0,164.2,162.9,163.5,162.9,161.4,160.0,159.4,160.0,161.4,160.8,157.6,156.1,157.2,160.4,163.6,165.1,164.2,163.1,160.9,159.2,158.4,158.8,159.9,161.7,163.2,164.1,164.5,164.5,164.2,162.1,162.7,162.0,160.6,159.2,158.7,159.3,160.8,-11.0,-9.2,-5.0,-0.9,0.8,-0.7,-5.2,-9.3,-16.6,-14.0,-10.2,-5.6,-1.1,2.3,4.7,1.9,-2.0,-6.2,-10.3,-14.0,-6.9,-5.1,-3.3,-2.5,-3.2,-5.0,-6.9,-7.7,39.1,40.4,44.3,48.4,50.4,49.1,45.2,40.7,35.0,37.5,41.1,45.6,49.8,53.0,55.1,53.2,50.2,46.5,42.3,38.2,42.9,44.7,46.4,47.0,46.1,44.3,42.6,42.0,-33.7,-38.0,-39.7,-37.9,-33.6,-29.0,-27.6,-29.5,-32.2,-34.4,-35.7,-36.3,-35.5,-33.6,-30.9,-29.3,-28.6,-28.4,-28.9,-30.1,-31.8,-31.0,-31.7,-33.6,-35.5,-36.3,-35.5,-33.7,-35.1,-39.5,-41.6,-40.1,-36.0,-31.6,-29.5,-30.7,-32.1,-35.0,-37.2,-38.3,-37.9,-36.8,-34.6,-32.4,-31.0,-30.3,-30.3,-30.7,-33.5,-32.9,-33.8,-35.7,-37.5,-38.1,-37.2,-35.3,503.0,503.4,503.4,503.1,502.7,502.6,502.3,502.6,507.3,504.7,502.2,501.0,501.5,502.8,504.5,503.0,501.5,501.3,502.4,504.7,503.6,503.4,503.4,503.6,503.8,503.9,503.9,503.7,514.1,515.0,516.6,517.8,518.1,517.2,515.6,514.5,514.6,513.8,513.5,514.4,517.1,520.5,523.9,520.7,517.4,515.0,513.9,514.1,516.1,516.6,517.3,517.7,517.6,517.1,516.4,516.0,24.7,-2.3,650.0,0.223,-0.147,0.012,218.0,218.5,220.3,223.0,227.9,235.2,244.0,254.2,264.6,273.4,279.9,285.9,291.1,294.8,297.3,299.1,299.7,227.6,234.1,242.8,251.5,259.5,275.1,281.9,288.6,294.9,298.8,267.5,268.3,269.3,270.2,259.0,263.5,268.1,272.2,275.7,237.1,242.4,248.7,253.8,248.5,242.1,276.5,281.6,287.3,291.2,287.8,282.1,250.1,257.4,263.7,267.3,271.1,275.7,279.6,275.7,271.1,267.0,263.0,256.9,253.0,263.3,267.1,270.9,277.3,270.9,267.0,263.2,161.3,173.1,184.7,195.9,206.5,215.6,223.2,228.9,230.1,227.8,221.1,213.0,203.9,194.0,183.5,172.7,161.6,154.8,150.0,148.8,150.3,153.2,152.7,149.6,148.1,148.9,153.1,161.9,169.8,177.7,185.7,190.6,192.0,193.2,191.9,190.2,162.6,159.6,159.8,163.7,165.2,165.2,163.3,159.0,158.9,161.6,164.2,164.5,205.8,203.5,202.0,203.0,201.8,203.2,205.0,210.2,212.4,213.0,212.7,210.7,206.1,205.7,206.0,205.4,205.5,206.6,207.3,206.9,-55.8,-55.2,-52.4,-47.8,-39.2,-26.2,-10.4,7.2,25.1,40.8,53.3,65.0,74.8,81.4,85.6,88.5,89.5,-37.0,-26.0,-11.7,2.5,15.2,40.7,52.4,64.2,75.8,83.6,28.4,29.5,30.7,31.8,14.7,21.9,29.2,36.0,42.0,-21.4,-12.6,-2.2,6.2,-2.5,-13.0,44.3,52.9,62.8,70.1,63.7,53.8,0.1,12.2,22.3,28.3,34.6,42.8,50.2,42.9,34.9,28.0,21.3,11.4,5.0,21.8,28.0,34.4,46.1,34.4,28.0,21.7,-45.6,-25.3,-5.0,14.9,33.6,49.6,62.4,71.4,73.4,70.2,59.8,46.1,29.8,11.7,-7.3,-26.8,-46.7,-54.2,-61.3,-62.7,-60.0,-55.1,-56.5,-62.3,-65.6,-65.2,-59.0,-41.6,-28.5,-15.7,-2.8,5.0,7.4,9.3,7.2,4.4,-41.1,-45.8,-45.6,-39.2,-36.8,-36.6,-40.4,-47.7,-48.2,-44.0,-39.2,-38.6,30.6,26.4,23.7,25.4,23.5,26.1,29.6,37.8,41.2,42.0,41.5,38.3,30.9,29.8,30.4,29.5,30.4,31.5,32.5,31.9,680.1,684.4,689.2,692.0,691.7,688.7,682.4,674.1,672.8,681.4,695.6,706.9,711.1,709.5,706.9,704.4,703.1,646.1,639.0,633.8,629.6,627.5,634.2,641.4,650.0,659.3,669.6,633.6,628.0,621.9,616.4,634.0,632.7,632.2,635.2,638.9,645.6,642.0,642.1,643.6,642.8,642.7,651.8,653.7,657.5,664.1,658.2,654.5,653.0,642.0,637.8,638.9,640.8,649.7,663.0,652.0,645.1,642.8,642.0,645.1,650.6,641.2,641.8,644.3,659.1,644.2,641.7,641.4,0.596,0.23,-0.192,0.022,264.788,185.876,-4.222,10.527,-13.32,19.303,6.461,1.502,-4.937,3.587,4.885,-3.101,-0.115,1.264,0.968,-1.9,-1.014,0.029,0.557,1.138,-0.733,-0.679,0.29,-0.213,-0.302,-0.365,0.186,-0.161,0.127,0.037,-0.098,0.0,-0.028,0.006,0.002,0.005,0.36,0.0,0.0,0.85,0.0,0.0,0.0,0.0,0.0,0.2,0.0,0.0,0.0,0.0,0.0,0.0,0.0,0.0,1.0,0.0,1.0,0.0,0.0,0.0,0.0,0.0,0.0,0.0,0.0,0.0,0.0,0.0,0.0,1.0,0.0
PP133,g1,1757,0,0.975,0.181322,0.190052,-0.964885,0.028016,0.187945,-0.98178,0.107,0.192,241.4,242.8,246.1,249.3,250.6,249.4,245.9,242.7,237.2,239.1,242.0,245.6,249.1,251.8,253.6,251.4,248.4,245.1,242.0,239.2,244.6,246.0,247.4,248.0,247.4,246.0,244.6,244.0,279.6,280.6,283.4,286.4,287.9,287.0,284.2,280.9,276.5,278.5,281.2,284.5,287.6,289.7,290.9,289.8,287.8,285.2,282.1,278.9,282.4,283.7,285.0,285.4,284.7,283.4,282.2,281.8,161.1,157.9,156.5,157.9,161.2,164.7,165.8,164.4,162.6,160.8,159.6,159.0,159.7,161.2,163.4,164.6,165.0,165.2,164.9,164.1,162.7,163.3,162.7,161.3,159.8,159.2,159.8,161.2,160.5,157.2,155.8,156.9,160.0,163.3,164.8,163.9,162.8,160.6,158.9,158.1,158.5,159.6,161.3,162.9,163.7,164.2,164.2,163.9,161.8,162.3,161.7,160.3,158.9,158.4,159.0,160.5,-11.0,-9.3,-5.1,-1.0,0.7,-0.7,-5.2,-9.4,-16.7,-14.0,-10.3,-5.7,-1.2,2.3,4.7,1.8,-2.0,-6.3,-10.4,-14.0,-7.0,-5.2,-3.3,-2.6,-3.3,-5.1,-6.9,-7.7,39.1,40.4,44.3,48.4,50.4,49.1,45.2,40.8,35.0,37.5,41.1,45.6,49.8,53.0,55.1,53.2,50.2,46.5,42.3,38.2,42.9,44.7,46.4,47.0,46.1,44.3,42.6,42.1,-34.0,-38.2,-40.0,-38.2,-33.9,-29.3,-27.9,-29.7,-32.4,-34.6,-36.0,-36.6,-35.8,-33.9,-31.2,-29.6,-28.9,-28.7,-29.1,-30.3,-32.0,-31.2,-32.0,-33.9,-35.7,-36.5,-35.8,-33.9,-35.6,-40.0,-42.1,-40.6,-36.5,-32.1,-30.1,-31.2,-32.6,-35.5,-37.7,-38.9,-38.5,-37.3,-35.2,-32.9,-31.5,-30.8,-30.8,-31.2,-34.0,-33.4,-34.3,-36.2,-38.0,-38.6,-37.7,-35.8,503.6,504.0,504.0,503.7,503.2,503.1,502.8,503.1,507.9,505.2,502.8,501.5,502.0,503.4,505.1,503.5,502.1,501.8,503.0,505.3,504.1,504.0,504.0,504.2,504.4,504.5,504.5,504.3,515.4,516.4,517.9,519.2,519.4,518.5,516.9,515.8,515.9,515.1,514.8,515.8,518.4,521.9,525.2,522.0,518.7,516.3,515.2,515.4,517.4,518.0,518.6,519.1,518.9,518.4,517.7,517.3,24.8,-2.8,650.4,0.215,-0.152,0.008,217.9,218.5,220.3,223.1,227.9,235.3,244.2,254.4,264.8,273.6,280.1,286.0,291.1,294.8,297.2,299.0,299.5,227.6,234.1,242.7,251.4,259.3,275.0,281.8,288.4,294.7,298.6,267.5,268.3,269.3,270.3,259.2,263.7,268.2,272.3,275.8,237.0,242.3,248.6,253.7,248.4,242.1,276.5,281.5,287.2,291.1,287.7,282.1,250.3,257.7,263.9,267.5,271.2,275.8,279.7,275.9,271.3,267.3,263.2,257.2,253.3,263.5,267.3,271.0,277.5,271.0,267.2,263.4,161.5,173.2,184.8,196.0,206.5,215.7,223.2,228.7,229.9,227.6,221.0,212.9,203.8,193.9,183.4,172.5,161.5,154.6,149.8,148.6,150.0,152.9,152.3,149.2,147.6,148.4,152.6,161.5,169.4,177.3,185.3,190.3,191.7,192.9,191.6,189.9,162.5,159.5,159.6,163.5,165.0,165.1,163.0,158.7,158.5,161.3,163.9,164.2,205.6,203.3,201.7,202.7,201.5,202.9,204.7,209.9,212.1,212.7,212.4,210.5,205.9,205.4,205.7,205.1,205.2,206.3,207.0,206.6,-55.9,-55.2,-52.4,-47.7,-39.1,-26.0,-10.2,7.5,25.5,41.1,53.5,65.2,74.9,81.4,85.5,88.4,89.3,-37.0,-26.1,-11.8,2.3,15.0,40.7,52.3,64.0,75.6,83.3,28.4,29.5,30.8,32.1,14.9,22.2,29.5,36.3,42.2,-21.4,-12.6,-2.2,6.1,-2.6,-13.0,44.3,52.8,62.7,70.0,63.6,53.8,0.5,12.6,22.7,28.6,34.9,43.0,50.4,43.2,35.2,28.4,21.8,11.9,5.5,22.2,28.4,34.7,46.3,34.7,28.3,22.1,-45.3,-25.0,-4.7,15.1,33.7,49.6,62.3,71.1,73.0,69.9,59.6,46.0,29.7,11.6,-7.4,-27.0,-46.9,-54.5,-61.7,-63.2,-60.6,-55.7,-57.2,-63.0,-66.4,-66.1,-60.0,-42.2,-29.1,-16.3,-3.5,4.5,6.8,8.7,6.6,3.8,-41.3,-46.1,-46.0,-39.6,-37.1,-36.9,-41.0,-48.3,-48.8,-44.7,-39.8,-39.2,30.3,26.0,23.2,24.9,23.0,25.6,29.2,37.3,40.6,41.4,41.0,37.9,30.6,29.4,29.9,29.0,29.9,31.0,32.0,31.4,680.2,684.4,689.0,691.8,691.5,688.4,682.1,673.8,672.6,681.3,695.6,707.1,711.5,710.1,707.6,705.1,704.0,646.4,639.5,634.4,630.3,628.3,635.1,642.3,650.9,660.1,670.4,634.3,628.7,622.5,616.9,634.4,633.1,632.6,635.6,639.3,646.1,642.5,642.6,644.1,643.3,643.2,652.5,654.5,658.3,664.9,659.0,655.3,653.1,642.1,638.0,639.2,641.0,649.9,663.2,652.2,645.2,642.9,642.1,645.2,650.6,641.4,642.0,644.5,659.3,644.4,641.9,641.5,0.595,0.222,-0.198,0.018,264.845,185.639,-4.756,10.075,-13.776,19.215,6.462,1.501,-4.754,4.036,4.759,-2.993,-0.051,1.405,0.915,-2.126,-0.908,-0.026,0.526,1.124,-0.901,-0.577,0.286,-0.221,-0.329,-0.399,0.272,-0.113,0.114,0.051,-0.103,-0.002,-0.024,0.0,0.006,0.012,0.61,0.15,0.0,1.04,0.0,0.0,0.0,0.0,0.0,0.29,0.0,0.0,0.0,0.0,0.0,0.0,0.0,1.0,1.0,0.0,1.0,0.0,0.0,0.0,0.0,0.0,0.0,0.0,0.0,0.0,0.0,0.0,0.0,1.0,0.0
PP133,g1,1763,0,0.975,0.179084,0.185933,-0.966104,0.025891,0.184461,-0.982499,0.105,0.188,241.4,242.8,246.0,249.3,250.6,249.4,246.0,242.7,237.1,239.1,242.0,245.5,249.1,251.8,253.6,251.5,248.4,245.1,241.9,239.1,244.6,246.0,247.4,248.0,247.4,246.0,244.6,244.0,279.7,280.6,283.4,286.5,288.0,287.1,284.2,280.9,276.6,278.5,281.2,284.6,287.6,289.8,291.0,289.9,287.9,285.2,282.1,279.0,282.5,283.8,285.0,285.4,284.8,283.4,282.2,281.8,161.0,157.7,156.3,157.7,161.0,164.5,165.6,164.3,162.4,160.6,159.4,158.8,159.5,161.0,163.2,164.4,164.8,165.0,164.7,163.9,162.5,163.1,162.5,161.1,159.6,159.0,159.6,161.0,160.3,157.0,155.5,156.7,159.8,163.0,164.5,163.6,162.6,160.3,158.7,157.8,158.2,159.3,161.1,162.6,163.5,163.9,163.9,163.6,161.6,162.1,161.4,160.0,158.6,158.1,158.8,160.2,-11.0,-9.3,-5.1,-1.0,0.7,-0.7,-5.2,-9.3,-16.7,-14.0,-10.3,-5.7,-1.2,2.3,4.7,1.9,-2.0,-6.2,-10.3,-14.0,-7.0,-5.2,-3.3,-2.6,-3.3,-5.1,-6.9,-7.7,39.0,40.3,44.2,48.3,50.4,49.0,45.1,40.7,35.0,37.5,41.0,45.5,49.8,52.9,55.0,53.1,50.1,46.4,42.3,38.1,42.9,44.7,46.4,46.9,46.1,44.2,42.5,42.0,-34.1,-38.4,-40.1,-38.3,-34.1,-29.5,-28.1,-29.8,-32.5,-34.7,-36.1,-36.7,-35.9,-34.0,-31.4,-29.7,-29.1,-28.8,-29.3,-30.4,-32.2,-31.4,-32.2,-34.0,-35.9,-36.7,-35.9,-34.1,-35.8,-40.2,-42.3,-40.9,-36.7,-32.4,-30.3,-31.4,-32.8,-35.7,-37.9,-39.1,-38.7,-37.6,-35.4,-33.1,-31.8,-31.1,-31.0,-31.4,-34.2,-33.6,-34.5,-36.4,-38.2,-38.9,-37.9,-36.0,502.1,502.5,502.5,502.2,501.7,501.6,501.4,501.7,506.4,503.8,501.3,500.1,500.6,501.9,503.6,502.0,500.6,500.3,501.5,503.8,502.6,502.5,502.5,502.7,502.9,503.0,503.0,502.8,513.7,514.7,516.2,517.5,517.7,516.8,515.2,514.1,514.3,513.4,513.2,514.1,516.7,520.2,523.5,520.3,517.0,514.6,513.5,513.7,515.7,516.3,517.0,517.4,517.3,516.7,516.0,515.6,25.0,-3.1,650.0,0.209,-0.149,0.005,218.0,218.6,220.5,223.3,228.2,235.5,244.4,254.6,265.1,273.8,280.3,286.2,291.3,295.0,297.4,299.2,299.7,227.6,234.1,242.7,251.4,259.3,274.9,281.7,288.4,294.7,298.7,267.4,268.3,269.3,270.3,259.2,263.7,268.3,272.3,275.9,237.0,242.3,248.6,253.8,248.4,242.1,276.5,281.5,287.3,291.2,287.8,282.1,250.5,257.8,264.0,267.6,271.4,276.0,279.9,276.1,271.5,267.4,263.4,257.3,253.5,263.6,267.4,271.2,277.6,271.2,267.4,263.5,161.5,173.3,184.9,196.0,206.5,215.6,223.1,228.6,229.8,227.5,220.9,212.9,203.8,193.8,183.3,172.4,161.2,154.4,149.6,148.5,149.8,152.7,152.1,149.0,147.4,148.1,152.3,161.3,169.1,177.0,185.0,190.1,191.5,192.6,191.3,189.6,162.3,159.3,159.4,163.3,164.8,164.9,162.7,158.4,158.3,161.0,163.7,163.9,205.5,203.1,201.5,202.5,201.3,202.7,204.6,209.7,211.9,212.5,212.2,210.3,205.8,205.2,205.5,204.9,205.1,206.0,206.7,206.4,-55.7,-55.0,-52.1,-47.3,-38.6,-25.5,-9.7,8.0,25.9,41.5,54.0,65.5,75.2,81.7,85.9,88.7,89.5,-37.1,-26.1,-11.8,2.3,15.0,40.5,52.1,63.9,75.6,83.5,28.3,29.5,30.8,32.0,15.0,22.2,29.5,36.3,42.3,-21.5,-12.7,-2.3,6.2,-2.6,-13.1,44.3,52.8,62.8,70.1,63.7,53.9,0.8,12.8,22.8,28.8,35.1,43.2,50.7,43.5,35.5,28.6,22.0,12.1,5.8,22.4,28.6,35.0,46.6,34.9,28.5,22.2,-45.3,-24.9,-4.7,15.1,33.7,49.6,62.2,70.9,72.7,69.7,59.5,45.9,29.7,11.5,-7.6,-27.3,-47.3,-54.8,-62.0,-63.4,-60.8,-56.0,-57.5,-63.4,-66.8,-66.5,-60.4,-42.6,-29.5,-16.8,-4.0,4.2,6.5,8.3,6.2,3.4,-41.6,-46.4,-46.3,-39.9,-37.4,-37.2,-41.4,-48.7,-49.3,-45.1,-40.2,-39.6,30.1,25.6,22.8,24.5,22.6,25.2,28.9,36.9,40.2,41.1,40.6,37.6,30.4,29.0,29.5,28.7,29.6,30.6,31.5,31.0,680.4,684.4,689.0,691.7,691.3,688.0,681.6,673.2,671.9,680.6,695.0,706.5,711.0,709.7,707.3,704.9,703.8,646.7,639.8,634.6,630.4,628.3,634.9,642.1,650.7,659.9,670.2,634.2,628.5,622.3,616.6,634.1,632.8,632.2,635.2,639.0,646.3,642.7,642.8,644.2,643.4,643.4,652.3,654.3,658.1,664.7,658.8,655.0,652.6,641.6,637.5,638.6,640.5,649.3,662.5,651.4,644.6,642.3,641.6,644.6,650.1,640.9,641.4,643.9,658.5,643.8,641.3,641.0,0.596,0.216,-0.195,0.014,264.952,185.466,-4.324,9.646,-13.934,19.484,6.206,1.503,-4.605,4.079,4.714,-3.29,0.25,1.17,0.761,-1.802,-0.976,0.05,0.55,1.16,-0.842,-0.738,0.256,-0.222,-0.35,-0.391,0.276,-0.115,0.089,0.047,-0.095,-0.013,-0.027,-0.004,0.004,0.01,0.59,0.14,0.0,0.97,0.0,0.0,0.0,0.0,0.0,0.18,0.0,0.0,0.0,0.0,0.0,0.0,0.0,1.0,1.0,0.0,1.0,0.0,0.0,0.0,0.0,0.0,0.0,0.0,0.0,0.0,0.0,0.0,0.0,1.0,0.0
PP133,g1,1769,0,0.975,0.180669,0.184323,-0.966118,0.027251,0.183122,-0.982712,0.106,0.186,241.3,242.7,245.9,249.1,250.5,249.3,245.8,242.6,237.0,239.0,241.9,245.4,249.0,251.7,253.5,251.3,248.3,245.0,241.8,239.0,244.5,245.9,247.3,247.9,247.3,245.9,244.5,243.9,279.6,280.5,283.3,286.4,287.9,287.0,284.2,280.8,276.5,278.4,281.1,284.5,287.5,289.7,291.0,289.8,287.8,285.2,282.1,278.9,282.4,283.7,285.0,285.4,284.7,283.4,282.1,281.7,160.8,157.5,156.2,157.5,160.8,164.4,165.5,164.1,162.3,160.5,159.2,158.7,159.3,160.9,163.0,164.2,164.7,164.9,164.6,163.8,162.4,163.0,162.4,160.9,159.5,158.9,159.5,160.9,160.1,156.8,155.3,156.4,159.6,162.8,164.3,163.4,162.4,160.1,158.4,157.6,158.0,159.1,160.9,162.4,163.3,163.7,163.7,163.4,161.4,161.9,161.2,159.8,158.4,157.9,158.6,160.0,-11.2,-9.4,-5.3,-1.1,0.6,-0.9,-5.3,-9.5,-16.8,-14.2,-10.4,-5.9,-1.3,2.1,4.5,1.7,-2.2,-6.4,-10.5,-14.1,-7.1,-5.3,-3.5,-2.7,-3.4,-5.3,-7.1,-7.9,38.9,40.2,44.0,48.2,50.2,48.9,45.0,40.6,34.8,37.3,40.9,45.4,49.6,52.8,54.9,53.0,50.0,46.3,42.1,38.0,42.7,44.5,46.2,46.8,45.9,44.1,42.4,41.8,-34.2,-38.5,-40.3,-38.5,-34.2,-29.6,-28.2,-30.0,-32.6,-34.8,-36.2,-36.9,-36.1,-34.2,-31.5,-29.9,-29.2,-29.0,-29.4,-30.5,-32.3,-31.5,-32.3,-34.1,-36.0,-36.8,-36.0,-34.2,-36.1,-40.4,-42.5,-41.1,-37.0,-32.6,-30.5,-31.6,-33.0,-35.9,-38.1,-39.3,-39.0,-37.8,-35.6,-33.4,-32.0,-31.3,-31.2,-31.6,-34.5,-33.8,-34.7,-36.7,-38.5,-39.1,-38.2,-36.3,501.4,501.8,501.8,501.5,501.0,500.9,500.6,500.9,505.7,503.0,500.6,499.3,499.8,501.2,502.8,501.3,499.8,499.6,500.8,503.1,501.9,501.7,501.8,501.9,502.1,502.3,502.3,502.1,513.2,514.2,515.7,517.0,517.2,516.3,514.7,513.6,513.7,512.9,512.7,513.6,516.2,519.7,523.0,519.8,516.5,514.1,513.0,513.2,515.2,515.8,516.4,516.9,516.8,516.2,515.5,515.1,24.8,-3.3,650.4,0.209,-0.151,0.004,218.0,218.6,220.5,223.3,228.2,235.5,244.4,254.6,265.0,273.7,280.1,286.0,291.1,294.8,297.3,299.0,299.5,227.5,234.0,242.6,251.4,259.3,274.9,281.6,288.3,294.7,298.6,267.4,268.3,269.3,270.3,259.2,263.7,268.2,272.3,275.8,236.9,242.2,248.5,253.6,248.3,242.0,276.5,281.5,287.2,291.1,287.7,282.1,250.3,257.7,263.9,267.6,271.3,276.0,279.8,276.0,271.4,267.4,263.3,257.2,253.3,263.6,267.3,271.1,277.6,271.1,267.3,263.5,161.6,173.4,185.0,196.1,206.6,215.6,223.0,228.5,229.6,227.3,220.8,212.8,203.7,193.7,183.1,172.2,161.0,154.4,149.6,148.4,149.7,152.5,151.9,148.8,147.2,148.0,152.1,161.1,169.0,176.9,184.9,189.9,191.4,192.5,191.2,189.5,162.2,159.2,159.2,163.2,164.6,164.8,162.5,158.2,158.0,160.8,163.4,163.7,205.4,203.0,201.4,202.4,201.1,202.5,204.4,209.5,211.8,212.3,212.1,210.1,205.6,205.1,205.3,204.8,204.9,205.9,206.6,206.3,-55.8,-55.0,-52.1,-47.3,-38.6,-25.5,-9.7,7.9,25.8,41.3,53.6,65.2,74.9,81.5,85.6,88.5,89.3,-37.3,-26.2,-12.0,2.2,14.9,40.4,52.0,63.8,75.5,83.4,28.2,29.4,30.7,32.0,14.9,22.2,29.5,36.3,42.3,-21.7,-12.9,-2.4,6.0,-2.7,-13.3,44.2,52.7,62.7,70.0,63.7,53.8,0.6,12.7,22.7,28.7,35.0,43.2,50.6,43.4,35.4,28.6,21.8,11.9,5.5,22.3,28.5,34.9,46.6,34.9,28.4,22.1,-45.1,-24.8,-4.5,15.3,33.8,49.5,62.0,70.6,72.5,69.4,59.3,45.7,29.5,11.2,-7.9,-27.6,-47.7,-54.9,-62.1,-63.6,-61.1,-56.3,-57.9,-63.7,-67.2,-66.8,-60.7,-42.9,-29.8,-17.0,-4.1,4.0,6.3,8.2,6.0,3.2,-41.8,-46.7,-46.6,-40.1,-37.7,-37.4,-41.7,-49.1,-49.7,-45.5,-40.6,-39.9,29.9,25.4,22.6,24.3,22.4,25.0,28.6,36.7,40.0,40.9,40.4,37.4,30.2,28.8,29.3,28.5,29.3,30.4,31.3,30.8,680.4,684.4,688.9,691.7,691.3,688.1,681.8,673.4,672.1,680.7,695.1,706.7,711.3,710.0,707.7,705.3,704.2,646.9,640.1,635.0,630.7,628.6,635.3,642.5,651.1,660.4,670.6,634.5,628.8,622.6,616.9,634.3,633.0,632.4,635.5,639.3,646.6,643.0,643.1,644.5,643.7,643.6,652.6,654.6,658.5,665.0,659.1,655.4,653.0,642.1,638.0,639.0,640.9,649.8,662.9,651.9,645.0,642.7,642.0,645.1,650.5,641.3,641.9,644.3,659.0,644.2,641.7,641.4,0.595,0.215,-0.197,0.013,264.871,185.341,-5.066,9.218,-13.561,19.624,6.793,1.963,-4.928,3.788,4.678,-3.193,0.48,1.267,0.967,-1.82,-1.069,0.071,0.629,1.131,-0.758,-0.695,0.274,-0.184,-0.298,-0.359,0.21,-0.128,0.088,0.045,-0.1,-0.004,-0.028,0.002,0.002,0.013,0.57,0.05,0.0,0.84,0.0,0.0,0.0,0.0,0.0,0.2,0.0,0.0,0.0,0.0,0.0,0.0,0.0,0.0,1.0,0.0,1.0,0.0,0.0,0.0,0.0,0.0,0.0,0.0,0.0,0.0,0.0,0.0,0.0,1.0,0.0
PP133,g1,1775,0,0.975,0.176237,0.18126,-0.967515,0.023185,0.180409,-0.983318,0.102,0.183,240.9,242.3,245.5,248.7,250.1,248.9,245.5,242.2,236.7,238.6,241.5,245.0,248.6,251.3,253.1,251.0,247.9,244.6,241.5,238.7,244.1,245.5,246.9,247.5,246.9,245.5,244.1,243.5,279.2,280.1,282.9,286.0,287.5,286.6,283.8,280.4,276.1,278.0,280.7,284.1,287.1,289.3,290.6,289.4,287.4,284.8,281.7,278.5,282.0,283.3,284.6,285.0,284.3,283.0,281.7,281.3,161.0,157.7,156.3,157.7,161.0,164.6,165.7,164.3,162.5,160.6,159.4,158.8,159.5,161.0,163.2,164.4,164.8,165.0,164.8,164.0,162.5,163.1,162.5,161.1,159.7,159.1,159.7,161.1,160.1,156.9,155.4,156.5,159.6,162.9,164.4,163.5,162.5,160.2,158.5,157.7,158.1,159.2,161.0,162.5,163.4,163.8,163.8,163.5,161.5,162.0,161.3,159.9,158.5,158.0,158.7,160.1,-11.7,-9.9,-5.8,-1.6,0.1,-1.4,-5.8,-10.0,-17.3,-14.7,-10.9,-6.4,-1.8,1.6,4.0,1.2,-2.7,-6.9,-11.0,-14.6,-7.6,-5.8,-4.0,-3.2,-4.0,-5.8,-7.6,-8.4,38.3,39.6,43.4,47.6,49.6,48.3,44.5,40.0,34.3,36.7,40.3,44.8,49.0,52.2,54.3,52.4,49.4,45.7,41.6,37.4,42.1,44.0,45.7,46.2,45.3,43.5,41.8,41.2,-34.1,-38.3,-40.1,-38.3,-34.0,-29.5,-28.0,-29.8,-32.4,-34.6,-36.0,-36.7,-35.9,-34.0,-31.4,-29.7,-29.1,-28.8,-29.2,-30.3,-32.1,-31.4,-32.1,-34.0,-35.9,-36.6,-35.9,-34.0,-35.9,-40.3,-42.4,-41.0,-36.9,-32.5,-30.4,-31.5,-32.8,-35.8,-38.0,-39.2,-38.8,-37.7,-35.5,-33.3,-31.9,-31.2,-31.1,-31.5,-34.3,-33.7,-34.6,-36.5,-38.3,-38.9,-38.0,-36.1,502.4,502.7,502.8,502.4,501.9,501.8,501.5,501.9,506.7,504.0,501.6,500.3,500.8,502.1,503.7,502.2,500.8,500.5,501.7,504.1,502.8,502.7,502.7,502.9,503.1,503.2,503.2,503.1,512.7,513.7,515.2,516.4,516.6,515.7,514.1,513.0,513.2,512.4,512.1,513.1,515.7,519.1,522.4,519.2,515.9,513.5,512.4,512.6,514.7,515.2,515.9,516.3,516.2,515.7,515.0,514.6,24.3,-3.1,651.0,0.205,-0.143,-0.001,217.8,218.5,220.5,223.3,228.2,235.5,244.3,254.5,264.9,273.7,280.2,286.1,291.2,294.8,297.2,298.9,299.3,227.0,233.5,242.1,250.8,258.7,274.4,281.2,287.8,294.3,298.2,266.9,267.8,268.8,269.8,258.8,263.3,267.8,271.9,275.5,236.5,241.8,248.1,253.3,248.0,241.6,276.0,281.0,286.8,290.7,287.3,281.7,250.0,257.3,263.5,267.2,271.0,275.7,279.7,275.8,271.2,267.0,262.9,256.9,253.0,263.2,267.0,270.9,277.4,270.9,267.0,263.1,161.9,173.7,185.2,196.4,206.8,215.9,223.3,228.7,229.8,227.5,220.9,212.8,203.7,193.7,183.1,172.2,161.1,154.7,149.8,148.6,149.8,152.7,152.0,148.8,147.3,148.1,152.2,161.2,169.1,177.0,185.0,190.1,191.5,192.6,191.3,189.5,162.4,159.3,159.4,163.3,164.8,164.9,162.6,158.3,158.1,160.9,163.5,163.8,205.4,203.0,201.4,202.4,201.2,202.5,204.4,209.5,211.8,212.4,212.1,210.2,205.7,205.1,205.4,204.8,204.9,205.9,206.6,206.3,-56.2,-55.3,-52.2,-47.3,-38.6,-25.6,-9.9,7.7,25.6,41.2,53.7,65.4,75.0,81.4,85.5,88.2,88.9,-38.1,-27.2,-12.9,1.2,14.0,39.7,51.3,63.1,74.9,82.8,27.5,28.7,30.0,31.3,14.2,21.5,28.9,35.7,41.7,-22.3,-13.6,-3.1,5.4,-3.4,-13.9,43.6,52.1,62.1,69.4,63.1,53.2,0.0,12.0,22.1,28.2,34.5,42.8,50.4,43.1,35.0,28.1,21.3,11.3,4.9,21.7,28.0,34.5,46.3,34.4,27.9,21.5,-44.7,-24.3,-4.0,15.8,34.3,50.0,62.5,71.1,72.9,69.8,59.5,45.8,29.5,11.2,-7.9,-27.6,-47.6,-54.5,-61.8,-63.4,-60.9,-56.1,-57.8,-63.7,-67.1,-66.7,-60.6,-42.8,-29.7,-16.8,-3.9,4.2,6.5,8.3,6.2,3.4,-41.6,-46.5,-46.4,-40.0,-37.5,-37.2,-41.6,-49.0,-49.6,-45.4,-40.5,-39.8,30.0,25.5,22.7,24.4,22.4,25.0,28.6,36.8,40.1,41.0,40.5,37.5,30.3,28.9,29.4,28.5,29.4,30.4,31.5,30.9,682.1,686.1,690.5,693.1,692.6,689.3,682.8,674.2,672.7,681.2,695.6,707.0,711.5,710.1,707.8,705.5,704.4,648.5,641.5,636.2,631.8,629.6,636.1,643.2,651.7,660.9,671.1,635.3,629.6,623.3,617.6,635.3,633.8,633.2,636.2,639.9,647.8,644.2,644.2,645.5,644.7,644.8,653.3,655.3,659.0,665.5,659.6,656.0,654.0,643.0,638.8,639.8,641.6,650.4,663.5,652.5,645.6,643.3,642.6,645.9,651.5,642.1,642.6,645.0,659.6,644.8,642.4,642.1,0.595,0.212,-0.188,0.008,264.566,185.449,-5.225,9.547,-13.18,19.496,6.529,2.218,-5.307,3.572,4.661,-3.156,0.246,1.299,1.004,-1.556,-0.757,-0.068,0.749,1.182,-0.743,-0.749,0.212,-0.229,-0.319,-0.411,0.252,-0.169,0.109,0.045,-0.094,-0.008,-0.018,0.001,0.003,0.005,0.47,0.03,0.0,1.06,0.0,0.0,0.0,0.0,0.0,0.28,0.0,0.0,0.0,0.0,0.0,0.0,0.0,0.0,1.0,0.0,1.0,0.0,0.0,0.0,0.0,0.0,0.0,0.0,0.0,0.0,0.0,0.0,0.0,1.0,0.0
PP133,g1,1781,0,0.975,0.175124,0.175169,-0.968838,0.027175,0.175078,-0.984179,0.103,0.177,241.1,242.4,245.7,248.9,250.3,249.2,245.7,242.4,236.8,238.8,241.6,245.2,248.8,251.5,253.4,251.2,248.1,244.8,241.6,238.8,244.3,245.7,247.1,247.7,247.1,245.7,244.3,243.7,279.4,280.3,283.1,286.2,287.8,286.8,284.0,280.7,276.3,278.2,280.9,284.3,287.4,289.5,290.8,289.7,287.7,285.0,281.9,278.7,282.2,283.6,284.8,285.2,284.5,283.2,281.9,281.5,161.3,158.0,156.6,157.9,161.2,164.8,165.9,164.6,162.8,160.9,159.7,159.1,159.7,161.2,163.4,164.6,165.0,165.3,165.0,164.3,162.8,163.4,162.8,161.3,159.9,159.3,159.9,161.4,160.4,157.1,155.6,156.8,159.9,163.2,164.7,163.8,162.7,160.5,158.8,157.9,158.3,159.4,161.2,162.7,163.6,164.0,164.0,163.7,161.7,162.2,161.6,160.1,158.8,158.3,158.9,160.3,-11.4,-9.7,-5.6,-1.4,0.3,-1.1,-5.5,-9.7,-17.0,-14.4,-10.7,-6.2,-1.6,1.9,4.3,1.5,-2.4,-6.6,-10.7,-14.3,-7.3,-5.5,-3.7,-2.9,-3.7,-5.5,-7.3,-8.1,38.5,39.8,43.7,47.9,49.9,48.6,44.7,40.2,34.5,37.0,40.5,45.1,49.3,52.5,54.6,52.7,49.7,46.0,41.8,37.7,42.4,44.2,45.9,46.5,45.6,43.8,42.1,41.5,-33.6,-37.9,-39.7,-37.9,-33.6,-29.1,-27.6,-29.3,-31.9,-34.2,-35.6,-36.3,-35.5,-33.6,-31.0,-29.4,-28.7,-28.4,-28.8,-29.9,-31.7,-30.9,-31.7,-33.6,-35.4,-36.2,-35.4,-33.6,-35.6,-39.9,-42.0,-40.6,-36.5,-32.1,-30.0,-31.1,-32.5,-35.5,-37.6,-38.8,-38.5,-37.3,-35.1,-32.9,-31.5,-30.8,-30.8,-31.2,-34.0,-33.3,-34.2,-36.2,-38.0,-38.6,-37.7,-35.8,500.7,501.0,501.0,500.6,500.1,500.0,499.8,500.2,505.0,502.3,499.8,498.5,499.0,500.3,501.9,500.4,499.0,498.8,500.0,502.3,501.1,500.9,500.9,501.1,501.3,501.5,501.5,501.3,512.3,513.3,514.9,516.1,516.3,515.3,513.8,512.7,512.8,512.0,511.8,512.7,515.3,518.8,522.1,518.8,515.6,513.2,512.1,512.2,514.3,514.8,515.5,516.0,515.9,515.3,514.7,514.2,24.5,-2.1,644.7,0.191,-0.152,0.004,218.1,218.7,220.6,223.3,227.9,234.9,243.6,254.0,264.7,273.5,280.1,286.0,291.1,294.8,297.3,299.1,299.7,227.2,233.5,242.2,251.0,258.9,274.5,281.4,288.1,294.5,298.6,267.0,268.0,269.1,270.1,259.1,263.6,268.2,272.3,275.8,236.7,241.9,248.3,253.5,248.2,241.8,276.3,281.3,287.0,291.0,287.6,281.9,250.6,257.9,264.0,267.7,271.5,276.1,280.0,276.3,271.8,267.6,263.6,257.5,253.6,263.7,267.5,271.3,277.8,271.4,267.5,263.6,161.9,173.7,185.2,196.3,207.0,216.3,224.2,230.1,231.6,229.4,223.1,214.9,205.6,195.3,184.3,173.0,161.5,155.1,150.1,148.9,150.2,153.0,152.3,149.1,147.6,148.4,152.7,161.4,169.3,177.2,185.3,190.4,191.9,193.1,191.7,189.9,162.7,159.6,159.6,163.5,165.0,165.2,162.8,158.5,158.4,161.1,163.8,164.0,206.2,203.7,202.0,203.0,201.8,203.2,205.2,210.3,212.5,213.1,212.8,211.0,206.5,205.7,206.0,205.4,205.7,206.7,207.3,207.0,-55.1,-54.4,-51.4,-46.9,-38.8,-26.4,-11.1,6.8,25.0,40.7,53.1,64.6,74.4,81.0,85.1,88.0,88.9,-37.6,-26.8,-12.6,1.5,14.2,39.6,51.2,63.0,74.7,82.8,27.4,28.7,30.1,31.5,14.6,21.8,29.2,35.9,41.9,-21.8,-13.2,-2.8,5.7,-3.0,-13.4,43.5,52.0,61.9,69.2,62.9,53.1,0.9,12.9,22.7,28.7,34.9,43.1,50.5,43.5,35.6,28.7,22.1,12.3,6.0,22.3,28.4,34.8,46.4,34.9,28.4,22.2,-44.1,-24.0,-4.0,15.5,34.2,50.4,63.5,72.9,75.1,72.4,62.7,49.2,32.7,14.0,-5.7,-26.0,-46.6,-53.3,-60.8,-62.3,-59.9,-55.2,-56.8,-62.7,-66.0,-65.6,-59.3,-42.0,-29.0,-16.2,-3.4,4.7,7.1,9.0,6.7,3.9,-40.7,-45.6,-45.6,-39.3,-36.8,-36.5,-40.9,-48.2,-48.7,-44.5,-39.7,-39.1,31.1,26.4,23.5,25.2,23.2,25.9,29.7,37.7,40.8,41.7,41.2,38.4,31.3,29.7,30.1,29.3,30.3,31.3,32.2,31.7,674.7,678.4,682.6,685.2,685.0,682.1,676.1,667.6,666.0,674.7,689.4,701.5,706.7,705.8,703.5,700.7,699.3,642.9,635.8,630.6,626.4,624.4,630.7,637.7,646.2,655.5,665.8,629.7,623.7,617.4,611.5,629.1,627.5,626.8,630.0,633.9,642.0,638.6,638.7,640.0,639.2,639.2,647.7,649.8,653.6,659.8,654.1,650.4,647.0,635.9,632.1,633.1,634.8,643.5,656.6,645.3,638.5,636.3,635.6,638.7,644.5,635.3,635.7,638.1,652.6,637.9,635.6,635.3,0.6,0.201,-0.2,0.014,264.803,186.037,-3.88,5.412,-13.549,21.731,2.642,2.233,-4.154,4.624,5.907,-4.762,-1.226,1.301,0.082,-1.718,-0.097,-0.436,0.485,1.192,-0.914,-0.499,0.205,-0.039,-0.257,-0.36,0.199,-0.059,0.164,0.021,-0.093,-0.015,-0.033,-0.015,0.012,-0.005,0.72,0.04,0.0,0.66,0.0,0.0,0.0,0.0,0.0,0.0,0.0,0.0,0.0,0.0,0.0,0.0,0.0,1.0,1.0,0.0,1.0,0.0,0.0,0.0,0.0,0.0,0.0,0.0,0.0,0.0,0.0,0.0,0.0,1.0,0.0
PP133,g1,1787,0,0.975,0.176306,0.178099,-0.968089,0.027799,0.177152,-0.983791,0.104,0.18,241.6,243.0,246.2,249.4,250.8,249.6,246.2,242.9,237.4,239.3,242.2,245.7,249.3,252.0,253.8,251.7,248.6,245.3,242.2,239.4,244.8,246.2,247.6,248.2,247.6,246.2,244.8,244.2,279.9,280.8,283.6,286.7,288.2,287.3,284.5,281.1,276.8,278.7,281.4,284.8,287.8,290.0,291.2,290.1,288.1,285.5,282.4,279.2,282.7,284.0,285.3,285.7,285.0,283.7,282.4,282.0,161.6,158.3,157.0,158.3,161.6,165.2,166.3,164.9,163.2,161.3,160.1,159.5,160.1,161.6,163.8,165.0,165.4,165.6,165.4,164.6,163.2,163.8,163.2,161.7,160.3,159.7,160.3,161.7,160.9,157.6,156.1,157.3,160.4,163.7,165.2,164.3,163.2,161.0,159.3,158.5,158.9,160.0,161.8,163.3,164.1,164.6,164.5,164.2,162.2,162.7,162.1,160.7,159.3,158.8,159.4,160.9,-10.8,-9.1,-4.9,-0.7,1.0,-0.5,-4.9,-9.1,-16.4,-13.8,-10.1,-5.5,-0.9,2.5,4.9,2.1,-1.8,-6.0,-10.1,-13.7,-6.7,-4.9,-3.1,-2.3,-3.1,-4.9,-6.7,-7.5,39.3,40.6,44.5,48.6,50.7,49.3,45.4,41.0,35.3,37.8,41.3,45.8,50.1,53.2,55.3,53.4,50.4,46.7,42.6,38.4,43.1,45.0,46.7,47.2,46.4,44.5,42.8,42.3,-33.3,-37.5,-39.3,-37.5,-33.3,-28.7,-27.2,-29.0,-31.6,-33.8,-35.2,-35.9,-35.1,-33.2,-30.6,-29.0,-28.3,-28.0,-28.4,-29.5,-31.3,-30.6,-31.3,-33.2,-35.1,-35.8,-35.1,-33.2,-35.0,-39.4,-41.4,-40.0,-35.9,-31.5,-29.4,-30.6,-32.0,-34.9,-37.1,-38.2,-37.9,-36.6,-34.5,-32.3,-30.9,-30.2,-30.2,-30.6,-33.4,-32.7,-33.6,-35.6,-37.4,-38.0,-37.1,-35.2,502.4,502.8,502.8,502.5,502.0,501.8,501.6,501.9,506.7,504.1,501.6,500.3,500.8,502.2,503.8,502.2,500.8,500.6,501.8,504.1,502.9,502.7,502.8,502.9,503.1,503.3,503.3,503.1,513.8,514.8,516.4,517.6,517.8,516.8,515.3,514.1,514.3,513.5,513.3,514.2,516.9,520.3,523.6,520.4,517.1,514.7,513.6,513.7,515.8,516.3,517.0,517.5,517.4,516.8,516.1,515.7,25.0,-1.3,644.6,0.196,-0.153,0.009,218.3,218.9,220.7,223.4,228.0,235.0,243.7,254.1,264.8,273.7,280.3,286.2,291.3,295.1,297.6,299.4,300.1,227.7,234.1,242.8,251.5,259.4,275.1,282.0,288.7,295.1,299.0,267.5,268.5,269.5,270.6,259.4,263.9,268.5,272.6,276.2,237.2,242.5,248.8,254.0,248.7,242.3,276.7,281.8,287.5,291.4,288.0,282.4,250.7,258.1,264.2,267.9,271.8,276.4,280.2,276.5,271.9,267.8,263.7,257.6,253.8,263.9,267.7,271.5,278.0,271.6,267.7,263.8,162.2,173.9,185.5,196.7,207.4,216.8,224.7,230.6,232.0,229.9,223.4,215.3,206.0,195.7,184.8,173.5,162.0,155.4,150.5,149.3,150.6,153.4,152.8,149.6,148.1,149.0,153.3,161.9,169.9,177.8,185.9,190.9,192.4,193.6,192.3,190.5,163.1,160.0,160.0,163.9,165.4,165.6,163.3,159.0,158.9,161.7,164.3,164.5,206.7,204.2,202.6,203.6,202.4,203.8,205.8,210.9,213.1,213.6,213.4,211.5,206.9,206.3,206.6,206.0,206.3,207.3,207.9,207.5,-54.6,-54.0,-51.2,-46.7,-38.6,-26.2,-10.8,7.0,25.2,40.9,53.4,65.0,74.7,81.4,85.6,88.6,89.6,-36.6,-25.8,-11.6,2.4,15.0,40.6,52.2,64.0,75.6,83.5,28.3,29.5,30.9,32.2,15.2,22.4,29.7,36.5,42.5,-21.0,-12.3,-2.0,6.5,-2.2,-12.6,44.3,52.8,62.7,69.9,63.6,53.8,1.2,13.1,23.0,29.0,35.4,43.4,50.8,43.7,35.9,28.9,22.3,12.5,6.2,22.5,28.8,35.2,46.8,35.2,28.7,22.4,-43.7,-23.5,-3.5,16.1,34.8,51.1,64.3,73.6,75.9,73.2,63.4,49.8,33.4,14.8,-4.9,-25.1,-45.6,-52.8,-60.2,-61.7,-59.2,-54.5,-56.0,-61.8,-65.1,-64.6,-58.3,-41.2,-28.2,-15.4,-2.5,5.5,7.9,9.8,7.7,4.9,-40.1,-45.0,-44.9,-38.6,-36.1,-35.9,-40.0,-47.3,-47.8,-43.5,-38.8,-38.2,31.8,27.2,24.4,26.1,24.2,26.9,30.7,38.7,41.8,42.6,42.1,39.2,32.1,30.6,31.0,30.2,31.4,32.3,33.2,32.6,674.0,677.8,682.2,684.9,684.7,681.8,675.8,667.4,665.9,674.6,689.3,701.3,706.4,705.4,703.0,700.2,698.7,641.9,635.0,629.9,625.9,623.9,630.5,637.5,646.0,655.2,665.3,629.3,623.5,617.3,611.5,629.0,627.5,626.8,630.0,633.8,641.2,637.9,638.0,639.4,638.5,638.4,647.4,649.4,653.2,659.5,653.7,650.1,647.0,636.0,632.2,633.2,635.0,643.7,656.8,645.6,638.7,636.5,635.8,638.8,644.5,635.4,635.9,638.3,652.8,638.1,635.8,635.5,0.6,0.207,-0.202,0.019,265.124,186.522,-5.333,6.264,-13.752,21.035,3.037,2.43,-4.064,4.191,5.976,-4.313,-1.068,1.369,0.351,-1.805,-0.129,-0.202,0.597,1.32,-0.917,-0.676,0.104,-0.047,-0.268,-0.443,0.216,-0.098,0.18,0.029,-0.083,-0.003,-0.023,-0.009,0.012,-0.004,0.22,0.06,0.0,0.28,0.0,0.0,0.0,0.0,0.0,0.0,0.0,0.0,0.0,0.0,0.0,0.0,0.0,0.0,1.0,0.0,1.0,0.0,0.0,0.0,0.0,0.0,0.0,0.0,0.0,0.0,0.0,0.0,0.0,1.0,0.0
PP133,g1,1793,0,0.975,0.179899,0.193573,-0.964451,0.02473,0.191371,-0.981206,0.105,0.195,242.0,243.4,246.6,249.9,251.2,250.0,246.5,243.3,237.7,239.7,242.6,246.1,249.7,252.4,254.2,252.0,249.0,245.7,242.5,239.7,245.2,246.6,248.0,248.6,248.0,246.6,245.2,244.6,280.4,281.3,284.2,287.2,288.7,287.8,284.9,281.6,277.2,279.2,281.9,285.3,288.3,290.5,291.8,290.6,288.6,285.9,282.8,279.7,283.2,284.5,285.7,286.2,285.5,284.2,282.9,282.5,161.4,158.1,156.7,158.1,161.5,165.0,166.1,164.7,162.8,161.0,159.8,159.3,159.9,161.5,163.7,164.8,165.3,165.4,165.1,164.3,162.9,163.5,163.0,161.5,160.1,159.5,160.0,161.5,160.9,157.6,156.1,157.3,160.5,163.7,165.2,164.3,163.2,161.0,159.3,158.5,158.9,160.0,161.8,163.3,164.2,164.6,164.6,164.3,162.2,162.7,162.1,160.7,159.3,158.8,159.4,160.9,-10.3,-8.5,-4.3,-0.2,1.5,-0.0,-4.5,-8.6,-16.0,-13.3,-9.5,-4.9,-0.4,3.0,5.4,2.6,-1.3,-5.5,-9.6,-13.3,-6.2,-4.4,-2.6,-1.8,-2.5,-4.3,-6.2,-6.9,39.8,41.2,45.0,49.2,51.2,49.9,46.0,41.5,35.8,38.3,41.8,46.4,50.6,53.8,55.9,53.9,50.9,47.2,43.1,38.9,43.7,45.5,47.2,47.8,46.9,45.1,43.4,42.8,-33.5,-37.8,-39.5,-37.7,-33.4,-28.8,-27.4,-29.2,-31.9,-34.1,-35.5,-36.1,-35.2,-33.3,-30.6,-29.0,-28.4,-28.2,-28.7,-29.8,-31.5,-30.7,-31.5,-33.3,-35.2,-36.0,-35.3,-33.4,-34.9,-39.3,-41.4,-39.9,-35.8,-31.4,-29.3,-30.5,-31.9,-34.8,-37.0,-38.1,-37.8,-36.6,-34.4,-32.2,-30.8,-30.1,-30.1,-30.5,-33.3,-32.7,-33.6,-35.5,-37.3,-37.9,-37.0,-35.1,500.8,501.2,501.2,500.9,500.5,500.3,500.0,500.3,505.0,502.4,500.0,498.7,499.3,500.7,502.3,500.7,499.3,499.0,500.2,502.4,501.3,501.2,501.2,501.4,501.6,501.7,501.7,501.5,512.8,513.7,515.2,516.5,516.7,515.8,514.2,513.1,513.3,512.4,512.2,513.1,515.7,519.2,522.5,519.3,516.0,513.6,512.5,512.7,514.7,515.3,516.0,516.4,516.3,515.7,515.0,514.6,25.2,-1.9,646.3,0.22,-0.154,0.021,218.6,219.0,220.7,223.2,227.6,234.5,243.2,253.6,264.2,273.1,279.8,285.9,291.3,295.2,297.8,299.8,300.5,228.1,234.6,243.3,252.1,260.0,275.6,282.5,289.3,295.7,299.7,268.0,268.9,269.8,270.7,259.5,264.0,268.6,272.7,276.2,237.5,242.9,249.2,254.3,249.0,242.6,277.2,282.3,288.0,291.9,288.5,282.8,250.4,257.8,264.1,267.8,271.6,276.3,280.1,276.2,271.6,267.5,263.4,257.3,253.4,263.7,267.5,271.4,277.9,271.3,267.4,263.6,161.4,173.0,184.4,195.5,206.1,215.4,223.2,229.3,230.9,228.8,222.4,214.3,205.1,195.0,184.2,173.0,161.5,154.9,150.1,149.0,150.5,153.4,152.8,149.7,148.1,149.0,153.2,162.0,169.9,177.9,186.0,190.8,192.3,193.5,192.2,190.5,162.7,159.7,159.8,163.8,165.2,165.3,163.4,159.1,158.9,161.7,164.3,164.6,206.0,203.8,202.3,203.4,202.2,203.6,205.4,210.6,212.8,213.3,213.0,211.0,206.3,206.0,206.3,205.8,205.9,207.0,207.6,207.2,-54.2,-53.8,-51.3,-47.1,-39.4,-27.1,-11.7,6.1,24.3,40.0,52.7,64.6,74.8,81.9,86.3,89.5,90.7,-36.0,-25.1,-10.8,3.3,16.0,41.4,53.1,64.9,76.7,84.6,29.0,30.2,31.4,32.5,15.3,22.6,29.9,36.7,42.7,-20.5,-11.6,-1.3,7.1,-1.6,-12.1,45.1,53.7,63.6,70.8,64.5,54.6,0.6,12.8,22.9,28.9,35.3,43.4,50.8,43.5,35.5,28.5,21.9,11.9,5.6,22.3,28.5,35.0,46.8,35.0,28.5,22.1,-45.1,-25.2,-5.4,14.0,32.6,48.8,62.1,71.7,74.2,71.6,61.7,48.2,32.0,13.5,-6.0,-26.1,-46.6,-53.6,-60.8,-62.0,-59.4,-54.5,-56.0,-61.8,-65.1,-64.7,-58.5,-41.1,-28.1,-15.3,-2.4,5.3,7.7,9.7,7.6,4.9,-40.7,-45.4,-45.2,-38.8,-36.5,-36.3,-40.0,-47.3,-47.8,-43.6,-38.8,-38.2,30.8,26.6,24.0,25.8,23.9,26.6,30.2,38.3,41.5,42.3,41.7,38.5,31.2,30.2,30.7,30.0,30.8,32.0,32.8,32.1,674.5,678.4,682.9,686.0,686.2,683.8,678.1,670.0,668.6,677.1,691.6,703.4,708.4,707.5,705.1,702.3,700.8,642.3,635.2,630.1,626.0,624.0,630.7,637.6,646.2,655.4,665.7,629.8,624.4,618.4,613.0,630.4,629.1,628.5,631.6,635.3,641.8,638.3,638.4,639.9,639.1,639.0,647.9,649.8,653.6,660.1,654.4,650.7,649.1,638.1,634.1,635.1,636.8,645.7,659.0,647.9,641.0,638.8,638.2,641.3,646.7,637.4,637.9,640.2,655.1,640.1,637.8,637.5,0.599,0.229,-0.203,0.032,265.199,186.133,-4.244,4.632,-13.325,19.193,4.697,1.726,-4.355,3.67,5.543,-3.114,-0.922,1.727,0.668,-1.553,-0.641,0.007,0.819,1.276,-1.007,-0.604,0.147,-0.305,-0.033,-0.212,0.132,-0.191,0.156,0.002,-0.075,0.008,-0.015,0.003,0.003,-0.006,0.27,0.0,0.0,0.54,0.0,0.0,0.0,0.0,0.0,0.03,0.0,0.0,0.0,0.0,0.0,0.0,0.0,0.0,1.0,0.0,1.0,0.0,0.0,0.0,0.0,0.0,0.0,0.0,0.0,0.0,0.0,0.0,0.0,1.0,0.0
PP133,g1,1798,0,0.975,0.176101,0.191923,-0.965481,0.02216,0.190677,-0.981403,0.101,0.194,241.9,243.2,246.5,249.7,251.0,249.9,246.4,243.2,237.6,239.6,242.4,246.0,249.5,252.2,254.1,251.9,248.9,245.6,242.4,239.6,245.0,246.4,247.9,248.5,247.9,246.5,245.1,244.5,280.1,281.1,283.9,287.0,288.5,287.6,284.7,281.4,277.0,279.0,281.7,285.1,288.1,290.3,291.5,290.4,288.4,285.7,282.6,279.5,283.0,284.3,285.5,285.9,285.3,283.9,282.7,282.3,161.2,157.9,156.5,157.9,161.2,164.7,165.8,164.5,162.6,160.8,159.6,159.0,159.7,161.2,163.4,164.5,165.0,165.2,164.9,164.1,162.7,163.3,162.7,161.3,159.8,159.2,159.8,161.2,160.4,157.1,155.6,156.7,159.9,163.1,164.6,163.7,162.7,160.4,158.8,157.9,158.3,159.4,161.1,162.7,163.6,164.0,164.0,163.7,161.7,162.2,161.5,160.1,158.7,158.2,158.9,160.3,-10.5,-8.7,-4.5,-0.4,1.3,-0.2,-4.6,-8.8,-16.1,-13.5,-9.7,-5.2,-0.6,2.9,5.3,2.4,-1.5,-5.7,-9.8,-13.4,-6.4,-4.6,-2.8,-2.0,-2.7,-4.5,-6.4,-7.1,39.6,40.9,44.8,49.0,51.0,49.7,45.8,41.3,35.6,38.1,41.6,46.1,50.4,53.6,55.7,53.8,50.8,47.1,42.9,38.7,43.5,45.3,47.0,47.6,46.7,44.9,43.2,42.6,-33.9,-38.2,-39.9,-38.1,-33.9,-29.3,-27.9,-29.6,-32.3,-34.5,-35.9,-36.5,-35.7,-33.8,-31.2,-29.5,-28.9,-28.6,-29.1,-30.2,-32.0,-31.2,-32.0,-33.8,-35.7,-36.5,-35.7,-33.9,-35.7,-40.1,-42.2,-40.7,-36.6,-32.2,-30.2,-31.3,-32.6,-35.6,-37.7,-38.9,-38.6,-37.4,-35.3,-33.1,-31.7,-30.9,-30.9,-31.2,-34.1,-33.5,-34.4,-36.3,-38.1,-38.7,-37.8,-35.9,502.9,503.2,503.3,502.9,502.5,502.4,502.1,502.4,507.2,504.5,502.1,500.8,501.3,502.7,504.3,502.8,501.3,501.1,502.3,504.6,503.4,503.2,503.3,503.4,503.6,503.7,503.7,503.6,513.5,514.4,516.0,517.2,517.5,516.6,515.0,513.9,514.0,513.2,512.9,513.9,516.5,519.9,523.3,520.0,516.8,514.4,513.3,513.5,515.5,516.1,516.7,517.1,517.0,516.5,515.8,515.4,25.7,-2.9,650.7,0.219,-0.144,0.003,218.5,219.2,221.1,223.9,228.8,236.1,245.0,255.2,265.6,274.4,280.9,286.9,292.0,295.6,298.0,299.7,300.3,228.0,234.5,243.2,251.8,259.7,275.4,282.2,288.8,295.2,299.2,267.9,268.7,269.7,270.7,259.6,264.1,268.7,272.8,276.3,237.5,242.7,249.1,254.2,248.9,242.5,277.0,282.0,287.8,291.7,288.3,282.6,250.8,258.1,264.3,268.0,271.8,276.5,280.4,276.5,271.9,267.8,263.7,257.7,253.8,264.0,267.8,271.6,278.1,271.6,267.7,263.9,161.5,173.3,184.9,196.0,206.5,215.6,223.1,228.6,229.8,227.4,220.7,212.6,203.5,193.5,183.0,172.2,161.1,154.6,149.9,148.7,150.1,153.0,152.3,149.1,147.5,148.2,152.3,161.5,169.4,177.3,185.4,190.3,191.7,192.9,191.6,189.8,162.5,159.5,159.6,163.5,165.0,165.1,162.8,158.5,158.3,161.1,163.7,164.0,205.6,203.2,201.7,202.7,201.4,202.8,204.6,209.8,212.0,212.6,212.4,210.4,205.8,205.4,205.6,205.0,205.1,206.2,206.9,206.6,-54.9,-54.1,-51.1,-46.3,-37.6,-24.5,-8.8,8.9,26.9,42.6,55.1,66.8,76.4,82.9,86.9,89.7,90.5,-36.4,-25.4,-11.1,3.0,15.7,41.3,52.9,64.7,76.4,84.3,29.0,30.2,31.4,32.7,15.7,22.9,30.2,37.1,43.1,-20.7,-11.9,-1.5,6.9,-1.8,-12.3,45.1,53.6,63.6,70.9,64.6,54.7,1.4,13.4,23.4,29.5,35.8,44.0,51.6,44.3,36.2,29.3,22.6,12.7,6.3,23.0,29.3,35.7,47.5,35.7,29.2,22.8,-45.2,-24.9,-4.7,15.1,33.7,49.6,62.2,71.0,72.8,69.6,59.2,45.4,29.1,11.0,-8.1,-27.6,-47.6,-54.4,-61.6,-63.0,-60.4,-55.6,-57.2,-63.1,-66.5,-66.3,-60.3,-42.2,-29.1,-16.3,-3.3,4.5,6.9,8.8,6.6,3.8,-41.3,-46.1,-46.0,-39.6,-37.1,-36.9,-41.2,-48.6,-49.1,-45.0,-40.1,-39.4,30.3,25.9,23.1,24.9,22.9,25.4,29.0,37.2,40.6,41.4,41.0,37.9,30.6,29.3,29.8,28.9,29.7,30.9,31.9,31.4,680.9,685.1,689.8,692.7,692.4,689.3,682.9,674.4,673.1,681.6,695.9,707.2,711.4,709.9,707.3,704.7,703.5,646.9,639.9,634.7,630.4,628.3,634.9,641.9,650.4,659.6,669.8,634.3,628.7,622.7,617.2,634.8,633.5,632.9,635.8,639.5,646.5,642.9,642.9,644.4,643.6,643.6,652.3,654.2,658.0,664.5,658.7,655.1,653.7,642.7,638.5,639.6,641.4,650.2,663.4,652.5,645.7,643.4,642.7,645.8,651.2,641.9,642.4,644.9,659.5,644.8,642.4,642.0,0.595,0.226,-0.19,0.013,265.415,185.567,-5.162,9.975,-13.651,19.056,6.582,1.75,-4.915,3.771,4.674,-2.985,0.288,1.209,0.888,-1.695,-0.999,0.064,0.687,1.303,-0.881,-0.705,0.247,-0.163,-0.283,-0.438,0.249,-0.142,0.109,0.028,-0.085,-0.006,-0.028,0.005,0.003,0.005,0.48,0.23,0.0,0.96,0.0,0.0,0.0,0.0,0.0,0.32,0.0,0.0,0.0,0.0,0.0,0.0,0.0,0.0,1.0,0.0,1.0,0.0,0.0,0.0,0.0,0.0,0.0,0.0,0.0,0.0,0.0,0.0,0.0,1.0,0.0
PP133,g1,1804,0,0.975,0.177317,0.189071,-0.965821,0.023069,0.18852,-0.981798,0.103,0.191,241.7,243.0,246.3,249.5,250.8,249.7,246.2,243.0,237.4,239.4,242.3,245.8,249.4,252.0,253.9,251.7,248.7,245.4,242.2,239.4,244.9,246.3,247.7,248.3,247.7,246.3,244.9,244.3,280.0,280.9,283.7,286.8,288.3,287.4,284.6,281.2,276.9,278.8,281.5,284.9,287.9,290.1,291.4,290.2,288.2,285.6,282.5,279.3,282.8,284.1,285.4,285.8,285.1,283.8,282.5,282.1,161.0,157.7,156.3,157.7,161.0,164.6,165.7,164.3,162.5,160.7,159.4,158.9,159.5,161.0,163.2,164.4,164.8,165.0,164.8,164.0,162.5,163.1,162.5,161.1,159.7,159.1,159.7,161.1,160.1,156.8,155.3,156.4,159.6,162.8,164.3,163.5,162.4,160.2,158.5,157.6,158.0,159.1,160.8,162.4,163.3,163.7,163.7,163.5,161.4,161.9,161.2,159.8,158.4,157.9,158.6,160.0,-10.7,-9.0,-4.8,-0.6,1.1,-0.4,-4.8,-9.0,-16.3,-13.7,-9.9,-5.4,-0.8,2.6,5.0,2.2,-1.7,-5.9,-10.0,-13.6,-6.6,-4.8,-3.0,-2.2,-3.0,-4.8,-6.6,-7.4,39.4,40.7,44.5,48.7,50.8,49.5,45.6,41.1,35.4,37.9,41.4,45.9,50.1,53.3,55.4,53.5,50.6,46.9,42.7,38.5,43.3,45.1,46.8,47.3,46.5,44.6,42.9,42.4,-34.0,-38.3,-40.1,-38.3,-34.0,-29.5,-28.0,-29.8,-32.4,-34.6,-36.0,-36.7,-35.9,-34.0,-31.4,-29.7,-29.1,-28.8,-29.2,-30.3,-32.1,-31.3,-32.1,-34.0,-35.9,-36.6,-35.9,-34.0,-36.0,-40.4,-42.5,-41.1,-37.0,-32.6,-30.5,-31.6,-33.0,-35.9,-38.1,-39.3,-39.0,-37.8,-35.7,-33.4,-32.0,-31.3,-31.2,-31.6,-34.4,-33.8,-34.7,-36.7,-38.5,-39.1,-38.2,-36.2,502.3,502.7,502.7,502.4,501.9,501.8,501.6,501.9,506.6,504.0,501.5,500.3,500.8,502.1,503.7,502.2,500.8,500.5,501.7,504.0,502.8,502.7,502.7,502.9,503.1,503.2,503.2,503.0,513.4,514.4,515.9,517.1,517.4,516.4,514.9,513.8,513.9,513.1,512.8,513.8,516.4,519.8,523.2,519.9,516.7,514.3,513.2,513.4,515.4,515.9,516.6,517.0,516.9,516.4,515.7,515.3,25.6,-3.2,650.6,0.215,-0.145,-0.001,218.4,219.1,221.0,223.9,228.8,236.2,245.1,255.3,265.7,274.5,280.9,286.8,291.9,295.5,297.9,299.6,300.1,227.8,234.3,242.9,251.6,259.6,275.2,282.0,288.7,295.1,299.0,267.7,268.6,269.6,270.6,259.6,264.1,268.6,272.8,276.3,237.3,242.6,248.9,254.0,248.7,242.4,276.9,281.9,287.6,291.5,288.1,282.5,250.8,258.1,264.4,268.0,271.8,276.5,280.4,276.6,272.0,267.9,263.8,257.7,253.8,264.0,267.8,271.7,278.2,271.7,267.8,263.9,161.6,173.4,184.9,196.1,206.6,215.6,223.0,228.5,229.6,227.2,220.6,212.5,203.4,193.4,182.8,172.0,160.8,154.6,149.8,148.5,149.8,152.7,152.0,148.8,147.2,147.9,152.0,161.2,169.2,177.0,185.1,190.1,191.5,192.7,191.3,189.5,162.4,159.4,159.4,163.3,164.8,165.0,162.6,158.2,158.1,160.8,163.4,163.7,205.4,203.0,201.4,202.4,201.2,202.5,204.3,209.5,211.8,212.4,212.2,210.2,205.7,205.1,205.4,204.8,204.8,205.9,206.6,206.3,-55.1,-54.2,-51.2,-46.3,-37.5,-24.3,-8.5,9.1,27.0,42.7,55.1,66.7,76.3,82.7,86.8,89.5,90.2,-36.7,-25.7,-11.5,2.7,15.4,41.0,52.6,64.4,76.1,84.1,28.8,30.0,31.3,32.6,15.6,22.9,30.2,37.0,43.0,-21.0,-12.3,-1.8,6.7,-2.1,-12.6,44.9,53.4,63.3,70.7,64.3,54.4,1.4,13.4,23.5,29.5,35.9,44.1,51.7,44.4,36.3,29.4,22.7,12.7,6.3,23.0,29.3,35.8,47.6,35.8,29.3,22.9,-45.2,-24.8,-4.5,15.2,33.8,49.5,62.1,70.7,72.5,69.3,58.9,45.2,28.9,10.7,-8.4,-28.0,-48.0,-54.6,-61.8,-63.3,-60.8,-56.0,-57.7,-63.6,-67.1,-66.9,-60.8,-42.7,-29.5,-16.7,-3.8,4.2,6.5,8.4,6.2,3.3,-41.5,-46.3,-46.3,-39.9,-37.4,-37.2,-41.6,-49.0,-49.6,-45.5,-40.6,-39.9,30.0,25.5,22.7,24.4,22.4,24.9,28.5,36.7,40.1,41.0,40.6,37.6,30.3,28.9,29.4,28.5,29.2,30.4,31.5,31.0,680.8,685.0,689.7,692.5,692.1,688.9,682.5,674.1,672.8,681.4,695.6,707.0,711.3,709.8,707.3,704.9,703.7,647.0,640.0,634.8,630.5,628.3,634.9,642.0,650.6,659.8,670.1,634.3,628.8,622.7,617.2,634.7,633.4,632.8,635.8,639.5,646.6,643.0,643.0,644.4,643.7,643.7,652.4,654.3,658.1,664.6,658.8,655.1,653.6,642.5,638.3,639.4,641.2,650.1,663.3,652.3,645.5,643.2,642.4,645.6,651.1,641.7,642.3,644.7,659.4,644.6,642.2,641.8,0.595,0.222,-0.192,0.009,265.357,185.363,-5.143,9.725,-13.41,19.126,6.812,1.872,-5.016,3.901,4.525,-3.134,0.156,1.1,0.859,-1.629,-0.904,0.141,0.591,1.176,-0.749,-0.729,0.309,-0.14,-0.273,-0.433,0.191,-0.137,0.098,0.032,-0.087,-0.005,-0.027,0.001,0.009,0.005,0.6,0.17,0.0,1.03,0.0,0.0,0.0,0.0,0.0,0.33,0.0,0.0,0.0,0.0,0.0,0.0,0.0,1.0,1.0,0.0,1.0,0.0,0.0,0.0,0.0,0.0,0.0,0.0,0.0,0.0,0.0,0.0,0.0,1.0,0.0
PP133,g1,1810,0,0.975,0.176062,0.184423,-0.966949,0.023467,0.183885,-0.982668,0.102,0.187,241.5,242.9,246.1,249.3,250.6,249.5,246.1,242.8,237.3,239.2,242.1,245.6,249.2,251.9,253.7,251.6,248.5,245.2,242.1,239.3,244.7,246.1,247.5,248.1,247.5,246.1,244.7,244.1,279.7,280.6,283.4,286.5,288.1,287.2,284.3,281.0,276.6,278.6,281.3,284.6,287.7,289.8,291.1,290.0,288.0,285.3,282.2,279.1,282.5,283.9,285.1,285.5,284.8,283.5,282.3,281.9,161.0,157.7,156.3,157.6,160.9,164.5,165.6,164.3,162.5,160.6,159.4,158.8,159.4,160.9,163.1,164.3,164.7,165.0,164.7,163.9,162.5,163.1,162.5,161.0,159.6,159.0,159.6,161.0,160.0,156.7,155.2,156.3,159.4,162.7,164.2,163.3,162.3,160.0,158.3,157.5,157.9,158.9,160.7,162.2,163.1,163.6,163.6,163.3,161.3,161.8,161.1,159.7,158.3,157.8,158.5,159.9,-10.9,-9.2,-5.0,-0.9,0.8,-0.6,-5.1,-9.2,-16.5,-13.9,-10.2,-5.6,-1.1,2.4,4.8,2.0,-1.9,-6.1,-10.2,-13.9,-6.8,-5.0,-3.2,-2.5,-3.2,-5.0,-6.8,-7.6,39.1,40.3,44.2,48.4,50.4,49.1,45.3,40.8,35.0,37.5,41.0,45.6,49.8,53.0,55.1,53.2,50.2,46.5,42.4,38.2,42.9,44.8,46.4,47.0,46.1,44.3,42.6,42.0,-34.2,-38.4,-40.2,-38.4,-34.2,-29.6,-28.1,-29.9,-32.5,-34.7,-36.1,-36.8,-36.0,-34.2,-31.5,-29.9,-29.2,-28.9,-29.3,-30.4,-32.2,-31.5,-32.2,-34.1,-36.0,-36.8,-36.0,-34.1,-36.2,-40.6,-42.7,-41.3,-37.2,-32.8,-30.7,-31.8,-33.1,-36.1,-38.3,-39.5,-39.2,-38.0,-35.9,-33.6,-32.2,-31.5,-31.4,-31.8,-34.6,-34.0,-34.9,-36.9,-38.6,-39.3,-38.3,-36.4,502.8,503.1,503.1,502.8,502.3,502.2,501.9,502.3,507.1,504.4,501.9,500.7,501.1,502.5,504.1,502.6,501.1,500.9,502.1,504.5,503.2,503.1,503.1,503.3,503.5,503.6,503.6,503.5,513.5,514.4,516.0,517.2,517.4,516.5,514.9,513.8,514.0,513.2,512.9,513.8,516.5,519.9,523.2,520.0,516.7,514.3,513.2,513.4,515.5,516.0,516.7,517.1,517.0,516.5,515.8,515.4,25.4,-3.3,650.6,0.209,-0.145,-0.004,218.3,219.0,221.0,223.9,228.9,236.3,245.1,255.3,265.7,274.4,280.9,286.8,291.8,295.4,297.7,299.4,299.8,227.7,234.1,242.7,251.4,259.3,274.9,281.7,288.3,294.7,298.7,267.5,268.4,269.4,270.5,259.4,263.9,268.5,272.6,276.2,237.1,242.4,248.7,253.8,248.5,242.2,276.6,281.6,287.3,291.3,287.9,282.2,250.7,258.0,264.3,267.9,271.7,276.4,280.3,276.5,271.9,267.8,263.7,257.6,253.7,263.9,267.7,271.6,278.1,271.6,267.7,263.8,161.7,173.5,185.1,196.3,206.8,215.9,223.3,228.7,229.8,227.4,220.8,212.6,203.5,193.5,182.9,172.0,160.8,154.6,149.8,148.5,149.8,152.6,151.9,148.7,147.1,147.8,151.9,161.1,169.0,176.9,185.0,190.0,191.4,192.5,191.2,189.4,162.4,159.3,159.3,163.2,164.7,164.9,162.5,158.1,157.9,160.6,163.3,163.6,205.4,202.9,201.3,202.3,201.0,202.4,204.2,209.5,211.8,212.4,212.2,210.2,205.6,205.0,205.2,204.6,204.8,205.9,206.6,206.3,-55.2,-54.3,-51.2,-46.2,-37.4,-24.2,-8.5,9.1,27.0,42.6,55.0,66.5,76.1,82.4,86.4,89.1,89.7,-37.0,-26.1,-11.9,2.2,14.9,40.5,52.1,63.8,75.5,83.5,28.4,29.6,31.0,32.3,15.3,22.6,30.0,36.8,42.8,-21.3,-12.6,-2.2,6.3,-2.4,-12.9,44.4,52.9,62.9,70.3,63.9,54.0,1.2,13.2,23.3,29.3,35.7,43.9,51.5,44.2,36.2,29.3,22.5,12.6,6.2,22.9,29.2,35.6,47.4,35.6,29.1,22.7,-45.0,-24.6,-4.2,15.6,34.2,50.0,62.5,71.1,72.8,69.6,59.2,45.4,29.1,10.8,-8.3,-28.0,-48.0,-54.5,-61.9,-63.5,-61.0,-56.2,-57.9,-63.9,-67.4,-67.1,-61.0,-42.9,-29.8,-16.9,-4.0,4.0,6.3,8.2,6.0,3.1,-41.6,-46.5,-46.4,-40.1,-37.6,-37.3,-41.8,-49.3,-49.9,-45.7,-40.9,-40.1,30.0,25.4,22.5,24.2,22.2,24.8,28.4,36.7,40.1,41.0,40.6,37.6,30.2,28.7,29.2,28.3,29.1,30.4,31.5,31.0,681.2,685.3,689.9,692.7,692.2,689.0,682.6,674.1,672.6,681.1,695.4,706.8,711.2,709.7,707.2,704.8,703.7,647.5,640.5,635.3,631.1,628.9,635.5,642.6,651.0,660.2,670.4,634.7,629.0,622.8,617.2,634.8,633.4,632.7,635.7,639.5,647.0,643.4,643.4,644.8,644.0,644.0,652.7,654.7,658.4,664.9,659.0,655.4,653.7,642.5,638.3,639.3,641.2,650.0,663.3,652.3,645.4,643.1,642.4,645.6,651.2,641.7,642.2,644.6,659.4,644.6,642.2,641.9,0.595,0.216,-0.191,0.006,265.208,185.337,-5.791,10.023,-12.96,19.901,6.241,2.037,-4.791,3.968,4.533,-3.395,0.273,1.383,0.879,-1.648,-0.926,0.081,0.688,1.173,-0.781,-0.611,0.265,-0.201,-0.282,-0.454,0.247,-0.1,0.1,0.042,-0.095,-0.003,-0.02,-0.001,0.006,0.009,0.6,0.17,0.0,0.79,0.0,0.0,0.0,0.0,0.0,0.37,0.0,0.0,0.0,0.0,0.0,0.0,0.0,0.0,1.0,0.0,1.0,0.0,0.0,0.0,0.0,0.0,0.0,0.0,0.0,0.0,0.0,0.0,0.0,1.0,0.0
PP133,g1,1816,0,0.975,0.172725,0.172773,-0.969699,0.024677,0.173013,-0.98461,0.101,0.175,241.6,242.9,246.1,249.4,250.7,249.6,246.2,242.9,237.4,239.3,242.1,245.6,249.2,251.9,253.8,251.7,248.6,245.3,242.2,239.4,244.8,246.2,247.6,248.2,247.6,246.2,244.8,244.2,279.7,280.6,283.5,286.5,288.1,287.2,284.4,281.0,276.7,278.6,281.3,284.7,287.7,289.9,291.2,290.0,288.0,285.4,282.3,279.1,282.6,283.9,285.1,285.5,284.9,283.5,282.3,281.9,161.1,157.8,156.4,157.7,161.0,164.6,165.7,164.4,162.7,160.8,159.5,158.9,159.5,161.0,163.2,164.4,164.9,165.1,164.9,164.1,162.6,163.2,162.6,161.1,159.7,159.1,159.7,161.2,160.0,156.7,155.2,156.3,159.4,162.7,164.2,163.4,162.3,160.1,158.3,157.5,157.9,159.0,160.8,162.3,163.1,163.6,163.6,163.3,161.3,161.8,161.1,159.7,158.3,157.8,158.5,159.9,-10.8,-9.1,-5.0,-0.8,0.9,-0.5,-4.9,-9.1,-16.4,-13.8,-10.1,-5.6,-1.0,2.5,4.9,2.1,-1.8,-6.0,-10.1,-13.7,-6.7,-4.9,-3.1,-2.4,-3.1,-4.9,-6.8,-7.5,39.0,40.3,44.1,48.3,50.4,49.1,45.2,40.8,35.0,37.5,41.0,45.5,49.8,53.0,55.1,53.2,50.2,46.5,42.3,38.2,42.9,44.7,46.4,47.0,46.1,44.2,42.6,42.0,-33.9,-38.2,-40.0,-38.3,-34.0,-29.4,-27.9,-29.6,-32.2,-34.4,-35.9,-36.6,-35.9,-34.0,-31.4,-29.7,-29.0,-28.7,-29.1,-30.1,-32.0,-31.3,-32.1,-33.9,-35.8,-36.5,-35.8,-33.9,-36.1,-40.5,-42.6,-41.2,-37.1,-32.7,-30.6,-31.7,-33.1,-36.0,-38.2,-39.4,-39.1,-37.9,-35.8,-33.5,-32.2,-31.4,-31.4,-31.7,-34.6,-33.9,-34.9,-36.8,-38.6,-39.2,-38.3,-36.3,502.4,502.8,502.8,502.4,501.9,501.8,501.5,501.9,506.8,504.1,501.6,500.3,500.7,502.1,503.6,502.1,500.7,500.5,501.8,504.1,502.9,502.7,502.7,502.9,503.1,503.2,503.2,503.1,512.7,513.7,515.3,516.5,516.7,515.7,514.1,513.0,513.2,512.4,512.1,513.1,515.7,519.2,522.5,519.2,515.9,513.5,512.4,512.6,514.7,515.2,515.9,516.3,516.2,515.7,515.0,514.6,25.7,-2.8,648.7,0.191,-0.144,-0.01,218.5,219.3,221.4,224.4,229.4,236.8,245.6,255.7,266.2,274.9,281.4,287.1,292.0,295.6,297.8,299.5,299.8,227.7,234.0,242.6,251.3,259.2,274.9,281.7,288.3,294.7,298.7,267.5,268.5,269.6,270.7,259.7,264.2,268.8,272.9,276.4,237.2,242.4,248.7,253.9,248.6,242.3,276.6,281.6,287.3,291.3,287.9,282.3,251.2,258.4,264.6,268.3,272.1,276.8,280.7,276.9,272.4,268.3,264.2,258.1,254.2,264.3,268.1,272.0,278.4,272.0,268.1,264.2,162.2,174.2,185.9,197.1,207.7,216.8,224.3,229.7,230.7,228.4,221.8,213.6,204.3,194.1,183.4,172.3,161.0,155.0,150.0,148.6,149.8,152.6,151.8,148.6,147.1,147.8,152.0,161.0,168.9,176.8,184.9,190.1,191.5,192.6,191.2,189.4,162.6,159.4,159.4,163.3,164.8,165.1,162.5,158.1,157.9,160.7,163.3,163.6,205.9,203.3,201.5,202.5,201.2,202.6,204.6,209.8,212.0,212.7,212.5,210.6,206.1,205.2,205.5,204.8,205.1,206.2,206.9,206.6,-54.8,-53.7,-50.3,-45.2,-36.4,-23.3,-7.7,9.9,27.8,43.3,55.6,66.9,76.3,82.5,86.4,89.0,89.5,-37.0,-26.2,-12.0,2.1,14.8,40.4,52.0,63.7,75.4,83.4,28.4,29.7,31.2,32.6,15.7,23.0,30.4,37.2,43.1,-21.1,-12.5,-2.1,6.5,-2.2,-12.7,44.4,52.9,62.8,70.2,63.9,54.0,2.0,13.8,23.8,29.8,36.2,44.4,51.9,44.8,36.8,29.9,23.2,13.3,7.0,23.5,29.7,36.1,47.8,36.1,29.7,23.3,-44.0,-23.4,-2.9,17.0,35.7,51.5,64.0,72.5,74.1,71.0,60.9,47.0,30.5,12.0,-7.4,-27.3,-47.5,-53.8,-61.5,-63.2,-60.8,-56.2,-58.0,-63.9,-67.3,-67.0,-60.8,-43.0,-29.9,-17.0,-4.1,4.2,6.5,8.3,6.0,3.1,-41.1,-46.1,-46.2,-39.9,-37.3,-36.9,-41.8,-49.2,-49.8,-45.6,-40.8,-40.0,30.6,25.8,22.8,24.5,22.5,25.1,28.9,37.0,40.4,41.3,40.9,38.0,30.8,29.0,29.4,28.5,29.6,30.7,31.8,31.3,679.9,683.8,688.1,690.6,689.9,686.5,680.1,671.4,669.9,678.5,692.9,704.5,709.0,707.6,705.2,702.8,701.8,646.7,639.8,634.6,630.3,628.1,634.6,641.7,650.2,659.4,669.5,633.6,627.7,621.2,615.3,633.0,631.4,630.7,633.8,637.6,645.9,642.5,642.5,643.7,642.9,642.9,651.6,653.7,657.4,663.7,657.9,654.2,651.4,640.3,636.2,637.3,639.1,647.8,660.8,649.7,642.9,640.6,639.9,643.1,648.8,639.4,639.9,642.4,656.9,642.4,639.9,639.6,0.597,0.199,-0.191,-0.001,265.448,185.639,-6.635,9.99,-13.028,21.635,5.088,2.591,-4.74,3.865,4.97,-4.281,-0.229,1.184,0.543,-1.659,-0.575,-0.233,0.655,1.194,-0.951,-0.642,0.165,-0.122,-0.371,-0.502,0.261,-0.065,0.115,0.047,-0.095,-0.009,-0.029,-0.011,0.007,0.003,0.7,0.36,0.0,1.21,0.0,0.0,0.0,0.0,0.0,0.15,0.0,0.0,0.0,0.0,0.0,0.0,0.0,0.0,1.0,0.0,1.0,0.0,0.0,0.0,0.0,0.0,0.0,0.0,0.0,0.0,0.0,0.0,0.0,1.0,0.0
PP133,g1,1822,0,0.975,0.173523,0.167583,-0.970467,0.028354,0.167505,-0.985463,0.103,0.17,241.7,243.0,246.2,249.5,250.8,249.8,246.3,243.0,237.5,239.4,242.2,245.7,249.3,252.1,254.0,251.8,248.7,245.4,242.3,239.5,244.9,246.3,247.7,248.3,247.7,246.3,244.9,244.3,279.9,280.8,283.6,286.7,288.3,287.4,284.5,281.2,276.8,278.8,281.5,284.8,287.9,290.0,291.3,290.2,288.2,285.6,282.5,279.3,282.7,284.1,285.3,285.7,285.0,283.7,282.5,282.1,161.3,157.9,156.5,157.8,161.1,164.7,165.9,164.6,162.8,160.9,159.7,159.0,159.6,161.1,163.3,164.5,165.0,165.2,165.0,164.3,162.8,163.3,162.7,161.3,159.8,159.2,159.9,161.3,160.2,156.9,155.4,156.6,159.7,163.0,164.5,163.6,162.6,160.3,158.6,157.7,158.1,159.2,161.0,162.5,163.4,163.8,163.8,163.6,161.5,162.0,161.4,159.9,158.6,158.1,158.7,160.2,-10.7,-9.0,-4.9,-0.7,1.1,-0.3,-4.8,-8.9,-16.2,-13.7,-10.0,-5.4,-0.9,2.6,5.1,2.3,-1.6,-5.8,-9.9,-13.6,-6.6,-4.7,-2.9,-2.2,-3.0,-4.8,-6.6,-7.3,39.3,40.5,44.4,48.6,50.6,49.3,45.5,41.0,35.3,37.7,41.3,45.8,50.0,53.2,55.3,53.4,50.4,46.7,42.6,38.4,43.1,44.9,46.6,47.2,46.3,44.5,42.8,42.2,-33.7,-38.0,-39.8,-38.0,-33.8,-29.2,-27.7,-29.4,-31.9,-34.2,-35.7,-36.4,-35.6,-33.8,-31.1,-29.5,-28.8,-28.5,-28.8,-29.9,-31.8,-31.0,-31.8,-33.7,-35.6,-36.3,-35.5,-33.6,-35.8,-40.2,-42.3,-40.9,-36.8,-32.4,-30.3,-31.4,-32.8,-35.7,-37.9,-39.1,-38.8,-37.6,-35.4,-33.2,-31.8,-31.1,-31.1,-31.4,-34.2,-33.6,-34.5,-36.4,-38.2,-38.9,-37.9,-36.0,501.2,501.6,501.6,501.2,500.7,500.5,500.3,500.7,505.5,502.9,500.4,499.1,499.5,500.8,502.4,500.9,499.5,499.3,500.5,502.9,501.6,501.5,501.5,501.6,501.8,502.0,502.0,501.9,512.6,513.6,515.2,516.5,516.6,515.6,514.0,512.9,513.1,512.3,512.1,513.1,515.7,519.1,522.4,519.1,515.8,513.4,512.3,512.5,514.6,515.1,515.8,516.3,516.2,515.7,515.0,514.5,25.7,-2.1,644.0,0.181,-0.153,-0.001,218.6,219.3,221.3,224.1,228.7,235.8,244.6,255.1,265.8,274.6,281.1,286.8,291.8,295.4,297.8,299.6,300.1,227.7,234.1,242.7,251.4,259.3,275.1,281.9,288.6,295.0,299.0,267.6,268.7,269.8,270.9,259.8,264.4,269.0,273.1,276.6,237.3,242.5,248.9,254.1,248.8,242.4,276.8,281.8,287.5,291.5,288.1,282.4,251.4,258.7,264.8,268.5,272.4,277.0,280.9,277.2,272.7,268.6,264.5,258.4,254.5,264.5,268.3,272.2,278.7,272.3,268.4,264.5,162.3,174.0,185.6,196.8,207.4,216.8,224.6,230.4,231.8,229.7,223.3,215.1,205.8,195.5,184.5,173.2,161.6,155.2,150.1,148.8,150.0,152.8,152.1,148.9,147.4,148.2,152.5,161.2,169.2,177.1,185.3,190.4,191.9,193.0,191.6,189.8,162.8,159.6,159.5,163.4,164.9,165.2,162.7,158.3,158.2,161.0,163.6,163.8,206.3,203.7,202.0,203.0,201.7,203.1,205.1,210.2,212.4,213.0,212.8,211.0,206.5,205.7,206.0,205.3,205.6,206.6,207.3,206.9,-54.2,-53.3,-50.2,-45.5,-37.2,-24.7,-9.3,8.7,26.8,42.4,54.7,66.0,75.6,82.0,86.0,88.8,89.6,-36.6,-25.9,-11.8,2.3,14.9,40.5,52.1,63.8,75.5,83.4,28.3,29.8,31.3,32.7,15.8,23.1,30.4,37.2,43.2,-20.8,-12.2,-1.9,6.7,-2.0,-12.4,44.4,52.9,62.8,70.0,63.8,54.0,2.3,14.2,24.0,30.0,36.3,44.4,51.9,44.9,37.1,30.2,23.5,13.7,7.3,23.6,29.8,36.2,47.8,36.3,29.8,23.5,-43.6,-23.4,-3.3,16.3,34.9,51.0,64.1,73.2,75.3,72.7,63.1,49.6,33.1,14.4,-5.4,-25.7,-46.3,-53.2,-60.8,-62.4,-60.1,-55.5,-57.2,-63.0,-66.4,-66.0,-59.6,-42.4,-29.2,-16.4,-3.5,4.7,7.0,8.9,6.6,3.8,-40.6,-45.7,-45.7,-39.4,-36.9,-36.5,-41.2,-48.5,-49.0,-44.8,-40.1,-39.4,31.1,26.4,23.4,25.1,23.1,25.7,29.6,37.5,40.6,41.5,41.1,38.3,31.3,29.6,30.0,29.1,30.2,31.1,32.1,31.6,674.3,677.9,682.0,684.5,684.0,680.9,674.7,666.0,664.5,673.3,688.3,700.6,705.9,705.1,702.8,700.0,698.6,642.3,635.4,630.3,626.2,624.1,630.6,637.6,646.2,655.4,665.6,629.4,623.3,616.8,610.8,628.4,626.8,626.0,629.2,633.2,641.5,638.2,638.3,639.5,638.7,638.6,647.4,649.6,653.3,659.6,653.8,650.1,646.1,635.0,631.3,632.3,634.1,642.8,655.8,644.4,637.4,635.2,634.5,637.6,643.5,634.4,634.9,637.3,651.8,637.1,634.7,634.4,0.601,0.191,-0.203,0.008,265.527,186.046,-4.388,6.111,-13.579,22.098,2.36,3.173,-4.031,5.307,5.871,-4.749,-1.336,1.162,0.156,-1.753,0.071,-0.417,0.54,1.335,-0.922,-0.589,0.097,0.085,-0.281,-0.382,0.239,-0.006,0.155,0.005,-0.085,-0.011,-0.033,-0.017,0.009,-0.006,0.62,0.0,0.0,0.97,0.0,0.0,0.0,0.0,0.0,0.0,0.0,0.0,0.0,0.0,0.0,0.0,0.0,0.0,1.0,0.0,1.0,0.0,0.0,0.0,0.0,0.0,0.0,0.0,0.0,0.0,0.0,0.0,0.0,1.0,0.0
PP133,g1,1828,0,0.975,0.175939,0.170654,-0.969496,0.028547,0.169732,-0.985077,0.104,0.172,241.8,243.1,246.4,249.6,251.0,249.9,246.4,243.1,237.6,239.5,242.4,245.9,249.5,252.2,254.1,251.9,248.9,245.6,242.4,239.6,245.0,246.4,247.8,248.4,247.8,246.4,245.0,244.4,280.1,281.0,283.8,286.9,288.4,287.5,284.7,281.4,277.0,279.0,281.7,285.0,288.1,290.2,291.5,290.3,288.3,285.7,282.6,279.4,282.9,284.2,285.5,285.9,285.2,283.9,282.6,282.2,161.3,157.9,156.6,157.9,161.2,164.8,165.9,164.6,162.8,160.9,159.7,159.1,159.7,161.2,163.4,164.6,165.0,165.2,165.0,164.2,162.8,163.4,162.8,161.3,159.9,159.3,159.9,161.3,160.4,157.1,155.7,156.8,160.0,163.2,164.7,163.8,162.8,160.5,158.8,158.0,158.4,159.5,161.3,162.8,163.6,164.1,164.0,163.8,161.7,162.3,161.6,160.2,158.8,158.3,159.0,160.4,-10.5,-8.8,-4.6,-0.5,1.2,-0.2,-4.6,-8.8,-16.1,-13.5,-9.8,-5.2,-0.7,2.8,5.2,2.4,-1.5,-5.7,-9.8,-13.4,-6.4,-4.6,-2.8,-2.0,-2.8,-4.6,-6.4,-7.2,39.5,40.8,44.7,48.8,50.9,49.6,45.7,41.2,35.5,38.0,41.5,46.0,50.3,53.5,55.5,53.6,50.7,47.0,42.8,38.7,43.4,45.2,46.9,47.5,46.6,44.7,43.1,42.5,-33.7,-38.0,-39.7,-38.0,-33.7,-29.1,-27.7,-29.4,-32.0,-34.2,-35.6,-36.3,-35.6,-33.7,-31.1,-29.4,-28.8,-28.5,-28.9,-29.9,-31.8,-31.0,-31.8,-33.6,-35.5,-36.3,-35.5,-33.6,-35.6,-39.9,-42.0,-40.6,-36.5,-32.1,-30.0,-31.1,-32.5,-35.4,-37.6,-38.8,-38.4,-37.2,-35.0,-32.8,-31.5,-30.8,-30.8,-31.2,-33.9,-33.3,-34.2,-36.1,-37.9,-38.6,-37.7,-35.7,501.3,501.7,501.7,501.4,500.9,500.7,500.5,500.8,505.6,503.0,500.5,499.2,499.7,501.0,502.6,501.1,499.7,499.4,500.7,503.0,501.8,501.6,501.6,501.8,502.0,502.2,502.2,502.0,512.9,514.0,515.6,516.8,516.9,515.9,514.3,513.2,513.4,512.6,512.4,513.4,516.0,519.4,522.7,519.5,516.2,513.7,512.6,512.8,514.9,515.4,516.1,516.6,516.5,516.0,515.3,514.8,25.6,-2.0,644.2,0.185,-0.154,0.006,218.6,219.2,221.1,223.8,228.4,235.5,244.2,254.6,265.3,274.2,280.7,286.5,291.6,295.3,297.8,299.6,300.2,227.9,234.3,243.0,251.7,259.6,275.3,282.2,288.8,295.2,299.2,267.8,268.8,269.9,270.9,259.7,264.3,268.9,273.1,276.6,237.4,242.7,249.0,254.2,248.9,242.5,277.0,282.0,287.7,291.6,288.3,282.6,251.0,258.4,264.6,268.4,272.3,276.9,280.8,277.1,272.5,268.3,264.2,258.1,254.1,264.3,268.1,272.1,278.6,272.1,268.2,264.2,162.1,173.9,185.5,196.6,207.3,216.7,224.5,230.4,231.8,229.7,223.4,215.2,206.0,195.6,184.7,173.3,161.8,155.1,150.1,148.8,150.1,152.9,152.3,149.1,147.6,148.4,152.8,161.4,169.3,177.3,185.4,190.5,192.0,193.2,191.8,190.0,162.7,159.6,159.6,163.5,165.0,165.2,162.9,158.6,158.4,161.2,163.8,164.0,206.3,203.7,202.0,203.1,201.8,203.2,205.2,210.3,212.5,213.1,212.8,211.0,206.5,205.8,206.0,205.4,205.7,206.7,207.3,207.0,-54.2,-53.4,-50.5,-45.9,-37.8,-25.4,-10.0,7.9,26.1,41.8,54.1,65.6,75.3,81.9,86.0,88.9,89.8,-36.3,-25.6,-11.3,2.7,15.3,40.9,52.5,64.2,75.9,83.8,28.6,30.0,31.4,32.8,15.7,23.0,30.4,37.2,43.2,-20.6,-12.0,-1.6,6.9,-1.8,-12.2,44.7,53.2,63.1,70.3,64.1,54.3,1.7,13.7,23.7,29.7,36.2,44.3,51.7,44.7,36.8,29.8,23.0,13.2,6.8,23.2,29.5,36.0,47.7,36.1,29.5,23.1,-43.8,-23.6,-3.6,16.0,34.7,50.8,63.9,73.2,75.4,72.8,63.2,49.8,33.4,14.7,-5.1,-25.4,-46.0,-53.3,-60.8,-62.4,-59.9,-55.3,-56.8,-62.7,-66.0,-65.5,-59.2,-42.1,-29.0,-16.2,-3.3,4.8,7.2,9.1,6.9,4.1,-40.7,-45.6,-45.6,-39.3,-36.8,-36.5,-40.8,-48.1,-48.6,-44.4,-39.7,-39.0,31.0,26.3,23.5,25.2,23.3,25.9,29.8,37.7,40.8,41.6,41.2,38.3,31.3,29.7,30.1,29.3,30.4,31.3,32.3,31.7,674.0,677.6,681.7,684.3,684.0,681.0,674.9,666.2,664.7,673.5,688.5,700.8,706.1,705.3,703.0,700.3,699.0,642.1,635.3,630.2,626.2,624.1,630.7,637.7,646.3,655.5,665.7,629.4,623.5,617.1,611.2,628.6,627.0,626.3,629.5,633.5,641.4,638.1,638.2,639.5,638.6,638.5,647.5,649.7,653.4,659.7,653.9,650.2,646.3,635.2,631.5,632.5,634.3,643.1,656.2,644.8,637.7,635.4,634.8,637.9,643.8,634.6,635.1,637.6,652.2,637.3,634.9,634.6,0.601,0.195,-0.204,0.015,265.47,186.127,-4.635,5.839,-13.196,21.15,2.532,3.065,-4.337,4.808,5.583,-4.516,-1.089,1.257,0.144,-1.44,-0.076,-0.235,0.616,1.349,-0.925,-0.677,0.072,0.023,-0.191,-0.462,0.253,-0.059,0.145,0.024,-0.081,-0.007,-0.02,-0.015,0.007,-0.006,0.63,0.0,0.0,1.03,0.0,0.0,0.0,0.0,0.0,0.0,0.0,0.0,0.0,0.0,0.0,0.31,0.0,0.0,1.0,0.0,1.0,0.0,0.0,0.0,0.0,0.0,0.0,0.0,0.0,0.0,0.0,0.0,0.0,1.0,0.0
PP133,g1,1834,0,0.975,0.181409,0.183841,-0.966071,0.02854,0.182525,-0.982787,0.107,0.186,241.6,242.9,246.2,249.4,250.7,249.6,246.1,242.9,237.3,239.2,242.1,245.7,249.2,251.9,253.8,251.6,248.6,245.3,242.1,239.3,244.7,246.1,247.6,248.2,247.6,246.2,244.8,244.2,279.9,280.8,283.6,286.7,288.2,287.3,284.5,281.1,276.8,278.7,281.4,284.8,287.8,290.0,291.3,290.1,288.1,285.5,282.4,279.2,282.7,284.0,285.3,285.7,285.0,283.7,282.4,282.0,161.2,157.9,156.5,157.9,161.2,164.7,165.9,164.5,162.7,160.8,159.6,159.0,159.7,161.2,163.4,164.5,165.0,165.2,164.9,164.1,162.7,163.3,162.7,161.3,159.8,159.2,159.8,161.3,160.5,157.2,155.7,156.9,160.0,163.3,164.7,163.8,162.8,160.5,158.9,158.0,158.4,159.5,161.3,162.8,163.7,164.1,164.1,163.8,161.8,162.3,161.6,160.2,158.8,158.3,159.0,160.4,-10.8,-9.1,-4.9,-0.8,0.9,-0.5,-5.0,-9.1,-16.5,-13.8,-10.1,-5.5,-1.0,2.5,4.9,2.1,-1.8,-6.0,-10.1,-13.8,-6.8,-5.0,-3.1,-2.4,-3.1,-4.9,-6.7,-7.5,39.2,40.5,44.4,48.6,50.6,49.3,45.4,40.9,35.2,37.7,41.2,45.8,50.0,53.2,55.2,53.4,50.4,46.7,42.5,38.4,43.1,44.9,46.6,47.2,46.3,44.5,42.8,42.2,-33.8,-38.1,-39.8,-38.0,-33.8,-29.2,-27.7,-29.5,-32.1,-34.4,-35.8,-36.4,-35.6,-33.7,-31.1,-29.5,-28.8,-28.6,-29.0,-30.1,-31.9,-31.1,-31.8,-33.7,-35.6,-36.4,-35.6,-33.7,-35.5,-39.9,-42.0,-40.5,-36.4,-32.0,-30.0,-31.1,-32.5,-35.4,-37.6,-38.8,-38.4,-37.2,-35.0,-32.8,-31.5,-30.8,-30.7,-31.1,-33.9,-33.3,-34.2,-36.1,-37.9,-38.5,-37.6,-35.7,501.4,501.8,501.9,501.5,501.0,500.9,500.6,500.9,505.6,503.0,500.6,499.4,499.9,501.2,502.9,501.3,499.8,499.6,500.7,503.0,501.9,501.8,501.8,502.0,502.2,502.3,502.3,502.1,513.0,514.0,515.6,516.8,517.0,516.0,514.5,513.3,513.5,512.7,512.5,513.4,516.0,519.5,522.8,519.5,516.3,513.9,512.7,512.9,515.0,515.5,516.2,516.6,516.6,516.0,515.3,514.9,24.8,-2.3,645.7,0.207,-0.158,0.015,218.3,218.7,220.5,223.0,227.5,234.5,243.2,253.6,264.2,273.1,279.7,285.7,291.0,294.9,297.4,299.3,300.0,227.7,234.1,242.8,251.6,259.5,275.1,282.0,288.7,295.1,299.1,267.5,268.5,269.5,270.5,259.3,263.8,268.4,272.5,276.1,237.1,242.4,248.8,253.9,248.6,242.2,276.7,281.8,287.5,291.4,288.0,282.4,250.2,257.7,264.0,267.7,271.6,276.3,280.2,276.3,271.7,267.5,263.4,257.2,253.3,263.6,267.5,271.4,278.0,271.4,267.4,263.5,161.6,173.2,184.7,195.8,206.4,215.7,223.6,229.6,231.1,229.1,222.7,214.6,205.4,195.1,184.1,172.9,161.3,154.8,150.0,148.8,150.2,153.0,152.4,149.2,147.7,148.5,152.8,161.5,169.5,177.4,185.5,190.4,191.9,193.1,191.8,190.1,162.6,159.5,159.6,163.5,164.9,165.1,162.9,158.6,158.5,161.2,163.8,164.1,205.8,203.5,201.9,203.0,201.7,203.1,205.0,210.2,212.5,213.1,212.8,210.8,206.1,205.6,205.9,205.4,205.5,206.7,207.3,207.0,-54.7,-54.2,-51.6,-47.3,-39.4,-27.1,-11.8,6.1,24.3,39.9,52.4,64.2,74.3,81.2,85.6,88.6,89.6,-36.7,-25.8,-11.6,2.5,15.1,40.6,52.2,64.0,75.7,83.6,28.2,29.5,30.8,32.1,14.9,22.2,29.6,36.4,42.4,-21.1,-12.4,-2.0,6.4,-2.3,-12.7,44.4,52.9,62.7,70.0,63.7,53.9,0.3,12.6,22.7,28.8,35.2,43.4,50.9,43.6,35.6,28.6,21.9,11.8,5.4,22.2,28.5,35.0,46.9,35.0,28.4,22.0,-44.7,-24.7,-4.9,14.6,33.1,49.3,62.5,72.1,74.5,71.9,62.2,48.7,32.3,13.7,-6.1,-26.3,-47.0,-53.7,-61.0,-62.4,-59.9,-55.2,-56.7,-62.6,-65.9,-65.5,-59.2,-41.9,-28.8,-16.0,-3.1,4.7,7.2,9.1,6.9,4.2,-40.9,-45.8,-45.6,-39.3,-36.9,-36.7,-40.8,-48.1,-48.6,-44.4,-39.6,-39.0,30.4,26.1,23.4,25.1,23.2,25.8,29.4,37.7,41.0,41.8,41.2,38.1,30.8,29.5,30.0,29.2,30.1,31.4,32.3,31.7,673.9,677.6,681.9,684.9,685.0,682.5,676.9,668.6,667.3,675.9,690.5,702.5,707.8,707.0,704.7,702.0,700.5,642.2,635.3,630.3,626.3,624.4,630.9,637.9,646.4,655.6,665.8,629.9,624.2,618.1,612.5,629.8,628.4,627.8,631.0,634.9,641.7,638.3,638.5,639.9,639.0,638.9,647.9,649.9,653.7,660.0,654.3,650.6,648.3,637.2,633.3,634.3,636.1,645.0,658.3,647.1,640.0,637.8,637.1,640.2,645.9,636.5,637.0,639.4,654.4,639.3,636.9,636.6,0.6,0.215,-0.207,0.025,264.954,185.92,-5.169,3.932,-12.473,19.671,3.599,2.309,-4.264,4.028,5.454,-3.749,-1.098,1.641,0.437,-1.649,-0.511,-0.104,0.684,1.277,-0.807,-0.621,0.185,-0.179,-0.109,-0.217,0.267,-0.177,0.179,0.002,-0.081,-0.002,-0.021,-0.0,0.007,-0.006,0.4,0.0,0.0,0.98,0.0,0.0,0.05,0.0,0.0,0.24,0.0,0.0,0.0,0.0,0.0,0.08,0.0,0.0,1.0,0.0,1.0,0.0,0.0,0.0,0.0,0.0,0.0,0.0,0.0,0.0,0.0,0.0,0.0,1.0,0.0
PP133,g1,1840,0,0.975,0.176886,0.19004,-0.96571,0.023837,0.188158,-0.981849,0.103,0.192,241.4,242.8,246.0,249.3,250.6,249.4,246.0,242.7,237.2,239.1,242.0,245.5,249.1,251.8,253.6,251.5,248.4,245.1,242.0,239.2,244.6,246.0,247.4,248.0,247.4,246.0,244.6,244.0,279.7,280.6,283.4,286.5,288.0,287.1,284.3,281.0,276.6,278.5,281.2,284.6,287.6,289.8,291.1,289.9,287.9,285.3,282.2,279.0,282.5,283.8,285.1,285.5,284.8,283.5,282.2,281.8,161.1,157.8,156.5,157.8,161.1,164.7,165.8,164.4,162.6,160.7,159.5,158.9,159.6,161.1,163.3,164.5,164.9,165.1,164.8,164.1,162.6,163.2,162.6,161.2,159.8,159.2,159.8,161.2,160.3,157.0,155.5,156.6,159.8,163.0,164.6,163.7,162.6,160.4,158.7,157.8,158.2,159.3,161.1,162.6,163.5,163.9,163.9,163.7,161.6,162.1,161.4,160.0,158.6,158.1,158.8,160.2,-11.0,-9.3,-5.1,-1.0,0.7,-0.7,-5.2,-9.3,-16.7,-14.0,-10.3,-5.7,-1.2,2.3,4.7,1.9,-2.0,-6.2,-10.3,-14.0,-7.0,-5.1,-3.3,-2.6,-3.3,-5.1,-6.9,-7.7,39.0,40.3,44.1,48.3,50.3,49.0,45.2,40.7,35.0,37.5,41.0,45.5,49.7,52.9,55.0,53.1,50.1,46.4,42.3,38.1,42.8,44.7,46.4,46.9,46.0,44.2,42.5,42.0,-34.0,-38.3,-40.0,-38.2,-33.9,-29.4,-27.9,-29.7,-32.4,-34.6,-36.0,-36.6,-35.8,-33.9,-31.2,-29.6,-29.0,-28.7,-29.2,-30.3,-32.1,-31.3,-32.0,-33.9,-35.8,-36.6,-35.8,-33.9,-35.8,-40.1,-42.2,-40.8,-36.7,-32.3,-30.2,-31.3,-32.7,-35.6,-37.8,-39.0,-38.7,-37.5,-35.4,-33.1,-31.7,-31.0,-31.0,-31.3,-34.2,-33.5,-34.4,-36.4,-38.2,-38.8,-37.9,-36.0,503.1,503.5,503.5,503.2,502.7,502.6,502.3,502.6,507.4,504.7,502.3,501.0,501.5,502.9,504.5,503.0,501.5,501.3,502.5,504.8,503.6,503.4,503.5,503.6,503.8,504.0,504.0,503.8,513.1,514.0,515.6,516.8,517.1,516.1,514.6,513.4,513.6,512.8,512.5,513.5,516.1,519.5,522.9,519.6,516.3,514.0,512.9,513.0,515.1,515.6,516.3,516.7,516.6,516.1,515.4,515.0,25.0,-2.8,649.5,0.218,-0.145,0.003,218.0,218.7,220.6,223.5,228.4,235.7,244.6,254.7,265.2,274.0,280.5,286.4,291.5,295.2,297.5,299.2,299.7,227.5,234.0,242.6,251.3,259.3,275.0,281.8,288.4,294.8,298.7,267.5,268.4,269.3,270.3,259.2,263.7,268.3,272.4,276.0,237.0,242.3,248.6,253.7,248.5,242.1,276.6,281.6,287.3,291.2,287.8,282.2,250.2,257.6,263.9,267.6,271.4,276.1,280.0,276.1,271.5,267.3,263.2,257.1,253.1,263.5,267.3,271.2,277.8,271.2,267.3,263.4,161.5,173.4,185.0,196.2,206.8,215.9,223.4,228.9,230.1,227.7,221.0,212.8,203.6,193.6,183.1,172.3,161.1,154.7,149.9,148.7,150.0,152.9,152.2,149.0,147.5,148.2,152.4,161.4,169.4,177.3,185.4,190.3,191.8,193.0,191.6,189.8,162.5,159.4,159.5,163.4,164.9,165.0,162.8,158.4,158.3,161.0,163.6,163.9,205.5,203.3,201.7,202.7,201.5,202.8,204.5,209.8,212.2,212.8,212.5,210.5,205.8,205.4,205.6,205.0,205.1,206.4,207.1,206.7,-55.6,-54.8,-51.8,-47.0,-38.3,-25.2,-9.5,8.1,26.1,41.7,54.2,65.8,75.4,81.9,85.9,88.7,89.4,-37.2,-26.2,-11.9,2.2,14.9,40.6,52.2,63.9,75.6,83.4,28.3,29.5,30.8,32.0,14.9,22.2,29.5,36.4,42.4,-21.4,-12.6,-2.2,6.2,-2.5,-13.0,44.3,52.8,62.7,70.0,63.7,53.8,0.3,12.4,22.6,28.7,35.1,43.3,50.9,43.5,35.4,28.5,21.7,11.7,5.2,22.2,28.5,35.0,46.8,34.9,28.4,22.0,-45.2,-24.8,-4.4,15.5,34.1,50.0,62.7,71.4,73.2,70.0,59.5,45.7,29.3,11.1,-7.9,-27.4,-47.4,-54.2,-61.4,-63.0,-60.4,-55.6,-57.3,-63.1,-66.5,-66.3,-60.2,-42.3,-29.1,-16.2,-3.2,4.6,6.9,8.8,6.7,3.8,-41.3,-46.1,-46.0,-39.6,-37.2,-37.0,-41.2,-48.6,-49.2,-45.0,-40.1,-39.5,30.2,25.9,23.2,24.9,22.9,25.4,28.9,37.2,40.7,41.6,41.1,38.0,30.5,29.3,29.8,28.9,29.6,31.1,32.1,31.6,679.7,684.0,688.7,691.5,691.1,688.0,681.7,673.2,671.8,680.3,694.5,705.7,709.9,708.3,705.8,703.4,702.2,645.8,638.8,633.6,629.3,627.1,633.9,641.0,649.5,658.7,669.0,633.1,627.5,621.4,615.9,633.6,632.1,631.5,634.5,638.2,645.2,641.6,641.7,643.1,642.3,642.3,651.2,653.1,656.8,663.3,657.5,653.9,652.7,641.7,637.4,638.4,640.3,649.2,662.5,651.5,644.6,642.2,641.5,644.7,650.3,640.7,641.3,643.8,658.6,643.8,641.3,641.0,0.596,0.225,-0.19,0.012,264.965,185.616,-6.108,10.562,-12.48,19.359,6.705,2.339,-5.036,3.517,4.818,-2.904,0.086,1.45,0.969,-1.65,-0.85,0.085,0.67,1.396,-0.888,-0.676,0.254,-0.215,-0.198,-0.325,0.229,-0.188,0.142,0.029,-0.092,0.003,-0.025,0.012,0.007,0.004,0.58,0.01,0.0,1.07,0.0,0.0,0.0,0.0,0.0,0.05,0.0,0.0,0.0,0.0,0.0,0.0,0.0,0.0,1.0,0.0,1.0,0.0,0.0,0.0,0.0,0.0,0.0,0.0,0.0,0.0,0.0,0.0,0.0,1.0,0.0
PP133,g1,1846,0,0.975,0.180704,0.189505,-0.965108,0.026738,0.188444,-0.98172,0.106,0.192,241.4,242.8,246.0,249.3,250.6,249.5,246.0,242.8,237.2,239.1,242.0,245.6,249.1,251.8,253.7,251.5,248.5,245.2,242.0,239.2,244.6,246.0,247.4,248.0,247.5,246.0,244.6,244.0,279.7,280.7,283.5,286.6,288.1,287.2,284.3,281.0,276.7,278.6,281.3,284.7,287.7,289.8,291.1,290.0,288.0,285.4,282.3,279.1,282.6,283.9,285.1,285.5,284.9,283.5,282.3,281.9,161.1,157.8,156.5,157.8,161.1,164.7,165.8,164.4,162.6,160.8,159.5,159.0,159.6,161.1,163.3,164.5,164.9,165.1,164.9,164.1,162.7,163.3,162.7,161.2,159.8,159.2,159.8,161.2,160.2,156.9,155.4,156.6,159.7,163.0,164.5,163.6,162.6,160.3,158.6,157.7,158.1,159.2,161.0,162.5,163.4,163.8,163.8,163.6,161.5,162.0,161.3,159.9,158.6,158.1,158.7,160.1,-11.0,-9.3,-5.1,-0.9,0.8,-0.7,-5.1,-9.3,-16.6,-14.0,-10.3,-5.7,-1.1,2.3,4.7,1.9,-2.0,-6.2,-10.3,-14.0,-6.9,-5.1,-3.3,-2.5,-3.3,-5.1,-6.9,-7.7,39.1,40.4,44.2,48.4,50.4,49.1,45.3,40.8,35.1,37.5,41.1,45.6,49.8,53.0,55.1,53.2,50.2,46.5,42.4,38.2,42.9,44.8,46.5,47.0,46.1,44.3,42.6,42.1,-33.9,-38.2,-39.9,-38.2,-33.9,-29.3,-27.9,-29.6,-32.3,-34.5,-35.9,-36.5,-35.7,-33.9,-31.2,-29.6,-28.9,-28.6,-29.1,-30.2,-32.0,-31.2,-32.0,-33.8,-35.7,-36.5,-35.7,-33.8,-35.9,-40.2,-42.4,-41.0,-36.8,-32.5,-30.4,-31.4,-32.8,-35.7,-37.9,-39.1,-38.8,-37.7,-35.5,-33.3,-31.9,-31.1,-31.1,-31.4,-34.3,-33.7,-34.6,-36.5,-38.3,-38.9,-38.0,-36.1,502.3,502.6,502.7,502.4,501.9,501.8,501.5,501.8,506.5,503.9,501.4,500.2,500.7,502.1,503.7,502.2,500.7,500.5,501.6,503.9,502.8,502.6,502.7,502.8,503.0,503.2,503.1,503.0,513.3,514.3,515.8,517.1,517.3,516.4,514.8,513.7,513.8,513.0,512.8,513.7,516.3,519.8,523.1,519.9,516.6,514.2,513.1,513.3,515.3,515.9,516.5,517.0,516.9,516.3,515.6,515.2,25.1,-3.0,649.6,0.217,-0.151,0.001,218.0,218.6,220.5,223.4,228.3,235.7,244.6,254.8,265.3,274.0,280.5,286.4,291.5,295.2,297.6,299.3,299.7,227.6,234.0,242.7,251.4,259.4,275.0,281.8,288.4,294.8,298.8,267.5,268.4,269.5,270.5,259.4,263.9,268.4,272.5,276.1,237.0,242.3,248.6,253.8,248.5,242.1,276.6,281.6,287.3,291.3,287.9,282.2,250.4,257.8,264.1,267.8,271.6,276.2,280.2,276.3,271.7,267.6,263.5,257.4,253.4,263.8,267.6,271.4,277.9,271.4,267.5,263.7,161.7,173.4,185.0,196.1,206.6,215.7,223.2,228.7,229.8,227.5,220.8,212.6,203.5,193.5,183.0,172.1,160.9,154.7,149.9,148.7,150.0,152.9,152.2,148.9,147.4,148.1,152.2,161.4,169.3,177.2,185.2,190.2,191.7,192.8,191.4,189.7,162.5,159.5,159.5,163.4,164.9,165.1,162.7,158.3,158.2,160.9,163.6,163.8,205.5,203.2,201.6,202.6,201.4,202.7,204.4,209.6,211.9,212.6,212.3,210.4,205.8,205.3,205.5,204.9,204.9,206.1,206.8,206.5,-55.7,-54.9,-51.9,-47.1,-38.4,-25.3,-9.4,8.3,26.3,41.9,54.3,65.8,75.5,82.0,86.0,88.8,89.5,-37.1,-26.1,-11.8,2.3,15.1,40.6,52.2,63.9,75.6,83.5,28.4,29.6,31.0,32.3,15.2,22.5,29.8,36.6,42.6,-21.4,-12.6,-2.2,6.2,-2.5,-13.0,44.4,52.9,62.8,70.1,63.8,54.0,0.7,12.9,23.0,29.0,35.4,43.6,51.1,43.9,35.8,28.9,22.2,12.2,5.7,22.6,28.8,35.3,47.1,35.2,28.8,22.4,-44.9,-24.6,-4.4,15.3,33.8,49.6,62.3,71.0,72.8,69.6,59.2,45.5,29.1,10.9,-8.2,-27.9,-47.9,-54.2,-61.4,-62.9,-60.4,-55.6,-57.4,-63.3,-66.8,-66.5,-60.4,-42.4,-29.3,-16.4,-3.6,4.4,6.7,8.6,6.4,3.6,-41.2,-46.1,-46.0,-39.6,-37.2,-36.9,-41.4,-48.8,-49.4,-45.2,-40.3,-39.6,30.1,25.8,23.0,24.7,22.7,25.2,28.6,36.9,40.3,41.2,40.8,37.7,30.4,29.2,29.6,28.7,29.4,30.7,31.8,31.2,679.4,683.6,688.2,691.0,690.7,687.7,681.5,673.2,671.9,680.5,694.8,706.2,710.6,709.2,706.7,704.3,703.1,645.7,638.8,633.6,629.4,627.3,634.0,641.2,649.8,659.0,669.4,633.3,627.7,621.6,616.0,633.6,632.3,631.7,634.7,638.5,645.3,641.8,641.9,643.3,642.5,642.4,651.4,653.4,657.2,663.8,657.9,654.2,652.6,641.6,637.4,638.5,640.3,649.3,662.6,651.5,644.5,642.2,641.5,644.7,650.2,640.7,641.3,643.8,658.7,643.7,641.2,640.9,0.596,0.223,-0.197,0.011,265.06,185.508,-4.892,9.412,-12.882,18.951,6.612,1.957,-5.045,3.563,4.804,-2.952,0.125,1.412,0.761,-1.867,-1.016,0.098,0.592,1.306,-0.737,-0.653,0.236,-0.189,-0.251,-0.387,0.21,-0.177,0.136,0.035,-0.095,-0.001,-0.024,0.006,0.005,0.003,0.75,0.25,0.0,0.49,0.0,0.0,0.0,0.0,0.0,0.14,0.0,0.0,0.0,0.0,0.0,0.0,0.0,1.0,1.0,0.0,1.0,0.0,0.0,0.0,0.0,0.0,0.0,0.0,0.0,0.0,0.0,0.0,0.0,1.0,0.0
PP133,g1,1852,0,0.975,0.180227,0.190829,-0.964937,0.026817,0.1894,-0.981534,0.106,0.193,241.6,242.9,246.2,249.4,250.7,249.6,246.1,242.9,237.3,239.3,242.1,245.7,249.2,251.9,253.8,251.6,248.6,245.3,242.1,239.3,244.7,246.2,247.6,248.2,247.6,246.2,244.8,244.2,279.8,280.7,283.5,286.6,288.1,287.2,284.4,281.1,276.7,278.7,281.3,284.7,287.7,289.9,291.2,290.0,288.0,285.4,282.3,279.1,282.6,284.0,285.2,285.6,284.9,283.6,282.3,281.9,161.0,157.7,156.3,157.7,161.0,164.6,165.7,164.3,162.5,160.6,159.4,158.8,159.5,161.0,163.2,164.4,164.8,165.0,164.7,164.0,162.5,163.1,162.5,161.1,159.6,159.0,159.6,161.1,160.1,156.8,155.3,156.5,159.6,162.9,164.4,163.5,162.5,160.2,158.5,157.7,158.0,159.1,160.9,162.4,163.3,163.8,163.7,163.5,161.4,161.9,161.3,159.8,158.5,158.0,158.6,160.1,-10.8,-9.1,-4.9,-0.8,0.9,-0.5,-5.0,-9.1,-16.5,-13.9,-10.1,-5.5,-1.0,2.5,4.9,2.1,-1.8,-6.0,-10.1,-13.8,-6.8,-5.0,-3.1,-2.4,-3.1,-4.9,-6.8,-7.5,39.2,40.5,44.3,48.5,50.6,49.2,45.4,40.9,35.2,37.7,41.2,45.7,49.9,53.1,55.2,53.3,50.3,46.7,42.5,38.3,43.1,44.9,46.6,47.1,46.3,44.4,42.7,42.2,-34.1,-38.4,-40.1,-38.4,-34.1,-29.5,-28.1,-29.8,-32.5,-34.7,-36.1,-36.7,-35.9,-34.1,-31.4,-29.8,-29.1,-28.8,-29.3,-30.4,-32.2,-31.4,-32.2,-34.0,-35.9,-36.7,-35.9,-34.1,-36.0,-40.4,-42.5,-41.1,-37.0,-32.6,-30.5,-31.6,-33.0,-35.9,-38.1,-39.3,-39.0,-37.8,-35.7,-33.4,-32.0,-31.3,-31.2,-31.6,-34.4,-33.8,-34.7,-36.7,-38.5,-39.1,-38.2,-36.2,502.9,503.2,503.3,502.9,502.5,502.4,502.1,502.4,507.1,504.5,502.0,500.8,501.3,502.7,504.3,502.8,501.3,501.1,502.2,504.5,503.4,503.2,503.2,503.4,503.6,503.7,503.7,503.6,513.9,514.8,516.4,517.6,517.9,516.9,515.4,514.2,514.4,513.6,513.3,514.2,516.9,520.3,523.7,520.4,517.2,514.8,513.7,513.8,515.9,516.4,517.1,517.5,517.4,516.9,516.2,515.8,25.3,-3.1,649.6,0.218,-0.15,0.002,218.1,218.7,220.6,223.5,228.4,235.8,244.7,254.9,265.3,274.1,280.6,286.5,291.6,295.2,297.6,299.3,299.8,227.7,234.1,242.8,251.5,259.5,275.1,281.9,288.5,294.9,298.8,267.6,268.5,269.6,270.6,259.4,264.0,268.5,272.6,276.2,237.2,242.4,248.8,253.9,248.6,242.2,276.7,281.7,287.4,291.3,287.9,282.3,250.5,257.9,264.2,267.8,271.7,276.3,280.2,276.4,271.8,267.7,263.6,257.4,253.5,263.8,267.6,271.5,278.0,271.5,267.6,263.7,161.4,173.2,184.8,196.0,206.5,215.6,223.2,228.7,229.8,227.4,220.8,212.6,203.4,193.4,182.9,172.0,160.9,154.6,149.8,148.6,149.9,152.7,152.1,148.9,147.3,148.0,152.1,161.3,169.2,177.1,185.2,190.1,191.6,192.7,191.4,189.6,162.4,159.3,159.4,163.3,164.8,164.9,162.6,158.3,158.1,160.8,163.5,163.7,205.4,203.1,201.5,202.5,201.3,202.6,204.3,209.6,211.9,212.5,212.3,210.3,205.7,205.2,205.5,204.8,204.9,206.1,206.8,206.5,-55.5,-54.7,-51.7,-46.9,-38.2,-25.0,-9.3,8.4,26.4,42.0,54.4,66.0,75.6,82.0,86.0,88.8,89.5,-36.9,-25.9,-11.7,2.5,15.2,40.7,52.3,64.1,75.7,83.6,28.6,29.8,31.1,32.4,15.3,22.6,29.9,36.8,42.8,-21.2,-12.4,-2.0,6.4,-2.3,-12.8,44.5,53.0,62.9,70.2,63.9,54.1,0.9,13.0,23.1,29.2,35.5,43.7,51.2,44.0,35.9,29.0,22.3,12.3,5.8,22.7,28.9,35.4,47.2,35.4,28.9,22.5,-45.4,-25.1,-4.8,15.0,33.7,49.6,62.2,71.0,72.8,69.6,59.2,45.3,29.0,10.8,-8.3,-27.9,-47.9,-54.4,-61.7,-63.2,-60.6,-55.8,-57.5,-63.4,-66.9,-66.7,-60.6,-42.5,-29.4,-16.6,-3.7,4.3,6.6,8.5,6.3,3.4,-41.5,-46.3,-46.2,-39.8,-37.4,-37.1,-41.5,-48.9,-49.5,-45.4,-40.5,-39.8,30.0,25.6,22.8,24.5,22.5,25.0,28.6,36.8,40.3,41.2,40.7,37.7,30.3,29.0,29.5,28.6,29.3,30.6,31.7,31.1,679.4,683.7,688.4,691.2,690.9,687.8,681.6,673.2,671.9,680.6,694.9,706.2,710.5,709.0,706.5,704.0,702.8,645.6,638.7,633.5,629.4,627.3,634.1,641.2,649.8,659.0,669.4,633.3,627.7,621.6,616.1,633.7,632.3,631.7,634.8,638.5,645.2,641.7,641.8,643.2,642.4,642.3,651.5,653.5,657.3,663.8,658.0,654.3,652.6,641.5,637.4,638.5,640.4,649.3,662.6,651.5,644.6,642.2,641.5,644.6,650.1,640.8,641.3,643.9,658.6,643.8,641.3,640.9,0.596,0.224,-0.196,0.012,265.137,185.417,-5.309,10.109,-13.019,19.253,6.275,1.95,-4.952,3.815,4.836,-3.114,-0.026,1.447,0.782,-1.631,-0.941,0.049,0.577,1.279,-0.816,-0.743,0.288,-0.239,-0.26,-0.402,0.263,-0.169,0.14,0.038,-0.089,-0.003,-0.021,0.006,0.008,-0.0,0.42,0.11,0.0,0.74,0.0,0.0,0.0,0.0,0.0,0.3,0.0,0.0,0.0,0.0,0.0,0.0,0.0,0.0,1.0,0.0,1.0,0.0,0.0,0.0,0.0,0.0,0.0,0.0,0.0,0.0,0.0,0.0,0.0,1.0,0.0
PP133,g1,1858,0,0.975,0.180476,0.189364,-0.965178,0.027879,0.188063,-0.981761,0.107,0.191,241.4,242.8,246.0,249.3,250.6,249.4,246.0,242.8,237.2,239.1,242.0,245.5,249.1,251.8,253.6,251.5,248.4,245.2,242.0,239.2,244.6,246.0,247.4,248.0,247.4,246.0,244.6,244.0,279.6,280.6,283.4,286.4,288.0,287.0,284.2,280.9,276.5,278.5,281.2,284.6,287.6,289.7,291.0,289.8,287.9,285.2,282.1,279.0,282.4,283.8,285.0,285.4,284.8,283.4,282.2,281.8,160.9,157.6,156.2,157.6,160.9,164.5,165.6,164.2,162.4,160.5,159.3,158.7,159.4,160.9,163.1,164.3,164.7,164.9,164.6,163.9,162.4,163.0,162.4,161.0,159.5,158.9,159.5,161.0,160.0,156.8,155.3,156.4,159.5,162.8,164.3,163.4,162.4,160.1,158.4,157.6,158.0,159.1,160.8,162.4,163.3,163.7,163.7,163.4,161.4,161.9,161.2,159.8,158.4,157.9,158.6,160.0,-11.0,-9.3,-5.1,-1.0,0.7,-0.7,-5.2,-9.3,-16.7,-14.0,-10.3,-5.7,-1.2,2.3,4.7,1.9,-2.0,-6.2,-10.3,-14.0,-6.9,-5.1,-3.3,-2.5,-3.3,-5.1,-6.9,-7.7,39.0,40.2,44.1,48.3,50.3,49.0,45.1,40.6,34.9,37.4,41.0,45.5,49.7,52.9,54.9,53.1,50.1,46.4,42.2,38.1,42.8,44.6,46.3,46.9,46.0,44.2,42.5,41.9,-34.2,-38.5,-40.3,-38.5,-34.2,-29.6,-28.2,-30.0,-32.6,-34.8,-36.2,-36.9,-36.1,-34.2,-31.5,-29.9,-29.2,-29.0,-29.4,-30.5,-32.3,-31.5,-32.3,-34.2,-36.0,-36.8,-36.1,-34.2,-36.1,-40.5,-42.6,-41.2,-37.0,-32.7,-30.6,-31.7,-33.1,-36.0,-38.2,-39.4,-39.0,-37.9,-35.7,-33.5,-32.1,-31.4,-31.3,-31.7,-34.5,-33.9,-34.8,-36.7,-38.5,-39.1,-38.2,-36.3,502.9,503.2,503.3,503.0,502.5,502.4,502.1,502.4,507.1,504.5,502.0,500.8,501.3,502.7,504.3,502.8,501.3,501.1,502.2,504.5,503.4,503.2,503.2,503.4,503.6,503.7,503.7,503.6,513.6,514.5,516.1,517.4,517.6,516.7,515.1,514.0,514.1,513.3,513.0,514.0,516.6,520.1,523.4,520.2,516.9,514.5,513.4,513.5,515.6,516.1,516.8,517.2,517.1,516.6,515.9,515.5,24.9,-3.2,649.9,0.215,-0.151,0.003,218.0,218.6,220.5,223.4,228.3,235.6,244.4,254.6,265.0,273.8,280.3,286.2,291.3,294.9,297.3,299.0,299.6,227.6,234.1,242.7,251.4,259.3,274.9,281.7,288.3,294.7,298.6,267.4,268.4,269.4,270.4,259.2,263.8,268.3,272.4,275.9,237.0,242.3,248.6,253.8,248.5,242.1,276.5,281.5,287.2,291.2,287.8,282.1,250.3,257.7,264.0,267.6,271.4,276.1,279.9,276.1,271.5,267.4,263.3,257.2,253.3,263.6,267.4,271.2,277.7,271.2,267.4,263.5,161.3,173.2,184.8,196.0,206.6,215.7,223.2,228.7,229.9,227.5,220.9,212.7,203.5,193.4,182.9,172.0,160.8,154.5,149.7,148.4,149.7,152.6,151.9,148.7,147.2,147.9,152.1,161.1,169.0,176.9,185.0,190.0,191.5,192.6,191.3,189.5,162.3,159.2,159.3,163.2,164.7,164.8,162.5,158.2,158.0,160.8,163.4,163.7,205.4,203.0,201.4,202.4,201.2,202.5,204.4,209.6,211.9,212.5,212.3,210.3,205.7,205.1,205.4,204.8,204.9,206.1,206.7,206.4,-55.7,-54.9,-52.0,-47.1,-38.5,-25.4,-9.7,8.0,25.9,41.5,53.9,65.5,75.1,81.6,85.6,88.4,89.2,-37.1,-26.1,-11.8,2.3,15.0,40.5,52.1,63.8,75.4,83.3,28.3,29.5,30.8,32.1,15.0,22.3,29.6,36.4,42.4,-21.4,-12.6,-2.2,6.2,-2.5,-13.0,44.2,52.8,62.7,70.0,63.7,53.8,0.5,12.7,22.8,28.8,35.2,43.4,50.8,43.6,35.5,28.6,21.9,11.9,5.5,22.3,28.6,35.0,46.7,35.0,28.5,22.2,-45.5,-25.1,-4.8,15.1,33.8,49.7,62.4,71.1,72.9,69.7,59.4,45.5,29.1,10.8,-8.4,-28.0,-48.1,-54.6,-61.9,-63.4,-60.9,-56.1,-57.8,-63.7,-67.1,-66.8,-60.7,-42.8,-29.7,-16.8,-3.9,4.1,6.4,8.3,6.1,3.3,-41.7,-46.5,-46.4,-40.0,-37.6,-37.3,-41.7,-49.1,-49.6,-45.5,-40.6,-39.9,29.9,25.5,22.7,24.4,22.4,25.0,28.6,36.9,40.3,41.1,40.7,37.6,30.2,28.9,29.4,28.5,29.4,30.6,31.6,31.1,679.6,683.8,688.5,691.3,690.9,687.9,681.8,673.5,672.2,680.8,695.0,706.3,710.6,709.1,706.6,704.2,703.0,646.0,639.1,634.0,629.9,627.9,634.6,641.8,650.3,659.4,669.6,633.8,628.2,622.1,616.5,634.0,632.7,632.1,635.1,638.9,645.6,642.0,642.2,643.6,642.8,642.7,651.9,653.8,657.6,664.1,658.3,654.6,652.8,641.8,637.7,638.8,640.7,649.5,662.7,651.8,644.8,642.5,641.8,644.9,650.4,641.0,641.6,644.1,658.8,644.0,641.5,641.2,0.596,0.222,-0.197,0.013,264.941,185.367,-6.281,10.004,-13.218,19.65,6.079,1.938,-4.858,3.378,4.639,-3.325,0.008,1.486,0.827,-1.66,-1.036,0.015,0.636,1.3,-0.78,-0.753,0.288,-0.228,-0.265,-0.372,0.243,-0.179,0.139,0.035,-0.095,-0.009,-0.023,0.002,0.005,0.001,0.4,0.0,0.0,0.9,0.0,0.0,0.0,0.0,0.0,0.08,0.0,0.0,0.0,0.0,0.0,0.0,0.0,0.0,1.0,0.0,1.0,0.0,0.0,0.0,0.0,0.0,0.0,0.0,0.0,0.0,0.0,0.0,0.0,1.0,0.0
PP133,g1,1864,0,0.975,0.18027,0.182112,-0.966612,0.027862,0.180882,-0.98311,0.106,0.184,241.1,242.5,245.7,249.0,250.3,249.2,245.7,242.5,236.9,238.8,241.7,245.2,248.8,251.5,253.4,251.2,248.2,244.9,241.7,238.9,244.3,245.7,247.1,247.7,247.2,245.7,244.3,243.7,279.3,280.3,283.1,286.2,287.7,286.8,284.0,280.6,276.3,278.2,280.9,284.3,287.3,289.5,290.8,289.6,287.6,285.0,281.9,278.7,282.2,283.5,284.7,285.1,284.5,283.1,281.9,281.5,160.7,157.4,156.0,157.4,160.7,164.3,165.4,164.0,162.2,160.3,159.1,158.5,159.2,160.7,162.9,164.1,164.5,164.7,164.4,163.7,162.2,162.8,162.2,160.8,159.3,158.7,159.3,160.8,159.9,156.6,155.1,156.2,159.4,162.6,164.1,163.2,162.2,159.9,158.2,157.4,157.8,158.9,160.7,162.2,163.1,163.5,163.5,163.2,161.2,161.7,161.0,159.6,158.2,157.7,158.4,159.8,-11.4,-9.7,-5.5,-1.3,0.4,-1.1,-5.5,-9.7,-17.0,-14.4,-10.6,-6.1,-1.5,1.9,4.3,1.5,-2.4,-6.6,-10.7,-14.3,-7.3,-5.5,-3.7,-2.9,-3.7,-5.5,-7.3,-8.1,38.5,39.8,43.6,47.8,49.8,48.5,44.7,40.2,34.5,37.0,40.5,45.0,49.2,52.4,54.5,52.6,49.6,45.9,41.8,37.6,42.4,44.2,45.9,46.4,45.5,43.7,42.0,41.5,-34.4,-38.7,-40.5,-38.7,-34.4,-29.8,-28.4,-30.1,-32.8,-35.0,-36.4,-37.1,-36.3,-34.4,-31.7,-30.1,-29.4,-29.2,-29.6,-30.7,-32.5,-31.7,-32.5,-34.4,-36.2,-37.0,-36.2,-34.4,-36.3,-40.6,-42.7,-41.3,-37.2,-32.8,-30.7,-31.8,-33.2,-36.1,-38.3,-39.5,-39.2,-38.0,-35.8,-33.6,-32.2,-31.5,-31.5,-31.8,-34.7,-34.0,-34.9,-36.9,-38.7,-39.3,-38.4,-36.5,501.7,502.1,502.1,501.8,501.3,501.2,500.9,501.2,506.0,503.3,500.9,499.6,500.1,501.5,503.1,501.6,500.1,499.9,501.1,503.4,502.2,502.0,502.1,502.2,502.4,502.6,502.6,502.4,512.5,513.4,515.0,516.2,516.4,515.5,513.9,512.8,512.9,512.1,511.9,512.8,515.5,518.9,522.2,519.0,515.7,513.3,512.2,512.4,514.4,515.0,515.7,516.1,516.0,515.4,514.8,514.3,24.5,-3.5,650.1,0.206,-0.15,0.002,217.8,218.5,220.4,223.3,228.1,235.5,244.3,254.4,264.8,273.6,280.0,285.9,291.0,294.7,297.1,298.8,299.2,227.2,233.7,242.4,251.1,259.0,274.6,281.4,288.0,294.4,298.3,267.2,268.1,269.1,270.1,259.0,263.5,268.1,272.2,275.7,236.7,242.0,248.3,253.5,248.2,241.8,276.2,281.2,287.0,290.9,287.5,281.8,250.0,257.4,263.7,267.4,271.2,275.9,279.8,275.9,271.3,267.2,263.0,256.9,253.0,263.3,267.2,271.0,277.6,271.0,267.1,263.2,161.5,173.4,185.0,196.2,206.7,215.8,223.2,228.7,229.8,227.5,220.9,212.8,203.6,193.5,182.9,172.0,160.8,154.3,149.5,148.2,149.5,152.3,151.7,148.5,147.0,147.7,151.9,160.8,168.8,176.6,184.7,189.8,191.2,192.4,191.0,189.3,162.1,159.0,159.1,163.0,164.5,164.6,162.3,158.0,157.8,160.6,163.2,163.5,205.2,202.8,201.2,202.2,200.9,202.3,204.2,209.4,211.7,212.3,212.1,210.1,205.4,204.9,205.1,204.6,204.7,205.9,206.6,206.2,-56.0,-55.2,-52.2,-47.3,-38.7,-25.6,-10.0,7.6,25.5,41.0,53.4,65.0,74.6,81.1,85.2,88.0,88.7,-37.7,-26.7,-12.4,1.7,14.5,40.0,51.6,63.3,75.0,82.9,27.9,29.1,30.5,31.8,14.6,21.9,29.3,36.1,42.1,-22.0,-13.2,-2.7,5.8,-3.0,-13.5,43.8,52.3,62.3,69.6,63.3,53.4,-0.0,12.2,22.4,28.4,34.8,43.0,50.5,43.3,35.2,28.2,21.4,11.4,4.9,21.9,28.2,34.7,46.5,34.6,28.1,21.7,-45.2,-24.7,-4.4,15.4,34.0,49.7,62.3,70.9,72.7,69.7,59.5,45.7,29.3,11.0,-8.3,-28.0,-48.1,-54.9,-62.3,-63.8,-61.4,-56.6,-58.3,-64.1,-67.5,-67.2,-61.0,-43.3,-30.2,-17.3,-4.4,3.7,6.0,7.9,5.7,2.9,-42.0,-46.9,-46.8,-40.4,-37.9,-37.7,-42.0,-49.4,-50.0,-45.8,-40.9,-40.2,29.6,25.1,22.3,24.0,22.0,24.6,28.3,36.6,40.0,40.8,40.4,37.3,29.9,28.5,29.0,28.1,29.0,30.3,31.3,30.8,680.3,684.2,688.7,691.3,690.8,687.8,681.5,673.1,671.7,680.3,694.7,706.1,710.6,709.2,706.9,704.7,703.7,646.9,640.1,634.9,630.7,628.6,635.4,642.5,651.1,660.3,670.4,634.4,628.6,622.4,616.7,634.2,632.8,632.1,635.2,639.0,646.4,642.9,643.0,644.3,643.5,643.4,652.5,654.5,658.3,664.8,658.9,655.2,653.0,642.0,637.8,638.8,640.7,649.6,662.8,651.7,644.8,642.5,641.7,644.9,650.5,641.1,641.6,644.1,658.9,644.1,641.6,641.3,0.596,0.212,-0.196,0.011,264.688,185.223,-6.51,9.514,-12.561,19.918,6.438,2.1,-5.208,3.253,4.686,-3.178,0.217,1.357,0.877,-1.591,-1.117,-0.126,0.852,1.231,-0.925,-0.779,0.158,-0.313,-0.3,-0.312,0.209,-0.177,0.101,0.057,-0.099,-0.004,-0.025,-0.004,0.005,-0.001,0.38,0.14,0.0,0.59,0.0,0.0,0.0,0.0,0.0,0.39,0.0,0.0,0.0,0.0,0.0,0.02,0.0,0.0,1.0,0.0,1.0,0.0,0.0,0.0,0.0,0.0,0.0,0.0,0.0,0.0,0.0,0.0,0.0,1.0,0.0
PP133,g1,1870,0,0.975,0.179861,0.181151,-0.966868,0.027993,0.179826,-0.9833,0.106,0.183,241.0,242.3,245.6,248.8,250.1,249.0,245.5,242.3,236.7,238.7,241.5,245.1,248.6,251.3,253.2,251.0,248.0,244.7,241.5,238.7,244.1,245.5,247.0,247.6,247.0,245.6,244.1,243.6,279.2,280.1,282.9,286.0,287.5,286.6,283.8,280.4,276.1,278.0,280.7,284.1,287.1,289.3,290.6,289.4,287.4,284.8,281.7,278.5,282.0,283.3,284.6,285.0,284.3,283.0,281.7,281.3,160.8,157.5,156.1,157.5,160.8,164.4,165.5,164.1,162.3,160.4,159.2,158.6,159.3,160.8,163.0,164.2,164.6,164.8,164.5,163.8,162.3,162.9,162.3,160.9,159.5,158.9,159.5,160.9,160.0,156.7,155.2,156.3,159.5,162.8,164.2,163.4,162.3,160.0,158.4,157.5,157.9,159.0,160.8,162.3,163.2,163.6,163.6,163.3,161.3,161.8,161.1,159.7,158.3,157.8,158.5,159.9,-11.6,-9.9,-5.7,-1.6,0.1,-1.3,-5.8,-9.9,-17.3,-14.6,-10.9,-6.3,-1.8,1.7,4.1,1.3,-2.6,-6.8,-10.9,-14.6,-7.5,-5.7,-3.9,-3.1,-3.9,-5.7,-7.5,-8.3,38.3,39.6,43.4,47.6,49.6,48.3,44.4,40.0,34.2,36.7,40.3,44.8,49.0,52.2,54.2,52.4,49.4,45.7,41.5,37.4,42.1,43.9,45.6,46.2,45.3,43.5,41.8,41.2,-34.3,-38.6,-40.3,-38.6,-34.3,-29.7,-28.3,-30.0,-32.6,-34.9,-36.3,-37.0,-36.1,-34.3,-31.6,-30.0,-29.3,-29.0,-29.5,-30.6,-32.4,-31.6,-32.4,-34.2,-36.1,-36.9,-36.1,-34.2,-36.1,-40.5,-42.6,-41.2,-37.0,-32.7,-30.6,-31.7,-33.1,-36.0,-38.2,-39.4,-39.0,-37.8,-35.7,-33.4,-32.1,-31.4,-31.3,-31.7,-34.5,-33.9,-34.8,-36.7,-38.5,-39.1,-38.2,-36.3,502.0,502.4,502.4,502.1,501.6,501.4,501.2,501.5,506.3,503.6,501.2,499.9,500.4,501.8,503.4,501.8,500.4,500.2,501.4,503.7,502.5,502.3,502.4,502.5,502.7,502.9,502.9,502.7,512.4,513.4,514.9,516.2,516.4,515.4,513.8,512.7,512.9,512.1,511.8,512.8,515.4,518.9,522.2,518.9,515.6,513.2,512.1,512.3,514.4,514.9,515.6,516.0,515.9,515.4,514.7,514.3,24.2,-3.2,649.7,0.205,-0.15,0.002,217.6,218.3,220.2,223.1,228.0,235.3,244.1,254.2,264.7,273.4,279.9,285.8,290.9,294.5,296.9,298.6,299.1,227.1,233.5,242.2,250.9,258.8,274.4,281.2,287.8,294.2,298.1,267.0,267.9,268.9,269.9,258.8,263.3,267.9,272.0,275.5,236.6,241.8,248.2,253.3,248.0,241.6,276.0,281.1,286.8,290.7,287.3,281.7,249.8,257.2,263.5,267.2,271.0,275.7,279.6,275.7,271.1,266.9,262.8,256.7,252.8,263.1,266.9,270.8,277.4,270.8,266.9,263.0,161.6,173.5,185.2,196.4,207.0,216.0,223.5,228.9,230.1,227.8,221.2,213.0,203.8,193.7,183.1,172.1,160.9,154.5,149.6,148.3,149.6,152.4,151.8,148.6,147.1,147.9,152.1,160.9,168.9,176.8,184.9,189.9,191.4,192.5,191.2,189.4,162.2,159.1,159.2,163.1,164.6,164.7,162.5,158.1,158.0,160.7,163.4,163.6,205.4,202.9,201.3,202.3,201.1,202.5,204.4,209.6,211.9,212.5,212.3,210.3,205.6,205.0,205.3,204.7,204.9,206.1,206.7,206.4,-56.3,-55.5,-52.5,-47.6,-38.9,-25.9,-10.3,7.3,25.2,40.8,53.1,64.6,74.3,80.7,84.8,87.6,88.3,-38.0,-27.0,-12.7,1.4,14.2,39.7,51.3,63.0,74.7,82.6,27.6,28.8,30.1,31.4,14.3,21.6,28.9,35.7,41.7,-22.2,-13.5,-3.0,5.4,-3.3,-13.8,43.5,52.0,62.0,69.3,63.0,53.1,-0.4,11.8,22.0,28.1,34.5,42.7,50.2,42.9,34.8,27.9,21.0,11.0,4.6,21.5,27.8,34.3,46.1,34.3,27.7,21.3,-45.1,-24.5,-4.1,15.8,34.4,50.2,62.8,71.4,73.1,70.1,59.9,46.1,29.7,11.3,-7.9,-27.7,-47.8,-54.6,-62.0,-63.6,-61.1,-56.4,-58.1,-63.9,-67.3,-66.9,-60.7,-43.1,-30.0,-17.1,-4.1,3.9,6.3,8.1,6.0,3.2,-41.8,-46.7,-46.6,-40.2,-37.7,-37.5,-41.8,-49.2,-49.8,-45.5,-40.7,-40.0,29.9,25.3,22.5,24.3,22.3,24.9,28.6,36.9,40.3,41.1,40.6,37.5,30.2,28.7,29.2,28.4,29.3,30.6,31.6,31.0,679.9,683.9,688.4,691.0,690.5,687.4,681.1,672.6,671.3,679.8,694.2,705.6,710.0,708.7,706.3,704.0,703.1,646.5,639.7,634.6,630.4,628.3,635.1,642.2,650.7,659.9,670.0,634.0,628.3,622.1,616.4,633.9,632.4,631.8,634.9,638.7,645.9,642.5,642.6,643.9,643.1,643.0,652.1,654.1,657.8,664.3,658.4,654.8,652.6,641.6,637.4,638.5,640.4,649.2,662.4,651.3,644.4,642.0,641.3,644.5,650.1,640.7,641.2,643.7,658.5,643.7,641.2,640.9,0.596,0.212,-0.195,0.011,264.503,185.385,-7.044,9.828,-12.587,19.962,6.226,2.332,-5.128,3.137,4.66,-3.326,0.17,1.404,0.926,-1.449,-1.053,0.023,0.836,1.297,-0.879,-0.784,0.164,-0.207,-0.291,-0.369,0.221,-0.195,0.133,0.037,-0.088,-0.004,-0.021,0.001,0.004,-0.002,0.82,0.22,0.0,0.77,0.0,0.0,0.0,0.0,0.0,0.14,0.0,0.0,0.0,0.0,0.0,0.0,0.0,1.0,1.0,0.0,1.0,0.0,0.0,0.0,0.0,0.0,0.0,0.0,0.0,0.0,0.0,0.0,0.0,1.0,0.0
PP133,g1,1876,0,0.975,0.182829,0.185533,-0.96548,0.029151,0.183229,-0.982638,0.108,0.187,241.3,242.6,245.9,249.1,250.4,249.3,245.8,242.6,236.9,238.9,241.9,245.4,249.0,251.7,253.5,251.3,248.3,245.0,241.8,239.0,244.4,245.8,247.3,247.9,247.3,245.9,244.5,243.9,279.6,280.6,283.4,286.5,288.0,287.0,284.2,280.8,276.5,278.5,281.2,284.6,287.6,289.7,291.0,289.8,287.8,285.2,282.1,278.9,282.4,283.8,285.0,285.4,284.8,283.4,282.2,281.8,161.3,158.0,156.6,158.0,161.4,164.9,166.0,164.6,162.8,160.9,159.7,159.1,159.8,161.4,163.6,164.7,165.2,165.3,165.0,164.2,162.8,163.5,162.9,161.4,160.0,159.4,159.9,161.4,160.8,157.5,156.0,157.2,160.3,163.6,165.1,164.2,163.1,160.8,159.2,158.3,158.8,159.9,161.7,163.2,164.1,164.5,164.4,164.2,162.1,162.6,162.0,160.6,159.2,158.7,159.3,160.7,-11.2,-9.4,-5.2,-1.1,0.6,-0.9,-5.4,-9.5,-16.9,-14.2,-10.4,-5.8,-1.3,2.1,4.5,1.7,-2.2,-6.4,-10.5,-14.2,-7.1,-5.3,-3.5,-2.7,-3.4,-5.3,-7.1,-7.9,38.8,40.1,44.0,48.2,50.2,48.8,44.9,40.5,34.8,37.3,40.8,45.4,49.6,52.8,54.8,52.9,49.9,46.2,42.1,37.9,42.7,44.5,46.2,46.8,45.9,44.1,42.4,41.8,-33.6,-37.8,-39.6,-37.8,-33.5,-28.9,-27.5,-29.3,-32.0,-34.2,-35.5,-36.2,-35.3,-33.4,-30.8,-29.2,-28.5,-28.3,-28.8,-29.9,-31.6,-30.8,-31.6,-33.4,-35.3,-36.1,-35.4,-33.5,-35.0,-39.4,-41.5,-40.0,-35.9,-31.5,-29.5,-30.6,-32.0,-34.9,-37.1,-38.3,-37.9,-36.7,-34.5,-32.3,-30.9,-30.2,-30.2,-30.6,-33.4,-32.8,-33.7,-35.6,-37.4,-38.0,-37.1,-35.2,500.3,500.7,500.8,500.5,500.0,499.9,499.6,499.9,504.6,501.9,499.5,498.3,498.8,500.2,501.8,500.3,498.8,498.5,499.7,502.0,500.9,500.7,500.8,500.9,501.1,501.3,501.2,501.1,512.2,513.2,514.8,516.0,516.2,515.3,513.7,512.6,512.7,511.9,511.7,512.6,515.2,518.7,522.0,518.8,515.5,513.1,512.0,512.1,514.2,514.8,515.4,515.9,515.8,515.2,514.5,514.1,24.2,-2.1,646.2,0.209,-0.159,0.02,217.9,218.3,220.0,222.5,227.0,234.0,242.7,253.0,263.7,272.5,279.1,285.2,290.5,294.4,297.0,298.9,299.6,227.4,233.8,242.5,251.3,259.2,275.0,281.8,288.5,294.9,298.8,267.3,268.2,269.2,270.1,258.9,263.4,268.0,272.1,275.6,236.8,242.1,248.5,253.6,248.3,241.9,276.5,281.5,287.2,291.2,287.8,282.1,249.7,257.2,263.5,267.2,271.1,275.8,279.6,275.8,271.2,267.0,262.9,256.7,252.8,263.1,266.9,270.8,277.4,270.8,266.9,263.0,161.5,173.2,184.6,195.7,206.3,215.6,223.4,229.4,230.9,228.9,222.6,214.5,205.4,195.2,184.4,173.2,161.7,154.8,150.0,148.8,150.2,153.1,152.5,149.4,147.9,148.8,153.0,161.8,169.7,177.5,185.6,190.6,192.1,193.3,192.0,190.3,162.7,159.6,159.7,163.7,165.1,165.2,163.2,158.9,158.8,161.6,164.2,164.5,205.9,203.6,202.1,203.2,202.0,203.4,205.2,210.5,212.7,213.2,212.9,210.9,206.2,205.8,206.1,205.6,205.7,206.9,207.5,207.1,-55.5,-55.0,-52.5,-48.2,-40.4,-28.0,-12.7,5.2,23.4,39.0,51.6,63.3,73.4,80.4,84.8,88.0,89.1,-37.2,-26.3,-12.1,2.1,14.8,40.4,52.0,63.8,75.4,83.3,27.9,29.1,30.4,31.6,14.4,21.6,28.9,35.7,41.7,-21.7,-12.8,-2.4,6.0,-2.8,-13.2,43.9,52.5,62.4,69.6,63.3,53.5,-0.5,11.8,22.0,28.0,34.4,42.6,50.0,42.7,34.7,27.7,21.0,11.0,4.6,21.4,27.7,34.1,46.0,34.1,27.6,21.2,-44.9,-24.9,-5.0,14.4,32.9,49.1,62.3,71.8,74.3,71.7,62.0,48.7,32.4,14.0,-5.6,-25.7,-46.2,-53.8,-61.0,-62.4,-59.8,-55.1,-56.5,-62.3,-65.6,-65.1,-58.8,-41.5,-28.5,-15.8,-2.9,5.0,7.4,9.3,7.2,4.6,-40.8,-45.6,-45.4,-39.0,-36.6,-36.5,-40.3,-47.6,-48.0,-43.8,-39.0,-38.4,30.6,26.4,23.7,25.5,23.6,26.2,29.9,38.1,41.3,42.0,41.5,38.3,31.0,29.9,30.4,29.7,30.6,31.7,32.6,31.9,674.6,678.2,682.6,685.5,685.5,683.0,677.3,669.1,667.8,676.4,691.1,703.1,708.3,707.4,705.2,702.6,701.2,642.6,635.7,630.6,626.6,624.6,631.3,638.4,647.0,656.2,666.4,630.3,624.7,618.6,613.0,630.4,629.0,628.4,631.6,635.4,642.1,638.7,638.9,640.3,639.4,639.3,648.5,650.5,654.3,660.7,654.9,651.2,648.7,637.7,633.7,634.8,636.6,645.5,658.9,647.6,640.5,638.3,637.6,640.7,646.3,637.0,637.5,639.9,654.9,639.8,637.4,637.1,0.599,0.218,-0.207,0.03,264.55,186.053,-4.591,4.609,-13.122,19.37,4.456,1.854,-4.732,4.227,5.317,-3.213,-1.272,1.588,0.548,-1.681,-0.722,-0.05,0.796,1.372,-0.994,-0.737,0.195,-0.257,-0.112,-0.2,0.222,-0.196,0.136,0.007,-0.082,-0.001,-0.019,-0.0,0.0,-0.006,0.76,0.17,0.0,0.87,0.0,0.0,0.0,0.0,0.0,0.35,0.0,0.0,0.0,0.0,0.0,0.23,0.0,1.0,1.0,0.0,1.0,0.0,0.0,0.0,0.0,0.0,0.0,0.0,0.0,0.0,0.0,0.0,0.0,1.0,0.0
PP133,g1,1882,0,0.975,0.181021,0.191352,-0.964684,0.029094,0.188031,-0.981732,0.108,0.193,242.5,243.9,247.1,250.3,251.6,250.5,247.0,243.8,238.2,240.2,243.1,246.6,250.2,252.8,254.6,252.5,249.5,246.2,243.0,240.2,245.7,247.1,248.5,249.1,248.5,247.1,245.7,245.1,280.6,281.6,284.4,287.4,288.9,287.9,285.1,281.8,277.5,279.4,282.2,285.5,288.5,290.6,291.9,290.7,288.7,286.1,283.0,279.9,283.4,284.7,285.9,286.3,285.7,284.4,283.1,282.7,161.9,158.7,157.3,158.7,162.0,165.6,166.6,165.2,163.4,161.5,160.4,159.9,160.5,162.1,164.2,165.4,165.8,166.0,165.6,164.8,163.5,164.1,163.5,162.1,160.7,160.0,160.6,162.0,161.6,158.3,156.9,158.1,161.2,164.4,165.9,165.0,163.8,161.6,160.0,159.2,159.7,160.8,162.5,164.0,164.9,165.3,165.2,164.9,162.9,163.4,162.8,161.4,160.0,159.5,160.1,161.6,-9.7,-7.9,-3.7,0.4,2.1,0.6,-3.9,-8.0,-15.3,-12.7,-8.9,-4.3,0.2,3.6,6.0,3.2,-0.7,-4.9,-9.0,-12.7,-5.6,-3.8,-2.0,-1.2,-1.9,-3.7,-5.6,-6.3,40.4,41.8,45.6,49.8,51.8,50.4,46.5,42.0,36.3,38.9,42.4,47.0,51.2,54.4,56.4,54.5,51.5,47.8,43.6,39.5,44.2,46.0,47.7,48.3,47.5,45.7,44.0,43.4,-33.0,-37.3,-39.0,-37.1,-32.8,-28.3,-26.9,-28.7,-31.4,-33.6,-35.0,-35.6,-34.7,-32.8,-30.1,-28.5,-27.9,-27.7,-28.2,-29.4,-31.0,-30.2,-31.0,-32.8,-34.7,-35.5,-34.8,-32.9,-34.2,-38.6,-40.6,-39.2,-35.0,-30.6,-28.6,-29.8,-31.3,-34.1,-36.2,-37.4,-37.0,-35.8,-33.6,-31.4,-30.1,-29.4,-29.4,-29.8,-32.6,-31.9,-32.8,-34.7,-36.5,-37.2,-36.3,-34.4,504.4,504.7,504.8,504.5,504.1,504.0,503.7,503.9,508.6,506.0,503.6,502.3,502.9,504.3,505.9,504.4,502.9,502.6,503.8,506.1,504.9,504.8,504.8,505.0,505.2,505.3,505.3,505.1,515.9,516.8,518.4,519.7,519.9,519.0,517.4,516.3,516.4,515.6,515.3,516.3,518.9,522.4,525.7,522.5,519.2,516.8,515.7,515.8,517.9,518.4,519.1,519.5,519.4,518.9,518.2,517.8,26.0,-1.1,649.1,0.212,-0.152,0.015,218.7,219.2,221.0,223.7,228.5,235.8,244.6,254.8,265.2,274.0,280.6,286.5,291.6,295.3,297.8,299.6,300.3,228.6,235.2,243.9,252.6,260.5,276.2,282.9,289.5,295.8,299.6,268.6,269.4,270.4,271.3,260.0,264.5,269.0,273.2,276.7,238.1,243.4,249.7,254.8,249.5,243.1,277.4,282.5,288.2,292.0,288.6,283.0,250.7,258.2,264.5,268.2,272.0,276.6,280.4,276.5,271.9,267.8,263.7,257.5,253.6,264.1,267.9,271.7,278.1,271.7,267.8,263.9,162.1,174.0,185.7,197.1,207.8,217.0,224.6,230.2,231.4,229.1,222.4,214.2,205.0,195.0,184.4,173.6,162.4,155.2,150.4,149.2,150.7,153.6,153.2,150.1,148.7,149.5,153.7,162.4,170.3,178.2,186.3,191.2,192.7,193.9,192.6,190.9,163.3,160.3,160.4,164.3,165.8,165.8,164.0,159.8,159.7,162.5,165.0,165.2,206.5,204.2,202.7,203.7,202.5,203.9,205.8,211.1,213.3,213.9,213.6,211.5,206.8,206.4,206.7,206.1,206.3,207.5,208.1,207.8,-54.4,-53.8,-51.1,-46.5,-37.9,-24.9,-9.3,8.2,26.2,41.8,54.3,65.9,75.6,82.2,86.4,89.4,90.3,-35.3,-24.2,-9.9,4.2,16.9,42.5,54.1,65.7,77.3,84.9,30.1,31.2,32.4,33.6,16.2,23.5,30.8,37.6,43.6,-19.7,-10.8,-0.5,7.9,-0.9,-11.3,45.7,54.4,64.3,71.4,65.1,55.3,1.1,13.4,23.6,29.7,36.0,44.1,51.5,44.2,36.1,29.2,22.4,12.4,6.0,23.1,29.3,35.8,47.4,35.7,29.2,22.9,-44.2,-23.6,-3.1,17.0,35.8,51.9,64.7,73.5,75.5,72.4,62.1,48.2,31.8,13.5,-5.5,-25.1,-45.0,-53.3,-60.6,-62.0,-59.3,-54.4,-55.7,-61.4,-64.6,-64.2,-58.0,-40.7,-27.6,-14.8,-1.9,6.0,8.4,10.4,8.3,5.6,-40.0,-44.6,-44.4,-38.1,-35.7,-35.6,-39.2,-46.4,-46.8,-42.6,-37.8,-37.3,31.6,27.3,24.7,26.5,24.6,27.3,31.0,39.3,42.6,43.3,42.8,39.6,32.0,30.9,31.4,30.7,31.7,32.9,33.8,33.2,678.7,682.9,687.6,690.3,689.8,686.8,680.6,672.3,671.3,680.0,694.4,705.6,709.7,708.0,705.5,703.2,702.2,644.9,638.1,633.1,629.0,627.0,634.0,641.4,650.0,659.3,669.6,633.2,627.6,621.4,615.9,633.2,631.9,631.3,634.4,638.2,644.4,641.0,641.3,642.7,641.8,641.6,651.4,653.5,657.4,663.9,658.0,654.2,651.7,640.9,636.9,638.0,640.0,648.8,662.1,651.0,644.0,641.5,640.7,643.8,649.4,640.2,640.8,643.4,658.2,643.3,640.7,640.3,0.597,0.221,-0.199,0.025,265.621,186.662,-6.981,11.769,-12.968,19.584,6.038,1.826,-5.339,2.781,4.053,-3.414,-0.291,1.19,0.526,-1.62,-0.843,-0.247,0.595,1.144,-1.255,-0.893,0.184,-0.334,-0.244,-0.453,0.106,-0.078,0.126,0.033,-0.089,-0.012,-0.023,0.0,0.011,-0.007,0.32,0.0,0.0,0.71,0.0,0.0,0.0,0.0,0.0,0.11,0.0,0.0,0.0,0.0,0.0,0.0,0.0,0.0,1.0,0.0,1.0,0.0,0.0,0.0,0.0,0.0,0.0,0.0,0.0,0.0,0.0,0.0,0.0,1.0,0.0
PP133,g1,1888,0,0.975,0.180765,0.188994,-0.965197,0.031127,0.184671,-0.982307,0.108,0.19,243.2,244.6,247.8,251.0,252.3,251.1,247.6,244.4,238.9,240.9,243.7,247.3,250.8,253.5,255.3,253.1,250.1,246.8,243.6,240.8,246.3,247.7,249.1,249.7,249.2,247.8,246.3,245.7,281.1,282.1,284.9,288.0,289.4,288.4,285.6,282.3,278.0,280.0,282.7,286.1,289.1,291.1,292.4,291.2,289.2,286.6,283.5,280.4,283.9,285.2,286.4,286.9,286.2,284.9,283.7,283.2,161.8,158.6,157.3,158.7,162.0,165.5,166.5,165.1,163.2,161.4,160.3,159.8,160.5,162.0,164.2,165.3,165.7,165.9,165.5,164.7,163.4,164.0,163.4,162.0,160.6,159.9,160.5,162.0,161.7,158.4,157.0,158.2,161.3,164.6,166.0,165.1,163.9,161.7,160.1,159.4,159.8,160.9,162.7,164.2,165.0,165.4,165.3,165.0,163.0,163.6,162.9,161.5,160.1,159.6,160.2,161.7,-8.8,-7.0,-2.8,1.3,2.9,1.4,-3.1,-7.2,-14.5,-11.9,-8.1,-3.5,1.0,4.5,6.8,4.0,0.1,-4.1,-8.2,-11.9,-4.8,-3.0,-1.2,-0.4,-1.1,-2.9,-4.7,-5.5,41.2,42.5,46.4,50.6,52.5,51.1,47.2,42.7,37.1,39.6,43.2,47.8,52.0,55.1,57.1,55.2,52.2,48.5,44.3,40.2,45.0,46.8,48.5,49.1,48.2,46.4,44.7,44.1,-33.2,-37.4,-39.1,-37.3,-33.0,-28.4,-27.0,-28.9,-31.6,-33.8,-35.1,-35.7,-34.9,-32.9,-30.3,-28.7,-28.1,-27.9,-28.4,-29.5,-31.2,-30.4,-31.1,-33.0,-34.9,-35.7,-34.9,-33.1,-34.2,-38.5,-40.5,-39.0,-34.9,-30.5,-28.5,-29.7,-31.2,-34.1,-36.2,-37.3,-36.8,-35.6,-33.4,-31.2,-29.9,-29.3,-29.3,-29.8,-32.5,-31.8,-32.7,-34.6,-36.4,-37.1,-36.2,-34.3,504.9,505.3,505.3,505.0,504.6,504.5,504.2,504.5,509.2,506.5,504.1,502.9,503.4,504.8,506.4,504.9,503.4,503.1,504.3,506.6,505.4,505.3,505.3,505.5,505.7,505.8,505.8,505.6,516.7,517.6,519.2,520.5,520.7,519.8,518.2,517.0,517.1,516.3,516.1,517.1,519.7,523.2,526.6,523.3,520.0,517.6,516.5,516.6,518.7,519.2,519.9,520.3,520.2,519.7,519.0,518.6,26.8,-0.9,648.9,0.207,-0.154,0.019,219.2,219.7,221.4,224.1,228.9,236.2,245.0,255.1,265.6,274.3,280.8,286.7,291.8,295.5,298.0,299.9,300.6,229.3,235.9,244.6,253.3,261.2,276.8,283.5,290.1,296.3,300.0,269.2,270.0,271.0,271.9,260.5,265.0,269.5,273.7,277.2,238.7,244.1,250.4,255.4,250.1,243.8,278.0,283.0,288.7,292.5,289.1,283.5,251.2,258.7,265.0,268.6,272.4,276.9,280.7,276.8,272.3,268.2,264.1,258.0,254.1,264.6,268.3,272.1,278.4,272.1,268.3,264.4,161.9,173.9,185.7,197.2,207.9,217.2,224.8,230.4,231.6,229.4,222.7,214.5,205.4,195.3,184.8,173.9,162.8,155.1,150.3,149.1,150.6,153.6,153.3,150.2,148.8,149.7,153.9,162.3,170.3,178.2,186.3,191.2,192.7,194.0,192.7,191.0,163.1,160.2,160.3,164.3,165.7,165.7,164.0,159.9,159.8,162.6,165.2,165.3,206.5,204.2,202.7,203.8,202.6,204.1,206.0,211.2,213.4,213.9,213.6,211.6,206.8,206.4,206.7,206.2,206.5,207.5,208.2,207.8,-53.5,-53.0,-50.4,-45.8,-37.3,-24.3,-8.8,8.8,26.8,42.4,54.8,66.3,75.9,82.4,86.7,89.9,90.9,-34.2,-23.1,-8.7,5.4,18.0,43.5,55.1,66.8,78.3,85.9,31.1,32.2,33.3,34.5,17.0,24.3,31.6,38.4,44.4,-18.6,-9.8,0.6,8.9,0.1,-10.3,46.6,55.3,65.2,72.3,65.9,56.1,1.9,14.2,24.4,30.4,36.7,44.7,51.9,44.7,36.7,29.9,23.2,13.3,6.9,23.9,30.1,36.4,47.9,36.4,30.0,23.6,-44.5,-23.8,-3.1,17.1,36.0,52.1,65.0,73.8,75.8,72.8,62.6,48.8,32.4,14.2,-4.9,-24.4,-44.4,-53.5,-60.8,-62.2,-59.4,-54.4,-55.6,-61.2,-64.4,-63.9,-57.6,-40.8,-27.7,-14.8,-1.9,5.9,8.4,10.4,8.4,5.7,-40.2,-44.8,-44.6,-38.2,-35.8,-35.7,-39.1,-46.2,-46.6,-42.3,-37.6,-37.1,31.8,27.4,24.8,26.6,24.8,27.6,31.4,39.5,42.6,43.3,42.8,39.6,32.1,31.0,31.6,30.8,32.0,33.0,33.9,33.2,678.5,682.7,687.3,689.9,689.4,686.3,680.0,671.8,670.8,679.7,694.2,705.5,709.7,708.0,705.5,703.2,702.3,644.7,638.1,633.1,629.1,627.2,634.2,641.7,650.4,659.9,670.2,633.3,627.6,621.3,615.7,632.9,631.6,631.1,634.3,638.2,644.3,641.0,641.3,642.8,641.8,641.5,651.6,653.8,657.7,664.2,658.3,654.4,651.3,640.5,636.6,637.8,639.8,648.6,661.9,650.6,643.6,641.1,640.3,643.2,648.9,639.8,640.5,643.1,657.9,643.0,640.3,639.9,0.597,0.217,-0.203,0.029,266.094,186.747,-6.811,12.451,-13.221,20.329,5.719,2.176,-5.114,2.771,4.05,-3.701,-0.234,1.058,0.323,-1.807,-0.758,-0.028,0.65,1.23,-1.243,-0.745,0.24,-0.345,-0.28,-0.546,0.078,-0.013,0.11,0.021,-0.096,-0.01,-0.024,-0.004,0.01,-0.004,0.54,0.24,0.0,0.74,0.0,0.0,0.0,0.0,0.0,0.22,0.0,0.0,0.0,0.0,0.0,0.0,0.0,1.0,1.0,0.0,1.0,0.0,0.0,0.0,0.0,0.0,0.0,0.0,0.0,0.0,0.0,0.0,0.0,1.0,0.0
PP133,g1,1894,0,0.975,0.183851,0.190845,-0.964249,0.033385,0.185049,-0.982162,0.111,0.191,243.5,244.9,248.2,251.4,252.6,251.4,247.9,244.7,239.2,241.2,244.1,247.6,251.2,253.8,255.6,253.4,250.4,247.1,243.9,241.2,246.6,248.0,249.4,250.0,249.5,248.1,246.7,246.1,281.5,282.5,285.3,288.3,289.7,288.7,285.9,282.6,278.3,280.3,283.1,286.4,289.4,291.5,292.6,291.5,289.5,286.9,283.8,280.7,284.2,285.5,286.7,287.2,286.6,285.3,284.0,283.6,161.4,158.1,156.8,158.3,161.6,165.1,166.1,164.7,162.7,160.9,159.8,159.3,160.1,161.6,163.8,164.9,165.3,165.4,165.1,164.2,163.0,163.6,163.0,161.6,160.2,159.5,160.1,161.5,161.6,158.4,157.0,158.2,161.3,164.6,166.0,165.0,163.8,161.6,160.0,159.3,159.8,160.9,162.7,164.2,165.0,165.4,165.2,164.9,163.0,163.5,162.9,161.5,160.1,159.6,160.2,161.6,-8.4,-6.6,-2.4,1.8,3.4,1.8,-2.7,-6.8,-14.1,-11.4,-7.6,-3.0,1.5,4.9,7.2,4.4,0.5,-3.7,-7.8,-11.5,-4.4,-2.6,-0.7,0.1,-0.6,-2.4,-4.3,-5.1,41.7,43.1,47.0,51.2,53.1,51.6,47.7,43.2,37.6,40.2,43.8,48.3,52.5,55.6,57.6,55.7,52.7,49.0,44.8,40.7,45.5,47.3,49.0,49.6,48.8,47.0,45.3,44.7,-33.8,-38.0,-39.7,-37.8,-33.5,-29.0,-27.6,-29.5,-32.3,-34.5,-35.7,-36.3,-35.4,-33.4,-30.7,-29.2,-28.6,-28.4,-29.0,-30.2,-31.8,-31.0,-31.7,-33.5,-35.4,-36.2,-35.5,-33.7,-34.4,-38.7,-40.7,-39.1,-34.9,-30.6,-28.6,-29.9,-31.5,-34.3,-36.3,-37.4,-36.9,-35.7,-33.4,-31.3,-30.0,-29.4,-29.5,-30.0,-32.6,-32.0,-32.8,-34.7,-36.5,-37.2,-36.4,-34.5,505.3,505.7,505.8,505.5,505.1,505.0,504.6,504.9,509.5,506.9,504.5,503.3,503.9,505.3,506.9,505.4,503.9,503.6,504.7,507.0,505.9,505.8,505.8,506.0,506.2,506.3,506.2,506.1,517.7,518.6,520.2,521.5,521.8,520.8,519.2,518.0,518.1,517.3,517.1,518.1,520.8,524.3,527.6,524.4,521.1,518.6,517.5,517.6,519.7,520.2,520.9,521.4,521.3,520.7,520.0,519.6,26.9,-1.3,648.7,0.208,-0.159,0.03,219.4,219.7,221.3,223.8,228.6,235.8,244.5,254.6,265.0,273.8,280.3,286.3,291.5,295.3,298.0,300.0,300.7,229.6,236.3,245.1,253.8,261.7,277.3,284.0,290.6,296.8,300.4,269.6,270.4,271.2,272.1,260.6,265.1,269.6,273.7,277.2,239.0,244.4,250.7,255.7,250.4,244.1,278.3,283.4,289.1,292.8,289.4,283.8,251.0,258.5,264.9,268.5,272.3,276.8,280.5,276.6,272.1,268.0,263.9,257.8,253.9,264.5,268.2,272.0,278.3,271.9,268.1,264.3,161.4,173.4,185.2,196.7,207.4,216.7,224.5,230.1,231.5,229.3,222.7,214.5,205.4,195.4,184.8,174.0,162.9,154.5,149.7,148.6,150.1,153.2,153.0,150.0,148.7,149.7,154.0,162.1,170.0,177.9,186.0,190.8,192.4,193.7,192.5,190.8,162.7,159.7,159.9,163.9,165.3,165.3,163.9,159.8,159.8,162.7,165.2,165.3,206.1,203.9,202.5,203.6,202.5,203.9,205.9,211.1,213.2,213.7,213.4,211.2,206.4,206.1,206.5,206.0,206.4,207.4,208.0,207.6,-53.1,-52.9,-50.5,-46.1,-37.8,-25.0,-9.6,7.9,25.8,41.4,53.8,65.5,75.3,82.1,86.6,90.0,91.3,-33.6,-22.3,-8.0,6.2,18.8,44.3,55.9,67.6,79.0,86.5,31.8,32.7,33.8,34.8,17.2,24.4,31.7,38.5,44.5,-18.1,-9.2,1.2,9.4,0.6,-9.7,47.2,55.9,65.8,72.8,66.4,56.6,1.6,14.0,24.3,30.3,36.6,44.5,51.7,44.3,36.3,29.5,22.8,12.9,6.5,23.7,29.8,36.2,47.7,36.1,29.7,23.4,-45.3,-24.6,-4.0,16.2,35.1,51.3,64.3,73.2,75.4,72.6,62.5,48.8,32.5,14.2,-4.8,-24.3,-44.3,-54.4,-61.6,-63.0,-60.2,-55.1,-56.0,-61.5,-64.6,-63.9,-57.4,-41.2,-28.1,-15.2,-2.3,5.4,7.9,10.0,8.1,5.4,-40.9,-45.5,-45.2,-38.8,-36.5,-36.5,-39.4,-46.3,-46.6,-42.2,-37.6,-37.3,31.0,26.9,24.4,26.3,24.5,27.3,31.2,39.3,42.4,43.0,42.4,39.0,31.4,30.5,31.2,30.5,31.8,32.7,33.6,32.9,677.7,681.8,686.3,688.9,688.3,685.3,679.2,671.2,670.4,679.3,693.8,705.1,709.3,707.8,705.5,703.4,702.6,644.2,637.6,632.7,628.8,626.9,634.2,641.8,650.6,660.0,670.3,633.1,627.4,621.1,615.5,632.5,631.2,630.8,634.0,638.0,643.7,640.5,640.9,642.4,641.3,641.0,651.5,653.7,657.6,664.2,658.2,654.4,650.9,640.3,636.4,637.6,639.6,648.5,661.8,650.5,643.4,640.9,640.0,642.9,648.5,639.5,640.2,642.9,657.8,642.8,640.1,639.6,0.597,0.217,-0.208,0.04,266.134,186.508,-7.597,12.107,-12.857,20.015,6.255,2.043,-5.205,2.06,4.04,-3.328,-0.284,1.16,0.432,-1.917,-0.859,-0.328,0.57,1.138,-1.231,-0.7,0.284,-0.362,-0.239,-0.481,0.065,-0.038,0.116,0.03,-0.105,-0.011,-0.034,0.003,0.009,-0.005,0.46,0.22,0.0,0.55,0.0,0.0,0.0,0.0,0.0,0.15,0.0,0.0,0.0,0.0,0.0,0.0,0.0,0.0,1.0,0.0,1.0,0.0,0.0,0.0,0.0,0.0,0.0,0.0,0.0,0.0,0.0,0.0,0.0,1.0,0.0
PP133,g1,1900,0,0.975,0.18638,0.194105,-0.963113,0.034528,0.187991,-0.981564,0.113,0.194,243.7,245.1,248.4,251.5,252.8,251.6,248.1,244.9,239.3,241.4,244.3,247.8,251.4,254.0,255.7,253.6,250.6,247.3,244.1,241.3,246.8,248.2,249.6,250.2,249.7,248.3,246.9,246.3,281.6,282.7,285.5,288.5,289.9,288.9,286.0,282.8,278.5,280.5,283.2,286.6,289.6,291.6,292.8,291.6,289.7,287.1,284.0,280.9,284.3,285.7,286.9,287.3,286.7,285.4,284.2,283.7,161.4,158.1,156.8,158.3,161.6,165.1,166.1,164.7,162.7,160.9,159.8,159.3,160.1,161.7,163.8,164.9,165.3,165.4,165.1,164.2,163.0,163.6,163.0,161.6,160.2,159.5,160.1,161.5,161.6,158.4,157.0,158.2,161.4,164.6,166.0,165.0,163.8,161.6,160.1,159.3,159.8,161.0,162.7,164.2,165.0,165.4,165.3,164.9,163.0,163.5,162.9,161.5,160.1,159.6,160.2,161.6,-8.2,-6.3,-2.1,2.0,3.6,2.0,-2.5,-6.6,-13.9,-11.2,-7.4,-2.8,1.7,5.1,7.4,4.6,0.7,-3.5,-7.6,-11.3,-4.2,-2.4,-0.5,0.3,-0.4,-2.2,-4.0,-4.9,41.9,43.4,47.3,51.4,53.3,51.8,47.9,43.5,37.8,40.4,44.0,48.6,52.8,55.9,57.8,55.9,52.9,49.2,45.1,40.9,45.7,47.5,49.2,49.9,49.0,47.2,45.5,44.9,-33.8,-38.0,-39.7,-37.8,-33.5,-28.9,-27.6,-29.5,-32.3,-34.5,-35.8,-36.3,-35.4,-33.4,-30.7,-29.2,-28.6,-28.5,-29.0,-30.2,-31.8,-31.0,-31.7,-33.5,-35.4,-36.3,-35.5,-33.7,-34.3,-38.7,-40.7,-39.1,-34.9,-30.6,-28.6,-29.9,-31.4,-34.3,-36.3,-37.4,-36.9,-35.6,-33.4,-31.3,-30.0,-29.4,-29.4,-30.0,-32.6,-31.9,-32.8,-34.7,-36.5,-37.2,-36.4,-34.5,505.3,505.7,505.8,505.6,505.2,505.0,504.7,504.9,509.5,506.9,504.5,503.4,503.9,505.4,507.0,505.5,503.9,503.6,504.7,507.0,505.9,505.8,505.9,506.0,506.2,506.3,506.3,506.1,517.8,518.8,520.4,521.7,522.0,521.0,519.4,518.2,518.3,517.5,517.3,518.3,521.0,524.5,527.8,524.6,521.3,518.8,517.7,517.8,519.9,520.4,521.1,521.6,521.4,520.9,520.2,519.8,27.0,-1.4,649.3,0.212,-0.161,0.033,219.5,219.8,221.3,223.8,228.5,235.7,244.4,254.5,264.9,273.7,280.2,286.2,291.4,295.3,298.0,300.0,300.8,229.8,236.5,245.3,254.1,262.0,277.5,284.2,290.8,297.0,300.6,269.8,270.5,271.4,272.3,260.7,265.2,269.7,273.8,277.3,239.2,244.6,250.9,255.9,250.6,244.2,278.5,283.6,289.2,292.9,289.6,284.0,251.0,258.6,265.0,268.6,272.4,276.9,280.5,276.6,272.0,268.0,263.9,257.8,253.9,264.5,268.2,272.0,278.3,272.0,268.1,264.3,161.3,173.3,185.1,196.5,207.3,216.6,224.3,230.0,231.3,229.1,222.5,214.4,205.2,195.2,184.7,173.9,162.8,154.4,149.7,148.6,150.1,153.2,153.0,150.1,148.7,149.7,154.0,162.1,170.0,177.9,186.0,190.8,192.4,193.7,192.5,190.8,162.6,159.7,160.0,163.9,165.3,165.3,163.9,159.8,159.9,162.7,165.2,165.3,206.0,203.8,202.4,203.6,202.4,203.9,205.9,211.1,213.2,213.7,213.3,211.2,206.4,206.1,206.5,206.0,206.3,207.4,208.0,207.5,-53.0,-52.8,-50.5,-46.2,-37.9,-25.1,-9.7,7.8,25.6,41.2,53.7,65.4,75.3,82.2,86.7,90.1,91.5,-33.3,-22.0,-7.6,6.6,19.3,44.7,56.3,68.0,79.4,86.8,32.1,33.0,34.1,35.1,17.4,24.6,31.9,38.7,44.7,-17.8,-8.8,1.5,9.7,0.9,-9.5,47.5,56.2,66.1,73.1,66.7,56.9,1.6,14.1,24.4,30.4,36.7,44.6,51.7,44.4,36.4,29.5,22.8,12.8,6.5,23.7,29.9,36.3,47.7,36.2,29.8,23.4,-45.5,-24.9,-4.2,15.9,34.9,51.1,64.0,73.0,75.3,72.4,62.3,48.5,32.2,14.0,-5.0,-24.5,-44.5,-54.5,-61.7,-63.0,-60.2,-55.0,-56.0,-61.5,-64.6,-64.0,-57.6,-41.2,-28.1,-15.3,-2.3,5.4,7.9,10.0,8.0,5.4,-41.0,-45.5,-45.2,-38.8,-36.5,-36.5,-39.3,-46.3,-46.6,-42.2,-37.6,-37.2,30.9,26.8,24.3,26.2,24.5,27.3,31.2,39.3,42.4,43.0,42.4,39.0,31.3,30.5,31.1,30.5,31.8,32.8,33.6,32.9,677.7,681.8,686.4,689.1,688.6,685.7,679.8,671.9,671.1,680.0,694.4,705.6,709.7,708.2,706.0,704.0,703.3,644.3,637.7,632.9,629.0,627.2,634.6,642.1,650.9,660.5,670.9,633.5,627.8,621.7,616.1,633.0,631.8,631.4,634.7,638.6,644.0,640.7,641.1,642.7,641.6,641.2,651.9,654.1,658.1,664.7,658.7,654.8,651.4,640.9,636.9,638.2,640.2,649.2,662.5,651.2,644.2,641.7,640.8,643.6,649.1,640.2,640.9,643.6,658.5,643.5,640.8,640.3,0.596,0.221,-0.21,0.043,266.213,186.462,-8.048,12.046,-12.815,19.749,6.732,1.724,-5.334,1.667,3.953,-3.19,-0.163,1.226,0.344,-1.776,-0.853,-0.211,0.526,1.207,-1.379,-0.685,0.289,-0.503,-0.162,-0.487,0.143,-0.095,0.14,0.035,-0.102,-0.007,-0.028,0.005,0.01,-0.008,0.23,0.12,0.0,0.48,0.0,0.0,0.0,0.0,0.0,0.33,0.0,0.0,0.0,0.0,0.0,0.0,0.0,0.0,1.0,0.0,1.0,0.0,0.0,0.0,0.0,0.0,0.0,0.0,0.0,0.0,0.0,0.0,0.0,1.0,0.0
PP133,g1,1906,0,0.975,0.184974,0.194137,-0.963377,0.034668,0.18813,-0.981532,0.112,0.194,243.8,245.2,248.4,251.6,252.8,251.6,248.2,245.0,239.5,241.5,244.4,247.9,251.4,254.0,255.8,253.6,250.6,247.4,244.2,241.4,246.9,248.3,249.7,250.3,249.8,248.4,247.0,246.3,281.6,282.7,285.5,288.5,289.9,288.8,286.0,282.8,278.5,280.5,283.2,286.6,289.5,291.6,292.8,291.6,289.6,287.0,284.0,280.9,284.3,285.6,286.9,287.3,286.7,285.4,284.2,283.7,161.6,158.4,157.1,158.5,161.8,165.3,166.3,164.9,162.9,161.2,160.1,159.6,160.3,161.9,164.0,165.2,165.5,165.6,165.3,164.4,163.2,163.8,163.3,161.8,160.4,159.8,160.3,161.7,161.8,158.6,157.2,158.5,161.6,164.8,166.2,165.2,164.0,161.9,160.3,159.6,160.1,161.2,163.0,164.4,165.3,165.6,165.5,165.1,163.2,163.7,163.1,161.7,160.4,159.8,160.4,161.8,-8.1,-6.2,-2.0,2.1,3.7,2.1,-2.4,-6.5,-13.8,-11.1,-7.3,-2.7,1.8,5.2,7.5,4.7,0.8,-3.4,-7.5,-11.2,-4.1,-2.3,-0.4,0.4,-0.3,-2.1,-4.0,-4.8,42.1,43.5,47.4,51.6,53.4,52.0,48.1,43.6,38.0,40.6,44.2,48.7,52.9,56.0,58.0,56.1,53.1,49.4,45.2,41.1,45.9,47.7,49.4,50.0,49.2,47.4,45.7,45.1,-33.6,-37.9,-39.5,-37.7,-33.3,-28.8,-27.5,-29.3,-32.2,-34.3,-35.6,-36.1,-35.2,-33.3,-30.6,-29.0,-28.5,-28.3,-28.8,-30.0,-31.6,-30.8,-31.5,-33.4,-35.3,-36.1,-35.4,-33.5,-34.2,-38.5,-40.5,-38.9,-34.7,-30.4,-28.4,-29.7,-31.3,-34.1,-36.1,-37.2,-36.7,-35.4,-33.3,-31.1,-29.8,-29.2,-29.3,-29.8,-32.5,-31.8,-32.6,-34.5,-36.4,-37.0,-36.2,-34.3,507.5,507.8,507.9,507.7,507.3,507.1,506.8,507.0,511.7,509.0,506.6,505.5,506.0,507.5,509.1,507.5,506.0,505.7,506.9,509.1,508.0,507.9,508.0,508.1,508.3,508.4,508.4,508.2,519.8,520.7,522.3,523.7,523.9,523.0,521.4,520.2,520.2,519.4,519.2,520.2,522.9,526.4,529.8,526.5,523.2,520.8,519.6,519.7,521.8,522.4,523.1,523.5,523.4,522.8,522.1,521.7,27.2,-1.0,649.5,0.211,-0.16,0.032,219.6,219.8,221.4,223.9,228.6,235.8,244.6,254.7,265.1,273.9,280.5,286.4,291.6,295.4,298.0,300.0,300.8,230.0,236.7,245.4,254.1,262.0,277.5,284.2,290.7,296.9,300.5,269.8,270.6,271.4,272.3,260.8,265.3,269.8,273.9,277.4,239.3,244.7,251.0,255.9,250.6,244.3,278.5,283.6,289.2,292.9,289.5,284.0,251.1,258.7,265.1,268.7,272.5,277.0,280.6,276.7,272.2,268.1,264.0,257.9,254.1,264.6,268.3,272.2,278.4,272.1,268.2,264.4,161.5,173.5,185.3,196.7,207.5,216.9,224.6,230.3,231.6,229.4,222.8,214.6,205.5,195.5,185.0,174.2,163.1,154.6,149.9,148.8,150.3,153.4,153.2,150.3,148.9,149.9,154.1,162.3,170.3,178.2,186.3,191.1,192.6,193.9,192.7,191.0,162.9,160.0,160.2,164.2,165.5,165.5,164.1,160.1,160.1,162.9,165.4,165.5,206.4,204.1,202.7,203.8,202.7,204.2,206.2,211.3,213.5,214.0,213.6,211.5,206.7,206.4,206.7,206.3,206.7,207.6,208.2,207.8,-52.8,-52.7,-50.4,-46.1,-37.7,-24.9,-9.5,8.1,26.0,41.7,54.2,65.8,75.5,82.3,86.8,90.2,91.4,-33.0,-21.7,-7.4,6.6,19.2,44.8,56.3,67.9,79.3,86.7,32.2,33.1,34.1,35.2,17.5,24.7,32.0,38.8,44.8,-17.6,-8.7,1.6,9.7,1.0,-9.3,47.5,56.2,66.1,73.0,66.7,57.0,1.9,14.3,24.6,30.5,36.9,44.8,51.9,44.6,36.6,29.7,23.0,13.1,6.8,23.9,30.1,36.5,47.8,36.4,29.9,23.6,-45.2,-24.5,-3.9,16.3,35.3,51.6,64.6,73.6,75.8,72.9,62.7,49.0,32.6,14.5,-4.5,-23.9,-43.8,-54.3,-61.4,-62.7,-59.9,-54.7,-55.7,-61.2,-64.3,-63.7,-57.3,-40.8,-27.7,-14.9,-1.9,5.8,8.3,10.4,8.5,5.8,-40.6,-45.1,-44.8,-38.4,-36.1,-36.2,-39.0,-45.9,-46.2,-41.9,-37.3,-36.9,31.5,27.2,24.7,26.6,24.9,27.7,31.7,39.8,42.8,43.5,42.8,39.5,31.9,30.9,31.6,30.9,32.3,33.2,34.0,33.3,677.9,682.2,686.9,689.6,689.1,686.1,680.0,672.0,671.2,680.2,694.7,706.0,710.1,708.5,706.0,703.8,703.0,644.3,637.9,633.1,629.3,627.6,634.9,642.4,651.2,660.6,670.9,633.8,628.2,622.0,616.5,633.4,632.2,631.8,635.0,638.9,644.2,640.9,641.4,642.9,641.8,641.5,652.2,654.4,658.3,664.9,658.9,655.1,651.5,641.0,637.1,638.4,640.4,649.3,662.6,651.4,644.4,641.8,640.9,643.7,649.2,640.3,641.1,643.8,658.6,643.8,641.0,640.5,0.596,0.221,-0.209,0.042,266.289,186.711,-8.356,12.67,-13.432,19.843,5.896,1.773,-5.052,2.29,3.76,-3.121,-0.123,1.067,0.4,-1.8,-0.784,-0.115,0.522,1.263,-1.334,-0.842,0.275,-0.394,-0.171,-0.583,0.128,-0.03,0.116,0.029,-0.093,-0.008,-0.027,0.004,0.011,-0.006,0.64,0.16,0.0,0.89,0.0,0.0,0.0,0.0,0.0,0.17,0.0,0.0,0.0,0.0,0.0,0.0,0.0,1.0,1.0,0.0,1.0,0.0,0.0,0.0,0.0,0.0,0.0,0.0,0.0,0.0,0.0,0.0,0.0,1.0,0.0
PP133,g1,1912,0,0.975,0.186554,0.195199,-0.962858,0.036988,0.189003,-0.98128,0.114,0.195,244.2,245.6,248.8,252.0,253.2,252.0,248.5,245.4,239.8,241.9,244.8,248.3,251.8,254.4,256.2,254.0,251.0,247.7,244.6,241.8,247.2,248.6,250.0,250.7,250.1,248.7,247.3,246.7,282.0,283.0,285.8,288.8,290.2,289.1,286.3,283.1,278.8,280.8,283.6,286.9,289.8,291.9,293.0,291.9,289.9,287.3,284.3,281.2,284.7,286.0,287.2,287.6,287.0,285.7,284.5,284.1,161.9,158.6,157.4,158.8,162.1,165.6,166.6,165.2,163.2,161.4,160.3,159.9,160.6,162.2,164.3,165.4,165.8,165.9,165.5,164.7,163.4,164.1,163.5,162.1,160.7,160.0,160.6,162.0,162.1,158.9,157.5,158.8,161.9,165.1,166.5,165.5,164.3,162.2,160.6,159.9,160.4,161.5,163.3,164.7,165.5,165.9,165.8,165.4,163.5,164.0,163.4,162.0,160.7,160.1,160.7,162.1,-7.6,-5.8,-1.5,2.6,4.2,2.6,-1.9,-6.0,-13.3,-10.6,-6.8,-2.2,2.3,5.7,8.0,5.2,1.3,-2.9,-7.0,-10.7,-3.6,-1.8,0.1,0.9,0.2,-1.6,-3.5,-4.3,42.6,44.1,48.0,52.1,54.0,52.5,48.6,44.2,38.5,41.1,44.7,49.3,53.5,56.6,58.5,56.6,53.6,49.9,45.8,41.6,46.4,48.2,49.9,50.6,49.8,48.0,46.2,45.6,-33.3,-37.6,-39.2,-37.4,-33.0,-28.5,-27.1,-29.0,-31.9,-34.0,-35.3,-35.8,-34.9,-33.0,-30.3,-28.7,-28.2,-28.0,-28.5,-29.8,-31.3,-30.5,-31.2,-33.1,-35.0,-35.8,-35.1,-33.2,-33.9,-38.2,-40.2,-38.6,-34.4,-30.1,-28.1,-29.4,-31.0,-33.8,-35.8,-36.9,-36.4,-35.1,-33.0,-30.8,-29.5,-28.9,-29.0,-29.5,-32.2,-31.5,-32.3,-34.2,-36.1,-36.7,-35.9,-34.0,508.0,508.4,508.5,508.2,507.8,507.7,507.3,507.5,512.2,509.6,507.2,506.0,506.6,508.0,509.7,508.1,506.6,506.3,507.4,509.6,508.6,508.5,508.5,508.7,508.9,509.0,508.9,508.7,521.3,522.2,523.8,525.2,525.4,524.5,522.9,521.7,521.7,520.9,520.7,521.7,524.4,527.9,531.3,528.0,524.7,522.3,521.1,521.2,523.3,523.9,524.6,525.0,524.9,524.3,523.6,523.2,27.7,-0.5,649.2,0.211,-0.164,0.033,219.8,220.1,221.6,224.1,228.8,236.0,244.8,255.0,265.4,274.2,280.6,286.5,291.6,295.5,298.2,300.2,301.0,230.4,237.1,245.8,254.6,262.4,277.9,284.6,291.1,297.2,300.7,270.2,271.0,271.9,272.8,261.2,265.7,270.2,274.3,277.8,239.7,245.1,251.3,256.3,251.0,244.7,278.8,283.9,289.5,293.2,289.8,284.3,251.4,259.0,265.4,269.1,272.9,277.3,280.9,277.1,272.6,268.5,264.4,258.3,254.4,265.0,268.7,272.5,278.7,272.5,268.6,264.8,161.6,173.6,185.5,196.9,207.8,217.1,224.9,230.6,231.9,229.7,223.1,214.9,205.8,195.8,185.3,174.5,163.4,154.9,150.2,149.1,150.6,153.8,153.6,150.6,149.3,150.2,154.5,162.6,170.6,178.5,186.6,191.3,192.9,194.2,193.0,191.3,163.1,160.3,160.5,164.4,165.7,165.7,164.4,160.4,160.4,163.2,165.7,165.8,206.6,204.3,202.9,204.1,202.9,204.4,206.4,211.6,213.8,214.3,213.9,211.7,206.9,206.6,207.0,206.5,206.9,207.9,208.5,208.1,-52.3,-52.2,-50.0,-45.7,-37.4,-24.5,-9.0,8.6,26.5,42.1,54.5,66.0,75.7,82.5,87.0,90.4,91.7,-32.3,-21.1,-6.7,7.3,19.9,45.4,56.9,68.4,79.8,87.2,32.8,33.8,34.8,35.9,18.1,25.3,32.7,39.5,45.5,-17.0,-8.1,2.2,10.3,1.6,-8.7,48.0,56.8,66.6,73.5,67.2,57.5,2.3,14.8,25.2,31.2,37.5,45.4,52.4,45.2,37.2,30.4,23.6,13.7,7.3,24.5,30.7,37.1,48.4,37.0,30.6,24.2,-44.9,-24.2,-3.6,16.7,35.7,52.0,65.0,74.1,76.3,73.5,63.3,49.5,33.2,15.0,-3.9,-23.4,-43.3,-53.8,-60.9,-62.2,-59.3,-54.2,-55.1,-60.6,-63.7,-63.1,-56.7,-40.3,-27.2,-14.3,-1.4,6.2,8.8,10.9,8.9,6.2,-40.2,-44.7,-44.3,-38.0,-35.7,-35.7,-38.5,-45.4,-45.6,-41.4,-36.8,-36.4,31.8,27.6,25.2,27.1,25.3,28.1,32.1,40.2,43.3,43.9,43.3,39.9,32.2,31.3,32.0,31.3,32.7,33.6,34.4,33.7,677.2,681.5,686.3,689.1,688.6,685.6,679.5,671.5,670.9,680.1,694.7,706.1,710.2,708.6,706.0,703.8,702.9,643.6,637.2,632.5,628.8,627.1,634.6,642.2,651.0,660.6,670.9,633.5,627.8,621.6,616.1,632.9,631.8,631.3,634.6,638.6,643.5,640.4,640.8,642.4,641.3,640.9,651.9,654.2,658.2,664.8,658.8,654.9,651.1,640.5,636.7,638.0,640.1,649.1,662.5,651.2,644.1,641.4,640.4,643.2,648.8,639.9,640.7,643.5,658.5,643.4,640.6,640.0,0.597,0.222,-0.215,0.044,266.62,186.989,-7.79,12.967,-13.05,19.915,5.554,2.003,-5.057,2.613,3.764,-3.373,-0.192,0.97,0.407,-1.796,-0.845,-0.021,0.457,1.169,-1.313,-0.848,0.28,-0.371,-0.137,-0.614,0.056,0.022,0.108,0.034,-0.1,-0.006,-0.019,-0.004,0.01,-0.003,0.45,0.16,0.0,0.91,0.0,0.0,0.0,0.0,0.0,0.13,0.0,0.0,0.0,0.0,0.0,0.0,0.0,0.0,1.0,0.0,1.0,0.0,0.0,0.0,0.0,0.0,0.0,0.0,0.0,0.0,0.0,0.0,0.0,1.0,0.0
PP133,g1,1918,0,0.975,0.187188,0.199653,-0.961821,0.035317,0.192326,-0.980695,0.114,0.199,244.6,246.0,249.3,252.4,253.6,252.4,248.9,245.8,240.2,242.3,245.2,248.7,252.2,254.8,256.5,254.4,251.4,248.1,245.0,242.2,247.6,249.0,250.4,251.1,250.6,249.2,247.8,247.1,282.5,283.5,286.3,289.3,290.7,289.6,286.8,283.5,279.3,281.3,284.1,287.4,290.4,292.4,293.5,292.4,290.4,287.8,284.8,281.7,285.1,286.4,287.7,288.1,287.5,286.2,285.0,284.5,161.6,158.4,157.2,158.6,162.0,165.4,166.4,164.9,162.9,161.2,160.1,159.7,160.4,162.0,164.2,165.3,165.6,165.7,165.3,164.4,163.3,163.9,163.4,161.9,160.5,159.8,160.4,161.8,162.2,159.0,157.6,158.9,162.0,165.2,166.6,165.6,164.3,162.2,160.7,160.0,160.5,161.7,163.4,164.9,165.7,166.0,165.9,165.5,163.6,164.1,163.5,162.2,160.8,160.2,160.8,162.2,-7.1,-5.2,-0.9,3.1,4.7,3.1,-1.4,-5.5,-12.8,-10.1,-6.3,-1.7,2.9,6.2,8.5,5.7,1.8,-2.4,-6.5,-10.2,-3.1,-1.3,0.6,1.4,0.7,-1.1,-2.9,-3.8,43.3,44.7,48.7,52.8,54.6,53.1,49.2,44.8,39.1,41.7,45.4,49.9,54.1,57.2,59.2,57.2,54.2,50.5,46.3,42.2,47.0,48.8,50.5,51.2,50.4,48.6,46.9,46.2,-33.6,-37.8,-39.4,-37.5,-33.2,-28.6,-27.3,-29.3,-32.2,-34.3,-35.5,-36.0,-35.0,-33.1,-30.4,-28.9,-28.3,-28.2,-28.8,-30.0,-31.5,-30.7,-31.4,-33.2,-35.1,-36.0,-35.3,-33.4,-33.7,-38.1,-40.0,-38.4,-34.2,-29.9,-28.0,-29.2,-30.9,-33.7,-35.7,-36.7,-36.2,-34.9,-32.7,-30.5,-29.3,-28.7,-28.8,-29.4,-32.0,-31.3,-32.1,-34.0,-35.9,-36.6,-35.7,-33.8,507.2,507.6,507.7,507.5,507.1,507.0,506.6,506.8,511.4,508.8,506.4,505.3,505.9,507.3,509.0,507.4,505.8,505.5,506.6,508.8,507.8,507.7,507.8,507.9,508.1,508.2,508.2,508.0,520.7,521.6,523.2,524.6,524.8,523.9,522.3,521.1,521.2,520.4,520.1,521.1,523.8,527.4,530.7,527.5,524.2,521.7,520.5,520.6,522.7,523.3,524.0,524.4,524.3,523.7,523.0,522.6,28.0,-0.6,649.4,0.217,-0.163,0.042,220.1,220.3,221.7,224.1,228.7,235.9,244.6,254.7,265.1,273.9,280.5,286.5,291.7,295.7,298.4,300.6,301.4,230.8,237.6,246.4,255.1,263.0,278.5,285.2,291.6,297.8,301.3,270.7,271.4,272.2,273.0,261.3,265.8,270.3,274.5,278.0,240.1,245.5,251.8,256.7,251.4,245.1,279.3,284.4,290.0,293.7,290.3,284.7,251.3,259.0,265.5,269.1,273.0,277.4,281.0,277.1,272.5,268.4,264.3,258.2,254.3,264.9,268.7,272.6,278.8,272.5,268.6,264.7,161.3,173.2,185.1,196.5,207.3,216.7,224.5,230.3,231.7,229.5,222.9,214.8,205.7,195.7,185.3,174.6,163.6,154.5,149.9,148.9,150.5,153.7,153.6,150.7,149.5,150.4,154.6,162.6,170.6,178.5,186.7,191.3,192.9,194.2,193.0,191.4,162.8,160.0,160.3,164.3,165.6,165.5,164.5,160.5,160.5,163.4,165.8,165.9,206.3,204.2,202.8,204.0,202.9,204.4,206.4,211.6,213.8,214.2,213.8,211.6,206.7,206.6,207.0,206.5,206.9,207.9,208.4,208.0,-51.8,-51.8,-49.8,-45.7,-37.5,-24.7,-9.3,8.1,26.0,41.6,54.2,66.0,75.9,82.9,87.6,91.1,92.6,-31.6,-20.2,-5.8,8.2,20.8,46.3,57.8,69.4,80.8,88.1,33.6,34.4,35.4,36.3,18.4,25.6,32.9,39.7,45.7,-16.4,-7.4,2.9,11.0,2.3,-8.1,48.8,57.6,67.4,74.4,68.0,58.3,2.2,14.8,25.2,31.2,37.6,45.6,52.5,45.2,37.1,30.2,23.4,13.4,7.2,24.5,30.7,37.2,48.5,37.0,30.5,24.2,-45.5,-24.9,-4.3,15.9,35.0,51.3,64.4,73.6,75.9,73.2,63.0,49.3,33.0,14.9,-3.9,-23.3,-43.1,-54.4,-61.3,-62.5,-59.5,-54.2,-55.0,-60.4,-63.4,-62.8,-56.5,-40.3,-27.2,-14.3,-1.3,6.1,8.7,10.9,9.0,6.4,-40.6,-45.0,-44.6,-38.1,-36.0,-36.1,-38.4,-45.2,-45.4,-41.1,-36.5,-36.3,31.4,27.4,25.0,27.0,25.3,28.2,32.1,40.2,43.3,43.9,43.2,39.7,31.9,31.3,32.0,31.4,32.7,33.6,34.4,33.6,677.0,681.4,686.2,689.1,688.6,685.8,679.7,671.9,671.3,680.4,694.9,706.2,710.2,708.6,706.1,704.0,703.2,643.4,637.0,632.4,628.7,627.0,634.7,642.2,651.0,660.5,670.8,633.5,627.9,621.9,616.4,633.1,632.0,631.7,634.9,638.9,643.4,640.2,640.7,642.3,641.2,640.8,652.0,654.2,658.2,664.8,658.9,654.9,651.3,640.8,637.0,638.3,640.4,649.4,662.8,651.6,644.6,641.9,640.9,643.7,649.0,640.3,641.1,643.9,658.8,643.8,641.0,640.4,0.596,0.228,-0.214,0.053,266.812,186.908,-8.28,12.806,-13.051,19.141,6.168,1.689,-5.283,2.154,3.711,-3.002,0.254,1.131,0.591,-1.582,-0.976,-0.275,0.469,1.215,-1.253,-0.995,0.353,-0.465,-0.061,-0.508,0.075,-0.051,0.112,0.039,-0.101,-0.011,-0.024,0.005,0.007,-0.003,0.33,0.15,0.0,0.83,0.0,0.0,0.03,0.0,0.0,0.38,0.0,0.0,0.0,0.0,0.0,0.0,0.0,0.0,1.0,0.0,1.0,0.0,0.0,0.0,0.0,0.0,0.0,0.0,0.0,0.0,0.0,0.0,0.0,1.0,0.0
PP133,g1,1924,0,0.975,0.191475,0.208901,-0.959009,0.035799,0.199926,-0.979157,0.117,0.208,245.1,246.6,249.8,253.0,254.1,252.8,249.4,246.3,240.7,242.8,245.7,249.3,252.7,255.3,257.0,254.8,251.9,248.6,245.5,242.7,248.1,249.5,250.9,251.6,251.1,249.7,248.3,247.6,282.9,283.9,286.7,289.7,291.0,290.0,287.1,283.9,279.7,281.7,284.5,287.8,290.7,292.7,293.8,292.7,290.7,288.2,285.1,282.1,285.5,286.8,288.0,288.5,287.9,286.6,285.4,284.9,161.2,158.0,156.8,158.3,161.6,165.1,166.0,164.5,162.4,160.7,159.7,159.3,160.1,161.7,163.9,165.0,165.3,165.3,164.9,164.0,162.8,163.5,163.0,161.6,160.1,159.5,160.0,161.4,162.0,158.9,157.5,158.8,161.9,165.1,166.4,165.4,164.2,162.1,160.6,159.9,160.4,161.5,163.3,164.8,165.6,165.9,165.7,165.3,163.4,164.0,163.4,162.0,160.7,160.1,160.7,162.1,-6.4,-4.5,-0.2,3.9,5.4,3.7,-0.8,-4.9,-12.2,-9.4,-5.5,-0.9,3.6,6.9,9.1,6.3,2.4,-1.8,-5.9,-9.6,-2.4,-0.6,1.2,2.1,1.4,-0.4,-2.2,-3.1,44.1,45.6,49.5,53.6,55.4,53.9,50.0,45.6,39.9,42.6,46.2,50.8,54.9,58.0,59.9,58.0,55.0,51.3,47.1,43.0,47.8,49.6,51.4,52.0,51.2,49.4,47.7,47.0,-34.3,-38.5,-40.1,-38.1,-33.8,-29.3,-28.0,-30.0,-33.0,-35.0,-36.2,-36.7,-35.7,-33.7,-30.9,-29.4,-29.0,-28.9,-29.5,-30.8,-32.2,-31.4,-32.0,-33.9,-35.8,-36.6,-36.0,-34.1,-34.2,-38.5,-40.4,-38.8,-34.6,-30.3,-28.4,-29.7,-31.3,-34.1,-36.1,-37.1,-36.6,-35.3,-33.1,-30.9,-29.6,-29.1,-29.2,-29.8,-32.4,-31.7,-32.5,-34.4,-36.3,-37.0,-36.1,-34.2,509.8,510.3,510.4,510.3,509.9,509.7,509.3,509.4,513.9,511.4,509.1,508.0,508.6,510.1,511.8,510.2,508.6,508.2,509.3,511.4,510.5,510.4,510.5,510.7,510.9,510.9,510.8,510.7,524.0,524.9,526.5,527.8,528.1,527.2,525.6,524.4,524.4,523.6,523.4,524.4,527.1,530.6,534.0,530.8,527.5,525.0,523.8,523.9,526.0,526.6,527.3,527.7,527.6,527.0,526.3,525.9,28.4,-1.4,651.6,0.232,-0.167,0.053,220.3,220.3,221.6,223.9,228.4,235.5,244.3,254.4,264.8,273.7,280.3,286.4,291.7,295.8,298.6,300.8,301.7,231.5,238.3,247.1,255.8,263.6,279.0,285.7,292.2,298.2,301.7,271.2,271.8,272.6,273.3,261.6,266.0,270.5,274.6,278.1,240.6,246.1,252.3,257.1,251.9,245.6,279.7,284.8,290.4,294.0,290.6,285.1,251.4,259.1,265.6,269.2,272.9,277.3,280.8,276.9,272.3,268.3,264.3,258.2,254.4,265.0,268.7,272.5,278.7,272.4,268.6,264.8,160.5,172.4,184.1,195.4,206.1,215.5,223.3,229.1,230.6,228.5,221.9,213.9,205.0,195.2,185.0,174.4,163.5,153.9,149.4,148.5,150.2,153.5,153.5,150.6,149.3,150.3,154.5,162.5,170.4,178.3,186.4,190.9,192.5,193.9,192.7,191.1,162.4,159.6,160.0,164.0,165.2,165.1,164.3,160.3,160.4,163.2,165.7,165.7,205.6,203.6,202.4,203.6,202.5,204.0,205.9,211.1,213.2,213.6,213.2,210.9,206.0,206.1,206.5,206.1,206.4,207.4,207.9,207.5,-51.5,-51.8,-50.0,-46.2,-38.2,-25.5,-9.9,7.6,25.6,41.4,54.0,66.0,76.2,83.3,88.2,91.9,93.5,-30.6,-19.1,-4.8,9.3,21.9,47.3,58.9,70.5,81.8,89.0,34.5,35.2,36.0,36.9,18.9,26.0,33.3,40.1,46.1,-15.5,-6.5,3.8,11.7,3.1,-7.3,49.7,58.4,68.2,75.1,68.7,59.0,2.3,15.0,25.5,31.4,37.7,45.6,52.5,45.1,37.0,30.2,23.5,13.5,7.3,24.7,30.9,37.2,48.5,37.0,30.6,24.3,-46.9,-26.5,-6.1,14.0,33.0,49.3,62.4,71.8,74.4,71.7,61.5,47.9,31.9,14.1,-4.6,-23.8,-43.5,-55.5,-62.3,-63.3,-60.2,-54.8,-55.4,-60.9,-63.8,-63.1,-56.8,-40.6,-27.5,-14.7,-1.7,5.5,8.1,10.4,8.5,6.0,-41.5,-45.8,-45.3,-38.7,-36.6,-36.9,-38.8,-45.6,-45.8,-41.4,-36.9,-36.6,30.3,26.6,24.4,26.4,24.7,27.6,31.4,39.5,42.6,43.1,42.3,38.7,30.9,30.6,31.3,30.8,32.0,32.9,33.6,32.8,678.3,682.7,687.6,690.6,690.4,687.7,681.8,674.2,673.8,682.9,697.4,708.7,712.9,711.3,709.0,706.9,706.0,644.4,638.1,633.6,630.1,628.5,636.3,643.8,652.7,662.2,672.4,635.2,629.9,624.0,618.8,635.2,634.3,634.1,637.3,641.1,644.7,641.5,642.1,643.8,642.6,642.1,653.7,655.8,659.9,666.7,660.7,656.7,653.5,643.2,639.4,640.7,642.9,651.9,665.4,654.3,647.2,644.5,643.5,646.1,651.3,642.7,643.5,646.3,661.4,646.3,643.5,642.9,0.595,0.24,-0.219,0.065,266.982,186.415,-7.679,12.193,-13.589,17.154,7.176,1.204,-4.709,2.18,3.511,-1.821,0.256,1.247,0.778,-1.87,-0.895,-0.091,0.568,1.269,-1.269,-0.679,0.409,-0.461,0.054,-0.403,0.135,-0.063,0.091,0.035,-0.09,0.002,-0.02,0.01,0.009,0.002,0.5,0.12,0.0,0.56,0.0,0.0,0.0,0.0,0.0,0.29,0.0,0.0,0.0,0.0,0.0,0.0,0.0,0.0,1.0,0.0,1.0,0.0,0.0,0.0,0.0,0.0,0.0,0.0,0.0,0.0,0.0,0.0,0.0,1.0,0.0
PP133,g1,1930,0,0.975,0.195024,0.204085,-0.95933,0.0389,0.195646,-0.979903,0.12,0.203,245.2,246.7,250.0,253.1,254.3,253.0,249.5,246.4,240.8,242.9,245.9,249.4,252.9,255.4,257.1,255.0,252.0,248.8,245.6,242.8,248.3,249.6,251.1,251.7,251.2,249.8,248.4,247.8,283.0,284.0,286.8,289.8,291.1,290.1,287.2,284.0,279.8,281.8,284.6,287.9,290.8,292.8,293.9,292.8,290.8,288.3,285.3,282.2,285.6,286.9,288.1,288.6,288.0,286.7,285.5,285.0,161.0,157.8,156.6,158.0,161.4,164.8,165.8,164.3,162.2,160.5,159.4,159.0,159.8,161.4,163.6,164.7,165.0,165.1,164.7,163.8,162.6,163.3,162.7,161.3,159.9,159.2,159.8,161.2,161.7,158.5,157.2,158.4,161.6,164.7,166.1,165.1,163.9,161.7,160.2,159.5,160.0,161.2,163.0,164.4,165.2,165.6,165.4,165.0,163.1,163.7,163.1,161.7,160.3,159.8,160.4,161.7,-6.2,-4.3,-0.1,4.0,5.5,3.9,-0.6,-4.7,-12.0,-9.2,-5.4,-0.7,3.7,7.1,9.3,6.5,2.6,-1.6,-5.7,-9.4,-2.2,-0.5,1.4,2.2,1.6,-0.2,-2.1,-2.9,44.2,45.6,49.6,53.7,55.5,54.0,50.0,45.6,40.0,42.6,46.2,50.8,55.0,58.1,60.0,58.1,55.1,51.4,47.2,43.1,47.9,49.7,51.4,52.1,51.3,49.5,47.8,47.1,-34.5,-38.7,-40.3,-38.4,-34.0,-29.5,-28.2,-30.2,-33.1,-35.2,-36.4,-36.9,-35.9,-33.9,-31.2,-29.7,-29.2,-29.1,-29.7,-31.0,-32.4,-31.6,-32.3,-34.1,-36.0,-36.9,-36.2,-34.3,-34.5,-38.9,-40.8,-39.2,-35.0,-30.7,-28.8,-30.0,-31.7,-34.5,-36.5,-37.5,-37.0,-35.7,-33.5,-31.3,-30.0,-29.5,-29.6,-30.1,-32.8,-32.1,-32.9,-34.8,-36.7,-37.4,-36.5,-34.6,508.2,508.6,508.8,508.6,508.2,508.0,507.6,507.8,512.3,509.7,507.4,506.3,507.0,508.4,510.2,508.5,506.9,506.5,507.6,509.8,508.8,508.8,508.8,509.0,509.2,509.3,509.2,509.0,523.2,524.1,525.7,527.1,527.4,526.4,524.8,523.6,523.6,522.8,522.6,523.6,526.4,529.9,533.3,530.0,526.7,524.3,523.1,523.1,525.2,525.8,526.5,527.0,526.8,526.2,525.5,525.1,28.8,-2.0,652.0,0.225,-0.172,0.05,220.4,220.5,221.7,224.1,228.6,235.8,244.6,254.7,265.1,273.9,280.4,286.5,291.8,295.8,298.7,300.8,301.7,231.5,238.4,247.2,255.9,263.8,279.1,285.8,292.2,298.3,301.8,271.3,272.0,272.8,273.5,261.9,266.3,270.8,274.8,278.3,240.7,246.2,252.4,257.3,252.0,245.7,279.8,284.9,290.5,294.1,290.7,285.2,251.8,259.5,266.0,269.5,273.3,277.7,281.1,277.3,272.8,268.8,264.7,258.6,254.8,265.4,269.1,272.9,279.0,272.8,269.0,265.2,160.5,172.3,184.0,195.3,206.0,215.3,223.0,228.8,230.3,228.2,221.7,213.7,204.8,195.0,184.7,174.1,163.2,153.7,149.2,148.3,149.9,153.2,153.2,150.3,149.0,149.9,154.2,162.2,170.1,177.9,186.0,190.6,192.2,193.5,192.4,190.8,162.1,159.4,159.7,163.7,165.0,164.9,164.0,160.0,160.1,162.9,165.4,165.4,205.4,203.3,202.0,203.2,202.1,203.6,205.6,210.6,212.7,213.2,212.8,210.6,205.7,205.7,206.1,205.7,206.0,206.9,207.5,207.0,-51.4,-51.6,-49.8,-45.9,-37.8,-25.0,-9.4,8.2,26.1,41.7,54.3,66.3,76.4,83.6,88.4,92.1,93.7,-30.5,-19.0,-4.5,9.6,22.2,47.5,59.1,70.6,82.0,89.2,34.7,35.5,36.4,37.3,19.3,26.5,33.8,40.6,46.5,-15.4,-6.3,4.0,12.0,3.3,-7.0,49.9,58.7,68.5,75.4,69.0,59.3,3.0,15.7,26.1,32.0,38.4,46.2,53.0,45.7,37.7,30.9,24.3,14.3,8.0,25.3,31.5,37.9,49.1,37.7,31.3,25.0,-46.9,-26.5,-6.1,13.9,32.7,49.0,62.0,71.3,73.8,71.1,61.1,47.6,31.6,13.7,-5.0,-24.3,-44.0,-55.9,-62.7,-63.7,-60.6,-55.3,-56.0,-61.4,-64.5,-63.8,-57.5,-41.2,-28.1,-15.3,-2.4,5.0,7.6,9.8,7.9,5.4,-41.9,-46.2,-45.8,-39.2,-37.1,-37.3,-39.4,-46.2,-46.4,-42.1,-37.5,-37.2,29.9,26.1,23.8,25.7,24.0,26.9,30.8,38.8,41.8,42.4,41.6,38.1,30.4,30.0,30.7,30.1,31.4,32.1,32.9,32.1,678.7,682.9,687.7,690.6,690.4,687.6,681.8,674.1,673.8,683.1,697.7,709.1,713.5,712.3,710.1,708.1,707.3,645.0,638.7,634.2,630.7,629.2,637.0,644.6,653.5,663.1,673.5,635.9,630.5,624.5,619.2,635.5,634.6,634.4,637.7,641.6,645.3,642.1,642.7,644.5,643.2,642.7,654.4,656.6,660.8,667.6,661.5,657.5,653.5,643.3,639.5,640.8,643.0,652.1,665.6,654.4,647.2,644.5,643.5,646.1,651.3,642.8,643.7,646.5,661.6,646.4,643.6,642.9,0.594,0.233,-0.225,0.062,267.203,186.112,-6.517,11.494,-13.734,17.129,7.178,1.183,-4.594,2.422,3.371,-2.111,0.303,1.266,0.643,-1.722,-0.805,-0.238,0.5,1.072,-1.052,-0.741,0.49,-0.483,-0.089,-0.363,0.19,-0.059,0.089,0.038,-0.097,-0.008,-0.021,0.011,0.007,-0.001,0.31,0.0,0.0,0.97,0.0,0.0,0.1,0.0,0.0,0.18,0.0,0.0,0.0,0.0,0.0,0.0,0.0,0.0,1.0,0.0,1.0,0.0,0.0,0.0,0.0,0.0,0.0,0.0,0.0,0.0,0.0,0.0,0.0,1.0,0.0
PP133,g1,1936,0,0.975,0.193301,0.194737,-0.96162,0.04223,0.18667,-0.981515,0.121,0.194,245.6,247.0,250.3,253.4,254.6,253.4,249.9,246.8,241.2,243.3,246.2,249.7,253.2,255.8,257.5,255.4,252.4,249.1,246.0,243.2,248.6,250.0,251.4,252.1,251.5,250.2,248.8,248.1,283.2,284.3,287.1,290.0,291.4,290.3,287.5,284.3,280.1,282.1,284.8,288.2,291.1,293.1,294.2,293.1,291.1,288.6,285.6,282.5,285.9,287.2,288.4,288.9,288.3,287.0,285.8,285.3,161.1,157.9,156.6,158.1,161.4,164.9,165.9,164.4,162.4,160.6,159.6,159.1,159.9,161.5,163.7,164.8,165.1,165.2,164.8,163.9,162.7,163.4,162.8,161.4,160.0,159.3,159.9,161.3,161.7,158.5,157.2,158.4,161.6,164.7,166.1,165.1,163.9,161.7,160.2,159.5,160.0,161.2,163.0,164.4,165.2,165.5,165.4,165.0,163.1,163.7,163.1,161.7,160.3,159.8,160.3,161.7,-5.8,-3.9,0.4,4.5,6.0,4.4,-0.1,-4.2,-11.5,-8.8,-4.9,-0.3,4.2,7.5,9.8,7.0,3.1,-1.1,-5.2,-8.9,-1.8,0.0,1.9,2.7,2.0,0.2,-1.6,-2.4,44.5,46.0,49.9,54.0,55.8,54.3,50.4,46.0,40.3,43.0,46.6,51.1,55.3,58.4,60.3,58.4,55.4,51.7,47.6,43.4,48.2,50.0,51.7,52.4,51.6,49.8,48.1,47.4,-34.4,-38.6,-40.2,-38.3,-33.9,-29.4,-28.1,-30.0,-32.9,-35.1,-36.3,-36.8,-35.8,-33.9,-31.1,-29.6,-29.1,-29.0,-29.5,-30.8,-32.3,-31.5,-32.2,-34.0,-35.9,-36.7,-36.0,-34.2,-34.5,-38.8,-40.8,-39.2,-35.0,-30.7,-28.8,-30.0,-31.6,-34.5,-36.5,-37.5,-37.0,-35.7,-33.5,-31.3,-30.0,-29.5,-29.6,-30.1,-32.8,-32.1,-32.9,-34.8,-36.6,-37.3,-36.5,-34.6,508.3,508.7,508.9,508.7,508.3,508.1,507.7,507.9,512.4,509.8,507.5,506.4,507.0,508.5,510.2,508.6,507.0,506.6,507.7,509.9,508.9,508.8,508.9,509.1,509.3,509.4,509.3,509.1,522.7,523.7,525.3,526.7,527.0,526.0,524.4,523.1,523.1,522.4,522.2,523.3,526.0,529.5,532.9,529.6,526.3,523.8,522.6,522.7,524.8,525.4,526.1,526.5,526.4,525.8,525.1,524.7,29.5,-1.6,651.0,0.212,-0.174,0.045,220.8,221.0,222.3,224.7,229.3,236.5,245.3,255.4,265.9,274.6,281.1,287.0,292.2,296.1,298.8,300.9,301.8,231.8,238.6,247.4,256.1,264.0,279.4,286.1,292.5,298.5,301.9,271.7,272.4,273.3,274.1,262.4,266.9,271.4,275.4,278.9,241.1,246.5,252.8,257.6,252.4,246.1,280.1,285.2,290.8,294.3,291.0,285.5,252.4,260.1,266.5,270.1,273.9,278.2,281.6,277.9,273.4,269.4,265.4,259.3,255.4,266.0,269.7,273.5,279.5,273.4,269.6,265.8,160.9,172.8,184.6,196.0,206.7,216.1,223.8,229.5,230.9,228.8,222.3,214.3,205.3,195.4,185.0,174.4,163.4,154.0,149.4,148.3,149.9,153.1,153.1,150.2,148.9,149.9,154.3,162.1,170.0,177.9,185.9,190.7,192.2,193.6,192.4,190.8,162.3,159.5,159.8,163.8,165.1,165.0,164.0,160.0,160.0,162.9,165.4,165.4,205.8,203.6,202.3,203.4,202.3,203.9,205.9,210.9,213.0,213.4,213.0,210.9,206.1,206.0,206.4,205.9,206.3,207.2,207.7,207.3,-50.6,-50.7,-48.7,-44.6,-36.5,-23.8,-8.3,9.3,27.3,42.9,55.3,67.0,76.9,83.9,88.6,92.2,93.7,-30.0,-18.7,-4.2,9.9,22.6,48.0,59.5,71.0,82.3,89.5,35.2,36.1,37.2,38.1,20.2,27.4,34.6,41.4,47.3,-14.7,-5.7,4.6,12.6,3.9,-6.4,50.4,59.1,68.9,75.8,69.5,59.7,4.1,16.7,27.0,32.9,39.2,47.0,53.8,46.6,38.7,32.0,25.3,15.4,9.0,26.3,32.4,38.8,49.9,38.6,32.3,26.0,-46.2,-25.6,-5.1,15.0,33.9,50.2,63.2,72.3,74.7,72.1,62.1,48.5,32.4,14.4,-4.4,-23.8,-43.6,-55.2,-62.3,-63.5,-60.6,-55.3,-56.1,-61.5,-64.5,-63.8,-57.3,-41.3,-28.2,-15.4,-2.5,5.1,7.7,9.9,8.0,5.4,-41.6,-46.0,-45.6,-39.1,-36.9,-37.0,-39.4,-46.3,-46.4,-42.0,-37.5,-37.2,30.5,26.5,24.1,26.1,24.3,27.3,31.3,39.1,42.1,42.7,42.0,38.6,31.0,30.3,31.0,30.4,31.8,32.5,33.2,32.5,678.0,682.1,686.7,689.4,689.0,686.2,680.3,672.5,672.1,681.5,696.3,707.9,712.4,711.1,708.9,706.9,706.3,644.7,638.4,633.9,630.4,628.8,636.8,644.5,653.5,663.2,673.5,635.4,629.7,623.6,618.0,634.5,633.5,633.2,636.5,640.5,644.7,641.6,642.2,643.9,642.7,642.1,654.0,656.4,660.5,667.3,661.2,657.1,652.1,641.9,638.3,639.6,641.8,650.9,664.3,652.9,645.7,643.0,641.9,644.5,649.9,641.5,642.4,645.2,660.2,645.1,642.2,641.5,0.595,0.221,-0.228,0.056,267.661,186.342,-6.969,12.333,-13.786,18.923,6.375,1.595,-4.947,2.387,3.879,-2.495,-0.025,1.189,0.618,-1.766,-0.721,-0.289,0.574,1.209,-1.167,-0.731,0.436,-0.45,-0.166,-0.519,0.222,-0.047,0.102,0.052,-0.098,-0.006,-0.023,0.005,0.009,-0.005,0.52,0.07,0.0,0.83,0.0,0.0,0.0,0.0,0.0,0.55,0.0,0.0,0.0,0.0,0.0,0.0,0.0,0.0,1.0,0.0,1.0,0.0,0.0,0.0,0.0,0.0,1.0,0.0,0.0,0.0,0.0,0.0,0.0,1.0,0.0
PP133,g1,1942,0,0.975,0.191879,0.193177,-0.962219,0.043791,0.185653,-0.981639,0.121,0.192,245.7,247.2,250.4,253.6,254.8,253.6,250.1,247.0,241.4,243.4,246.4,249.9,253.4,256.0,257.7,255.5,252.6,249.3,246.2,243.4,248.8,250.2,251.6,252.2,251.7,250.3,248.9,248.3,283.4,284.4,287.2,290.1,291.5,290.5,287.7,284.5,280.2,282.3,285.0,288.3,291.2,293.2,294.3,293.2,291.3,288.7,285.7,282.6,286.0,287.3,288.5,289.0,288.4,287.1,285.9,285.4,161.4,158.2,156.9,158.4,161.7,165.2,166.2,164.7,162.7,161.0,159.9,159.4,160.2,161.8,163.9,165.0,165.4,165.4,165.1,164.2,163.0,163.6,163.1,161.7,160.2,159.6,160.2,161.6,161.9,158.8,157.4,158.7,161.8,164.9,166.3,165.3,164.1,162.0,160.5,159.8,160.3,161.4,163.2,164.6,165.4,165.7,165.6,165.2,163.3,163.9,163.3,161.9,160.5,160.0,160.6,162.0,-5.5,-3.7,0.6,4.7,6.2,4.6,0.1,-4.0,-11.3,-8.6,-4.7,-0.1,4.4,7.8,10.1,7.2,3.3,-0.9,-5.0,-8.7,-1.5,0.3,2.1,2.9,2.2,0.4,-1.4,-2.2,44.8,46.2,50.2,54.3,56.1,54.6,50.7,46.3,40.6,43.2,46.9,51.4,55.6,58.7,60.6,58.7,55.7,52.0,47.9,43.7,48.5,50.3,52.0,52.7,51.9,50.1,48.4,47.7,-34.0,-38.2,-39.9,-37.9,-33.6,-29.1,-27.8,-29.7,-32.6,-34.7,-35.9,-36.4,-35.5,-33.5,-30.8,-29.3,-28.8,-28.6,-29.2,-30.4,-31.9,-31.1,-31.8,-33.7,-35.6,-36.4,-35.7,-33.8,-34.3,-38.6,-40.6,-39.0,-34.8,-30.4,-28.5,-29.8,-31.4,-34.2,-36.2,-37.2,-36.7,-35.5,-33.3,-31.1,-29.8,-29.3,-29.4,-29.9,-32.6,-31.9,-32.7,-34.6,-36.4,-37.1,-36.3,-34.4,508.8,509.2,509.4,509.2,508.7,508.6,508.2,508.4,513.0,510.4,508.0,506.9,507.5,508.9,510.6,509.0,507.5,507.1,508.2,510.4,509.4,509.3,509.4,509.6,509.8,509.8,509.8,509.6,524.0,525.0,526.6,528.0,528.2,527.3,525.6,524.4,524.4,523.6,523.5,524.5,527.2,530.8,534.1,530.9,527.5,525.1,523.8,523.9,526.1,526.7,527.4,527.8,527.7,527.1,526.4,525.9,30.0,-1.1,649.2,0.205,-0.175,0.039,221.1,221.2,222.6,225.0,229.6,236.8,245.7,256.0,266.5,275.2,281.6,287.5,292.5,296.4,299.0,301.1,301.9,231.9,238.7,247.5,256.3,264.2,279.6,286.2,292.6,298.6,302.0,271.8,272.7,273.6,274.5,262.7,267.2,271.8,275.8,279.3,241.3,246.7,252.9,257.8,252.6,246.3,280.2,285.3,290.9,294.5,291.2,285.7,252.9,260.6,267.1,270.6,274.4,278.8,282.2,278.5,274.1,270.0,266.0,259.9,255.9,266.5,270.3,274.0,280.0,274.0,270.2,266.4,161.3,173.2,185.0,196.4,207.2,216.6,224.4,230.2,231.6,229.4,222.9,214.7,205.6,195.7,185.3,174.6,163.7,154.3,149.6,148.6,150.2,153.4,153.4,150.5,149.1,150.1,154.4,162.4,170.2,178.1,186.2,190.9,192.5,193.8,192.6,191.0,162.6,159.8,160.1,164.0,165.3,165.3,164.2,160.2,160.3,163.1,165.5,165.6,206.1,203.9,202.5,203.7,202.5,204.1,206.1,211.2,213.3,213.8,213.4,211.3,206.4,206.2,206.6,206.1,206.5,207.4,208.0,207.6,-50.1,-50.2,-48.1,-44.0,-35.8,-23.1,-7.5,10.3,28.3,43.9,56.3,67.8,77.4,84.2,88.8,92.2,93.6,-29.7,-18.4,-4.0,10.1,22.7,48.1,59.5,71.0,82.3,89.5,35.5,36.4,37.5,38.6,20.6,27.9,35.2,42.0,47.9,-14.4,-5.4,4.8,12.9,4.2,-6.1,50.5,59.2,69.0,75.8,69.5,59.9,4.8,17.4,27.8,33.7,40.0,47.8,54.6,47.5,39.7,32.9,26.2,16.3,9.7,27.1,33.2,39.6,50.6,39.5,33.1,26.8,-45.4,-24.9,-4.3,15.8,34.7,51.0,64.1,73.3,75.7,73.0,62.9,49.3,33.0,14.9,-3.9,-23.3,-43.0,-54.7,-61.8,-63.1,-60.1,-54.7,-55.5,-61.0,-64.0,-63.4,-56.9,-40.8,-27.7,-15.0,-2.1,5.5,8.1,10.3,8.3,5.7,-41.0,-45.4,-45.0,-38.6,-36.4,-36.5,-38.9,-45.7,-45.9,-41.6,-37.1,-36.8,31.0,26.9,24.5,26.4,24.6,27.5,31.5,39.4,42.5,43.1,42.4,39.1,31.4,30.7,31.3,30.7,32.1,32.8,33.6,32.9,676.7,680.8,685.4,688.1,687.6,684.7,678.6,670.7,670.3,679.8,694.8,706.7,711.1,709.7,707.3,705.2,704.5,643.3,637.0,632.4,628.9,627.4,635.2,643.0,652.1,661.9,672.4,633.9,628.1,621.7,616.0,632.6,631.6,631.3,634.7,638.8,643.3,640.2,640.9,642.6,641.3,640.7,652.7,655.2,659.3,666.0,659.9,655.8,650.2,639.7,636.2,637.6,639.8,648.9,662.5,650.9,643.6,640.8,639.7,642.3,647.9,639.4,640.3,643.2,658.4,643.0,640.1,639.4,0.597,0.215,-0.23,0.051,268.007,186.648,-5.556,13.052,-13.314,19.758,4.858,1.674,-5.184,3.249,3.645,-3.038,-0.02,0.8,0.104,-1.966,-0.44,-0.524,0.323,0.883,-1.254,-0.731,0.466,-0.411,-0.281,-0.605,0.215,0.123,0.086,0.052,-0.107,-0.013,-0.03,-0.009,0.012,-0.003,0.71,0.22,0.0,0.53,0.0,0.0,0.0,0.0,0.0,0.26,0.0,0.0,0.0,0.0,0.0,0.0,0.0,0.0,1.0,0.0,1.0,0.0,0.0,0.0,0.0,0.0,0.0,0.0,0.0,0.0,0.0,0.0,0.0,1.0,0.0
PP133,g1,1948,0,0.975,0.193559,0.196175,-0.961275,0.043409,0.189245,-0.98097,0.121,0.196,246.2,247.6,250.8,254.0,255.2,254.0,250.5,247.4,241.8,243.9,246.8,250.3,253.8,256.3,258.1,255.9,253.0,249.7,246.6,243.8,249.2,250.6,252.0,252.6,252.1,250.7,249.3,248.7,283.7,284.8,287.6,290.5,291.8,290.8,288.0,284.8,280.6,282.6,285.3,288.7,291.5,293.5,294.6,293.5,291.6,289.0,286.0,283.0,286.4,287.7,288.9,289.3,288.8,287.5,286.3,285.8,161.8,158.6,157.3,158.8,162.1,165.5,166.5,165.1,163.1,161.4,160.3,159.8,160.6,162.1,164.3,165.3,165.7,165.8,165.4,164.6,163.4,164.0,163.5,162.1,160.6,160.0,160.5,161.9,162.3,159.1,157.8,159.0,162.1,165.3,166.6,165.6,164.4,162.3,160.8,160.2,160.7,161.8,163.5,164.9,165.7,166.0,165.9,165.5,163.7,164.2,163.6,162.3,160.9,160.4,160.9,162.3,-5.0,-3.1,1.1,5.2,6.8,5.2,0.7,-3.4,-10.8,-8.0,-4.2,0.4,4.9,8.3,10.6,7.8,3.9,-0.3,-4.5,-8.1,-1.0,0.8,2.6,3.5,2.8,1.0,-0.9,-1.7,45.6,47.0,51.0,55.1,56.9,55.4,51.5,47.0,41.4,44.0,47.7,52.2,56.4,59.5,61.4,59.5,56.5,52.8,48.6,44.5,49.3,51.1,52.8,53.5,52.7,50.9,49.2,48.5,-33.7,-37.9,-39.5,-37.6,-33.3,-28.8,-27.4,-29.3,-32.2,-34.3,-35.6,-36.1,-35.2,-33.2,-30.6,-29.0,-28.5,-28.3,-28.9,-30.1,-31.6,-30.8,-31.5,-33.4,-35.3,-36.1,-35.4,-33.5,-34.1,-38.4,-40.3,-38.7,-34.5,-30.2,-28.3,-29.6,-31.2,-34.0,-36.0,-37.0,-36.5,-35.2,-33.0,-30.8,-29.6,-29.0,-29.1,-29.7,-32.3,-31.6,-32.4,-34.3,-36.2,-36.9,-36.0,-34.1,511.5,511.9,512.1,511.9,511.5,511.3,510.9,511.1,515.6,513.0,510.7,509.6,510.2,511.7,513.4,511.8,510.2,509.8,510.9,513.1,512.1,512.0,512.1,512.3,512.5,512.5,512.5,512.3,527.4,528.3,530.0,531.3,531.6,530.7,529.0,527.8,527.8,527.0,526.9,527.9,530.6,534.1,537.5,534.2,530.9,528.4,527.2,527.3,529.5,530.0,530.8,531.2,531.0,530.5,529.7,529.3,30.6,-0.7,650.6,0.207,-0.176,0.041,221.4,221.5,222.9,225.3,229.9,237.1,246.0,256.2,266.7,275.4,281.8,287.7,292.8,296.6,299.3,301.4,302.3,232.4,239.2,248.0,256.7,264.6,279.9,286.5,292.9,298.9,302.3,272.2,273.0,273.9,274.8,263.1,267.6,272.1,276.1,279.6,241.7,247.1,253.3,258.2,253.0,246.7,280.6,285.7,291.2,294.8,291.5,286.0,253.2,261.0,267.4,270.9,274.7,279.0,282.4,278.8,274.3,270.3,266.3,260.2,256.2,266.8,270.6,274.3,280.3,274.3,270.5,266.7,161.5,173.4,185.2,196.6,207.4,216.8,224.5,230.3,231.7,229.5,223.0,214.9,205.8,195.9,185.5,174.8,163.8,154.6,149.9,148.9,150.5,153.7,153.6,150.7,149.4,150.4,154.7,162.7,170.5,178.3,186.4,191.1,192.7,194.0,192.8,191.2,163.0,160.2,160.5,164.4,165.7,165.6,164.5,160.6,160.7,163.4,165.9,165.9,206.4,204.1,202.7,203.9,202.7,204.3,206.3,211.4,213.5,214.0,213.6,211.5,206.7,206.4,206.8,206.3,206.8,207.6,208.2,207.8,-49.6,-49.7,-47.7,-43.6,-35.4,-22.6,-7.0,10.7,28.8,44.4,56.7,68.3,78.0,84.9,89.5,93.0,94.4,-29.0,-17.7,-3.3,10.9,23.5,48.8,60.3,71.8,83.1,90.2,36.1,37.1,38.2,39.2,21.2,28.5,35.8,42.6,48.5,-13.7,-4.7,5.5,13.5,4.9,-5.4,51.2,60.0,69.7,76.5,70.2,60.6,5.4,18.0,28.3,34.3,40.6,48.3,55.1,48.0,40.2,33.4,26.8,16.8,10.3,27.6,33.8,40.1,51.1,40.0,33.6,27.4,-45.1,-24.6,-4.0,16.1,35.1,51.4,64.5,73.7,76.1,73.3,63.3,49.7,33.4,15.3,-3.6,-23.0,-42.8,-54.2,-61.3,-62.6,-59.7,-54.4,-55.2,-60.7,-63.7,-63.0,-56.5,-40.4,-27.4,-14.6,-1.8,5.9,8.4,10.6,8.7,6.0,-40.4,-44.8,-44.4,-38.1,-35.9,-36.0,-38.5,-45.2,-45.4,-41.1,-36.6,-36.3,31.5,27.3,24.8,26.8,25.0,27.9,32.0,39.9,42.9,43.5,42.9,39.5,31.9,31.1,31.7,31.1,32.5,33.2,34.0,33.3,677.6,681.7,686.3,689.1,688.6,685.8,679.8,672.1,671.9,681.4,696.3,708.0,712.5,711.0,708.7,706.7,706.0,644.3,638.1,633.6,630.2,628.7,636.6,644.4,653.5,663.2,673.6,635.2,629.5,623.3,617.7,634.0,633.1,632.9,636.3,640.4,644.4,641.4,642.1,643.8,642.5,641.9,654.0,656.4,660.6,667.3,661.2,657.1,651.5,641.2,637.7,639.1,641.4,650.4,664.0,652.4,645.2,642.4,641.3,643.8,649.4,640.9,641.8,644.7,659.9,644.6,641.7,640.9,0.595,0.218,-0.232,0.053,268.324,186.89,-6.278,12.682,-13.526,19.081,5.1,1.234,-4.95,2.668,3.55,-3.155,-0.345,0.812,0.204,-1.989,-0.596,-0.358,0.169,0.966,-1.26,-0.773,0.545,-0.405,-0.157,-0.738,0.119,0.105,0.1,0.044,-0.112,-0.01,-0.031,-0.007,0.012,-0.004,0.53,0.06,0.0,0.84,0.0,0.0,0.0,0.0,0.0,0.44,0.0,0.0,0.0,0.0,0.0,0.0,0.0,0.0,1.0,0.0,1.0,0.0,0.0,0.0,0.0,0.0,0.0,0.0,0.0,0.0,0.0,0.0,0.0,1.0,0.0
PP133,g1,1954,0,0.975,0.19351,0.199642,-0.960571,0.042628,0.192665,-0.980338,0.121,0.199,246.1,247.5,250.7,253.9,255.1,253.9,250.4,247.3,241.7,243.8,246.7,250.2,253.7,256.2,258.0,255.8,252.9,249.6,246.5,243.7,249.1,250.5,251.9,252.5,252.0,250.6,249.2,248.6,283.7,284.7,287.5,290.4,291.8,290.8,288.0,284.8,280.6,282.6,285.3,288.6,291.5,293.5,294.6,293.5,291.5,289.0,286.0,282.9,286.3,287.6,288.8,289.3,288.7,287.4,286.2,285.8,161.6,158.4,157.2,158.6,161.9,165.4,166.3,164.9,162.9,161.2,160.1,159.7,160.4,162.0,164.1,165.2,165.5,165.6,165.2,164.4,163.2,163.8,163.3,161.9,160.5,159.8,160.4,161.8,162.1,159.0,157.6,158.9,162.0,165.1,166.5,165.5,164.2,162.2,160.7,160.0,160.5,161.6,163.4,164.8,165.6,165.9,165.7,165.3,163.5,164.1,163.5,162.1,160.7,160.2,160.8,162.2,-5.1,-3.3,1.0,5.1,6.6,5.0,0.5,-3.6,-10.9,-8.2,-4.3,0.3,4.8,8.2,10.5,7.6,3.7,-0.5,-4.6,-8.3,-1.1,0.7,2.5,3.3,2.6,0.8,-1.0,-1.8,45.4,46.9,50.8,54.9,56.8,55.3,51.3,46.9,41.3,43.9,47.6,52.1,56.3,59.4,61.3,59.4,56.4,52.7,48.5,44.4,49.2,51.0,52.7,53.4,52.6,50.8,49.0,48.4,-33.9,-38.1,-39.7,-37.8,-33.5,-28.9,-27.6,-29.5,-32.4,-34.5,-35.8,-36.3,-35.3,-33.4,-30.7,-29.2,-28.7,-28.5,-29.1,-30.3,-31.8,-31.0,-31.7,-33.5,-35.4,-36.3,-35.6,-33.7,-34.2,-38.5,-40.5,-38.9,-34.7,-30.3,-28.4,-29.7,-31.4,-34.1,-36.1,-37.1,-36.6,-35.4,-33.2,-31.0,-29.8,-29.2,-29.3,-29.9,-32.5,-31.8,-32.6,-34.5,-36.3,-37.0,-36.2,-34.3,510.9,511.3,511.5,511.3,510.9,510.7,510.3,510.5,515.0,512.4,510.1,509.0,509.6,511.1,512.8,511.2,509.6,509.2,510.3,512.5,511.5,511.5,511.5,511.7,511.9,511.9,511.9,511.7,526.7,527.7,529.3,530.7,530.9,530.0,528.4,527.2,527.2,526.4,526.2,527.2,529.9,533.5,536.8,533.6,530.3,527.8,526.6,526.7,528.8,529.4,530.1,530.5,530.4,529.8,529.1,528.7,30.4,-1.0,649.8,0.212,-0.176,0.043,221.3,221.4,222.7,225.1,229.7,236.9,245.7,256.0,266.5,275.2,281.6,287.5,292.7,296.6,299.3,301.4,302.2,232.3,239.1,247.9,256.6,264.4,279.9,286.5,292.9,298.9,302.3,272.1,272.9,273.8,274.7,262.9,267.4,272.0,276.0,279.5,241.6,247.0,253.2,258.1,252.9,246.6,280.5,285.6,291.2,294.8,291.5,286.0,252.9,260.7,267.2,270.8,274.6,279.0,282.4,278.7,274.2,270.2,266.1,259.9,255.9,266.7,270.4,274.2,280.2,274.1,270.3,266.5,161.3,173.2,184.9,196.3,207.1,216.5,224.3,230.2,231.6,229.4,222.8,214.7,205.6,195.7,185.3,174.6,163.6,154.4,149.7,148.7,150.3,153.5,153.4,150.5,149.3,150.2,154.6,162.5,170.4,178.2,186.3,191.0,192.6,193.9,192.7,191.1,162.8,160.0,160.3,164.2,165.5,165.4,164.4,160.5,160.5,163.3,165.7,165.8,206.1,203.9,202.6,203.7,202.6,204.1,206.1,211.3,213.4,213.9,213.6,211.4,206.4,206.3,206.7,206.2,206.5,207.6,208.2,207.7,-49.6,-49.8,-47.9,-43.9,-35.8,-23.0,-7.5,10.2,28.3,43.9,56.3,68.0,77.8,84.7,89.4,92.9,94.3,-29.1,-17.8,-3.5,10.6,23.2,48.7,60.2,71.7,82.9,90.1,35.9,36.9,38.0,39.0,21.0,28.2,35.5,42.3,48.3,-13.9,-4.9,5.3,13.4,4.7,-5.6,51.0,59.8,69.5,76.4,70.0,60.4,4.9,17.6,28.1,34.0,40.3,48.2,55.0,47.8,39.9,33.1,26.4,16.4,9.8,27.3,33.5,39.9,51.0,39.8,33.4,27.1,-45.4,-25.0,-4.5,15.5,34.5,50.8,64.0,73.3,75.8,73.1,62.9,49.2,33.0,14.8,-4.0,-23.4,-43.2,-54.5,-61.6,-62.8,-59.9,-54.6,-55.4,-60.9,-63.9,-63.2,-56.7,-40.5,-27.5,-14.8,-1.9,5.7,8.2,10.4,8.5,5.8,-40.7,-45.0,-44.6,-38.3,-36.1,-36.2,-38.7,-45.4,-45.5,-41.3,-36.8,-36.5,31.0,26.9,24.5,26.5,24.7,27.6,31.5,39.7,42.8,43.4,42.7,39.3,31.5,30.8,31.4,30.8,32.1,33.1,33.9,33.2,676.3,680.5,685.2,688.1,687.8,685.1,679.2,671.6,671.3,680.8,695.6,707.2,711.6,710.1,707.7,705.7,704.9,643.2,636.9,632.5,629.0,627.6,635.4,643.2,652.3,662.1,672.5,634.1,628.5,622.3,616.7,633.1,632.2,631.9,635.4,639.5,643.3,640.3,640.9,642.7,641.4,640.8,652.9,655.3,659.5,666.1,660.0,655.9,650.9,640.4,636.8,638.2,640.5,649.6,663.4,651.8,644.5,641.7,640.6,643.2,648.8,640.1,641.0,643.9,659.3,643.8,640.9,640.2,0.596,0.222,-0.232,0.054,268.211,186.718,-6.6,12.37,-12.824,18.91,5.019,0.997,-5.245,2.754,3.388,-3.0,-0.409,0.967,0.257,-2.142,-0.543,-0.398,0.163,0.886,-1.155,-0.834,0.553,-0.44,-0.109,-0.652,0.083,0.098,0.107,0.035,-0.114,-0.013,-0.03,-0.002,0.012,-0.002,0.32,0.0,0.0,0.94,0.0,0.0,0.0,0.0,0.0,0.33,0.0,0.0,0.0,0.0,0.0,0.0,0.0,0.0,1.0,0.0,1.0,0.0,0.0,0.0,0.0,0.0,0.0,0.0,0.0,0.0,0.0,0.0,0.0,1.0,0.0
PP133,g1,1960,0,0.975,0.191511,0.195521,-0.961819,0.042521,0.188669,-0.98112,0.12,0.195,245.7,247.1,250.3,253.5,254.7,253.5,250.0,246.9,241.3,243.4,246.3,249.8,253.3,255.9,257.6,255.5,252.5,249.2,246.1,243.3,248.8,250.1,251.5,252.2,251.6,250.3,248.8,248.2,283.3,284.4,287.2,290.1,291.5,290.5,287.7,284.4,280.2,282.2,284.9,288.3,291.2,293.2,294.3,293.2,291.2,288.7,285.7,282.6,286.0,287.3,288.5,289.0,288.4,287.1,285.9,285.4,161.5,158.3,157.0,158.5,161.8,165.3,166.3,164.8,162.8,161.1,160.0,159.5,160.3,161.8,164.0,165.1,165.4,165.5,165.2,164.3,163.1,163.7,163.2,161.8,160.3,159.7,160.3,161.7,161.9,158.8,157.4,158.6,161.8,164.9,166.3,165.3,164.1,162.0,160.5,159.8,160.3,161.4,163.1,164.6,165.4,165.7,165.6,165.2,163.3,163.9,163.3,161.9,160.5,160.0,160.6,162.0,-5.6,-3.8,0.4,4.6,6.1,4.5,0.0,-4.1,-11.4,-8.7,-4.8,-0.2,4.3,7.7,10.0,7.1,3.2,-1.0,-5.1,-8.7,-1.6,0.2,2.0,2.8,2.1,0.3,-1.5,-2.3,44.7,46.2,50.1,54.2,56.1,54.6,50.6,46.2,40.6,43.2,46.8,51.4,55.6,58.6,60.6,58.6,55.7,52.0,47.8,43.7,48.5,50.3,52.0,52.6,51.8,50.0,48.3,47.7,-33.9,-38.1,-39.8,-37.8,-33.5,-29.0,-27.7,-29.6,-32.4,-34.5,-35.8,-36.3,-35.4,-33.4,-30.8,-29.2,-28.7,-28.5,-29.1,-30.3,-31.8,-31.0,-31.7,-33.6,-35.5,-36.3,-35.6,-33.7,-34.3,-38.6,-40.6,-39.0,-34.8,-30.5,-28.5,-29.8,-31.4,-34.2,-36.2,-37.2,-36.8,-35.5,-33.3,-31.1,-29.9,-29.3,-29.4,-29.9,-32.6,-31.9,-32.7,-34.6,-36.4,-37.1,-36.3,-34.4,509.1,509.5,509.6,509.4,509.0,508.9,508.5,508.7,513.3,510.7,508.3,507.2,507.8,509.2,510.9,509.3,507.8,507.4,508.5,510.7,509.7,509.6,509.7,509.9,510.0,510.1,510.1,509.9,523.8,524.8,526.4,527.8,528.0,527.1,525.5,524.2,524.2,523.5,523.3,524.3,527.0,530.6,533.9,530.7,527.3,524.9,523.7,523.7,525.9,526.5,527.2,527.6,527.5,526.9,526.2,525.8,29.9,-1.0,649.0,0.209,-0.174,0.038,221.1,221.2,222.6,225.0,229.7,236.9,245.7,256.0,266.5,275.2,281.6,287.5,292.6,296.4,299.1,301.2,302.0,231.9,238.6,247.4,256.2,264.0,279.5,286.1,292.5,298.5,302.0,271.7,272.5,273.5,274.3,262.6,267.1,271.7,275.8,279.2,241.2,246.6,252.8,257.8,252.5,246.2,280.2,285.3,290.8,294.5,291.2,285.6,252.8,260.5,267.0,270.6,274.4,278.8,282.2,278.5,274.1,270.0,266.0,259.8,255.8,266.5,270.2,274.0,280.0,274.0,270.2,266.3,161.4,173.3,185.1,196.5,207.3,216.7,224.5,230.3,231.7,229.5,222.9,214.7,205.6,195.7,185.2,174.5,163.5,154.4,149.7,148.7,150.3,153.5,153.4,150.4,149.1,150.1,154.4,162.4,170.3,178.2,186.3,191.0,192.6,194.0,192.7,191.1,162.7,159.9,160.2,164.1,165.4,165.4,164.2,160.2,160.3,163.1,165.5,165.6,206.3,204.1,202.6,203.8,202.6,204.1,206.1,211.3,213.5,214.0,213.6,211.5,206.6,206.4,206.7,206.2,206.6,207.6,208.2,207.8,-50.1,-50.2,-48.1,-44.0,-35.8,-23.0,-7.4,10.3,28.3,43.9,56.3,67.8,77.5,84.3,88.9,92.3,93.6,-29.8,-18.5,-4.2,9.9,22.5,47.9,59.3,70.9,82.1,89.3,35.2,36.2,37.3,38.4,20.4,27.7,35.0,41.8,47.8,-14.5,-5.6,4.7,12.8,4.1,-6.2,50.4,59.1,68.9,75.7,69.4,59.8,4.7,17.3,27.7,33.6,39.9,47.8,54.6,47.5,39.7,32.8,26.1,16.1,9.6,26.9,33.1,39.5,50.6,39.4,33.0,26.7,-45.2,-24.7,-4.2,15.9,34.9,51.2,64.3,73.5,75.8,73.1,62.9,49.2,32.9,14.8,-4.1,-23.4,-43.2,-54.5,-61.6,-62.8,-59.9,-54.6,-55.4,-61.0,-64.0,-63.4,-56.9,-40.7,-27.6,-14.8,-1.9,5.7,8.3,10.5,8.5,5.8,-40.8,-45.2,-44.8,-38.5,-36.2,-36.3,-38.9,-45.7,-45.9,-41.6,-37.1,-36.8,31.2,27.1,24.7,26.6,24.8,27.6,31.6,39.6,42.8,43.4,42.8,39.4,31.7,30.9,31.5,30.9,32.2,33.1,33.9,33.2,676.0,680.2,685.0,687.8,687.4,684.6,678.5,670.7,670.4,679.8,694.6,706.3,710.7,709.2,706.7,704.6,703.7,642.8,636.4,631.9,628.4,626.9,634.7,642.4,651.4,661.1,671.5,633.4,627.7,621.5,615.8,632.4,631.4,631.1,634.5,638.7,642.8,639.8,640.4,642.1,640.8,640.3,652.1,654.5,658.6,665.3,659.2,655.1,650.2,639.7,636.1,637.5,639.7,648.8,662.4,650.9,643.7,640.9,639.8,642.4,648.0,639.4,640.3,643.2,658.3,643.0,640.1,639.4,0.597,0.22,-0.228,0.049,267.964,186.723,-6.767,12.679,-13.207,19.674,4.97,1.682,-5.015,3.127,3.625,-3.007,-0.081,0.808,0.295,-1.951,-0.534,-0.362,0.248,0.892,-1.024,-0.716,0.599,-0.497,-0.318,-0.665,0.197,0.099,0.111,0.04,-0.105,-0.011,-0.028,-0.003,0.017,-0.003,0.18,0.0,0.0,1.16,0.0,0.0,0.0,0.0,0.0,0.21,0.0,0.0,0.0,0.0,0.0,0.0,0.0,0.0,1.0,0.0,1.0,0.0,0.0,0.0,0.0,0.0,0.0,0.0,0.0,0.0,0.0,0.0,0.0,1.0,0.0
PP133,g1,1966,0,0.975,0.193799,0.202955,-0.959818,0.042376,0.195613,-0.979765,0.121,0.203,245.9,247.4,250.6,253.8,255.0,253.7,250.3,247.1,241.5,243.6,246.5,250.1,253.6,256.2,257.9,255.7,252.7,249.5,246.3,243.5,249.0,250.4,251.8,252.4,251.9,250.5,249.1,248.5,283.7,284.7,287.5,290.4,291.8,290.8,288.0,284.7,280.5,282.5,285.3,288.6,291.5,293.5,294.6,293.5,291.5,289.0,286.0,282.9,286.3,287.6,288.8,289.3,288.7,287.4,286.2,285.7,161.5,158.3,157.0,158.5,161.8,165.3,166.3,164.8,162.8,161.1,160.0,159.6,160.3,161.9,164.0,165.1,165.5,165.6,165.2,164.3,163.1,163.8,163.2,161.8,160.4,159.7,160.3,161.7,162.0,158.8,157.5,158.7,161.8,165.0,166.4,165.4,164.2,162.1,160.5,159.8,160.3,161.4,163.2,164.7,165.5,165.8,165.7,165.3,163.4,163.9,163.3,162.0,160.6,160.0,160.6,162.0,-5.3,-3.4,0.8,4.9,6.5,4.9,0.4,-3.7,-11.1,-8.3,-4.5,0.1,4.6,8.0,10.3,7.5,3.6,-0.7,-4.8,-8.4,-1.3,0.5,2.3,3.2,2.5,0.7,-1.2,-2.0,45.1,46.5,50.5,54.6,56.4,54.9,51.0,46.6,40.9,43.5,47.2,51.7,55.9,59.0,60.9,59.0,56.0,52.3,48.2,44.0,48.8,50.6,52.4,53.0,52.2,50.4,48.7,48.0,-33.8,-38.0,-39.7,-37.7,-33.4,-28.9,-27.6,-29.5,-32.4,-34.5,-35.7,-36.2,-35.3,-33.3,-30.6,-29.1,-28.6,-28.4,-29.0,-30.3,-31.8,-30.9,-31.6,-33.5,-35.4,-36.2,-35.5,-33.7,-34.1,-38.5,-40.4,-38.8,-34.6,-30.3,-28.4,-29.7,-31.3,-34.1,-36.1,-37.1,-36.6,-35.3,-33.2,-31.0,-29.7,-29.1,-29.2,-29.8,-32.4,-31.7,-32.6,-34.5,-36.3,-37.0,-36.1,-34.2,508.0,508.4,508.5,508.3,507.9,507.8,507.4,507.6,512.1,509.5,507.2,506.0,506.7,508.2,509.9,508.2,506.7,506.3,507.4,509.6,508.6,508.5,508.6,508.8,508.9,509.0,508.9,508.8,523.2,524.1,525.7,527.1,527.4,526.5,524.8,523.6,523.6,522.8,522.6,523.6,526.4,529.9,533.3,530.0,526.7,524.2,523.0,523.1,525.2,525.8,526.5,527.0,526.8,526.2,525.5,525.1,30.2,-1.0,649.5,0.221,-0.176,0.044,221.2,221.3,222.6,225.0,229.6,236.8,245.5,255.8,266.2,275.0,281.4,287.4,292.6,296.5,299.3,301.4,302.2,232.2,239.0,247.8,256.6,264.4,279.8,286.5,292.9,298.9,302.3,272.1,272.8,273.7,274.6,262.8,267.3,271.8,275.9,279.4,241.4,246.9,253.1,258.0,252.7,246.5,280.5,285.6,291.2,294.8,291.5,285.9,252.7,260.6,267.0,270.6,274.4,278.8,282.2,278.5,274.0,270.0,265.9,259.7,255.7,266.5,270.2,274.0,280.1,274.0,270.2,266.3,161.1,173.0,184.8,196.1,206.9,216.3,224.1,230.0,231.4,229.2,222.6,214.4,205.3,195.4,185.0,174.3,163.4,154.3,149.7,148.8,150.4,153.6,153.5,150.6,149.3,150.2,154.4,162.6,170.5,178.4,186.5,191.1,192.7,194.1,192.8,191.2,162.7,159.9,160.2,164.2,165.4,165.4,164.3,160.3,160.4,163.1,165.6,165.7,206.1,204.0,202.7,203.8,202.7,204.1,206.0,211.3,213.5,214.0,213.6,211.4,206.5,206.4,206.8,206.3,206.5,207.6,208.2,207.8,-49.8,-49.9,-48.0,-44.0,-35.9,-23.2,-7.7,9.9,27.9,43.5,56.0,67.6,77.5,84.5,89.2,92.7,94.1,-29.3,-17.9,-3.5,10.6,23.1,48.5,60.0,71.5,82.8,90.0,35.8,36.7,37.8,38.8,20.7,28.0,35.3,42.1,48.0,-14.1,-5.1,5.1,13.2,4.5,-5.8,50.9,59.6,69.4,76.3,70.0,60.3,4.6,17.3,27.8,33.7,40.1,47.9,54.7,47.5,39.6,32.8,26.1,16.0,9.5,27.0,33.2,39.6,50.8,39.5,33.1,26.7,-45.6,-25.2,-4.8,15.2,34.2,50.5,63.7,73.0,75.5,72.7,62.5,48.7,32.5,14.4,-4.5,-23.8,-43.5,-54.6,-61.5,-62.6,-59.6,-54.3,-55.1,-60.7,-63.8,-63.2,-56.9,-40.4,-27.3,-14.5,-1.6,5.8,8.4,10.6,8.7,6.0,-40.8,-45.2,-44.8,-38.4,-36.2,-36.3,-38.7,-45.5,-45.8,-41.5,-36.9,-36.6,31.0,27.0,24.7,26.6,24.9,27.7,31.5,39.7,42.9,43.5,42.8,39.3,31.5,30.9,31.6,30.9,32.1,33.1,33.9,33.2,675.6,679.9,684.8,687.8,687.7,685.1,679.3,671.7,671.4,680.8,695.5,707.0,711.3,709.7,707.3,705.2,704.3,642.3,636.0,631.5,628.1,626.6,634.5,642.2,651.3,661.0,671.5,633.3,627.7,621.7,616.2,632.7,631.8,631.6,635.0,639.0,642.6,639.5,640.1,642.0,640.7,640.1,652.1,654.4,658.6,665.3,659.3,655.2,650.8,640.4,636.7,638.1,640.3,649.5,663.1,651.7,644.5,641.7,640.6,643.2,648.6,640.0,640.9,643.8,659.1,643.7,640.8,640.1,0.597,0.231,-0.231,0.056,268.09,186.68,-6.727,12.093,-12.896,19.014,5.595,1.431,-5.223,2.672,3.573,-2.836,0.149,1.087,0.299,-1.885,-0.616,-0.452,0.33,0.946,-1.057,-0.787,0.581,-0.488,-0.181,-0.513,0.145,0.044,0.123,0.042,-0.107,-0.016,-0.023,0.002,0.013,-0.005,0.39,0.0,0.0,0.66,0.0,0.0,0.0,0.0,0.0,0.57,0.0,0.0,0.0,0.0,0.0,0.0,0.0,0.0,1.0,0.0,1.0,0.0,0.0,0.0,0.0,0.0,1.0,0.0,0.0,0.0,0.0,0.0,0.0,1.0,0.0
PP133,g1,1972,0,0.975,0.197894,0.209917,-0.957482,0.041621,0.202093,-0.978482,0.123,0.21,246.0,247.5,250.7,253.8,255.0,253.8,250.3,247.2,241.6,243.7,246.6,250.2,253.6,256.2,257.9,255.7,252.8,249.5,246.4,243.6,249.0,250.4,251.8,252.5,251.9,250.6,249.2,248.5,283.6,284.6,287.4,290.4,291.7,290.7,287.9,284.7,280.5,282.5,285.2,288.5,291.4,293.4,294.5,293.4,291.4,288.9,285.9,282.8,286.3,287.5,288.8,289.2,288.6,287.3,286.1,285.7,161.2,158.0,156.8,158.3,161.6,165.0,166.0,164.5,162.5,160.8,159.7,159.3,160.1,161.7,163.8,164.9,165.2,165.3,164.9,164.0,162.8,163.5,163.0,161.6,160.1,159.5,160.0,161.4,161.8,158.7,157.3,158.5,161.6,164.8,166.2,165.2,164.0,161.9,160.4,159.7,160.1,161.2,163.0,164.5,165.3,165.6,165.5,165.1,163.2,163.7,163.1,161.8,160.4,159.9,160.5,161.8,-5.2,-3.3,0.9,5.0,6.5,4.9,0.4,-3.7,-11.1,-8.3,-4.4,0.2,4.7,8.1,10.3,7.5,3.6,-0.6,-4.7,-8.4,-1.2,0.5,2.4,3.2,2.6,0.8,-1.1,-1.9,45.3,46.8,50.7,54.8,56.7,55.2,51.2,46.8,41.2,43.8,47.4,52.0,56.2,59.2,61.2,59.2,56.3,52.6,48.4,44.3,49.1,50.9,52.6,53.2,52.4,50.6,48.9,48.3,-34.4,-38.6,-40.2,-38.3,-33.9,-29.4,-28.1,-30.1,-33.0,-35.1,-36.3,-36.8,-35.8,-33.8,-31.1,-29.6,-29.1,-29.0,-29.6,-30.8,-32.3,-31.5,-32.2,-34.0,-35.9,-36.7,-36.0,-34.2,-34.6,-38.9,-40.9,-39.3,-35.1,-30.8,-28.9,-30.1,-31.7,-34.5,-36.6,-37.6,-37.1,-35.9,-33.7,-31.5,-30.2,-29.6,-29.7,-30.2,-32.9,-32.2,-33.0,-34.9,-36.8,-37.5,-36.6,-34.7,511.1,511.5,511.7,511.6,511.2,511.0,510.6,510.7,515.2,512.6,510.3,509.2,509.9,511.4,513.2,511.5,509.9,509.5,510.5,512.7,511.8,511.7,511.8,512.0,512.2,512.2,512.1,511.9,526.6,527.5,529.2,530.5,530.9,529.9,528.3,527.1,527.1,526.3,526.1,527.1,529.8,533.4,536.8,533.5,530.2,527.7,526.5,526.6,528.7,529.3,530.0,530.4,530.3,529.7,529.0,528.6,30.0,-1.8,653.4,0.234,-0.177,0.049,221.2,221.2,222.4,224.7,229.2,236.4,245.2,255.4,265.8,274.5,281.0,287.0,292.3,296.3,299.1,301.3,302.2,232.4,239.2,248.0,256.7,264.5,279.9,286.5,292.8,298.8,302.3,272.0,272.7,273.6,274.4,262.7,267.1,271.6,275.6,279.1,241.5,247.0,253.2,258.0,252.8,246.5,280.5,285.5,291.1,294.7,291.4,285.9,252.5,260.3,266.7,270.3,274.1,278.4,281.8,278.1,273.6,269.5,265.5,259.4,255.5,266.1,269.9,273.7,279.7,273.6,269.8,265.9,160.7,172.4,184.0,195.3,205.9,215.2,223.0,228.8,230.3,228.1,221.5,213.5,204.6,194.8,184.5,173.9,163.0,153.9,149.5,148.6,150.2,153.4,153.3,150.4,149.1,150.0,154.1,162.4,170.3,178.1,186.2,190.7,192.3,193.6,192.5,190.9,162.4,159.6,159.9,163.9,165.2,165.1,164.1,160.1,160.2,162.9,165.4,165.5,205.5,203.4,202.1,203.3,202.2,203.6,205.5,210.7,212.9,213.3,212.9,210.7,205.8,205.8,206.2,205.8,206.0,207.1,207.6,207.2,-50.1,-50.4,-48.6,-44.8,-36.8,-24.0,-8.4,9.3,27.3,43.0,55.5,67.3,77.5,84.7,89.5,93.1,94.6,-29.1,-17.6,-3.3,10.8,23.3,48.8,60.3,71.8,83.0,90.3,35.9,36.8,37.8,38.7,20.6,27.9,35.1,41.9,47.9,-14.1,-5.0,5.2,13.2,4.6,-5.7,51.1,59.8,69.6,76.5,70.2,60.5,4.2,16.9,27.4,33.4,39.8,47.6,54.4,47.1,39.2,32.3,25.6,15.5,9.1,26.6,32.8,39.3,50.5,39.1,32.6,26.3,-46.6,-26.4,-6.1,13.8,32.6,48.9,62.0,71.4,74.0,71.2,61.0,47.4,31.3,13.4,-5.4,-24.7,-44.4,-55.5,-62.2,-63.3,-60.2,-55.0,-55.8,-61.3,-64.4,-63.8,-57.6,-40.9,-27.8,-15.0,-2.1,5.2,7.8,10.0,8.1,5.5,-41.5,-45.8,-45.4,-38.9,-36.8,-36.9,-39.3,-46.1,-46.3,-42.1,-37.5,-37.1,30.1,26.3,24.0,25.9,24.2,27.0,30.8,39.0,42.1,42.7,42.0,38.4,30.6,30.2,30.9,30.3,31.4,32.5,33.2,32.5,678.7,683.1,688.1,691.3,691.3,688.8,683.2,675.8,675.6,684.9,699.4,710.9,715.2,713.9,711.5,709.4,708.5,645.3,639.1,634.7,631.4,630.0,638.0,645.6,654.6,664.2,674.5,636.9,631.6,625.8,620.6,636.8,636.0,635.9,639.2,643.1,645.8,642.7,643.4,645.3,644.0,643.4,655.5,657.7,661.9,668.7,662.7,658.6,654.8,644.6,640.9,642.3,644.6,653.7,667.3,656.2,649.0,646.2,645.1,647.7,652.7,644.3,645.2,648.0,663.3,648.1,645.2,644.5,0.593,0.241,-0.232,0.062,267.897,186.193,-7.306,11.143,-13.463,16.891,6.786,0.947,-4.689,2.444,3.438,-1.932,0.304,1.347,0.764,-1.795,-0.811,-0.172,0.372,1.028,-1.118,-0.846,0.451,-0.468,-0.118,-0.492,0.229,-0.078,0.117,0.046,-0.091,-0.0,-0.02,0.018,0.01,-0.003,0.23,0.0,0.0,0.76,0.0,0.0,0.0,0.0,0.0,0.25,0.0,0.0,0.0,0.0,0.0,0.0,0.0,0.0,1.0,0.0,1.0,0.0,0.0,0.0,0.0,0.0,0.0,0.0,0.0,0.0,0.0,0.0,0.0,1.0,0.0
PP133,g1,1978,0,0.975,0.197623,0.207872,-0.957985,0.04054,0.200886,-0.978775,0.122,0.208,245.3,246.8,250.0,253.1,254.3,253.1,249.6,246.5,240.9,243.0,246.0,249.5,252.9,255.5,257.2,255.0,252.1,248.9,245.7,242.9,248.4,249.7,251.1,251.8,251.3,249.9,248.5,247.8,282.9,283.9,286.7,289.6,291.0,290.0,287.2,284.0,279.8,281.8,284.5,287.8,290.7,292.7,293.8,292.7,290.8,288.2,285.2,282.1,285.6,286.8,288.1,288.5,287.9,286.6,285.4,285.0,160.9,157.7,156.4,157.9,161.2,164.6,165.6,164.2,162.1,160.4,159.4,158.9,159.7,161.3,163.4,164.5,164.8,164.9,164.5,163.7,162.5,163.1,162.6,161.2,159.7,159.1,159.6,161.0,161.3,158.1,156.8,158.0,161.1,164.2,165.6,164.6,163.5,161.4,159.8,159.1,159.6,160.7,162.4,163.9,164.7,165.0,164.9,164.5,162.7,163.2,162.6,161.2,159.9,159.3,159.9,161.3,-6.1,-4.2,-0.0,4.1,5.6,4.0,-0.5,-4.6,-12.0,-9.2,-5.3,-0.7,3.8,7.2,9.4,6.6,2.7,-1.5,-5.6,-9.3,-2.1,-0.3,1.5,2.3,1.6,-0.2,-2.0,-2.8,44.5,45.9,49.8,53.9,55.8,54.4,50.4,46.0,40.3,42.9,46.6,51.1,55.3,58.4,60.3,58.4,55.4,51.7,47.6,43.4,48.2,50.0,51.8,52.4,51.6,49.8,48.1,47.4,-34.9,-39.1,-40.8,-38.8,-34.5,-30.0,-28.7,-30.6,-33.5,-35.6,-36.8,-37.3,-36.4,-34.4,-31.7,-30.2,-29.7,-29.5,-30.1,-31.4,-32.9,-32.0,-32.7,-34.6,-36.5,-37.3,-36.6,-34.7,-35.4,-39.7,-41.7,-40.2,-36.0,-31.6,-29.7,-30.9,-32.5,-35.3,-37.4,-38.4,-37.9,-36.7,-34.5,-32.3,-31.0,-30.4,-30.5,-31.0,-33.7,-33.0,-33.9,-35.8,-37.6,-38.3,-37.4,-35.5,512.1,512.5,512.7,512.6,512.2,512.0,511.6,511.7,516.2,513.6,511.3,510.2,510.9,512.4,514.2,512.5,510.9,510.5,511.5,513.7,512.8,512.7,512.8,513.0,513.2,513.2,513.1,512.9,527.8,528.7,530.3,531.6,532.0,531.0,529.4,528.2,528.2,527.4,527.2,528.2,530.9,534.5,537.8,534.6,531.3,528.8,527.7,527.7,529.8,530.4,531.1,531.5,531.4,530.8,530.1,529.7,29.2,-2.7,654.4,0.23,-0.176,0.044,220.6,220.7,221.9,224.3,228.9,236.1,245.0,255.2,265.6,274.3,280.8,286.7,292.0,296.0,298.7,300.7,301.6,231.7,238.5,247.2,255.9,263.7,279.0,285.6,292.0,298.0,301.5,271.3,272.0,272.9,273.7,262.1,266.6,271.0,275.1,278.5,240.8,246.3,252.5,257.3,252.1,245.9,279.8,284.8,290.4,294.0,290.7,285.2,252.1,259.8,266.3,269.9,273.6,278.0,281.5,277.7,273.2,269.2,265.1,259.0,255.1,265.7,269.5,273.2,279.4,273.1,269.4,265.6,160.4,172.1,183.7,194.9,205.5,214.8,222.5,228.2,229.6,227.5,221.0,213.0,204.1,194.3,184.1,173.4,162.5,153.6,149.1,148.2,149.8,153.0,152.8,149.8,148.5,149.4,153.5,161.9,169.7,177.5,185.5,190.1,191.7,193.0,191.8,190.2,162.1,159.3,159.6,163.5,164.8,164.7,163.6,159.6,159.6,162.4,164.8,164.9,204.9,202.8,201.5,202.6,201.5,203.0,204.9,210.1,212.3,212.8,212.4,210.2,205.3,205.2,205.6,205.1,205.3,206.5,207.1,206.6,-51.2,-51.4,-49.5,-45.6,-37.4,-24.5,-8.7,9.0,27.1,42.7,55.2,67.0,77.0,84.1,88.8,92.3,93.7,-30.3,-18.8,-4.5,9.6,22.1,47.5,59.0,70.5,81.8,89.1,34.8,35.7,36.8,37.8,19.8,27.0,34.3,41.1,47.0,-15.2,-6.2,4.1,12.1,3.5,-6.8,50.1,58.7,68.5,75.4,69.1,59.4,3.5,16.3,26.8,32.7,39.1,47.0,53.9,46.6,38.6,31.8,25.0,14.9,8.5,26.0,32.2,38.6,49.9,38.5,32.0,25.7,-47.1,-26.9,-6.7,13.2,32.0,48.2,61.2,70.5,73.0,70.2,60.0,46.5,30.4,12.5,-6.3,-25.6,-45.3,-56.1,-62.9,-64.0,-61.1,-55.8,-56.8,-62.3,-65.5,-64.9,-58.8,-41.8,-28.8,-16.1,-3.2,4.3,6.8,9.0,7.1,4.5,-42.2,-46.5,-46.1,-39.7,-37.5,-37.6,-40.2,-47.1,-47.3,-43.1,-38.5,-38.1,29.3,25.4,23.0,24.9,23.2,25.9,29.7,38.0,41.2,41.9,41.2,37.6,29.8,29.2,29.9,29.3,30.3,31.5,32.3,31.6,680.3,684.6,689.4,692.6,692.5,689.9,684.1,676.7,676.5,685.7,700.3,711.8,716.2,714.9,712.6,710.5,709.6,646.7,640.5,636.2,632.7,631.3,639.1,646.7,655.7,665.2,675.5,638.0,632.7,626.8,621.5,637.8,637.0,636.9,640.1,644.0,647.3,644.1,644.7,646.6,645.3,644.7,656.6,658.8,663.0,669.8,663.7,659.7,655.9,645.6,641.8,643.2,645.4,654.6,668.3,657.1,649.9,647.1,646.1,648.7,653.8,645.2,646.1,648.9,664.3,649.0,646.1,645.4,0.592,0.237,-0.23,0.056,267.38,185.668,-6.833,10.953,-13.208,16.619,6.701,0.643,-4.459,3.044,3.442,-1.898,0.135,1.222,0.612,-2.01,-1.064,-0.077,0.348,1.106,-1.114,-0.82,0.523,-0.482,-0.064,-0.42,0.195,-0.031,0.079,0.036,-0.096,-0.003,-0.026,0.011,0.009,0.004,0.5,0.15,0.0,1.0,0.0,0.0,0.11,0.0,0.0,0.5,0.0,0.0,0.0,0.0,0.0,0.0,0.0,0.0,1.0,0.0,1.0,0.0,0.0,0.0,0.0,0.0,1.0,0.0,0.0,0.0,0.0,0.0,0.0,1.0,0.0
PP133,g1,1984,0,0.925,0.201813,0.194845,-0.959847,0.047527,0.189871,-0.980658,0.128,0.196,244.6,246.0,249.3,252.4,253.7,252.5,249.0,245.9,240.3,242.3,245.2,248.8,252.2,254.8,256.6,254.4,251.5,248.2,245.1,242.3,247.7,249.1,250.5,251.1,250.6,249.2,247.8,247.2,282.2,283.2,286.0,288.9,290.3,289.3,286.5,283.3,279.1,281.1,283.8,287.1,290.0,292.0,293.1,292.0,290.1,287.5,284.5,281.5,284.9,286.1,287.4,287.8,287.2,285.9,284.7,284.3,160.3,157.1,155.8,157.2,160.5,164.0,165.0,163.6,161.7,159.9,158.8,158.3,159.0,160.6,162.7,163.8,164.2,164.3,163.9,163.1,161.9,162.5,161.9,160.5,159.1,158.5,159.0,160.4,160.4,157.3,155.9,157.1,160.2,163.3,164.7,163.8,162.6,160.5,158.9,158.2,158.7,159.8,161.5,163.0,163.8,164.1,164.0,163.7,161.8,162.3,161.7,160.3,159.0,158.5,159.1,160.4,-7.0,-5.2,-1.0,3.2,4.8,3.2,-1.3,-5.4,-12.8,-10.1,-6.2,-1.6,2.9,6.3,8.6,5.8,1.9,-2.3,-6.4,-10.1,-3.0,-1.2,0.7,1.5,0.7,-1.1,-2.9,-3.7,43.5,44.9,48.8,52.9,54.8,53.4,49.5,45.0,39.4,42.0,45.6,50.1,54.3,57.4,59.3,57.4,54.5,50.8,46.6,42.5,47.3,49.1,50.8,51.4,50.6,48.8,47.0,46.4,-35.5,-39.8,-41.4,-39.6,-35.2,-30.7,-29.3,-31.2,-34.0,-36.1,-37.4,-38.0,-37.1,-35.2,-32.5,-31.0,-30.4,-30.2,-30.7,-31.9,-33.5,-32.7,-33.4,-35.3,-37.2,-38.0,-37.2,-35.4,-36.5,-40.9,-42.9,-41.4,-37.2,-32.8,-30.9,-32.1,-33.6,-36.4,-38.5,-39.6,-39.1,-37.9,-35.7,-33.5,-32.2,-31.6,-31.7,-32.2,-34.9,-34.2,-35.0,-36.9,-38.8,-39.4,-38.6,-36.7,510.1,510.5,510.7,510.5,510.1,509.9,509.5,509.7,514.2,511.6,509.3,508.2,508.9,510.3,512.1,510.4,508.8,508.4,509.5,511.7,510.7,510.7,510.7,510.9,511.1,511.2,511.1,510.9,527.4,528.4,530.0,531.4,531.6,530.7,529.0,527.8,527.9,527.1,526.9,527.9,530.6,534.2,537.5,534.2,530.9,528.5,527.3,527.4,529.5,530.1,530.8,531.2,531.1,530.5,529.8,529.4,28.5,-3.7,653.0,0.209,-0.185,0.034,220.0,220.2,221.7,224.1,228.8,236.0,244.9,255.2,265.6,274.2,280.5,286.3,291.4,295.3,298.0,300.0,300.8,230.9,237.6,246.4,255.2,263.0,278.2,284.8,291.2,297.2,300.8,270.6,271.5,272.5,273.5,261.8,266.3,270.8,274.9,278.3,240.1,245.6,251.8,256.7,251.5,245.2,279.1,284.1,289.6,293.3,290.0,284.5,252.1,259.8,266.2,269.8,273.6,277.9,281.3,277.7,273.3,269.3,265.3,259.1,255.1,265.7,269.5,273.2,279.2,273.2,269.4,265.6,160.5,172.3,184.0,195.2,205.8,214.9,222.6,228.2,229.6,227.5,221.1,213.1,204.1,194.2,183.7,172.9,161.9,153.3,148.6,147.5,149.0,152.1,151.9,148.9,147.5,148.4,152.7,161.0,168.8,176.6,184.5,189.4,190.9,192.2,191.0,189.3,161.6,158.7,158.9,162.8,164.1,164.1,162.7,158.7,158.7,161.5,163.9,164.1,204.6,202.3,200.8,201.9,200.8,202.3,204.3,209.4,211.6,212.1,211.7,209.6,204.9,204.5,204.9,204.4,204.7,205.7,206.3,205.9,-52.1,-52.0,-49.8,-45.7,-37.5,-24.6,-8.9,8.9,26.9,42.3,54.5,66.0,75.9,82.9,87.5,90.9,92.2,-31.7,-20.3,-5.9,8.3,21.0,46.2,57.6,69.1,80.4,87.8,33.7,34.8,36.1,37.3,19.3,26.6,33.9,40.6,46.6,-16.3,-7.3,2.9,11.1,2.4,-7.9,48.9,57.5,67.2,74.2,67.9,58.3,3.5,16.2,26.6,32.5,38.8,46.6,53.4,46.4,38.6,31.8,25.1,15.1,8.5,25.9,32.1,38.4,49.5,38.3,32.0,25.6,-46.9,-26.5,-6.2,13.6,32.3,48.3,61.2,70.3,72.6,69.9,60.0,46.5,30.4,12.2,-7.0,-26.6,-46.6,-56.7,-63.8,-65.1,-62.3,-57.1,-58.2,-63.9,-67.1,-66.6,-60.3,-43.3,-30.2,-17.5,-4.7,3.1,5.6,7.6,5.6,3.0,-42.9,-47.4,-47.1,-40.8,-38.6,-38.5,-41.6,-48.5,-48.8,-44.6,-40.0,-39.6,28.6,24.3,21.8,23.6,21.8,24.7,28.6,36.7,39.9,40.5,39.9,36.6,29.0,28.0,28.7,28.0,29.2,30.2,31.0,30.3,679.1,683.1,687.6,690.4,690.2,687.5,681.7,674.1,673.9,683.3,698.2,710.2,715.0,714.0,712.0,710.1,709.3,646.4,640.3,635.9,632.5,631.0,638.8,646.5,655.6,665.4,675.7,637.5,631.9,625.7,620.1,636.3,635.4,635.2,638.6,642.7,646.7,643.7,644.3,646.1,644.8,644.2,656.1,658.6,662.8,669.5,663.4,659.2,653.8,643.5,639.9,641.3,643.5,652.6,666.2,654.8,647.5,644.8,643.7,646.3,651.6,643.2,644.1,646.9,662.2,646.9,644.0,643.3,0.593,0.215,-0.239,0.045,267.004,185.111,-6.2,9.922,-13.225,18.338,5.802,1.129,-4.438,3.187,3.515,-2.92,0.015,1.057,0.289,-1.756,-0.689,-0.383,0.279,0.759,-1.153,-0.729,0.522,-0.506,-0.129,-0.508,0.134,0.105,0.083,0.041,-0.096,-0.008,-0.022,-0.003,0.009,0.001,0.64,0.1,0.0,0.84,0.0,0.0,0.0,0.0,0.0,0.05,0.0,0.0,0.0,0.0,0.0,0.0,0.0,1.0,1.0,0.0,1.0,0.0,0.0,0.0,0.0,0.0,0.0,0.0,0.0,0.0,0.0,0.0,0.0,1.0,0.0
PP133,g1,1990,0,0.975,0.197973,0.178143,-0.963884,0.050462,0.174347,-0.98339,0.127,0.179,244.0,245.4,248.6,251.8,253.0,251.9,248.5,245.3,239.7,241.7,244.6,248.1,251.6,254.2,256.0,253.9,250.9,247.7,244.5,241.7,247.1,248.5,249.9,250.5,250.0,248.6,247.2,246.6,281.5,282.5,285.3,288.2,289.6,288.7,285.9,282.7,278.5,280.4,283.1,286.4,289.3,291.3,292.5,291.4,289.5,286.9,283.9,280.8,284.2,285.5,286.7,287.1,286.5,285.2,284.0,283.6,160.3,157.1,155.8,157.2,160.4,163.9,165.0,163.6,161.8,160.0,158.8,158.3,159.0,160.5,162.6,163.7,164.1,164.3,164.0,163.2,161.9,162.5,161.9,160.5,159.1,158.5,159.0,160.4,160.2,157.1,155.7,156.9,160.0,163.1,164.5,163.5,162.4,160.3,158.7,158.0,158.5,159.6,161.3,162.8,163.6,163.9,163.8,163.5,161.6,162.1,161.5,160.1,158.8,158.2,158.8,160.2,-7.8,-6.0,-1.8,2.3,4.0,2.5,-2.0,-6.1,-13.5,-10.8,-7.0,-2.4,2.1,5.5,7.9,5.1,1.2,-3.0,-7.1,-10.8,-3.8,-1.9,-0.1,0.7,-0.1,-1.9,-3.7,-4.5,42.5,43.9,47.8,51.9,53.8,52.4,48.5,44.1,38.4,41.0,44.6,49.1,53.3,56.4,58.3,56.5,53.5,49.8,45.7,41.5,46.3,48.1,49.8,50.4,49.6,47.8,46.1,45.4,-35.5,-39.7,-41.5,-39.6,-35.3,-30.8,-29.4,-31.2,-33.9,-36.1,-37.4,-38.0,-37.2,-35.3,-32.6,-31.1,-30.4,-30.2,-30.7,-31.8,-33.5,-32.7,-33.5,-35.3,-37.2,-38.0,-37.2,-35.4,-36.8,-41.1,-43.1,-41.6,-37.4,-33.0,-31.1,-32.3,-33.8,-36.7,-38.8,-39.8,-39.4,-38.1,-35.9,-33.7,-32.5,-31.8,-31.9,-32.4,-35.1,-34.4,-35.3,-37.2,-39.0,-39.7,-38.8,-36.9,510.1,510.5,510.6,510.4,510.0,509.8,509.4,509.6,514.2,511.6,509.3,508.1,508.7,510.2,511.8,510.2,508.7,508.4,509.5,511.7,510.7,510.6,510.6,510.8,511.0,511.1,511.0,510.9,526.3,527.3,529.0,530.3,530.5,529.5,527.9,526.7,526.7,526.0,525.8,526.9,529.6,533.1,536.4,533.1,529.8,527.3,526.1,526.2,528.4,528.9,529.7,530.1,530.0,529.4,528.7,528.3,28.0,-3.5,651.3,0.183,-0.182,0.021,219.6,219.9,221.6,224.2,229.0,236.3,245.2,255.6,266.1,274.7,280.9,286.5,291.4,295.1,297.6,299.5,300.1,230.2,236.9,245.6,254.4,262.2,277.5,284.0,290.4,296.4,300.0,270.0,270.9,272.0,273.1,261.5,266.1,270.6,274.6,278.0,239.6,244.9,251.2,256.1,250.9,244.7,278.4,283.4,289.0,292.6,289.4,283.9,252.3,259.9,266.1,269.7,273.5,277.8,281.2,277.8,273.4,269.4,265.4,259.3,255.3,265.7,269.4,273.2,279.1,273.2,269.4,265.6,161.1,173.0,184.8,196.1,206.8,216.0,223.6,229.1,230.3,228.2,221.8,213.7,204.6,194.5,184.0,173.1,162.0,153.6,148.7,147.5,148.9,151.9,151.6,148.6,147.3,148.2,152.6,160.6,168.4,176.2,184.2,189.3,190.8,192.0,190.8,189.1,161.7,158.7,158.9,162.7,164.1,164.2,162.5,158.5,158.5,161.3,163.7,163.8,205.0,202.4,200.8,201.9,200.7,202.3,204.5,209.4,211.5,212.0,211.7,209.8,205.2,204.6,204.9,204.4,204.9,205.6,206.3,205.9,-52.9,-52.6,-50.0,-45.5,-37.1,-24.1,-8.4,9.6,27.6,43.0,55.0,66.2,75.6,82.1,86.5,89.7,90.8,-32.8,-21.6,-7.1,7.1,19.8,44.9,56.3,67.7,79.0,86.4,32.6,33.8,35.2,36.6,18.8,26.1,33.4,40.1,46.0,-17.2,-8.4,1.9,10.2,1.5,-8.8,47.7,56.4,66.1,73.0,66.8,57.2,3.8,16.2,26.4,32.3,38.6,46.3,53.1,46.3,38.7,31.9,25.2,15.3,8.8,25.8,31.9,38.3,49.2,38.2,31.9,25.6,-45.8,-25.3,-4.8,15.2,34.0,50.0,62.8,71.5,73.6,70.9,61.1,47.5,31.2,12.8,-6.4,-26.1,-46.2,-56.2,-63.6,-65.1,-62.5,-57.5,-58.7,-64.3,-67.4,-66.9,-60.4,-43.8,-30.8,-18.1,-5.3,2.9,5.3,7.3,5.3,2.6,-42.7,-47.4,-47.2,-41.0,-38.6,-38.4,-41.9,-48.9,-49.2,-44.9,-40.4,-39.9,29.2,24.5,21.7,23.5,21.7,24.6,28.8,36.6,39.6,40.3,39.8,36.8,29.5,28.0,28.6,27.9,29.4,29.9,30.8,30.2,679.2,682.9,687.1,689.5,688.8,685.7,679.4,671.5,671.1,680.8,696.0,708.1,713.1,712.1,710.0,708.1,707.6,646.6,640.4,636.0,632.5,631.0,638.6,646.4,655.5,665.2,675.5,637.1,631.0,624.5,618.6,634.9,633.8,633.5,636.9,641.2,646.4,643.5,644.1,645.7,644.4,643.8,655.7,658.2,662.4,669.0,662.8,658.7,651.6,641.3,638.0,639.3,641.6,650.5,663.8,652.2,645.0,642.2,641.2,643.7,649.4,641.1,641.9,644.8,659.6,644.6,641.7,641.0,0.595,0.19,-0.236,0.031,266.742,185.225,-5.986,11.46,-14.02,20.242,4.208,1.702,-4.45,3.352,3.818,-3.875,-0.132,0.547,-0.036,-1.708,-0.409,-0.531,0.234,0.845,-1.107,-0.751,0.495,-0.269,-0.369,-0.705,0.136,0.175,0.084,0.032,-0.1,-0.02,-0.035,-0.014,0.009,-0.001,0.53,0.18,0.0,0.96,0.0,0.0,0.0,0.0,0.0,0.48,0.0,0.0,0.0,0.0,0.0,0.0,0.0,0.0,1.0,0.0,1.0,0.0,0.0,0.0,0.0,0.0,0.0,0.0,0.0,0.0,0.0,0.0,0.0,1.0,0.0
PP133,g1,1996,0,0.975,0.201063,0.186487,-0.961663,0.050017,0.18125,-0.982164,0.128,0.187,244.4,245.8,249.0,252.1,253.4,252.2,248.8,245.6,240.0,242.1,245.0,248.5,252.0,254.5,256.3,254.2,251.2,248.0,244.8,242.0,247.4,248.8,250.2,250.8,250.3,248.9,247.5,246.9,281.9,282.9,285.7,288.6,290.0,289.0,286.2,283.0,278.8,280.8,283.5,286.8,289.7,291.7,292.8,291.7,289.8,287.2,284.2,281.2,284.6,285.8,287.1,287.5,286.9,285.6,284.4,284.0,160.4,157.2,155.9,157.3,160.6,164.1,165.1,163.7,161.8,160.0,158.9,158.4,159.1,160.7,162.8,163.9,164.3,164.4,164.1,163.3,162.0,162.6,162.0,160.6,159.2,158.6,159.1,160.6,160.5,157.4,156.0,157.2,160.3,163.5,164.8,163.9,162.7,160.6,159.0,158.3,158.8,159.9,161.7,163.1,163.9,164.2,164.1,163.8,161.9,162.4,161.8,160.4,159.1,158.6,159.2,160.5,-7.4,-5.6,-1.4,2.8,4.4,2.9,-1.6,-5.7,-13.2,-10.4,-6.6,-2.0,2.5,5.9,8.3,5.5,1.6,-2.6,-6.8,-10.5,-3.3,-1.5,0.3,1.1,0.4,-1.4,-3.3,-4.1,43.0,44.4,48.3,52.4,54.3,52.9,49.0,44.6,38.9,41.5,45.1,49.7,53.8,56.9,58.8,57.0,54.0,50.3,46.2,42.0,46.8,48.6,50.3,50.9,50.1,48.3,46.6,46.0,-35.4,-39.6,-41.3,-39.5,-35.1,-30.6,-29.2,-31.1,-33.9,-36.0,-37.3,-37.9,-37.0,-35.1,-32.4,-30.9,-30.3,-30.1,-30.6,-31.8,-33.4,-32.6,-33.3,-35.2,-37.0,-37.9,-37.1,-35.3,-36.4,-40.7,-42.7,-41.2,-37.0,-32.6,-30.7,-31.9,-33.5,-36.3,-38.4,-39.4,-39.0,-37.7,-35.5,-33.3,-32.0,-31.4,-31.5,-32.0,-34.7,-34.0,-34.9,-36.8,-38.6,-39.3,-38.4,-36.5,510.3,510.8,510.9,510.8,510.3,510.1,509.7,509.9,514.4,511.9,509.5,508.4,509.1,510.5,512.2,510.6,509.0,508.6,509.7,511.9,510.9,510.9,510.9,511.1,511.3,511.4,511.3,511.1,526.9,527.9,529.5,530.9,531.1,530.1,528.5,527.2,527.3,526.5,526.4,527.4,530.1,533.7,537.0,533.7,530.4,527.9,526.7,526.8,528.9,529.5,530.2,530.7,530.6,530.0,529.3,528.8,28.1,-3.3,651.6,0.196,-0.185,0.031,219.7,219.9,221.4,223.9,228.6,235.8,244.7,255.1,265.6,274.2,280.5,286.3,291.3,295.1,297.7,299.7,300.4,230.6,237.3,246.1,254.9,262.7,277.9,284.5,290.8,296.9,300.4,270.4,271.3,272.3,273.3,261.6,266.1,270.6,274.7,278.1,239.9,245.3,251.5,256.4,251.2,245.0,278.8,283.8,289.3,293.0,289.7,284.2,252.0,259.7,266.1,269.6,273.4,277.7,281.1,277.6,273.2,269.2,265.1,259.0,255.0,265.5,269.3,273.0,279.0,273.0,269.2,265.4,160.8,172.7,184.4,195.7,206.4,215.6,223.2,228.9,230.2,228.1,221.7,213.6,204.6,194.6,184.1,173.2,162.2,153.5,148.8,147.7,149.1,152.2,152.0,149.0,147.7,148.6,152.9,161.0,168.8,176.6,184.5,189.5,191.1,192.3,191.1,189.4,161.7,158.8,159.0,162.9,164.2,164.3,162.8,158.8,158.8,161.6,164.1,164.1,205.0,202.5,201.0,202.1,201.0,202.5,204.6,209.6,211.7,212.2,211.9,209.9,205.2,204.8,205.1,204.6,205.1,205.9,206.5,206.1,-52.7,-52.5,-50.3,-46.0,-37.8,-24.9,-9.2,8.7,26.8,42.3,54.4,65.8,75.4,82.3,86.8,90.1,91.4,-32.1,-20.8,-6.3,7.9,20.5,45.6,57.0,68.5,79.8,87.1,33.2,34.3,35.6,36.9,18.9,26.2,33.5,40.3,46.2,-16.7,-7.8,2.5,10.6,2.0,-8.3,48.3,56.9,66.7,73.6,67.3,57.7,3.3,15.9,26.2,32.2,38.5,46.2,53.0,46.1,38.3,31.5,24.9,14.9,8.3,25.5,31.7,38.1,49.1,38.0,31.6,25.3,-46.3,-25.8,-5.4,14.5,33.3,49.4,62.2,71.2,73.4,70.8,60.9,47.4,31.2,12.9,-6.3,-25.9,-45.9,-56.2,-63.4,-64.8,-62.1,-57.0,-58.1,-63.7,-66.8,-66.2,-59.8,-43.2,-30.2,-17.5,-4.7,3.3,5.8,7.8,5.8,3.2,-42.6,-47.2,-47.0,-40.6,-38.3,-38.3,-41.4,-48.3,-48.6,-44.3,-39.8,-39.4,29.1,24.7,22.1,24.0,22.2,25.1,29.1,37.0,40.0,40.6,40.0,36.9,29.5,28.4,29.0,28.3,29.7,30.3,31.2,30.5,678.6,682.4,686.7,689.3,688.9,686.0,680.0,672.2,671.9,681.5,696.5,708.6,713.5,712.6,710.6,708.7,708.1,645.9,639.7,635.4,632.0,630.6,638.3,646.1,655.2,664.9,675.2,636.8,631.0,624.7,619.0,635.1,634.1,633.9,637.3,641.5,645.9,643.0,643.6,645.3,644.0,643.3,655.5,658.0,662.1,668.8,662.6,658.5,652.2,642.0,638.5,639.9,642.2,651.2,664.6,653.0,645.7,643.0,641.9,644.5,650.0,641.7,642.5,645.4,660.5,645.2,642.3,641.6,0.594,0.203,-0.239,0.042,266.786,185.354,-6.139,10.875,-13.692,18.846,4.898,1.625,-4.534,2.803,3.743,-3.14,-0.004,1.049,0.084,-1.703,-0.575,-0.313,0.333,0.911,-1.107,-0.719,0.477,-0.381,-0.204,-0.585,0.09,0.067,0.09,0.05,-0.103,-0.013,-0.018,-0.005,0.007,-0.003,0.72,0.25,0.0,0.77,0.0,0.0,0.0,0.0,0.0,0.1,0.0,0.0,0.0,0.0,0.0,0.0,0.0,0.0,1.0,0.0,1.0,0.0,0.0,0.0,0.0,0.0,0.0,0.0,0.0,0.0,0.0,0.0,0.0,1.0,0.0
PP133,g1,2002,0,0.975,0.201444,0.195097,-0.959874,0.045053,0.189202,-0.980904,0.126,0.195,244.4,245.8,249.0,252.2,253.4,252.2,248.8,245.6,240.0,242.1,245.0,248.5,252.0,254.6,256.3,254.2,251.2,248.0,244.8,242.0,247.5,248.8,250.3,250.9,250.3,249.0,247.6,246.9,282.0,283.0,285.8,288.8,290.1,289.1,286.3,283.2,279.0,280.9,283.6,286.9,289.8,291.8,293.0,291.8,289.9,287.4,284.4,281.3,284.7,286.0,287.2,287.6,287.0,285.8,284.5,284.1,160.4,157.2,156.0,157.4,160.7,164.1,165.1,163.7,161.8,160.0,158.9,158.5,159.2,160.7,162.9,164.0,164.3,164.4,164.1,163.2,162.0,162.6,162.1,160.7,159.2,158.6,159.2,160.6,160.7,157.5,156.2,157.4,160.5,163.6,165.0,164.0,162.9,160.7,159.2,158.5,159.0,160.1,161.9,163.3,164.1,164.4,164.3,163.9,162.1,162.6,162.0,160.6,159.3,158.7,159.3,160.7,-7.3,-5.5,-1.3,2.9,4.5,2.9,-1.6,-5.7,-13.2,-10.4,-6.5,-1.9,2.6,6.0,8.3,5.5,1.6,-2.6,-6.7,-10.4,-3.3,-1.5,0.3,1.1,0.4,-1.4,-3.2,-4.0,43.3,44.7,48.6,52.7,54.6,53.2,49.2,44.8,39.1,41.7,45.4,49.9,54.1,57.2,59.1,57.2,54.2,50.6,46.4,42.2,47.0,48.8,50.6,51.2,50.4,48.6,46.8,46.2,-35.5,-39.7,-41.3,-39.5,-35.1,-30.6,-29.2,-31.1,-34.0,-36.1,-37.4,-37.9,-37.0,-35.1,-32.4,-30.8,-30.3,-30.1,-30.7,-31.9,-33.4,-32.6,-33.3,-35.2,-37.1,-37.9,-37.2,-35.3,-36.2,-40.5,-42.5,-41.0,-36.8,-32.4,-30.5,-31.7,-33.3,-36.1,-38.2,-39.2,-38.7,-37.5,-35.3,-33.1,-31.8,-31.2,-31.3,-31.8,-34.5,-33.8,-34.6,-36.5,-38.4,-39.1,-38.2,-36.3,511.4,511.8,512.0,511.9,511.5,511.2,510.8,510.9,515.4,512.9,510.6,509.5,510.2,511.7,513.4,511.7,510.1,509.7,510.7,512.9,512.0,511.9,512.0,512.2,512.4,512.5,512.4,512.2,527.4,528.4,530.0,531.4,531.6,530.7,529.0,527.8,527.9,527.1,526.9,527.9,530.6,534.1,537.5,534.2,530.9,528.5,527.3,527.4,529.5,530.1,530.8,531.2,531.1,530.5,529.8,529.4,28.0,-3.5,653.0,0.209,-0.181,0.037,219.6,219.8,221.1,223.6,228.2,235.5,244.5,254.8,265.2,273.9,280.3,286.2,291.4,295.3,298.0,300.0,300.7,230.7,237.5,246.2,254.9,262.7,278.1,284.7,291.1,297.1,300.6,270.4,271.2,272.2,273.1,261.5,265.9,270.4,274.5,277.9,239.9,245.3,251.6,256.4,251.2,245.0,278.9,283.9,289.5,293.1,289.8,284.3,251.4,259.2,265.7,269.3,273.1,277.5,281.0,277.2,272.8,268.7,264.6,258.4,254.4,265.2,268.9,272.7,278.9,272.7,268.9,265.0,160.6,172.4,184.1,195.3,205.9,215.1,222.7,228.3,229.6,227.5,221.0,213.1,204.1,194.2,183.8,173.1,162.1,153.3,148.7,147.6,149.1,152.2,152.0,149.1,147.8,148.7,153.0,161.2,168.9,176.6,184.6,189.5,191.0,192.3,191.1,189.5,161.7,158.8,159.1,163.0,164.3,164.2,163.0,159.0,159.0,161.8,164.2,164.3,204.6,202.3,200.9,202.0,200.9,202.4,204.4,209.5,211.7,212.2,211.8,209.7,204.9,204.6,205.0,204.5,204.8,205.9,206.4,206.0,-52.8,-52.8,-50.8,-46.7,-38.5,-25.5,-9.6,8.2,26.2,41.8,54.1,65.8,75.8,82.8,87.4,90.7,92.1,-31.9,-20.5,-6.2,8.0,20.6,46.0,57.4,68.9,80.2,87.6,33.4,34.4,35.6,36.7,18.7,25.9,33.2,40.0,45.9,-16.7,-7.7,2.6,10.6,2.0,-8.3,48.6,57.2,67.0,73.9,67.6,58.0,2.4,15.2,25.8,31.7,38.1,46.0,52.9,45.7,37.7,30.9,24.1,14.0,7.4,25.0,31.3,37.6,48.9,37.5,31.1,24.7,-46.8,-26.4,-6.0,13.9,32.6,48.6,61.4,70.4,72.6,69.9,59.9,46.5,30.4,12.3,-6.7,-26.2,-46.1,-56.6,-63.7,-65.0,-62.2,-57.1,-58.1,-63.6,-66.7,-66.1,-59.7,-43.0,-30.1,-17.4,-4.6,3.2,5.7,7.8,5.9,3.3,-42.8,-47.2,-46.9,-40.6,-38.3,-38.3,-41.2,-48.1,-48.3,-44.1,-39.5,-39.1,28.6,24.4,21.9,23.8,22.1,24.9,28.8,37.0,40.1,40.8,40.1,36.7,29.0,28.2,28.8,28.2,29.4,30.4,31.2,30.5,679.6,683.5,688.0,690.8,690.5,687.7,681.7,674.0,673.8,683.2,698.1,709.8,714.5,713.5,711.5,709.6,709.0,646.5,640.5,636.2,632.8,631.3,639.1,646.8,655.7,665.3,675.4,637.6,632.0,625.9,620.4,636.4,635.5,635.4,638.7,642.7,646.8,643.7,644.4,646.1,644.8,644.2,656.1,658.5,662.6,669.3,663.2,659.2,654.1,643.8,640.1,641.4,643.7,652.9,666.5,655.1,647.7,644.9,643.9,646.6,652.0,643.3,644.2,647.0,662.5,647.0,644.1,643.4,0.593,0.215,-0.233,0.048,266.674,185.235,-7.009,10.778,-12.982,16.627,6.187,0.874,-4.801,2.369,3.176,-2.282,0.199,1.154,0.614,-2.006,-1.04,-0.155,0.337,0.907,-1.127,-0.816,0.451,-0.534,-0.126,-0.413,0.128,-0.031,0.083,0.037,-0.107,-0.003,-0.019,0.006,0.003,0.005,0.39,0.0,0.0,0.7,0.0,0.0,0.08,0.0,0.0,0.18,0.0,0.0,0.0,0.0,0.0,0.0,0.0,0.0,1.0,0.0,1.0,0.0,0.0,0.0,0.0,0.0,0.0,0.0,0.0,0.0,0.0,0.0,0.0,1.0,0.0
PP133,g1,2008,0,0.975,0.203447,0.194241,-0.959625,0.047427,0.188525,-0.980923,0.129,0.195,244.9,246.3,249.5,252.7,253.9,252.7,249.3,246.1,240.5,242.6,245.5,249.0,252.5,255.0,256.8,254.7,251.7,248.5,245.3,242.5,248.0,249.3,250.7,251.3,250.8,249.4,248.0,247.4,282.5,283.5,286.2,289.2,290.5,289.5,286.8,283.6,279.4,281.4,284.1,287.4,290.2,292.2,293.4,292.2,290.3,287.8,284.8,281.7,285.1,286.4,287.6,288.1,287.5,286.2,285.0,284.5,160.2,157.0,155.8,157.2,160.5,163.9,164.9,163.5,161.6,159.8,158.7,158.3,159.0,160.5,162.7,163.8,164.1,164.2,163.9,163.1,161.8,162.4,161.9,160.5,159.1,158.4,159.0,160.4,160.5,157.3,156.0,157.2,160.3,163.4,164.8,163.8,162.7,160.5,159.0,158.3,158.8,159.9,161.6,163.1,163.9,164.2,164.1,163.7,161.9,162.4,161.8,160.4,159.1,158.5,159.1,160.5,-6.7,-4.8,-0.6,3.5,5.1,3.5,-1.0,-5.1,-12.5,-9.7,-5.9,-1.3,3.3,6.6,8.9,6.1,2.2,-2.0,-6.1,-9.8,-2.7,-0.9,1.0,1.8,1.1,-0.7,-2.6,-3.4,44.0,45.4,49.3,53.4,55.3,53.9,49.9,45.5,39.9,42.5,46.1,50.6,54.8,57.9,59.8,57.9,55.0,51.3,47.1,43.0,47.8,49.6,51.3,51.9,51.1,49.3,47.6,46.9,-35.7,-40.0,-41.6,-39.8,-35.4,-30.9,-29.5,-31.4,-34.2,-36.4,-37.6,-38.2,-37.3,-35.4,-32.7,-31.1,-30.6,-30.4,-30.9,-32.1,-33.7,-32.9,-33.6,-35.5,-37.4,-38.2,-37.4,-35.6,-36.6,-40.9,-42.9,-41.3,-37.1,-32.8,-30.8,-32.1,-33.7,-36.5,-38.5,-39.6,-39.1,-37.9,-35.7,-33.5,-32.2,-31.6,-31.7,-32.2,-34.9,-34.2,-35.0,-36.9,-38.8,-39.4,-38.6,-36.7,512.1,512.5,512.7,512.6,512.2,512.0,511.5,511.7,516.1,513.6,511.3,510.2,510.9,512.4,514.1,512.5,510.9,510.4,511.5,513.6,512.7,512.7,512.8,513.0,513.2,513.2,513.1,512.9,528.9,529.9,531.5,532.8,533.1,532.1,530.5,529.3,529.3,528.5,528.4,529.4,532.1,535.6,539.0,535.7,532.4,529.9,528.7,528.8,530.9,531.5,532.2,532.7,532.6,532.0,531.3,530.8,28.8,-3.8,653.3,0.207,-0.184,0.036,220.0,220.2,221.5,224.0,228.7,236.0,245.0,255.3,265.7,274.4,280.7,286.6,291.8,295.7,298.3,300.3,301.0,231.2,238.0,246.7,255.4,263.2,278.6,285.1,291.5,297.5,301.0,270.9,271.8,272.7,273.7,262.0,266.5,271.0,275.0,278.4,240.4,245.8,252.0,256.9,251.7,245.5,279.4,284.4,289.9,293.5,290.3,284.8,252.1,259.9,266.3,269.9,273.7,278.0,281.4,277.8,273.3,269.3,265.3,259.1,255.1,265.8,269.5,273.3,279.3,273.2,269.4,265.6,160.5,172.3,184.0,195.2,205.8,214.9,222.5,228.0,229.4,227.2,220.8,212.9,203.9,194.0,183.6,172.9,161.9,153.1,148.5,147.4,148.9,151.9,151.7,148.8,147.5,148.5,152.7,160.9,168.7,176.4,184.3,189.2,190.8,192.0,190.8,189.2,161.5,158.7,158.9,162.8,164.1,164.1,162.8,158.8,158.8,161.6,164.0,164.1,204.4,202.1,200.6,201.8,200.6,202.2,204.2,209.3,211.4,211.9,211.5,209.4,204.7,204.4,204.7,204.3,204.6,205.6,206.2,205.8,-52.2,-52.2,-50.1,-46.0,-37.7,-24.6,-8.8,9.1,27.1,42.6,55.0,66.6,76.5,83.5,88.1,91.4,92.7,-31.1,-19.7,-5.4,8.8,21.4,46.8,58.2,69.7,80.9,88.3,34.2,35.2,36.4,37.6,19.6,26.8,34.1,40.9,46.8,-15.9,-6.9,3.4,11.4,2.8,-7.5,49.4,58.0,67.8,74.6,68.4,58.7,3.5,16.3,26.7,32.7,39.0,46.8,53.6,46.6,38.7,31.9,25.2,15.1,8.5,26.0,32.2,38.6,49.7,38.5,32.1,25.7,-47.0,-26.6,-6.3,13.6,32.3,48.3,61.0,70.0,72.2,69.5,59.5,46.1,30.0,11.9,-7.1,-26.6,-46.4,-56.9,-64.0,-65.4,-62.6,-57.5,-58.6,-64.1,-67.2,-66.5,-60.2,-43.4,-30.5,-17.9,-5.1,2.8,5.3,7.4,5.4,2.9,-43.1,-47.5,-47.2,-40.9,-38.6,-38.7,-41.6,-48.4,-48.7,-44.5,-39.9,-39.5,28.3,24.1,21.5,23.4,21.7,24.5,28.5,36.5,39.6,40.3,39.6,36.3,28.7,27.8,28.5,27.8,29.1,30.0,30.8,30.1,679.7,683.6,688.0,690.8,690.4,687.6,681.7,674.1,674.0,683.5,698.3,710.2,715.0,714.0,712.1,710.3,709.8,646.7,640.7,636.5,633.1,631.7,639.6,647.4,656.4,666.0,676.1,638.1,632.5,626.3,620.7,636.7,635.8,635.7,639.1,643.1,647.0,644.0,644.6,646.4,645.0,644.4,656.7,659.1,663.3,670.0,663.8,659.7,654.0,643.9,640.3,641.7,644.0,653.1,666.7,655.3,647.9,645.1,644.0,646.6,652.0,643.5,644.4,647.3,662.7,647.2,644.3,643.6,0.593,0.212,-0.238,0.047,267.166,185.01,-6.687,10.823,-13.424,16.615,6.211,0.679,-4.683,2.409,3.16,-2.309,0.111,1.221,0.654,-2.078,-0.958,-0.298,0.2,0.825,-1.118,-0.816,0.451,-0.421,-0.172,-0.522,0.202,-0.007,0.081,0.058,-0.106,-0.004,-0.025,0.005,0.005,0.005,0.4,0.0,0.0,0.39,0.0,0.0,0.02,0.0,0.0,0.13,0.0,0.0,0.0,0.0,0.0,0.0,0.0,0.0,1.0,0.0,1.0,0.0,0.0,0.0,0.0,0.0,0.0,0.0,0.0,0.0,0.0,0.0,0.0,1.0,0.0
PP133,g1,2014,0,0.975,0.199415,0.177773,-0.963655,0.049911,0.172241,-0.98379,0.127,0.178,245.0,246.4,249.6,252.7,254.0,252.8,249.4,246.2,240.6,242.7,245.6,249.1,252.6,255.2,256.9,254.8,251.8,248.6,245.4,242.6,248.1,249.4,250.8,251.5,250.9,249.5,248.1,247.5,282.6,283.6,286.3,289.3,290.6,289.6,286.9,283.7,279.5,281.5,284.2,287.5,290.3,292.3,293.5,292.4,290.4,287.9,284.9,281.8,285.2,286.5,287.7,288.2,287.6,286.3,285.1,284.6,159.9,156.6,155.3,156.8,160.0,163.5,164.5,163.1,161.2,159.5,158.3,157.8,158.5,160.1,162.2,163.3,163.7,163.8,163.5,162.7,161.4,162.0,161.5,160.1,158.6,158.0,158.6,160.0,160.1,157.0,155.6,156.8,159.9,163.1,164.4,163.4,162.3,160.1,158.6,157.9,158.4,159.6,161.4,162.8,163.5,163.8,163.7,163.3,161.5,162.0,161.4,160.1,158.7,158.2,158.8,160.1,-6.6,-4.7,-0.5,3.6,5.2,3.7,-0.8,-4.9,-12.3,-9.6,-5.8,-1.2,3.3,6.7,9.1,6.3,2.4,-1.8,-6.0,-9.6,-2.5,-0.7,1.1,1.9,1.2,-0.6,-2.5,-3.3,43.9,45.3,49.2,53.4,55.2,53.8,49.9,45.4,39.8,42.4,46.0,50.6,54.7,57.8,59.7,57.8,54.9,51.2,47.0,42.9,47.7,49.5,51.2,51.8,51.0,49.2,47.5,46.9,-36.1,-40.3,-42.0,-40.2,-35.8,-31.3,-29.9,-31.8,-34.5,-36.7,-38.0,-38.6,-37.7,-35.8,-33.1,-31.5,-31.0,-30.8,-31.3,-32.5,-34.1,-33.2,-34.0,-35.8,-37.7,-38.5,-37.8,-35.9,-36.9,-41.3,-43.2,-41.7,-37.5,-33.1,-31.2,-32.5,-34.0,-36.9,-38.9,-39.9,-39.4,-38.1,-35.9,-33.8,-32.5,-31.9,-32.1,-32.6,-35.2,-34.5,-35.4,-37.3,-39.1,-39.8,-38.9,-37.0,509.7,510.1,510.3,510.1,509.6,509.4,509.0,509.2,513.8,511.2,508.9,507.8,508.4,509.9,511.5,509.9,508.3,508.0,509.0,511.2,510.3,510.2,510.3,510.5,510.7,510.7,510.7,510.5,526.7,527.7,529.4,530.7,530.9,529.9,528.2,527.0,527.1,526.3,526.2,527.3,530.0,533.5,536.8,533.5,530.2,527.7,526.5,526.6,528.7,529.3,530.1,530.5,530.4,529.8,529.1,528.7,29.1,-3.9,649.7,0.18,-0.184,0.031,220.2,220.4,221.9,224.5,229.2,236.6,245.5,255.9,266.3,275.0,281.2,287.0,292.0,295.7,298.3,300.3,301.0,231.1,237.9,246.7,255.5,263.3,278.6,285.1,291.5,297.5,301.0,271.0,271.9,273.0,274.0,262.3,266.8,271.4,275.4,278.8,240.5,245.9,252.1,257.1,251.8,245.6,279.4,284.5,290.0,293.6,290.4,284.9,252.8,260.4,266.8,270.4,274.1,278.4,281.8,278.3,273.9,269.9,265.9,259.8,255.8,266.3,270.0,273.8,279.7,273.7,270.0,266.2,160.6,172.5,184.4,195.8,206.5,215.7,223.3,228.9,230.2,228.1,221.8,213.8,204.8,194.7,184.1,173.3,162.2,152.9,148.1,146.9,148.4,151.5,151.3,148.4,147.2,148.2,152.6,160.3,168.1,175.8,183.7,188.9,190.4,191.7,190.5,188.9,161.2,158.2,158.4,162.3,163.7,163.7,162.4,158.4,158.5,161.3,163.7,163.7,204.6,202.0,200.5,201.6,200.5,202.1,204.4,209.3,211.4,211.9,211.5,209.5,204.8,204.2,204.6,204.1,204.8,205.5,206.1,205.7,-51.7,-51.5,-49.2,-44.9,-36.5,-23.5,-7.8,10.0,28.0,43.4,55.5,66.8,76.4,83.2,87.7,91.1,92.4,-31.1,-19.8,-5.3,8.9,21.5,46.6,58.1,69.5,80.8,88.1,34.2,35.4,36.7,37.9,20.0,27.2,34.5,41.3,47.2,-15.7,-6.8,3.5,11.7,3.0,-7.3,49.3,58.0,67.7,74.6,68.4,58.7,4.6,17.1,27.4,33.3,39.5,47.2,53.9,47.1,39.4,32.6,26.0,16.1,9.6,26.7,32.8,39.1,50.0,39.1,32.7,26.5,-46.7,-26.1,-5.5,14.6,33.3,49.4,62.1,70.9,73.1,70.5,60.9,47.6,31.5,13.1,-6.1,-25.8,-45.8,-57.1,-64.5,-65.9,-63.2,-58.1,-59.0,-64.5,-67.5,-66.8,-60.2,-44.2,-31.3,-18.7,-5.9,2.3,4.7,6.8,4.8,2.2,-43.5,-48.1,-47.8,-41.5,-39.2,-39.1,-42.1,-49.0,-49.2,-44.8,-40.3,-40.0,28.4,23.8,21.1,23.0,21.2,24.3,28.6,36.3,39.3,39.9,39.3,36.2,28.7,27.4,28.0,27.4,29.1,29.7,30.5,29.8,677.5,681.0,685.1,687.4,686.6,683.4,677.2,669.3,669.1,678.8,694.1,706.3,711.3,710.5,708.7,707.0,706.7,644.9,638.9,634.6,631.2,629.7,637.5,645.4,654.5,664.3,674.5,635.8,629.7,623.1,617.1,633.1,632.1,631.9,635.4,639.6,644.8,641.9,642.6,644.2,642.8,642.2,654.4,657.0,661.3,667.8,661.6,657.4,649.8,639.6,636.3,637.6,640.0,648.9,662.3,650.7,643.4,640.6,639.5,642.0,647.6,639.3,640.2,643.1,658.1,643.1,640.1,639.4,0.596,0.187,-0.24,0.041,267.467,184.984,-6.313,11.602,-13.531,19.425,4.693,1.27,-4.237,3.075,3.772,-3.664,-0.024,0.673,0.071,-1.878,-0.662,-0.539,0.252,0.808,-1.263,-0.673,0.532,-0.284,-0.347,-0.674,0.23,0.175,0.092,0.042,-0.097,-0.016,-0.033,-0.015,0.009,-0.002,0.53,0.18,0.0,0.6,0.0,0.0,0.0,0.0,0.0,0.39,0.0,0.0,0.0,0.0,0.0,0.0,0.0,0.0,1.0,0.0,1.0,0.0,0.0,0.0,0.0,0.0,0.0,0.0,0.0,0.0,0.0,0.0,0.0,1.0,0.0
PP133,g1,2020,0,0.975,0.197804,0.168081,-0.965724,0.054017,0.161858,-0.985335,0.128,0.168,245.5,246.9,250.1,253.2,254.5,253.3,249.9,246.7,241.2,243.2,246.1,249.6,253.1,255.7,257.4,255.3,252.3,249.1,245.9,243.2,248.6,249.9,251.4,252.0,251.4,250.0,248.6,248.0,283.0,284.0,286.7,289.7,291.0,290.0,287.2,284.0,279.9,281.9,284.6,287.9,290.7,292.7,293.8,292.7,290.8,288.3,285.3,282.2,285.6,286.9,288.1,288.5,287.9,286.7,285.4,285.0,159.6,156.4,155.1,156.5,159.8,163.3,164.3,162.9,161.0,159.2,158.1,157.6,158.3,159.8,162.0,163.1,163.4,163.6,163.2,162.5,161.2,161.8,161.2,159.8,158.4,157.8,158.3,159.7,160.0,156.9,155.6,156.8,159.9,163.0,164.4,163.4,162.1,160.0,158.5,157.9,158.4,159.6,161.4,162.8,163.5,163.8,163.6,163.2,161.4,162.0,161.4,160.0,158.7,158.1,158.7,160.1,-5.9,-4.1,0.1,4.2,5.9,4.3,-0.1,-4.3,-11.7,-8.9,-5.1,-0.5,4.0,7.4,9.7,6.9,3.0,-1.2,-5.3,-9.0,-1.9,-0.1,1.8,2.6,1.9,0.0,-1.8,-2.6,44.5,46.0,49.9,54.0,55.9,54.4,50.4,46.0,40.4,43.0,46.7,51.2,55.4,58.4,60.3,58.4,55.5,51.8,47.6,43.5,48.3,50.1,51.8,52.4,51.6,49.8,48.1,47.5,-36.5,-40.8,-42.4,-40.6,-36.3,-31.7,-30.3,-32.2,-34.9,-37.1,-38.4,-39.0,-38.1,-36.2,-33.5,-32.0,-31.4,-31.2,-31.7,-32.9,-34.5,-33.7,-34.4,-36.3,-38.2,-39.0,-38.2,-36.4,-37.2,-41.5,-43.4,-41.8,-37.6,-33.2,-31.3,-32.6,-34.3,-37.1,-39.1,-40.1,-39.5,-38.2,-35.9,-33.8,-32.7,-32.1,-32.3,-32.8,-35.4,-34.7,-35.5,-37.4,-39.2,-39.9,-39.1,-37.2,511.2,511.7,511.8,511.6,511.1,510.9,510.5,510.7,515.3,512.8,510.4,509.3,509.9,511.3,513.0,511.4,509.8,509.4,510.5,512.8,511.8,511.7,511.8,512.0,512.2,512.3,512.2,512.0,527.8,528.9,530.6,532.0,532.1,531.1,529.4,528.1,528.1,527.5,527.4,528.5,531.2,534.7,538.0,534.7,531.3,528.8,527.6,527.6,529.9,530.5,531.2,531.7,531.6,531.0,530.3,529.8,29.8,-3.9,647.4,0.162,-0.186,0.03,220.6,220.8,222.3,224.8,229.6,236.9,245.8,256.3,266.9,275.6,281.8,287.5,292.3,296.0,298.6,300.6,301.3,231.6,238.3,247.1,255.9,263.7,279.1,285.6,291.9,297.9,301.3,271.5,272.5,273.5,274.6,262.8,267.4,271.9,275.9,279.3,241.0,246.4,252.6,257.6,252.3,246.1,279.8,284.9,290.4,294.0,290.7,285.3,253.4,261.1,267.4,271.0,274.7,279.0,282.3,278.8,274.5,270.5,266.5,260.4,256.4,266.9,270.6,274.4,280.2,274.3,270.6,266.8,160.6,172.6,184.6,196.1,206.9,216.3,223.9,229.5,230.8,228.8,222.4,214.4,205.3,195.2,184.6,173.7,162.6,152.7,147.8,146.5,148.0,151.1,151.1,148.3,147.1,148.2,152.7,160.0,167.8,175.5,183.4,188.7,190.2,191.5,190.3,188.7,160.9,158.0,158.2,162.1,163.4,163.4,162.2,158.3,158.4,161.3,163.6,163.6,204.7,202.0,200.4,201.5,200.4,202.1,204.5,209.3,211.3,211.8,211.5,209.5,204.9,204.2,204.5,204.1,204.9,205.5,206.0,205.6,-50.9,-50.8,-48.5,-44.1,-35.7,-22.8,-7.2,10.8,28.8,44.3,56.4,67.5,76.8,83.4,87.9,91.2,92.5,-30.3,-19.1,-4.6,9.5,22.1,47.4,58.7,70.1,81.3,88.4,34.9,36.1,37.4,38.7,20.7,28.0,35.3,42.1,47.9,-14.8,-5.9,4.3,12.4,3.8,-6.4,49.9,58.6,68.2,75.0,68.8,59.2,5.6,18.0,28.2,34.1,40.3,47.9,54.5,47.8,40.2,33.5,26.9,17.0,10.5,27.5,33.7,40.0,50.6,39.9,33.6,27.3,-46.6,-25.9,-5.1,15.0,34.0,50.1,62.9,71.6,73.8,71.4,61.9,48.6,32.3,13.9,-5.3,-25.0,-44.9,-57.3,-64.9,-66.4,-63.7,-58.6,-59.4,-64.8,-67.6,-66.7,-59.9,-44.6,-31.7,-19.1,-6.4,1.9,4.4,6.5,4.6,2.0,-43.7,-48.4,-48.1,-41.8,-39.5,-39.5,-42.3,-49.0,-49.1,-44.7,-40.3,-40.1,28.5,23.6,20.9,22.8,21.0,24.2,28.8,36.2,39.1,39.7,39.1,36.0,28.7,27.2,27.8,27.2,29.2,29.5,30.2,29.6,675.8,679.3,683.2,685.2,684.0,680.6,674.1,666.0,665.9,675.8,691.3,703.8,709.0,708.2,706.4,704.8,704.6,643.4,637.6,633.4,630.1,628.7,636.7,644.7,653.8,663.5,673.5,634.6,628.2,621.4,615.1,631.0,629.9,629.6,633.2,637.5,643.0,640.4,641.1,642.7,641.2,640.5,653.2,656.0,660.2,666.7,660.4,656.2,646.8,636.7,633.6,635.0,637.5,646.3,659.6,647.8,640.4,637.5,636.4,638.8,644.7,636.6,637.5,640.6,655.3,640.4,637.3,636.5,0.598,0.17,-0.243,0.04,267.946,185.004,-6.485,13.152,-14.025,20.475,2.974,1.529,-4.287,3.252,3.802,-4.096,-0.362,0.579,0.036,-1.918,-0.199,-0.866,0.117,0.819,-1.2,-0.682,0.449,-0.223,-0.509,-0.864,0.223,0.251,0.093,0.057,-0.111,-0.023,-0.039,-0.019,0.01,-0.001,0.69,0.22,0.0,1.08,0.0,0.0,0.0,0.0,0.0,0.19,0.0,0.0,0.0,0.0,0.0,0.0,0.0,1.0,1.0,0.0,1.0,0.0,0.0,0.0,0.0,0.0,0.0,0.0,0.0,0.0,0.0,0.0,0.0,1.0,0.0
PP133,g1,2025,0,0.975,0.204431,0.176969,-0.962751,0.054982,0.168383,-0.984187,0.132,0.176,246.1,247.5,250.7,253.8,255.0,253.8,250.4,247.3,241.7,243.8,246.7,250.2,253.7,256.2,257.9,255.8,252.8,249.6,246.5,243.7,249.1,250.5,251.9,252.5,252.0,250.6,249.2,248.6,283.5,284.5,287.3,290.2,291.5,290.4,287.7,284.5,280.4,282.4,285.1,288.4,291.2,293.2,294.2,293.1,291.2,288.7,285.7,282.7,286.1,287.3,288.6,289.0,288.5,287.2,286.0,285.5,158.9,155.7,154.5,156.0,159.3,162.7,163.7,162.2,160.2,158.5,157.4,157.0,157.7,159.3,161.5,162.5,162.8,162.9,162.5,161.7,160.5,161.2,160.6,159.2,157.8,157.2,157.7,159.1,159.9,156.8,155.5,156.8,159.9,163.0,164.3,163.2,162.0,159.9,158.4,157.8,158.4,159.6,161.4,162.8,163.5,163.7,163.5,163.1,161.3,161.9,161.3,160.0,158.6,158.1,158.6,160.0,-5.2,-3.3,1.0,5.1,6.6,5.0,0.5,-3.6,-11.0,-8.2,-4.3,0.3,4.8,8.1,10.4,7.6,3.7,-0.5,-4.6,-8.3,-1.2,0.6,2.5,3.3,2.6,0.8,-1.0,-1.9,45.5,47.0,50.9,55.0,56.8,55.3,51.3,46.9,41.3,44.0,47.6,52.2,56.4,59.4,61.2,59.3,56.4,52.7,48.5,44.4,49.2,51.0,52.7,53.4,52.6,50.8,49.1,48.4,-37.5,-41.7,-43.4,-41.4,-37.1,-32.6,-31.3,-33.2,-36.1,-38.2,-39.4,-39.9,-39.0,-37.0,-34.3,-32.8,-32.3,-32.2,-32.7,-34.0,-35.4,-34.6,-35.3,-37.2,-39.1,-39.9,-39.2,-37.3,-37.5,-41.8,-43.7,-42.0,-37.8,-33.5,-31.6,-33.0,-34.7,-37.5,-39.4,-40.4,-39.8,-38.4,-36.1,-34.0,-32.9,-32.4,-32.6,-33.2,-35.7,-35.0,-35.8,-37.6,-39.5,-40.2,-39.4,-37.5,512.9,513.4,513.7,513.5,513.1,512.8,512.3,512.5,517.0,514.4,512.2,511.1,511.8,513.3,515.0,513.3,511.7,511.2,512.3,514.4,513.6,513.5,513.6,513.8,514.0,514.1,514.0,513.8,530.6,531.7,533.4,534.7,534.9,533.8,532.1,530.9,530.9,530.2,530.1,531.2,534.0,537.5,540.8,537.5,534.1,531.6,530.3,530.4,532.6,533.2,534.0,534.4,534.4,533.8,533.0,532.6,29.9,-4.7,649.4,0.173,-0.191,0.049,220.8,220.8,222.0,224.4,229.0,236.3,245.1,255.4,265.9,274.6,280.9,286.8,291.9,295.8,298.6,300.7,301.6,232.4,239.3,248.1,256.8,264.5,279.8,286.4,292.6,298.5,301.9,272.1,273.0,273.9,274.8,262.9,267.4,271.9,275.9,279.4,241.6,247.0,253.2,258.0,252.8,246.6,280.3,285.4,290.9,294.4,291.2,285.7,252.7,260.6,267.1,270.7,274.5,278.7,281.9,278.3,274.0,269.9,265.8,259.7,255.7,266.5,270.2,274.0,279.8,273.9,270.1,266.3,159.6,171.7,183.7,195.2,206.0,215.4,223.0,228.6,230.0,228.1,221.9,213.9,204.9,194.8,184.3,173.5,162.5,151.6,146.9,145.8,147.4,150.5,150.7,148.0,147.0,148.2,152.7,159.7,167.4,175.1,183.0,188.1,189.7,191.1,190.0,188.4,160.2,157.3,157.6,161.6,162.8,162.7,162.0,158.2,158.4,161.4,163.6,163.5,203.8,201.3,199.8,201.0,199.9,201.7,204.2,209.0,211.0,211.4,211.0,208.9,204.1,203.6,204.0,203.7,204.5,205.1,205.6,205.2,-50.5,-50.8,-48.9,-45.0,-36.8,-24.0,-8.5,9.2,27.1,42.6,54.8,66.3,76.2,83.3,88.1,91.8,93.3,-29.0,-17.5,-3.1,11.0,23.5,48.8,60.2,71.5,82.6,89.6,36.1,37.0,38.2,39.2,20.9,28.1,35.4,42.2,48.1,-13.9,-4.9,5.3,13.3,4.6,-5.6,50.9,59.6,69.3,76.0,69.7,60.2,4.5,17.3,27.8,33.7,40.1,47.7,54.1,47.2,39.4,32.6,25.9,15.9,9.4,26.9,33.1,39.5,50.2,39.4,32.9,26.6,-48.3,-27.5,-6.7,13.5,32.5,48.6,61.4,70.3,72.7,70.5,61.0,47.7,31.6,13.3,-5.8,-25.4,-45.3,-59.1,-66.3,-67.7,-64.9,-59.7,-60.2,-65.3,-68.0,-67.0,-60.2,-45.3,-32.4,-19.8,-7.1,1.0,3.6,5.8,4.0,1.5,-45.0,-49.5,-49.1,-42.7,-40.6,-40.7,-42.7,-49.3,-49.3,-44.7,-40.5,-40.4,27.1,22.5,20.0,22.0,20.4,23.6,28.2,35.9,38.7,39.2,38.4,35.1,27.5,26.3,27.1,26.6,28.7,29.0,29.7,28.9,676.2,679.6,683.6,685.7,684.7,681.5,675.4,667.8,667.8,677.7,692.9,705.1,710.2,709.5,708.0,706.7,706.8,644.0,638.5,634.6,631.5,630.3,638.6,646.7,655.8,665.4,675.2,636.2,630.1,623.5,617.4,632.7,631.8,631.7,635.3,639.6,643.9,641.3,642.2,643.8,642.2,641.4,654.8,657.6,661.8,668.3,662.1,657.8,648.8,639.0,635.8,637.2,639.7,648.7,662.1,650.4,642.9,639.9,638.7,641.1,646.8,638.7,639.7,642.8,658.0,642.7,639.5,638.7,0.596,0.179,-0.249,0.059,267.936,184.509,-9.343,12.939,-13.267,18.49,4.484,1.089,-4.585,1.607,3.064,-3.287,0.202,1.209,0.229,-1.947,-0.655,-0.663,0.151,0.678,-1.156,-0.947,0.432,-0.392,-0.267,-0.691,0.161,0.075,0.104,0.073,-0.119,-0.014,-0.023,-0.006,0.006,-0.002,0.61,0.21,0.0,0.92,0.0,0.0,0.0,0.0,0.0,0.22,0.0,0.0,0.0,0.0,0.0,0.0,0.0,0.0,1.0,0.0,1.0,0.0,0.0,0.0,0.0,0.0,0.0,0.0,0.0,0.0,0.0,0.0,0.0,1.0,0.0
PP133,g1,2031,0,0.975,0.20905,0.187763,-0.95971,0.055016,0.175321,-0.982973,0.135,0.185,246.5,248.0,251.3,254.3,255.5,254.2,250.7,247.6,242.1,244.2,247.2,250.7,254.1,256.6,258.2,256.1,253.2,250.0,246.8,244.1,249.5,250.9,252.3,252.9,252.4,251.1,249.7,249.0,283.8,284.9,287.7,290.6,291.8,290.7,287.9,284.8,280.7,282.7,285.5,288.8,291.6,293.5,294.5,293.4,291.5,289.0,286.0,283.0,286.4,287.6,288.9,289.3,288.8,287.6,286.3,285.9,158.1,154.9,153.8,155.3,158.6,162.0,162.9,161.4,159.3,157.6,156.6,156.2,157.1,158.7,160.9,161.9,162.1,162.1,161.7,160.8,159.8,160.4,159.9,158.6,157.1,156.5,157.0,158.3,159.8,156.7,155.5,156.8,159.9,163.0,164.2,163.1,161.8,159.8,158.4,157.8,158.4,159.7,161.5,162.8,163.5,163.7,163.4,163.0,161.3,161.9,161.3,160.0,158.6,158.0,158.6,159.9,-4.6,-2.6,1.7,5.7,7.2,5.5,0.9,-3.1,-10.5,-7.6,-3.7,1.0,5.4,8.7,10.9,8.0,4.2,-0.0,-4.1,-7.8,-0.6,1.1,3.0,3.9,3.2,1.4,-0.4,-1.3,46.1,47.7,51.7,55.7,57.4,55.8,51.8,47.5,41.9,44.6,48.3,52.9,57.0,60.0,61.8,59.9,56.9,53.2,49.1,44.9,49.8,51.6,53.3,54.0,53.3,51.5,49.7,49.0,-38.7,-42.9,-44.5,-42.4,-38.1,-33.6,-32.4,-34.4,-37.4,-39.5,-40.6,-41.0,-40.0,-37.9,-35.2,-33.7,-33.3,-33.3,-33.9,-35.2,-36.6,-35.7,-36.4,-38.2,-40.1,-41.0,-40.3,-38.5,-37.8,-42.0,-43.9,-42.1,-37.9,-33.6,-31.8,-33.2,-35.0,-37.7,-39.7,-40.5,-39.9,-38.4,-36.1,-34.1,-32.9,-32.5,-32.8,-33.4,-35.9,-35.1,-35.9,-37.8,-39.6,-40.4,-39.6,-37.7,514.4,515.0,515.3,515.2,514.7,514.4,513.9,514.0,518.3,515.9,513.7,512.7,513.5,515.0,516.7,515.0,513.3,512.8,513.7,515.8,515.1,515.1,515.2,515.5,515.7,515.7,515.6,515.3,532.4,533.5,535.2,536.6,536.8,535.7,534.0,532.7,532.7,532.0,532.0,533.1,535.8,539.3,542.7,539.3,536.0,533.4,532.2,532.2,534.5,535.1,535.8,536.3,536.2,535.6,534.9,534.4,29.7,-5.7,651.2,0.189,-0.193,0.07,220.8,220.6,221.5,223.6,228.1,235.3,244.1,254.3,264.7,273.4,279.9,286.0,291.3,295.5,298.4,300.6,301.7,232.9,240.0,248.9,257.6,265.4,280.4,287.0,293.2,299.1,302.3,272.6,273.3,274.1,274.8,262.7,267.2,271.6,275.7,279.1,242.0,247.5,253.7,258.4,253.2,247.0,280.7,285.8,291.2,294.6,291.4,286.0,251.8,259.9,266.5,270.1,273.9,278.1,281.3,277.5,273.1,269.1,265.0,258.8,254.8,265.8,269.6,273.4,279.2,273.2,269.4,265.6,158.4,170.4,182.3,193.8,204.6,213.9,221.6,227.3,228.8,227.0,220.8,213.1,204.2,194.3,184.0,173.4,162.6,150.5,146.0,145.1,146.8,150.1,150.6,148.0,147.1,148.4,153.0,159.4,167.2,174.8,182.7,187.6,189.2,190.7,189.7,188.2,159.2,156.5,157.0,161.0,162.1,161.9,161.9,158.2,158.4,161.4,163.6,163.5,202.6,200.4,199.2,200.5,199.5,201.3,203.6,208.5,210.4,210.7,210.2,207.9,203.0,202.9,203.4,203.1,203.9,204.6,205.0,204.5,-50.6,-51.3,-50.0,-46.5,-38.5,-25.8,-10.2,7.4,25.2,40.7,53.2,65.1,75.3,82.8,88.0,92.0,93.8,-28.2,-16.4,-1.8,12.4,24.9,49.8,61.3,72.7,83.8,90.6,36.9,37.6,38.5,39.3,20.7,27.9,35.1,41.9,47.8,-13.3,-4.1,6.1,13.8,5.2,-5.0,51.5,60.4,70.0,76.6,70.3,60.7,3.1,16.2,27.0,32.9,39.3,46.8,53.2,46.0,38.1,31.3,24.6,14.5,8.0,26.0,32.2,38.6,49.4,38.3,31.9,25.6,-50.6,-29.9,-9.1,11.1,30.1,46.2,59.1,68.2,70.9,68.7,59.3,46.3,30.5,12.5,-6.3,-25.5,-45.2,-61.0,-67.9,-69.0,-65.9,-60.4,-60.5,-65.5,-68.0,-66.8,-59.9,-45.8,-32.9,-20.3,-7.6,0.1,2.8,5.1,3.5,1.2,-46.7,-50.9,-50.3,-43.7,-41.8,-42.1,-43.0,-49.5,-49.3,-44.7,-40.5,-40.6,25.2,21.2,19.1,21.2,19.7,22.9,27.4,35.1,37.8,38.2,37.3,33.6,25.8,25.3,26.2,25.8,27.8,28.2,28.8,27.9,677.7,681.1,685.0,687.2,686.3,683.2,677.2,669.6,669.8,679.7,695.0,707.0,712.0,711.6,710.3,709.3,709.5,644.9,639.5,635.7,632.6,631.4,639.9,648.0,657.3,667.0,677.0,637.6,631.5,625.0,619.1,634.3,633.5,633.5,637.1,641.3,645.0,642.3,643.3,645.0,643.3,642.4,656.3,659.0,663.3,669.9,663.6,659.3,650.8,641.1,637.8,639.2,641.8,651.0,664.6,652.9,645.2,642.1,640.9,643.4,648.9,640.7,641.7,644.9,660.6,644.9,641.7,640.8,0.595,0.193,-0.25,0.081,267.724,183.912,-8.553,13.26,-12.323,16.2,6.402,1.099,-4.547,0.663,2.7,-1.773,0.838,1.223,0.437,-1.955,-0.845,-0.495,0.182,0.606,-1.086,-0.805,0.502,-0.49,-0.207,-0.457,0.163,-0.019,0.066,0.077,-0.119,-0.006,-0.026,0.01,0.005,0.003,0.67,0.23,0.0,0.9,0.0,0.0,0.0,0.0,0.0,0.0,0.0,0.0,0.0,0.0,0.0,0.0,0.0,1.0,1.0,0.0,1.0,0.0,0.0,0.0,0.0,0.0,0.0,0.0,0.0,0.0,0.0,0.0,0.0,1.0,0.0
PP133,g1,2037,0,0.975,0.213718,0.18537,-0.959147,0.060218,0.170751,-0.983472,0.14,0.181,247.1,248.6,251.9,255.0,256.0,254.7,251.2,248.2,242.6,244.8,247.8,251.3,254.7,257.2,258.8,256.6,253.7,250.5,247.4,244.6,250.1,251.4,252.8,253.5,253.0,251.7,250.3,249.6,284.3,285.4,288.2,291.0,292.2,291.1,288.3,285.2,281.1,283.2,285.9,289.2,292.0,293.9,294.9,293.7,291.8,289.4,286.4,283.4,286.8,288.0,289.3,289.8,289.2,288.0,286.8,286.3,157.3,154.2,153.1,154.6,158.0,161.3,162.2,160.6,158.5,156.8,155.8,155.5,156.4,158.1,160.3,161.3,161.5,161.4,160.9,160.0,159.0,159.7,159.2,157.9,156.4,155.7,156.2,157.6,159.6,156.5,155.3,156.7,159.8,162.9,164.1,162.9,161.5,159.5,158.2,157.7,158.3,159.6,161.5,162.8,163.4,163.5,163.2,162.7,161.1,161.7,161.2,159.8,158.5,157.9,158.4,159.7,-3.8,-1.8,2.5,6.5,7.9,6.2,1.6,-2.4,-9.8,-6.9,-2.9,1.8,6.2,9.5,11.6,8.7,4.9,0.7,-3.4,-7.1,0.1,1.8,3.7,4.6,4.0,2.2,0.4,-0.5,46.9,48.5,52.5,56.5,58.2,56.5,52.5,48.1,42.6,45.4,49.1,53.7,57.8,60.7,62.5,60.5,57.5,53.9,49.7,45.6,50.5,52.2,54.0,54.7,54.0,52.3,50.5,49.8,-39.7,-43.9,-45.4,-43.3,-38.9,-34.4,-33.3,-35.4,-38.5,-40.5,-41.6,-42.0,-40.9,-38.8,-36.0,-34.6,-34.2,-34.2,-34.9,-36.3,-37.5,-36.6,-37.3,-39.1,-41.0,-41.9,-41.3,-39.4,-38.2,-42.4,-44.2,-42.4,-38.1,-33.8,-32.1,-33.6,-35.5,-38.2,-40.1,-40.8,-40.1,-38.6,-36.3,-34.3,-33.2,-32.8,-33.1,-33.9,-36.2,-35.5,-36.2,-38.1,-39.9,-40.7,-40.0,-38.1,514.0,514.6,514.9,514.9,514.4,514.1,513.5,513.5,517.9,515.4,513.3,512.3,513.1,514.7,516.4,514.6,512.9,512.4,513.3,515.4,514.7,514.7,514.8,515.1,515.3,515.3,515.2,514.9,533.8,534.9,536.6,538.0,538.2,537.1,535.3,534.1,534.0,533.4,533.3,534.5,537.3,540.8,544.1,540.8,537.4,534.8,533.6,533.6,535.9,536.5,537.2,537.7,537.6,537.0,536.3,535.8,30.1,-6.6,651.1,0.183,-0.201,0.083,221.1,220.7,221.4,223.4,227.8,234.9,243.8,254.1,264.5,273.2,279.6,285.7,291.1,295.3,298.3,300.7,301.7,233.6,240.8,249.7,258.5,266.2,281.1,287.7,293.9,299.6,302.7,273.3,273.9,274.6,275.4,263.1,267.6,272.0,276.0,279.4,242.5,248.1,254.3,258.9,253.7,247.5,281.1,286.3,291.7,295.0,291.8,286.4,251.9,260.1,266.8,270.4,274.1,278.3,281.3,277.6,273.2,269.2,265.2,258.9,254.9,266.1,269.8,273.5,279.3,273.4,269.6,265.8,157.6,169.5,181.5,193.0,203.8,213.2,220.9,226.6,228.2,226.5,220.5,212.9,204.1,194.3,184.1,173.6,162.9,149.5,145.1,144.3,146.1,149.5,150.2,147.7,147.0,148.4,153.0,159.0,166.6,174.2,182.0,186.9,188.6,190.1,189.1,187.8,158.4,155.8,156.3,160.4,161.4,161.1,161.6,158.0,158.3,161.4,163.5,163.3,201.9,199.7,198.5,199.8,198.9,200.8,203.2,208.0,209.8,210.1,209.6,207.2,202.3,202.3,202.9,202.6,203.5,204.0,204.4,203.8,-50.2,-51.1,-50.1,-46.8,-39.0,-26.3,-10.7,7.0,24.8,40.3,52.7,64.6,74.9,82.6,88.0,92.1,94.1,-27.1,-15.0,-0.4,13.7,26.2,51.1,62.6,74.0,84.9,91.5,38.0,38.6,39.4,40.2,21.3,28.5,35.7,42.4,48.3,-12.4,-3.1,7.1,14.7,6.1,-4.1,52.3,61.2,70.9,77.3,71.0,61.5,3.2,16.6,27.4,33.3,39.6,47.1,53.3,46.1,38.3,31.5,24.8,14.7,8.1,26.3,32.5,38.8,49.4,38.6,32.2,25.9,-51.9,-31.3,-10.5,9.7,28.7,44.8,57.7,66.9,69.8,67.8,58.6,45.9,30.3,12.4,-6.1,-25.2,-44.7,-62.7,-69.5,-70.4,-67.1,-61.4,-61.2,-66.0,-68.3,-66.9,-59.8,-46.6,-33.8,-21.2,-8.6,-1.0,1.8,4.2,2.7,0.4,-48.1,-52.2,-51.5,-44.8,-42.9,-43.4,-43.5,-49.9,-49.6,-44.8,-40.8,-40.9,24.0,20.1,18.0,20.2,18.8,22.2,26.8,34.2,36.9,37.1,36.1,32.4,24.5,24.3,25.2,24.9,27.1,27.2,27.7,26.7,677.4,680.6,684.4,686.4,685.3,682.1,675.9,668.4,668.9,679.1,694.6,706.9,712.2,711.9,710.8,710.1,710.5,644.6,639.4,635.8,632.8,631.6,640.4,648.8,658.3,668.3,678.3,637.9,631.7,625.1,619.0,633.9,633.2,633.3,637.0,641.3,644.8,642.3,643.3,645.1,643.3,642.3,656.8,659.7,664.2,670.9,664.4,660.0,649.9,640.4,637.2,638.7,641.4,650.7,664.4,652.4,644.6,641.4,640.1,642.5,648.1,640.1,641.2,644.5,660.3,644.3,641.0,640.1,0.595,0.186,-0.26,0.094,267.988,183.402,-7.246,14.084,-12.378,15.674,6.418,0.696,-4.831,0.929,2.441,-1.503,1.117,1.063,0.263,-2.084,-0.778,-0.533,0.157,0.38,-0.905,-0.895,0.567,-0.426,-0.317,-0.385,0.088,0.012,0.053,0.075,-0.122,-0.008,-0.03,0.01,0.006,-0.001,0.33,0.1,0.0,1.03,0.0,0.0,0.09,0.0,0.0,0.11,0.0,0.0,0.0,0.0,0.0,0.0,0.0,0.0,1.0,0.0,1.0,0.0,0.0,0.0,0.0,0.0,0.0,0.0,0.0,0.0,0.0,0.0,0.0,1.0,0.0
PP133,g1,2043,0,0.975,0.216868,0.179592,-0.959539,0.065455,0.163318,-0.9844,0.144,0.175,247.3,248.9,252.1,255.2,256.2,254.8,251.4,248.3,242.8,245.0,248.0,251.6,254.9,257.4,258.9,256.8,253.9,250.7,247.5,244.8,250.2,251.6,253.0,253.7,253.2,251.9,250.5,249.8,284.3,285.5,288.3,291.1,292.2,291.0,288.3,285.2,281.1,283.2,286.0,289.3,292.0,293.9,294.8,293.7,291.8,289.3,286.4,283.4,286.8,288.0,289.2,289.8,289.3,288.0,286.8,286.3,156.6,153.4,152.4,154.0,157.3,160.7,161.5,159.9,157.7,156.0,155.1,154.8,155.7,157.4,159.7,160.6,160.8,160.7,160.2,159.2,158.3,159.0,158.5,157.2,155.7,155.0,155.5,156.9,159.3,156.3,155.1,156.6,159.7,162.7,163.8,162.6,161.2,159.2,157.9,157.4,158.2,159.5,161.4,162.6,163.2,163.3,163.0,162.4,160.9,161.5,161.0,159.7,158.3,157.7,158.2,159.5,-3.6,-1.5,2.8,6.8,8.2,6.4,1.8,-2.2,-9.6,-6.6,-2.6,2.0,6.5,9.7,11.8,8.9,5.1,0.9,-3.2,-6.9,0.3,2.1,3.9,4.8,4.2,2.5,0.6,-0.3,46.9,48.6,52.6,56.6,58.2,56.4,52.4,48.1,42.6,45.4,49.2,53.8,57.8,60.8,62.4,60.5,57.5,53.9,49.7,45.6,50.5,52.2,54.0,54.7,54.1,52.3,50.6,49.8,-40.7,-44.8,-46.2,-44.1,-39.7,-35.2,-34.2,-36.3,-39.5,-41.5,-42.6,-42.9,-41.7,-39.6,-36.7,-35.4,-35.0,-35.1,-35.8,-37.2,-38.4,-37.5,-38.1,-39.9,-41.8,-42.8,-42.1,-40.3,-38.6,-42.8,-44.5,-42.6,-38.3,-34.1,-32.4,-34.0,-35.9,-38.6,-40.4,-41.1,-40.3,-38.8,-36.4,-34.4,-33.4,-33.1,-33.5,-34.2,-36.6,-35.8,-36.5,-38.3,-40.2,-41.0,-40.3,-38.4,513.3,513.9,514.2,514.1,513.7,513.3,512.7,512.8,517.2,514.7,512.6,511.6,512.4,513.9,515.7,513.9,512.2,511.7,512.6,514.7,514.0,514.0,514.1,514.4,514.6,514.6,514.5,514.2,534.0,535.1,536.9,538.2,538.4,537.3,535.5,534.2,534.2,533.6,533.5,534.7,537.5,541.0,544.3,541.0,537.6,535.0,533.7,533.7,536.0,536.6,537.4,537.9,537.8,537.2,536.5,536.0,29.9,-7.2,650.3,0.171,-0.207,0.092,221.0,220.5,221.2,223.1,227.5,234.6,243.4,253.6,264.0,272.6,279.0,285.1,290.5,294.8,297.9,300.3,301.5,233.8,241.1,250.1,258.8,266.5,281.3,287.8,294.0,299.7,302.7,273.4,274.0,274.7,275.4,263.1,267.5,271.9,275.9,279.4,242.7,248.3,254.5,259.1,253.8,247.6,281.1,286.3,291.7,295.0,291.7,286.4,251.8,260.0,266.7,270.2,274.0,278.0,280.9,277.3,272.9,268.9,264.9,258.8,254.8,265.9,269.6,273.3,278.8,273.2,269.4,265.6,156.8,168.9,181.0,192.7,203.6,213.0,220.7,226.4,228.1,226.6,220.6,213.1,204.4,194.5,184.3,173.8,163.0,148.6,144.1,143.4,145.3,148.8,149.7,147.4,146.7,148.2,153.0,158.4,166.0,173.5,181.3,186.2,188.0,189.5,188.6,187.3,157.6,155.0,155.6,159.8,160.8,160.4,161.3,157.7,158.2,161.3,163.4,163.0,201.4,199.1,197.9,199.2,198.4,200.4,203.1,207.7,209.5,209.7,209.1,206.7,201.8,201.7,202.3,202.1,203.3,203.6,204.0,203.3,-50.2,-51.3,-50.4,-47.2,-39.4,-26.9,-11.4,6.1,23.8,39.2,51.5,63.4,73.8,81.5,87.1,91.4,93.7,-26.7,-14.6,0.1,14.3,26.7,51.4,62.9,74.2,85.1,91.5,38.3,38.8,39.6,40.3,21.2,28.3,35.5,42.3,48.1,-12.1,-2.7,7.4,15.0,6.3,-3.9,52.3,61.3,70.9,77.3,71.0,61.5,3.1,16.4,27.2,33.0,39.3,46.5,52.4,45.4,37.8,31.0,24.4,14.4,8.0,26.0,32.2,38.4,48.6,38.2,31.8,25.6,-53.2,-32.3,-11.3,9.2,28.2,44.5,57.4,66.4,69.4,67.8,58.8,46.3,30.7,12.8,-5.9,-25.0,-44.5,-64.2,-71.0,-71.8,-68.5,-62.6,-62.1,-66.7,-68.8,-67.2,-59.9,-47.6,-34.8,-22.3,-9.8,-2.1,0.7,3.2,1.8,-0.4,-49.3,-53.4,-52.6,-45.8,-44.0,-44.6,-44.1,-50.3,-49.9,-45.0,-41.1,-41.3,23.1,19.0,16.9,19.2,17.8,21.5,26.5,33.7,36.2,36.4,35.3,31.5,23.7,23.2,24.2,24.1,26.7,26.6,26.9,25.9,676.8,679.8,683.3,685.0,683.7,680.4,674.2,666.7,667.3,677.6,693.3,705.7,711.1,710.9,710.0,709.6,710.3,644.3,639.3,635.8,632.9,631.9,640.8,649.3,658.9,668.9,678.9,638.1,631.7,624.9,618.7,633.1,632.5,632.6,636.3,640.8,644.3,642.0,643.1,644.9,642.9,641.8,656.9,660.0,664.5,671.2,664.6,660.1,648.4,639.1,636.1,637.6,640.4,649.6,663.2,651.2,643.3,640.1,638.7,641.0,646.6,638.9,640.0,643.4,659.0,643.3,639.9,638.9,0.595,0.173,-0.266,0.102,267.872,183.0,-8.089,15.088,-12.718,16.52,6.089,0.342,-4.456,0.483,2.08,-2.3,1.07,0.995,0.068,-1.838,-0.679,-0.722,0.215,0.115,-1.042,-0.807,0.515,-0.358,-0.45,-0.521,0.159,0.091,0.057,0.08,-0.113,-0.015,-0.026,0.003,0.003,-0.003,0.58,0.25,0.0,1.33,0.0,0.0,0.04,0.0,0.0,0.26,0.0,0.0,0.0,0.0,0.0,0.0,0.0,1.0,1.0,0.0,1.0,0.0,0.0,0.0,0.0,0.0,0.0,0.0,0.0,0.0,0.0,0.0,0.0,1.0,0.0
PP133,g1,2049,0,0.975,0.215559,0.161539,-0.963037,0.068807,0.144177,-0.987157,0.145,0.155,248.0,249.5,252.8,255.8,256.9,255.5,252.0,249.0,243.5,245.7,248.7,252.2,255.6,258.0,259.6,257.4,254.5,251.3,248.2,245.4,250.9,252.2,253.6,254.3,253.9,252.6,251.1,250.4,284.9,286.0,288.8,291.6,292.7,291.5,288.7,285.7,281.7,283.8,286.5,289.8,292.6,294.4,295.3,294.1,292.3,289.8,286.9,283.9,287.3,288.5,289.7,290.3,289.8,288.6,287.4,286.8,155.9,152.9,151.8,153.4,156.7,160.1,160.8,159.3,157.1,155.4,154.5,154.2,155.1,156.8,159.1,160.0,160.2,160.1,159.6,158.6,157.7,158.4,157.9,156.6,155.2,154.5,154.9,156.3,159.0,156.0,155.0,156.4,159.6,162.6,163.6,162.4,160.9,159.0,157.7,157.3,158.1,159.4,161.4,162.6,163.1,163.1,162.7,162.1,160.6,161.3,160.8,159.5,158.1,157.5,158.0,159.3,-2.7,-0.6,3.7,7.7,9.1,7.2,2.7,-1.3,-8.7,-5.7,-1.7,2.9,7.4,10.6,12.7,9.8,5.9,1.7,-2.4,-6.0,1.2,2.9,4.8,5.7,5.1,3.4,1.5,0.6,47.8,49.5,53.5,57.5,59.0,57.3,53.2,48.9,43.4,46.3,50.1,54.7,58.7,61.6,63.2,61.3,58.3,54.7,50.6,46.5,51.4,53.1,54.8,55.6,54.9,53.2,51.4,50.7,-41.6,-45.8,-47.2,-45.1,-40.6,-36.2,-35.1,-37.2,-40.4,-42.4,-43.5,-43.8,-42.7,-40.5,-37.6,-36.3,-36.0,-36.1,-36.8,-38.2,-39.4,-38.4,-39.1,-40.9,-42.8,-43.7,-43.1,-41.3,-39.0,-43.2,-44.8,-42.9,-38.6,-34.4,-32.8,-34.4,-36.4,-39.1,-40.9,-41.5,-40.6,-39.0,-36.5,-34.6,-33.7,-33.5,-33.9,-34.7,-37.0,-36.1,-36.8,-38.7,-40.5,-41.4,-40.7,-38.8,515.4,516.0,516.4,516.2,515.7,515.3,514.7,514.9,519.3,516.8,514.7,513.7,514.5,516.0,517.7,515.9,514.2,513.7,514.6,516.7,516.1,516.0,516.2,516.4,516.7,516.7,516.6,516.3,535.5,536.7,538.5,539.9,540.0,538.7,536.9,535.6,535.6,535.1,535.1,536.3,539.1,542.6,545.9,542.5,539.0,536.4,535.1,535.1,537.5,538.1,538.9,539.4,539.4,538.8,538.0,537.5,30.6,-7.6,649.7,0.142,-0.21,0.097,221.7,221.1,221.8,223.6,228.0,235.0,243.6,253.8,264.2,272.8,279.2,285.2,290.6,294.9,298.1,300.6,301.8,234.7,242.0,250.9,259.5,267.0,282.0,288.4,294.5,300.2,303.1,274.0,274.6,275.3,276.0,263.6,268.0,272.4,276.4,279.8,243.4,249.0,255.1,259.7,254.5,248.3,281.7,286.8,292.2,295.4,292.2,286.9,252.3,260.5,267.2,270.7,274.4,278.4,281.2,277.7,273.3,269.4,265.4,259.3,255.3,266.4,270.1,273.8,279.2,273.6,269.9,266.1,156.8,169.0,181.3,193.0,204.0,213.5,221.2,226.8,228.6,227.2,221.6,214.2,205.4,195.4,185.1,174.5,163.6,147.9,143.4,142.6,144.5,148.0,149.0,146.9,146.4,148.1,153.1,157.7,165.3,172.8,180.6,185.6,187.4,188.9,188.1,186.8,157.0,154.4,155.0,159.2,160.2,159.7,161.0,157.5,158.0,161.3,163.2,162.8,201.2,198.7,197.4,198.8,198.0,200.2,203.2,207.7,209.3,209.4,208.8,206.4,201.6,201.3,201.9,201.8,203.4,203.4,203.7,203.0,-48.9,-50.2,-49.3,-46.1,-38.5,-26.1,-10.9,6.5,24.1,39.4,51.6,63.4,73.7,81.6,87.3,91.8,94.2,-25.2,-13.1,1.4,15.4,27.6,52.7,64.1,75.3,86.1,92.4,39.3,39.8,40.5,41.2,22.0,29.2,36.3,43.0,48.9,-10.9,-1.6,8.5,16.0,7.4,-2.8,53.3,62.3,71.9,78.1,71.9,62.4,3.9,17.2,27.9,33.7,40.0,47.2,52.9,46.0,38.3,31.7,25.1,15.1,8.8,26.7,32.8,39.1,49.2,38.8,32.5,26.3,-53.2,-32.1,-10.9,9.7,28.8,45.0,57.9,66.8,69.9,68.7,60.3,48.0,32.5,14.4,-4.4,-23.7,-43.4,-65.4,-72.3,-73.2,-69.9,-64.1,-63.3,-67.7,-69.5,-67.6,-59.9,-48.8,-36.0,-23.6,-11.0,-3.0,-0.2,2.3,1.0,-1.1,-50.3,-54.5,-53.6,-46.8,-45.0,-45.6,-44.7,-50.8,-50.2,-45.0,-41.3,-41.8,22.7,18.3,16.2,18.5,17.2,21.1,26.6,33.6,35.8,35.8,34.7,31.0,23.3,22.6,23.6,23.5,26.7,26.2,26.4,25.3,676.4,678.9,681.9,683.2,681.4,677.8,671.4,663.9,664.5,675.0,691.0,703.8,709.4,709.6,709.0,708.8,709.9,644.8,640.3,637.2,634.5,633.4,642.4,651.0,660.5,670.2,679.7,639.1,632.4,625.3,618.7,632.7,631.9,632.0,635.9,640.5,644.8,642.7,643.9,645.5,643.5,642.3,657.7,660.9,665.4,671.9,665.2,660.7,647.0,637.9,635.2,636.7,639.5,648.6,661.8,649.6,641.8,638.5,637.1,639.3,645.2,637.7,638.8,642.2,657.6,642.1,638.6,637.6,0.596,0.145,-0.271,0.106,268.352,182.834,-11.582,15.017,-13.31,17.753,5.006,0.982,-4.284,0.4,1.854,-2.865,0.985,0.828,-0.099,-2.203,-0.544,-0.816,0.344,0.235,-0.929,-0.863,0.53,-0.246,-0.402,-0.579,0.164,0.157,0.047,0.057,-0.118,-0.021,-0.034,-0.009,-0.002,0.001,0.64,0.46,0.0,1.01,0.0,0.0,0.15,0.0,0.0,0.22,0.0,0.0,0.0,0.0,0.0,0.0,0.0,1.0,1.0,0.0,1.0,0.0,0.0,0.0,0.0,0.0,0.0,0.0,0.0,0.0,0.0,0.0,0.0,1.0,0.0
PP133,g1,2055,0,0.975,0.213135,0.16003,-0.963828,0.070182,0.139766,-0.987694,0.144,0.152,249.6,251.2,254.5,257.5,258.5,257.0,253.6,250.6,245.1,247.3,250.3,253.9,257.2,259.6,261.1,259.0,256.1,252.9,249.8,247.0,252.5,253.8,255.2,256.0,255.5,254.2,252.8,252.1,286.3,287.5,290.3,293.0,294.1,292.8,290.0,287.0,283.1,285.2,288.0,291.3,294.0,295.7,296.6,295.4,293.6,291.1,288.2,285.3,288.7,289.9,291.1,291.6,291.2,290.0,288.8,288.2,155.0,152.0,151.0,152.6,156.0,159.3,160.0,158.3,156.1,154.5,153.6,153.3,154.3,156.1,158.4,159.3,159.3,159.2,158.6,157.6,156.8,157.6,157.1,155.8,154.3,153.6,154.1,155.4,159.0,156.0,155.0,156.6,159.7,162.7,163.7,162.3,160.7,158.9,157.7,157.4,158.2,159.6,161.6,162.8,163.2,163.2,162.7,162.0,160.6,161.3,160.9,159.6,158.2,157.6,158.0,159.3,-0.5,1.6,6.0,9.9,11.2,9.3,4.7,0.8,-6.5,-3.5,0.5,5.1,9.5,12.7,14.8,11.9,8.0,3.8,-0.3,-3.9,3.3,5.0,6.9,7.9,7.3,5.6,3.7,2.8,49.9,51.8,55.8,59.7,61.2,59.3,55.2,51.0,45.5,48.4,52.3,56.9,60.9,63.7,65.3,63.3,60.3,56.7,52.6,48.5,53.4,55.1,56.9,57.7,57.1,55.4,53.6,52.8,-42.9,-47.0,-48.4,-46.2,-41.7,-37.3,-36.3,-38.5,-41.8,-43.8,-44.8,-45.0,-43.8,-41.6,-38.7,-37.4,-37.1,-37.3,-38.1,-39.6,-40.6,-39.6,-40.2,-42.0,-44.0,-44.9,-44.3,-42.5,-39.3,-43.4,-44.9,-42.9,-38.5,-34.4,-32.9,-34.6,-36.8,-39.4,-41.0,-41.5,-40.5,-38.8,-36.3,-34.5,-33.7,-33.5,-34.1,-35.0,-37.1,-36.2,-36.9,-38.7,-40.6,-41.5,-40.8,-39.0,516.5,517.1,517.5,517.4,516.8,516.5,515.9,516.0,520.4,518.0,515.8,514.9,515.6,517.1,518.8,517.0,515.3,514.8,515.8,517.9,517.2,517.1,517.3,517.6,517.8,517.8,517.7,517.4,537.5,538.8,540.6,542.0,542.0,540.8,538.9,537.7,537.6,537.1,537.2,538.4,541.2,544.7,548.0,544.5,541.1,538.5,537.1,537.1,539.6,540.1,541.0,541.5,541.5,540.9,540.1,539.5,32.4,-8.3,648.6,0.131,-0.211,0.114,223.0,222.2,222.6,224.4,228.6,235.6,244.2,254.3,264.6,273.2,279.6,285.6,291.1,295.5,298.9,301.5,303.0,236.4,243.8,252.8,261.4,269.0,283.7,290.1,296.2,301.8,304.5,275.6,276.1,276.8,277.3,264.8,269.2,273.6,277.6,281.0,245.0,250.7,256.8,261.3,256.0,249.9,283.1,288.3,293.6,296.7,293.5,288.2,253.3,261.5,268.2,271.7,275.4,279.3,281.9,278.4,274.1,270.2,266.1,260.1,256.3,267.3,271.0,274.7,279.9,274.5,270.7,267.0,155.5,167.9,180.3,192.2,203.4,213.0,220.9,226.6,228.5,227.3,221.7,214.4,205.6,195.7,185.4,174.9,164.1,146.7,142.2,141.6,143.6,147.3,148.7,146.8,146.5,148.4,153.6,157.2,164.7,172.2,179.9,184.9,186.7,188.4,187.6,186.5,156.0,153.5,154.2,158.5,159.3,158.8,160.8,157.5,158.2,161.6,163.3,162.8,200.5,198.0,196.7,198.2,197.5,199.9,203.1,207.4,208.9,208.9,208.2,205.8,200.9,200.7,201.4,201.3,203.2,203.0,203.1,202.4,-46.7,-48.3,-47.7,-44.8,-37.2,-24.9,-9.9,7.3,24.8,39.9,52.2,64.1,74.5,82.5,88.5,93.4,96.1,-22.5,-10.2,4.5,18.6,30.7,55.5,66.9,78.2,88.9,94.9,42.0,42.3,42.8,43.2,23.9,31.0,38.1,44.8,50.7,-8.2,1.1,11.2,18.6,9.9,-0.2,55.6,64.8,74.3,80.4,74.1,64.7,5.4,18.8,29.4,35.2,41.5,48.5,54.0,47.1,39.5,32.9,26.3,16.5,10.3,28.1,34.2,40.5,50.2,40.1,33.8,27.6,-55.4,-34.1,-12.6,8.3,27.6,44.1,57.1,66.3,69.6,68.6,60.5,48.3,32.9,14.9,-3.8,-22.9,-42.4,-67.3,-74.2,-74.9,-71.3,-65.2,-63.8,-67.8,-69.3,-67.1,-59.1,-49.6,-36.9,-24.5,-11.9,-4.2,-1.3,1.4,0.2,-1.7,-51.9,-55.9,-54.8,-47.9,-46.4,-47.1,-45.0,-50.8,-49.9,-44.6,-41.1,-41.8,21.5,17.0,15.0,17.4,16.3,20.5,26.4,33.0,35.0,34.9,33.7,29.8,22.0,21.4,22.6,22.7,26.3,25.3,25.5,24.3,676.0,678.5,681.3,682.2,680.0,675.9,669.3,661.7,662.7,673.5,689.6,702.5,708.1,708.2,707.7,707.8,709.2,644.4,640.1,637.0,634.4,633.4,642.5,651.3,660.9,670.8,680.3,639.1,632.1,624.7,617.9,631.6,630.9,631.0,635.0,639.7,644.1,642.3,643.5,645.1,643.0,641.7,657.6,661.0,665.6,672.0,665.3,660.8,645.2,636.2,633.7,635.3,638.3,647.2,660.4,648.1,640.2,636.8,635.3,637.3,643.4,636.2,637.4,640.9,656.1,640.7,637.1,636.0,0.597,0.134,-0.275,0.123,269.47,182.419,-11.334,17.46,-13.356,18.386,4.322,0.784,-4.32,0.158,1.652,-3.755,0.806,0.25,-0.321,-1.826,-0.397,-1.158,0.014,0.01,-0.878,-0.928,0.449,-0.246,-0.495,-0.753,0.096,0.247,0.074,0.063,-0.122,-0.028,-0.035,-0.015,0.003,-0.004,0.8,0.2,0.0,1.36,0.0,0.0,0.0,0.0,0.0,0.17,0.0,0.0,0.0,0.0,0.0,0.0,0.0,1.0,1.0,0.0,1.0,0.0,0.0,0.0,0.0,0.0,0.0,0.0,0.0,0.0,0.0,0.0,0.0,1.0,0.0
PP133,g1,2061,0,0.975,0.210939,0.178646,-0.961036,0.066868,0.150958,-0.986276,0.142,0.168,252.0,253.8,257.1,260.0,260.8,259.2,255.7,252.8,247.5,249.8,252.8,256.4,259.6,261.9,263.3,261.1,258.2,255.1,252.0,249.3,254.8,256.1,257.5,258.3,257.9,256.6,255.2,254.4,288.2,289.6,292.4,295.0,295.9,294.6,291.7,288.8,285.0,287.2,290.0,293.3,295.9,297.6,298.3,297.1,295.3,292.9,290.0,287.1,290.5,291.7,292.9,293.5,293.1,292.0,290.8,290.2,154.0,151.0,150.2,152.0,155.3,158.6,159.1,157.3,154.9,153.3,152.6,152.5,153.7,155.5,157.9,158.7,158.6,158.3,157.6,156.5,155.9,156.7,156.4,155.1,153.6,152.8,153.2,154.5,159.4,156.6,155.7,157.3,160.5,163.4,164.3,162.8,161.1,159.3,158.2,158.0,159.0,160.5,162.5,163.6,164.0,163.8,163.3,162.5,161.2,161.9,161.5,160.3,158.9,158.2,158.6,159.8,2.7,5.0,9.4,13.3,14.3,12.2,7.6,3.8,-3.4,-0.3,3.7,8.4,12.8,15.8,17.7,14.8,10.9,6.7,2.7,-0.9,6.4,8.1,10.0,11.0,10.5,8.9,6.9,5.9,52.7,54.8,58.9,62.7,63.9,61.9,57.8,53.6,48.2,51.3,55.2,59.8,63.8,66.5,67.9,65.9,62.9,59.3,55.2,51.1,56.2,57.8,59.6,60.5,60.0,58.3,56.5,55.6,-44.5,-48.5,-49.6,-47.3,-42.8,-38.5,-37.7,-40.0,-43.7,-45.5,-46.4,-46.4,-44.9,-42.5,-39.6,-38.4,-38.3,-38.7,-39.7,-41.3,-42.0,-41.0,-41.5,-43.2,-45.2,-46.2,-45.7,-44.0,-38.7,-42.8,-44.1,-42.0,-37.5,-33.5,-32.1,-34.0,-36.4,-38.9,-40.4,-40.7,-39.6,-37.8,-35.2,-33.4,-32.7,-32.7,-33.4,-34.5,-36.4,-35.5,-36.0,-37.8,-39.8,-40.7,-40.1,-38.3,519.1,519.8,520.2,520.1,519.6,519.2,518.5,518.6,522.9,520.5,518.4,517.5,518.3,519.9,521.6,519.8,518.0,517.5,518.4,520.4,519.8,519.8,520.0,520.3,520.5,520.5,520.3,520.1,539.0,540.2,542.1,543.5,543.6,542.3,540.5,539.2,539.0,538.5,538.6,539.9,542.7,546.3,549.5,546.1,542.6,540.0,538.6,538.6,541.0,541.7,542.5,543.0,543.0,542.4,541.6,541.0,34.2,-9.0,650.8,0.155,-0.207,0.156,224.8,223.4,223.3,224.5,228.5,235.3,243.7,253.6,263.8,272.5,279.1,285.6,291.4,296.1,299.8,302.7,304.4,239.1,246.8,255.8,264.4,271.8,286.2,292.6,298.7,304.1,306.5,277.9,278.1,278.4,278.7,265.8,270.1,274.4,278.4,281.8,247.4,253.2,259.2,263.4,258.2,252.1,284.9,290.3,295.5,298.5,295.2,290.0,253.3,261.7,268.5,272.0,275.7,279.5,281.9,278.2,273.8,269.9,265.9,259.9,256.2,267.5,271.1,274.8,279.9,274.5,270.8,267.0,153.2,165.5,178.0,190.1,201.4,211.2,219.3,225.3,227.4,226.4,220.9,213.7,205.2,195.5,185.6,175.4,164.9,145.1,141.0,140.7,143.0,147.1,149.1,147.4,147.4,149.6,154.8,157.3,164.8,172.2,179.9,184.4,186.3,188.2,187.6,186.6,154.8,152.5,153.5,158.0,158.6,157.8,161.2,158.1,159.0,162.4,164.1,163.3,199.2,197.1,196.2,197.8,197.3,199.8,203.0,207.2,208.5,208.4,207.5,204.8,199.7,200.1,200.9,201.1,203.0,202.7,202.7,201.8,-43.7,-46.3,-46.7,-44.7,-37.6,-25.6,-10.8,6.2,23.6,38.9,51.7,64.2,75.2,83.8,90.4,95.8,99.1,-18.0,-5.3,9.5,23.4,35.4,59.7,71.3,82.6,93.1,98.6,45.8,45.6,45.6,45.5,25.6,32.6,39.6,46.4,52.3,-4.4,5.2,15.2,22.2,13.5,3.5,59.0,68.4,77.8,83.6,77.2,67.9,5.4,19.2,30.2,35.9,42.2,49.0,54.3,47.0,39.2,32.6,26.0,16.2,10.2,28.6,34.6,40.9,50.5,40.4,34.1,27.9,-59.6,-38.3,-16.6,4.5,24.2,41.2,54.7,64.2,68.0,67.3,59.1,47.2,32.1,14.6,-3.5,-22.0,-41.2,-70.0,-76.3,-76.5,-72.4,-65.7,-63.4,-67.0,-68.1,-65.4,-57.2,-49.6,-36.9,-24.5,-12.0,-5.1,-1.9,1.1,0.2,-1.5,-54.0,-57.6,-56.1,-48.8,-47.6,-48.9,-44.5,-49.9,-48.8,-43.2,-40.0,-41.0,19.3,15.7,14.2,16.9,16.0,20.4,26.3,32.8,34.6,34.2,32.7,28.3,20.1,20.6,22.0,22.3,26.2,25.0,24.9,23.4,678.0,680.7,683.6,684.5,682.3,678.4,671.8,664.4,665.5,676.4,692.3,704.7,710.0,710.0,709.5,709.9,711.3,645.3,641.2,638.3,635.8,635.0,644.4,653.2,663.0,672.9,682.5,640.8,634.0,626.8,620.2,633.7,633.1,633.3,637.2,641.9,645.1,643.3,644.6,646.3,644.1,642.7,659.5,662.8,667.4,674.0,667.2,662.6,647.5,638.7,636.0,637.6,640.8,649.9,663.3,650.9,642.9,639.3,637.8,639.8,645.8,638.5,639.8,643.5,659.1,643.3,639.5,638.4,0.595,0.156,-0.271,0.166,270.473,181.96,-11.37,20.359,-12.683,16.223,5.417,0.227,-4.507,-1.619,0.813,-2.519,1.303,0.734,-0.111,-1.817,-0.767,-0.75,0.009,0.02,-0.727,-0.937,0.232,-0.429,-0.512,-0.573,0.042,-0.007,0.098,0.073,-0.124,-0.029,-0.027,-0.0,0.003,-0.005,0.25,0.39,0.0,1.57,0.0,0.0,0.0,0.0,0.0,0.15,0.0,0.0,0.0,0.0,0.0,0.0,0.0,1.0,1.0,0.0,1.0,0.0,0.0,0.0,0.0,0.0,0.0,0.0,0.0,0.0,0.0,0.0,0.0,1.0,0.0
PP133,g1,2067,0,0.975,0.212947,0.185585,-0.959277,0.066843,0.154914,-0.985664,0.143,0.173,253.6,255.4,258.7,261.6,262.3,260.7,257.2,254.4,249.0,251.4,254.4,258.0,261.2,263.4,264.7,262.6,259.7,256.6,253.6,250.9,256.3,257.6,259.0,259.8,259.5,258.2,256.8,256.0,289.6,291.0,293.8,296.4,297.3,295.9,293.1,290.2,286.4,288.6,291.4,294.7,297.3,298.9,299.6,298.4,296.6,294.2,291.4,288.5,291.9,293.0,294.3,294.9,294.5,293.4,292.2,291.5,153.8,150.9,150.1,152.0,155.3,158.5,159.0,157.2,154.6,153.1,152.4,152.4,153.6,155.5,157.9,158.6,158.5,158.2,157.4,156.3,155.8,156.6,156.3,155.0,153.5,152.7,153.1,154.3,159.8,156.9,156.1,157.7,160.9,163.8,164.6,163.2,161.4,159.6,158.6,158.4,159.4,160.9,162.9,164.0,164.4,164.2,163.6,162.8,161.6,162.3,161.9,160.7,159.3,158.6,158.9,160.2,4.8,7.2,11.6,15.4,16.4,14.2,9.6,5.8,-1.3,1.8,5.9,10.6,14.9,17.9,19.7,16.8,13.0,8.8,4.7,1.2,8.5,10.1,12.1,13.1,12.7,11.0,9.1,8.0,54.9,57.0,61.1,64.8,66.0,64.0,59.8,55.7,50.4,53.4,57.3,62.0,65.9,68.6,70.0,68.0,65.0,61.3,57.3,53.2,58.3,59.9,61.7,62.6,62.1,60.5,58.7,57.8,-44.9,-48.8,-49.9,-47.4,-42.9,-38.6,-37.9,-40.4,-44.1,-45.9,-46.7,-46.6,-45.1,-42.7,-39.7,-38.5,-38.5,-38.9,-40.0,-41.7,-42.3,-41.2,-41.7,-43.4,-45.4,-46.4,-46.0,-44.3,-38.4,-42.4,-43.8,-41.5,-37.1,-33.1,-31.8,-33.7,-36.2,-38.6,-40.1,-40.3,-39.2,-37.3,-34.7,-33.0,-32.3,-32.3,-33.1,-34.2,-36.1,-35.1,-35.7,-37.4,-39.4,-40.3,-39.8,-38.0,520.4,521.0,521.5,521.5,521.0,520.5,519.8,519.8,524.1,521.7,519.7,518.9,519.7,521.3,523.0,521.2,519.3,518.7,519.6,521.6,521.1,521.1,521.3,521.6,521.8,521.8,521.6,521.3,541.0,542.2,544.1,545.5,545.6,544.4,542.5,541.2,541.0,540.5,540.7,541.9,544.8,548.3,551.6,548.2,544.7,542.0,540.7,540.6,543.1,543.7,544.5,545.1,545.0,544.4,543.6,543.0,36.2,-9.2,652.7,0.165,-0.209,0.169,225.9,224.4,224.1,225.2,229.2,236.0,244.6,254.4,264.5,273.0,279.7,286.2,292.1,297.0,300.7,303.7,305.4,240.7,248.4,257.6,266.2,273.6,287.8,294.3,300.3,305.6,307.8,279.6,279.6,279.9,280.0,267.0,271.3,275.6,279.6,283.0,248.9,254.8,260.8,264.9,259.7,253.6,286.3,291.7,296.9,299.8,296.5,291.4,254.0,262.6,269.5,272.9,276.7,280.4,282.8,279.0,274.6,270.7,266.7,260.6,256.9,268.4,272.1,275.8,280.8,275.4,271.7,267.9,152.5,164.9,177.4,189.5,200.8,210.6,218.6,224.6,226.8,225.8,220.3,213.2,204.9,195.4,185.6,175.6,165.3,144.9,140.8,140.6,143.1,147.2,149.4,147.8,147.9,150.2,155.5,157.5,165.0,172.4,180.1,184.3,186.3,188.2,187.7,186.8,154.5,152.4,153.4,158.0,158.5,157.6,161.4,158.4,159.4,162.9,164.5,163.7,198.5,196.7,196.0,197.7,197.2,199.7,202.8,207.0,208.3,208.1,207.2,204.3,199.1,199.8,200.7,200.9,202.8,202.5,202.5,201.6,-41.9,-44.7,-45.4,-43.5,-36.4,-24.3,-9.4,7.5,24.7,40.0,52.8,65.6,76.8,85.6,92.3,97.9,101.3,-15.5,-2.6,12.4,26.5,38.5,62.5,74.2,85.6,96.1,101.3,48.6,48.2,48.0,47.8,27.6,34.6,41.6,48.4,54.4,-1.8,7.9,17.8,24.7,16.0,6.0,61.5,71.0,80.4,86.1,79.7,70.3,6.7,20.6,31.8,37.5,44.0,50.8,55.9,48.4,40.6,33.9,27.3,17.5,11.4,30.1,36.2,42.6,52.1,42.0,35.6,29.3,-60.8,-39.4,-17.7,3.5,23.2,40.2,53.6,63.3,67.2,66.5,58.3,46.5,31.6,14.4,-3.4,-21.7,-40.6,-70.5,-76.7,-76.8,-72.5,-65.6,-63.0,-66.5,-67.4,-64.5,-56.2,-49.3,-36.6,-24.2,-11.8,-5.2,-1.9,1.1,0.4,-1.2,-54.5,-57.9,-56.3,-48.9,-47.9,-49.3,-44.1,-49.5,-48.2,-42.6,-39.4,-40.6,18.4,15.1,13.9,16.7,16.0,20.3,26.1,32.6,34.3,33.9,32.2,27.6,19.3,20.2,21.8,22.1,25.9,24.8,24.6,23.1,679.7,682.3,685.3,686.1,683.8,680.0,673.4,666.1,667.5,678.5,694.5,706.8,711.9,712.0,711.7,712.3,714.0,646.5,642.3,639.4,637.0,636.2,645.8,654.8,664.8,675.1,684.9,642.3,635.5,628.4,621.8,635.1,634.6,634.9,638.9,643.6,646.2,644.4,645.8,647.6,645.3,643.8,661.2,664.6,669.3,676.0,669.1,664.4,649.2,640.6,637.8,639.5,642.7,652.1,665.8,653.2,644.9,641.2,639.6,641.7,647.6,640.3,641.7,645.5,661.5,645.3,641.4,640.2,0.593,0.165,-0.276,0.18,271.598,181.849,-9.902,21.619,-11.516,14.479,7.009,0.331,-4.827,-2.281,0.508,-1.859,1.484,0.588,0.136,-1.587,-0.965,-0.662,-0.058,-0.018,-0.656,-0.935,0.204,-0.353,-0.433,-0.526,0.127,-0.096,0.09,0.089,-0.12,-0.024,-0.025,0.007,0.001,-0.007,0.2,0.14,0.0,1.42,0.0,0.0,0.18,0.0,0.0,0.38,0.0,0.0,0.0,0.0,0.0,0.0,0.0,1.0,1.0,0.0,1.0,0.0,0.0,0.0,0.0,0.0,0.0,0.0,0.0,0.0,0.0,0.0,0.0,1.0,0.0
PP133,g1,2073,0,0.975,0.2139,0.188645,-0.958468,0.068555,0.158158,-0.985031,0.144,0.177,254.0,255.8,259.1,261.9,262.7,261.1,257.6,254.8,249.5,251.8,254.9,258.4,261.6,263.8,265.1,263.0,260.1,257.0,254.0,251.3,256.8,258.0,259.4,260.2,259.9,258.6,257.2,256.4,289.9,291.3,294.1,296.7,297.5,296.1,293.3,290.5,286.7,288.9,291.7,294.9,297.5,299.1,299.8,298.7,296.8,294.5,291.7,288.8,292.2,293.3,294.5,295.1,294.8,293.7,292.4,291.8,153.7,150.8,150.1,151.9,155.2,158.4,158.9,157.1,154.5,153.0,152.3,152.3,153.5,155.4,157.7,158.5,158.4,158.1,157.3,156.2,155.7,156.5,156.1,154.9,153.4,152.6,153.0,154.2,159.6,156.8,155.9,157.6,160.8,163.6,164.4,163.0,161.2,159.5,158.4,158.3,159.3,160.7,162.7,163.8,164.2,164.0,163.4,162.6,161.4,162.1,161.8,160.5,159.1,158.4,158.8,160.0,5.4,7.8,12.2,16.0,17.0,14.8,10.2,6.4,-0.7,2.4,6.5,11.2,15.5,18.5,20.3,17.4,13.5,9.4,5.3,1.7,9.1,10.7,12.6,13.7,13.3,11.6,9.7,8.6,55.5,57.6,61.7,65.5,66.7,64.6,60.5,56.3,51.0,54.1,58.0,62.6,66.6,69.3,70.7,68.6,65.6,62.0,57.9,53.9,58.9,60.6,62.4,63.3,62.8,61.1,59.3,58.4,-45.2,-49.1,-50.2,-47.8,-43.3,-39.0,-38.3,-40.7,-44.4,-46.2,-47.0,-46.9,-45.4,-43.0,-40.0,-38.9,-38.8,-39.3,-40.3,-42.0,-42.6,-41.6,-42.0,-43.7,-45.7,-46.8,-46.3,-44.6,-38.8,-42.8,-44.2,-41.9,-37.5,-33.5,-32.2,-34.1,-36.5,-38.9,-40.4,-40.7,-39.6,-37.7,-35.2,-33.4,-32.7,-32.7,-33.5,-34.6,-36.5,-35.5,-36.1,-37.8,-39.8,-40.7,-40.2,-38.4,522.5,523.2,523.7,523.7,523.2,522.8,522.0,522.1,526.3,523.9,521.9,521.1,521.9,523.5,525.2,523.4,521.6,521.0,521.8,523.8,523.3,523.3,523.5,523.8,524.0,524.0,523.8,523.5,543.4,544.7,546.6,548.0,548.1,546.9,545.0,543.6,543.5,543.0,543.1,544.4,547.2,550.8,554.1,550.7,547.2,544.5,543.1,543.0,545.5,546.1,547.0,547.5,547.5,546.9,546.0,545.5,36.9,-9.6,654.0,0.168,-0.211,0.169,226.4,224.8,224.5,225.6,229.5,236.3,244.9,254.8,264.9,273.5,280.2,286.6,292.4,297.2,300.9,303.9,305.6,241.3,249.0,258.1,266.6,273.9,288.2,294.6,300.6,305.8,308.0,279.9,279.9,280.2,280.4,267.4,271.7,276.0,279.9,283.3,249.4,255.2,261.2,265.3,260.1,254.1,286.6,292.0,297.2,300.0,296.8,291.6,254.6,263.2,270.0,273.4,277.2,280.8,283.1,279.4,275.1,271.2,267.2,261.3,257.5,268.9,272.5,276.2,281.1,275.9,272.2,268.5,152.3,164.6,177.0,189.0,200.3,210.1,218.2,224.2,226.4,225.4,219.9,212.9,204.5,195.1,185.4,175.4,165.2,144.6,140.7,140.4,142.9,147.0,149.2,147.6,147.7,149.9,155.1,157.4,164.8,172.2,179.9,184.1,186.1,188.0,187.5,186.5,154.4,152.3,153.3,157.9,158.4,157.5,161.3,158.3,159.2,162.7,164.3,163.5,198.5,196.6,195.8,197.5,197.0,199.4,202.6,206.7,208.0,207.9,207.0,204.2,199.0,199.7,200.6,200.7,202.6,202.3,202.3,201.4,-41.1,-44.0,-44.8,-43.0,-36.0,-23.8,-8.8,8.2,25.5,40.9,53.8,66.4,77.5,86.3,93.0,98.5,101.9,-14.4,-1.6,13.2,27.1,39.0,63.4,74.9,86.2,96.6,101.8,49.2,48.8,48.7,48.5,28.4,35.4,42.3,49.1,55.0,-1.1,8.6,18.5,25.3,16.7,6.7,62.1,71.6,81.0,86.7,80.3,71.0,7.7,21.6,32.7,38.4,44.8,51.5,56.6,49.3,41.5,34.9,28.3,18.5,12.4,31.0,37.1,43.4,52.8,42.8,36.5,30.3,-61.4,-40.1,-18.5,2.7,22.5,39.5,53.0,62.7,66.7,66.0,57.8,46.0,31.1,13.9,-3.9,-22.1,-40.9,-71.0,-77.1,-77.2,-72.9,-66.0,-63.4,-66.9,-67.9,-65.1,-56.9,-49.6,-37.0,-24.6,-12.2,-5.5,-2.2,0.8,-0.0,-1.6,-54.8,-58.2,-56.6,-49.2,-48.1,-49.5,-44.5,-49.8,-48.6,-43.0,-39.8,-40.9,18.3,14.9,13.6,16.4,15.6,20.0,25.8,32.2,34.0,33.6,32.0,27.4,19.1,20.0,21.5,21.9,25.6,24.4,24.3,22.8,680.4,683.1,686.2,687.1,685.0,681.2,674.6,667.4,668.9,680.1,696.2,708.6,713.7,713.6,713.1,713.6,715.1,647.1,643.1,640.4,638.1,637.5,647.2,656.2,666.2,676.3,685.9,643.7,637.0,629.9,623.3,636.5,636.2,636.5,640.5,645.1,647.2,645.4,646.9,648.8,646.4,644.9,662.5,665.9,670.6,677.4,670.5,665.8,650.2,641.6,639.0,640.7,644.0,653.4,667.0,654.5,646.3,642.5,640.8,642.8,648.7,641.5,643.0,646.8,662.7,646.6,642.7,641.4,0.592,0.168,-0.279,0.181,271.993,181.622,-9.866,21.683,-12.719,14.274,6.101,-0.326,-4.672,-1.412,0.302,-1.844,1.283,0.58,0.062,-1.873,-0.884,-0.619,-0.152,-0.027,-0.569,-1.008,0.423,-0.183,-0.519,-0.521,0.185,-0.048,0.086,0.083,-0.124,-0.03,-0.036,0.001,-0.0,-0.004,0.42,0.53,0.0,1.38,0.0,0.0,0.01,0.0,0.0,0.0,0.0,0.0,0.0,0.0,0.0,0.0,0.0,1.0,1.0,0.0,0.0,0.0,0.0,0.0,0.0,0.0,0.0,0.0,0.0,0.0,0.0,0.0,0.0,1.0,0.0
PP133,g1,2079,0,0.975,0.215124,0.188859,-0.958152,0.069975,0.158722,-0.984841,0.146,0.177,254.2,255.9,259.2,262.1,262.8,261.2,257.8,254.9,249.6,251.9,255.0,258.5,261.7,263.9,265.2,263.1,260.3,257.2,254.1,251.4,256.9,258.1,259.6,260.3,260.0,258.8,257.3,256.6,290.0,291.4,294.2,296.8,297.6,296.2,293.4,290.6,286.8,289.0,291.8,295.0,297.6,299.2,299.9,298.7,296.9,294.6,291.8,288.9,292.3,293.4,294.6,295.2,294.9,293.8,292.5,291.9,153.3,150.4,149.6,151.4,154.7,157.9,158.4,156.6,154.1,152.6,151.9,151.9,153.1,155.0,157.3,158.0,158.0,157.6,156.9,155.7,155.3,156.0,155.7,154.4,153.0,152.2,152.5,153.8,159.2,156.3,155.5,157.2,160.3,163.1,164.0,162.5,160.8,159.0,158.0,157.8,158.8,160.3,162.3,163.4,163.7,163.6,163.0,162.1,160.9,161.7,161.3,160.1,158.7,158.0,158.3,159.6,5.6,8.0,12.3,16.2,17.2,15.0,10.4,6.6,-0.6,2.6,6.7,11.3,15.7,18.7,20.5,17.6,13.7,9.5,5.5,1.9,9.2,10.9,12.8,13.9,13.4,11.8,9.8,8.8,55.9,58.0,62.1,65.9,67.1,65.0,60.8,56.7,51.4,54.4,58.3,63.0,66.9,69.7,71.1,69.0,66.0,62.4,58.3,54.3,59.3,60.9,62.7,63.7,63.1,61.5,59.7,58.8,-45.8,-49.7,-50.8,-48.4,-43.9,-39.6,-38.9,-41.3,-45.1,-46.8,-47.6,-47.5,-46.0,-43.7,-40.7,-39.5,-39.5,-39.9,-40.9,-42.6,-43.2,-42.2,-42.6,-44.4,-46.3,-47.4,-46.9,-45.2,-39.6,-43.6,-44.9,-42.7,-38.3,-34.2,-33.0,-34.9,-37.3,-39.7,-41.2,-41.5,-40.3,-38.5,-35.9,-34.2,-33.4,-33.5,-34.2,-35.4,-37.2,-36.3,-36.8,-38.6,-40.5,-41.5,-40.9,-39.2,522.9,523.6,524.0,524.0,523.6,523.1,522.4,522.4,526.6,524.3,522.2,521.4,522.3,523.9,525.6,523.8,521.9,521.3,522.2,524.2,523.7,523.7,523.9,524.2,524.4,524.4,524.2,523.9,545.5,546.7,548.6,550.1,550.2,548.9,547.0,545.7,545.5,545.0,545.2,546.4,549.3,552.8,556.1,552.7,549.2,546.6,545.2,545.1,547.6,548.2,549.0,549.6,549.5,548.9,548.1,547.5,37.2,-10.3,653.2,0.165,-0.215,0.169,226.4,224.9,224.6,225.7,229.6,236.4,245.0,254.9,265.1,273.7,280.3,286.7,292.5,297.3,301.0,304.0,305.7,241.3,249.1,258.2,266.8,274.1,288.3,294.7,300.6,305.9,308.1,280.0,280.2,280.5,280.7,267.7,272.0,276.2,280.2,283.6,249.5,255.3,261.3,265.4,260.2,254.2,286.8,292.1,297.3,300.1,296.9,291.8,254.9,263.5,270.3,273.6,277.4,281.0,283.3,279.6,275.4,271.5,267.6,261.6,257.8,269.2,272.8,276.4,281.3,276.1,272.5,268.8,151.9,164.2,176.6,188.6,199.9,209.7,217.8,223.9,226.1,225.1,219.7,212.6,204.3,194.8,185.1,175.1,164.8,144.2,140.3,140.0,142.5,146.7,148.9,147.3,147.3,149.5,154.7,157.0,164.4,171.8,179.4,183.7,185.7,187.5,187.1,186.1,154.0,151.9,152.9,157.4,158.0,157.1,160.8,157.8,158.8,162.2,163.8,163.0,198.1,196.2,195.5,197.1,196.6,199.1,202.2,206.3,207.5,207.4,206.5,203.7,198.6,199.3,200.2,200.3,202.2,201.8,201.8,200.9,-41.0,-43.8,-44.6,-42.7,-35.8,-23.7,-8.6,8.4,25.8,41.1,53.9,66.5,77.6,86.3,93.0,98.5,102.0,-14.4,-1.5,13.4,27.3,39.3,63.4,75.0,86.2,96.7,101.9,49.4,49.1,49.0,48.9,28.8,35.7,42.7,49.4,55.3,-0.9,8.8,18.7,25.5,16.9,6.9,62.3,71.7,81.1,86.8,80.4,71.1,8.2,22.1,33.1,38.7,45.0,51.7,56.7,49.5,41.9,35.3,28.8,19.1,13.0,31.5,37.5,43.6,53.0,43.1,36.9,30.8,-61.9,-40.7,-19.1,1.9,21.7,38.7,52.3,62.0,66.0,65.4,57.3,45.5,30.6,13.4,-4.4,-22.7,-41.6,-71.6,-77.7,-77.7,-73.4,-66.5,-64.0,-67.5,-68.5,-65.8,-57.6,-50.3,-37.6,-25.3,-12.9,-6.2,-2.9,0.1,-0.7,-2.3,-55.4,-58.8,-57.2,-50.0,-48.8,-50.2,-45.2,-50.5,-49.3,-43.8,-40.6,-41.7,17.6,14.3,13.0,15.8,15.0,19.3,25.1,31.4,33.1,32.7,31.1,26.7,18.5,19.3,20.8,21.2,24.9,23.6,23.5,22.0,679.6,682.3,685.3,686.1,684.0,680.1,673.5,666.3,667.8,679.0,695.3,707.9,713.2,713.2,712.8,713.3,714.8,646.5,642.4,639.7,637.4,636.8,646.5,655.6,665.6,675.8,685.5,642.9,636.2,629.0,622.4,635.6,635.2,635.6,639.5,644.2,646.4,644.7,646.2,648.1,645.7,644.2,661.9,665.4,670.2,676.9,670.0,665.2,649.1,640.6,638.1,639.8,643.1,652.4,666.0,653.4,645.2,641.4,639.7,641.7,647.6,640.6,642.0,645.8,661.6,645.5,641.7,640.4,0.593,0.164,-0.284,0.18,272.159,181.222,-8.587,21.371,-13.017,14.515,5.801,-0.039,-4.449,-1.3,0.804,-1.95,1.342,0.705,-0.166,-1.899,-0.758,-0.788,-0.179,-0.079,-0.851,-0.857,0.343,-0.236,-0.398,-0.512,0.064,0.049,0.078,0.088,-0.126,-0.024,-0.029,0.002,0.001,-0.008,0.29,0.31,0.0,1.25,0.0,0.0,0.0,0.0,0.0,0.09,0.0,0.0,0.0,0.0,0.0,0.0,0.0,1.0,1.0,0.0,0.0,0.0,0.0,0.0,0.0,0.0,0.0,0.0,0.0,0.0,0.0,0.0,0.0,1.0,0.0
PP133,g1,2085,0,0.975,0.214669,0.180376,-0.959886,0.072502,0.151334,-0.98582,0.147,0.169,254.3,256.0,259.3,262.2,262.9,261.4,257.9,255.1,249.7,252.0,255.1,258.6,261.8,264.1,265.4,263.3,260.4,257.3,254.2,251.6,257.0,258.3,259.7,260.5,260.1,258.9,257.4,256.7,290.2,291.6,294.4,296.9,297.8,296.4,293.6,290.8,287.0,289.2,292.0,295.2,297.8,299.4,300.1,298.9,297.1,294.8,292.0,289.1,292.5,293.6,294.8,295.4,295.0,293.9,292.7,292.1,153.4,150.5,149.6,151.4,154.8,158.0,158.5,156.7,154.2,152.7,152.0,151.9,153.1,155.0,157.3,158.1,158.0,157.7,157.0,155.8,155.3,156.1,155.7,154.5,153.0,152.2,152.6,153.9,159.1,156.3,155.4,157.1,160.3,163.1,163.9,162.5,160.7,159.0,157.9,157.8,158.8,160.2,162.2,163.3,163.7,163.5,162.9,162.1,160.9,161.6,161.2,160.0,158.6,157.9,158.3,159.5,5.7,8.1,12.4,16.3,17.3,15.2,10.6,6.7,-0.4,2.7,6.8,11.4,15.8,18.8,20.7,17.8,13.9,9.7,5.7,2.1,9.4,11.1,13.0,14.0,13.6,11.9,10.0,8.9,56.0,58.0,62.1,65.9,67.1,65.1,60.9,56.8,51.5,54.5,58.4,63.0,67.0,69.7,71.1,69.0,66.1,62.4,58.4,54.3,59.4,61.0,62.8,63.7,63.2,61.5,59.7,58.8,-45.6,-49.6,-50.7,-48.3,-43.8,-39.5,-38.7,-41.1,-44.8,-46.6,-47.4,-47.4,-45.9,-43.6,-40.6,-39.4,-39.4,-39.7,-40.8,-42.4,-43.1,-42.0,-42.5,-44.3,-46.2,-47.3,-46.8,-45.0,-39.5,-43.6,-44.9,-42.7,-38.3,-34.2,-32.9,-34.9,-37.3,-39.7,-41.2,-41.5,-40.3,-38.5,-35.9,-34.1,-33.4,-33.5,-34.2,-35.3,-37.2,-36.2,-36.8,-38.6,-40.5,-41.5,-40.9,-39.1,522.1,522.8,523.2,523.2,522.7,522.3,521.6,521.6,525.9,523.5,521.4,520.6,521.4,523.0,524.7,522.9,521.1,520.5,521.4,523.4,522.9,522.8,523.0,523.3,523.6,523.6,523.4,523.1,543.9,545.2,547.1,548.5,548.6,547.3,545.4,544.1,543.9,543.5,543.6,544.9,547.7,551.3,554.6,551.1,547.6,545.0,543.6,543.5,546.0,546.6,547.4,548.0,548.0,547.4,546.5,545.9,37.5,-9.9,651.0,0.153,-0.218,0.163,226.7,225.2,224.9,226.0,229.9,236.7,245.3,255.3,265.5,274.1,280.7,287.0,292.7,297.5,301.2,304.1,305.9,241.5,249.2,258.2,266.8,274.2,288.4,294.7,300.7,305.9,308.2,280.2,280.3,280.7,281.0,268.0,272.3,276.6,280.6,283.9,249.6,255.4,261.4,265.5,260.4,254.3,286.9,292.3,297.4,300.2,297.1,291.9,255.3,263.9,270.7,274.1,277.8,281.5,283.8,280.1,275.9,272.0,268.1,262.1,258.3,269.6,273.3,276.9,281.8,276.6,272.9,269.2,152.3,164.7,177.1,189.1,200.5,210.4,218.5,224.6,226.9,225.9,220.5,213.3,204.9,195.3,185.4,175.2,164.8,144.4,140.3,140.0,142.5,146.6,148.7,147.1,147.1,149.4,154.6,156.8,164.2,171.6,179.2,183.7,185.7,187.5,187.0,186.1,154.1,151.9,152.9,157.4,158.0,157.1,160.8,157.8,158.7,162.2,163.8,163.0,198.5,196.4,195.6,197.2,196.7,199.2,202.5,206.7,207.9,207.8,206.9,204.2,199.0,199.5,200.3,200.5,202.5,202.1,202.1,201.2,-40.5,-43.2,-43.9,-41.9,-35.0,-23.0,-8.1,9.0,26.4,41.7,54.4,66.8,77.8,86.4,93.1,98.5,101.9,-14.1,-1.4,13.5,27.4,39.3,63.4,74.9,86.1,96.5,101.8,49.5,49.3,49.3,49.2,29.2,36.2,43.1,49.9,55.7,-0.7,8.9,18.8,25.7,17.1,7.1,62.4,71.8,81.2,86.8,80.5,71.2,8.8,22.7,33.7,39.3,45.6,52.3,57.3,50.2,42.6,36.0,29.5,19.7,13.6,32.0,38.1,44.3,53.6,43.7,37.5,31.4,-61.0,-39.8,-18.2,2.9,22.6,39.6,53.2,63.0,67.0,66.5,58.4,46.6,31.6,14.2,-3.9,-22.3,-41.3,-71.2,-77.4,-77.5,-73.3,-66.5,-64.0,-67.6,-68.6,-65.8,-57.6,-50.4,-37.8,-25.5,-13.1,-6.1,-2.9,0.1,-0.8,-2.4,-55.1,-58.6,-57.0,-49.8,-48.7,-50.0,-45.2,-50.5,-49.3,-43.8,-40.6,-41.7,18.2,14.6,13.2,15.9,15.1,19.5,25.5,31.9,33.6,33.2,31.7,27.2,19.0,19.5,21.0,21.4,25.3,24.1,23.9,22.4,677.2,679.7,682.6,683.4,681.2,677.3,670.8,663.5,665.1,676.3,692.7,705.4,710.9,711.0,710.6,711.0,712.5,644.8,640.9,638.2,636.0,635.5,645.1,654.1,664.1,674.2,683.8,641.3,634.4,627.1,620.4,633.5,633.1,633.4,637.5,642.2,644.8,643.1,644.6,646.5,644.1,642.5,660.3,663.8,668.5,675.2,668.3,663.5,646.7,638.1,635.7,637.5,640.7,650.0,663.5,650.9,642.7,639.0,637.3,639.2,645.1,638.1,639.6,643.4,659.1,643.2,639.3,638.0,0.595,0.154,-0.288,0.175,272.443,181.419,-10.068,20.755,-12.939,15.841,4.529,-0.283,-4.273,-0.998,1.025,-2.453,1.256,0.441,-0.411,-1.997,-0.876,-0.821,-0.156,-0.013,-0.79,-0.914,0.383,-0.194,-0.511,-0.555,0.119,0.074,0.08,0.087,-0.131,-0.03,-0.035,-0.006,0.001,-0.004,0.25,0.32,0.0,1.39,0.0,0.0,0.09,0.0,0.0,0.08,0.0,0.0,0.0,0.0,0.0,0.0,0.0,1.0,1.0,0.0,1.0,0.0,0.0,0.0,0.0,0.0,0.0,0.0,0.0,0.0,0.0,0.0,0.0,1.0,0.0
PP133,g1,2091,0,0.975,0.221151,0.169081,-0.96047,0.081218,0.141213,-0.986642,0.154,0.158,254.5,256.2,259.5,262.4,263.2,261.6,258.2,255.3,249.9,252.2,255.3,258.8,262.1,264.3,265.7,263.6,260.7,257.5,254.5,251.8,257.2,258.5,259.9,260.7,260.3,259.1,257.6,256.9,290.5,291.8,294.6,297.2,298.1,296.7,293.9,291.1,287.2,289.4,292.2,295.5,298.1,299.7,300.4,299.2,297.4,295.1,292.3,289.3,292.7,293.9,295.1,295.7,295.3,294.2,293.0,292.4,154.2,151.2,150.4,152.2,155.5,158.7,159.3,157.5,155.1,153.5,152.7,152.7,153.8,155.7,158.1,158.8,158.8,158.5,157.8,156.7,156.1,156.9,156.5,155.2,153.8,153.0,153.4,154.7,159.8,156.9,156.1,157.7,160.9,163.8,164.6,163.2,161.4,159.6,158.6,158.4,159.4,160.9,162.9,164.0,164.4,164.2,163.6,162.8,161.6,162.3,161.9,160.7,159.3,158.6,158.9,160.2,5.9,8.3,12.6,16.5,17.6,15.5,10.9,7.0,-0.2,2.9,7.0,11.7,16.0,19.1,20.9,18.0,14.2,10.0,5.9,2.3,9.6,11.3,13.2,14.3,13.8,12.1,10.2,9.2,56.1,58.1,62.2,65.9,67.2,65.1,61.0,56.9,51.5,54.6,58.5,63.1,67.1,69.7,71.1,69.1,66.1,62.5,58.5,54.4,59.4,61.1,62.9,63.8,63.2,61.6,59.8,58.9,-44.3,-48.2,-49.4,-47.0,-42.5,-38.2,-37.4,-39.8,-43.4,-45.3,-46.1,-46.1,-44.7,-42.3,-39.3,-38.1,-38.0,-38.4,-39.4,-41.0,-41.7,-40.7,-41.2,-42.9,-44.9,-45.9,-45.4,-43.7,-38.4,-42.4,-43.8,-41.6,-37.1,-33.1,-31.8,-33.7,-36.1,-38.5,-40.1,-40.4,-39.2,-37.3,-34.7,-33.0,-32.3,-32.3,-33.1,-34.2,-36.1,-35.1,-35.7,-37.4,-39.4,-40.3,-39.8,-38.0,518.7,519.4,519.9,519.8,519.3,518.9,518.2,518.2,522.5,520.1,518.1,517.2,518.1,519.6,521.3,519.5,517.7,517.1,518.0,520.0,519.5,519.5,519.7,520.0,520.2,520.2,520.0,519.7,541.0,542.3,544.3,545.7,545.8,544.4,542.5,541.1,540.9,540.5,540.7,542.1,544.9,548.5,551.8,548.3,544.8,542.1,540.7,540.5,543.1,543.7,544.6,545.2,545.1,544.5,543.6,543.1,38.0,-8.3,647.5,0.14,-0.229,0.159,226.6,225.2,225.1,226.3,230.2,237.0,245.5,255.6,265.9,274.5,281.0,287.2,292.9,297.6,301.3,304.2,305.9,241.5,249.2,258.3,267.0,274.4,288.7,295.0,300.9,306.2,308.4,280.5,280.8,281.2,281.6,268.5,272.9,277.2,281.1,284.4,249.8,255.6,261.6,265.8,260.7,254.6,287.2,292.5,297.7,300.5,297.4,292.2,256.0,264.6,271.3,274.8,278.5,282.1,284.3,280.8,276.6,272.7,268.8,262.8,258.9,270.3,273.9,277.6,282.3,277.3,273.6,269.9,153.6,166.0,178.5,190.6,201.9,211.8,220.0,226.1,228.4,227.4,222.0,214.8,206.2,196.4,186.4,176.1,165.6,145.3,141.1,140.8,143.2,147.2,149.3,147.7,147.8,150.0,155.3,157.5,164.9,172.4,180.0,184.6,186.6,188.4,187.9,186.9,155.0,152.7,153.7,158.2,158.8,158.0,161.5,158.4,159.3,162.9,164.5,163.7,199.7,197.5,196.5,198.2,197.6,200.2,203.6,207.7,209.0,208.9,208.0,205.3,200.2,200.5,201.3,201.4,203.6,203.1,203.1,202.3,-40.2,-42.8,-43.3,-41.2,-34.3,-22.4,-7.7,9.5,26.9,42.1,54.6,66.8,77.6,86.2,92.8,98.3,101.6,-14.0,-1.3,13.6,27.5,39.4,63.7,75.1,86.3,96.6,101.9,49.8,49.7,49.9,49.9,29.9,36.9,43.8,50.5,56.3,-0.4,9.2,19.1,26.1,17.5,7.5,62.6,72.0,81.3,86.9,80.7,71.4,9.8,23.6,34.5,40.2,46.5,53.1,57.9,51.0,43.5,37.0,30.4,20.7,14.6,32.9,38.9,45.1,54.2,44.6,38.4,32.2,-58.3,-37.1,-15.5,5.4,25.0,41.9,55.4,65.1,69.1,68.7,60.8,49.0,33.8,16.2,-2.1,-20.7,-39.8,-69.3,-75.7,-76.0,-71.8,-65.3,-62.8,-66.4,-67.3,-64.5,-56.1,-49.1,-36.5,-24.2,-11.8,-4.7,-1.4,1.5,0.7,-1.0,-53.4,-57.0,-55.5,-48.3,-47.1,-48.3,-43.8,-49.2,-48.0,-42.4,-39.2,-40.3,20.1,16.2,14.6,17.3,16.5,21.0,27.2,33.5,35.1,34.8,33.2,28.9,20.8,21.0,22.5,22.8,26.9,25.6,25.4,24.0,672.7,675.1,677.7,678.4,676.2,672.4,666.1,659.0,660.6,672.1,688.6,701.6,707.4,707.7,707.5,708.0,709.7,641.2,637.4,634.9,632.9,632.4,642.4,651.6,661.6,671.8,681.3,638.4,631.4,624.0,617.2,629.9,629.5,629.9,634.0,638.9,641.2,639.7,641.3,643.2,640.7,639.1,657.3,660.9,665.8,672.4,665.5,660.6,642.5,634.1,631.9,633.7,637.0,646.2,659.5,647.0,638.8,635.0,633.3,635.0,640.9,634.3,635.8,639.6,655.2,639.4,635.4,634.1,0.598,0.143,-0.302,0.17,272.826,182.396,-10.845,19.885,-13.254,16.721,3.986,-0.26,-4.45,-1.261,1.176,-3.023,1.152,0.387,-0.36,-1.786,-0.307,-1.248,0.137,-0.269,-0.596,-0.976,0.405,-0.098,-0.634,-0.634,0.167,0.126,0.087,0.083,-0.124,-0.035,-0.034,-0.008,0.002,-0.01,0.03,0.07,0.0,1.62,0.0,0.0,0.0,0.0,0.0,0.26,0.0,0.0,0.0,0.0,0.0,0.0,0.0,0.0,1.0,0.0,1.0,0.0,0.0,0.0,0.0,0.0,0.0,0.0,0.0,0.0,0.0,0.0,0.0,1.0,0.0
PP133,g1,2097,0,0.975,0.220975,0.187382,-0.957109,0.077558,0.157723,-0.984433,0.153,0.176,254.5,256.3,259.6,262.4,263.2,261.6,258.2,255.3,249.9,252.2,255.3,258.9,262.1,264.4,265.7,263.5,260.7,257.5,254.5,251.8,257.3,258.5,260.0,260.7,260.4,259.1,257.7,256.9,290.5,291.9,294.7,297.3,298.1,296.8,294.0,291.1,287.3,289.5,292.3,295.5,298.1,299.7,300.4,299.3,297.5,295.1,292.3,289.4,292.8,293.9,295.2,295.8,295.4,294.2,293.0,292.4,154.1,151.2,150.4,152.2,155.5,158.7,159.3,157.5,154.9,153.4,152.7,152.6,153.8,155.7,158.1,158.8,158.8,158.4,157.7,156.6,156.1,156.9,156.5,155.2,153.8,153.0,153.3,154.6,159.8,156.9,156.1,157.7,160.9,163.8,164.6,163.2,161.4,159.7,158.6,158.4,159.4,160.9,162.9,164.0,164.4,164.2,163.6,162.8,161.6,162.3,161.9,160.7,159.3,158.6,158.9,160.2,6.0,8.3,12.7,16.6,17.6,15.5,10.9,7.0,-0.1,3.0,7.1,11.8,16.1,19.1,20.9,18.0,14.2,10.0,5.9,2.4,9.7,11.3,13.3,14.3,13.8,12.2,10.2,9.2,56.1,58.2,62.3,66.0,67.2,65.2,61.1,56.9,51.6,54.6,58.5,63.2,67.1,69.8,71.2,69.1,66.2,62.6,58.5,54.5,59.5,61.1,62.9,63.8,63.3,61.7,59.9,59.0,-44.4,-48.3,-49.4,-47.0,-42.5,-38.2,-37.5,-39.9,-43.6,-45.4,-46.2,-46.2,-44.7,-42.3,-39.3,-38.1,-38.1,-38.5,-39.5,-41.2,-41.8,-40.8,-41.3,-43.0,-45.0,-46.0,-45.5,-43.8,-38.4,-42.4,-43.7,-41.6,-37.1,-33.1,-31.8,-33.7,-36.1,-38.5,-40.0,-40.3,-39.2,-37.4,-34.8,-33.0,-32.3,-32.3,-33.0,-34.1,-36.0,-35.1,-35.6,-37.4,-39.4,-40.3,-39.7,-38.0,518.8,519.5,520.0,520.0,519.5,519.1,518.3,518.3,522.5,520.1,518.1,517.3,518.2,519.8,521.5,519.7,517.9,517.2,518.0,520.0,519.6,519.6,519.8,520.1,520.3,520.3,520.1,519.8,540.8,542.1,544.0,545.4,545.6,544.3,542.4,541.0,540.8,540.3,540.5,541.8,544.7,548.3,551.6,548.1,544.6,541.9,540.5,540.4,542.9,543.5,544.4,545.0,544.9,544.3,543.4,542.9,37.6,-8.6,647.5,0.166,-0.225,0.167,226.4,224.9,224.6,225.7,229.6,236.4,245.0,255.1,265.4,274.0,280.7,287.1,292.9,297.7,301.3,304.3,306.0,241.5,249.3,258.5,267.2,274.6,288.9,295.2,301.1,306.4,308.5,280.6,280.8,281.2,281.5,268.3,272.6,276.9,280.9,284.2,249.8,255.7,261.7,265.8,260.7,254.6,287.2,292.6,297.8,300.6,297.4,292.3,255.3,264.0,270.9,274.3,278.1,281.7,283.9,280.2,276.0,272.1,268.1,262.1,258.3,269.8,273.4,277.1,281.9,276.7,273.1,269.3,152.7,165.1,177.6,189.7,201.1,211.1,219.3,225.4,227.7,226.7,221.1,213.8,205.2,195.6,185.7,175.6,165.2,145.1,141.0,140.7,143.2,147.3,149.4,147.8,147.8,150.0,155.2,157.6,165.1,172.6,180.3,184.7,186.7,188.5,188.0,187.0,154.8,152.6,153.7,158.2,158.8,157.9,161.5,158.4,159.3,162.8,164.5,163.7,199.4,197.4,196.6,198.2,197.7,200.2,203.4,207.7,209.0,208.9,208.0,205.1,199.9,200.5,201.3,201.4,203.4,203.1,203.2,202.3,-40.6,-43.4,-44.1,-42.2,-35.3,-23.4,-8.5,8.6,26.1,41.4,54.1,66.6,77.6,86.3,92.9,98.3,101.7,-13.9,-1.1,13.8,27.8,39.8,63.7,75.2,86.4,96.7,101.9,49.9,49.7,49.7,49.7,29.5,36.5,43.4,50.1,55.9,-0.4,9.3,19.2,26.0,17.4,7.5,62.6,72.0,81.3,86.9,80.6,71.4,8.8,22.8,33.9,39.5,45.8,52.4,57.3,50.2,42.6,36.0,29.4,19.7,13.6,32.2,38.2,44.4,53.6,43.8,37.6,31.4,-59.9,-38.7,-17.2,3.9,23.6,40.6,54.3,64.2,68.2,67.6,59.2,47.2,32.1,14.7,-3.2,-21.6,-40.5,-69.4,-75.6,-75.8,-71.6,-64.9,-62.5,-66.1,-67.1,-64.4,-56.2,-48.7,-36.1,-23.8,-11.4,-4.5,-1.3,1.6,0.8,-0.8,-53.5,-57.0,-55.4,-48.2,-47.0,-48.3,-43.7,-49.1,-47.9,-42.4,-39.1,-40.2,19.6,16.0,14.7,17.4,16.6,21.0,26.9,33.4,35.2,34.8,33.2,28.7,20.4,21.0,22.5,22.9,26.7,25.6,25.5,24.0,672.2,675.0,678.0,679.0,677.0,673.5,667.5,660.5,662.2,673.5,689.7,702.3,707.6,707.6,707.2,707.8,709.3,639.7,635.8,633.3,631.2,630.8,640.9,650.1,660.2,670.5,680.2,637.1,630.4,623.2,616.7,629.7,629.4,629.8,633.8,638.5,639.9,638.2,639.9,641.9,639.4,637.8,656.3,659.7,664.6,671.4,664.5,659.6,643.1,634.6,632.2,634.0,637.3,646.7,660.4,647.9,639.6,635.8,634.1,635.8,641.6,634.7,636.2,640.1,656.1,639.9,636.0,634.6,0.598,0.168,-0.296,0.179,272.614,182.2,-9.961,21.078,-12.476,15.34,5.212,-0.862,-4.549,-1.897,1.147,-1.936,1.193,0.91,-0.226,-1.819,-0.73,-0.926,0.026,-0.027,-0.762,-0.978,0.411,-0.189,-0.403,-0.425,0.148,-0.061,0.125,0.098,-0.13,-0.027,-0.024,0.003,-0.0,-0.013,0.06,0.14,0.0,1.58,0.0,0.0,0.0,0.0,0.0,0.08,0.0,0.0,0.0,0.0,0.0,0.09,0.0,0.0,1.0,0.0,1.0,0.0,0.0,0.0,0.0,0.0,0.0,0.0,0.0,0.0,0.0,0.0,1.0,1.0,0.0
PP133,g1,2103,0,0.975,0.222344,0.194762,-0.955317,0.070638,0.165892,-0.983611,0.15,0.184,253.5,255.3,258.6,261.5,262.3,260.7,257.2,254.3,248.9,251.2,254.4,257.9,261.2,263.4,264.7,262.6,259.7,256.6,253.5,250.8,256.3,257.5,259.0,259.8,259.4,258.1,256.7,255.9,289.9,291.3,294.1,296.7,297.5,296.2,293.4,290.5,286.7,288.9,291.7,294.9,297.5,299.2,299.9,298.7,296.9,294.5,291.7,288.8,292.2,293.3,294.6,295.2,294.8,293.6,292.4,291.8,154.5,151.5,150.7,152.5,155.9,159.1,159.6,157.8,155.3,153.8,153.1,153.0,154.2,156.1,158.4,159.2,159.1,158.8,158.0,156.9,156.4,157.2,156.9,155.6,154.1,153.3,153.7,155.0,160.1,157.3,156.4,158.0,161.2,164.1,164.9,163.5,161.8,160.0,158.9,158.7,159.7,161.2,163.1,164.2,164.6,164.5,163.9,163.1,161.9,162.6,162.2,161.0,159.6,158.9,159.3,160.5,4.7,7.0,11.4,15.3,16.3,14.2,9.6,5.7,-1.5,1.7,5.8,10.5,14.8,17.8,19.6,16.7,12.9,8.7,4.7,1.0,8.3,10.0,11.9,13.0,12.5,10.8,8.9,7.9,55.4,57.5,61.6,65.4,66.6,64.6,60.4,56.3,50.9,54.0,57.9,62.5,66.5,69.2,70.7,68.6,65.6,61.9,57.9,53.8,58.9,60.5,62.3,63.2,62.7,61.0,59.2,58.3,-43.8,-47.8,-48.9,-46.5,-42.0,-37.7,-36.9,-39.3,-43.1,-44.8,-45.6,-45.6,-44.1,-41.8,-38.8,-37.6,-37.6,-38.0,-39.0,-40.7,-41.3,-40.2,-40.7,-42.5,-44.4,-45.5,-45.0,-43.3,-38.0,-42.1,-43.4,-41.3,-36.8,-32.8,-31.4,-33.3,-35.7,-38.2,-39.7,-40.0,-38.9,-37.1,-34.5,-32.7,-32.0,-32.0,-32.7,-33.8,-35.7,-34.8,-35.3,-37.1,-39.1,-40.0,-39.4,-37.6,518.1,518.8,519.4,519.5,519.0,518.5,517.7,517.7,521.7,519.4,517.5,516.7,517.7,519.3,521.1,519.2,517.3,516.6,517.4,519.3,519.0,519.0,519.2,519.6,519.8,519.7,519.5,519.2,542.7,543.9,545.8,547.2,547.3,546.1,544.2,542.9,542.7,542.2,542.3,543.6,546.4,550.0,553.3,549.9,546.4,543.8,542.4,542.3,544.8,545.4,546.2,546.7,546.7,546.1,545.3,544.7,36.0,-8.2,646.0,0.177,-0.226,0.177,225.9,224.4,223.9,224.7,228.1,234.6,243.1,253.3,263.8,272.6,279.3,285.9,292.0,297.0,300.8,303.9,305.8,240.7,248.4,257.5,266.2,273.6,288.0,294.5,300.6,305.9,308.3,279.6,279.8,280.1,280.4,267.2,271.6,275.9,279.8,283.2,248.8,254.7,260.7,264.9,259.7,253.6,286.6,292.0,297.2,300.0,296.8,291.7,254.2,263.0,269.9,273.4,277.2,280.9,283.2,279.5,275.1,271.1,267.1,261.0,257.2,268.7,272.4,276.2,281.3,275.8,272.1,268.3,152.9,164.8,176.8,188.6,199.8,209.7,218.2,224.9,227.5,226.7,221.4,214.4,206.1,196.5,186.4,176.1,165.4,145.3,141.4,141.2,143.7,147.8,149.8,148.1,148.1,150.2,155.4,158.2,165.6,172.9,180.6,185.0,187.0,188.8,188.3,187.4,155.2,153.0,154.1,158.5,159.1,158.2,161.8,158.8,159.7,163.1,164.8,164.0,199.5,197.6,196.9,198.5,198.0,200.5,203.6,207.9,209.2,209.1,208.2,205.3,200.0,200.8,201.7,201.8,203.6,203.5,203.4,202.5,-41.2,-44.1,-45.1,-43.8,-37.8,-26.5,-11.8,5.5,23.3,38.8,51.7,64.5,76.0,85.1,92.0,97.7,101.3,-15.2,-2.5,12.2,26.1,38.0,62.2,73.8,85.1,95.5,101.0,48.1,47.9,47.9,47.8,27.7,34.7,41.6,48.3,54.2,-2.0,7.6,17.5,24.4,15.8,5.9,61.3,70.6,79.9,85.7,79.3,70.1,6.9,21.0,32.1,37.8,44.2,51.0,56.1,48.8,41.1,34.3,27.8,17.8,11.8,30.3,36.4,42.7,52.4,42.2,35.8,29.6,-59.3,-39.0,-18.4,1.8,21.2,38.2,52.3,63.0,67.7,67.5,59.7,48.3,33.6,16.2,-2.0,-20.7,-40.1,-69.0,-74.8,-74.8,-70.5,-63.9,-61.6,-65.3,-66.4,-63.7,-55.7,-47.7,-35.3,-23.2,-10.9,-4.1,-0.8,2.1,1.3,-0.2,-52.8,-56.2,-54.6,-47.5,-46.4,-47.7,-43.0,-48.4,-47.2,-41.8,-38.5,-39.5,19.6,16.4,15.2,17.9,17.1,21.4,27.1,33.7,35.5,35.1,33.5,28.9,20.5,21.5,23.0,23.4,26.9,26.1,25.9,24.3,669.1,671.4,674.4,675.9,674.7,671.7,666.0,659.1,660.6,671.7,688.0,701.2,707.4,708.1,707.8,708.1,709.3,638.0,633.9,631.2,629.1,628.7,638.4,647.4,657.4,667.6,677.3,634.7,628.3,621.5,615.1,628.2,628.0,628.5,632.4,637.0,638.4,636.5,638.1,640.2,637.8,636.2,653.9,657.2,662.1,668.8,662.0,657.3,641.8,633.1,630.6,632.4,635.5,645.1,659.0,646.5,638.1,634.5,632.9,634.8,640.3,633.2,634.6,638.3,654.8,638.2,634.5,633.2,0.6,0.18,-0.298,0.19,271.681,182.389,-7.908,13.658,-12.478,13.1,4.281,-1.711,-4.347,-0.57,1.941,-0.653,0.611,1.206,-0.334,-2.107,-0.79,-0.576,-0.006,-0.058,-0.994,-1.126,0.443,-0.225,-0.22,-0.329,0.11,-0.104,0.068,0.082,-0.112,-0.009,-0.024,0.007,-0.001,-0.011,0.26,0.21,0.0,1.27,0.0,0.0,0.08,0.0,0.0,0.0,0.0,0.0,0.0,0.0,0.0,0.0,0.0,1.0,1.0,0.0,0.0,0.0,0.0,0.0,0.0,0.0,0.0,0.0,0.0,0.0,0.0,0.0,0.0,1.0,0.0
PP133,g1,2108,0,0.975,0.216085,0.188981,-0.957911,0.067786,0.16157,-0.98453,0.145,0.179,254.1,255.9,259.2,262.1,262.9,261.3,257.9,255.0,249.5,251.8,254.9,258.5,261.7,264.0,265.4,263.2,260.4,257.2,254.1,251.4,256.9,258.2,259.6,260.4,260.0,258.7,257.3,256.5,290.5,291.8,294.7,297.3,298.2,296.8,294.0,291.1,287.2,289.4,292.2,295.5,298.1,299.8,300.5,299.4,297.5,295.1,292.3,289.4,292.8,293.9,295.2,295.8,295.4,294.2,293.0,292.4,155.3,152.3,151.5,153.3,156.6,159.9,160.4,158.6,156.1,154.6,153.9,153.8,154.9,156.8,159.1,159.9,159.9,159.6,158.9,157.8,157.2,158.0,157.6,156.3,154.9,154.1,154.5,155.8,160.5,157.7,156.8,158.4,161.6,164.4,165.3,163.9,162.2,160.4,159.3,159.1,160.1,161.5,163.5,164.6,165.0,164.9,164.4,163.6,162.3,163.0,162.6,161.4,160.0,159.3,159.6,160.9,5.5,7.8,12.2,16.0,17.1,15.0,10.4,6.6,-0.7,2.4,6.5,11.2,15.5,18.6,20.5,17.6,13.7,9.5,5.5,1.9,9.2,10.9,12.8,13.8,13.3,11.6,9.7,8.7,56.0,58.0,62.1,65.9,67.2,65.2,61.0,56.9,51.5,54.5,58.4,63.0,67.0,69.8,71.3,69.2,66.2,62.5,58.4,54.4,59.4,61.1,62.9,63.8,63.2,61.6,59.8,58.9,-42.7,-46.7,-47.8,-45.5,-41.0,-36.6,-35.8,-38.2,-41.8,-43.7,-44.5,-44.5,-43.1,-40.8,-37.8,-36.6,-36.5,-36.8,-37.8,-39.5,-40.2,-39.1,-39.7,-41.4,-43.4,-44.4,-43.9,-42.1,-37.3,-41.4,-42.7,-40.6,-36.2,-32.1,-30.7,-32.6,-35.0,-37.4,-39.0,-39.3,-38.2,-36.4,-33.9,-32.1,-31.3,-31.3,-32.0,-33.1,-35.0,-34.1,-34.6,-36.4,-38.4,-39.3,-38.7,-36.9,517.5,518.2,518.7,518.7,518.3,517.8,517.1,517.1,521.2,518.9,516.9,516.1,517.0,518.6,520.3,518.5,516.6,516.0,516.8,518.8,518.4,518.4,518.6,518.9,519.1,519.1,518.8,518.6,540.3,541.5,543.4,544.8,544.9,543.7,541.8,540.5,540.4,539.8,539.9,541.2,544.0,547.6,550.9,547.5,544.0,541.4,540.0,539.9,542.4,543.0,543.8,544.4,544.3,543.7,542.9,542.3,37.7,-7.2,647.6,0.17,-0.214,0.156,226.3,225.0,224.9,226.1,230.0,236.8,245.5,255.5,265.9,274.6,281.3,287.8,293.6,298.3,301.9,304.8,306.5,240.9,248.6,257.8,266.5,274.1,288.6,295.0,301.1,306.4,308.7,280.3,280.5,280.9,281.2,268.2,272.5,276.8,280.8,284.2,249.4,255.3,261.3,265.5,260.3,254.2,287.2,292.5,297.8,300.7,297.5,292.3,255.6,264.1,271.0,274.4,278.1,281.8,284.2,280.5,276.2,272.3,268.4,262.3,258.5,269.9,273.5,277.2,282.2,276.9,273.2,269.5,154.0,166.3,178.7,190.7,201.9,211.8,219.9,226.0,228.2,227.1,221.4,214.2,205.7,196.1,186.2,176.0,165.6,146.5,142.3,141.9,144.3,148.4,150.3,148.6,148.4,150.6,155.7,158.6,166.1,173.6,181.2,185.7,187.7,189.4,188.9,187.8,156.1,153.8,154.8,159.2,159.9,159.1,162.3,159.2,160.0,163.4,165.1,164.4,200.4,198.4,197.6,199.2,198.6,201.0,204.1,208.4,209.7,209.7,208.8,206.1,200.9,201.4,202.3,202.3,204.1,203.9,204.0,203.2,-40.8,-43.3,-43.7,-41.7,-34.7,-22.7,-7.7,9.4,27.0,42.4,55.3,67.9,79.0,87.6,94.0,99.3,102.5,-14.9,-2.3,12.6,26.7,38.9,63.2,74.8,86.2,96.7,102.1,49.3,49.1,49.2,49.2,29.3,36.3,43.3,50.0,55.9,-1.0,8.6,18.5,25.5,16.9,6.9,62.5,71.8,81.2,87.0,80.6,71.3,9.2,22.9,34.0,39.6,45.9,52.7,57.8,50.6,43.0,36.4,29.8,20.0,14.0,32.4,38.4,44.6,54.1,44.1,37.8,31.7,-57.7,-36.7,-15.3,5.5,25.1,41.9,55.4,65.2,69.2,68.4,60.0,48.0,32.9,15.5,-2.4,-20.8,-39.8,-67.3,-73.6,-73.9,-69.8,-63.2,-61.0,-64.7,-65.9,-63.3,-55.2,-47.0,-34.5,-22.2,-9.9,-2.9,0.3,3.1,2.3,0.6,-51.5,-55.0,-53.6,-46.5,-45.2,-46.4,-42.3,-47.8,-46.7,-41.3,-38.0,-38.9,21.3,17.8,16.3,19.0,18.1,22.3,28.0,34.6,36.4,36.1,34.7,30.3,22.1,22.7,24.1,24.3,27.9,26.9,26.9,25.4,673.1,675.9,679.0,680.2,678.4,674.9,668.8,661.6,663.0,674.1,690.2,702.8,708.1,708.1,707.6,708.0,709.4,640.5,636.1,633.2,630.9,630.2,640.1,649.2,659.2,669.5,679.3,636.6,630.0,623.0,616.5,629.9,629.5,629.9,633.9,638.4,640.4,638.5,640.0,642.0,639.6,638.1,655.7,659.1,663.9,670.7,663.8,659.1,643.9,635.2,632.5,634.3,637.4,646.8,660.5,648.1,640.0,636.3,634.7,636.6,642.3,635.2,636.6,640.3,656.2,640.1,636.4,635.1,0.598,0.173,-0.285,0.168,272.668,183.044,-7.946,19.465,-12.708,14.713,5.937,-1.121,-4.891,-1.608,1.541,-1.677,0.937,0.861,0.275,-1.941,-0.64,-0.858,0.108,-0.111,-0.927,-0.927,0.605,-0.325,-0.331,-0.523,0.176,-0.004,0.083,0.099,-0.122,-0.017,-0.025,0.005,0.001,-0.009,0.17,0.0,0.0,0.73,0.0,0.0,0.15,0.0,0.0,0.05,0.0,0.0,0.0,0.0,0.0,0.0,0.0,1.0,1.0,0.0,0.0,0.0,0.0,0.0,0.0,0.0,0.0,0.0,0.0,0.0,0.0,0.0,0.0,1.0,0.0
PP133,g1,2114,0,0.975,0.223631,0.179877,-0.957932,0.083091,0.15323,-0.984691,0.157,0.17,255.5,257.2,260.5,263.3,264.2,262.6,259.2,256.3,250.9,253.2,256.3,259.8,263.0,265.3,266.6,264.5,261.7,258.5,255.5,252.8,258.2,259.5,260.9,261.7,261.3,260.0,258.6,257.9,291.5,292.9,295.6,298.2,299.1,297.7,294.9,292.1,288.3,290.5,293.3,296.5,299.0,300.6,301.3,300.2,298.4,296.1,293.3,290.4,293.8,294.9,296.1,296.7,296.3,295.2,294.0,293.4,155.8,152.9,152.0,153.8,157.1,160.3,160.9,159.2,156.7,155.2,154.4,154.4,155.5,157.3,159.6,160.4,160.4,160.1,159.4,158.3,157.7,158.5,158.1,156.8,155.4,154.6,155.0,156.3,161.2,158.4,157.5,159.2,162.3,165.2,166.0,164.6,162.9,161.1,160.0,159.9,160.9,162.3,164.3,165.4,165.7,165.6,165.0,164.2,163.0,163.7,163.3,162.1,160.7,160.0,160.4,161.6,7.3,9.6,14.0,17.8,18.9,16.8,12.2,8.4,1.2,4.3,8.3,13.0,17.4,20.4,22.3,19.4,15.6,11.4,7.3,3.7,11.0,12.7,14.6,15.6,15.1,13.4,11.5,10.5,57.9,60.0,64.1,67.9,69.1,67.0,62.9,58.8,53.4,56.5,60.4,65.0,69.0,71.7,73.1,71.0,68.1,64.4,60.4,56.3,61.3,63.0,64.8,65.7,65.1,63.5,61.7,60.8,-42.2,-46.2,-47.4,-45.1,-40.6,-36.2,-35.4,-37.8,-41.4,-43.2,-44.1,-44.1,-42.7,-40.3,-37.4,-36.2,-36.1,-36.4,-37.4,-39.0,-39.8,-38.7,-39.2,-41.0,-42.9,-44.0,-43.5,-41.7,-36.7,-40.7,-42.1,-39.9,-35.4,-31.4,-30.1,-32.0,-34.4,-36.8,-38.3,-38.6,-37.5,-35.7,-33.1,-31.3,-30.6,-30.6,-31.4,-32.5,-34.3,-33.4,-34.0,-35.7,-37.7,-38.6,-38.1,-36.3,521.0,521.7,522.2,522.2,521.7,521.3,520.6,520.5,524.7,522.3,520.3,519.5,520.4,522.0,523.8,521.9,520.1,519.4,520.3,522.3,521.8,521.8,522.0,522.3,522.5,522.5,522.3,522.0,545.3,546.6,548.5,550.0,550.1,548.9,546.9,545.5,545.3,544.9,545.0,546.4,549.3,552.9,556.2,552.7,549.2,546.5,545.1,544.9,547.5,548.1,549.0,549.5,549.5,548.8,548.0,547.4,39.5,-5.7,645.8,0.151,-0.235,0.159,227.3,225.9,225.7,226.9,230.8,237.7,246.3,256.4,266.8,275.3,281.8,288.0,293.6,298.4,302.1,305.1,306.9,242.5,250.2,259.3,268.0,275.4,289.8,296.1,302.0,307.2,309.4,281.5,281.9,282.4,282.8,269.6,274.0,278.3,282.2,285.5,250.8,256.6,262.6,266.8,261.6,255.6,288.3,293.5,298.7,301.5,298.4,293.3,257.0,265.6,272.4,275.8,279.5,283.0,285.1,281.7,277.6,273.8,269.8,263.8,260.0,271.3,275.0,278.5,283.2,278.3,274.6,270.9,155.0,167.4,179.8,191.9,203.3,213.3,221.5,227.7,230.0,229.0,223.4,216.0,207.3,197.5,187.4,177.1,166.5,146.9,142.7,142.4,144.8,148.9,150.9,149.2,149.2,151.3,156.5,159.1,166.6,174.1,181.8,186.3,188.3,190.1,189.6,188.5,156.6,154.4,155.3,159.7,160.4,159.6,162.9,159.9,160.8,164.2,165.9,165.1,201.5,199.3,198.3,200.0,199.4,201.9,205.2,209.4,210.7,210.6,209.7,207.1,202.0,202.3,203.1,203.2,205.2,204.8,204.9,204.0,-38.8,-41.5,-42.0,-40.0,-33.1,-21.2,-6.4,10.8,28.3,43.5,55.9,68.1,78.9,87.6,94.2,99.7,103.0,-12.3,0.3,15.1,29.0,41.0,65.2,76.6,87.7,98.0,103.2,51.3,51.3,51.5,51.6,31.5,38.5,45.4,52.1,57.9,1.2,10.7,20.6,27.5,19.0,9.1,64.1,73.4,82.7,88.3,82.1,72.9,11.5,25.3,36.2,41.8,48.0,54.5,59.2,52.5,45.1,38.6,32.1,22.4,16.4,34.5,40.5,46.6,55.6,46.1,40.0,33.9,-55.7,-34.6,-13.2,7.7,27.3,44.2,57.8,67.7,71.8,71.3,63.1,51.1,35.8,18.1,-0.2,-18.8,-38.0,-66.3,-72.7,-72.9,-68.8,-62.3,-60.0,-63.6,-64.7,-62.0,-53.8,-46.2,-33.6,-21.3,-8.9,-1.9,1.3,4.3,3.4,1.7,-50.5,-54.0,-52.6,-45.6,-44.3,-45.5,-41.3,-46.5,-45.4,-39.9,-36.7,-37.8,22.9,19.0,17.5,20.2,19.3,23.7,29.8,36.2,37.9,37.5,36.0,31.7,23.7,23.9,25.3,25.7,29.6,28.3,28.2,26.7,669.2,671.8,674.8,675.8,674.0,670.5,664.5,657.8,659.6,671.2,687.7,700.6,706.3,706.5,706.1,706.3,707.7,637.8,634.0,631.7,629.9,629.7,639.9,649.1,659.2,669.4,679.0,635.8,629.0,621.9,615.3,627.8,627.6,628.1,632.3,637.2,638.2,636.7,638.5,640.5,637.9,636.2,655.0,658.6,663.5,670.2,663.3,658.4,640.6,632.3,630.2,632.1,635.4,644.7,658.1,645.6,637.5,633.7,631.9,633.4,639.1,632.7,634.2,638.1,653.7,637.9,633.9,632.5,0.6,0.158,-0.311,0.171,273.787,183.951,-10.788,19.614,-13.691,16.396,3.826,-0.454,-4.332,-1.677,1.415,-3.119,1.181,0.361,-0.309,-2.216,-0.301,-1.258,-0.033,-0.267,-0.722,-0.996,0.482,-0.202,-0.407,-0.811,0.115,0.2,0.089,0.1,-0.135,-0.023,-0.03,-0.01,0.003,-0.006,0.27,0.28,0.0,1.69,0.0,0.0,0.0,0.0,0.0,0.14,0.0,0.0,0.0,0.0,0.0,0.0,0.0,1.0,1.0,0.0,1.0,0.0,0.0,0.0,0.0,0.0,0.0,0.0,0.0,0.0,0.0,0.0,0.0,1.0,0.0
PP133,g1,2120,0,0.975,0.225296,0.173943,-0.958637,0.086458,0.147717,-0.985243,0.159,0.164,255.2,256.9,260.2,263.1,263.9,262.4,259.0,256.1,250.6,252.9,256.0,259.5,262.8,265.0,266.4,264.3,261.4,258.3,255.2,252.5,258.0,259.2,260.7,261.4,261.1,259.8,258.4,257.6,291.2,292.5,295.3,297.9,298.7,297.4,294.7,291.8,288.0,290.2,293.0,296.2,298.7,300.3,301.0,299.9,298.1,295.8,293.0,290.1,293.5,294.6,295.8,296.4,296.0,294.9,293.7,293.1,156.0,153.1,152.2,154.0,157.3,160.5,161.1,159.3,156.9,155.4,154.6,154.5,155.6,157.5,159.8,160.6,160.6,160.3,159.6,158.5,157.9,158.7,158.3,157.0,155.6,154.8,155.2,156.5,161.4,158.5,157.7,159.3,162.4,165.3,166.1,164.7,163.0,161.2,160.2,160.0,161.0,162.4,164.4,165.5,165.8,165.7,165.1,164.4,163.1,163.8,163.4,162.2,160.8,160.1,160.5,161.7,7.0,9.3,13.6,17.5,18.6,16.5,11.9,8.1,0.9,3.9,8.0,12.7,17.0,20.1,22.0,19.1,15.3,11.1,7.0,3.4,10.7,12.4,14.3,15.3,14.8,13.1,11.2,10.2,57.5,59.5,63.6,67.4,68.6,66.6,62.5,58.4,53.0,56.1,59.9,64.6,68.5,71.2,72.6,70.6,67.6,64.0,60.0,55.9,60.9,62.6,64.3,65.2,64.7,63.0,61.2,60.4,-42.0,-46.0,-47.2,-44.9,-40.4,-36.1,-35.2,-37.6,-41.1,-43.0,-43.9,-43.9,-42.5,-40.2,-37.2,-36.0,-35.9,-36.2,-37.2,-38.8,-39.6,-38.5,-39.0,-40.8,-42.8,-43.8,-43.3,-41.5,-36.5,-40.5,-41.9,-39.7,-35.3,-31.2,-29.9,-31.8,-34.2,-36.6,-38.2,-38.5,-37.3,-35.5,-32.9,-31.2,-30.4,-30.5,-31.2,-32.3,-34.2,-33.2,-33.8,-35.6,-37.5,-38.5,-37.9,-36.1,521.7,522.4,522.9,522.9,522.4,522.0,521.2,521.2,525.4,523.1,521.0,520.2,521.1,522.7,524.5,522.6,520.8,520.1,521.0,523.0,522.5,522.5,522.7,523.0,523.2,523.2,523.0,522.7,545.2,546.6,548.5,550.0,550.1,548.8,546.8,545.4,545.2,544.8,545.0,546.3,549.2,552.8,556.1,552.7,549.1,546.4,545.0,544.8,547.4,548.0,548.9,549.5,549.4,548.8,547.9,547.3,39.2,-5.4,646.3,0.145,-0.239,0.157,227.2,225.7,225.5,226.8,230.7,237.5,246.1,256.3,266.7,275.2,281.6,287.7,293.3,298.0,301.7,304.7,306.4,242.2,250.0,259.1,267.7,275.1,289.5,295.8,301.6,306.8,309.0,281.2,281.6,282.1,282.6,269.4,273.8,278.1,282.0,285.3,250.5,256.3,262.3,266.5,261.4,255.4,288.0,293.2,298.4,301.1,298.1,293.0,256.9,265.5,272.3,275.7,279.4,282.9,285.0,281.7,277.6,273.7,269.7,263.8,259.9,271.2,274.8,278.4,283.1,278.2,274.5,270.8,155.4,167.8,180.2,192.2,203.6,213.5,221.8,228.0,230.3,229.3,223.8,216.4,207.7,197.9,187.8,177.4,166.8,147.2,143.0,142.7,145.1,149.1,151.1,149.4,149.3,151.5,156.7,159.2,166.7,174.2,182.0,186.5,188.5,190.3,189.7,188.7,156.8,154.5,155.5,159.9,160.6,159.8,163.0,160.0,160.9,164.3,166.0,165.2,201.7,199.4,198.5,200.1,199.5,202.0,205.4,209.5,210.8,210.7,209.9,207.2,202.1,202.4,203.2,203.3,205.3,205.0,205.0,204.1,-39.1,-41.7,-42.3,-40.2,-33.3,-21.5,-6.6,10.7,28.2,43.3,55.6,67.7,78.4,87.0,93.6,99.1,102.4,-12.7,-0.1,14.7,28.6,40.6,64.8,76.2,87.3,97.5,102.7,50.9,50.9,51.2,51.4,31.2,38.2,45.2,51.9,57.6,0.9,10.3,20.2,27.2,18.6,8.7,63.7,73.0,82.3,87.9,81.7,72.5,11.3,25.1,36.0,41.6,47.9,54.4,59.1,52.4,45.0,38.5,31.9,22.3,16.2,34.3,40.3,46.5,55.5,46.0,39.8,33.7,-55.0,-34.0,-12.6,8.2,27.7,44.7,58.3,68.2,72.3,71.8,63.8,51.9,36.6,18.8,0.5,-18.3,-37.6,-65.9,-72.3,-72.6,-68.5,-62.0,-59.8,-63.4,-64.5,-61.8,-53.6,-46.1,-33.5,-21.2,-8.7,-1.7,1.6,4.5,3.6,1.9,-50.2,-53.8,-52.4,-45.3,-44.1,-45.2,-41.1,-46.4,-45.2,-39.8,-36.6,-37.6,23.3,19.3,17.7,20.4,19.6,24.0,30.1,36.4,38.1,37.7,36.2,32.0,24.0,24.1,25.5,25.9,29.9,28.5,28.4,27.0,669.6,672.1,675.0,675.9,674.0,670.6,664.5,657.7,659.6,671.3,688.0,701.1,707.0,707.3,706.9,707.1,708.6,638.6,634.9,632.6,630.8,630.5,640.7,649.9,660.0,670.3,680.0,636.6,629.7,622.6,615.9,628.4,628.1,628.7,632.9,637.8,638.9,637.6,639.3,641.3,638.7,637.0,655.8,659.4,664.3,671.0,664.1,659.2,640.9,632.7,630.7,632.6,635.9,645.2,658.5,646.0,637.9,634.0,632.2,633.7,639.4,633.1,634.6,638.5,654.1,638.3,634.4,632.9,0.599,0.152,-0.315,0.169,273.583,184.151,-10.863,18.871,-13.654,16.61,3.412,-0.081,-4.236,-1.398,1.563,-3.155,1.245,0.014,-0.455,-2.08,-0.108,-1.152,-0.011,-0.025,-0.716,-1.037,0.456,-0.063,-0.505,-0.842,0.154,0.199,0.092,0.085,-0.129,-0.03,-0.039,-0.011,0.004,-0.007,0.16,0.24,0.0,1.83,0.0,0.0,0.04,0.0,0.0,0.02,0.0,0.0,0.0,0.0,0.0,0.0,0.0,1.0,1.0,0.0,1.0,0.0,0.0,0.0,0.0,0.0,0.0,0.0,0.0,0.0,0.0,0.0,1.0,1.0,0.0
PP133,g1,2126,0,0.975,0.22306,0.184654,-0.957156,0.079933,0.156798,-0.984391,0.155,0.174,254.5,256.3,259.5,262.4,263.2,261.7,258.2,255.3,249.9,252.2,255.3,258.9,262.1,264.3,265.7,263.6,260.7,257.6,254.5,251.8,257.3,258.5,260.0,260.7,260.4,259.1,257.7,256.9,290.6,292.0,294.8,297.4,298.2,296.8,294.1,291.2,287.4,289.6,292.4,295.6,298.2,299.8,300.5,299.3,297.5,295.2,292.4,289.5,292.9,294.0,295.2,295.8,295.5,294.3,293.1,292.5,155.3,152.3,151.5,153.3,156.6,159.8,160.4,158.6,156.1,154.6,153.9,153.8,155.0,156.8,159.1,159.9,159.9,159.6,158.8,157.7,157.2,158.0,157.6,156.3,154.9,154.1,154.5,155.7,160.9,158.1,157.2,158.9,162.0,164.9,165.7,164.3,162.5,160.8,159.7,159.6,160.5,162.0,164.0,165.1,165.4,165.3,164.7,163.9,162.7,163.4,163.0,161.8,160.4,159.7,160.1,161.3,6.0,8.3,12.7,16.6,17.7,15.5,10.9,7.1,-0.1,3.0,7.1,11.8,16.1,19.1,21.0,18.1,14.3,10.1,6.0,2.4,9.7,11.4,13.3,14.3,13.9,12.2,10.3,9.2,56.6,58.7,62.8,66.5,67.8,65.7,61.6,57.4,52.1,55.1,59.0,63.7,67.6,70.3,71.7,69.7,66.7,63.1,59.0,55.0,60.0,61.6,63.4,64.3,63.8,62.2,60.4,59.5,-43.0,-46.9,-48.1,-45.7,-41.2,-36.9,-36.1,-38.5,-42.1,-43.9,-44.8,-44.7,-43.3,-41.0,-38.0,-36.8,-36.8,-37.1,-38.1,-39.8,-40.4,-39.4,-39.9,-41.6,-43.6,-44.6,-44.1,-42.4,-37.1,-41.1,-42.4,-40.2,-35.8,-31.7,-30.4,-32.4,-34.8,-37.2,-38.7,-39.0,-37.8,-36.0,-33.4,-31.7,-30.9,-31.0,-31.7,-32.9,-34.7,-33.7,-34.3,-36.1,-38.0,-39.0,-38.4,-36.6,520.5,521.2,521.8,521.8,521.3,520.9,520.1,520.1,524.2,521.9,519.9,519.1,520.0,521.6,523.4,521.5,519.6,519.0,519.8,521.8,521.4,521.4,521.6,521.9,522.1,522.1,521.9,521.6,544.3,545.5,547.5,548.9,549.0,547.7,545.8,544.5,544.3,543.8,544.0,545.3,548.2,551.7,555.0,551.6,548.1,545.4,544.0,543.9,546.4,547.0,547.9,548.4,548.4,547.7,546.9,546.3,37.4,-6.5,644.3,0.16,-0.237,0.176,226.8,225.2,224.8,225.7,229.1,235.5,243.8,254.1,264.6,273.3,279.9,286.3,292.2,297.1,301.0,304.2,306.1,241.5,249.2,258.4,267.1,274.5,288.8,295.3,301.2,306.5,308.7,280.5,280.7,281.2,281.5,268.3,272.6,276.9,280.9,284.2,249.8,255.7,261.7,265.8,260.7,254.6,287.4,292.7,297.8,300.6,297.5,292.4,255.5,264.2,271.0,274.5,278.3,281.8,284.0,280.5,276.3,272.4,268.4,262.4,258.6,269.9,273.6,277.2,282.1,276.9,273.2,269.5,153.8,165.9,178.0,189.9,201.2,211.4,220.0,226.7,229.5,228.7,223.4,216.2,207.6,197.8,187.6,177.1,166.4,146.4,142.3,142.1,144.6,148.6,150.7,149.0,149.0,151.2,156.5,158.8,166.3,173.7,181.4,185.8,187.9,189.7,189.2,188.2,156.0,153.8,154.8,159.3,159.9,159.0,162.6,159.6,160.5,163.9,165.6,164.8,200.8,198.7,197.9,199.6,199.1,201.6,204.8,209.0,210.3,210.1,209.2,206.4,201.3,201.8,202.7,202.8,204.8,204.4,204.4,203.5,-39.6,-42.5,-43.4,-42.0,-35.9,-24.9,-10.5,6.8,24.6,39.9,52.5,65.0,76.2,85.2,92.2,98.0,101.7,-13.8,-1.2,13.5,27.5,39.4,63.3,75.0,86.1,96.5,101.8,49.4,49.4,49.5,49.5,29.4,36.3,43.2,49.9,55.7,-0.4,9.2,19.0,25.9,17.4,7.5,62.5,71.8,81.0,86.6,80.4,71.2,9.0,23.0,33.9,39.5,45.8,52.4,57.2,50.3,42.8,36.2,29.7,20.0,14.0,32.1,38.1,44.3,53.6,43.9,37.6,31.5,-57.6,-37.1,-16.3,4.1,23.6,40.9,55.1,65.9,70.7,70.6,63.0,51.4,36.4,18.7,0.2,-18.7,-38.3,-67.0,-73.2,-73.3,-69.1,-62.5,-60.1,-63.8,-64.8,-62.0,-53.8,-46.5,-34.0,-21.9,-9.5,-2.7,0.6,3.6,2.8,1.2,-51.3,-54.8,-53.3,-46.2,-45.0,-46.3,-41.7,-47.0,-45.7,-40.3,-37.1,-38.2,21.7,18.1,16.8,19.5,18.7,23.1,29.1,35.4,37.0,36.6,35.0,30.6,22.5,23.1,24.6,25.0,28.8,27.6,27.4,25.8,666.9,669.2,672.1,673.3,671.9,668.8,663.2,656.4,658.0,669.4,686.1,699.5,705.9,706.6,706.4,706.4,707.6,636.7,632.6,630.2,628.3,628.1,638.0,647.0,657.0,667.3,676.9,633.8,627.2,620.2,613.6,626.5,626.1,626.6,630.8,635.6,636.8,635.3,637.0,639.0,636.5,634.9,653.1,656.6,661.4,668.1,661.3,656.5,639.2,630.7,628.7,630.4,633.6,643.0,656.5,644.0,635.7,632.1,630.4,632.0,637.7,631.1,632.5,636.3,652.2,636.0,632.3,631.0,0.601,0.166,-0.311,0.188,272.568,183.462,-8.435,14.194,-13.268,15.725,2.097,-0.828,-3.862,-0.938,2.58,-2.394,-0.007,0.809,-0.59,-1.95,-0.263,-1.037,-0.068,0.158,-0.888,-1.009,0.478,-0.148,-0.233,-0.566,0.16,0.034,0.112,0.067,-0.122,-0.021,-0.029,-0.001,0.003,-0.01,0.09,0.0,0.0,1.12,0.0,0.0,0.0,0.0,0.0,0.05,0.0,0.0,0.0,0.0,0.0,0.1,0.0,1.0,1.0,0.0,0.0,0.0,0.0,0.0,0.0,0.0,0.0,0.0,0.0,0.0,0.0,0.0,1.0,1.0,0.0
PP133,g1,2132,0,0.975,0.222337,0.196469,-0.954969,0.070288,0.167361,-0.983387,0.15,0.186,253.4,255.1,258.4,261.3,262.1,260.5,257.0,254.2,248.7,251.1,254.2,257.7,261.0,263.2,264.5,262.4,259.6,256.4,253.3,250.6,256.1,257.4,258.8,259.6,259.2,258.0,256.5,255.8,289.7,291.0,293.8,296.4,297.3,295.9,293.1,290.3,286.4,288.6,291.4,294.7,297.3,298.9,299.6,298.5,296.6,294.3,291.4,288.5,292.0,293.1,294.3,294.9,294.5,293.4,292.2,291.6,154.6,151.7,150.9,152.7,156.0,159.2,159.8,158.0,155.4,153.9,153.2,153.2,154.4,156.2,158.6,159.3,159.2,158.9,158.2,157.0,156.6,157.4,157.0,155.7,154.3,153.5,153.8,155.1,160.3,157.4,156.6,158.2,161.4,164.2,165.1,163.7,161.9,160.2,159.1,158.9,159.9,161.3,163.3,164.4,164.8,164.7,164.1,163.3,162.0,162.8,162.4,161.1,159.7,159.0,159.4,160.7,4.5,6.8,11.2,15.1,16.1,13.9,9.3,5.5,-1.7,1.4,5.6,10.3,14.6,17.6,19.4,16.5,12.7,8.5,4.4,0.8,8.1,9.8,11.7,12.8,12.3,10.6,8.7,7.7,55.2,57.2,61.3,65.1,66.4,64.3,60.2,56.0,50.7,53.7,57.6,62.2,66.2,68.9,70.4,68.3,65.3,61.7,57.6,53.5,58.6,60.2,62.0,62.9,62.4,60.7,58.9,58.1,-43.8,-47.7,-48.9,-46.4,-41.9,-37.6,-36.9,-39.3,-43.0,-44.8,-45.6,-45.5,-44.0,-41.7,-38.7,-37.6,-37.5,-37.9,-39.0,-40.6,-41.2,-40.2,-40.7,-42.4,-44.4,-45.4,-44.9,-43.2,-37.9,-41.9,-43.3,-41.1,-36.7,-32.6,-31.3,-33.2,-35.6,-38.0,-39.5,-39.8,-38.7,-36.9,-34.3,-32.6,-31.8,-31.8,-32.5,-33.6,-35.5,-34.6,-35.2,-36.9,-38.9,-39.8,-39.2,-37.5,519.7,520.5,521.0,521.1,520.6,520.1,519.3,519.2,523.3,521.0,519.1,518.4,519.3,520.9,522.7,520.8,518.9,518.2,519.0,520.9,520.6,520.6,520.9,521.2,521.4,521.4,521.1,520.8,543.2,544.5,546.3,547.7,547.9,546.6,544.8,543.4,543.3,542.8,542.9,544.1,547.0,550.5,553.8,550.4,546.9,544.3,542.9,542.9,545.3,545.9,546.8,547.3,547.2,546.6,545.8,545.3,35.5,-8.1,647.3,0.181,-0.226,0.18,225.8,224.2,223.7,224.4,227.8,234.2,242.6,252.8,263.3,272.1,278.9,285.5,291.6,296.6,300.5,303.6,305.5,240.4,248.1,257.2,266.0,273.5,287.7,294.3,300.4,305.7,308.0,279.4,279.5,279.8,280.1,266.9,271.2,275.5,279.5,282.9,248.6,254.5,260.5,264.7,259.5,253.5,286.4,291.8,296.9,299.8,296.6,291.4,253.7,262.5,269.5,272.9,276.8,280.5,282.9,279.1,274.7,270.7,266.7,260.5,256.7,268.3,272.0,275.8,280.9,275.4,271.6,267.8,152.9,164.8,176.8,188.5,199.6,209.6,218.1,224.8,227.5,226.7,221.3,214.3,206.0,196.4,186.4,176.1,165.4,145.7,141.7,141.5,143.9,148.0,150.0,148.3,148.3,150.5,155.7,158.3,165.8,173.1,180.8,185.0,187.1,188.9,188.4,187.5,155.3,153.2,154.2,158.7,159.2,158.4,162.0,158.9,159.8,163.2,164.9,164.1,199.3,197.6,196.9,198.6,198.1,200.5,203.5,207.9,209.3,209.1,208.1,205.2,199.9,200.7,201.7,201.8,203.5,203.5,203.5,202.5,-41.6,-44.5,-45.5,-44.3,-38.4,-27.3,-12.6,4.7,22.5,38.1,51.0,63.9,75.5,84.7,91.6,97.3,101.0,-15.7,-3.0,11.7,25.8,37.8,61.8,73.5,84.9,95.3,100.8,47.8,47.5,47.5,47.4,27.2,34.2,41.1,47.9,53.8,-2.3,7.4,17.2,24.1,15.5,5.7,61.0,70.3,79.7,85.4,79.0,69.8,6.0,20.3,31.5,37.2,43.7,50.5,55.6,48.2,40.4,33.7,27.0,17.1,10.9,29.7,35.8,42.2,52.0,41.6,35.2,28.9,-59.3,-39.0,-18.5,1.7,21.0,38.1,52.2,63.1,67.8,67.5,59.7,48.3,33.6,16.2,-2.0,-20.8,-40.1,-68.5,-74.5,-74.6,-70.3,-63.7,-61.4,-65.1,-66.1,-63.3,-55.2,-47.5,-35.0,-22.9,-10.6,-4.0,-0.7,2.3,1.5,-0.0,-52.7,-56.0,-54.5,-47.3,-46.2,-47.6,-42.8,-48.2,-47.0,-41.6,-38.4,-39.4,19.4,16.4,15.2,18.0,17.2,21.5,27.1,33.8,35.6,35.2,33.5,28.8,20.4,21.5,23.0,23.4,26.9,26.2,26.0,24.4,670.3,672.6,675.6,677.0,675.9,673.1,667.5,660.6,662.1,673.1,689.4,702.4,708.6,709.5,709.3,709.5,710.8,639.4,635.1,632.4,630.2,629.8,639.5,648.4,658.4,668.7,678.4,635.7,629.4,622.6,616.3,629.4,629.1,629.6,633.6,638.2,639.5,637.7,639.3,641.3,638.9,637.3,654.9,658.2,663.0,669.7,663.0,658.2,643.3,634.6,632.0,633.7,636.8,646.5,660.5,648.0,639.5,635.9,634.3,636.3,641.9,634.6,636.0,639.6,656.3,639.5,635.9,634.6,0.599,0.184,-0.296,0.193,271.354,182.455,-7.699,13.098,-11.578,12.613,4.485,-1.512,-4.487,-1.444,1.975,-0.319,0.372,1.173,-0.01,-1.964,-0.813,-0.512,0.086,0.184,-0.905,-0.911,0.393,-0.335,-0.056,-0.323,0.069,-0.203,0.079,0.076,-0.114,-0.005,-0.021,0.009,-0.001,-0.01,0.22,0.38,0.0,1.36,0.0,0.0,0.13,0.0,0.0,0.39,0.0,0.0,0.0,0.0,0.0,0.0,0.0,1.0,1.0,0.0,0.0,0.0,0.0,0.0,0.0,0.0,0.0,0.0,0.0,0.0,0.0,0.0,0.0,1.0,0.0
PP133,g1,2138,0,0.975,0.218281,0.19395,-0.956419,0.069605,0.165547,-0.983743,0.147,0.183,253.1,254.8,258.1,261.0,261.8,260.2,256.8,253.9,248.5,250.8,253.9,257.4,260.7,262.9,264.3,262.2,259.3,256.2,253.1,250.4,255.9,257.1,258.6,259.3,259.0,257.7,256.3,255.5,289.4,290.7,293.5,296.1,297.0,295.7,292.9,290.0,286.1,288.3,291.1,294.3,297.0,298.6,299.4,298.2,296.4,294.0,291.1,288.2,291.7,292.8,294.0,294.6,294.2,293.1,291.9,291.3,154.6,151.6,150.8,152.6,155.9,159.1,159.7,157.9,155.4,153.9,153.1,153.1,154.2,156.1,158.4,159.2,159.1,158.8,158.1,157.0,156.5,157.3,156.9,155.6,154.2,153.4,153.7,155.0,159.8,157.0,156.1,157.7,160.9,163.7,164.6,163.2,161.5,159.7,158.6,158.4,159.4,160.8,162.8,163.9,164.3,164.2,163.6,162.9,161.6,162.3,161.9,160.6,159.3,158.6,159.0,160.2,4.1,6.5,10.8,14.7,15.8,13.7,9.1,5.2,-2.0,1.1,5.2,9.9,14.2,17.3,19.1,16.2,12.4,8.2,4.1,0.5,7.8,9.5,11.4,12.4,12.0,10.3,8.4,7.3,54.6,56.6,60.7,64.6,65.8,63.8,59.7,55.5,50.1,53.2,57.0,61.7,65.7,68.4,69.9,67.8,64.8,61.2,57.1,53.0,58.1,59.7,61.5,62.4,61.9,60.2,58.4,57.5,-43.9,-47.9,-49.0,-46.7,-42.2,-37.8,-37.1,-39.4,-43.1,-44.9,-45.7,-45.7,-44.3,-41.9,-39.0,-37.8,-37.7,-38.1,-39.1,-40.7,-41.4,-40.4,-40.9,-42.6,-44.6,-45.6,-45.1,-43.4,-38.4,-42.5,-43.9,-41.7,-37.3,-33.2,-31.9,-33.7,-36.1,-38.5,-40.1,-40.4,-39.3,-37.6,-35.0,-33.2,-32.5,-32.4,-33.1,-34.2,-36.1,-35.2,-35.8,-37.6,-39.5,-40.4,-39.8,-38.0,520.4,521.1,521.6,521.7,521.2,520.8,520.0,520.0,524.1,521.8,519.8,519.0,519.9,521.5,523.2,521.4,519.5,518.9,519.7,521.7,521.3,521.3,521.5,521.8,522.0,522.0,521.8,521.5,542.4,543.6,545.5,546.9,547.1,545.8,544.0,542.6,542.5,542.0,542.1,543.3,546.2,549.7,553.0,549.6,546.1,543.5,542.1,542.1,544.5,545.1,546.0,546.5,546.4,545.8,545.0,544.5,35.8,-8.4,649.0,0.177,-0.216,0.158,225.2,223.8,223.6,224.8,228.8,235.7,244.4,254.5,264.8,273.5,280.2,286.6,292.4,297.2,300.8,303.6,305.3,240.1,247.8,256.9,265.6,273.1,287.4,293.8,299.8,305.2,307.5,279.2,279.4,279.7,280.1,267.0,271.3,275.7,279.7,283.1,248.4,254.2,260.2,264.4,259.3,253.2,286.1,291.4,296.6,299.5,296.3,291.1,254.0,262.7,269.7,273.1,276.9,280.7,283.1,279.3,275.0,271.0,267.0,260.8,256.9,268.6,272.3,276.0,281.1,275.7,271.9,268.2,153.2,165.5,177.9,190.0,201.2,211.1,219.1,225.2,227.4,226.3,220.6,213.3,204.8,195.2,185.4,175.3,164.9,145.7,141.7,141.3,143.8,147.8,149.7,148.0,147.9,149.9,155.0,158.0,165.5,172.9,180.6,185.0,186.9,188.8,188.2,187.2,155.3,153.1,154.1,158.5,159.1,158.3,161.6,158.5,159.3,162.7,164.4,163.7,199.4,197.6,196.8,198.4,197.8,200.2,203.2,207.6,209.0,209.0,208.1,205.3,200.0,200.6,201.5,201.5,203.2,203.2,203.3,202.5,-42.8,-45.4,-46.0,-44.0,-36.9,-24.8,-9.6,7.6,25.1,40.6,53.4,66.0,77.0,85.7,92.1,97.3,100.5,-16.3,-3.6,11.2,25.2,37.3,61.4,72.9,84.2,94.7,100.1,47.7,47.5,47.5,47.5,27.4,34.5,41.5,48.3,54.2,-2.7,6.9,16.8,23.7,15.2,5.2,60.7,70.0,79.4,85.1,78.8,69.5,6.7,20.7,31.9,37.7,44.1,50.9,56.2,48.8,41.0,34.3,27.7,17.7,11.4,30.3,36.4,42.7,52.4,42.2,35.8,29.6,-59.2,-38.1,-16.7,4.3,23.9,40.8,54.3,64.1,67.9,67.0,58.5,46.5,31.4,14.0,-3.9,-22.2,-41.2,-68.7,-74.8,-74.9,-70.8,-64.1,-62.0,-65.8,-67.0,-64.4,-56.5,-48.2,-35.6,-23.3,-10.9,-4.1,-0.9,2.0,1.1,-0.6,-52.9,-56.3,-54.9,-47.7,-46.5,-47.8,-43.6,-49.0,-48.0,-42.6,-39.3,-40.2,19.7,16.4,15.1,17.8,16.9,21.1,26.6,33.4,35.4,35.1,33.6,29.0,20.6,21.4,22.8,23.1,26.5,25.9,25.8,24.4,674.3,677.2,680.5,681.8,680.0,676.5,670.2,663.1,664.5,675.6,691.7,704.1,709.3,709.2,708.5,708.8,710.1,641.2,637.0,634.3,632.0,631.5,641.3,650.3,660.3,670.4,680.2,637.7,631.2,624.2,617.8,631.2,630.8,631.2,635.2,639.8,641.4,639.5,641.1,643.1,640.7,639.2,656.9,660.2,664.9,671.7,664.9,660.1,645.6,636.8,634.1,635.9,639.1,648.7,662.6,650.0,641.7,637.9,636.3,638.4,644.1,636.7,638.1,641.9,658.3,641.8,638.0,636.7,0.597,0.178,-0.283,0.17,271.505,182.311,-9.199,20.486,-11.516,13.73,5.86,-0.37,-4.716,-1.636,1.261,-1.291,1.574,0.935,0.024,-2.058,-1.17,-0.423,0.095,-0.087,-0.796,-1.023,0.497,-0.331,-0.363,-0.441,0.149,-0.071,0.068,0.093,-0.122,-0.012,-0.025,0.008,0.001,-0.004,0.0,0.14,0.0,0.85,0.0,0.0,0.24,0.0,0.0,0.24,0.0,0.0,0.0,0.0,0.0,0.0,0.0,1.0,1.0,0.0,0.0,0.0,0.0,0.0,0.0,0.0,0.0,0.0,0.0,0.0,0.0,0.0,0.0,1.0,0.0
PP133,g1,2144,0,0.975,0.218482,0.181432,-0.958826,0.073179,0.155235,-0.985163,0.149,0.171,252.5,254.2,257.5,260.4,261.3,259.7,256.3,253.4,247.9,250.2,253.3,256.9,260.1,262.4,263.8,261.7,258.8,255.6,252.5,249.8,255.3,256.6,258.0,258.8,258.4,257.1,255.7,254.9,288.8,290.2,293.0,295.6,296.5,295.2,292.4,289.5,285.6,287.8,290.6,293.8,296.5,298.2,298.9,297.8,295.9,293.5,290.7,287.7,291.2,292.3,293.6,294.1,293.7,292.6,291.3,290.8,154.1,151.1,150.2,152.0,155.3,158.6,159.2,157.4,155.0,153.4,152.6,152.5,153.7,155.5,157.9,158.7,158.6,158.4,157.7,156.6,156.0,156.8,156.4,155.1,153.6,152.8,153.2,154.5,159.1,156.2,155.3,156.9,160.1,163.0,163.9,162.5,160.8,159.0,157.9,157.6,158.6,160.0,162.0,163.2,163.6,163.5,162.9,162.2,160.9,161.6,161.2,159.9,158.5,157.8,158.2,159.5,3.3,5.6,10.0,13.9,15.0,12.9,8.3,4.4,-2.8,0.3,4.4,9.0,13.4,16.5,18.4,15.5,11.6,7.4,3.3,-0.3,7.0,8.7,10.6,11.6,11.2,9.5,7.5,6.5,53.6,55.5,59.6,63.4,64.7,62.7,58.6,54.5,49.1,52.1,55.9,60.6,64.6,67.3,68.8,66.7,63.8,60.1,56.1,52.0,57.0,58.7,60.4,61.3,60.7,59.1,57.3,56.4,-44.2,-48.2,-49.4,-47.1,-42.6,-38.3,-37.5,-39.8,-43.4,-45.2,-46.1,-46.1,-44.7,-42.4,-39.4,-38.2,-38.1,-38.4,-39.4,-41.0,-41.8,-40.7,-41.3,-43.0,-45.0,-46.0,-45.5,-43.7,-39.1,-43.2,-44.6,-42.5,-38.1,-34.0,-32.6,-34.5,-36.8,-39.2,-40.8,-41.2,-40.2,-38.4,-35.8,-34.0,-33.2,-33.2,-33.8,-34.9,-36.9,-35.9,-36.5,-38.3,-40.3,-41.2,-40.6,-38.8,517.0,517.7,518.1,518.1,517.6,517.2,516.5,516.5,520.7,518.4,516.3,515.5,516.3,517.9,519.6,517.8,516.0,515.4,516.3,518.3,517.8,517.8,518.0,518.2,518.5,518.5,518.3,518.0,538.6,539.9,541.8,543.2,543.3,542.1,540.2,538.9,538.7,538.2,538.3,539.6,542.5,546.0,549.3,545.9,542.4,539.7,538.4,538.3,540.7,541.4,542.2,542.7,542.7,542.1,541.2,540.7,35.3,-9.0,647.4,0.161,-0.218,0.149,224.9,223.6,223.5,224.8,228.8,235.7,244.4,254.5,264.9,273.5,280.1,286.4,292.1,296.8,300.4,303.3,304.9,239.5,247.2,256.3,265.0,272.4,286.7,293.2,299.2,304.6,307.0,278.6,278.8,279.3,279.7,266.7,271.1,275.4,279.4,282.8,247.8,253.6,259.7,263.9,258.8,252.6,285.6,290.9,296.1,299.1,295.9,290.7,254.3,262.8,269.7,273.1,276.8,280.5,282.9,279.3,275.0,271.1,267.1,261.1,257.3,268.6,272.3,275.9,280.9,275.6,271.9,268.2,153.3,165.7,178.1,190.2,201.5,211.3,219.3,225.4,227.5,226.4,220.8,213.5,204.9,195.2,185.1,174.9,164.3,145.3,141.2,140.8,143.2,147.2,149.0,147.2,147.1,149.1,154.3,157.2,164.7,172.2,179.9,184.5,186.4,188.2,187.6,186.5,154.9,152.6,153.5,158.0,158.6,157.9,160.9,157.7,158.5,162.0,163.7,163.0,199.5,197.3,196.3,197.9,197.3,199.8,203.0,207.3,208.7,208.6,207.8,205.1,200.0,200.3,201.1,201.1,203.0,202.8,202.9,202.0,-43.2,-45.7,-46.0,-43.8,-36.7,-24.6,-9.6,7.6,25.2,40.5,53.1,65.5,76.3,84.8,91.2,96.5,99.6,-17.2,-4.5,10.2,24.2,36.2,60.2,71.8,83.0,93.6,99.1,46.6,46.5,46.7,46.8,27.0,34.0,41.0,47.7,53.5,-3.6,5.9,15.9,22.9,14.3,4.3,59.7,69.0,78.4,84.2,77.9,68.6,7.1,20.9,31.8,37.5,43.8,50.5,55.6,48.6,41.0,34.4,27.8,18.0,11.9,30.2,36.3,42.5,51.9,42.0,35.7,29.6,-58.9,-37.7,-16.3,4.7,24.2,41.1,54.5,64.1,67.8,67.0,58.7,46.7,31.5,13.9,-4.3,-22.9,-42.1,-69.2,-75.5,-75.7,-71.7,-65.2,-63.2,-67.0,-68.3,-65.7,-57.7,-49.4,-36.7,-24.4,-12.0,-4.9,-1.7,1.1,0.2,-1.6,-53.5,-57.1,-55.7,-48.6,-47.3,-48.4,-44.7,-50.3,-49.2,-43.8,-40.4,-41.4,19.8,15.9,14.3,16.9,16.0,20.3,26.2,32.8,34.7,34.4,33.0,28.7,20.5,20.7,22.1,22.3,26.0,25.0,25.0,23.6,673.0,675.8,678.9,680.0,678.1,674.5,668.2,661.0,662.3,673.4,689.5,702.2,707.6,707.7,707.2,707.4,708.7,640.6,636.5,633.8,631.6,631.0,640.5,649.5,659.4,669.5,679.2,637.0,630.3,623.2,616.7,629.9,629.5,629.9,633.8,638.5,640.8,639.0,640.5,642.4,640.0,638.6,655.9,659.2,664.0,670.7,663.9,659.1,643.6,634.9,632.4,634.1,637.2,646.5,660.0,647.7,639.6,636.0,634.4,636.3,642.0,634.9,636.3,640.0,655.7,639.9,636.1,634.9,0.598,0.162,-0.286,0.16,271.246,181.941,-9.897,19.343,-12.935,15.747,4.865,-0.451,-3.945,-1.307,1.341,-2.376,1.675,0.634,-0.19,-1.915,-0.731,-0.579,0.218,-0.156,-0.567,-0.91,0.452,-0.198,-0.509,-0.475,0.101,0.01,0.082,0.072,-0.123,-0.019,-0.024,-0.004,0.0,-0.004,0.13,0.33,0.0,0.82,0.0,0.0,0.0,0.0,0.0,0.45,0.0,0.0,0.0,0.0,0.0,0.0,0.0,1.0,1.0,0.0,1.0,0.0,0.0,0.0,0.0,0.0,0.0,0.0,0.0,0.0,0.0,0.0,0.0,1.0,0.0
PP133,g1,2150,0,0.975,0.224748,0.166673,-0.960056,0.085531,0.142296,-0.986122,0.158,0.157,252.5,254.2,257.5,260.5,261.4,259.8,256.4,253.4,247.9,250.3,253.3,256.9,260.2,262.5,263.9,261.8,258.9,255.7,252.6,249.9,255.4,256.7,258.1,258.8,258.4,257.2,255.7,255.0,289.0,290.3,293.1,295.7,296.7,295.3,292.6,289.6,285.7,288.0,290.8,294.0,296.6,298.3,299.0,297.9,296.1,293.7,290.8,287.9,291.3,292.5,293.7,294.2,293.8,292.7,291.5,290.9,154.4,151.4,150.5,152.2,155.5,158.8,159.4,157.7,155.3,153.7,152.9,152.8,153.9,155.7,158.1,158.9,158.9,158.7,158.0,157.0,156.3,157.0,156.6,155.3,153.9,153.1,153.5,154.8,159.4,156.5,155.6,157.2,160.4,163.2,164.1,162.7,161.1,159.2,158.1,157.9,158.8,160.3,162.3,163.4,163.8,163.7,163.2,162.4,161.1,161.8,161.4,160.2,158.8,158.1,158.5,159.7,3.3,5.6,9.9,13.8,15.0,13.0,8.4,4.5,-2.7,0.3,4.4,9.1,13.4,16.5,18.4,15.6,11.7,7.5,3.4,-0.2,7.1,8.8,10.7,11.7,11.2,9.5,7.6,6.6,53.7,55.6,59.7,63.5,64.8,62.8,58.8,54.6,49.2,52.2,56.1,60.7,64.7,67.4,68.8,66.8,63.9,60.3,56.2,52.1,57.1,58.8,60.5,61.4,60.8,59.2,57.4,56.5,-43.7,-47.7,-49.0,-46.7,-42.2,-37.8,-37.0,-39.2,-42.7,-44.7,-45.6,-45.7,-44.3,-42.0,-39.0,-37.8,-37.6,-37.9,-38.8,-40.4,-41.3,-40.3,-40.8,-42.6,-44.5,-45.5,-45.0,-43.2,-38.8,-42.8,-44.2,-42.1,-37.7,-33.6,-32.3,-34.1,-36.4,-38.9,-40.5,-40.9,-39.8,-38.0,-35.4,-33.6,-32.8,-32.8,-33.5,-34.5,-36.5,-35.5,-36.1,-37.9,-39.9,-40.8,-40.2,-38.4,515.3,516.0,516.4,516.4,515.8,515.4,514.7,514.8,519.0,516.7,514.6,513.8,514.6,516.1,517.8,516.0,514.2,513.6,514.5,516.6,516.0,516.0,516.2,516.5,516.7,516.7,516.5,516.2,537.9,539.2,541.2,542.6,542.7,541.3,539.4,538.1,537.9,537.4,537.6,539.0,541.8,545.4,548.7,545.2,541.7,539.0,537.6,537.4,540.0,540.6,541.5,542.1,542.0,541.4,540.5,540.0,35.3,-7.8,640.7,0.138,-0.239,0.151,225.0,223.7,223.6,224.8,228.5,235.1,243.5,253.9,264.6,273.3,279.8,285.9,291.6,296.3,300.0,303.1,304.9,239.5,247.1,256.2,264.9,272.3,286.9,293.3,299.3,304.6,307.1,278.6,279.1,279.7,280.2,267.2,271.6,275.9,279.8,283.1,247.8,253.6,259.7,264.1,258.9,252.7,285.7,291.0,296.3,299.1,296.0,290.8,255.1,263.7,270.3,273.8,277.5,281.1,283.3,280.0,275.8,271.9,268.0,262.0,258.2,269.3,272.9,276.5,281.4,276.3,272.6,268.9,154.0,166.2,178.5,190.4,201.7,211.8,220.3,226.8,229.3,228.5,223.2,215.9,207.1,197.1,186.6,175.9,165.0,145.7,141.4,141.1,143.4,147.2,149.1,147.3,147.2,149.4,154.6,157.3,164.9,172.3,180.1,184.9,186.9,188.6,188.0,187.0,155.3,152.8,153.7,158.2,158.9,158.2,161.1,157.9,158.8,162.3,164.0,163.2,200.7,198.2,197.1,198.6,198.0,200.6,204.0,208.2,209.5,209.4,208.6,206.0,201.1,201.1,201.8,201.9,204.0,203.6,203.6,202.8,-42.4,-44.9,-45.2,-43.2,-36.7,-25.4,-10.9,6.6,24.4,39.6,51.9,63.9,74.7,83.3,89.9,95.5,98.9,-17.0,-4.6,10.0,23.8,35.7,60.0,71.4,82.6,92.9,98.5,46.2,46.4,46.8,47.1,27.4,34.4,41.3,47.9,53.6,-3.5,5.9,15.8,22.9,14.4,4.4,59.5,68.7,78.0,83.7,77.5,68.3,8.3,22.0,32.6,38.1,44.3,50.8,55.6,49.1,41.8,35.3,28.9,19.4,13.3,30.9,36.9,42.9,52.0,42.6,36.4,30.4,-56.9,-36.3,-15.4,5.0,24.3,41.4,55.3,65.6,70.0,69.8,62.2,50.5,35.2,17.2,-1.6,-20.8,-40.6,-67.8,-74.3,-74.7,-70.7,-64.5,-62.5,-66.3,-67.5,-64.8,-56.7,-48.7,-36.2,-24.0,-11.6,-4.1,-1.0,1.8,0.8,-0.9,-52.3,-56.2,-54.9,-47.8,-46.4,-47.4,-43.9,-49.5,-48.4,-42.9,-39.6,-40.6,21.4,17.1,15.3,17.9,17.0,21.4,27.6,33.9,35.6,35.2,33.8,29.8,22.0,21.8,23.1,23.4,27.3,26.0,25.9,24.5,664.0,666.2,668.9,669.9,668.3,664.9,659.1,652.2,653.7,665.0,681.7,695.3,701.9,702.7,702.5,702.4,703.4,634.1,630.2,627.8,626.0,625.8,635.6,644.4,654.3,664.2,673.5,631.2,624.4,617.2,610.4,623.2,622.8,623.2,627.3,632.2,634.4,632.9,634.5,636.4,634.0,632.4,650.2,653.7,658.5,665.1,658.3,653.5,635.3,626.9,625.0,626.7,629.8,638.9,652.0,639.7,631.7,628.2,626.6,628.1,633.8,627.4,628.8,632.4,647.6,632.1,628.5,627.2,0.605,0.143,-0.312,0.162,271.448,182.614,-10.101,13.941,-14.875,17.693,1.138,-0.775,-3.22,0.005,2.88,-3.465,0.317,0.587,-0.642,-2.352,0.034,-1.374,0.31,-0.017,-0.498,-0.861,0.388,0.036,-0.512,-0.551,0.199,0.217,0.085,0.07,-0.129,-0.034,-0.046,-0.019,0.0,-0.006,0.0,0.02,0.0,1.31,0.0,0.0,0.0,0.0,0.0,0.0,0.0,0.0,0.0,0.0,0.0,0.0,0.0,1.0,1.0,0.0,1.0,0.0,0.0,0.0,0.0,0.0,0.0,0.0,0.0,0.0,0.0,0.0,1.0,1.0,0.0
PP133,g1,2156,0,0.975,0.220423,0.167651,-0.960889,0.080934,0.143287,-0.986366,0.154,0.158,253.1,254.8,258.0,261.0,261.9,260.4,256.9,254.0,248.5,250.8,253.8,257.4,260.7,263.0,264.5,262.3,259.4,256.2,253.1,250.4,255.9,257.2,258.6,259.4,259.0,257.7,256.3,255.5,289.6,290.9,293.7,296.4,297.3,296.0,293.2,290.3,286.4,288.6,291.4,294.7,297.3,298.9,299.7,298.6,296.8,294.4,291.5,288.6,292.0,293.1,294.4,294.9,294.5,293.3,292.1,291.6,155.3,152.3,151.4,153.1,156.4,159.7,160.3,158.6,156.3,154.7,153.8,153.7,154.7,156.6,158.9,159.8,159.8,159.6,158.9,157.9,157.2,157.9,157.5,156.2,154.7,154.0,154.4,155.7,160.1,157.1,156.2,157.8,161.0,163.9,164.8,163.5,161.8,159.9,158.8,158.5,159.5,160.9,163.0,164.1,164.5,164.4,163.9,163.1,161.8,162.5,162.1,160.8,159.4,158.7,159.1,160.4,4.0,6.3,10.6,14.5,15.7,13.7,9.1,5.2,-2.0,1.0,5.1,9.7,14.1,17.2,19.2,16.3,12.4,8.2,4.1,0.5,7.8,9.5,11.4,12.4,11.9,10.2,8.3,7.3,54.4,56.3,60.4,64.2,65.5,63.6,59.5,55.3,49.9,52.9,56.7,61.4,65.3,68.1,69.5,67.5,64.6,61.0,56.9,52.8,57.8,59.5,61.2,62.1,61.5,59.8,58.1,57.2,-42.5,-46.5,-47.7,-45.5,-41.0,-36.6,-35.8,-38.0,-41.5,-43.4,-44.4,-44.5,-43.1,-40.8,-37.8,-36.6,-36.4,-36.7,-37.6,-39.1,-40.0,-39.0,-39.6,-41.3,-43.3,-44.3,-43.8,-42.0,-37.6,-41.7,-43.2,-41.1,-36.6,-32.5,-31.2,-33.0,-35.3,-37.8,-39.4,-39.8,-38.7,-36.9,-34.3,-32.5,-31.8,-31.7,-32.4,-33.4,-35.4,-34.5,-35.1,-36.9,-38.8,-39.7,-39.1,-37.3,514.9,515.5,516.0,515.9,515.4,515.0,514.3,514.3,518.6,516.3,514.2,513.3,514.1,515.7,517.4,515.6,513.8,513.2,514.1,516.1,515.6,515.6,515.8,516.1,516.3,516.3,516.1,515.8,535.8,537.1,539.0,540.5,540.6,539.3,537.3,536.0,535.8,535.3,535.5,536.8,539.7,543.3,546.6,543.1,539.6,536.9,535.5,535.4,537.9,538.5,539.4,540.0,539.9,539.3,538.4,537.9,36.4,-6.4,641.4,0.143,-0.229,0.142,225.4,224.2,224.2,225.6,229.7,236.5,245.1,255.3,265.8,274.4,280.9,287.0,292.7,297.3,300.9,303.9,305.5,239.9,247.6,256.7,265.4,272.9,287.5,293.9,300.0,305.3,307.7,279.3,279.7,280.3,280.8,267.7,272.1,276.5,280.5,283.8,248.4,254.2,260.3,264.6,259.4,253.2,286.4,291.7,296.9,299.8,296.7,291.5,255.4,264.0,270.7,274.2,278.0,281.7,284.0,280.6,276.3,272.4,268.4,262.3,258.4,269.7,273.4,277.1,282.0,276.8,273.1,269.4,155.2,167.7,180.2,192.3,203.6,213.6,221.8,227.9,230.1,229.1,223.4,215.9,207.1,197.1,186.8,176.2,165.4,146.8,142.5,142.0,144.3,148.2,149.9,148.1,148.0,150.1,155.3,158.1,165.8,173.4,181.2,185.9,187.9,189.7,189.0,187.9,156.2,153.7,154.6,159.0,159.8,159.1,161.8,158.6,159.4,162.9,164.6,163.9,201.5,199.1,198.1,199.7,199.0,201.5,204.8,209.1,210.4,210.4,209.5,206.9,201.9,202.0,202.8,202.9,204.8,204.5,204.6,203.8,-41.9,-44.1,-44.3,-42.0,-34.9,-23.1,-8.3,8.9,26.4,41.6,54.0,66.0,76.6,85.1,91.5,96.8,99.9,-16.5,-4.0,10.8,24.7,36.7,61.0,72.5,83.7,94.1,99.6,47.4,47.5,47.9,48.1,28.3,35.3,42.3,49.0,54.8,-2.6,6.8,16.7,23.8,15.3,5.3,60.6,69.8,79.2,84.9,78.7,69.5,8.8,22.5,33.3,38.9,45.2,51.9,56.9,50.2,42.7,36.1,29.5,19.8,13.7,31.7,37.8,44.0,53.3,43.5,37.3,31.1,-55.0,-33.9,-12.5,8.2,27.7,44.5,58.0,67.7,71.5,70.9,62.8,50.7,35.2,17.3,-1.3,-20.3,-39.8,-66.2,-72.7,-73.1,-69.3,-63.0,-61.1,-65.0,-66.2,-63.7,-55.5,-47.5,-34.7,-22.3,-9.8,-2.5,0.7,3.5,2.5,0.7,-50.9,-54.8,-53.5,-46.4,-45.0,-46.0,-42.7,-48.4,-47.3,-41.9,-38.5,-39.4,22.8,18.7,17.0,19.6,18.7,22.9,28.9,35.4,37.1,36.9,35.4,31.3,23.5,23.4,24.7,24.9,28.7,27.6,27.5,26.2,665.7,668.2,671.2,672.2,670.3,666.7,660.7,653.6,655.0,666.3,682.7,695.7,701.6,701.9,701.6,701.6,702.8,634.8,630.7,628.2,626.2,625.7,635.6,644.5,654.4,664.5,674.1,631.5,624.6,617.4,610.7,623.8,623.2,623.6,627.8,632.6,634.9,633.3,634.9,636.8,634.4,632.8,650.5,653.9,658.7,665.3,658.5,653.8,636.9,628.4,626.2,628.0,631.1,640.3,653.5,641.2,633.2,629.5,627.9,629.6,635.3,628.7,630.0,633.8,649.2,633.5,629.8,628.5,0.604,0.149,-0.301,0.153,272.109,183.513,-11.967,17.585,-13.425,17.869,3.652,0.851,-4.144,-1.484,2.419,-3.132,1.422,0.393,-0.281,-2.154,-0.208,-1.036,0.293,-0.019,-0.447,-1.0,0.418,-0.131,-0.515,-0.614,0.224,0.078,0.1,0.086,-0.125,-0.023,-0.04,-0.007,0.003,-0.005,0.05,0.01,0.0,1.0,0.0,0.0,0.0,0.0,0.0,0.33,0.0,0.0,0.0,0.0,0.0,0.0,0.0,1.0,1.0,0.0,1.0,0.0,0.0,0.0,0.0,0.0,0.0,0.0,0.0,0.0,0.0,0.0,1.0,1.0,0.0
PP133,g1,2162,0,0.975,0.215485,0.19408,-0.957026,0.070033,0.166137,-0.983613,0.146,0.184,254.1,255.9,259.2,262.1,262.9,261.4,257.9,254.9,249.5,251.8,254.9,258.5,261.8,264.1,265.4,263.3,260.4,257.2,254.1,251.4,256.9,258.2,259.6,260.4,260.0,258.8,257.3,256.5,290.7,292.1,294.9,297.5,298.4,297.1,294.3,291.3,287.4,289.6,292.5,295.8,298.4,300.1,300.8,299.6,297.8,295.4,292.5,289.6,293.0,294.2,295.4,296.0,295.6,294.5,293.2,292.6,155.9,152.9,152.1,153.9,157.3,160.5,161.1,159.3,156.8,155.3,154.5,154.4,155.6,157.4,159.8,160.6,160.6,160.3,159.6,158.5,157.9,158.6,158.3,157.0,155.5,154.7,155.1,156.4,161.1,158.2,157.3,158.9,162.1,165.0,165.9,164.5,162.8,161.0,159.8,159.6,160.5,162.0,164.0,165.1,165.6,165.5,165.0,164.2,162.8,163.6,163.1,161.9,160.5,159.8,160.2,161.4,5.4,7.7,12.1,16.0,17.0,14.9,10.4,6.5,-0.7,2.4,6.5,11.2,15.5,18.5,20.4,17.5,13.7,9.5,5.4,1.8,9.1,10.8,12.7,13.7,13.2,11.6,9.6,8.6,55.7,57.6,61.7,65.5,66.8,64.8,60.7,56.5,51.1,54.2,58.0,62.7,66.7,69.4,70.8,68.8,65.8,62.2,58.1,54.1,59.1,60.7,62.5,63.4,62.8,61.2,59.4,58.5,-41.6,-45.5,-46.7,-44.4,-39.9,-35.5,-34.7,-37.1,-40.7,-42.6,-43.4,-43.4,-42.0,-39.6,-36.7,-35.5,-35.4,-35.7,-36.7,-38.3,-39.1,-38.0,-38.5,-40.3,-42.2,-43.3,-42.8,-41.0,-36.1,-40.2,-41.6,-39.5,-35.1,-31.0,-29.6,-31.4,-33.7,-36.2,-37.8,-38.2,-37.1,-35.4,-32.8,-31.0,-30.2,-30.1,-30.8,-31.9,-33.8,-32.9,-33.5,-35.3,-37.2,-38.2,-37.6,-35.8,514.1,514.8,515.3,515.3,514.8,514.4,513.6,513.6,517.8,515.5,513.4,512.6,513.5,515.1,516.8,515.0,513.2,512.5,513.4,515.4,514.9,514.9,515.1,515.4,515.6,515.6,515.4,515.1,534.0,535.3,537.2,538.6,538.8,537.6,535.7,534.3,534.1,533.6,533.7,535.0,537.9,541.5,544.8,541.4,537.9,535.2,533.8,533.7,536.2,536.8,537.6,538.2,538.1,537.5,536.6,536.1,37.3,-5.4,641.6,0.183,-0.216,0.158,226.1,224.7,224.5,225.7,229.6,236.5,245.1,255.2,265.6,274.4,281.2,287.7,293.5,298.3,302.0,305.0,306.6,240.9,248.7,257.8,266.6,274.2,288.8,295.3,301.4,306.7,309.0,280.5,280.7,281.0,281.4,268.2,272.5,276.9,280.9,284.3,249.4,255.3,261.4,265.6,260.4,254.2,287.4,292.8,298.1,301.0,297.7,292.5,255.1,263.8,270.8,274.3,278.1,281.8,284.2,280.5,276.1,272.1,268.0,261.9,258.1,269.7,273.4,277.1,282.2,276.8,273.0,269.2,154.5,167.0,179.5,191.6,203.1,213.1,221.3,227.6,229.9,228.6,222.8,215.2,206.5,196.8,186.8,176.5,165.9,147.2,143.1,142.8,145.2,149.2,151.1,149.3,149.1,151.2,156.3,159.4,167.1,174.7,182.6,186.9,188.9,190.8,190.2,189.1,156.7,154.4,155.4,159.9,160.6,159.8,162.9,159.7,160.5,163.9,165.7,165.0,201.6,199.7,199.0,200.6,200.0,202.3,205.3,209.8,211.2,211.2,210.3,207.4,202.1,202.8,203.6,203.7,205.4,205.4,205.5,204.6,-40.8,-43.4,-43.9,-42.0,-35.1,-23.2,-8.3,8.7,26.3,41.8,54.6,67.2,78.2,86.8,93.3,98.6,101.8,-14.8,-2.1,12.6,26.5,38.5,63.0,74.5,85.8,96.2,101.5,49.1,48.9,49.0,49.0,29.0,36.0,42.9,49.7,55.6,-1.0,8.5,18.4,25.3,16.8,6.8,62.1,71.4,80.8,86.6,80.3,71.0,8.4,22.2,33.4,39.0,45.4,52.2,57.4,50.1,42.4,35.7,29.1,19.2,13.2,31.7,37.8,44.1,53.7,43.5,37.2,31.0,-56.2,-35.1,-13.8,7.2,26.8,43.8,57.5,67.4,71.3,70.4,61.8,49.5,34.2,16.7,-1.3,-19.8,-38.8,-65.4,-71.5,-71.7,-67.6,-61.1,-59.0,-62.8,-64.1,-61.6,-53.8,-45.4,-32.6,-20.1,-7.6,-0.9,2.3,5.2,4.3,2.5,-49.9,-53.5,-52.0,-44.9,-43.6,-44.8,-40.9,-46.5,-45.4,-40.0,-36.7,-37.6,23.0,19.7,18.4,21.1,20.2,24.3,29.8,36.6,38.6,38.3,36.7,32.2,23.9,24.6,26.1,26.3,29.7,29.0,29.0,27.6,665.8,668.9,672.4,673.9,672.4,669.2,663.3,656.3,657.6,668.6,684.6,697.0,702.1,701.9,701.1,701.1,702.2,633.1,628.8,626.1,623.9,623.4,633.5,642.4,652.4,662.6,672.5,629.8,623.4,616.5,610.2,623.8,623.3,623.8,627.7,632.3,633.3,631.5,633.1,635.2,632.7,631.2,649.0,652.3,657.0,663.8,657.1,652.4,638.3,629.6,627.0,628.7,631.9,641.4,655.1,642.8,634.7,631.0,629.4,631.2,636.8,629.6,631.0,634.8,650.9,634.7,630.9,629.6,0.604,0.188,-0.286,0.171,272.632,184.069,-10.344,19.851,-11.943,15.421,5.751,0.226,-4.762,-2.191,1.999,-1.55,1.595,1.093,0.377,-2.076,-0.593,-0.537,0.449,0.215,-0.854,-1.088,0.429,-0.296,-0.35,-0.358,0.24,-0.105,0.094,0.102,-0.124,-0.011,-0.027,0.011,-0.001,-0.006,0.0,0.1,0.0,1.11,0.0,0.0,0.06,0.0,0.0,0.49,0.0,0.0,0.0,0.0,0.0,0.11,0.0,1.0,1.0,0.0,0.0,0.0,0.0,0.0,0.0,0.0,0.0,0.0,0.0,0.0,0.0,0.0,1.0,1.0,0.0
PP133,g1,2168,0,0.975,0.221631,0.195041,-0.955426,0.072372,0.167354,-0.983237,0.151,0.185,254.6,256.3,259.6,262.6,263.4,261.8,258.4,255.4,249.9,252.3,255.4,259.0,262.3,264.6,265.9,263.8,260.9,257.7,254.6,251.8,257.4,258.7,260.1,260.9,260.5,259.2,257.8,257.0,291.2,292.5,295.4,298.0,298.9,297.6,294.8,291.9,287.9,290.2,293.0,296.2,298.9,300.6,301.3,300.2,298.3,295.9,293.1,290.1,293.6,294.7,295.9,296.5,296.1,295.0,293.7,293.1,156.2,153.2,152.3,154.1,157.5,160.8,161.3,159.6,157.1,155.5,154.7,154.6,155.8,157.7,160.0,160.8,160.8,160.5,159.8,158.7,158.1,158.9,158.5,157.2,155.7,155.0,155.3,156.6,161.2,158.3,157.3,158.9,162.1,165.0,166.0,164.6,163.0,161.1,159.9,159.7,160.6,162.0,164.0,165.2,165.6,165.6,165.1,164.3,162.9,163.6,163.2,161.9,160.5,159.8,160.2,161.5,6.0,8.3,12.7,16.5,17.6,15.5,11.0,7.1,-0.2,3.0,7.1,11.7,16.1,19.1,21.0,18.1,14.3,10.1,6.0,2.4,9.7,11.4,13.3,14.3,13.8,12.1,10.2,9.2,56.4,58.3,62.4,66.2,67.6,65.6,61.5,57.3,51.9,54.9,58.8,63.4,67.4,70.1,71.6,69.6,66.6,63.0,58.9,54.8,59.8,61.5,63.3,64.2,63.6,61.9,60.1,59.3,-41.1,-45.1,-46.2,-43.9,-39.4,-35.1,-34.3,-36.6,-40.2,-42.1,-42.9,-43.0,-41.5,-39.2,-36.2,-35.0,-34.9,-35.3,-36.2,-37.8,-38.6,-37.6,-38.1,-39.8,-41.8,-42.8,-42.3,-40.5,-36.0,-40.1,-41.5,-39.4,-35.0,-30.9,-29.5,-31.3,-33.6,-36.1,-37.7,-38.2,-37.1,-35.4,-32.8,-31.0,-30.1,-30.1,-30.7,-31.7,-33.8,-32.8,-33.5,-35.3,-37.2,-38.1,-37.5,-35.7,512.2,512.9,513.5,513.5,513.0,512.6,511.8,511.7,515.8,513.5,511.6,510.8,511.7,513.3,515.1,513.2,511.4,510.7,511.5,513.4,513.0,513.1,513.3,513.6,513.8,513.8,513.6,513.2,534.5,535.7,537.6,539.0,539.2,538.0,536.1,534.7,534.5,534.0,534.1,535.4,538.3,541.9,545.2,541.8,538.3,535.7,534.3,534.1,536.6,537.3,538.1,538.6,538.5,537.9,537.1,536.5,38.3,-5.3,642.0,0.187,-0.224,0.157,226.3,225.0,224.8,226.0,230.0,236.9,245.7,255.9,266.3,275.0,281.7,288.1,293.9,298.7,302.4,305.3,307.0,241.3,249.2,258.4,267.2,274.8,289.2,295.7,301.7,307.1,309.5,281.0,281.3,281.7,282.1,268.9,273.3,277.6,281.6,285.0,249.8,255.7,261.8,266.1,260.9,254.7,287.9,293.3,298.6,301.5,298.2,293.0,255.8,264.5,271.6,275.0,278.9,282.6,285.0,281.3,276.9,272.9,268.9,262.7,258.8,270.5,274.2,277.9,283.0,277.6,273.8,270.0,154.8,167.1,179.5,191.5,202.8,212.7,221.0,227.3,229.5,228.3,222.5,215.1,206.5,196.9,186.8,176.5,165.9,147.4,143.4,143.2,145.6,149.6,151.4,149.5,149.2,151.2,156.3,159.6,167.3,174.9,182.7,187.1,189.1,190.8,190.2,189.1,157.0,154.7,155.6,160.2,160.8,160.0,163.0,159.7,160.5,163.9,165.8,165.1,201.6,199.8,199.0,200.6,200.0,202.3,205.2,209.7,211.2,211.2,210.3,207.5,202.2,202.9,203.7,203.7,205.3,205.4,205.5,204.6,-40.3,-42.8,-43.3,-41.3,-34.4,-22.5,-7.4,9.9,27.5,42.9,55.5,68.0,79.1,87.8,94.3,99.6,102.7,-14.1,-1.3,13.5,27.5,39.6,63.5,75.1,86.4,96.9,102.5,50.0,49.9,50.1,50.2,30.1,37.1,44.1,50.8,56.7,-0.4,9.3,19.2,26.1,17.6,7.6,63.0,72.3,81.7,87.5,81.2,71.9,9.4,23.5,34.6,40.3,46.7,53.5,58.7,51.5,43.7,37.1,30.4,20.5,14.3,33.0,39.1,45.3,55.0,44.8,38.5,32.3,-55.6,-34.8,-13.7,6.9,26.4,43.2,56.8,66.8,70.8,69.9,61.5,49.4,34.3,16.9,-1.2,-19.7,-38.9,-64.9,-70.9,-71.0,-66.9,-60.4,-58.6,-62.5,-63.9,-61.6,-53.8,-44.9,-32.3,-19.9,-7.5,-0.7,2.5,5.3,4.4,2.7,-49.5,-53.1,-51.7,-44.5,-43.2,-44.4,-40.7,-46.4,-45.4,-40.1,-36.6,-37.4,23.1,19.8,18.5,21.1,20.2,24.3,29.7,36.6,38.6,38.3,36.8,32.3,24.0,24.8,26.2,26.4,29.7,29.1,29.0,27.6,665.3,668.2,671.7,673.3,672.0,669.1,663.3,656.5,658.0,669.1,685.3,697.8,703.3,703.4,702.8,702.9,704.0,632.8,628.4,625.8,623.7,623.3,633.4,642.4,652.5,662.9,673.0,629.8,623.5,616.7,610.4,623.9,623.6,624.1,628.1,632.7,633.3,631.4,633.1,635.3,632.8,631.2,649.3,652.5,657.4,664.4,657.5,652.7,638.5,629.8,627.2,629.0,632.2,641.8,655.7,643.4,635.1,631.5,629.8,631.6,637.0,629.9,631.3,635.1,651.5,635.0,631.2,629.9,0.603,0.193,-0.296,0.171,273.218,184.13,-8.179,17.937,-11.596,14.187,6.22,-0.208,-4.304,-1.463,2.277,-1.018,1.857,1.056,0.07,-1.958,-1.053,-0.462,0.453,0.164,-0.698,-1.071,0.509,-0.357,-0.361,-0.211,0.203,-0.129,0.047,0.102,-0.124,-0.006,-0.034,0.013,-0.0,-0.007,0.0,0.0,0.0,1.23,0.0,0.0,0.01,0.0,0.0,0.55,0.0,0.0,0.0,0.0,0.0,0.0,0.0,1.0,1.0,0.0,0.0,0.0,0.0,0.0,0.0,0.0,1.0,0.0,0.0,0.0,0.0,0.0,0.0,1.0,0.0
PP133,g1,2174,0,0.975,0.221066,0.194991,-0.955567,0.071434,0.168345,-0.983136,0.15,0.185,254.2,255.9,259.2,262.2,263.0,261.5,258.0,255.0,249.5,251.9,255.0,258.6,261.9,264.2,265.5,263.4,260.5,257.4,254.2,251.5,257.0,258.3,259.7,260.5,260.1,258.8,257.4,256.6,290.9,292.2,295.0,297.7,298.6,297.3,294.5,291.5,287.6,289.8,292.6,295.9,298.5,300.2,301.0,299.8,298.0,295.6,292.7,289.8,293.2,294.4,295.6,296.2,295.8,294.6,293.4,292.8,155.9,152.9,152.0,153.8,157.1,160.4,161.0,159.2,156.8,155.2,154.4,154.3,155.5,157.3,159.7,160.5,160.5,160.2,159.5,158.4,157.8,158.6,158.2,156.9,155.4,154.6,155.0,156.3,160.8,157.8,156.9,158.5,161.7,164.6,165.5,164.2,162.5,160.6,159.5,159.2,160.1,161.5,163.5,164.7,165.2,165.1,164.6,163.8,162.5,163.2,162.7,161.5,160.1,159.4,159.8,161.1,5.5,7.8,12.1,16.0,17.1,15.1,10.5,6.6,-0.6,2.5,6.6,11.2,15.6,18.6,20.5,17.6,13.8,9.6,5.5,1.9,9.2,10.9,12.8,13.8,13.3,11.6,9.7,8.7,56.0,58.0,62.1,65.9,67.2,65.2,61.2,57.0,51.5,54.5,58.4,63.0,67.0,69.8,71.3,69.2,66.3,62.6,58.5,54.5,59.5,61.2,62.9,63.8,63.2,61.5,59.8,58.9,-41.5,-45.5,-46.7,-44.4,-39.9,-35.6,-34.8,-37.1,-40.7,-42.5,-43.4,-43.4,-42.0,-39.7,-36.8,-35.5,-35.4,-35.7,-36.7,-38.3,-39.1,-38.0,-38.6,-40.3,-42.3,-43.3,-42.8,-41.0,-36.7,-40.8,-42.2,-40.1,-35.7,-31.6,-30.2,-32.0,-34.3,-36.8,-38.4,-38.8,-37.8,-36.1,-33.6,-31.7,-30.9,-30.8,-31.4,-32.4,-34.5,-33.5,-34.2,-36.0,-37.9,-38.8,-38.2,-36.4,512.9,513.6,514.1,514.2,513.7,513.3,512.5,512.5,516.6,514.3,512.3,511.5,512.4,514.0,515.8,513.9,512.1,511.4,512.2,514.2,513.7,513.8,514.0,514.3,514.5,514.5,514.2,513.9,535.5,536.7,538.6,540.1,540.3,539.1,537.2,535.8,535.6,535.1,535.2,536.5,539.3,542.9,546.3,542.9,539.4,536.7,535.3,535.2,537.7,538.3,539.1,539.7,539.6,538.9,538.1,537.6,38.0,-6.1,642.8,0.185,-0.221,0.15,226.0,224.7,224.6,225.9,229.9,236.9,245.7,256.0,266.4,275.2,281.8,288.2,294.0,298.8,302.3,305.2,306.8,240.8,248.6,257.9,266.7,274.4,288.8,295.3,301.4,306.8,309.1,280.6,280.9,281.4,281.8,268.6,273.0,277.4,281.4,284.8,249.4,255.3,261.4,265.7,260.5,254.3,287.6,292.9,298.2,301.1,297.9,292.7,255.8,264.5,271.4,274.9,278.7,282.4,284.8,281.1,276.8,272.8,268.8,262.6,258.7,270.4,274.1,277.8,282.8,277.5,273.7,269.9,154.5,166.9,179.3,191.3,202.6,212.4,220.6,226.8,229.0,227.7,221.8,214.4,205.8,196.1,186.1,175.9,165.3,147.2,143.1,142.7,145.1,149.1,150.8,149.0,148.7,150.7,155.8,159.2,166.8,174.3,182.1,186.6,188.5,190.3,189.7,188.6,156.7,154.4,155.3,159.8,160.5,159.7,162.6,159.3,160.1,163.5,165.3,164.6,201.2,199.3,198.5,200.0,199.4,201.7,204.6,209.1,210.6,210.6,209.8,207.0,201.8,202.3,203.1,203.1,204.7,204.8,204.9,204.1,-41.0,-43.4,-43.7,-41.6,-34.6,-22.5,-7.2,10.1,27.7,43.2,55.9,68.4,79.4,87.9,94.2,99.4,102.4,-14.9,-2.2,12.6,26.7,38.9,63.1,74.6,86.0,96.5,102.0,49.5,49.4,49.6,49.7,29.8,36.8,43.8,50.5,56.4,-1.0,8.6,18.6,25.6,17.0,7.0,62.5,71.8,81.3,87.1,80.8,71.4,9.4,23.3,34.5,40.1,46.5,53.3,58.5,51.3,43.6,37.0,30.4,20.4,14.3,32.9,38.9,45.2,54.8,44.7,38.4,32.2,-56.3,-35.3,-14.2,6.5,26.0,42.8,56.3,66.1,70.0,68.9,60.3,48.1,33.0,15.5,-2.5,-20.9,-40.0,-65.4,-71.6,-71.9,-67.8,-61.3,-59.5,-63.5,-64.9,-62.6,-54.8,-45.7,-33.1,-20.8,-8.4,-1.5,1.6,4.4,3.5,1.7,-50.1,-53.6,-52.3,-45.1,-43.9,-45.0,-41.5,-47.2,-46.2,-40.9,-37.5,-38.3,22.5,19.1,17.6,20.2,19.3,23.3,28.8,35.6,37.6,37.4,36.0,31.5,23.3,23.9,25.3,25.5,28.7,28.1,28.1,26.7,666.9,669.9,673.3,674.8,673.5,670.4,664.5,657.5,659.0,670.1,686.2,698.7,704.1,704.0,703.4,703.5,704.7,634.1,629.7,626.9,624.7,624.3,634.3,643.4,653.5,663.9,674.0,630.8,624.4,617.6,611.4,624.8,624.6,625.0,629.0,633.5,634.4,632.5,634.1,636.3,633.8,632.3,650.3,653.6,658.4,665.4,658.5,653.7,639.3,630.6,627.9,629.7,632.9,642.5,656.3,644.0,635.8,632.2,630.5,632.4,637.8,630.6,632.1,635.8,652.1,635.7,632.0,630.7,0.603,0.189,-0.293,0.164,273.011,183.63,-7.288,18.953,-12.044,13.984,6.177,-0.889,-4.708,-1.606,2.16,-1.308,1.649,0.998,0.359,-1.893,-0.858,-0.541,0.369,0.092,-0.802,-1.008,0.522,-0.307,-0.367,-0.385,0.227,-0.102,0.085,0.107,-0.119,-0.012,-0.02,0.011,0.002,-0.009,0.16,0.01,0.0,0.65,0.0,0.0,0.06,0.0,0.0,0.55,0.0,0.0,0.0,0.0,0.0,0.0,0.0,1.0,1.0,0.0,0.0,0.0,0.0,0.0,0.0,0.0,0.0,0.0,0.0,0.0,0.0,0.0,0.0,1.0,0.0
PP133,g1,2180,0,0.975,0.229568,0.198043,-0.952931,0.074658,0.172825,-0.982119,0.156,0.189,254.6,256.2,259.4,262.2,263.0,261.6,258.3,255.5,250.1,252.4,255.4,258.8,261.9,264.1,265.4,263.4,260.7,257.7,254.7,252.0,257.3,258.5,259.9,260.6,260.2,259.0,257.6,256.9,290.1,291.4,294.1,296.7,297.5,296.2,293.5,290.7,287.0,289.1,291.8,294.9,297.5,299.1,299.8,298.7,296.9,294.6,291.8,289.0,292.3,293.4,294.6,295.2,294.8,293.7,292.5,292.0,157.1,154.2,153.4,155.0,158.3,161.4,162.0,160.3,157.9,156.5,155.8,155.8,156.8,158.5,160.6,161.4,161.4,161.1,160.5,159.5,158.9,159.6,159.3,158.0,156.6,155.9,156.2,157.5,162.0,159.3,158.5,160.0,163.1,165.8,166.6,165.3,163.6,162.0,161.0,160.8,161.7,163.0,164.8,165.9,166.3,166.2,165.6,164.9,163.7,164.4,164.0,162.8,161.5,160.8,161.2,162.4,6.4,8.6,13.0,16.9,18.0,16.0,11.4,7.5,0.1,3.3,7.4,12.1,16.4,19.5,21.4,18.5,14.7,10.5,6.4,2.7,10.1,11.8,13.7,14.7,14.2,12.4,10.5,9.6,58.3,60.3,64.5,68.3,69.5,67.5,63.3,59.1,53.8,56.8,60.7,65.4,69.4,72.2,73.7,71.6,68.5,64.8,60.7,56.7,61.7,63.4,65.2,66.1,65.6,63.9,62.1,61.2,-41.9,-46.0,-47.2,-44.9,-40.4,-36.0,-35.1,-37.4,-41.1,-42.8,-43.6,-43.6,-42.3,-40.1,-37.3,-36.1,-36.0,-36.2,-37.2,-38.7,-39.5,-38.5,-39.0,-40.8,-42.7,-43.7,-43.2,-41.4,-37.0,-41.1,-42.4,-40.2,-35.8,-31.7,-30.4,-32.3,-34.8,-37.1,-38.5,-38.8,-37.7,-36.0,-33.5,-31.8,-31.0,-31.0,-31.8,-32.9,-34.7,-33.7,-34.3,-36.1,-38.0,-39.0,-38.4,-36.6,538.5,539.2,539.8,540.0,539.7,539.2,538.4,538.2,542.0,539.7,537.8,537.2,538.2,540.0,541.9,539.9,538.0,537.2,537.9,539.7,539.5,539.6,539.8,540.1,540.3,540.2,539.9,539.6,567.5,568.7,570.5,571.9,572.0,570.8,569.0,567.7,567.7,567.1,567.1,568.3,571.1,574.6,578.0,574.6,571.1,568.5,567.2,567.2,569.6,570.2,571.0,571.5,571.4,570.8,570.0,569.5,38.3,-5.7,654.6,0.163,-0.231,0.152,226.2,224.9,224.6,225.7,229.8,236.9,245.8,255.9,266.2,274.9,281.6,288.0,293.7,298.3,301.7,304.4,305.9,241.6,249.0,258.0,266.6,274.1,288.6,294.8,300.6,305.7,307.9,280.3,280.6,281.0,281.5,268.5,272.8,277.1,281.0,284.3,249.9,255.7,261.5,265.6,260.6,254.8,287.0,292.1,297.1,299.9,296.8,291.8,255.8,264.4,271.3,274.8,278.5,282.1,284.4,280.8,276.6,272.7,268.8,262.6,258.7,270.3,273.9,277.5,282.5,277.2,273.6,269.8,155.8,167.9,180.0,191.8,202.9,212.6,220.5,226.6,228.8,227.6,221.9,214.7,206.3,196.8,187.0,177.0,166.9,147.7,143.5,142.9,145.1,149.1,151.0,149.2,149.2,151.3,156.3,159.9,167.2,174.3,181.8,186.5,188.4,190.1,189.6,188.5,157.8,155.8,156.6,160.7,161.4,160.6,163.6,160.8,161.7,164.8,166.4,165.7,201.0,199.0,198.2,199.8,199.2,201.5,204.5,208.9,210.3,210.3,209.4,206.7,201.5,202.1,202.9,203.0,204.6,204.6,204.7,203.9,-41.3,-43.8,-44.5,-42.5,-35.3,-22.8,-7.3,10.1,27.8,43.5,56.4,69.0,80.0,88.5,94.6,99.6,102.6,-14.0,-1.6,13.0,27.1,39.3,64.1,75.4,86.4,96.5,101.8,49.9,49.9,50.2,50.3,30.2,37.2,44.2,50.9,56.8,-0.1,9.4,19.0,25.9,17.6,7.9,62.8,71.8,81.0,86.7,80.4,71.4,9.6,23.7,34.9,40.7,47.0,53.8,58.8,51.7,44.0,37.4,30.8,20.8,14.4,33.3,39.4,45.7,55.2,45.1,38.8,32.6,-55.0,-34.2,-13.1,7.6,26.9,43.6,56.9,66.7,70.8,69.9,61.4,49.4,34.4,17.0,-1.0,-19.2,-37.9,-65.9,-72.4,-73.1,-69.2,-62.7,-60.6,-64.4,-65.5,-62.8,-54.9,-45.5,-33.2,-21.3,-9.2,-1.7,1.4,4.3,3.4,1.7,-49.1,-52.3,-51.1,-44.5,-43.2,-44.3,-40.6,-45.5,-44.4,-39.4,-36.3,-37.2,22.5,18.9,17.5,20.1,19.3,23.5,29.2,35.9,37.8,37.5,36.0,31.6,23.2,24.0,25.4,25.6,29.0,28.3,28.3,26.9,678.4,681.0,684.1,685.3,683.3,679.7,673.5,666.8,669.1,680.6,697.0,709.6,714.9,715.0,714.5,715.2,717.1,646.1,642.4,639.8,637.9,637.5,647.7,657.1,667.2,677.3,686.7,644.1,637.8,631.1,624.8,637.1,637.2,637.8,641.7,646.2,646.3,644.7,646.4,648.6,645.9,644.2,663.1,666.5,671.3,678.0,671.2,666.4,650.0,641.8,639.4,641.3,644.6,654.1,668.2,655.5,647.0,643.1,641.2,643.0,648.7,641.9,643.6,647.4,663.9,647.2,643.3,641.8,0.592,0.168,-0.304,0.164,272.764,183.946,-10.627,19.963,-13.37,10.671,5.555,-2.669,-4.934,-1.557,-0.519,0.32,-0.777,0.487,-0.177,-2.567,-0.465,-1.004,-0.851,-0.836,-1.814,-1.6,0.703,-0.784,0.208,-0.829,-0.162,0.244,-0.071,0.086,-0.12,-0.0,-0.025,0.015,0.002,-0.006,0.0,0.0,0.0,0.69,0.0,0.0,0.0,0.0,0.0,0.45,0.0,0.0,0.0,0.0,0.0,0.0,0.52,1.0,1.0,0.0,0.0,0.0,0.0,0.0,0.0,0.0,0.0,0.0,0.0,0.0,0.0,0.0,0.0,1.0,1.0
PP133,g1,2186,0,0.975,0.228061,0.187175,-0.955486,0.076212,0.164484,-0.983431,0.156,0.179,253.9,255.6,258.8,261.7,262.6,261.1,257.7,254.8,249.4,251.7,254.7,258.2,261.4,263.7,265.1,263.0,260.2,257.1,254.1,251.3,256.7,258.0,259.4,260.1,259.7,258.4,257.0,256.3,290.2,291.5,294.3,296.9,297.8,296.5,293.7,290.9,287.1,289.2,292.0,295.1,297.7,299.3,300.1,299.0,297.2,294.8,292.0,289.2,292.5,293.6,294.8,295.4,295.0,293.9,292.7,292.1,156.8,153.9,153.0,154.7,157.9,161.2,161.8,160.1,157.7,156.3,155.5,155.4,156.4,158.1,160.3,161.1,161.1,160.9,160.3,159.3,158.7,159.4,159.0,157.7,156.3,155.5,155.9,157.2,161.5,158.7,157.8,159.3,162.4,165.2,166.1,164.8,163.1,161.4,160.4,160.2,161.0,162.4,164.2,165.3,165.7,165.6,165.1,164.4,163.2,163.9,163.5,162.2,160.9,160.2,160.6,161.8,5.3,7.5,11.9,15.8,17.0,15.0,10.4,6.5,-0.9,2.2,6.3,11.0,15.4,18.5,20.5,17.6,13.8,9.6,5.5,1.8,9.1,10.8,12.7,13.7,13.1,11.4,9.5,8.5,57.3,59.3,63.4,67.3,68.6,66.6,62.4,58.2,52.8,55.8,59.7,64.4,68.4,71.2,72.7,70.6,67.6,63.9,59.8,55.8,60.8,62.5,64.3,65.2,64.6,62.9,61.1,60.2,-41.4,-45.5,-46.7,-44.5,-40.0,-35.6,-34.7,-36.9,-40.5,-42.2,-43.1,-43.2,-41.9,-39.7,-37.0,-35.7,-35.5,-35.8,-36.7,-38.2,-39.0,-38.0,-38.6,-40.3,-42.3,-43.3,-42.7,-40.9,-37.1,-41.1,-42.6,-40.4,-36.0,-31.9,-30.5,-32.4,-34.8,-37.1,-38.6,-39.0,-37.9,-36.2,-33.8,-32.0,-31.2,-31.2,-31.9,-32.9,-34.8,-33.8,-34.5,-36.3,-38.2,-39.1,-38.5,-36.7,527.4,528.1,528.7,528.8,528.4,527.9,527.1,527.0,531.0,528.7,526.7,526.0,527.0,528.7,530.5,528.6,526.7,526.0,526.7,528.6,528.3,528.4,528.6,528.9,529.1,529.0,528.8,528.5,556.4,557.7,559.5,560.9,561.0,559.8,557.9,556.7,556.6,556.0,556.1,557.3,560.1,563.6,566.9,563.5,560.1,557.5,556.1,556.1,558.5,559.1,559.9,560.4,560.4,559.8,559.0,558.5,37.9,-5.4,647.9,0.155,-0.233,0.143,226.0,224.8,224.6,225.9,230.0,237.0,245.8,256.1,266.4,275.1,281.6,287.8,293.5,298.2,301.7,304.5,306.0,240.8,248.3,257.4,266.2,273.7,288.3,294.6,300.5,305.8,308.2,280.0,280.4,281.0,281.5,268.5,272.9,277.2,281.2,284.5,249.2,255.0,261.0,265.2,260.2,254.2,287.0,292.2,297.3,300.3,297.1,292.0,256.0,264.7,271.5,275.0,278.8,282.4,284.7,281.2,277.0,273.1,269.1,262.9,259.0,270.5,274.2,277.8,282.8,277.6,273.9,270.1,156.3,168.4,180.6,192.4,203.5,213.2,221.2,227.4,229.6,228.4,222.8,215.6,207.0,197.2,187.2,176.9,166.3,147.9,143.6,143.1,145.3,149.2,150.9,149.1,148.9,151.0,156.1,159.6,167.0,174.3,181.9,186.6,188.5,190.3,189.6,188.5,157.7,155.5,156.3,160.4,161.1,160.5,163.1,160.2,161.0,164.2,165.8,165.2,201.6,199.4,198.5,200.0,199.4,201.8,204.9,209.3,210.7,210.7,209.9,207.2,202.1,202.4,203.2,203.2,204.9,204.9,205.0,204.2,-41.3,-43.5,-43.9,-41.8,-34.7,-22.4,-7.1,10.2,27.9,43.2,55.8,68.1,79.0,87.5,93.9,98.9,102.0,-15.1,-2.7,12.0,26.1,38.3,62.8,74.3,85.4,95.8,101.4,49.0,49.1,49.5,49.8,29.8,36.9,43.9,50.7,56.5,-1.3,8.2,18.0,25.1,16.6,6.9,62.3,71.3,80.6,86.4,80.1,71.0,9.9,23.8,34.9,40.6,46.9,53.7,58.8,51.8,44.2,37.6,31.0,21.1,14.8,33.3,39.4,45.6,55.1,45.2,38.9,32.6,-53.6,-32.9,-11.9,8.5,27.7,44.3,57.6,67.4,71.4,70.6,62.4,50.5,35.3,17.7,-0.6,-19.3,-38.5,-64.9,-71.4,-72.0,-68.2,-61.9,-60.0,-64.0,-65.3,-62.7,-54.8,-45.6,-33.1,-21.0,-8.8,-1.5,1.7,4.5,3.5,1.7,-48.9,-52.3,-51.2,-44.6,-43.2,-44.2,-40.9,-46.1,-45.1,-40.0,-36.8,-37.7,23.3,19.4,17.8,20.4,19.4,23.6,29.4,36.1,38.0,37.8,36.4,32.1,24.0,24.2,25.5,25.8,29.3,28.5,28.5,27.1,671.1,673.6,676.7,678.1,676.4,673.0,666.9,660.1,662.1,673.5,690.0,703.0,708.9,709.2,708.8,709.2,710.8,640.1,636.1,633.5,631.5,631.1,641.0,650.3,660.4,670.6,680.2,637.3,630.7,623.8,617.4,630.0,629.8,630.4,634.5,639.2,640.2,638.7,640.3,642.3,639.8,638.2,656.4,659.9,664.7,671.4,664.6,659.8,643.2,634.8,632.5,634.3,637.5,647.0,660.8,648.3,640.0,636.2,634.5,636.2,641.7,635.0,636.5,640.3,656.5,640.2,636.3,635.0,0.598,0.161,-0.307,0.155,272.783,184.114,-9.374,16.737,-12.839,13.278,4.966,-1.588,-4.701,-1.239,1.008,-1.424,0.598,0.197,0.168,-2.429,-0.526,-0.969,-0.567,-0.577,-1.291,-1.266,0.742,-0.417,0.177,-0.959,-0.016,0.256,0.01,0.092,-0.122,0.001,-0.024,-0.0,0.005,0.001,0.0,0.0,0.0,0.42,0.0,0.0,0.21,0.0,0.0,0.2,0.0,0.0,0.0,0.0,0.0,0.0,0.0,0.0,1.0,0.0,0.0,0.0,0.0,0.0,0.0,0.0,0.0,0.0,0.0,0.0,0.0,0.0,0.0,1.0,0.0
PP133,g1,2192,0,0.975,0.225141,0.165811,-0.960114,0.084533,0.144879,-0.985832,0.158,0.158,253.1,254.7,258.0,261.0,261.9,260.5,257.1,254.1,248.5,250.8,253.9,257.4,260.7,263.1,264.5,262.4,259.5,256.4,253.3,250.5,256.0,257.3,258.7,259.4,259.0,257.7,256.3,255.6,289.7,290.9,293.7,296.4,297.4,296.1,293.4,290.4,286.5,288.7,291.4,294.7,297.3,299.0,299.7,298.6,296.9,294.5,291.6,288.7,292.0,293.2,294.4,295.0,294.5,293.4,292.2,291.6,156.7,153.6,152.7,154.3,157.6,160.9,161.6,160.0,157.7,156.1,155.2,155.0,156.0,157.8,160.1,160.9,161.0,160.9,160.3,159.3,158.5,159.2,158.8,157.5,156.0,155.3,155.7,157.0,160.8,157.8,156.9,158.4,161.6,164.5,165.4,164.1,162.5,160.7,159.5,159.2,160.1,161.5,163.4,164.6,165.0,165.0,164.5,163.8,162.4,163.1,162.7,161.4,160.0,159.4,159.8,161.1,4.1,6.3,10.6,14.6,15.8,13.9,9.3,5.4,-1.9,1.1,5.1,9.8,14.2,17.3,19.3,16.5,12.6,8.4,4.3,0.7,7.9,9.6,11.5,12.5,11.9,10.2,8.3,7.4,54.9,56.8,60.8,64.7,66.1,64.2,60.2,56.0,50.5,53.5,57.3,61.9,65.9,68.7,70.2,68.2,65.3,61.7,57.6,53.5,58.4,60.1,61.9,62.7,62.1,60.4,58.6,57.8,-40.8,-44.9,-46.2,-44.0,-39.6,-35.2,-34.2,-36.4,-39.7,-41.7,-42.7,-42.9,-41.6,-39.4,-36.5,-35.2,-35.0,-35.2,-36.0,-37.4,-38.5,-37.5,-38.1,-39.9,-41.8,-42.8,-42.2,-40.4,-37.0,-41.1,-42.6,-40.6,-36.2,-32.1,-30.6,-32.4,-34.6,-37.1,-38.8,-39.3,-38.3,-36.5,-34.0,-32.2,-31.3,-31.2,-31.8,-32.8,-34.8,-33.9,-34.6,-36.4,-38.3,-39.2,-38.5,-36.7,516.9,517.6,518.1,518.0,517.5,517.1,516.4,516.5,520.7,518.3,516.3,515.4,516.3,517.8,519.5,517.7,515.9,515.3,516.2,518.2,517.7,517.7,517.9,518.2,518.4,518.4,518.2,517.9,540.6,541.9,543.8,545.2,545.3,544.0,542.1,540.8,540.6,540.1,540.3,541.6,544.5,548.0,551.3,547.9,544.4,541.7,540.3,540.2,542.7,543.3,544.2,544.7,544.7,544.1,543.2,542.7,37.4,-4.9,640.5,0.138,-0.237,0.124,225.3,224.3,224.5,226.1,230.3,237.3,246.1,256.7,267.3,275.9,282.2,288.1,293.5,298.0,301.4,304.2,305.7,239.7,247.3,256.4,265.2,272.7,287.5,293.9,299.8,305.2,307.7,279.4,280.0,280.7,281.4,268.4,272.9,277.3,281.2,284.6,248.4,254.2,260.3,264.7,259.5,253.4,286.5,291.7,296.9,299.9,296.8,291.6,256.5,265.1,271.8,275.3,279.1,282.8,285.1,281.8,277.7,273.8,269.7,263.6,259.6,270.9,274.6,278.2,283.1,278.0,274.3,270.6,156.8,169.2,181.6,193.6,204.8,214.7,222.9,229.0,231.1,229.9,224.2,216.7,207.8,197.7,187.3,176.7,165.8,148.3,143.8,143.2,145.4,149.2,150.7,148.7,148.4,150.4,155.5,159.1,166.7,174.2,182.0,186.9,188.8,190.5,189.8,188.6,157.6,155.1,155.9,160.2,161.0,160.5,162.6,159.3,160.0,163.4,165.2,164.6,202.7,200.2,199.0,200.5,199.8,202.1,205.4,209.7,211.2,211.3,210.5,208.1,203.1,203.0,203.7,203.6,205.4,205.3,205.5,204.7,-42.0,-43.9,-43.7,-41.1,-33.8,-21.7,-6.5,11.1,28.9,44.1,56.2,67.8,78.1,86.2,92.3,97.3,100.1,-16.6,-4.4,10.3,24.3,36.4,60.9,72.3,83.4,93.8,99.5,47.4,47.8,48.5,49.0,29.4,36.4,43.5,50.1,55.9,-2.5,6.8,16.7,23.9,15.4,5.5,60.7,69.7,79.1,84.9,78.8,69.6,10.6,24.2,34.9,40.6,46.9,53.6,58.6,52.2,44.8,38.2,31.7,21.9,15.6,33.5,39.6,45.7,55.0,45.4,39.2,33.0,-52.1,-31.2,-10.1,10.4,29.7,46.3,59.7,69.4,73.1,72.3,64.1,51.9,36.4,18.4,-0.4,-19.5,-39.1,-63.6,-70.3,-71.0,-67.4,-61.3,-59.8,-63.9,-65.4,-63.1,-55.1,-45.8,-33.2,-21.0,-8.6,-0.9,2.1,4.8,3.6,1.7,-48.4,-52.4,-51.3,-44.5,-42.9,-43.7,-41.5,-47.1,-46.3,-41.0,-37.6,-38.4,24.8,20.4,18.4,20.9,19.8,24.0,29.9,36.4,38.4,38.2,37.0,33.1,25.3,24.8,26.0,26.1,29.7,28.8,28.9,27.6,664.1,666.7,669.6,670.8,669.1,665.6,659.6,652.6,654.2,665.7,682.3,695.6,701.8,702.1,701.5,701.3,702.4,633.3,629.2,626.7,624.8,624.5,634.4,643.5,653.5,663.6,673.4,630.4,623.6,616.5,609.8,622.8,622.4,622.9,627.0,631.9,633.6,632.1,633.7,635.8,633.3,631.7,649.6,653.1,658.0,664.6,657.8,653.0,635.6,627.1,625.0,626.8,630.0,639.3,652.7,640.2,632.1,628.5,626.8,628.3,634.1,627.5,629.0,632.7,648.2,632.5,628.7,627.4,0.605,0.146,-0.311,0.135,272.698,184.41,-9.83,16.69,-13.728,17.134,2.522,0.024,-3.953,0.049,2.579,-3.409,0.756,0.018,-0.486,-2.328,0.143,-0.998,0.067,-0.133,-0.591,-0.974,0.495,-0.135,-0.564,-0.852,0.188,0.283,0.08,0.086,-0.123,-0.025,-0.043,-0.014,0.01,-0.005,0.4,0.0,0.0,1.05,0.0,0.0,0.0,0.0,0.0,0.06,0.0,0.0,0.0,0.0,0.0,0.01,0.0,1.0,1.0,0.0,1.0,0.0,0.0,0.0,0.0,0.0,0.0,0.0,0.0,0.0,0.0,0.0,0.0,1.0,0.0
PP133,g1,2198,0,0.975,0.221798,0.178043,-0.9587,0.077044,0.154926,-0.984917,0.153,0.17,252.5,254.2,257.5,260.5,261.4,259.9,256.5,253.5,247.9,250.2,253.3,256.9,260.2,262.6,264.0,261.9,259.0,255.8,252.6,249.9,255.4,256.7,258.2,258.9,258.5,257.2,255.7,255.0,289.4,290.6,293.5,296.2,297.2,295.9,293.1,290.1,286.1,288.3,291.1,294.4,297.1,298.8,299.6,298.5,296.6,294.2,291.3,288.3,291.8,293.0,294.2,294.7,294.3,293.1,291.9,291.3,156.6,153.5,152.6,154.3,157.6,161.0,161.6,159.9,157.6,156.0,155.1,154.9,156.0,157.8,160.1,161.0,161.1,160.9,160.2,159.2,158.4,159.2,158.8,157.4,156.0,155.2,155.6,157.0,160.8,157.8,156.8,158.4,161.5,164.5,165.5,164.2,162.6,160.7,159.4,159.1,160.0,161.4,163.4,164.6,165.1,165.1,164.6,163.9,162.5,163.1,162.7,161.4,160.0,159.3,159.8,161.1,3.3,5.5,9.8,13.8,15.0,13.0,8.4,4.5,-2.8,0.3,4.3,9.0,13.4,16.5,18.5,15.6,11.7,7.5,3.5,-0.2,7.1,8.8,10.7,11.7,11.1,9.4,7.5,6.5,53.6,55.5,59.5,63.4,64.8,62.9,58.8,54.6,49.2,52.1,55.9,60.5,64.6,67.3,68.8,66.9,63.9,60.3,56.2,52.1,57.1,58.8,60.5,61.4,60.7,59.0,57.3,56.5,-40.5,-44.5,-45.8,-43.6,-39.1,-34.7,-33.8,-36.0,-39.4,-41.4,-42.4,-42.5,-41.2,-38.9,-36.0,-34.7,-34.5,-34.8,-35.6,-37.1,-38.1,-37.1,-37.7,-39.4,-41.4,-42.4,-41.8,-40.0,-36.4,-40.5,-42.0,-40.0,-35.6,-31.5,-30.0,-31.8,-33.9,-36.5,-38.2,-38.7,-37.7,-36.0,-33.5,-31.6,-30.7,-30.6,-31.2,-32.1,-34.2,-33.3,-34.0,-35.8,-37.7,-38.6,-37.9,-36.1,511.1,511.8,512.3,512.3,511.8,511.3,510.6,510.7,514.9,512.5,510.5,509.7,510.5,512.1,513.8,511.9,510.1,509.5,510.4,512.4,511.9,511.9,512.1,512.4,512.6,512.6,512.4,512.1,531.7,532.9,534.8,536.3,536.4,535.2,533.3,531.9,531.7,531.2,531.3,532.7,535.5,539.1,542.4,539.0,535.5,532.8,531.4,531.3,533.8,534.4,535.3,535.8,535.8,535.1,534.3,533.7,36.0,-4.8,640.4,0.166,-0.227,0.134,224.8,223.7,223.9,225.4,229.4,236.3,245.0,255.4,265.9,274.6,281.1,287.3,292.9,297.6,301.1,304.0,305.5,239.1,246.8,256.0,264.8,272.4,287.1,293.5,299.6,305.1,307.7,278.9,279.4,280.0,280.5,267.5,271.9,276.3,280.3,283.7,247.8,253.6,259.8,264.2,259.0,252.7,286.1,291.4,296.7,299.7,296.6,291.3,255.0,263.7,270.5,274.1,277.9,281.6,284.2,280.6,276.3,272.3,268.2,262.0,258.0,269.5,273.3,277.0,282.2,276.8,273.0,269.2,156.2,168.6,181.0,193.0,204.3,214.2,222.4,228.6,230.7,229.5,223.6,216.0,207.2,197.2,186.9,176.3,165.4,148.3,144.0,143.5,145.7,149.5,151.0,149.0,148.6,150.6,155.6,159.3,167.0,174.7,182.6,187.3,189.2,190.9,190.2,189.0,157.5,155.0,155.8,160.2,161.0,160.4,162.7,159.3,159.9,163.4,165.2,164.6,202.5,200.3,199.3,200.9,200.1,202.4,205.4,209.9,211.5,211.5,210.7,208.1,203.0,203.2,203.9,203.9,205.5,205.6,205.7,204.9,-42.8,-44.8,-44.8,-42.4,-35.3,-23.4,-8.4,9.0,26.7,42.0,54.3,66.4,77.1,85.4,91.7,96.8,99.7,-17.6,-5.1,9.6,23.6,35.7,60.0,71.5,82.8,93.3,99.1,46.6,46.8,47.2,47.6,27.8,34.9,42.0,48.7,54.5,-3.6,5.9,15.9,23.0,14.5,4.4,59.9,69.1,78.5,84.4,78.2,68.9,8.2,22.0,32.9,38.6,45.0,51.8,57.1,50.2,42.6,35.9,29.3,19.4,13.1,31.4,37.5,43.8,53.4,43.4,37.1,30.9,-53.2,-32.3,-11.1,9.5,28.9,45.6,59.1,68.9,72.5,71.6,63.1,50.8,35.3,17.4,-1.2,-20.2,-39.7,-63.5,-69.9,-70.4,-66.7,-60.6,-59.1,-63.2,-64.8,-62.6,-54.8,-45.4,-32.6,-20.2,-7.6,-0.4,2.7,5.4,4.3,2.4,-48.6,-52.5,-51.3,-44.3,-42.8,-43.7,-41.2,-47.1,-46.3,-41.0,-37.4,-38.1,24.5,20.6,18.9,21.4,20.4,24.4,29.9,36.8,38.8,38.7,37.3,33.2,25.2,25.2,26.5,26.6,29.9,29.3,29.3,28.0,663.8,666.6,669.9,671.4,670.0,667.0,661.3,654.4,655.6,666.6,682.7,695.5,701.2,701.4,700.8,700.6,701.5,632.3,628.0,625.3,623.2,622.8,632.6,641.5,651.4,661.5,671.4,628.9,622.4,615.5,609.1,622.6,622.1,622.5,626.6,631.3,632.7,630.9,632.5,634.5,632.2,630.6,648.1,651.3,656.1,662.8,656.1,651.4,636.9,628.1,625.6,627.3,630.4,639.9,653.4,641.0,632.9,629.4,627.8,629.7,635.2,628.2,629.6,633.2,649.1,633.0,629.3,628.1,0.605,0.172,-0.297,0.146,271.895,184.421,-10.589,16.289,-12.32,16.438,4.513,0.874,-4.31,-1.363,2.743,-2.532,1.358,0.965,-0.239,-1.992,-0.44,-0.641,0.609,0.3,-0.526,-0.908,0.479,-0.33,-0.493,-0.498,0.206,-0.051,0.128,0.091,-0.118,-0.015,-0.02,0.001,0.004,-0.014,0.0,0.0,0.0,1.09,0.0,0.0,0.02,0.0,0.0,0.22,0.07,0.0,0.0,0.0,0.0,0.0,0.0,0.0,1.0,0.0,1.0,0.0,0.0,0.0,0.0,0.0,0.0,0.0,0.0,0.0,0.0,0.0,1.0,1.0,0.0
PP133,g1,2204,0,0.975,0.219269,0.189687,-0.957048,0.07036,0.166402,-0.983545,0.148,0.181,251.4,253.1,256.4,259.4,260.4,258.9,255.4,252.4,246.8,249.1,252.2,255.8,259.2,261.5,263.0,260.8,257.9,254.7,251.5,248.7,254.3,255.6,257.1,257.8,257.4,256.1,254.6,253.9,288.4,289.7,292.5,295.3,296.3,295.0,292.2,289.2,285.2,287.3,290.2,293.5,296.2,297.9,298.7,297.6,295.8,293.3,290.4,287.4,290.9,292.1,293.3,293.8,293.4,292.2,291.0,290.4,156.7,153.6,152.7,154.4,157.8,161.1,161.8,160.0,157.7,156.0,155.2,155.0,156.1,157.9,160.3,161.2,161.2,161.0,160.4,159.3,158.6,159.3,158.9,157.6,156.1,155.3,155.7,157.1,160.7,157.7,156.7,158.2,161.4,164.4,165.4,164.1,162.6,160.6,159.4,159.0,159.8,161.2,163.2,164.5,165.0,165.0,164.6,163.9,162.4,163.1,162.6,161.3,159.9,159.2,159.7,161.0,1.9,4.1,8.4,12.3,13.5,11.6,7.0,3.1,-4.2,-1.2,2.9,7.6,11.9,15.0,17.0,14.1,10.3,6.1,2.0,-1.6,5.6,7.3,9.2,10.2,9.7,8.0,6.1,5.1,52.0,53.8,57.9,61.8,63.2,61.3,57.3,53.1,47.6,50.5,54.3,58.9,62.9,65.7,67.3,65.3,62.4,58.7,54.6,50.6,55.5,57.2,59.0,59.8,59.1,57.4,55.7,54.9,-40.2,-44.2,-45.5,-43.3,-38.8,-34.4,-33.5,-35.8,-39.2,-41.1,-42.1,-42.3,-40.9,-38.6,-35.7,-34.4,-34.2,-34.4,-35.3,-36.8,-37.8,-36.8,-37.4,-39.1,-41.1,-42.1,-41.5,-39.7,-36.2,-40.4,-41.9,-40.0,-35.6,-31.4,-29.9,-31.6,-33.7,-36.3,-38.1,-38.6,-37.7,-36.0,-33.5,-31.6,-30.7,-30.5,-31.0,-31.9,-34.1,-33.2,-33.9,-35.7,-37.6,-38.5,-37.8,-36.0,509.2,509.9,510.4,510.3,509.9,509.4,508.7,508.8,513.0,510.6,508.6,507.7,508.6,510.2,511.9,510.0,508.2,507.7,508.5,510.5,510.0,510.0,510.2,510.5,510.7,510.7,510.5,510.2,528.5,529.7,531.6,533.0,533.2,532.1,530.2,528.8,528.6,528.1,528.2,529.5,532.3,535.9,539.2,535.8,532.4,529.7,528.3,528.2,530.7,531.3,532.1,532.7,532.6,531.9,531.1,530.6,34.4,-5.0,641.9,0.188,-0.216,0.132,223.9,222.9,223.0,224.5,228.6,235.5,244.2,254.5,265.0,273.7,280.4,286.7,292.5,297.1,300.6,303.4,304.9,238.1,245.8,254.9,263.7,271.3,286.0,292.6,298.7,304.3,306.9,277.9,278.2,278.8,279.3,266.3,270.7,275.1,279.1,282.6,246.7,252.5,258.7,263.1,257.9,251.6,285.1,290.5,295.9,298.9,295.7,290.4,253.8,262.4,269.3,272.8,276.7,280.5,283.2,279.4,275.0,271.0,266.9,260.7,256.8,268.3,272.1,275.8,281.1,275.5,271.7,267.9,156.0,168.3,180.7,192.6,203.9,213.7,221.8,227.9,230.0,228.6,222.6,215.0,206.2,196.3,186.1,175.7,164.9,148.3,144.1,143.7,146.0,149.8,151.1,149.0,148.6,150.4,155.3,159.5,167.3,175.0,183.0,187.5,189.4,191.1,190.3,189.1,157.6,155.1,155.9,160.4,161.2,160.6,162.7,159.2,159.8,163.2,165.1,164.6,202.4,200.3,199.4,200.9,200.2,202.3,205.1,209.8,211.4,211.5,210.7,208.0,202.9,203.2,204.0,203.9,205.3,205.5,205.7,205.0,-44.4,-46.4,-46.4,-44.0,-36.9,-24.9,-9.8,7.5,25.2,40.7,53.2,65.5,76.4,84.8,90.9,95.9,98.7,-19.3,-6.8,7.9,21.8,33.9,58.4,69.9,81.2,91.9,97.7,44.9,45.0,45.4,45.7,26.0,33.1,40.1,46.9,52.7,-5.4,4.1,14.2,21.3,12.7,2.6,58.3,67.5,77.0,83.0,76.7,67.3,6.2,19.9,31.0,36.8,43.2,50.2,55.6,48.5,40.7,33.9,27.2,17.3,11.0,29.5,35.7,42.0,51.9,41.5,35.1,28.9,-53.6,-32.8,-11.7,8.8,28.2,44.9,58.3,68.0,71.6,70.4,61.6,49.1,33.6,15.9,-2.4,-21.3,-40.7,-63.6,-69.8,-70.1,-66.3,-60.2,-58.9,-63.1,-64.9,-62.8,-55.3,-45.0,-32.2,-19.7,-7.1,-0.0,3.0,5.7,4.6,2.7,-48.5,-52.4,-51.2,-44.1,-42.6,-43.6,-41.2,-47.2,-46.5,-41.3,-37.6,-38.2,24.3,20.7,19.1,21.6,20.5,24.4,29.6,36.7,38.9,38.8,37.5,33.2,25.1,25.4,26.7,26.7,29.7,29.3,29.5,28.2,665.6,668.8,672.5,674.3,673.2,670.3,664.6,657.6,658.6,669.2,685.1,697.4,702.7,702.6,701.8,701.4,702.1,633.1,628.5,625.7,623.4,622.8,632.5,641.2,651.1,661.2,671.2,629.2,623.0,616.3,610.2,624.2,623.7,624.1,627.9,632.5,633.7,631.6,633.1,635.2,632.9,631.5,648.4,651.4,656.1,663.0,656.3,651.7,639.4,630.4,627.6,629.2,632.3,641.8,655.4,643.4,635.4,631.9,630.4,632.4,637.7,630.3,631.7,635.2,651.3,635.2,631.6,630.4,0.604,0.193,-0.283,0.145,270.874,184.291,-10.206,16.56,-11.986,15.492,6.011,0.593,-4.41,-1.407,2.514,-1.511,1.984,1.293,0.171,-1.941,-0.625,-0.382,0.735,0.251,-0.558,-1.108,0.35,-0.34,-0.451,-0.188,0.247,-0.186,0.12,0.086,-0.114,-0.005,-0.019,0.013,0.002,-0.011,0.09,0.0,0.0,1.01,0.0,0.0,0.0,0.0,0.0,0.19,0.0,0.0,0.0,0.0,0.0,0.0,0.0,1.0,1.0,0.0,0.0,0.0,0.0,0.0,0.0,0.0,0.0,0.0,0.0,0.0,0.0,0.0,0.0,1.0,0.0
PP133,g1,2210,0,0.975,0.217535,0.191973,-0.956987,0.067971,0.170763,-0.982965,0.146,0.185,250.6,252.3,255.6,258.6,259.6,258.1,254.6,251.6,246.0,248.3,251.4,255.0,258.4,260.8,262.2,260.1,257.2,253.9,250.8,248.0,253.5,254.9,256.3,257.0,256.6,255.3,253.8,253.1,287.8,289.0,291.9,294.6,295.7,294.5,291.7,288.6,284.6,286.7,289.5,292.8,295.6,297.4,298.2,297.1,295.2,292.8,289.8,286.8,290.3,291.5,292.7,293.3,292.8,291.6,290.3,289.8,156.7,153.6,152.6,154.3,157.7,161.0,161.8,160.1,157.8,156.1,155.2,155.0,156.0,157.8,160.2,161.1,161.2,161.0,160.4,159.4,158.5,159.3,158.9,157.5,156.0,155.3,155.7,157.1,160.2,157.2,156.1,157.6,160.8,163.8,164.9,163.6,162.1,160.2,158.8,158.4,159.2,160.6,162.5,163.8,164.4,164.5,164.1,163.4,161.9,162.5,162.0,160.7,159.3,158.7,159.1,160.5,0.8,3.0,7.3,11.3,12.5,10.6,6.0,2.1,-5.2,-2.2,1.8,6.5,10.9,14.0,16.0,13.2,9.3,5.1,1.0,-2.6,4.6,6.4,8.2,9.2,8.6,6.9,5.0,4.1,51.1,52.9,56.9,60.8,62.3,60.5,56.5,52.2,46.7,49.6,53.4,58.0,62.0,64.9,66.5,64.5,61.5,57.9,53.8,49.7,54.6,56.3,58.1,58.9,58.2,56.5,54.8,54.0,-40.1,-44.2,-45.5,-43.3,-38.9,-34.5,-33.5,-35.7,-39.0,-41.0,-42.0,-42.2,-41.0,-38.7,-35.8,-34.5,-34.2,-34.4,-35.3,-36.7,-37.8,-36.8,-37.4,-39.2,-41.1,-42.1,-41.5,-39.7,-36.9,-41.0,-42.7,-40.7,-36.4,-32.2,-30.6,-32.3,-34.3,-36.9,-38.7,-39.4,-38.5,-36.9,-34.4,-32.5,-31.5,-31.2,-31.7,-32.5,-34.8,-34.0,-34.7,-36.5,-38.4,-39.2,-38.5,-36.7,508.8,509.4,509.8,509.8,509.3,508.9,508.3,508.3,512.5,510.2,508.1,507.2,508.0,509.6,511.3,509.5,507.8,507.2,508.1,510.1,509.5,509.5,509.7,510.0,510.2,510.2,510.0,509.7,527.8,529.0,530.8,532.3,532.5,531.3,529.5,528.1,528.0,527.4,527.4,528.7,531.5,535.1,538.5,535.1,531.6,529.0,527.7,527.6,530.0,530.6,531.4,531.9,531.8,531.2,530.4,529.9,33.9,-5.6,642.6,0.193,-0.213,0.118,223.3,222.5,222.8,224.4,228.7,235.7,244.6,254.8,265.4,274.1,280.7,287.0,292.6,297.2,300.5,303.2,304.5,237.2,244.9,254.0,262.7,270.4,285.2,291.8,297.9,303.5,306.2,277.1,277.6,278.2,278.8,265.9,270.4,274.8,278.8,282.2,245.9,251.7,257.9,262.4,257.1,250.9,284.5,289.8,295.2,298.4,295.1,289.8,253.7,262.2,269.1,272.7,276.5,280.4,283.2,279.5,275.0,271.0,266.9,260.7,256.7,268.2,272.0,275.7,281.1,275.5,271.7,267.8,156.1,168.4,180.7,192.5,203.7,213.4,221.5,227.5,229.5,228.0,221.9,214.2,205.3,195.5,185.3,174.8,164.0,148.5,144.3,143.8,145.9,149.7,150.8,148.6,148.0,149.7,154.5,159.3,167.0,174.7,182.7,187.3,189.1,190.8,190.0,188.7,157.7,155.1,155.8,160.3,161.1,160.6,162.2,158.6,159.2,162.5,164.5,164.1,202.2,200.1,199.1,200.6,199.8,201.9,204.6,209.3,211.0,211.2,210.5,207.8,202.7,203.0,203.7,203.5,204.8,205.1,205.4,204.7,-45.5,-47.2,-46.9,-44.3,-36.9,-24.5,-9.2,8.2,25.9,41.4,54.0,66.2,76.8,84.9,90.8,95.5,98.0,-20.7,-8.3,6.3,20.3,32.5,57.0,68.5,79.9,90.6,96.6,43.7,44.0,44.5,45.0,25.5,32.6,39.6,46.4,52.2,-6.6,2.8,12.9,20.2,11.6,1.4,57.4,66.5,76.0,82.1,75.9,66.4,6.1,19.8,30.8,36.6,43.0,50.1,55.7,48.6,40.8,34.0,27.3,17.3,11.0,29.4,35.5,41.9,51.9,41.5,35.1,28.8,-53.6,-32.8,-11.8,8.7,28.0,44.6,57.9,67.5,70.9,69.5,60.4,47.7,32.1,14.4,-4.0,-22.9,-42.3,-63.3,-69.6,-70.0,-66.4,-60.4,-59.4,-63.9,-65.8,-64.0,-56.7,-45.4,-32.6,-20.1,-7.5,-0.3,2.6,5.2,4.0,2.0,-48.5,-52.4,-51.3,-44.3,-42.8,-43.6,-41.9,-48.1,-47.6,-42.5,-38.6,-39.1,24.1,20.4,18.7,21.1,19.9,23.6,28.7,36.0,38.4,38.4,37.1,32.9,24.8,25.0,26.2,26.1,28.8,28.7,29.0,27.7,666.7,670.1,673.9,675.9,674.9,671.9,666.2,659.1,660.0,670.6,686.4,698.6,703.8,703.5,702.4,701.8,702.3,633.8,629.1,626.1,623.7,623.1,632.6,641.2,651.0,661.0,671.1,629.5,623.3,616.7,610.7,624.9,624.4,624.7,628.6,633.0,634.4,632.3,633.6,635.7,633.6,632.2,648.7,651.7,656.3,663.2,656.6,652.0,640.4,631.2,628.3,630.0,633.0,642.5,656.2,644.2,636.3,632.8,631.3,633.4,638.7,631.2,632.5,636.0,652.0,636.0,632.4,631.3,0.603,0.197,-0.278,0.131,270.562,183.946,-8.868,16.525,-12.071,15.344,5.833,0.313,-4.427,-0.661,2.722,-1.73,1.912,1.2,0.281,-1.985,-0.89,-0.379,0.649,0.381,-0.555,-1.131,0.291,-0.236,-0.386,-0.158,0.334,-0.192,0.102,0.107,-0.122,-0.008,-0.026,0.008,0.001,-0.004,0.22,0.31,0.0,1.16,0.0,0.0,0.13,0.0,0.0,0.29,0.0,0.0,0.0,0.0,0.0,0.0,0.0,1.0,1.0,0.0,0.0,0.0,0.0,0.0,0.0,0.0,0.0,0.0,0.0,0.0,0.0,0.0,0.0,1.0,0.0
PP133,g1,2216,0,0.975,0.222579,0.183913,-0.95741,0.073256,0.16405,-0.983728,0.151,0.177,250.9,252.6,255.9,258.9,259.9,258.5,255.0,251.9,246.3,248.6,251.7,255.3,258.7,261.1,262.6,260.4,257.5,254.3,251.1,248.3,253.8,255.2,256.6,257.3,256.9,255.6,254.1,253.4,288.1,289.3,292.1,294.9,296.0,294.8,292.0,288.9,284.9,287.0,289.8,293.1,295.9,297.6,298.5,297.4,295.5,293.1,290.2,287.1,290.6,291.8,293.0,293.5,293.0,291.8,290.6,290.1,157.2,154.1,153.1,154.7,158.1,161.5,162.2,160.5,158.3,156.6,155.6,155.4,156.4,158.2,160.6,161.5,161.6,161.5,160.9,159.9,159.0,159.7,159.3,157.9,156.5,155.7,156.2,157.5,160.5,157.5,156.4,157.9,161.0,164.1,165.2,163.9,162.5,160.4,159.1,158.7,159.5,160.8,162.8,164.1,164.6,164.7,164.3,163.7,162.1,162.8,162.3,161.0,159.6,158.9,159.4,160.7,1.2,3.3,7.6,11.6,12.9,11.0,6.4,2.5,-4.8,-1.8,2.2,6.8,11.3,14.4,16.4,13.6,9.7,5.5,1.4,-2.2,5.0,6.7,8.6,9.6,9.0,7.3,5.4,4.4,51.5,53.3,57.3,61.2,62.7,61.0,56.9,52.7,47.2,50.0,53.8,58.4,62.4,65.3,66.9,64.9,62.0,58.4,54.3,50.2,55.1,56.8,58.5,59.3,58.6,56.9,55.2,54.4,-39.4,-43.5,-44.8,-42.7,-38.2,-33.8,-32.8,-35.0,-38.3,-40.3,-41.3,-41.6,-40.3,-38.1,-35.2,-33.8,-33.6,-33.7,-34.5,-36.0,-37.1,-36.1,-36.7,-38.5,-40.4,-41.4,-40.8,-39.0,-36.5,-40.7,-42.3,-40.4,-36.1,-31.9,-30.3,-31.9,-33.9,-36.5,-38.4,-39.0,-38.2,-36.6,-34.1,-32.1,-31.1,-30.9,-31.3,-32.1,-34.4,-33.6,-34.3,-36.1,-38.0,-38.9,-38.2,-36.3,507.4,508.1,508.5,508.5,508.0,507.6,506.9,507.0,511.2,508.8,506.8,505.9,506.7,508.3,510.0,508.2,506.4,505.9,506.7,508.8,508.2,508.2,508.4,508.7,508.9,508.9,508.7,508.4,528.1,529.2,531.1,532.6,532.8,531.6,529.7,528.4,528.2,527.6,527.7,529.0,531.8,535.4,538.8,535.4,531.9,529.3,527.9,527.8,530.2,530.8,531.7,532.2,532.1,531.5,530.6,530.1,34.7,-4.8,641.5,0.182,-0.222,0.113,223.6,222.8,223.1,224.8,229.1,236.1,245.0,255.4,266.0,274.7,281.1,287.3,292.9,297.4,300.7,303.4,304.7,237.5,245.1,254.2,263.0,270.6,285.5,292.0,298.1,303.7,306.5,277.4,278.0,278.7,279.4,266.5,271.0,275.4,279.4,282.8,246.2,252.0,258.2,262.7,257.5,251.2,284.9,290.1,295.5,298.6,295.5,290.1,254.5,263.0,269.9,273.4,277.2,281.1,283.8,280.2,275.9,271.9,267.8,261.6,257.5,269.0,272.7,276.4,281.8,276.3,272.5,268.7,157.0,169.3,181.5,193.3,204.4,214.1,222.1,228.1,230.1,228.6,222.6,214.9,206.1,196.1,185.8,175.2,164.3,149.0,144.8,144.2,146.3,150.0,151.1,148.8,148.2,149.9,154.7,159.6,167.3,175.0,182.9,187.7,189.5,191.1,190.3,189.0,158.2,155.6,156.3,160.7,161.6,161.1,162.5,158.9,159.4,162.7,164.8,164.4,202.9,200.7,199.6,201.0,200.2,202.3,205.0,209.7,211.4,211.5,210.8,208.3,203.3,203.5,204.1,204.0,205.2,205.4,205.7,205.0,-45.0,-46.6,-46.2,-43.4,-36.1,-23.8,-8.4,9.1,26.9,42.3,54.6,66.6,77.2,85.3,91.2,95.9,98.4,-20.3,-7.9,6.7,20.7,32.8,57.4,68.9,80.2,90.9,97.0,44.2,44.6,45.3,45.8,26.4,33.5,40.6,47.3,53.1,-6.2,3.2,13.3,20.7,12.1,1.9,57.8,66.9,76.4,82.5,76.3,66.9,7.3,21.0,31.9,37.7,44.0,51.1,56.7,49.7,42.1,35.4,28.7,18.7,12.3,30.6,36.7,43.0,52.9,42.7,36.3,30.1,-51.8,-31.2,-10.3,10.0,29.1,45.6,58.8,68.4,71.7,70.3,61.5,49.0,33.4,15.6,-3.1,-22.1,-41.7,-62.4,-68.7,-69.2,-65.7,-59.8,-59.0,-63.4,-65.4,-63.6,-56.2,-44.9,-32.1,-19.7,-7.1,0.3,3.2,5.8,4.5,2.5,-47.5,-51.6,-50.6,-43.6,-42.0,-42.7,-41.4,-47.7,-47.1,-42.0,-38.2,-38.6,25.1,21.3,19.4,21.7,20.5,24.3,29.4,36.5,38.8,38.8,37.6,33.6,25.8,25.7,26.9,26.8,29.5,29.2,29.4,28.2,664.9,668.1,671.8,673.7,672.7,669.9,664.2,657.3,658.3,669.0,684.9,697.6,703.3,703.3,702.4,701.8,702.2,632.7,628.1,625.3,623.0,622.5,632.1,640.8,650.6,660.7,670.7,628.8,622.6,615.9,609.8,623.7,623.3,623.7,627.6,632.1,633.5,631.4,632.8,635.0,632.7,631.3,648.1,651.1,655.9,662.8,656.1,651.4,638.9,629.8,627.1,628.8,631.7,641.3,654.9,642.8,634.7,631.3,629.8,631.8,637.2,629.9,631.2,634.7,650.7,634.5,631.0,629.8,0.604,0.188,-0.29,0.126,271.038,184.393,-8.274,14.932,-12.66,15.494,5.352,0.519,-4.412,-0.273,2.809,-1.972,1.83,1.305,0.196,-2.266,-0.722,-0.527,0.713,0.084,-0.346,-1.123,0.354,-0.263,-0.561,-0.201,0.277,-0.092,0.076,0.107,-0.124,-0.006,-0.026,0.001,0.001,-0.006,0.0,0.0,0.0,0.68,0.0,0.0,0.07,0.0,0.0,0.12,0.0,0.0,0.0,0.0,0.0,0.0,0.0,0.0,1.0,0.0,0.0,0.0,0.0,0.0,0.0,0.0,0.0,0.0,0.0,0.0,0.0,0.0,0.0,1.0,0.0
PP133,g1,2222,0,0.975,0.223223,0.171155,-0.959624,0.081085,0.154006,-0.984737,0.155,0.166,251.2,252.8,256.1,259.2,260.2,258.8,255.4,252.3,246.7,248.9,252.0,255.6,259.0,261.4,262.9,260.8,257.9,254.6,251.5,248.7,254.2,255.5,257.0,257.7,257.2,255.9,254.4,253.7,288.4,289.6,292.3,295.1,296.2,295.0,292.3,289.2,285.2,287.3,290.1,293.4,296.1,297.8,298.7,297.6,295.8,293.4,290.5,287.4,290.8,292.0,293.3,293.8,293.3,292.1,290.8,290.3,158.2,155.1,154.1,155.7,159.0,162.4,163.2,161.6,159.4,157.7,156.7,156.4,157.4,159.1,161.5,162.4,162.6,162.5,161.9,161.0,160.0,160.7,160.3,158.9,157.4,156.7,157.2,158.6,161.2,158.2,157.1,158.6,161.7,164.7,165.9,164.6,163.2,161.2,159.8,159.4,160.1,161.5,163.5,164.7,165.3,165.4,165.0,164.4,162.8,163.5,163.0,161.7,160.3,159.6,160.1,161.4,1.6,3.7,8.0,12.0,13.3,11.5,7.0,3.0,-4.4,-1.4,2.6,7.2,11.7,14.9,16.9,14.1,10.2,6.0,1.9,-1.7,5.5,7.2,9.1,10.0,9.4,7.7,5.8,4.9,52.0,53.7,57.7,61.6,63.2,61.5,57.5,53.2,47.7,50.5,54.3,58.9,62.9,65.7,67.3,65.4,62.5,58.9,54.8,50.7,55.6,57.3,59.0,59.8,59.1,57.4,55.6,54.9,-38.1,-42.2,-43.6,-41.5,-37.1,-32.6,-31.6,-33.7,-36.8,-38.9,-40.0,-40.3,-39.1,-37.0,-34.0,-32.7,-32.4,-32.4,-33.2,-34.6,-35.8,-34.9,-35.5,-37.3,-39.2,-40.1,-39.5,-37.7,-35.6,-39.8,-41.4,-39.6,-35.2,-31.0,-29.4,-31.0,-33.0,-35.7,-37.5,-38.2,-37.3,-35.7,-33.2,-31.3,-30.3,-30.0,-30.4,-31.2,-33.6,-32.7,-33.4,-35.3,-37.2,-38.0,-37.3,-35.4,508.2,508.9,509.3,509.2,508.7,508.3,507.7,507.7,512.0,509.7,507.5,506.6,507.4,509.0,510.7,508.9,507.1,506.6,507.5,509.6,509.0,508.9,509.1,509.4,509.6,509.6,509.4,509.2,529.4,530.6,532.5,534.0,534.1,532.9,531.0,529.7,529.4,528.9,529.0,530.3,533.2,536.8,540.2,536.7,533.3,530.6,529.2,529.1,531.5,532.2,533.0,533.5,533.5,532.8,532.0,531.4,35.6,-3.0,639.3,0.163,-0.231,0.104,224.0,223.3,223.8,225.6,229.8,236.8,245.8,256.3,267.0,275.7,281.9,287.8,293.1,297.5,300.8,303.4,304.8,237.7,245.2,254.3,263.1,270.8,285.7,292.2,298.3,303.8,306.6,277.7,278.4,279.3,280.1,267.3,271.7,276.2,280.1,283.5,246.6,252.3,258.5,263.1,257.8,251.6,285.2,290.4,295.7,298.8,295.7,290.4,255.8,264.2,270.9,274.4,278.1,281.9,284.5,281.2,277.0,273.0,269.0,262.9,258.9,270.0,273.7,277.4,282.5,277.2,273.5,269.7,158.6,170.8,183.0,194.8,205.9,215.7,223.9,230.0,231.9,230.4,224.5,216.7,207.7,197.6,187.1,176.3,165.3,150.4,145.9,145.2,147.2,150.8,151.8,149.5,148.9,150.5,155.5,160.4,168.1,175.9,183.8,188.7,190.5,192.1,191.2,189.9,159.3,156.6,157.2,161.6,162.6,162.1,163.3,159.6,160.1,163.4,165.5,165.1,204.5,202.0,200.7,202.1,201.3,203.4,206.3,210.9,212.5,212.7,212.1,209.7,204.8,204.7,205.3,205.1,206.5,206.6,206.9,206.2,-44.0,-45.5,-44.8,-41.9,-34.6,-22.5,-7.2,10.6,28.6,43.8,55.7,67.2,77.4,85.3,91.1,95.7,98.2,-19.8,-7.7,6.9,20.9,33.1,57.7,69.1,80.3,90.9,97.0,44.5,45.1,46.0,46.8,27.5,34.6,41.7,48.3,54.0,-5.6,3.7,13.8,21.2,12.7,2.5,58.2,67.1,76.6,82.7,76.6,67.2,9.4,22.8,33.4,39.1,45.3,52.2,57.6,51.1,43.7,37.1,30.5,20.8,14.4,32.1,38.1,44.3,53.9,44.1,37.9,31.7,-48.9,-28.4,-7.7,12.5,31.6,48.1,61.5,71.2,74.5,73.2,64.6,52.0,36.3,18.2,-0.7,-20.1,-39.9,-60.0,-66.7,-67.5,-64.1,-58.3,-57.6,-62.2,-64.2,-62.4,-54.9,-43.6,-30.8,-18.3,-5.7,1.9,4.8,7.3,5.9,3.8,-45.5,-49.8,-48.9,-42.0,-40.3,-40.9,-40.1,-46.4,-45.9,-40.8,-36.9,-37.3,27.6,23.3,21.1,23.4,22.2,26.0,31.4,38.3,40.5,40.6,39.5,35.8,28.2,27.5,28.6,28.5,31.5,30.9,31.1,30.0,662.0,665.1,668.6,670.4,669.4,666.5,660.9,654.1,655.2,666.2,682.4,695.5,701.5,701.7,700.7,699.9,700.2,630.9,626.3,623.6,621.5,621.1,630.7,639.5,649.3,659.4,669.4,627.2,620.8,614.0,607.7,621.5,621.0,621.5,625.5,630.2,631.6,629.7,631.2,633.3,631.1,629.6,646.5,649.7,654.5,661.4,654.7,649.9,635.7,626.8,624.4,626.2,629.1,638.4,651.8,639.8,631.9,628.5,627.0,628.6,634.0,627.2,628.5,632.0,647.5,631.8,628.3,627.1,0.606,0.173,-0.302,0.116,271.64,185.551,-8.444,13.823,-14.025,17.971,3.387,0.653,-3.775,0.618,3.57,-3.072,1.298,0.512,-0.009,-2.26,-0.005,-0.789,0.678,0.345,-0.316,-0.851,0.337,-0.13,-0.599,-0.584,0.263,0.119,0.104,0.103,-0.124,-0.019,-0.034,-0.014,0.008,-0.005,0.27,0.03,0.0,1.02,0.0,0.0,0.06,0.0,0.0,0.0,0.0,0.0,0.0,0.0,0.0,0.0,0.0,1.0,1.0,0.0,1.0,0.0,0.0,0.0,0.0,0.0,0.0,0.0,0.0,0.0,0.0,0.0,1.0,1.0,0.0
PP133,g1,2228,0,0.925,0.219065,0.177179,-0.959489,0.077338,0.160936,-0.98393,0.151,0.172,251.6,253.2,256.4,259.5,260.5,259.2,255.7,252.7,247.1,249.3,252.3,255.9,259.3,261.7,263.3,261.1,258.2,255.0,251.8,249.1,254.6,255.9,257.3,258.0,257.5,256.2,254.8,254.1,288.6,289.8,292.5,295.3,296.4,295.2,292.5,289.4,285.4,287.5,290.3,293.6,296.3,298.0,298.9,297.8,296.0,293.5,290.6,287.6,291.0,292.2,293.5,294.0,293.5,292.3,291.1,290.5,158.9,155.8,154.7,156.3,159.6,163.0,163.8,162.2,160.0,158.4,157.4,157.1,158.0,159.7,162.0,163.0,163.1,163.1,162.5,161.6,160.6,161.3,160.9,159.5,158.1,157.4,157.8,159.2,161.7,158.7,157.6,159.0,162.2,165.2,166.3,165.1,163.6,161.7,160.4,159.9,160.7,162.0,163.9,165.2,165.7,165.8,165.5,164.9,163.3,163.9,163.5,162.1,160.8,160.1,160.6,161.9,2.1,4.2,8.5,12.5,13.8,12.0,7.5,3.5,-3.9,-0.9,3.0,7.7,12.1,15.4,17.5,14.6,10.7,6.5,2.4,-1.2,6.0,7.7,9.6,10.5,9.9,8.2,6.3,5.4,52.7,54.4,58.4,62.4,63.9,62.2,58.2,53.9,48.4,51.2,55.0,59.6,63.6,66.5,68.1,66.2,63.2,59.6,55.5,51.4,56.3,58.0,59.7,60.5,59.8,58.1,56.4,55.6,-37.5,-41.6,-43.1,-41.0,-36.6,-32.1,-31.0,-33.1,-36.3,-38.3,-39.4,-39.7,-38.6,-36.4,-33.6,-32.2,-31.9,-31.9,-32.7,-34.1,-35.3,-34.3,-35.0,-36.8,-38.7,-39.6,-39.0,-37.2,-35.2,-39.4,-41.1,-39.2,-34.9,-30.6,-29.0,-30.6,-32.6,-35.2,-37.0,-37.7,-36.9,-35.3,-32.9,-30.9,-29.9,-29.7,-30.1,-30.9,-33.2,-32.3,-33.1,-34.9,-36.8,-37.6,-36.9,-35.1,512.1,512.6,513.0,513.0,512.5,512.2,511.6,511.6,515.9,513.5,511.3,510.4,511.2,512.8,514.5,512.7,511.0,510.5,511.4,513.4,512.8,512.8,512.9,513.2,513.4,513.4,513.3,513.0,533.5,534.7,536.5,538.0,538.2,537.0,535.2,533.8,533.6,533.1,533.1,534.4,537.3,540.9,544.2,540.8,537.4,534.7,533.3,533.2,535.7,536.3,537.1,537.6,537.5,536.9,536.1,535.6,36.3,-2.4,640.5,0.164,-0.224,0.096,224.3,223.7,224.3,226.2,230.5,237.7,246.7,257.2,267.9,276.5,282.8,288.6,293.9,298.1,301.3,303.9,305.1,237.9,245.3,254.5,263.4,271.1,285.9,292.4,298.5,304.0,306.7,278.0,278.7,279.6,280.4,267.6,272.1,276.6,280.5,283.9,247.0,252.6,258.8,263.4,258.2,252.0,285.4,290.6,295.9,299.1,295.9,290.6,256.3,264.7,271.3,274.8,278.6,282.4,285.0,281.7,277.5,273.6,269.5,263.4,259.4,270.5,274.2,277.9,283.0,277.7,274.0,270.2,158.9,171.2,183.5,195.4,206.6,216.4,224.5,230.5,232.3,230.7,224.5,216.6,207.5,197.4,187.0,176.3,165.4,151.0,146.5,145.7,147.7,151.3,152.3,150.0,149.3,150.9,155.8,160.9,168.6,176.3,184.2,189.1,190.9,192.5,191.5,190.2,159.9,157.3,157.9,162.1,163.1,162.7,163.7,160.2,160.7,163.8,165.9,165.5,204.8,202.3,201.1,202.4,201.6,203.6,206.5,211.1,212.8,213.0,212.4,210.1,205.1,204.9,205.5,205.3,206.7,206.9,207.2,206.6,-43.7,-45.0,-44.2,-41.1,-33.5,-21.1,-5.7,12.1,30.1,45.3,57.4,68.9,78.9,86.5,92.1,96.6,98.9,-19.6,-7.6,7.2,21.3,33.6,58.0,69.4,80.7,91.4,97.4,45.0,45.7,46.5,47.3,28.1,35.2,42.4,49.0,54.8,-4.9,4.3,14.3,21.8,13.2,3.2,58.7,67.6,77.1,83.2,77.1,67.7,10.3,23.6,34.1,39.9,46.1,53.1,58.5,52.0,44.6,38.0,31.4,21.6,15.3,32.9,39.0,45.2,54.8,45.0,38.7,32.5,-48.6,-27.8,-6.9,13.6,32.8,49.4,62.8,72.2,75.4,73.9,64.8,52.0,36.0,17.9,-0.9,-20.1,-39.7,-59.0,-66.0,-66.9,-63.4,-57.6,-56.9,-61.5,-63.6,-61.9,-54.4,-42.9,-30.1,-17.6,-5.1,2.5,5.4,7.9,6.5,4.3,-44.7,-48.8,-47.9,-41.3,-39.5,-40.0,-39.5,-45.5,-45.1,-40.1,-36.3,-36.7,28.2,23.9,21.7,24.0,22.7,26.4,31.7,38.7,41.0,41.2,40.1,36.4,28.7,28.1,29.1,28.9,31.8,31.4,31.7,30.7,664.5,667.8,671.4,673.2,672.0,669.0,663.1,656.1,657.3,668.3,684.5,697.2,702.8,702.5,701.3,700.4,700.7,632.7,627.9,624.8,622.6,622.1,631.6,640.4,650.3,660.6,670.8,628.4,622.0,615.2,608.9,622.9,622.4,622.8,626.7,631.5,633.0,631.1,632.5,634.6,632.4,631.0,647.8,651.0,655.8,662.6,655.9,651.2,637.3,628.2,625.8,627.6,630.5,639.8,653.3,641.1,633.3,629.9,628.3,630.0,635.5,628.6,629.9,633.5,648.9,633.3,629.7,628.5,0.605,0.175,-0.294,0.108,272.067,185.912,-7.381,16.376,-13.608,18.165,3.071,0.438,-4.116,0.329,3.149,-3.548,0.803,0.1,-0.233,-2.022,0.042,-0.997,0.247,0.174,-0.678,-0.845,0.475,-0.219,-0.601,-0.815,0.216,0.232,0.115,0.09,-0.123,-0.024,-0.036,-0.013,0.011,-0.008,0.23,0.0,0.0,0.71,0.0,0.0,0.0,0.0,0.0,0.64,0.0,0.0,0.0,0.0,0.0,0.01,0.0,1.0,1.0,0.0,1.0,0.0,0.0,0.0,0.0,0.0,0.0,0.0,0.0,0.0,0.0,0.0,1.0,1.0,0.0
PP133,g1,2234,0,0.975,0.218449,0.194978,-0.956171,0.068146,0.177163,-0.981819,0.147,0.19,251.9,253.5,256.7,259.8,260.8,259.4,255.9,252.9,247.3,249.5,252.6,256.2,259.5,261.9,263.4,261.3,258.4,255.2,252.0,249.3,254.8,256.1,257.5,258.2,257.8,256.5,255.0,254.3,288.9,290.2,292.9,295.7,296.8,295.6,292.8,289.8,285.7,287.9,290.6,293.9,296.6,298.4,299.3,298.2,296.3,293.9,291.0,288.0,291.4,292.6,293.8,294.3,293.9,292.7,291.4,290.9,158.6,155.5,154.5,156.1,159.4,162.8,163.6,161.9,159.6,158.0,157.1,156.9,157.8,159.6,161.8,162.8,162.9,162.8,162.2,161.2,160.4,161.1,160.6,159.3,157.8,157.1,157.6,158.9,161.7,158.7,157.6,159.0,162.2,165.2,166.3,165.1,163.6,161.7,160.4,160.0,160.7,162.0,163.9,165.1,165.7,165.8,165.4,164.8,163.3,163.9,163.4,162.1,160.8,160.1,160.6,161.9,2.4,4.5,8.9,12.8,14.2,12.3,7.7,3.8,-3.6,-0.6,3.4,8.1,12.5,15.7,17.7,14.9,11.0,6.8,2.7,-1.0,6.3,8.0,9.9,10.8,10.2,8.5,6.6,5.7,53.3,55.0,59.1,63.0,64.5,62.7,58.7,54.4,48.9,51.8,55.5,60.2,64.2,67.1,68.8,66.8,63.8,60.1,56.0,51.9,56.8,58.6,60.3,61.1,60.4,58.7,56.9,56.2,-38.0,-42.1,-43.5,-41.3,-36.9,-32.4,-31.4,-33.6,-36.8,-38.8,-39.8,-40.1,-38.9,-36.7,-33.9,-32.5,-32.2,-32.4,-33.2,-34.6,-35.7,-34.7,-35.3,-37.1,-39.1,-40.0,-39.4,-37.6,-35.3,-39.5,-41.1,-39.2,-34.9,-30.7,-29.1,-30.7,-32.7,-35.3,-37.1,-37.7,-36.9,-35.4,-33.0,-31.0,-30.0,-29.7,-30.2,-31.0,-33.3,-32.4,-33.1,-35.0,-36.9,-37.7,-37.0,-35.1,512.7,513.3,513.7,513.8,513.3,513.0,512.3,512.3,516.5,514.1,512.0,511.2,512.0,513.6,515.4,513.6,511.8,511.2,512.0,514.0,513.5,513.5,513.7,514.0,514.2,514.2,514.0,513.7,534.3,535.4,537.2,538.6,538.9,537.8,536.0,534.6,534.5,533.9,533.9,535.1,537.9,541.5,544.9,541.5,538.1,535.5,534.1,534.1,536.4,537.1,537.8,538.3,538.2,537.6,536.8,536.3,36.2,-3.1,642.9,0.19,-0.217,0.11,224.6,223.8,224.2,225.9,230.1,237.1,246.0,256.3,266.9,275.6,282.1,288.3,293.9,298.3,301.6,304.3,305.6,238.2,245.7,254.8,263.7,271.4,286.3,292.8,299.0,304.6,307.3,278.2,278.8,279.5,280.1,267.3,271.8,276.2,280.2,283.6,247.1,252.9,259.1,263.6,258.4,252.2,285.7,291.0,296.3,299.5,296.2,290.9,255.4,263.9,270.7,274.2,278.1,282.0,284.7,281.1,276.7,272.7,268.6,262.4,258.4,269.8,273.5,277.3,282.6,277.1,273.3,269.4,158.0,170.2,182.3,194.1,205.2,215.0,223.1,229.2,231.1,229.5,223.3,215.5,206.6,196.7,186.4,175.8,164.9,150.5,146.1,145.5,147.5,151.2,152.2,149.9,149.3,150.9,155.6,160.9,168.6,176.3,184.2,188.8,190.7,192.3,191.4,190.1,159.6,157.1,157.7,161.9,162.9,162.4,163.7,160.2,160.7,163.8,165.9,165.5,203.9,201.8,200.7,202.1,201.3,203.3,206.0,210.7,212.5,212.7,212.0,209.4,204.3,204.5,205.2,205.0,206.2,206.5,206.8,206.2,-43.3,-44.9,-44.5,-41.8,-34.4,-22.2,-6.9,10.7,28.5,44.0,56.5,68.6,79.1,87.2,93.0,97.6,100.1,-19.1,-6.9,7.7,21.8,34.1,58.8,70.4,81.7,92.4,98.5,45.5,46.0,46.6,47.1,27.7,34.9,42.0,48.7,54.6,-4.7,4.7,14.7,22.1,13.6,3.5,59.3,68.4,77.8,84.0,77.8,68.4,8.8,22.4,33.3,39.1,45.5,52.6,58.2,51.3,43.6,36.8,30.1,20.1,13.8,31.9,38.1,44.5,54.5,44.2,37.7,31.4,-50.3,-29.7,-8.9,11.4,30.6,47.2,60.7,70.4,73.8,72.2,63.0,50.2,34.5,16.5,-2.1,-21.1,-40.6,-60.1,-66.6,-67.3,-63.8,-57.9,-57.2,-61.7,-63.8,-62.0,-54.8,-42.9,-30.2,-17.7,-5.1,2.1,5.1,7.6,6.3,4.2,-45.4,-49.3,-48.3,-41.6,-40.0,-40.6,-39.6,-45.6,-45.1,-40.2,-36.4,-36.8,26.9,23.1,21.2,23.6,22.3,26.0,31.0,38.3,40.7,40.8,39.6,35.6,27.6,27.6,28.7,28.6,31.2,31.0,31.3,30.2,666.0,669.4,673.4,675.5,674.6,672.0,666.4,659.5,660.6,671.3,687.1,699.5,704.8,704.5,703.3,702.5,702.9,634.0,629.1,626.0,623.7,623.1,632.7,641.4,651.2,661.4,671.5,629.7,623.6,617.1,611.2,625.2,624.8,625.2,629.1,633.6,634.4,632.3,633.8,635.9,633.7,632.3,649.0,652.0,656.7,663.5,657.0,652.3,640.5,631.4,628.6,630.3,633.3,642.7,656.5,644.5,636.5,633.1,631.6,633.5,638.8,631.5,632.8,636.4,652.2,636.2,632.7,631.5,0.603,0.199,-0.286,0.124,271.896,185.459,-8.305,15.11,-12.563,15.547,4.96,-0.032,-4.876,-0.771,2.716,-2.179,0.973,0.841,0.358,-1.883,-0.464,-0.71,0.318,0.238,-0.919,-1.191,0.476,-0.511,-0.299,-0.609,0.164,-0.009,0.101,0.111,-0.116,-0.007,-0.016,0.005,0.005,-0.013,0.0,0.0,0.0,0.42,0.0,0.0,0.16,0.0,0.0,0.27,0.0,0.0,0.0,0.0,0.0,0.0,0.0,0.0,1.0,0.0,1.0,0.0,0.0,0.0,0.0,0.0,0.0,0.0,0.0,0.0,0.0,0.0,0.0,1.0,0.0
PP133,g1,2240,0,0.975,0.217821,0.200848,-0.955099,0.063529,0.182897,-0.981077,0.144,0.196,252.0,253.6,256.9,259.9,260.9,259.5,256.0,253.0,247.4,249.7,252.8,256.3,259.7,262.1,263.6,261.4,258.6,255.4,252.2,249.4,254.9,256.2,257.7,258.4,257.9,256.6,255.2,254.5,289.1,290.3,293.1,295.9,297.0,295.8,293.0,289.9,285.9,288.0,290.8,294.1,296.8,298.6,299.5,298.4,296.5,294.1,291.1,288.1,291.6,292.8,294.0,294.5,294.0,292.8,291.6,291.1,158.4,155.3,154.3,156.0,159.3,162.7,163.4,161.8,159.5,157.9,157.0,156.7,157.7,159.4,161.7,162.6,162.8,162.6,162.1,161.1,160.2,160.9,160.5,159.1,157.7,157.0,157.4,158.8,161.5,158.5,157.3,158.8,161.9,164.9,166.1,164.8,163.4,161.4,160.1,159.7,160.4,161.7,163.6,164.9,165.5,165.6,165.2,164.6,163.0,163.7,163.2,161.9,160.5,159.9,160.3,161.7,2.6,4.8,9.1,13.1,14.4,12.5,7.9,4.0,-3.4,-0.4,3.6,8.3,12.7,15.9,17.9,15.1,11.2,7.0,2.9,-0.8,6.5,8.2,10.1,11.0,10.5,8.7,6.8,5.9,53.5,55.3,59.3,63.2,64.8,63.0,59.0,54.7,49.1,52.0,55.8,60.4,64.5,67.4,69.0,67.0,64.0,60.4,56.2,52.1,57.1,58.8,60.6,61.3,60.7,58.9,57.2,56.4,-38.2,-42.3,-43.6,-41.5,-37.1,-32.6,-31.6,-33.8,-37.1,-39.0,-40.0,-40.3,-39.1,-36.9,-34.1,-32.7,-32.4,-32.6,-33.4,-34.8,-35.9,-34.9,-35.5,-37.3,-39.2,-40.2,-39.6,-37.8,-35.6,-39.8,-41.5,-39.6,-35.3,-31.1,-29.4,-31.0,-33.0,-35.6,-37.4,-38.1,-37.3,-35.8,-33.4,-31.4,-30.4,-30.0,-30.5,-31.3,-33.6,-32.8,-33.5,-35.3,-37.2,-38.0,-37.3,-35.5,512.7,513.3,513.8,513.8,513.4,513.0,512.3,512.3,516.4,514.1,512.0,511.2,512.0,513.7,515.4,513.6,511.8,511.2,512.0,514.0,513.5,513.5,513.7,514.0,514.2,514.2,514.0,513.7,534.2,535.3,537.0,538.5,538.8,537.7,535.9,534.6,534.4,533.8,533.8,535.0,537.8,541.4,544.8,541.4,538.0,535.4,534.1,534.0,536.3,537.0,537.7,538.2,538.1,537.5,536.7,536.2,36.5,-3.7,645.2,0.202,-0.212,0.11,224.8,224.1,224.4,226.1,230.3,237.4,246.2,256.5,267.0,275.8,282.3,288.6,294.2,298.7,302.1,304.6,306.0,238.5,246.0,255.0,263.8,271.6,286.4,292.9,299.1,304.7,307.5,278.4,278.9,279.5,280.1,267.4,271.9,276.3,280.3,283.7,247.3,253.1,259.2,263.7,258.5,252.3,285.9,291.1,296.5,299.7,296.4,291.1,255.5,263.9,270.8,274.3,278.1,282.1,284.8,281.1,276.7,272.7,268.6,262.4,258.5,269.8,273.6,277.4,282.8,277.1,273.3,269.5,157.8,169.9,181.9,193.6,204.6,214.3,222.3,228.3,230.3,228.6,222.4,214.7,205.8,196.0,185.8,175.2,164.5,150.3,146.0,145.4,147.5,151.1,152.1,149.8,149.0,150.6,155.3,160.8,168.5,176.2,184.0,188.6,190.4,192.0,191.2,189.9,159.4,156.9,157.6,161.8,162.7,162.3,163.5,159.9,160.4,163.5,165.6,165.2,203.5,201.4,200.3,201.8,200.9,202.9,205.5,210.3,212.1,212.3,211.7,209.1,203.9,204.2,204.8,204.7,205.7,206.3,206.5,205.9,-43.1,-44.6,-44.2,-41.5,-34.1,-21.8,-6.4,11.1,28.9,44.4,57.1,69.4,80.1,88.2,94.0,98.6,101.0,-18.8,-6.5,8.1,22.2,34.5,59.1,70.7,82.0,92.8,99.1,45.9,46.2,46.8,47.3,28.0,35.1,42.2,49.0,54.9,-4.4,5.0,15.0,22.4,13.9,3.8,59.8,68.8,78.3,84.5,78.3,68.8,9.0,22.6,33.5,39.4,45.8,53.0,58.7,51.6,43.7,36.9,30.2,20.2,14.0,32.2,38.4,44.8,54.9,44.4,37.9,31.6,-50.9,-30.3,-9.6,10.6,29.7,46.2,59.6,69.3,72.7,71.0,61.7,48.8,33.2,15.4,-3.1,-22.1,-41.6,-60.6,-67.0,-67.6,-64.1,-58.2,-57.5,-62.1,-64.3,-62.6,-55.5,-43.2,-30.4,-18.0,-5.4,1.8,4.7,7.2,5.9,3.8,-45.8,-49.7,-48.7,-41.9,-40.3,-41.0,-40.0,-46.1,-45.7,-40.8,-36.9,-37.3,26.3,22.6,20.8,23.1,21.8,25.4,30.3,37.8,40.3,40.4,39.3,35.1,27.0,27.1,28.2,28.1,30.5,30.7,31.0,29.8,668.2,671.7,675.8,678.1,677.5,674.9,669.4,662.6,663.6,674.1,689.7,701.9,707.1,706.8,705.6,704.8,705.1,635.8,630.8,627.7,625.3,624.8,634.3,642.8,652.6,662.7,672.7,631.4,625.5,619.2,613.4,627.6,627.2,627.6,631.4,635.7,636.4,634.2,635.5,637.7,635.6,634.3,650.6,653.5,658.2,665.1,658.6,654.0,643.2,634.1,631.2,632.8,635.7,645.3,659.0,647.3,639.4,636.1,634.6,636.5,641.6,634.1,635.4,638.9,654.9,638.9,635.5,634.3,0.601,0.209,-0.281,0.124,272.045,185.106,-8.341,14.612,-12.338,14.489,6.009,-0.585,-4.396,-0.838,2.61,-1.493,1.441,1.122,0.637,-1.9,-0.769,-0.625,0.452,0.11,-0.858,-1.178,0.416,-0.525,-0.262,-0.422,0.238,-0.078,0.069,0.101,-0.112,-0.003,-0.02,0.017,0.005,-0.004,0.11,0.0,0.0,0.5,0.0,0.0,0.05,0.0,0.0,0.25,0.0,0.0,0.0,0.0,0.0,0.0,0.0,0.0,1.0,0.0,1.0,0.0,0.0,0.0,0.0,0.0,0.0,0.0,0.0,0.0,0.0,0.0,0.0,1.0,0.0
PP133,g1,2246,0,0.975,0.219906,0.197833,-0.95525,0.064053,0.180777,-0.981436,0.146,0.193,251.8,253.4,256.7,259.7,260.8,259.4,255.9,252.8,247.2,249.5,252.5,256.1,259.5,261.9,263.4,261.3,258.4,255.2,252.0,249.2,254.7,256.1,257.5,258.2,257.8,256.4,255.0,254.3,289.0,290.2,293.0,295.8,296.9,295.7,292.9,289.9,285.8,287.9,290.7,294.0,296.7,298.5,299.4,298.3,296.4,294.0,291.1,288.1,291.5,292.7,293.9,294.4,293.9,292.7,291.5,291.0,158.8,155.7,154.7,156.3,159.6,163.0,163.8,162.2,159.9,158.3,157.3,157.1,158.0,159.8,162.0,163.0,163.1,163.0,162.5,161.5,160.6,161.3,160.9,159.5,158.0,157.3,157.8,159.1,161.6,158.6,157.5,158.9,162.1,165.1,166.2,165.0,163.6,161.6,160.3,159.8,160.5,161.8,163.7,165.0,165.6,165.7,165.4,164.8,163.2,163.8,163.3,162.0,160.6,160.0,160.5,161.8,2.4,4.5,8.8,12.8,14.1,12.2,7.7,3.7,-3.7,-0.7,3.3,8.0,12.4,15.6,17.6,14.8,11.0,6.8,2.6,-1.0,6.2,7.9,9.8,10.7,10.2,8.4,6.5,5.6,53.3,55.0,59.0,63.0,64.5,62.8,58.8,54.4,48.9,51.7,55.5,60.1,64.2,67.1,68.8,66.8,63.8,60.2,56.0,51.9,56.9,58.6,60.3,61.1,60.4,58.7,56.9,56.2,-37.5,-41.6,-43.0,-40.9,-36.4,-32.0,-30.9,-33.1,-36.3,-38.3,-39.3,-39.6,-38.4,-36.3,-33.5,-32.1,-31.8,-31.9,-32.7,-34.1,-35.2,-34.3,-34.9,-36.7,-38.6,-39.5,-38.9,-37.1,-35.3,-39.5,-41.2,-39.3,-35.0,-30.8,-29.1,-30.7,-32.7,-35.3,-37.1,-37.8,-37.0,-35.5,-33.2,-31.1,-30.1,-29.8,-30.2,-31.0,-33.3,-32.5,-33.2,-35.1,-36.9,-37.7,-37.0,-35.2,510.3,511.0,511.4,511.4,511.0,510.7,510.0,509.9,514.1,511.7,509.6,508.8,509.7,511.3,513.1,511.3,509.5,508.9,509.7,511.7,511.2,511.2,511.4,511.7,511.8,511.8,511.6,511.3,533.2,534.3,536.0,537.5,537.7,536.7,534.9,533.6,533.4,532.8,532.8,533.9,536.8,540.4,543.7,540.4,537.0,534.4,533.1,533.0,535.3,536.0,536.7,537.2,537.1,536.5,535.7,535.2,36.6,-3.4,645.2,0.199,-0.214,0.104,224.6,224.0,224.5,226.2,230.5,237.7,246.6,256.9,267.4,276.1,282.6,288.8,294.4,298.8,302.1,304.6,305.8,238.1,245.5,254.7,263.6,271.4,286.2,292.8,299.0,304.6,307.4,278.3,278.8,279.6,280.2,267.5,272.0,276.4,280.4,283.8,247.1,252.9,259.1,263.6,258.4,252.1,285.8,291.0,296.4,299.6,296.4,291.0,255.7,264.1,271.0,274.5,278.3,282.3,285.0,281.4,277.0,273.0,268.9,262.7,258.7,270.1,273.8,277.6,283.0,277.4,273.6,269.8,158.2,170.3,182.4,194.0,204.9,214.5,222.4,228.4,230.2,228.5,222.4,214.7,205.9,196.1,185.8,175.3,164.5,150.8,146.5,145.8,147.8,151.4,152.3,149.9,149.2,150.7,155.4,161.1,168.7,176.3,184.2,188.9,190.6,192.1,191.3,190.0,159.8,157.3,157.9,162.1,163.1,162.7,163.7,160.1,160.5,163.6,165.7,165.4,203.8,201.7,200.6,202.0,201.1,203.0,205.6,210.4,212.2,212.4,211.8,209.2,204.2,204.4,205.0,204.8,205.8,206.3,206.6,206.0,-43.5,-44.8,-44.2,-41.3,-33.8,-21.3,-5.8,11.7,29.6,45.0,57.5,69.7,80.4,88.4,94.1,98.6,100.9,-19.4,-7.2,7.5,21.8,34.3,58.8,70.4,81.8,92.7,99.0,45.7,46.2,46.8,47.5,28.2,35.3,42.4,49.2,55.1,-4.8,4.7,14.7,22.2,13.6,3.5,59.6,68.6,78.2,84.5,78.2,68.7,9.4,23.0,33.9,39.7,46.1,53.3,59.1,52.0,44.2,37.5,30.8,20.7,14.4,32.6,38.8,45.1,55.3,44.8,38.4,32.1,-50.1,-29.6,-8.9,11.3,30.3,46.6,59.7,69.3,72.6,70.8,61.6,48.9,33.3,15.5,-3.1,-22.0,-41.5,-59.8,-66.3,-67.0,-63.6,-57.7,-57.1,-61.8,-64.1,-62.4,-55.3,-42.7,-30.1,-17.7,-5.2,2.2,5.0,7.5,6.1,4.0,-45.1,-49.0,-48.2,-41.4,-39.7,-40.3,-39.7,-45.9,-45.5,-40.7,-36.7,-37.0,26.8,23.0,21.1,23.4,22.1,25.7,30.5,37.9,40.4,40.6,39.4,35.4,27.4,27.4,28.5,28.3,30.7,30.7,31.1,30.0,668.6,672.0,676.0,678.2,677.6,675.0,669.4,662.6,663.6,674.2,689.9,702.2,707.5,707.2,706.2,705.5,706.0,636.2,631.0,627.7,625.2,624.5,634.1,642.8,652.7,663.0,673.4,631.3,625.4,619.0,613.1,627.4,627.0,627.5,631.3,635.6,636.6,634.3,635.7,637.9,635.7,634.4,650.7,653.7,658.4,665.4,658.8,654.1,643.2,634.0,631.0,632.7,635.5,645.1,659.1,647.2,639.2,635.9,634.4,636.4,641.5,634.0,635.3,638.7,654.9,638.7,635.2,634.1,0.601,0.206,-0.284,0.118,272.108,185.295,-5.936,14.263,-12.147,14.511,6.696,-0.779,-4.859,-0.53,2.88,-1.56,1.12,1.039,0.66,-1.881,-0.902,-0.57,0.447,-0.025,-0.881,-1.194,0.523,-0.569,-0.257,-0.402,0.234,-0.078,0.048,0.108,-0.116,0.001,-0.022,0.012,-0.0,-0.008,0.0,0.0,0.0,0.67,0.0,0.0,0.16,0.0,0.0,0.2,0.0,0.0,0.0,0.0,0.0,0.0,0.0,0.0,1.0,0.0,1.0,0.0,0.0,0.0,0.0,0.0,0.0,0.0,0.0,0.0,0.0,0.0,0.0,1.0,0.0
PP133,g1,2252,0,0.975,0.219169,0.197714,-0.955445,0.064547,0.181174,-0.981331,0.145,0.193,251.6,253.2,256.5,259.5,260.5,259.1,255.7,252.6,247.0,249.3,252.3,255.9,259.3,261.7,263.2,261.1,258.2,255.0,251.8,249.0,254.5,255.9,257.3,258.0,257.5,256.2,254.8,254.1,288.8,289.9,292.7,295.5,296.6,295.5,292.7,289.6,285.6,287.7,290.4,293.7,296.5,298.3,299.2,298.1,296.2,293.7,290.8,287.8,291.2,292.5,293.7,294.2,293.7,292.5,291.3,290.8,158.8,155.7,154.7,156.3,159.6,163.0,163.8,162.2,159.9,158.3,157.4,157.1,158.0,159.8,162.0,163.0,163.1,163.0,162.5,161.5,160.6,161.3,160.9,159.5,158.0,157.3,157.8,159.2,161.5,158.5,157.4,158.8,161.9,164.9,166.1,164.9,163.5,161.5,160.2,159.7,160.4,161.7,163.5,164.8,165.4,165.6,165.3,164.7,163.1,163.7,163.2,161.9,160.5,159.9,160.4,161.7,2.1,4.2,8.5,12.5,13.8,12.0,7.4,3.4,-4.0,-1.0,3.0,7.7,12.1,15.3,17.4,14.6,10.7,6.5,2.4,-1.3,5.9,7.7,9.6,10.5,9.9,8.1,6.3,5.3,53.0,54.7,58.7,62.7,64.3,62.5,58.5,54.2,48.7,51.5,55.2,59.8,63.9,66.9,68.6,66.6,63.6,59.9,55.8,51.7,56.6,58.3,60.1,60.8,60.2,58.4,56.7,55.9,-37.5,-41.7,-43.1,-41.0,-36.5,-32.1,-31.0,-33.1,-36.4,-38.3,-39.4,-39.7,-38.5,-36.4,-33.6,-32.2,-31.9,-32.0,-32.7,-34.1,-35.3,-34.3,-35.0,-36.8,-38.7,-39.6,-39.0,-37.2,-35.5,-39.7,-41.4,-39.6,-35.3,-31.0,-29.4,-30.9,-32.9,-35.5,-37.3,-38.1,-37.3,-35.8,-33.4,-31.4,-30.3,-30.0,-30.4,-31.2,-33.5,-32.7,-33.4,-35.3,-37.2,-38.0,-37.2,-35.4,511.5,512.1,512.6,512.6,512.2,511.8,511.2,511.1,515.3,512.9,510.8,510.0,510.9,512.5,514.3,512.4,510.6,510.0,510.9,512.9,512.4,512.4,512.6,512.8,513.0,513.0,512.8,512.5,533.9,534.9,536.7,538.2,538.4,537.3,535.6,534.2,534.1,533.4,533.4,534.6,537.4,541.0,544.4,541.1,537.6,535.1,533.7,533.7,536.0,536.6,537.4,537.9,537.8,537.1,536.4,535.9,36.4,-3.4,645.5,0.2,-0.214,0.1,224.5,223.9,224.4,226.2,230.5,237.6,246.5,256.9,267.4,276.1,282.6,288.8,294.3,298.7,301.9,304.4,305.6,237.9,245.3,254.4,263.3,271.1,286.0,292.5,298.7,304.3,307.2,278.0,278.6,279.3,280.0,267.4,271.8,276.3,280.3,283.7,246.9,252.7,258.8,263.4,258.2,251.9,285.6,290.8,296.1,299.3,296.1,290.8,255.7,264.1,270.9,274.4,278.2,282.2,284.9,281.3,277.0,273.0,268.9,262.7,258.7,270.0,273.8,277.5,282.9,277.3,273.6,269.7,158.3,170.3,182.3,193.9,204.9,214.4,222.3,228.3,230.2,228.5,222.3,214.6,205.8,195.9,185.7,175.1,164.3,150.9,146.5,145.8,147.8,151.4,152.2,149.8,149.0,150.5,155.2,161.0,168.7,176.3,184.1,188.8,190.6,192.1,191.2,189.9,159.8,157.3,157.9,162.1,163.1,162.7,163.6,160.0,160.4,163.5,165.6,165.3,203.8,201.7,200.5,201.9,201.0,203.0,205.5,210.3,212.1,212.3,211.7,209.2,204.2,204.4,205.0,204.8,205.7,206.2,206.6,205.9,-43.7,-45.0,-44.3,-41.4,-33.9,-21.5,-5.9,11.7,29.6,45.1,57.6,69.8,80.3,88.3,93.9,98.3,100.6,-19.7,-7.5,7.1,21.3,33.8,58.4,69.9,81.3,92.2,98.5,45.3,45.8,46.5,47.2,27.9,35.1,42.2,49.0,54.8,-5.1,4.3,14.4,21.8,13.3,3.2,59.3,68.2,77.8,84.1,77.8,68.3,9.4,22.9,33.8,39.6,46.0,53.2,58.9,51.9,44.2,37.5,30.8,20.7,14.3,32.5,38.7,45.0,55.2,44.7,38.3,32.0,-50.1,-29.6,-9.0,11.2,30.2,46.5,59.7,69.3,72.6,70.8,61.5,48.7,33.1,15.2,-3.3,-22.3,-41.8,-59.7,-66.2,-67.0,-63.6,-57.8,-57.4,-62.1,-64.3,-62.7,-55.6,-42.9,-30.2,-17.8,-5.3,2.2,5.0,7.4,6.0,3.9,-45.1,-49.0,-48.2,-41.5,-39.7,-40.3,-39.9,-46.1,-45.7,-41.0,-37.0,-37.2,26.9,23.0,21.1,23.4,22.0,25.6,30.4,37.7,40.3,40.4,39.3,35.4,27.5,27.4,28.5,28.3,30.6,30.6,31.0,29.9,668.9,672.3,676.3,678.6,678.0,675.4,669.9,663.0,664.0,674.5,690.2,702.6,707.9,707.6,706.5,705.7,706.0,636.4,631.3,628.0,625.5,624.9,634.3,643.0,652.8,663.1,673.3,631.6,625.7,619.3,613.5,627.8,627.4,627.8,631.6,636.0,636.9,634.6,635.9,638.1,636.0,634.7,651.0,653.9,658.6,665.6,659.0,654.3,643.5,634.3,631.3,633.0,635.8,645.4,659.3,647.4,639.4,636.1,634.6,636.7,641.8,634.3,635.6,639.0,655.1,638.9,635.5,634.4,0.6,0.207,-0.283,0.114,271.97,185.237,-5.944,14.07,-12.637,14.638,6.058,-0.697,-4.714,-0.238,2.818,-1.473,0.952,1.122,0.653,-1.947,-0.815,-0.532,0.445,0.034,-0.799,-1.132,0.484,-0.413,-0.224,-0.468,0.246,-0.065,0.056,0.108,-0.116,0.001,-0.019,0.012,0.002,-0.005,0.08,0.0,0.0,0.66,0.0,0.0,0.01,0.0,0.0,0.22,0.0,0.0,0.0,0.0,0.0,0.0,0.0,0.0,1.0,0.0,1.0,0.0,0.0,0.0,0.0,0.0,0.0,0.0,0.0,0.0,0.0,0.0,0.0,1.0,0.0
PP133,g1,2258,0,0.975,0.219851,0.193237,-0.956203,0.066052,0.177735,-0.981859,0.146,0.189,251.4,252.9,256.2,259.3,260.3,258.9,255.5,252.4,246.8,249.1,252.1,255.7,259.0,261.5,263.0,260.9,258.0,254.8,251.6,248.8,254.3,255.7,257.1,257.8,257.3,256.0,254.5,253.9,288.5,289.7,292.5,295.2,296.4,295.2,292.5,289.4,285.4,287.5,290.2,293.5,296.2,298.0,298.9,297.8,296.0,293.5,290.6,287.6,291.0,292.2,293.4,293.9,293.4,292.2,291.0,290.5,159.1,156.0,154.9,156.5,159.8,163.2,164.0,162.4,160.2,158.6,157.6,157.3,158.3,160.0,162.2,163.2,163.3,163.3,162.7,161.8,160.9,161.6,161.1,159.7,158.3,157.6,158.0,159.4,161.7,158.6,157.5,158.9,162.0,165.0,166.2,165.0,163.6,161.6,160.3,159.8,160.5,161.8,163.6,164.9,165.6,165.7,165.4,164.8,163.2,163.8,163.3,162.0,160.6,160.0,160.5,161.8,1.8,3.9,8.2,12.2,13.5,11.7,7.2,3.2,-4.2,-1.2,2.7,7.4,11.8,15.1,17.1,14.3,10.5,6.3,2.1,-1.6,5.7,7.4,9.3,10.2,9.6,7.9,6.0,5.1,52.8,54.5,58.5,62.5,64.1,62.3,58.3,54.0,48.5,51.3,55.0,59.6,63.7,66.7,68.4,66.4,63.4,59.7,55.6,51.5,56.4,58.1,59.9,60.6,59.9,58.2,56.4,55.7,-37.3,-41.4,-42.8,-40.7,-36.3,-31.8,-30.8,-32.9,-36.0,-38.0,-39.1,-39.4,-38.3,-36.2,-33.4,-32.0,-31.6,-31.7,-32.4,-33.8,-35.0,-34.1,-34.7,-36.5,-38.4,-39.4,-38.7,-36.9,-35.4,-39.6,-41.3,-39.5,-35.2,-30.9,-29.3,-30.8,-32.7,-35.4,-37.2,-38.0,-37.2,-35.7,-33.3,-31.3,-30.3,-29.9,-30.3,-31.0,-33.4,-32.6,-33.3,-35.2,-37.1,-37.9,-37.1,-35.3,512.2,512.8,513.2,513.2,512.8,512.5,511.8,511.8,516.0,513.6,511.5,510.6,511.5,513.1,514.9,513.1,511.3,510.7,511.5,513.5,513.0,513.0,513.2,513.5,513.6,513.6,513.4,513.2,535.0,536.1,537.8,539.3,539.5,538.5,536.7,535.3,535.2,534.6,534.6,535.7,538.6,542.2,545.5,542.2,538.8,536.2,534.8,534.8,537.1,537.7,538.5,539.0,538.9,538.3,537.5,537.0,36.2,-3.1,645.7,0.192,-0.217,0.098,224.4,223.8,224.4,226.2,230.4,237.5,246.4,256.8,267.4,276.1,282.6,288.7,294.2,298.5,301.7,304.2,305.4,237.8,245.1,254.2,263.1,270.8,285.7,292.2,298.4,304.0,306.9,277.7,278.4,279.2,279.9,267.3,271.7,276.2,280.2,283.6,246.7,252.4,258.6,263.2,258.0,251.8,285.3,290.5,295.9,299.1,295.9,290.6,255.7,264.1,270.9,274.4,278.2,282.2,284.9,281.4,277.1,273.1,269.0,262.8,258.8,270.0,273.8,277.5,282.9,277.3,273.6,269.7,158.8,170.8,182.7,194.3,205.2,214.7,222.7,228.8,230.7,229.0,222.8,215.1,206.2,196.3,186.0,175.5,164.7,151.1,146.7,146.0,148.0,151.5,152.3,149.9,149.1,150.6,155.3,161.1,168.8,176.4,184.2,189.0,190.8,192.3,191.4,190.0,160.1,157.6,158.1,162.3,163.3,162.9,163.7,160.1,160.5,163.6,165.7,165.4,204.1,201.9,200.7,202.1,201.2,203.1,205.7,210.5,212.3,212.6,212.0,209.5,204.5,204.6,205.2,205.0,205.9,206.4,206.8,206.2,-43.7,-45.0,-44.3,-41.4,-33.9,-21.6,-6.1,11.6,29.6,45.1,57.5,69.5,80.0,87.9,93.5,97.9,100.2,-19.9,-7.9,6.8,20.9,33.3,58.0,69.5,80.9,91.7,98.1,44.9,45.5,46.2,47.0,27.8,34.9,42.1,48.8,54.6,-5.4,4.0,14.0,21.5,13.0,2.8,58.9,67.9,77.4,83.7,77.5,68.0,9.5,22.9,33.7,39.6,45.9,53.2,58.9,52.0,44.3,37.5,30.9,20.8,14.4,32.5,38.7,45.0,55.2,44.7,38.3,32.1,-49.1,-28.7,-8.2,11.8,30.7,47.1,60.3,70.0,73.3,71.6,62.4,49.6,34.0,16.0,-2.6,-21.7,-41.3,-59.3,-65.9,-66.7,-63.4,-57.6,-57.2,-62.0,-64.3,-62.7,-55.6,-42.7,-30.0,-17.6,-5.1,2.4,5.3,7.7,6.3,4.1,-44.7,-48.7,-47.9,-41.2,-39.4,-40.0,-39.7,-45.9,-45.5,-40.8,-36.8,-37.0,27.4,23.4,21.4,23.6,22.3,25.8,30.7,38.1,40.7,40.8,39.8,35.9,28.0,27.8,28.8,28.6,30.9,31.0,31.4,30.3,668.7,672.1,676.0,678.3,677.7,675.1,669.6,662.7,663.7,674.3,690.1,702.6,708.0,707.8,706.7,705.9,706.2,636.7,631.6,628.4,626.0,625.4,634.7,643.4,653.2,663.4,673.5,632.0,626.1,619.7,613.8,628.0,627.6,628.0,631.8,636.2,637.3,635.0,636.4,638.5,636.5,635.2,651.3,654.2,659.0,665.9,659.3,654.7,643.4,634.2,631.3,633.0,635.8,645.3,659.2,647.3,639.4,636.1,634.6,636.6,641.7,634.3,635.6,639.0,655.0,638.9,635.5,634.4,0.6,0.201,-0.286,0.111,271.858,185.478,-6.653,13.117,-12.873,15.1,5.416,-0.766,-4.606,0.333,2.856,-1.644,0.886,0.921,0.341,-2.021,-0.56,-0.698,0.39,0.057,-0.759,-1.133,0.534,-0.446,-0.208,-0.491,0.193,0.003,0.063,0.104,-0.114,-0.003,-0.02,0.004,0.007,-0.008,0.41,0.0,0.0,0.82,0.0,0.0,0.15,0.0,0.0,0.24,0.0,0.0,0.0,0.0,0.0,0.0,0.0,0.0,1.0,0.0,1.0,0.0,0.0,0.0,0.0,0.0,0.0,0.0,0.0,0.0,0.0,0.0,0.0,1.0,0.0
PP133,g1,2264,0,0.975,0.21685,0.188158,-0.9579,0.068405,0.173265,-0.982497,0.146,0.184,251.1,252.6,255.9,258.9,260.0,258.6,255.2,252.1,246.5,248.7,251.8,255.3,258.7,261.1,262.7,260.6,257.7,254.5,251.3,248.5,254.0,255.3,256.8,257.4,257.0,255.6,254.2,253.5,288.2,289.3,292.1,294.9,296.0,294.9,292.1,289.0,285.0,287.1,289.8,293.1,295.8,297.6,298.6,297.4,295.6,293.2,290.2,287.2,290.6,291.8,293.1,293.6,293.1,291.9,290.6,290.1,159.0,155.9,154.8,156.4,159.7,163.1,163.9,162.3,160.1,158.5,157.5,157.2,158.1,159.8,162.0,163.0,163.2,163.1,162.6,161.7,160.7,161.4,160.9,159.6,158.1,157.4,157.9,159.3,161.4,158.4,157.3,158.7,161.8,164.8,166.0,164.8,163.4,161.4,160.1,159.6,160.3,161.6,163.4,164.7,165.3,165.5,165.1,164.6,163.0,163.6,163.1,161.8,160.4,159.8,160.3,161.6,1.4,3.4,7.7,11.7,13.1,11.3,6.8,2.8,-4.6,-1.7,2.3,7.0,11.4,14.6,16.8,13.9,10.1,5.8,1.7,-1.9,5.3,7.0,8.9,9.8,9.2,7.4,5.6,4.7,52.2,53.9,57.9,61.9,63.5,61.8,57.8,53.5,47.9,50.7,54.5,59.1,63.2,66.1,67.8,65.8,62.8,59.2,55.1,50.9,55.8,57.6,59.3,60.1,59.4,57.6,55.9,55.1,-37.5,-41.6,-43.1,-41.0,-36.6,-32.1,-31.0,-33.1,-36.2,-38.3,-39.4,-39.7,-38.6,-36.5,-33.7,-32.3,-31.9,-31.9,-32.7,-34.0,-35.2,-34.3,-35.0,-36.8,-38.7,-39.6,-39.0,-37.2,-35.7,-39.9,-41.6,-39.8,-35.5,-31.2,-29.6,-31.1,-33.0,-35.7,-37.5,-38.2,-37.5,-36.0,-33.6,-31.6,-30.6,-30.2,-30.6,-31.3,-33.7,-32.9,-33.6,-35.5,-37.4,-38.2,-37.4,-35.6,513.4,514.0,514.4,514.3,513.9,513.6,512.9,513.0,517.2,514.8,512.7,511.8,512.6,514.2,515.9,514.1,512.4,511.8,512.7,514.8,514.1,514.1,514.3,514.6,514.7,514.8,514.6,514.3,534.5,535.7,537.5,538.9,539.1,538.0,536.2,534.9,534.7,534.1,534.1,535.3,538.2,541.8,545.1,541.8,538.3,535.7,534.4,534.3,536.7,537.3,538.1,538.6,538.5,537.8,537.1,536.6,35.8,-3.1,644.3,0.184,-0.216,0.092,224.2,223.6,224.2,226.1,230.4,237.5,246.4,256.9,267.6,276.3,282.7,288.7,294.1,298.3,301.4,303.9,305.1,237.5,244.8,253.8,262.6,270.3,285.3,291.8,297.9,303.6,306.4,277.4,278.0,278.9,279.6,267.0,271.5,276.0,280.0,283.4,246.4,252.1,258.3,262.8,257.6,251.4,285.0,290.1,295.5,298.7,295.5,290.2,255.7,264.0,270.8,274.3,278.1,282.0,284.8,281.3,277.0,273.1,269.0,262.8,258.8,269.9,273.7,277.4,282.8,277.3,273.5,269.7,158.8,170.9,182.9,194.6,205.6,215.3,223.3,229.3,231.2,229.4,223.2,215.3,206.3,196.3,186.0,175.4,164.6,151.1,146.6,145.9,147.8,151.3,152.1,149.6,148.9,150.4,155.1,160.8,168.6,176.2,184.1,188.9,190.7,192.2,191.3,189.9,160.1,157.4,158.0,162.1,163.2,162.8,163.5,159.9,160.3,163.4,165.5,165.2,204.3,202.0,200.7,202.1,201.2,203.1,205.8,210.5,212.4,212.6,212.0,209.7,204.7,204.6,205.2,204.9,206.0,206.4,206.8,206.2,-44.1,-45.3,-44.5,-41.5,-34.0,-21.6,-6.2,11.7,29.8,45.3,57.7,69.5,79.7,87.3,92.8,97.1,99.2,-20.4,-8.4,6.1,20.2,32.5,57.3,68.8,80.1,90.8,97.1,44.2,44.8,45.7,46.4,27.4,34.5,41.7,48.4,54.2,-5.9,3.4,13.4,21.0,12.4,2.3,58.2,67.1,76.6,82.9,76.7,67.3,9.4,22.8,33.5,39.3,45.6,52.8,58.6,51.8,44.2,37.4,30.8,20.8,14.3,32.3,38.4,44.7,54.8,44.5,38.2,31.9,-49.0,-28.5,-7.9,12.3,31.4,47.9,61.2,70.8,74.0,72.2,62.9,49.9,34.1,16.0,-2.7,-21.8,-41.3,-59.2,-66.0,-66.9,-63.6,-57.9,-57.5,-62.3,-64.5,-63.0,-55.8,-43.1,-30.3,-17.9,-5.3,2.3,5.1,7.5,6.1,3.9,-44.7,-48.8,-48.0,-41.4,-39.6,-40.1,-40.0,-46.2,-45.8,-41.1,-37.1,-37.4,27.6,23.5,21.4,23.6,22.2,25.7,30.7,38.1,40.6,40.8,39.8,36.0,28.2,27.7,28.7,28.5,30.9,30.9,31.3,30.3,667.9,671.3,675.2,677.4,676.6,673.8,668.2,661.1,662.1,672.8,688.6,701.2,706.6,706.1,704.7,703.7,703.9,635.8,630.8,627.6,625.2,624.6,634.0,642.6,652.3,662.4,672.4,631.1,625.0,618.5,612.5,626.8,626.3,626.7,630.5,635.0,636.3,634.1,635.5,637.6,635.5,634.2,650.4,653.3,658.0,664.8,658.3,653.7,642.0,632.6,629.9,631.6,634.4,643.9,657.6,645.6,637.7,634.3,632.8,634.8,640.2,632.8,634.1,637.5,653.3,637.4,633.9,632.8,0.601,0.192,-0.284,0.105,271.657,185.474,-7.448,14.489,-13.366,16.312,3.861,-0.317,-4.678,0.525,2.941,-2.261,0.673,0.785,0.131,-2.196,-0.3,-0.699,0.386,0.266,-0.693,-1.002,0.561,-0.307,-0.375,-0.647,0.13,0.083,0.088,0.096,-0.12,-0.013,-0.025,-0.006,0.01,-0.009,0.51,0.29,0.0,0.93,0.0,0.0,0.06,0.0,0.0,0.25,0.0,0.0,0.0,0.0,0.0,0.0,0.0,0.0,1.0,0.0,1.0,0.0,0.0,0.0,0.0,0.0,0.0,0.0,0.0,0.0,0.0,0.0,1.0,1.0,0.0
PP133,g1,2270,0,0.975,0.211679,0.183226,-0.960011,0.066282,0.169124,-0.983364,0.142,0.179,250.6,252.1,255.4,258.4,259.5,258.2,254.7,251.7,246.1,248.3,251.3,254.8,258.2,260.7,262.3,260.1,257.2,254.0,250.9,248.1,253.5,254.9,256.3,257.0,256.5,255.2,253.7,253.1,287.8,288.9,291.7,294.5,295.7,294.5,291.7,288.7,284.6,286.7,289.5,292.7,295.5,297.3,298.2,297.1,295.3,292.8,289.9,286.9,290.3,291.5,292.7,293.2,292.7,291.5,290.3,289.8,159.4,156.2,155.1,156.7,160.0,163.4,164.2,162.7,160.5,158.9,157.9,157.5,158.4,160.1,162.3,163.3,163.5,163.5,163.0,162.1,161.1,161.8,161.3,159.9,158.5,157.8,158.3,159.6,161.7,158.7,157.5,158.9,162.1,165.1,166.3,165.1,163.7,161.7,160.3,159.9,160.6,161.8,163.7,165.0,165.6,165.7,165.4,164.9,163.3,163.9,163.4,162.0,160.7,160.0,160.6,161.9,0.8,2.8,7.1,11.1,12.5,10.7,6.2,2.2,-5.2,-2.3,1.7,6.3,10.8,14.0,16.2,13.3,9.4,5.2,1.1,-2.5,4.7,6.4,8.3,9.2,8.6,6.8,4.9,4.0,51.5,53.2,57.2,61.2,62.8,61.1,57.1,52.7,47.2,50.0,53.8,58.4,62.4,65.4,67.1,65.1,62.1,58.5,54.3,50.2,55.1,56.9,58.6,59.4,58.7,56.9,55.2,54.4,-36.9,-41.1,-42.5,-40.5,-36.1,-31.6,-30.5,-32.5,-35.6,-37.7,-38.8,-39.2,-38.1,-36.0,-33.2,-31.8,-31.4,-31.4,-32.1,-33.4,-34.7,-33.8,-34.5,-36.3,-38.2,-39.1,-38.4,-36.6,-35.2,-39.4,-41.1,-39.3,-35.0,-30.7,-29.1,-30.6,-32.5,-35.2,-37.0,-37.7,-37.0,-35.5,-33.1,-31.1,-30.1,-29.7,-30.1,-30.8,-33.2,-32.4,-33.1,-35.0,-36.9,-37.7,-36.9,-35.1,512.4,513.0,513.3,513.2,512.8,512.5,511.9,512.0,516.3,513.8,511.7,510.7,511.5,513.1,514.8,513.0,511.3,510.8,511.7,513.8,513.1,513.1,513.3,513.5,513.7,513.7,513.6,513.3,532.5,533.6,535.4,536.8,537.1,536.0,534.2,532.9,532.7,532.1,532.1,533.3,536.1,539.7,543.0,539.7,536.3,533.7,532.3,532.3,534.6,535.3,536.0,536.5,536.4,535.8,535.0,534.5,35.3,-2.3,643.1,0.176,-0.209,0.086,223.9,223.4,224.1,226.1,230.5,237.6,246.5,257.0,267.6,276.4,282.8,288.8,294.0,298.2,301.3,303.7,304.9,236.9,244.1,253.2,262.0,269.8,284.8,291.3,297.5,303.2,306.1,276.9,277.6,278.4,279.2,266.7,271.2,275.6,279.6,283.0,246.0,251.6,257.8,262.4,257.2,251.0,284.6,289.8,295.2,298.4,295.2,289.9,255.7,263.9,270.5,274.0,277.8,281.7,284.5,281.1,276.8,272.8,268.8,262.7,258.7,269.7,273.4,277.1,282.5,277.0,273.3,269.5,159.3,171.5,183.6,195.4,206.4,216.1,224.1,230.1,231.9,230.1,223.8,215.9,206.8,196.8,186.4,175.8,164.9,151.6,147.0,146.2,148.1,151.6,152.3,149.9,149.1,150.7,155.4,161.1,168.8,176.5,184.4,189.3,191.1,192.6,191.6,190.2,160.5,157.8,158.3,162.4,163.5,163.2,163.7,160.1,160.6,163.6,165.7,165.5,204.9,202.5,201.2,202.5,201.6,203.6,206.3,211.0,212.8,213.1,212.6,210.2,205.3,205.1,205.6,205.4,206.5,206.9,207.3,206.7,-44.7,-45.8,-44.8,-41.5,-33.8,-21.4,-5.9,11.8,29.9,45.4,57.7,69.4,79.4,86.9,92.2,96.5,98.6,-21.3,-9.5,5.1,19.3,31.7,56.4,67.9,79.3,90.1,96.4,43.4,44.1,44.9,45.7,26.8,33.9,41.1,47.8,53.6,-6.6,2.6,12.6,20.2,11.7,1.6,57.5,66.4,75.9,82.3,76.0,66.6,9.3,22.4,33.0,38.8,45.0,52.2,58.0,51.3,43.7,37.0,30.4,20.6,14.2,31.8,37.9,44.2,54.2,44.0,37.7,31.5,-48.2,-27.5,-6.7,13.6,32.8,49.3,62.6,72.1,75.1,73.2,63.9,50.8,34.8,16.7,-2.0,-21.1,-40.7,-58.4,-65.3,-66.3,-63.0,-57.4,-57.0,-61.7,-64.0,-62.4,-55.1,-42.6,-29.8,-17.4,-4.8,2.9,5.7,8.1,6.6,4.4,-44.0,-48.2,-47.5,-40.9,-39.0,-39.4,-39.5,-45.7,-45.3,-40.5,-36.6,-36.8,28.6,24.3,22.0,24.3,22.9,26.4,31.5,38.8,41.3,41.5,40.5,36.9,29.1,28.4,29.4,29.1,31.7,31.6,32.0,31.0,667.9,671.4,675.3,677.3,676.3,673.3,667.4,660.2,661.1,671.8,687.5,699.9,705.1,704.5,703.0,702.0,702.2,635.7,630.5,627.2,624.6,623.9,633.1,641.6,651.3,661.3,671.4,630.2,624.0,617.4,611.3,625.8,625.3,625.5,629.3,633.8,635.9,633.7,635.0,637.0,635.0,633.8,649.4,652.4,657.0,663.8,657.3,652.7,640.9,631.6,628.8,630.5,633.3,642.5,656.1,644.2,636.5,633.2,631.8,633.7,639.1,631.8,633.0,636.4,651.8,636.3,632.9,631.8,0.602,0.186,-0.276,0.098,271.385,185.92,-7.605,15.579,-13.663,17.716,3.715,-0.161,-4.509,0.475,3.26,-3.009,0.616,0.359,0.15,-2.131,-0.242,-0.888,0.309,0.414,-0.754,-0.91,0.571,-0.225,-0.41,-0.756,0.147,0.141,0.101,0.092,-0.128,-0.023,-0.038,-0.008,0.009,-0.005,0.23,0.08,0.0,0.71,0.0,0.0,0.2,0.0,0.0,0.31,0.0,0.0,0.0,0.0,0.0,0.0,0.0,0.0,1.0,0.0,0.0,0.0,0.0,0.0,0.0,0.0,0.0,0.0,0.0,0.0,0.0,0.0,1.0,1.0,0.0
PP133,g1,2276,0,0.975,0.212238,0.18602,-0.95935,0.067248,0.171466,-0.982892,0.143,0.182,250.5,252.1,255.4,258.4,259.5,258.2,254.7,251.6,246.0,248.2,251.2,254.8,258.2,260.7,262.3,260.1,257.2,254.0,250.8,248.0,253.5,254.9,256.3,257.0,256.5,255.2,253.7,253.0,287.8,288.9,291.7,294.5,295.7,294.5,291.8,288.7,284.6,286.7,289.5,292.8,295.5,297.3,298.3,297.1,295.3,292.8,289.9,286.9,290.3,291.5,292.7,293.2,292.7,291.5,290.3,289.8,159.8,156.7,155.6,157.1,160.5,163.9,164.7,163.1,161.0,159.3,158.3,158.0,158.9,160.6,162.8,163.8,164.0,164.0,163.5,162.5,161.5,162.2,161.7,160.4,158.9,158.2,158.7,160.1,162.1,159.1,157.9,159.3,162.5,165.5,166.7,165.5,164.1,162.1,160.8,160.3,161.0,162.2,164.1,165.4,166.0,166.2,165.9,165.3,163.7,164.3,163.8,162.5,161.1,160.5,161.0,162.3,0.7,2.7,7.0,11.1,12.5,10.7,6.1,2.1,-5.2,-2.3,1.6,6.3,10.7,14.0,16.1,13.3,9.4,5.2,1.1,-2.6,4.6,6.4,8.2,9.1,8.5,6.8,4.9,4.0,51.4,53.1,57.0,61.0,62.7,61.0,56.9,52.6,47.1,49.9,53.6,58.2,62.3,65.2,66.9,65.0,62.0,58.4,54.2,50.1,55.0,56.7,58.5,59.2,58.5,56.8,55.0,54.3,-36.3,-40.4,-41.9,-39.8,-35.4,-30.9,-29.8,-31.9,-35.0,-37.0,-38.2,-38.5,-37.4,-35.3,-32.5,-31.1,-30.7,-30.7,-31.4,-32.8,-34.0,-33.1,-33.8,-35.6,-37.5,-38.4,-37.8,-35.9,-34.5,-38.7,-40.4,-38.6,-34.3,-30.1,-28.4,-29.9,-31.8,-34.5,-36.3,-37.1,-36.3,-34.8,-32.5,-30.4,-29.4,-29.0,-29.4,-30.1,-32.5,-31.7,-32.4,-34.3,-36.2,-37.0,-36.2,-34.4,511.2,511.7,512.1,512.0,511.5,511.2,510.7,510.7,515.1,512.6,510.4,509.5,510.3,511.8,513.5,511.8,510.1,509.6,510.5,512.6,511.9,511.9,512.0,512.3,512.4,512.5,512.3,512.1,531.1,532.2,534.0,535.4,535.7,534.6,532.8,531.4,531.3,530.7,530.7,531.9,534.7,538.3,541.7,538.3,534.9,532.3,530.9,530.9,533.2,533.8,534.6,535.1,535.0,534.4,533.6,533.1,35.2,-1.4,642.2,0.183,-0.211,0.088,223.8,223.3,224.0,225.9,230.3,237.4,246.3,256.9,267.5,276.3,282.7,288.6,293.9,298.0,301.2,303.6,304.8,236.9,244.3,253.4,262.2,269.9,284.8,291.3,297.5,303.2,306.1,276.9,277.6,278.4,279.2,266.7,271.1,275.6,279.6,283.0,245.9,251.6,257.8,262.4,257.2,250.9,284.6,289.8,295.2,298.4,295.2,289.9,255.5,263.8,270.4,274.0,277.7,281.7,284.5,281.0,276.8,272.8,268.7,262.6,258.6,269.6,273.4,277.1,282.4,276.9,273.2,269.4,159.7,171.8,184.0,195.7,206.8,216.5,224.6,230.7,232.5,230.7,224.3,216.3,207.3,197.2,186.8,176.2,165.3,152.1,147.6,146.9,148.9,152.4,153.1,150.6,149.8,151.2,155.9,161.7,169.5,177.3,185.2,190.0,191.8,193.3,192.3,190.9,160.9,158.2,158.8,162.9,164.0,163.6,164.2,160.6,161.0,164.0,166.2,165.9,205.5,203.2,201.9,203.2,202.3,204.2,206.8,211.6,213.4,213.7,213.2,210.8,205.9,205.8,206.3,206.0,207.1,207.5,207.9,207.3,-44.7,-45.9,-44.9,-41.7,-34.1,-21.7,-6.3,11.6,29.6,45.1,57.4,69.1,79.1,86.6,92.0,96.3,98.4,-21.2,-9.2,5.4,19.5,31.8,56.2,67.7,79.0,89.9,96.3,43.3,44.0,44.8,45.6,26.7,33.8,40.9,47.6,53.5,-6.6,2.5,12.6,20.2,11.6,1.5,57.4,66.3,75.8,82.1,75.9,66.5,9.1,22.3,32.8,38.6,44.9,52.1,57.9,51.1,43.5,36.9,30.3,20.4,14.1,31.7,37.8,44.0,54.1,43.8,37.6,31.4,-47.5,-26.9,-6.1,14.2,33.4,50.0,63.4,72.9,76.0,74.2,64.8,51.6,35.6,17.5,-1.2,-20.3,-39.9,-57.5,-64.2,-65.0,-61.6,-55.9,-55.6,-60.4,-62.7,-61.3,-54.2,-41.6,-28.7,-16.2,-3.5,4.0,6.8,9.3,7.7,5.5,-43.2,-47.4,-46.6,-40.0,-38.2,-38.6,-38.7,-44.9,-44.6,-39.8,-35.8,-36.0,29.5,25.3,23.2,25.4,23.9,27.5,32.5,39.7,42.2,42.5,41.5,37.8,30.0,29.5,30.4,30.2,32.7,32.5,33.0,32.0,666.5,670.2,674.2,676.4,675.6,672.7,666.9,659.7,660.5,671.2,687.0,699.4,704.7,704.0,702.4,701.1,701.0,634.1,628.9,625.7,623.2,622.5,631.6,640.1,649.8,659.9,670.1,628.9,622.8,616.2,610.2,624.8,624.2,624.5,628.3,632.8,634.6,632.4,633.7,635.8,633.8,632.5,648.2,651.1,655.7,662.6,656.1,651.5,640.3,630.8,628.1,629.8,632.6,641.8,655.4,643.5,635.9,632.6,631.1,633.0,638.4,631.1,632.3,635.7,651.1,635.6,632.1,631.0,0.603,0.195,-0.278,0.1,271.341,186.484,-7.134,15.328,-13.546,17.826,3.461,0.547,-4.105,0.769,3.597,-3.005,1.295,0.354,-0.215,-2.089,-0.208,-0.734,0.403,0.495,-0.587,-0.837,0.585,-0.218,-0.427,-0.639,0.161,0.132,0.135,0.088,-0.117,-0.014,-0.028,-0.014,0.014,-0.01,0.45,0.08,0.0,0.67,0.0,0.0,0.0,0.0,0.0,0.48,0.0,0.0,0.0,0.0,0.0,0.0,0.0,1.0,1.0,0.0,1.0,0.0,0.0,0.0,0.0,0.0,0.0,0.0,0.0,0.0,0.0,0.0,1.0,1.0,0.0
PP133,g1,2282,0,0.975,0.208623,0.186597,-0.96003,0.064403,0.172048,-0.982981,0.14,0.183,250.2,251.8,255.0,258.1,259.2,257.8,254.4,251.3,245.7,247.9,250.9,254.5,257.9,260.3,261.9,259.8,256.8,253.6,250.5,247.7,253.2,254.5,255.9,256.6,256.2,254.8,253.4,252.7,287.5,288.6,291.4,294.2,295.4,294.2,291.4,288.4,284.3,286.4,289.1,292.4,295.2,297.0,298.0,296.9,295.0,292.5,289.6,286.5,290.0,291.2,292.4,292.9,292.4,291.2,290.0,289.5,159.4,156.3,155.2,156.8,160.1,163.5,164.3,162.8,160.6,158.9,157.9,157.6,158.5,160.2,162.4,163.4,163.6,163.6,163.1,162.2,161.2,161.8,161.4,160.0,158.5,157.9,158.3,159.7,161.7,158.7,157.5,158.9,162.1,165.1,166.3,165.1,163.7,161.7,160.4,159.9,160.6,161.8,163.7,165.0,165.7,165.8,165.5,164.9,163.3,163.9,163.4,162.1,160.7,160.1,160.6,161.9,0.3,2.3,6.6,10.6,12.0,10.2,5.7,1.7,-5.7,-2.8,1.2,5.8,10.3,13.5,15.7,12.8,8.9,4.7,0.6,-3.0,4.2,5.9,7.8,8.7,8.1,6.3,4.4,3.5,50.8,52.5,56.4,60.4,62.1,60.4,56.4,52.0,46.5,49.3,53.0,57.6,61.7,64.6,66.3,64.4,61.4,57.8,53.6,49.5,54.4,56.1,57.9,58.6,57.9,56.2,54.4,53.7,-36.7,-40.9,-42.3,-40.3,-35.9,-31.4,-30.3,-32.3,-35.4,-37.5,-38.6,-39.0,-37.9,-35.7,-32.9,-31.5,-31.1,-31.2,-31.9,-33.2,-34.5,-33.6,-34.2,-36.0,-38.0,-38.9,-38.2,-36.4,-34.9,-39.1,-40.9,-39.0,-34.7,-30.5,-28.8,-30.3,-32.2,-34.9,-36.8,-37.5,-36.8,-35.3,-32.9,-30.9,-29.8,-29.5,-29.8,-30.6,-32.9,-32.1,-32.9,-34.7,-36.6,-37.4,-36.7,-34.8,510.8,511.4,511.7,511.6,511.1,510.8,510.3,510.4,514.7,512.3,510.1,509.1,509.9,511.4,513.1,511.4,509.7,509.2,510.2,512.3,511.5,511.5,511.6,511.9,512.1,512.1,512.0,511.7,529.4,530.5,532.3,533.7,534.0,532.9,531.1,529.8,529.6,529.0,529.0,530.2,533.0,536.6,540.0,536.6,533.2,530.6,529.3,529.2,531.6,532.2,533.0,533.4,533.3,532.7,531.9,531.4,34.7,-2.0,642.2,0.185,-0.206,0.086,223.6,223.1,223.8,225.8,230.2,237.3,246.2,256.7,267.4,276.1,282.5,288.4,293.7,297.9,301.0,303.5,304.7,236.5,243.8,252.8,261.7,269.4,284.5,291.0,297.3,303.0,305.9,276.6,277.2,278.0,278.8,266.3,270.8,275.2,279.3,282.7,245.6,251.2,257.4,262.1,256.8,250.6,284.2,289.5,294.9,298.1,294.9,289.6,255.2,263.4,270.0,273.6,277.4,281.4,284.2,280.7,276.4,272.4,268.3,262.2,258.2,269.2,273.0,276.7,282.2,276.6,272.8,269.0,159.2,171.4,183.6,195.3,206.4,216.2,224.3,230.3,232.0,230.2,223.9,215.9,206.8,196.8,186.5,175.8,164.9,151.8,147.3,146.5,148.4,151.9,152.6,150.2,149.4,150.8,155.5,161.3,169.1,176.9,185.0,189.7,191.4,193.0,192.0,190.5,160.5,157.9,158.4,162.6,163.6,163.3,163.8,160.2,160.5,163.6,165.8,165.5,205.1,202.9,201.6,202.9,202.0,203.9,206.5,211.2,213.1,213.3,212.8,210.4,205.5,205.4,206.0,205.7,206.7,207.1,207.5,206.9,-45.2,-46.3,-45.2,-42.0,-34.3,-21.9,-6.4,11.4,29.4,44.9,57.2,68.8,78.8,86.2,91.6,95.9,98.0,-22.0,-10.0,4.5,18.6,31.0,55.8,67.2,78.6,89.4,95.8,42.7,43.4,44.2,44.9,26.0,33.2,40.3,47.1,52.9,-7.2,2.0,12.0,19.6,11.1,0.9,56.8,65.8,75.3,81.6,75.4,65.9,8.5,21.6,32.1,38.0,44.3,51.5,57.4,50.6,43.0,36.3,29.6,19.8,13.4,31.0,37.2,43.5,53.6,43.3,36.9,30.7,-48.3,-27.6,-6.8,13.6,32.8,49.4,62.8,72.3,75.3,73.4,64.0,50.8,34.9,16.8,-1.9,-21.0,-40.6,-58.0,-64.8,-65.7,-62.4,-56.7,-56.3,-61.1,-63.4,-62.0,-54.8,-42.2,-29.3,-16.7,-4.0,3.5,6.3,8.7,7.2,4.9,-43.8,-48.0,-47.3,-40.6,-38.7,-39.2,-39.3,-45.5,-45.2,-40.4,-36.4,-36.6,28.9,24.8,22.7,24.9,23.5,26.9,31.8,39.1,41.6,41.8,40.9,37.2,29.4,29.0,29.9,29.6,32.1,31.9,32.4,31.4,667.1,670.8,674.8,677.0,676.1,673.1,667.1,659.8,660.6,671.1,686.9,699.2,704.3,703.6,701.9,700.6,700.5,634.5,629.1,625.7,623.1,622.3,631.4,639.9,649.5,659.5,669.8,628.7,622.6,616.0,610.0,624.9,624.3,624.4,628.2,632.7,634.7,632.5,633.6,635.7,633.7,632.6,648.0,650.9,655.4,662.2,655.8,651.3,640.5,631.0,628.2,629.8,632.6,641.8,655.4,643.5,635.8,632.6,631.1,633.1,638.6,631.1,632.4,635.7,651.1,635.6,632.2,631.1,0.603,0.195,-0.271,0.099,271.031,186.104,-7.312,15.774,-13.505,18.02,3.89,1.004,-4.404,0.964,3.622,-2.89,0.744,0.36,0.147,-2.03,-0.212,-0.589,0.432,0.64,-0.714,-0.989,0.461,-0.256,-0.56,-0.723,0.128,0.104,0.12,0.094,-0.116,-0.008,-0.027,-0.008,0.013,-0.011,0.44,0.03,0.0,1.17,0.0,0.0,0.13,0.0,0.0,0.52,0.0,0.0,0.0,0.0,0.0,0.0,0.0,1.0,1.0,0.0,1.0,0.0,0.0,0.0,0.0,0.0,0.0,0.0,0.0,0.0,0.0,0.0,1.0,1.0,0.0
PP133,g1,2288,0,0.975,0.209592,0.195091,-0.958129,0.062022,0.17934,-0.98183,0.139,0.191,250.2,251.8,255.0,258.1,259.2,257.8,254.3,251.2,245.7,247.9,250.9,254.5,257.9,260.3,261.9,259.7,256.8,253.6,250.4,247.6,253.2,254.5,255.9,256.6,256.1,254.8,253.4,252.7,287.5,288.6,291.4,294.2,295.4,294.3,291.5,288.4,284.3,286.4,289.2,292.5,295.2,297.1,298.0,296.9,295.0,292.5,289.6,286.5,290.0,291.2,292.4,292.9,292.4,291.2,290.0,289.5,159.0,155.9,154.8,156.4,159.8,163.2,164.0,162.4,160.2,158.5,157.5,157.2,158.2,159.9,162.1,163.1,163.3,163.2,162.7,161.8,160.8,161.5,161.0,159.7,158.2,157.5,158.0,159.3,161.5,158.4,157.3,158.7,161.8,164.9,166.1,164.9,163.5,161.5,160.1,159.6,160.3,161.6,163.4,164.8,165.4,165.6,165.2,164.7,163.0,163.7,163.1,161.8,160.4,159.8,160.3,161.7,0.2,2.3,6.6,10.6,12.0,10.2,5.6,1.6,-5.7,-2.8,1.2,5.8,10.3,13.5,15.6,12.8,8.9,4.7,0.6,-3.1,4.1,5.9,7.8,8.7,8.1,6.3,4.4,3.5,50.7,52.4,56.4,60.4,62.0,60.3,56.3,52.0,46.4,49.2,53.0,57.6,61.7,64.6,66.3,64.3,61.4,57.7,53.6,49.5,54.4,56.1,57.8,58.6,57.9,56.1,54.4,53.7,-37.2,-41.3,-42.8,-40.7,-36.3,-31.8,-30.7,-32.8,-36.0,-38.0,-39.1,-39.4,-38.3,-36.1,-33.3,-31.9,-31.6,-31.6,-32.4,-33.7,-34.9,-34.0,-34.7,-36.5,-38.4,-39.3,-38.7,-36.9,-35.2,-39.4,-41.2,-39.4,-35.1,-30.8,-29.1,-30.6,-32.5,-35.2,-37.1,-37.8,-37.1,-35.6,-33.2,-31.2,-30.1,-29.8,-30.1,-30.9,-33.3,-32.5,-33.2,-35.1,-36.9,-37.7,-37.0,-35.1,510.5,511.1,511.4,511.4,510.9,510.6,510.0,510.1,514.4,512.0,509.8,508.9,509.6,511.2,512.9,511.1,509.4,508.9,509.9,511.9,511.2,511.2,511.4,511.6,511.8,511.8,511.7,511.4,528.9,530.0,531.7,533.2,533.4,532.4,530.6,529.2,529.1,528.5,528.4,529.6,532.5,536.1,539.4,536.1,532.6,530.1,528.7,528.7,531.0,531.6,532.4,532.9,532.8,532.2,531.4,530.9,34.3,-2.6,642.6,0.199,-0.205,0.093,223.6,223.0,223.6,225.5,229.8,236.9,245.7,256.0,266.6,275.4,281.9,288.0,293.4,297.7,300.9,303.4,304.7,236.6,243.9,253.0,261.8,269.5,284.5,291.0,297.3,303.0,305.9,276.5,277.1,277.9,278.6,266.0,270.5,275.0,279.0,282.4,245.5,251.2,257.4,262.0,256.8,250.5,284.2,289.5,294.9,298.2,294.9,289.5,254.5,262.8,269.6,273.2,277.0,281.0,283.9,280.3,275.9,271.8,267.8,261.5,257.6,268.8,272.6,276.3,281.8,276.1,272.3,268.5,158.6,170.7,182.9,194.6,205.8,215.5,223.6,229.7,231.5,229.8,223.4,215.4,206.4,196.4,186.0,175.4,164.4,151.3,146.8,146.1,148.1,151.7,152.4,149.9,149.1,150.5,155.2,161.1,168.9,176.7,184.8,189.4,191.2,192.7,191.8,190.3,160.1,157.5,158.0,162.3,163.3,162.9,163.6,159.9,160.3,163.4,165.5,165.3,204.6,202.4,201.2,202.6,201.7,203.6,206.1,211.0,212.9,213.2,212.6,210.1,205.0,205.1,205.6,205.4,206.4,207.0,207.4,206.8,-45.1,-46.4,-45.6,-42.5,-35.0,-22.6,-7.4,10.2,28.2,43.7,56.1,68.0,78.3,86.0,91.5,95.9,98.1,-21.7,-9.8,4.7,18.8,31.0,55.7,67.2,78.5,89.4,95.8,42.7,43.2,44.0,44.6,25.6,32.8,39.9,46.7,52.6,-7.2,2.0,12.0,19.6,11.0,0.9,56.8,65.7,75.3,81.6,75.4,65.9,7.4,20.8,31.6,37.4,43.8,51.1,57.0,50.0,42.2,35.4,28.7,18.7,12.4,30.4,36.5,42.9,53.2,42.6,36.2,29.9,-49.4,-28.8,-8.0,12.4,31.6,48.3,61.8,71.5,74.6,72.7,63.2,50.0,34.0,16.0,-2.7,-21.8,-41.4,-58.8,-65.4,-66.2,-62.8,-57.1,-56.7,-61.5,-63.9,-62.4,-55.3,-42.6,-29.6,-17.0,-4.2,3.0,5.9,8.4,6.9,4.6,-44.5,-48.6,-47.8,-41.1,-39.3,-39.8,-39.7,-46.0,-45.6,-40.9,-36.8,-37.1,28.1,24.1,22.1,24.4,23.0,26.4,31.2,38.8,41.5,41.7,40.6,36.7,28.7,28.4,29.4,29.2,31.5,31.8,32.2,31.2,666.5,670.3,674.5,676.9,676.3,673.6,668.0,660.9,661.6,671.9,687.3,699.4,704.4,703.7,702.0,700.7,700.6,633.9,628.7,625.3,622.8,622.1,631.2,639.6,649.1,659.0,669.2,628.5,622.6,616.2,610.4,625.2,624.5,624.8,628.5,633.0,634.4,632.1,633.3,635.4,633.5,632.3,647.7,650.4,655.0,661.8,655.4,650.9,641.4,631.8,628.8,630.4,633.2,642.6,656.3,644.5,636.8,633.5,632.1,634.2,639.5,631.8,633.0,636.4,652.1,636.3,633.0,631.9,0.603,0.208,-0.27,0.106,270.791,185.747,-9.032,15.011,-12.407,17.43,4.477,0.796,-4.208,0.396,3.241,-2.408,0.962,1.029,0.192,-2.082,-0.578,-0.529,0.575,0.562,-0.59,-0.942,0.461,-0.42,-0.311,-0.526,0.173,0.019,0.11,0.099,-0.12,-0.012,-0.022,-0.001,0.01,-0.008,0.14,0.0,0.0,0.76,0.0,0.0,0.09,0.0,0.0,0.67,0.0,0.0,0.0,0.0,0.0,0.0,0.0,0.0,1.0,0.0,1.0,0.0,0.0,0.0,0.0,0.0,0.0,0.0,0.0,0.0,0.0,0.0,0.0,1.0,0.0
PP133,g1,2294,0,0.975,0.210765,0.206259,-0.955529,0.057154,0.18997,-0.980125,0.138,0.202,250.3,251.8,255.1,258.2,259.2,257.8,254.3,251.3,245.7,247.9,251.0,254.5,257.9,260.3,261.9,259.7,256.8,253.6,250.5,247.7,253.2,254.5,255.9,256.6,256.2,254.9,253.4,252.7,287.5,288.7,291.5,294.3,295.4,294.3,291.5,288.4,284.3,286.4,289.2,292.5,295.3,297.1,298.0,296.9,295.0,292.5,289.6,286.6,290.0,291.2,292.5,293.0,292.5,291.3,290.0,289.5,159.6,156.5,155.5,157.1,160.4,163.8,164.6,163.0,160.7,159.1,158.2,157.9,158.8,160.6,162.8,163.7,163.9,163.8,163.3,162.3,161.4,162.1,161.6,160.3,158.8,158.1,158.6,159.9,162.2,159.2,158.0,159.4,162.6,165.6,166.8,165.6,164.2,162.2,160.9,160.4,161.1,162.3,164.2,165.5,166.1,166.3,166.0,165.4,163.8,164.4,163.9,162.6,161.2,160.6,161.1,162.4,0.3,2.4,6.7,10.7,12.1,10.2,5.7,1.7,-5.7,-2.7,1.3,5.9,10.4,13.6,15.7,12.8,9.0,4.7,0.6,-3.0,4.2,5.9,7.8,8.7,8.1,6.4,4.5,3.6,51.1,52.8,56.8,60.8,62.4,60.7,56.6,52.3,46.8,49.6,53.3,58.0,62.1,65.0,66.7,64.7,61.7,58.0,53.9,49.8,54.7,56.5,58.2,59.0,58.3,56.6,54.8,54.0,-36.6,-40.7,-42.1,-40.0,-35.6,-31.1,-30.0,-32.2,-35.4,-37.4,-38.4,-38.7,-37.5,-35.4,-32.6,-31.2,-30.9,-31.0,-31.7,-33.2,-34.3,-33.4,-34.0,-35.8,-37.7,-38.6,-38.0,-36.2,-34.4,-38.6,-40.4,-38.5,-34.2,-30.0,-28.3,-29.8,-31.8,-34.4,-36.2,-37.0,-36.2,-34.7,-32.4,-30.4,-29.3,-29.0,-29.3,-30.1,-32.4,-31.6,-32.4,-34.2,-36.1,-36.9,-36.2,-34.3,512.5,513.0,513.4,513.4,513.0,512.7,512.1,512.1,516.3,513.9,511.8,510.9,511.7,513.3,515.1,513.3,511.5,511.0,511.8,513.9,513.3,513.3,513.4,513.7,513.9,513.9,513.7,513.4,532.0,533.1,534.8,536.2,536.5,535.5,533.8,532.4,532.3,531.6,531.6,532.7,535.5,539.1,542.5,539.2,535.8,533.2,531.9,531.9,534.2,534.8,535.6,536.0,535.9,535.3,534.5,534.1,34.2,-2.1,645.5,0.212,-0.201,0.099,223.5,222.9,223.4,225.2,229.5,236.6,245.4,255.6,266.1,274.9,281.6,287.9,293.4,297.8,301.0,303.5,304.8,236.6,243.9,253.0,261.9,269.7,284.6,291.2,297.5,303.2,306.1,276.6,277.1,277.8,278.4,265.8,270.3,274.7,278.7,282.2,245.6,251.3,257.5,262.0,256.8,250.6,284.3,289.5,294.9,298.2,294.9,289.6,254.1,262.4,269.2,272.8,276.6,280.7,283.6,279.8,275.4,271.3,267.2,261.0,257.1,268.4,272.1,275.9,281.5,275.7,271.9,268.1,158.7,170.8,182.8,194.5,205.5,215.2,223.2,229.3,231.2,229.3,222.9,215.0,206.1,196.3,186.1,175.6,164.8,151.7,147.3,146.6,148.6,152.3,153.0,150.6,149.7,151.2,155.8,161.8,169.6,177.3,185.3,189.8,191.6,193.1,192.2,190.8,160.6,158.1,158.7,162.9,163.9,163.5,164.3,160.7,161.1,164.1,166.3,166.0,204.6,202.6,201.5,202.9,202.0,203.9,206.2,211.2,213.1,213.4,212.8,210.2,205.0,205.3,205.9,205.7,206.6,207.3,207.6,207.0,-45.4,-46.7,-46.1,-43.2,-35.7,-23.3,-7.9,9.6,27.5,43.1,55.8,68.1,78.6,86.5,92.0,96.4,98.7,-21.9,-9.8,4.8,19.0,31.5,56.0,67.7,79.1,90.1,96.4,43.0,43.4,44.0,44.5,25.4,32.5,39.7,46.5,52.4,-7.2,2.1,12.2,19.6,11.1,1.0,57.1,66.1,75.6,82.0,75.6,66.2,6.7,20.2,31.1,37.0,43.4,50.7,56.7,49.5,41.6,34.8,28.1,18.0,11.6,29.9,36.1,42.4,52.9,42.1,35.7,29.4,-49.4,-28.9,-8.1,12.2,31.4,48.0,61.4,71.1,74.4,72.4,62.7,49.5,33.7,15.8,-2.6,-21.5,-40.9,-58.3,-64.9,-65.6,-62.2,-56.3,-55.9,-60.7,-63.0,-61.5,-54.5,-41.5,-28.7,-16.1,-3.5,3.7,6.5,9.0,7.6,5.4,-43.8,-47.7,-46.9,-40.2,-38.5,-39.1,-38.7,-44.8,-44.5,-39.8,-35.8,-36.0,28.2,24.6,22.7,25.0,23.7,27.1,31.7,39.4,42.0,42.2,41.1,37.1,28.9,29.0,30.0,29.8,32.0,32.3,32.8,31.7,669.5,673.3,677.7,680.2,679.6,677.0,671.5,664.5,665.3,675.5,690.7,702.5,707.2,706.4,704.8,703.7,703.8,636.5,631.1,627.6,624.9,624.1,633.3,641.6,651.3,661.4,671.6,630.9,625.1,618.9,613.3,628.1,627.6,627.9,631.6,635.8,636.9,634.5,635.7,637.8,635.9,634.7,650.1,652.8,657.3,664.2,657.8,653.4,644.7,635.2,632.0,633.6,636.3,645.8,659.7,648.0,640.2,636.9,635.5,637.7,642.9,635.1,636.3,639.6,655.6,639.6,636.2,635.2,0.6,0.221,-0.265,0.113,270.623,186.039,-8.212,15.147,-12.133,15.517,6.151,-0.157,-4.918,-0.604,2.901,-1.518,0.784,1.023,0.421,-1.884,-0.861,-0.421,0.397,0.469,-0.905,-1.001,0.559,-0.636,-0.062,-0.484,0.074,-0.088,0.113,0.093,-0.115,0.001,-0.015,0.01,0.01,-0.014,0.71,0.15,0.0,0.63,0.0,0.0,0.0,0.0,0.0,0.56,0.0,0.0,0.0,0.0,0.0,0.0,0.0,0.0,1.0,0.0,1.0,0.0,0.0,0.0,0.0,0.0,0.0,0.0,0.0,0.0,0.0,0.0,0.0,1.0,0.0
PP133,g1,2300,0,0.975,0.210238,0.204498,-0.956023,0.058056,0.188946,-0.98027,0.138,0.2,250.2,251.8,255.1,258.1,259.2,257.8,254.3,251.3,245.7,247.9,250.9,254.5,257.9,260.3,261.9,259.7,256.8,253.6,250.5,247.7,253.2,254.5,255.9,256.6,256.2,254.8,253.4,252.7,287.5,288.7,291.5,294.3,295.4,294.2,291.4,288.4,284.3,286.4,289.2,292.5,295.2,297.1,298.0,296.9,295.0,292.5,289.6,286.6,290.0,291.2,292.4,293.0,292.5,291.2,290.0,289.5,160.1,157.0,155.9,157.5,160.9,164.2,165.0,163.4,161.2,159.6,158.6,158.4,159.3,161.0,163.2,164.2,164.4,164.3,163.7,162.8,161.9,162.6,162.1,160.7,159.3,158.6,159.0,160.4,162.6,159.6,158.4,159.8,162.9,166.0,167.2,166.0,164.6,162.6,161.2,160.8,161.4,162.7,164.5,165.8,166.5,166.7,166.3,165.8,164.1,164.8,164.2,162.9,161.5,160.9,161.4,162.8,0.3,2.4,6.7,10.7,12.0,10.2,5.7,1.7,-5.7,-2.8,1.2,5.9,10.3,13.5,15.6,12.8,8.9,4.7,0.6,-3.1,4.2,5.9,7.8,8.7,8.1,6.3,4.5,3.6,51.1,52.8,56.8,60.8,62.4,60.6,56.6,52.3,46.7,49.5,53.3,57.9,62.0,65.0,66.7,64.7,61.7,58.0,53.9,49.8,54.7,56.4,58.2,58.9,58.2,56.5,54.7,54.0,-35.9,-40.1,-41.5,-39.4,-35.0,-30.5,-29.4,-31.5,-34.8,-36.7,-37.8,-38.1,-36.9,-34.8,-32.0,-30.6,-30.3,-30.4,-31.1,-32.5,-33.7,-32.8,-33.4,-35.2,-37.1,-38.0,-37.4,-35.6,-33.9,-38.1,-39.9,-38.0,-33.7,-29.5,-27.8,-29.3,-31.3,-33.9,-35.7,-36.5,-35.7,-34.3,-31.9,-29.9,-28.8,-28.5,-28.8,-29.6,-31.9,-31.1,-31.9,-33.7,-35.6,-36.4,-35.7,-33.8,512.4,512.9,513.3,513.3,512.9,512.6,512.0,512.0,516.2,513.8,511.6,510.7,511.5,513.1,514.9,513.1,511.4,510.9,511.8,513.8,513.2,513.1,513.3,513.5,513.7,513.7,513.6,513.3,532.0,533.0,534.7,536.2,536.5,535.4,533.7,532.4,532.3,531.6,531.5,532.7,535.5,539.1,542.5,539.1,535.7,533.2,531.9,531.8,534.1,534.7,535.5,536.0,535.8,535.2,534.4,534.0,34.3,-1.4,645.3,0.21,-0.202,0.098,223.6,223.0,223.6,225.4,229.6,236.7,245.5,255.8,266.3,275.1,281.6,287.8,293.4,297.8,301.0,303.5,304.8,236.7,244.0,253.0,261.8,269.6,284.6,291.2,297.4,303.1,306.0,276.5,277.1,277.7,278.4,265.9,270.3,274.8,278.8,282.2,245.6,251.3,257.4,262.0,256.8,250.6,284.3,289.5,294.9,298.2,294.9,289.5,254.4,262.6,269.4,272.9,276.7,280.8,283.7,280.0,275.6,271.6,267.5,261.3,257.4,268.5,272.3,276.1,281.6,275.9,272.1,268.3,159.2,171.3,183.3,194.9,205.9,215.6,223.7,229.9,231.7,229.9,223.6,215.7,206.7,196.8,186.5,176.0,165.1,152.1,147.8,147.1,149.1,152.7,153.4,150.9,150.1,151.5,156.1,162.2,170.0,177.7,185.7,190.2,192.0,193.6,192.6,191.2,161.1,158.6,159.1,163.3,164.3,163.9,164.7,161.0,161.4,164.4,166.6,166.4,205.2,203.1,202.0,203.4,202.5,204.3,206.7,211.6,213.5,213.8,213.2,210.7,205.6,205.8,206.4,206.2,207.0,207.7,208.0,207.4,-45.1,-46.5,-45.8,-42.8,-35.4,-23.1,-7.8,9.8,27.7,43.3,55.9,68.0,78.6,86.4,92.0,96.4,98.7,-21.7,-9.7,4.8,18.9,31.2,56.0,67.6,79.0,89.9,96.3,42.8,43.3,43.9,44.5,25.5,32.6,39.8,46.5,52.5,-7.2,2.1,12.1,19.6,11.0,0.9,57.0,66.0,75.5,81.9,75.6,66.1,7.2,20.6,31.3,37.2,43.5,50.9,56.9,49.7,41.9,35.1,28.5,18.5,12.1,30.1,36.3,42.6,53.0,42.3,36.0,29.7,-48.5,-28.0,-7.3,12.9,32.1,48.7,62.2,72.0,75.3,73.3,63.8,50.7,34.8,16.9,-1.7,-20.8,-40.4,-57.7,-64.2,-64.9,-61.4,-55.6,-55.3,-60.1,-62.4,-61.0,-54.0,-40.9,-28.0,-15.5,-2.8,4.4,7.3,9.8,8.3,6.1,-43.0,-47.0,-46.1,-39.5,-37.7,-38.3,-38.0,-44.2,-43.9,-39.2,-35.1,-35.3,29.1,25.4,23.5,25.8,24.4,27.8,32.4,40.0,42.6,42.8,41.8,37.8,29.8,29.8,30.8,30.6,32.7,33.0,33.4,32.4,669.0,672.8,677.1,679.7,679.2,676.7,671.2,664.2,665.0,675.3,690.6,702.5,707.3,706.5,704.9,703.6,703.5,636.3,630.9,627.4,624.8,624.0,633.0,641.4,650.9,661.0,671.3,630.7,625.0,618.8,613.1,627.9,627.4,627.7,631.4,635.7,636.9,634.4,635.6,637.7,635.8,634.7,649.9,652.6,657.1,664.0,657.6,653.1,644.3,634.8,631.7,633.4,636.1,645.5,659.2,647.5,639.8,636.6,635.2,637.3,642.5,634.8,636.0,639.3,655.1,639.3,635.9,634.9,0.6,0.22,-0.267,0.111,270.69,186.484,-8.081,14.106,-12.744,16.072,5.5,0.091,-4.614,-0.009,2.847,-1.98,0.607,0.927,0.173,-2.164,-0.704,-0.549,0.3,0.442,-0.97,-1.07,0.506,-0.471,-0.22,-0.544,0.12,-0.015,0.095,0.094,-0.123,-0.003,-0.022,0.007,0.01,-0.011,0.47,0.0,0.0,0.68,0.0,0.0,0.0,0.0,0.0,0.43,0.0,0.0,0.0,0.0,0.0,0.0,0.0,0.0,1.0,0.0,0.0,0.0,0.0,0.0,0.0,0.0,0.0,0.0,0.0,0.0,0.0,0.0,0.0,1.0,0.0
PP133,g1,2306,0,0.975,0.210635,0.206766,-0.955448,0.058996,0.190873,-0.97984,0.138,0.203,250.6,252.1,255.4,258.5,259.5,258.1,254.6,251.6,246.0,248.2,251.3,254.8,258.2,260.6,262.2,260.1,257.1,253.9,250.8,248.0,253.5,254.8,256.3,257.0,256.5,255.2,253.7,253.0,287.8,289.0,291.8,294.6,295.7,294.6,291.8,288.7,284.6,286.7,289.5,292.8,295.6,297.4,298.3,297.2,295.3,292.8,289.9,286.9,290.3,291.5,292.8,293.3,292.8,291.5,290.3,289.8,160.3,157.2,156.1,157.7,161.1,164.4,165.2,163.6,161.4,159.7,158.8,158.5,159.5,161.2,163.4,164.4,164.6,164.5,163.9,162.9,162.0,162.7,162.3,160.9,159.5,158.8,159.2,160.6,162.8,159.7,158.6,160.0,163.1,166.2,167.4,166.2,164.8,162.8,161.4,160.9,161.6,162.9,164.7,166.0,166.7,166.9,166.5,166.0,164.3,164.9,164.4,163.1,161.7,161.1,161.6,163.0,0.7,2.8,7.1,11.1,12.5,10.6,6.1,2.1,-5.3,-2.3,1.7,6.3,10.8,14.0,16.1,13.2,9.4,5.1,1.0,-2.6,4.6,6.3,8.2,9.1,8.5,6.8,4.9,4.0,51.5,53.2,57.2,61.1,62.8,61.0,57.0,52.7,47.1,49.9,53.7,58.3,62.4,65.3,67.0,65.1,62.1,58.4,54.3,50.2,55.1,56.8,58.6,59.3,58.6,56.9,55.1,54.4,-35.7,-39.8,-41.2,-39.1,-34.7,-30.3,-29.2,-31.3,-34.5,-36.5,-37.6,-37.9,-36.7,-34.6,-31.8,-30.4,-30.0,-30.1,-30.9,-32.3,-33.4,-32.5,-33.1,-34.9,-36.9,-37.8,-37.2,-35.4,-33.6,-37.8,-39.6,-37.7,-33.4,-29.2,-27.5,-29.0,-31.0,-33.6,-35.4,-36.2,-35.4,-34.0,-31.7,-29.6,-28.5,-28.1,-28.5,-29.3,-31.7,-30.9,-31.6,-33.5,-35.3,-36.1,-35.4,-33.5,512.3,512.8,513.2,513.2,512.8,512.5,511.9,511.9,516.2,513.7,511.6,510.7,511.5,513.1,514.8,513.1,511.3,510.8,511.7,513.7,513.1,513.1,513.2,513.5,513.6,513.7,513.5,513.3,531.6,532.6,534.3,535.8,536.1,535.1,533.3,532.0,531.8,531.2,531.1,532.3,535.1,538.7,542.1,538.8,535.4,532.8,531.5,531.4,533.7,534.4,535.1,535.6,535.4,534.8,534.0,533.6,34.8,-1.0,645.8,0.215,-0.203,0.099,223.9,223.3,223.8,225.6,229.9,236.9,245.7,256.0,266.5,275.3,281.9,288.1,293.6,298.0,301.2,303.7,305.0,237.1,244.4,253.4,262.2,269.9,284.9,291.5,297.7,303.4,306.3,276.9,277.4,278.0,278.7,266.2,270.6,275.0,279.1,282.5,245.9,251.6,257.8,262.3,257.1,250.9,284.6,289.8,295.2,298.5,295.2,289.8,254.6,262.9,269.6,273.2,277.0,281.0,283.9,280.2,275.8,271.8,267.7,261.6,257.6,268.8,272.5,276.3,281.8,276.1,272.3,268.5,159.4,171.4,183.4,195.0,206.0,215.7,223.8,229.9,231.8,230.0,223.6,215.6,206.7,196.9,186.6,176.2,165.4,152.2,147.9,147.3,149.3,152.9,153.7,151.2,150.3,151.7,156.2,162.5,170.3,178.1,186.1,190.6,192.4,193.9,193.0,191.6,161.3,158.7,159.3,163.5,164.5,164.1,164.9,161.2,161.6,164.6,166.8,166.6,205.4,203.4,202.3,203.7,202.8,204.6,206.9,211.8,213.7,214.0,213.4,210.9,205.8,206.1,206.7,206.5,207.2,207.9,208.2,207.6,-44.6,-46.0,-45.4,-42.5,-35.1,-22.7,-7.4,10.2,28.2,43.8,56.4,68.5,79.0,86.8,92.4,96.8,99.1,-21.1,-9.0,5.5,19.5,31.8,56.6,68.2,79.6,90.4,96.8,43.4,43.8,44.5,45.0,26.0,33.1,40.2,47.0,52.9,-6.7,2.6,12.7,20.1,11.6,1.5,57.6,66.5,76.1,82.4,76.1,66.7,7.6,21.0,31.8,37.6,44.0,51.3,57.3,50.1,42.3,35.6,28.9,18.9,12.5,30.6,36.7,43.1,53.5,42.8,36.4,30.1,-48.2,-27.8,-7.2,13.0,32.2,48.8,62.3,72.2,75.5,73.5,63.8,50.6,34.8,17.0,-1.5,-20.4,-39.9,-57.5,-63.9,-64.5,-61.0,-55.2,-54.8,-59.7,-62.0,-60.6,-53.7,-40.5,-27.5,-14.9,-2.2,4.9,7.8,10.3,8.8,6.6,-42.8,-46.7,-45.8,-39.2,-37.4,-38.0,-37.7,-43.9,-43.6,-38.9,-34.8,-35.0,29.5,25.9,24.0,26.3,24.9,28.3,32.8,40.4,43.0,43.3,42.2,38.2,30.2,30.3,31.3,31.1,33.1,33.4,33.8,32.7,668.9,672.9,677.4,680.0,679.6,677.1,671.6,664.7,665.6,675.9,691.2,703.1,707.8,706.9,705.2,703.9,703.7,636.0,630.7,627.3,624.7,624.0,633.1,641.5,651.0,661.1,671.3,630.9,625.3,619.1,613.6,628.4,627.9,628.2,631.9,636.2,636.9,634.4,635.6,637.8,635.9,634.7,650.1,652.8,657.3,664.3,657.9,653.4,644.8,635.3,632.3,634.0,636.7,646.1,659.8,648.2,640.5,637.2,635.8,637.8,643.0,635.4,636.6,639.9,655.7,639.8,636.5,635.4,0.6,0.226,-0.268,0.113,270.968,186.686,-8.451,14.454,-13.23,15.859,5.757,0.353,-4.696,0.282,2.729,-1.541,0.875,0.829,0.163,-2.14,-0.587,-0.594,0.376,0.514,-0.766,-1.054,0.599,-0.417,-0.221,-0.496,0.113,-0.019,0.104,0.095,-0.117,-0.004,-0.019,0.009,0.011,-0.013,0.43,0.0,0.0,0.55,0.0,0.0,0.0,0.0,0.0,0.58,0.0,0.0,0.0,0.0,0.0,0.0,0.0,0.0,1.0,0.0,1.0,0.0,0.0,0.0,0.0,0.0,0.0,0.0,0.0,0.0,0.0,0.0,0.0,1.0,0.0
PP133,g1,2312,0,0.975,0.210576,0.214088,-0.953847,0.057587,0.197223,-0.978666,0.138,0.21,251.0,252.6,255.8,258.9,259.9,258.5,255.0,252.0,246.4,248.7,251.7,255.3,258.6,261.0,262.5,260.4,257.5,254.3,251.2,248.4,253.9,255.2,256.7,257.3,256.9,255.6,254.2,253.5,288.2,289.4,292.2,295.0,296.1,294.9,292.1,289.1,285.0,287.1,289.9,293.2,295.9,297.7,298.7,297.5,295.6,293.2,290.3,287.2,290.7,291.9,293.1,293.6,293.2,291.9,290.7,290.2,160.2,157.1,156.1,157.7,161.0,164.4,165.2,163.6,161.3,159.7,158.8,158.5,159.5,161.2,163.4,164.4,164.5,164.4,163.9,162.9,162.0,162.7,162.3,160.9,159.4,158.7,159.2,160.5,162.9,159.8,158.7,160.1,163.2,166.3,167.4,166.2,164.8,162.9,161.5,161.0,161.7,162.9,164.8,166.1,166.8,166.9,166.6,166.0,164.4,165.0,164.5,163.2,161.8,161.2,161.7,163.0,1.3,3.4,7.7,11.7,13.0,11.2,6.6,2.6,-4.7,-1.8,2.2,6.9,11.3,14.5,16.6,13.7,9.9,5.7,1.6,-2.1,5.1,6.9,8.8,9.7,9.1,7.4,5.5,4.6,52.1,53.8,57.8,61.8,63.4,61.6,57.6,53.3,47.7,50.6,54.3,58.9,63.0,66.0,67.7,65.7,62.7,59.0,54.9,50.8,55.7,57.4,59.2,59.9,59.3,57.5,55.8,55.0,-35.9,-40.0,-41.4,-39.2,-34.8,-30.4,-29.3,-31.5,-34.7,-36.7,-37.7,-38.0,-36.8,-34.7,-31.8,-30.5,-30.2,-30.3,-31.0,-32.5,-33.6,-32.7,-33.3,-35.1,-37.0,-37.9,-37.3,-35.5,-33.6,-37.8,-39.5,-37.7,-33.4,-29.1,-27.5,-29.0,-30.9,-33.6,-35.4,-36.1,-35.4,-33.9,-31.6,-29.6,-28.5,-28.1,-28.5,-29.2,-31.6,-30.8,-31.5,-33.4,-35.3,-36.1,-35.3,-33.5,513.6,514.2,514.6,514.6,514.2,513.9,513.3,513.3,517.5,515.0,512.9,512.0,512.9,514.5,516.3,514.5,512.7,512.2,513.0,515.1,514.5,514.5,514.6,514.9,515.0,515.0,514.9,514.6,532.6,533.6,535.3,536.8,537.1,536.1,534.4,533.0,532.8,532.2,532.1,533.3,536.1,539.7,543.1,539.8,536.4,533.8,532.5,532.5,534.7,535.4,536.1,536.6,536.4,535.8,535.0,534.6,35.1,-1.1,646.5,0.226,-0.203,0.105,224.3,223.6,224.0,225.7,229.9,236.9,245.7,255.9,266.4,275.2,281.8,288.1,293.7,298.1,301.4,304.0,305.4,237.5,244.9,253.9,262.7,270.4,285.4,292.0,298.2,303.9,306.7,277.3,277.7,278.3,278.9,266.3,270.8,275.2,279.2,282.7,246.3,252.0,258.2,262.7,257.5,251.3,285.0,290.2,295.6,298.8,295.6,290.2,254.6,262.9,269.7,273.2,277.1,281.1,284.0,280.3,275.8,271.8,267.7,261.5,257.6,268.8,272.6,276.4,282.0,276.2,272.3,268.5,159.1,171.0,183.0,194.6,205.6,215.3,223.4,229.7,231.6,229.8,223.3,215.4,206.5,196.7,186.5,176.0,165.3,152.1,147.9,147.3,149.4,153.0,153.8,151.3,150.4,151.8,156.3,162.6,170.4,178.3,186.3,190.6,192.4,194.0,193.1,191.7,161.2,158.7,159.3,163.5,164.5,164.1,164.9,161.3,161.7,164.7,166.9,166.6,205.1,203.3,202.3,203.7,202.8,204.6,206.8,211.8,213.7,214.0,213.3,210.7,205.6,206.1,206.7,206.5,207.2,207.9,208.2,207.6,-44.0,-45.6,-45.1,-42.3,-35.0,-22.7,-7.4,10.1,28.0,43.6,56.3,68.6,79.2,87.2,92.9,97.4,99.8,-20.3,-8.3,6.3,20.3,32.6,57.4,69.0,80.3,91.2,97.5,44.1,44.4,45.0,45.4,26.3,33.4,40.6,47.3,53.3,-6.0,3.3,13.3,20.7,12.2,2.1,58.2,67.2,76.8,83.1,76.8,67.3,7.5,21.0,31.9,37.8,44.2,51.6,57.6,50.3,42.4,35.6,28.8,18.8,12.5,30.6,36.8,43.2,53.7,42.9,36.5,30.1,-48.7,-28.4,-7.8,12.3,31.5,48.2,61.8,71.8,75.2,73.2,63.5,50.3,34.5,16.7,-1.8,-20.6,-40.1,-57.7,-64.0,-64.6,-61.0,-55.1,-54.7,-59.5,-61.9,-60.5,-53.6,-40.3,-27.3,-14.6,-1.8,5.0,7.9,10.5,9.0,6.8,-42.9,-46.8,-45.9,-39.2,-37.5,-38.1,-37.6,-43.7,-43.4,-38.8,-34.7,-34.9,29.1,25.8,24.0,26.3,25.0,28.3,32.7,40.4,43.1,43.2,42.1,38.0,29.9,30.3,31.4,31.1,33.0,33.4,33.8,32.7,669.0,673.1,677.7,680.6,680.3,677.9,672.5,665.8,666.7,677.0,692.2,703.9,708.6,707.7,705.8,704.4,704.2,636.1,630.8,627.4,624.8,624.2,633.4,641.6,651.2,661.2,671.5,631.2,625.7,619.7,614.3,629.1,628.7,629.0,632.7,636.9,637.0,634.5,635.8,638.0,636.1,634.9,650.4,653.0,657.5,664.5,658.2,653.7,645.7,636.3,633.2,634.9,637.6,647.1,660.9,649.3,641.6,638.3,636.9,638.9,643.9,636.4,637.6,641.0,656.8,640.9,637.5,636.4,0.6,0.235,-0.268,0.12,271.164,186.627,-9.047,14.201,-12.926,15.126,6.172,0.658,-4.821,-0.074,2.555,-1.191,0.873,0.854,0.362,-1.998,-0.676,-0.544,0.305,0.545,-0.792,-1.107,0.485,-0.517,-0.061,-0.46,0.205,-0.087,0.111,0.093,-0.107,0.001,-0.018,0.01,0.01,-0.011,0.27,0.0,0.0,0.79,0.0,0.0,0.11,0.0,0.0,0.88,0.0,0.0,0.0,0.0,0.0,0.0,0.0,0.0,1.0,0.0,1.0,0.0,0.0,0.0,0.0,0.0,1.0,0.0,0.0,0.0,0.0,0.0,0.0,1.0,0.0
PP133,g1,2318,0,0.975,0.21405,0.216026,-0.952636,0.058677,0.198843,-0.978273,0.14,0.212,251.6,253.2,256.5,259.6,260.6,259.2,255.7,252.7,247.0,249.3,252.4,256.0,259.3,261.7,263.2,261.1,258.2,255.0,251.8,249.0,254.6,255.9,257.3,258.0,257.6,256.3,254.8,254.1,288.9,290.0,292.8,295.6,296.7,295.6,292.8,289.7,285.6,287.8,290.5,293.8,296.6,298.4,299.3,298.2,296.3,293.8,290.9,287.9,291.3,292.5,293.8,294.3,293.8,292.6,291.4,290.8,160.0,156.9,155.9,157.6,160.9,164.3,165.0,163.4,161.1,159.5,158.6,158.4,159.3,161.0,163.3,164.2,164.4,164.3,163.7,162.7,161.8,162.5,162.1,160.7,159.3,158.6,159.0,160.4,162.8,159.7,158.6,160.0,163.1,166.2,167.3,166.2,164.7,162.8,161.4,161.0,161.6,162.9,164.7,166.0,166.7,166.9,166.5,166.0,164.3,164.9,164.4,163.1,161.7,161.1,161.6,162.9,2.2,4.3,8.6,12.6,13.9,12.0,7.4,3.5,-3.9,-0.9,3.1,7.8,12.2,15.4,17.4,14.6,10.7,6.5,2.4,-1.3,6.0,7.7,9.6,10.5,10.0,8.2,6.3,5.4,53.0,54.7,58.7,62.7,64.3,62.5,58.5,54.2,48.6,51.5,55.2,59.8,63.9,66.9,68.6,66.6,63.6,59.9,55.8,51.7,56.6,58.3,60.1,60.8,60.2,58.4,56.7,55.9,-36.0,-40.1,-41.5,-39.3,-34.9,-30.4,-29.4,-31.6,-34.9,-36.8,-37.8,-38.1,-36.9,-34.7,-31.9,-30.5,-30.2,-30.4,-31.2,-32.6,-33.7,-32.7,-33.3,-35.1,-37.1,-38.0,-37.4,-35.6,-33.7,-37.9,-39.6,-37.8,-33.5,-29.3,-27.6,-29.1,-31.1,-33.7,-35.5,-36.2,-35.5,-34.1,-31.7,-29.7,-28.6,-28.2,-28.6,-29.4,-31.7,-30.9,-31.7,-33.5,-35.4,-36.2,-35.5,-33.6,511.7,512.3,512.7,512.7,512.4,512.1,511.4,511.4,515.5,513.1,511.0,510.2,511.0,512.7,514.5,512.7,510.9,510.3,511.1,513.1,512.6,512.6,512.8,513.0,513.2,513.1,513.0,512.7,532.7,533.7,535.4,536.9,537.2,536.2,534.5,533.1,533.0,532.3,532.2,533.4,536.2,539.8,543.3,540.0,536.6,534.0,532.7,532.6,534.9,535.5,536.3,536.7,536.6,535.9,535.1,534.7,36.1,-1.3,646.1,0.23,-0.208,0.11,224.8,224.0,224.5,226.1,230.2,237.2,246.0,256.2,266.7,275.5,282.0,288.3,294.0,298.5,301.8,304.4,305.9,238.1,245.5,254.6,263.5,271.2,286.0,292.6,298.9,304.5,307.4,278.0,278.4,279.1,279.6,267.0,271.4,275.8,279.9,283.3,246.9,252.7,258.9,263.4,258.2,251.9,285.6,290.9,296.2,299.5,296.2,290.8,255.1,263.5,270.4,273.9,277.7,281.7,284.5,280.8,276.3,272.3,268.3,262.1,258.2,269.5,273.2,276.9,282.5,276.7,272.9,269.1,158.8,170.7,182.6,194.2,205.1,214.8,222.9,229.2,231.2,229.5,223.1,215.3,206.5,196.7,186.5,176.0,165.3,151.9,147.7,147.2,149.3,153.0,153.8,151.2,150.4,151.7,156.3,162.5,170.4,178.2,186.2,190.5,192.3,193.9,192.9,191.5,161.0,158.5,159.2,163.4,164.4,163.9,164.9,161.2,161.6,164.6,166.8,166.6,204.9,203.1,202.2,203.5,202.7,204.4,206.7,211.7,213.7,213.9,213.3,210.6,205.4,205.9,206.5,206.3,207.0,207.8,208.1,207.5,-43.1,-44.7,-44.2,-41.6,-34.4,-22.2,-6.9,10.6,28.5,44.1,56.7,69.0,79.7,87.8,93.7,98.2,100.8,-19.3,-7.2,7.4,21.6,33.9,58.4,70.0,81.4,92.3,98.7,45.1,45.5,46.1,46.5,27.4,34.5,41.6,48.3,54.3,-5.0,4.4,14.4,21.8,13.3,3.2,59.3,68.3,77.8,84.1,77.8,68.3,8.5,22.0,33.0,38.8,45.1,52.4,58.4,51.1,43.2,36.5,29.8,19.8,13.5,31.7,37.8,44.1,54.6,43.8,37.4,31.2,-49.1,-28.8,-8.5,11.6,30.7,47.3,61.0,71.1,74.5,72.7,63.1,50.1,34.4,16.7,-1.8,-20.7,-40.1,-57.9,-64.2,-64.7,-61.0,-55.1,-54.6,-59.5,-61.9,-60.5,-53.7,-40.3,-27.4,-14.8,-2.0,4.8,7.7,10.2,8.8,6.6,-43.2,-47.0,-46.1,-39.3,-37.7,-38.3,-37.7,-43.9,-43.6,-38.9,-34.8,-35.0,28.8,25.5,23.8,26.1,24.7,28.0,32.4,40.2,42.9,43.1,42.0,37.8,29.5,30.0,31.0,30.8,32.8,33.3,33.7,32.5,667.9,671.8,676.4,679.3,679.2,677.0,671.8,665.2,666.2,676.5,691.8,703.7,708.6,707.9,706.3,705.0,704.8,635.2,629.9,626.5,624.0,623.4,632.7,641.0,650.7,661.0,671.4,630.5,625.1,619.1,613.7,628.4,628.0,628.4,632.1,636.4,636.2,633.7,635.0,637.4,635.4,634.1,649.9,652.5,657.2,664.2,657.8,653.3,645.0,635.7,632.6,634.3,637.0,646.6,660.5,649.0,641.2,638.0,636.5,638.4,643.3,635.8,637.1,640.4,656.4,640.4,637.1,636.0,0.6,0.239,-0.275,0.126,271.732,186.481,-7.79,13.07,-12.516,14.996,6.677,0.081,-4.299,0.318,2.899,-0.961,1.015,0.932,0.312,-1.931,-0.754,-0.49,0.456,0.427,-0.825,-0.863,0.708,-0.617,-0.083,-0.388,0.133,-0.014,0.083,0.073,-0.103,0.005,-0.015,0.016,0.011,-0.011,0.36,0.0,0.0,0.97,0.0,0.0,0.0,0.0,0.0,0.21,0.0,0.0,0.0,0.0,0.0,0.0,0.0,0.0,1.0,0.0,1.0,0.0,0.0,0.0,0.0,0.0,0.0,0.0,0.0,0.0,0.0,0.0,0.0,1.0,0.0
PP133,g1,2324,0,0.975,0.213519,0.2134,-0.953347,0.058128,0.196424,-0.978794,0.14,0.209,251.5,253.0,256.3,259.4,260.4,259.0,255.5,252.5,246.9,249.1,252.2,255.8,259.1,261.5,263.0,260.9,258.0,254.8,251.7,248.9,254.4,255.7,257.1,257.8,257.4,256.1,254.6,253.9,288.7,289.8,292.6,295.4,296.5,295.4,292.6,289.5,285.4,287.6,290.3,293.6,296.4,298.2,299.1,298.0,296.1,293.6,290.7,287.7,291.1,292.4,293.6,294.1,293.6,292.4,291.2,290.6,160.0,156.9,155.8,157.5,160.8,164.2,164.9,163.3,161.0,159.4,158.5,158.3,159.2,160.9,163.2,164.1,164.3,164.2,163.6,162.6,161.8,162.5,162.0,160.7,159.2,158.5,158.9,160.3,162.6,159.6,158.4,159.8,163.0,166.0,167.2,166.0,164.6,162.6,161.3,160.8,161.5,162.7,164.5,165.9,166.5,166.7,166.4,165.8,164.2,164.8,164.3,162.9,161.6,161.0,161.5,162.8,1.9,4.0,8.3,12.3,13.6,11.8,7.2,3.2,-4.1,-1.2,2.9,7.5,11.9,15.1,17.2,14.3,10.5,6.3,2.2,-1.5,5.7,7.5,9.4,10.3,9.7,8.0,6.1,5.2,52.7,54.4,58.4,62.4,64.0,62.3,58.2,53.9,48.4,51.2,54.9,59.5,63.6,66.6,68.3,66.3,63.3,59.6,55.5,51.4,56.3,58.0,59.8,60.6,59.9,58.1,56.4,55.6,-36.1,-40.2,-41.6,-39.5,-35.0,-30.6,-29.5,-31.7,-35.0,-36.9,-37.9,-38.2,-37.0,-34.9,-32.1,-30.7,-30.4,-30.5,-31.3,-32.7,-33.8,-32.9,-33.5,-35.3,-37.2,-38.1,-37.5,-35.7,-33.9,-38.1,-39.8,-38.0,-33.7,-29.5,-27.8,-29.3,-31.2,-33.9,-35.7,-36.5,-35.7,-34.3,-31.9,-29.9,-28.8,-28.4,-28.8,-29.5,-31.9,-31.1,-31.9,-33.7,-35.6,-36.4,-35.7,-33.8,512.0,512.5,512.9,513.0,512.6,512.3,511.6,511.6,515.8,513.3,511.2,510.4,511.3,512.9,514.7,512.9,511.1,510.5,511.4,513.4,512.8,512.8,513.0,513.2,513.4,513.4,513.2,513.0,532.6,533.6,535.3,536.8,537.1,536.1,534.4,533.0,532.9,532.2,532.1,533.3,536.1,539.7,543.1,539.8,536.4,533.9,532.5,532.5,534.7,535.4,536.2,536.6,536.4,535.8,535.0,534.6,35.9,-1.6,647.0,0.225,-0.206,0.106,224.6,223.9,224.3,226.0,230.2,237.3,246.1,256.4,266.9,275.6,282.1,288.4,294.0,298.4,301.7,304.3,305.7,237.8,245.2,254.3,263.2,271.0,285.8,292.4,298.6,304.3,307.2,277.8,278.2,278.9,279.5,266.9,271.3,275.7,279.7,283.2,246.7,252.5,258.7,263.2,258.0,251.8,285.4,290.7,296.0,299.3,296.0,290.7,255.1,263.5,270.3,273.8,277.6,281.5,284.4,280.7,276.3,272.3,268.3,262.1,258.2,269.4,273.1,276.8,282.4,276.6,272.9,269.1,158.7,170.7,182.6,194.2,205.2,214.8,222.8,229.0,230.9,229.1,222.8,215.0,206.2,196.5,186.3,175.9,165.1,151.9,147.7,147.1,149.1,152.8,153.6,151.1,150.2,151.6,156.1,162.3,170.2,177.9,185.9,190.3,192.1,193.6,192.7,191.3,160.9,158.5,159.1,163.3,164.3,163.8,164.7,161.1,161.5,164.5,166.7,166.4,204.8,203.0,202.0,203.3,202.4,204.2,206.5,211.4,213.3,213.6,213.0,210.4,205.3,205.7,206.3,206.1,206.8,207.5,207.8,207.2,-43.6,-45.0,-44.5,-41.8,-34.4,-22.1,-6.7,10.9,28.8,44.4,57.0,69.2,79.9,87.9,93.6,98.2,100.6,-19.8,-7.7,7.0,21.2,33.6,58.1,69.7,81.2,92.1,98.5,44.9,45.3,45.8,46.4,27.2,34.3,41.4,48.2,54.1,-5.3,4.1,14.1,21.6,13.0,2.9,59.0,68.0,77.6,83.9,77.6,68.1,8.5,22.0,32.9,38.7,45.0,52.3,58.3,51.0,43.2,36.5,29.8,19.8,13.5,31.6,37.7,44.0,54.5,43.7,37.4,31.1,-49.3,-29.0,-8.5,11.6,30.7,47.4,60.9,70.8,74.1,72.2,62.6,49.6,34.0,16.3,-2.1,-21.0,-40.5,-58.0,-64.4,-65.0,-61.4,-55.4,-55.0,-59.9,-62.3,-60.9,-54.0,-40.7,-27.8,-15.2,-2.5,4.4,7.3,9.8,8.4,6.2,-43.4,-47.2,-46.3,-39.6,-37.9,-38.5,-38.0,-44.2,-43.9,-39.2,-35.1,-35.3,28.6,25.2,23.4,25.7,24.4,27.7,32.1,39.8,42.4,42.6,41.5,37.5,29.3,29.7,30.7,30.5,32.4,32.8,33.2,32.1,669.4,673.4,677.9,680.6,680.4,678.1,672.7,666.0,667.0,677.3,692.6,704.5,709.4,708.7,707.1,705.9,705.8,636.6,631.2,627.8,625.2,624.5,633.8,642.1,651.8,662.1,672.5,631.6,626.1,620.1,614.7,629.3,629.0,629.3,633.0,637.3,637.4,634.9,636.2,638.5,636.5,635.3,650.9,653.6,658.2,665.3,658.9,654.3,645.9,636.6,633.5,635.2,637.9,647.4,661.3,649.6,641.9,638.7,637.2,639.2,644.2,636.6,637.9,641.2,657.1,641.2,637.8,636.7,0.599,0.234,-0.273,0.121,271.624,186.301,-7.091,13.626,-12.821,14.782,6.888,0.04,-4.402,0.139,2.852,-1.105,0.83,0.882,0.444,-1.935,-0.826,-0.384,0.418,0.551,-0.868,-0.799,0.681,-0.654,-0.071,-0.392,0.135,-0.049,0.077,0.085,-0.106,0.005,-0.016,0.011,0.004,-0.009,0.18,0.0,0.0,0.94,0.0,0.0,0.01,0.0,0.0,0.59,0.0,0.0,0.0,0.0,0.0,0.0,0.0,0.0,1.0,0.0,1.0,0.0,0.0,0.0,0.0,0.0,1.0,0.0,0.0,0.0,0.0,0.0,0.0,1.0,0.0
PP133,g1,2330,0,0.975,0.212986,0.212108,-0.953754,0.058989,0.196184,-0.978791,0.14,0.208,251.4,253.0,256.2,259.2,260.3,258.9,255.4,252.4,246.8,249.1,252.1,255.6,259.0,261.4,262.9,260.8,257.9,254.7,251.6,248.8,254.3,255.6,257.0,257.7,257.3,256.0,254.5,253.8,288.5,289.6,292.4,295.2,296.3,295.2,292.4,289.3,285.3,287.4,290.1,293.4,296.2,298.0,298.9,297.8,295.9,293.4,290.5,287.5,291.0,292.2,293.4,293.9,293.4,292.2,291.0,290.5,160.0,156.9,155.9,157.5,160.8,164.2,165.0,163.4,161.1,159.5,158.6,158.3,159.3,161.0,163.2,164.1,164.3,164.2,163.7,162.7,161.8,162.5,162.0,160.7,159.2,158.5,159.0,160.3,162.5,159.5,158.3,159.7,162.8,165.9,167.0,165.9,164.5,162.5,161.2,160.7,161.3,162.6,164.4,165.7,166.4,166.6,166.3,165.7,164.0,164.7,164.1,162.8,161.4,160.8,161.3,162.7,1.8,3.9,8.2,12.2,13.5,11.7,7.2,3.2,-4.2,-1.2,2.7,7.4,11.8,15.0,17.1,14.3,10.4,6.2,2.1,-1.6,5.7,7.4,9.3,10.2,9.6,7.9,6.0,5.1,52.7,54.4,58.4,62.3,64.0,62.2,58.2,53.9,48.3,51.1,54.9,59.5,63.6,66.5,68.2,66.3,63.3,59.6,55.5,51.4,56.3,58.0,59.8,60.5,59.8,58.1,56.3,55.6,-36.2,-40.3,-41.7,-39.6,-35.2,-30.7,-29.6,-31.8,-35.0,-37.0,-38.0,-38.3,-37.1,-35.0,-32.2,-30.8,-30.5,-30.6,-31.3,-32.7,-33.9,-33.0,-33.6,-35.4,-37.3,-38.2,-37.6,-35.8,-34.2,-38.4,-40.1,-38.3,-34.0,-29.8,-28.1,-29.6,-31.5,-34.2,-36.0,-36.8,-36.0,-34.6,-32.3,-30.2,-29.1,-28.7,-29.1,-29.8,-32.2,-31.4,-32.2,-34.0,-35.9,-36.7,-36.0,-34.1,514.4,514.9,515.3,515.3,515.0,514.7,514.0,514.0,518.2,515.8,513.6,512.8,513.6,515.2,517.0,515.2,513.5,512.9,513.8,515.8,515.2,515.2,515.4,515.6,515.8,515.8,515.6,515.3,534.6,535.6,537.4,538.8,539.2,538.2,536.4,535.1,534.9,534.2,534.2,535.3,538.2,541.8,545.2,541.9,538.5,535.9,534.6,534.5,536.8,537.4,538.2,538.6,538.5,537.9,537.1,536.7,36.0,-1.7,648.3,0.223,-0.205,0.1,224.6,223.9,224.5,226.2,230.5,237.5,246.4,256.7,267.2,275.9,282.5,288.6,294.2,298.5,301.7,304.3,305.6,237.9,245.3,254.3,263.1,270.8,285.6,292.1,298.3,304.0,306.9,277.6,278.1,278.8,279.4,266.9,271.3,275.7,279.7,283.1,246.7,252.4,258.6,263.1,257.9,251.7,285.3,290.5,295.8,299.1,295.8,290.5,255.4,263.7,270.4,273.9,277.7,281.7,284.5,280.8,276.5,272.5,268.5,262.3,258.4,269.5,273.2,277.0,282.5,276.8,273.0,269.3,159.0,170.9,182.8,194.4,205.3,214.9,223.0,229.1,231.0,229.1,222.7,214.8,206.0,196.2,186.1,175.7,164.9,152.0,147.8,147.2,149.2,152.9,153.6,151.0,150.1,151.4,155.9,162.3,170.1,177.8,185.8,190.2,192.0,193.5,192.6,191.2,161.0,158.5,159.1,163.3,164.3,163.9,164.6,161.0,161.3,164.3,166.5,166.3,204.9,202.9,201.9,203.2,202.3,204.1,206.4,211.3,213.2,213.5,212.9,210.4,205.3,205.6,206.2,206.0,206.7,207.4,207.8,207.2,-43.6,-45.0,-44.4,-41.6,-34.1,-21.7,-6.2,11.4,29.4,45.0,57.7,69.8,80.4,88.2,93.8,98.2,100.5,-19.8,-7.6,6.9,21.0,33.4,57.8,69.4,80.8,91.7,98.1,44.7,45.2,45.8,46.4,27.3,34.4,41.6,48.3,54.2,-5.4,3.9,14.0,21.4,12.9,2.8,58.9,67.8,77.4,83.7,77.4,68.0,8.9,22.3,33.1,38.9,45.3,52.6,58.6,51.4,43.6,36.8,30.2,20.2,13.8,31.9,38.0,44.3,54.7,44.1,37.7,31.4,-49.0,-28.6,-8.1,12.0,31.1,47.7,61.2,71.1,74.4,72.3,62.6,49.4,33.6,15.9,-2.5,-21.4,-40.8,-58.0,-64.3,-64.9,-61.4,-55.5,-55.2,-60.1,-62.6,-61.3,-54.4,-40.9,-28.0,-15.4,-2.7,4.4,7.2,9.7,8.2,6.0,-43.3,-47.2,-46.3,-39.7,-37.9,-38.5,-38.2,-44.5,-44.2,-39.6,-35.5,-35.6,28.8,25.2,23.3,25.6,24.2,27.5,32.0,39.7,42.4,42.6,41.6,37.6,29.4,29.6,30.6,30.4,32.3,32.7,33.2,32.1,670.9,674.9,679.5,682.3,682.0,679.6,674.2,667.4,668.4,678.8,694.1,705.9,710.7,709.9,708.1,706.8,706.6,637.9,632.6,629.2,626.7,626.1,635.2,643.5,653.2,663.3,673.7,633.1,627.5,621.5,616.1,630.7,630.3,630.7,634.4,638.7,638.9,636.4,637.6,639.9,638.0,636.8,652.3,655.0,659.6,666.6,660.2,655.7,647.2,637.8,634.7,636.4,639.1,648.6,662.5,650.9,643.2,640.0,638.5,640.5,645.5,637.9,639.2,642.5,658.3,642.5,639.1,638.0,0.598,0.232,-0.272,0.115,271.654,186.26,-7.491,14.247,-13.083,15.032,6.036,-0.173,-4.217,0.272,2.756,-1.255,1.167,0.749,0.176,-2.014,-0.736,-0.38,0.341,0.486,-0.722,-0.918,0.694,-0.498,-0.116,-0.433,0.154,-0.033,0.105,0.076,-0.108,0.001,-0.02,0.009,0.01,-0.011,0.07,0.0,0.0,0.47,0.0,0.0,0.15,0.0,0.0,0.48,0.0,0.0,0.0,0.0,0.0,0.0,0.0,0.0,1.0,0.0,0.0,0.0,0.0,0.0,0.0,0.0,0.0,0.0,0.0,0.0,0.0,0.0,0.0,1.0,0.0
PP133,g1,2336,0,0.925,0.213832,0.19476,-0.957259,0.06538,0.180932,-0.98132,0.143,0.191,251.1,252.6,255.8,258.9,260.0,258.6,255.2,252.1,246.5,248.7,251.7,255.3,258.7,261.1,262.7,260.6,257.7,254.5,251.3,248.5,254.0,255.3,256.8,257.4,257.0,255.6,254.2,253.5,288.2,289.3,292.1,294.8,296.0,294.9,292.1,289.0,285.0,287.1,289.8,293.1,295.8,297.6,298.6,297.5,295.6,293.2,290.3,287.2,290.6,291.9,293.1,293.6,293.1,291.8,290.6,290.1,160.0,156.9,155.8,157.4,160.7,164.1,164.9,163.3,161.2,159.5,158.5,158.2,159.1,160.8,163.0,164.0,164.2,164.2,163.7,162.7,161.7,162.4,161.9,160.6,159.1,158.4,158.9,160.3,162.2,159.2,158.0,159.4,162.5,165.5,166.7,165.6,164.2,162.2,160.8,160.3,161.0,162.2,164.0,165.4,166.0,166.2,165.9,165.4,163.7,164.3,163.8,162.5,161.1,160.5,161.0,162.4,1.4,3.4,7.7,11.7,13.1,11.4,6.8,2.8,-4.6,-1.7,2.3,6.9,11.4,14.6,16.8,13.9,10.1,5.9,1.7,-1.9,5.3,7.0,8.9,9.8,9.2,7.4,5.5,4.7,52.2,53.9,57.9,61.9,63.5,61.8,57.8,53.5,47.9,50.7,54.4,59.0,63.1,66.1,67.8,65.8,62.9,59.2,55.1,51.0,55.8,57.6,59.3,60.1,59.3,57.6,55.9,55.1,-36.1,-40.3,-41.7,-39.7,-35.3,-30.8,-29.7,-31.7,-34.9,-36.9,-38.0,-38.4,-37.3,-35.2,-32.4,-31.0,-30.6,-30.6,-31.3,-32.7,-33.9,-33.0,-33.7,-35.5,-37.4,-38.3,-37.6,-35.8,-34.6,-38.8,-40.6,-38.8,-34.5,-30.3,-28.6,-30.1,-31.9,-34.6,-36.5,-37.2,-36.5,-35.1,-32.7,-30.7,-29.6,-29.2,-29.5,-30.3,-32.7,-31.9,-32.6,-34.5,-36.4,-37.2,-36.4,-34.5,513.5,514.0,514.4,514.3,513.9,513.6,513.0,513.1,517.3,514.9,512.7,511.8,512.6,514.2,515.9,514.2,512.5,511.9,512.8,514.9,514.2,514.2,514.4,514.6,514.8,514.8,514.6,514.4,534.6,535.6,537.4,538.9,539.2,538.1,536.3,535.0,534.8,534.2,534.2,535.3,538.2,541.8,545.2,541.8,538.4,535.8,534.5,534.4,536.7,537.4,538.2,538.6,538.5,537.9,537.1,536.6,36.0,-1.6,646.1,0.196,-0.213,0.089,224.4,223.9,224.6,226.5,230.9,237.9,246.8,257.2,267.8,276.4,282.8,288.7,294.0,298.3,301.4,303.9,305.2,237.5,244.7,253.7,262.6,270.3,285.2,291.7,297.9,303.5,306.5,277.3,278.0,278.8,279.6,267.1,271.5,276.0,280.0,283.4,246.4,252.1,258.2,262.8,257.6,251.4,285.0,290.1,295.5,298.7,295.5,290.2,255.9,264.2,270.8,274.3,278.1,282.0,284.8,281.4,277.1,273.1,269.1,263.0,259.0,270.0,273.7,277.4,282.8,277.3,273.6,269.8,159.7,171.7,183.6,195.2,206.2,215.8,223.9,229.9,231.7,230.0,223.7,215.8,206.8,196.9,186.5,175.9,164.9,152.2,147.8,147.1,149.0,152.5,153.1,150.6,149.7,151.1,155.7,161.9,169.7,177.4,185.4,190.0,191.8,193.3,192.3,190.9,161.1,158.5,159.0,163.1,164.2,163.9,164.3,160.6,161.0,164.0,166.2,165.9,205.3,203.1,201.9,203.2,202.2,204.1,206.5,211.3,213.2,213.5,212.9,210.6,205.7,205.7,206.2,205.9,206.8,207.3,207.7,207.1,-43.8,-44.9,-44.0,-40.8,-33.3,-20.9,-5.5,12.3,30.3,45.7,58.0,69.7,79.9,87.5,93.0,97.4,99.5,-20.5,-8.5,6.0,20.1,32.5,57.2,68.6,80.0,90.8,97.3,44.1,44.8,45.7,46.4,27.5,34.6,41.8,48.5,54.4,-5.8,3.4,13.4,21.0,12.5,2.3,58.3,67.2,76.7,83.0,76.8,67.4,9.8,23.1,33.7,39.5,45.7,52.9,58.8,52.0,44.4,37.7,31.1,21.2,14.8,32.5,38.6,44.9,55.0,44.7,38.4,32.2,-47.7,-27.3,-6.7,13.4,32.5,49.0,62.4,72.2,75.3,73.4,64.0,50.9,35.0,17.0,-1.8,-21.0,-40.7,-57.5,-64.2,-65.0,-61.7,-56.0,-55.8,-60.7,-63.2,-61.8,-54.8,-41.5,-28.6,-16.0,-3.3,4.1,6.9,9.3,7.7,5.5,-43.1,-47.2,-46.5,-39.9,-38.0,-38.5,-38.7,-45.0,-44.7,-40.1,-36.0,-36.1,29.3,25.3,23.2,25.4,24.0,27.4,32.1,39.5,42.1,42.4,41.4,37.7,29.9,29.5,30.4,30.2,32.4,32.5,32.9,31.9,669.2,672.9,677.1,679.5,679.0,676.4,670.9,664.0,664.9,675.4,691.1,703.5,708.7,708.2,706.6,705.2,705.1,637.0,631.8,628.4,626.0,625.3,634.5,643.0,652.6,662.8,673.1,632.0,626.1,619.7,613.9,628.5,628.1,628.4,632.2,636.6,637.7,635.4,636.7,638.9,636.9,635.6,651.3,654.1,658.8,665.7,659.2,654.6,644.3,634.9,632.1,633.8,636.6,645.9,659.6,647.7,640.0,636.8,635.3,637.3,642.5,635.2,636.4,639.7,655.4,639.6,636.2,635.1,0.6,0.207,-0.281,0.102,271.721,186.341,-7.244,13.519,-13.596,17.168,4.529,0.54,-4.207,1.007,3.318,-2.501,0.618,0.621,-0.047,-2.229,-0.379,-0.658,0.37,0.377,-0.763,-0.931,0.548,-0.381,-0.304,-0.692,0.152,0.144,0.095,0.088,-0.112,-0.009,-0.028,-0.004,0.012,-0.013,0.37,0.0,0.0,0.94,0.0,0.0,0.0,0.0,0.0,0.53,0.0,0.0,0.0,0.0,0.0,0.0,0.0,0.0,1.0,0.0,1.0,0.0,0.0,0.0,0.0,0.0,0.0,0.0,0.0,0.0,0.0,0.0,0.0,1.0,0.0
PP133,g1,2342,0,0.925,0.212793,0.195054,-0.95743,0.065221,0.181721,-0.981185,0.142,0.192,250.8,252.3,255.6,258.6,259.7,258.4,254.9,251.9,246.3,248.5,251.5,255.0,258.4,260.9,262.5,260.3,257.4,254.2,251.1,248.3,253.8,255.1,256.5,257.2,256.7,255.4,253.9,253.3,287.9,289.1,291.8,294.6,295.8,294.7,291.9,288.8,284.8,286.8,289.6,292.8,295.6,297.4,298.4,297.3,295.4,292.9,290.0,287.0,290.4,291.6,292.8,293.3,292.8,291.6,290.4,289.9,159.8,156.7,155.5,157.1,160.4,163.8,164.7,163.1,161.0,159.3,158.3,158.0,158.9,160.5,162.7,163.7,163.9,163.9,163.4,162.5,161.5,162.2,161.7,160.3,158.9,158.2,158.7,160.1,161.9,158.8,157.7,159.0,162.2,165.2,166.4,165.2,163.9,161.9,160.5,160.0,160.7,161.9,163.7,165.0,165.7,165.9,165.6,165.0,163.4,164.0,163.5,162.1,160.8,160.2,160.7,162.0,1.0,3.0,7.3,11.4,12.8,11.0,6.5,2.5,-4.9,-2.0,1.9,6.6,11.0,14.3,16.4,13.6,9.7,5.5,1.4,-2.3,4.9,6.7,8.6,9.5,8.8,7.1,5.2,4.3,51.8,53.5,57.5,61.5,63.1,61.4,57.4,53.1,47.5,50.3,54.1,58.7,62.8,65.7,67.4,65.5,62.5,58.8,54.7,50.6,55.5,57.2,59.0,59.7,59.0,57.2,55.5,54.8,-36.4,-40.6,-42.1,-40.0,-35.6,-31.1,-30.0,-32.0,-35.1,-37.2,-38.3,-38.6,-37.6,-35.5,-32.7,-31.3,-30.9,-30.9,-31.6,-32.9,-34.2,-33.3,-34.0,-35.8,-37.7,-38.6,-38.0,-36.1,-35.0,-39.3,-41.0,-39.2,-34.9,-30.7,-29.0,-30.5,-32.3,-35.0,-36.9,-37.6,-36.9,-35.5,-33.2,-31.1,-30.0,-29.6,-30.0,-30.7,-33.1,-32.3,-33.1,-34.9,-36.8,-37.6,-36.8,-35.0,513.3,513.8,514.2,514.1,513.7,513.5,512.9,512.9,517.2,514.7,512.6,511.6,512.4,514.0,515.8,514.0,512.3,511.8,512.7,514.7,514.1,514.0,514.2,514.4,514.6,514.6,514.5,514.2,534.0,535.1,536.8,538.3,538.6,537.5,535.7,534.4,534.3,533.6,533.6,534.8,537.6,541.2,544.6,541.2,537.8,535.2,533.9,533.8,536.2,536.8,537.6,538.0,537.9,537.3,536.5,536.0,35.7,-2.1,645.1,0.195,-0.211,0.085,224.2,223.7,224.4,226.4,230.7,237.8,246.7,257.2,267.8,276.5,282.9,288.8,294.1,298.3,301.4,303.8,305.0,237.1,244.3,253.4,262.3,270.1,284.9,291.4,297.6,303.3,306.2,277.1,277.8,278.6,279.4,266.9,271.4,275.8,279.8,283.2,246.2,251.8,258.0,262.6,257.4,251.2,284.7,289.9,295.3,298.5,295.3,290.0,255.8,264.0,270.7,274.2,278.0,282.0,284.8,281.3,277.0,273.1,269.0,262.9,258.9,269.9,273.6,277.3,282.7,277.2,273.5,269.7,159.4,171.4,183.4,195.1,206.1,215.8,223.8,229.9,231.7,229.8,223.4,215.4,206.4,196.4,186.0,175.4,164.6,152.1,147.6,146.8,148.7,152.2,152.8,150.3,149.3,150.7,155.4,161.6,169.3,177.1,185.0,189.7,191.5,193.0,192.0,190.5,160.9,158.3,158.7,162.8,163.9,163.6,163.9,160.3,160.7,163.6,165.8,165.6,205.1,202.8,201.5,202.8,201.9,203.7,206.2,211.1,213.0,213.3,212.8,210.4,205.4,205.4,205.9,205.6,206.5,207.1,207.5,206.9,-44.2,-45.3,-44.3,-41.1,-33.4,-21.0,-5.6,12.2,30.3,45.8,58.1,69.8,79.9,87.4,92.7,97.0,99.1,-21.0,-9.2,5.5,19.6,32.1,56.6,68.1,79.5,90.4,96.8,43.7,44.4,45.3,46.1,27.2,34.3,41.5,48.2,54.1,-6.3,2.9,13.0,20.6,12.0,1.9,57.8,66.7,76.2,82.6,76.4,66.9,9.6,22.8,33.4,39.2,45.5,52.8,58.6,51.8,44.2,37.5,30.9,21.0,14.5,32.3,38.4,44.7,54.8,44.5,38.2,32.0,-48.2,-27.7,-7.0,13.2,32.3,48.9,62.3,72.0,75.1,73.0,63.4,50.2,34.2,16.1,-2.6,-21.7,-41.3,-57.7,-64.5,-65.4,-62.1,-56.4,-56.3,-61.2,-63.7,-62.3,-55.3,-41.9,-29.1,-16.6,-3.9,3.6,6.4,8.8,7.2,4.9,-43.4,-47.5,-46.8,-40.3,-38.4,-38.8,-39.2,-45.5,-45.2,-40.6,-36.5,-36.6,28.9,24.8,22.7,24.9,23.4,26.8,31.5,39.0,41.7,42.0,41.0,37.3,29.4,29.0,29.9,29.6,31.8,32.0,32.5,31.5,668.7,672.5,676.7,679.1,678.5,675.8,670.2,663.2,664.1,674.7,690.3,702.5,707.6,706.8,705.2,703.9,703.8,636.4,631.1,627.6,625.1,624.4,633.6,642.1,651.8,662.0,672.3,631.1,625.1,618.7,612.9,627.6,627.1,627.3,631.1,635.6,636.9,634.6,635.8,638.0,636.0,634.8,650.4,653.3,657.9,664.8,658.3,653.8,643.3,633.8,631.0,632.7,635.4,644.8,658.5,646.7,639.0,635.7,634.3,636.2,641.5,634.1,635.3,638.7,654.3,638.6,635.2,634.1,0.601,0.205,-0.278,0.098,271.574,186.066,-6.857,14.61,-13.277,17.472,4.064,0.045,-4.51,0.766,3.365,-2.692,0.474,0.548,-0.083,-2.019,-0.255,-0.727,0.213,0.446,-0.744,-0.927,0.622,-0.409,-0.27,-0.699,0.099,0.111,0.135,0.082,-0.123,-0.014,-0.024,-0.005,0.013,-0.015,0.24,0.0,0.0,0.64,0.0,0.0,0.02,0.0,0.0,0.4,0.0,0.0,0.0,0.0,0.0,0.0,0.0,0.0,1.0,0.0,1.0,0.0,0.0,0.0,0.0,0.0,0.0,0.0,0.0,0.0,0.0,0.0,0.0,1.0,0.0
PP133,g1,2348,0,0.975,0.212891,0.204019,-0.955539,0.0607,0.190258,-0.979856,0.14,0.201,250.2,251.7,254.9,258.0,259.0,257.7,254.3,251.2,245.6,247.8,250.8,254.4,257.8,260.2,261.7,259.6,256.7,253.6,250.4,247.6,253.1,254.4,255.8,256.5,256.0,254.7,253.3,252.6,287.3,288.4,291.2,294.0,295.2,294.0,291.3,288.2,284.1,286.2,288.9,292.2,295.0,296.8,297.8,296.6,294.8,292.3,289.4,286.4,289.8,291.0,292.2,292.7,292.2,291.0,289.8,289.3,159.7,156.6,155.5,157.1,160.4,163.8,164.6,163.0,160.9,159.2,158.3,158.0,158.8,160.5,162.7,163.7,163.9,163.9,163.4,162.4,161.5,162.1,161.7,160.3,158.9,158.2,158.7,160.0,161.8,158.7,157.6,158.9,162.0,165.1,166.3,165.1,163.8,161.8,160.4,159.9,160.5,161.7,163.6,164.9,165.6,165.8,165.5,165.0,163.3,163.9,163.4,162.0,160.7,160.1,160.6,161.9,0.2,2.2,6.5,10.5,11.9,10.2,5.6,1.6,-5.8,-2.9,1.1,5.8,10.2,13.5,15.6,12.7,8.9,4.7,0.6,-3.1,4.1,5.9,7.7,8.6,8.0,6.2,4.4,3.5,51.1,52.7,56.7,60.7,62.4,60.7,56.7,52.4,46.8,49.6,53.3,57.9,62.0,65.0,66.7,64.7,61.8,58.1,54.0,49.8,54.7,56.5,58.2,58.9,58.2,56.5,54.7,54.0,-36.7,-40.8,-42.3,-40.2,-35.8,-31.3,-30.2,-32.3,-35.4,-37.4,-38.5,-38.9,-37.8,-35.7,-32.9,-31.5,-31.1,-31.1,-31.8,-33.2,-34.4,-33.5,-34.2,-36.0,-37.9,-38.8,-38.2,-36.4,-35.2,-39.5,-41.2,-39.5,-35.2,-30.9,-29.2,-30.7,-32.5,-35.2,-37.1,-37.8,-37.2,-35.7,-33.4,-31.4,-30.2,-29.8,-30.1,-30.9,-33.3,-32.5,-33.3,-35.1,-37.0,-37.8,-37.0,-35.2,515.7,516.3,516.7,516.7,516.2,516.0,515.3,515.3,519.6,517.1,515.0,514.1,514.9,516.5,518.3,516.5,514.8,514.2,515.1,517.1,516.5,516.5,516.7,516.9,517.1,517.1,516.9,516.7,534.9,535.9,537.7,539.1,539.4,538.4,536.6,535.3,535.2,534.5,534.4,535.6,538.4,542.0,545.4,542.1,538.7,536.1,534.8,534.8,537.0,537.7,538.4,538.9,538.8,538.1,537.4,536.9,34.5,-2.4,647.9,0.211,-0.206,0.088,223.7,223.1,223.8,225.7,230.0,237.1,245.9,256.2,266.7,275.5,282.0,288.1,293.5,297.8,300.9,303.4,304.6,236.6,243.9,252.8,261.6,269.3,284.2,290.8,297.0,302.7,305.7,276.3,276.9,277.7,278.4,266.0,270.4,274.9,278.9,282.3,245.5,251.2,257.3,261.9,256.7,250.5,284.1,289.3,294.6,297.9,294.7,289.4,254.6,262.9,269.6,273.1,276.9,281.0,283.9,280.2,275.8,271.8,267.8,261.6,257.6,268.8,272.5,276.2,281.8,276.1,272.3,268.5,159.3,171.3,183.2,194.7,205.7,215.3,223.3,229.3,231.1,229.2,222.8,214.8,205.8,195.9,185.6,175.0,164.2,151.9,147.6,146.8,148.7,152.2,152.7,150.1,149.2,150.5,155.1,161.5,169.4,177.1,185.1,189.7,191.4,192.9,191.9,190.5,160.8,158.2,158.7,162.8,163.9,163.5,163.9,160.2,160.5,163.5,165.7,165.5,204.6,202.6,201.4,202.7,201.8,203.6,205.9,210.9,212.8,213.1,212.6,210.1,205.1,205.2,205.7,205.5,206.2,207.0,207.4,206.8,-45.2,-46.4,-45.6,-42.5,-34.9,-22.5,-7.1,10.6,28.6,44.2,56.7,68.7,79.1,86.8,92.2,96.4,98.6,-21.8,-9.9,4.6,18.7,31.0,55.7,67.2,78.6,89.5,96.0,42.7,43.3,44.0,44.8,25.8,33.0,40.1,46.9,52.7,-7.3,1.9,11.9,19.5,11.0,0.9,57.0,65.8,75.4,81.7,75.5,66.1,7.6,21.0,31.8,37.6,44.0,51.4,57.4,50.3,42.5,35.7,29.0,19.0,12.6,30.6,36.8,43.1,53.6,42.8,36.4,30.2,-48.5,-28.1,-7.5,12.6,31.7,48.3,61.7,71.4,74.5,72.3,62.6,49.3,33.3,15.3,-3.4,-22.5,-42.2,-58.1,-64.7,-65.6,-62.3,-56.7,-56.6,-61.6,-64.0,-62.8,-55.9,-42.1,-29.2,-16.5,-3.8,3.6,6.4,8.8,7.2,4.9,-43.7,-47.7,-47.0,-40.5,-38.6,-39.1,-39.4,-45.7,-45.5,-40.9,-36.8,-36.9,28.4,24.6,22.6,24.8,23.4,26.6,31.1,39.0,41.7,42.0,41.0,37.1,29.0,28.9,29.8,29.5,31.5,32.0,32.5,31.5,670.7,674.6,679.0,681.7,681.3,678.9,673.5,666.6,667.5,677.7,692.9,704.8,709.6,708.9,707.2,705.9,705.6,638.3,633.0,629.7,627.1,626.5,635.5,643.7,653.2,663.1,673.3,633.1,627.5,621.4,615.8,630.5,630.0,630.3,634.0,638.3,639.0,636.7,637.9,640.0,638.1,636.9,652.2,654.8,659.3,666.1,659.8,655.4,646.9,637.5,634.5,636.1,638.8,648.2,661.8,650.3,642.6,639.4,638.0,640.0,645.1,637.5,638.7,642.0,657.8,642.0,638.7,637.7,0.598,0.22,-0.271,0.102,270.743,185.873,-10.001,13.546,-12.849,15.859,5.511,0.483,-4.275,-0.176,2.939,-1.617,0.887,0.914,0.164,-2.207,-0.597,-0.489,0.324,0.614,-0.836,-0.914,0.517,-0.492,-0.087,-0.478,0.067,-0.024,0.132,0.085,-0.112,0.001,-0.017,0.005,0.012,-0.014,0.48,0.02,0.0,0.36,0.0,0.0,0.05,0.0,0.0,0.5,0.0,0.0,0.0,0.0,0.0,0.0,0.0,0.0,1.0,0.0,1.0,0.0,0.0,0.0,0.0,0.0,0.0,0.0,0.0,0.0,0.0,0.0,0.0,1.0,0.0
PP133,g1,2354,0,0.975,0.212989,0.204787,-0.955352,0.057226,0.191463,-0.97983,0.139,0.202,249.5,251.0,254.2,257.3,258.4,257.1,253.6,250.6,244.9,247.1,250.2,253.7,257.1,259.5,261.1,259.0,256.1,252.9,249.7,246.9,252.4,253.8,255.2,255.8,255.4,254.0,252.6,251.9,286.8,287.9,290.6,293.5,294.7,293.6,290.8,287.7,283.6,285.7,288.4,291.7,294.5,296.3,297.3,296.2,294.3,291.8,288.9,285.9,289.3,290.5,291.7,292.2,291.7,290.5,289.2,288.8,159.5,156.4,155.3,156.8,160.2,163.5,164.4,162.8,160.7,159.0,158.1,157.7,158.6,160.3,162.5,163.5,163.7,163.6,163.1,162.2,161.2,161.9,161.4,160.1,158.6,157.9,158.4,159.8,161.4,158.3,157.1,158.5,161.6,164.6,165.9,164.7,163.4,161.4,160.0,159.4,160.1,161.3,163.1,164.4,165.1,165.3,165.1,164.6,162.9,163.5,162.9,161.6,160.2,159.6,160.2,161.5,-0.7,1.3,5.6,9.6,11.0,9.3,4.8,0.7,-6.7,-3.8,0.2,4.9,9.3,12.6,14.7,11.9,8.0,3.8,-0.3,-4.0,3.2,5.0,6.8,7.7,7.1,5.3,3.4,2.6,50.1,51.8,55.7,59.8,61.4,59.8,55.8,51.5,45.9,48.6,52.3,56.9,61.0,64.0,65.8,63.8,60.9,57.2,53.0,48.9,53.8,55.6,57.3,58.0,57.3,55.5,53.8,53.1,-36.8,-41.0,-42.5,-40.4,-36.0,-31.5,-30.4,-32.4,-35.5,-37.6,-38.7,-39.0,-38.0,-35.9,-33.1,-31.7,-31.3,-31.3,-32.0,-33.3,-34.6,-33.7,-34.4,-36.2,-38.1,-39.0,-38.3,-36.5,-35.6,-39.9,-41.7,-39.9,-35.7,-31.4,-29.6,-31.1,-32.9,-35.6,-37.5,-38.3,-37.7,-36.3,-34.0,-31.9,-30.7,-30.3,-30.6,-31.3,-33.7,-33.0,-33.7,-35.6,-37.5,-38.2,-37.5,-35.6,513.9,514.5,514.8,514.8,514.4,514.1,513.5,513.5,517.7,515.3,513.2,512.3,513.1,514.7,516.4,514.7,512.9,512.4,513.3,515.3,514.7,514.7,514.8,515.1,515.3,515.3,515.1,514.8,532.9,534.0,535.7,537.1,537.4,536.4,534.6,533.3,533.2,532.5,532.5,533.6,536.4,540.0,543.4,540.0,536.7,534.1,532.8,532.8,535.1,535.7,536.4,536.9,536.8,536.1,535.4,534.9,33.8,-3.2,648.7,0.216,-0.202,0.083,223.1,222.6,223.4,225.3,229.7,236.8,245.8,256.1,266.5,275.3,281.8,287.9,293.4,297.6,300.7,303.1,304.2,235.9,243.1,252.0,260.8,268.6,283.6,290.2,296.4,302.2,305.2,275.7,276.3,277.1,277.8,265.4,269.9,274.3,278.4,281.8,244.8,250.5,256.6,261.3,256.1,249.9,283.6,288.7,294.1,297.5,294.2,288.8,254.1,262.3,269.1,272.6,276.5,280.6,283.6,279.9,275.4,271.4,267.3,261.0,257.1,268.3,272.1,275.8,281.5,275.7,271.8,268.0,159.0,170.9,182.8,194.3,205.2,214.7,222.5,228.5,230.2,228.3,221.9,214.0,205.1,195.3,185.0,174.4,163.6,151.8,147.4,146.6,148.4,151.8,152.3,149.7,148.7,150.0,154.6,161.2,169.0,176.7,184.7,189.3,191.0,192.5,191.5,190.0,160.6,158.0,158.5,162.6,163.6,163.3,163.5,159.8,160.1,163.0,165.3,165.1,204.1,202.1,200.9,202.2,201.2,203.0,205.2,210.3,212.3,212.7,212.1,209.6,204.6,204.7,205.2,204.9,205.6,206.5,206.9,206.3,-46.3,-47.3,-46.4,-43.2,-35.5,-22.9,-7.3,10.3,28.3,43.9,56.4,68.5,78.9,86.6,91.9,96.0,98.1,-23.1,-11.2,3.3,17.4,29.9,54.7,66.3,77.7,88.6,95.2,41.7,42.3,43.1,43.8,25.0,32.1,39.3,46.1,52.0,-8.5,0.8,10.9,18.5,9.9,-0.2,56.1,64.9,74.5,81.0,74.7,65.2,6.8,20.1,31.0,36.9,43.4,50.9,57.0,49.8,41.9,35.1,28.3,18.1,11.7,29.9,36.1,42.5,53.2,42.2,35.8,29.4,-49.1,-28.7,-8.2,11.9,30.9,47.3,60.5,70.1,73.1,70.9,61.1,47.9,32.0,14.1,-4.5,-23.6,-43.2,-58.4,-65.1,-66.0,-62.8,-57.2,-57.3,-62.4,-64.9,-63.6,-56.8,-42.6,-29.7,-17.1,-4.5,2.9,5.7,8.0,6.5,4.2,-44.1,-48.2,-47.5,-40.9,-39.0,-39.4,-40.1,-46.5,-46.3,-41.8,-37.6,-37.6,27.6,23.8,21.8,23.9,22.5,25.7,30.1,38.1,40.9,41.3,40.3,36.3,28.2,28.1,29.0,28.6,30.5,31.3,31.8,30.8,672.2,676.0,680.4,683.2,682.8,680.4,674.9,668.0,668.7,678.8,693.9,705.7,710.5,709.8,708.2,707.0,706.8,639.4,634.0,630.5,627.8,627.0,635.9,644.2,653.7,663.6,673.8,633.7,628.1,622.1,616.6,631.4,630.9,631.2,634.8,639.0,640.1,637.5,638.7,640.8,638.9,637.8,652.7,655.3,659.8,666.7,660.4,656.0,648.1,638.6,635.3,636.9,639.6,649.1,662.9,651.4,643.7,640.5,639.2,641.3,646.4,638.5,639.6,642.9,658.8,643.0,639.7,638.7,0.597,0.222,-0.266,0.097,270.265,185.396,-8.78,13.176,-12.188,14.984,6.456,-0.104,-4.462,0.214,2.868,-1.291,0.713,1.069,0.617,-1.908,-0.886,-0.177,0.341,0.649,-0.879,-1.02,0.564,-0.433,-0.07,-0.408,0.157,-0.137,0.119,0.073,-0.103,0.008,-0.016,0.013,0.008,-0.009,0.03,0.06,0.0,0.78,0.0,0.0,0.15,0.0,0.0,0.31,0.0,0.0,0.0,0.0,0.0,0.0,0.0,0.0,1.0,0.0,1.0,0.0,0.0,0.0,0.0,0.0,0.0,0.0,0.0,0.0,0.0,0.0,0.0,1.0,0.0
PP133,g1,2360,0,0.975,0.212619,0.196625,-0.957148,0.056548,0.183914,-0.981314,0.138,0.194,248.8,250.4,253.6,256.7,257.8,256.5,253.0,249.9,244.3,246.5,249.5,253.1,256.5,258.9,260.5,258.4,255.5,252.3,249.1,246.3,251.8,253.2,254.6,255.2,254.8,253.4,252.0,251.3,286.2,287.3,290.0,292.9,294.1,293.0,290.2,287.1,283.0,285.1,287.8,291.1,293.9,295.8,296.8,295.7,293.8,291.3,288.3,285.3,288.7,290.0,291.2,291.7,291.1,289.9,288.7,288.2,159.4,156.3,155.2,156.7,160.0,163.4,164.3,162.7,160.6,158.9,157.9,157.6,158.5,160.1,162.3,163.3,163.5,163.5,163.1,162.2,161.1,161.8,161.3,159.9,158.5,157.8,158.3,159.7,161.1,158.0,156.8,158.1,161.3,164.3,165.6,164.5,163.2,161.1,159.7,159.1,159.8,161.0,162.8,164.1,164.8,165.0,164.8,164.3,162.6,163.2,162.6,161.3,159.9,159.4,159.9,161.2,-1.5,0.5,4.7,8.8,10.2,8.5,4.0,-0.1,-7.5,-4.6,-0.6,4.0,8.5,11.7,13.9,11.1,7.2,3.0,-1.1,-4.8,2.4,4.2,6.0,6.9,6.3,4.5,2.6,1.7,49.2,50.8,54.8,58.8,60.5,58.9,54.9,50.6,45.0,47.7,51.4,56.0,60.1,63.1,64.9,63.0,60.0,56.3,52.2,48.0,52.9,54.7,56.4,57.1,56.4,54.6,52.9,52.2,-36.8,-41.0,-42.5,-40.5,-36.1,-31.6,-30.4,-32.5,-35.5,-37.6,-38.7,-39.1,-38.0,-36.0,-33.2,-31.8,-31.4,-31.4,-32.0,-33.3,-34.6,-33.8,-34.4,-36.2,-38.2,-39.0,-38.4,-36.6,-35.9,-40.2,-42.0,-40.3,-36.0,-31.7,-29.9,-31.4,-33.1,-35.9,-37.8,-38.6,-38.0,-36.6,-34.3,-32.2,-31.1,-30.6,-30.9,-31.5,-34.0,-33.3,-34.1,-35.9,-37.8,-38.5,-37.7,-35.9,512.4,513.0,513.4,513.3,512.9,512.6,512.0,512.0,516.3,513.9,511.7,510.8,511.6,513.2,514.9,513.1,511.4,510.9,511.8,513.8,513.2,513.2,513.3,513.6,513.8,513.8,513.6,513.4,531.7,532.7,534.4,535.8,536.1,535.0,533.3,532.0,532.0,531.3,531.2,532.3,535.1,538.6,542.0,538.7,535.3,532.8,531.5,531.5,533.8,534.4,535.1,535.6,535.5,534.9,534.1,533.7,33.2,-3.5,649.2,0.205,-0.201,0.075,222.6,222.3,223.2,225.2,229.6,236.8,245.8,256.1,266.6,275.3,281.7,287.8,293.2,297.4,300.4,302.6,303.7,235.2,242.3,251.2,260.0,267.8,282.9,289.5,295.7,301.5,304.6,275.1,275.7,276.5,277.3,265.0,269.5,274.0,278.0,281.5,244.2,249.8,256.0,260.7,255.5,249.3,283.0,288.1,293.6,296.9,293.7,288.3,253.9,262.1,268.8,272.4,276.3,280.5,283.6,279.9,275.4,271.3,267.2,260.9,256.9,268.1,271.9,275.7,281.5,275.6,271.7,267.8,159.2,171.2,183.0,194.5,205.3,214.7,222.4,228.3,229.9,228.1,221.8,214.0,205.1,195.3,185.0,174.4,163.6,151.8,147.4,146.5,148.3,151.6,152.1,149.4,148.4,149.7,154.2,161.0,168.7,176.5,184.4,189.1,190.8,192.2,191.2,189.7,160.5,157.9,158.3,162.4,163.5,163.3,163.3,159.5,159.8,162.7,165.0,164.8,204.0,201.8,200.6,201.9,200.9,202.6,204.9,209.9,211.9,212.3,211.8,209.4,204.3,204.4,204.9,204.6,205.2,206.1,206.5,206.0,-47.2,-48.0,-46.8,-43.4,-35.6,-22.9,-7.3,10.5,28.4,44.0,56.4,68.3,78.6,86.2,91.4,95.4,97.3,-24.3,-12.5,2.0,16.2,28.7,53.7,65.2,76.6,87.6,94.3,40.7,41.4,42.3,43.1,24.3,31.6,38.8,45.6,51.5,-9.5,-0.2,9.9,17.6,9.0,-1.2,55.2,64.0,73.7,80.2,74.0,64.4,6.4,19.8,30.6,36.6,43.1,50.7,57.0,49.8,41.9,35.0,28.2,17.9,11.4,29.6,35.9,42.3,53.1,42.1,35.6,29.2,-48.8,-28.3,-7.8,12.2,31.1,47.4,60.4,69.8,72.6,70.5,60.9,47.8,32.0,14.1,-4.5,-23.7,-43.3,-58.5,-65.3,-66.3,-63.2,-57.6,-57.8,-62.9,-65.4,-64.3,-57.5,-43.1,-30.2,-17.6,-4.9,2.6,5.3,7.6,6.0,3.7,-44.3,-48.4,-47.8,-41.2,-39.3,-39.7,-40.5,-47.0,-46.9,-42.4,-38.2,-38.1,27.3,23.4,21.3,23.5,21.9,25.1,29.5,37.4,40.3,40.7,39.7,35.9,27.9,27.6,28.5,28.1,29.9,30.6,31.2,30.2,673.6,677.2,681.5,684.0,683.5,680.9,675.2,668.0,668.5,678.6,694.0,706.1,711.1,710.5,709.0,707.8,707.8,640.8,635.3,631.7,628.8,627.9,636.8,645.0,654.5,664.4,674.6,634.5,628.8,622.6,617.0,632.0,631.3,631.5,635.2,639.4,641.3,638.7,639.8,641.8,640.0,638.9,653.6,656.2,660.7,667.5,661.2,656.8,648.6,638.9,635.6,637.1,639.8,649.3,663.2,651.4,643.6,640.4,639.1,641.4,646.8,638.7,639.8,643.0,659.1,643.0,639.8,638.8,0.597,0.211,-0.264,0.088,269.921,185.203,-7.309,12.673,-12.017,15.024,6.243,0.447,-4.699,1.303,2.725,-1.421,0.57,1.116,0.635,-1.743,-0.911,-0.295,0.43,0.594,-0.805,-1.061,0.641,-0.563,-0.16,-0.409,0.195,-0.052,0.063,0.086,-0.104,0.002,-0.016,0.008,0.007,-0.008,0.59,0.0,0.0,0.51,0.0,0.0,0.0,0.0,0.0,0.24,0.0,0.0,0.0,0.0,0.0,0.0,0.0,0.0,1.0,0.0,1.0,0.0,0.0,0.0,0.0,0.0,0.0,0.0,0.0,0.0,0.0,0.0,0.0,1.0,0.0
PP133,g1,2366,0,0.975,0.21232,0.184307,-0.959662,0.063893,0.174018,-0.982667,0.141,0.182,248.7,250.2,253.4,256.5,257.7,256.4,253.0,249.8,244.2,246.4,249.3,252.9,256.3,258.8,260.5,258.4,255.4,252.2,249.0,246.2,251.7,253.1,254.5,255.1,254.6,253.3,251.8,251.2,286.0,287.1,289.8,292.7,293.9,292.9,290.1,287.0,282.9,284.9,287.6,290.9,293.7,295.6,296.6,295.5,293.6,291.1,288.2,285.2,288.5,289.8,291.0,291.5,290.9,289.7,288.5,288.0,159.7,156.5,155.3,156.8,160.1,163.6,164.5,163.0,160.9,159.2,158.2,157.8,158.6,160.2,162.4,163.4,163.7,163.7,163.3,162.4,161.3,162.0,161.5,160.1,158.6,158.0,158.5,159.9,161.0,158.0,156.7,158.0,161.1,164.2,165.5,164.4,163.1,161.1,159.6,159.0,159.6,160.8,162.7,164.0,164.7,164.9,164.7,164.2,162.5,163.1,162.5,161.2,159.8,159.3,159.8,161.1,-1.7,0.2,4.5,8.5,10.0,8.4,3.9,-0.2,-7.6,-4.8,-0.9,3.8,8.3,11.6,13.8,11.0,7.1,2.9,-1.2,-4.9,2.2,4.0,5.9,6.7,6.1,4.3,2.4,1.6,49.0,50.5,54.5,58.5,60.3,58.7,54.7,50.3,44.7,47.5,51.1,55.7,59.9,62.8,64.6,62.7,59.8,56.1,52.0,47.8,52.7,54.4,56.1,56.8,56.1,54.3,52.6,51.9,-36.4,-40.6,-42.2,-40.2,-35.9,-31.4,-30.1,-32.1,-35.0,-37.1,-38.3,-38.8,-37.8,-35.8,-33.0,-31.6,-31.1,-31.0,-31.6,-32.9,-34.3,-33.5,-34.1,-36.0,-37.9,-38.7,-38.1,-36.2,-36.0,-40.3,-42.1,-40.4,-36.2,-31.9,-30.1,-31.5,-33.2,-36.0,-37.9,-38.8,-38.1,-36.8,-34.5,-32.4,-31.2,-30.8,-31.0,-31.6,-34.1,-33.4,-34.2,-36.1,-37.9,-38.7,-37.9,-36.0,511.4,512.0,512.3,512.2,511.8,511.5,510.9,511.0,515.4,512.9,510.7,509.7,510.5,512.0,513.7,512.0,510.3,509.8,510.8,512.9,512.2,512.1,512.2,512.5,512.7,512.7,512.6,512.3,531.5,532.5,534.3,535.7,535.9,534.9,533.1,531.8,531.7,531.1,531.0,532.2,535.0,538.5,541.9,538.6,535.2,532.6,531.3,531.3,533.6,534.2,535.0,535.4,535.3,534.7,533.9,533.5,33.5,-3.0,646.1,0.183,-0.207,0.062,222.6,222.4,223.4,225.6,230.1,237.4,246.4,256.9,267.5,276.2,282.4,288.2,293.4,297.4,300.2,302.5,303.4,234.9,242.0,250.9,259.8,267.6,282.7,289.2,295.4,301.2,304.3,274.9,275.8,276.7,277.7,265.4,269.9,274.4,278.4,281.8,244.1,249.7,255.9,260.6,255.4,249.2,282.8,287.9,293.4,296.7,293.5,288.2,254.9,263.0,269.5,273.1,276.8,280.9,283.9,280.5,276.2,272.2,268.2,262.0,257.9,268.9,272.6,276.3,281.8,276.2,272.5,268.7,159.9,172.0,183.9,195.5,206.3,215.8,223.6,229.5,231.0,229.1,222.7,214.8,205.7,195.7,185.3,174.6,163.7,152.3,147.6,146.7,148.4,151.7,152.0,149.4,148.3,149.6,154.2,160.9,168.7,176.3,184.3,189.3,190.9,192.3,191.2,189.7,160.9,158.1,158.5,162.5,163.7,163.5,163.2,159.4,159.6,162.6,164.8,164.7,204.8,202.4,200.9,202.2,201.1,202.9,205.4,210.2,212.2,212.6,212.1,209.9,205.1,204.8,205.2,204.9,205.7,206.3,206.8,206.3,-47.1,-47.7,-46.2,-42.5,-34.6,-21.9,-6.2,11.8,29.8,45.3,57.4,68.8,78.6,85.8,90.8,94.7,96.4,-24.7,-13.0,1.5,15.7,28.2,53.2,64.6,75.9,86.9,93.6,40.4,41.3,42.4,43.5,24.8,32.0,39.3,46.0,51.8,-9.7,-0.6,9.6,17.4,8.8,-1.3,54.8,63.6,73.1,79.7,73.5,64.0,8.1,21.1,31.6,37.4,43.7,51.1,57.2,50.5,42.9,36.2,29.6,19.6,13.1,30.6,36.8,43.0,53.4,42.9,36.6,30.4,-47.3,-26.8,-6.2,13.9,32.8,49.1,62.1,71.4,74.1,71.8,62.3,49.1,33.1,14.9,-4.0,-23.3,-43.0,-57.6,-64.6,-65.8,-62.8,-57.4,-57.6,-62.8,-65.4,-64.3,-57.4,-43.0,-30.2,-17.7,-5.1,2.8,5.5,7.7,6.0,3.6,-43.6,-47.9,-47.4,-41.0,-38.9,-39.1,-40.5,-47.1,-47.0,-42.4,-38.2,-38.2,28.5,24.2,21.8,23.8,22.2,25.5,30.1,37.7,40.4,40.9,40.1,36.6,28.9,28.1,28.9,28.4,30.5,30.7,31.4,30.5,671.0,674.6,678.7,681.0,680.3,677.4,671.6,664.3,664.8,675.2,690.8,703.2,708.5,707.9,706.3,704.9,704.8,638.7,633.3,629.6,626.8,625.9,634.7,643.1,652.7,662.8,673.1,632.3,626.3,619.7,613.7,628.8,628.1,628.3,632.0,636.4,639.0,636.6,637.7,639.7,637.9,636.8,651.5,654.4,658.9,665.7,659.3,654.8,644.7,635.0,632.0,633.6,636.2,645.5,659.2,647.3,639.7,636.6,635.2,637.3,642.8,635.1,636.2,639.4,654.9,639.3,636.1,635.1,0.6,0.192,-0.271,0.074,270.186,185.53,-5.986,13.532,-13.334,17.912,4.264,0.348,-4.507,1.852,3.469,-2.961,0.464,0.599,0.158,-2.132,-0.176,-0.621,0.253,0.528,-0.879,-0.852,0.639,-0.42,-0.411,-0.683,0.186,0.158,0.09,0.085,-0.123,-0.012,-0.027,-0.014,0.007,-0.006,0.5,0.0,0.0,0.88,0.0,0.0,0.0,0.0,0.0,0.25,0.0,0.0,0.0,0.0,0.0,0.0,0.0,0.0,1.0,0.0,1.0,0.0,0.0,0.0,0.0,0.0,0.0,0.0,0.0,0.0,0.0,0.0,0.0,1.0,0.0
PP133,g1,2372,0,0.925,0.210476,0.18426,-0.960077,0.06491,0.173745,-0.982649,0.141,0.182,248.7,250.2,253.4,256.5,257.7,256.4,253.0,249.9,244.3,246.4,249.4,252.9,256.3,258.8,260.5,258.4,255.4,252.2,249.1,246.3,251.7,253.1,254.5,255.1,254.6,253.3,251.9,251.2,286.0,287.0,289.8,292.6,293.9,292.8,290.0,286.9,282.8,284.9,287.6,290.9,293.7,295.5,296.5,295.4,293.6,291.1,288.2,285.1,288.5,289.7,290.9,291.4,290.9,289.6,288.4,288.0,160.0,156.8,155.6,157.1,160.4,163.8,164.7,163.2,161.2,159.5,158.5,158.1,158.9,160.5,162.6,163.7,164.0,164.0,163.6,162.7,161.6,162.3,161.7,160.4,158.9,158.3,158.8,160.2,161.3,158.2,157.0,158.3,161.4,164.5,165.7,164.7,163.4,161.3,159.9,159.3,159.9,161.1,162.9,164.3,165.0,165.2,165.0,164.5,162.8,163.4,162.8,161.5,160.1,159.5,160.1,161.4,-1.7,0.2,4.5,8.6,10.1,8.4,3.9,-0.2,-7.6,-4.7,-0.8,3.8,8.3,11.6,13.8,11.0,7.1,2.9,-1.2,-4.9,2.3,4.0,5.9,6.8,6.1,4.3,2.4,1.6,49.0,50.5,54.5,58.5,60.2,58.7,54.7,50.3,44.7,47.4,51.1,55.7,59.8,62.8,64.6,62.7,59.7,56.1,51.9,47.8,52.6,54.4,56.1,56.8,56.1,54.3,52.6,51.9,-36.2,-40.4,-42.0,-40.0,-35.6,-31.1,-29.9,-31.8,-34.8,-36.9,-38.1,-38.6,-37.6,-35.5,-32.8,-31.3,-30.8,-30.8,-31.4,-32.6,-34.1,-33.2,-33.9,-35.7,-37.6,-38.5,-37.8,-36.0,-35.7,-39.9,-41.8,-40.1,-35.8,-31.5,-29.7,-31.1,-32.9,-35.6,-37.6,-38.4,-37.8,-36.4,-34.1,-32.0,-30.9,-30.4,-30.7,-31.3,-33.8,-33.0,-33.8,-35.7,-37.6,-38.3,-37.5,-35.7,513.1,513.6,513.9,513.8,513.4,513.1,512.6,512.7,517.1,514.6,512.4,511.4,512.1,513.6,515.3,513.6,512.0,511.5,512.5,514.6,513.8,513.8,513.9,514.1,514.3,514.4,514.2,514.0,531.9,533.0,534.7,536.2,536.4,535.3,533.6,532.3,532.2,531.5,531.5,532.6,535.4,539.0,542.4,539.0,535.6,533.1,531.8,531.7,534.0,534.7,535.4,535.9,535.8,535.2,534.4,533.9,33.4,-2.4,645.8,0.183,-0.207,0.063,222.7,222.4,223.4,225.6,230.1,237.3,246.3,256.8,267.5,276.2,282.5,288.2,293.3,297.3,300.1,302.4,303.4,235.1,242.1,251.1,259.9,267.6,282.6,289.1,295.3,301.1,304.2,274.9,275.7,276.7,277.6,265.4,269.9,274.4,278.3,281.7,244.2,249.7,255.9,260.6,255.4,249.2,282.8,287.9,293.3,296.7,293.5,288.1,254.9,262.9,269.5,273.0,276.7,280.8,283.8,280.4,276.1,272.1,268.1,262.0,257.9,268.8,272.5,276.2,281.7,276.1,272.4,268.6,160.2,172.2,184.2,195.8,206.7,216.3,224.2,230.1,231.7,229.7,223.3,215.3,206.1,196.1,185.6,174.9,164.0,152.5,147.9,147.0,148.7,152.0,152.3,149.6,148.6,149.9,154.4,161.2,168.9,176.7,184.7,189.6,191.3,192.7,191.6,190.1,161.1,158.4,158.7,162.8,163.9,163.8,163.4,159.7,159.9,162.9,165.1,165.0,205.3,202.8,201.4,202.6,201.6,203.4,205.8,210.7,212.7,213.1,212.6,210.4,205.6,205.2,205.7,205.3,206.1,206.8,207.3,206.8,-46.9,-47.6,-46.1,-42.5,-34.6,-22.0,-6.4,11.6,29.7,45.2,57.4,68.8,78.5,85.6,90.6,94.4,96.2,-24.4,-12.8,1.7,15.8,28.2,53.0,64.4,75.7,86.6,93.3,40.3,41.2,42.3,43.3,24.7,31.9,39.2,45.8,51.7,-9.6,-0.5,9.6,17.4,8.8,-1.3,54.7,63.5,73.0,79.5,73.4,63.9,8.0,21.0,31.5,37.3,43.5,50.9,57.0,50.3,42.7,36.1,29.5,19.5,13.0,30.5,36.6,42.9,53.2,42.7,36.5,30.3,-46.9,-26.3,-5.7,14.5,33.5,49.9,63.1,72.4,75.1,72.9,63.3,50.0,33.8,15.6,-3.3,-22.7,-42.4,-57.1,-64.2,-65.3,-62.3,-56.9,-57.1,-62.3,-64.9,-63.8,-56.9,-42.6,-29.7,-17.2,-4.5,3.4,6.1,8.3,6.6,4.2,-43.1,-47.4,-46.9,-40.5,-38.4,-38.6,-40.1,-46.6,-46.5,-41.9,-37.8,-37.7,29.3,24.9,22.5,24.5,22.9,26.2,30.9,38.5,41.2,41.6,40.8,37.4,29.7,28.8,29.6,29.1,31.3,31.5,32.2,31.3,670.4,674.1,678.2,680.6,680.0,677.1,671.3,664.0,664.6,675.0,690.5,702.9,708.1,707.3,705.5,704.0,703.8,638.2,632.8,629.3,626.6,625.8,634.5,642.8,652.3,662.2,672.3,632.1,626.0,619.6,613.6,628.6,627.9,628.1,631.8,636.3,638.6,636.2,637.3,639.3,637.5,636.4,651.2,654.0,658.5,665.2,658.8,654.4,644.4,634.7,631.8,633.4,636.1,645.3,658.9,647.0,639.5,636.3,635.0,637.0,642.5,634.8,636.0,639.2,654.6,639.1,635.9,634.9,0.6,0.193,-0.27,0.075,270.144,185.91,-7.627,13.786,-13.744,18.512,3.307,0.627,-4.091,1.747,3.404,-3.014,0.488,0.563,-0.172,-2.264,-0.229,-0.621,0.281,0.721,-0.77,-0.691,0.682,-0.249,-0.359,-0.697,0.164,0.174,0.102,0.07,-0.127,-0.018,-0.035,-0.015,0.009,-0.004,0.68,0.06,0.0,1.01,0.0,0.0,0.0,0.0,0.0,0.51,0.0,0.0,0.0,0.0,0.0,0.0,0.0,0.0,1.0,0.0,1.0,0.0,0.0,0.0,0.0,0.0,0.0,0.0,0.0,0.0,0.0,0.0,0.0,1.0,0.0
PP133,g1,2378,0,0.975,0.209653,0.189568,-0.959224,0.061535,0.178258,-0.982058,0.139,0.187,248.7,250.2,253.4,256.5,257.7,256.4,252.9,249.8,244.2,246.3,249.3,252.9,256.3,258.8,260.5,258.3,255.4,252.2,249.0,246.2,251.7,253.0,254.5,255.1,254.6,253.3,251.8,251.2,286.0,287.1,289.9,292.7,294.0,292.9,290.1,287.0,282.8,284.9,287.6,290.9,293.7,295.6,296.6,295.5,293.6,291.1,288.2,285.1,288.5,289.8,291.0,291.5,290.9,289.7,288.5,288.0,160.1,156.9,155.7,157.3,160.6,164.0,164.9,163.4,161.3,159.6,158.6,158.2,159.0,160.7,162.8,163.9,164.1,164.2,163.7,162.8,161.7,162.4,161.9,160.5,159.1,158.4,158.9,160.3,161.6,158.5,157.2,158.5,161.7,164.8,166.0,164.9,163.6,161.6,160.1,159.6,160.2,161.4,163.2,164.6,165.2,165.5,165.2,164.8,163.0,163.6,163.1,161.7,160.3,159.8,160.3,161.7,-1.7,0.2,4.5,8.5,10.0,8.3,3.8,-0.2,-7.6,-4.8,-0.9,3.8,8.2,11.5,13.7,10.9,7.0,2.8,-1.3,-5.0,2.2,4.0,5.8,6.7,6.0,4.3,2.4,1.5,48.8,50.4,54.3,58.4,60.1,58.5,54.5,50.2,44.6,47.3,51.0,55.6,59.7,62.7,64.5,62.5,59.6,55.9,51.8,47.6,52.5,54.2,56.0,56.7,55.9,54.2,52.4,51.7,-35.9,-40.1,-41.6,-39.6,-35.3,-30.7,-29.5,-31.5,-34.5,-36.6,-37.8,-38.2,-37.2,-35.2,-32.4,-30.9,-30.5,-30.4,-31.1,-32.4,-33.7,-32.9,-33.5,-35.4,-37.3,-38.2,-37.5,-35.6,-35.2,-39.5,-41.3,-39.6,-35.3,-31.0,-29.2,-30.7,-32.4,-35.2,-37.1,-37.9,-37.3,-35.9,-33.6,-31.5,-30.4,-29.9,-30.2,-30.8,-33.3,-32.6,-33.4,-35.2,-37.1,-37.8,-37.0,-35.2,511.0,511.5,511.8,511.7,511.3,511.0,510.5,510.6,514.9,512.4,510.2,509.3,510.0,511.5,513.3,511.5,509.9,509.4,510.3,512.4,511.7,511.6,511.8,512.0,512.2,512.2,512.1,511.9,529.8,530.8,532.6,534.0,534.2,533.2,531.5,530.1,530.1,529.4,529.3,530.5,533.3,536.8,540.2,536.9,533.5,530.9,529.6,529.6,531.9,532.5,533.3,533.7,533.6,533.0,532.2,531.8,33.2,-2.1,645.5,0.192,-0.204,0.068,222.6,222.4,223.3,225.5,229.9,237.1,246.0,256.4,267.1,275.8,282.1,288.0,293.2,297.2,300.2,302.4,303.5,234.9,242.0,251.0,259.8,267.7,282.7,289.2,295.5,301.3,304.4,274.9,275.7,276.6,277.5,265.2,269.7,274.2,278.2,281.6,244.1,249.7,255.9,260.6,255.4,249.1,282.8,288.0,293.4,296.8,293.5,288.2,254.4,262.5,269.2,272.7,276.5,280.6,283.6,280.1,275.8,271.8,267.7,261.5,257.5,268.5,272.2,276.0,281.6,275.9,272.1,268.3,160.0,172.0,184.0,195.6,206.5,216.1,224.0,230.0,231.6,229.6,223.2,215.2,206.1,196.1,185.7,175.0,164.0,152.7,148.0,147.1,148.9,152.2,152.6,149.9,148.9,150.1,154.7,161.4,169.2,177.0,185.0,189.8,191.5,192.9,191.9,190.3,161.2,158.5,158.9,163.0,164.1,163.9,163.7,159.9,160.2,163.1,165.4,165.3,205.2,202.9,201.6,202.8,201.8,203.6,206.0,210.9,212.9,213.3,212.8,210.5,205.6,205.4,205.9,205.5,206.3,207.0,207.5,206.9,-47.0,-47.7,-46.3,-42.8,-35.0,-22.4,-6.9,10.9,29.0,44.5,56.8,68.4,78.3,85.5,90.6,94.5,96.3,-24.7,-13.0,1.6,15.8,28.3,53.0,64.5,75.8,86.8,93.5,40.3,41.1,42.2,43.1,24.4,31.6,38.9,45.6,51.5,-9.7,-0.6,9.5,17.3,8.8,-1.4,54.6,63.5,73.1,79.6,73.4,63.9,7.3,20.4,31.0,36.9,43.2,50.6,56.8,49.9,42.2,35.5,28.8,18.8,12.3,30.0,36.2,42.5,52.9,42.3,36.0,29.7,-47.3,-26.7,-6.1,14.1,33.1,49.6,62.8,72.2,75.0,72.8,63.1,49.8,33.7,15.5,-3.3,-22.5,-42.2,-56.9,-63.9,-65.0,-61.9,-56.4,-56.6,-61.8,-64.4,-63.3,-56.4,-42.1,-29.2,-16.7,-4.0,3.8,6.4,8.7,7.0,4.6,-42.9,-47.2,-46.6,-40.1,-38.1,-38.4,-39.6,-46.1,-46.0,-41.5,-37.3,-37.2,29.3,25.1,22.8,24.9,23.3,26.6,31.1,38.8,41.6,42.0,41.1,37.6,29.8,29.1,29.9,29.5,31.5,31.9,32.5,31.6,670.3,674.0,678.2,680.6,680.0,677.3,671.6,664.3,664.8,675.1,690.5,702.7,707.7,706.9,705.2,703.8,703.6,637.8,632.3,628.6,625.7,624.8,633.6,641.9,651.5,661.6,671.9,631.4,625.4,619.0,613.1,628.3,627.7,627.7,631.4,635.8,638.1,635.7,636.7,638.7,636.9,635.9,650.5,653.3,657.8,664.6,658.2,653.8,644.5,634.8,631.7,633.3,635.9,645.2,658.9,647.1,639.5,636.4,635.0,637.2,642.6,634.8,635.9,639.2,654.7,639.1,635.8,634.8,0.6,0.202,-0.266,0.08,270.006,186.036,-7.025,13.688,-12.994,18.214,4.26,0.548,-4.583,1.411,3.51,-2.638,0.281,0.813,-0.029,-1.841,-0.413,-0.544,0.361,0.702,-0.926,-0.886,0.625,-0.411,-0.27,-0.609,0.116,0.065,0.103,0.084,-0.118,-0.012,-0.023,-0.006,0.008,-0.011,0.64,0.01,0.0,1.17,0.0,0.0,0.0,0.0,0.0,0.41,0.0,0.0,0.0,0.0,0.0,0.0,0.0,0.0,1.0,0.0,1.0,0.0,0.0,0.0,0.0,0.0,0.0,0.0,0.0,0.0,0.0,0.0,0.0,1.0,0.0
PP133,g1,2384,0,0.975,0.209539,0.199429,-0.957247,0.055895,0.186881,-0.980791,0.136,0.197,248.6,250.1,253.3,256.4,257.5,256.2,252.8,249.7,244.1,246.2,249.2,252.8,256.2,258.7,260.3,258.2,255.3,252.0,248.9,246.1,251.5,252.9,254.3,255.0,254.5,253.1,251.7,251.1,285.9,287.0,289.8,292.7,293.9,292.8,290.0,286.9,282.8,284.8,287.6,290.9,293.7,295.6,296.6,295.5,293.6,291.1,288.1,285.1,288.5,289.7,291.0,291.4,290.9,289.7,288.4,288.0,160.0,156.8,155.7,157.2,160.6,164.0,164.9,163.3,161.2,159.5,158.5,158.2,159.0,160.7,162.9,163.9,164.1,164.1,163.6,162.7,161.7,162.4,161.9,160.5,159.0,158.4,158.9,160.2,161.7,158.6,157.3,158.7,161.8,164.9,166.1,165.0,163.7,161.7,160.3,159.7,160.3,161.5,163.3,164.7,165.4,165.6,165.4,164.9,163.2,163.7,163.2,161.8,160.5,159.9,160.4,161.8,-1.9,0.1,4.4,8.4,9.9,8.1,3.6,-0.4,-7.8,-4.9,-1.0,3.6,8.1,11.4,13.6,10.7,6.9,2.6,-1.5,-5.2,2.0,3.8,5.7,6.5,5.9,4.1,2.3,1.4,48.8,50.4,54.4,58.4,60.1,58.5,54.5,50.1,44.5,47.3,51.0,55.6,59.7,62.7,64.5,62.5,59.6,55.9,51.7,47.6,52.5,54.2,56.0,56.7,55.9,54.2,52.4,51.7,-36.0,-40.2,-41.7,-39.7,-35.3,-30.8,-29.6,-31.6,-34.7,-36.7,-37.9,-38.3,-37.2,-35.2,-32.4,-31.0,-30.6,-30.5,-31.2,-32.5,-33.8,-33.0,-33.6,-35.4,-37.4,-38.2,-37.6,-35.8,-35.1,-39.3,-41.2,-39.4,-35.2,-30.9,-29.1,-30.5,-32.3,-35.0,-36.9,-37.8,-37.2,-35.8,-33.5,-31.4,-30.2,-29.8,-30.1,-30.7,-33.2,-32.4,-33.2,-35.1,-37.0,-37.7,-36.9,-35.0,511.5,512.1,512.4,512.3,511.9,511.6,511.1,511.1,515.4,513.0,510.8,509.8,510.6,512.2,513.9,512.2,510.5,510.0,510.9,513.0,512.3,512.2,512.4,512.6,512.8,512.8,512.7,512.5,530.4,531.4,533.1,534.5,534.8,533.8,532.1,530.8,530.7,530.0,529.9,531.0,533.8,537.4,540.7,537.4,534.1,531.5,530.3,530.3,532.5,533.1,533.9,534.3,534.2,533.6,532.8,532.4,32.7,-2.4,647.6,0.208,-0.199,0.075,222.5,222.2,223.1,225.1,229.5,236.6,245.5,255.8,266.3,275.1,281.5,287.6,293.0,297.2,300.2,302.5,303.5,234.8,241.9,250.9,259.7,267.6,282.7,289.3,295.5,301.3,304.4,274.8,275.5,276.3,277.1,264.8,269.3,273.8,277.8,281.2,243.9,249.6,255.8,260.5,255.2,249.0,282.8,287.9,293.4,296.8,293.5,288.1,253.6,261.8,268.6,272.2,276.0,280.1,283.2,279.5,275.1,271.0,266.9,260.7,256.7,267.8,271.6,275.4,281.1,275.2,271.4,267.6,159.6,171.6,183.5,195.0,205.9,215.4,223.3,229.2,230.9,228.9,222.5,214.6,205.6,195.7,185.4,174.8,163.9,152.4,147.9,147.0,148.8,152.2,152.6,150.0,149.0,150.2,154.7,161.6,169.4,177.1,185.1,189.8,191.5,192.9,191.9,190.4,161.1,158.5,158.9,163.0,164.1,163.8,163.8,160.1,160.3,163.3,165.5,165.4,204.7,202.6,201.4,202.7,201.7,203.4,205.7,210.8,212.8,213.1,212.6,210.2,205.1,205.2,205.7,205.4,206.0,206.9,207.4,206.8,-47.3,-48.1,-46.9,-43.5,-35.8,-23.2,-7.8,9.9,27.9,43.5,55.9,67.8,78.0,85.5,90.8,94.7,96.7,-24.8,-13.1,1.4,15.6,28.2,53.2,64.6,76.0,87.1,93.7,40.2,40.9,41.8,42.7,23.9,31.1,38.3,45.1,51.0,-9.9,-0.7,9.4,17.1,8.5,-1.6,54.6,63.5,73.1,79.7,73.4,63.9,6.0,19.3,30.1,36.0,42.4,50.0,56.2,49.1,41.2,34.4,27.6,17.5,11.0,29.1,35.3,41.7,52.4,41.4,35.0,28.7,-48.0,-27.5,-7.0,13.2,32.2,48.5,61.7,71.2,74.1,71.9,62.1,48.8,32.9,14.9,-3.8,-22.9,-42.5,-57.4,-64.2,-65.3,-62.1,-56.5,-56.7,-61.8,-64.4,-63.2,-56.5,-42.0,-29.1,-16.5,-3.8,3.7,6.4,8.7,7.1,4.7,-43.2,-47.4,-46.7,-40.2,-38.3,-38.6,-39.5,-46.0,-45.9,-41.3,-37.1,-37.1,28.6,24.7,22.6,24.7,23.2,26.4,30.8,38.7,41.6,41.9,41.0,37.2,29.1,28.9,29.7,29.4,31.2,31.9,32.5,31.5,672.0,675.8,680.2,682.8,682.3,679.8,674.2,667.0,667.4,677.4,692.6,704.6,709.4,708.5,706.8,705.5,705.4,639.3,633.7,629.9,627.0,626.0,634.9,643.1,652.6,662.6,672.8,632.7,627.0,620.7,615.0,630.3,629.7,629.8,633.4,637.6,639.6,637.0,638.1,640.1,638.3,637.3,651.8,654.5,658.9,665.8,659.4,655.0,647.2,637.4,634.1,635.6,638.2,647.7,661.5,649.8,642.1,639.0,637.7,640.0,645.3,637.2,638.3,641.5,657.4,641.5,638.3,637.4,0.598,0.216,-0.26,0.088,269.672,185.856,-7.799,13.349,-12.097,16.56,5.943,0.292,-5.001,0.948,3.142,-1.748,0.411,1.196,0.474,-1.93,-0.832,-0.431,0.445,0.631,-1.142,-0.944,0.549,-0.623,-0.117,-0.467,0.13,-0.021,0.077,0.087,-0.115,-0.001,-0.018,0.004,0.005,-0.009,0.43,0.0,0.0,0.73,0.0,0.0,0.0,0.0,0.0,0.36,0.0,0.0,0.0,0.0,0.0,0.0,0.0,0.0,1.0,0.0,1.0,0.0,0.0,0.0,0.0,0.0,0.0,0.0,0.0,0.0,0.0,0.0,0.0,1.0,0.0
PP133,g1,2390,0,0.975,0.212365,0.200881,-0.95632,0.056022,0.187896,-0.98059,0.138,0.198,248.9,250.4,253.7,256.8,257.9,256.6,253.1,250.0,244.4,246.6,249.6,253.2,256.6,259.0,260.6,258.5,255.6,252.4,249.2,246.4,251.9,253.3,254.7,255.3,254.9,253.5,252.1,251.4,286.3,287.4,290.2,293.0,294.3,293.2,290.4,287.3,283.2,285.2,287.9,291.2,294.0,295.9,296.9,295.8,293.9,291.4,288.5,285.5,288.9,290.1,291.3,291.8,291.3,290.0,288.8,288.3,159.8,156.7,155.5,157.1,160.4,163.8,164.7,163.1,161.0,159.3,158.3,158.0,158.9,160.5,162.7,163.7,163.9,163.9,163.5,162.5,161.5,162.2,161.7,160.3,158.9,158.2,158.7,160.1,161.5,158.4,157.2,158.5,161.6,164.7,166.0,164.9,163.6,161.5,160.1,159.5,160.1,161.3,163.1,164.5,165.2,165.4,165.2,164.7,163.0,163.6,163.0,161.7,160.3,159.7,160.3,161.6,-1.4,0.6,4.9,8.9,10.3,8.6,4.1,0.0,-7.4,-4.5,-0.5,4.1,8.6,11.9,14.0,11.2,7.3,3.1,-1.0,-4.7,2.5,4.3,6.1,7.0,6.4,4.6,2.7,1.9,49.4,51.0,55.0,59.0,60.8,59.1,55.1,50.8,45.2,47.9,51.6,56.2,60.3,63.3,65.1,63.2,60.2,56.5,52.4,48.2,53.1,54.9,56.6,57.3,56.6,54.8,53.1,52.4,-36.3,-40.5,-42.0,-39.9,-35.5,-31.1,-29.9,-31.9,-35.0,-37.0,-38.2,-38.5,-37.5,-35.4,-32.7,-31.2,-30.8,-30.8,-31.5,-32.8,-34.1,-33.2,-33.9,-35.7,-37.6,-38.5,-37.8,-36.0,-35.4,-39.6,-41.4,-39.7,-35.5,-31.2,-29.4,-30.8,-32.6,-35.3,-37.2,-38.1,-37.5,-36.1,-33.8,-31.7,-30.5,-30.1,-30.3,-31.0,-33.5,-32.7,-33.5,-35.4,-37.3,-38.0,-37.2,-35.3,512.1,512.7,513.0,513.0,512.6,512.3,511.7,511.7,516.0,513.6,511.4,510.5,511.3,512.9,514.6,512.9,511.1,510.6,511.5,513.5,512.9,512.9,513.0,513.3,513.5,513.5,513.3,513.1,531.7,532.7,534.4,535.8,536.1,535.1,533.4,532.1,532.0,531.3,531.2,532.3,535.1,538.7,542.0,538.7,535.4,532.8,531.6,531.5,533.8,534.4,535.2,535.6,535.5,534.9,534.1,533.7,33.3,-2.9,649.0,0.211,-0.201,0.077,222.8,222.4,223.2,225.2,229.7,236.8,245.8,256.1,266.6,275.3,281.8,287.8,293.3,297.5,300.5,302.8,303.8,235.3,242.5,251.4,260.2,268.0,283.1,289.6,295.8,301.7,304.8,275.2,275.9,276.7,277.4,265.2,269.6,274.1,278.1,281.6,244.3,249.9,256.1,260.8,255.6,249.4,283.1,288.3,293.7,297.1,293.8,288.5,253.9,262.1,268.9,272.5,276.3,280.4,283.5,279.8,275.4,271.3,267.2,260.9,256.9,268.1,271.9,275.7,281.5,275.5,271.7,267.9,159.4,171.4,183.2,194.7,205.5,214.9,222.7,228.6,230.2,228.3,222.0,214.1,205.3,195.4,185.2,174.6,163.8,152.2,147.7,146.9,148.7,152.1,152.5,149.9,148.9,150.1,154.6,161.4,169.2,176.9,184.8,189.5,191.2,192.6,191.6,190.2,160.9,158.3,158.7,162.8,163.9,163.6,163.7,159.9,160.1,163.1,165.4,165.2,204.3,202.3,201.1,202.4,201.4,203.1,205.3,210.4,212.4,212.7,212.2,209.8,204.7,204.9,205.4,205.1,205.7,206.5,207.0,206.4,-46.9,-47.8,-46.7,-43.4,-35.6,-22.9,-7.3,10.4,28.4,44.0,56.4,68.4,78.7,86.3,91.6,95.6,97.5,-24.1,-12.2,2.3,16.5,29.0,53.8,65.4,76.8,87.8,94.5,40.9,41.6,42.5,43.3,24.5,31.7,38.9,45.7,51.6,-9.4,-0.1,10.0,17.7,9.1,-1.0,55.4,64.3,73.9,80.4,74.2,64.6,6.5,19.9,30.7,36.7,43.1,50.6,56.9,49.7,41.8,35.0,28.2,18.0,11.4,29.7,35.9,42.3,53.1,42.0,35.6,29.2,-48.4,-28.0,-7.5,12.6,31.5,47.8,60.8,70.3,73.2,71.0,61.3,48.2,32.3,14.5,-4.2,-23.3,-42.9,-57.9,-64.6,-65.5,-62.3,-56.8,-57.0,-62.1,-64.7,-63.6,-56.9,-42.3,-29.4,-16.9,-4.2,3.3,6.0,8.3,6.7,4.4,-43.6,-47.7,-47.1,-40.5,-38.6,-39.0,-39.8,-46.3,-46.2,-41.7,-37.5,-37.4,28.0,24.2,22.1,24.2,22.7,25.9,30.2,38.1,41.0,41.4,40.4,36.6,28.6,28.4,29.3,28.9,30.6,31.4,31.9,31.0,673.1,676.8,681.2,683.9,683.5,681.0,675.4,668.3,668.8,678.9,694.1,706.1,711.1,710.4,708.8,707.6,707.5,640.2,634.8,631.1,628.3,627.4,636.3,644.5,654.0,663.9,674.2,634.1,628.4,622.2,616.6,631.7,631.1,631.3,635.0,639.2,640.9,638.2,639.3,641.4,639.6,638.5,653.2,655.8,660.3,667.2,660.8,656.4,648.6,638.9,635.6,637.1,639.8,649.3,663.2,651.5,643.7,640.6,639.2,641.6,646.8,638.7,639.8,643.1,659.1,643.1,639.8,638.9,0.597,0.218,-0.264,0.09,269.995,185.577,-7.294,12.765,-12.057,15.157,6.476,0.205,-4.789,1.044,2.95,-1.3,0.836,1.271,0.5,-1.971,-1.09,-0.274,0.362,0.625,-0.972,-0.957,0.585,-0.535,-0.06,-0.354,0.194,-0.086,0.088,0.086,-0.11,0.002,-0.016,0.008,0.004,-0.007,0.65,0.23,0.0,0.7,0.0,0.0,0.06,0.0,0.0,0.36,0.0,0.0,0.0,0.0,0.0,0.04,0.0,0.0,1.0,0.0,1.0,0.0,0.0,0.0,0.0,0.0,0.0,0.0,0.0,0.0,0.0,0.0,0.0,1.0,0.0
PP133,g1,2396,0,0.975,0.211975,0.197273,-0.957157,0.057005,0.184475,-0.981183,0.138,0.194,249.0,250.5,253.7,256.8,257.9,256.6,253.2,250.1,244.5,246.7,249.7,253.2,256.6,259.1,260.7,258.6,255.7,252.4,249.3,246.5,252.0,253.3,254.7,255.4,254.9,253.6,252.1,251.5,286.3,287.4,290.2,293.1,294.3,293.2,290.4,287.3,283.2,285.2,288.0,291.3,294.1,295.9,296.9,295.8,293.9,291.5,288.5,285.5,288.9,290.1,291.3,291.8,291.3,290.0,288.8,288.4,159.5,156.4,155.2,156.8,160.1,163.5,164.3,162.8,160.7,159.0,158.0,157.7,158.5,160.2,162.4,163.4,163.6,163.6,163.1,162.2,161.2,161.9,161.4,160.0,158.6,157.9,158.4,159.7,161.2,158.1,156.9,158.2,161.3,164.4,165.6,164.5,163.2,161.2,159.8,159.2,159.8,161.0,162.9,164.2,164.9,165.1,164.9,164.4,162.7,163.3,162.7,161.4,160.0,159.4,160.0,161.3,-1.3,0.6,4.9,9.0,10.4,8.7,4.2,0.1,-7.3,-4.4,-0.4,4.2,8.7,11.9,14.1,11.3,7.4,3.2,-0.9,-4.6,2.6,4.3,6.2,7.1,6.4,4.7,2.8,1.9,49.5,51.1,55.1,59.1,60.8,59.2,55.2,50.9,45.2,48.0,51.7,56.3,60.4,63.4,65.2,63.2,60.3,56.6,52.4,48.3,53.2,54.9,56.7,57.4,56.6,54.9,53.1,52.4,-36.8,-40.9,-42.5,-40.4,-36.0,-31.5,-30.4,-32.4,-35.5,-37.5,-38.7,-39.0,-38.0,-35.9,-33.2,-31.7,-31.3,-31.3,-32.0,-33.3,-34.6,-33.7,-34.4,-36.2,-38.1,-39.0,-38.3,-36.5,-35.8,-40.1,-41.9,-40.2,-35.9,-31.6,-29.9,-31.3,-33.1,-35.8,-37.7,-38.6,-37.9,-36.5,-34.2,-32.1,-31.0,-30.5,-30.8,-31.5,-33.9,-33.2,-34.0,-35.8,-37.7,-38.5,-37.7,-35.8,512.8,513.4,513.7,513.7,513.3,513.0,512.3,512.4,516.7,514.2,512.1,511.2,512.0,513.5,515.3,513.5,511.8,511.2,512.2,514.2,513.6,513.5,513.7,513.9,514.1,514.1,514.0,513.7,532.1,533.1,534.9,536.3,536.5,535.5,533.7,532.5,532.4,531.7,531.6,532.8,535.5,539.1,542.5,539.1,535.8,533.2,531.9,531.9,534.2,534.8,535.6,536.0,535.9,535.3,534.5,534.1,33.4,-3.4,648.5,0.205,-0.202,0.076,222.8,222.5,223.3,225.3,229.7,236.8,245.8,256.2,266.7,275.4,281.9,287.9,293.3,297.5,300.5,302.8,303.9,235.4,242.5,251.4,260.2,268.0,283.1,289.7,295.9,301.7,304.8,275.2,275.9,276.7,277.5,265.2,269.7,274.2,278.2,281.6,244.4,250.0,256.2,260.8,255.6,249.4,283.2,288.3,293.7,297.1,293.9,288.5,254.1,262.3,269.0,272.6,276.4,280.6,283.6,280.0,275.5,271.5,267.4,261.2,257.1,268.3,272.0,275.8,281.6,275.7,271.9,268.0,159.3,171.2,183.0,194.4,205.2,214.7,222.5,228.4,230.0,228.2,221.9,214.1,205.2,195.4,185.1,174.5,163.6,151.8,147.4,146.5,148.3,151.7,152.1,149.5,148.5,149.8,154.3,161.1,168.8,176.5,184.5,189.2,190.9,192.3,191.3,189.8,160.6,158.0,158.4,162.5,163.6,163.3,163.3,159.6,159.8,162.8,165.0,164.9,204.1,202.0,200.8,202.1,201.1,202.8,205.1,210.0,212.0,212.3,211.8,209.4,204.5,204.6,205.1,204.8,205.4,206.2,206.6,206.0,-46.8,-47.7,-46.6,-43.3,-35.6,-22.9,-7.3,10.5,28.6,44.2,56.6,68.5,78.8,86.4,91.6,95.6,97.5,-23.9,-12.1,2.3,16.4,28.9,53.9,65.4,76.8,87.8,94.5,40.9,41.6,42.5,43.4,24.6,31.8,39.0,45.8,51.7,-9.3,-0.0,10.1,17.8,9.2,-1.0,55.4,64.3,73.9,80.4,74.2,64.6,6.8,20.1,30.9,36.8,43.2,50.7,57.0,49.9,42.0,35.2,28.5,18.3,11.7,29.8,36.1,42.5,53.2,42.2,35.8,29.5,-48.6,-28.3,-7.8,12.2,31.0,47.3,60.4,69.8,72.7,70.6,61.0,48.0,32.2,14.3,-4.4,-23.6,-43.2,-58.4,-65.1,-66.2,-63.0,-57.5,-57.7,-62.7,-65.3,-64.1,-57.3,-42.9,-30.0,-17.4,-4.8,2.8,5.5,7.8,6.2,3.8,-44.1,-48.3,-47.6,-41.1,-39.1,-39.5,-40.4,-46.9,-46.8,-42.2,-38.0,-38.0,27.6,23.7,21.6,23.8,22.3,25.4,29.8,37.5,40.3,40.6,39.7,36.0,28.1,27.9,28.8,28.4,30.2,30.7,31.2,30.3,672.8,676.4,680.7,683.3,682.9,680.2,674.5,667.3,667.9,678.0,693.4,705.6,710.7,710.2,708.6,707.3,707.2,640.1,634.6,631.1,628.2,627.3,636.2,644.4,653.9,663.7,673.9,633.9,628.2,621.9,616.2,631.3,630.7,630.8,634.5,638.7,640.6,638.0,639.1,641.1,639.3,638.3,652.9,655.6,660.1,666.9,660.5,656.1,647.8,638.2,634.9,636.5,639.1,648.6,662.5,650.6,642.8,639.6,638.3,640.7,646.0,638.0,639.1,642.3,658.4,642.2,639.0,638.1,0.597,0.212,-0.265,0.089,270.068,185.287,-6.783,12.364,-12.701,15.17,5.882,0.504,-4.734,1.271,2.787,-1.266,0.549,1.299,0.669,-2.156,-0.867,-0.255,0.388,0.6,-0.821,-1.006,0.561,-0.42,-0.122,-0.438,0.196,-0.057,0.057,0.089,-0.119,0.009,-0.015,0.005,0.005,-0.003,0.64,0.19,0.0,0.88,0.0,0.0,0.0,0.0,0.0,0.54,0.0,0.0,0.0,0.0,0.0,0.0,0.0,0.0,1.0,0.0,1.0,0.0,0.0,0.0,0.0,0.0,1.0,0.0,0.0,0.0,0.0,0.0,0.0,1.0,0.0
PP133,g1,2402,0,0.925,0.210216,0.187703,-0.959467,0.061502,0.176713,-0.982339,0.139,0.186,248.9,250.3,253.6,256.7,257.8,256.5,253.1,250.0,244.4,246.5,249.5,253.1,256.5,259.0,260.6,258.5,255.6,252.3,249.2,246.4,251.9,253.2,254.6,255.3,254.8,253.4,252.0,251.4,286.2,287.3,290.0,292.9,294.1,293.0,290.2,287.1,283.0,285.1,287.8,291.1,293.9,295.8,296.8,295.7,293.8,291.3,288.4,285.3,288.7,290.0,291.2,291.6,291.1,289.9,288.7,288.2,160.2,157.0,155.8,157.3,160.7,164.1,165.0,163.5,161.4,159.7,158.7,158.3,159.1,160.7,162.9,164.0,164.2,164.2,163.8,162.9,161.8,162.5,162.0,160.6,159.2,158.5,159.0,160.4,161.7,158.6,157.4,158.7,161.9,164.9,166.2,165.1,163.7,161.7,160.3,159.7,160.4,161.6,163.4,164.7,165.4,165.6,165.4,164.9,163.2,163.8,163.2,161.9,160.5,159.9,160.5,161.8,-1.5,0.5,4.7,8.8,10.3,8.6,4.1,0.0,-7.4,-4.5,-0.6,4.0,8.5,11.8,14.0,11.2,7.3,3.1,-1.1,-4.7,2.4,4.2,6.1,6.9,6.3,4.5,2.6,1.8,49.3,50.8,54.8,58.8,60.6,59.0,55.0,50.6,45.0,47.7,51.4,56.0,60.2,63.1,64.9,63.0,60.0,56.4,52.2,48.1,52.9,54.7,56.4,57.1,56.4,54.6,52.9,52.2,-35.8,-40.0,-41.6,-39.6,-35.2,-30.7,-29.5,-31.5,-34.5,-36.6,-37.7,-38.2,-37.1,-35.1,-32.4,-30.9,-30.5,-30.4,-31.0,-32.3,-33.7,-32.8,-33.5,-35.3,-37.2,-38.1,-37.4,-35.6,-35.1,-39.4,-41.2,-39.5,-35.2,-30.9,-29.2,-30.6,-32.4,-35.1,-37.0,-37.9,-37.2,-35.8,-33.5,-31.4,-30.3,-29.8,-30.1,-30.8,-33.2,-32.5,-33.3,-35.1,-37.0,-37.8,-37.0,-35.1,512.1,512.6,512.9,512.8,512.4,512.2,511.6,511.7,516.1,513.6,511.4,510.4,511.1,512.7,514.4,512.7,511.0,510.5,511.5,513.6,512.8,512.8,512.9,513.1,513.3,513.4,513.2,513.0,531.9,533.0,534.7,536.1,536.4,535.3,533.6,532.3,532.2,531.5,531.5,532.6,535.4,539.0,542.3,539.0,535.6,533.1,531.8,531.8,534.0,534.7,535.4,535.9,535.8,535.2,534.4,533.9,33.5,-1.9,646.0,0.187,-0.205,0.069,222.8,222.5,223.5,225.6,230.1,237.2,246.1,256.6,267.2,275.8,282.2,288.0,293.3,297.4,300.3,302.6,303.7,235.2,242.3,251.3,260.0,267.7,283.0,289.5,295.6,301.4,304.5,275.1,275.8,276.7,277.6,265.4,269.8,274.3,278.3,281.7,244.3,249.8,256.0,260.8,255.5,249.3,283.0,288.1,293.5,296.9,293.7,288.3,254.7,262.8,269.4,272.9,276.6,280.7,283.7,280.2,275.9,271.9,267.9,261.8,257.7,268.6,272.4,276.1,281.6,276.0,272.2,268.4,160.2,172.2,184.2,195.9,206.8,216.3,224.3,230.2,231.8,229.9,223.5,215.6,206.5,196.5,186.0,175.3,164.3,152.5,148.0,147.1,148.8,152.2,152.6,149.9,149.0,150.2,154.7,161.5,169.3,177.0,185.0,189.9,191.5,192.9,191.9,190.4,161.3,158.6,159.0,163.0,164.2,164.0,163.8,160.1,160.4,163.3,165.6,165.4,205.4,203.0,201.6,202.8,201.8,203.7,206.1,211.0,213.0,213.3,212.9,210.6,205.7,205.4,205.9,205.6,206.5,207.1,207.5,207.0,-46.7,-47.4,-46.1,-42.5,-34.7,-22.1,-6.6,11.2,29.2,44.7,56.9,68.5,78.4,85.7,90.9,94.9,96.8,-24.1,-12.4,2.0,16.0,28.4,53.6,65.0,76.2,87.1,93.8,40.6,41.4,42.4,43.4,24.7,31.9,39.1,45.8,51.7,-9.4,-0.3,9.9,17.6,9.0,-1.1,55.0,63.8,73.4,79.9,73.7,64.2,7.8,20.8,31.3,37.2,43.4,50.8,56.9,50.1,42.4,35.7,29.1,19.2,12.8,30.3,36.4,42.7,53.1,42.5,36.2,30.0,-46.9,-26.3,-5.6,14.6,33.6,50.0,63.2,72.5,75.3,73.2,63.7,50.5,34.4,16.2,-2.7,-22.0,-41.8,-57.1,-64.0,-65.1,-62.0,-56.6,-56.8,-61.8,-64.4,-63.2,-56.4,-42.1,-29.2,-16.7,-4.0,3.8,6.5,8.8,7.1,4.7,-42.8,-47.1,-46.5,-40.1,-38.0,-38.3,-39.5,-45.9,-45.8,-41.2,-37.0,-37.0,29.5,25.2,22.8,24.9,23.4,26.7,31.4,39.0,41.7,42.1,41.3,37.7,30.0,29.2,30.0,29.6,31.8,32.0,32.6,31.7,670.4,674.1,678.3,680.7,680.0,677.2,671.5,664.3,664.9,675.2,690.6,702.9,708.0,707.2,705.5,704.1,703.9,638.1,632.8,629.3,626.6,625.7,634.6,642.9,652.3,662.2,672.2,632.2,626.2,619.9,614.0,628.9,628.2,628.4,632.1,636.4,638.7,636.3,637.4,639.3,637.5,636.5,651.2,654.0,658.5,665.2,658.8,654.4,644.7,635.1,632.2,633.7,636.4,645.6,659.1,647.4,639.8,636.7,635.4,637.4,642.8,635.2,636.3,639.5,654.9,639.5,636.2,635.2,0.6,0.197,-0.268,0.081,270.168,186.151,-8.493,13.49,-13.746,17.934,4.151,0.378,-4.276,1.634,3.081,-3.156,0.335,0.827,0.018,-2.193,-0.313,-0.658,0.294,0.581,-1.001,-0.924,0.616,-0.309,-0.291,-0.683,0.115,0.161,0.11,0.074,-0.121,-0.011,-0.028,-0.009,0.01,-0.006,0.49,0.05,0.0,0.75,0.0,0.0,0.0,0.0,0.0,0.23,0.0,0.0,0.0,0.0,0.0,0.0,0.0,0.0,1.0,0.0,1.0,0.0,0.0,0.0,0.0,0.0,0.0,0.0,0.0,0.0,0.0,0.0,0.0,1.0,0.0
PP133,g1,2408,0,0.925,0.209402,0.187321,-0.95972,0.064789,0.176478,-0.98217,0.14,0.185,249.1,250.6,253.8,256.9,258.1,256.8,253.3,250.2,244.6,246.8,249.8,253.3,256.7,259.2,260.9,258.8,255.8,252.6,249.4,246.6,252.1,253.5,254.9,255.5,255.0,253.7,252.3,251.6,286.4,287.5,290.3,293.1,294.4,293.3,290.5,287.4,283.3,285.3,288.1,291.3,294.1,296.0,297.0,295.9,294.0,291.5,288.6,285.6,289.0,290.2,291.4,291.9,291.4,290.1,288.9,288.4,161.0,157.9,156.7,158.2,161.5,164.9,165.8,164.3,162.3,160.6,159.5,159.1,160.0,161.6,163.8,164.8,165.1,165.1,164.7,163.8,162.7,163.4,162.8,161.5,160.0,159.3,159.9,161.2,162.6,159.5,158.3,159.6,162.7,165.8,167.0,165.9,164.6,162.6,161.2,160.6,161.2,162.4,164.2,165.6,166.3,166.5,166.3,165.8,164.1,164.6,164.1,162.7,161.4,160.8,161.3,162.7,-1.2,0.8,5.0,9.1,10.6,8.9,4.4,0.3,-7.1,-4.2,-0.3,4.3,8.8,12.1,14.3,11.5,7.6,3.4,-0.7,-4.4,2.8,4.5,6.4,7.3,6.6,4.8,3.0,2.1,49.5,51.1,55.0,59.0,60.8,59.1,55.2,50.8,45.2,48.0,51.7,56.2,60.4,63.3,65.1,63.2,60.2,56.6,52.4,48.3,53.1,54.9,56.6,57.3,56.6,54.8,53.1,52.4,-34.6,-38.8,-40.4,-38.4,-34.0,-29.5,-28.3,-30.3,-33.3,-35.4,-36.5,-37.0,-36.0,-33.9,-31.2,-29.7,-29.2,-29.2,-29.8,-31.1,-32.5,-31.6,-32.3,-34.1,-36.0,-36.9,-36.2,-34.4,-33.9,-38.1,-39.9,-38.2,-34.0,-29.7,-27.9,-29.3,-31.1,-33.8,-35.7,-36.6,-35.9,-34.5,-32.2,-30.2,-29.0,-28.6,-28.9,-29.5,-32.0,-31.2,-32.0,-33.9,-35.7,-36.5,-35.7,-33.8,511.1,511.6,511.8,511.8,511.3,511.1,510.6,510.7,515.1,512.6,510.3,509.3,510.0,511.6,513.3,511.6,509.9,509.5,510.5,512.6,511.8,511.7,511.9,512.1,512.3,512.3,512.2,512.0,530.6,531.7,533.4,534.9,535.1,534.1,532.3,531.0,530.9,530.2,530.2,531.4,534.2,537.8,541.1,537.8,534.4,531.8,530.5,530.5,532.8,533.4,534.2,534.6,534.5,533.9,533.1,532.7,33.8,-0.3,643.9,0.187,-0.207,0.069,223.0,222.6,223.6,225.7,230.2,237.4,246.3,256.9,267.5,276.2,282.5,288.3,293.4,297.4,300.4,302.7,303.8,235.4,242.5,251.5,260.3,268.1,283.2,289.7,296.0,301.7,304.7,275.3,276.1,277.1,277.9,265.7,270.2,274.7,278.6,282.0,244.5,250.1,256.3,261.0,255.8,249.6,283.2,288.4,293.8,297.1,293.9,288.6,255.2,263.3,269.8,273.3,277.0,281.1,284.0,280.6,276.3,272.4,268.4,262.3,258.3,269.1,272.8,276.5,281.9,276.4,272.7,268.9,160.9,173.0,184.9,196.6,207.6,217.2,225.3,231.3,232.9,231.0,224.6,216.5,207.4,197.4,186.9,176.2,165.2,153.5,148.9,148.0,149.8,153.2,153.6,151.0,149.9,151.2,155.8,162.4,170.3,178.0,186.0,190.9,192.6,194.0,192.9,191.4,162.2,159.4,159.8,163.9,165.1,164.9,164.7,161.0,161.2,164.2,166.4,166.3,206.5,204.1,202.7,204.0,202.9,204.8,207.2,212.1,214.0,214.4,213.9,211.7,206.9,206.6,207.0,206.7,207.5,208.1,208.5,208.0,-46.3,-47.1,-45.7,-42.2,-34.4,-21.8,-6.3,11.6,29.7,45.1,57.3,68.7,78.5,85.7,90.8,94.8,96.7,-23.8,-12.1,2.4,16.5,28.9,53.7,65.1,76.5,87.4,94.0,40.9,41.7,42.8,43.7,25.1,32.3,39.5,46.2,52.0,-8.9,0.1,10.2,18.0,9.4,-0.7,55.2,64.1,73.6,80.1,73.9,64.4,8.6,21.5,31.9,37.7,43.9,51.2,57.1,50.5,43.0,36.4,29.8,20.0,13.6,30.9,37.0,43.2,53.3,43.1,36.8,30.6,-45.5,-25.0,-4.4,15.8,34.9,51.4,64.7,74.3,77.1,75.0,65.4,52.1,36.0,17.8,-1.1,-20.4,-40.1,-55.3,-62.3,-63.4,-60.2,-54.7,-54.8,-59.9,-62.5,-61.4,-54.4,-40.4,-27.5,-15.0,-2.3,5.5,8.2,10.4,8.7,6.3,-41.3,-45.5,-45.0,-38.5,-36.5,-36.8,-37.9,-44.3,-44.2,-39.6,-35.4,-35.4,31.3,26.9,24.6,26.6,25.1,28.4,33.2,40.6,43.3,43.7,42.8,39.4,31.7,30.9,31.7,31.3,33.5,33.5,34.1,33.3,668.3,672.1,676.4,678.8,678.3,675.4,669.7,662.5,663.2,673.6,689.2,701.6,706.7,705.8,703.9,702.3,701.9,636.0,630.5,626.9,624.3,623.5,632.2,640.5,650.1,660.2,670.5,630.0,623.9,617.5,611.6,626.7,626.1,626.2,629.9,634.4,636.5,634.1,635.2,637.3,635.5,634.4,649.1,652.0,656.5,663.3,656.9,652.4,642.4,632.7,629.9,631.5,634.2,643.4,656.9,645.2,637.7,634.6,633.2,635.1,640.5,633.0,634.2,637.4,652.6,637.3,634.0,633.0,0.602,0.2,-0.271,0.081,270.458,187.132,-6.44,13.816,-14.258,19.094,3.204,0.429,-4.058,2.128,3.623,-3.502,0.324,0.232,-0.175,-2.176,-0.096,-0.7,0.112,0.615,-0.719,-0.817,0.662,-0.285,-0.383,-0.772,0.221,0.194,0.13,0.073,-0.126,-0.016,-0.035,-0.015,0.016,-0.005,0.53,0.1,0.0,0.96,0.0,0.0,0.0,0.0,0.0,0.26,0.0,0.0,0.0,0.0,0.0,0.0,0.0,0.0,1.0,0.0,1.0,0.0,0.0,0.0,0.0,0.0,0.0,0.0,0.0,0.0,0.0,0.0,0.0,1.0,0.0
PP133,g1,2414,0,0.975,0.209298,0.204939,-0.956135,0.058597,0.192548,-0.979536,0.138,0.203,249.4,250.9,254.2,257.3,258.4,257.1,253.6,250.5,244.9,247.1,250.1,253.7,257.1,259.6,261.2,259.0,256.1,252.9,249.7,246.9,252.4,253.8,255.2,255.8,255.4,254.0,252.6,251.9,286.8,287.9,290.7,293.5,294.8,293.6,290.8,287.7,283.6,285.7,288.4,291.7,294.5,296.4,297.4,296.3,294.4,291.9,289.0,285.9,289.3,290.6,291.8,292.3,291.8,290.5,289.3,288.8,161.0,157.8,156.7,158.2,161.5,165.0,165.8,164.3,162.1,160.5,159.5,159.1,160.0,161.6,163.8,164.9,165.1,165.1,164.6,163.7,162.7,163.3,162.8,161.5,160.0,159.3,159.8,161.2,162.7,159.6,158.4,159.7,162.8,165.9,167.2,166.1,164.7,162.7,161.3,160.7,161.3,162.5,164.3,165.7,166.4,166.7,166.4,165.9,164.2,164.8,164.2,162.9,161.5,160.9,161.5,162.8,-0.8,1.2,5.5,9.6,11.0,9.3,4.7,0.7,-6.7,-3.8,0.1,4.8,9.2,12.5,14.7,11.8,8.0,3.7,-0.4,-4.0,3.2,4.9,6.8,7.7,7.0,5.3,3.4,2.5,50.0,51.6,55.6,59.6,61.3,59.6,55.6,51.3,45.7,48.4,52.2,56.7,60.9,63.9,65.6,63.7,60.7,57.0,52.9,48.8,53.6,55.4,57.1,57.8,57.1,55.3,53.6,52.9,-34.7,-38.9,-40.4,-38.4,-34.0,-29.5,-28.3,-30.4,-33.5,-35.5,-36.6,-37.0,-35.9,-33.9,-31.1,-29.7,-29.2,-29.2,-29.9,-31.3,-32.6,-31.7,-32.3,-34.1,-36.1,-37.0,-36.3,-34.5,-33.7,-37.9,-39.8,-38.0,-33.8,-29.5,-27.7,-29.1,-30.9,-33.6,-35.5,-36.4,-35.7,-34.4,-32.1,-30.0,-28.8,-28.4,-28.6,-29.3,-31.8,-31.0,-31.8,-33.7,-35.6,-36.3,-35.5,-33.7,511.1,511.6,511.9,511.9,511.5,511.3,510.7,510.7,515.1,512.6,510.4,509.4,510.2,511.8,513.5,511.8,510.1,509.6,510.5,512.6,511.9,511.9,512.0,512.2,512.4,512.4,512.3,512.0,530.4,531.4,533.1,534.5,534.9,533.9,532.1,530.8,530.7,530.0,529.9,531.0,533.8,537.4,540.8,537.5,534.2,531.6,530.3,530.3,532.5,533.2,533.9,534.3,534.2,533.6,532.8,532.4,33.9,-0.6,645.3,0.215,-0.202,0.079,223.2,222.8,223.6,225.5,229.9,237.1,246.0,256.3,266.9,275.7,282.1,288.1,293.5,297.7,300.7,303.1,304.3,235.8,242.9,251.9,260.8,268.6,283.6,290.2,296.4,302.2,305.3,275.7,276.4,277.2,277.9,265.6,270.1,274.5,278.6,282.0,244.8,250.4,256.6,261.3,256.1,249.8,283.6,288.8,294.2,297.6,294.3,288.9,254.7,262.8,269.5,273.0,276.7,280.8,283.8,280.2,275.8,271.9,267.9,261.7,257.7,268.7,272.4,276.1,281.7,276.0,272.3,268.5,160.2,172.2,184.1,195.6,206.6,216.2,224.3,230.4,232.1,230.1,223.6,215.6,206.6,196.7,186.3,175.7,164.8,153.3,148.8,148.0,149.9,153.4,153.8,151.1,150.0,151.3,155.8,162.7,170.5,178.3,186.4,191.0,192.7,194.1,193.1,191.6,162.0,159.4,159.9,164.0,165.1,164.8,164.8,161.1,161.3,164.3,166.6,166.4,206.1,204.0,202.7,204.0,203.0,204.7,207.0,212.0,214.0,214.4,213.9,211.5,206.5,206.5,207.0,206.7,207.4,208.1,208.6,208.0,-45.9,-46.9,-45.9,-42.6,-34.9,-22.5,-7.0,10.8,28.9,44.4,56.8,68.6,78.8,86.3,91.6,95.7,97.7,-23.1,-11.4,3.1,17.2,29.6,54.4,65.9,77.3,88.2,94.8,41.5,42.1,43.0,43.8,25.1,32.3,39.4,46.2,52.0,-8.5,0.7,10.8,18.5,9.9,-0.3,55.9,64.7,74.3,80.7,74.5,65.0,7.7,20.9,31.5,37.3,43.5,50.9,57.0,50.0,42.3,35.6,29.0,19.1,12.7,30.4,36.5,42.7,53.2,42.5,36.3,30.1,-46.7,-26.4,-5.9,14.2,33.3,49.8,63.3,73.0,76.0,73.7,63.9,50.5,34.6,16.6,-2.1,-21.2,-40.8,-55.8,-62.5,-63.4,-60.1,-54.4,-54.5,-59.7,-62.3,-61.2,-54.4,-40.0,-27.1,-14.5,-1.8,5.6,8.3,10.7,9.0,6.7,-41.5,-45.6,-44.9,-38.4,-36.5,-36.9,-37.7,-44.1,-44.0,-39.5,-35.2,-35.2,30.7,26.8,24.6,26.8,25.3,28.5,32.9,40.7,43.5,43.9,42.9,39.2,31.2,31.0,31.8,31.4,33.3,33.8,34.3,33.4,668.7,672.8,677.4,680.3,680.1,677.6,672.1,665.2,665.9,676.0,691.2,703.2,708.0,706.9,704.9,703.2,702.7,635.9,630.4,626.7,624.0,623.3,632.1,640.3,649.8,659.8,670.2,630.1,624.4,618.3,612.7,627.9,627.4,627.6,631.3,635.6,636.7,634.1,635.2,637.4,635.6,634.5,649.2,651.9,656.4,663.3,657.0,652.5,644.6,634.9,631.8,633.4,636.0,645.3,659.2,647.6,640.1,637.0,635.6,637.6,642.8,635.0,636.2,639.4,655.0,639.3,636.1,635.1,0.601,0.226,-0.266,0.093,270.45,186.954,-7.002,13.455,-13.555,17.35,4.935,0.04,-4.242,1.442,3.293,-2.199,0.487,0.843,0.32,-2.283,-0.646,-0.428,0.315,0.628,-0.816,-0.822,0.702,-0.51,-0.146,-0.536,0.179,0.077,0.093,0.079,-0.123,-0.007,-0.027,-0.003,0.011,-0.003,0.32,0.08,0.0,0.81,0.0,0.0,0.0,0.0,0.0,0.37,0.0,0.0,0.0,0.0,0.0,0.0,0.0,0.0,1.0,0.0,1.0,0.0,0.0,0.0,0.0,0.0,0.0,0.0,0.0,0.0,0.0,0.0,0.0,1.0,0.0
PP133,g1,2420,0,0.975,0.209644,0.212238,-0.954466,0.054992,0.198933,-0.978469,0.136,0.21,249.7,251.2,254.5,257.6,258.6,257.3,253.8,250.8,245.2,247.4,250.4,253.9,257.3,259.8,261.4,259.3,256.3,253.1,250.0,247.2,252.7,254.0,255.4,256.1,255.6,254.3,252.9,252.2,287.1,288.2,291.0,293.8,295.0,293.9,291.1,288.0,283.9,286.0,288.7,292.0,294.8,296.7,297.7,296.5,294.6,292.2,289.2,286.2,289.6,290.8,292.1,292.6,292.0,290.8,289.6,289.1,161.2,158.0,156.9,158.5,161.8,165.2,166.1,164.5,162.3,160.7,159.7,159.4,160.3,161.9,164.1,165.1,165.4,165.3,164.8,163.9,162.9,163.6,163.1,161.7,160.3,159.6,160.1,161.5,163.0,159.9,158.7,160.0,163.1,166.2,167.5,166.4,165.0,163.0,161.6,161.0,161.6,162.8,164.6,166.0,166.7,167.0,166.7,166.2,164.5,165.1,164.5,163.2,161.8,161.2,161.8,163.1,-0.4,1.6,5.9,9.9,11.3,9.6,5.0,1.0,-6.4,-3.5,0.5,5.1,9.6,12.9,15.0,12.1,8.3,4.1,-0.0,-3.7,3.5,5.2,7.1,8.0,7.4,5.6,3.8,2.9,50.4,52.0,56.0,60.1,61.7,60.1,56.1,51.8,46.2,48.9,52.6,57.2,61.3,64.3,66.1,64.1,61.2,57.5,53.3,49.2,54.1,55.9,57.6,58.3,57.6,55.8,54.1,53.4,-34.5,-38.6,-40.1,-38.1,-33.7,-29.2,-28.0,-30.1,-33.2,-35.3,-36.4,-36.7,-35.6,-33.5,-30.8,-29.3,-28.9,-29.0,-29.7,-31.0,-32.3,-31.4,-32.0,-33.8,-35.8,-36.7,-36.0,-34.2,-33.3,-37.6,-39.4,-37.7,-33.4,-29.1,-27.4,-28.8,-30.6,-33.3,-35.2,-36.0,-35.4,-34.0,-31.8,-29.7,-28.5,-28.0,-28.3,-29.0,-31.5,-30.7,-31.5,-33.4,-35.2,-36.0,-35.2,-33.3,511.9,512.4,512.7,512.7,512.3,512.1,511.5,511.5,515.8,513.3,511.1,510.2,511.0,512.6,514.4,512.6,510.9,510.4,511.3,513.3,512.6,512.6,512.8,513.0,513.2,513.2,513.0,512.8,531.4,532.3,534.0,535.5,535.8,534.9,533.2,531.9,531.7,531.0,530.9,532.0,534.8,538.4,541.8,538.5,535.2,532.6,531.3,531.3,533.5,534.2,534.9,535.3,535.2,534.6,533.8,533.4,34.3,-0.4,647.0,0.227,-0.199,0.082,223.3,222.9,223.6,225.6,230.0,237.2,246.1,256.5,267.0,275.8,282.3,288.4,293.9,298.1,301.1,303.5,304.7,236.1,243.3,252.3,261.1,268.9,283.9,290.5,296.7,302.5,305.6,276.0,276.6,277.3,278.1,265.8,270.2,274.7,278.7,282.1,245.1,250.7,256.9,261.5,256.3,250.1,283.9,289.0,294.5,297.8,294.5,289.2,254.7,262.9,269.6,273.1,276.8,280.9,284.0,280.3,275.9,271.9,267.9,261.7,257.7,268.8,272.5,276.2,281.9,276.1,272.4,268.6,160.2,172.1,183.9,195.4,206.3,215.8,223.8,229.9,231.6,229.6,223.1,215.1,206.2,196.4,186.3,175.8,165.1,153.3,149.0,148.3,150.2,153.7,154.2,151.5,150.4,151.6,156.0,163.1,170.9,178.7,186.7,191.2,192.9,194.4,193.4,191.9,162.2,159.7,160.1,164.2,165.3,165.0,165.2,161.4,161.6,164.5,166.8,166.7,206.0,204.0,202.9,204.1,203.1,204.8,206.9,212.0,214.0,214.4,213.9,211.5,206.4,206.6,207.1,206.8,207.3,208.1,208.6,208.1,-45.7,-46.8,-45.9,-42.7,-35.0,-22.3,-6.7,11.1,29.1,44.7,57.3,69.4,79.7,87.2,92.5,96.6,98.6,-22.7,-10.8,3.7,17.7,30.1,54.9,66.5,77.9,88.8,95.5,42.0,42.6,43.4,44.1,25.4,32.6,39.7,46.5,52.4,-8.1,1.2,11.2,18.8,10.3,0.1,56.4,65.3,74.9,81.3,75.1,65.5,7.8,21.0,31.7,37.5,43.8,51.3,57.5,50.4,42.6,35.9,29.2,19.2,12.8,30.6,36.8,43.0,53.6,42.8,36.5,30.3,-46.8,-26.6,-6.3,13.7,32.8,49.3,62.7,72.5,75.5,73.2,63.1,49.8,34.0,16.2,-2.2,-21.1,-40.5,-55.7,-62.2,-63.0,-59.6,-53.9,-54.0,-59.1,-61.8,-60.7,-54.2,-39.4,-26.5,-13.9,-1.2,6.0,8.8,11.1,9.5,7.1,-41.3,-45.3,-44.6,-38.0,-36.1,-36.5,-37.2,-43.6,-43.5,-39.1,-34.8,-34.8,30.6,26.9,24.9,27.0,25.5,28.6,32.8,40.7,43.6,44.0,43.1,39.3,31.2,31.2,32.1,31.7,33.3,33.9,34.5,33.5,670.4,674.6,679.4,682.4,682.3,679.8,674.3,667.5,668.2,678.3,693.3,705.1,709.8,708.7,706.7,705.0,704.5,637.0,631.3,627.7,625.0,624.2,633.1,641.2,650.7,660.7,671.0,631.3,625.8,619.8,614.4,629.7,629.2,629.5,633.0,637.2,637.9,635.2,636.3,638.5,636.8,635.7,650.5,653.0,657.5,664.5,658.2,653.8,646.6,636.9,633.7,635.3,637.9,647.3,661.3,649.8,642.2,639.1,637.7,639.8,644.8,637.0,638.2,641.4,657.1,641.3,638.1,637.1,0.599,0.238,-0.262,0.097,270.64,187.023,-6.076,13.661,-13.451,15.563,5.847,-0.183,-4.254,1.735,3.052,-1.376,0.695,1.041,0.443,-2.259,-0.746,-0.542,0.155,0.488,-0.642,-0.907,0.713,-0.571,-0.121,-0.351,0.192,0.007,0.09,0.093,-0.121,-0.002,-0.023,0.007,0.015,-0.002,0.23,0.0,0.0,0.67,0.0,0.0,0.0,0.0,0.0,0.32,0.0,0.0,0.0,0.0,0.0,0.0,0.0,0.0,1.0,0.0,1.0,0.0,0.0,0.0,0.0,0.0,0.0,0.0,0.0,0.0,0.0,0.0,0.0,1.0,0.0
PP133,g1,2426,0,0.975,0.208716,0.207211,-0.955773,0.053587,0.1956,-0.979219,0.135,0.205,249.8,251.3,254.6,257.7,258.8,257.5,254.0,250.9,245.3,247.5,250.5,254.0,257.5,259.9,261.5,259.4,256.5,253.3,250.1,247.3,252.8,254.1,255.6,256.2,255.7,254.4,253.0,252.3,287.2,288.3,291.1,293.9,295.2,294.1,291.3,288.2,284.1,286.1,288.8,292.1,294.9,296.8,297.8,296.7,294.8,292.3,289.4,286.4,289.8,291.0,292.2,292.7,292.2,290.9,289.7,289.2,161.0,157.8,156.7,158.2,161.6,165.0,165.9,164.3,162.2,160.5,159.5,159.2,160.0,161.7,163.9,164.9,165.1,165.1,164.7,163.7,162.7,163.4,162.9,161.5,160.0,159.4,159.9,161.2,162.5,159.4,158.1,159.4,162.6,165.7,166.9,165.9,164.6,162.5,161.1,160.5,161.1,162.2,164.0,165.4,166.2,166.4,166.2,165.7,163.9,164.5,164.0,162.6,161.3,160.7,161.2,162.6,-0.3,1.7,6.0,10.0,11.5,9.8,5.2,1.2,-6.2,-3.3,0.6,5.3,9.7,13.0,15.2,12.3,8.5,4.3,0.1,-3.5,3.7,5.4,7.3,8.2,7.5,5.8,3.9,3.0,50.6,52.1,56.1,60.1,61.9,60.3,56.3,51.9,46.3,49.0,52.7,57.3,61.4,64.5,66.3,64.3,61.3,57.7,53.5,49.4,54.3,56.0,57.8,58.5,57.7,55.9,54.2,53.5,-34.7,-38.8,-40.4,-38.3,-34.0,-29.5,-28.3,-30.3,-33.4,-35.4,-36.6,-36.9,-35.9,-33.8,-31.1,-29.6,-29.2,-29.2,-29.8,-31.2,-32.5,-31.6,-32.3,-34.1,-36.0,-36.9,-36.2,-34.4,-34.0,-38.2,-40.1,-38.4,-34.2,-29.9,-28.0,-29.4,-31.2,-33.9,-35.9,-36.7,-36.1,-34.8,-32.5,-30.4,-29.2,-28.7,-28.9,-29.6,-32.1,-31.4,-32.2,-34.1,-35.9,-36.7,-35.8,-34.0,511.0,511.5,511.8,511.8,511.4,511.2,510.6,510.6,514.9,512.4,510.3,509.3,510.1,511.7,513.4,511.7,510.0,509.5,510.4,512.5,511.8,511.8,511.9,512.1,512.3,512.3,512.2,511.9,530.7,531.6,533.3,534.8,535.1,534.1,532.4,531.1,531.0,530.3,530.2,531.3,534.1,537.7,541.1,537.8,534.4,531.9,530.6,530.6,532.8,533.4,534.2,534.6,534.4,533.8,533.1,532.7,35.0,-1.1,648.2,0.222,-0.198,0.073,223.6,223.3,224.2,226.2,230.7,237.9,246.9,257.3,267.8,276.5,283.0,289.0,294.4,298.6,301.5,303.8,304.9,236.2,243.3,252.3,261.1,268.9,283.9,290.5,296.7,302.6,305.7,276.1,276.7,277.6,278.3,266.2,270.6,275.0,279.1,282.5,245.2,250.8,257.0,261.7,256.5,250.2,284.0,289.2,294.6,298.0,294.7,289.3,255.3,263.4,270.0,273.6,277.3,281.5,284.5,280.9,276.5,272.5,268.5,262.3,258.3,269.3,273.0,276.7,282.4,276.6,272.9,269.1,160.3,172.1,183.9,195.3,206.2,215.6,223.5,229.5,231.2,229.1,222.6,214.7,205.8,196.0,185.7,175.2,164.4,153.3,148.9,148.1,149.9,153.4,153.7,150.9,149.8,151.0,155.3,162.7,170.4,178.2,186.1,190.8,192.4,193.8,192.8,191.3,162.1,159.5,159.9,164.0,165.1,164.9,164.7,160.9,161.1,163.9,166.3,166.2,205.7,203.6,202.3,203.6,202.6,204.2,206.4,211.5,213.5,213.9,213.4,211.1,206.1,206.1,206.6,206.2,206.8,207.7,208.1,207.6,-45.3,-46.2,-45.0,-41.6,-33.8,-21.1,-5.4,12.4,30.5,46.1,58.6,70.5,80.8,88.2,93.4,97.3,99.2,-22.6,-10.8,3.7,17.8,30.3,55.1,66.6,78.0,89.1,95.9,42.2,42.9,43.8,44.7,26.1,33.3,40.4,47.2,53.1,-7.9,1.3,11.4,19.2,10.6,0.4,56.8,65.6,75.3,81.8,75.5,66.0,8.8,21.9,32.6,38.4,44.7,52.2,58.5,51.4,43.6,36.9,30.2,20.2,13.8,31.5,37.7,44.0,54.6,43.8,37.4,31.2,-46.9,-26.6,-6.3,13.7,32.7,49.1,62.3,71.9,74.8,72.4,62.4,49.2,33.3,15.4,-3.2,-22.2,-41.7,-55.9,-62.5,-63.5,-60.2,-54.7,-54.9,-60.1,-62.9,-61.9,-55.3,-40.2,-27.4,-14.9,-2.2,5.3,8.0,10.2,8.6,6.2,-41.6,-45.7,-45.1,-38.6,-36.6,-36.9,-38.1,-44.6,-44.6,-40.2,-35.8,-35.7,30.2,26.3,24.1,26.2,24.6,27.8,32.1,39.9,42.9,43.3,42.4,38.7,30.8,30.4,31.3,30.8,32.5,33.2,33.8,32.9,671.9,676.0,680.7,683.6,683.5,681.0,675.6,668.6,669.2,679.2,694.3,706.1,710.9,709.9,707.9,706.4,705.9,638.7,633.0,629.3,626.5,625.7,634.4,642.6,652.0,662.0,672.4,632.6,627.1,621.1,615.7,631.0,630.5,630.7,634.2,638.3,639.6,636.8,637.8,640.0,638.3,637.3,651.8,654.3,658.8,665.8,659.5,655.1,647.8,638.0,634.8,636.4,639.0,648.4,662.3,650.8,643.3,640.2,638.9,641.0,646.0,638.1,639.3,642.4,658.1,642.4,639.3,638.3,0.598,0.231,-0.262,0.087,271.011,186.614,-6.065,13.001,-13.426,15.815,5.936,-0.584,-4.245,1.784,3.232,-1.648,0.605,1.044,0.393,-2.038,-0.857,-0.375,0.241,0.549,-0.785,-0.893,0.634,-0.448,-0.195,-0.451,0.173,-0.028,0.121,0.09,-0.106,0.004,-0.014,0.007,0.012,-0.008,0.3,0.01,0.0,0.99,0.0,0.0,0.01,0.0,0.0,0.39,0.0,0.0,0.0,0.0,0.0,0.0,0.0,0.0,1.0,0.0,1.0,0.0,0.0,0.0,0.0,0.0,0.0,0.0,0.0,0.0,0.0,0.0,0.0,1.0,0.0
PP133,g1,2432,0,0.975,0.211384,0.203498,-0.955984,0.053917,0.193484,-0.979621,0.136,0.202,250.2,251.7,254.9,258.1,259.2,257.9,254.5,251.4,245.7,247.9,250.9,254.4,257.9,260.4,262.0,259.9,257.0,253.7,250.6,247.7,253.2,254.6,256.0,256.7,256.1,254.8,253.4,252.7,287.7,288.7,291.5,294.4,295.6,294.6,291.8,288.7,284.6,286.6,289.3,292.6,295.4,297.3,298.3,297.2,295.4,292.9,289.9,286.9,290.3,291.5,292.7,293.2,292.6,291.4,290.2,289.7,160.8,157.6,156.4,157.9,161.2,164.7,165.6,164.1,162.0,160.3,159.3,158.9,159.7,161.3,163.5,164.6,164.8,164.9,164.4,163.5,162.4,163.1,162.6,161.2,159.7,159.1,159.6,161.0,161.9,158.8,157.5,158.8,161.9,165.0,166.3,165.2,164.0,161.9,160.5,159.8,160.4,161.5,163.3,164.7,165.4,165.7,165.6,165.1,163.3,163.9,163.3,161.9,160.6,160.0,160.6,162.0,0.3,2.2,6.5,10.6,12.0,10.4,5.9,1.8,-5.6,-2.8,1.2,5.8,10.3,13.6,15.8,12.9,9.1,4.9,0.8,-3.0,4.2,6.0,7.9,8.7,8.1,6.3,4.4,3.6,51.2,52.8,56.7,60.8,62.6,61.0,57.1,52.7,47.0,49.7,53.4,57.9,62.1,65.1,67.0,65.1,62.1,58.4,54.2,50.1,55.0,56.7,58.5,59.1,58.3,56.6,54.8,54.2,-34.9,-39.1,-40.7,-38.7,-34.4,-29.8,-28.6,-30.6,-33.6,-35.7,-36.8,-37.3,-36.3,-34.3,-31.5,-30.0,-29.6,-29.5,-30.1,-31.4,-32.8,-32.0,-32.6,-34.5,-36.4,-37.2,-36.6,-34.7,-34.8,-39.1,-41.0,-39.4,-35.1,-30.8,-29.0,-30.3,-32.0,-34.7,-36.7,-37.7,-37.1,-35.8,-33.6,-31.4,-30.2,-29.7,-29.8,-30.4,-33.0,-32.3,-33.1,-35.0,-36.8,-37.6,-36.7,-34.9,510.7,511.2,511.6,511.6,511.2,510.9,510.3,510.4,514.6,512.1,510.0,509.1,509.9,511.5,513.2,511.5,509.7,509.2,510.1,512.2,511.5,511.5,511.6,511.9,512.0,512.0,511.9,511.7,531.0,532.0,533.7,535.1,535.4,534.5,532.8,531.5,531.4,530.6,530.5,531.6,534.4,538.0,541.4,538.1,534.7,532.2,530.9,530.9,533.1,533.8,534.5,534.9,534.8,534.2,533.4,533.0,36.2,-2.0,648.8,0.218,-0.201,0.063,224.1,223.9,224.9,227.0,231.5,238.7,247.8,258.3,268.9,277.6,284.0,289.9,295.2,299.3,302.2,304.4,305.4,236.5,243.7,252.6,261.4,269.3,284.3,290.8,297.1,302.9,306.1,276.5,277.3,278.2,279.0,266.9,271.4,275.8,279.8,283.2,245.6,251.2,257.4,262.1,256.9,250.7,284.5,289.6,295.1,298.5,295.3,289.9,256.2,264.3,270.9,274.5,278.3,282.4,285.5,281.9,277.6,273.6,269.5,263.3,259.2,270.2,274.0,277.7,283.5,277.6,273.9,270.1,160.5,172.2,183.9,195.2,205.9,215.2,223.0,228.9,230.5,228.5,222.0,214.1,205.2,195.4,185.1,174.5,163.7,153.2,148.8,147.9,149.7,153.0,153.1,150.3,149.1,150.2,154.5,162.2,169.9,177.6,185.5,190.3,191.9,193.3,192.2,190.7,161.9,159.2,159.6,163.6,164.8,164.6,164.1,160.2,160.4,163.2,165.6,165.6,205.3,203.1,201.8,203.0,201.9,203.5,205.6,210.7,212.8,213.2,212.8,210.5,205.6,205.6,206.0,205.6,206.0,207.0,207.5,207.0,-44.6,-45.2,-43.8,-40.3,-32.5,-19.7,-3.7,14.3,32.4,48.0,60.4,72.2,82.4,89.8,94.8,98.6,100.3,-22.0,-10.3,4.2,18.4,30.9,55.7,67.2,78.7,89.8,96.7,42.9,43.8,44.8,45.8,27.3,34.5,41.7,48.5,54.4,-7.2,2.0,12.1,19.9,11.4,1.1,57.7,66.4,76.1,82.7,76.5,66.9,10.2,23.4,34.1,40.0,46.3,53.9,60.3,53.3,45.5,38.7,32.0,21.8,15.2,33.1,39.3,45.6,56.4,45.5,39.1,32.8,-46.5,-26.4,-6.3,13.5,32.2,48.4,61.4,70.9,73.7,71.2,61.4,48.2,32.3,14.4,-4.3,-23.5,-43.1,-56.2,-62.8,-63.8,-60.7,-55.3,-55.8,-61.2,-64.1,-63.3,-56.8,-41.0,-28.2,-15.7,-3.1,4.6,7.2,9.3,7.6,5.2,-41.9,-46.1,-45.6,-39.2,-37.1,-37.4,-39.1,-45.7,-45.8,-41.4,-37.0,-36.8,29.5,25.5,23.2,25.3,23.6,26.6,30.8,38.7,41.7,42.2,41.4,37.8,30.0,29.6,30.3,29.8,31.3,32.0,32.7,31.8,672.2,676.1,680.7,683.6,683.6,681.2,675.7,668.7,669.4,679.5,694.7,706.8,711.9,711.2,709.4,707.8,707.3,639.3,633.7,630.0,627.2,626.4,635.0,643.1,652.7,662.7,673.1,633.2,627.7,621.8,616.3,631.5,631.0,631.3,634.8,639.0,640.3,637.5,638.6,640.8,639.0,638.0,652.4,654.9,659.5,666.5,660.1,655.7,648.3,638.5,635.3,636.9,639.4,648.9,662.9,651.3,643.6,640.6,639.2,641.4,646.5,638.6,639.7,642.8,658.7,642.8,639.6,638.7,0.597,0.226,-0.268,0.078,271.721,186.103,-4.89,11.212,-13.243,14.887,5.943,-0.336,-4.275,2.313,3.079,-1.378,0.654,0.966,0.347,-2.076,-0.836,-0.237,0.239,0.547,-0.667,-0.933,0.717,-0.485,-0.205,-0.388,0.207,-0.016,0.065,0.084,-0.109,-0.002,-0.019,0.005,0.013,-0.002,0.42,0.0,0.0,0.66,0.0,0.0,0.26,0.0,0.0,0.29,0.0,0.0,0.0,0.0,0.0,0.0,0.0,0.0,1.0,0.0,1.0,0.0,0.0,0.0,0.0,0.0,0.0,0.0,0.0,0.0,0.0,0.0,0.0,1.0,0.0
PP133,g1,2438,0,0.975,0.210325,0.197818,-0.957409,0.051898,0.189927,-0.980426,0.135,0.197,250.2,251.7,254.9,258.0,259.2,258.0,254.6,251.4,245.7,247.9,250.9,254.4,257.9,260.4,262.1,260.0,257.0,253.8,250.6,247.8,253.3,254.6,256.0,256.7,256.1,254.8,253.4,252.7,287.7,288.7,291.5,294.4,295.7,294.7,291.9,288.8,284.6,286.6,289.3,292.6,295.4,297.4,298.4,297.3,295.5,293.0,290.0,287.0,290.3,291.6,292.8,293.2,292.7,291.4,290.2,289.7,160.8,157.6,156.4,157.8,161.1,164.6,165.6,164.1,162.1,160.4,159.3,158.9,159.6,161.2,163.4,164.4,164.8,164.8,164.4,163.6,162.4,163.1,162.5,161.1,159.7,159.0,159.6,161.0,161.4,158.3,157.0,158.2,161.3,164.4,165.7,164.8,163.6,161.5,160.0,159.3,159.8,160.9,162.7,164.1,164.9,165.2,165.1,164.7,162.8,163.4,162.8,161.4,160.1,159.5,160.1,161.5,0.3,2.2,6.4,10.5,12.1,10.4,5.9,1.9,-5.6,-2.8,1.1,5.8,10.3,13.6,15.8,13.0,9.2,5.0,0.8,-2.9,4.3,6.1,7.9,8.7,8.0,6.3,4.4,3.6,51.2,52.7,56.6,60.7,62.6,61.1,57.1,52.7,47.1,49.7,53.3,57.9,62.1,65.2,67.1,65.1,62.2,58.5,54.3,50.2,55.0,56.8,58.5,59.1,58.3,56.5,54.8,54.2,-34.9,-39.1,-40.7,-38.8,-34.5,-29.9,-28.6,-30.6,-33.5,-35.6,-36.8,-37.3,-36.3,-34.4,-31.7,-30.2,-29.7,-29.5,-30.1,-31.3,-32.8,-32.0,-32.7,-34.5,-36.4,-37.3,-36.6,-34.7,-35.4,-39.7,-41.7,-40.1,-35.9,-31.6,-29.6,-30.9,-32.5,-35.3,-37.4,-38.4,-37.9,-36.6,-34.4,-32.2,-30.9,-30.4,-30.5,-31.0,-33.7,-33.0,-33.8,-35.7,-37.5,-38.2,-37.4,-35.5,510.3,510.8,511.1,511.1,510.7,510.4,509.9,509.9,514.2,511.7,509.5,508.6,509.4,511.0,512.7,511.0,509.3,508.8,509.7,511.7,511.0,511.0,511.2,511.4,511.6,511.6,511.4,511.2,530.5,531.4,533.1,534.5,534.8,533.8,532.1,530.9,530.8,530.1,529.9,531.0,533.8,537.4,540.8,537.5,534.1,531.6,530.3,530.4,532.6,533.2,533.9,534.3,534.2,533.6,532.9,532.4,36.8,-2.5,649.3,0.212,-0.199,0.05,224.3,224.3,225.4,227.7,232.2,239.6,248.7,259.2,269.8,278.5,284.8,290.7,296.0,300.0,302.7,304.7,305.6,236.4,243.4,252.3,261.2,269.1,284.2,290.7,297.0,302.8,306.1,276.5,277.4,278.4,279.3,267.3,271.8,276.3,280.3,283.7,245.6,251.2,257.4,262.2,257.0,250.8,284.6,289.6,295.1,298.6,295.4,290.0,256.7,264.8,271.5,275.1,278.9,283.1,286.2,282.7,278.3,274.3,270.2,263.9,259.8,270.8,274.6,278.4,284.2,278.3,274.5,270.7,160.8,172.6,184.2,195.5,206.1,215.3,223.0,228.8,230.3,228.2,221.7,213.8,204.8,194.9,184.6,173.9,163.1,153.4,148.9,147.9,149.6,152.8,152.7,149.8,148.6,149.6,153.9,161.9,169.6,177.2,185.1,190.1,191.6,192.9,191.7,190.2,162.0,159.2,159.5,163.5,164.7,164.6,163.7,159.7,159.8,162.6,165.0,165.1,205.0,202.8,201.4,202.5,201.4,203.0,205.0,210.2,212.4,212.9,212.5,210.3,205.3,205.2,205.6,205.1,205.5,206.6,207.1,206.7,-44.3,-44.6,-42.9,-39.1,-31.1,-18.2,-2.3,15.8,34.0,49.6,62.0,73.7,83.8,91.0,95.8,99.3,100.7,-22.3,-10.7,3.7,18.0,30.6,55.6,67.1,78.6,89.7,96.8,43.0,44.0,45.2,46.3,28.0,35.2,42.5,49.2,55.1,-7.2,1.9,12.1,20.0,11.5,1.2,57.8,66.5,76.2,83.0,76.7,67.1,11.2,24.3,35.0,40.9,47.3,55.0,61.5,54.5,46.7,39.8,33.1,22.9,16.2,34.1,40.3,46.7,57.6,46.6,40.1,33.8,-45.9,-25.8,-5.7,14.0,32.6,48.6,61.5,70.8,73.4,70.8,60.8,47.5,31.6,13.5,-5.3,-24.6,-44.3,-55.8,-62.7,-63.9,-61.0,-55.7,-56.6,-62.1,-65.1,-64.4,-58.0,-41.6,-28.8,-16.3,-3.7,4.1,6.6,8.7,6.9,4.4,-41.9,-46.2,-45.8,-39.4,-37.3,-37.4,-39.8,-46.6,-46.8,-42.5,-38.0,-37.7,29.1,25.0,22.6,24.5,22.8,25.7,29.8,37.9,41.1,41.6,40.9,37.4,29.6,28.9,29.6,29.0,30.3,31.4,32.1,31.4,673.3,677.0,681.4,684.3,684.3,681.9,676.4,669.3,669.7,679.7,694.9,707.1,712.2,711.6,709.8,708.4,707.9,640.4,634.7,630.8,627.9,627.0,635.5,643.7,653.2,663.2,673.6,633.8,628.3,622.2,616.7,632.0,631.5,631.6,635.2,639.3,641.2,638.3,639.4,641.5,639.8,638.8,652.9,655.5,660.0,666.9,660.6,656.2,648.9,639.0,635.7,637.2,639.7,649.2,663.2,651.6,643.9,641.0,639.6,641.9,647.1,639.0,640.1,643.1,659.1,643.2,640.1,639.2,0.597,0.22,-0.267,0.064,272.098,185.811,-4.626,10.675,-12.463,14.819,5.942,-0.441,-4.424,2.417,3.24,-1.611,0.412,1.17,0.373,-1.882,-0.517,-0.443,0.355,0.562,-0.867,-0.846,0.637,-0.442,-0.16,-0.35,0.204,-0.018,0.09,0.084,-0.103,0.002,-0.013,0.005,0.01,-0.006,0.35,0.0,0.0,0.81,0.0,0.0,0.09,0.0,0.0,0.22,0.0,0.0,0.0,0.0,0.0,0.0,0.0,0.0,1.0,0.0,1.0,0.0,0.0,0.0,0.0,0.0,0.0,0.0,0.0,0.0,0.0,0.0,0.0,1.0,0.0
PP133,g1,2444,0,0.925,0.209602,0.175511,-0.961906,0.058264,0.172094,-0.983356,0.137,0.177,249.4,250.8,254.0,257.2,258.4,257.3,253.9,250.7,245.0,247.1,250.0,253.6,257.0,259.6,261.4,259.3,256.4,253.1,249.9,247.1,252.5,253.9,255.3,255.9,255.3,253.9,252.6,252.0,286.9,287.8,290.6,293.5,294.9,293.9,291.2,288.0,283.9,285.8,288.5,291.7,294.6,296.5,297.6,296.6,294.7,292.2,289.3,286.2,289.5,290.8,292.0,292.4,291.8,290.5,289.3,288.9,160.7,157.4,156.1,157.5,160.7,164.2,165.3,163.9,162.1,160.3,159.1,158.6,159.3,160.8,162.9,164.0,164.4,164.6,164.3,163.5,162.2,162.8,162.2,160.8,159.4,158.8,159.4,160.8,160.4,157.3,155.9,157.1,160.2,163.3,164.7,163.7,162.6,160.5,158.9,158.2,158.7,159.8,161.5,163.0,163.7,164.1,164.0,163.7,161.8,162.3,161.7,160.3,159.0,158.5,159.1,160.4,-0.7,1.0,5.2,9.4,11.0,9.6,5.1,1.0,-6.5,-3.8,0.0,4.6,9.2,12.6,14.9,12.1,8.3,4.1,-0.1,-3.8,3.3,5.1,7.0,7.7,7.0,5.2,3.3,2.6,50.2,51.5,55.4,59.6,61.5,60.1,56.2,51.8,46.1,48.7,52.2,56.8,61.0,64.1,66.0,64.1,61.2,57.5,53.4,49.2,54.0,55.8,57.5,58.1,57.2,55.4,53.7,53.1,-35.1,-39.4,-41.1,-39.3,-35.0,-30.4,-29.0,-30.8,-33.5,-35.6,-37.0,-37.6,-36.8,-35.0,-32.3,-30.7,-30.1,-29.9,-30.3,-31.4,-33.1,-32.3,-33.1,-35.0,-36.8,-37.6,-36.9,-35.0,-36.8,-41.1,-43.1,-41.6,-37.5,-33.1,-31.1,-32.3,-33.8,-36.7,-38.8,-39.9,-39.4,-38.2,-36.0,-33.8,-32.5,-31.9,-31.9,-32.4,-35.1,-34.4,-35.3,-37.2,-39.0,-39.7,-38.8,-36.9,510.5,511.0,511.3,511.2,510.8,510.5,510.0,510.1,514.5,512.0,509.8,508.8,509.5,511.0,512.7,511.0,509.4,508.9,509.9,512.0,511.2,511.2,511.3,511.5,511.7,511.7,511.6,511.4,531.0,532.1,533.8,535.1,535.4,534.3,532.6,531.4,531.3,530.6,530.5,531.7,534.4,538.0,541.3,538.0,534.6,532.1,530.8,530.8,533.1,533.7,534.4,534.9,534.8,534.2,533.4,533.0,36.7,-3.1,647.7,0.177,-0.204,0.023,223.9,224.2,225.7,228.2,232.9,240.3,249.6,260.4,271.1,279.7,285.8,291.3,296.2,299.8,302.4,304.2,304.8,235.6,242.4,251.2,260.0,267.9,283.1,289.6,295.7,301.6,305.1,275.6,276.7,278.0,279.2,267.3,271.9,276.4,280.4,283.7,244.9,250.3,256.6,261.5,256.3,250.1,283.8,288.8,294.2,297.8,294.7,289.3,257.6,265.6,272.0,275.6,279.3,283.5,286.7,283.4,279.2,275.3,271.2,265.0,260.7,271.5,275.2,278.9,284.7,279.0,275.2,271.4,161.8,173.5,185.2,196.4,207.0,216.2,223.8,229.4,230.7,228.5,222.1,214.2,205.0,194.9,184.3,173.4,162.4,153.7,148.9,147.7,149.0,152.0,151.7,148.7,147.4,148.3,152.6,160.9,168.6,176.2,184.0,189.5,190.9,192.1,190.8,189.2,162.0,159.1,159.2,163.0,164.4,164.5,162.7,158.7,158.7,161.5,163.9,164.0,205.3,202.6,200.9,201.9,200.8,202.4,204.6,209.6,211.7,212.3,212.0,210.1,205.5,204.8,205.0,204.5,205.0,205.9,206.5,206.1,-44.9,-44.6,-42.3,-38.1,-29.8,-16.8,-0.8,17.7,36.0,51.5,63.5,74.6,84.0,90.6,95.0,98.1,99.2,-23.7,-12.4,1.9,16.1,28.7,53.9,65.2,76.5,87.6,95.0,41.5,42.9,44.5,45.9,28.0,35.3,42.6,49.2,55.1,-8.4,0.6,10.7,18.9,10.4,0.2,56.5,65.1,74.7,81.6,75.5,65.9,12.6,25.4,35.7,41.6,47.8,55.5,62.1,55.5,48.0,41.3,34.6,24.5,17.7,35.0,41.2,47.5,58.2,47.5,41.2,34.9,-44.3,-24.1,-4.0,15.6,34.1,50.0,62.7,71.5,73.8,71.1,61.4,48.1,31.9,13.5,-5.8,-25.5,-45.5,-55.4,-62.8,-64.4,-61.9,-57.0,-58.3,-64.0,-67.1,-66.6,-60.1,-43.1,-30.4,-18.0,-5.5,3.2,5.5,7.4,5.4,2.8,-41.8,-46.5,-46.4,-40.3,-37.9,-37.7,-41.4,-48.3,-48.7,-44.4,-39.9,-39.4,29.5,24.6,21.7,23.5,21.7,24.6,28.9,36.7,39.8,40.5,40.0,37.0,29.7,28.1,28.6,27.9,29.4,30.1,31.0,30.4,672.4,675.8,679.9,682.4,682.1,679.4,673.7,666.3,666.6,676.8,692.4,705.1,710.8,710.3,708.6,707.0,706.6,640.5,635.0,631.2,628.4,627.4,635.8,644.0,653.3,663.2,673.4,633.7,627.8,621.4,615.5,630.7,630.0,630.1,633.7,638.0,641.1,638.5,639.5,641.4,639.8,638.8,652.7,655.4,659.9,666.7,660.3,655.9,646.6,636.7,633.7,635.2,637.7,646.9,660.7,648.8,641.1,638.2,636.9,639.1,644.7,636.8,637.8,640.9,656.4,640.7,637.7,636.8,0.598,0.185,-0.273,0.035,272.076,185.445,-4.951,9.731,-13.979,17.385,3.364,0.113,-4.191,3.606,3.605,-2.991,-0.053,0.933,-0.145,-2.173,-0.123,-0.504,0.234,0.734,-0.849,-0.727,0.689,-0.313,-0.372,-0.683,0.128,0.178,0.086,0.061,-0.117,-0.012,-0.028,-0.015,0.012,-0.001,0.22,0.0,0.0,0.52,0.0,0.0,0.0,0.0,0.0,0.2,0.0,0.0,0.0,0.0,0.0,0.0,0.0,0.0,1.0,0.0,1.0,0.0,0.0,0.0,0.0,0.0,0.0,0.0,0.0,0.0,0.0,0.0,0.0,1.0,0.0
PP133,g1,2450,0,0.975,0.198708,0.16557,-0.965972,0.052514,0.165629,-0.984789,0.128,0.168,247.2,248.5,251.7,254.9,256.3,255.2,251.8,248.6,242.9,244.9,247.8,251.3,254.8,257.5,259.3,257.2,254.2,251.0,247.8,245.0,250.4,251.8,253.2,253.7,253.1,251.7,250.3,249.8,284.9,285.7,288.5,291.5,293.0,292.1,289.4,286.1,281.9,283.8,286.4,289.7,292.6,294.6,295.8,294.8,292.9,290.4,287.4,284.3,287.6,288.9,290.1,290.5,289.8,288.5,287.3,286.9,160.7,157.4,156.0,157.3,160.6,164.1,165.3,164.0,162.3,160.4,159.1,158.5,159.1,160.6,162.6,163.9,164.4,164.6,164.4,163.7,162.2,162.7,162.1,160.7,159.3,158.7,159.3,160.8,159.6,156.4,154.9,156.0,159.1,162.3,163.7,162.9,161.9,159.6,158.0,157.1,157.6,158.6,160.4,161.9,162.7,163.1,163.1,162.9,160.9,161.4,160.7,159.3,158.0,157.5,158.1,159.5,-3.6,-2.0,2.2,6.4,8.1,6.8,2.4,-1.8,-9.3,-6.7,-2.9,1.6,6.2,9.7,12.1,9.4,5.5,1.3,-2.8,-6.5,0.5,2.3,4.1,4.9,4.1,2.2,0.4,-0.3,46.7,48.0,51.8,56.0,58.1,56.8,52.9,48.4,42.7,45.2,48.8,53.3,57.5,60.6,62.6,60.8,57.9,54.2,50.1,45.9,50.6,52.4,54.1,54.6,53.7,51.9,50.2,49.7,-34.7,-39.0,-40.9,-39.2,-34.9,-30.3,-28.8,-30.5,-33.0,-35.2,-36.7,-37.5,-36.8,-35.0,-32.3,-30.7,-29.9,-29.6,-29.9,-31.0,-32.9,-32.1,-32.9,-34.8,-36.7,-37.4,-36.6,-34.7,-37.5,-41.8,-43.9,-42.5,-38.4,-34.0,-31.9,-33.0,-34.4,-37.3,-39.5,-40.7,-40.4,-39.2,-37.0,-34.8,-33.4,-32.7,-32.7,-33.0,-35.8,-35.2,-36.1,-38.1,-39.9,-40.5,-39.6,-37.6,506.5,506.9,507.1,506.9,506.4,506.2,505.8,506.0,510.6,508.0,505.7,504.6,505.2,506.6,508.3,506.7,505.1,504.8,505.9,508.1,507.1,507.0,507.1,507.2,507.5,507.5,507.5,507.3,523.5,524.6,526.3,527.6,527.8,526.8,525.1,523.8,523.8,523.1,523.0,524.1,526.9,530.4,533.7,530.4,527.1,524.5,523.3,523.3,525.6,526.2,526.9,527.4,527.3,526.7,525.9,525.5,34.3,-3.5,645.1,0.167,-0.189,-0.004,222.6,223.1,225.0,227.8,232.7,240.2,249.4,260.3,271.0,279.7,285.8,291.1,295.8,299.2,301.5,303.1,303.5,233.3,239.8,248.6,257.4,265.2,280.7,287.1,293.4,299.4,303.1,273.3,274.5,275.9,277.3,265.8,270.3,274.9,278.8,282.2,242.8,248.1,254.3,259.5,254.2,247.9,281.8,286.7,292.3,296.0,292.8,287.4,256.9,264.5,270.8,274.4,278.1,282.4,285.8,282.6,278.3,274.4,270.4,264.2,260.0,270.4,274.1,277.8,283.7,277.9,274.2,270.4,162.4,174.2,185.9,197.2,207.8,217.0,224.5,229.9,231.0,228.7,222.2,214.0,204.6,194.3,183.5,172.4,161.1,154.1,149.0,147.6,148.8,151.5,150.8,147.7,146.2,147.0,151.3,160.3,168.0,175.7,183.6,189.4,190.7,191.8,190.4,188.7,162.2,159.0,159.0,162.8,164.3,164.6,162.0,157.7,157.6,160.3,162.9,163.1,205.7,202.8,200.9,201.9,200.6,202.1,204.3,209.4,211.5,212.2,212.0,210.3,205.8,204.8,205.0,204.4,204.8,205.7,206.3,206.1,-47.2,-46.4,-43.5,-38.7,-30.1,-17.0,-1.0,17.5,35.8,51.2,63.1,73.9,83.0,89.1,92.9,95.6,96.2,-27.4,-16.5,-2.3,11.8,24.4,49.7,60.9,72.3,83.5,91.1,37.6,39.3,41.0,42.7,25.4,32.7,40.0,46.6,52.4,-11.8,-3.2,7.1,15.5,6.9,-3.3,53.0,61.3,71.0,78.1,72.1,62.4,11.3,23.6,33.6,39.5,45.6,53.5,60.3,53.9,46.3,39.6,33.1,23.1,16.4,33.1,39.3,45.5,56.4,45.5,39.3,33.1,-43.2,-22.9,-2.7,17.0,35.4,51.2,63.7,72.2,74.0,71.0,61.2,47.5,31.0,12.3,-7.2,-27.2,-47.4,-54.7,-62.4,-64.3,-62.1,-57.6,-59.4,-65.4,-68.8,-68.4,-62.0,-44.0,-31.2,-18.7,-6.0,3.0,5.2,6.9,4.8,2.0,-41.4,-46.4,-46.5,-40.5,-37.9,-37.4,-42.5,-49.7,-50.3,-46.1,-41.4,-40.7,30.1,24.8,21.6,23.3,21.3,24.1,28.3,36.2,39.3,40.1,39.8,37.2,30.1,28.1,28.4,27.6,28.9,29.7,30.6,30.2,671.5,675.0,679.1,681.5,681.0,678.1,672.2,664.4,664.2,673.9,689.3,701.8,707.3,706.6,704.8,702.8,702.1,639.7,633.9,629.8,626.6,625.4,633.1,640.9,650.1,659.7,669.8,631.3,625.2,618.7,612.7,628.6,627.6,627.4,630.9,635.2,640.0,637.2,637.9,639.6,638.2,637.5,649.9,652.5,656.7,663.3,657.1,652.9,644.6,634.4,631.3,632.7,635.0,643.9,657.3,645.6,638.3,635.6,634.4,636.8,642.5,634.4,635.3,638.2,653.1,638.0,635.1,634.3,0.6,0.176,-0.255,0.007,270.708,185.23,-6.599,9.51,-14.986,20.389,2.598,0.9,-3.945,3.987,3.855,-3.594,-0.506,0.896,-0.401,-2.232,-0.034,-0.424,0.237,0.816,-0.877,-0.67,0.468,-0.169,-0.427,-0.567,0.115,0.149,0.127,0.033,-0.11,-0.013,-0.026,-0.023,0.008,-0.002,0.33,0.13,0.0,1.22,0.0,0.0,0.0,0.0,0.0,0.2,0.0,0.0,0.0,0.0,0.0,0.0,0.0,0.0,1.0,0.0,1.0,0.0,0.0,0.0,0.0,0.0,0.0,0.0,0.0,0.0,0.0,0.0,0.0,1.0,0.0
PP133,g1,2456,0,0.975,0.194052,0.174061,-0.965426,0.0433,0.175377,-0.983549,0.121,0.177,245.3,246.6,249.8,253.0,254.4,253.4,250.0,246.7,241.0,243.0,245.9,249.4,252.9,255.6,257.5,255.4,252.4,249.1,245.9,243.1,248.5,249.9,251.3,251.9,251.3,249.9,248.5,247.9,283.3,284.1,286.9,289.9,291.5,290.6,287.8,284.6,280.2,282.1,284.8,288.1,291.1,293.2,294.4,293.3,291.4,288.9,285.8,282.7,286.0,287.4,288.6,288.9,288.3,286.9,285.7,285.3,160.8,157.5,156.0,157.3,160.6,164.2,165.4,164.1,162.4,160.5,159.2,158.6,159.1,160.6,162.7,163.9,164.4,164.7,164.5,163.8,162.3,162.8,162.2,160.7,159.3,158.8,159.4,160.8,159.3,156.0,154.5,155.6,158.7,161.9,163.5,162.6,161.6,159.4,157.7,156.8,157.2,158.2,160.0,161.5,162.4,162.8,162.8,162.6,160.6,161.0,160.4,159.0,157.6,157.1,157.8,159.2,-6.0,-4.4,-0.3,3.9,5.7,4.4,-0.0,-4.2,-11.7,-9.1,-5.3,-0.8,3.8,7.3,9.7,7.0,3.1,-1.1,-5.2,-8.9,-1.9,-0.1,1.7,2.4,1.7,-0.2,-2.0,-2.7,44.1,45.3,49.1,53.3,55.4,54.2,50.3,45.9,40.1,42.6,46.1,50.6,54.8,58.0,60.1,58.2,55.3,51.6,47.5,43.3,48.0,49.8,51.5,52.0,51.1,49.3,47.6,47.1,-34.4,-38.7,-40.6,-38.9,-34.7,-30.1,-28.5,-30.2,-32.7,-34.9,-36.4,-37.2,-36.5,-34.7,-32.1,-30.4,-29.7,-29.3,-29.6,-30.7,-32.6,-31.9,-32.7,-34.6,-36.4,-37.1,-36.3,-34.4,-37.4,-41.8,-44.0,-42.6,-38.5,-34.1,-32.0,-33.0,-34.3,-37.3,-39.5,-40.8,-40.5,-39.3,-37.2,-35.0,-33.6,-32.8,-32.7,-33.0,-35.9,-35.3,-36.2,-38.1,-39.9,-40.5,-39.6,-37.7,503.8,504.2,504.3,504.1,503.6,503.4,503.0,503.3,507.9,505.3,503.0,501.8,502.4,503.8,505.5,503.9,502.3,502.0,503.1,505.3,504.3,504.2,504.3,504.5,504.7,504.8,504.7,504.5,518.1,519.1,520.8,522.1,522.3,521.3,519.7,518.5,518.5,517.8,517.6,518.7,521.3,524.9,528.2,524.9,521.6,519.1,517.9,518.0,520.2,520.7,521.5,521.9,521.8,521.2,520.5,520.1,31.7,-3.9,646.5,0.186,-0.177,-0.012,221.1,221.9,223.8,226.8,231.8,239.4,248.5,259.1,269.7,278.4,284.5,290.1,294.9,298.3,300.5,302.1,302.3,231.3,237.8,246.5,255.2,263.2,278.8,285.4,291.7,297.9,301.7,271.4,272.7,274.0,275.3,263.9,268.5,273.1,277.1,280.5,240.9,246.2,252.5,257.7,252.4,246.1,280.2,285.1,290.7,294.6,291.4,285.8,254.8,262.5,268.9,272.6,276.3,280.9,284.5,281.0,276.6,272.5,268.4,262.1,257.9,268.5,272.3,276.1,282.4,276.1,272.3,268.4,162.3,174.2,185.9,197.1,207.6,216.7,224.1,229.4,230.4,227.9,221.3,213.0,203.6,193.3,182.5,171.4,160.1,154.3,149.3,147.8,148.9,151.6,150.7,147.4,145.8,146.6,150.8,160.2,168.0,175.8,183.8,189.4,190.7,191.8,190.4,188.6,162.3,159.1,159.0,162.8,164.4,164.7,161.8,157.4,157.2,159.9,162.5,162.9,205.3,202.5,200.7,201.7,200.4,201.7,203.7,209.1,211.5,212.1,212.0,210.1,205.4,204.5,204.7,204.1,204.3,205.6,206.3,206.1,-49.8,-48.8,-45.7,-40.7,-31.8,-18.5,-2.6,15.6,33.7,49.1,61.1,72.1,81.3,87.4,91.2,93.6,94.0,-30.7,-19.9,-5.7,8.4,21.1,46.7,58.0,69.4,80.8,88.6,34.7,36.3,38.1,39.7,22.4,29.8,37.2,43.9,49.7,-15.0,-6.3,4.1,12.6,3.9,-6.4,50.2,58.6,68.4,75.7,69.6,59.8,8.0,20.3,30.6,36.6,42.9,51.0,58.3,51.5,43.6,36.8,30.0,19.8,13.0,30.2,36.4,42.8,54.3,42.8,36.4,30.0,-43.5,-23.1,-2.9,16.8,35.3,50.9,63.2,71.6,73.2,70.0,59.7,45.8,29.2,10.5,-9.0,-28.9,-49.2,-54.5,-62.1,-64.1,-62.0,-57.6,-59.7,-65.7,-69.3,-69.1,-62.9,-44.1,-31.2,-18.5,-5.8,3.0,5.2,6.9,4.6,1.8,-41.4,-46.4,-46.5,-40.5,-37.8,-37.3,-42.8,-50.2,-50.9,-46.8,-42.0,-41.2,29.5,24.5,21.4,23.0,21.0,23.5,27.4,35.8,39.3,40.2,39.9,37.0,29.7,27.8,28.1,27.2,28.1,29.6,30.7,30.3,673.6,677.3,681.6,684.3,684.0,681.2,675.4,667.5,666.9,676.1,690.9,702.9,707.8,706.8,704.7,702.7,701.9,641.4,635.3,630.8,627.3,625.7,633.2,640.8,649.6,659.1,669.2,631.7,625.9,619.6,613.8,630.2,629.1,628.7,632.1,636.2,641.4,638.4,638.9,640.5,639.3,638.8,650.0,652.4,656.5,663.0,657.0,653.0,647.6,637.1,633.4,634.6,636.8,645.8,659.3,647.8,640.6,637.9,637.0,639.7,645.4,636.6,637.3,640.1,655.3,640.1,637.3,636.7,0.599,0.192,-0.236,-0.001,269.084,184.975,-8.157,9.261,-12.95,19.632,4.442,1.209,-4.905,3.338,3.549,-3.461,-0.48,1.268,0.195,-1.909,-0.586,-0.239,0.411,1.013,-1.132,-0.748,0.28,-0.398,-0.31,-0.373,0.114,-0.03,0.136,0.04,-0.111,-0.013,-0.02,-0.013,0.006,-0.001,0.63,0.22,0.0,1.12,0.0,0.0,0.0,0.0,0.0,0.41,0.0,0.0,0.0,0.0,0.0,0.0,0.0,0.0,1.0,0.0,1.0,0.0,0.0,0.0,0.0,0.0,0.0,0.0,0.0,0.0,0.0,0.0,0.0,1.0,0.0
PP133,g1,2462,0,0.975,0.194411,0.176545,-0.964902,0.040471,0.17742,-0.983303,0.12,0.18,244.3,245.6,248.8,252.1,253.5,252.4,248.9,245.7,240.0,242.0,244.9,248.4,252.0,254.7,256.5,254.4,251.4,248.1,244.9,242.1,247.5,248.9,250.3,250.9,250.3,248.9,247.5,246.9,282.3,283.2,286.0,289.0,290.6,289.7,286.9,283.6,279.3,281.2,283.9,287.2,290.2,292.3,293.6,292.5,290.5,288.0,284.9,281.7,285.1,286.5,287.7,288.0,287.4,286.0,284.8,284.4,160.2,156.8,155.4,156.7,160.0,163.6,164.8,163.4,161.7,159.8,158.6,157.9,158.5,160.0,162.1,163.4,163.8,164.1,163.9,163.2,161.6,162.2,161.6,160.1,158.7,158.1,158.8,160.2,158.8,155.5,154.0,155.1,158.2,161.4,162.9,162.1,161.1,158.9,157.1,156.2,156.6,157.7,159.5,161.0,161.9,162.3,162.3,162.1,160.0,160.5,159.9,158.4,157.1,156.6,157.3,158.7,-7.3,-5.7,-1.5,2.7,4.4,3.1,-1.4,-5.5,-13.0,-10.3,-6.6,-2.0,2.5,6.0,8.4,5.7,1.8,-2.4,-6.5,-10.2,-3.2,-1.4,0.4,1.2,0.4,-1.5,-3.3,-4.0,42.7,43.9,47.7,51.9,54.0,52.8,48.9,44.5,38.7,41.2,44.7,49.2,53.4,56.6,58.7,56.8,53.9,50.2,46.1,41.9,46.6,48.4,50.1,50.6,49.7,47.9,46.2,45.7,-35.1,-39.4,-41.2,-39.5,-35.3,-30.7,-29.1,-30.8,-33.3,-35.6,-37.1,-37.8,-37.1,-35.3,-32.7,-31.0,-30.3,-29.9,-30.3,-31.3,-33.2,-32.5,-33.3,-35.2,-37.0,-37.8,-37.0,-35.1,-38.0,-42.3,-44.5,-43.1,-39.1,-34.7,-32.5,-33.6,-34.8,-37.8,-40.1,-41.3,-41.0,-39.9,-37.8,-35.5,-34.1,-33.3,-33.2,-33.5,-36.4,-35.8,-36.7,-38.7,-40.5,-41.1,-40.1,-38.2,501.4,501.8,502.0,501.7,501.2,501.1,500.7,500.9,505.6,503.0,500.6,499.5,500.0,501.4,503.1,501.5,500.0,499.6,500.8,503.0,502.0,501.9,501.9,502.1,502.3,502.4,502.4,502.2,515.9,516.9,518.5,519.8,520.0,519.0,517.4,516.2,516.3,515.6,515.4,516.4,519.1,522.6,525.9,522.6,519.3,516.8,515.7,515.8,517.9,518.5,519.2,519.6,519.5,519.0,518.3,517.8,30.1,-5.0,647.2,0.193,-0.174,-0.01,220.2,220.9,222.9,225.8,230.9,238.4,247.5,258.1,268.6,277.2,283.4,289.1,294.0,297.5,299.8,301.3,301.6,230.2,236.7,245.4,254.2,262.2,277.9,284.5,290.9,297.1,300.9,270.5,271.6,272.9,274.2,262.8,267.4,272.0,276.0,279.5,239.9,245.2,251.5,256.7,251.4,245.0,279.3,284.2,289.8,293.7,290.5,284.9,253.7,261.3,267.8,271.5,275.2,279.8,283.5,280.0,275.5,271.4,267.3,260.9,256.7,267.4,271.2,275.1,281.4,275.1,271.2,267.3,161.5,173.4,185.0,196.2,206.7,215.6,222.9,228.3,229.3,226.9,220.3,212.1,202.9,192.7,181.9,170.9,159.7,153.7,148.7,147.2,148.3,151.0,150.2,146.9,145.3,146.1,150.3,159.8,167.5,175.3,183.3,188.8,190.1,191.2,189.8,188.0,161.7,158.5,158.4,162.3,163.8,164.1,161.3,156.9,156.7,159.4,162.0,162.4,204.5,201.8,200.1,201.0,199.7,201.1,203.0,208.4,210.8,211.5,211.3,209.4,204.7,203.9,204.1,203.4,203.5,204.9,205.6,205.4,-51.5,-50.5,-47.4,-42.4,-33.6,-20.2,-4.2,13.8,31.8,47.2,59.2,70.3,79.8,86.1,89.9,92.4,92.9,-32.5,-21.6,-7.4,6.8,19.6,45.2,56.5,68.0,79.5,87.3,33.1,34.7,36.4,38.0,20.7,28.1,35.5,42.2,48.0,-16.7,-7.9,2.5,11.0,2.3,-8.1,48.7,57.1,67.0,74.3,68.1,58.3,6.1,18.5,28.9,34.9,41.2,49.4,56.7,49.7,41.9,35.0,28.2,17.9,11.1,28.4,34.7,41.1,52.7,41.1,34.7,28.3,-44.9,-24.6,-4.4,15.3,33.6,49.1,61.4,69.8,71.4,68.2,58.0,44.3,27.9,9.4,-10.1,-29.9,-50.1,-55.6,-63.2,-65.1,-63.0,-58.5,-60.6,-66.6,-70.1,-69.9,-63.7,-44.9,-32.0,-19.4,-6.7,2.1,4.2,5.9,3.7,0.9,-42.5,-47.5,-47.6,-41.4,-38.8,-38.4,-43.7,-51.2,-51.9,-47.8,-42.9,-42.0,28.2,23.4,20.4,22.0,19.9,22.5,26.1,34.7,38.3,39.2,38.9,35.9,28.4,26.7,27.1,26.1,26.9,28.6,29.6,29.2,674.8,678.5,682.8,685.4,685.1,682.3,676.5,668.6,667.9,676.9,691.6,703.5,708.4,707.5,705.6,703.7,703.0,642.3,636.0,631.4,627.6,625.9,633.3,640.9,649.9,659.4,669.6,632.1,626.3,620.0,614.2,630.8,629.7,629.3,632.6,636.6,642.3,639.0,639.5,641.1,639.9,639.5,650.4,652.8,656.8,663.4,657.3,653.3,648.6,638.0,634.1,635.3,637.4,646.5,660.2,648.8,641.4,638.9,637.9,640.8,646.4,637.4,638.1,640.8,656.2,640.8,638.1,637.6,0.598,0.198,-0.231,0.001,268.083,184.305,-6.84,8.764,-12.397,19.091,5.802,0.95,-4.962,3.771,3.686,-2.975,-0.601,1.434,0.451,-1.887,-0.754,-0.158,0.48,0.818,-0.942,-0.744,0.364,-0.477,-0.373,-0.204,0.12,-0.074,0.135,0.039,-0.106,-0.005,-0.018,0.001,0.005,-0.001,0.65,0.4,0.0,0.89,0.0,0.0,0.0,0.0,0.0,0.22,0.0,0.0,0.0,0.0,0.0,0.0,0.0,1.0,1.0,0.0,1.0,0.0,0.0,0.0,0.0,0.0,0.0,0.0,0.0,0.0,0.0,0.0,0.0,1.0,0.0
PP133,g1,2468,0,0.975,0.198398,0.170033,-0.96526,0.044854,0.171212,-0.984213,0.124,0.173,243.8,245.1,248.3,251.6,253.0,251.9,248.5,245.2,239.5,241.5,244.4,247.9,251.5,254.2,256.1,254.0,251.0,247.7,244.5,241.6,247.0,248.5,249.9,250.4,249.8,248.4,247.0,246.4,281.8,282.7,285.4,288.5,290.1,289.2,286.4,283.1,278.8,280.7,283.4,286.7,289.7,291.8,293.0,291.9,290.0,287.5,284.4,281.3,284.6,286.0,287.2,287.5,286.9,285.5,284.3,283.9,160.0,156.6,155.2,156.5,159.8,163.3,164.5,163.2,161.6,159.6,158.4,157.7,158.3,159.8,161.9,163.1,163.6,163.9,163.7,163.0,161.4,162.0,161.4,159.9,158.5,157.9,158.5,160.0,158.5,155.2,153.7,154.8,157.9,161.1,162.6,161.8,160.9,158.6,156.8,156.0,156.3,157.4,159.2,160.7,161.6,162.0,162.1,161.8,159.8,160.2,159.6,158.1,156.8,156.3,157.0,158.4,-7.9,-6.3,-2.1,2.1,3.9,2.5,-1.9,-6.1,-13.6,-11.0,-7.2,-2.6,1.9,5.4,7.8,5.1,1.2,-3.0,-7.1,-10.8,-3.8,-2.0,-0.2,0.6,-0.2,-2.1,-3.9,-4.6,42.2,43.4,47.2,51.4,53.5,52.3,48.4,44.0,38.2,40.7,44.2,48.7,52.9,56.1,58.1,56.3,53.4,49.7,45.6,41.4,46.1,47.9,49.6,50.1,49.2,47.4,45.7,45.2,-35.4,-39.7,-41.6,-39.9,-35.6,-31.0,-29.5,-31.2,-33.6,-35.9,-37.4,-38.1,-37.4,-35.7,-33.0,-31.4,-30.6,-30.3,-30.6,-31.6,-33.5,-32.8,-33.6,-35.5,-37.4,-38.1,-37.3,-35.4,-38.5,-42.9,-45.0,-43.7,-39.6,-35.2,-33.0,-34.1,-35.3,-38.3,-40.6,-41.9,-41.6,-40.4,-38.2,-36.0,-34.6,-33.8,-33.7,-34.0,-36.9,-36.3,-37.3,-39.2,-41.0,-41.6,-40.6,-38.7,501.9,502.3,502.5,502.3,501.8,501.6,501.2,501.4,506.0,503.5,501.1,500.0,500.6,502.0,503.6,502.0,500.5,500.2,501.3,503.5,502.5,502.4,502.4,502.6,502.8,502.9,502.9,502.7,517.8,518.8,520.4,521.7,521.9,520.9,519.3,518.1,518.2,517.4,517.3,518.3,521.0,524.5,527.8,524.5,521.2,518.7,517.5,517.6,519.8,520.4,521.1,521.5,521.4,520.9,520.2,519.7,29.4,-5.3,647.4,0.183,-0.18,-0.012,219.6,220.4,222.4,225.4,230.5,238.1,247.2,257.8,268.3,276.9,283.0,288.5,293.4,296.9,299.2,300.7,301.0,229.7,236.2,245.0,253.9,261.9,277.3,283.8,290.3,296.5,300.4,270.0,271.3,272.6,273.9,262.5,267.1,271.7,275.7,279.1,239.4,244.7,251.0,256.2,251.0,244.6,278.8,283.7,289.3,293.2,290.0,284.4,253.5,261.1,267.5,271.1,274.8,279.4,283.0,279.5,275.1,271.1,267.0,260.7,256.5,267.1,270.9,274.7,280.9,274.7,270.9,267.1,161.6,173.5,185.1,196.3,206.8,215.7,222.9,228.1,229.1,226.7,220.2,212.1,202.9,192.7,181.9,170.8,159.6,153.7,148.6,147.0,148.1,150.8,149.9,146.6,145.1,145.9,150.2,159.4,167.2,174.9,182.8,188.4,189.8,190.8,189.4,187.7,161.5,158.3,158.2,162.0,163.6,163.8,161.0,156.6,156.4,159.1,161.7,162.1,204.4,201.6,199.8,200.8,199.5,200.9,202.8,208.1,210.4,211.0,210.9,209.1,204.5,203.6,203.8,203.2,203.4,204.5,205.3,205.0,-52.5,-51.4,-48.2,-43.2,-34.2,-20.8,-4.8,13.3,31.3,46.5,58.4,69.4,78.8,85.1,88.9,91.4,91.9,-33.4,-22.5,-8.1,6.2,19.1,44.3,55.6,67.2,78.7,86.5,32.5,34.1,35.9,37.6,20.2,27.6,35.0,41.6,47.5,-17.5,-8.7,1.7,10.2,1.6,-8.8,48.0,56.3,66.2,73.4,67.3,57.6,5.8,18.2,28.4,34.4,40.5,48.6,55.8,49.0,41.2,34.5,27.8,17.6,10.8,28.0,34.2,40.4,51.9,40.5,34.1,27.8,-44.7,-24.4,-4.1,15.5,33.8,49.2,61.3,69.5,71.0,67.9,57.9,44.3,27.9,9.4,-10.1,-30.1,-50.4,-55.7,-63.5,-65.5,-63.4,-59.0,-61.1,-67.1,-70.7,-70.4,-64.1,-45.5,-32.6,-20.1,-7.4,1.5,3.6,5.3,3.1,0.3,-42.8,-47.9,-48.0,-41.9,-39.2,-38.8,-44.2,-51.7,-52.4,-48.3,-43.4,-42.6,28.0,23.1,20.0,21.6,19.5,22.2,25.9,34.2,37.6,38.5,38.2,35.4,28.2,26.3,26.6,25.7,26.7,28.0,29.0,28.6,675.3,678.8,682.8,685.3,684.8,681.9,676.0,668.1,667.4,676.5,691.4,703.5,708.7,708.1,706.5,704.8,704.3,643.0,636.8,632.2,628.5,626.8,634.2,641.9,651.0,660.6,670.9,632.7,626.8,620.4,614.5,630.9,629.8,629.5,632.8,636.9,642.8,639.7,640.2,641.7,640.5,640.0,651.1,653.6,657.8,664.4,658.2,654.2,648.4,638.0,634.2,635.5,637.6,646.6,660.2,648.6,641.3,638.7,637.8,640.7,646.2,637.4,638.1,640.8,656.2,640.8,638.1,637.5,0.598,0.187,-0.237,-0.002,267.661,184.1,-6.119,8.661,-12.791,19.364,6.147,1.235,-4.559,3.264,4.076,-2.974,-0.353,1.449,0.309,-1.835,-0.941,-0.03,0.48,0.867,-1.001,-0.516,0.304,-0.451,-0.207,-0.308,0.029,-0.062,0.116,0.03,-0.111,-0.001,-0.019,0.001,0.005,0.003,0.53,0.25,0.0,0.66,0.0,0.0,0.22,0.0,0.0,0.29,0.0,0.0,0.0,0.0,0.0,0.0,0.0,0.0,1.0,0.0,1.0,0.0,0.0,0.0,0.0,0.0,0.0,0.0,0.0,0.0,0.0,0.0,0.0,1.0,0.0
PP133,g1,2474,0,0.975,0.199746,0.171962,-0.96464,0.048441,0.172125,-0.983883,0.127,0.175,244.1,245.4,248.7,251.9,253.3,252.2,248.8,245.5,239.8,241.8,244.7,248.2,251.8,254.5,256.4,254.2,251.2,248.0,244.7,241.9,247.3,248.8,250.2,250.7,250.1,248.7,247.3,246.7,282.0,282.9,285.7,288.7,290.2,289.4,286.6,283.3,279.0,280.9,283.6,286.9,289.8,291.9,293.2,292.1,290.2,287.6,284.6,281.4,284.8,286.1,287.3,287.7,287.0,285.7,284.5,284.1,159.8,156.5,155.1,156.4,159.7,163.2,164.4,163.1,161.4,159.5,158.2,157.6,158.2,159.7,161.8,163.0,163.5,163.7,163.5,162.8,161.3,161.9,161.2,159.8,158.4,157.8,158.4,159.9,158.5,155.3,153.8,154.9,158.0,161.2,162.7,161.9,160.9,158.6,156.9,156.0,156.4,157.5,159.3,160.8,161.7,162.1,162.1,161.9,159.8,160.3,159.7,158.2,156.9,156.4,157.1,158.5,-7.5,-5.9,-1.7,2.5,4.2,2.9,-1.6,-5.8,-13.2,-10.6,-6.8,-2.2,2.3,5.8,8.2,5.5,1.6,-2.6,-6.7,-10.5,-3.4,-1.6,0.2,0.9,0.2,-1.7,-3.5,-4.2,42.5,43.8,47.6,51.8,53.8,52.6,48.7,44.3,38.5,41.0,44.5,49.0,53.2,56.4,58.4,56.6,53.7,50.0,45.9,41.7,46.4,48.2,49.9,50.4,49.5,47.7,46.0,45.5,-35.6,-39.9,-41.8,-40.1,-35.8,-31.2,-29.7,-31.4,-33.9,-36.1,-37.6,-38.3,-37.6,-35.8,-33.2,-31.5,-30.8,-30.5,-30.8,-31.9,-33.8,-33.0,-33.8,-35.7,-37.6,-38.3,-37.5,-35.6,-38.5,-42.8,-45.0,-43.6,-39.5,-35.1,-33.0,-34.0,-35.3,-38.3,-40.6,-41.8,-41.5,-40.3,-38.2,-35.9,-34.5,-33.8,-33.7,-34.0,-36.9,-36.3,-37.2,-39.1,-40.9,-41.5,-40.6,-38.7,502.6,503.1,503.2,503.0,502.5,502.3,501.9,502.2,506.8,504.2,501.9,500.7,501.3,502.7,504.4,502.8,501.2,500.9,502.0,504.2,503.2,503.1,503.2,503.4,503.6,503.7,503.6,503.4,518.5,519.6,521.2,522.5,522.7,521.7,520.1,518.9,518.9,518.2,518.0,519.1,521.8,525.3,528.6,525.3,522.0,519.5,518.3,518.4,520.6,521.1,521.9,522.3,522.2,521.6,520.9,520.5,29.6,-5.2,647.0,0.184,-0.184,-0.007,219.9,220.5,222.5,225.4,230.4,237.9,247.1,257.7,268.2,276.8,282.9,288.4,293.2,296.8,299.0,300.6,300.9,230.1,236.6,245.4,254.2,262.2,277.6,284.2,290.6,296.7,300.5,270.3,271.6,272.9,274.2,262.7,267.3,271.9,275.9,279.3,239.7,245.0,251.3,256.5,251.2,244.9,279.0,283.9,289.5,293.3,290.1,284.5,253.5,261.2,267.6,271.3,275.0,279.5,283.1,279.6,275.2,271.2,267.1,260.8,256.6,267.2,271.0,274.8,281.0,274.8,271.0,267.2,161.4,173.3,185.0,196.2,206.7,215.7,223.0,228.3,229.3,227.0,220.4,212.3,203.1,192.8,182.1,171.0,159.8,153.4,148.3,146.9,148.0,150.7,150.0,146.7,145.2,146.0,150.3,159.4,167.2,175.0,182.9,188.5,189.8,190.9,189.5,187.8,161.3,158.1,158.1,161.9,163.4,163.7,161.0,156.7,156.5,159.2,161.8,162.1,204.4,201.7,199.9,200.9,199.6,201.0,203.0,208.3,210.6,211.2,211.0,209.2,204.5,203.7,203.9,203.3,203.5,204.7,205.4,205.1,-52.0,-51.1,-48.0,-43.1,-34.3,-21.0,-5.0,13.1,31.1,46.4,58.2,69.1,78.4,84.7,88.6,91.2,91.7,-32.7,-21.8,-7.4,6.8,19.6,44.8,56.1,67.6,79.0,86.7,32.9,34.6,36.3,38.0,20.5,27.8,35.2,41.9,47.8,-16.9,-8.2,2.2,10.7,2.0,-8.4,48.3,56.7,66.5,73.6,67.6,57.8,5.8,18.3,28.6,34.6,40.8,48.8,55.9,49.2,41.4,34.6,27.9,17.7,10.8,28.1,34.3,40.7,52.0,40.7,34.3,28.0,-45.0,-24.7,-4.4,15.2,33.6,49.1,61.4,69.7,71.4,68.3,58.3,44.7,28.2,9.7,-9.8,-29.7,-49.9,-56.1,-63.7,-65.6,-63.5,-58.9,-60.9,-66.9,-70.4,-70.2,-63.9,-45.5,-32.5,-19.9,-7.2,1.6,3.8,5.5,3.3,0.5,-43.0,-48.0,-48.1,-42.0,-39.4,-38.9,-44.1,-51.6,-52.2,-48.1,-43.2,-42.5,28.0,23.1,20.1,21.7,19.7,22.3,26.1,34.4,37.9,38.7,38.4,35.5,28.2,26.4,26.7,25.8,26.8,28.2,29.2,28.8,674.1,677.7,681.9,684.5,684.0,681.2,675.3,667.4,666.8,676.1,691.1,703.3,708.4,707.8,706.0,704.2,703.6,641.9,635.8,631.3,627.7,626.2,633.8,641.5,650.6,660.3,670.5,632.2,626.3,619.9,614.0,630.4,629.2,628.9,632.4,636.5,641.9,638.9,639.4,641.0,639.7,639.2,650.7,653.3,657.4,664.0,657.8,653.8,647.7,637.3,633.6,634.9,637.1,646.2,659.8,648.2,640.8,638.2,637.2,640.0,645.5,636.8,637.6,640.4,655.7,640.3,637.5,636.9,0.599,0.188,-0.241,0.004,267.797,184.155,-6.659,9.124,-12.711,19.85,5.345,1.528,-4.609,3.724,3.889,-2.983,-0.206,1.304,0.266,-1.82,-0.734,-0.164,0.483,0.798,-1.016,-0.696,0.345,-0.434,-0.326,-0.265,0.057,0.009,0.096,0.045,-0.11,-0.009,-0.023,-0.005,0.007,0.002,0.65,0.3,0.0,1.08,0.0,0.0,0.0,0.0,0.0,0.3,0.0,0.0,0.0,0.0,0.0,0.0,0.0,1.0,1.0,0.0,1.0,0.0,0.0,0.0,0.0,0.0,0.0,0.0,0.0,0.0,0.0,0.0,0.0,1.0,0.0
PP133,g1,2480,0,0.975,0.206403,0.170178,-0.963554,0.05665,0.167761,-0.984199,0.134,0.172,245.2,246.5,249.7,252.9,254.3,253.2,249.7,246.5,240.8,242.9,245.8,249.3,252.8,255.4,257.2,255.1,252.2,248.9,245.7,242.9,248.3,249.7,251.1,251.7,251.1,249.7,248.3,247.7,282.8,283.7,286.5,289.4,290.9,290.0,287.3,284.0,279.8,281.7,284.4,287.7,290.6,292.6,293.8,292.7,290.8,288.3,285.3,282.2,285.5,286.8,288.0,288.4,287.8,286.5,285.3,284.9,159.6,156.3,155.0,156.3,159.6,163.1,164.2,162.9,161.1,159.3,158.1,157.5,158.1,159.6,161.7,162.9,163.3,163.5,163.3,162.6,161.1,161.7,161.1,159.7,158.3,157.7,158.3,159.7,159.0,155.8,154.4,155.5,158.6,161.8,163.2,162.3,161.2,159.0,157.4,156.6,157.1,158.2,160.0,161.4,162.2,162.6,162.6,162.3,160.3,160.8,160.2,158.8,157.5,156.9,157.6,159.0,-6.2,-4.5,-0.4,3.8,5.5,4.1,-0.4,-4.5,-12.0,-9.3,-5.5,-0.9,3.6,7.1,9.4,6.7,2.8,-1.4,-5.5,-9.2,-2.2,-0.4,1.5,2.2,1.5,-0.4,-2.2,-2.9,44.0,45.4,49.2,53.3,55.3,54.0,50.1,45.7,40.0,42.5,46.1,50.6,54.8,57.9,59.8,58.0,55.1,51.5,47.3,43.2,47.8,49.6,51.3,51.9,51.0,49.2,47.6,47.0,-36.2,-40.5,-42.2,-40.5,-36.2,-31.6,-30.2,-31.9,-34.5,-36.7,-38.2,-38.8,-38.1,-36.2,-33.5,-31.9,-31.3,-31.0,-31.4,-32.5,-34.3,-33.5,-34.3,-36.1,-38.0,-38.8,-38.0,-36.1,-38.3,-42.6,-44.7,-43.2,-39.1,-34.7,-32.7,-33.8,-35.2,-38.2,-40.3,-41.5,-41.1,-39.9,-37.6,-35.4,-34.1,-33.5,-33.4,-33.8,-36.6,-36.0,-36.9,-38.8,-40.6,-41.2,-40.3,-38.4,506.9,507.4,507.6,507.4,506.9,506.7,506.2,506.4,511.0,508.4,506.1,505.1,505.7,507.2,508.8,507.2,505.6,505.2,506.2,508.4,507.5,507.4,507.5,507.7,507.9,508.0,507.9,507.7,524.0,525.1,526.8,528.2,528.4,527.3,525.6,524.4,524.4,523.7,523.6,524.7,527.4,530.9,534.3,530.9,527.6,525.1,523.8,523.9,526.1,526.7,527.4,527.9,527.8,527.2,526.5,526.0,30.3,-4.9,647.7,0.176,-0.195,0.011,220.4,220.9,222.6,225.3,230.2,237.6,246.7,257.3,267.9,276.5,282.6,288.1,292.9,296.5,298.9,300.7,301.2,231.2,237.9,246.7,255.5,263.4,278.8,285.3,291.5,297.5,301.1,271.3,272.5,273.7,275.0,263.3,267.9,272.4,276.4,279.8,240.7,246.1,252.3,257.4,252.2,245.9,279.8,284.7,290.2,293.9,290.7,285.3,253.8,261.6,268.0,271.6,275.3,279.7,283.1,279.7,275.3,271.3,267.3,261.0,256.9,267.5,271.3,275.0,281.0,275.0,271.3,267.4,161.2,173.1,184.8,196.1,206.7,215.8,223.2,228.6,229.8,227.6,221.1,213.1,203.9,193.7,183.1,172.1,160.9,153.0,148.0,146.7,147.9,150.8,150.2,147.2,145.8,146.7,151.0,159.5,167.3,175.1,183.1,188.5,189.9,191.1,189.8,188.1,161.1,158.0,158.0,161.9,163.3,163.5,161.3,157.2,157.1,159.9,162.4,162.6,204.4,201.7,200.0,201.0,199.8,201.4,203.5,208.6,210.8,211.4,211.1,209.2,204.6,203.8,204.1,203.5,204.0,204.9,205.6,205.3,-51.1,-50.5,-47.8,-43.3,-34.7,-21.6,-5.7,12.4,30.5,45.8,57.6,68.6,77.9,84.4,88.6,91.6,92.4,-30.9,-19.7,-5.4,8.8,21.5,46.9,58.1,69.4,80.6,88.0,34.6,36.1,37.8,39.3,21.5,28.8,36.1,42.8,48.6,-15.3,-6.4,3.8,12.1,3.6,-6.8,49.7,58.2,67.9,74.8,68.8,59.1,6.4,18.9,29.2,35.2,41.4,49.1,55.9,49.2,41.6,34.8,28.2,18.1,11.4,28.6,34.8,41.1,52.0,41.0,34.7,28.4,-45.4,-25.0,-4.7,15.1,33.6,49.3,61.7,70.2,72.1,69.4,59.6,46.1,29.8,11.3,-8.0,-27.8,-47.9,-56.7,-64.3,-66.1,-63.7,-59.0,-60.6,-66.4,-69.7,-69.2,-62.9,-45.4,-32.4,-19.8,-7.0,1.6,3.9,5.8,3.7,0.9,-43.5,-48.4,-48.3,-42.1,-39.6,-39.3,-43.7,-50.9,-51.3,-47.0,-42.4,-41.8,28.0,23.2,20.3,22.0,20.1,23.0,27.1,35.1,38.3,39.0,38.6,35.6,28.2,26.6,27.1,26.3,27.7,28.6,29.5,29.0,673.8,677.3,681.4,683.9,683.3,680.4,674.5,666.8,666.6,676.2,691.5,703.9,709.3,708.8,707.2,705.5,705.1,641.9,636.2,632.1,628.8,627.4,635.6,643.5,652.7,662.4,672.5,633.6,627.6,621.1,615.2,631.0,630.0,629.8,633.4,637.6,642.1,639.3,640.1,641.8,640.3,639.6,652.3,654.9,659.2,665.8,659.6,655.4,647.5,637.5,634.2,635.6,637.9,646.9,660.3,648.7,641.4,638.6,637.5,639.9,645.4,637.3,638.2,641.1,656.2,641.0,638.1,637.4,0.598,0.182,-0.254,0.021,268.228,184.402,-7.847,9.887,-13.549,19.498,4.968,1.531,-4.235,3.347,3.956,-2.843,0.082,1.173,0.253,-1.898,-0.205,-0.438,0.475,1.023,-1.148,-0.613,0.447,-0.479,-0.278,-0.413,0.125,0.09,0.093,0.049,-0.111,-0.011,-0.03,-0.006,0.009,-0.001,0.31,0.07,0.0,0.81,0.0,0.0,0.0,0.0,0.0,0.0,0.0,0.0,0.0,0.0,0.0,0.0,0.0,0.0,1.0,0.0,1.0,0.0,0.0,0.0,0.0,0.0,0.0,0.0,0.0,0.0,0.0,0.0,0.0,1.0,0.0
PP133,g1,2486,0,0.975,0.21991,0.171655,-0.960299,0.069813,0.166873,-0.983504,0.148,0.172,247.0,248.4,251.6,254.7,256.0,254.9,251.5,248.3,242.6,244.7,247.6,251.1,254.6,257.2,258.9,256.8,253.9,250.7,247.5,244.7,250.1,251.5,252.9,253.5,252.9,251.5,250.1,249.5,284.4,285.3,288.0,290.9,292.3,291.4,288.7,285.5,281.3,283.3,285.9,289.2,292.0,293.9,295.0,294.0,292.2,289.7,286.7,283.7,287.0,288.3,289.4,289.9,289.2,288.0,286.8,286.4,159.6,156.3,155.0,156.4,159.7,163.2,164.2,162.8,161.0,159.2,158.0,157.5,158.2,159.7,161.9,163.0,163.4,163.5,163.2,162.5,161.1,161.7,161.2,159.7,158.3,157.7,158.3,159.7,159.5,156.3,155.0,156.2,159.2,162.4,163.7,162.8,161.7,159.5,157.9,157.2,157.7,158.8,160.7,162.1,162.8,163.2,163.1,162.7,160.8,161.4,160.8,159.4,158.0,157.5,158.1,159.5,-3.9,-2.1,2.0,6.2,7.9,6.4,1.9,-2.2,-9.7,-7.0,-3.1,1.5,6.0,9.4,11.7,8.9,5.1,0.9,-3.3,-7.0,0.1,1.9,3.7,4.5,3.8,2.0,0.2,-0.6,46.6,47.9,51.8,55.9,57.8,56.4,52.6,48.1,42.5,45.1,48.6,53.2,57.3,60.3,62.2,60.4,57.5,53.9,49.8,45.6,50.3,52.1,53.8,54.4,53.6,51.8,50.1,49.5,-36.4,-40.7,-42.4,-40.6,-36.3,-31.7,-30.3,-32.1,-34.8,-37.0,-38.4,-39.0,-38.2,-36.3,-33.6,-32.0,-31.4,-31.2,-31.6,-32.7,-34.4,-33.7,-34.4,-36.3,-38.2,-38.9,-38.2,-36.3,-38.0,-42.3,-44.3,-42.8,-38.6,-34.3,-32.3,-33.5,-35.0,-37.9,-40.0,-41.1,-40.7,-39.4,-37.1,-34.9,-33.7,-33.0,-33.1,-33.5,-36.3,-35.6,-36.5,-38.4,-40.2,-40.9,-40.0,-38.1,509.6,510.1,510.4,510.3,509.9,509.6,509.0,509.1,513.5,511.1,508.9,507.9,508.6,510.1,511.8,510.1,508.4,508.0,508.9,511.0,510.3,510.2,510.4,510.6,510.8,510.8,510.7,510.5,529.3,530.4,532.1,533.5,533.8,532.7,530.9,529.6,529.5,528.9,528.8,530.0,532.8,536.4,539.7,536.4,533.0,530.4,529.1,529.1,531.4,532.0,532.8,533.3,533.2,532.5,531.8,531.3,32.4,-4.6,648.4,0.175,-0.216,0.028,221.4,221.7,223.1,225.6,230.3,237.7,246.9,257.6,268.3,276.8,282.8,288.3,293.1,296.9,299.4,301.3,301.9,233.1,240.0,248.8,257.6,265.5,280.7,287.1,293.2,299.0,302.4,273.2,274.3,275.6,276.8,264.8,269.3,273.9,277.8,281.1,242.5,247.9,254.2,259.1,253.9,247.6,281.3,286.2,291.7,295.2,292.1,286.7,254.9,262.9,269.3,272.9,276.6,280.7,283.9,280.6,276.4,272.4,268.4,262.2,258.0,268.8,272.5,276.2,281.9,276.2,272.5,268.7,161.0,172.9,184.6,195.9,206.5,215.7,223.1,228.6,229.8,227.7,221.4,213.4,204.3,194.2,183.6,172.7,161.6,152.7,147.8,146.6,147.9,150.8,150.5,147.6,146.4,147.4,151.8,159.8,167.5,175.2,183.1,188.5,190.0,191.2,189.9,188.3,161.0,157.9,158.1,162.0,163.4,163.4,161.8,157.7,157.7,160.6,163.0,163.1,204.4,201.7,200.1,201.1,200.0,201.6,203.9,208.8,210.9,211.4,211.1,209.2,204.6,203.9,204.2,203.7,204.3,205.0,205.6,205.3,-49.2,-49.0,-46.8,-42.6,-34.3,-21.3,-5.3,13.0,31.2,46.4,58.1,69.1,78.5,85.3,89.8,93.0,94.1,-27.7,-16.3,-2.0,12.3,24.9,50.0,61.2,72.4,83.4,90.5,37.7,39.1,40.7,42.2,23.9,31.2,38.5,45.2,50.9,-12.4,-3.4,6.8,14.9,6.4,-3.9,52.4,60.9,70.5,77.2,71.3,61.7,8.1,21.0,31.4,37.3,43.5,51.0,57.4,50.9,43.4,36.7,30.1,20.0,13.2,30.7,36.8,43.0,53.6,43.0,36.7,30.5,-45.6,-25.3,-5.1,14.7,33.2,49.0,61.5,70.1,72.3,69.7,60.1,46.8,30.6,12.2,-7.1,-26.8,-46.9,-57.1,-64.6,-66.2,-63.8,-59.0,-60.3,-65.9,-68.9,-68.3,-61.7,-45.0,-32.1,-19.6,-7.0,1.6,4.0,5.9,4.0,1.4,-43.6,-48.4,-48.2,-41.9,-39.6,-39.4,-43.0,-50.1,-50.4,-46.0,-41.5,-41.0,28.0,23.2,20.4,22.2,20.4,23.4,27.7,35.4,38.4,39.1,38.5,35.5,28.2,26.7,27.3,26.6,28.2,28.8,29.6,29.0,672.4,675.7,679.7,682.2,681.8,679.1,673.6,666.4,666.6,676.7,692.3,705.0,710.7,710.5,709.2,707.9,707.7,640.9,635.5,631.9,629.1,628.2,637.0,645.2,654.6,664.5,674.7,634.5,628.6,622.1,616.2,631.2,630.5,630.6,634.3,638.7,641.5,638.9,640.0,641.9,640.1,639.1,653.5,656.3,660.9,667.6,661.2,656.7,647.0,637.4,634.4,636.0,638.5,647.7,661.3,649.5,641.9,638.9,637.5,639.7,645.1,637.4,638.5,641.6,657.1,641.5,638.4,637.5,0.598,0.181,-0.28,0.039,269.437,184.565,-7.19,9.996,-13.942,18.081,4.741,0.884,-4.15,2.529,3.498,-2.415,0.264,1.388,0.24,-2.087,-0.272,-0.437,0.363,0.793,-0.924,-0.648,0.524,-0.376,-0.429,-0.591,0.193,0.071,0.096,0.083,-0.117,-0.014,-0.018,0.001,0.012,-0.004,0.31,0.0,0.0,1.77,0.0,0.0,0.0,0.0,0.0,0.17,0.0,0.0,0.0,0.0,0.0,0.0,0.0,0.0,1.0,0.0,1.0,0.0,0.0,0.0,0.0,0.0,0.0,0.0,0.0,0.0,0.0,0.0,0.0,1.0,0.0
PP133,g1,2492,0,0.975,0.218763,0.182614,-0.958538,0.066731,0.176262,-0.982079,0.146,0.183,247.5,248.9,252.1,255.3,256.5,255.3,251.9,248.8,243.1,245.2,248.1,251.7,255.1,257.7,259.4,257.3,254.4,251.1,248.0,245.1,250.6,251.9,253.4,254.0,253.4,252.0,250.6,250.0,284.9,285.9,288.6,291.5,292.9,291.9,289.1,286.0,281.8,283.8,286.5,289.8,292.6,294.5,295.6,294.5,292.7,290.2,287.2,284.2,287.5,288.8,290.0,290.4,289.8,288.5,287.3,286.9,159.1,155.8,154.6,156.0,159.3,162.8,163.8,162.3,160.4,158.7,157.5,157.0,157.8,159.3,161.5,162.6,162.9,163.1,162.7,161.9,160.6,161.3,160.7,159.3,157.9,157.3,157.8,159.2,159.4,156.2,154.9,156.1,159.2,162.3,163.7,162.7,161.5,159.4,157.9,157.2,157.7,158.8,160.7,162.1,162.8,163.1,163.0,162.6,160.8,161.3,160.7,159.3,158.0,157.5,158.1,159.4,-3.2,-1.4,2.8,6.9,8.5,7.0,2.5,-1.6,-9.1,-6.3,-2.4,2.2,6.7,10.0,12.3,9.5,5.7,1.5,-2.7,-6.4,0.7,2.5,4.4,5.2,4.5,2.7,0.8,0.0,47.3,48.7,52.6,56.7,58.6,57.1,53.2,48.8,43.2,45.8,49.4,54.0,58.1,61.1,63.0,61.1,58.2,54.6,50.4,46.3,51.0,52.8,54.5,55.2,54.3,52.5,50.8,50.2,-37.1,-41.4,-43.1,-41.2,-36.9,-32.3,-31.0,-32.8,-35.6,-37.8,-39.1,-39.7,-38.8,-36.8,-34.1,-32.6,-32.0,-31.8,-32.3,-33.5,-35.1,-34.3,-35.0,-36.9,-38.8,-39.6,-38.9,-37.0,-38.1,-42.4,-44.4,-42.8,-38.7,-34.3,-32.4,-33.6,-35.2,-38.0,-40.1,-41.2,-40.7,-39.4,-37.1,-34.9,-33.7,-33.1,-33.2,-33.7,-36.4,-35.7,-36.5,-38.4,-40.3,-41.0,-40.1,-38.2,510.2,510.7,511.0,511.0,510.5,510.2,509.7,509.7,514.1,511.6,509.4,508.5,509.2,510.8,512.5,510.8,509.1,508.6,509.5,511.6,510.9,510.9,511.0,511.2,511.4,511.5,511.3,511.1,529.4,530.5,532.2,533.6,533.9,532.8,531.1,529.8,529.7,529.0,529.0,530.1,532.9,536.5,539.9,536.5,533.1,530.6,529.3,529.2,531.5,532.2,532.9,533.4,533.3,532.7,531.9,531.4,32.6,-5.0,647.9,0.188,-0.213,0.041,221.7,221.8,223.1,225.4,230.1,237.4,246.5,257.1,267.7,276.3,282.4,288.1,293.2,297.0,299.7,301.8,302.5,233.8,240.7,249.6,258.3,266.1,281.3,287.7,293.9,299.7,303.1,273.7,274.7,275.8,276.9,264.9,269.4,273.9,277.9,281.2,242.9,248.5,254.7,259.5,254.3,248.1,281.8,286.8,292.2,295.7,292.6,287.2,254.5,262.6,269.2,272.7,276.5,280.6,283.8,280.3,276.0,272.1,268.0,261.8,257.6,268.6,272.3,276.0,281.7,275.9,272.2,268.4,160.0,171.9,183.7,195.1,205.8,215.1,222.7,228.3,229.6,227.6,221.2,213.2,204.1,193.9,183.4,172.5,161.4,151.9,147.2,146.1,147.5,150.6,150.4,147.5,146.3,147.3,151.7,159.6,167.3,175.0,182.9,188.2,189.7,191.0,189.8,188.2,160.4,157.4,157.7,161.6,162.9,162.9,161.6,157.7,157.7,160.6,163.0,163.0,203.9,201.3,199.8,200.9,199.8,201.5,203.8,208.8,210.9,211.3,211.0,208.9,204.2,203.6,204.0,203.6,204.2,205.0,205.5,205.1,-48.6,-48.7,-46.8,-42.8,-34.7,-21.8,-6.0,12.1,30.2,45.6,57.5,68.7,78.4,85.5,90.2,93.6,94.9,-26.6,-15.1,-0.7,13.4,25.9,51.0,62.2,73.4,84.4,91.5,38.5,39.7,41.1,42.4,24.1,31.3,38.6,45.2,51.0,-11.6,-2.5,7.7,15.6,7.1,-3.1,53.1,61.7,71.3,78.0,72.0,62.5,7.5,20.6,31.1,37.0,43.2,50.8,57.1,50.4,42.8,36.1,29.4,19.3,12.6,30.3,36.4,42.7,53.3,42.6,36.3,30.0,-47.2,-26.9,-6.5,13.3,32.0,47.9,60.7,69.6,71.9,69.4,59.7,46.3,30.1,11.7,-7.5,-27.2,-47.3,-58.4,-65.5,-66.9,-64.3,-59.3,-60.4,-65.9,-68.9,-68.2,-61.7,-45.3,-32.4,-19.9,-7.2,1.1,3.6,5.6,3.8,1.2,-44.5,-49.1,-48.8,-42.5,-40.2,-40.2,-43.2,-50.1,-50.3,-45.9,-41.5,-41.1,27.2,22.6,19.9,21.8,20.1,23.2,27.5,35.4,38.4,39.0,38.3,35.0,27.5,26.3,26.9,26.4,28.0,28.7,29.5,28.8,671.3,674.8,678.9,681.5,681.2,678.7,673.3,666.3,666.7,676.7,692.0,704.4,709.8,709.5,708.1,706.7,706.5,639.7,634.4,631.0,628.3,627.4,636.2,644.3,653.6,663.4,673.5,633.7,627.9,621.6,615.8,630.7,630.1,630.2,633.9,638.2,640.5,637.9,639.0,641.0,639.2,638.2,652.6,655.3,659.8,666.6,660.2,655.8,646.8,637.2,634.2,635.7,638.3,647.5,661.1,649.4,641.8,638.8,637.5,639.7,644.9,637.2,638.3,641.4,657.0,641.3,638.2,637.3,0.598,0.192,-0.276,0.053,269.557,184.286,-9.054,10.398,-13.563,17.377,4.906,0.591,-4.092,1.547,3.131,-2.401,0.555,1.448,0.075,-2.163,-0.596,-0.364,0.465,0.861,-1.026,-0.809,0.464,-0.533,-0.257,-0.468,0.16,0.031,0.094,0.061,-0.114,-0.018,-0.021,0.001,0.007,-0.005,0.29,0.33,0.0,0.88,0.0,0.0,0.0,0.0,0.0,0.35,0.0,0.0,0.0,0.0,0.0,0.0,0.0,0.0,1.0,0.0,0.0,0.0,0.0,0.0,0.0,0.0,0.0,0.0,0.0,0.0,0.0,0.0,0.0,1.0,0.0
PP133,g1,2498,0,0.975,0.219431,0.175103,-0.959786,0.070811,0.168141,-0.983216,0.148,0.175,248.1,249.5,252.7,255.9,257.1,256.0,252.5,249.4,243.7,245.8,248.7,252.3,255.8,258.3,260.0,257.9,255.0,251.8,248.6,245.7,251.2,252.6,254.0,254.6,254.0,252.7,251.2,250.6,285.5,286.5,289.2,292.1,293.5,292.5,289.8,286.6,282.4,284.4,287.1,290.4,293.2,295.1,296.2,295.1,293.3,290.8,287.9,284.8,288.1,289.4,290.6,291.0,290.4,289.1,288.0,287.5,158.6,155.3,154.1,155.5,158.8,162.3,163.3,161.9,160.0,158.2,157.0,156.5,157.2,158.8,161.0,162.1,162.4,162.6,162.2,161.4,160.2,160.8,160.2,158.8,157.4,156.8,157.3,158.7,158.9,155.8,154.4,155.7,158.8,161.9,163.2,162.2,161.1,158.9,157.4,156.7,157.2,158.4,160.3,161.6,162.4,162.7,162.5,162.2,160.3,160.8,160.3,158.9,157.6,157.0,157.6,159.0,-2.5,-0.6,3.6,7.7,9.3,7.8,3.3,-0.8,-8.3,-5.5,-1.6,3.0,7.5,10.8,13.1,10.4,6.5,2.3,-1.8,-5.6,1.5,3.4,5.2,6.0,5.3,3.5,1.6,0.8,48.0,49.5,53.3,57.4,59.3,57.9,54.0,49.6,43.9,46.5,50.1,54.7,58.8,61.8,63.7,61.9,59.0,55.3,51.2,47.0,51.8,53.6,55.3,55.9,55.1,53.3,51.6,51.0,-37.7,-41.9,-43.6,-41.8,-37.4,-32.9,-31.5,-33.4,-36.1,-38.3,-39.6,-40.2,-39.3,-37.4,-34.7,-33.1,-32.6,-32.4,-32.9,-34.0,-35.7,-34.8,-35.6,-37.4,-39.3,-40.1,-39.4,-37.5,-38.7,-43.0,-45.0,-43.4,-39.2,-34.9,-32.9,-34.2,-35.8,-38.6,-40.7,-41.7,-41.2,-39.9,-37.6,-35.4,-34.2,-33.6,-33.8,-34.3,-36.9,-36.2,-37.1,-39.0,-40.8,-41.5,-40.6,-38.8,508.7,509.2,509.6,509.5,509.0,508.7,508.1,508.2,512.6,510.1,508.0,507.0,507.8,509.3,511.0,509.2,507.5,507.0,508.0,510.1,509.4,509.3,509.5,509.7,509.9,510.0,509.8,509.6,528.4,529.5,531.3,532.7,532.9,531.8,530.0,528.7,528.6,528.0,528.0,529.2,532.0,535.5,538.9,535.5,532.1,529.5,528.2,528.2,530.5,531.1,531.9,532.4,532.3,531.7,530.9,530.4,33.5,-5.4,643.9,0.177,-0.219,0.04,222.1,222.2,223.5,225.9,230.6,237.9,247.1,257.8,268.5,277.1,283.1,288.7,293.6,297.5,300.2,302.1,302.9,234.2,241.1,250.0,259.0,266.9,282.0,288.4,294.6,300.4,303.6,274.5,275.5,276.7,277.9,265.7,270.3,274.8,278.8,282.1,243.5,249.1,255.3,260.2,255.0,248.7,282.4,287.4,292.9,296.3,293.2,287.8,255.3,263.4,270.0,273.6,277.3,281.5,284.6,281.2,276.9,273.0,268.9,262.6,258.4,269.4,273.2,276.9,282.5,276.8,273.1,269.2,159.7,171.7,183.6,195.1,205.9,215.2,222.8,228.5,229.8,227.8,221.4,213.4,204.3,194.1,183.5,172.5,161.4,151.6,146.7,145.5,146.9,149.9,149.8,147.0,145.8,147.0,151.5,159.0,166.8,174.4,182.4,187.8,189.3,190.6,189.4,187.9,159.9,156.9,157.1,161.1,162.4,162.4,161.2,157.2,157.2,160.2,162.5,162.6,203.8,201.2,199.6,200.7,199.6,201.3,203.7,208.8,210.8,211.3,210.9,208.8,204.0,203.4,203.8,203.4,204.1,204.9,205.5,205.1,-47.6,-47.7,-45.7,-41.7,-33.6,-20.8,-5.0,13.2,31.4,46.6,58.3,69.3,78.9,85.8,90.5,93.9,95.2,-25.8,-14.4,0.1,14.3,27.0,51.8,63.0,74.2,85.2,92.1,39.4,40.8,42.3,43.7,25.2,32.5,39.7,46.4,52.1,-10.5,-1.5,8.6,16.6,8.1,-2.1,53.9,62.4,72.0,78.7,72.7,63.2,8.6,21.7,32.3,38.2,44.4,51.9,58.1,51.6,44.0,37.3,30.7,20.4,13.7,31.5,37.6,43.8,54.4,43.7,37.4,31.2,-47.4,-27.1,-6.7,13.1,31.8,47.7,60.5,69.4,71.7,69.3,59.8,46.5,30.3,11.9,-7.3,-27.0,-47.1,-58.5,-65.9,-67.5,-64.9,-60.0,-61.0,-66.5,-69.5,-68.6,-61.8,-46.0,-33.1,-20.6,-8.0,0.5,3.0,5.0,3.1,0.6,-44.9,-49.6,-49.4,-43.1,-40.8,-40.7,-43.7,-50.6,-50.9,-46.4,-42.0,-41.6,26.8,22.2,19.5,21.4,19.7,22.8,27.2,35.1,38.1,38.6,38.0,34.7,27.1,25.8,26.4,25.9,27.7,28.5,29.2,28.5,667.3,670.6,674.5,676.9,676.4,673.8,668.4,661.4,661.8,672.0,687.6,700.2,705.9,705.8,704.6,703.4,703.3,636.1,630.9,627.3,624.6,623.8,632.8,641.1,650.7,660.8,670.9,630.1,624.0,617.5,611.5,626.4,625.7,625.9,629.7,634.1,636.6,634.2,635.3,637.3,635.4,634.3,649.2,652.1,656.7,663.4,657.0,652.5,642.3,632.8,629.8,631.4,634.0,643.3,657.0,645.2,637.5,634.4,633.0,635.2,640.4,632.8,633.9,637.1,652.9,637.1,633.9,632.9,0.602,0.181,-0.285,0.052,270.249,184.054,-8.43,10.745,-12.79,18.79,4.679,0.685,-4.041,1.967,3.956,-2.021,0.085,1.185,0.073,-2.24,-0.664,-0.243,0.433,0.847,-1.038,-0.698,0.565,-0.567,-0.316,-0.438,0.106,0.048,0.074,0.068,-0.12,-0.009,-0.032,-0.0,0.009,-0.005,0.56,0.3,0.0,1.02,0.0,0.0,0.0,0.0,0.0,0.19,0.07,0.0,0.0,0.0,0.0,0.0,0.0,1.0,1.0,0.0,1.0,0.0,0.0,0.0,0.0,0.0,0.0,0.0,0.0,0.0,0.0,0.0,0.0,1.0,0.0
PP133,g1,2504,0,0.975,0.218483,0.176747,-0.959701,0.069678,0.169455,-0.983072,0.147,0.176,248.7,250.1,253.4,256.5,257.8,256.6,253.2,250.0,244.3,246.4,249.4,252.9,256.4,258.9,260.6,258.5,255.6,252.4,249.2,246.4,251.8,253.2,254.6,255.2,254.7,253.3,251.9,251.3,286.2,287.1,289.9,292.7,294.1,293.1,290.4,287.2,283.1,285.1,287.7,291.0,293.8,295.7,296.8,295.7,293.9,291.4,288.5,285.4,288.7,290.0,291.2,291.6,291.0,289.8,288.6,288.2,158.7,155.5,154.2,155.6,158.9,162.4,163.4,162.0,160.1,158.3,157.2,156.7,157.4,158.9,161.1,162.2,162.5,162.7,162.3,161.5,160.3,160.9,160.3,158.9,157.5,156.9,157.4,158.8,159.1,156.0,154.7,155.9,159.0,162.1,163.4,162.4,161.3,159.1,157.6,156.9,157.5,158.7,160.5,161.9,162.6,162.9,162.7,162.3,160.5,161.1,160.5,159.1,157.8,157.2,157.8,159.2,-1.6,0.2,4.4,8.5,10.1,8.6,4.1,-0.0,-7.5,-4.7,-0.8,3.8,8.3,11.7,13.9,11.2,7.3,3.1,-1.0,-4.8,2.4,4.2,6.0,6.8,6.1,4.3,2.4,1.6,49.0,50.4,54.3,58.4,60.3,58.8,54.9,50.5,44.9,47.5,51.1,55.7,59.8,62.8,64.7,62.8,59.9,56.3,52.1,48.0,52.7,54.5,56.2,56.9,56.0,54.3,52.6,51.9,-37.6,-41.9,-43.6,-41.7,-37.4,-32.8,-31.5,-33.3,-36.0,-38.2,-39.6,-40.1,-39.3,-37.3,-34.6,-33.1,-32.5,-32.3,-32.8,-34.0,-35.6,-34.8,-35.5,-37.4,-39.3,-40.1,-39.3,-37.5,-38.5,-42.8,-44.7,-43.2,-39.0,-34.6,-32.7,-34.0,-35.6,-38.4,-40.5,-41.5,-41.0,-39.6,-37.3,-35.2,-34.0,-33.4,-33.6,-34.1,-36.7,-36.0,-36.9,-38.8,-40.6,-41.3,-40.4,-38.6,510.0,510.6,511.0,510.9,510.4,510.1,509.5,509.6,513.9,511.5,509.3,508.4,509.1,510.7,512.4,510.6,508.9,508.4,509.4,511.4,510.8,510.7,510.9,511.1,511.3,511.4,511.2,511.0,529.5,530.6,532.4,533.8,534.0,532.9,531.1,529.8,529.7,529.1,529.1,530.3,533.1,536.7,540.0,536.6,533.2,530.6,529.3,529.3,531.6,532.2,533.0,533.5,533.4,532.8,532.0,531.5,34.3,-5.1,644.0,0.178,-0.217,0.043,222.7,222.7,224.0,226.4,231.1,238.4,247.5,258.2,268.9,277.4,283.5,289.1,294.1,297.9,300.6,302.7,303.4,234.8,241.8,250.8,259.7,267.6,282.6,289.0,295.2,301.0,304.3,275.1,276.1,277.3,278.4,266.2,270.8,275.3,279.3,282.6,244.2,249.7,255.9,260.8,255.6,249.3,283.1,288.0,293.5,296.9,293.8,288.4,255.6,263.7,270.4,274.0,277.7,281.9,284.9,281.6,277.2,273.2,269.2,262.8,258.7,269.8,273.5,277.2,282.9,277.1,273.4,269.5,159.8,171.9,183.8,195.4,206.2,215.5,223.2,228.7,230.1,228.1,221.8,213.7,204.5,194.3,183.7,172.7,161.5,151.7,146.8,145.6,147.0,150.1,150.0,147.2,146.0,147.2,151.7,159.1,166.9,174.6,182.6,188.0,189.5,190.8,189.6,188.1,160.0,157.1,157.3,161.2,162.5,162.5,161.4,157.4,157.5,160.4,162.8,162.8,203.9,201.3,199.8,201.0,199.9,201.6,204.0,209.1,211.1,211.6,211.2,209.0,204.2,203.6,204.0,203.6,204.4,205.2,205.8,205.3,-46.7,-46.8,-44.9,-41.0,-32.8,-20.0,-4.3,13.9,31.9,47.2,58.9,70.0,79.6,86.6,91.3,94.8,96.2,-24.7,-13.2,1.2,15.5,28.1,52.8,64.1,75.3,86.3,93.2,40.5,41.8,43.2,44.5,26.0,33.2,40.5,47.2,52.9,-9.5,-0.5,9.6,17.6,9.1,-1.1,54.9,63.5,73.1,79.7,73.7,64.2,9.2,22.3,32.9,38.8,45.0,52.5,58.8,52.1,44.5,37.8,31.1,20.9,14.3,32.0,38.2,44.4,55.0,44.3,38.0,31.7,-47.3,-26.8,-6.3,13.6,32.3,48.3,61.0,69.8,72.2,69.8,60.3,47.0,30.7,12.3,-6.9,-26.6,-46.8,-58.3,-65.7,-67.3,-64.7,-59.8,-60.8,-66.2,-69.1,-68.2,-61.5,-45.8,-32.9,-20.4,-7.7,0.8,3.2,5.3,3.5,0.9,-44.8,-49.4,-49.2,-42.9,-40.6,-40.6,-43.5,-50.3,-50.5,-46.0,-41.6,-41.3,27.0,22.4,19.9,21.8,20.1,23.2,27.7,35.6,38.6,39.1,38.4,35.0,27.4,26.1,26.8,26.3,28.2,28.9,29.6,28.9,667.2,670.4,674.4,676.8,676.2,673.7,668.3,661.2,661.8,672.0,687.6,700.0,705.6,705.5,704.2,703.1,703.1,636.0,630.9,627.4,624.8,623.9,633.0,641.3,650.8,660.8,670.9,630.1,624.1,617.7,611.7,626.5,625.8,626.0,629.8,634.3,636.4,634.2,635.3,637.3,635.4,634.2,649.2,652.1,656.7,663.4,657.0,652.5,642.4,633.0,630.1,631.6,634.3,643.5,657.1,645.3,637.7,634.6,633.3,635.4,640.5,632.9,634.1,637.3,653.0,637.4,634.2,633.2,0.602,0.182,-0.285,0.055,270.736,184.261,-10.048,11.121,-12.79,18.674,5.046,0.963,-3.935,1.156,3.874,-2.022,0.348,1.059,0.147,-2.156,-0.867,-0.168,0.48,1.054,-1.273,-0.764,0.545,-0.524,-0.178,-0.48,0.069,0.028,0.061,0.058,-0.12,-0.008,-0.035,0.001,0.005,-0.005,0.3,0.21,0.0,1.35,0.0,0.0,0.09,0.0,0.0,0.0,0.0,0.0,0.0,0.0,0.0,0.0,0.0,0.0,1.0,0.0,1.0,0.0,0.0,0.0,0.0,0.0,0.0,0.0,0.0,0.0,0.0,0.0,0.0,1.0,0.0
PP133,g1,2510,0,0.925,0.211857,0.184129,-0.959798,0.065124,0.178047,-0.981865,0.142,0.184,248.9,250.3,253.5,256.6,257.8,256.6,253.2,250.1,244.4,246.5,249.5,253.0,256.5,259.0,260.7,258.6,255.7,252.4,249.3,246.5,251.9,253.3,254.7,255.3,254.8,253.4,252.0,251.4,286.2,287.2,289.9,292.8,294.1,293.1,290.4,287.2,283.1,285.1,287.7,291.0,293.8,295.7,296.8,295.7,293.9,291.4,288.5,285.4,288.8,290.0,291.2,291.6,291.1,289.8,288.6,288.2,158.7,155.5,154.3,155.7,159.0,162.4,163.4,162.0,160.1,158.3,157.2,156.7,157.4,159.0,161.2,162.3,162.6,162.6,162.3,161.5,160.3,160.9,160.4,159.0,157.6,156.9,157.5,158.9,159.3,156.1,154.8,156.1,159.2,162.3,163.6,162.6,161.4,159.3,157.8,157.1,157.7,158.9,160.7,162.1,162.8,163.1,162.9,162.5,160.7,161.2,160.7,159.3,157.9,157.4,158.0,159.3,-1.5,0.3,4.6,8.7,10.3,8.7,4.2,0.1,-7.4,-4.6,-0.7,3.9,8.4,11.8,14.1,11.3,7.4,3.2,-0.9,-4.6,2.5,4.3,6.1,7.0,6.3,4.5,2.6,1.8,49.0,50.5,54.4,58.5,60.3,58.8,54.9,50.5,44.9,47.5,51.1,55.7,59.8,62.9,64.7,62.8,59.9,56.3,52.1,48.0,52.7,54.5,56.2,56.9,56.1,54.3,52.6,51.9,-37.7,-41.9,-43.6,-41.7,-37.4,-32.8,-31.5,-33.4,-36.1,-38.3,-39.6,-40.2,-39.3,-37.3,-34.5,-33.1,-32.6,-32.4,-32.9,-34.1,-35.6,-34.8,-35.5,-37.4,-39.3,-40.1,-39.4,-37.5,-38.3,-42.6,-44.5,-42.9,-38.7,-34.4,-32.5,-33.8,-35.4,-38.2,-40.3,-41.3,-40.7,-39.4,-37.1,-34.9,-33.7,-33.2,-33.3,-33.9,-36.5,-35.8,-36.6,-38.5,-40.4,-41.1,-40.2,-38.3,511.1,511.8,512.1,511.9,511.4,511.0,510.4,510.6,515.0,512.6,510.4,509.5,510.2,511.6,513.3,511.5,509.8,509.3,510.3,512.5,511.8,511.7,511.8,512.1,512.4,512.4,512.3,512.0,529.6,530.7,532.5,533.9,534.1,533.0,531.2,529.9,529.8,529.2,529.2,530.3,533.1,536.7,540.0,536.7,533.3,530.7,529.4,529.4,531.7,532.3,533.1,533.6,533.5,532.9,532.1,531.6,33.9,-4.2,641.0,0.196,-0.212,0.048,222.8,222.8,224.0,226.5,231.3,238.5,247.4,257.8,268.4,277.1,283.2,288.9,294.0,298.0,300.8,302.8,303.6,235.2,242.1,250.9,259.8,267.6,282.8,289.2,295.3,301.1,304.1,275.2,276.2,277.3,278.3,266.1,270.6,275.1,279.1,282.4,244.3,249.8,256.0,260.9,255.6,249.4,283.1,288.1,293.5,296.9,293.8,288.4,255.1,263.1,270.1,273.7,277.4,281.8,284.6,281.1,276.4,272.3,268.2,261.7,258.1,269.4,273.2,276.9,282.5,276.4,272.6,268.7,159.7,172.0,184.1,195.7,206.8,216.3,224.3,230.1,231.6,229.4,222.7,214.2,204.9,194.6,184.0,173.1,161.9,151.6,146.7,145.5,146.9,150.0,150.0,147.2,146.1,147.3,151.8,159.3,167.0,174.6,182.6,188.0,189.5,190.8,189.7,188.1,160.1,157.1,157.3,161.3,162.5,162.5,161.5,157.6,157.7,160.6,162.9,162.9,204.5,201.3,199.6,200.8,199.8,201.7,204.7,211.2,213.8,214.3,213.8,211.0,204.7,203.5,203.9,203.6,205.1,207.6,208.2,207.7,-46.1,-46.5,-44.6,-40.6,-32.3,-19.7,-4.4,13.2,31.2,46.5,58.2,69.3,78.9,85.9,90.7,94.2,95.5,-23.9,-12.7,1.5,15.6,27.9,52.8,63.9,75.1,85.8,92.3,40.4,41.6,42.9,44.1,25.8,32.9,40.0,46.6,52.3,-9.2,-0.3,9.7,17.6,9.1,-0.9,54.6,63.1,72.7,79.2,73.2,63.8,8.4,21.1,32.3,38.2,44.3,52.1,58.0,51.3,43.1,36.3,29.5,19.1,13.3,31.3,37.5,43.7,54.1,43.0,36.7,30.3,-47.1,-26.5,-5.9,14.2,33.2,49.5,62.8,72.0,74.6,71.9,61.6,47.6,31.1,12.8,-6.2,-25.7,-45.6,-58.0,-65.4,-67.1,-64.5,-59.5,-60.4,-65.9,-68.6,-67.6,-60.9,-45.2,-32.6,-20.2,-7.7,0.8,3.2,5.3,3.5,1.0,-44.4,-49.1,-48.8,-42.4,-40.3,-40.4,-42.9,-49.7,-49.8,-45.3,-41.1,-40.8,27.8,22.3,19.5,21.4,19.8,23.3,28.7,39.1,42.9,43.5,42.7,38.2,28.1,25.9,26.5,26.1,29.2,32.8,33.6,32.7,662.4,666.3,670.8,673.5,673.1,671.1,666.5,660.3,661.0,670.6,684.8,695.8,700.0,699.1,697.5,696.6,696.7,631.1,626.3,623.0,620.4,619.9,629.3,637.6,647.0,656.8,666.6,626.1,620.3,614.2,608.5,623.1,622.6,622.8,626.5,630.8,632.2,630.0,631.3,633.2,631.5,630.3,645.1,647.9,652.4,659.1,652.8,648.4,640.5,630.2,626.7,628.2,630.9,640.5,654.4,644.5,637.6,634.6,633.1,634.5,638.9,630.0,631.1,634.2,650.8,636.8,633.7,632.5,0.605,0.201,-0.277,0.061,270.583,184.746,-20.831,14.306,-7.171,22.373,5.727,-4.906,-1.419,1.681,5.177,-2.428,0.986,0.275,0.778,-2.61,-0.98,-0.075,1.284,1.28,-1.629,-0.456,0.496,-0.434,-0.028,-0.375,0.035,0.205,0.2,0.049,-0.101,0.008,-0.049,0.008,0.006,0.005,0.67,0.34,0.0,1.15,0.0,0.0,0.0,0.0,0.0,0.0,0.0,0.0,0.0,0.0,0.12,0.0,0.0,1.0,1.0,0.0,1.0,0.0,0.0,0.0,0.0,0.0,0.0,0.0,0.0,0.0,0.0,1.0,1.0,1.0,0.0
PP133,g1,2516,0,0.975,0.216463,0.18968,-0.957687,0.065736,0.182394,-0.981026,0.145,0.19,249.1,250.6,253.8,256.9,258.1,256.9,253.4,250.3,244.6,246.8,249.8,253.3,256.7,259.3,260.9,258.8,255.9,252.7,249.5,246.7,252.1,253.5,254.9,255.6,255.0,253.7,252.3,251.6,286.4,287.4,290.2,293.0,294.3,293.3,290.6,287.5,283.3,285.3,288.0,291.3,294.1,296.0,297.0,295.9,294.1,291.6,288.7,285.6,289.0,290.2,291.4,291.9,291.3,290.1,288.9,288.4,158.3,155.2,154.0,155.4,158.7,162.2,163.1,161.6,159.7,157.9,156.8,156.4,157.2,158.8,161.0,162.0,162.3,162.3,162.0,161.2,160.0,160.6,160.1,158.7,157.3,156.6,157.2,158.6,159.1,156.0,154.8,156.0,159.1,162.2,163.5,162.5,161.3,159.2,157.7,157.0,157.6,158.8,160.6,162.0,162.7,163.0,162.8,162.4,160.6,161.1,160.6,159.2,157.9,157.3,157.9,159.2,-1.2,0.7,5.0,9.1,10.6,9.0,4.5,0.4,-7.1,-4.2,-0.3,4.3,8.8,12.1,14.4,11.6,7.7,3.5,-0.6,-4.4,2.8,4.6,6.4,7.3,6.6,4.8,2.9,2.1,49.5,50.9,54.8,58.9,60.7,59.2,55.3,50.9,45.3,47.9,51.6,56.1,60.3,63.3,65.1,63.2,60.3,56.7,52.5,48.4,53.2,54.9,56.6,57.3,56.5,54.7,53.0,52.4,-38.1,-42.3,-43.9,-42.0,-37.7,-33.1,-31.8,-33.8,-36.6,-38.7,-40.0,-40.6,-39.6,-37.6,-34.8,-33.4,-32.9,-32.8,-33.3,-34.5,-36.0,-35.2,-35.9,-37.7,-39.6,-40.4,-39.7,-37.9,-38.5,-42.8,-44.7,-43.1,-38.9,-34.6,-32.7,-34.0,-35.6,-38.4,-40.5,-41.5,-40.9,-39.5,-37.2,-35.1,-33.9,-33.4,-33.5,-34.1,-36.7,-36.0,-36.8,-38.7,-40.6,-41.3,-40.4,-38.5,510.5,511.2,511.6,511.5,510.9,510.5,509.9,510.0,514.4,512.0,509.9,508.9,509.7,511.2,512.9,511.1,509.3,508.8,509.8,511.9,511.2,511.2,511.3,511.6,511.9,511.9,511.7,511.5,530.5,531.5,533.3,534.8,535.0,533.9,532.1,530.8,530.7,530.1,530.0,531.2,534.0,537.6,540.9,537.6,534.2,531.6,530.3,530.3,532.6,533.2,534.0,534.5,534.4,533.7,533.0,532.5,34.0,-4.8,642.3,0.204,-0.215,0.058,222.8,222.7,223.9,226.2,230.9,238.2,247.0,257.4,267.9,276.5,282.7,288.5,293.8,297.9,300.8,302.9,303.7,235.5,242.5,251.4,260.3,268.0,283.1,289.5,295.6,301.4,304.4,275.5,276.4,277.4,278.4,266.2,270.7,275.1,279.1,282.5,244.5,250.1,256.3,261.1,255.9,249.6,283.3,288.3,293.8,297.2,294.0,288.6,255.0,263.0,270.0,273.6,277.3,281.6,284.3,280.8,276.1,272.0,267.9,261.5,258.0,269.3,273.1,276.8,282.2,276.2,272.4,268.5,159.0,171.3,183.4,195.0,206.1,215.6,223.5,229.3,230.9,228.8,222.1,213.8,204.5,194.4,183.8,172.8,161.7,151.1,146.3,145.2,146.7,149.9,149.9,147.1,146.0,147.2,151.7,159.1,166.8,174.5,182.4,187.6,189.2,190.5,189.4,187.9,159.7,156.7,157.0,161.1,162.3,162.1,161.4,157.5,157.6,160.6,162.9,162.8,203.9,200.8,199.2,200.4,199.4,201.4,204.3,210.7,213.3,213.7,213.2,210.4,204.2,203.1,203.5,203.2,204.7,207.2,207.7,207.2,-46.2,-46.6,-44.9,-41.0,-32.9,-20.3,-5.1,12.5,30.4,45.6,57.5,68.8,78.6,85.9,90.9,94.6,96.1,-23.5,-12.1,2.2,16.3,28.7,53.4,64.6,75.7,86.5,93.1,41.0,42.0,43.2,44.4,25.9,33.0,40.1,46.8,52.5,-8.9,0.1,10.2,18.0,9.5,-0.6,55.1,63.7,73.2,79.7,73.7,64.2,8.2,20.9,32.2,38.1,44.3,51.9,57.7,50.9,42.7,35.9,29.1,18.7,13.1,31.2,37.3,43.5,53.8,42.8,36.4,30.0,-48.4,-27.7,-7.1,13.0,32.0,48.3,61.5,70.9,73.6,70.9,60.8,47.0,30.6,12.4,-6.6,-26.2,-46.2,-58.8,-66.2,-67.6,-65.0,-59.8,-60.7,-66.1,-68.9,-67.9,-61.2,-45.5,-32.9,-20.5,-8.0,0.2,2.7,4.8,3.1,0.7,-45.1,-49.7,-49.3,-42.9,-40.8,-41.0,-43.2,-49.9,-50.1,-45.6,-41.3,-41.0,27.0,21.5,18.8,20.8,19.2,22.8,28.3,38.4,42.2,42.7,41.8,37.2,27.3,25.2,25.9,25.5,28.7,32.1,32.8,31.9,663.1,666.9,671.4,674.2,673.9,672.1,667.7,661.6,662.4,671.8,686.0,697.0,701.4,700.7,699.3,698.6,698.8,631.7,627.0,623.7,621.3,620.8,630.3,638.6,648.0,658.0,667.9,627.2,621.6,615.6,610.0,624.4,623.9,624.2,627.8,632.0,632.9,630.7,632.1,634.0,632.3,631.0,646.2,649.0,653.6,660.4,654.0,649.5,641.6,631.5,628.0,629.6,632.3,641.9,655.7,645.9,639.0,636.0,634.5,635.8,640.0,631.3,632.4,635.6,652.2,638.1,635.0,633.9,0.604,0.208,-0.281,0.071,270.574,184.374,-20.242,13.678,-7.266,20.885,6.705,-5.072,-1.149,1.082,4.91,-2.362,1.104,0.765,0.744,-2.043,-0.962,-0.039,1.25,1.22,-1.868,-0.378,0.311,-0.374,0.117,-0.409,0.078,0.112,0.236,0.063,-0.076,0.011,-0.024,0.014,0.004,-0.003,0.67,0.38,0.0,0.98,0.0,0.0,0.0,0.0,0.0,0.0,0.0,0.0,0.0,0.0,0.38,0.0,0.0,1.0,1.0,0.0,1.0,0.0,0.0,0.0,0.0,0.0,0.0,0.0,0.0,0.0,0.0,1.0,1.0,1.0,0.0
PP133,g1,2522,0,0.975,0.217482,0.18253,-0.958845,0.06366,0.175018,-0.982505,0.144,0.182,249.1,250.5,253.7,256.9,258.1,256.9,253.5,250.3,244.6,246.8,249.7,253.3,256.7,259.2,260.9,258.8,255.9,252.7,249.5,246.7,252.1,253.5,254.9,255.5,255.0,253.6,252.2,251.6,286.4,287.4,290.2,293.0,294.4,293.4,290.6,287.5,283.3,285.3,288.0,291.3,294.1,296.0,297.1,296.0,294.1,291.7,288.7,285.7,289.0,290.3,291.5,291.9,291.3,290.1,288.9,288.4,157.8,154.7,153.4,154.9,158.1,161.6,162.6,161.1,159.2,157.5,156.3,155.9,156.6,158.2,160.4,161.4,161.7,161.8,161.4,160.7,159.5,160.1,159.5,158.2,156.7,156.1,156.6,158.0,158.5,155.4,154.1,155.4,158.4,161.5,162.8,161.8,160.6,158.5,157.0,156.4,156.9,158.1,159.9,161.3,162.0,162.3,162.1,161.7,159.9,160.5,159.9,158.5,157.2,156.6,157.2,158.6,-1.2,0.7,4.9,9.0,10.6,9.0,4.5,0.4,-7.1,-4.3,-0.3,4.3,8.8,12.1,14.4,11.6,7.7,3.5,-0.6,-4.3,2.8,4.6,6.5,7.3,6.6,4.8,2.9,2.1,49.6,51.0,55.0,59.0,60.9,59.4,55.4,51.0,45.4,48.0,51.7,56.2,60.4,63.4,65.3,63.4,60.5,56.8,52.6,48.5,53.3,55.1,56.8,57.4,56.6,54.9,53.1,52.5,-38.9,-43.1,-44.8,-42.8,-38.5,-34.0,-32.7,-34.5,-37.3,-39.5,-40.8,-41.3,-40.4,-38.4,-35.7,-34.2,-33.7,-33.6,-34.1,-35.3,-36.8,-36.0,-36.7,-38.5,-40.4,-41.3,-40.5,-38.7,-39.5,-43.8,-45.7,-44.1,-39.9,-35.6,-33.7,-35.0,-36.6,-39.4,-41.4,-42.4,-41.9,-40.5,-38.2,-36.1,-34.9,-34.4,-34.6,-35.1,-37.7,-37.0,-37.8,-39.7,-41.5,-42.3,-41.4,-39.5,511.9,512.5,512.9,512.9,512.4,512.0,511.4,511.4,515.8,513.4,511.2,510.3,511.1,512.6,514.3,512.5,510.8,510.3,511.2,513.3,512.6,512.6,512.8,513.1,513.3,513.3,513.1,512.9,531.6,532.7,534.4,535.8,536.0,534.9,533.1,531.9,531.8,531.2,531.1,532.3,535.1,538.6,541.9,538.6,535.2,532.6,531.4,531.3,533.6,534.3,535.0,535.5,535.4,534.8,534.0,533.6,34.6,-6.5,646.4,0.187,-0.211,0.048,222.9,222.9,224.1,226.4,231.2,238.6,247.7,258.1,268.7,277.3,283.5,289.3,294.4,298.4,301.1,303.1,303.8,235.4,242.4,251.3,260.1,267.9,283.0,289.4,295.5,301.3,304.5,275.5,276.4,277.4,278.4,266.3,270.8,275.3,279.2,282.6,244.5,250.1,256.3,261.1,255.9,249.7,283.3,288.3,293.8,297.2,294.1,288.7,255.2,263.3,270.2,273.9,277.7,281.9,284.9,281.4,276.8,272.7,268.5,262.1,258.2,269.5,273.4,277.2,282.8,276.9,273.0,269.0,158.7,170.9,183.0,194.6,205.4,214.8,222.4,227.9,229.3,227.2,220.7,212.6,203.4,193.3,182.8,172.0,161.0,150.6,145.8,144.7,146.1,149.2,149.1,146.4,145.4,146.5,151.0,158.4,166.0,173.6,181.5,186.9,188.4,189.7,188.6,187.1,159.2,156.3,156.5,160.5,161.7,161.6,160.7,156.8,156.9,159.9,162.1,162.1,202.8,199.9,198.3,199.5,198.5,200.4,203.1,208.7,211.0,211.4,211.0,208.5,203.1,202.3,202.7,202.3,203.5,204.9,205.4,205.0,-46.5,-46.7,-44.9,-41.0,-32.6,-19.7,-4.0,13.8,31.8,47.2,59.1,70.5,80.3,87.4,92.2,95.6,97.0,-23.9,-12.3,2.1,16.2,28.7,53.7,65.0,76.1,87.0,93.9,41.2,42.3,43.6,44.8,26.2,33.4,40.7,47.4,53.1,-9.0,0.1,10.2,18.1,9.6,-0.6,55.5,64.2,73.8,80.4,74.3,64.8,8.6,21.6,32.7,38.7,45.1,52.8,59.0,52.1,44.0,37.1,30.2,19.8,13.5,31.7,38.1,44.5,55.1,44.1,37.5,31.0,-49.3,-28.6,-7.8,12.3,31.2,47.2,60.0,68.8,71.1,68.5,58.6,45.0,28.8,10.5,-8.4,-27.9,-47.8,-60.2,-67.5,-69.0,-66.5,-61.5,-62.4,-67.7,-70.5,-69.6,-62.9,-47.2,-34.5,-22.0,-9.5,-1.0,1.4,3.5,1.8,-0.7,-46.3,-50.9,-50.6,-44.2,-42.1,-42.1,-44.7,-51.4,-51.5,-47.0,-42.8,-42.5,25.3,20.2,17.5,19.5,17.9,21.3,26.3,35.2,38.5,39.1,38.3,34.3,25.7,24.0,24.8,24.3,26.8,28.6,29.3,28.5,669.3,672.8,677.0,679.4,678.8,676.3,671.1,664.3,664.9,674.8,689.7,701.4,706.2,705.7,704.4,703.8,704.2,637.5,632.7,629.5,626.9,626.2,635.5,643.8,653.2,663.0,672.8,632.4,626.7,620.5,614.7,629.1,628.5,628.7,632.4,636.6,638.3,636.0,637.3,639.1,637.3,636.1,651.4,654.2,658.7,665.4,659.0,654.6,645.3,635.6,632.3,633.8,636.6,646.0,659.7,648.8,641.3,638.2,636.8,638.7,643.6,635.4,636.5,639.8,655.9,640.8,637.5,636.5,0.6,0.189,-0.277,0.061,270.813,183.405,-15.264,13.724,-10.151,17.511,6.081,-2.192,-3.584,0.554,3.393,-2.087,0.983,1.238,0.558,-1.46,-1.036,0.126,0.702,1.19,-1.385,-1.077,0.412,-0.546,0.095,-0.406,-0.046,-0.137,0.179,0.054,-0.1,0.003,0.003,0.014,-0.007,-0.014,0.34,0.07,0.0,0.7,0.0,0.0,0.1,0.0,0.0,0.11,0.0,0.0,0.0,0.0,0.04,0.22,0.0,0.0,1.0,0.0,1.0,0.0,0.0,0.0,0.0,0.0,0.0,0.0,0.0,0.0,0.0,1.0,1.0,1.0,0.0
PP133,g1,2528,0,0.975,0.225876,0.171873,-0.958874,0.071662,0.164634,-0.983748,0.152,0.172,249.5,250.9,254.1,257.3,258.5,257.3,253.9,250.8,245.1,247.2,250.2,253.7,257.1,259.7,261.3,259.3,256.4,253.2,250.0,247.1,252.6,253.9,255.3,256.0,255.4,254.0,252.6,252.0,286.7,287.7,290.4,293.3,294.6,293.7,291.0,287.8,283.7,285.7,288.3,291.6,294.4,296.3,297.3,296.3,294.4,292.0,289.1,286.0,289.3,290.6,291.8,292.2,291.6,290.3,289.2,288.7,157.3,154.1,152.9,154.3,157.5,161.0,162.0,160.6,158.7,156.9,155.8,155.3,156.0,157.6,159.7,160.8,161.1,161.2,160.9,160.1,158.9,159.5,159.0,157.6,156.1,155.5,156.1,157.5,157.8,154.7,153.4,154.6,157.7,160.8,162.1,161.1,159.9,157.8,156.3,155.6,156.2,157.3,159.2,160.5,161.2,161.5,161.3,161.0,159.2,159.7,159.1,157.8,156.4,155.9,156.5,157.8,-0.6,1.2,5.4,9.5,11.2,9.6,5.1,1.0,-6.5,-3.7,0.2,4.8,9.3,12.7,14.9,12.2,8.4,4.1,-0.0,-3.8,3.4,5.2,7.0,7.8,7.1,5.3,3.5,2.7,50.2,51.6,55.5,59.6,61.5,60.0,56.1,51.7,46.1,48.7,52.3,56.9,61.0,64.0,65.9,64.0,61.1,57.5,53.3,49.2,53.9,55.7,57.4,58.1,57.2,55.5,53.7,53.1,-39.6,-43.8,-45.5,-43.7,-39.3,-34.8,-33.4,-35.3,-38.0,-40.2,-41.5,-42.1,-41.2,-39.3,-36.6,-35.0,-34.5,-34.3,-34.8,-36.0,-37.6,-36.7,-37.5,-39.3,-41.2,-42.0,-41.3,-39.4,-40.6,-44.9,-46.9,-45.3,-41.1,-36.8,-34.9,-36.1,-37.7,-40.6,-42.6,-43.6,-43.1,-41.7,-39.4,-37.3,-36.1,-35.6,-35.7,-36.2,-38.9,-38.2,-39.0,-40.9,-42.7,-43.4,-42.6,-40.7,512.2,512.9,513.3,513.2,512.8,512.4,511.7,511.7,516.0,513.6,511.5,510.7,511.5,513.0,514.7,512.9,511.2,510.6,511.5,513.5,513.0,512.9,513.1,513.4,513.6,513.6,513.5,513.2,533.6,534.7,536.5,537.9,538.1,536.9,535.1,533.8,533.8,533.2,533.2,534.4,537.2,540.7,544.0,540.7,537.2,534.6,533.3,533.3,535.7,536.3,537.1,537.6,537.5,536.9,536.1,535.6,35.6,-7.8,646.9,0.17,-0.224,0.042,223.2,223.2,224.4,226.8,231.6,239.0,248.2,258.9,269.5,278.1,284.1,289.7,294.8,298.7,301.3,303.2,303.8,235.8,242.8,251.7,260.5,268.4,283.3,289.6,295.7,301.4,304.7,275.8,276.9,278.1,279.3,267.0,271.6,276.1,280.0,283.4,244.9,250.5,256.7,261.5,256.3,250.1,283.7,288.6,294.0,297.5,294.4,289.0,256.1,264.4,271.2,274.8,278.6,282.8,285.8,282.4,278.0,274.0,269.8,263.4,259.2,270.5,274.4,278.1,283.8,278.0,274.2,270.2,158.7,170.8,182.7,194.2,204.9,214.1,221.6,227.0,228.4,226.4,220.1,212.2,203.1,192.9,182.4,171.5,160.4,150.1,145.4,144.2,145.5,148.5,148.4,145.7,144.6,145.8,150.3,157.6,165.2,172.7,180.5,186.1,187.6,188.9,187.7,186.3,158.7,155.7,155.9,159.8,161.1,161.1,160.0,156.1,156.2,159.1,161.4,161.4,202.1,199.2,197.6,198.8,197.7,199.5,202.1,207.4,209.5,209.9,209.6,207.3,202.3,201.5,201.9,201.5,202.5,203.6,204.1,203.6,-46.0,-46.1,-44.3,-40.3,-32.0,-19.0,-3.1,15.1,33.2,48.4,60.2,71.4,81.1,88.2,92.9,96.3,97.5,-23.2,-11.6,2.8,16.9,29.5,54.2,65.4,76.6,87.5,94.5,41.9,43.2,44.7,46.1,27.4,34.7,42.0,48.7,54.4,-8.3,0.8,10.9,18.9,10.4,0.2,56.3,64.8,74.4,81.0,75.0,65.6,10.0,23.4,34.3,40.3,46.7,54.3,60.5,53.8,46.0,39.1,32.3,21.8,15.1,33.4,39.7,46.1,56.7,45.8,39.4,32.9,-49.3,-28.8,-8.3,11.6,30.2,46.0,58.5,67.1,69.5,67.1,57.6,44.4,28.3,9.9,-9.3,-29.0,-49.0,-61.1,-68.4,-70.0,-67.6,-62.7,-63.7,-69.1,-71.9,-71.0,-64.2,-48.5,-35.8,-23.5,-11.0,-2.2,0.2,2.2,0.4,-2.0,-47.2,-51.9,-51.6,-45.3,-43.1,-43.1,-46.0,-52.8,-53.0,-48.5,-44.2,-43.9,24.1,19.1,16.4,18.3,16.6,19.9,24.7,33.0,36.1,36.6,35.9,32.4,24.4,22.8,23.5,23.0,25.2,26.3,27.0,26.3,669.6,672.5,676.3,678.5,677.9,675.4,670.1,663.2,664.0,674.2,689.7,702.3,707.9,708.1,707.2,706.7,707.2,638.4,633.8,630.7,628.3,627.7,637.0,645.4,655.0,664.9,674.7,633.7,627.7,621.3,615.4,629.4,628.9,629.2,633.0,637.4,639.2,637.0,638.4,640.3,638.3,637.0,652.8,655.8,660.4,667.1,660.6,656.0,644.9,635.5,632.5,634.0,636.8,646.4,660.2,648.5,640.6,637.3,635.9,638.0,643.2,635.4,636.5,639.9,656.2,640.2,636.9,635.8,0.599,0.171,-0.294,0.054,271.431,182.655,-11.434,11.285,-11.176,16.192,5.109,-0.89,-3.781,1.02,3.07,-1.788,0.73,1.554,0.083,-1.786,-1.113,0.002,0.489,0.823,-0.966,-1.057,0.474,-0.505,-0.072,-0.343,0.064,-0.118,0.123,0.059,-0.112,-0.005,0.0,0.006,-0.005,-0.01,0.01,0.25,0.0,0.55,0.0,0.0,0.29,0.0,0.0,0.0,0.0,0.0,0.0,0.0,0.0,0.18,0.0,0.0,1.0,0.0,0.0,0.0,0.0,0.0,0.0,0.0,0.0,0.0,0.0,0.0,0.0,1.0,1.0,1.0,0.0
PP133,g1,2534,0,0.925,0.216521,0.184226,-0.958738,0.061397,0.17595,-0.982483,0.142,0.183,249.6,251.1,254.3,257.3,258.5,257.3,253.9,250.8,245.2,247.3,250.3,253.8,257.2,259.7,261.3,259.2,256.4,253.2,250.0,247.2,252.6,254.0,255.4,256.0,255.5,254.1,252.7,252.1,286.7,287.6,290.4,293.2,294.5,293.5,290.8,287.7,283.6,285.6,288.2,291.5,294.3,296.2,297.2,296.1,294.3,291.9,288.9,285.9,289.2,290.5,291.7,292.1,291.5,290.3,289.1,288.7,156.5,153.3,152.2,153.6,156.9,160.3,161.2,159.7,157.9,156.1,155.0,154.5,155.3,156.9,159.1,160.1,160.3,160.4,160.0,159.3,158.1,158.8,158.2,156.9,155.5,154.8,155.3,156.7,157.4,154.3,153.1,154.3,157.4,160.4,161.7,160.7,159.5,157.4,155.9,155.3,155.9,157.1,158.9,160.2,160.9,161.1,161.0,160.6,158.8,159.4,158.8,157.5,156.1,155.6,156.1,157.5,-0.5,1.4,5.6,9.7,11.3,9.7,5.2,1.1,-6.4,-3.6,0.4,5.0,9.5,12.8,15.0,12.2,8.4,4.2,0.0,-3.7,3.5,5.3,7.1,7.9,7.3,5.5,3.6,2.8,50.3,51.8,55.7,59.8,61.6,60.1,56.2,51.8,46.1,48.8,52.4,57.0,61.1,64.2,66.0,64.1,61.2,57.5,53.4,49.2,54.0,55.8,57.5,58.2,57.4,55.6,53.9,53.2,-41.0,-45.2,-46.8,-44.9,-40.6,-36.0,-34.8,-36.7,-39.4,-41.6,-43.0,-43.5,-42.5,-40.5,-37.7,-36.3,-35.8,-35.7,-36.3,-37.4,-38.9,-38.1,-38.8,-40.6,-42.5,-43.4,-42.6,-40.8,-41.3,-45.6,-47.5,-45.9,-41.7,-37.4,-35.5,-36.8,-38.4,-41.2,-43.3,-44.3,-43.7,-42.3,-39.9,-37.9,-36.7,-36.2,-36.4,-36.9,-39.5,-38.8,-39.6,-41.5,-43.3,-44.0,-43.2,-41.3,516.7,517.4,517.8,517.7,517.1,516.6,515.9,516.0,520.4,518.1,516.0,515.1,515.9,517.4,519.0,517.2,515.4,514.9,515.8,517.9,517.3,517.3,517.5,517.8,518.1,518.1,517.9,517.6,535.8,537.0,538.8,540.2,540.3,539.1,537.3,536.1,536.0,535.4,535.4,536.6,539.4,542.9,546.2,542.8,539.4,536.8,535.6,535.5,537.9,538.5,539.3,539.8,539.7,539.1,538.3,537.8,34.8,-8.2,646.9,0.196,-0.211,0.055,223.1,223.0,224.2,226.6,231.5,239.0,247.9,258.2,268.6,277.2,283.4,289.2,294.5,298.6,301.4,303.3,303.9,236.2,243.2,251.9,260.7,268.3,283.5,289.8,295.8,301.4,304.5,275.9,276.8,277.8,278.7,266.5,271.0,275.5,279.5,282.8,245.0,250.6,256.7,261.5,256.3,250.2,283.6,288.5,293.9,297.4,294.2,288.9,254.7,262.9,270.2,273.9,277.7,282.2,284.9,281.2,276.4,272.2,268.0,261.3,257.7,269.5,273.4,277.2,282.8,276.5,272.6,268.6,157.5,169.8,182.0,193.7,204.7,214.1,221.8,227.4,228.8,226.6,220.0,211.9,202.7,192.6,182.2,171.4,160.4,149.1,144.3,143.1,144.5,147.6,147.7,145.1,144.1,145.4,149.9,157.1,164.6,172.0,179.7,185.2,186.7,188.0,186.9,185.5,157.8,154.9,155.2,159.2,160.3,160.2,159.6,155.7,155.9,158.9,161.0,161.0,201.2,197.9,196.3,197.5,196.6,198.6,201.7,208.6,211.4,211.8,211.3,208.2,201.4,200.2,200.6,200.3,202.1,205.3,205.8,205.3,-46.1,-46.4,-44.7,-40.6,-32.1,-19.1,-3.7,13.9,31.7,47.0,58.9,70.3,80.2,87.5,92.4,95.8,97.1,-22.5,-11.0,3.1,17.1,29.4,54.6,65.6,76.7,87.4,93.9,42.0,43.0,44.1,45.3,26.6,33.8,41.0,47.7,53.5,-8.1,1.0,11.0,18.8,10.3,0.3,56.0,64.6,74.1,80.7,74.6,65.2,7.9,21.0,32.7,38.9,45.2,53.3,59.1,52.0,43.5,36.4,29.4,18.5,12.7,31.8,38.1,44.5,55.2,43.6,37.0,30.4,-51.4,-30.5,-9.5,10.8,29.8,46.0,58.9,67.9,70.4,67.7,57.4,43.7,27.4,9.3,-9.5,-29.0,-48.8,-62.6,-69.9,-71.5,-69.0,-63.9,-64.7,-70.0,-72.6,-71.5,-64.7,-49.2,-36.7,-24.6,-12.2,-3.8,-1.3,0.8,-0.9,-3.3,-48.4,-53.0,-52.7,-46.3,-44.3,-44.5,-46.5,-53.2,-53.4,-48.8,-44.6,-44.4,22.7,17.0,14.3,16.3,14.8,18.3,24.0,35.1,39.3,39.9,39.0,33.9,23.0,20.7,21.4,21.0,24.5,29.3,30.1,29.2,668.6,672.2,676.2,678.6,678.0,675.9,671.5,665.3,666.3,675.7,689.6,700.2,704.1,703.4,702.3,702.5,703.4,636.4,632.3,629.3,626.9,626.3,636.0,644.4,653.8,663.6,673.1,632.5,626.8,620.8,615.2,629.0,628.5,628.8,632.4,636.6,637.8,635.8,637.2,639.0,637.1,635.8,651.3,654.3,658.8,665.4,659.0,654.5,646.6,636.3,632.5,634.0,636.9,646.8,661.0,651.3,644.0,640.8,639.2,640.8,645.3,635.6,636.7,640.0,657.7,643.4,640.1,638.9,0.599,0.194,-0.277,0.067,270.942,182.298,-24.558,15.99,-3.137,18.194,7.852,-6.561,-0.931,1.003,3.915,-1.928,1.156,0.725,0.697,-2.139,-1.313,0.173,1.313,1.434,-2.043,-0.366,0.3,-0.087,0.051,-0.258,-0.005,0.049,0.285,0.045,-0.071,0.022,-0.019,0.021,-0.001,-0.007,0.33,0.22,0.0,0.81,0.0,0.0,0.02,0.02,0.0,0.0,0.0,0.0,0.0,0.0,0.62,0.0,0.0,1.0,1.0,0.0,0.0,0.0,0.0,0.0,0.0,0.0,0.0,0.0,0.0,0.0,0.0,1.0,1.0,1.0,0.0
PP133,g1,2540,0,0.975,0.222709,0.175248,-0.959004,0.066593,0.16846,-0.983456,0.148,0.175,249.3,250.7,253.9,257.0,258.2,257.0,253.6,250.5,244.8,247.0,249.9,253.5,256.9,259.4,261.0,259.0,256.1,252.9,249.7,246.9,252.3,253.7,255.1,255.7,255.1,253.8,252.4,251.8,286.3,287.3,290.0,292.9,294.2,293.2,290.5,287.4,283.3,285.3,287.9,291.1,293.9,295.8,296.9,295.8,294.0,291.5,288.6,285.6,288.9,290.2,291.3,291.8,291.2,289.9,288.8,288.3,156.9,153.7,152.5,154.0,157.2,160.6,161.6,160.1,158.3,156.6,155.4,154.9,155.7,157.3,159.4,160.4,160.7,160.8,160.5,159.7,158.5,159.1,158.6,157.2,155.8,155.2,155.7,157.1,157.6,154.6,153.3,154.5,157.6,160.6,161.9,160.9,159.7,157.7,156.2,155.5,156.1,157.3,159.1,160.4,161.1,161.3,161.2,160.8,159.0,159.6,159.0,157.7,156.4,155.8,156.4,157.7,-0.9,0.9,5.2,9.3,10.9,9.3,4.8,0.7,-6.9,-4.0,-0.1,4.5,9.0,12.4,14.6,11.8,8.0,3.8,-0.4,-4.1,3.1,4.9,6.7,7.5,6.8,5.0,3.2,2.4,50.1,51.5,55.4,59.5,61.4,59.9,56.0,51.6,45.9,48.5,52.2,56.7,60.9,63.9,65.8,63.9,61.0,57.3,53.2,49.0,53.8,55.6,57.3,57.9,57.1,55.3,53.6,53.0,-40.4,-44.6,-46.3,-44.4,-40.0,-35.5,-34.2,-36.1,-38.8,-41.0,-42.3,-42.9,-41.9,-40.0,-37.2,-35.8,-35.3,-35.2,-35.7,-36.8,-38.3,-37.5,-38.2,-40.1,-42.0,-42.8,-42.1,-40.2,-41.2,-45.5,-47.4,-45.8,-41.6,-37.2,-35.4,-36.7,-38.2,-41.1,-43.1,-44.1,-43.6,-42.2,-39.9,-37.8,-36.6,-36.1,-36.2,-36.8,-39.4,-38.6,-39.5,-41.4,-43.2,-43.9,-43.1,-41.2,515.8,516.5,517.0,516.9,516.3,515.9,515.2,515.3,519.6,517.2,515.2,514.3,515.1,516.6,518.3,516.4,514.7,514.1,515.0,517.1,516.5,516.5,516.7,517.0,517.2,517.3,517.1,516.8,538.0,539.2,541.0,542.4,542.5,541.3,539.5,538.3,538.2,537.7,537.6,538.8,541.6,545.1,548.4,545.0,541.6,539.0,537.8,537.8,540.1,540.7,541.5,542.0,541.9,541.3,540.6,540.0,34.9,-8.2,648.6,0.178,-0.219,0.047,222.8,222.8,224.1,226.6,231.4,238.9,248.0,258.5,268.9,277.4,283.4,289.1,294.3,298.3,301.0,302.9,303.5,235.7,242.7,251.5,260.3,268.1,283.0,289.3,295.4,301.1,304.2,275.6,276.5,277.6,278.7,266.6,271.1,275.5,279.5,282.8,244.7,250.3,256.4,261.2,256.0,249.9,283.3,288.2,293.6,297.0,293.9,288.6,255.3,263.5,270.6,274.2,278.0,282.3,285.1,281.6,277.0,272.9,268.7,262.2,258.3,269.9,273.7,277.4,283.0,277.0,273.1,269.2,158.2,170.4,182.4,193.9,204.7,213.9,221.5,227.0,228.4,226.3,220.0,212.0,202.9,192.9,182.3,171.5,160.5,149.8,144.9,143.7,145.0,148.1,148.2,145.4,144.5,145.8,150.4,157.4,164.8,172.2,179.8,185.3,186.8,188.1,187.0,185.5,158.3,155.3,155.6,159.5,160.7,160.6,159.8,156.0,156.1,159.1,161.2,161.2,201.3,198.1,196.4,197.6,196.6,198.6,201.6,207.9,210.5,210.9,210.5,207.7,201.5,200.3,200.7,200.4,201.9,204.5,205.0,204.5,-46.8,-46.9,-45.0,-40.8,-32.3,-19.2,-3.5,14.4,32.3,47.4,59.2,70.4,80.3,87.5,92.3,95.6,96.9,-23.5,-11.9,2.4,16.6,29.1,53.9,65.1,76.3,87.1,93.8,41.6,42.7,44.1,45.3,26.8,34.0,41.2,47.9,53.7,-8.7,0.4,10.5,18.4,9.9,-0.2,55.7,64.3,73.8,80.4,74.4,64.9,8.8,22.0,33.4,39.4,45.7,53.5,59.5,52.7,44.5,37.6,30.7,20.0,13.7,32.5,38.7,45.0,55.6,44.4,37.9,31.5,-50.3,-29.6,-8.9,11.2,29.9,45.8,58.5,67.4,69.9,67.3,57.5,44.1,28.0,9.7,-9.3,-29.0,-48.9,-61.8,-69.3,-70.9,-68.5,-63.4,-64.3,-69.7,-72.3,-71.2,-64.3,-48.9,-36.5,-24.5,-12.2,-3.5,-1.2,0.9,-0.9,-3.3,-47.9,-52.6,-52.3,-45.9,-43.9,-43.9,-46.3,-53.1,-53.2,-48.7,-44.5,-44.2,22.9,17.3,14.5,16.4,14.8,18.4,23.9,34.0,37.9,38.4,37.6,33.1,23.2,20.9,21.6,21.1,24.3,28.0,28.7,27.9,671.3,674.3,678.0,680.1,679.5,677.2,672.4,666.0,667.0,676.8,691.5,703.0,707.8,707.7,706.7,706.8,707.6,639.5,635.1,632.1,629.6,629.0,638.3,646.8,656.4,666.5,676.3,635.0,629.1,622.8,616.9,630.6,630.2,630.5,634.3,638.6,640.5,638.5,639.9,641.7,639.8,638.4,653.9,657.0,661.7,668.3,661.8,657.2,647.5,637.4,633.9,635.4,638.2,648.1,662.3,651.7,644.0,641.0,639.4,641.2,646.1,636.9,638.0,641.3,658.7,643.6,640.4,639.2,0.598,0.177,-0.287,0.059,270.924,182.37,-17.266,13.488,-5.309,17.1,6.751,-5.325,-1.531,1.316,3.765,-2.745,0.913,0.478,0.462,-2.193,-1.193,-0.066,1.102,0.974,-1.643,-0.273,0.414,-0.147,0.025,-0.387,0.092,0.162,0.214,0.035,-0.082,0.005,-0.022,0.006,-0.004,-0.006,0.26,0.11,0.0,0.79,0.0,0.0,0.02,0.0,0.0,0.0,0.0,0.0,0.0,0.0,0.45,0.0,0.0,0.0,1.0,0.0,0.0,0.0,0.0,0.0,0.0,0.0,0.0,0.0,0.0,0.0,0.0,1.0,1.0,1.0,0.0
PP133,g1,2546,0,0.975,0.22386,0.179674,-0.957916,0.065983,0.173501,-0.982621,0.148,0.18,249.1,250.5,253.8,256.9,258.1,256.9,253.5,250.4,244.7,246.8,249.8,253.3,256.7,259.2,260.9,258.8,255.9,252.7,249.6,246.7,252.2,253.5,254.9,255.5,255.0,253.6,252.2,251.6,286.3,287.2,289.9,292.8,294.1,293.2,290.5,287.3,283.2,285.2,287.8,291.1,293.9,295.8,296.8,295.8,293.9,291.5,288.5,285.5,288.8,290.1,291.3,291.7,291.1,289.9,288.7,288.3,157.4,154.2,153.0,154.4,157.7,161.1,162.1,160.6,158.8,157.0,155.9,155.4,156.2,157.8,159.9,160.9,161.2,161.3,160.9,160.2,159.0,159.6,159.1,157.7,156.3,155.6,156.2,157.6,158.0,154.9,153.6,154.9,157.9,161.0,162.3,161.3,160.1,158.0,156.5,155.8,156.4,157.6,159.4,160.7,161.4,161.7,161.6,161.2,159.4,159.9,159.4,158.0,156.7,156.1,156.7,158.1,-1.1,0.7,4.9,9.1,10.6,9.1,4.6,0.5,-7.1,-4.2,-0.3,4.3,8.8,12.2,14.4,11.6,7.8,3.6,-0.6,-4.3,2.8,4.6,6.5,7.3,6.6,4.8,3.0,2.1,49.8,51.2,55.1,59.2,61.1,59.6,55.7,51.3,45.6,48.3,51.9,56.4,60.6,63.7,65.5,63.7,60.7,57.1,52.9,48.8,53.5,55.3,57.0,57.7,56.9,55.1,53.4,52.7,-39.6,-43.8,-45.5,-43.6,-39.2,-34.7,-33.4,-35.3,-38.0,-40.2,-41.5,-42.1,-41.1,-39.2,-36.4,-35.0,-34.5,-34.3,-34.9,-36.0,-37.5,-36.7,-37.4,-39.3,-41.2,-42.0,-41.3,-39.4,-40.5,-44.8,-46.8,-45.2,-41.0,-36.7,-34.7,-36.0,-37.6,-40.4,-42.5,-43.5,-43.0,-41.6,-39.3,-37.2,-36.0,-35.5,-35.6,-36.1,-38.7,-38.0,-38.9,-40.8,-42.6,-43.3,-42.5,-40.6,513.5,514.2,514.6,514.5,514.0,513.6,512.9,512.9,517.2,514.9,512.8,511.9,512.7,514.3,516.0,514.1,512.4,511.8,512.7,514.7,514.2,514.2,514.4,514.7,514.9,514.9,514.7,514.4,536.4,537.5,539.2,540.6,540.8,539.7,537.9,536.6,536.6,536.0,535.9,537.1,539.8,543.4,546.7,543.3,539.9,537.4,536.1,536.1,538.4,539.0,539.8,540.3,540.2,539.6,538.8,538.3,34.8,-7.7,648.7,0.187,-0.22,0.047,222.6,222.7,223.9,226.4,231.2,238.7,247.8,258.4,268.9,277.4,283.5,289.2,294.4,298.3,301.0,302.9,303.5,235.6,242.6,251.4,260.3,268.0,282.8,289.2,295.3,301.0,304.1,275.4,276.4,277.5,278.6,266.5,270.9,275.4,279.4,282.7,244.5,250.1,256.3,261.1,255.9,249.7,283.2,288.1,293.5,297.0,293.9,288.5,255.4,263.5,270.5,274.2,278.0,282.3,285.1,281.6,277.0,272.9,268.7,262.2,258.4,269.8,273.7,277.4,282.9,277.0,273.1,269.2,158.4,170.5,182.4,193.9,204.5,213.7,221.3,226.8,228.2,226.1,219.7,211.8,202.8,192.8,182.4,171.6,160.6,150.1,145.3,144.1,145.5,148.6,148.6,145.8,144.8,146.0,150.5,157.9,165.3,172.6,180.2,185.8,187.2,188.5,187.4,186.0,158.7,155.8,156.0,160.0,161.2,161.1,160.2,156.3,156.4,159.3,161.6,161.6,201.9,198.6,196.9,198.1,197.0,199.0,202.0,208.2,210.7,211.2,210.8,208.1,202.1,200.8,201.2,200.9,202.4,204.7,205.2,204.8,-47.0,-47.1,-45.2,-41.1,-32.7,-19.7,-3.7,14.3,32.3,47.6,59.4,70.7,80.5,87.6,92.4,95.7,96.9,-23.6,-12.0,2.3,16.5,29.0,53.6,64.8,76.0,86.9,93.7,41.3,42.5,43.8,45.1,26.6,33.8,41.1,47.7,53.5,-9.0,0.2,10.2,18.2,9.7,-0.5,55.6,64.1,73.7,80.3,74.3,64.8,8.9,22.0,33.3,39.4,45.7,53.5,59.4,52.7,44.6,37.6,30.6,20.0,13.9,32.4,38.7,45.1,55.5,44.5,37.9,31.4,-50.0,-29.4,-8.9,11.1,29.7,45.6,58.2,67.1,69.5,66.9,57.1,43.9,27.8,9.7,-9.2,-28.8,-48.7,-61.2,-68.5,-70.1,-67.6,-62.6,-63.5,-69.0,-71.8,-70.8,-64.0,-48.1,-35.7,-23.7,-11.5,-2.7,-0.4,1.6,-0.1,-2.5,-47.2,-51.8,-51.5,-45.1,-43.1,-43.1,-45.6,-52.4,-52.6,-48.2,-43.9,-43.6,23.8,18.1,15.2,17.2,15.5,19.1,24.6,34.5,38.3,38.9,38.1,33.8,24.1,21.8,22.4,22.0,25.1,28.3,29.1,28.3,671.1,674.3,678.2,680.5,680.2,677.9,673.0,666.6,667.5,677.4,692.2,703.8,708.6,708.4,707.3,707.2,707.9,639.0,634.6,631.5,629.0,628.4,637.6,646.2,655.8,665.8,675.7,634.6,628.9,622.8,617.1,630.9,630.6,630.9,634.6,638.8,640.3,638.1,639.5,641.3,639.5,638.2,653.6,656.6,661.3,668.1,661.6,657.0,647.4,637.3,633.8,635.3,638.2,648.0,662.2,651.8,644.2,641.2,639.6,641.3,646.0,637.0,638.1,641.4,658.6,643.6,640.4,639.2,0.598,0.187,-0.287,0.059,270.862,182.66,-15.223,13.01,-6.923,16.602,6.62,-6.111,-1.598,2.164,3.608,-1.959,1.048,0.48,0.626,-1.653,-1.491,0.365,1.142,0.91,-1.525,-0.623,0.524,-0.022,-0.025,-0.386,0.002,0.085,0.17,0.053,-0.065,0.02,-0.005,0.003,-0.009,-0.009,0.51,0.28,0.0,0.6,0.0,0.0,0.07,0.0,0.0,0.0,0.0,0.0,0.0,0.0,0.45,0.0,0.0,0.0,1.0,0.0,0.0,0.0,0.0,0.0,0.0,0.0,0.0,0.0,0.0,0.0,0.0,1.0,1.0,1.0,0.0
PP133,g1,2552,0,0.975,0.226742,0.177693,-0.957608,0.068034,0.172755,-0.982612,0.151,0.179,249.1,250.5,253.7,256.8,258.1,256.9,253.4,250.3,244.6,246.7,249.7,253.3,256.7,259.2,260.9,258.8,255.9,252.7,249.5,246.6,252.1,253.5,254.9,255.5,255.0,253.6,252.2,251.6,286.3,287.2,289.9,292.8,294.1,293.2,290.5,287.3,283.2,285.2,287.8,291.1,293.9,295.8,296.8,295.8,293.9,291.5,288.6,285.5,288.8,290.1,291.3,291.7,291.1,289.9,288.7,288.3,157.5,154.3,153.0,154.5,157.8,161.2,162.2,160.7,158.9,157.1,155.9,155.5,156.2,157.8,160.0,161.0,161.3,161.4,161.1,160.3,159.1,159.7,159.2,157.8,156.4,155.7,156.3,157.7,158.0,155.0,153.7,154.9,157.9,161.0,162.3,161.3,160.2,158.1,156.5,155.9,156.4,157.6,159.4,160.8,161.5,161.8,161.6,161.3,159.4,160.0,159.4,158.1,156.7,156.2,156.8,158.1,-1.2,0.6,4.8,9.0,10.6,9.0,4.5,0.4,-7.2,-4.3,-0.4,4.3,8.7,12.1,14.3,11.5,7.7,3.5,-0.6,-4.4,2.8,4.6,6.4,7.2,6.5,4.7,2.9,2.1,49.7,51.1,55.0,59.1,61.0,59.5,55.6,51.2,45.5,48.2,51.8,56.3,60.5,63.5,65.4,63.5,60.6,57.0,52.8,48.7,53.4,55.2,56.9,57.6,56.7,55.0,53.2,52.6,-39.3,-43.5,-45.2,-43.3,-38.9,-34.4,-33.1,-35.0,-37.7,-39.9,-41.2,-41.8,-40.8,-38.9,-36.1,-34.6,-34.1,-34.0,-34.5,-35.7,-37.2,-36.4,-37.1,-38.9,-40.8,-41.7,-40.9,-39.1,-40.4,-44.7,-46.6,-45.0,-40.8,-36.5,-34.6,-35.9,-37.4,-40.3,-42.4,-43.4,-42.9,-41.5,-39.2,-37.1,-35.9,-35.3,-35.4,-35.9,-38.6,-37.9,-38.7,-40.6,-42.5,-43.2,-42.3,-40.4,510.8,511.5,511.9,511.9,511.3,510.9,510.2,510.2,514.5,512.2,510.1,509.3,510.1,511.6,513.3,511.5,509.7,509.1,510.0,512.0,511.5,511.5,511.7,512.0,512.2,512.2,512.0,511.7,535.2,536.3,538.1,539.4,539.6,538.5,536.7,535.5,535.4,534.8,534.8,535.9,538.7,542.2,545.5,542.2,538.8,536.2,535.0,535.0,537.3,537.9,538.6,539.1,539.0,538.4,537.7,537.2,34.7,-7.5,648.1,0.186,-0.224,0.047,222.6,222.7,223.9,226.4,231.2,238.6,247.7,258.3,268.8,277.3,283.3,289.0,294.2,298.1,300.9,302.8,303.5,235.5,242.5,251.4,260.3,268.0,282.9,289.2,295.3,301.0,304.2,275.4,276.4,277.5,278.6,266.5,271.0,275.4,279.3,282.7,244.4,250.0,256.2,261.1,255.9,249.7,283.2,288.1,293.5,297.0,293.9,288.5,255.6,263.6,270.6,274.3,278.0,282.2,284.9,281.5,277.0,272.9,268.7,262.3,258.7,269.9,273.7,277.4,282.8,276.9,273.1,269.2,158.7,170.7,182.6,194.0,204.7,213.9,221.4,226.9,228.3,226.2,220.0,212.1,203.1,193.1,182.6,171.7,160.7,150.2,145.4,144.2,145.6,148.6,148.6,145.8,144.7,146.0,150.5,158.0,165.4,172.7,180.3,185.9,187.3,188.6,187.5,186.1,158.8,155.9,156.1,160.1,161.3,161.2,160.3,156.3,156.4,159.4,161.6,161.7,202.3,198.9,197.0,198.2,197.2,199.2,202.4,208.6,211.1,211.6,211.2,208.5,202.4,201.1,201.4,201.1,202.7,205.0,205.5,205.0,-46.9,-47.1,-45.2,-41.0,-32.7,-19.8,-3.9,14.1,32.1,47.2,59.0,70.2,80.1,87.2,92.1,95.5,96.8,-23.7,-12.1,2.2,16.5,29.0,53.6,64.8,76.0,86.9,93.7,41.3,42.4,43.8,45.1,26.7,33.8,41.0,47.6,53.3,-9.1,0.1,10.2,18.1,9.6,-0.6,55.5,64.0,73.6,80.3,74.2,64.7,9.3,22.2,33.4,39.4,45.6,53.4,59.1,52.5,44.4,37.5,30.7,20.1,14.3,32.4,38.7,45.0,55.2,44.4,37.9,31.4,-49.4,-28.9,-8.4,11.4,29.9,45.7,58.3,67.2,69.7,67.1,57.4,44.2,28.2,10.1,-8.9,-28.5,-48.5,-61.0,-68.3,-69.9,-67.5,-62.4,-63.4,-68.9,-71.7,-70.7,-64.0,-47.9,-35.6,-23.6,-11.4,-2.5,-0.3,1.7,-0.0,-2.3,-47.0,-51.6,-51.3,-44.9,-42.8,-42.9,-45.5,-52.4,-52.6,-48.1,-43.8,-43.4,24.5,18.5,15.4,17.4,15.8,19.5,25.3,35.1,38.9,39.5,38.7,34.4,24.7,22.1,22.7,22.3,25.6,28.8,29.5,28.7,669.5,672.7,676.7,679.1,678.8,676.7,672.0,665.8,666.8,676.6,691.3,702.9,707.9,707.8,706.8,706.8,707.4,638.0,633.6,630.5,628.1,627.6,636.9,645.5,655.2,665.3,675.2,633.9,628.3,622.3,616.6,630.1,630.0,630.4,634.0,638.2,639.5,637.3,638.7,640.6,638.8,637.5,652.9,655.9,660.7,667.5,661.0,656.3,646.4,636.4,633.0,634.5,637.3,647.1,661.1,651.0,643.7,640.8,639.2,640.7,645.0,636.3,637.4,640.5,657.5,642.9,639.8,638.6,0.598,0.186,-0.292,0.06,270.839,182.816,-16.091,11.955,-7.781,17.394,7.219,-7.143,-1.264,2.21,4.029,-2.102,1.282,0.219,0.807,-1.605,-1.328,0.485,1.382,0.79,-1.41,-0.622,0.606,-0.146,0.036,-0.408,-0.031,0.096,0.178,0.052,-0.056,0.021,0.001,-0.0,-0.008,-0.009,0.55,0.44,0.0,0.96,0.0,0.0,0.0,0.0,0.0,0.0,0.0,0.0,0.0,0.0,0.39,0.0,0.0,1.0,1.0,0.0,1.0,0.0,0.0,0.0,0.0,0.0,0.0,0.0,0.0,0.0,0.0,1.0,1.0,1.0,0.0
PP133,g1,2558,0,0.975,0.225897,0.17774,-0.957799,0.072187,0.170475,-0.982714,0.152,0.178,249.2,250.5,253.7,256.9,258.1,257.0,253.5,250.4,244.7,246.8,249.8,253.3,256.8,259.3,261.0,258.9,256.0,252.8,249.6,246.8,252.2,253.6,255.0,255.6,255.0,253.7,252.3,251.7,286.6,287.5,290.3,293.1,294.4,293.5,290.7,287.6,283.5,285.5,288.1,291.4,294.2,296.1,297.1,296.1,294.2,291.8,288.8,285.8,289.1,290.4,291.6,292.0,291.4,290.2,289.0,288.5,157.8,154.6,153.3,154.7,158.0,161.5,162.5,161.0,159.2,157.4,156.3,155.8,156.5,158.1,160.2,161.3,161.6,161.7,161.4,160.6,159.4,160.0,159.4,158.0,156.6,156.0,156.5,157.9,158.3,155.2,153.9,155.2,158.2,161.3,162.6,161.6,160.4,158.3,156.8,156.2,156.7,157.9,159.7,161.1,161.8,162.1,161.9,161.5,159.7,160.3,159.7,158.3,157.0,156.5,157.0,158.4,-1.1,0.7,4.9,9.0,10.7,9.1,4.6,0.5,-7.0,-4.2,-0.3,4.4,8.8,12.2,14.4,11.7,7.9,3.7,-0.5,-4.3,2.9,4.7,6.5,7.3,6.6,4.8,3.0,2.2,49.9,51.4,55.3,59.4,61.2,59.7,55.8,51.4,45.8,48.4,52.1,56.6,60.8,63.8,65.6,63.8,60.8,57.2,53.0,48.9,53.7,55.4,57.1,57.8,57.0,55.2,53.5,52.9,-39.0,-43.2,-44.9,-43.0,-38.7,-34.1,-32.8,-34.6,-37.4,-39.6,-40.9,-41.4,-40.6,-38.6,-35.9,-34.4,-33.9,-33.7,-34.2,-35.3,-36.9,-36.1,-36.8,-38.7,-40.6,-41.4,-40.7,-38.8,-39.9,-44.2,-46.1,-44.5,-40.3,-36.0,-34.1,-35.4,-37.0,-39.8,-41.9,-42.9,-42.3,-41.0,-38.7,-36.5,-35.3,-34.8,-35.0,-35.5,-38.1,-37.4,-38.2,-40.1,-42.0,-42.7,-41.8,-39.9,511.7,512.3,512.7,512.7,512.2,511.9,511.2,511.2,515.5,513.1,511.0,510.1,510.9,512.5,514.3,512.4,510.7,510.1,511.0,513.0,512.4,512.4,512.6,512.9,513.1,513.1,512.9,512.6,533.6,534.7,536.5,537.9,538.1,537.0,535.2,533.9,533.8,533.2,533.2,534.4,537.2,540.7,544.0,540.7,537.3,534.7,533.4,533.4,535.7,536.3,537.1,537.6,537.5,536.9,536.1,535.6,34.8,-6.8,644.3,0.176,-0.226,0.048,222.8,222.8,223.9,226.2,230.9,238.2,247.4,258.1,268.8,277.5,283.5,289.2,294.3,298.2,300.9,302.9,303.6,235.3,242.3,251.3,260.2,268.1,283.0,289.5,295.6,301.3,304.6,275.5,276.6,277.8,278.9,266.6,271.1,275.7,279.6,283.0,244.5,250.1,256.3,261.1,256.0,249.8,283.5,288.4,293.8,297.3,294.2,288.8,255.7,264.0,270.7,274.4,278.2,282.4,285.4,282.0,277.6,273.6,269.4,263.0,258.8,270.1,273.9,277.7,283.4,277.6,273.7,269.8,158.9,170.9,182.7,194.1,204.8,214.0,221.6,227.3,228.8,226.8,220.6,212.8,203.7,193.5,182.9,171.9,160.8,150.5,145.7,144.5,145.9,148.9,148.9,146.1,145.0,146.3,150.9,158.2,165.8,173.4,181.2,186.8,188.3,189.5,188.4,187.0,159.1,156.2,156.4,160.3,161.6,161.5,160.5,156.6,156.7,159.7,161.9,161.9,202.7,200.1,198.5,199.7,198.6,200.4,202.9,208.0,210.1,210.5,210.1,207.9,203.0,202.4,202.8,202.4,203.3,204.2,204.7,204.3,-46.4,-46.6,-44.9,-41.1,-33.1,-20.3,-4.4,13.8,31.9,47.2,59.0,70.2,80.0,87.2,92.0,95.5,96.8,-23.9,-12.4,2.0,16.3,29.0,53.6,64.8,76.0,87.0,93.9,41.2,42.5,44.0,45.3,26.6,33.9,41.2,47.8,53.6,-8.9,0.2,10.2,18.2,9.7,-0.4,55.7,64.2,73.8,80.4,74.4,64.9,9.4,22.6,33.4,39.5,45.8,53.4,59.6,52.9,45.1,38.3,31.4,21.1,14.5,32.5,38.8,45.2,55.8,45.0,38.5,32.1,-48.7,-28.5,-8.3,11.3,29.8,45.7,58.3,67.3,69.9,67.7,58.3,45.3,29.3,10.9,-8.3,-28.1,-48.2,-60.2,-67.5,-69.1,-66.6,-61.7,-62.7,-68.1,-70.9,-69.8,-63.0,-47.3,-34.7,-22.4,-9.9,-1.2,1.2,3.3,1.5,-0.9,-46.3,-50.9,-50.6,-44.4,-42.2,-42.1,-44.9,-51.6,-51.8,-47.3,-43.0,-42.7,25.1,20.3,17.7,19.7,18.1,21.3,25.9,33.9,36.9,37.4,36.6,33.1,25.4,24.1,24.8,24.3,26.3,27.3,27.9,27.2,666.6,669.4,673.2,675.6,675.1,672.6,667.3,660.6,661.4,671.8,687.5,700.2,706.0,706.3,705.4,704.7,705.1,635.8,630.9,627.6,625.1,624.4,633.7,642.1,651.8,661.8,671.8,630.6,624.6,618.2,612.2,626.6,626.1,626.4,630.3,634.7,636.4,634.2,635.5,637.5,635.5,634.2,649.7,652.7,657.4,664.1,657.6,653.1,642.1,632.7,629.8,631.4,634.2,643.7,657.5,645.8,637.9,634.7,633.2,635.3,640.4,632.7,633.9,637.2,653.5,637.5,634.2,633.1,0.602,0.178,-0.296,0.06,271.04,183.182,-9.449,9.471,-12.142,16.648,5.273,-0.753,-4.027,1.377,3.623,-0.841,0.043,1.062,0.231,-2.066,-1.479,0.02,0.331,0.747,-1.175,-1.32,0.487,-0.406,-0.047,-0.507,0.157,-0.064,0.03,0.069,-0.097,0.001,-0.033,0.008,0.003,-0.01,0.28,0.36,0.0,0.78,0.0,0.0,0.03,0.0,0.0,0.15,0.0,0.0,0.0,0.0,0.0,0.0,0.0,0.0,1.0,0.0,0.0,0.0,0.0,0.0,0.0,0.0,0.0,0.0,0.0,0.0,0.0,0.0,1.0,1.0,0.0
PP133,g1,2564,0,0.975,0.216545,0.18823,-0.957955,0.063713,0.181536,-0.981318,0.144,0.188,249.4,250.9,254.1,257.2,258.4,257.2,253.8,250.6,244.9,247.1,250.1,253.6,257.0,259.6,261.2,259.1,256.2,253.0,249.8,247.0,252.5,253.8,255.2,255.9,255.3,254.0,252.6,251.9,286.7,287.7,290.4,293.3,294.6,293.6,290.9,287.7,283.6,285.6,288.2,291.5,294.3,296.2,297.3,296.2,294.4,291.9,288.9,285.9,289.2,290.5,291.7,292.1,291.5,290.3,289.1,288.7,157.8,154.6,153.4,154.9,158.2,161.6,162.5,161.1,159.2,157.4,156.3,155.8,156.6,158.2,160.4,161.4,161.7,161.7,161.4,160.6,159.4,160.1,159.6,158.2,156.7,156.1,156.6,158.0,158.6,155.5,154.2,155.4,158.5,161.6,162.9,161.9,160.7,158.6,157.1,156.4,157.0,158.2,160.0,161.4,162.1,162.3,162.2,161.8,160.0,160.5,160.0,158.6,157.3,156.7,157.3,158.6,-0.8,1.1,5.4,9.5,11.0,9.4,4.9,0.8,-6.7,-3.8,0.1,4.7,9.2,12.5,14.8,12.0,8.1,3.9,-0.2,-3.9,3.2,5.0,6.9,7.7,7.0,5.2,3.4,2.5,49.9,51.3,55.2,59.3,61.2,59.7,55.7,51.3,45.7,48.3,52.0,56.5,60.7,63.7,65.6,63.7,60.7,57.1,52.9,48.8,53.6,55.4,57.1,57.7,56.9,55.1,53.4,52.8,-38.9,-43.1,-44.8,-42.8,-38.5,-33.9,-32.7,-34.6,-37.3,-39.5,-40.8,-41.4,-40.4,-38.4,-35.7,-34.2,-33.8,-33.6,-34.2,-35.3,-36.8,-36.0,-36.7,-38.5,-40.4,-41.3,-40.6,-38.7,-39.4,-43.7,-45.6,-44.0,-39.8,-35.4,-33.6,-34.9,-36.5,-39.3,-41.3,-42.3,-41.8,-40.4,-38.1,-36.0,-34.8,-34.3,-34.4,-35.0,-37.6,-36.9,-37.7,-39.6,-41.4,-42.1,-41.3,-39.4,511.8,512.5,512.9,512.8,512.3,511.8,511.2,511.3,515.6,513.3,511.2,510.3,511.0,512.5,514.2,512.4,510.6,510.1,511.0,513.1,512.5,512.5,512.6,512.9,513.2,513.2,513.1,512.8,531.3,532.4,534.2,535.6,535.8,534.7,532.9,531.6,531.6,530.9,530.9,532.1,534.8,538.4,541.7,538.4,535.0,532.4,531.1,531.1,533.4,534.0,534.8,535.3,535.2,534.6,533.8,533.3,34.5,-5.9,642.5,0.202,-0.214,0.054,222.9,222.8,224.0,226.5,231.3,238.6,247.6,258.0,268.6,277.2,283.4,289.2,294.4,298.4,301.3,303.2,303.9,235.8,242.8,251.6,260.5,268.3,283.4,289.7,295.9,301.5,304.6,275.9,276.7,277.8,278.8,266.6,271.0,275.5,279.5,282.8,244.8,250.4,256.6,261.4,256.2,250.0,283.5,288.6,294.0,297.4,294.3,288.9,255.0,263.1,270.4,274.1,277.9,282.3,285.0,281.4,276.5,272.4,268.1,261.5,258.0,269.6,273.5,277.3,282.8,276.6,272.7,268.8,158.5,170.8,182.9,194.6,205.6,215.1,223.0,228.8,230.3,228.1,221.4,213.1,203.8,193.7,183.2,172.3,161.2,150.6,145.7,144.5,145.9,149.0,149.1,146.3,145.2,146.5,151.0,158.4,166.0,173.5,181.2,186.7,188.2,189.5,188.4,186.9,159.1,156.2,156.5,160.5,161.7,161.5,160.8,156.9,157.0,160.0,162.2,162.2,203.0,199.7,198.0,199.2,198.2,200.2,203.4,210.3,213.1,213.5,213.1,210.0,203.2,202.0,202.4,202.1,203.8,206.9,207.4,206.9,-46.0,-46.4,-44.6,-40.6,-32.3,-19.6,-4.2,13.5,31.5,46.8,58.7,69.9,79.7,86.8,91.7,95.1,96.5,-22.9,-11.6,2.6,16.7,29.0,53.9,65.0,76.1,86.9,93.4,41.5,42.6,43.8,45.0,26.5,33.6,40.8,47.4,53.1,-8.4,0.7,10.6,18.5,10.0,-0.0,55.5,64.1,73.7,80.2,74.2,64.7,8.2,21.1,32.7,38.8,45.1,53.0,58.8,51.9,43.5,36.5,29.5,18.7,13.1,31.7,38.0,44.4,54.9,43.5,37.0,30.5,-49.3,-28.6,-7.9,12.3,31.2,47.5,60.7,70.0,72.6,69.8,59.5,45.6,29.2,11.1,-7.8,-27.3,-47.1,-59.7,-67.2,-68.8,-66.3,-61.2,-62.0,-67.5,-70.2,-69.2,-62.4,-46.7,-34.2,-22.1,-9.8,-1.3,1.1,3.2,1.5,-0.9,-45.9,-50.5,-50.2,-43.8,-41.8,-41.9,-44.2,-50.9,-51.1,-46.6,-42.4,-42.1,25.5,19.7,16.9,18.9,17.3,20.9,26.7,37.7,41.9,42.4,41.6,36.6,25.8,23.4,24.1,23.7,27.2,31.7,32.4,31.5,663.5,667.2,671.6,674.2,673.9,672.1,667.8,661.7,662.7,672.2,686.3,697.0,700.9,700.1,698.6,698.3,698.8,631.7,627.3,624.1,621.7,621.3,630.8,639.2,648.7,658.6,668.3,627.6,622.0,616.0,610.5,624.5,624.2,624.5,628.1,632.3,633.1,631.0,632.4,634.3,632.6,631.2,646.6,649.5,654.0,660.7,654.4,649.9,642.0,631.6,627.8,629.4,632.1,642.1,656.3,646.7,639.6,636.6,635.0,636.4,640.6,631.2,632.3,635.5,652.9,638.7,635.6,634.4,0.603,0.204,-0.28,0.067,270.922,183.674,-22.204,14.918,-4.549,19.899,6.579,-7.463,-1.112,1.528,4.548,-2.158,0.874,0.194,0.884,-2.013,-1.473,0.283,1.593,1.479,-1.913,-0.541,0.452,-0.36,0.101,-0.32,-0.002,0.135,0.22,0.053,-0.076,0.006,-0.029,0.008,-0.004,-0.005,0.44,0.16,0.0,0.41,0.0,0.0,0.31,0.02,0.0,0.0,0.0,0.0,0.0,0.0,0.67,0.0,0.0,1.0,1.0,0.0,0.0,0.0,0.0,0.0,0.0,0.0,0.0,0.0,0.0,0.0,0.0,1.0,1.0,1.0,0.0
PP133,g1,2570,0,0.975,0.216305,0.18942,-0.957775,0.059765,0.182771,-0.981337,0.141,0.19,249.3,250.7,253.9,257.1,258.2,257.0,253.6,250.5,244.8,247.0,250.0,253.5,256.9,259.4,261.0,259.0,256.1,252.9,249.7,246.9,252.3,253.7,255.1,255.7,255.2,253.8,252.4,251.8,286.5,287.5,290.2,293.0,294.4,293.4,290.7,287.5,283.4,285.4,288.0,291.3,294.1,296.0,297.1,296.0,294.1,291.7,288.7,285.7,289.1,290.3,291.5,291.9,291.3,290.1,288.9,288.5,157.9,154.7,153.5,155.0,158.2,161.6,162.6,161.1,159.3,157.5,156.4,155.9,156.7,158.3,160.5,161.5,161.7,161.7,161.4,160.6,159.5,160.1,159.6,158.2,156.8,156.2,156.7,158.1,158.6,155.5,154.2,155.5,158.5,161.6,162.9,161.9,160.7,158.7,157.2,156.5,157.1,158.2,160.1,161.4,162.1,162.3,162.2,161.8,160.0,160.6,160.0,158.7,157.3,156.8,157.3,158.7,-0.9,1.0,5.2,9.3,10.9,9.3,4.8,0.7,-6.9,-4.0,-0.1,4.6,9.1,12.4,14.6,11.8,8.0,3.8,-0.4,-4.1,3.1,4.9,6.7,7.5,6.9,5.1,3.2,2.4,49.9,51.4,55.3,59.4,61.2,59.8,55.8,51.4,45.8,48.4,52.0,56.6,60.8,63.8,65.7,63.8,60.8,57.2,53.0,48.9,53.7,55.5,57.2,57.8,57.0,55.2,53.5,52.9,-39.1,-43.3,-44.9,-43.0,-38.7,-34.1,-32.8,-34.8,-37.5,-39.7,-41.0,-41.5,-40.6,-38.6,-35.8,-34.4,-33.9,-33.8,-34.4,-35.5,-37.0,-36.1,-36.8,-38.7,-40.6,-41.4,-40.7,-38.9,-39.6,-43.9,-45.8,-44.2,-40.0,-35.6,-33.8,-35.1,-36.6,-39.5,-41.5,-42.5,-42.0,-40.6,-38.3,-36.2,-35.0,-34.5,-34.6,-35.2,-37.8,-37.1,-37.9,-39.8,-41.6,-42.3,-41.5,-39.6,515.1,515.8,516.3,516.2,515.6,515.1,514.4,514.5,518.9,516.5,514.5,513.6,514.4,515.9,517.5,515.7,513.9,513.3,514.3,516.3,515.8,515.8,516.0,516.3,516.5,516.6,516.4,516.1,534.8,535.9,537.7,539.0,539.2,538.1,536.3,535.1,535.0,534.4,534.3,535.5,538.3,541.8,545.1,541.8,538.4,535.8,534.5,534.6,536.8,537.4,538.2,538.7,538.6,538.0,537.3,536.8,34.4,-6.2,645.8,0.206,-0.211,0.054,222.7,222.7,224.0,226.4,231.3,238.7,247.6,257.9,268.4,277.0,283.2,289.1,294.4,298.5,301.3,303.1,303.8,235.7,242.6,251.4,260.3,268.1,283.2,289.6,295.7,301.4,304.4,275.7,276.5,277.5,278.5,266.3,270.8,275.3,279.2,282.6,244.7,250.3,256.4,261.2,256.0,249.9,283.4,288.4,293.8,297.2,294.1,288.7,254.7,262.7,270.1,273.8,277.6,282.0,284.8,281.1,276.2,272.0,267.8,261.1,257.6,269.4,273.2,277.0,282.6,276.3,272.4,268.4,158.5,170.8,182.8,194.5,205.4,214.8,222.6,228.4,229.9,227.6,220.9,212.7,203.5,193.5,183.1,172.2,161.2,150.7,145.8,144.6,146.0,149.2,149.2,146.4,145.3,146.6,151.1,158.5,166.0,173.4,181.1,186.5,187.9,189.3,188.2,186.7,159.2,156.3,156.6,160.6,161.7,161.6,160.9,156.9,157.0,160.0,162.2,162.2,202.5,199.2,197.6,198.8,197.7,199.7,202.9,210.0,212.9,213.4,212.9,209.7,202.7,201.4,201.8,201.5,203.3,206.8,207.3,206.8,-46.6,-46.8,-45.0,-40.9,-32.5,-19.6,-4.2,13.5,31.4,46.7,58.7,70.1,80.0,87.2,92.1,95.4,96.8,-23.3,-11.9,2.3,16.5,28.9,53.9,65.0,76.2,87.0,93.5,41.5,42.5,43.6,44.8,26.3,33.4,40.6,47.3,53.0,-8.6,0.5,10.4,18.3,9.8,-0.2,55.5,64.1,73.6,80.2,74.2,64.7,7.7,20.7,32.4,38.5,44.9,53.0,58.8,51.7,43.2,36.1,29.1,18.2,12.6,31.5,37.8,44.2,54.8,43.3,36.6,30.1,-49.5,-28.7,-8.0,12.1,31.0,47.2,60.4,69.7,72.3,69.4,59.0,45.2,28.9,10.8,-8.0,-27.4,-47.2,-59.8,-67.3,-68.9,-66.4,-61.3,-62.2,-67.6,-70.3,-69.3,-62.5,-46.8,-34.4,-22.3,-10.1,-1.7,0.7,2.8,1.1,-1.3,-46.1,-50.6,-50.3,-44.0,-42.0,-42.1,-44.3,-51.0,-51.2,-46.7,-42.6,-42.3,24.8,19.0,16.3,18.2,16.7,20.2,26.0,37.4,41.8,42.4,41.5,36.3,25.1,22.6,23.3,23.0,26.5,31.7,32.5,31.6,667.3,670.9,675.2,677.7,677.4,675.6,671.4,665.4,666.4,675.7,689.5,699.9,703.7,702.9,701.5,701.6,702.3,635.1,630.7,627.4,624.9,624.3,633.9,642.3,651.7,661.7,671.5,630.6,625.1,619.2,613.8,627.8,627.4,627.7,631.3,635.4,636.4,634.3,635.7,637.5,635.8,634.5,649.6,652.5,657.1,663.7,657.4,652.9,645.8,635.2,631.3,632.8,635.5,645.5,659.9,650.5,643.4,640.5,638.8,640.3,644.5,634.6,635.7,638.9,656.6,642.6,639.4,638.2,0.6,0.206,-0.276,0.067,270.732,183.514,-22.842,15.1,-2.533,18.544,7.772,-8.277,-0.704,1.319,4.75,-2.134,0.856,0.162,0.973,-1.981,-1.335,0.151,1.589,1.645,-2.179,-0.261,0.377,-0.217,0.227,-0.341,0.08,0.122,0.288,0.052,-0.056,0.017,-0.029,0.015,0.002,-0.008,0.39,0.39,0.0,0.74,0.0,0.0,0.0,0.01,0.0,0.0,0.0,0.0,0.0,0.0,0.81,0.0,0.0,1.0,1.0,0.0,0.0,0.0,0.0,0.0,0.0,0.0,0.0,0.0,0.0,0.0,0.0,1.0,1.0,1.0,0.0
PP133,g1,2576,0,0.975,0.227586,0.177923,-0.957365,0.071289,0.172004,-0.982513,0.153,0.178,249.1,250.5,253.7,256.9,258.1,257.0,253.5,250.4,244.6,246.8,249.8,253.3,256.8,259.3,261.0,258.9,256.0,252.8,249.6,246.8,252.2,253.6,255.0,255.6,255.0,253.6,252.2,251.6,286.4,287.4,290.1,293.0,294.3,293.4,290.6,287.5,283.4,285.4,288.0,291.3,294.1,296.0,297.0,296.0,294.1,291.7,288.7,285.7,289.0,290.3,291.5,291.9,291.3,290.0,288.9,288.4,158.1,154.9,153.7,155.1,158.3,161.8,162.8,161.4,159.6,157.8,156.6,156.1,156.9,158.4,160.5,161.6,161.9,162.0,161.7,161.0,159.7,160.3,159.8,158.4,157.0,156.3,156.9,158.3,158.5,155.4,154.1,155.3,158.4,161.5,162.8,161.8,160.7,158.5,157.0,156.4,156.9,158.1,159.9,161.2,161.9,162.2,162.1,161.7,159.9,160.4,159.9,158.5,157.2,156.6,157.2,158.6,-1.1,0.7,4.9,9.0,10.7,9.1,4.6,0.5,-7.1,-4.2,-0.3,4.3,8.8,12.2,14.4,11.7,7.9,3.7,-0.5,-4.3,2.9,4.7,6.5,7.3,6.6,4.8,3.0,2.2,49.8,51.3,55.2,59.3,61.1,59.7,55.8,51.3,45.7,48.3,51.9,56.5,60.7,63.7,65.6,63.7,60.8,57.1,53.0,48.8,53.6,55.4,57.1,57.7,56.9,55.1,53.4,52.8,-38.5,-42.7,-44.4,-42.6,-38.2,-33.7,-32.3,-34.2,-36.9,-39.1,-40.4,-41.0,-40.1,-38.2,-35.5,-34.0,-33.4,-33.2,-33.7,-34.9,-36.5,-35.6,-36.4,-38.2,-40.1,-40.9,-40.2,-38.3,-39.6,-44.0,-45.9,-44.3,-40.1,-35.8,-33.9,-35.2,-36.7,-39.6,-41.6,-42.6,-42.1,-40.8,-38.5,-36.4,-35.2,-34.6,-34.7,-35.2,-37.9,-37.2,-38.0,-39.9,-41.8,-42.5,-41.6,-39.7,511.8,512.5,512.9,512.9,512.4,512.0,511.3,511.4,515.6,513.2,511.1,510.3,511.1,512.7,514.4,512.6,510.8,510.2,511.1,513.1,512.6,512.6,512.8,513.1,513.3,513.3,513.1,512.8,534.2,535.3,537.1,538.5,538.7,537.6,535.8,534.5,534.5,533.8,533.8,535.0,537.7,541.3,544.6,541.3,537.9,535.3,534.0,534.0,536.3,536.9,537.7,538.2,538.1,537.5,536.7,536.2,35.0,-6.6,646.1,0.18,-0.226,0.044,222.6,222.7,223.9,226.3,231.0,238.5,247.8,258.5,269.1,277.7,283.7,289.3,294.4,298.3,301.0,302.9,303.6,235.2,242.2,251.1,260.1,268.0,283.0,289.4,295.5,301.3,304.5,275.5,276.6,277.8,278.9,266.7,271.2,275.7,279.7,283.0,244.5,250.1,256.3,261.1,256.0,249.8,283.4,288.3,293.7,297.2,294.1,288.7,255.7,264.0,270.8,274.5,278.3,282.5,285.5,282.1,277.7,273.6,269.4,262.9,258.8,270.2,274.0,277.8,283.4,277.6,273.8,269.8,159.3,171.2,183.1,194.4,205.1,214.3,221.9,227.5,228.9,226.8,220.5,212.6,203.5,193.4,182.8,171.9,160.8,151.2,146.3,145.0,146.4,149.4,149.3,146.4,145.3,146.6,151.2,158.5,166.1,173.6,181.4,186.9,188.4,189.6,188.5,187.0,159.5,156.6,156.7,160.7,161.9,161.9,160.7,156.8,156.9,159.8,162.1,162.1,202.7,199.9,198.3,199.4,198.4,200.1,202.7,208.1,210.3,210.8,210.4,208.1,202.9,202.2,202.6,202.2,203.1,204.4,204.9,204.5,-47.0,-47.0,-45.1,-41.2,-32.9,-19.9,-3.9,14.4,32.5,47.7,59.5,70.7,80.5,87.5,92.2,95.6,96.9,-24.2,-12.7,1.8,16.2,28.9,53.7,64.9,76.2,87.1,94.0,41.3,42.6,44.1,45.5,26.8,34.1,41.4,48.0,53.8,-9.0,0.2,10.2,18.2,9.8,-0.4,55.6,64.2,73.8,80.4,74.4,64.9,9.4,22.7,33.7,39.7,46.1,53.8,59.9,53.2,45.4,38.5,31.6,21.1,14.5,32.8,39.1,45.5,56.1,45.2,38.7,32.3,-48.3,-28.0,-7.7,12.0,30.5,46.3,58.9,67.8,70.3,67.8,58.3,45.1,29.0,10.7,-8.5,-28.2,-48.3,-59.3,-66.7,-68.4,-66.0,-61.1,-62.2,-67.7,-70.5,-69.5,-62.7,-46.9,-34.3,-22.0,-9.6,-1.0,1.4,3.4,1.6,-0.9,-45.8,-50.4,-50.2,-43.9,-41.7,-41.7,-44.6,-51.4,-51.6,-47.2,-42.9,-42.5,25.0,20.1,17.4,19.3,17.7,20.9,25.7,34.2,37.4,38.0,37.2,33.6,25.3,23.9,24.5,24.0,26.1,27.6,28.3,27.6,668.5,671.5,675.3,677.7,677.2,674.9,669.7,663.0,664.0,674.2,689.8,702.2,707.8,708.0,707.0,706.3,706.7,637.3,632.4,629.1,626.6,625.9,635.2,643.7,653.5,663.7,673.8,632.2,626.4,620.1,614.3,628.4,628.0,628.3,632.1,636.5,638.0,635.8,637.1,639.1,637.1,635.8,651.4,654.4,659.1,665.9,659.4,654.8,644.3,634.7,631.6,633.2,635.9,645.6,659.6,648.0,640.1,637.0,635.5,637.6,642.7,634.6,635.8,639.0,655.6,639.6,636.4,635.3,0.6,0.181,-0.296,0.056,271.063,183.328,-9.426,10.468,-10.258,15.562,5.604,-1.803,-3.851,1.204,3.681,-1.873,0.129,0.747,0.512,-1.746,-1.006,0.1,0.702,0.939,-1.096,-1.071,0.416,-0.625,0.084,-0.376,-0.006,-0.055,0.111,0.056,-0.091,0.007,-0.009,0.001,-0.004,-0.016,0.7,0.44,0.0,0.7,0.0,0.0,0.0,0.0,0.0,0.14,0.0,0.0,0.0,0.0,0.0,0.51,0.0,1.0,1.0,0.0,0.0,0.0,0.0,0.0,0.0,0.0,0.0,0.0,0.0,0.0,0.0,1.0,1.0,1.0,0.0
PP133,g1,2582,0,0.975,0.227251,0.179411,-0.957167,0.070116,0.173479,-0.982338,0.152,0.18,249.2,250.6,253.8,257.0,258.2,257.0,253.6,250.5,244.7,246.9,249.8,253.4,256.8,259.4,261.1,259.0,256.1,252.9,249.7,246.8,252.3,253.6,255.0,255.6,255.1,253.7,252.3,251.7,286.5,287.5,290.2,293.1,294.5,293.5,290.8,287.6,283.5,285.5,288.1,291.4,294.2,296.1,297.2,296.1,294.3,291.8,288.9,285.8,289.1,290.4,291.6,292.0,291.4,290.2,289.0,288.5,158.2,155.0,153.8,155.2,158.5,161.9,162.9,161.5,159.7,157.9,156.7,156.2,157.0,158.5,160.7,161.7,162.1,162.2,161.8,161.1,159.8,160.4,159.9,158.5,157.1,156.4,157.0,158.4,158.6,155.5,154.2,155.4,158.5,161.6,162.9,161.9,160.7,158.6,157.1,156.4,157.0,158.1,159.9,161.3,162.0,162.3,162.2,161.8,160.0,160.5,159.9,158.6,157.2,156.7,157.3,158.6,-1.0,0.8,5.0,9.1,10.8,9.2,4.7,0.6,-7.0,-4.1,-0.2,4.4,8.9,12.3,14.5,11.8,8.0,3.7,-0.4,-4.2,3.0,4.8,6.6,7.4,6.7,4.9,3.0,2.2,49.9,51.3,55.2,59.3,61.2,59.7,55.8,51.4,45.7,48.4,52.0,56.5,60.7,63.7,65.6,63.8,60.8,57.2,53.0,48.9,53.6,55.4,57.1,57.8,56.9,55.2,53.4,52.8,-38.3,-42.5,-44.2,-42.4,-38.0,-33.5,-32.1,-34.0,-36.7,-38.9,-40.2,-40.8,-39.9,-38.0,-35.3,-33.8,-33.2,-33.0,-33.5,-34.7,-36.2,-35.4,-36.2,-38.0,-39.9,-40.7,-40.0,-38.1,-39.5,-43.8,-45.7,-44.2,-40.0,-35.6,-33.7,-35.0,-36.5,-39.4,-41.5,-42.5,-42.0,-40.6,-38.4,-36.2,-35.0,-34.4,-34.6,-35.1,-37.7,-37.0,-37.9,-39.8,-41.6,-42.3,-41.4,-39.5,510.9,511.5,511.9,511.9,511.5,511.1,510.4,510.4,514.6,512.3,510.2,509.3,510.2,511.7,513.5,511.7,509.9,509.3,510.1,512.2,511.6,511.6,511.8,512.1,512.3,512.3,512.1,511.8,533.2,534.3,536.1,537.5,537.7,536.6,534.8,533.5,533.4,532.8,532.8,533.9,536.7,540.3,543.6,540.3,536.8,534.3,533.0,533.0,535.3,535.9,536.7,537.2,537.1,536.5,535.7,535.2,35.1,-6.5,646.3,0.184,-0.226,0.044,222.7,222.8,224.0,226.4,231.2,238.6,247.8,258.6,269.2,277.7,283.7,289.4,294.5,298.4,301.1,303.0,303.7,235.3,242.3,251.2,260.2,268.1,283.1,289.5,295.6,301.4,304.6,275.6,276.7,277.9,279.0,266.8,271.3,275.8,279.7,283.1,244.6,250.2,256.4,261.2,256.1,249.8,283.5,288.4,293.8,297.3,294.2,288.8,255.7,264.0,270.9,274.6,278.4,282.6,285.6,282.2,277.7,273.7,269.5,263.0,258.8,270.2,274.1,277.9,283.5,277.7,273.8,269.9,159.3,171.3,183.1,194.4,205.1,214.3,221.9,227.5,228.8,226.8,220.5,212.5,203.5,193.4,182.8,171.9,160.8,151.2,146.4,145.1,146.5,149.5,149.4,146.5,145.4,146.6,151.1,158.7,166.2,173.7,181.4,187.0,188.5,189.7,188.6,187.1,159.6,156.7,156.8,160.8,162.0,162.0,160.8,156.9,157.0,159.9,162.2,162.2,202.8,200.0,198.4,199.5,198.5,200.3,202.8,208.3,210.6,211.0,210.6,208.3,203.0,202.3,202.7,202.3,203.2,204.6,205.1,204.6,-46.7,-46.8,-44.9,-40.9,-32.7,-19.7,-3.7,14.5,32.6,47.8,59.6,70.8,80.7,87.8,92.5,95.9,97.2,-24.0,-12.4,2.0,16.3,29.0,53.8,65.1,76.3,87.2,94.2,41.5,42.8,44.2,45.6,27.0,34.2,41.5,48.1,53.9,-8.9,0.3,10.4,18.4,9.9,-0.3,55.8,64.4,74.0,80.6,74.6,65.1,9.5,22.8,33.8,39.9,46.2,53.9,60.1,53.4,45.5,38.6,31.7,21.2,14.5,32.9,39.2,45.6,56.3,45.3,38.8,32.4,-48.2,-27.9,-7.6,12.0,30.5,46.3,58.9,67.9,70.3,67.9,58.2,45.0,28.9,10.6,-8.5,-28.2,-48.2,-59.2,-66.6,-68.2,-65.8,-60.9,-62.0,-67.5,-70.4,-69.4,-62.7,-46.7,-34.2,-21.9,-9.5,-0.8,1.5,3.5,1.7,-0.7,-45.6,-50.2,-50.0,-43.7,-41.5,-41.5,-44.5,-51.3,-51.5,-47.1,-42.8,-42.4,25.3,20.3,17.6,19.5,17.8,21.1,25.9,34.5,37.8,38.4,37.6,33.9,25.6,24.1,24.8,24.2,26.3,27.9,28.7,27.9,668.5,671.5,675.4,677.8,677.4,675.2,670.1,663.5,664.4,674.6,690.1,702.4,707.9,708.0,706.9,706.3,706.6,637.2,632.3,629.0,626.5,625.9,635.2,643.7,653.4,663.5,673.6,632.2,626.4,620.2,614.4,628.6,628.2,628.5,632.3,636.7,638.0,635.7,637.1,639.1,637.1,635.8,651.4,654.4,659.1,665.8,659.4,654.8,644.7,635.0,631.8,633.4,636.1,645.8,659.9,648.5,640.6,637.4,636.0,638.0,643.0,634.9,636.1,639.3,656.0,640.0,636.7,635.7,0.6,0.185,-0.295,0.056,271.148,183.411,-10.142,10.393,-10.224,15.64,5.847,-2.204,-3.844,1.379,3.731,-1.706,0.24,0.969,0.503,-1.798,-1.273,0.131,0.776,0.921,-1.001,-1.169,0.504,-0.632,0.067,-0.33,0.024,-0.097,0.102,0.057,-0.092,0.009,-0.009,0.001,-0.004,-0.018,0.51,0.18,0.0,0.54,0.0,0.0,0.32,0.0,0.0,0.0,0.0,0.0,0.0,0.0,0.0,0.02,0.0,1.0,1.0,0.0,0.0,0.0,0.0,0.0,0.0,0.0,0.0,0.0,0.0,0.0,0.0,1.0,1.0,1.0,0.0
PP133,g1,2588,0,0.975,0.216956,0.186824,-0.958137,0.06054,0.18032,-0.981743,0.142,0.187,249.1,250.5,253.7,256.8,258.0,256.8,253.4,250.3,244.6,246.8,249.7,253.3,256.7,259.2,260.8,258.8,255.9,252.7,249.5,246.7,252.1,253.5,254.9,255.5,255.0,253.6,252.2,251.6,286.2,287.2,289.9,292.8,294.1,293.2,290.4,287.3,283.2,285.1,287.8,291.0,293.9,295.8,296.9,295.8,293.9,291.5,288.5,285.5,288.8,290.1,291.3,291.7,291.1,289.9,288.7,288.2,157.9,154.8,153.6,155.0,158.2,161.7,162.6,161.2,159.4,157.6,156.4,156.0,156.7,158.3,160.5,161.5,161.8,161.8,161.5,160.7,159.6,160.2,159.7,158.3,156.8,156.2,156.7,158.1,158.5,155.4,154.1,155.3,158.4,161.5,162.8,161.8,160.7,158.5,157.0,156.3,156.9,158.1,159.9,161.2,162.0,162.2,162.1,161.7,159.9,160.4,159.9,158.5,157.2,156.6,157.2,158.6,-1.2,0.7,4.9,9.0,10.6,9.0,4.5,0.4,-7.1,-4.3,-0.4,4.3,8.8,12.1,14.3,11.6,7.7,3.5,-0.6,-4.4,2.8,4.6,6.4,7.3,6.6,4.8,2.9,2.1,49.5,50.9,54.8,58.9,60.8,59.3,55.4,51.0,45.3,48.0,51.6,56.1,60.3,63.4,65.2,63.4,60.4,56.8,52.6,48.4,53.2,55.0,56.7,57.4,56.6,54.8,53.1,52.4,-38.9,-43.2,-44.8,-42.9,-38.6,-34.0,-32.7,-34.6,-37.3,-39.5,-40.9,-41.4,-40.5,-38.5,-35.7,-34.3,-33.8,-33.7,-34.2,-35.3,-36.8,-36.0,-36.7,-38.6,-40.5,-41.3,-40.6,-38.7,-39.6,-43.9,-45.9,-44.3,-40.1,-35.8,-33.8,-35.1,-36.7,-39.5,-41.6,-42.6,-42.1,-40.7,-38.4,-36.3,-35.1,-34.6,-34.7,-35.2,-37.8,-37.1,-38.0,-39.9,-41.7,-42.4,-41.6,-39.7,514.3,515.0,515.5,515.4,514.8,514.3,513.7,513.8,518.1,515.8,513.7,512.8,513.6,515.1,516.7,514.9,513.1,512.6,513.5,515.6,515.0,515.0,515.2,515.5,515.7,515.8,515.6,515.3,533.5,534.6,536.4,537.8,537.9,536.8,535.1,533.8,533.8,533.1,533.1,534.2,537.0,540.5,543.8,540.5,537.1,534.6,533.3,533.3,535.6,536.2,537.0,537.4,537.4,536.8,536.0,535.5,34.4,-6.4,646.8,0.203,-0.211,0.049,222.6,222.6,223.9,226.4,231.2,238.7,247.7,258.1,268.6,277.3,283.4,289.2,294.4,298.4,301.1,303.0,303.6,235.4,242.3,251.1,260.0,267.8,282.9,289.3,295.4,301.1,304.2,275.4,276.3,277.3,278.3,266.2,270.7,275.2,279.1,282.5,244.5,250.1,256.2,261.0,255.8,249.7,283.2,288.1,293.5,297.0,293.9,288.5,254.8,262.8,270.1,273.8,277.6,282.0,284.8,281.2,276.4,272.3,268.0,261.4,257.8,269.4,273.3,277.1,282.7,276.5,272.6,268.6,158.5,170.7,182.8,194.3,205.2,214.6,222.3,228.0,229.4,227.1,220.5,212.3,203.2,193.2,182.8,172.0,161.0,150.9,146.0,144.7,146.1,149.2,149.1,146.3,145.3,146.5,151.0,158.5,166.0,173.4,181.1,186.5,188.0,189.2,188.2,186.7,159.3,156.4,156.6,160.6,161.8,161.7,160.8,156.8,156.9,159.8,162.1,162.1,202.5,199.3,197.6,198.8,197.8,199.7,202.8,209.5,212.3,212.8,212.3,209.3,202.7,201.5,201.9,201.6,203.1,206.2,206.8,206.3,-47.0,-47.1,-45.2,-41.1,-32.6,-19.6,-4.0,13.9,31.8,47.2,59.1,70.4,80.3,87.3,92.1,95.4,96.6,-23.8,-12.5,1.8,16.0,28.5,53.5,64.7,75.9,86.7,93.3,41.1,42.2,43.4,44.6,26.2,33.3,40.5,47.2,53.0,-9.0,0.1,10.1,18.0,9.5,-0.6,55.2,63.8,73.4,80.0,74.0,64.4,7.9,20.9,32.5,38.6,45.0,53.0,59.0,52.0,43.6,36.5,29.5,18.7,12.8,31.6,37.9,44.3,55.0,43.6,37.0,30.4,-49.6,-28.9,-8.2,11.9,30.8,46.9,59.9,69.0,71.5,68.6,58.4,44.6,28.4,10.3,-8.5,-27.9,-47.7,-59.6,-67.1,-68.8,-66.4,-61.4,-62.4,-67.8,-70.6,-69.5,-62.8,-46.9,-34.5,-22.4,-10.1,-1.6,0.7,2.8,1.1,-1.4,-46.0,-50.7,-50.4,-44.0,-42.0,-42.1,-44.5,-51.4,-51.6,-47.1,-42.9,-42.5,24.9,19.2,16.4,18.4,16.7,20.2,25.8,36.6,40.9,41.5,40.6,35.8,25.2,22.8,23.5,23.1,26.3,30.8,31.5,30.7,668.8,672.4,676.7,679.2,678.8,676.9,672.4,666.2,667.1,676.6,690.7,701.5,705.5,704.7,703.3,703.1,703.7,636.5,631.9,628.6,626.1,625.5,635.0,643.4,652.8,662.8,672.6,631.8,626.3,620.4,614.9,629.0,628.7,628.9,632.5,636.6,637.6,635.5,636.9,638.7,637.0,635.7,650.8,653.7,658.2,664.9,658.6,654.1,646.7,636.2,632.3,633.8,636.6,646.6,660.9,651.1,643.8,640.8,639.3,640.9,645.3,635.7,636.8,639.9,657.5,643.0,639.9,638.7,0.599,0.204,-0.276,0.062,270.67,183.385,-20.016,14.794,-4.366,17.834,7.278,-7.136,-1.429,1.677,4.66,-1.945,0.46,0.329,1.079,-1.827,-1.451,0.516,1.577,1.542,-1.832,-0.488,0.448,-0.274,0.136,-0.275,0.096,-0.007,0.252,0.045,-0.056,0.023,-0.018,0.009,-0.004,-0.009,0.22,0.18,0.0,0.78,0.0,0.0,0.0,0.0,0.0,0.0,0.0,0.0,0.0,0.0,0.55,0.0,0.0,0.0,1.0,0.0,0.0,0.0,0.0,0.0,0.0,0.0,0.0,0.0,0.0,0.0,0.0,1.0,1.0,1.0,0.0
PP133,g1,2594,0,0.975,0.218972,0.186314,-0.957778,0.064302,0.180346,-0.981499,0.145,0.187,248.9,250.3,253.5,256.6,257.8,256.6,253.3,250.1,244.5,246.6,249.6,253.1,256.5,259.0,260.6,258.6,255.7,252.5,249.4,246.5,251.9,253.3,254.7,255.3,254.8,253.4,252.0,251.4,286.0,286.9,289.6,292.5,293.9,292.9,290.2,287.1,282.9,284.9,287.5,290.8,293.6,295.5,296.6,295.5,293.7,291.2,288.3,285.3,288.6,289.8,291.0,291.4,290.8,289.6,288.4,288.0,157.8,154.7,153.5,154.9,158.1,161.5,162.5,161.1,159.3,157.5,156.3,155.9,156.6,158.2,160.4,161.4,161.6,161.7,161.4,160.6,159.4,160.1,159.5,158.2,156.7,156.1,156.7,158.0,158.4,155.3,154.0,155.2,158.3,161.3,162.6,161.6,160.5,158.4,156.9,156.2,156.8,157.9,159.8,161.1,161.8,162.1,161.9,161.6,159.8,160.3,159.7,158.4,157.0,156.5,157.1,158.4,-1.4,0.4,4.6,8.8,10.4,8.8,4.3,0.2,-7.4,-4.5,-0.6,4.0,8.5,11.9,14.1,11.4,7.5,3.3,-0.8,-4.6,2.6,4.4,6.2,7.0,6.3,4.5,2.7,1.9,49.4,50.8,54.7,58.8,60.7,59.2,55.3,50.9,45.2,47.8,51.5,56.0,60.2,63.2,65.1,63.2,60.3,56.7,52.5,48.3,53.1,54.9,56.6,57.3,56.4,54.6,52.9,52.3,-39.2,-43.4,-45.1,-43.2,-38.9,-34.3,-33.0,-34.9,-37.6,-39.8,-41.1,-41.7,-40.8,-38.8,-36.0,-34.6,-34.1,-34.0,-34.5,-35.6,-37.1,-36.3,-37.0,-38.9,-40.8,-41.6,-40.9,-39.0,-40.0,-44.3,-46.2,-44.7,-40.5,-36.1,-34.2,-35.5,-37.0,-39.9,-42.0,-43.0,-42.5,-41.1,-38.8,-36.7,-35.5,-35.0,-35.1,-35.6,-38.2,-37.5,-38.4,-40.3,-42.1,-42.8,-41.9,-40.0,516.2,516.9,517.4,517.3,516.7,516.2,515.5,515.6,520.0,517.6,515.5,514.7,515.4,516.9,518.6,516.7,515.0,514.4,515.3,517.4,516.9,516.8,517.0,517.3,517.6,517.6,517.5,517.1,536.0,537.1,538.9,540.2,540.4,539.3,537.5,536.2,536.2,535.6,535.5,536.7,539.5,543.0,546.3,543.0,539.5,537.0,535.7,535.7,538.0,538.6,539.4,539.9,539.8,539.2,538.5,538.0,33.9,-6.3,645.1,0.202,-0.217,0.05,222.4,222.4,223.7,226.2,231.0,238.3,247.3,257.8,268.3,276.9,283.0,288.8,294.0,298.0,300.8,302.6,303.2,235.3,242.2,251.0,259.8,267.6,282.7,289.0,295.1,300.8,303.8,275.2,276.2,277.3,278.3,266.2,270.6,275.1,279.1,282.4,244.3,249.9,256.0,260.8,255.6,249.5,282.9,287.9,293.3,296.7,293.6,288.2,254.5,262.6,270.0,273.7,277.5,281.9,284.7,281.0,276.2,272.0,267.8,261.1,257.5,269.3,273.2,276.9,282.5,276.2,272.3,268.3,158.7,170.9,182.9,194.5,205.3,214.8,222.6,228.4,229.9,227.7,221.0,212.8,203.6,193.5,183.0,172.0,161.0,150.8,145.9,144.6,145.9,149.0,149.0,146.1,145.1,146.4,150.9,158.4,165.8,173.2,180.9,186.4,187.8,189.1,188.0,186.5,159.2,156.3,156.5,160.5,161.6,161.5,160.6,156.7,156.8,159.7,161.9,161.9,202.5,199.2,197.5,198.7,197.7,199.6,202.7,209.8,212.8,213.3,212.8,209.6,202.7,201.4,201.8,201.5,203.1,206.7,207.3,206.8,-47.0,-47.2,-45.4,-41.3,-32.9,-20.1,-4.6,13.2,31.1,46.5,58.2,69.5,79.3,86.4,91.2,94.5,95.7,-23.8,-12.6,1.5,15.7,28.1,53.0,64.1,75.2,86.0,92.4,40.7,41.8,43.1,44.4,25.9,33.1,40.3,46.9,52.6,-9.2,-0.2,9.7,17.6,9.2,-0.8,54.7,63.2,72.7,79.3,73.3,63.9,7.5,20.5,32.3,38.3,44.6,52.7,58.5,51.6,43.1,36.1,29.1,18.1,12.4,31.3,37.6,44.0,54.6,43.1,36.5,29.9,-49.1,-28.5,-7.9,12.1,30.9,47.1,60.2,69.6,72.3,69.4,59.2,45.3,29.0,10.8,-8.1,-27.8,-47.7,-59.6,-67.1,-68.9,-66.5,-61.4,-62.5,-68.0,-70.8,-69.7,-62.9,-47.0,-34.6,-22.6,-10.4,-1.8,0.6,2.6,0.8,-1.6,-46.0,-50.7,-50.4,-44.1,-42.1,-42.1,-44.6,-51.4,-51.7,-47.2,-43.0,-42.7,24.8,19.0,16.2,18.1,16.5,20.0,25.7,37.2,41.6,42.2,41.3,36.2,25.1,22.5,23.2,22.8,26.2,31.6,32.3,31.4,666.0,669.6,673.8,676.4,676.2,674.5,670.3,664.4,665.4,674.8,688.8,699.4,703.5,702.9,701.5,701.4,702.0,634.3,629.9,626.7,624.3,623.8,633.3,641.8,651.3,661.3,671.0,630.0,624.4,618.5,612.9,626.9,626.6,626.9,630.5,634.7,635.6,633.6,635.0,636.9,635.1,633.7,649.0,651.9,656.5,663.2,656.8,652.3,644.9,634.3,630.4,632.0,634.7,644.8,659.3,649.8,642.5,639.5,637.9,639.4,643.6,633.8,634.8,638.0,656.0,641.7,638.6,637.4,0.601,0.203,-0.283,0.063,270.447,183.429,-22.387,13.969,-2.434,19.083,6.939,-7.916,-0.413,1.825,5.034,-1.943,0.566,0.175,0.964,-2.379,-1.338,0.264,1.585,1.511,-2.109,-0.236,0.355,-0.134,0.192,-0.205,0.072,0.147,0.271,0.038,-0.065,0.027,-0.035,0.011,-0.001,-0.003,0.31,0.1,0.0,0.49,0.0,0.0,0.01,0.0,0.0,0.0,0.0,0.0,0.0,0.0,0.76,0.0,0.0,1.0,1.0,0.0,0.0,0.0,0.0,0.0,0.0,0.0,0.0,0.0,0.0,0.0,0.0,1.0,1.0,1.0,0.0
PP133,g1,2600,0,0.975,0.219566,0.185198,-0.957858,0.064052,0.179492,-0.981672,0.145,0.186,248.9,250.3,253.4,256.6,257.8,256.6,253.2,250.1,244.4,246.5,249.5,253.0,256.4,258.9,260.6,258.5,255.6,252.5,249.3,246.5,251.9,253.2,254.6,255.2,254.7,253.3,251.9,251.3,285.9,286.9,289.6,292.4,293.8,292.8,290.1,287.0,282.9,284.8,287.5,290.7,293.5,295.4,296.5,295.4,293.6,291.1,288.2,285.2,288.5,289.7,290.9,291.3,290.7,289.5,288.3,287.9,158.0,154.9,153.7,155.1,158.3,161.7,162.7,161.3,159.5,157.7,156.6,156.1,156.8,158.4,160.6,161.6,161.8,161.9,161.6,160.9,159.7,160.3,159.7,158.4,157.0,156.3,156.9,158.2,158.5,155.4,154.1,155.3,158.4,161.5,162.8,161.8,160.7,158.6,157.0,156.4,156.9,158.1,159.9,161.2,161.9,162.2,162.1,161.7,159.9,160.4,159.9,158.5,157.2,156.7,157.2,158.6,-1.5,0.3,4.6,8.7,10.3,8.7,4.2,0.1,-7.4,-4.6,-0.7,4.0,8.5,11.8,14.0,11.3,7.4,3.2,-0.9,-4.7,2.5,4.3,6.1,6.9,6.2,4.4,2.6,1.8,49.3,50.7,54.6,58.7,60.6,59.1,55.2,50.8,45.1,47.7,51.3,55.9,60.1,63.1,65.0,63.1,60.2,56.5,52.4,48.2,53.0,54.8,56.5,57.1,56.3,54.5,52.8,52.2,-38.9,-43.2,-44.8,-42.9,-38.6,-34.1,-32.7,-34.6,-37.3,-39.5,-40.9,-41.4,-40.5,-38.5,-35.8,-34.3,-33.9,-33.7,-34.2,-35.3,-36.9,-36.0,-36.8,-38.6,-40.5,-41.3,-40.6,-38.8,-39.8,-44.1,-46.0,-44.5,-40.3,-35.9,-34.0,-35.3,-36.8,-39.7,-41.7,-42.8,-42.3,-40.9,-38.6,-36.5,-35.3,-34.8,-34.9,-35.4,-38.0,-37.3,-38.2,-40.0,-41.9,-42.6,-41.7,-39.8,516.5,517.3,517.7,517.6,517.0,516.5,515.8,515.9,520.3,517.9,515.9,515.0,515.8,517.3,518.9,517.1,515.3,514.7,515.7,517.7,517.2,517.2,517.4,517.7,517.9,518.0,517.8,517.5,535.9,537.0,538.8,540.2,540.3,539.2,537.4,536.2,536.1,535.5,535.5,536.6,539.4,542.9,546.2,542.9,539.5,536.9,535.6,535.6,538.0,538.6,539.3,539.8,539.8,539.2,538.4,537.9,33.9,-6.0,645.8,0.201,-0.216,0.047,222.4,222.4,223.7,226.2,231.1,238.5,247.5,257.8,268.3,276.9,283.0,288.8,294.0,298.0,300.8,302.6,303.2,235.2,242.1,250.8,259.7,267.5,282.6,288.9,295.0,300.7,303.7,275.2,276.1,277.2,278.2,266.1,270.6,275.0,279.0,282.3,244.3,249.8,255.9,260.8,255.6,249.4,282.8,287.8,293.2,296.6,293.5,288.2,254.5,262.5,269.9,273.6,277.4,281.9,284.6,281.0,276.2,272.0,267.7,261.0,257.4,269.2,273.1,276.9,282.5,276.2,272.3,268.3,159.1,171.3,183.4,195.0,205.9,215.3,223.0,228.7,230.2,227.9,221.2,212.9,203.7,193.6,183.0,172.1,161.0,151.0,146.1,144.9,146.2,149.3,149.2,146.3,145.3,146.5,151.0,158.5,166.0,173.5,181.1,186.6,188.1,189.3,188.2,186.7,159.4,156.5,156.7,160.7,161.8,161.7,160.8,156.8,156.9,159.8,162.1,162.1,202.6,199.4,197.7,198.9,197.8,199.8,202.8,209.9,212.9,213.4,212.9,209.8,202.9,201.6,201.9,201.6,203.2,206.8,207.4,206.9,-47.1,-47.3,-45.4,-41.2,-32.7,-19.9,-4.4,13.3,31.2,46.5,58.3,69.5,79.4,86.5,91.3,94.5,95.6,-24.1,-12.8,1.4,15.5,27.9,53.0,64.0,75.1,85.9,92.4,40.6,41.8,43.1,44.3,25.9,33.0,40.2,46.9,52.6,-9.3,-0.3,9.7,17.6,9.1,-0.9,54.6,63.1,72.6,79.2,73.2,63.8,7.4,20.4,32.2,38.3,44.6,52.7,58.5,51.6,43.1,36.0,29.0,18.1,12.2,31.2,37.6,43.9,54.6,43.1,36.5,29.9,-48.5,-27.7,-7.0,13.0,31.9,48.0,61.0,70.2,72.8,69.9,59.5,45.6,29.2,10.9,-8.0,-27.6,-47.6,-59.3,-66.8,-68.5,-66.1,-61.1,-62.2,-67.7,-70.5,-69.5,-62.8,-46.8,-34.4,-22.3,-10.0,-1.5,0.9,3.0,1.2,-1.3,-45.7,-50.4,-50.1,-43.8,-41.8,-41.8,-44.4,-51.2,-51.5,-47.0,-42.8,-42.5,25.0,19.3,16.5,18.5,16.8,20.3,25.9,37.4,41.9,42.5,41.6,36.5,25.3,22.8,23.5,23.1,26.4,31.8,32.6,31.7,666.9,670.4,674.6,677.3,676.9,675.2,671.0,665.0,666.0,675.4,689.3,699.9,703.9,703.2,701.9,701.8,702.4,635.1,630.7,627.5,625.0,624.5,634.1,642.5,651.9,661.9,671.7,630.8,625.2,619.2,613.7,627.7,627.2,627.6,631.2,635.4,636.4,634.3,635.8,637.6,635.8,634.5,649.7,652.6,657.2,663.8,657.5,653.0,645.7,635.2,631.3,632.8,635.6,645.6,660.0,650.5,643.3,640.3,638.7,640.2,644.5,634.6,635.7,638.9,656.7,642.5,639.4,638.2,0.6,0.202,-0.281,0.06,270.402,183.632,-23.283,14.311,-2.161,18.925,7.324,-7.289,-0.61,1.258,4.858,-2.2,0.94,0.19,0.921,-2.286,-1.151,0.134,1.613,1.424,-2.21,-0.249,0.389,-0.316,0.128,-0.19,0.154,0.16,0.271,0.033,-0.062,0.022,-0.036,0.017,-0.001,-0.002,0.5,0.31,0.0,0.64,0.0,0.0,0.11,0.11,0.0,0.0,0.0,0.0,0.0,0.0,0.83,0.0,0.0,1.0,1.0,0.0,0.0,0.0,0.0,0.0,0.0,0.0,0.0,0.0,0.0,0.0,0.0,1.0,1.0,1.0,0.0
PP133,g1,2606,0,0.975,0.220089,0.193053,-0.956186,0.063518,0.187108,-0.980284,0.145,0.194,249.0,250.4,253.6,256.7,257.9,256.7,253.3,250.2,244.6,246.7,249.7,253.2,256.6,259.1,260.7,258.7,255.8,252.6,249.5,246.6,252.0,253.4,254.8,255.4,254.9,253.5,252.1,251.5,286.0,287.0,289.7,292.6,293.9,292.9,290.3,287.1,283.0,284.9,287.6,290.8,293.6,295.5,296.6,295.5,293.7,291.3,288.3,285.3,288.6,289.9,291.1,291.5,290.9,289.6,288.4,288.0,158.3,155.1,153.9,155.4,158.6,162.0,163.0,161.5,159.7,157.9,156.8,156.3,157.1,158.7,160.8,161.8,162.1,162.2,161.8,161.1,159.9,160.5,160.0,158.6,157.2,156.6,157.1,158.5,158.7,155.6,154.3,155.5,158.6,161.7,163.0,162.0,160.9,158.8,157.3,156.6,157.1,158.2,160.0,161.4,162.1,162.4,162.3,161.9,160.1,160.6,160.1,158.7,157.4,156.9,157.4,158.8,-1.3,0.6,4.8,8.9,10.5,8.9,4.4,0.3,-7.2,-4.4,-0.5,4.2,8.7,12.0,14.3,11.5,7.7,3.4,-0.7,-4.5,2.7,4.5,6.3,7.2,6.5,4.7,2.8,2.0,49.5,50.9,54.8,58.9,60.8,59.4,55.5,51.1,45.4,48.0,51.6,56.2,60.3,63.4,65.3,63.4,60.5,56.8,52.6,48.5,53.3,55.1,56.8,57.4,56.6,54.8,53.1,52.5,-38.7,-42.9,-44.5,-42.6,-38.3,-33.7,-32.4,-34.3,-37.0,-39.2,-40.6,-41.1,-40.2,-38.2,-35.5,-34.0,-33.6,-33.4,-33.9,-35.0,-36.6,-35.7,-36.5,-38.3,-40.2,-41.0,-40.3,-38.5,-39.5,-43.9,-45.8,-44.3,-40.1,-35.7,-33.8,-35.1,-36.6,-39.4,-41.5,-42.6,-42.1,-40.7,-38.5,-36.4,-35.1,-34.5,-34.6,-35.1,-37.8,-37.1,-38.0,-39.9,-41.7,-42.4,-41.5,-39.6,517.0,517.7,518.1,518.0,517.5,517.0,516.3,516.4,520.7,518.4,516.3,515.4,516.2,517.7,519.4,517.6,515.8,515.2,516.1,518.2,517.7,517.6,517.8,518.1,518.4,518.4,518.2,517.9,536.7,537.8,539.6,541.0,541.2,540.1,538.3,537.1,537.0,536.4,536.3,537.5,540.2,543.8,547.1,543.8,540.4,537.8,536.5,536.5,538.8,539.4,540.2,540.7,540.6,540.0,539.2,538.7,34.1,-6.0,646.9,0.213,-0.216,0.049,222.4,222.5,223.8,226.2,231.1,238.4,247.4,257.9,268.4,277.0,283.2,289.0,294.2,298.2,300.9,302.7,303.3,235.3,242.2,251.0,260.0,267.8,282.7,289.0,295.2,300.8,303.9,275.3,276.2,277.3,278.4,266.2,270.7,275.2,279.1,282.4,244.4,250.0,256.1,260.9,255.7,249.6,283.0,287.9,293.3,296.7,293.6,288.3,254.7,262.8,270.1,273.7,277.5,281.9,284.7,281.0,276.3,272.1,267.9,261.2,257.6,269.4,273.2,276.9,282.5,276.3,272.4,268.5,158.9,171.0,183.0,194.5,205.3,214.7,222.5,228.3,229.8,227.5,220.7,212.5,203.3,193.3,182.8,172.0,161.0,151.3,146.4,145.2,146.5,149.7,149.6,146.7,145.5,146.7,151.1,158.9,166.4,173.8,181.5,186.8,188.3,189.6,188.4,186.9,159.7,156.7,157.0,160.9,162.1,162.0,161.0,157.0,157.1,160.0,162.2,162.3,202.7,199.5,197.9,199.1,198.0,199.9,202.8,209.8,212.8,213.3,212.8,209.7,202.9,201.7,202.1,201.7,203.2,206.7,207.3,206.8,-47.1,-47.3,-45.4,-41.3,-32.9,-20.0,-4.4,13.5,31.4,46.8,58.7,70.0,79.8,86.9,91.7,94.9,96.1,-23.9,-12.6,1.7,15.9,28.4,53.1,64.2,75.4,86.2,92.7,40.9,42.0,43.4,44.6,26.1,33.3,40.5,47.1,52.9,-9.1,-0.0,9.9,17.8,9.3,-0.6,54.9,63.4,72.9,79.5,73.5,64.1,7.8,20.8,32.5,38.5,44.8,52.9,58.7,51.8,43.3,36.3,29.4,18.5,12.6,31.6,37.8,44.2,54.8,43.3,36.8,30.2,-48.9,-28.3,-7.8,12.1,30.9,47.1,60.2,69.6,72.3,69.3,58.8,44.9,28.6,10.4,-8.4,-27.9,-47.7,-58.9,-66.4,-68.0,-65.6,-60.4,-61.6,-67.2,-70.1,-69.2,-62.6,-46.2,-33.8,-21.7,-9.5,-1.1,1.3,3.3,1.5,-0.9,-45.4,-50.0,-49.7,-43.4,-41.4,-41.5,-44.1,-50.9,-51.2,-46.8,-42.6,-42.2,25.1,19.6,16.9,18.8,17.2,20.5,25.9,37.3,41.7,42.3,41.5,36.5,25.4,23.1,23.8,23.4,26.5,31.7,32.5,31.7,667.9,671.7,676.0,678.7,678.6,677.0,672.9,666.9,667.9,677.3,691.3,701.9,705.9,705.1,703.7,703.4,703.8,635.8,631.1,627.8,625.3,624.9,634.4,642.7,652.2,662.4,672.3,631.3,625.9,620.0,614.6,628.8,628.5,628.8,632.4,636.5,637.0,634.9,636.3,638.3,636.5,635.2,650.5,653.3,657.9,664.6,658.3,653.8,647.0,636.5,632.6,634.1,636.8,646.9,661.4,651.9,644.7,641.7,640.1,641.5,645.7,635.9,637.0,640.2,658.1,643.8,640.6,639.4,0.599,0.214,-0.281,0.062,270.524,183.668,-20.622,14.112,-2.827,18.118,7.333,-7.479,-0.524,1.681,5.083,-1.725,0.692,0.238,0.769,-2.159,-1.258,0.09,1.554,1.502,-2.214,-0.121,0.366,-0.228,0.243,-0.148,0.14,0.125,0.247,0.041,-0.058,0.025,-0.037,0.015,0.0,-0.005,0.65,0.26,0.0,0.72,0.0,0.0,0.1,0.0,0.0,0.0,0.0,0.0,0.0,0.0,0.84,0.06,0.0,1.0,1.0,0.0,1.0,0.0,0.0,0.0,0.0,0.0,0.0,0.0,0.0,0.0,0.0,1.0,1.0,1.0,0.0
PP133,g1,2612,0,0.975,0.219517,0.18993,-0.956943,0.062582,0.184104,-0.980913,0.145,0.191,249.1,250.5,253.7,256.8,258.0,256.8,253.4,250.3,244.6,246.8,249.7,253.2,256.7,259.2,260.8,258.8,255.9,252.7,249.5,246.7,252.1,253.5,254.9,255.5,254.9,253.6,252.2,251.6,286.2,287.1,289.8,292.7,294.0,293.1,290.4,287.3,283.1,285.1,287.7,290.9,293.8,295.7,296.7,295.7,293.9,291.4,288.5,285.4,288.7,290.0,291.2,291.6,291.0,289.8,288.6,288.2,158.6,155.4,154.2,155.6,158.9,162.3,163.3,161.8,160.0,158.2,157.1,156.6,157.4,158.9,161.1,162.1,162.4,162.5,162.1,161.4,160.2,160.8,160.3,158.9,157.5,156.9,157.4,158.8,159.0,155.9,154.6,155.8,158.9,162.0,163.3,162.3,161.2,159.1,157.6,156.9,157.4,158.5,160.3,161.7,162.4,162.7,162.6,162.3,160.4,160.9,160.4,159.0,157.7,157.2,157.7,159.1,-1.2,0.6,4.9,9.0,10.6,9.0,4.5,0.4,-7.1,-4.3,-0.4,4.3,8.8,12.1,14.3,11.6,7.7,3.5,-0.6,-4.4,2.8,4.6,6.4,7.2,6.5,4.7,2.9,2.1,49.6,51.0,54.9,59.0,60.9,59.4,55.5,51.1,45.4,48.0,51.7,56.2,60.4,63.4,65.3,63.5,60.5,56.9,52.7,48.6,53.3,55.1,56.8,57.5,56.6,54.8,53.1,52.5,-38.1,-42.4,-44.0,-42.1,-37.8,-33.2,-31.9,-33.8,-36.5,-38.7,-40.1,-40.6,-39.7,-37.7,-35.0,-33.5,-33.0,-32.9,-33.4,-34.5,-36.1,-35.2,-36.0,-37.8,-39.7,-40.5,-39.8,-38.0,-39.0,-43.3,-45.3,-43.8,-39.6,-35.2,-33.3,-34.5,-36.1,-38.9,-41.0,-42.1,-41.6,-40.2,-38.0,-35.8,-34.6,-34.0,-34.1,-34.6,-37.3,-36.6,-37.4,-39.3,-41.2,-41.9,-41.0,-39.1,515.2,515.9,516.3,516.2,515.7,515.2,514.5,514.6,518.9,516.6,514.5,513.6,514.4,515.9,517.6,515.8,514.0,513.4,514.3,516.4,515.9,515.8,516.0,516.3,516.6,516.6,516.4,516.1,535.6,536.7,538.4,539.8,540.0,538.9,537.2,535.9,535.9,535.2,535.2,536.3,539.1,542.6,545.9,542.6,539.2,536.7,535.4,535.4,537.7,538.3,539.0,539.5,539.4,538.8,538.1,537.6,34.4,-5.6,647.0,0.209,-0.216,0.048,222.6,222.6,223.9,226.4,231.2,238.6,247.6,258.1,268.6,277.2,283.3,289.1,294.3,298.3,301.0,302.8,303.5,235.4,242.3,251.1,260.0,267.9,282.8,289.1,295.3,301.0,304.0,275.4,276.3,277.4,278.5,266.4,270.8,275.3,279.2,282.6,244.5,250.1,256.2,261.0,255.8,249.7,283.1,288.0,293.4,296.9,293.8,288.4,255.0,263.0,270.3,273.9,277.6,282.1,284.9,281.2,276.5,272.4,268.2,261.6,257.9,269.6,273.4,277.1,282.7,276.5,272.7,268.7,159.3,171.4,183.3,194.7,205.5,214.8,222.5,228.3,229.8,227.5,220.9,212.8,203.7,193.7,183.2,172.4,161.3,151.6,146.7,145.4,146.8,150.0,149.9,146.9,145.8,147.0,151.5,159.2,166.7,174.1,181.7,187.1,188.6,189.8,188.7,187.2,159.9,157.0,157.2,161.2,162.4,162.3,161.3,157.3,157.4,160.3,162.6,162.6,202.9,199.8,198.2,199.4,198.3,200.2,203.1,210.0,212.9,213.4,212.9,209.9,203.2,202.0,202.4,202.0,203.5,206.9,207.4,206.9,-46.9,-47.1,-45.1,-41.0,-32.7,-19.8,-4.1,13.8,31.8,47.1,59.0,70.3,80.1,87.2,92.0,95.2,96.4,-23.8,-12.5,1.8,16.1,28.6,53.2,64.4,75.6,86.4,93.0,41.1,42.2,43.5,44.8,26.4,33.5,40.7,47.3,53.1,-9.0,0.1,10.1,18.0,9.5,-0.5,55.1,63.6,73.2,79.8,73.8,64.3,8.2,21.2,32.8,38.8,45.1,53.1,59.0,52.1,43.7,36.7,29.8,19.0,13.1,31.9,38.2,44.4,55.1,43.6,37.1,30.7,-48.2,-27.8,-7.3,12.5,31.2,47.3,60.3,69.6,72.3,69.4,59.2,45.5,29.3,11.1,-7.7,-27.3,-47.2,-58.5,-66.0,-67.7,-65.2,-60.0,-61.1,-66.8,-69.7,-68.7,-62.1,-45.7,-33.4,-21.3,-9.1,-0.6,1.7,3.7,2.0,-0.5,-45.0,-49.6,-49.3,-43.0,-41.0,-41.0,-43.6,-50.5,-50.7,-46.3,-42.0,-41.7,25.6,20.1,17.3,19.3,17.6,21.0,26.4,37.5,41.9,42.5,41.6,36.7,25.9,23.6,24.3,23.8,26.9,31.9,32.7,31.8,668.4,672.0,676.2,678.9,678.8,677.2,672.9,666.8,667.8,677.2,691.4,702.2,706.5,705.8,704.4,704.2,704.5,636.3,631.6,628.3,625.7,625.2,634.4,642.8,652.4,662.6,672.6,631.5,626.0,620.1,614.6,628.9,628.6,628.9,632.5,636.6,637.6,635.4,636.8,638.7,637.0,635.6,650.7,653.5,658.1,664.9,658.5,654.0,647.0,636.4,632.5,634.0,636.7,646.8,661.3,651.6,644.3,641.4,639.8,641.4,645.6,635.9,637.0,640.1,657.9,643.5,640.4,639.2,0.599,0.21,-0.281,0.062,270.676,183.918,-18.715,13.206,-3.488,18.147,7.37,-7.377,-0.517,2.151,4.834,-1.652,0.743,0.074,0.807,-2.315,-1.383,0.174,1.657,1.372,-2.153,-0.058,0.388,-0.212,0.208,-0.142,0.149,0.192,0.2,0.032,-0.059,0.03,-0.038,0.007,-0.004,-0.002,0.24,0.01,0.0,0.98,0.0,0.0,0.01,0.0,0.0,0.07,0.0,0.0,0.0,0.0,0.79,0.0,0.0,1.0,1.0,0.0,0.0,0.0,0.0,0.0,0.0,0.0,0.0,0.0,0.0,0.0,0.0,1.0,1.0,1.0,0.0
PP133,g1,2618,0,0.975,0.221952,0.189907,-0.956385,0.064337,0.184512,-0.980722,0.147,0.191,249.6,251.0,254.1,257.3,258.5,257.3,253.9,250.8,245.1,247.2,250.2,253.7,257.1,259.6,261.3,259.2,256.4,253.2,250.0,247.2,252.6,253.9,255.3,255.9,255.4,254.0,252.7,252.0,286.6,287.6,290.3,293.1,294.5,293.5,290.8,287.7,283.6,285.5,288.2,291.4,294.2,296.1,297.2,296.1,294.3,291.8,288.9,285.9,289.2,290.5,291.6,292.1,291.5,290.2,289.0,288.6,158.9,155.7,154.5,155.9,159.2,162.6,163.6,162.1,160.3,158.5,157.4,156.9,157.7,159.2,161.4,162.4,162.7,162.8,162.4,161.7,160.5,161.1,160.6,159.2,157.8,157.2,157.7,159.1,159.3,156.2,154.9,156.1,159.2,162.3,163.6,162.6,161.5,159.4,157.9,157.2,157.7,158.8,160.6,162.0,162.7,163.0,162.9,162.5,160.7,161.2,160.7,159.3,158.0,157.4,158.0,159.4,-0.6,1.3,5.5,9.6,11.2,9.6,5.1,1.0,-6.5,-3.7,0.3,4.9,9.4,12.7,15.0,12.2,8.4,4.2,0.0,-3.8,3.4,5.2,7.0,7.9,7.2,5.4,3.5,2.7,50.3,51.8,55.7,59.8,61.7,60.2,56.3,51.9,46.2,48.8,52.4,57.0,61.2,64.2,66.1,64.2,61.3,57.6,53.5,49.3,54.1,55.9,57.6,58.2,57.4,55.6,53.9,53.3,-37.7,-42.0,-43.6,-41.7,-37.4,-32.8,-31.5,-33.4,-36.1,-38.3,-39.6,-40.2,-39.3,-37.3,-34.6,-33.1,-32.7,-32.5,-33.0,-34.1,-35.7,-34.8,-35.6,-37.4,-39.3,-40.1,-39.4,-37.6,-38.7,-43.1,-45.0,-43.4,-39.3,-34.9,-33.0,-34.2,-35.8,-38.6,-40.7,-41.7,-41.2,-39.9,-37.7,-35.5,-34.3,-33.7,-33.8,-34.3,-37.0,-36.3,-37.1,-39.0,-40.9,-41.6,-40.7,-38.8,515.2,515.9,516.3,516.3,515.7,515.2,514.5,514.6,518.9,516.6,514.5,513.6,514.4,516.0,517.7,515.8,514.0,513.5,514.3,516.4,515.9,515.9,516.1,516.4,516.6,516.6,516.4,516.1,536.9,538.0,539.7,541.1,541.3,540.2,538.5,537.2,537.2,536.5,536.5,537.6,540.4,543.9,547.3,543.9,540.5,538.0,536.7,536.7,539.0,539.6,540.4,540.8,540.7,540.1,539.4,538.9,35.2,-5.1,646.3,0.206,-0.219,0.047,222.9,222.9,224.2,226.7,231.5,238.9,248.0,258.6,269.1,277.7,283.8,289.5,294.7,298.7,301.4,303.2,303.9,235.8,242.7,251.6,260.5,268.4,283.3,289.6,295.7,301.4,304.5,275.9,276.9,278.0,279.1,266.9,271.4,275.8,279.8,283.1,244.9,250.5,256.6,261.5,256.3,250.2,283.6,288.5,293.9,297.3,294.2,288.9,255.5,263.7,270.9,274.5,278.3,282.7,285.4,281.9,277.2,273.1,268.9,262.2,258.5,270.2,274.0,277.7,283.3,277.2,273.3,269.4,159.6,171.6,183.5,195.0,205.7,215.1,222.8,228.6,230.1,227.8,221.2,213.0,203.9,193.9,183.4,172.6,161.6,151.9,147.0,145.8,147.2,150.3,150.2,147.3,146.2,147.3,151.8,159.5,167.0,174.4,182.0,187.4,188.9,190.1,189.0,187.5,160.2,157.3,157.6,161.5,162.7,162.6,161.6,157.6,157.7,160.6,162.8,162.9,203.3,200.1,198.5,199.7,198.6,200.5,203.4,210.2,213.0,213.5,213.1,210.1,203.5,202.4,202.7,202.4,203.7,206.9,207.5,207.0,-46.3,-46.5,-44.6,-40.5,-32.1,-19.2,-3.4,14.6,32.7,48.0,59.8,71.1,80.9,88.0,92.7,95.9,97.1,-23.1,-11.7,2.5,16.8,29.3,54.0,65.1,76.3,87.2,93.8,41.8,43.0,44.4,45.7,27.2,34.4,41.6,48.2,53.9,-8.2,0.9,10.8,18.7,10.3,0.3,55.9,64.4,73.9,80.5,74.5,65.0,9.2,22.2,33.8,39.8,46.0,54.0,59.9,53.1,44.7,37.8,30.9,20.1,14.1,32.9,39.1,45.4,56.0,44.7,38.2,31.7,-47.7,-27.3,-6.8,13.0,31.7,47.7,60.7,70.0,72.7,69.8,59.6,45.9,29.7,11.6,-7.3,-26.9,-46.7,-58.0,-65.4,-67.0,-64.5,-59.4,-60.5,-66.1,-69.0,-68.1,-61.5,-45.2,-32.8,-20.8,-8.6,-0.1,2.2,4.2,2.4,-0.0,-44.5,-49.0,-48.8,-42.5,-40.4,-40.5,-43.1,-49.9,-50.2,-45.8,-41.6,-41.2,26.1,20.6,17.8,19.7,18.1,21.4,26.8,37.7,42.0,42.6,41.8,37.0,26.4,24.1,24.8,24.3,27.3,32.0,32.8,31.9,667.5,671.1,675.4,678.1,678.0,676.3,671.9,665.8,666.9,676.6,690.9,701.9,706.3,705.7,704.3,703.9,704.3,635.4,630.7,627.5,625.0,624.5,633.9,642.4,652.0,662.2,672.3,630.9,625.4,619.5,614.0,628.1,627.9,628.2,631.8,636.0,636.7,634.6,636.0,638.0,636.2,634.8,650.2,653.1,657.7,664.5,658.1,653.6,645.9,635.4,631.7,633.2,636.0,646.0,660.6,650.7,643.4,640.4,638.8,640.3,644.6,635.1,636.2,639.4,657.1,642.5,639.3,638.2,0.6,0.209,-0.287,0.061,271.184,184.194,-17.184,13.258,-4.034,17.583,6.819,-7.267,-0.763,2.282,4.895,-1.941,0.779,0.08,0.841,-2.225,-1.28,0.119,1.503,1.229,-1.966,-0.306,0.526,-0.333,0.121,-0.173,0.071,0.214,0.184,0.042,-0.065,0.021,-0.038,0.007,-0.002,-0.001,0.57,0.16,0.0,0.8,0.0,0.0,0.09,0.03,0.0,0.11,0.0,0.0,0.0,0.0,0.67,0.0,0.0,1.0,1.0,0.0,1.0,0.0,0.0,0.0,0.0,0.0,0.0,0.0,0.0,0.0,0.0,1.0,1.0,1.0,0.0
PP133,g1,2624,0,0.975,0.228475,0.18932,-0.954965,0.070555,0.184362,-0.980323,0.153,0.191,249.9,251.2,254.4,257.6,258.8,257.6,254.2,251.1,245.4,247.5,250.5,254.0,257.4,259.9,261.6,259.6,256.7,253.5,250.3,247.5,252.9,254.2,255.6,256.3,255.7,254.3,252.9,252.3,286.9,287.8,290.5,293.4,294.7,293.8,291.1,288.0,283.9,285.8,288.4,291.7,294.5,296.4,297.4,296.4,294.6,292.1,289.2,286.2,289.5,290.7,291.9,292.3,291.7,290.5,289.3,288.9,159.3,156.2,154.9,156.4,159.6,163.0,164.0,162.6,160.8,159.0,157.9,157.4,158.1,159.7,161.8,162.9,163.1,163.2,162.9,162.1,160.9,161.6,161.0,159.6,158.2,157.6,158.1,159.5,159.7,156.6,155.3,156.5,159.5,162.6,163.9,163.0,161.9,159.8,158.2,157.5,158.0,159.2,160.9,162.3,163.1,163.4,163.2,162.9,161.1,161.6,161.0,159.7,158.3,157.8,158.4,159.7,-0.2,1.6,5.9,10.0,11.6,10.0,5.5,1.4,-6.1,-3.3,0.6,5.3,9.8,13.1,15.4,12.6,8.8,4.6,0.4,-3.4,3.8,5.6,7.4,8.2,7.5,5.7,3.9,3.1,50.8,52.2,56.0,60.2,62.1,60.6,56.7,52.3,46.6,49.2,52.8,57.4,61.6,64.6,66.5,64.6,61.7,58.1,53.9,49.7,54.5,56.3,58.0,58.6,57.8,56.0,54.3,53.7,-37.1,-41.3,-43.0,-41.1,-36.7,-32.2,-30.9,-32.7,-35.5,-37.6,-39.0,-39.5,-38.6,-36.7,-34.0,-32.5,-32.0,-31.8,-32.3,-33.4,-35.0,-34.2,-34.9,-36.8,-38.6,-39.5,-38.7,-36.9,-38.2,-42.6,-44.5,-43.0,-38.8,-34.5,-32.5,-33.8,-35.3,-38.1,-40.2,-41.3,-40.8,-39.5,-37.2,-35.1,-33.9,-33.3,-33.4,-33.8,-36.5,-35.8,-36.7,-38.6,-40.4,-41.1,-40.2,-38.3,514.1,514.7,515.2,515.2,514.7,514.2,513.5,513.5,517.8,515.4,513.4,512.5,513.4,514.9,516.7,514.8,513.0,512.4,513.3,515.3,514.8,514.8,515.0,515.3,515.5,515.5,515.3,515.0,537.4,538.5,540.2,541.6,541.9,540.8,539.0,537.7,537.6,537.0,536.9,538.1,540.9,544.5,547.8,544.5,541.1,538.5,537.2,537.2,539.5,540.1,540.9,541.3,541.2,540.6,539.9,539.4,35.8,-4.7,646.5,0.204,-0.23,0.047,223.1,223.1,224.3,226.7,231.4,238.8,248.1,258.8,269.4,278.0,284.0,289.7,294.8,298.8,301.5,303.3,303.9,236.2,243.1,251.9,260.8,268.7,283.6,289.9,296.0,301.6,304.7,276.2,277.2,278.4,279.5,267.4,271.8,276.3,280.2,283.5,245.2,250.8,257.0,261.8,256.6,250.5,283.8,288.8,294.1,297.6,294.5,289.2,256.1,264.3,271.5,275.1,278.9,283.2,285.9,282.4,277.9,273.8,269.7,263.0,259.2,270.8,274.6,278.3,283.8,277.8,274.0,270.1,160.0,171.9,183.7,195.0,205.7,215.0,222.8,228.6,230.1,227.9,221.3,213.3,204.2,194.1,183.6,172.8,161.8,152.1,147.4,146.2,147.6,150.7,150.6,147.7,146.5,147.6,152.0,160.0,167.4,174.7,182.3,187.8,189.3,190.5,189.3,187.9,160.7,157.8,158.0,161.9,163.1,163.1,162.0,158.0,158.0,160.9,163.2,163.3,203.7,200.6,198.9,200.0,198.9,200.8,203.6,210.1,212.9,213.4,213.0,210.2,203.9,202.8,203.2,202.8,204.0,206.8,207.4,206.9,-45.9,-46.1,-44.3,-40.3,-32.2,-19.3,-3.3,15.0,33.2,48.5,60.2,71.4,81.3,88.3,93.0,96.2,97.4,-22.5,-11.1,3.1,17.3,29.8,54.6,65.6,76.7,87.5,94.2,42.3,43.6,45.0,46.5,27.9,35.1,42.3,48.9,54.6,-7.8,1.3,11.3,19.3,10.8,0.8,56.4,64.8,74.4,81.0,75.0,65.6,10.1,23.3,34.8,40.8,47.0,54.8,60.7,54.0,45.9,39.0,32.1,21.3,15.1,33.8,40.1,46.3,56.8,45.7,39.3,32.8,-46.9,-26.7,-6.5,13.1,31.6,47.6,60.6,70.0,72.7,70.0,59.9,46.3,30.2,12.0,-7.0,-26.6,-46.5,-57.5,-64.7,-66.3,-63.8,-58.8,-59.9,-65.5,-68.5,-67.7,-61.1,-44.5,-32.2,-20.3,-8.1,0.5,2.8,4.8,3.0,0.6,-43.7,-48.3,-48.0,-41.8,-39.7,-39.7,-42.5,-49.3,-49.6,-45.3,-41.0,-40.6,26.7,21.2,18.4,20.3,18.6,22.0,27.2,37.7,41.8,42.4,41.6,37.1,27.0,24.9,25.5,25.0,27.7,31.8,32.5,31.7,666.7,670.2,674.4,677.2,677.4,675.7,671.4,665.4,666.7,676.6,691.3,702.9,707.8,707.3,705.8,705.3,705.5,635.0,630.3,627.2,624.9,624.6,634.1,642.6,652.4,662.6,672.6,631.2,625.7,619.8,614.3,628.2,628.1,628.5,632.2,636.4,636.6,634.4,635.9,638.1,636.2,634.7,650.6,653.5,658.3,665.2,658.7,654.0,645.4,635.0,631.5,633.2,635.9,646.0,660.7,650.3,642.7,639.7,638.0,639.6,644.1,634.9,636.1,639.3,657.0,641.9,638.7,637.5,0.6,0.208,-0.299,0.061,271.549,184.459,-14.171,11.621,-5.893,16.521,5.61,-6.989,-1.4,2.894,4.346,-1.894,0.537,0.287,0.561,-2.346,-1.167,0.025,1.383,0.917,-1.629,-0.467,0.585,-0.321,-0.022,-0.187,0.089,0.208,0.174,0.042,-0.072,0.021,-0.026,-0.0,-0.004,-0.005,0.39,0.02,0.0,0.35,0.0,0.0,0.22,0.0,0.0,0.0,0.0,0.0,0.0,0.0,0.55,0.17,0.0,0.0,1.0,0.0,0.0,0.0,0.0,0.0,0.0,0.0,0.0,0.0,0.0,0.0,0.0,1.0,1.0,1.0,0.0
PP133,g1,2630,0,0.975,0.226303,0.188637,-0.955617,0.068799,0.183635,-0.980584,0.151,0.19,249.7,251.1,254.3,257.5,258.7,257.5,254.1,251.0,245.2,247.4,250.4,253.9,257.3,259.8,261.5,259.5,256.6,253.4,250.2,247.3,252.8,254.1,255.5,256.2,255.6,254.2,252.8,252.2,286.9,287.8,290.5,293.4,294.7,293.8,291.1,288.0,283.8,285.8,288.4,291.6,294.4,296.4,297.4,296.4,294.5,292.1,289.2,286.1,289.4,290.7,291.9,292.3,291.7,290.5,289.3,288.9,159.6,156.4,155.2,156.6,159.9,163.3,164.3,162.9,161.0,159.3,158.1,157.7,158.4,159.9,162.1,163.1,163.4,163.5,163.2,162.4,161.2,161.8,161.3,159.9,158.5,157.9,158.4,159.8,159.9,156.9,155.5,156.7,159.8,162.8,164.2,163.2,162.1,160.0,158.5,157.8,158.3,159.4,161.2,162.5,163.3,163.6,163.5,163.1,161.3,161.8,161.2,159.9,158.6,158.0,158.6,160.0,-0.3,1.5,5.7,9.8,11.4,9.9,5.4,1.3,-6.3,-3.4,0.5,5.1,9.6,13.0,15.2,12.5,8.6,4.4,0.3,-3.5,3.6,5.5,7.3,8.1,7.4,5.6,3.7,2.9,50.6,52.0,55.9,60.0,61.9,60.5,56.6,52.2,46.5,49.1,52.7,57.3,61.4,64.5,66.4,64.5,61.6,57.9,53.8,49.6,54.4,56.2,57.9,58.5,57.7,55.9,54.2,53.6,-36.6,-40.9,-42.5,-40.7,-36.3,-31.8,-30.4,-32.3,-35.0,-37.2,-38.5,-39.1,-38.2,-36.3,-33.6,-32.1,-31.6,-31.4,-31.9,-33.0,-34.6,-33.7,-34.5,-36.3,-38.2,-39.0,-38.3,-36.5,-37.9,-42.2,-44.2,-42.6,-38.4,-34.1,-32.1,-33.4,-34.9,-37.7,-39.8,-40.9,-40.4,-39.1,-36.9,-34.7,-33.5,-32.9,-33.0,-33.4,-36.1,-35.4,-36.3,-38.2,-40.0,-40.7,-39.8,-37.9,513.1,513.8,514.2,514.2,513.7,513.3,512.6,512.7,516.9,514.5,512.4,511.6,512.4,514.0,515.7,513.9,512.1,511.5,512.4,514.4,513.9,513.9,514.1,514.4,514.6,514.6,514.4,514.1,536.5,537.6,539.3,540.7,540.9,539.9,538.1,536.8,536.8,536.1,536.0,537.2,540.0,543.5,546.9,543.5,540.2,537.6,536.3,536.3,538.6,539.2,540.0,540.4,540.3,539.7,539.0,538.5,35.8,-4.3,646.0,0.201,-0.226,0.044,223.1,223.1,224.4,226.8,231.6,239.1,248.3,259.0,269.6,278.2,284.2,289.8,295.0,298.9,301.5,303.4,304.0,235.9,242.9,251.7,260.7,268.6,283.5,289.8,295.9,301.6,304.8,276.1,277.1,278.3,279.5,267.3,271.8,276.3,280.2,283.5,245.1,250.7,256.8,261.7,256.5,250.4,283.8,288.7,294.1,297.6,294.5,289.1,256.2,264.4,271.5,275.1,278.9,283.2,286.0,282.5,278.0,273.9,269.8,263.2,259.2,270.8,274.6,278.4,283.9,278.0,274.1,270.2,160.3,172.2,184.0,195.4,206.1,215.3,223.0,228.8,230.2,228.0,221.5,213.4,204.3,194.3,183.8,173.0,162.0,152.5,147.6,146.4,147.8,151.0,150.8,147.9,146.7,147.8,152.2,160.2,167.7,175.1,182.7,188.2,189.6,190.9,189.7,188.2,160.9,158.1,158.3,162.2,163.4,163.4,162.2,158.3,158.3,161.1,163.4,163.5,204.0,201.0,199.3,200.5,199.4,201.2,203.9,210.2,212.9,213.4,213.0,210.3,204.2,203.3,203.6,203.2,204.3,206.8,207.4,206.9,-46.0,-46.1,-44.2,-40.2,-31.9,-18.9,-2.9,15.4,33.5,48.7,60.5,71.6,81.4,88.4,93.1,96.3,97.5,-22.9,-11.5,2.8,17.1,29.7,54.3,65.4,76.6,87.5,94.2,42.1,43.4,44.9,46.3,27.8,35.0,42.3,48.9,54.6,-8.0,1.1,11.1,19.1,10.6,0.6,56.3,64.8,74.3,81.0,74.9,65.5,10.2,23.4,34.7,40.7,47.0,54.8,60.8,54.1,46.1,39.2,32.3,21.5,15.2,33.8,40.1,46.4,56.9,45.9,39.4,33.0,-46.5,-26.2,-6.0,13.7,32.2,48.2,61.0,70.3,72.9,70.1,60.1,46.6,30.5,12.3,-6.7,-26.2,-46.0,-57.0,-64.3,-65.9,-63.4,-58.4,-59.5,-65.1,-68.1,-67.3,-60.7,-44.1,-31.7,-19.7,-7.5,1.1,3.4,5.4,3.6,1.1,-43.3,-47.8,-47.6,-41.3,-39.2,-39.2,-42.1,-48.9,-49.2,-44.9,-40.6,-40.1,27.2,21.9,19.1,21.0,19.3,22.6,27.7,37.7,41.7,42.3,41.6,37.3,27.5,25.6,26.2,25.7,28.2,31.7,32.4,31.7,667.1,670.6,674.8,677.6,677.6,675.7,671.1,664.8,666.0,676.0,690.9,702.6,707.5,707.1,705.6,705.0,705.2,635.2,630.4,627.1,624.7,624.2,633.6,642.1,651.9,662.1,672.2,630.9,625.3,619.3,613.7,627.9,627.7,628.0,631.7,636.0,636.5,634.2,635.7,637.8,635.9,634.6,650.2,653.1,657.9,664.8,658.3,653.7,644.9,634.6,631.2,632.8,635.6,645.6,660.2,649.5,641.9,638.8,637.2,638.9,643.5,634.6,635.8,639.0,656.4,641.1,637.9,636.7,0.6,0.205,-0.295,0.058,271.566,184.713,-12.37,11.904,-6.824,16.67,5.806,-5.686,-1.974,3.01,4.066,-1.785,0.315,0.292,0.651,-2.118,-1.298,0.014,1.081,0.782,-1.548,-0.666,0.626,-0.442,-0.037,-0.27,0.051,0.202,0.12,0.052,-0.081,0.02,-0.028,-0.001,-0.003,-0.006,0.55,0.23,0.0,0.42,0.0,0.0,0.34,0.0,0.0,0.08,0.0,0.0,0.0,0.0,0.38,0.0,0.0,1.0,1.0,0.0,1.0,0.0,0.0,0.0,0.0,0.0,0.0,0.0,0.0,0.0,0.0,1.0,1.0,1.0,0.0
PP133,g1,2636,0,0.975,0.2255,0.192294,-0.955077,0.067846,0.187564,-0.979906,0.15,0.194,250.1,251.5,254.7,257.8,259.0,257.9,254.5,251.3,245.6,247.7,250.7,254.3,257.7,260.2,261.9,259.8,256.9,253.7,250.5,247.7,253.1,254.5,255.9,256.5,255.9,254.6,253.2,252.6,287.2,288.2,290.9,293.7,295.1,294.1,291.4,288.3,284.2,286.1,288.8,292.0,294.8,296.7,297.8,296.7,294.9,292.4,289.5,286.5,289.8,291.1,292.2,292.7,292.1,290.8,289.6,289.2,159.9,156.8,155.5,156.9,160.2,163.6,164.6,163.2,161.3,159.6,158.5,158.0,158.7,160.3,162.4,163.4,163.7,163.8,163.5,162.7,161.5,162.2,161.6,160.2,158.8,158.2,158.7,160.1,160.2,157.1,155.8,157.0,160.0,163.1,164.5,163.5,162.4,160.3,158.8,158.1,158.6,159.7,161.4,162.8,163.6,163.9,163.8,163.4,161.6,162.1,161.5,160.2,158.8,158.3,158.9,160.3,0.1,1.9,6.1,10.3,11.9,10.3,5.9,1.7,-5.8,-3.0,0.9,5.6,10.1,13.4,15.7,12.9,9.1,4.9,0.7,-3.1,4.1,5.9,7.7,8.5,7.8,6.0,4.2,3.4,51.2,52.6,56.5,60.6,62.5,61.0,57.1,52.7,47.0,49.6,53.3,57.8,62.0,65.0,66.9,65.1,62.1,58.5,54.3,50.2,54.9,56.7,58.4,59.1,58.2,56.4,54.7,54.1,-36.2,-40.4,-42.1,-40.2,-35.9,-31.4,-30.0,-31.9,-34.6,-36.8,-38.1,-38.7,-37.8,-35.8,-33.2,-31.7,-31.1,-31.0,-31.5,-32.6,-34.2,-33.3,-34.1,-35.9,-37.8,-38.6,-37.9,-36.1,-37.5,-41.8,-43.8,-42.2,-38.1,-33.7,-31.8,-33.0,-34.5,-37.4,-39.5,-40.5,-40.0,-38.8,-36.5,-34.4,-33.1,-32.5,-32.6,-33.1,-35.8,-35.1,-35.9,-37.8,-39.7,-40.3,-39.5,-37.6,513.3,513.9,514.4,514.3,513.9,513.5,512.8,512.8,517.1,514.7,512.6,511.7,512.6,514.2,515.9,514.1,512.3,511.7,512.6,514.6,514.1,514.0,514.2,514.5,514.7,514.7,514.5,514.3,536.8,537.9,539.6,541.0,541.3,540.2,538.5,537.2,537.1,536.5,536.4,537.5,540.3,543.9,547.2,543.9,540.5,538.0,536.7,536.7,539.0,539.6,540.3,540.8,540.7,540.1,539.3,538.8,36.3,-3.8,646.2,0.206,-0.225,0.044,223.4,223.4,224.7,227.1,231.9,239.3,248.6,259.3,269.9,278.4,284.5,290.2,295.3,299.2,301.9,303.7,304.4,236.2,243.2,252.1,261.1,269.0,283.8,290.2,296.3,302.0,305.2,276.4,277.5,278.6,279.8,267.6,272.1,276.6,280.5,283.8,245.4,251.0,257.2,262.0,256.9,250.7,284.2,289.1,294.5,297.9,294.8,289.5,256.6,264.8,271.8,275.4,279.1,283.4,286.2,282.8,278.3,274.2,270.1,263.6,259.6,271.1,274.9,278.6,284.1,278.2,274.4,270.5,160.5,172.4,184.2,195.5,206.2,215.4,223.1,228.9,230.4,228.2,221.6,213.5,204.4,194.4,183.9,173.0,162.1,152.9,148.0,146.8,148.2,151.4,151.2,148.2,147.0,148.1,152.5,160.6,168.1,175.5,183.2,188.6,190.0,191.3,190.1,188.6,161.3,158.4,158.6,162.5,163.7,163.7,162.5,158.5,158.6,161.4,163.7,163.8,204.3,201.4,199.7,200.9,199.8,201.5,204.2,210.4,213.0,213.5,213.1,210.5,204.5,203.6,204.0,203.6,204.6,207.0,207.5,207.1,-45.5,-45.6,-43.7,-39.7,-31.5,-18.5,-2.5,15.8,33.9,49.2,61.0,72.3,82.0,89.1,93.7,97.0,98.2,-22.4,-11.0,3.4,17.7,30.4,54.8,66.0,77.2,88.2,94.9,42.7,44.0,45.4,46.8,28.3,35.5,42.8,49.4,55.1,-7.4,1.7,11.7,19.7,11.2,1.1,56.9,65.4,74.9,81.6,75.5,66.1,10.9,24.0,35.2,41.2,47.4,55.2,61.2,54.5,46.5,39.6,32.8,22.2,15.9,34.3,40.5,46.8,57.3,46.4,39.9,33.5,-46.2,-25.9,-5.8,13.9,32.4,48.4,61.3,70.6,73.2,70.4,60.3,46.8,30.6,12.4,-6.6,-26.1,-45.9,-56.3,-63.7,-65.3,-62.8,-57.7,-58.8,-64.5,-67.5,-66.8,-60.2,-43.5,-31.1,-19.0,-6.7,1.7,4.1,6.1,4.2,1.8,-42.8,-47.2,-47.0,-40.8,-38.7,-38.7,-41.6,-48.4,-48.7,-44.5,-40.1,-39.7,27.8,22.6,19.8,21.7,20.0,23.2,28.2,38.0,41.9,42.5,41.8,37.6,28.0,26.2,26.8,26.3,28.7,31.9,32.7,32.0,667.2,670.8,675.1,677.9,678.0,676.2,671.6,665.4,666.5,676.5,691.4,703.1,708.0,707.5,706.0,705.3,705.3,635.3,630.3,626.9,624.5,624.0,633.3,641.8,651.6,661.9,672.2,630.7,625.3,619.3,613.9,628.1,627.9,628.2,631.9,636.1,636.5,634.2,635.6,637.7,635.9,634.5,650.1,653.0,657.7,664.6,658.2,653.6,645.1,634.9,631.5,633.1,635.8,645.7,660.2,649.6,642.1,639.1,637.5,639.1,643.6,634.9,636.1,639.3,656.5,641.2,638.0,636.9,0.6,0.211,-0.294,0.059,271.884,184.983,-11.327,11.667,-7.528,16.602,5.858,-5.422,-1.902,2.509,4.175,-1.83,0.346,0.254,0.632,-1.912,-1.101,-0.026,1.03,0.835,-1.52,-0.539,0.595,-0.407,0.152,-0.31,0.011,0.188,0.129,0.05,-0.081,0.022,-0.025,0.001,-0.006,-0.009,0.3,0.04,0.0,0.75,0.0,0.0,0.25,0.0,0.0,0.0,0.0,0.0,0.0,0.0,0.22,0.0,0.0,0.0,1.0,0.0,0.0,0.0,0.0,0.0,0.0,0.0,0.0,0.0,0.0,0.0,0.0,1.0,1.0,1.0,0.0
PP133,g1,2642,0,0.975,0.227654,0.194299,-0.95416,0.070467,0.189399,-0.979368,0.153,0.196,250.1,251.5,254.7,257.8,259.0,257.9,254.5,251.3,245.6,247.7,250.7,254.3,257.7,260.2,261.9,259.8,256.9,253.7,250.5,247.7,253.1,254.5,255.9,256.5,256.0,254.6,253.2,252.6,287.2,288.2,290.9,293.7,295.1,294.1,291.4,288.3,284.2,286.1,288.8,292.0,294.8,296.7,297.8,296.7,294.9,292.4,289.5,286.5,289.8,291.1,292.2,292.6,292.1,290.8,289.6,289.2,159.7,156.5,155.2,156.7,159.9,163.4,164.4,162.9,161.1,159.3,158.2,157.7,158.4,160.0,162.1,163.2,163.5,163.6,163.2,162.5,161.3,161.9,161.4,160.0,158.5,157.9,158.5,159.8,160.0,156.9,155.5,156.7,159.8,162.9,164.2,163.2,162.1,160.0,158.5,157.8,158.3,159.4,161.2,162.6,163.3,163.6,163.5,163.2,161.3,161.8,161.3,159.9,158.6,158.1,158.6,160.0,0.1,1.9,6.2,10.3,11.9,10.3,5.9,1.7,-5.8,-3.0,0.9,5.6,10.1,13.4,15.7,12.9,9.1,4.9,0.7,-3.1,4.1,5.9,7.7,8.5,7.8,6.0,4.2,3.4,51.1,52.5,56.4,60.5,62.4,61.0,57.1,52.7,47.0,49.6,53.2,57.8,61.9,65.0,66.9,65.0,62.1,58.4,54.3,50.1,54.9,56.7,58.4,59.0,58.2,56.4,54.7,54.1,-36.5,-40.8,-42.5,-40.6,-36.2,-31.7,-30.4,-32.2,-35.0,-37.1,-38.4,-39.0,-38.1,-36.2,-33.5,-32.0,-31.5,-31.3,-31.8,-32.9,-34.5,-33.7,-34.4,-36.3,-38.2,-39.0,-38.2,-36.4,-37.8,-42.1,-44.1,-42.6,-38.4,-34.1,-32.1,-33.3,-34.9,-37.7,-39.8,-40.8,-40.4,-39.1,-36.9,-34.7,-33.4,-32.8,-32.9,-33.4,-36.1,-35.4,-36.3,-38.2,-40.0,-40.7,-39.8,-37.9,513.0,513.6,514.1,514.1,513.6,513.2,512.5,512.5,516.7,514.4,512.3,511.5,512.3,513.9,515.6,513.8,512.0,511.4,512.3,514.3,513.8,513.8,514.0,514.2,514.4,514.5,514.3,514.0,536.6,537.6,539.4,540.8,541.0,540.0,538.2,536.9,536.8,536.2,536.1,537.3,540.1,543.6,547.0,543.7,540.3,537.7,536.4,536.4,538.7,539.3,540.1,540.5,540.4,539.8,539.0,538.6,36.2,-4.1,644.6,0.209,-0.229,0.047,223.2,223.3,224.5,226.9,231.6,239.0,248.2,259.0,269.7,278.3,284.3,289.9,295.1,299.0,301.7,303.6,304.3,236.2,243.1,252.1,261.1,269.0,283.9,290.2,296.4,302.0,305.2,276.5,277.5,278.7,279.8,267.6,272.1,276.6,280.5,283.9,245.4,251.1,257.2,262.0,256.9,250.7,284.2,289.1,294.5,297.9,294.8,289.5,256.5,264.7,271.8,275.4,279.1,283.4,286.1,282.7,278.3,274.2,270.1,263.5,259.6,271.1,274.9,278.6,284.1,278.2,274.4,270.5,160.1,172.0,183.8,195.2,205.9,215.2,223.0,228.9,230.4,228.1,221.5,213.4,204.3,194.3,183.7,172.9,161.8,152.6,147.8,146.6,148.0,151.2,151.0,148.0,146.8,147.9,152.3,160.4,167.9,175.4,183.1,188.4,189.9,191.2,190.0,188.4,161.0,158.1,158.3,162.2,163.5,163.4,162.2,158.3,158.3,161.1,163.5,163.5,204.2,201.3,199.6,200.8,199.7,201.4,204.1,210.3,212.9,213.4,213.0,210.4,204.4,203.5,203.9,203.5,204.5,206.9,207.5,207.0,-45.5,-45.7,-43.9,-40.0,-31.9,-19.0,-3.0,15.3,33.5,48.8,60.6,71.7,81.5,88.6,93.3,96.6,97.8,-22.4,-11.0,3.3,17.6,30.2,54.8,66.0,77.1,88.0,94.7,42.6,43.9,45.4,46.8,28.2,35.4,42.7,49.3,55.0,-7.4,1.7,11.7,19.6,11.2,1.1,56.7,65.2,74.7,81.3,75.3,65.9,10.7,23.9,35.1,41.1,47.3,55.1,60.9,54.3,46.4,39.5,32.7,22.0,15.7,34.2,40.4,46.7,57.1,46.2,39.8,33.3,-46.6,-26.4,-6.3,13.3,31.8,47.8,60.8,70.3,73.0,70.2,60.1,46.6,30.4,12.2,-6.8,-26.3,-46.2,-56.6,-63.9,-65.4,-62.9,-57.9,-59.0,-64.7,-67.7,-67.0,-60.5,-43.7,-31.3,-19.1,-6.9,1.5,3.9,5.9,4.0,1.5,-43.1,-47.5,-47.3,-41.1,-39.0,-39.0,-41.9,-48.7,-49.0,-44.8,-40.4,-40.0,27.5,22.3,19.6,21.5,19.8,23.0,27.9,37.8,41.7,42.3,41.6,37.3,27.8,26.0,26.6,26.1,28.4,31.7,32.5,31.7,665.0,668.6,673.0,675.9,676.1,674.4,669.9,663.7,664.9,675.0,690.0,701.7,706.7,706.3,704.7,703.9,703.8,633.2,628.3,625.0,622.6,622.3,631.7,640.2,650.0,660.4,670.6,629.0,623.6,617.7,612.3,626.5,626.3,626.7,630.4,634.6,634.6,632.3,633.8,636.0,634.1,632.7,648.5,651.4,656.1,663.1,656.6,652.0,643.4,633.3,629.9,631.6,634.3,644.3,658.8,648.2,640.6,637.6,636.0,637.6,642.0,633.4,634.6,637.8,655.0,639.7,636.6,635.4,0.602,0.214,-0.299,0.062,271.828,184.812,-11.468,11.237,-7.551,16.612,5.524,-5.236,-1.793,2.794,4.485,-1.795,0.218,0.387,0.728,-1.978,-0.876,0.016,1.145,0.885,-1.572,-0.575,0.618,-0.429,0.058,-0.326,0.021,0.197,0.116,0.052,-0.076,0.023,-0.022,0.003,-0.005,-0.007,0.42,0.02,0.0,0.5,0.0,0.0,0.14,0.0,0.0,0.19,0.0,0.0,0.0,0.0,0.23,0.0,0.0,0.0,1.0,0.0,0.0,0.0,0.0,0.0,0.0,0.0,0.0,0.0,0.0,0.0,0.0,1.0,1.0,1.0,0.0
PP133,g1,2648,0,0.975,0.22819,0.1902,-0.954858,0.074169,0.185259,-0.979887,0.155,0.192,249.8,251.2,254.4,257.5,258.8,257.6,254.2,251.0,245.3,247.4,250.4,253.9,257.4,259.9,261.6,259.5,256.6,253.4,250.2,247.4,252.8,254.2,255.6,256.2,255.7,254.3,252.9,252.3,286.9,287.8,290.5,293.4,294.7,293.8,291.1,288.0,283.8,285.8,288.4,291.6,294.4,296.3,297.4,296.3,294.5,292.1,289.2,286.1,289.4,290.7,291.9,292.3,291.7,290.4,289.3,288.8,159.4,156.2,154.9,156.3,159.6,163.1,164.1,162.6,160.8,159.0,157.9,157.4,158.1,159.7,161.8,162.9,163.2,163.3,163.0,162.2,161.0,161.6,161.0,159.6,158.2,157.6,158.1,159.5,159.6,156.5,155.1,156.3,159.4,162.5,163.8,162.9,161.8,159.6,158.1,157.4,157.9,159.0,160.8,162.2,162.9,163.3,163.1,162.8,160.9,161.5,160.9,159.5,158.2,157.7,158.3,159.6,-0.3,1.5,5.7,9.9,11.5,9.9,5.5,1.3,-6.2,-3.4,0.5,5.2,9.7,13.0,15.3,12.5,8.7,4.5,0.3,-3.4,3.7,5.5,7.3,8.1,7.4,5.6,3.8,3.0,50.5,51.9,55.7,59.8,61.8,60.3,56.4,52.0,46.3,48.9,52.6,57.1,61.2,64.3,66.2,64.3,61.4,57.8,53.6,49.5,54.2,56.0,57.7,58.3,57.5,55.7,54.0,53.4,-36.9,-41.1,-42.8,-40.9,-36.6,-32.0,-30.7,-32.6,-35.3,-37.4,-38.8,-39.4,-38.5,-36.6,-33.9,-32.3,-31.8,-31.6,-32.1,-33.2,-34.8,-34.0,-34.8,-36.6,-38.5,-39.3,-38.6,-36.7,-38.2,-42.6,-44.6,-43.0,-38.8,-34.5,-32.5,-33.8,-35.3,-38.1,-40.2,-41.3,-40.8,-39.5,-37.3,-35.1,-33.9,-33.3,-33.3,-33.8,-36.5,-35.8,-36.7,-38.6,-40.4,-41.1,-40.2,-38.3,512.0,512.7,513.1,513.1,512.6,512.2,511.5,511.5,515.8,513.4,511.3,510.5,511.3,512.9,514.6,512.8,511.0,510.4,511.3,513.3,512.8,512.8,512.9,513.2,513.4,513.5,513.3,513.0,535.0,536.0,537.8,539.2,539.5,538.4,536.7,535.3,535.2,534.6,534.5,535.7,538.5,542.1,545.5,542.1,538.7,536.1,534.8,534.8,537.1,537.7,538.5,539.0,538.8,538.2,537.4,537.0,35.8,-4.5,643.7,0.203,-0.231,0.042,222.9,223.0,224.3,226.7,231.5,238.9,248.3,259.1,269.8,278.4,284.4,289.9,294.9,298.7,301.4,303.2,303.8,235.9,242.9,251.8,260.8,268.7,283.5,289.8,295.9,301.6,304.7,276.2,277.3,278.5,279.7,267.5,272.0,276.5,280.4,283.7,245.1,250.7,256.9,261.8,256.6,250.4,283.8,288.7,294.1,297.5,294.5,289.1,256.5,264.7,271.7,275.3,279.0,283.3,286.0,282.7,278.2,274.2,270.1,263.5,259.5,271.1,274.8,278.5,283.9,278.2,274.4,270.5,160.0,172.0,183.8,195.2,205.9,215.3,223.0,228.9,230.3,228.0,221.4,213.2,204.0,193.9,183.4,172.5,161.5,152.3,147.5,146.2,147.6,150.8,150.6,147.6,146.4,147.5,151.9,159.9,167.5,174.9,182.6,188.1,189.5,190.8,189.6,188.0,160.7,157.8,158.0,161.9,163.2,163.1,161.9,157.9,157.9,160.7,163.1,163.2,204.1,201.1,199.4,200.5,199.4,201.2,203.8,210.1,212.8,213.3,212.9,210.3,204.3,203.3,203.6,203.2,204.2,206.7,207.3,206.9,-46.1,-46.2,-44.3,-40.3,-32.0,-19.1,-3.0,15.4,33.7,49.0,60.6,71.6,81.2,88.0,92.6,95.8,96.8,-22.8,-11.5,2.8,17.1,29.7,54.1,65.2,76.3,87.1,93.8,42.1,43.5,45.0,46.5,28.0,35.2,42.4,48.9,54.6,-7.9,1.2,11.2,19.1,10.7,0.6,56.1,64.5,74.0,80.6,74.7,65.2,10.7,23.8,35.0,40.9,47.1,54.8,60.6,54.1,46.2,39.5,32.7,22.1,15.7,34.1,40.3,46.4,56.8,46.0,39.7,33.4,-46.8,-26.6,-6.4,13.3,31.9,47.9,60.9,70.2,72.7,69.9,59.7,46.1,29.8,11.6,-7.4,-26.9,-46.7,-57.0,-64.3,-66.0,-63.5,-58.4,-59.6,-65.3,-68.4,-67.6,-61.0,-44.3,-32.0,-19.9,-7.6,1.0,3.3,5.2,3.4,0.9,-43.5,-48.0,-47.8,-41.6,-39.5,-39.4,-42.5,-49.4,-49.7,-45.4,-41.0,-40.6,27.3,22.0,19.1,21.0,19.2,22.5,27.5,37.4,41.3,42.0,41.3,37.1,27.5,25.6,26.1,25.6,28.0,31.4,32.1,31.4,664.4,668.0,672.3,675.1,675.2,673.5,668.9,662.7,663.9,674.0,689.0,700.8,705.7,705.2,703.6,702.7,702.7,632.5,627.6,624.4,622.0,621.7,631.2,639.8,649.6,659.9,670.1,628.4,622.8,616.8,611.2,625.4,625.3,625.7,629.4,633.7,633.8,631.6,633.1,635.3,633.4,632.0,647.9,650.8,655.6,662.6,656.1,651.4,642.4,632.1,628.8,630.5,633.2,643.2,657.8,647.0,639.4,636.4,634.7,636.3,640.9,632.2,633.4,636.7,653.9,638.6,635.4,634.2,0.602,0.207,-0.3,0.056,271.645,184.544,-11.402,12.473,-7.724,17.668,4.833,-5.571,-1.769,2.964,4.434,-1.9,0.323,0.366,0.449,-2.353,-1.121,0.027,1.273,0.802,-1.41,-0.479,0.693,-0.382,-0.114,-0.275,0.042,0.263,0.138,0.044,-0.086,0.016,-0.029,-0.003,-0.007,-0.006,0.17,0.0,0.0,0.45,0.0,0.0,0.0,0.0,0.0,0.0,0.0,0.0,0.0,0.0,0.3,0.01,0.0,1.0,1.0,0.0,1.0,0.0,0.0,0.0,0.0,0.0,0.0,0.0,0.0,0.0,0.0,1.0,1.0,1.0,0.0
PP133,g1,2654,0,0.975,0.228415,0.187497,-0.955338,0.074717,0.183347,-0.980205,0.155,0.189,249.8,251.1,254.3,257.5,258.8,257.6,254.2,251.0,245.3,247.4,250.4,253.9,257.4,259.9,261.6,259.5,256.6,253.4,250.2,247.4,252.8,254.2,255.6,256.2,255.6,254.3,252.9,252.3,286.9,287.8,290.5,293.4,294.8,293.8,291.1,288.0,283.9,285.8,288.5,291.7,294.5,296.4,297.4,296.4,294.6,292.1,289.2,286.2,289.5,290.7,291.9,292.3,291.7,290.5,289.3,288.9,159.7,156.5,155.2,156.6,159.9,163.3,164.3,162.9,161.1,159.3,158.2,157.7,158.4,159.9,162.1,163.1,163.5,163.6,163.2,162.5,161.3,161.9,161.3,159.9,158.5,157.9,158.4,159.8,159.9,156.8,155.4,156.6,159.7,162.8,164.1,163.2,162.0,159.9,158.4,157.7,158.2,159.3,161.1,162.5,163.2,163.5,163.4,163.1,161.2,161.8,161.2,159.8,158.5,158.0,158.6,159.9,-0.3,1.5,5.7,9.8,11.5,9.9,5.5,1.3,-6.2,-3.4,0.5,5.1,9.6,13.0,15.3,12.5,8.7,4.5,0.3,-3.4,3.7,5.5,7.3,8.1,7.4,5.6,3.8,3.0,50.6,52.0,55.8,59.9,61.9,60.4,56.5,52.1,46.4,49.0,52.7,57.2,61.3,64.4,66.3,64.4,61.5,57.9,53.7,49.6,54.3,56.1,57.8,58.4,57.6,55.8,54.1,53.5,-36.5,-40.7,-42.4,-40.5,-36.2,-31.7,-30.3,-32.2,-34.9,-37.0,-38.4,-39.0,-38.1,-36.2,-33.5,-32.0,-31.4,-31.3,-31.7,-32.9,-34.4,-33.6,-34.4,-36.2,-38.1,-38.9,-38.2,-36.3,-37.9,-42.2,-44.2,-42.6,-38.5,-34.1,-32.1,-33.4,-34.9,-37.7,-39.8,-40.9,-40.4,-39.1,-36.9,-34.8,-33.5,-32.9,-33.0,-33.4,-36.1,-35.5,-36.3,-38.2,-40.0,-40.7,-39.9,-38.0,511.8,512.5,512.9,512.9,512.4,512.0,511.3,511.3,515.6,513.2,511.1,510.3,511.1,512.6,514.4,512.6,510.8,510.2,511.1,513.1,512.6,512.6,512.7,513.0,513.2,513.3,513.1,512.8,535.3,536.3,538.1,539.5,539.8,538.7,537.0,535.6,535.5,534.9,534.8,536.0,538.8,542.4,545.8,542.4,539.0,536.4,535.1,535.1,537.4,538.0,538.8,539.3,539.2,538.5,537.8,537.3,35.8,-3.9,643.3,0.199,-0.232,0.042,223.1,223.1,224.4,226.8,231.6,239.0,248.3,259.1,269.8,278.3,284.2,289.8,294.8,298.7,301.4,303.2,303.9,235.9,242.8,251.7,260.7,268.6,283.6,289.9,296.0,301.6,304.7,276.1,277.2,278.5,279.7,267.4,272.0,276.5,280.4,283.7,245.1,250.7,256.9,261.8,256.6,250.4,283.8,288.8,294.1,297.6,294.5,289.2,256.6,264.8,271.8,275.4,279.1,283.3,286.1,282.8,278.4,274.3,270.2,263.6,259.6,271.1,274.9,278.6,284.0,278.2,274.5,270.6,160.5,172.5,184.3,195.7,206.4,215.7,223.5,229.3,230.8,228.5,222.0,213.8,204.6,194.5,183.9,173.0,161.9,152.6,147.7,146.5,147.9,151.0,150.9,147.9,146.6,147.7,152.2,160.2,167.8,175.3,183.0,188.5,189.9,191.1,189.9,188.4,161.0,158.1,158.3,162.2,163.4,163.4,162.2,158.2,158.2,161.0,163.4,163.5,204.4,201.4,199.7,200.8,199.7,201.5,204.2,210.4,213.1,213.6,213.2,210.6,204.6,203.6,204.0,203.5,204.6,207.0,207.6,207.2,-45.8,-45.9,-44.0,-40.0,-31.8,-19.0,-3.0,15.4,33.6,48.8,60.3,71.3,80.9,87.8,92.5,95.7,96.9,-22.9,-11.6,2.7,17.0,29.6,54.2,65.3,76.4,87.2,93.9,42.0,43.4,44.9,46.4,27.9,35.1,42.4,48.9,54.6,-7.9,1.2,11.2,19.1,10.7,0.6,56.1,64.6,74.0,80.7,74.7,65.3,10.8,23.9,35.0,41.0,47.1,54.8,60.6,54.2,46.4,39.6,32.8,22.2,15.8,34.1,40.3,46.5,56.8,46.1,39.8,33.4,-45.8,-25.7,-5.5,14.1,32.6,48.6,61.6,70.9,73.5,70.7,60.7,47.1,30.9,12.6,-6.5,-26.1,-46.1,-56.5,-63.9,-65.5,-63.1,-58.0,-59.2,-64.9,-67.9,-67.1,-60.5,-43.9,-31.4,-19.3,-7.0,1.5,3.9,5.8,3.9,1.4,-43.0,-47.5,-47.3,-41.2,-39.0,-38.9,-42.0,-48.8,-49.1,-44.9,-40.5,-40.1,27.8,22.5,19.7,21.5,19.8,23.0,28.1,37.9,41.8,42.5,41.8,37.6,28.1,26.1,26.7,26.1,28.6,31.9,32.6,31.9,663.6,667.2,671.4,674.3,674.4,672.7,668.1,661.9,663.1,673.3,688.3,700.2,705.3,704.9,703.4,702.5,702.4,632.3,627.3,624.1,621.8,621.4,630.8,639.4,649.2,659.5,669.7,628.1,622.5,616.4,610.8,624.9,624.7,625.1,628.9,633.3,633.6,631.4,632.8,635.0,633.1,631.7,647.5,650.4,655.2,662.2,655.7,651.0,641.8,631.6,628.3,630.0,632.7,642.6,657.1,646.4,638.8,635.8,634.2,635.7,640.3,631.7,632.9,636.1,653.3,638.1,634.9,633.7,0.603,0.204,-0.302,0.056,271.672,184.907,-11.779,11.29,-7.725,18.075,4.893,-5.079,-1.809,3.063,4.286,-2.214,0.313,0.118,0.609,-2.35,-0.737,-0.155,1.156,0.681,-1.393,-0.426,0.752,-0.435,-0.183,-0.444,0.1,0.35,0.12,0.047,-0.085,0.014,-0.03,-0.006,-0.003,-0.004,0.35,0.01,0.0,0.7,0.0,0.0,0.03,0.0,0.0,0.15,0.0,0.0,0.0,0.0,0.29,0.0,0.0,0.0,1.0,0.0,1.0,0.0,0.0,0.0,0.0,0.0,0.0,0.0,0.0,0.0,0.0,1.0,1.0,1.0,0.0
PP133,g1,2660,0,0.975,0.227638,0.192919,-0.954444,0.074201,0.187727,-0.979414,0.155,0.194,250.4,251.8,255.0,258.1,259.3,258.2,254.8,251.6,245.9,248.1,251.0,254.6,258.0,260.5,262.2,260.1,257.2,254.0,250.9,248.0,253.4,254.8,256.2,256.8,256.3,254.9,253.5,252.9,287.5,288.4,291.1,294.0,295.3,294.4,291.7,288.6,284.4,286.4,289.0,292.2,295.0,296.9,298.0,296.9,295.1,292.7,289.8,286.7,290.0,291.3,292.5,292.9,292.3,291.0,289.9,289.4,160.0,156.8,155.6,157.0,160.2,163.7,164.7,163.3,161.4,159.6,158.5,158.0,158.8,160.3,162.4,163.5,163.8,163.9,163.6,162.8,161.6,162.2,161.7,160.3,158.8,158.2,158.8,160.2,160.3,157.2,155.9,157.1,160.1,163.2,164.5,163.6,162.4,160.3,158.8,158.1,158.6,159.7,161.5,162.9,163.6,164.0,163.8,163.5,161.6,162.2,161.6,160.2,158.9,158.4,159.0,160.3,0.5,2.3,6.6,10.7,12.3,10.8,6.3,2.2,-5.4,-2.6,1.4,6.0,10.5,13.8,16.1,13.3,9.5,5.3,1.1,-2.6,4.5,6.3,8.2,9.0,8.3,6.4,4.6,3.8,51.5,52.9,56.8,60.9,62.8,61.3,57.4,53.0,47.3,49.9,53.6,58.1,62.3,65.3,67.2,65.3,62.4,58.8,54.6,50.4,55.2,57.0,58.7,59.3,58.5,56.7,55.0,54.4,-36.2,-40.4,-42.1,-40.2,-35.9,-31.3,-30.0,-31.9,-34.6,-36.8,-38.1,-38.6,-37.8,-35.8,-33.2,-31.6,-31.1,-31.0,-31.4,-32.6,-34.1,-33.3,-34.1,-35.9,-37.8,-38.6,-37.9,-36.0,-37.4,-41.7,-43.7,-42.1,-38.0,-33.6,-31.7,-32.9,-34.5,-37.3,-39.4,-40.4,-39.9,-38.6,-36.4,-34.3,-33.0,-32.4,-32.5,-33.0,-35.7,-35.0,-35.8,-37.7,-39.6,-40.2,-39.4,-37.5,513.9,514.6,515.0,515.0,514.5,514.1,513.4,513.5,517.7,515.3,513.2,512.4,513.2,514.8,516.5,514.7,512.9,512.3,513.2,515.2,514.7,514.7,514.9,515.2,515.4,515.4,515.2,514.9,536.6,537.6,539.4,540.8,541.1,540.1,538.3,537.0,536.8,536.2,536.1,537.3,540.1,543.7,547.1,543.8,540.4,537.8,536.5,536.4,538.7,539.4,540.1,540.6,540.5,539.8,539.1,538.6,36.6,-3.5,644.1,0.205,-0.232,0.047,223.6,223.6,224.8,227.1,231.7,239.1,248.4,259.3,270.0,278.6,284.6,290.2,295.2,299.1,301.8,303.7,304.4,236.6,243.6,252.5,261.4,269.3,284.1,290.5,296.5,302.2,305.3,276.7,277.8,279.0,280.2,267.9,272.4,276.9,280.8,284.1,245.8,251.4,257.5,262.3,257.2,251.0,284.4,289.4,294.7,298.1,295.0,289.7,256.8,265.1,272.1,275.8,279.5,283.7,286.5,283.1,278.7,274.6,270.5,263.9,259.9,271.4,275.2,279.0,284.4,278.6,274.8,270.9,160.6,172.4,184.2,195.5,206.3,215.7,223.5,229.4,230.9,228.7,222.0,213.8,204.6,194.5,184.0,173.2,162.2,152.9,148.1,146.9,148.4,151.5,151.4,148.4,147.1,148.2,152.6,160.6,168.2,175.8,183.5,188.9,190.4,191.6,190.4,188.9,161.3,158.4,158.6,162.5,163.8,163.7,162.5,158.6,158.6,161.4,163.8,163.9,204.7,201.8,200.2,201.3,200.2,202.0,204.6,210.6,213.2,213.7,213.3,210.8,204.9,204.1,204.5,204.0,205.0,207.1,207.7,207.3,-44.9,-45.1,-43.4,-39.6,-31.6,-18.8,-2.8,15.7,34.1,49.4,61.1,72.2,81.8,88.7,93.4,96.7,97.8,-21.7,-10.4,3.9,18.2,30.7,55.2,66.3,77.4,88.2,94.9,43.0,44.4,45.9,47.3,28.7,35.9,43.2,49.7,55.5,-6.9,2.2,12.2,20.1,11.7,1.6,57.1,65.6,75.0,81.6,75.7,66.3,11.2,24.5,35.6,41.6,47.9,55.6,61.4,54.9,47.0,40.2,33.3,22.7,16.3,34.7,40.9,47.2,57.6,46.8,40.4,34.0,-45.8,-25.7,-5.7,13.9,32.5,48.6,61.7,71.2,73.8,71.1,61.0,47.3,31.0,12.7,-6.3,-25.8,-45.6,-56.1,-63.3,-64.9,-62.4,-57.3,-58.4,-64.1,-67.2,-66.4,-59.9,-43.2,-30.7,-18.6,-6.2,2.2,4.6,6.6,4.7,2.2,-42.5,-47.0,-46.8,-40.6,-38.5,-38.4,-41.4,-48.2,-48.5,-44.2,-39.9,-39.4,28.3,23.2,20.4,22.3,20.6,23.8,28.7,38.3,42.1,42.7,42.0,37.9,28.6,26.9,27.5,27.0,29.2,32.1,32.9,32.1,664.1,667.8,672.2,675.2,675.4,673.7,669.1,662.8,664.1,674.3,689.5,701.5,706.5,706.0,704.3,703.2,703.0,632.6,627.7,624.5,622.3,622.0,631.5,639.9,649.7,660.0,670.1,628.7,623.2,617.2,611.7,626.0,625.8,626.2,630.0,634.3,634.0,631.8,633.3,635.5,633.6,632.2,648.2,651.0,655.8,662.7,656.3,651.7,642.6,632.5,629.3,631.0,633.8,643.7,658.2,647.3,639.6,636.5,634.9,636.5,641.1,632.7,633.9,637.2,654.3,638.8,635.5,634.3,0.602,0.211,-0.303,0.061,272.125,185.202,-11.125,11.5,-8.657,17.116,4.138,-4.472,-2.369,2.763,4.134,-1.597,0.367,0.285,0.417,-2.136,-0.915,0.045,1.076,0.881,-1.269,-0.709,0.612,-0.468,0.001,-0.398,0.036,0.206,0.111,0.05,-0.087,0.016,-0.026,-0.003,-0.006,-0.008,0.61,0.32,0.0,0.68,0.0,0.0,0.0,0.0,0.0,0.35,0.0,0.0,0.0,0.0,0.11,0.05,0.0,1.0,1.0,0.0,0.0,0.0,0.0,0.0,0.0,0.0,0.0,0.0,0.0,0.0,0.0,1.0,1.0,1.0,0.0
PP133,g1,2666,0,0.975,0.227612,0.193581,-0.954316,0.073254,0.188326,-0.979371,0.154,0.195,250.6,251.9,255.1,258.3,259.5,258.3,254.9,251.8,246.1,248.2,251.2,254.7,258.1,260.7,262.3,260.3,257.4,254.2,251.0,248.2,253.6,255.0,256.4,257.0,256.4,255.0,253.7,253.0,287.7,288.6,291.3,294.1,295.5,294.5,291.8,288.7,284.6,286.6,289.2,292.4,295.2,297.1,298.1,297.1,295.3,292.9,289.9,286.9,290.2,291.5,292.6,293.1,292.5,291.2,290.0,289.6,159.9,156.7,155.5,156.9,160.2,163.6,164.6,163.2,161.3,159.6,158.4,158.0,158.7,160.2,162.3,163.4,163.7,163.8,163.5,162.7,161.5,162.1,161.6,160.2,158.8,158.1,158.7,160.1,160.2,157.1,155.8,157.0,160.0,163.1,164.4,163.5,162.3,160.2,158.7,158.0,158.5,159.6,161.4,162.8,163.5,163.9,163.7,163.4,161.5,162.1,161.5,160.1,158.8,158.3,158.9,160.2,0.7,2.6,6.8,10.9,12.5,11.0,6.5,2.4,-5.2,-2.4,1.6,6.2,10.7,14.0,16.3,13.5,9.7,5.5,1.3,-2.4,4.7,6.5,8.4,9.2,8.5,6.7,4.8,4.0,51.7,53.1,57.0,61.1,63.0,61.6,57.7,53.2,47.6,50.2,53.8,58.4,62.5,65.6,67.4,65.6,62.7,59.0,54.8,50.7,55.5,57.2,59.0,59.6,58.8,57.0,55.3,54.6,-36.2,-40.5,-42.2,-40.3,-36.0,-31.4,-30.1,-31.9,-34.7,-36.8,-38.1,-38.7,-37.8,-35.9,-33.2,-31.7,-31.2,-31.0,-31.5,-32.6,-34.2,-33.4,-34.1,-36.0,-37.9,-38.7,-38.0,-36.1,-37.5,-41.9,-43.8,-42.3,-38.1,-33.7,-31.8,-33.1,-34.6,-37.4,-39.5,-40.5,-40.1,-38.8,-36.6,-34.4,-33.1,-32.5,-32.6,-33.1,-35.8,-35.1,-36.0,-37.9,-39.7,-40.4,-39.5,-37.6,513.5,514.1,514.5,514.5,514.1,513.7,513.0,513.1,517.3,514.9,512.8,511.9,512.8,514.4,516.1,514.3,512.5,511.9,512.8,514.8,514.3,514.3,514.5,514.7,514.9,514.9,514.7,514.5,536.6,537.6,539.4,540.8,541.1,540.1,538.3,537.0,536.9,536.2,536.2,537.3,540.1,543.7,547.1,543.8,540.4,537.8,536.5,536.5,538.7,539.4,540.1,540.6,540.5,539.8,539.1,538.6,37.0,-3.6,644.9,0.205,-0.231,0.045,223.7,223.7,224.9,227.3,232.0,239.5,248.8,259.6,270.3,278.8,284.8,290.4,295.4,299.3,302.0,303.9,304.6,236.7,243.7,252.6,261.6,269.5,284.3,290.6,296.7,302.4,305.5,276.9,278.0,279.2,280.4,268.1,272.6,277.1,281.0,284.3,245.9,251.5,257.7,262.5,257.4,251.2,284.6,289.5,294.9,298.3,295.2,289.9,257.1,265.3,272.3,275.9,279.6,283.8,286.6,283.2,278.8,274.8,270.7,264.2,260.2,271.6,275.4,279.0,284.5,278.8,275.0,271.1,160.5,172.4,184.2,195.6,206.3,215.6,223.4,229.2,230.6,228.4,221.7,213.6,204.4,194.4,183.8,173.0,162.0,152.9,148.1,146.9,148.3,151.5,151.3,148.3,147.0,148.1,152.5,160.6,168.2,175.7,183.5,188.8,190.3,191.6,190.4,188.8,161.2,158.4,158.6,162.5,163.7,163.7,162.4,158.5,158.5,161.3,163.7,163.8,204.6,201.8,200.2,201.4,200.3,202.0,204.5,210.4,212.9,213.4,213.0,210.5,204.9,204.1,204.5,204.1,204.9,206.8,207.4,207.0,-44.7,-45.0,-43.2,-39.3,-31.1,-18.2,-2.1,16.3,34.5,49.8,61.5,72.6,82.2,89.1,93.8,97.1,98.3,-21.6,-10.2,4.1,18.4,31.0,55.5,66.6,77.8,88.6,95.4,43.4,44.7,46.2,47.6,29.0,36.2,43.5,50.1,55.8,-6.6,2.5,12.4,20.4,11.9,1.9,57.5,66.0,75.4,82.0,76.0,66.6,11.7,24.9,35.9,41.9,48.1,55.7,61.7,55.1,47.3,40.5,33.7,23.2,16.7,35.0,41.2,47.4,57.8,47.1,40.7,34.4,-46.0,-25.9,-5.7,13.9,32.5,48.6,61.5,70.8,73.4,70.6,60.5,46.9,30.7,12.4,-6.6,-26.1,-46.0,-56.2,-63.5,-65.0,-62.5,-57.4,-58.6,-64.3,-67.4,-66.6,-60.1,-43.4,-30.9,-18.6,-6.3,2.2,4.5,6.5,4.7,2.2,-42.7,-47.2,-47.0,-40.8,-38.6,-38.6,-41.6,-48.4,-48.7,-44.5,-40.1,-39.6,28.2,23.2,20.5,22.4,20.7,23.9,28.7,38.0,41.6,42.2,41.5,37.5,28.6,27.0,27.6,27.1,29.2,31.6,32.4,31.6,665.1,668.9,673.3,676.3,676.4,674.5,669.8,663.5,664.7,674.9,690.2,702.2,707.3,706.8,705.2,704.0,703.8,633.4,628.5,625.3,623.0,622.7,632.2,640.7,650.4,660.7,671.0,629.5,624.0,618.0,612.5,626.8,626.6,627.0,630.8,635.1,634.8,632.6,634.0,636.3,634.3,632.9,648.9,651.8,656.6,663.5,657.1,652.4,643.3,633.4,630.3,632.0,634.7,644.6,658.9,647.9,640.3,637.2,635.6,637.2,641.8,633.6,634.9,638.1,655.0,639.4,636.2,635.0,0.601,0.211,-0.302,0.06,272.3,185.098,-10.544,11.814,-9.687,16.91,4.889,-3.645,-2.558,2.366,4.242,-1.677,0.47,0.415,0.574,-2.097,-1.044,0.165,1.026,0.832,-1.301,-0.773,0.546,-0.664,0.074,-0.363,0.015,0.171,0.099,0.039,-0.09,0.022,-0.023,0.004,-0.009,-0.009,0.4,0.04,0.0,0.66,0.0,0.0,0.0,0.0,0.0,0.16,0.0,0.0,0.0,0.0,0.14,0.17,0.0,1.0,1.0,0.0,0.0,0.0,0.0,0.0,0.0,0.0,0.0,0.0,0.0,0.0,0.0,1.0,1.0,1.0,0.0
PP133,g1,2672,0,0.975,0.228275,0.194322,-0.954007,0.072058,0.188757,-0.979376,0.154,0.196,250.6,252.0,255.2,258.3,259.5,258.4,255.0,251.8,246.1,248.2,251.2,254.8,258.2,260.7,262.3,260.3,257.4,254.2,251.0,248.2,253.6,255.0,256.4,257.0,256.4,255.1,253.7,253.1,287.7,288.7,291.4,294.2,295.6,294.6,291.9,288.8,284.7,286.6,289.3,292.5,295.3,297.2,298.2,297.2,295.4,292.9,290.0,287.0,290.3,291.5,292.7,293.1,292.5,291.3,290.1,289.7,159.9,156.7,155.4,156.8,160.1,163.5,164.5,163.1,161.2,159.5,158.4,157.9,158.6,160.1,162.3,163.3,163.7,163.8,163.4,162.7,161.4,162.1,161.5,160.1,158.7,158.1,158.6,160.0,160.1,157.0,155.7,156.9,159.9,163.0,164.3,163.4,162.2,160.1,158.6,157.9,158.4,159.5,161.3,162.7,163.4,163.8,163.6,163.3,161.4,162.0,161.4,160.0,158.7,158.2,158.8,160.1,0.8,2.6,6.8,10.9,12.6,11.0,6.5,2.4,-5.2,-2.3,1.6,6.2,10.7,14.1,16.3,13.6,9.7,5.5,1.4,-2.4,4.8,6.6,8.4,9.2,8.5,6.7,4.8,4.0,51.9,53.3,57.2,61.3,63.2,61.7,57.8,53.4,47.7,50.3,54.0,58.5,62.7,65.7,67.6,65.7,62.8,59.1,55.0,50.8,55.6,57.4,59.1,59.7,58.9,57.1,55.4,54.8,-36.4,-40.6,-42.3,-40.4,-36.1,-31.5,-30.2,-32.0,-34.8,-36.9,-38.3,-38.8,-37.9,-36.0,-33.4,-31.8,-31.3,-31.1,-31.6,-32.8,-34.3,-33.5,-34.2,-36.1,-38.0,-38.8,-38.1,-36.2,-37.7,-42.0,-44.0,-42.5,-38.3,-33.9,-32.0,-33.2,-34.8,-37.6,-39.7,-40.7,-40.2,-39.0,-36.7,-34.6,-33.3,-32.7,-32.8,-33.3,-36.0,-35.3,-36.1,-38.0,-39.9,-40.6,-39.7,-37.8,513.7,514.3,514.7,514.8,514.3,514.0,513.3,513.3,517.5,515.1,513.0,512.1,513.0,514.6,516.4,514.6,512.8,512.2,513.0,515.0,514.5,514.5,514.7,515.0,515.1,515.1,515.0,514.7,537.0,538.0,539.8,541.2,541.5,540.5,538.7,537.4,537.3,536.6,536.5,537.7,540.5,544.1,547.5,544.2,540.8,538.2,536.9,536.9,539.1,539.8,540.5,541.0,540.9,540.2,539.5,539.0,37.1,-4.0,645.9,0.205,-0.23,0.046,223.8,223.8,225.0,227.3,231.9,239.3,248.7,259.5,270.3,278.8,284.9,290.5,295.5,299.4,302.1,304.0,304.7,236.7,243.7,252.6,261.6,269.5,284.3,290.7,296.8,302.5,305.7,276.9,278.0,279.2,280.4,268.1,272.6,277.1,281.0,284.3,246.0,251.5,257.7,262.5,257.4,251.2,284.7,289.6,295.0,298.4,295.3,290.0,257.2,265.5,272.3,275.9,279.6,283.7,286.6,283.3,278.9,274.9,270.9,264.4,260.3,271.6,275.4,279.1,284.6,278.9,275.1,271.3,160.3,172.2,183.9,195.2,205.8,215.1,222.8,228.6,230.1,227.9,221.4,213.3,204.2,194.1,183.6,172.8,161.8,152.8,148.1,146.9,148.4,151.5,151.3,148.3,147.0,148.1,152.4,160.5,168.1,175.7,183.5,188.8,190.3,191.5,190.3,188.8,161.1,158.3,158.5,162.4,163.6,163.6,162.3,158.4,158.4,161.2,163.6,163.7,204.4,201.8,200.2,201.3,200.2,201.9,204.3,209.8,212.2,212.7,212.3,210.0,204.7,204.1,204.4,204.0,204.7,206.2,206.7,206.3,-44.7,-44.9,-43.2,-39.4,-31.4,-18.5,-2.3,16.2,34.5,49.9,61.7,72.9,82.6,89.6,94.2,97.6,98.8,-21.7,-10.2,4.2,18.5,31.2,55.6,66.8,78.0,88.9,95.8,43.5,44.8,46.3,47.7,29.1,36.3,43.6,50.1,55.9,-6.6,2.5,12.5,20.4,12.0,1.9,57.7,66.2,75.7,82.3,76.3,66.9,11.9,25.1,36.0,42.0,48.2,55.8,61.8,55.2,47.5,40.7,34.0,23.5,16.9,35.1,41.3,47.5,58.0,47.3,41.0,34.6,-46.3,-26.3,-6.3,13.3,31.8,47.8,60.7,70.0,72.5,69.9,59.9,46.5,30.3,12.1,-7.0,-26.5,-46.4,-56.4,-63.6,-65.1,-62.6,-57.5,-58.7,-64.4,-67.5,-66.8,-60.3,-43.6,-31.0,-18.8,-6.3,2.1,4.4,6.4,4.6,2.1,-42.9,-47.4,-47.2,-41.0,-38.8,-38.8,-41.9,-48.6,-48.9,-44.7,-40.3,-39.9,27.9,23.2,20.5,22.4,20.7,23.8,28.4,37.1,40.5,41.1,40.4,36.7,28.3,27.0,27.6,27.0,28.9,30.6,31.4,30.6,666.5,670.1,674.5,677.4,677.5,675.6,670.7,664.3,665.4,675.7,691.2,703.5,709.0,708.7,707.1,705.9,705.6,634.9,629.8,626.6,624.3,623.9,633.3,641.7,651.4,661.6,671.9,630.6,625.1,619.2,613.7,628.0,627.7,628.1,631.9,636.2,636.1,633.8,635.2,637.5,635.5,634.1,650.1,652.9,657.6,664.6,658.2,653.5,644.3,634.6,631.5,633.2,635.9,645.6,659.9,648.5,640.8,637.7,636.1,638.0,642.7,634.8,636.0,639.2,655.8,640.0,636.8,635.6,0.6,0.21,-0.301,0.061,272.343,184.895,-8.021,10.516,-11.196,15.69,4.675,-2.482,-2.998,2.114,4.157,-1.336,0.378,0.81,0.462,-2.018,-1.016,0.153,0.865,0.837,-1.211,-0.815,0.611,-0.665,0.103,-0.34,-0.009,0.09,0.075,0.04,-0.091,0.021,-0.014,0.004,-0.007,-0.01,0.48,0.08,0.0,0.59,0.0,0.0,0.13,0.0,0.0,0.17,0.0,0.0,0.0,0.0,0.0,0.0,0.0,0.0,1.0,0.0,0.0,0.0,0.0,0.0,0.0,0.0,0.0,0.0,0.0,0.0,0.0,1.0,1.0,1.0,0.0
PP133,g1,2678,0,0.975,0.230668,0.190095,-0.954283,0.074204,0.184578,-0.980013,0.156,0.191,250.6,251.9,255.1,258.2,259.5,258.3,254.9,251.8,246.1,248.2,251.2,254.7,258.1,260.6,262.3,260.3,257.4,254.2,251.0,248.2,253.6,254.9,256.3,256.9,256.4,255.0,253.6,253.0,287.7,288.6,291.3,294.2,295.5,294.5,291.9,288.8,284.7,286.6,289.2,292.4,295.2,297.1,298.1,297.1,295.3,292.9,290.0,287.0,290.2,291.5,292.7,293.1,292.5,291.2,290.1,289.7,159.7,156.6,155.3,156.7,160.0,163.4,164.4,163.0,161.1,159.4,158.3,157.8,158.5,160.0,162.1,163.2,163.6,163.7,163.3,162.6,161.3,161.9,161.4,160.0,158.6,158.0,158.5,159.9,160.0,156.9,155.5,156.7,159.8,162.9,164.2,163.2,162.1,160.0,158.5,157.8,158.3,159.4,161.2,162.6,163.3,163.6,163.5,163.2,161.3,161.8,161.3,159.9,158.6,158.1,158.6,160.0,0.7,2.5,6.7,10.9,12.5,11.0,6.5,2.4,-5.2,-2.4,1.6,6.2,10.7,14.0,16.3,13.5,9.7,5.5,1.3,-2.4,4.7,6.5,8.4,9.2,8.4,6.6,4.8,4.0,51.9,53.3,57.2,61.3,63.2,61.7,57.8,53.4,47.7,50.4,54.0,58.5,62.7,65.7,67.6,65.7,62.8,59.2,55.0,50.9,55.6,57.4,59.1,59.7,58.9,57.1,55.4,54.8,-36.5,-40.8,-42.5,-40.6,-36.3,-31.7,-30.4,-32.2,-35.0,-37.1,-38.4,-39.0,-38.1,-36.2,-33.6,-32.0,-31.5,-31.3,-31.8,-32.9,-34.5,-33.7,-34.4,-36.3,-38.2,-39.0,-38.2,-36.4,-37.9,-42.2,-44.2,-42.7,-38.5,-34.1,-32.2,-33.4,-35.0,-37.8,-39.9,-40.9,-40.5,-39.2,-37.0,-34.8,-33.5,-32.9,-33.0,-33.5,-36.2,-35.5,-36.4,-38.3,-40.1,-40.8,-39.9,-38.0,514.1,514.7,515.1,515.2,514.8,514.4,513.7,513.7,517.8,515.5,513.4,512.6,513.4,515.1,516.8,515.0,513.2,512.6,513.4,515.4,514.9,514.9,515.1,515.4,515.6,515.6,515.4,515.1,537.8,538.9,540.6,542.1,542.3,541.3,539.5,538.2,538.1,537.4,537.4,538.5,541.4,545.0,548.3,545.0,541.6,539.0,537.7,537.7,540.0,540.6,541.4,541.8,541.7,541.1,540.3,539.8,37.2,-4.3,647.1,0.198,-0.232,0.044,223.8,223.8,225.0,227.3,231.9,239.4,248.7,259.7,270.4,278.9,284.9,290.5,295.5,299.3,302.0,303.9,304.6,236.6,243.7,252.6,261.6,269.5,284.3,290.6,296.7,302.4,305.6,276.9,278.0,279.2,280.4,268.1,272.6,277.1,281.0,284.3,245.9,251.5,257.7,262.5,257.4,251.2,284.6,289.6,294.9,298.3,295.2,289.9,257.3,265.6,272.3,275.9,279.7,283.8,286.7,283.4,279.1,275.1,271.0,264.6,260.4,271.7,275.4,279.1,284.6,279.0,275.3,271.4,160.5,172.3,184.0,195.2,205.8,215.0,222.7,228.4,229.8,227.7,221.2,213.2,204.1,194.1,183.6,172.8,161.8,152.6,147.9,146.8,148.3,151.4,151.2,148.2,146.9,147.9,152.3,160.4,167.9,175.5,183.3,188.6,190.1,191.3,190.2,188.6,161.0,158.2,158.4,162.2,163.5,163.5,162.2,158.3,158.3,161.1,163.5,163.5,204.2,201.6,200.0,201.2,200.0,201.7,204.0,209.4,211.6,212.1,211.7,209.5,204.4,203.9,204.2,203.8,204.4,205.7,206.3,205.9,-44.8,-45.0,-43.2,-39.4,-31.4,-18.4,-2.2,16.4,34.8,50.1,61.9,73.0,82.7,89.7,94.3,97.6,98.9,-21.8,-10.2,4.2,18.6,31.2,55.7,66.9,78.0,89.0,95.9,43.5,44.9,46.4,47.8,29.2,36.4,43.7,50.3,56.0,-6.7,2.5,12.5,20.4,12.0,1.9,57.8,66.3,75.8,82.4,76.4,67.0,12.0,25.3,36.2,42.1,48.4,55.9,62.0,55.5,47.8,41.0,34.3,23.9,17.1,35.3,41.5,47.8,58.3,47.6,41.2,34.9,-46.1,-26.1,-6.1,13.4,31.8,47.7,60.4,69.6,72.1,69.5,59.7,46.4,30.3,12.0,-7.1,-26.7,-46.6,-56.8,-64.0,-65.5,-62.9,-57.9,-59.0,-64.8,-67.9,-67.2,-60.7,-43.9,-31.4,-19.1,-6.7,1.8,4.2,6.2,4.3,1.8,-43.2,-47.7,-47.5,-41.3,-39.1,-39.0,-42.2,-49.0,-49.3,-45.0,-40.6,-40.2,27.6,22.9,20.3,22.2,20.5,23.5,27.9,36.4,39.6,40.2,39.5,36.0,27.9,26.7,27.3,26.7,28.4,29.9,30.6,29.9,668.0,671.4,675.6,678.4,678.4,676.4,671.4,664.9,666.0,676.4,692.1,704.7,710.4,710.3,708.9,707.7,707.5,636.5,631.4,628.3,625.9,625.5,634.8,643.3,653.0,663.3,673.7,632.1,626.6,620.5,615.0,629.2,629.0,629.4,633.2,637.5,637.7,635.4,636.8,639.1,637.0,635.7,651.7,654.5,659.3,666.2,659.8,655.1,645.3,635.7,632.8,634.5,637.2,646.9,661.0,649.4,641.6,638.4,636.9,638.8,643.7,635.9,637.2,640.4,657.0,640.9,637.6,636.5,0.599,0.203,-0.304,0.058,272.363,184.721,-7.075,9.977,-11.669,15.002,4.857,-1.633,-3.414,1.988,3.837,-1.216,0.583,0.752,0.121,-2.057,-0.849,0.037,0.719,0.739,-1.197,-0.828,0.555,-0.615,0.0,-0.399,0.06,0.087,0.072,0.043,-0.086,0.013,-0.013,0.005,-0.001,-0.014,0.24,0.23,0.0,0.44,0.0,0.0,0.04,0.0,0.0,0.31,0.0,0.0,0.0,0.0,0.0,0.0,0.0,0.0,1.0,0.0,0.0,0.0,0.0,0.0,0.0,0.0,0.0,0.0,0.0,0.0,0.0,1.0,1.0,1.0,0.0
PP133,g1,2684,0,0.975,0.229346,0.190393,-0.954542,0.072557,0.184094,-0.980227,0.155,0.191,250.1,251.5,254.7,257.8,259.1,257.9,254.5,251.4,245.7,247.8,250.8,254.3,257.7,260.2,261.9,259.8,257.0,253.8,250.6,247.8,253.2,254.5,255.9,256.5,256.0,254.6,253.2,252.6,287.3,288.2,290.9,293.8,295.1,294.2,291.5,288.4,284.3,286.2,288.9,292.1,294.8,296.7,297.8,296.8,295.0,292.5,289.6,286.6,289.9,291.1,292.3,292.7,292.1,290.9,289.7,289.3,159.8,156.7,155.4,156.8,160.0,163.5,164.5,163.1,161.2,159.5,158.4,157.9,158.6,160.1,162.2,163.3,163.6,163.7,163.4,162.7,161.4,162.0,161.5,160.1,158.7,158.0,158.6,160.0,160.0,156.9,155.5,156.7,159.7,162.8,164.2,163.2,162.1,160.0,158.5,157.8,158.3,159.4,161.1,162.5,163.3,163.6,163.5,163.1,161.3,161.8,161.2,159.9,158.6,158.0,158.6,160.0,0.2,2.0,6.2,10.3,12.0,10.4,6.0,1.9,-5.8,-2.9,1.0,5.7,10.1,13.5,15.8,13.0,9.2,5.0,0.8,-2.9,4.2,6.0,7.8,8.6,7.9,6.1,4.3,3.5,51.4,52.8,56.7,60.8,62.7,61.3,57.4,53.0,47.3,49.9,53.5,58.1,62.2,65.3,67.2,65.3,62.4,58.7,54.6,50.4,55.2,57.0,58.7,59.3,58.5,56.7,55.0,54.3,-36.5,-40.8,-42.5,-40.7,-36.3,-31.8,-30.4,-32.2,-34.9,-37.1,-38.4,-39.0,-38.2,-36.3,-33.6,-32.1,-31.5,-31.3,-31.8,-32.9,-34.5,-33.7,-34.5,-36.3,-38.2,-39.0,-38.3,-36.4,-38.0,-42.3,-44.3,-42.8,-38.6,-34.2,-32.3,-33.5,-35.0,-37.8,-39.9,-41.0,-40.5,-39.3,-37.1,-34.9,-33.6,-33.0,-33.1,-33.6,-36.2,-35.6,-36.4,-38.3,-40.2,-40.8,-40.0,-38.1,516.1,516.7,517.1,517.2,516.7,516.4,515.7,515.7,519.8,517.4,515.4,514.5,515.4,517.0,518.8,517.0,515.2,514.6,515.4,517.4,516.9,516.9,517.1,517.4,517.5,517.5,517.3,517.1,538.4,539.4,541.2,542.6,542.9,541.8,540.1,538.7,538.6,538.0,537.9,539.1,541.9,545.5,548.8,545.5,542.1,539.5,538.2,538.2,540.5,541.1,541.9,542.4,542.2,541.6,540.8,540.4,36.7,-4.4,647.4,0.197,-0.23,0.041,223.5,223.6,224.7,227.0,231.6,239.1,248.5,259.5,270.3,278.8,284.8,290.4,295.4,299.2,301.8,303.6,304.3,236.2,243.1,252.1,261.1,269.0,283.8,290.1,296.2,302.0,305.3,276.4,277.5,278.8,280.0,267.7,272.3,276.8,280.7,284.1,245.5,251.1,257.2,262.0,256.9,250.8,284.3,289.2,294.5,298.0,294.9,289.6,256.8,265.2,272.0,275.6,279.4,283.6,286.6,283.3,279.0,275.0,270.9,264.4,259.9,271.4,275.2,278.9,284.6,278.9,275.1,271.2,160.6,172.3,183.9,195.0,205.6,214.8,222.4,228.2,229.6,227.4,221.0,213.1,204.1,194.0,183.5,172.7,161.7,152.8,148.1,146.9,148.4,151.4,151.2,148.2,146.9,147.9,152.3,160.4,168.0,175.6,183.4,188.7,190.2,191.4,190.2,188.6,161.2,158.3,158.5,162.3,163.6,163.6,162.2,158.3,158.3,161.1,163.4,163.5,203.9,201.6,200.2,201.3,200.2,201.6,203.6,208.9,211.1,211.6,211.3,209.1,204.2,203.9,204.3,203.8,204.1,205.4,205.9,205.5,-45.4,-45.5,-43.8,-40.0,-32.0,-18.9,-2.6,16.2,34.6,50.0,61.7,72.9,82.6,89.6,94.1,97.3,98.5,-22.6,-11.1,3.4,17.7,30.4,54.9,66.1,77.3,88.3,95.3,42.8,44.2,45.8,47.2,28.5,35.9,43.2,49.8,55.6,-7.3,1.8,11.8,19.7,11.3,1.3,57.2,65.7,75.1,81.8,75.8,66.4,11.2,24.8,35.7,41.7,48.0,55.7,62.1,55.4,47.7,40.8,34.1,23.5,16.3,34.8,41.1,47.5,58.3,47.4,40.9,34.5,-46.0,-26.1,-6.3,13.1,31.4,47.3,60.0,69.2,71.7,69.2,59.4,46.2,30.2,11.9,-7.3,-26.9,-46.9,-56.6,-63.8,-65.3,-62.8,-57.8,-59.0,-64.8,-67.9,-67.2,-60.7,-43.9,-31.3,-18.9,-6.5,1.9,4.3,6.3,4.4,1.9,-43.1,-47.5,-47.4,-41.3,-39.0,-38.9,-42.2,-49.0,-49.3,-45.1,-40.7,-40.2,27.1,23.0,20.6,22.4,20.7,23.4,27.3,35.6,38.8,39.4,38.7,35.3,27.5,26.8,27.4,26.8,27.9,29.3,30.1,29.4,669.1,672.3,676.3,679.1,679.1,677.0,671.8,665.0,666.0,676.5,692.5,705.3,711.2,711.3,709.9,708.6,708.4,637.5,632.1,628.8,626.4,625.8,634.9,643.2,653.0,663.3,673.6,632.3,626.7,620.5,614.8,629.5,629.1,629.5,633.3,637.7,638.3,635.9,637.3,639.6,637.5,636.2,651.8,654.7,659.4,666.3,659.8,655.2,645.8,636.3,633.3,635.0,637.7,647.4,661.8,649.6,641.4,638.2,636.7,638.9,644.2,636.3,637.5,640.8,657.7,640.9,637.6,636.5,0.599,0.202,-0.301,0.055,272.063,184.649,-4.52,8.83,-11.392,13.888,4.539,0.219,-3.998,2.304,3.62,-0.42,-0.027,0.987,-0.06,-2.437,-1.165,-0.081,0.329,0.778,-1.133,-0.875,0.555,-0.626,-0.12,-0.374,0.17,0.064,-0.025,0.064,-0.108,0.007,-0.037,0.006,0.003,-0.005,0.2,0.0,0.0,0.68,0.0,0.0,0.25,0.0,0.0,0.24,0.0,0.0,0.0,0.0,0.0,0.0,0.0,0.0,1.0,0.0,0.0,0.0,0.0,0.0,0.0,0.0,0.0,0.0,0.0,0.0,0.0,0.0,0.0,1.0,0.0
PP133,g1,2690,0,0.975,0.225433,0.190057,-0.955541,0.066757,0.183228,-0.980801,0.15,0.19,249.5,250.9,254.0,257.2,258.4,257.3,253.9,250.8,245.1,247.2,250.1,253.7,257.1,259.6,261.2,259.2,256.3,253.2,250.0,247.2,252.5,253.9,255.3,255.9,255.3,254.0,252.6,252.0,286.7,287.6,290.3,293.2,294.6,293.6,290.9,287.8,283.7,285.6,288.3,291.5,294.3,296.2,297.3,296.2,294.4,292.0,289.0,286.0,289.3,290.6,291.7,292.1,291.5,290.3,289.1,288.7,159.8,156.6,155.3,156.7,160.0,163.4,164.4,163.0,161.2,159.4,158.3,157.8,158.5,160.0,162.1,163.2,163.5,163.6,163.3,162.6,161.3,162.0,161.4,160.0,158.6,158.0,158.5,159.9,159.9,156.8,155.4,156.6,159.6,162.7,164.1,163.1,162.0,159.9,158.4,157.7,158.2,159.3,161.0,162.4,163.1,163.5,163.4,163.0,161.2,161.7,161.1,159.8,158.5,157.9,158.5,159.9,-0.6,1.2,5.4,9.5,11.1,9.6,5.1,1.0,-6.6,-3.7,0.2,4.8,9.3,12.7,14.9,12.2,8.4,4.2,0.0,-3.8,3.4,5.2,7.0,7.8,7.1,5.3,3.4,2.6,50.5,51.8,55.7,59.9,61.8,60.4,56.5,52.0,46.3,48.9,52.5,57.1,61.3,64.3,66.3,64.4,61.5,57.8,53.6,49.5,54.2,56.0,57.7,58.4,57.5,55.7,54.0,53.4,-36.7,-40.9,-42.6,-40.8,-36.5,-31.9,-30.5,-32.4,-35.1,-37.2,-38.5,-39.1,-38.3,-36.4,-33.8,-32.2,-31.7,-31.5,-31.9,-33.1,-34.7,-33.9,-34.6,-36.5,-38.3,-39.2,-38.4,-36.5,-38.0,-42.3,-44.3,-42.8,-38.6,-34.3,-32.3,-33.5,-35.0,-37.9,-40.0,-41.0,-40.6,-39.3,-37.1,-35.0,-33.7,-33.1,-33.2,-33.6,-36.3,-35.6,-36.5,-38.4,-40.2,-40.9,-40.0,-38.1,516.8,517.4,517.8,517.8,517.4,517.1,516.4,516.3,520.5,518.1,516.0,515.2,516.1,517.7,519.5,517.7,515.8,515.2,516.1,518.1,517.6,517.6,517.8,518.0,518.2,518.2,518.0,517.8,537.0,538.0,539.8,541.2,541.4,540.4,538.6,537.4,537.3,536.6,536.5,537.7,540.5,544.0,547.4,544.0,540.6,538.1,536.8,536.8,539.1,539.7,540.5,540.9,540.8,540.2,539.5,539.0,35.9,-4.9,649.7,0.198,-0.22,0.038,223.0,223.2,224.4,226.7,231.3,238.8,248.2,259.1,269.9,278.5,284.6,290.2,295.2,299.0,301.5,303.3,303.9,235.4,242.4,251.3,260.3,268.3,283.0,289.5,295.6,301.4,304.7,275.7,276.8,278.1,279.2,267.0,271.6,276.1,280.1,283.4,244.9,250.5,256.6,261.4,256.3,250.2,283.6,288.6,293.9,297.4,294.3,289.0,256.0,264.4,271.2,274.9,278.8,283.1,286.2,282.8,278.4,274.3,270.1,263.6,259.1,270.6,274.5,278.3,284.2,278.3,274.4,270.4,160.5,172.2,183.7,194.8,205.3,214.4,221.9,227.6,229.0,226.9,220.4,212.5,203.6,193.6,183.1,172.4,161.5,152.9,148.1,146.9,148.3,151.4,151.1,148.1,146.8,147.9,152.2,160.3,167.9,175.5,183.3,188.5,190.0,191.2,190.0,188.5,161.1,158.3,158.4,162.2,163.5,163.5,162.1,158.2,158.2,160.9,163.3,163.4,203.4,201.2,199.8,200.9,199.8,201.2,203.1,208.3,210.6,211.1,210.8,208.6,203.7,203.5,203.9,203.4,203.6,204.9,205.5,205.1,-46.5,-46.4,-44.6,-40.8,-32.6,-19.5,-3.1,15.6,34.0,49.5,61.5,72.9,82.6,89.5,93.9,97.0,98.1,-23.9,-12.4,2.2,16.6,29.5,53.9,65.2,76.5,87.6,94.7,41.8,43.2,44.7,46.2,27.5,34.9,42.2,48.9,54.8,-8.3,0.7,10.8,18.8,10.3,0.3,56.3,64.9,74.4,81.2,75.1,65.6,10.0,23.6,34.5,40.7,47.2,55.0,61.6,54.7,46.8,39.8,32.9,22.3,15.0,33.7,40.1,46.7,57.9,46.6,40.0,33.4,-46.5,-26.6,-6.7,12.7,31.0,46.8,59.4,68.6,71.1,68.4,58.6,45.4,29.3,11.1,-7.9,-27.4,-47.3,-56.8,-64.0,-65.6,-63.1,-58.0,-59.3,-65.1,-68.2,-67.5,-61.0,-44.2,-31.5,-19.2,-6.7,1.6,4.0,6.0,4.1,1.6,-43.4,-47.8,-47.7,-41.5,-39.3,-39.2,-42.5,-49.3,-49.6,-45.4,-41.0,-40.6,26.4,22.4,20.1,21.9,20.2,22.8,26.5,34.8,38.1,38.7,38.1,34.6,26.8,26.2,26.9,26.2,27.1,28.6,29.5,28.8,672.9,676.1,680.0,682.7,682.6,680.3,674.8,667.7,668.6,679.0,694.9,707.6,713.3,713.4,712.0,710.8,710.8,640.8,635.3,631.7,629.0,628.2,637.1,645.3,655.0,665.2,675.6,634.7,629.0,622.8,617.1,632.1,631.6,631.8,635.6,639.9,641.2,638.8,640.0,642.2,640.2,639.0,654.1,656.9,661.5,668.3,661.9,657.5,648.7,639.0,635.8,637.5,640.2,649.9,664.3,652.1,643.8,640.5,639.1,641.6,647.0,638.8,640.0,643.3,660.2,643.3,640.0,639.0,0.596,0.202,-0.29,0.052,271.492,184.38,-3.379,9.163,-10.53,12.757,4.97,0.607,-4.599,2.137,3.354,-0.023,-0.173,0.912,0.074,-1.856,-1.237,-0.214,0.228,1.025,-1.229,-1.029,0.504,-0.589,-0.058,-0.226,0.239,-0.086,-0.023,0.053,-0.101,0.0,-0.042,0.012,0.005,-0.004,0.19,0.0,0.0,0.53,0.0,0.0,0.0,0.0,0.0,0.54,0.0,0.0,0.0,0.0,0.0,0.0,0.0,0.0,1.0,0.0,0.0,0.0,0.0,0.0,0.0,0.0,1.0,0.0,0.0,0.0,0.0,0.0,0.0,1.0,0.0
PP133,g1,2696,0,0.975,0.223222,0.19461,-0.955143,0.063813,0.187175,-0.980252,0.147,0.195,249.3,250.7,253.8,256.9,258.2,257.0,253.7,250.5,244.9,247.0,249.9,253.4,256.8,259.3,260.9,258.9,256.1,252.9,249.8,247.0,252.3,253.7,255.0,255.6,255.1,253.7,252.4,251.8,286.4,287.4,290.1,292.9,294.3,293.4,290.7,287.6,283.4,285.4,288.0,291.2,294.0,295.9,297.0,296.0,294.1,291.7,288.7,285.7,289.0,290.3,291.5,291.9,291.3,290.0,288.8,288.4,159.8,156.6,155.4,156.8,160.0,163.4,164.4,163.0,161.2,159.5,158.4,157.9,158.6,160.1,162.1,163.2,163.5,163.7,163.3,162.6,161.4,162.0,161.4,160.0,158.6,158.0,158.6,160.0,159.9,156.8,155.4,156.6,159.6,162.7,164.1,163.1,162.0,160.0,158.4,157.7,158.2,159.3,161.0,162.4,163.1,163.5,163.4,163.1,161.2,161.7,161.1,159.8,158.5,158.0,158.5,159.9,-0.9,0.9,5.1,9.2,10.9,9.3,4.9,0.7,-6.9,-4.0,-0.1,4.5,9.0,12.4,14.6,11.9,8.1,3.9,-0.3,-4.1,3.1,4.9,6.7,7.5,6.8,5.0,3.1,2.4,50.2,51.6,55.5,59.6,61.5,60.1,56.2,51.8,46.1,48.7,52.3,56.9,61.0,64.1,66.0,64.2,61.2,57.6,53.4,49.2,54.0,55.8,57.5,58.1,57.3,55.5,53.8,53.2,-36.9,-41.1,-42.8,-41.0,-36.6,-32.1,-30.7,-32.6,-35.3,-37.4,-38.7,-39.3,-38.5,-36.6,-33.9,-32.4,-31.8,-31.7,-32.1,-33.3,-34.8,-34.0,-34.8,-36.6,-38.5,-39.3,-38.6,-36.7,-38.1,-42.4,-44.4,-42.9,-38.7,-34.4,-32.4,-33.6,-35.1,-37.9,-40.0,-41.1,-40.6,-39.4,-37.2,-35.1,-33.8,-33.2,-33.2,-33.7,-36.4,-35.7,-36.6,-38.5,-40.3,-41.0,-40.1,-38.2,520.0,520.6,521.0,521.0,520.6,520.2,519.6,519.5,523.7,521.3,519.2,518.4,519.3,520.9,522.7,520.8,519.0,518.4,519.3,521.3,520.8,520.8,521.0,521.2,521.4,521.4,521.2,520.9,538.4,539.4,541.2,542.6,542.8,541.7,540.0,538.7,538.7,538.0,537.9,539.0,541.8,545.4,548.7,545.4,542.0,539.5,538.2,538.2,540.5,541.1,541.8,542.3,542.2,541.6,540.8,540.4,35.6,-5.2,652.1,0.204,-0.216,0.038,222.9,223.0,224.2,226.4,231.1,238.6,248.1,259.0,269.7,278.3,284.5,290.2,295.2,299.0,301.5,303.2,303.7,235.4,242.3,251.1,260.0,267.9,282.8,289.2,295.3,301.1,304.4,275.4,276.5,277.7,278.8,266.6,271.2,275.8,279.7,283.1,244.7,250.2,256.3,261.1,256.0,250.0,283.4,288.3,293.7,297.2,294.0,288.7,255.5,263.9,270.8,274.5,278.5,282.8,286.1,282.5,278.1,273.9,269.7,263.1,258.5,270.2,274.1,278.0,284.0,278.0,274.0,270.0,160.4,172.0,183.4,194.5,205.0,214.1,221.6,227.3,228.7,226.5,220.0,212.1,203.1,193.2,182.8,172.2,161.4,152.8,148.1,146.9,148.4,151.5,151.2,148.1,146.8,147.8,152.1,160.4,168.0,175.5,183.3,188.4,189.9,191.2,189.9,188.4,161.1,158.3,158.5,162.3,163.5,163.5,162.2,158.2,158.2,160.9,163.3,163.4,202.9,200.8,199.6,200.7,199.6,200.9,202.6,208.0,210.3,210.8,210.5,208.2,203.2,203.3,203.7,203.1,203.1,204.7,205.3,204.9,-46.9,-46.9,-45.1,-41.4,-33.2,-19.9,-3.3,15.4,33.8,49.5,61.6,73.1,82.9,89.7,94.0,97.0,98.0,-24.1,-12.6,1.8,16.2,28.9,53.7,65.0,76.2,87.3,94.4,41.5,42.8,44.3,45.7,27.0,34.4,41.8,48.5,54.4,-8.7,0.4,10.4,18.4,9.9,-0.1,56.1,64.6,74.2,80.9,74.8,65.4,9.2,22.9,34.0,40.2,46.8,54.8,61.6,54.5,46.5,39.4,32.4,21.6,14.2,33.2,39.7,46.3,57.8,46.2,39.5,32.9,-46.9,-27.0,-7.1,12.3,30.7,46.5,59.2,68.4,70.8,68.1,58.0,44.7,28.6,10.4,-8.5,-27.9,-47.6,-57.1,-64.2,-65.8,-63.2,-58.2,-59.5,-65.2,-68.4,-67.7,-61.3,-44.3,-31.6,-19.2,-6.7,1.5,3.9,6.0,4.0,1.4,-43.5,-47.9,-47.7,-41.7,-39.5,-39.4,-42.6,-49.4,-49.7,-45.6,-41.2,-40.7,25.7,21.9,19.8,21.6,19.8,22.3,25.9,34.3,37.7,38.4,37.7,34.2,26.2,25.9,26.6,25.8,26.5,28.4,29.2,28.5,675.7,679.0,683.0,685.7,685.6,683.3,677.7,670.5,671.4,681.7,697.6,710.1,715.6,715.4,713.8,712.5,712.4,643.1,637.6,634.1,631.3,630.5,639.2,647.3,656.9,666.9,677.2,636.9,631.3,625.2,619.6,634.7,634.2,634.4,638.1,642.3,643.6,641.1,642.3,644.5,642.5,641.3,656.3,658.9,663.4,670.2,663.9,659.5,651.6,641.7,638.4,640.1,642.8,652.6,667.1,654.8,646.4,643.1,641.6,644.2,649.9,641.4,642.6,646.0,663.1,645.9,642.6,641.5,0.594,0.208,-0.283,0.051,271.221,184.213,-3.805,9.765,-9.842,11.295,4.724,0.896,-5.014,2.222,2.661,0.103,-0.249,0.894,0.017,-2.058,-1.303,-0.27,0.041,1.191,-1.219,-1.033,0.387,-0.534,-0.03,-0.14,0.37,-0.144,0.005,0.044,-0.104,-0.002,-0.041,0.012,0.006,-0.001,0.24,0.0,0.0,0.97,0.0,0.0,0.15,0.0,0.0,0.62,0.0,0.0,0.0,0.0,0.0,0.0,0.0,0.0,1.0,0.0,1.0,0.0,0.0,0.0,0.0,0.0,1.0,0.0,0.0,0.0,0.0,0.0,0.0,1.0,0.0
PP133,g1,2702,0,0.975,0.220974,0.197217,-0.955131,0.060087,0.189499,-0.980041,0.144,0.197,249.0,250.4,253.5,256.6,257.9,256.7,253.4,250.2,244.6,246.7,249.6,253.1,256.5,259.0,260.7,258.6,255.8,252.6,249.5,246.7,252.0,253.4,254.7,255.3,254.8,253.4,252.1,251.5,286.1,287.1,289.8,292.7,294.0,293.1,290.4,287.3,283.1,285.1,287.7,290.9,293.7,295.7,296.8,295.7,293.9,291.4,288.5,285.4,288.8,290.0,291.2,291.6,291.0,289.7,288.6,288.2,159.9,156.8,155.5,156.9,160.1,163.5,164.5,163.1,161.3,159.6,158.5,158.0,158.7,160.2,162.3,163.3,163.6,163.8,163.4,162.7,161.5,162.1,161.5,160.2,158.8,158.1,158.7,160.1,160.0,156.9,155.5,156.7,159.7,162.8,164.2,163.2,162.1,160.0,158.5,157.8,158.3,159.3,161.0,162.4,163.2,163.5,163.4,163.1,161.3,161.8,161.2,159.9,158.5,158.0,158.6,160.0,-1.3,0.5,4.7,8.8,10.5,8.9,4.5,0.3,-7.3,-4.4,-0.5,4.1,8.6,12.0,14.3,11.5,7.7,3.5,-0.7,-4.5,2.7,4.5,6.3,7.1,6.4,4.6,2.8,2.0,49.7,51.1,55.0,59.1,61.1,59.7,55.8,51.3,45.6,48.2,51.8,56.4,60.5,63.6,65.6,63.7,60.8,57.1,52.9,48.7,53.5,55.3,57.0,57.6,56.8,55.0,53.3,52.7,-36.7,-41.0,-42.7,-40.8,-36.5,-31.9,-30.5,-32.4,-35.1,-37.2,-38.5,-39.1,-38.3,-36.4,-33.8,-32.2,-31.7,-31.5,-32.0,-33.1,-34.7,-33.9,-34.6,-36.5,-38.4,-39.2,-38.4,-36.6,-37.9,-42.2,-44.3,-42.7,-38.6,-34.2,-32.2,-33.4,-34.9,-37.7,-39.8,-40.9,-40.5,-39.2,-37.1,-35.0,-33.7,-33.1,-33.1,-33.5,-36.2,-35.5,-36.4,-38.3,-40.1,-40.8,-39.9,-38.0,519.9,520.5,520.9,520.9,520.5,520.2,519.5,519.5,523.6,521.2,519.1,518.3,519.2,520.8,522.6,520.8,519.0,518.3,519.2,521.2,520.7,520.7,520.9,521.1,521.3,521.3,521.1,520.9,537.3,538.4,540.1,541.5,541.7,540.7,539.0,537.7,537.7,537.0,536.9,538.0,540.7,544.3,547.6,544.3,540.9,538.4,537.2,537.2,539.4,540.0,540.8,541.2,541.1,540.5,539.8,539.3,35.2,-5.3,652.4,0.207,-0.209,0.033,222.5,222.7,223.9,226.2,231.0,238.6,248.2,259.1,269.7,278.5,284.7,290.4,295.4,299.1,301.5,303.2,303.7,234.9,241.8,250.7,259.6,267.6,282.5,288.9,295.1,300.9,304.2,275.2,276.2,277.4,278.5,266.3,270.9,275.5,279.5,282.9,244.4,249.9,256.0,260.8,255.8,249.7,283.1,288.0,293.4,297.0,293.8,288.5,255.2,263.6,270.5,274.3,278.3,282.7,286.0,282.4,278.0,273.8,269.5,262.9,258.2,270.0,273.9,277.9,284.0,277.8,273.8,269.8,160.3,171.9,183.4,194.6,205.0,214.0,221.5,227.2,228.5,226.1,219.5,211.6,202.6,192.8,182.5,172.0,161.2,153.0,148.3,147.1,148.5,151.7,151.4,148.3,147.0,148.0,152.2,160.5,168.1,175.7,183.4,188.5,190.0,191.2,190.0,188.4,161.2,158.4,158.6,162.4,163.6,163.6,162.2,158.3,158.3,161.0,163.3,163.4,202.6,200.7,199.5,200.6,199.4,200.6,202.3,207.6,210.0,210.6,210.2,208.0,203.0,203.1,203.5,202.9,202.8,204.4,205.0,204.6,-47.7,-47.6,-45.7,-41.8,-33.5,-20.0,-3.2,15.6,34.0,49.7,62.0,73.6,83.3,90.0,94.2,97.0,97.9,-24.9,-13.4,1.1,15.6,28.5,53.2,64.5,75.8,87.0,94.1,41.0,42.3,43.8,45.2,26.5,34.0,41.5,48.2,54.1,-9.2,-0.1,9.9,17.9,9.5,-0.6,55.6,64.2,73.8,80.6,74.4,65.0,8.6,22.4,33.6,39.9,46.6,54.6,61.6,54.3,46.3,39.1,32.1,21.2,13.6,32.8,39.4,46.1,57.7,46.1,39.2,32.6,-47.2,-27.2,-7.2,12.4,30.8,46.5,59.1,68.2,70.5,67.5,57.2,43.8,27.8,9.7,-9.2,-28.3,-47.9,-56.9,-64.0,-65.6,-63.0,-57.8,-59.1,-64.9,-68.1,-67.5,-61.2,-44.0,-31.4,-18.9,-6.4,1.6,4.0,6.0,4.1,1.5,-43.4,-47.7,-47.6,-41.5,-39.3,-39.2,-42.5,-49.3,-49.6,-45.5,-41.2,-40.6,25.3,21.7,19.6,21.4,19.6,22.0,25.2,33.7,37.2,38.0,37.3,33.8,25.8,25.7,26.3,25.5,25.9,27.9,28.8,28.2,677.7,681.0,685.0,687.6,687.5,685.0,679.1,671.5,672.3,682.7,698.6,711.0,716.2,715.9,714.1,712.9,712.8,644.2,638.4,634.7,631.7,630.7,639.2,647.3,657.0,667.1,677.6,637.3,631.6,625.4,619.8,635.2,634.6,634.7,638.4,642.6,644.3,641.7,642.8,645.0,643.0,641.9,656.6,659.3,663.7,670.5,664.2,659.8,652.4,642.4,638.9,640.5,643.3,653.1,667.8,655.3,646.7,643.4,642.0,644.8,650.7,641.9,643.1,646.5,663.7,646.3,642.9,642.0,0.594,0.21,-0.275,0.047,271.029,184.142,-1.154,11.193,-8.963,10.198,4.764,1.23,-5.446,2.072,2.169,-0.013,-0.233,0.821,0.133,-1.707,-1.072,-0.41,-0.125,1.109,-1.262,-0.98,0.372,-0.588,-0.117,-0.074,0.375,-0.17,0.015,0.038,-0.11,-0.005,-0.036,0.019,0.001,-0.003,0.34,0.0,0.0,0.46,0.0,0.0,0.0,0.0,0.05,0.54,0.0,0.0,0.0,0.0,0.0,0.0,0.0,0.0,1.0,0.0,0.0,0.0,0.0,0.0,0.0,0.0,1.0,0.0,0.0,0.0,0.0,0.0,0.0,1.0,0.0
PP133,g1,2708,0,0.975,0.221993,0.193887,-0.955577,0.058431,0.186624,-0.980692,0.144,0.194,249.0,250.3,253.5,256.6,257.9,256.7,253.4,250.2,244.5,246.7,249.6,253.1,256.5,259.0,260.7,258.7,255.8,252.6,249.5,246.6,252.0,253.4,254.8,255.4,254.8,253.4,252.1,251.5,286.3,287.2,289.9,292.8,294.2,293.3,290.6,287.5,283.3,285.2,287.8,291.1,293.9,295.9,297.0,295.9,294.1,291.6,288.6,285.6,288.9,290.2,291.4,291.8,291.2,289.9,288.7,288.3,160.5,157.3,156.1,157.5,160.7,164.2,165.2,163.8,161.9,160.2,159.1,158.6,159.3,160.8,162.9,163.9,164.3,164.4,164.1,163.3,162.1,162.7,162.1,160.8,159.3,158.7,159.3,160.7,160.5,157.4,156.0,157.1,160.2,163.3,164.7,163.8,162.7,160.6,159.0,158.3,158.7,159.8,161.5,162.9,163.7,164.0,164.0,163.7,161.8,162.3,161.7,160.3,159.0,158.5,159.1,160.5,-1.3,0.5,4.7,8.8,10.5,8.9,4.4,0.3,-7.3,-4.4,-0.5,4.1,8.6,12.0,14.2,11.5,7.7,3.5,-0.7,-4.5,2.7,4.5,6.3,7.1,6.4,4.6,2.7,1.9,49.8,51.1,55.0,59.1,61.1,59.7,55.8,51.4,45.6,48.2,51.8,56.4,60.6,63.7,65.7,63.8,60.8,57.1,53.0,48.8,53.6,55.4,57.1,57.7,56.8,55.0,53.3,52.7,-35.7,-39.9,-41.6,-39.8,-35.5,-30.9,-29.5,-31.4,-34.1,-36.2,-37.5,-38.1,-37.3,-35.4,-32.8,-31.2,-30.7,-30.5,-31.0,-32.1,-33.7,-32.9,-33.6,-35.5,-37.4,-38.2,-37.4,-35.6,-37.0,-41.4,-43.4,-41.9,-37.8,-33.4,-31.4,-32.6,-34.1,-36.9,-39.0,-40.1,-39.7,-38.5,-36.3,-34.2,-32.9,-32.2,-32.3,-32.7,-35.4,-34.7,-35.6,-37.5,-39.3,-40.0,-39.1,-37.2,516.7,517.3,517.7,517.7,517.3,516.9,516.3,516.2,520.4,518.0,515.9,515.1,516.0,517.6,519.4,517.5,515.7,515.1,516.0,518.0,517.5,517.5,517.7,517.9,518.1,518.1,517.9,517.7,535.4,536.5,538.2,539.5,539.8,538.7,537.0,535.8,535.8,535.0,534.9,536.0,538.8,542.3,545.7,542.3,539.0,536.5,535.2,535.3,537.5,538.1,538.8,539.3,539.2,538.6,537.9,537.4,35.5,-4.4,652.1,0.207,-0.209,0.031,222.5,222.8,224.1,226.4,231.1,238.7,248.3,259.2,270.0,278.7,284.9,290.6,295.7,299.4,301.8,303.4,303.9,234.8,241.7,250.7,259.6,267.7,282.6,289.1,295.3,301.1,304.5,275.3,276.3,277.5,278.7,266.5,271.1,275.7,279.7,283.1,244.4,249.9,256.0,260.9,255.8,249.6,283.2,288.2,293.6,297.2,294.0,288.6,255.3,263.8,270.8,274.6,278.5,282.9,286.3,282.6,278.2,274.0,269.8,263.1,258.3,270.2,274.2,278.1,284.2,278.1,274.1,270.1,161.0,172.6,184.0,195.1,205.4,214.4,221.8,227.5,228.8,226.4,219.8,211.9,203.1,193.3,183.0,172.6,161.9,153.7,149.0,147.8,149.2,152.3,151.9,148.9,147.5,148.5,152.8,161.1,168.7,176.2,184.0,189.0,190.5,191.7,190.5,188.9,161.8,159.0,159.2,163.0,164.2,164.2,162.8,158.8,158.8,161.5,163.8,164.0,203.1,201.2,200.0,201.0,199.8,201.1,202.6,208.1,210.5,211.1,210.8,208.5,203.5,203.6,204.0,203.4,203.2,204.9,205.5,205.1,-47.6,-47.4,-45.4,-41.5,-33.2,-19.7,-2.9,15.9,34.4,50.1,62.3,73.9,83.8,90.5,94.7,97.5,98.3,-25.1,-13.5,1.1,15.6,28.5,53.4,64.7,76.1,87.3,94.5,41.2,42.5,44.0,45.5,26.8,34.3,41.7,48.5,54.4,-9.3,-0.1,9.9,18.0,9.5,-0.6,55.8,64.4,74.0,80.9,74.7,65.2,8.9,22.8,34.0,40.2,46.9,55.0,62.0,54.7,46.7,39.6,32.6,21.6,13.9,33.3,39.8,46.5,58.2,46.4,39.7,33.0,-45.9,-26.0,-6.1,13.3,31.5,47.2,59.6,68.7,71.0,68.0,57.8,44.5,28.6,10.6,-8.2,-27.3,-46.8,-55.8,-62.9,-64.5,-61.9,-56.8,-58.1,-63.9,-67.2,-66.6,-60.3,-43.0,-30.4,-18.0,-5.6,2.5,4.9,6.9,4.9,2.3,-42.4,-46.7,-46.6,-40.5,-38.3,-38.2,-41.5,-48.4,-48.8,-44.7,-40.3,-39.7,26.1,22.5,20.4,22.2,20.3,22.6,25.9,34.5,38.1,38.8,38.2,34.7,26.6,26.4,27.1,26.3,26.6,28.7,29.6,29.0,677.4,680.7,684.6,687.2,687.2,684.8,679.0,671.4,672.1,682.4,698.3,710.7,716.1,715.8,714.2,713.2,713.1,643.9,638.1,634.2,631.1,630.1,638.6,646.9,656.6,666.9,677.5,636.8,631.1,624.9,619.3,634.8,634.2,634.3,637.9,642.1,644.1,641.4,642.5,644.7,642.7,641.7,656.3,659.0,663.5,670.3,663.9,659.5,652.2,642.1,638.5,640.1,642.8,652.7,667.7,655.1,646.4,643.1,641.7,644.6,650.6,641.6,642.8,646.1,663.5,646.0,642.6,641.6,0.594,0.211,-0.276,0.045,271.196,184.657,0.115,10.441,-8.32,9.715,5.526,0.698,-5.866,2.66,2.472,0.125,-0.102,1.114,0.2,-1.777,-0.88,-0.42,-0.043,1.055,-1.025,-0.799,0.555,-0.6,-0.12,-0.036,0.299,-0.182,0.037,0.053,-0.113,-0.003,-0.033,0.019,0.006,-0.004,0.26,0.0,0.0,0.33,0.0,0.0,0.0,0.0,0.03,0.87,0.0,0.0,0.0,0.0,0.0,0.0,0.0,0.0,1.0,0.0,1.0,0.0,0.0,0.0,0.0,0.0,1.0,0.0,0.0,0.0,0.0,0.0,0.0,1.0,0.0
PP133,g1,2714,0,0.975,0.221708,0.194737,-0.95547,0.060408,0.187833,-0.980342,0.145,0.195,249.9,251.2,254.4,257.5,258.8,257.6,254.3,251.1,245.4,247.5,250.5,254.0,257.4,259.9,261.6,259.6,256.7,253.5,250.4,247.5,252.9,254.3,255.6,256.2,255.7,254.3,252.9,252.3,287.1,288.0,290.7,293.6,295.0,294.1,291.4,288.3,284.1,286.0,288.7,291.9,294.7,296.6,297.7,296.7,294.9,292.4,289.5,286.4,289.7,291.0,292.2,292.6,292.0,290.7,289.5,289.1,160.6,157.4,156.2,157.5,160.8,164.2,165.2,163.8,162.0,160.2,159.1,158.6,159.3,160.9,162.9,164.0,164.4,164.5,164.2,163.4,162.2,162.8,162.2,160.8,159.4,158.8,159.4,160.7,160.5,157.4,156.0,157.2,160.2,163.3,164.7,163.8,162.7,160.6,159.0,158.3,158.7,159.8,161.5,162.9,163.7,164.1,164.0,163.7,161.8,162.3,161.7,160.4,159.1,158.5,159.1,160.5,-0.2,1.6,5.8,10.0,11.6,10.1,5.6,1.5,-6.1,-3.3,0.7,5.3,9.8,13.1,15.4,12.7,8.9,4.6,0.5,-3.3,3.8,5.6,7.5,8.3,7.6,5.7,3.9,3.1,51.0,52.4,56.2,60.4,62.3,60.9,57.0,52.6,46.9,49.5,53.1,57.6,61.8,64.9,66.8,65.0,62.0,58.4,54.2,50.0,54.8,56.6,58.3,58.9,58.0,56.2,54.5,53.9,-35.6,-39.8,-41.6,-39.7,-35.4,-30.8,-29.4,-31.3,-34.0,-36.1,-37.5,-38.1,-37.2,-35.3,-32.7,-31.1,-30.6,-30.4,-30.8,-32.0,-33.6,-32.8,-33.5,-35.4,-37.3,-38.1,-37.3,-35.5,-37.1,-41.4,-43.5,-42.0,-37.8,-33.4,-31.4,-32.6,-34.1,-36.9,-39.1,-40.2,-39.7,-38.5,-36.3,-34.2,-32.9,-32.2,-32.3,-32.7,-35.4,-34.7,-35.6,-37.5,-39.3,-40.0,-39.1,-37.2,516.8,517.4,517.8,517.8,517.4,517.1,516.4,516.4,520.6,518.2,516.1,515.2,516.1,517.7,519.5,517.7,515.9,515.3,516.1,518.1,517.6,517.6,517.8,518.1,518.2,518.2,518.0,517.8,536.5,537.5,539.3,540.6,540.9,539.9,538.2,536.9,536.8,536.1,536.0,537.1,539.9,543.5,546.8,543.5,540.2,537.6,536.4,536.4,538.6,539.2,540.0,540.4,540.3,539.7,539.0,538.5,36.9,-4.1,651.1,0.208,-0.212,0.031,223.3,223.5,224.8,227.2,231.9,239.5,249.1,260.1,270.8,279.5,285.7,291.4,296.4,300.0,302.4,304.1,304.6,235.8,242.7,251.6,260.7,268.7,283.4,289.8,296.0,301.9,305.2,276.1,277.2,278.4,279.6,267.4,272.0,276.6,280.5,283.9,245.3,250.8,256.9,261.8,256.7,250.5,284.1,289.0,294.4,297.9,294.8,289.4,256.7,265.1,271.8,275.5,279.3,283.6,286.9,283.4,279.1,275.0,270.9,264.3,259.7,271.3,275.1,278.9,284.9,278.9,275.1,271.2,161.0,172.6,184.0,195.1,205.4,214.5,221.9,227.6,228.9,226.6,220.0,212.1,203.2,193.4,183.2,172.7,161.9,153.8,149.1,147.8,149.3,152.4,152.1,149.0,147.6,148.6,152.8,161.2,168.8,176.3,184.1,189.2,190.7,191.9,190.7,189.1,161.9,159.1,159.2,163.1,164.3,164.3,162.8,158.8,158.8,161.5,163.9,164.0,203.8,201.7,200.4,201.4,200.3,201.5,203.2,208.4,210.8,211.3,211.0,208.9,204.1,204.0,204.4,203.8,203.7,205.1,205.8,205.4,-46.1,-46.0,-44.0,-40.1,-31.8,-18.4,-1.6,17.3,35.8,51.5,63.7,75.2,84.9,91.6,95.8,98.7,99.6,-23.4,-11.9,2.7,17.2,30.1,54.4,65.8,77.3,88.5,95.6,42.5,43.8,45.3,46.8,28.3,35.7,43.1,49.8,55.6,-7.8,1.3,11.4,19.4,11.0,0.9,57.1,65.7,75.2,82.1,75.9,66.5,11.1,24.7,35.6,41.7,48.2,56.1,63.0,55.9,48.1,41.1,34.3,23.6,16.1,34.9,41.3,47.8,59.1,47.8,41.2,34.7,-45.8,-25.9,-6.1,13.3,31.5,47.2,59.7,68.8,71.1,68.2,58.0,44.8,28.8,10.9,-7.9,-27.1,-46.6,-55.5,-62.6,-64.2,-61.6,-56.5,-57.8,-63.7,-67.0,-66.4,-60.0,-42.7,-30.1,-17.8,-5.4,2.8,5.2,7.1,5.2,2.6,-42.1,-46.6,-46.4,-40.3,-38.1,-38.0,-41.4,-48.3,-48.7,-44.6,-40.1,-39.6,27.1,23.3,21.0,22.8,21.0,23.4,26.8,35.0,38.4,39.2,38.6,35.2,27.5,27.1,27.7,26.9,27.5,29.1,30.0,29.4,675.7,679.1,683.2,685.9,685.9,683.4,677.7,670.3,671.1,681.4,697.3,709.9,715.5,715.3,713.7,712.4,712.1,642.4,636.6,632.8,629.8,629.0,637.5,645.7,655.5,665.8,676.4,635.6,630.0,623.9,618.3,633.7,633.2,633.4,637.0,641.2,642.8,640.1,641.2,643.5,641.6,640.5,655.2,657.8,662.3,669.3,662.9,658.5,650.8,640.8,637.4,639.1,641.8,651.5,666.2,653.8,645.4,642.2,640.8,643.4,649.1,640.5,641.8,645.0,662.0,644.8,641.5,640.6,0.595,0.213,-0.281,0.046,272.062,184.842,0.512,10.157,-10.538,11.001,5.227,0.425,-4.697,2.887,3.229,0.335,-0.076,0.991,0.002,-2.04,-1.065,-0.162,0.036,0.887,-0.845,-0.669,0.65,-0.51,-0.155,-0.165,0.322,-0.121,0.009,0.073,-0.104,0.01,-0.03,0.014,0.01,-0.002,0.16,0.0,0.0,0.86,0.0,0.0,0.0,0.0,0.0,0.47,0.0,0.0,0.0,0.0,0.0,0.0,0.0,0.0,1.0,0.0,1.0,0.0,0.0,0.0,0.0,0.0,1.0,0.0,0.0,0.0,0.0,0.0,0.0,1.0,0.0
PP133,g1,2720,0,0.975,0.222343,0.190796,-0.956117,0.061475,0.184551,-0.980898,0.145,0.191,250.4,251.7,254.9,258.0,259.3,258.1,254.8,251.6,245.9,248.0,251.0,254.5,257.9,260.4,262.1,260.1,257.2,254.0,250.9,248.0,253.4,254.8,256.2,256.8,256.2,254.8,253.4,252.9,287.7,288.6,291.3,294.2,295.6,294.7,292.0,288.8,284.7,286.6,289.2,292.5,295.3,297.2,298.3,297.3,295.4,293.0,290.0,287.0,290.3,291.6,292.7,293.1,292.5,291.3,290.1,289.7,160.2,157.0,155.7,157.1,160.4,163.8,164.8,163.4,161.6,159.8,158.7,158.2,158.9,160.4,162.5,163.6,164.0,164.1,163.8,163.0,161.8,162.4,161.8,160.4,159.0,158.4,158.9,160.3,160.2,157.1,155.7,156.9,159.9,163.0,164.4,163.4,162.4,160.2,158.7,158.0,158.4,159.5,161.3,162.7,163.4,163.8,163.7,163.4,161.5,162.0,161.4,160.1,158.7,158.2,158.8,160.2,0.5,2.3,6.5,10.6,12.3,10.8,6.3,2.1,-5.4,-2.6,1.3,5.9,10.4,13.8,16.1,13.3,9.5,5.3,1.1,-2.6,4.5,6.3,8.1,8.9,8.2,6.4,4.6,3.8,51.8,53.1,57.0,61.2,63.1,61.7,57.8,53.4,47.7,50.2,53.8,58.4,62.6,65.7,67.6,65.7,62.8,59.1,54.9,50.8,55.6,57.4,59.1,59.7,58.8,57.0,55.3,54.7,-36.0,-40.3,-42.0,-40.1,-35.8,-31.2,-29.9,-31.7,-34.4,-36.6,-37.9,-38.5,-37.6,-35.7,-33.1,-31.5,-31.0,-30.8,-31.2,-32.4,-34.0,-33.2,-33.9,-35.8,-37.7,-38.5,-37.7,-35.9,-37.5,-41.9,-43.9,-42.4,-38.2,-33.8,-31.9,-33.1,-34.6,-37.4,-39.5,-40.6,-40.2,-38.9,-36.7,-34.6,-33.3,-32.6,-32.7,-33.1,-35.8,-35.2,-36.0,-37.9,-39.8,-40.4,-39.6,-37.7,515.0,515.6,516.0,516.1,515.7,515.3,514.6,514.6,518.8,516.4,514.3,513.5,514.3,515.9,517.7,515.9,514.1,513.5,514.4,516.4,515.8,515.9,516.0,516.3,516.5,516.5,516.3,516.0,536.4,537.4,539.2,540.6,540.8,539.8,538.1,536.8,536.7,536.0,535.9,537.1,539.8,543.4,546.7,543.4,540.1,537.5,536.3,536.3,538.5,539.1,539.9,540.3,540.2,539.6,538.9,538.4,37.7,-4.4,649.9,0.2,-0.214,0.032,223.8,224.0,225.3,227.7,232.4,240.1,249.7,260.6,271.3,279.9,286.0,291.7,296.7,300.4,302.9,304.6,305.1,236.4,243.4,252.3,261.2,269.2,284.1,290.4,296.6,302.4,305.8,276.7,277.8,279.0,280.2,268.0,272.6,277.1,281.1,284.4,245.8,251.3,257.5,262.3,257.2,251.0,284.6,289.6,294.9,298.5,295.3,290.0,257.3,265.6,272.4,276.0,279.8,284.1,287.3,283.8,279.5,275.5,271.3,264.8,260.3,271.8,275.6,279.4,285.2,279.4,275.5,271.6,160.9,172.5,184.1,195.3,205.7,214.8,222.2,227.7,229.0,226.7,220.2,212.3,203.4,193.5,183.2,172.6,161.8,153.2,148.5,147.3,148.7,151.8,151.5,148.5,147.2,148.1,152.4,160.7,168.3,175.8,183.5,188.8,190.3,191.5,190.3,188.7,161.5,158.7,158.8,162.6,163.9,164.0,162.5,158.5,158.5,161.2,163.6,163.7,203.8,201.5,200.1,201.1,200.0,201.4,203.4,208.6,210.8,211.4,211.1,208.9,204.1,203.8,204.2,203.7,203.8,205.1,205.7,205.4,-45.2,-45.1,-43.1,-39.1,-30.7,-17.3,-0.6,18.1,36.5,52.1,64.1,75.5,85.2,92.0,96.3,99.3,100.3,-22.4,-10.8,3.7,18.0,30.8,55.5,66.8,78.1,89.3,96.4,43.4,44.7,46.2,47.7,29.2,36.5,43.9,50.6,56.4,-6.9,2.2,12.2,20.2,11.8,1.7,58.0,66.6,76.1,83.0,76.8,67.3,12.1,25.5,36.4,42.5,48.9,56.7,63.4,56.5,48.7,41.8,34.9,24.3,17.1,35.7,42.0,48.4,59.6,48.4,41.9,35.4,-45.9,-25.9,-5.9,13.6,31.9,47.5,59.9,68.8,71.1,68.3,58.2,45.0,29.1,11.0,-7.8,-27.1,-46.7,-56.3,-63.4,-65.0,-62.4,-57.4,-58.7,-64.5,-67.7,-67.1,-60.8,-43.5,-31.0,-18.7,-6.3,2.2,4.5,6.4,4.5,2.0,-42.7,-47.2,-47.0,-40.9,-38.6,-38.5,-41.9,-48.8,-49.2,-45.0,-40.6,-40.0,27.1,22.9,20.5,22.3,20.5,23.2,27.0,35.2,38.5,39.2,38.6,35.2,27.5,26.7,27.3,26.6,27.6,29.0,29.8,29.2,673.7,677.1,681.2,683.9,683.7,681.3,675.6,668.4,669.2,679.6,695.4,708.0,713.5,713.2,711.6,710.5,710.4,640.7,635.3,631.7,629.0,628.2,637.0,645.3,655.0,665.2,675.5,634.8,629.2,623.1,617.4,632.4,632.0,632.2,635.9,640.1,641.5,638.9,640.1,642.3,640.3,639.2,654.3,657.0,661.6,668.5,662.1,657.6,649.1,639.2,636.0,637.6,640.3,650.1,664.6,652.4,644.1,640.9,639.5,642.0,647.4,639.1,640.3,643.6,660.4,643.5,640.3,639.2,0.596,0.205,-0.285,0.047,272.57,184.651,-2.732,10.826,-11.255,11.948,5.484,-0.28,-4.648,2.678,3.194,-0.349,0.351,1.158,0.117,-2.159,-1.201,0.019,0.269,0.814,-1.022,-0.908,0.577,-0.53,-0.107,-0.282,0.213,-0.082,0.017,0.073,-0.105,0.012,-0.024,0.008,0.006,-0.003,0.29,0.0,0.0,0.64,0.0,0.0,0.16,0.0,0.0,0.1,0.0,0.0,0.0,0.0,0.0,0.0,0.0,0.0,1.0,0.0,0.0,0.0,0.0,0.0,0.0,0.0,0.0,0.0,0.0,0.0,0.0,0.0,0.0,1.0,0.0
PP133,g1,2726,0,0.975,0.222785,0.190473,-0.956079,0.064022,0.1834,-0.980951,0.147,0.191,250.9,252.3,255.5,258.6,259.8,258.7,255.3,252.2,246.4,248.6,251.5,255.1,258.5,261.0,262.6,260.6,257.7,254.5,251.4,248.5,253.9,255.3,256.7,257.3,256.7,255.4,254.0,253.4,288.2,289.1,291.8,294.7,296.1,295.1,292.4,289.3,285.2,287.1,289.8,293.0,295.8,297.7,298.7,297.7,295.9,293.4,290.5,287.5,290.8,292.0,293.2,293.6,293.0,291.8,290.6,290.2,160.0,156.9,155.6,157.0,160.2,163.7,164.7,163.3,161.4,159.7,158.6,158.1,158.8,160.3,162.4,163.5,163.8,163.9,163.6,162.8,161.6,162.2,161.7,160.3,158.9,158.2,158.8,160.2,160.2,157.1,155.8,157.0,160.0,163.1,164.4,163.5,162.4,160.3,158.8,158.0,158.5,159.6,161.4,162.8,163.5,163.9,163.8,163.4,161.6,162.1,161.5,160.1,158.8,158.3,158.9,160.2,1.2,3.0,7.2,11.4,13.0,11.4,7.0,2.8,-4.7,-1.9,2.0,6.7,11.2,14.5,16.8,14.0,10.2,6.0,1.8,-1.9,5.2,7.0,8.8,9.6,8.9,7.1,5.3,4.5,52.5,53.9,57.8,62.0,63.9,62.4,58.5,54.1,48.4,51.0,54.6,59.2,63.3,66.4,68.3,66.5,63.5,59.9,55.7,51.5,56.3,58.1,59.8,60.4,59.6,57.8,56.1,55.5,-36.3,-40.5,-42.2,-40.3,-36.0,-31.5,-30.1,-31.9,-34.7,-36.8,-38.1,-38.7,-37.9,-36.0,-33.3,-31.8,-31.2,-31.0,-31.5,-32.6,-34.2,-33.4,-34.2,-36.0,-37.9,-38.7,-38.0,-36.1,-37.5,-41.9,-43.8,-42.3,-38.1,-33.8,-31.8,-33.0,-34.6,-37.4,-39.5,-40.6,-40.1,-38.8,-36.6,-34.4,-33.2,-32.6,-32.7,-33.1,-35.8,-35.1,-36.0,-37.9,-39.7,-40.4,-39.5,-37.6,515.6,516.2,516.7,516.7,516.3,515.9,515.3,515.2,519.4,517.0,514.9,514.1,515.0,516.6,518.4,516.6,514.7,514.1,515.0,517.0,516.5,516.5,516.7,516.9,517.1,517.1,516.9,516.6,537.2,538.2,540.0,541.4,541.6,540.6,538.9,537.6,537.5,536.8,536.7,537.9,540.7,544.2,547.6,544.3,540.9,538.3,537.0,537.0,539.3,539.9,540.7,541.1,541.0,540.4,539.6,539.2,38.2,-4.2,648.5,0.199,-0.218,0.039,224.3,224.4,225.6,227.9,232.6,240.1,249.6,260.5,271.2,279.9,286.0,291.7,296.7,300.5,303.0,304.8,305.5,236.9,243.9,252.9,261.8,269.8,284.7,291.1,297.2,303.0,306.3,277.3,278.3,279.5,280.7,268.4,273.0,277.5,281.5,284.8,246.3,251.9,258.0,262.8,257.7,251.5,285.1,290.1,295.4,298.9,295.8,290.5,257.6,265.9,272.7,276.3,280.1,284.3,287.4,284.0,279.7,275.7,271.6,265.1,260.6,272.1,275.9,279.7,285.4,279.6,275.8,271.9,160.7,172.4,184.0,195.2,205.7,214.8,222.3,228.0,229.4,227.2,220.8,212.9,203.9,193.9,183.5,172.8,161.9,153.0,148.3,147.2,148.7,151.8,151.5,148.6,147.3,148.3,152.6,160.7,168.3,175.9,183.6,188.9,190.4,191.6,190.4,188.9,161.3,158.5,158.7,162.5,163.8,163.8,162.5,158.5,158.5,161.3,163.7,163.8,203.9,201.7,200.3,201.4,200.3,201.7,203.7,208.8,211.0,211.5,211.1,209.0,204.2,204.0,204.3,203.9,204.1,205.3,205.9,205.5,-44.2,-44.3,-42.4,-38.6,-30.4,-17.3,-0.8,17.9,36.3,51.9,63.9,75.3,85.1,92.0,96.5,99.6,100.7,-21.5,-9.8,4.6,19.0,31.8,56.4,67.7,79.1,90.1,97.2,44.2,45.5,47.0,48.4,29.8,37.1,44.4,51.1,56.9,-6.1,3.0,13.1,21.0,12.6,2.5,58.7,67.3,76.8,83.6,77.5,68.0,12.6,26.0,36.8,42.9,49.3,57.0,63.5,56.7,48.9,42.0,35.3,24.7,17.6,36.0,42.3,48.8,59.8,48.7,42.2,35.8,-46.1,-26.1,-6.1,13.4,31.7,47.5,60.1,69.1,71.6,68.9,59.1,45.9,29.9,11.7,-7.3,-26.6,-46.4,-56.5,-63.5,-65.0,-62.4,-57.4,-58.6,-64.2,-67.3,-66.6,-60.2,-43.5,-30.9,-18.5,-6.1,2.2,4.6,6.6,4.7,2.2,-42.9,-47.3,-47.1,-41.0,-38.8,-38.7,-41.8,-48.6,-49.0,-44.7,-40.3,-39.9,27.2,23.1,20.8,22.6,20.9,23.6,27.4,35.5,38.6,39.3,38.6,35.2,27.6,26.9,27.6,26.9,28.0,29.3,30.1,29.4,671.7,675.0,679.1,681.7,681.5,679.2,673.7,666.6,667.4,677.8,693.8,706.5,712.2,712.1,710.6,709.4,709.3,639.3,633.8,630.3,627.7,626.9,635.8,644.2,654.0,664.2,674.7,633.5,627.8,621.6,616.0,630.9,630.4,630.7,634.4,638.7,639.9,637.4,638.7,640.9,638.9,637.7,653.0,655.8,660.4,667.3,660.9,656.4,647.4,637.7,634.7,636.3,639.0,648.7,663.0,650.8,642.6,639.4,638.0,640.3,645.7,637.6,638.9,642.1,658.8,642.1,638.8,637.8,0.598,0.204,-0.29,0.054,272.915,184.758,-3.187,10.194,-11.426,12.711,5.305,0.341,-4.469,2.075,3.658,-0.359,0.316,1.062,0.006,-2.23,-0.907,-0.096,0.238,0.759,-1.212,-0.876,0.512,-0.359,-0.159,-0.314,0.2,-0.072,0.031,0.064,-0.107,0.015,-0.03,0.013,0.008,-0.005,0.29,0.0,0.0,0.7,0.0,0.0,0.06,0.0,0.0,0.0,0.0,0.0,0.0,0.0,0.0,0.0,0.0,0.0,1.0,0.0,1.0,0.0,0.0,0.0,0.0,0.0,0.0,0.0,0.0,0.0,0.0,0.0,0.0,1.0,0.0
PP133,g1,2732,0,0.975,0.221085,0.192286,-0.956111,0.062815,0.185216,-0.980688,0.146,0.192,250.9,252.3,255.5,258.6,259.8,258.6,255.3,252.2,246.4,248.6,251.5,255.1,258.5,260.9,262.6,260.6,257.7,254.5,251.4,248.5,253.9,255.3,256.7,257.3,256.7,255.4,254.0,253.4,288.1,289.1,291.8,294.6,296.0,295.1,292.4,289.2,285.1,287.1,289.7,292.9,295.7,297.6,298.7,297.7,295.8,293.4,290.4,287.4,290.7,292.0,293.2,293.6,293.0,291.7,290.5,290.1,160.0,156.9,155.6,157.0,160.2,163.7,164.7,163.3,161.4,159.7,158.6,158.1,158.8,160.3,162.4,163.5,163.8,163.9,163.6,162.8,161.6,162.2,161.7,160.3,158.9,158.2,158.8,160.2,160.2,157.1,155.8,156.9,160.0,163.1,164.4,163.5,162.3,160.3,158.7,158.0,158.5,159.6,161.4,162.8,163.5,163.8,163.7,163.4,161.5,162.1,161.5,160.1,158.8,158.3,158.9,160.2,1.2,3.0,7.2,11.4,13.0,11.4,7.0,2.8,-4.7,-1.9,2.0,6.7,11.2,14.5,16.8,14.0,10.2,6.0,1.8,-1.9,5.2,7.0,8.8,9.6,8.9,7.1,5.3,4.5,52.4,53.8,57.7,61.8,63.8,62.3,58.4,54.0,48.3,50.9,54.5,59.1,63.2,66.3,68.2,66.4,63.4,59.7,55.6,51.4,56.2,58.0,59.7,60.3,59.5,57.7,56.0,55.4,-36.3,-40.6,-42.3,-40.4,-36.1,-31.5,-30.2,-32.0,-34.7,-36.9,-38.2,-38.8,-37.9,-36.0,-33.3,-31.8,-31.2,-31.1,-31.6,-32.7,-34.3,-33.5,-34.2,-36.1,-38.0,-38.8,-38.0,-36.2,-37.5,-41.9,-43.9,-42.3,-38.1,-33.8,-31.8,-33.1,-34.6,-37.4,-39.5,-40.6,-40.1,-38.8,-36.6,-34.5,-33.2,-32.6,-32.7,-33.1,-35.8,-35.1,-36.0,-37.9,-39.7,-40.4,-39.5,-37.6,516.4,517.0,517.5,517.5,517.1,516.7,516.0,516.0,520.2,517.8,515.7,514.9,515.7,517.3,519.1,517.3,515.5,514.9,515.8,517.8,517.2,517.2,517.4,517.7,517.9,517.9,517.7,517.4,536.9,537.9,539.7,541.1,541.4,540.3,538.6,537.3,537.2,536.5,536.4,537.6,540.4,544.0,547.3,544.0,540.6,538.0,536.8,536.8,539.0,539.6,540.4,540.9,540.7,540.1,539.4,538.9,38.1,-4.3,649.3,0.202,-0.215,0.039,224.3,224.5,225.7,228.0,232.6,240.1,249.5,260.4,271.2,279.8,286.0,291.7,296.7,300.4,303.0,304.8,305.5,236.9,243.9,252.8,261.7,269.7,284.6,291.0,297.2,303.0,306.2,277.2,278.2,279.4,280.5,268.3,272.9,277.4,281.4,284.7,246.3,251.9,258.0,262.8,257.7,251.5,285.1,290.0,295.4,298.9,295.7,290.4,257.5,265.8,272.6,276.2,280.0,284.2,287.4,283.9,279.6,275.6,271.5,265.0,260.5,272.0,275.8,279.6,285.3,279.5,275.7,271.8,160.6,172.3,183.9,195.1,205.6,214.8,222.3,228.0,229.4,227.1,220.6,212.7,203.7,193.7,183.3,172.7,161.8,153.1,148.4,147.2,148.7,151.8,151.6,148.6,147.3,148.3,152.6,160.7,168.3,175.9,183.7,188.9,190.4,191.6,190.4,188.8,161.3,158.5,158.7,162.5,163.8,163.8,162.5,158.5,158.5,161.3,163.6,163.7,203.9,201.6,200.3,201.4,200.2,201.7,203.6,208.8,211.0,211.5,211.2,209.0,204.2,204.0,204.3,203.8,204.0,205.3,205.9,205.5,-44.2,-44.2,-42.4,-38.5,-30.4,-17.2,-0.8,17.8,36.2,51.9,64.0,75.4,85.2,92.0,96.5,99.6,100.7,-21.5,-10.0,4.5,18.9,31.7,56.3,67.7,79.0,90.1,97.2,44.1,45.4,46.8,48.2,29.6,37.0,44.3,51.0,56.8,-6.0,3.0,13.1,21.0,12.6,2.5,58.7,67.3,76.8,83.5,77.4,68.0,12.4,25.9,36.7,42.7,49.2,56.9,63.5,56.6,48.8,41.9,35.1,24.6,17.4,35.9,42.2,48.7,59.7,48.6,42.1,35.6,-46.4,-26.3,-6.3,13.3,31.7,47.5,60.1,69.2,71.7,68.9,58.9,45.6,29.5,11.3,-7.6,-26.9,-46.6,-56.4,-63.5,-65.0,-62.4,-57.4,-58.6,-64.2,-67.3,-66.7,-60.2,-43.5,-30.9,-18.5,-6.0,2.2,4.6,6.6,4.7,2.2,-42.9,-47.4,-47.2,-41.0,-38.8,-38.8,-41.9,-48.7,-49.0,-44.8,-40.4,-39.9,27.2,23.1,20.8,22.6,20.9,23.6,27.4,35.5,38.7,39.3,38.7,35.3,27.6,26.9,27.6,26.9,28.0,29.3,30.1,29.4,672.7,676.1,680.2,682.9,682.8,680.4,675.0,667.8,668.6,679.0,694.8,707.3,712.9,712.6,711.1,709.8,709.7,640.2,634.6,631.1,628.4,627.6,636.6,644.9,654.6,664.8,675.2,634.2,628.6,622.4,616.8,631.8,631.3,631.5,635.2,639.5,640.7,638.2,639.4,641.7,639.7,638.5,653.7,656.4,661.0,667.9,661.5,657.0,648.4,638.7,635.6,637.2,639.9,649.6,663.9,651.8,643.6,640.4,639.0,641.4,646.7,638.6,639.8,643.1,659.7,643.1,639.8,638.8,0.597,0.207,-0.286,0.054,272.852,184.73,-3.605,10.609,-11.303,12.94,5.138,0.261,-4.598,1.77,3.763,-0.441,0.221,1.201,0.151,-2.118,-0.878,-0.127,0.313,0.882,-1.116,-0.827,0.62,-0.474,-0.172,-0.379,0.237,-0.107,0.034,0.068,-0.108,0.009,-0.031,0.015,0.008,-0.006,0.19,0.0,0.0,0.98,0.0,0.0,0.05,0.0,0.0,0.0,0.0,0.0,0.0,0.0,0.0,0.0,0.0,0.0,1.0,0.0,1.0,0.0,0.0,0.0,0.0,0.0,0.0,0.0,0.0,0.0,0.0,0.0,0.0,1.0,0.0
PP133,g1,2738,0,0.975,0.220682,0.191648,-0.956332,0.06312,0.184607,-0.980783,0.145,0.192,250.7,252.1,255.3,258.4,259.6,258.4,255.1,252.0,246.3,248.4,251.3,254.9,258.3,260.7,262.4,260.4,257.5,254.3,251.2,248.4,253.7,255.1,256.5,257.1,256.5,255.2,253.8,253.2,287.9,288.9,291.6,294.4,295.8,294.8,292.1,289.0,284.9,286.8,289.5,292.7,295.5,297.4,298.5,297.4,295.6,293.2,290.2,287.2,290.5,291.8,292.9,293.3,292.8,291.5,290.3,289.9,160.0,156.9,155.6,157.0,160.3,163.7,164.7,163.3,161.4,159.7,158.6,158.1,158.8,160.3,162.4,163.5,163.8,163.9,163.6,162.8,161.6,162.2,161.7,160.3,158.9,158.3,158.8,160.2,160.2,157.1,155.8,157.0,160.0,163.1,164.4,163.5,162.4,160.3,158.8,158.0,158.5,159.6,161.4,162.8,163.5,163.9,163.7,163.4,161.6,162.1,161.5,160.1,158.8,158.3,158.9,160.2,1.0,2.8,7.0,11.1,12.7,11.2,6.7,2.6,-5.0,-2.1,1.8,6.4,10.9,14.3,16.5,13.8,9.9,5.7,1.6,-2.2,5.0,6.8,8.6,9.4,8.7,6.9,5.0,4.2,52.2,53.6,57.5,61.6,63.5,62.1,58.2,53.7,48.0,50.7,54.3,58.8,63.0,66.1,68.0,66.1,63.2,59.5,55.3,51.2,55.9,57.7,59.4,60.1,59.2,57.4,55.7,55.1,-36.4,-40.6,-42.3,-40.4,-36.1,-31.6,-30.2,-32.1,-34.8,-36.9,-38.3,-38.8,-38.0,-36.1,-33.4,-31.9,-31.3,-31.1,-31.6,-32.7,-34.3,-33.5,-34.3,-36.1,-38.0,-38.8,-38.1,-36.2,-37.5,-41.9,-43.9,-42.3,-38.1,-33.8,-31.8,-33.1,-34.6,-37.4,-39.5,-40.6,-40.1,-38.8,-36.6,-34.5,-33.2,-32.6,-32.7,-33.1,-35.8,-35.1,-36.0,-37.9,-39.7,-40.4,-39.5,-37.6,517.4,517.9,518.4,518.4,518.0,517.6,516.9,516.9,521.1,518.7,516.6,515.8,516.6,518.2,520.0,518.2,516.4,515.8,516.7,518.7,518.2,518.2,518.3,518.6,518.8,518.8,518.6,518.3,537.4,538.5,540.2,541.6,541.9,540.8,539.1,537.8,537.7,537.0,536.9,538.1,540.9,544.5,547.8,544.5,541.1,538.5,537.3,537.2,539.5,540.1,540.9,541.4,541.2,540.6,539.9,539.4,37.8,-4.2,650.1,0.202,-0.215,0.039,224.2,224.3,225.5,227.8,232.5,240.0,249.4,260.2,270.9,279.6,285.7,291.4,296.4,300.2,302.8,304.6,305.2,236.8,243.8,252.7,261.5,269.4,284.4,290.8,296.9,302.7,305.9,276.9,278.0,279.1,280.3,268.1,272.6,277.2,281.1,284.5,246.1,251.7,257.8,262.6,257.5,251.3,284.9,289.8,295.2,298.6,295.5,290.2,257.2,265.5,272.3,275.9,279.7,284.0,287.1,283.6,279.3,275.3,271.2,264.7,260.2,271.7,275.5,279.3,285.1,279.2,275.4,271.5,160.7,172.4,184.0,195.2,205.8,214.9,222.5,228.1,229.5,227.3,220.7,212.8,203.8,193.8,183.4,172.8,161.9,153.0,148.4,147.2,148.7,151.7,151.5,148.6,147.3,148.3,152.6,160.7,168.3,175.9,183.7,188.9,190.4,191.6,190.4,188.9,161.3,158.5,158.7,162.5,163.8,163.8,162.5,158.5,158.5,161.3,163.7,163.8,203.9,201.6,200.3,201.4,200.2,201.7,203.6,208.9,211.1,211.6,211.2,209.1,204.2,204.0,204.3,203.8,204.1,205.4,206.0,205.6,-44.4,-44.5,-42.7,-38.8,-30.6,-17.4,-1.0,17.5,35.9,51.5,63.6,75.0,84.7,91.6,96.1,99.2,100.4,-21.6,-10.1,4.3,18.6,31.3,56.1,67.4,78.7,89.7,96.8,43.8,45.1,46.5,47.9,29.3,36.6,44.0,50.7,56.5,-6.3,2.7,12.8,20.7,12.3,2.2,58.4,66.9,76.5,83.2,77.1,67.7,12.0,25.4,36.3,42.4,48.8,56.5,63.1,56.2,48.4,41.5,34.7,24.1,17.0,35.5,41.8,48.3,59.3,48.2,41.7,35.2,-46.2,-26.1,-6.1,13.5,32.0,47.8,60.4,69.5,71.9,69.2,59.2,45.8,29.7,11.5,-7.4,-26.7,-46.5,-56.5,-63.6,-65.1,-62.5,-57.6,-58.8,-64.4,-67.4,-66.8,-60.4,-43.6,-30.9,-18.5,-6.0,2.2,4.7,6.7,4.8,2.2,-43.0,-47.4,-47.2,-41.1,-38.8,-38.8,-41.9,-48.7,-49.0,-44.8,-40.4,-40.0,27.3,23.2,20.8,22.7,20.9,23.6,27.5,35.7,38.9,39.6,38.9,35.5,27.7,27.0,27.6,26.9,28.1,29.5,30.3,29.6,673.2,676.6,680.8,683.4,683.3,681.0,675.6,668.5,669.3,679.6,695.3,707.8,713.2,713.0,711.4,710.1,710.0,640.6,635.3,631.9,629.2,628.4,637.5,645.7,655.3,665.3,675.5,635.0,629.4,623.3,617.7,632.5,632.1,632.3,636.0,640.3,641.4,638.9,640.1,642.3,640.3,639.1,654.4,657.1,661.6,668.5,662.1,657.6,649.3,639.6,636.4,638.1,640.8,650.4,664.7,652.6,644.4,641.2,639.8,642.2,647.6,639.4,640.6,643.9,660.6,643.9,640.6,639.6,0.596,0.207,-0.286,0.054,272.625,184.775,-5.348,10.722,-11.275,13.036,5.206,0.515,-4.458,1.809,3.429,-0.495,0.293,1.294,0.178,-2.333,-0.985,-0.154,0.358,0.995,-1.059,-0.86,0.591,-0.41,-0.155,-0.366,0.17,-0.069,0.034,0.065,-0.11,0.007,-0.032,0.011,0.009,-0.005,0.0,0.0,0.0,0.54,0.0,0.0,0.1,0.0,0.0,0.37,0.0,0.0,0.0,0.0,0.0,0.0,0.0,0.0,1.0,0.0,1.0,0.0,0.0,0.0,0.0,0.0,0.0,0.0,0.0,0.0,0.0,0.0,0.0,1.0,0.0
PP133,g1,2744,0,0.975,0.222696,0.189524,-0.956288,0.064077,0.182855,-0.981049,0.147,0.19,250.5,251.9,255.1,258.2,259.4,258.3,254.9,251.8,246.1,248.2,251.2,254.7,258.1,260.6,262.2,260.2,257.3,254.2,251.0,248.2,253.6,254.9,256.3,256.9,256.4,255.0,253.6,253.0,287.8,288.7,291.4,294.3,295.6,294.7,292.0,288.9,284.8,286.7,289.3,292.5,295.3,297.2,298.3,297.3,295.5,293.0,290.1,287.1,290.4,291.6,292.8,293.2,292.6,291.3,290.2,289.8,160.1,156.9,155.7,157.1,160.3,163.8,164.7,163.3,161.5,159.7,158.6,158.1,158.8,160.4,162.5,163.6,163.9,164.0,163.7,162.9,161.7,162.3,161.7,160.4,158.9,158.3,158.9,160.3,160.3,157.2,155.8,157.0,160.1,163.2,164.5,163.6,162.4,160.3,158.8,158.1,158.6,159.7,161.5,162.8,163.6,163.9,163.8,163.5,161.6,162.1,161.6,160.2,158.9,158.4,159.0,160.3,0.7,2.5,6.7,10.9,12.5,10.9,6.5,2.4,-5.2,-2.4,1.5,6.2,10.7,14.0,16.3,13.5,9.7,5.5,1.3,-2.4,4.7,6.5,8.3,9.1,8.4,6.6,4.8,4.0,51.9,53.3,57.2,61.3,63.3,61.8,57.9,53.5,47.8,50.4,54.0,58.6,62.8,65.8,67.7,65.9,62.9,59.3,55.1,51.0,55.7,57.5,59.2,59.8,59.0,57.2,55.5,54.9,-36.2,-40.5,-42.2,-40.3,-36.0,-31.4,-30.1,-31.9,-34.6,-36.8,-38.1,-38.7,-37.8,-35.9,-33.2,-31.7,-31.1,-31.0,-31.4,-32.6,-34.2,-33.4,-34.1,-36.0,-37.9,-38.7,-37.9,-36.1,-37.4,-41.8,-43.8,-42.2,-38.0,-33.7,-31.7,-33.0,-34.5,-37.3,-39.4,-40.5,-40.0,-38.7,-36.5,-34.4,-33.1,-32.5,-32.6,-33.0,-35.7,-35.0,-35.9,-37.8,-39.6,-40.3,-39.4,-37.5,516.4,517.0,517.4,517.4,517.0,516.6,515.9,515.9,520.1,517.7,515.7,514.8,515.7,517.3,519.0,517.2,515.4,514.8,515.7,517.7,517.2,517.2,517.4,517.6,517.8,517.8,517.6,517.3,537.2,538.2,540.0,541.4,541.6,540.6,538.8,537.5,537.4,536.8,536.7,537.9,540.6,544.2,547.6,544.2,540.9,538.3,537.0,537.0,539.3,539.9,540.7,541.1,541.0,540.4,539.6,539.2,37.5,-4.1,650.5,0.2,-0.219,0.042,224.2,224.2,225.4,227.7,232.3,239.7,249.1,259.9,270.6,279.2,285.2,290.9,296.0,299.8,302.5,304.4,305.0,236.7,243.6,252.5,261.3,269.2,284.3,290.7,296.8,302.5,305.8,276.8,277.8,279.0,280.1,267.9,272.5,277.0,280.9,284.3,245.9,251.5,257.6,262.4,257.3,251.2,284.7,289.6,295.0,298.5,295.4,290.1,257.1,265.4,272.1,275.7,279.6,283.8,286.9,283.5,279.1,275.1,271.0,264.5,260.1,271.5,275.3,279.1,284.9,279.0,275.2,271.3,160.9,172.5,184.1,195.2,205.7,214.9,222.4,228.1,229.5,227.4,221.0,213.2,204.2,194.2,183.8,173.0,162.0,153.1,148.5,147.3,148.8,151.8,151.6,148.6,147.4,148.4,152.6,160.7,168.4,176.0,183.8,189.0,190.5,191.7,190.5,189.0,161.4,158.6,158.7,162.6,163.9,163.9,162.6,158.6,158.6,161.4,163.7,163.8,204.0,201.7,200.3,201.4,200.3,201.8,203.8,209.0,211.2,211.7,211.3,209.1,204.3,204.0,204.4,203.9,204.2,205.5,206.0,205.6,-44.5,-44.6,-42.8,-39.0,-30.9,-17.9,-1.6,16.9,35.3,50.8,62.7,74.1,84.0,91.0,95.7,98.9,100.2,-21.9,-10.3,4.0,18.3,30.9,56.0,67.3,78.5,89.5,96.6,43.5,44.8,46.2,47.6,29.0,36.4,43.7,50.4,56.2,-6.7,2.4,12.5,20.4,12.0,1.9,58.2,66.7,76.3,83.0,76.9,67.5,11.7,25.2,36.0,42.1,48.5,56.2,62.8,55.9,48.1,41.2,34.4,23.9,16.8,35.2,41.5,48.0,59.0,47.9,41.3,34.9,-45.9,-25.9,-5.9,13.5,31.9,47.7,60.4,69.5,72.0,69.4,59.7,46.6,30.5,12.3,-6.8,-26.3,-46.3,-56.5,-63.5,-65.0,-62.4,-57.5,-58.7,-64.3,-67.4,-66.7,-60.3,-43.5,-30.8,-18.4,-5.8,2.4,4.8,6.8,4.9,2.4,-42.9,-47.4,-47.2,-41.0,-38.7,-38.7,-41.8,-48.7,-49.0,-44.7,-40.3,-39.8,27.4,23.3,20.9,22.7,21.0,23.8,27.7,35.9,39.1,39.7,39.0,35.6,27.8,27.1,27.7,27.1,28.3,29.6,30.4,29.7,672.8,676.1,680.2,683.0,682.9,680.7,675.5,668.5,669.3,679.6,695.4,708.0,713.7,713.7,712.2,710.9,710.7,640.8,635.5,632.2,629.6,628.8,637.9,646.1,655.7,665.7,675.9,635.4,629.8,623.7,618.2,632.9,632.4,632.7,636.4,640.7,641.7,639.2,640.5,642.7,640.7,639.5,654.7,657.4,662.0,668.8,662.5,658.0,649.5,639.9,636.8,638.4,641.1,650.7,664.9,652.9,644.8,641.6,640.2,642.5,647.8,639.7,640.9,644.2,660.8,644.3,641.0,640.0,0.596,0.205,-0.29,0.056,272.424,184.868,-5.852,8.952,-11.414,13.06,5.479,0.672,-4.191,2.184,3.558,-0.784,0.232,1.238,0.31,-2.23,-0.814,-0.12,0.424,1.032,-1.123,-0.911,0.502,-0.43,-0.122,-0.365,0.215,-0.066,0.032,0.068,-0.104,0.013,-0.027,0.01,0.011,-0.003,0.01,0.01,0.0,0.52,0.0,0.0,0.17,0.0,0.0,0.0,0.0,0.0,0.0,0.0,0.0,0.0,0.0,0.0,1.0,0.0,0.0,0.0,0.0,0.0,0.0,0.0,0.0,0.0,0.0,0.0,0.0,0.0,0.0,1.0,0.0
PP133,g1,2750,0,0.975,0.224017,0.190713,-0.955743,0.066315,0.183578,-0.980766,0.149,0.191,250.7,252.0,255.2,258.3,259.5,258.4,255.0,251.9,246.2,248.3,251.3,254.8,258.2,260.7,262.3,260.3,257.4,254.3,251.1,248.3,253.7,255.0,256.4,257.0,256.5,255.1,253.7,253.1,287.8,288.8,291.5,294.3,295.6,294.7,292.0,288.9,284.8,286.7,289.4,292.6,295.4,297.3,298.3,297.3,295.5,293.0,290.1,287.1,290.4,291.6,292.8,293.2,292.6,291.4,290.2,289.8,159.9,156.8,155.5,156.9,160.2,163.6,164.6,163.2,161.3,159.6,158.5,158.0,158.7,160.2,162.3,163.4,163.7,163.9,163.5,162.7,161.5,162.1,161.6,160.2,158.8,158.2,158.7,160.1,160.2,157.1,155.8,157.0,160.0,163.1,164.4,163.4,162.3,160.2,158.7,158.0,158.5,159.6,161.4,162.8,163.5,163.8,163.7,163.4,161.5,162.1,161.5,160.1,158.8,158.3,158.9,160.2,0.9,2.7,6.9,11.0,12.6,11.1,6.6,2.5,-5.1,-2.2,1.7,6.3,10.8,14.2,16.4,13.7,9.8,5.6,1.5,-2.3,4.9,6.7,8.5,9.3,8.6,6.8,4.9,4.1,52.1,53.5,57.4,61.5,63.4,62.0,58.1,53.6,48.0,50.6,54.2,58.7,62.9,66.0,67.9,66.0,63.1,59.4,55.3,51.1,55.9,57.7,59.4,60.0,59.2,57.4,55.7,55.0,-36.5,-40.7,-42.4,-40.5,-36.2,-31.7,-30.3,-32.2,-34.9,-37.1,-38.4,-39.0,-38.1,-36.2,-33.5,-31.9,-31.4,-31.2,-31.7,-32.9,-34.4,-33.6,-34.4,-36.2,-38.1,-38.9,-38.2,-36.3,-37.6,-42.0,-43.9,-42.4,-38.2,-33.9,-31.9,-33.2,-34.7,-37.5,-39.6,-40.7,-40.2,-38.9,-36.7,-34.5,-33.3,-32.7,-32.7,-33.2,-35.9,-35.2,-36.1,-38.0,-39.8,-40.5,-39.6,-37.7,517.0,517.6,518.1,518.1,517.7,517.3,516.6,516.6,520.8,518.4,516.3,515.5,516.3,517.9,519.7,517.9,516.1,515.5,516.4,518.4,517.8,517.8,518.0,518.3,518.5,518.5,518.3,518.0,538.1,539.2,541.0,542.4,542.6,541.6,539.8,538.5,538.4,537.7,537.7,538.9,541.7,545.2,548.6,545.3,541.9,539.3,538.0,538.0,540.3,540.9,541.7,542.1,542.0,541.4,540.6,540.2,37.5,-4.2,650.4,0.201,-0.221,0.044,224.1,224.2,225.4,227.6,232.3,239.8,249.1,259.9,270.5,279.1,285.2,290.8,295.8,299.7,302.4,304.3,305.0,236.8,243.8,252.7,261.5,269.4,284.3,290.7,296.8,302.5,305.8,276.9,277.9,279.1,280.2,268.0,272.5,277.0,281.0,284.3,246.1,251.6,257.7,262.5,257.4,251.3,284.8,289.7,295.0,298.5,295.4,290.1,257.1,265.4,272.1,275.8,279.5,283.7,286.8,283.4,279.1,275.1,271.0,264.5,260.2,271.5,275.3,279.1,284.8,279.0,275.2,271.3,160.6,172.4,184.0,195.2,205.7,214.9,222.4,228.1,229.5,227.3,221.0,213.1,204.1,194.1,183.7,173.0,162.0,152.9,148.3,147.2,148.6,151.7,151.5,148.5,147.3,148.3,152.6,160.6,168.3,175.9,183.7,188.9,190.4,191.6,190.4,188.9,161.2,158.4,158.6,162.4,163.7,163.7,162.4,158.5,158.5,161.3,163.7,163.8,204.0,201.7,200.3,201.4,200.3,201.8,203.8,208.9,211.1,211.6,211.2,209.1,204.3,204.0,204.4,203.9,204.2,205.4,206.0,205.6,-44.5,-44.7,-42.9,-39.1,-30.9,-17.8,-1.6,16.9,35.2,50.6,62.6,73.9,83.7,90.8,95.5,98.8,100.0,-21.6,-10.0,4.3,18.6,31.2,56.1,67.3,78.5,89.5,96.6,43.7,45.0,46.4,47.8,29.2,36.5,43.8,50.4,56.3,-6.5,2.6,12.7,20.6,12.1,2.1,58.3,66.8,76.3,83.0,77.0,67.5,11.9,25.3,36.1,42.1,48.5,56.1,62.6,55.8,48.0,41.2,34.4,23.9,16.9,35.2,41.5,47.9,58.8,47.8,41.3,34.9,-46.3,-26.2,-6.2,13.4,31.8,47.7,60.3,69.4,71.9,69.3,59.5,46.4,30.3,12.1,-6.9,-26.5,-46.4,-56.7,-63.8,-65.2,-62.6,-57.7,-58.9,-64.5,-67.5,-66.8,-60.4,-43.8,-31.0,-18.6,-6.0,2.2,4.6,6.7,4.8,2.3,-43.1,-47.6,-47.4,-41.2,-39.0,-38.9,-42.0,-48.8,-49.1,-44.8,-40.4,-40.0,27.4,23.2,20.8,22.7,21.0,23.8,27.7,35.8,39.0,39.6,38.9,35.5,27.8,27.0,27.7,27.0,28.3,29.5,30.3,29.6,672.6,676.0,680.1,682.9,682.8,680.5,675.3,668.4,669.3,679.6,695.3,707.9,713.6,713.5,712.1,710.8,710.6,640.5,635.2,632.0,629.4,628.8,637.9,646.2,655.8,665.8,676.0,635.3,629.8,623.7,618.1,632.8,632.3,632.6,636.4,640.6,641.4,639.0,640.3,642.5,640.5,639.2,654.7,657.4,662.0,668.9,662.5,658.0,649.2,639.7,636.7,638.4,641.1,650.7,664.8,652.8,644.8,641.6,640.2,642.4,647.5,639.7,640.9,644.2,660.6,644.2,641.0,639.9,0.596,0.206,-0.292,0.058,272.445,184.785,-6.174,9.722,-11.833,13.438,5.533,0.689,-3.893,1.924,3.67,-0.775,0.37,1.313,0.268,-2.257,-0.976,-0.088,0.369,0.995,-1.063,-0.929,0.528,-0.411,-0.088,-0.364,0.199,-0.068,0.029,0.057,-0.109,0.013,-0.032,0.014,0.01,-0.002,0.32,0.0,0.0,0.71,0.0,0.0,0.07,0.0,0.0,0.0,0.0,0.0,0.0,0.0,0.0,0.0,0.0,0.0,1.0,0.0,0.0,0.0,0.0,0.0,0.0,0.0,0.0,0.0,0.0,0.0,0.0,0.0,0.0,1.0,0.0
PP133,g1,2756,0,0.975,0.223363,0.191457,-0.955747,0.066184,0.184148,-0.980668,0.148,0.192,250.5,251.9,255.0,258.2,259.4,258.2,254.8,251.7,246.0,248.1,251.1,254.6,258.0,260.5,262.2,260.2,257.3,254.1,250.9,248.1,253.5,254.9,256.3,256.9,256.3,254.9,253.6,253.0,287.7,288.6,291.3,294.1,295.5,294.5,291.9,288.7,284.6,286.6,289.2,292.4,295.2,297.1,298.2,297.1,295.3,292.9,289.9,286.9,290.2,291.5,292.6,293.1,292.5,291.2,290.0,289.6,159.9,156.7,155.5,156.9,160.1,163.6,164.6,163.2,161.3,159.5,158.4,158.0,158.7,160.2,162.3,163.4,163.7,163.8,163.5,162.7,161.5,162.1,161.6,160.2,158.8,158.1,158.7,160.1,160.2,157.1,155.7,156.9,160.0,163.1,164.4,163.4,162.3,160.2,158.7,158.0,158.5,159.6,161.4,162.8,163.5,163.8,163.7,163.4,161.5,162.0,161.5,160.1,158.8,158.3,158.8,160.2,0.6,2.5,6.7,10.8,12.4,10.9,6.4,2.3,-5.3,-2.5,1.5,6.1,10.6,13.9,16.2,13.4,9.6,5.4,1.2,-2.5,4.6,6.4,8.3,9.1,8.4,6.6,4.7,3.9,51.7,53.1,57.0,61.1,63.0,61.6,57.7,53.3,47.6,50.2,53.8,58.4,62.5,65.6,67.5,65.6,62.7,59.0,54.9,50.7,55.5,57.3,59.0,59.6,58.8,57.0,55.3,54.7,-36.4,-40.7,-42.3,-40.5,-36.1,-31.6,-30.2,-32.1,-34.9,-37.0,-38.3,-38.9,-38.0,-36.1,-33.4,-31.9,-31.3,-31.1,-31.6,-32.8,-34.4,-33.6,-34.3,-36.2,-38.0,-38.9,-38.1,-36.3,-37.6,-41.9,-43.9,-42.3,-38.1,-33.8,-31.8,-33.1,-34.6,-37.5,-39.5,-40.6,-40.1,-38.8,-36.6,-34.5,-33.2,-32.6,-32.7,-33.1,-35.8,-35.2,-36.0,-37.9,-39.7,-40.4,-39.6,-37.7,515.7,516.2,516.7,516.7,516.3,515.9,515.2,515.2,519.4,517.0,514.9,514.1,514.9,516.6,518.3,516.5,514.7,514.1,515.0,517.0,516.5,516.5,516.6,516.9,517.1,517.1,516.9,516.6,536.7,537.8,539.5,541.0,541.2,540.2,538.4,537.1,537.0,536.3,536.3,537.5,540.3,543.8,547.2,543.9,540.5,537.9,536.6,536.6,538.9,539.5,540.3,540.7,540.6,540.0,539.2,538.8,37.3,-4.3,650.3,0.202,-0.22,0.043,224.0,224.0,225.3,227.6,232.2,239.7,249.0,259.8,270.4,279.0,285.1,290.7,295.7,299.6,302.2,304.1,304.8,236.5,243.6,252.5,261.4,269.3,284.1,290.5,296.7,302.4,305.7,276.7,277.8,278.9,280.1,267.9,272.4,276.9,280.8,284.2,245.9,251.4,257.6,262.4,257.3,251.1,284.6,289.5,294.9,298.3,295.2,289.9,257.1,265.3,272.0,275.6,279.4,283.6,286.6,283.2,279.0,274.9,270.9,264.5,260.1,271.4,275.2,278.9,284.6,278.9,275.1,271.2,160.5,172.2,183.8,195.0,205.5,214.7,222.3,227.9,229.3,227.2,220.8,212.9,203.9,194.0,183.6,172.9,162.0,152.9,148.3,147.1,148.6,151.7,151.5,148.5,147.3,148.3,152.6,160.6,168.3,175.9,183.7,188.8,190.3,191.6,190.4,188.8,161.2,158.4,158.6,162.4,163.7,163.7,162.4,158.5,158.5,161.3,163.7,163.7,203.9,201.6,200.2,201.4,200.3,201.7,203.7,208.9,211.1,211.6,211.2,209.0,204.2,204.0,204.3,203.9,204.2,205.4,205.9,205.5,-44.9,-44.9,-43.1,-39.2,-31.0,-18.0,-1.7,16.8,35.0,50.5,62.4,73.7,83.5,90.5,95.2,98.5,99.7,-22.1,-10.5,4.0,18.4,31.1,55.7,67.0,78.3,89.3,96.4,43.4,44.7,46.2,47.5,28.9,36.2,43.5,50.2,56.0,-6.8,2.3,12.4,20.3,11.9,1.8,58.0,66.5,76.1,82.7,76.7,67.2,11.7,25.1,35.9,41.9,48.2,55.9,62.4,55.5,47.8,41.0,34.2,23.8,16.8,35.1,41.3,47.7,58.6,47.6,41.1,34.8,-46.5,-26.5,-6.4,13.1,31.6,47.4,60.1,69.2,71.7,69.1,59.2,46.0,30.0,11.9,-7.1,-26.6,-46.5,-56.7,-63.8,-65.3,-62.6,-57.6,-58.7,-64.4,-67.5,-66.8,-60.4,-43.7,-31.0,-18.6,-6.0,2.2,4.6,6.6,4.7,2.2,-43.2,-47.7,-47.4,-41.2,-39.0,-39.0,-42.0,-48.8,-49.2,-44.9,-40.4,-40.0,27.3,23.1,20.8,22.6,20.9,23.7,27.6,35.7,38.9,39.5,38.8,35.4,27.7,26.9,27.6,27.0,28.2,29.4,30.2,29.5,673.0,676.3,680.5,683.2,683.0,680.8,675.5,668.6,669.5,679.8,695.5,708.0,713.6,713.5,712.1,710.9,710.7,640.7,635.3,631.8,629.2,628.5,637.5,645.8,655.5,665.7,676.2,635.1,629.5,623.4,617.8,632.6,632.2,632.4,636.2,640.5,641.5,639.0,640.2,642.5,640.5,639.3,654.6,657.3,662.0,668.9,662.5,657.9,649.2,639.6,636.5,638.2,640.9,650.5,664.7,652.7,644.7,641.5,640.1,642.3,647.5,639.5,640.8,644.0,660.5,644.1,640.8,639.8,0.596,0.207,-0.29,0.058,272.311,184.734,-4.834,10.022,-11.607,13.965,5.782,0.449,-3.926,2.104,3.749,-0.765,0.238,1.164,0.097,-2.136,-0.969,-0.145,0.354,0.996,-1.082,-0.868,0.511,-0.486,-0.071,-0.359,0.248,-0.05,0.033,0.064,-0.105,0.008,-0.03,0.011,0.009,-0.007,0.25,0.0,0.0,0.42,0.0,0.0,0.0,0.0,0.0,0.2,0.0,0.0,0.0,0.0,0.0,0.0,0.0,0.0,1.0,0.0,0.0,0.0,0.0,0.0,0.0,0.0,0.0,0.0,0.0,0.0,0.0,0.0,0.0,1.0,0.0
PP133,g1,2762,0,0.975,0.223482,0.189763,-0.956057,0.066447,0.182565,-0.980946,0.149,0.19,250.1,251.5,254.7,257.8,259.0,257.8,254.5,251.3,245.7,247.8,250.7,254.3,257.7,260.1,261.8,259.8,256.9,253.7,250.6,247.7,253.1,254.5,255.9,256.5,255.9,254.6,253.2,252.6,287.3,288.2,290.9,293.7,295.1,294.1,291.4,288.3,284.2,286.2,288.8,292.0,294.8,296.7,297.8,296.7,294.9,292.5,289.5,286.5,289.8,291.1,292.2,292.7,292.1,290.8,289.7,289.2,159.9,156.7,155.4,156.9,160.1,163.5,164.5,163.1,161.2,159.5,158.4,157.9,158.6,160.2,162.3,163.3,163.7,163.8,163.4,162.7,161.4,162.0,161.5,160.1,158.7,158.1,158.6,160.0,160.1,157.1,155.7,156.9,160.0,163.1,164.4,163.4,162.3,160.2,158.7,158.0,158.5,159.6,161.4,162.8,163.5,163.8,163.7,163.4,161.5,162.0,161.5,160.1,158.8,158.3,158.8,160.2,0.2,2.0,6.2,10.3,11.9,10.4,5.9,1.8,-5.8,-2.9,1.0,5.6,10.1,13.4,15.7,12.9,9.1,4.9,0.8,-3.0,4.1,5.9,7.8,8.6,7.9,6.1,4.2,3.4,51.3,52.7,56.6,60.7,62.6,61.1,57.2,52.8,47.1,49.7,53.4,57.9,62.1,65.1,67.0,65.1,62.2,58.6,54.4,50.3,55.0,56.8,58.5,59.1,58.3,56.5,54.8,54.2,-36.6,-40.8,-42.5,-40.6,-36.3,-31.7,-30.4,-32.3,-35.0,-37.2,-38.5,-39.1,-38.2,-36.2,-33.5,-32.0,-31.5,-31.3,-31.8,-33.0,-34.5,-33.7,-34.5,-36.3,-38.2,-39.0,-38.3,-36.4,-37.6,-42.0,-43.9,-42.4,-38.2,-33.9,-31.9,-33.2,-34.7,-37.5,-39.6,-40.7,-40.2,-38.9,-36.7,-34.5,-33.2,-32.7,-32.7,-33.2,-35.9,-35.2,-36.1,-38.0,-39.8,-40.5,-39.6,-37.7,516.8,517.4,517.8,517.8,517.4,517.0,516.3,516.3,520.5,518.1,516.1,515.2,516.0,517.6,519.4,517.6,515.8,515.2,516.1,518.1,517.6,517.6,517.7,518.0,518.2,518.2,518.0,517.7,537.6,538.7,540.4,541.8,542.1,541.0,539.3,538.0,537.9,537.2,537.2,538.3,541.1,544.7,548.1,544.7,541.3,538.8,537.5,537.4,539.7,540.4,541.1,541.6,541.5,540.8,540.1,539.6,36.7,-4.4,652.3,0.2,-0.22,0.044,223.7,223.8,225.0,227.3,232.0,239.4,248.7,259.4,270.0,278.5,284.6,290.2,295.2,299.1,301.8,303.7,304.4,236.3,243.3,252.2,261.0,268.9,283.8,290.1,296.2,302.0,305.2,276.3,277.3,278.5,279.6,267.4,271.9,276.4,280.3,283.7,245.5,251.1,257.2,262.0,256.9,250.7,284.2,289.1,294.5,297.9,294.8,289.5,256.6,264.8,271.5,275.1,278.9,283.1,286.2,282.7,278.4,274.4,270.3,263.9,259.7,270.9,274.7,278.4,284.2,278.3,274.6,270.7,160.6,172.3,183.8,195.0,205.5,214.6,222.2,227.8,229.2,227.1,220.7,212.9,203.9,194.0,183.6,172.9,162.0,152.8,148.2,147.1,148.6,151.6,151.4,148.5,147.3,148.3,152.6,160.5,168.2,175.7,183.5,188.7,190.2,191.5,190.3,188.7,161.1,158.3,158.5,162.4,163.7,163.6,162.4,158.5,158.5,161.3,163.7,163.7,203.8,201.5,200.1,201.2,200.1,201.6,203.7,208.8,211.0,211.5,211.1,208.9,204.1,203.8,204.2,203.7,204.1,205.3,205.8,205.4,-45.4,-45.5,-43.7,-39.8,-31.6,-18.5,-2.2,16.2,34.4,49.8,61.7,73.0,82.8,89.9,94.6,97.9,99.2,-22.5,-10.9,3.5,17.8,30.5,55.3,66.6,77.8,88.8,95.9,42.9,44.2,45.6,46.9,28.3,35.6,42.9,49.6,55.4,-7.4,1.7,11.8,19.7,11.3,1.2,57.5,66.0,75.6,82.3,76.2,66.8,11.0,24.4,35.2,41.2,47.6,55.3,61.7,54.9,47.1,40.2,33.4,23.0,16.1,34.3,40.6,47.0,57.9,46.9,40.4,34.0,-46.6,-26.5,-6.4,13.2,31.6,47.4,60.1,69.1,71.6,69.0,59.2,46.1,30.1,11.9,-7.2,-26.7,-46.6,-57.1,-64.1,-65.6,-63.0,-57.9,-59.1,-64.7,-67.8,-67.0,-60.6,-44.0,-31.3,-18.8,-6.3,1.9,4.4,6.4,4.6,2.0,-43.4,-47.9,-47.7,-41.4,-39.2,-39.2,-42.2,-49.0,-49.3,-45.0,-40.6,-40.2,27.2,23.0,20.6,22.4,20.7,23.6,27.6,35.7,38.9,39.5,38.8,35.3,27.6,26.8,27.4,26.8,28.2,29.4,30.2,29.4,674.8,678.2,682.3,685.0,684.8,682.6,677.2,670.4,671.2,681.5,697.2,709.7,715.3,715.2,713.7,712.5,712.4,642.6,637.3,634.0,631.4,630.7,639.8,648.0,657.6,667.7,678.0,637.2,631.6,625.6,620.0,634.7,634.3,634.5,638.2,642.5,643.5,641.1,642.3,644.5,642.5,641.3,656.6,659.3,664.0,670.9,664.5,659.9,651.2,641.6,638.6,640.2,642.9,652.5,666.6,654.7,646.7,643.5,642.1,644.3,649.5,641.5,642.8,646.0,662.5,646.1,642.9,641.8,0.594,0.205,-0.289,0.058,271.885,184.659,-6.268,10.028,-11.774,13.815,5.949,0.41,-4.09,1.912,3.612,-0.878,0.466,1.061,0.269,-2.149,-1.194,-0.067,0.459,1.045,-1.078,-0.99,0.414,-0.398,-0.073,-0.407,0.271,-0.082,0.034,0.075,-0.102,0.009,-0.028,0.009,0.007,-0.003,0.12,0.0,0.0,0.47,0.0,0.0,0.11,0.0,0.0,0.0,0.0,0.0,0.0,0.0,0.0,0.0,0.0,0.0,1.0,0.0,1.0,0.0,0.0,0.0,0.0,0.0,0.0,0.0,0.0,0.0,0.0,0.0,0.0,1.0,0.0
PP133,g1,2768,0,0.975,0.222198,0.190753,-0.95616,0.065025,0.183149,-0.980932,0.147,0.191,250.0,251.4,254.5,257.6,258.9,257.7,254.3,251.2,245.5,247.6,250.6,254.1,257.5,260.0,261.7,259.6,256.8,253.6,250.4,247.6,253.0,254.3,255.7,256.3,255.8,254.4,253.0,252.4,287.1,288.1,290.8,293.6,295.0,294.0,291.3,288.2,284.1,286.1,288.7,291.9,294.7,296.6,297.7,296.6,294.8,292.4,289.4,286.4,289.7,291.0,292.1,292.6,292.0,290.7,289.5,289.1,159.6,156.4,155.2,156.6,159.8,163.2,164.2,162.8,160.9,159.2,158.1,157.6,158.3,159.9,162.0,163.1,163.4,163.5,163.1,162.4,161.1,161.8,161.2,159.8,158.4,157.8,158.3,159.7,159.9,156.9,155.5,156.7,159.8,162.9,164.2,163.2,162.1,160.0,158.5,157.8,158.3,159.4,161.2,162.6,163.3,163.6,163.5,163.1,161.3,161.8,161.2,159.9,158.6,158.0,158.6,160.0,-0.0,1.8,6.0,10.1,11.7,10.2,5.7,1.6,-6.0,-3.1,0.8,5.4,9.9,13.3,15.5,12.8,8.9,4.7,0.6,-3.2,4.0,5.8,7.6,8.4,7.7,5.9,4.0,3.2,51.1,52.5,56.4,60.5,62.4,61.0,57.0,52.6,47.0,49.6,53.2,57.7,61.9,65.0,66.8,65.0,62.0,58.4,54.2,50.1,54.9,56.6,58.4,59.0,58.2,56.4,54.7,54.0,-37.0,-41.2,-42.9,-41.0,-36.7,-32.1,-30.8,-32.7,-35.4,-37.6,-38.9,-39.4,-38.5,-36.6,-33.9,-32.4,-31.9,-31.7,-32.2,-33.4,-34.9,-34.1,-34.8,-36.7,-38.6,-39.4,-38.7,-36.8,-37.9,-42.2,-44.2,-42.7,-38.5,-34.1,-32.2,-33.4,-35.0,-37.8,-39.9,-40.9,-40.4,-39.2,-36.9,-34.8,-33.5,-32.9,-33.0,-33.5,-36.2,-35.5,-36.4,-38.3,-40.1,-40.8,-39.9,-38.0,517.0,517.6,518.0,518.0,517.5,517.2,516.5,516.5,520.7,518.3,516.2,515.4,516.2,517.8,519.6,517.8,516.0,515.4,516.3,518.3,517.7,517.7,517.9,518.2,518.4,518.4,518.2,517.9,537.4,538.5,540.2,541.6,541.9,540.8,539.1,537.8,537.7,537.0,536.9,538.1,540.9,544.5,547.8,544.5,541.1,538.5,537.2,537.2,539.5,540.1,540.9,541.4,541.2,540.6,539.9,539.4,36.4,-4.8,652.2,0.201,-0.218,0.046,223.6,223.7,224.8,227.1,231.8,239.2,248.5,259.2,269.8,278.3,284.4,290.0,295.1,299.0,301.6,303.6,304.3,236.2,243.2,252.1,260.9,268.8,283.6,290.0,296.1,301.9,305.2,276.2,277.2,278.3,279.4,267.2,271.7,276.2,280.2,283.5,245.4,250.9,257.0,261.8,256.7,250.6,284.1,289.0,294.4,297.8,294.7,289.4,256.3,264.6,271.3,274.9,278.7,282.9,286.0,282.6,278.2,274.2,270.0,263.6,259.3,270.6,274.4,278.2,284.0,278.1,274.3,270.4,160.3,172.0,183.5,194.7,205.2,214.3,221.9,227.5,228.9,226.9,220.5,212.7,203.8,193.9,183.4,172.7,161.7,152.5,147.9,146.9,148.4,151.4,151.3,148.3,147.1,148.1,152.5,160.3,167.9,175.5,183.4,188.5,190.0,191.3,190.1,188.6,160.8,158.0,158.2,162.1,163.4,163.3,162.2,158.3,158.3,161.1,163.4,163.5,203.4,201.2,199.8,201.0,199.9,201.4,203.4,208.5,210.7,211.2,210.8,208.5,203.7,203.5,203.9,203.5,203.8,205.0,205.5,205.1,-45.6,-45.7,-44.0,-40.1,-31.9,-18.8,-2.6,15.8,34.0,49.4,61.3,72.6,82.5,89.7,94.4,97.7,99.0,-22.8,-11.1,3.4,17.7,30.4,55.0,66.3,77.6,88.7,95.8,42.7,43.9,45.3,46.6,28.0,35.3,42.6,49.3,55.1,-7.6,1.5,11.6,19.5,11.1,1.0,57.3,65.8,75.4,82.1,76.0,66.5,10.5,23.9,34.8,40.8,47.3,55.0,61.5,54.5,46.7,39.8,32.9,22.5,15.5,33.9,40.2,46.7,57.7,46.5,40.0,33.5,-47.1,-27.0,-6.9,12.6,31.0,46.9,59.6,68.7,71.2,68.6,58.9,45.8,29.8,11.7,-7.4,-27.0,-47.0,-57.5,-64.5,-65.9,-63.3,-58.2,-59.3,-65.0,-68.0,-67.3,-60.8,-44.4,-31.6,-19.1,-6.5,1.6,4.0,6.1,4.2,1.7,-43.9,-48.4,-48.1,-41.9,-39.7,-39.7,-42.5,-49.4,-49.6,-45.3,-40.9,-40.5,26.5,22.5,20.2,22.1,20.4,23.2,27.1,35.3,38.4,39.0,38.2,34.7,27.0,26.3,27.0,26.4,27.7,28.9,29.7,28.9,675.0,678.3,682.4,685.1,684.8,682.5,677.1,670.1,671.0,681.3,697.1,709.6,715.2,715.2,713.8,712.5,712.4,642.8,637.5,634.1,631.4,630.6,639.6,647.8,657.4,667.5,677.8,637.1,631.5,625.3,619.7,634.6,634.1,634.3,638.1,642.3,643.6,641.1,642.4,644.5,642.5,641.3,656.4,659.2,663.8,670.6,664.2,659.8,651.2,641.7,638.5,640.1,642.8,652.5,666.5,654.6,646.5,643.3,641.9,644.3,649.5,641.5,642.7,645.9,662.4,646.0,642.7,641.7,0.594,0.205,-0.287,0.06,271.715,184.42,-5.825,9.665,-11.335,13.535,6.0,1.052,-4.043,1.79,3.572,-0.804,0.544,0.822,0.168,-2.137,-1.349,-0.038,0.437,1.157,-1.15,-1.015,0.302,-0.423,-0.02,-0.298,0.208,-0.067,0.003,0.07,-0.101,0.005,-0.033,0.004,0.007,-0.002,0.15,0.0,0.0,0.97,0.0,0.0,0.04,0.0,0.0,0.0,0.0,0.0,0.0,0.0,0.0,0.0,0.0,0.0,1.0,0.0,1.0,0.0,0.0,0.0,0.0,0.0,0.0,0.0,0.0,0.0,0.0,0.0,0.0,1.0,0.0
PP133,g1,2774,0,0.975,0.216936,0.193729,-0.956769,0.05987,0.185174,-0.98088,0.142,0.193,250.0,251.4,254.5,257.6,258.8,257.6,254.3,251.2,245.5,247.7,250.6,254.1,257.5,260.0,261.6,259.6,256.7,253.5,250.4,247.6,253.0,254.3,255.7,256.3,255.8,254.4,253.0,252.4,287.1,288.0,290.7,293.6,294.9,293.9,291.2,288.1,284.0,286.0,288.6,291.9,294.7,296.5,297.6,296.5,294.7,292.3,289.3,286.3,289.6,290.9,292.1,292.5,291.9,290.7,289.5,289.0,159.4,156.3,155.0,156.5,159.7,163.1,164.1,162.6,160.7,159.0,157.9,157.5,158.2,159.8,161.9,162.9,163.2,163.3,163.0,162.2,161.0,161.6,161.1,159.7,158.3,157.7,158.2,159.6,159.9,156.8,155.5,156.7,159.8,162.9,164.2,163.2,162.0,160.0,158.5,157.8,158.3,159.4,161.2,162.6,163.3,163.6,163.5,163.1,161.3,161.8,161.2,159.9,158.6,158.0,158.6,160.0,-0.0,1.8,6.0,10.1,11.7,10.2,5.7,1.6,-6.0,-3.1,0.8,5.4,9.9,13.3,15.5,12.7,8.9,4.7,0.5,-3.2,3.9,5.7,7.6,8.4,7.7,5.9,4.1,3.2,50.9,52.4,56.3,60.4,62.2,60.8,56.8,52.4,46.8,49.4,53.0,57.6,61.8,64.8,66.7,64.8,61.9,58.2,54.0,49.9,54.7,56.5,58.2,58.8,58.0,56.2,54.5,53.9,-37.3,-41.6,-43.2,-41.3,-37.0,-32.4,-31.1,-33.0,-35.8,-38.0,-39.2,-39.8,-38.9,-36.9,-34.2,-32.7,-32.2,-32.0,-32.6,-33.8,-35.3,-34.5,-35.2,-37.0,-38.9,-39.8,-39.0,-37.2,-37.9,-42.2,-44.2,-42.6,-38.4,-34.1,-32.1,-33.4,-35.0,-37.8,-39.9,-40.9,-40.4,-39.1,-36.8,-34.7,-33.5,-32.9,-33.0,-33.5,-36.2,-35.5,-36.3,-38.2,-40.0,-40.7,-39.9,-38.0,519.1,519.7,520.1,520.1,519.7,519.4,518.7,518.7,522.9,520.5,518.4,517.5,518.4,520.0,521.7,519.9,518.2,517.6,518.5,520.5,519.9,519.9,520.1,520.3,520.5,520.5,520.4,520.1,536.8,537.9,539.6,541.0,541.3,540.2,538.5,537.2,537.1,536.4,536.3,537.5,540.3,543.9,547.2,543.9,540.5,537.9,536.7,536.7,538.9,539.5,540.3,540.8,540.6,540.0,539.3,538.8,36.1,-5.1,654.4,0.205,-0.208,0.049,223.6,223.7,224.8,227.1,231.7,239.1,248.4,259.0,269.5,278.1,284.3,290.0,295.1,299.0,301.7,303.6,304.4,236.2,243.2,252.0,260.8,268.7,283.5,289.9,296.1,301.9,305.2,276.1,277.0,278.0,279.0,266.9,271.4,275.8,279.8,283.1,245.4,250.9,257.0,261.8,256.7,250.5,284.0,289.0,294.3,297.8,294.6,289.3,255.9,264.1,270.8,274.4,278.2,282.5,285.7,282.1,277.7,273.6,269.4,263.1,258.9,270.1,273.9,277.8,283.6,277.6,273.8,269.9,159.8,171.6,183.2,194.4,205.0,214.1,221.7,227.3,228.6,226.6,220.2,212.3,203.4,193.5,183.2,172.5,161.6,152.4,147.8,146.7,148.2,151.3,151.2,148.3,147.1,148.2,152.5,160.2,167.8,175.5,183.3,188.3,189.8,191.1,190.0,188.5,160.7,157.9,158.1,162.0,163.2,163.1,162.2,158.2,158.3,161.1,163.5,163.5,203.1,200.9,199.6,200.8,199.7,201.3,203.3,208.4,210.5,210.9,210.5,208.2,203.4,203.3,203.7,203.3,203.7,204.8,205.3,204.9,-45.8,-45.9,-44.2,-40.4,-32.2,-19.1,-2.8,15.5,33.6,49.2,61.4,72.9,82.8,89.9,94.6,98.0,99.4,-22.9,-11.2,3.3,17.6,30.3,55.0,66.4,77.8,88.9,95.9,42.6,43.7,45.0,46.1,27.6,34.8,42.1,48.8,54.7,-7.6,1.5,11.6,19.5,11.0,0.9,57.3,65.9,75.5,82.2,76.1,66.6,9.9,23.2,34.1,40.2,46.7,54.4,61.0,53.9,46.0,39.0,32.1,21.7,14.9,33.2,39.6,46.1,57.2,45.9,39.3,32.8,-48.0,-27.7,-7.5,12.2,30.8,46.7,59.5,68.5,70.9,68.4,58.5,45.2,29.2,11.0,-7.9,-27.4,-47.3,-58.0,-65.0,-66.5,-63.7,-58.6,-59.7,-65.2,-68.2,-67.4,-60.9,-44.7,-31.9,-19.4,-6.7,1.3,3.8,5.9,4.1,1.6,-44.4,-48.8,-48.5,-42.2,-40.1,-40.1,-42.7,-49.5,-49.7,-45.4,-41.0,-40.7,26.1,22.1,19.9,21.9,20.2,23.1,27.0,35.1,38.2,38.7,37.9,34.4,26.6,26.1,26.8,26.2,27.6,28.7,29.5,28.7,678.2,681.5,685.7,688.3,687.9,685.5,679.9,672.8,673.6,683.7,699.3,711.5,716.7,716.5,715.0,713.7,713.6,645.5,640.1,636.6,633.9,632.9,641.8,649.8,659.2,669.2,679.4,639.3,633.8,627.7,622.2,637.1,636.6,636.8,640.4,644.6,646.0,643.5,644.7,646.8,644.9,643.7,658.5,661.1,665.5,672.3,666.1,661.7,653.8,644.3,641.1,642.6,645.3,654.8,668.6,656.9,649.0,645.8,644.5,646.8,652.0,644.0,645.2,648.4,664.6,648.5,645.2,644.2,0.592,0.209,-0.275,0.062,271.501,184.247,-7.113,10.997,-11.603,13.08,6.228,1.116,-4.197,0.688,3.293,-0.691,0.515,0.744,0.375,-1.78,-1.364,0.023,0.514,1.544,-1.332,-1.003,0.23,-0.446,0.001,-0.322,0.248,-0.197,0.032,0.05,-0.089,-0.002,-0.031,0.008,0.006,-0.006,0.11,0.0,0.0,0.59,0.0,0.0,0.0,0.0,0.0,0.26,0.0,0.0,0.0,0.0,0.0,0.0,0.0,0.0,1.0,0.0,1.0,0.0,0.0,0.0,0.0,0.0,0.0,0.0,0.0,0.0,0.0,0.0,0.0,1.0,0.0
PP133,g1,2780,0,0.975,0.210198,0.198036,-0.957391,0.052744,0.187267,-0.980892,0.135,0.196,250.3,251.8,254.9,258.0,259.1,257.9,254.5,251.5,245.9,248.0,251.0,254.5,257.8,260.3,261.9,259.8,257.0,253.8,250.7,247.9,253.3,254.6,256.0,256.6,256.1,254.8,253.4,252.8,287.3,288.3,291.1,293.9,295.2,294.2,291.5,288.4,284.3,286.3,288.9,292.2,294.9,296.8,297.9,296.8,294.9,292.5,289.6,286.6,289.9,291.1,292.3,292.8,292.2,291.0,289.8,289.3,159.1,156.0,154.9,156.3,159.5,162.9,163.8,162.4,160.4,158.7,157.7,157.3,158.0,159.6,161.8,162.8,163.1,163.1,162.7,161.9,160.8,161.4,160.9,159.5,158.1,157.5,158.0,159.4,160.1,157.0,155.7,157.0,160.0,163.1,164.4,163.4,162.2,160.1,158.6,158.0,158.5,159.7,161.5,162.8,163.6,163.8,163.7,163.3,161.5,162.0,161.5,160.1,158.8,158.2,158.8,160.1,0.5,2.4,6.6,10.7,12.2,10.6,6.1,2.0,-5.5,-2.6,1.3,6.0,10.4,13.7,15.9,13.1,9.3,5.1,1.0,-2.8,4.4,6.2,8.0,8.9,8.2,6.4,4.6,3.7,51.3,52.8,56.8,60.8,62.7,61.1,57.2,52.8,47.1,49.8,53.5,58.0,62.2,65.2,67.1,65.2,62.2,58.5,54.4,50.2,55.1,56.8,58.6,59.2,58.4,56.6,54.9,54.3,-37.9,-42.1,-43.7,-41.7,-37.4,-32.9,-31.6,-33.5,-36.4,-38.5,-39.8,-40.3,-39.3,-37.3,-34.6,-33.1,-32.6,-32.5,-33.1,-34.3,-35.8,-34.9,-35.6,-37.5,-39.4,-40.2,-39.5,-37.7,-37.7,-42.0,-43.9,-42.3,-38.1,-33.8,-31.9,-33.2,-34.9,-37.6,-39.7,-40.6,-40.1,-38.7,-36.5,-34.4,-33.1,-32.6,-32.8,-33.3,-35.9,-35.2,-36.0,-37.9,-39.8,-40.5,-39.6,-37.8,521.9,522.4,522.9,522.8,522.4,522.1,521.4,521.4,525.6,523.2,521.1,520.3,521.1,522.7,524.4,522.6,520.9,520.3,521.2,523.2,522.6,522.6,522.8,523.1,523.3,523.3,523.1,522.8,537.0,538.1,539.8,541.2,541.5,540.4,538.7,537.4,537.3,536.6,536.6,537.7,540.5,544.1,547.4,544.1,540.7,538.2,536.9,536.9,539.1,539.8,540.5,541.0,540.9,540.2,539.5,539.0,36.2,-5.3,657.8,0.212,-0.197,0.06,224.1,224.0,225.1,227.2,231.8,239.0,248.1,258.6,269.0,277.6,283.9,289.7,294.9,298.9,301.7,303.8,304.8,236.6,243.7,252.5,261.2,269.0,283.9,290.4,296.5,302.3,305.6,276.3,277.0,277.9,278.7,266.7,271.1,275.5,279.5,282.9,245.8,251.3,257.4,262.0,256.9,250.8,284.2,289.2,294.6,298.0,294.8,289.5,255.4,263.5,270.2,273.8,277.7,282.0,285.3,281.5,277.0,272.9,268.7,262.5,258.4,269.5,273.4,277.2,283.2,277.0,273.2,269.2,159.4,171.2,182.8,194.0,204.6,213.8,221.3,227.0,228.4,226.4,220.1,212.4,203.5,193.7,183.5,172.9,162.0,152.1,147.5,146.6,148.2,151.3,151.3,148.5,147.4,148.4,152.7,160.2,168.0,175.8,183.8,188.3,189.9,191.3,190.2,188.7,160.4,157.6,157.9,161.9,163.0,162.9,162.3,158.4,158.5,161.4,163.7,163.7,202.6,200.6,199.6,200.8,199.8,201.3,203.2,208.2,210.2,210.6,210.1,207.8,203.0,203.1,203.6,203.2,203.7,204.6,205.1,204.6,-45.3,-45.6,-44.0,-40.3,-32.3,-19.3,-3.3,14.8,32.9,48.6,60.9,72.7,82.8,90.1,95.0,98.7,100.4,-22.2,-10.4,4.1,18.3,31.0,56.0,67.4,78.8,89.9,97.0,43.2,44.1,45.1,46.0,27.4,34.6,41.9,48.7,54.6,-7.0,2.2,12.2,20.0,11.5,1.4,58.0,66.7,76.3,83.0,76.8,67.3,9.1,22.5,33.3,39.5,46.1,53.9,60.6,53.2,45.1,38.0,31.1,20.8,14.1,32.4,38.8,45.4,56.8,45.2,38.5,31.9,-49.1,-28.7,-8.3,11.5,30.2,46.3,59.2,68.3,70.8,68.4,58.7,45.5,29.5,11.5,-7.4,-26.8,-46.8,-58.9,-65.8,-67.1,-64.2,-59.0,-59.8,-65.2,-68.0,-67.2,-60.7,-45.0,-31.8,-19.0,-6.0,1.3,4.0,6.3,4.5,2.0,-45.1,-49.5,-49.1,-42.6,-40.6,-40.8,-42.7,-49.4,-49.6,-45.1,-40.8,-40.5,25.4,21.8,19.9,22.0,20.4,23.2,27.1,35.0,38.0,38.4,37.5,33.8,26.0,25.9,26.8,26.3,27.6,28.6,29.3,28.4,682.0,685.4,689.6,692.1,691.6,689.2,683.4,676.1,676.8,686.8,702.4,714.3,719.4,719.1,717.6,716.3,716.2,649.0,643.7,640.2,637.3,636.1,644.9,652.7,661.8,671.6,681.8,642.6,637.3,631.4,626.2,641.0,640.3,640.4,644.0,648.0,649.4,647.0,648.1,650.0,648.2,647.1,661.4,663.9,668.2,674.9,668.8,664.6,657.8,648.5,645.3,646.7,649.4,658.6,672.0,660.3,652.6,649.5,648.2,650.7,655.9,647.9,649.1,652.2,668.1,652.3,649.0,648.1,0.589,0.215,-0.263,0.074,271.411,184.183,-9.441,10.978,-11.831,12.038,7.45,3.047,-4.094,-0.065,2.555,-0.424,0.57,0.593,0.488,-1.293,-0.959,-0.014,0.742,2.22,-1.71,-0.796,-0.013,-0.35,0.239,-0.324,0.156,-0.184,0.032,0.016,-0.06,-0.005,-0.028,0.01,0.005,-0.014,0.16,0.0,0.0,0.4,0.0,0.0,0.16,0.0,0.0,0.42,0.0,0.0,0.0,0.0,0.0,0.0,0.0,0.0,1.0,0.0,0.0,0.0,0.0,0.0,0.0,0.0,0.0,0.0,0.0,0.0,0.0,0.0,0.0,1.0,0.0
PP133,g1,2786,0,0.975,0.20459,0.201464,-0.957891,0.046388,0.189558,-0.980773,0.129,0.199,250.4,251.8,255.0,258.0,259.2,257.9,254.5,251.5,246.0,248.1,251.0,254.5,257.9,260.3,261.9,259.8,257.0,253.8,250.7,248.0,253.3,254.6,256.0,256.7,256.2,254.8,253.5,252.8,287.3,288.4,291.1,293.9,295.2,294.2,291.4,288.4,284.3,286.3,288.9,292.2,295.0,296.8,297.9,296.8,294.9,292.5,289.5,286.5,289.9,291.1,292.3,292.8,292.2,291.0,289.8,289.3,159.3,156.2,155.1,156.5,159.8,163.1,164.0,162.5,160.5,158.9,157.9,157.5,158.3,159.9,162.0,163.0,163.2,163.3,162.8,162.0,160.9,161.6,161.1,159.7,158.3,157.7,158.2,159.5,160.5,157.4,156.1,157.4,160.5,163.5,164.8,163.8,162.5,160.5,159.0,158.4,159.0,160.1,161.9,163.3,164.0,164.2,164.0,163.6,161.9,162.4,161.9,160.5,159.2,158.6,159.2,160.5,0.5,2.5,6.7,10.8,12.3,10.6,6.1,2.0,-5.4,-2.5,1.4,6.0,10.5,13.8,16.0,13.2,9.3,5.1,1.0,-2.7,4.5,6.2,8.1,9.0,8.3,6.5,4.7,3.8,51.4,52.9,56.9,60.9,62.7,61.2,57.2,52.8,47.2,49.9,53.5,58.1,62.3,65.3,67.2,65.2,62.3,58.6,54.4,50.3,55.1,56.9,58.6,59.3,58.5,56.7,55.0,54.3,-37.8,-42.0,-43.6,-41.6,-37.2,-32.7,-31.5,-33.5,-36.4,-38.5,-39.7,-40.2,-39.2,-37.1,-34.4,-32.9,-32.5,-32.4,-33.0,-34.3,-35.7,-34.8,-35.5,-37.3,-39.3,-40.1,-39.4,-37.6,-37.2,-41.5,-43.4,-41.8,-37.5,-33.2,-31.4,-32.7,-34.4,-37.2,-39.1,-40.1,-39.5,-38.2,-35.9,-33.8,-32.6,-32.1,-32.3,-32.9,-35.4,-34.7,-35.5,-37.4,-39.2,-40.0,-39.1,-37.3,524.1,524.7,525.1,525.1,524.7,524.3,523.7,523.7,528.0,525.5,523.4,522.5,523.3,524.9,526.7,524.9,523.1,522.6,523.5,525.5,524.9,524.9,525.1,525.3,525.5,525.5,525.3,525.1,537.7,538.7,540.4,541.8,542.1,541.0,539.3,538.0,538.0,537.3,537.2,538.3,541.1,544.6,548.0,544.7,541.3,538.8,537.5,537.5,539.8,540.4,541.1,541.6,541.5,540.9,540.1,539.6,36.0,-5.0,660.6,0.216,-0.187,0.066,224.2,224.1,225.1,227.2,231.7,238.9,247.9,258.3,268.6,277.3,283.6,289.6,294.8,298.9,301.7,303.9,305.0,236.9,244.0,252.7,261.3,269.0,284.0,290.4,296.6,302.3,305.7,276.2,276.8,277.6,278.3,266.3,270.7,275.2,279.2,282.6,245.9,251.4,257.4,262.0,256.9,250.9,284.2,289.3,294.6,298.0,294.8,289.5,255.0,263.0,269.7,273.4,277.3,281.6,285.0,281.1,276.5,272.3,268.2,261.9,257.9,269.0,272.9,276.8,282.9,276.6,272.7,268.7,159.2,171.0,182.7,194.0,204.6,213.8,221.4,227.0,228.5,226.5,220.3,212.6,203.7,194.0,183.8,173.3,162.4,152.1,147.7,146.8,148.5,151.6,151.7,149.0,147.9,148.9,153.2,160.5,168.4,176.2,184.3,188.5,190.2,191.6,190.6,189.1,160.5,157.8,158.1,162.1,163.2,163.0,162.6,158.9,159.0,161.9,164.1,164.1,202.4,200.6,199.6,200.8,199.9,201.4,203.3,208.3,210.2,210.6,210.1,207.7,202.9,203.1,203.7,203.3,203.7,204.7,205.2,204.6,-45.2,-45.6,-44.1,-40.5,-32.5,-19.6,-3.7,14.3,32.4,48.2,60.7,72.6,82.8,90.3,95.3,99.2,101.0,-21.9,-10.0,4.4,18.4,31.0,56.3,67.8,79.2,90.3,97.4,43.3,44.0,44.8,45.6,26.9,34.1,41.5,48.3,54.3,-6.9,2.3,12.4,20.1,11.5,1.4,58.2,67.0,76.6,83.3,77.0,67.5,8.4,21.8,32.7,38.9,45.6,53.5,60.4,52.7,44.5,37.3,30.3,20.0,13.3,31.7,38.2,45.0,56.5,44.7,37.8,31.2,-49.6,-29.1,-8.6,11.5,30.4,46.6,59.6,68.7,71.3,68.9,59.1,46.0,30.0,12.0,-6.8,-26.2,-46.2,-59.1,-65.9,-67.0,-64.0,-58.7,-59.4,-64.6,-67.4,-66.5,-60.1,-44.6,-31.4,-18.3,-5.2,1.6,4.4,6.8,5.1,2.6,-45.1,-49.4,-48.9,-42.4,-40.4,-40.7,-42.3,-48.9,-49.0,-44.4,-40.2,-40.0,25.3,21.8,20.1,22.2,20.7,23.5,27.4,35.3,38.2,38.6,37.6,33.8,25.9,26.1,27.0,26.5,27.9,28.8,29.5,28.5,685.4,688.9,693.2,695.7,695.2,692.7,686.8,679.3,679.9,689.7,705.2,716.8,721.7,721.2,719.5,718.1,718.0,651.8,646.6,643.1,640.2,638.9,647.4,655.1,664.0,673.6,683.7,645.3,640.1,634.5,629.4,644.2,643.4,643.4,646.9,650.9,652.3,649.8,650.9,652.7,650.9,649.9,663.9,666.3,670.4,677.0,671.0,666.9,661.1,651.8,648.4,649.8,652.4,661.6,674.9,663.2,655.5,652.4,651.2,653.8,659.2,651.0,652.1,655.3,671.0,655.3,652.0,651.2,0.587,0.22,-0.252,0.08,271.236,184.358,-10.753,11.588,-11.677,10.9,7.469,3.872,-4.119,-0.344,1.7,-0.873,0.655,0.711,0.512,-0.853,-0.628,0.046,0.778,2.605,-1.676,-0.799,-0.148,-0.205,0.37,-0.424,0.102,-0.202,0.062,0.009,-0.047,-0.013,-0.012,0.006,0.006,-0.017,0.01,0.0,0.0,0.38,0.0,0.0,0.1,0.0,0.0,0.61,0.0,0.0,0.0,0.0,0.0,0.0,0.0,0.0,1.0,0.0,0.0,0.0,0.0,0.0,0.0,0.0,1.0,0.0,0.0,0.0,0.0,0.0,0.0,1.0,0.0
PP133,g1,2792,0,0.975,0.203284,0.208931,-0.956569,0.044638,0.197192,-0.979348,0.127,0.207,250.7,252.1,255.3,258.3,259.4,258.2,254.8,251.8,246.3,248.4,251.3,254.8,258.1,260.6,262.1,260.1,257.3,254.1,251.0,248.3,253.6,254.9,256.3,257.0,256.5,255.1,253.8,253.1,287.6,288.7,291.4,294.2,295.5,294.4,291.7,288.6,284.5,286.5,289.2,292.4,295.2,297.1,298.1,297.0,295.2,292.7,289.8,286.8,290.2,291.4,292.6,293.0,292.5,291.3,290.1,289.6,159.7,156.6,155.4,156.9,160.1,163.5,164.4,162.9,160.9,159.2,158.2,157.9,158.7,160.2,162.3,163.3,163.6,163.6,163.2,162.3,161.3,161.9,161.4,160.1,158.7,158.0,158.5,159.9,160.8,157.7,156.5,157.7,160.8,163.9,165.1,164.1,162.9,160.8,159.4,158.8,159.3,160.5,162.2,163.6,164.3,164.6,164.4,164.0,162.2,162.8,162.2,160.9,159.5,159.0,159.5,160.9,0.9,2.9,7.1,11.2,12.7,11.0,6.5,2.5,-5.0,-2.1,1.8,6.5,10.9,14.2,16.4,13.6,9.7,5.5,1.4,-2.3,4.9,6.7,8.5,9.4,8.7,6.9,5.1,4.2,51.9,53.5,57.4,61.5,63.3,61.7,57.7,53.3,47.7,50.4,54.1,58.6,62.8,65.9,67.7,65.8,62.8,59.1,54.9,50.8,55.6,57.4,59.2,59.8,59.1,57.3,55.5,54.9,-37.4,-41.6,-43.2,-41.2,-36.8,-32.3,-31.1,-33.1,-36.1,-38.1,-39.3,-39.7,-38.7,-36.7,-34.0,-32.5,-32.1,-32.0,-32.7,-33.9,-35.3,-34.4,-35.1,-37.0,-38.9,-39.7,-39.0,-37.2,-36.9,-41.2,-43.0,-41.4,-37.2,-32.8,-31.0,-32.3,-34.0,-36.8,-38.7,-39.7,-39.1,-37.8,-35.6,-33.4,-32.2,-31.7,-31.9,-32.5,-35.0,-34.3,-35.1,-37.0,-38.9,-39.6,-38.8,-36.9,525.4,526.0,526.4,526.4,526.0,525.7,525.0,525.0,529.3,526.8,524.7,523.8,524.6,526.2,528.0,526.2,524.5,523.9,524.8,526.8,526.2,526.2,526.4,526.6,526.8,526.8,526.6,526.4,539.2,540.2,541.9,543.3,543.6,542.6,540.9,539.6,539.5,538.8,538.7,539.8,542.6,546.2,549.5,546.2,542.9,540.3,539.1,539.1,541.3,541.9,542.7,543.1,543.0,542.4,541.6,541.2,36.5,-4.6,661.5,0.226,-0.185,0.066,224.5,224.4,225.4,227.5,232.0,239.2,248.2,258.5,268.8,277.5,283.9,289.8,295.1,299.2,302.0,304.2,305.3,237.1,244.2,252.9,261.5,269.3,284.3,290.7,296.9,302.7,306.0,276.5,277.1,277.9,278.5,266.6,271.0,275.4,279.4,282.8,246.2,251.7,257.7,262.3,257.2,251.2,284.5,289.5,294.9,298.3,295.1,289.8,255.2,263.3,269.9,273.6,277.5,281.7,285.1,281.1,276.6,272.5,268.3,262.1,258.1,269.2,273.1,276.9,283.0,276.7,272.8,268.9,159.3,171.1,182.7,194.0,204.6,213.9,221.5,227.2,228.6,226.6,220.2,212.4,203.6,193.9,183.7,173.2,162.4,152.4,148.1,147.2,148.8,152.0,152.1,149.3,148.2,149.2,153.4,160.9,168.8,176.7,184.7,188.8,190.5,192.0,190.9,189.4,160.8,158.2,158.5,162.5,163.6,163.4,163.0,159.2,159.3,162.2,164.4,164.4,202.6,200.8,199.9,201.1,200.2,201.6,203.5,208.5,210.4,210.8,210.3,207.9,203.0,203.4,203.9,203.6,203.9,204.9,205.4,204.9,-44.8,-45.2,-43.8,-40.1,-32.1,-19.2,-3.2,14.8,32.8,48.6,61.3,73.3,83.5,90.9,95.9,99.8,101.6,-21.5,-9.6,4.8,18.9,31.5,56.9,68.4,79.7,90.9,98.0,43.9,44.5,45.3,46.0,27.3,34.6,41.9,48.8,54.8,-6.4,2.8,12.9,20.5,12.0,1.9,58.7,67.5,77.1,83.8,77.5,68.0,8.8,22.2,33.1,39.2,46.0,53.8,60.7,53.0,44.7,37.6,30.6,20.3,13.7,32.1,38.6,45.3,56.8,44.9,38.2,31.6,-49.5,-28.9,-8.5,11.6,30.5,46.8,59.9,69.1,71.7,69.2,59.2,45.8,29.8,11.8,-7.0,-26.3,-46.2,-58.5,-65.3,-66.4,-63.4,-58.1,-58.8,-64.0,-66.8,-66.0,-59.6,-44.0,-30.7,-17.6,-4.5,2.2,5.0,7.4,5.7,3.2,-44.6,-48.8,-48.3,-41.9,-39.9,-40.2,-41.7,-48.3,-48.4,-43.9,-39.7,-39.5,25.6,22.2,20.6,22.7,21.2,23.9,27.7,35.7,38.6,39.0,38.0,34.1,26.3,26.5,27.5,27.0,28.3,29.3,29.9,29.0,686.3,690.0,694.4,697.0,696.6,694.2,688.4,681.0,681.6,691.4,706.7,718.1,722.7,722.0,720.2,718.7,718.4,652.4,647.0,643.5,640.5,639.2,647.8,655.4,664.3,674.0,684.1,645.9,640.8,635.3,630.4,645.2,644.4,644.4,647.9,651.8,652.9,650.4,651.4,653.2,651.4,650.5,664.5,666.8,671.0,677.5,671.6,667.5,662.3,653.0,649.6,651.0,653.6,662.7,676.0,664.4,656.8,653.6,652.5,655.1,660.4,652.3,653.4,656.5,672.2,656.5,653.3,652.4,0.586,0.23,-0.25,0.081,271.473,184.595,-10.619,12.253,-11.688,10.603,7.729,3.837,-4.282,-0.88,1.564,-1.049,0.566,0.789,0.576,-0.892,-0.483,-0.19,0.724,2.613,-1.846,-0.666,-0.313,-0.248,0.544,-0.44,0.011,-0.187,0.056,0.002,-0.057,-0.018,-0.012,0.004,0.006,-0.016,0.0,0.0,0.0,0.22,0.0,0.0,0.08,0.0,0.0,0.44,0.0,0.0,0.0,0.0,0.0,0.0,0.0,0.0,1.0,0.0,1.0,0.0,0.0,0.0,0.0,0.0,0.0,0.0,0.0,0.0,0.0,0.0,0.0,1.0,0.0
PP133,g1,2798,0,0.975,0.206007,0.2112,-0.955487,0.048908,0.200266,-0.97852,0.131,0.21,251.1,252.5,255.7,258.7,259.8,258.6,255.3,252.2,246.7,248.8,251.7,255.2,258.5,260.9,262.5,260.5,257.7,254.5,251.4,248.7,254.0,255.3,256.7,257.3,256.8,255.5,254.1,253.5,287.9,289.0,291.7,294.5,295.8,294.7,292.0,289.0,284.9,286.9,289.5,292.8,295.5,297.4,298.4,297.3,295.5,293.1,290.1,287.1,290.5,291.7,292.9,293.3,292.8,291.6,290.4,289.9,159.8,156.8,155.6,157.1,160.3,163.6,164.5,163.0,161.1,159.4,158.4,158.0,158.8,160.4,162.5,163.5,163.7,163.8,163.4,162.5,161.4,162.1,161.6,160.2,158.8,158.2,158.7,160.0,160.8,157.7,156.5,157.7,160.8,163.8,165.1,164.1,162.9,160.8,159.4,158.8,159.3,160.4,162.2,163.5,164.3,164.5,164.4,163.9,162.2,162.7,162.2,160.8,159.5,159.0,159.5,160.9,1.5,3.4,7.7,11.7,13.2,11.6,7.1,3.0,-4.5,-1.6,2.3,7.0,11.5,14.8,16.9,14.1,10.3,6.1,1.9,-1.8,5.4,7.2,9.1,9.9,9.2,7.5,5.6,4.8,52.5,54.0,58.0,62.0,63.8,62.3,58.3,53.9,48.3,51.0,54.6,59.2,63.4,66.4,68.3,66.4,63.4,59.7,55.5,51.4,56.2,58.0,59.7,60.4,59.6,57.8,56.1,55.4,-37.3,-41.5,-43.0,-41.1,-36.7,-32.2,-31.0,-32.9,-35.9,-37.9,-39.1,-39.6,-38.6,-36.6,-33.9,-32.4,-31.9,-31.9,-32.5,-33.7,-35.1,-34.3,-35.0,-36.8,-38.7,-39.6,-38.9,-37.1,-36.9,-41.3,-43.2,-41.5,-37.3,-33.0,-31.1,-32.4,-34.1,-36.9,-38.8,-39.8,-39.2,-37.9,-35.7,-33.6,-32.4,-31.8,-32.0,-32.6,-35.2,-34.4,-35.3,-37.1,-39.0,-39.7,-38.9,-37.0,526.2,526.7,527.1,527.1,526.7,526.4,525.8,525.8,530.0,527.6,525.5,524.6,525.4,527.0,528.8,527.0,525.2,524.7,525.6,527.6,527.0,527.0,527.2,527.4,527.6,527.6,527.4,527.2,540.5,541.5,543.2,544.6,544.9,543.9,542.2,540.9,540.8,540.1,540.0,541.1,543.9,547.5,550.9,547.6,544.2,541.7,540.4,540.4,542.6,543.2,544.0,544.4,544.3,543.7,542.9,542.5,37.2,-4.4,660.2,0.228,-0.191,0.063,224.7,224.6,225.6,227.7,232.2,239.5,248.6,259.0,269.4,278.1,284.5,290.4,295.6,299.6,302.3,304.5,305.5,237.6,244.6,253.3,261.9,269.6,284.6,291.0,297.1,302.9,306.1,276.9,277.6,278.4,279.1,267.1,271.5,276.0,279.9,283.3,246.6,252.1,258.1,262.7,257.6,251.6,284.8,289.9,295.2,298.6,295.4,290.1,255.9,264.0,270.6,274.2,278.1,282.3,285.6,281.8,277.3,273.2,269.1,262.9,258.8,269.9,273.7,277.6,283.5,277.4,273.5,269.6,159.4,171.2,182.8,194.1,204.7,214.0,221.7,227.3,228.7,226.6,220.2,212.3,203.4,193.6,183.5,173.0,162.2,152.7,148.2,147.3,149.0,152.1,152.1,149.4,148.2,149.2,153.4,161.0,168.8,176.7,184.7,188.9,190.6,192.1,190.9,189.4,161.0,158.3,158.7,162.6,163.7,163.5,163.0,159.2,159.3,162.1,164.4,164.4,203.0,201.1,200.1,201.3,200.3,201.7,203.7,208.7,210.6,211.0,210.5,208.2,203.4,203.6,204.1,203.7,204.1,205.1,205.6,205.1,-44.3,-44.7,-43.3,-39.7,-31.6,-18.6,-2.5,15.6,33.8,49.7,62.3,74.2,84.2,91.5,96.4,100.1,101.8,-20.7,-8.9,5.4,19.5,32.1,57.3,68.7,80.0,91.1,98.1,44.4,45.1,46.0,46.8,28.2,35.4,42.7,49.6,55.5,-5.7,3.4,13.4,21.1,12.7,2.6,59.2,67.9,77.5,84.1,77.9,68.4,10.0,23.3,34.1,40.3,46.9,54.7,61.4,53.9,45.8,38.7,31.8,21.5,14.9,33.2,39.6,46.2,57.6,45.9,39.3,32.7,-49.3,-28.8,-8.4,11.7,30.7,47.0,60.1,69.3,71.9,69.2,59.0,45.5,29.3,11.3,-7.4,-26.7,-46.5,-58.0,-64.8,-66.0,-63.0,-57.8,-58.6,-63.9,-66.7,-66.0,-59.6,-43.8,-30.6,-17.6,-4.5,2.4,5.1,7.5,5.7,3.2,-44.2,-48.4,-47.9,-41.6,-39.5,-39.8,-41.7,-48.2,-48.3,-44.0,-39.7,-39.4,26.2,22.6,20.8,22.9,21.3,24.1,27.9,35.9,38.8,39.3,38.4,34.6,26.8,26.9,27.8,27.2,28.5,29.5,30.1,29.3,684.3,688.1,692.7,695.5,695.2,692.9,687.2,679.9,680.6,690.6,705.9,717.4,721.9,721.1,719.1,717.4,717.0,650.4,645.1,641.7,639.0,637.9,646.6,654.3,663.2,672.8,682.9,644.5,639.4,633.9,629.0,643.7,643.1,643.2,646.7,650.6,651.1,648.6,649.7,651.6,649.8,648.8,663.2,665.5,669.8,676.4,670.4,666.3,660.7,651.3,648.0,649.5,652.1,661.3,674.8,663.2,655.5,652.3,651.1,653.5,658.9,650.8,651.9,655.1,670.9,655.0,651.8,650.9,0.587,0.232,-0.256,0.078,271.939,184.681,-9.789,12.847,-12.386,11.019,6.439,2.921,-4.166,-0.725,1.771,-1.085,0.543,0.897,0.572,-1.212,-0.672,0.019,0.683,2.396,-1.563,-0.729,-0.18,-0.238,0.481,-0.508,0.063,-0.19,0.06,0.026,-0.075,-0.014,-0.007,0.0,0.0,-0.01,0.17,0.0,0.0,0.28,0.0,0.0,0.07,0.0,0.0,0.42,0.0,0.0,0.0,0.0,0.0,0.0,0.0,0.0,1.0,0.0,0.0,0.0,0.0,0.0,0.0,0.0,0.0,0.0,0.0,0.0,0.0,0.0,0.0,1.0,0.0
PP133,g1,2804,0,0.975,0.209156,0.203049,-0.956569,0.055016,0.192278,-0.979797,0.136,0.201,251.2,252.7,255.8,258.9,260.0,258.8,255.4,252.4,246.8,248.9,251.9,255.4,258.7,261.1,262.8,260.7,257.9,254.7,251.6,248.8,254.2,255.5,256.9,257.5,257.0,255.7,254.3,253.7,288.2,289.2,291.9,294.7,296.0,295.0,292.3,289.2,285.1,287.1,289.8,293.0,295.8,297.6,298.7,297.6,295.8,293.3,290.4,287.4,290.7,292.0,293.1,293.6,293.0,291.8,290.6,290.2,159.7,156.6,155.4,156.9,160.1,163.5,164.4,162.9,161.0,159.3,158.3,157.9,158.6,160.2,162.3,163.3,163.6,163.7,163.3,162.4,161.3,162.0,161.5,160.1,158.7,158.1,158.6,159.9,160.6,157.5,156.2,157.5,160.5,163.6,164.9,163.9,162.7,160.6,159.2,158.6,159.1,160.2,162.0,163.3,164.1,164.3,164.2,163.8,162.0,162.5,162.0,160.6,159.3,158.8,159.3,160.7,1.7,3.6,7.8,11.9,13.4,11.8,7.3,3.2,-4.3,-1.4,2.5,7.2,11.6,14.9,17.2,14.4,10.5,6.3,2.2,-1.6,5.6,7.4,9.3,10.1,9.4,7.6,5.8,4.9,52.6,54.1,58.0,62.1,63.9,62.4,58.5,54.1,48.4,51.1,54.7,59.3,63.5,66.5,68.4,66.4,63.5,59.8,55.7,51.5,56.3,58.1,59.8,60.5,59.7,57.9,56.2,55.5,-37.2,-41.4,-43.0,-41.0,-36.7,-32.1,-30.9,-32.8,-35.7,-37.8,-39.1,-39.5,-38.6,-36.6,-33.8,-32.4,-31.9,-31.8,-32.4,-33.6,-35.1,-34.2,-34.9,-36.7,-38.7,-39.5,-38.8,-37.0,-37.1,-41.4,-43.3,-41.7,-37.4,-33.1,-31.2,-32.6,-34.2,-37.0,-39.0,-39.9,-39.4,-38.1,-35.9,-33.7,-32.5,-32.0,-32.1,-32.7,-35.3,-34.6,-35.4,-37.3,-39.1,-39.8,-39.0,-37.1,522.8,523.4,523.8,523.7,523.3,523.0,522.3,522.4,526.6,524.2,522.1,521.2,522.0,523.6,525.3,523.5,521.8,521.2,522.1,524.2,523.6,523.5,523.7,524.0,524.2,524.2,524.0,523.7,538.3,539.3,541.1,542.5,542.8,541.7,540.0,538.7,538.6,537.9,537.8,539.0,541.8,545.4,548.8,545.4,542.0,539.5,538.2,538.1,540.4,541.1,541.8,542.3,542.1,541.5,540.8,540.3,37.6,-4.2,656.1,0.218,-0.2,0.06,224.8,224.7,225.7,227.9,232.4,239.7,248.9,259.4,269.9,278.6,284.8,290.6,295.7,299.6,302.4,304.6,305.5,237.6,244.7,253.5,262.2,270.0,284.8,291.2,297.4,303.1,306.3,277.2,278.0,278.9,279.7,267.6,272.0,276.5,280.5,283.9,246.7,252.2,258.3,262.9,257.8,251.7,285.1,290.1,295.4,298.8,295.6,290.4,256.4,264.5,271.2,274.9,278.7,282.9,286.1,282.4,278.0,273.9,269.8,263.5,259.4,270.5,274.4,278.2,284.1,278.1,274.2,270.3,159.5,171.3,183.0,194.4,205.1,214.4,222.1,227.8,229.3,227.2,220.7,212.8,203.8,194.0,183.7,173.2,162.3,152.7,148.2,147.3,148.9,152.1,152.1,149.3,148.1,149.1,153.4,160.9,168.7,176.5,184.6,189.0,190.6,192.1,190.9,189.4,160.9,158.2,158.5,162.4,163.6,163.5,162.8,159.0,159.1,161.9,164.2,164.2,203.3,201.3,200.2,201.4,200.4,201.9,203.9,208.9,210.9,211.3,210.8,208.5,203.7,203.8,204.3,203.9,204.3,205.2,205.8,205.3,-43.9,-44.3,-42.8,-39.1,-31.1,-18.1,-2.0,16.3,34.5,50.2,62.5,74.1,84.0,91.2,96.1,99.8,101.4,-20.6,-8.8,5.7,19.8,32.4,57.3,68.7,80.0,91.1,98.1,44.6,45.5,46.5,47.5,28.7,36.0,43.4,50.2,56.1,-5.5,3.6,13.7,21.4,12.9,2.9,59.2,68.0,77.5,84.1,78.0,68.5,10.8,24.1,34.9,41.0,47.7,55.4,62.0,54.7,46.7,39.6,32.7,22.4,15.7,33.9,40.4,47.0,58.2,46.8,40.1,33.5,-48.7,-28.3,-7.9,12.2,31.1,47.4,60.5,69.7,72.2,69.7,59.6,46.2,30.0,11.9,-6.9,-26.2,-46.1,-57.5,-64.4,-65.6,-62.7,-57.5,-58.3,-63.7,-66.5,-65.8,-59.3,-43.7,-30.6,-17.7,-4.7,2.4,5.1,7.5,5.6,3.1,-44.0,-48.3,-47.9,-41.6,-39.5,-39.7,-41.7,-48.3,-48.5,-44.1,-39.8,-39.6,26.6,22.9,21.0,23.0,21.4,24.2,28.1,36.0,38.9,39.4,38.5,34.9,27.2,27.0,27.9,27.3,28.7,29.5,30.2,29.4,679.9,683.7,688.2,690.9,690.6,688.2,682.6,675.2,676.0,686.1,701.7,713.6,718.5,717.9,716.0,714.3,713.9,646.5,641.2,637.8,635.1,634.2,643.1,650.9,660.1,669.9,680.2,640.7,635.4,629.6,624.4,639.3,638.6,638.7,642.3,646.5,647.1,644.7,645.9,647.9,646.0,644.9,659.7,662.2,666.5,673.2,667.1,662.9,656.0,646.6,643.4,644.9,647.6,657.0,670.6,658.8,651.0,647.8,646.5,648.8,654.2,646.2,647.4,650.7,666.6,650.6,647.3,646.3,0.591,0.223,-0.267,0.075,272.304,184.795,-8.005,12.651,-11.918,12.488,5.573,2.981,-4.002,0.145,2.701,-1.377,0.704,0.886,0.519,-1.141,-0.633,0.131,0.572,2.151,-1.267,-0.812,-0.089,-0.202,0.285,-0.512,0.123,-0.194,0.078,0.043,-0.085,-0.01,-0.008,0.002,0.007,-0.007,0.19,0.0,0.0,0.14,0.0,0.0,0.0,0.0,0.0,0.25,0.0,0.0,0.0,0.0,0.0,0.0,0.0,0.0,1.0,0.0,0.0,0.0,0.0,0.0,0.0,0.0,0.0,0.0,0.0,0.0,0.0,0.0,0.0,1.0,0.0
PP133,g1,2810,0,0.975,0.217368,0.190338,-0.957352,0.065585,0.183075,-0.980909,0.145,0.19,251.2,252.6,255.7,258.8,260.0,258.9,255.5,252.4,246.8,248.9,251.8,255.3,258.7,261.2,262.8,260.8,257.9,254.7,251.6,248.8,254.2,255.5,256.9,257.5,257.0,255.6,254.2,253.6,288.2,289.1,291.8,294.6,296.0,295.0,292.3,289.2,285.1,287.1,289.7,292.9,295.7,297.6,298.6,297.6,295.8,293.3,290.4,287.4,290.7,292.0,293.1,293.5,293.0,291.7,290.6,290.1,160.0,156.9,155.7,157.1,160.3,163.7,164.7,163.3,161.4,159.7,158.6,158.1,158.8,160.4,162.5,163.5,163.9,164.0,163.6,162.8,161.6,162.2,161.7,160.3,158.9,158.3,158.8,160.2,160.5,157.4,156.1,157.3,160.3,163.4,164.7,163.7,162.6,160.5,159.0,158.3,158.8,160.0,161.7,163.1,163.8,164.1,164.0,163.6,161.8,162.4,161.8,160.4,159.1,158.6,159.2,160.5,1.6,3.4,7.6,11.7,13.3,11.8,7.3,3.2,-4.3,-1.5,2.4,7.0,11.5,14.9,17.1,14.3,10.5,6.3,2.1,-1.6,5.6,7.4,9.2,10.0,9.3,7.5,5.7,4.9,52.6,54.1,58.0,62.1,63.9,62.5,58.5,54.1,48.5,51.1,54.7,59.3,63.4,66.5,68.3,66.5,63.6,59.9,55.7,51.6,56.4,58.1,59.9,60.5,59.7,57.9,56.2,55.6,-36.5,-40.7,-42.4,-40.5,-36.2,-31.6,-30.3,-32.2,-35.0,-37.1,-38.4,-39.0,-38.1,-36.1,-33.4,-31.9,-31.4,-31.2,-31.7,-32.9,-34.5,-33.6,-34.4,-36.2,-38.1,-38.9,-38.2,-36.4,-37.3,-41.6,-43.6,-42.0,-37.8,-33.5,-31.5,-32.8,-34.4,-37.2,-39.3,-40.3,-39.8,-38.5,-36.2,-34.1,-32.9,-32.3,-32.4,-32.9,-35.5,-34.9,-35.7,-37.6,-39.4,-40.1,-39.3,-37.4,519.4,520.0,520.4,520.3,519.9,519.6,519.0,519.0,523.3,520.8,518.7,517.8,518.6,520.2,521.9,520.2,518.4,517.9,518.8,520.8,520.2,520.2,520.3,520.6,520.8,520.8,520.6,520.4,538.6,539.7,541.5,542.9,543.2,542.1,540.4,539.0,538.9,538.2,538.2,539.4,542.2,545.8,549.2,545.8,542.4,539.9,538.5,538.5,540.8,541.4,542.2,542.7,542.5,541.9,541.1,540.7,38.2,-3.7,653.0,0.199,-0.215,0.047,224.9,224.9,226.0,228.3,232.9,240.2,249.4,260.2,270.8,279.4,285.4,290.9,295.9,299.7,302.4,304.5,305.3,237.5,244.5,253.3,262.0,269.8,284.7,291.1,297.2,302.9,306.1,277.2,278.2,279.3,280.3,268.3,272.7,277.2,281.1,284.5,246.6,252.1,258.2,263.0,257.9,251.8,285.1,290.0,295.4,298.8,295.7,290.4,257.7,265.8,272.3,275.9,279.7,283.8,286.8,283.4,279.2,275.2,271.2,264.9,260.8,271.7,275.5,279.2,284.8,279.1,275.3,271.5,160.6,172.4,184.0,195.2,205.9,215.2,222.8,228.6,230.0,227.8,221.4,213.5,204.4,194.5,184.0,173.3,162.3,153.1,148.5,147.5,149.1,152.1,152.0,149.1,147.9,148.8,153.1,160.8,168.6,176.3,184.2,189.1,190.7,192.0,190.8,189.2,161.3,158.5,158.7,162.6,163.9,163.8,162.7,158.8,158.8,161.7,164.0,164.0,204.3,201.9,200.5,201.6,200.5,202.1,204.3,209.2,211.3,211.7,211.4,209.3,204.5,204.2,204.6,204.1,204.7,205.6,206.1,205.7,-43.4,-43.7,-41.9,-38.1,-30.1,-17.2,-1.0,17.5,35.8,51.3,63.2,74.5,84.1,91.1,95.8,99.3,100.8,-20.6,-9.0,5.4,19.5,32.1,57.0,68.3,79.5,90.5,97.5,44.5,45.7,47.0,48.2,29.7,37.0,44.3,50.9,56.7,-5.5,3.5,13.5,21.4,13.0,2.9,59.1,67.7,77.2,83.8,77.8,68.3,12.8,26.0,36.6,42.5,48.9,56.4,62.8,56.1,48.4,41.5,34.8,24.6,17.9,35.7,41.9,48.3,59.0,48.2,41.8,35.4,-46.5,-26.3,-6.1,13.6,32.3,48.4,61.3,70.5,73.0,70.5,60.7,47.3,31.1,12.8,-6.3,-25.9,-45.9,-56.6,-63.6,-65.0,-62.2,-57.2,-58.3,-63.8,-66.8,-66.1,-59.7,-43.6,-30.6,-18.0,-5.2,2.6,5.2,7.3,5.4,2.8,-43.2,-47.7,-47.4,-41.2,-38.9,-39.0,-41.7,-48.5,-48.7,-44.4,-40.0,-39.7,27.9,23.7,21.3,23.2,21.5,24.4,28.6,36.4,39.4,40.0,39.2,35.9,28.3,27.5,28.1,27.6,29.1,29.9,30.6,29.9,675.4,679.0,683.3,686.0,685.9,683.6,678.2,671.2,672.0,682.4,698.2,710.6,716.2,715.8,714.1,712.4,711.9,643.3,638.0,634.8,632.4,631.6,640.7,648.8,658.2,668.2,678.4,638.1,632.5,626.5,621.0,635.6,635.1,635.3,639.0,643.4,644.2,641.9,643.1,645.2,643.3,642.1,657.3,660.0,664.6,671.4,665.1,660.6,651.7,642.2,639.4,641.0,643.7,653.0,666.7,654.9,647.2,644.1,642.7,644.7,649.9,642.3,643.5,646.7,662.5,646.7,643.5,642.5,0.594,0.206,-0.287,0.061,272.761,185.073,-6.915,10.721,-12.989,14.797,4.185,1.441,-3.567,1.565,3.735,-2.21,0.772,0.813,0.174,-1.925,-0.258,-0.183,0.509,1.495,-1.042,-0.734,0.35,-0.205,-0.117,-0.59,0.169,0.017,0.085,0.063,-0.105,-0.009,-0.026,-0.004,0.012,-0.003,0.06,0.0,0.0,0.68,0.0,0.0,0.0,0.0,0.0,0.31,0.0,0.0,0.0,0.0,0.0,0.0,0.0,0.0,1.0,0.0,1.0,0.0,0.0,0.0,0.0,0.0,0.0,0.0,0.0,0.0,0.0,0.0,0.0,1.0,0.0
PP133,g1,2816,0,0.975,0.223004,0.195998,-0.954911,0.067402,0.189414,-0.979581,0.149,0.197,251.0,252.4,255.5,258.7,259.9,258.7,255.3,252.2,246.5,248.6,251.6,255.1,258.5,261.0,262.7,260.6,257.7,254.6,251.4,248.6,254.0,255.3,256.7,257.3,256.8,255.4,254.0,253.4,288.1,289.1,291.7,294.6,295.9,294.9,292.3,289.2,285.0,287.0,289.6,292.9,295.6,297.5,298.6,297.5,295.7,293.3,290.4,287.3,290.6,291.9,293.1,293.5,292.9,291.7,290.5,290.1,160.5,157.3,156.1,157.5,160.8,164.2,165.2,163.8,161.8,160.1,159.0,158.6,159.3,160.8,163.0,164.0,164.4,164.5,164.1,163.3,162.1,162.7,162.2,160.8,159.4,158.7,159.3,160.7,160.9,157.8,156.4,157.6,160.7,163.8,165.1,164.1,163.0,160.9,159.4,158.7,159.2,160.3,162.1,163.5,164.2,164.6,164.4,164.1,162.2,162.7,162.2,160.8,159.5,159.0,159.5,160.9,1.3,3.1,7.3,11.4,13.0,11.5,7.0,2.9,-4.7,-1.8,2.1,6.7,11.2,14.6,16.8,14.0,10.2,6.0,1.8,-1.9,5.3,7.1,8.9,9.7,9.0,7.2,5.4,4.6,52.4,53.8,57.7,61.8,63.7,62.2,58.3,53.9,48.2,50.8,54.5,59.0,63.2,66.2,68.1,66.2,63.3,59.6,55.5,51.3,56.1,57.9,59.6,60.2,59.4,57.6,55.9,55.3,-35.6,-39.9,-41.5,-39.7,-35.3,-30.8,-29.4,-31.3,-34.1,-36.3,-37.6,-38.1,-37.2,-35.3,-32.6,-31.0,-30.5,-30.3,-30.9,-32.0,-33.6,-32.8,-33.5,-35.4,-37.3,-38.1,-37.3,-35.5,-36.6,-41.0,-42.9,-41.4,-37.2,-32.8,-30.9,-32.1,-33.7,-36.5,-38.6,-39.6,-39.2,-37.9,-35.7,-33.5,-32.2,-31.6,-31.7,-32.2,-34.9,-34.2,-35.1,-37.0,-38.8,-39.5,-38.6,-36.7,515.7,516.2,516.6,516.6,516.3,516.0,515.3,515.3,519.5,517.1,514.9,514.1,514.9,516.5,518.3,516.5,514.8,514.2,515.0,517.1,516.5,516.5,516.7,516.9,517.1,517.1,516.9,516.6,537.0,538.0,539.8,541.2,541.5,540.5,538.8,537.4,537.3,536.6,536.5,537.7,540.5,544.2,547.5,544.2,540.8,538.3,536.9,536.9,539.2,539.8,540.6,541.0,540.9,540.2,539.5,539.0,37.9,-3.2,652.0,0.209,-0.221,0.049,224.6,224.6,225.7,227.9,232.5,239.8,249.0,259.8,270.4,278.9,285.0,290.6,295.7,299.6,302.3,304.4,305.2,237.2,244.3,253.1,261.9,269.7,284.7,291.1,297.2,302.9,306.1,277.1,278.1,279.2,280.3,268.2,272.7,277.1,281.0,284.3,246.4,251.9,258.1,262.8,257.7,251.5,285.0,290.0,295.3,298.7,295.6,290.3,257.6,265.7,272.3,275.8,279.5,283.6,286.6,283.2,279.0,275.0,271.0,264.8,260.6,271.6,275.3,279.0,284.6,279.0,275.2,271.4,160.9,172.6,184.2,195.3,205.9,215.1,222.8,228.6,230.0,227.9,221.4,213.4,204.4,194.4,184.0,173.3,162.3,153.4,148.9,147.9,149.5,152.5,152.4,149.5,148.2,149.1,153.3,161.4,169.0,176.7,184.6,189.5,191.1,192.3,191.2,189.6,161.7,158.9,159.2,163.1,164.3,164.3,163.1,159.2,159.2,162.0,164.4,164.5,204.7,202.3,200.9,202.0,200.9,202.5,204.6,209.6,211.7,212.2,211.8,209.7,204.9,204.7,205.0,204.6,205.0,206.0,206.5,206.1,-43.8,-44.1,-42.4,-38.7,-30.7,-17.8,-1.7,16.8,35.0,50.5,62.4,73.8,83.7,90.8,95.6,99.1,100.5,-21.0,-9.4,5.1,19.2,31.8,56.8,68.1,79.3,90.3,97.3,44.2,45.5,46.8,48.1,29.5,36.8,44.0,50.7,56.5,-6.0,3.1,13.3,21.1,12.7,2.5,58.8,67.4,77.0,83.6,77.5,68.1,12.6,25.8,36.4,42.3,48.6,56.1,62.4,55.7,48.0,41.3,34.6,24.4,17.7,35.5,41.7,48.0,58.6,47.9,41.5,35.2,-45.9,-25.8,-5.8,13.7,32.3,48.3,61.2,70.5,73.1,70.5,60.6,47.2,31.0,12.7,-6.4,-25.9,-45.9,-55.9,-62.8,-64.1,-61.4,-56.4,-57.5,-63.0,-66.2,-65.5,-59.2,-42.6,-29.8,-17.3,-4.7,3.3,5.8,7.8,6.0,3.5,-42.4,-46.8,-46.5,-40.3,-38.1,-38.1,-41.0,-47.8,-48.0,-43.8,-39.3,-38.9,28.6,24.3,21.9,23.8,22.1,25.0,29.2,37.1,40.1,40.7,40.0,36.6,29.0,28.2,28.8,28.3,29.7,30.5,31.2,30.5,673.5,677.2,681.6,684.5,684.7,682.7,677.6,670.9,671.7,682.0,697.6,710.1,715.7,715.4,713.7,712.1,711.5,641.5,636.2,633.0,630.6,630.0,639.1,647.4,656.9,667.0,677.4,636.6,631.2,625.3,619.9,634.5,634.1,634.5,638.2,642.4,642.7,640.3,641.6,643.8,641.8,640.6,656.1,658.7,663.4,670.3,664.0,659.4,650.8,641.3,638.4,640.0,642.6,652.1,666.0,654.3,646.6,643.5,642.1,644.1,649.0,641.5,642.7,645.9,661.8,645.9,642.7,641.6,0.595,0.216,-0.292,0.064,272.599,185.387,-5.831,9.734,-13.177,14.411,5.0,0.2,-3.906,1.299,3.799,-2.069,0.861,1.173,0.344,-2.085,-0.405,-0.215,0.549,1.071,-0.986,-0.833,0.333,-0.431,-0.047,-0.443,0.168,-0.037,0.081,0.083,-0.116,-0.011,-0.018,0.004,0.01,-0.001,0.19,0.0,0.0,0.64,0.0,0.0,0.08,0.0,0.0,0.17,0.0,0.0,0.0,0.0,0.0,0.0,0.0,0.0,1.0,0.0,1.0,0.0,0.0,0.0,0.0,0.0,0.0,0.0,0.0,0.0,0.0,0.0,0.0,1.0,0.0
PP133,g1,2822,0,0.975,0.221578,0.19365,-0.955721,0.065299,0.187643,-0.980064,0.147,0.194,251.0,252.4,255.6,258.7,259.9,258.7,255.4,252.2,246.5,248.7,251.6,255.2,258.6,261.1,262.7,260.7,257.8,254.6,251.5,248.6,254.0,255.4,256.8,257.4,256.8,255.5,254.1,253.5,288.2,289.1,291.8,294.7,296.0,295.1,292.4,289.3,285.2,287.1,289.7,293.0,295.7,297.6,298.7,297.6,295.8,293.4,290.5,287.5,290.8,292.0,293.2,293.6,293.0,291.8,290.6,290.2,160.7,157.5,156.2,157.7,160.9,164.3,165.3,163.9,162.0,160.3,159.2,158.7,159.4,161.0,163.1,164.2,164.5,164.6,164.3,163.5,162.2,162.9,162.3,160.9,159.5,158.9,159.4,160.8,160.9,157.8,156.5,157.7,160.7,163.8,165.2,164.2,163.1,161.0,159.5,158.8,159.3,160.3,162.1,163.5,164.3,164.6,164.5,164.1,162.3,162.8,162.2,160.9,159.5,159.0,159.6,161.0,1.3,3.2,7.4,11.5,13.1,11.5,7.1,2.9,-4.6,-1.8,2.2,6.8,11.3,14.6,16.9,14.1,10.3,6.1,1.9,-1.8,5.3,7.1,9.0,9.8,9.1,7.3,5.4,4.6,52.5,53.9,57.8,61.9,63.8,62.4,58.4,54.0,48.3,51.0,54.6,59.1,63.3,66.3,68.2,66.4,63.4,59.8,55.6,51.5,56.2,58.0,59.7,60.4,59.5,57.8,56.0,55.4,-35.4,-39.6,-41.3,-39.4,-35.1,-30.6,-29.2,-31.1,-33.9,-36.0,-37.3,-37.9,-37.0,-35.1,-32.4,-30.8,-30.3,-30.1,-30.6,-31.8,-33.4,-32.6,-33.3,-35.1,-37.0,-37.8,-37.1,-35.3,-36.5,-40.8,-42.8,-41.3,-37.1,-32.8,-30.8,-32.0,-33.6,-36.4,-38.5,-39.6,-39.1,-37.8,-35.6,-33.4,-32.1,-31.5,-31.6,-32.1,-34.8,-34.1,-35.0,-36.9,-38.7,-39.4,-38.5,-36.6,515.3,515.9,516.3,516.3,515.9,515.6,514.9,514.9,519.1,516.7,514.6,513.7,514.5,516.2,517.9,516.2,514.4,513.8,514.7,516.7,516.1,516.1,516.3,516.5,516.7,516.7,516.5,516.3,536.9,538.0,539.7,541.2,541.5,540.5,538.7,537.4,537.2,536.5,536.5,537.6,540.5,544.1,547.5,544.1,540.8,538.2,536.9,536.8,539.1,539.7,540.5,540.9,540.8,540.2,539.4,539.0,38.1,-3.1,652.5,0.207,-0.219,0.047,224.8,224.8,225.9,228.2,232.7,240.0,249.2,260.0,270.6,279.1,285.2,290.8,295.8,299.8,302.5,304.6,305.4,237.3,244.3,253.2,262.0,269.8,284.7,291.1,297.2,303.0,306.3,277.2,278.1,279.3,280.3,268.3,272.8,277.2,281.1,284.4,246.4,252.0,258.1,262.9,257.8,251.6,285.1,290.1,295.4,298.8,295.7,290.4,257.9,266.0,272.5,276.0,279.7,283.8,286.8,283.5,279.3,275.3,271.3,265.1,261.0,271.8,275.5,279.2,284.8,279.2,275.4,271.6,161.1,172.7,184.2,195.3,205.8,215.0,222.7,228.5,230.0,227.9,221.5,213.7,204.7,194.7,184.2,173.5,162.5,153.7,149.1,148.2,149.7,152.7,152.5,149.6,148.2,149.2,153.4,161.5,169.2,176.8,184.7,189.6,191.2,192.4,191.2,189.7,161.9,159.1,159.3,163.2,164.5,164.5,163.2,159.2,159.3,162.0,164.4,164.5,204.8,202.5,201.0,202.1,201.0,202.6,204.7,209.7,211.7,212.2,211.8,209.8,205.1,204.8,205.1,204.7,205.1,206.0,206.5,206.1,-43.5,-43.7,-42.0,-38.3,-30.3,-17.5,-1.4,17.1,35.4,50.9,62.8,74.2,84.1,91.2,96.0,99.6,101.1,-20.9,-9.3,5.1,19.4,32.0,56.8,68.1,79.4,90.5,97.6,44.3,45.5,46.9,48.2,29.7,37.0,44.2,50.9,56.7,-5.9,3.2,13.3,21.3,12.8,2.6,59.0,67.6,77.2,83.9,77.8,68.3,13.1,26.2,36.8,42.7,48.9,56.4,62.8,56.1,48.4,41.7,35.0,24.9,18.3,35.9,42.0,48.3,59.0,48.2,41.9,35.6,-45.5,-25.6,-5.8,13.7,32.1,48.2,61.1,70.4,73.0,70.5,60.8,47.6,31.5,13.2,-5.9,-25.6,-45.7,-55.6,-62.5,-63.8,-61.1,-56.1,-57.2,-62.9,-66.0,-65.4,-59.1,-42.4,-29.6,-17.1,-4.5,3.5,6.0,8.0,6.1,3.6,-42.1,-46.6,-46.4,-40.1,-37.9,-37.8,-40.8,-47.7,-48.0,-43.7,-39.2,-38.8,28.9,24.6,22.1,24.0,22.2,25.2,29.3,37.1,40.1,40.7,40.0,36.7,29.2,28.3,29.0,28.4,29.8,30.6,31.3,30.6,674.1,677.7,682.0,685.0,685.2,683.1,678.1,671.3,672.1,682.4,698.0,710.6,716.4,716.3,714.8,713.1,712.4,642.4,637.0,633.7,631.2,630.6,639.5,647.6,657.2,667.3,677.7,637.1,631.7,625.8,620.4,635.0,634.6,635.0,638.7,642.9,643.5,641.0,642.3,644.5,642.6,641.4,656.5,659.1,663.8,670.7,664.4,659.8,651.2,641.7,638.8,640.4,643.0,652.4,666.2,654.6,647.0,643.9,642.5,644.6,649.4,641.9,643.1,646.2,662.0,646.2,643.1,642.1,0.594,0.214,-0.291,0.063,272.745,185.485,-4.875,8.269,-13.589,14.396,4.933,0.152,-3.433,1.928,4.091,-2.074,0.731,1.004,0.264,-1.983,-0.421,-0.122,0.462,1.171,-0.866,-0.731,0.411,-0.364,-0.004,-0.483,0.22,-0.042,0.075,0.077,-0.107,-0.008,-0.026,0.0,0.01,0.002,0.0,0.0,0.0,0.58,0.0,0.0,0.09,0.0,0.0,0.2,0.0,0.0,0.0,0.0,0.0,0.0,0.0,0.0,1.0,0.0,1.0,0.0,0.0,0.0,0.0,0.0,0.0,0.0,0.0,0.0,0.0,0.0,0.0,1.0,0.0
PP133,g1,2828,0,0.925,0.21989,0.185036,-0.957815,0.0694,0.179987,-0.981218,0.148,0.186,251.1,252.5,255.7,258.8,260.0,258.9,255.5,252.4,246.7,248.8,251.7,255.3,258.7,261.2,262.9,260.8,257.9,254.7,251.6,248.8,254.2,255.5,256.9,257.5,257.0,255.6,254.2,253.6,288.3,289.2,291.9,294.7,296.1,295.2,292.5,289.4,285.2,287.2,289.8,293.0,295.8,297.7,298.7,297.7,295.9,293.5,290.6,287.6,290.8,292.1,293.3,293.7,293.1,291.8,290.7,290.2,160.8,157.6,156.3,157.7,161.0,164.4,165.4,164.0,162.2,160.4,159.3,158.8,159.5,161.0,163.1,164.2,164.6,164.7,164.4,163.6,162.4,163.0,162.4,161.0,159.6,159.0,159.5,160.9,160.9,157.8,156.5,157.7,160.7,163.8,165.1,164.2,163.1,161.0,159.4,158.7,159.2,160.3,162.1,163.5,164.2,164.6,164.5,164.1,162.3,162.8,162.2,160.8,159.5,159.0,159.6,160.9,1.5,3.3,7.5,11.6,13.2,11.7,7.2,3.1,-4.4,-1.6,2.3,6.9,11.4,14.8,17.1,14.3,10.4,6.2,2.1,-1.6,5.5,7.3,9.1,9.9,9.2,7.4,5.6,4.8,52.5,53.9,57.8,61.9,63.8,62.4,58.5,54.1,48.4,51.0,54.6,59.1,63.3,66.3,68.2,66.4,63.5,59.8,55.7,51.5,56.3,58.0,59.8,60.4,59.5,57.7,56.0,55.4,-35.2,-39.4,-41.1,-39.3,-35.0,-30.4,-29.0,-30.9,-33.6,-35.8,-37.1,-37.7,-36.8,-34.9,-32.2,-30.7,-30.1,-29.9,-30.4,-31.5,-33.2,-32.4,-33.1,-35.0,-36.9,-37.7,-36.9,-35.1,-36.5,-40.8,-42.8,-41.3,-37.1,-32.8,-30.8,-32.0,-33.5,-36.4,-38.5,-39.6,-39.1,-37.8,-35.6,-33.4,-32.1,-31.5,-31.6,-32.1,-34.8,-34.1,-35.0,-36.9,-38.7,-39.4,-38.5,-36.6,514.7,515.2,515.6,515.6,515.1,514.8,514.2,514.3,518.6,516.1,514.0,513.0,513.8,515.4,517.1,515.4,513.7,513.1,514.0,516.1,515.4,515.4,515.6,515.8,516.0,516.0,515.9,515.6,536.1,537.1,538.9,540.4,540.7,539.6,537.8,536.5,536.3,535.7,535.6,536.8,539.7,543.3,546.7,543.3,539.9,537.3,536.0,535.9,538.2,538.9,539.7,540.1,540.0,539.4,538.6,538.1,38.6,-2.5,650.1,0.193,-0.222,0.04,225.0,225.1,226.3,228.7,233.3,240.6,249.8,260.7,271.3,279.8,285.7,291.2,296.1,299.9,302.6,304.6,305.4,237.4,244.4,253.2,262.0,269.8,284.8,291.1,297.2,302.9,306.2,277.3,278.4,279.6,280.7,268.7,273.2,277.7,281.6,284.9,246.6,252.0,258.2,263.0,257.9,251.7,285.2,290.1,295.5,298.9,295.8,290.5,258.5,266.5,273.0,276.6,280.3,284.3,287.3,284.1,279.9,275.9,271.9,265.7,261.6,272.4,276.1,279.8,285.3,279.8,276.0,272.2,161.6,173.3,184.9,196.2,206.8,216.1,223.8,229.5,230.9,228.8,222.4,214.4,205.3,195.2,184.6,173.7,162.7,153.9,149.2,148.2,149.7,152.7,152.5,149.5,148.2,149.1,153.4,161.4,169.2,176.8,184.7,189.8,191.3,192.6,191.4,189.7,162.1,159.2,159.4,163.3,164.6,164.6,163.2,159.2,159.2,162.0,164.4,164.5,205.4,202.8,201.2,202.3,201.2,202.8,205.1,210.1,212.2,212.7,212.4,210.3,205.6,205.0,205.4,204.9,205.5,206.4,207.0,206.6,-42.9,-43.1,-41.2,-37.3,-29.2,-16.4,-0.3,18.3,36.6,51.9,63.6,74.6,84.2,91.1,95.8,99.3,100.6,-20.7,-9.1,5.2,19.4,31.9,56.8,68.0,79.2,90.2,97.3,44.4,45.7,47.2,48.6,30.2,37.5,44.8,51.4,57.1,-5.6,3.4,13.5,21.5,13.0,2.8,59.0,67.5,77.1,83.7,77.7,68.3,14.1,27.0,37.4,43.4,49.7,57.1,63.3,56.9,49.4,42.6,35.9,25.8,19.2,36.6,42.8,49.1,59.6,49.0,42.7,36.4,-44.5,-24.5,-4.5,15.1,33.7,49.7,62.7,71.9,74.4,71.9,62.1,48.7,32.5,14.1,-5.2,-25.0,-45.1,-55.1,-62.2,-63.5,-60.9,-56.0,-57.2,-62.8,-66.0,-65.4,-59.0,-42.4,-29.6,-17.0,-4.4,3.7,6.2,8.2,6.3,3.7,-41.7,-46.3,-46.1,-39.9,-37.6,-37.5,-40.7,-47.6,-47.9,-43.6,-39.2,-38.7,29.7,25.0,22.4,24.2,22.5,25.4,29.8,37.7,40.7,41.4,40.7,37.5,30.0,28.7,29.3,28.7,30.3,31.1,31.9,31.2,671.6,675.3,679.6,682.4,682.5,680.3,675.2,668.4,669.2,679.6,695.3,708.0,713.7,713.5,711.8,710.0,709.4,640.2,634.9,631.7,629.3,628.7,637.7,645.9,655.5,665.6,676.0,635.2,629.5,623.5,617.9,632.5,632.0,632.3,636.1,640.5,641.3,639.0,640.2,642.4,640.5,639.3,654.5,657.3,662.0,668.9,662.5,657.9,648.4,638.8,636.1,637.7,640.4,649.7,663.4,651.8,644.2,641.1,639.7,641.6,646.6,639.1,640.3,643.5,659.2,643.6,640.4,639.4,0.596,0.202,-0.295,0.054,273.089,185.795,-6.235,9.354,-13.397,16.526,3.677,0.429,-3.304,2.5,4.24,-2.983,0.746,0.673,0.011,-2.0,-0.127,-0.302,0.346,1.06,-0.842,-0.767,0.412,-0.187,-0.282,-0.628,0.198,0.092,0.107,0.084,-0.11,-0.014,-0.033,-0.006,0.016,0.002,0.03,0.0,0.0,0.88,0.0,0.0,0.0,0.0,0.0,0.18,0.0,0.0,0.0,0.0,0.0,0.0,0.0,0.0,1.0,0.0,1.0,0.0,0.0,0.0,0.0,0.0,0.0,0.0,0.0,0.0,0.0,0.0,0.0,1.0,0.0
PP133,g1,2834,0,0.975,0.218606,0.195549,-0.956019,0.063286,0.189438,-0.979851,0.145,0.196,251.3,252.7,255.9,259.0,260.2,259.1,255.7,252.6,246.9,249.0,252.0,255.5,258.9,261.4,263.1,261.0,258.1,254.9,251.8,249.0,254.4,255.7,257.1,257.7,257.2,255.8,254.4,253.8,288.5,289.5,292.2,295.0,296.4,295.4,292.7,289.6,285.5,287.4,290.1,293.3,296.1,298.0,299.0,298.0,296.2,293.7,290.8,287.8,291.1,292.3,293.5,293.9,293.4,292.1,290.9,290.5,160.8,157.6,156.4,157.8,161.1,164.5,165.5,164.1,162.2,160.4,159.3,158.9,159.6,161.1,163.2,164.3,164.6,164.7,164.4,163.6,162.4,163.0,162.5,161.1,159.7,159.0,159.6,161.0,161.0,157.9,156.6,157.8,160.8,163.9,165.3,164.3,163.2,161.1,159.6,158.9,159.4,160.4,162.2,163.6,164.4,164.7,164.6,164.2,162.4,162.9,162.3,161.0,159.6,159.1,159.7,161.1,1.8,3.6,7.8,11.9,13.5,12.0,7.5,3.4,-4.1,-1.3,2.6,7.2,11.7,15.1,17.3,14.6,10.7,6.5,2.4,-1.4,5.8,7.6,9.4,10.2,9.5,7.7,5.8,5.0,52.8,54.3,58.2,62.3,64.2,62.7,58.8,54.4,48.7,51.3,54.9,59.5,63.7,66.7,68.6,66.7,63.8,60.1,56.0,51.8,56.6,58.4,60.1,60.7,59.9,58.1,56.4,55.8,-35.2,-39.5,-41.2,-39.3,-35.0,-30.4,-29.1,-30.9,-33.7,-35.8,-37.1,-37.7,-36.8,-34.9,-32.2,-30.7,-30.1,-30.0,-30.5,-31.6,-33.2,-32.4,-33.1,-35.0,-36.9,-37.7,-37.0,-35.1,-36.3,-40.6,-42.6,-41.1,-36.9,-32.6,-30.6,-31.8,-33.4,-36.2,-38.3,-39.3,-38.9,-37.6,-35.4,-33.2,-32.0,-31.3,-31.4,-31.9,-34.6,-33.9,-34.8,-36.7,-38.5,-39.2,-38.3,-36.4,515.7,516.3,516.7,516.7,516.3,516.0,515.3,515.3,519.6,517.1,515.0,514.1,515.0,516.6,518.3,516.5,514.8,514.2,515.1,517.1,516.5,516.5,516.7,516.9,517.1,517.1,517.0,516.7,535.9,536.9,538.7,540.1,540.4,539.4,537.7,536.3,536.2,535.5,535.4,536.6,539.4,543.0,546.4,543.1,539.7,537.1,535.8,535.8,538.0,538.7,539.4,539.9,539.8,539.1,538.4,537.9,38.6,-2.7,650.7,0.21,-0.216,0.045,225.2,225.2,226.3,228.5,233.1,240.3,249.5,260.2,270.9,279.5,285.6,291.3,296.4,300.3,303.0,305.0,305.8,237.6,244.6,253.4,262.2,270.0,285.0,291.4,297.5,303.3,306.6,277.5,278.5,279.6,280.7,268.6,273.1,277.6,281.5,284.8,246.8,252.3,258.4,263.2,258.1,251.9,285.4,290.4,295.8,299.2,296.1,290.8,258.0,266.2,272.8,276.4,280.2,284.3,287.3,283.9,279.7,275.6,271.5,265.2,261.1,272.1,275.9,279.7,285.3,279.6,275.8,271.9,161.2,172.9,184.5,195.6,206.2,215.5,223.2,229.1,230.6,228.4,221.9,213.8,204.8,194.7,184.2,173.4,162.4,153.9,149.3,148.3,149.8,152.9,152.7,149.7,148.4,149.3,153.5,161.6,169.3,177.0,184.9,189.9,191.4,192.7,191.5,189.9,162.1,159.3,159.5,163.3,164.6,164.6,163.3,159.3,159.4,162.1,164.5,164.6,205.0,202.6,201.2,202.3,201.2,202.7,204.8,210.0,212.2,212.7,212.3,210.1,205.3,205.0,205.3,204.9,205.2,206.4,207.0,206.5,-42.7,-43.0,-41.3,-37.5,-29.6,-16.9,-0.9,17.6,35.9,51.4,63.5,75.0,84.8,91.9,96.7,100.1,101.4,-20.4,-8.8,5.5,19.7,32.2,57.1,68.4,79.7,90.8,97.9,44.7,45.9,47.3,48.6,30.1,37.4,44.7,51.3,57.2,-5.3,3.7,13.8,21.7,13.3,3.1,59.4,68.0,77.5,84.2,78.1,68.7,13.3,26.5,37.1,43.1,49.5,57.1,63.5,56.7,49.0,42.1,35.4,25.1,18.4,36.2,42.5,48.9,59.7,48.8,42.3,35.9,-45.2,-25.2,-5.3,14.2,32.8,48.8,61.9,71.3,73.9,71.3,61.3,47.8,31.6,13.2,-6.0,-25.6,-45.6,-55.2,-62.1,-63.4,-60.7,-55.7,-56.9,-62.5,-65.7,-65.1,-58.7,-42.0,-29.3,-16.7,-4.1,3.8,6.3,8.4,6.5,3.9,-41.7,-46.2,-46.0,-39.7,-37.5,-37.5,-40.5,-47.3,-47.7,-43.4,-39.0,-38.5,29.1,24.8,22.4,24.3,22.5,25.4,29.5,37.6,40.8,41.4,40.7,37.3,29.5,28.6,29.3,28.7,30.0,31.2,32.0,31.2,672.3,676.0,680.4,683.5,683.7,681.7,676.7,669.9,670.6,680.8,696.3,708.7,714.3,714.0,712.2,710.4,709.8,640.5,635.0,631.7,629.2,628.6,637.6,645.6,655.1,665.1,675.5,635.1,629.7,623.8,618.4,633.1,632.7,633.0,636.7,640.9,641.5,639.0,640.2,642.5,640.6,639.4,654.5,657.0,661.6,668.5,662.2,657.7,649.7,640.0,637.0,638.6,641.2,650.8,664.6,653.1,645.4,642.3,640.9,643.0,648.0,640.1,641.3,644.5,660.6,644.6,641.5,640.5,0.596,0.217,-0.288,0.061,273.094,185.706,-6.149,8.986,-12.239,14.843,4.146,0.186,-3.69,1.606,4.001,-2.051,0.743,1.206,0.276,-1.949,-0.363,-0.327,0.455,0.997,-0.821,-0.866,0.43,-0.426,-0.096,-0.436,0.269,-0.062,0.102,0.082,-0.108,-0.006,-0.02,0.007,0.01,0.0,0.17,0.0,0.0,0.82,0.0,0.0,0.08,0.0,0.0,0.05,0.0,0.0,0.0,0.0,0.0,0.0,0.0,0.0,1.0,0.0,0.0,0.0,0.0,0.0,0.0,0.0,0.0,0.0,0.0,0.0,0.0,0.0,0.0,1.0,0.0
PP133,g1,2840,0,0.975,0.217859,0.201731,-0.954904,0.05948,0.195278,-0.978943,0.142,0.202,250.9,252.3,255.5,258.6,259.8,258.6,255.3,252.1,246.5,248.6,251.6,255.1,258.5,261.0,262.6,260.6,257.7,254.5,251.4,248.5,253.9,255.3,256.7,257.3,256.8,255.4,254.0,253.4,288.2,289.1,291.8,294.7,296.0,295.1,292.4,289.2,285.1,287.1,289.7,292.9,295.7,297.6,298.7,297.7,295.8,293.4,290.4,287.4,290.7,292.0,293.2,293.6,293.0,291.7,290.6,290.1,160.6,157.4,156.2,157.6,160.9,164.3,165.3,163.9,162.0,160.2,159.1,158.7,159.4,161.0,163.1,164.1,164.5,164.6,164.2,163.4,162.2,162.8,162.3,160.9,159.5,158.9,159.4,160.8,160.8,157.7,156.4,157.6,160.6,163.7,165.1,164.1,163.0,160.9,159.4,158.7,159.2,160.2,162.0,163.4,164.2,164.5,164.4,164.1,162.2,162.7,162.1,160.8,159.4,158.9,159.5,160.9,1.2,3.1,7.3,11.4,13.0,11.4,6.9,2.8,-4.7,-1.9,2.1,6.7,11.2,14.5,16.8,14.0,10.2,6.0,1.8,-1.9,5.2,7.0,8.9,9.7,9.0,7.2,5.3,4.5,52.4,53.8,57.7,61.8,63.7,62.3,58.4,53.9,48.2,50.8,54.5,59.0,63.2,66.3,68.2,66.3,63.4,59.7,55.5,51.4,56.1,57.9,59.7,60.3,59.4,57.6,55.9,55.3,-35.5,-39.7,-41.4,-39.5,-35.2,-30.6,-29.3,-31.2,-34.0,-36.1,-37.4,-37.9,-37.0,-35.1,-32.4,-30.9,-30.4,-30.2,-30.7,-31.9,-33.5,-32.6,-33.4,-35.2,-37.1,-37.9,-37.2,-35.4,-36.6,-40.9,-42.9,-41.4,-37.2,-32.9,-30.9,-32.1,-33.7,-36.5,-38.6,-39.6,-39.2,-37.9,-35.7,-33.6,-32.3,-31.6,-31.7,-32.2,-34.9,-34.2,-35.1,-37.0,-38.8,-39.5,-38.6,-36.7,516.0,516.6,516.9,516.9,516.6,516.3,515.6,515.6,519.8,517.4,515.3,514.4,515.2,516.8,518.6,516.8,515.1,514.5,515.4,517.4,516.8,516.8,517.0,517.2,517.4,517.4,517.2,517.0,536.3,537.3,539.0,540.5,540.8,539.8,538.1,536.8,536.7,535.9,535.8,537.0,539.8,543.4,546.8,543.5,540.1,537.5,536.3,536.2,538.5,539.1,539.8,540.3,540.1,539.5,538.8,538.3,38.1,-3.3,653.3,0.22,-0.211,0.046,224.9,224.9,226.0,228.3,232.8,240.1,249.3,260.0,270.6,279.1,285.3,291.0,296.1,300.1,302.8,304.8,305.6,237.2,244.2,253.1,261.9,269.7,284.6,291.0,297.2,303.0,306.3,277.1,278.0,279.1,280.2,268.1,272.6,277.1,281.0,284.4,246.3,251.9,258.0,262.8,257.7,251.5,285.1,290.0,295.4,298.9,295.7,290.4,257.4,265.6,272.2,275.8,279.6,283.8,286.9,283.4,279.1,275.1,271.0,264.7,260.5,271.6,275.4,279.1,284.9,279.1,275.2,271.4,160.8,172.5,183.9,195.1,205.6,214.8,222.4,228.2,229.7,227.5,221.0,213.0,204.0,194.1,183.7,173.0,162.1,153.6,149.1,148.2,149.7,152.8,152.5,149.6,148.2,149.1,153.2,161.5,169.2,176.9,184.8,189.6,191.2,192.4,191.2,189.6,161.9,159.1,159.3,163.2,164.4,164.4,163.1,159.2,159.2,161.9,164.3,164.4,204.5,202.3,200.9,202.0,200.9,202.3,204.3,209.5,211.7,212.2,211.8,209.6,204.8,204.6,205.0,204.5,204.7,205.9,206.5,206.1,-43.5,-43.7,-42.0,-38.2,-30.2,-17.3,-1.2,17.2,35.5,51.0,63.2,74.7,84.7,91.8,96.5,99.9,101.3,-21.1,-9.5,5.0,19.2,31.8,56.6,68.0,79.3,90.5,97.6,44.2,45.4,46.7,47.9,29.4,36.7,44.0,50.7,56.6,-6.0,3.1,13.2,21.1,12.6,2.5,59.0,67.6,77.2,83.9,77.8,68.3,12.4,25.7,36.4,42.4,48.8,56.5,63.1,56.1,48.3,41.4,34.6,24.3,17.5,35.5,41.8,48.3,59.2,48.2,41.6,35.2,-46.1,-26.2,-6.2,13.3,31.8,47.8,60.8,70.2,72.8,70.0,59.9,46.4,30.3,12.1,-7.0,-26.4,-46.3,-55.8,-62.6,-63.8,-61.1,-56.0,-57.2,-62.9,-66.1,-65.6,-59.4,-42.4,-29.6,-17.0,-4.4,3.4,5.9,8.0,6.1,3.5,-42.3,-46.7,-46.4,-40.2,-38.0,-38.0,-41.0,-47.8,-48.2,-44.0,-39.5,-39.0,28.4,24.3,21.9,23.8,22.1,24.8,28.7,36.9,40.1,40.8,40.1,36.6,28.8,28.2,28.8,28.2,29.3,30.5,31.3,30.6,675.3,679.1,683.7,686.8,687.0,685.0,679.9,673.1,673.7,683.8,699.2,711.4,716.8,716.3,714.5,712.8,712.2,642.9,637.4,633.9,631.3,630.6,639.5,647.6,657.0,667.1,677.5,637.3,632.0,626.2,620.9,635.9,635.4,635.7,639.3,643.5,644.0,641.4,642.6,644.8,643.0,641.9,656.7,659.2,663.8,670.7,664.4,660.0,652.8,643.1,639.9,641.5,644.1,653.7,667.6,656.1,648.3,645.3,643.9,646.1,651.0,643.1,644.3,647.4,663.5,647.5,644.3,643.3,0.593,0.226,-0.282,0.061,272.683,185.326,-5.595,9.355,-12.101,13.834,5.355,0.342,-4.12,1.766,3.906,-1.617,0.859,1.315,0.288,-1.799,-0.633,-0.181,0.303,1.076,-0.844,-0.983,0.451,-0.45,-0.054,-0.386,0.194,-0.148,0.101,0.078,-0.108,-0.005,-0.023,0.014,0.014,-0.003,0.0,0.0,0.0,0.38,0.0,0.0,0.1,0.0,0.0,0.18,0.0,0.0,0.0,0.0,0.0,0.0,0.0,0.0,1.0,0.0,1.0,0.0,0.0,0.0,0.0,0.0,0.0,0.0,0.0,0.0,0.0,0.0,0.0,1.0,0.0
PP133,g1,2846,0,0.975,0.215101,0.195239,-0.956877,0.059007,0.188992,-0.980204,0.141,0.196,250.3,251.7,254.9,258.0,259.3,258.1,254.7,251.6,245.9,248.0,251.0,254.5,257.9,260.4,262.1,260.0,257.1,253.9,250.8,248.0,253.4,254.7,256.1,256.7,256.2,254.8,253.4,252.8,287.5,288.5,291.2,294.1,295.4,294.5,291.8,288.6,284.5,286.5,289.1,292.3,295.1,297.1,298.1,297.1,295.2,292.8,289.9,286.8,290.1,291.4,292.6,293.0,292.4,291.1,290.0,289.5,160.6,157.4,156.2,157.6,160.8,164.3,165.3,163.9,162.0,160.2,159.1,158.6,159.4,160.9,163.0,164.1,164.5,164.6,164.2,163.4,162.2,162.8,162.3,160.9,159.4,158.8,159.4,160.8,160.8,157.7,156.3,157.5,160.6,163.7,165.0,164.1,163.0,160.9,159.3,158.6,159.1,160.2,161.9,163.3,164.1,164.5,164.4,164.0,162.1,162.7,162.1,160.7,159.4,158.9,159.4,160.8,0.4,2.3,6.5,10.6,12.2,10.7,6.2,2.1,-5.4,-2.6,1.3,5.9,10.4,13.7,16.0,13.2,9.4,5.2,1.0,-2.7,4.4,6.2,8.1,8.9,8.2,6.4,4.5,3.7,51.4,52.8,56.7,60.8,62.7,61.3,57.4,52.9,47.3,49.9,53.5,58.0,62.2,65.3,67.2,65.3,62.4,58.7,54.5,50.4,55.2,57.0,58.7,59.3,58.5,56.7,55.0,54.3,-35.4,-39.7,-41.4,-39.5,-35.2,-30.6,-29.3,-31.1,-33.9,-36.1,-37.4,-37.9,-37.0,-35.1,-32.4,-30.9,-30.3,-30.2,-30.7,-31.8,-33.4,-32.6,-33.3,-35.2,-37.1,-37.9,-37.2,-35.3,-36.6,-40.9,-42.9,-41.4,-37.2,-32.8,-30.9,-32.1,-33.6,-36.5,-38.5,-39.6,-39.2,-37.9,-35.7,-33.5,-32.2,-31.6,-31.7,-32.1,-34.9,-34.2,-35.0,-36.9,-38.8,-39.4,-38.6,-36.7,514.9,515.4,515.8,515.7,515.3,515.1,514.5,514.5,518.8,516.3,514.2,513.2,514.0,515.6,517.4,515.6,513.9,513.3,514.3,516.3,515.7,515.6,515.8,516.0,516.2,516.2,516.1,515.8,534.7,535.7,537.4,538.9,539.2,538.2,536.4,535.1,535.0,534.3,534.2,535.4,538.2,541.7,545.1,541.8,538.4,535.9,534.6,534.6,536.8,537.5,538.2,538.7,538.5,537.9,537.2,536.7,37.3,-3.2,653.1,0.21,-0.209,0.042,224.5,224.5,225.8,228.1,232.7,240.0,249.1,259.8,270.3,278.9,285.0,290.6,295.7,299.6,302.3,304.3,305.1,236.5,243.5,252.4,261.2,269.0,283.9,290.4,296.5,302.4,305.7,276.4,277.4,278.5,279.6,267.6,272.1,276.6,280.5,283.9,245.8,251.3,257.4,262.2,257.1,250.9,284.5,289.4,294.8,298.3,295.2,289.8,257.2,265.3,271.8,275.4,279.2,283.3,286.4,283.0,278.7,274.7,270.7,264.4,260.3,271.2,274.9,278.7,284.4,278.6,274.8,271.0,160.9,172.6,184.2,195.3,205.9,215.1,222.7,228.4,229.9,227.7,221.3,213.3,204.3,194.4,183.9,173.2,162.2,153.7,149.1,148.1,149.6,152.7,152.5,149.5,148.1,149.0,153.2,161.4,169.1,176.8,184.7,189.6,191.1,192.4,191.2,189.6,161.9,159.0,159.2,163.1,164.4,164.4,163.1,159.1,159.1,161.9,164.3,164.4,204.6,202.3,200.9,202.0,200.9,202.4,204.4,209.5,211.6,212.1,211.8,209.7,204.9,204.6,205.0,204.5,204.8,205.9,206.5,206.1,-44.2,-44.3,-42.4,-38.6,-30.5,-17.6,-1.5,16.8,35.0,50.5,62.6,74.0,83.9,90.9,95.6,99.0,100.4,-22.2,-10.6,3.8,18.1,30.7,55.6,67.0,78.3,89.4,96.7,43.2,44.4,45.7,47.0,28.6,35.9,43.2,49.9,55.8,-7.0,2.1,12.2,20.2,11.7,1.5,58.0,66.6,76.2,82.9,76.8,67.3,12.0,25.1,35.7,41.7,48.1,55.7,62.2,55.4,47.7,40.8,34.0,23.8,17.1,34.9,41.1,47.5,58.4,47.4,41.0,34.6,-46.0,-25.9,-5.9,13.7,32.3,48.3,61.2,70.5,73.0,70.3,60.4,47.0,30.8,12.6,-6.5,-26.1,-46.1,-55.7,-62.7,-64.0,-61.2,-56.2,-57.4,-63.0,-66.2,-65.7,-59.4,-42.6,-29.7,-17.2,-4.5,3.4,5.9,7.9,6.0,3.4,-42.3,-46.8,-46.5,-40.2,-38.0,-38.0,-41.1,-48.0,-48.3,-44.0,-39.5,-39.1,28.6,24.4,22.0,23.8,22.1,24.9,28.8,36.9,40.0,40.7,40.0,36.6,29.0,28.2,28.8,28.2,29.4,30.5,31.3,30.6,676.0,679.7,684.2,687.1,687.2,685.0,679.8,672.7,673.3,683.3,698.8,711.1,716.5,716.1,714.3,712.7,712.0,643.7,638.1,634.5,631.8,630.9,639.7,647.7,657.2,667.2,677.7,637.5,632.1,626.1,620.7,635.8,635.2,635.4,639.0,643.2,644.6,641.9,643.0,645.2,643.4,642.3,656.8,659.4,663.9,670.8,664.5,660.1,652.6,642.8,639.7,641.3,643.8,653.2,667.0,655.5,647.8,644.8,643.5,645.7,650.7,642.8,643.9,647.1,662.9,647.1,644.0,643.0,0.593,0.217,-0.278,0.057,272.221,185.371,-5.205,9.44,-12.468,15.052,5.172,0.71,-3.849,2.123,4.03,-2.139,0.577,1.182,0.217,-1.753,-0.504,-0.268,0.341,1.088,-0.972,-0.884,0.417,-0.408,-0.145,-0.395,0.222,-0.069,0.094,0.079,-0.107,-0.009,-0.022,0.007,0.013,-0.002,0.0,0.0,0.0,0.21,0.0,0.0,0.0,0.0,0.0,0.38,0.0,0.0,0.0,0.0,0.0,0.0,0.0,0.0,1.0,0.0,1.0,0.0,0.0,0.0,0.0,0.0,0.0,0.0,0.0,0.0,0.0,0.0,0.0,1.0,0.0
PP133,g1,2852,0,0.975,0.210366,0.189501,-0.959081,0.056889,0.184012,-0.981276,0.137,0.19,250.0,251.4,254.5,257.7,258.9,257.8,254.4,251.2,245.6,247.7,250.6,254.1,257.5,260.1,261.8,259.7,256.8,253.6,250.5,247.7,253.0,254.4,255.8,256.4,255.8,254.5,253.1,252.5,287.2,288.2,290.9,293.7,295.1,294.2,291.5,288.3,284.2,286.1,288.8,292.0,294.8,296.8,297.9,296.8,295.0,292.5,289.6,286.5,289.8,291.1,292.3,292.7,292.1,290.8,289.6,289.2,160.6,157.4,156.2,157.6,160.8,164.3,165.3,163.9,162.0,160.3,159.1,158.6,159.3,160.9,163.0,164.1,164.4,164.6,164.2,163.5,162.2,162.8,162.3,160.9,159.4,158.8,159.4,160.8,160.6,157.5,156.1,157.3,160.4,163.5,164.9,163.9,162.8,160.7,159.1,158.4,158.9,160.0,161.7,163.1,163.9,164.3,164.2,163.9,162.0,162.5,161.9,160.5,159.2,158.7,159.3,160.6,-0.0,1.8,6.0,10.1,11.8,10.2,5.8,1.6,-5.8,-3.1,0.8,5.4,9.9,13.3,15.6,12.8,9.0,4.8,0.6,-3.1,4.0,5.8,7.7,8.4,7.7,5.9,4.1,3.3,50.9,52.2,56.1,60.2,62.2,60.8,56.9,52.4,46.7,49.3,52.9,57.5,61.7,64.7,66.7,64.8,61.9,58.2,54.0,49.9,54.6,56.4,58.1,58.8,57.9,56.1,54.4,53.8,-35.4,-39.7,-41.4,-39.5,-35.2,-30.6,-29.3,-31.1,-33.8,-36.0,-37.3,-37.9,-37.1,-35.1,-32.5,-30.9,-30.4,-30.2,-30.6,-31.8,-33.4,-32.6,-33.3,-35.2,-37.1,-37.9,-37.2,-35.3,-36.7,-41.1,-43.1,-41.6,-37.4,-33.0,-31.0,-32.2,-33.7,-36.6,-38.7,-39.8,-39.4,-38.1,-35.9,-33.7,-32.4,-31.8,-31.9,-32.3,-35.0,-34.4,-35.2,-37.1,-39.0,-39.6,-38.7,-36.8,515.1,515.7,516.0,515.9,515.5,515.2,514.6,514.7,519.1,516.6,514.4,513.4,514.2,515.7,517.4,515.7,514.0,513.5,514.5,516.6,515.8,515.8,515.9,516.2,516.4,516.4,516.3,516.0,533.8,534.8,536.5,537.9,538.2,537.2,535.5,534.2,534.1,533.4,533.3,534.4,537.2,540.8,544.1,540.8,537.5,534.9,533.6,533.6,535.9,536.5,537.3,537.7,537.6,537.0,536.2,535.8,37.0,-3.2,652.8,0.204,-0.204,0.035,224.4,224.6,225.9,228.3,232.9,240.1,249.3,260.0,270.6,279.2,285.2,290.8,295.8,299.6,302.2,304.1,304.8,236.2,243.1,251.9,260.7,268.5,283.5,289.9,296.1,301.9,305.3,276.1,277.1,278.2,279.3,267.3,271.9,276.4,280.4,283.7,245.5,250.9,257.1,261.9,256.8,250.6,284.2,289.1,294.5,298.0,294.9,289.5,257.1,265.1,271.6,275.3,279.1,283.4,286.5,283.1,278.8,274.7,270.6,264.3,260.1,271.1,274.9,278.7,284.5,278.6,274.8,270.9,161.2,172.9,184.4,195.6,206.1,215.4,223.0,228.7,230.1,228.0,221.5,213.5,204.5,194.5,184.0,173.2,162.2,153.8,149.3,148.2,149.7,152.7,152.4,149.4,148.0,148.9,153.1,161.3,169.0,176.7,184.6,189.6,191.1,192.4,191.1,189.5,162.0,159.1,159.2,163.1,164.4,164.4,162.9,158.9,158.9,161.7,164.1,164.2,204.8,202.4,200.9,202.0,200.9,202.4,204.4,209.5,211.8,212.3,212.0,209.8,205.1,204.7,205.0,204.5,204.9,206.0,206.6,206.2,-44.2,-44.2,-42.2,-38.2,-30.2,-17.3,-1.3,17.1,35.5,50.9,62.9,74.2,83.9,90.8,95.4,98.6,99.8,-22.7,-11.2,3.1,17.3,29.9,54.8,66.2,77.5,88.7,95.9,42.5,43.8,45.2,46.5,28.2,35.6,42.9,49.6,55.5,-7.5,1.5,11.6,19.7,11.2,1.0,57.4,66.0,75.6,82.4,76.3,66.8,11.8,24.8,35.4,41.5,48.0,55.7,62.4,55.5,47.7,40.8,33.9,23.6,16.9,34.7,41.0,47.5,58.5,47.4,40.9,34.4,-45.5,-25.4,-5.3,14.2,32.8,48.9,61.8,71.0,73.4,70.7,60.8,47.3,31.1,12.8,-6.3,-26.0,-46.0,-55.5,-62.5,-63.8,-61.2,-56.3,-57.5,-63.2,-66.4,-65.9,-59.7,-42.8,-29.9,-17.3,-4.5,3.4,5.9,7.9,5.9,3.3,-42.2,-46.7,-46.5,-40.3,-38.0,-38.0,-41.3,-48.2,-48.6,-44.3,-39.8,-39.4,28.9,24.5,22.0,23.8,22.0,24.8,28.8,37.0,40.2,40.9,40.2,36.9,29.2,28.2,28.8,28.2,29.4,30.6,31.4,30.7,676.2,679.9,684.3,687.2,687.3,685.0,679.6,672.3,672.6,682.6,698.1,710.6,716.0,715.5,713.6,711.7,711.1,644.0,638.3,634.7,631.9,630.9,639.6,647.6,656.9,666.8,677.2,637.4,631.8,625.7,620.2,635.6,634.9,635.0,638.6,642.8,644.7,642.1,643.2,645.2,643.5,642.5,656.6,659.1,663.6,670.4,664.2,659.8,652.4,642.4,639.3,640.8,643.3,652.8,666.6,655.0,647.3,644.3,643.0,645.3,650.5,642.4,643.5,646.6,662.5,646.7,643.6,642.7,0.594,0.211,-0.273,0.049,272.082,185.421,-5.951,9.435,-12.097,16.035,4.284,1.186,-4.035,2.886,4.219,-2.124,0.604,1.118,0.245,-1.68,-0.566,-0.019,0.515,1.207,-0.935,-0.945,0.409,-0.356,-0.238,-0.521,0.188,-0.028,0.077,0.076,-0.1,-0.004,-0.021,0.001,0.01,-0.001,0.12,0.0,0.0,0.26,0.0,0.0,0.0,0.0,0.0,0.36,0.0,0.0,0.0,0.0,0.0,0.0,0.0,0.0,1.0,0.0,1.0,0.0,0.0,0.0,0.0,0.0,0.0,0.0,0.0,0.0,0.0,0.0,0.0,1.0,0.0
PP133,g1,2858,0,0.975,0.213147,0.197159,-0.95692,0.055429,0.191292,-0.979967,0.138,0.198,249.8,251.1,254.3,257.5,258.7,257.5,254.1,251.0,245.3,247.4,250.4,253.9,257.3,259.8,261.5,259.5,256.6,253.4,250.2,247.4,252.8,254.1,255.5,256.1,255.6,254.2,252.8,252.2,287.0,288.0,290.7,293.6,295.0,294.0,291.3,288.2,284.0,285.9,288.6,291.8,294.7,296.6,297.7,296.6,294.8,292.3,289.4,286.3,289.7,290.9,292.1,292.5,291.9,290.7,289.5,289.1,160.5,157.3,156.0,157.4,160.7,164.1,165.1,163.7,161.8,160.1,159.0,158.5,159.2,160.8,162.9,163.9,164.3,164.4,164.1,163.3,162.0,162.7,162.1,160.7,159.3,158.7,159.2,160.6,160.6,157.5,156.1,157.3,160.3,163.4,164.8,163.9,162.8,160.6,159.1,158.4,158.8,159.9,161.7,163.1,163.9,164.2,164.1,163.8,161.9,162.4,161.8,160.5,159.1,158.6,159.2,160.6,-0.3,1.5,5.7,9.8,11.5,9.9,5.4,1.3,-6.2,-3.4,0.5,5.1,9.6,13.0,15.3,12.5,8.6,4.4,0.3,-3.5,3.7,5.5,7.3,8.1,7.4,5.6,3.8,3.0,50.7,52.1,55.9,60.1,62.0,60.6,56.7,52.2,46.5,49.1,52.7,57.3,61.5,64.6,66.5,64.6,61.7,58.0,53.8,49.7,54.4,56.2,57.9,58.6,57.7,55.9,54.2,53.6,-35.6,-39.9,-41.6,-39.7,-35.4,-30.8,-29.5,-31.3,-34.1,-36.2,-37.5,-38.1,-37.2,-35.3,-32.6,-31.1,-30.5,-30.4,-30.9,-32.0,-33.6,-32.8,-33.5,-35.4,-37.3,-38.1,-37.4,-35.5,-36.8,-41.2,-43.2,-41.6,-37.5,-33.1,-31.1,-32.3,-33.9,-36.7,-38.8,-39.9,-39.4,-38.2,-36.0,-33.8,-32.5,-31.9,-31.9,-32.4,-35.1,-34.5,-35.3,-37.2,-39.1,-39.7,-38.8,-36.9,514.8,515.3,515.6,515.6,515.2,514.9,514.3,514.4,518.7,516.2,514.0,513.1,513.9,515.5,517.2,515.5,513.7,513.2,514.1,516.2,515.5,515.5,515.7,515.9,516.1,516.1,515.9,515.7,534.2,535.1,536.8,538.2,538.5,537.5,535.9,534.6,534.5,533.8,533.7,534.8,537.5,541.1,544.5,541.2,537.8,535.3,534.0,534.0,536.3,536.9,537.6,538.1,537.9,537.3,536.6,536.1,36.5,-3.7,654.3,0.214,-0.204,0.039,224.1,224.3,225.5,227.8,232.4,239.8,248.9,259.5,270.0,278.5,284.7,290.4,295.5,299.3,302.0,304.0,304.7,235.9,242.9,251.7,260.5,268.3,283.4,289.8,296.0,301.9,305.2,275.9,276.8,277.9,279.0,267.0,271.5,276.0,280.0,283.3,245.2,250.7,256.9,261.7,256.5,250.3,284.0,288.9,294.3,297.9,294.7,289.3,256.6,264.6,271.2,274.8,278.6,282.9,286.1,282.6,278.2,274.2,270.1,263.7,259.6,270.6,274.4,278.2,284.0,278.1,274.3,270.4,160.9,172.5,184.0,195.1,205.6,214.8,222.3,228.0,229.4,227.2,220.7,212.8,203.8,193.9,183.6,172.9,162.0,153.5,149.0,147.9,149.4,152.5,152.2,149.2,147.9,148.7,152.9,161.2,168.9,176.6,184.5,189.4,190.9,192.2,190.9,189.3,161.7,158.9,159.1,163.0,164.3,164.2,162.9,158.9,158.9,161.6,164.0,164.1,204.3,202.0,200.6,201.8,200.6,202.1,204.0,209.2,211.4,211.9,211.6,209.4,204.6,204.4,204.7,204.2,204.5,205.6,206.2,205.8,-44.9,-44.9,-43.0,-39.1,-31.0,-18.0,-1.9,16.3,34.5,50.0,62.1,73.6,83.5,90.5,95.2,98.5,99.8,-23.2,-11.7,2.7,17.0,29.6,54.7,66.1,77.5,88.7,95.9,42.3,43.5,44.8,46.1,27.7,35.0,42.4,49.1,55.0,-8.0,1.1,11.3,19.3,10.8,0.6,57.2,65.8,75.4,82.3,76.1,66.5,11.0,24.1,34.8,40.9,47.3,55.1,61.7,54.8,46.9,40.0,33.1,22.8,16.0,34.0,40.3,46.8,57.9,46.7,40.1,33.7,-46.2,-26.2,-6.1,13.5,32.0,47.9,60.8,70.0,72.4,69.6,59.5,46.1,30.0,11.8,-7.2,-26.7,-46.6,-56.1,-63.1,-64.4,-61.7,-56.6,-57.9,-63.5,-66.8,-66.3,-60.1,-42.9,-30.1,-17.5,-4.8,3.1,5.6,7.6,5.6,3.0,-42.6,-47.1,-46.8,-40.6,-38.3,-38.3,-41.5,-48.4,-48.7,-44.5,-40.0,-39.5,28.1,24.0,21.6,23.4,21.7,24.4,28.2,36.4,39.7,40.4,39.8,36.3,28.5,27.8,28.5,27.8,28.8,30.1,30.9,30.2,677.5,681.3,685.8,688.9,688.9,686.7,681.3,674.2,674.6,684.6,699.8,712.0,717.3,716.8,714.9,713.3,712.7,645.1,639.4,635.7,632.8,631.9,640.5,648.5,657.9,667.9,678.3,638.5,633.0,627.1,621.7,637.0,636.4,636.5,640.1,644.3,645.9,643.2,644.2,646.3,644.6,643.6,657.7,660.3,664.7,671.6,665.3,661.0,654.1,644.2,640.9,642.5,645.0,654.5,668.4,656.9,649.2,646.2,644.9,647.2,652.3,644.1,645.2,648.3,664.3,648.4,645.3,644.4,0.592,0.22,-0.271,0.054,271.732,185.109,-5.751,9.539,-11.912,14.86,5.822,0.698,-4.5,2.326,3.807,-1.805,0.7,1.223,0.524,-1.673,-0.655,-0.168,0.23,1.042,-0.99,-0.942,0.466,-0.595,-0.148,-0.418,0.25,-0.093,0.089,0.085,-0.103,-0.009,-0.018,0.009,0.014,0.001,0.16,0.0,0.0,0.89,0.0,0.0,0.0,0.0,0.0,0.23,0.0,0.0,0.0,0.0,0.0,0.0,0.0,0.0,1.0,0.0,1.0,0.0,0.0,0.0,0.0,0.0,0.0,0.0,0.0,0.0,0.0,0.0,0.0,1.0,0.0
PP133,g1,2864,0,0.975,0.212275,0.194519,-0.957654,0.054505,0.188911,-0.98048,0.137,0.195,249.5,250.9,254.0,257.2,258.4,257.2,253.8,250.7,245.1,247.2,250.1,253.6,257.0,259.6,261.2,259.2,256.3,253.1,249.9,247.1,252.5,253.9,255.3,255.9,255.3,254.0,252.6,252.0,286.8,287.7,290.4,293.3,294.7,293.7,291.0,287.9,283.7,285.7,288.3,291.6,294.4,296.3,297.4,296.4,294.5,292.0,289.1,286.1,289.4,290.6,291.8,292.2,291.6,290.4,289.2,288.8,160.4,157.2,156.0,157.4,160.6,164.1,165.1,163.6,161.8,160.0,158.9,158.4,159.1,160.7,162.8,163.9,164.2,164.3,164.0,163.2,162.0,162.6,162.0,160.6,159.2,158.6,159.2,160.5,160.5,157.4,156.0,157.2,160.2,163.4,164.7,163.8,162.7,160.6,159.0,158.3,158.8,159.9,161.6,163.0,163.8,164.2,164.1,163.7,161.8,162.4,161.8,160.4,159.1,158.5,159.1,160.5,-0.7,1.1,5.3,9.5,11.1,9.5,5.1,0.9,-6.6,-3.8,0.1,4.7,9.3,12.6,14.9,12.1,8.3,4.1,-0.1,-3.8,3.3,5.1,7.0,7.8,7.1,5.2,3.4,2.6,50.3,51.7,55.6,59.7,61.6,60.2,56.3,51.9,46.2,48.8,52.4,56.9,61.1,64.2,66.1,64.3,61.3,57.6,53.5,49.3,54.1,55.9,57.6,58.2,57.4,55.6,53.9,53.3,-35.7,-40.0,-41.7,-39.8,-35.5,-30.9,-29.6,-31.4,-34.2,-36.3,-37.6,-38.2,-37.3,-35.4,-32.7,-31.2,-30.6,-30.5,-31.0,-32.1,-33.7,-32.9,-33.6,-35.5,-37.4,-38.2,-37.5,-35.6,-36.9,-41.3,-43.3,-41.8,-37.6,-33.2,-31.3,-32.5,-34.0,-36.8,-38.9,-40.0,-39.6,-38.3,-36.1,-33.9,-32.6,-32.0,-32.1,-32.5,-35.2,-34.6,-35.4,-37.4,-39.2,-39.8,-39.0,-37.1,515.0,515.6,515.9,515.8,515.4,515.1,514.6,514.6,518.9,516.5,514.3,513.3,514.1,515.7,517.4,515.7,514.0,513.5,514.4,516.5,515.8,515.7,515.9,516.1,516.3,516.3,516.2,516.0,534.4,535.4,537.1,538.5,538.8,537.8,536.1,534.8,534.8,534.0,533.9,535.0,537.8,541.4,544.7,541.4,538.1,535.6,534.3,534.3,536.5,537.1,537.9,538.3,538.2,537.6,536.8,536.4,36.1,-3.8,655.2,0.21,-0.202,0.039,224.0,224.1,225.4,227.7,232.3,239.6,248.7,259.2,269.7,278.3,284.4,290.1,295.2,299.1,301.8,303.7,304.5,235.7,242.6,251.4,260.2,268.0,283.1,289.5,295.7,301.6,305.0,275.5,276.5,277.6,278.6,266.7,271.2,275.7,279.6,283.0,244.9,250.4,256.6,261.4,256.3,250.1,283.7,288.6,294.1,297.6,294.4,289.1,256.4,264.4,270.9,274.5,278.3,282.5,285.7,282.2,277.9,273.9,269.8,263.5,259.4,270.3,274.1,277.9,283.7,277.8,274.0,270.1,160.9,172.5,184.1,195.2,205.7,214.8,222.3,228.0,229.3,227.2,220.8,212.9,203.9,194.0,183.7,173.0,162.0,153.5,148.9,147.9,149.4,152.4,152.1,149.1,147.8,148.7,152.8,161.1,168.8,176.5,184.3,189.3,190.8,192.0,190.8,189.2,161.7,158.8,159.0,162.9,164.2,164.2,162.8,158.8,158.8,161.5,163.9,164.1,204.3,202.0,200.6,201.7,200.5,202.0,204.0,209.1,211.3,211.9,211.5,209.4,204.6,204.3,204.6,204.2,204.5,205.6,206.2,205.8,-45.2,-45.2,-43.3,-39.3,-31.2,-18.2,-2.2,16.0,34.1,49.6,61.7,73.1,83.1,90.1,94.8,98.2,99.5,-23.7,-12.1,2.3,16.5,29.2,54.4,65.8,77.1,88.3,95.6,41.8,43.0,44.3,45.6,27.3,34.6,41.9,48.6,54.5,-8.4,0.7,10.9,18.9,10.3,0.1,56.8,65.4,75.1,81.9,75.8,66.2,10.7,23.7,34.4,40.4,46.8,54.6,61.2,54.3,46.4,39.5,32.7,22.4,15.8,33.6,39.9,46.3,57.4,46.2,39.7,33.3,-46.2,-26.1,-6.1,13.5,32.1,48.0,60.8,70.0,72.3,69.6,59.6,46.3,30.2,12.0,-7.0,-26.6,-46.5,-56.3,-63.3,-64.6,-61.9,-56.9,-58.1,-63.8,-67.0,-66.5,-60.3,-43.2,-30.3,-17.7,-5.0,2.9,5.4,7.4,5.4,2.8,-42.8,-47.3,-47.0,-40.8,-38.5,-38.5,-41.7,-48.6,-48.9,-44.7,-40.2,-39.7,28.2,23.9,21.5,23.3,21.6,24.3,28.3,36.4,39.7,40.3,39.7,36.3,28.6,27.7,28.3,27.7,28.9,30.0,30.9,30.2,678.6,682.3,686.8,689.7,689.7,687.5,682.1,675.0,675.3,685.2,700.4,712.6,717.9,717.4,715.6,714.0,713.5,646.3,640.6,636.9,634.0,633.0,641.6,649.6,658.9,668.9,679.3,639.5,634.1,628.1,622.6,637.9,637.3,637.4,641.0,645.2,647.1,644.4,645.4,647.4,645.7,644.8,658.7,661.2,665.7,672.5,666.3,661.9,655.0,645.2,641.9,643.4,645.9,655.3,669.1,657.6,650.0,647.1,645.8,648.1,653.1,645.0,646.1,649.1,665.0,649.3,646.2,645.3,0.592,0.216,-0.269,0.053,271.466,185.062,-6.508,9.282,-12.237,15.265,6.068,0.671,-4.36,2.27,3.996,-1.98,0.725,1.314,0.461,-1.781,-0.618,-0.115,0.304,1.201,-1.06,-0.873,0.554,-0.577,-0.127,-0.487,0.231,-0.081,0.105,0.074,-0.103,-0.004,-0.022,0.013,0.014,-0.001,0.0,0.0,0.0,0.57,0.0,0.0,0.05,0.0,0.0,0.14,0.0,0.0,0.0,0.0,0.0,0.0,0.0,0.0,1.0,0.0,1.0,0.0,0.0,0.0,0.0,0.0,0.0,0.0,0.0,0.0,0.0,0.0,0.0,1.0,0.0
PP133,g1,2870,0,0.975,0.212385,0.192341,-0.95807,0.057516,0.186923,-0.980689,0.138,0.193,249.3,250.7,253.9,257.0,258.2,257.1,253.7,250.5,244.9,247.0,249.9,253.4,256.9,259.4,261.1,259.0,256.1,252.9,249.8,246.9,252.3,253.7,255.1,255.7,255.2,253.8,252.4,251.8,286.6,287.5,290.2,293.1,294.5,293.6,290.8,287.7,283.5,285.5,288.1,291.4,294.2,296.1,297.2,296.2,294.3,291.9,288.9,285.9,289.2,290.5,291.6,292.1,291.5,290.2,289.0,288.6,160.5,157.3,156.0,157.4,160.7,164.1,165.1,163.7,161.9,160.1,159.0,158.5,159.2,160.7,162.8,163.9,164.3,164.4,164.1,163.3,162.1,162.7,162.1,160.7,159.3,158.7,159.2,160.6,160.5,157.4,156.0,157.2,160.3,163.4,164.8,163.8,162.7,160.6,159.1,158.3,158.8,159.9,161.6,163.0,163.8,164.2,164.1,163.8,161.9,162.4,161.8,160.4,159.1,158.6,159.2,160.5,-0.9,0.9,5.1,9.2,10.8,9.3,4.8,0.7,-6.8,-4.0,-0.1,4.5,9.0,12.4,14.7,11.9,8.0,3.8,-0.3,-4.1,3.1,4.9,6.7,7.5,6.8,5.0,3.2,2.4,49.9,51.3,55.2,59.3,61.2,59.8,55.9,51.5,45.8,48.4,52.0,56.5,60.7,63.8,65.7,63.9,60.9,57.3,53.1,48.9,53.7,55.5,57.2,57.8,57.0,55.2,53.5,52.9,-35.5,-39.8,-41.5,-39.6,-35.3,-30.7,-29.4,-31.2,-34.0,-36.1,-37.4,-38.0,-37.2,-35.2,-32.6,-31.0,-30.5,-30.3,-30.8,-31.9,-33.5,-32.7,-33.5,-35.3,-37.2,-38.0,-37.3,-35.4,-36.8,-41.1,-43.2,-41.6,-37.5,-33.1,-31.1,-32.3,-33.9,-36.7,-38.8,-39.9,-39.4,-38.2,-36.0,-33.8,-32.5,-31.9,-31.9,-32.4,-35.1,-34.4,-35.3,-37.2,-39.0,-39.7,-38.8,-36.9,514.0,514.5,514.8,514.7,514.3,514.0,513.5,513.5,517.9,515.4,513.2,512.3,513.0,514.6,516.3,514.6,512.9,512.4,513.3,515.4,514.7,514.7,514.8,515.0,515.2,515.2,515.1,514.9,533.1,534.1,535.8,537.3,537.5,536.5,534.8,533.5,533.5,532.8,532.6,533.8,536.5,540.1,543.5,540.2,536.8,534.3,533.0,533.0,535.3,535.9,536.6,537.1,536.9,536.3,535.6,535.1,35.9,-3.5,653.6,0.206,-0.204,0.036,223.8,224.0,225.3,227.6,232.3,239.6,248.7,259.2,269.8,278.3,284.4,290.1,295.1,298.9,301.5,303.5,304.2,235.5,242.4,251.2,260.0,267.9,282.9,289.3,295.5,301.4,304.7,275.4,276.4,277.5,278.6,266.6,271.2,275.7,279.6,283.0,244.7,250.2,256.4,261.3,256.1,249.9,283.5,288.5,293.9,297.4,294.2,288.9,256.4,264.4,270.9,274.5,278.3,282.5,285.7,282.3,278.0,273.9,269.8,263.6,259.5,270.3,274.1,277.9,283.7,277.8,274.0,270.1,161.0,172.7,184.3,195.4,206.0,215.1,222.7,228.4,229.7,227.6,221.1,213.1,204.1,194.2,183.7,173.0,162.0,153.6,149.0,147.9,149.4,152.4,152.1,149.1,147.8,148.6,152.8,161.1,168.9,176.6,184.5,189.4,190.9,192.2,190.9,189.3,161.8,158.9,159.1,163.0,164.3,164.3,162.8,158.8,158.8,161.6,164.0,164.1,204.5,202.2,200.7,201.8,200.7,202.2,204.2,209.3,211.5,212.0,211.7,209.6,204.8,204.5,204.8,204.3,204.6,205.7,206.3,205.9,-45.4,-45.4,-43.4,-39.4,-31.3,-18.3,-2.3,15.9,34.1,49.5,61.6,72.9,82.7,89.7,94.2,97.6,98.8,-24.0,-12.5,2.0,16.2,28.9,53.9,65.3,76.6,87.8,95.0,41.5,42.7,44.1,45.4,27.1,34.4,41.8,48.5,54.3,-8.7,0.4,10.5,18.6,10.0,-0.2,56.4,65.0,74.6,81.4,75.3,65.7,10.7,23.7,34.3,40.3,46.7,54.5,61.1,54.2,46.4,39.5,32.7,22.4,15.8,33.5,39.8,46.2,57.2,46.1,39.6,33.2,-45.9,-25.8,-5.7,13.9,32.5,48.5,61.3,70.5,72.9,70.1,60.1,46.7,30.5,12.2,-6.9,-26.5,-46.4,-56.0,-63.1,-64.4,-61.7,-56.7,-58.0,-63.7,-66.9,-66.4,-60.2,-43.0,-30.2,-17.6,-4.8,3.1,5.6,7.6,5.6,3.0,-42.5,-47.0,-46.8,-40.6,-38.3,-38.2,-41.5,-48.4,-48.8,-44.6,-40.0,-39.6,28.5,24.2,21.7,23.5,21.7,24.5,28.5,36.6,39.8,40.5,39.9,36.5,28.9,27.9,28.6,27.9,29.1,30.2,31.0,30.3,677.1,680.8,685.3,688.2,688.2,685.9,680.5,673.3,673.6,683.6,699.0,711.2,716.5,716.0,714.1,712.5,711.9,644.9,639.2,635.5,632.6,631.6,640.2,648.2,657.6,667.6,678.0,638.2,632.6,626.6,621.1,636.4,635.8,635.9,639.5,643.7,645.6,642.9,644.0,646.0,644.3,643.3,657.4,660.0,664.4,671.2,665.0,660.6,653.2,643.3,640.1,641.7,644.2,653.6,667.3,655.8,648.2,645.2,643.9,646.2,651.3,643.3,644.4,647.5,663.2,647.5,644.4,643.5,0.593,0.212,-0.271,0.05,271.377,185.2,-6.047,9.638,-12.504,16.077,5.207,0.821,-4.429,2.478,3.828,-2.234,0.643,1.049,0.27,-1.545,-0.517,-0.322,0.243,1.076,-1.079,-0.912,0.461,-0.462,-0.138,-0.467,0.263,-0.063,0.103,0.078,-0.101,-0.008,-0.019,0.001,0.012,-0.003,0.09,0.0,0.0,0.83,0.0,0.0,0.0,0.0,0.0,0.44,0.0,0.0,0.0,0.0,0.0,0.0,0.0,0.0,1.0,0.0,1.0,0.0,0.0,0.0,0.0,0.0,0.0,0.0,0.0,0.0,0.0,0.0,0.0,1.0,0.0
PP133,g1,2876,0,0.975,0.209871,0.200787,-0.95689,0.05315,0.194716,-0.979419,0.135,0.201,248.6,250.0,253.2,256.3,257.6,256.4,253.0,249.9,244.2,246.3,249.3,252.8,256.2,258.7,260.4,258.3,255.4,252.2,249.1,246.3,251.7,253.0,254.4,255.0,254.5,253.1,251.7,251.1,286.0,286.9,289.6,292.5,293.9,292.9,290.2,287.1,282.9,284.9,287.5,290.8,293.6,295.5,296.7,295.6,293.7,291.2,288.3,285.2,288.6,289.8,291.0,291.4,290.9,289.6,288.4,288.0,160.8,157.6,156.3,157.7,161.0,164.4,165.4,164.0,162.1,160.4,159.3,158.8,159.5,161.0,163.1,164.2,164.6,164.7,164.4,163.5,162.3,162.9,162.4,161.0,159.6,159.0,159.5,160.9,160.8,157.7,156.3,157.5,160.6,163.7,165.1,164.1,163.0,160.9,159.4,158.6,159.1,160.2,161.9,163.3,164.1,164.5,164.4,164.1,162.2,162.7,162.1,160.7,159.4,158.9,159.5,160.8,-1.8,0.0,4.2,8.4,10.0,8.4,3.9,-0.2,-7.7,-4.9,-1.0,3.6,8.1,11.5,13.8,11.0,7.2,2.9,-1.2,-4.9,2.2,4.0,5.9,6.7,6.0,4.1,2.3,1.5,49.1,50.5,54.4,58.5,60.4,59.0,55.1,50.7,45.0,47.6,51.2,55.7,59.9,63.0,64.9,63.1,60.1,56.4,52.3,48.1,52.9,54.7,56.4,57.0,56.2,54.4,52.7,52.1,-35.3,-39.5,-41.2,-39.3,-35.0,-30.4,-29.1,-31.0,-33.8,-35.9,-37.2,-37.7,-36.8,-34.9,-32.3,-30.7,-30.1,-30.0,-30.5,-31.7,-33.2,-32.4,-33.2,-35.0,-36.9,-37.7,-37.0,-35.1,-36.4,-40.8,-42.8,-41.2,-37.1,-32.7,-30.7,-31.9,-33.5,-36.3,-38.4,-39.5,-39.0,-37.8,-35.6,-33.4,-32.1,-31.5,-31.5,-32.0,-34.7,-34.1,-34.9,-36.8,-38.7,-39.3,-38.4,-36.5,515.0,515.5,515.8,515.7,515.4,515.1,514.6,514.6,519.0,516.5,514.3,513.3,514.0,515.6,517.4,515.6,513.9,513.5,514.4,516.5,515.8,515.7,515.9,516.1,516.2,516.3,516.1,515.9,533.4,534.4,536.0,537.4,537.8,536.8,535.1,533.8,533.8,533.0,532.9,534.0,536.7,540.3,543.7,540.4,537.1,534.5,533.3,533.3,535.5,536.1,536.9,537.3,537.1,536.5,535.8,535.4,34.7,-3.2,654.9,0.219,-0.199,0.039,223.2,223.3,224.6,226.9,231.6,238.9,248.0,258.5,269.0,277.6,283.8,289.5,294.6,298.4,301.1,303.1,303.8,234.9,241.9,250.6,259.3,267.1,282.3,288.7,294.9,300.8,304.2,274.7,275.6,276.7,277.7,265.9,270.3,274.8,278.8,282.1,244.1,249.6,255.7,260.6,255.4,249.2,282.9,287.8,293.3,296.8,293.6,288.2,255.5,263.5,270.0,273.6,277.4,281.6,284.9,281.3,277.0,272.9,268.9,262.6,258.5,269.4,273.2,276.9,282.8,276.9,273.1,269.3,160.9,172.6,184.1,195.2,205.8,214.9,222.5,228.2,229.6,227.4,220.8,212.9,203.9,194.0,183.7,173.0,162.1,153.7,149.2,148.2,149.8,152.8,152.5,149.5,148.1,148.9,153.0,161.5,169.3,177.0,184.9,189.7,191.3,192.5,191.3,189.7,162.0,159.2,159.4,163.3,164.6,164.5,163.1,159.1,159.1,161.8,164.3,164.4,204.6,202.4,201.0,202.1,201.0,202.4,204.3,209.5,211.7,212.2,211.9,209.7,204.9,204.7,205.1,204.6,204.8,205.9,206.5,206.1,-46.5,-46.6,-44.7,-40.7,-32.6,-19.6,-3.5,14.7,32.9,48.4,60.5,72.0,81.9,88.9,93.5,96.9,98.1,-24.9,-13.3,1.0,15.1,27.7,53.0,64.3,75.6,86.8,94.1,40.4,41.6,42.9,44.1,25.9,33.2,40.5,47.2,53.1,-9.8,-0.7,9.5,17.5,8.9,-1.3,55.4,64.0,73.7,80.5,74.3,64.7,9.3,22.3,32.9,38.9,45.3,53.0,59.8,52.7,44.9,38.0,31.2,21.0,14.3,32.1,38.4,44.8,55.9,44.7,38.2,31.8,-46.2,-26.1,-6.0,13.7,32.3,48.3,61.2,70.4,72.8,70.0,59.8,46.3,30.1,12.0,-7.0,-26.4,-46.3,-55.8,-62.7,-63.9,-61.2,-56.2,-57.4,-63.1,-66.3,-65.9,-59.9,-42.5,-29.6,-16.9,-4.1,3.7,6.1,8.2,6.2,3.6,-42.2,-46.6,-46.4,-40.1,-37.9,-37.9,-41.0,-48.0,-48.3,-44.1,-39.6,-39.1,28.7,24.7,22.2,24.1,22.3,25.0,28.8,37.0,40.3,40.9,40.3,36.9,29.2,28.5,29.1,28.4,29.5,30.6,31.5,30.8,678.5,682.5,687.2,690.3,690.4,688.1,682.7,675.5,675.8,685.5,700.7,712.7,717.7,716.9,714.9,713.0,712.2,645.7,640.0,636.2,633.3,632.2,640.8,648.7,657.9,667.6,678.0,638.9,633.5,627.6,622.3,637.9,637.2,637.3,640.7,644.8,646.6,643.8,644.8,646.8,645.2,644.3,658.0,660.4,664.8,671.7,665.5,661.2,655.2,645.2,641.9,643.4,645.8,655.2,669.0,657.5,649.9,647.0,645.8,648.1,653.2,645.1,646.1,649.2,664.9,649.2,646.1,645.3,0.592,0.225,-0.262,0.053,270.646,185.373,-6.379,10.17,-12.754,15.261,5.756,0.992,-4.383,2.517,3.74,-1.905,0.67,1.482,0.481,-1.921,-0.753,-0.158,0.307,1.292,-1.168,-0.906,0.39,-0.466,-0.044,-0.34,0.139,-0.079,0.099,0.07,-0.106,-0.003,-0.015,0.008,0.006,0.001,0.41,0.0,0.0,1.05,0.0,0.0,0.0,0.0,0.0,0.39,0.0,0.0,0.0,0.0,0.0,0.0,0.0,0.0,1.0,0.0,1.0,0.0,0.0,0.0,0.0,0.0,0.0,0.0,0.0,0.0,0.0,0.0,0.0,1.0,0.0
PP133,g1,2882,0,0.975,0.209237,0.195113,-0.958202,0.05228,0.189164,-0.980553,0.134,0.196,248.5,249.9,253.1,256.2,257.4,256.3,252.8,249.7,244.1,246.2,249.1,252.6,256.0,258.6,260.3,258.2,255.3,252.1,248.9,246.1,251.5,252.9,254.3,254.9,254.4,253.0,251.6,251.0,285.8,286.8,289.5,292.4,293.8,292.8,290.1,286.9,282.8,284.7,287.4,290.6,293.5,295.4,296.5,295.4,293.6,291.1,288.1,285.1,288.4,289.7,290.9,291.3,290.7,289.4,288.2,287.8,160.9,157.7,156.4,157.8,161.1,164.5,165.6,164.1,162.2,160.5,159.4,158.9,159.6,161.2,163.3,164.4,164.7,164.8,164.5,163.7,162.5,163.1,162.5,161.1,159.7,159.1,159.6,161.0,161.0,157.8,156.5,157.6,160.7,163.8,165.2,164.3,163.1,161.0,159.5,158.7,159.2,160.3,162.0,163.5,164.3,164.6,164.5,164.2,162.3,162.8,162.2,160.8,159.5,159.0,159.6,161.0,-2.0,-0.2,4.0,8.2,9.8,8.2,3.7,-0.4,-7.9,-5.1,-1.2,3.4,7.9,11.3,13.6,10.8,6.9,2.7,-1.4,-5.1,2.0,3.8,5.6,6.4,5.7,3.9,2.1,1.3,48.8,50.2,54.1,58.2,60.1,58.7,54.8,50.3,44.7,47.2,50.8,55.4,59.6,62.7,64.6,62.7,59.8,56.1,51.9,47.8,52.6,54.4,56.1,56.7,55.8,54.0,52.3,51.7,-35.0,-39.3,-40.9,-39.1,-34.7,-30.2,-28.8,-30.7,-33.5,-35.6,-36.9,-37.5,-36.6,-34.7,-32.0,-30.5,-29.9,-29.7,-30.2,-31.4,-33.0,-32.2,-32.9,-34.8,-36.7,-37.5,-36.7,-34.9,-36.2,-40.5,-42.5,-41.0,-36.8,-32.5,-30.5,-31.7,-33.2,-36.1,-38.2,-39.2,-38.8,-37.6,-35.4,-33.2,-31.9,-31.2,-31.3,-31.7,-34.5,-33.8,-34.7,-36.6,-38.4,-39.1,-38.2,-36.3,513.8,514.3,514.6,514.5,514.1,513.8,513.3,513.4,517.7,515.2,513.0,512.0,512.8,514.3,516.1,514.3,512.7,512.2,513.1,515.2,514.5,514.4,514.6,514.8,515.0,515.0,514.9,514.7,532.2,533.2,534.9,536.3,536.6,535.6,533.9,532.6,532.6,531.9,531.7,532.8,535.6,539.1,542.5,539.2,535.9,533.3,532.1,532.1,534.3,534.9,535.7,536.1,536.0,535.4,534.6,534.2,34.6,-3.0,654.7,0.213,-0.198,0.037,223.1,223.3,224.6,227.0,231.6,238.9,248.0,258.5,269.0,277.5,283.7,289.4,294.5,298.4,301.0,303.0,303.7,234.7,241.6,250.3,259.1,266.9,282.1,288.6,294.8,300.7,304.1,274.5,275.5,276.5,277.6,265.7,270.2,274.7,278.7,282.1,243.9,249.4,255.6,260.4,255.3,249.1,282.7,287.7,293.1,296.7,293.5,288.1,255.4,263.4,270.0,273.6,277.3,281.6,284.9,281.3,277.0,272.9,268.9,262.6,258.5,269.4,273.1,276.9,282.8,276.8,273.1,269.2,161.2,172.8,184.4,195.5,206.0,215.2,222.7,228.4,229.8,227.6,221.1,213.2,204.3,194.4,184.0,173.3,162.4,153.9,149.4,148.3,149.8,152.8,152.6,149.6,148.2,149.1,153.3,161.6,169.3,177.0,184.9,189.8,191.3,192.6,191.4,189.7,162.2,159.3,159.5,163.4,164.7,164.7,163.3,159.2,159.2,162.0,164.4,164.5,204.7,202.5,201.1,202.2,201.1,202.5,204.4,209.6,211.8,212.3,212.0,209.8,205.0,204.8,205.2,204.7,204.9,206.0,206.6,206.2,-46.7,-46.7,-44.7,-40.7,-32.5,-19.5,-3.5,14.6,32.8,48.2,60.3,71.8,81.7,88.8,93.4,96.7,98.0,-25.3,-13.8,0.6,14.8,27.4,52.6,64.0,75.4,86.6,93.9,40.1,41.3,42.6,43.9,25.7,33.0,40.3,47.0,52.9,-10.0,-1.0,9.2,17.3,8.7,-1.5,55.1,63.7,73.4,80.3,74.1,64.5,9.1,22.2,32.8,38.8,45.1,53.0,59.7,52.7,44.8,38.0,31.2,20.9,14.2,32.0,38.3,44.7,55.8,44.6,38.1,31.7,-45.8,-25.6,-5.5,14.2,32.7,48.7,61.5,70.7,73.0,70.3,60.3,46.9,30.8,12.7,-6.4,-25.9,-45.8,-55.5,-62.5,-63.8,-61.1,-56.1,-57.3,-63.0,-66.2,-65.7,-59.5,-42.3,-29.4,-16.8,-4.1,3.8,6.3,8.3,6.3,3.7,-42.0,-46.5,-46.2,-39.9,-37.7,-37.6,-40.8,-47.8,-48.1,-43.9,-39.3,-38.8,28.9,24.8,22.3,24.2,22.4,25.2,29.0,37.2,40.4,41.1,40.4,37.0,29.3,28.6,29.2,28.5,29.6,30.8,31.6,30.9,678.9,682.7,687.2,690.1,690.1,687.8,682.4,675.1,675.3,685.0,700.2,712.3,717.5,716.8,714.9,713.2,712.6,646.2,640.4,636.5,633.5,632.3,640.8,648.7,658.0,667.9,678.3,638.9,633.5,627.5,622.1,637.6,636.9,637.0,640.5,644.6,646.9,644.1,645.0,647.0,645.4,644.5,658.0,660.5,664.9,671.7,665.5,661.2,655.0,645.0,641.6,643.1,645.5,654.9,668.7,657.2,649.5,646.6,645.4,647.9,653.1,644.8,645.8,648.8,664.7,648.8,645.8,645.0,0.592,0.219,-0.262,0.051,270.55,185.515,-5.849,9.692,-12.237,15.583,6.02,1.002,-4.354,2.672,3.788,-2.029,0.303,1.404,0.427,-1.864,-0.724,-0.114,0.4,1.149,-1.041,-0.832,0.446,-0.526,-0.095,-0.362,0.166,-0.062,0.077,0.064,-0.103,-0.003,-0.02,0.007,0.011,-0.001,0.4,0.0,0.0,0.44,0.0,0.0,0.02,0.0,0.0,0.16,0.0,0.0,0.0,0.0,0.0,0.0,0.0,0.0,1.0,0.0,1.0,0.0,0.0,0.0,0.0,0.0,0.0,0.0,0.0,0.0,0.0,0.0,0.0,1.0,0.0
PP133,g1,2888,0,0.975,0.207725,0.189967,-0.959564,0.055143,0.1846,-0.981266,0.135,0.191,248.9,250.2,253.4,256.6,257.8,256.7,253.2,250.1,244.5,246.5,249.5,253.0,256.4,259.0,260.7,258.6,255.7,252.5,249.3,246.5,251.9,253.3,254.7,255.3,254.7,253.4,252.0,251.4,286.1,287.1,289.8,292.7,294.1,293.1,290.4,287.2,283.1,285.0,287.7,290.9,293.8,295.7,296.8,295.8,293.9,291.4,288.5,285.4,288.7,290.0,291.2,291.6,291.0,289.7,288.6,288.1,160.9,157.7,156.4,157.8,161.1,164.6,165.6,164.2,162.3,160.5,159.4,158.9,159.6,161.1,163.3,164.4,164.7,164.9,164.5,163.7,162.5,163.1,162.5,161.1,159.7,159.1,159.6,161.0,160.9,157.8,156.4,157.6,160.6,163.8,165.2,164.2,163.1,161.0,159.4,158.7,159.2,160.2,162.0,163.4,164.2,164.6,164.5,164.2,162.3,162.8,162.2,160.8,159.5,159.0,159.6,160.9,-1.5,0.3,4.5,8.6,10.3,8.7,4.3,0.1,-7.3,-4.6,-0.7,3.9,8.4,11.8,14.1,11.3,7.5,3.2,-0.9,-4.6,2.5,4.3,6.2,7.0,6.2,4.4,2.6,1.8,49.2,50.5,54.4,58.5,60.5,59.1,55.2,50.7,45.0,47.6,51.2,55.8,59.9,63.0,65.0,63.1,60.2,56.5,52.3,48.2,52.9,54.7,56.4,57.0,56.2,54.4,52.7,52.1,-34.9,-39.2,-40.9,-39.0,-34.7,-30.1,-28.8,-30.6,-33.4,-35.5,-36.9,-37.4,-36.6,-34.7,-32.0,-30.4,-29.8,-29.6,-30.1,-31.3,-32.9,-32.1,-32.9,-34.7,-36.6,-37.4,-36.7,-34.8,-36.2,-40.5,-42.5,-41.0,-36.8,-32.5,-30.5,-31.7,-33.2,-36.1,-38.2,-39.3,-38.8,-37.6,-35.4,-33.2,-31.9,-31.2,-31.3,-31.8,-34.5,-33.8,-34.7,-36.6,-38.4,-39.1,-38.2,-36.3,513.2,513.7,514.0,513.8,513.4,513.2,512.7,512.8,517.2,514.7,512.4,511.4,512.1,513.7,515.4,513.7,512.0,511.6,512.6,514.7,513.9,513.8,514.0,514.2,514.4,514.4,514.3,514.1,531.6,532.6,534.3,535.7,536.0,535.0,533.3,532.0,531.9,531.2,531.1,532.2,535.0,538.5,541.9,538.6,535.2,532.7,531.5,531.5,533.7,534.3,535.0,535.5,535.4,534.7,534.0,533.6,35.3,-2.8,653.1,0.204,-0.199,0.033,223.5,223.7,225.1,227.5,232.2,239.5,248.5,259.1,269.6,278.1,284.3,289.9,294.9,298.7,301.3,303.2,303.9,235.1,241.9,250.7,259.5,267.3,282.4,288.8,295.0,300.9,304.3,274.9,275.9,277.0,278.1,266.3,270.8,275.2,279.2,282.6,244.3,249.8,256.0,260.8,255.7,249.5,283.0,288.0,293.4,297.0,293.8,288.4,256.3,264.2,270.6,274.2,277.9,282.1,285.4,281.9,277.6,273.6,269.6,263.4,259.3,270.1,273.8,277.5,283.3,277.5,273.7,269.9,161.3,173.0,184.6,195.8,206.4,215.6,223.2,228.9,230.3,228.1,221.7,213.7,204.6,194.7,184.2,173.4,162.4,154.1,149.4,148.3,149.8,152.8,152.6,149.6,148.2,149.1,153.3,161.5,169.3,177.0,184.9,189.9,191.4,192.6,191.4,189.7,162.2,159.3,159.5,163.4,164.7,164.7,163.2,159.2,159.2,161.9,164.4,164.5,205.1,202.7,201.2,202.3,201.2,202.7,204.7,209.9,212.0,212.6,212.2,210.2,205.4,205.0,205.3,204.8,205.2,206.2,206.8,206.5,-45.9,-45.8,-43.7,-39.6,-31.4,-18.5,-2.5,15.6,33.8,49.2,61.3,72.6,82.2,89.1,93.7,97.0,98.2,-24.7,-13.3,1.1,15.3,28.0,53.0,64.4,75.7,86.9,94.2,40.6,41.9,43.3,44.6,26.5,33.8,41.1,47.7,53.6,-9.3,-0.4,9.8,17.9,9.4,-0.9,55.6,64.1,73.8,80.7,74.5,64.9,10.5,23.3,33.8,39.7,46.0,53.7,60.3,53.5,45.8,39.0,32.3,22.2,15.5,33.0,39.2,45.6,56.5,45.5,39.1,32.8,-45.4,-25.2,-5.0,14.7,33.3,49.4,62.3,71.4,73.8,71.0,61.1,47.6,31.4,13.1,-6.0,-25.6,-45.7,-55.2,-62.3,-63.7,-61.0,-56.0,-57.2,-62.9,-66.1,-65.6,-59.3,-42.4,-29.5,-16.9,-4.2,3.9,6.3,8.3,6.3,3.7,-41.8,-46.4,-46.2,-39.9,-37.6,-37.5,-40.8,-47.8,-48.1,-43.9,-39.3,-38.8,29.5,25.1,22.5,24.3,22.5,25.4,29.4,37.5,40.7,41.4,40.8,37.5,29.8,28.7,29.3,28.6,30.0,31.0,31.9,31.2,677.4,681.2,685.6,688.5,688.4,686.0,680.6,673.3,673.5,683.4,698.6,710.9,716.1,715.4,713.5,711.6,710.9,645.0,639.2,635.3,632.3,631.3,639.7,647.6,657.0,666.9,677.3,637.8,632.1,626.0,620.4,636.0,635.3,635.3,638.9,643.1,645.6,642.8,643.8,645.8,644.2,643.3,656.8,659.4,663.8,670.7,664.4,660.1,653.0,643.0,639.7,641.2,643.6,652.9,666.7,655.1,647.6,644.8,643.5,645.8,651.0,642.9,643.9,646.9,662.5,647.0,644.0,643.1,0.593,0.212,-0.265,0.047,271.037,185.662,-5.613,10.085,-12.79,17.369,4.747,0.765,-3.946,2.964,4.158,-2.776,0.235,1.069,0.255,-1.915,-0.555,-0.276,0.388,1.065,-1.104,-0.704,0.5,-0.405,-0.25,-0.42,0.253,0.03,0.1,0.061,-0.107,-0.008,-0.025,-0.003,0.01,0.004,0.27,0.0,0.0,0.51,0.0,0.0,0.0,0.0,0.0,0.16,0.0,0.0,0.0,0.0,0.0,0.0,0.0,0.0,1.0,0.0,1.0,0.0,0.0,0.0,0.0,0.0,0.0,0.0,0.0,0.0,0.0,0.0,0.0,1.0,0.0
PP133,g1,2894,0,0.975,0.206905,0.198986,-0.957912,0.050549,0.192576,-0.979979,0.132,0.199,249.1,250.5,253.7,256.8,258.0,256.8,253.4,250.3,244.7,246.8,249.7,253.2,256.7,259.2,260.9,258.8,255.9,252.7,249.5,246.7,252.1,253.5,254.9,255.5,255.0,253.6,252.2,251.6,286.4,287.4,290.1,293.0,294.4,293.4,290.7,287.5,283.4,285.3,288.0,291.2,294.1,296.0,297.1,296.1,294.2,291.7,288.7,285.7,289.0,290.3,291.5,291.9,291.3,290.1,288.9,288.4,161.0,157.8,156.6,158.0,161.3,164.7,165.7,164.3,162.4,160.6,159.5,159.1,159.8,161.3,163.5,164.6,164.9,165.0,164.7,163.8,162.6,163.2,162.7,161.3,159.9,159.2,159.8,161.2,161.2,158.1,156.7,157.9,161.0,164.1,165.5,164.5,163.4,161.3,159.7,159.0,159.5,160.5,162.3,163.7,164.5,164.9,164.8,164.4,162.5,163.1,162.5,161.1,159.8,159.2,159.8,161.2,-1.2,0.6,4.9,9.0,10.6,9.0,4.5,0.4,-7.1,-4.3,-0.4,4.2,8.7,12.1,14.4,11.6,7.7,3.5,-0.6,-4.3,2.8,4.6,6.4,7.3,6.5,4.7,2.9,2.1,49.6,51.0,54.9,59.0,60.9,59.5,55.6,51.2,45.5,48.1,51.7,56.2,60.4,63.5,65.4,63.5,60.6,56.9,52.7,48.6,53.4,55.2,56.9,57.5,56.7,54.9,53.2,52.6,-34.8,-39.0,-40.7,-38.8,-34.5,-29.9,-28.6,-30.5,-33.3,-35.4,-36.7,-37.3,-36.4,-34.4,-31.7,-30.2,-29.6,-29.5,-30.0,-31.2,-32.8,-31.9,-32.7,-34.5,-36.4,-37.2,-36.5,-34.7,-35.8,-40.1,-42.1,-40.6,-36.4,-32.1,-30.1,-31.3,-32.9,-35.7,-37.8,-38.9,-38.4,-37.2,-35.0,-32.8,-31.5,-30.8,-30.9,-31.4,-34.1,-33.4,-34.3,-36.2,-38.0,-38.7,-37.8,-35.9,513.7,514.2,514.5,514.4,514.0,513.8,513.3,513.3,517.7,515.2,513.0,512.0,512.7,514.3,516.0,514.3,512.6,512.2,513.1,515.2,514.5,514.4,514.6,514.8,514.9,515.0,514.9,514.6,532.0,532.9,534.6,536.0,536.3,535.3,533.7,532.4,532.3,531.6,531.4,532.5,535.3,538.9,542.2,539.0,535.6,533.1,531.9,531.9,534.1,534.7,535.4,535.8,535.7,535.1,534.4,533.9,35.4,-2.6,654.6,0.219,-0.195,0.04,223.7,223.8,225.1,227.5,232.1,239.4,248.5,258.9,269.4,277.9,284.1,289.9,295.0,298.9,301.6,303.5,304.3,235.3,242.2,251.0,259.8,267.6,282.7,289.2,295.4,301.3,304.7,275.2,276.1,277.1,278.1,266.3,270.7,275.2,279.2,282.5,244.6,250.0,256.2,261.0,255.9,249.7,283.3,288.3,293.8,297.3,294.1,288.7,256.1,264.0,270.5,274.0,277.7,282.0,285.3,281.7,277.3,273.3,269.3,263.1,259.1,269.9,273.6,277.3,283.2,277.2,273.5,269.7,161.1,172.8,184.3,195.4,206.0,215.1,222.7,228.4,229.8,227.7,221.2,213.2,204.3,194.5,184.1,173.5,162.6,154.1,149.6,148.5,150.1,153.1,152.9,149.9,148.5,149.4,153.5,161.9,169.6,177.3,185.2,190.1,191.6,192.8,191.6,190.0,162.3,159.5,159.7,163.6,164.9,164.9,163.5,159.5,159.5,162.2,164.7,164.8,205.0,202.8,201.4,202.5,201.4,202.9,204.8,210.0,212.2,212.7,212.3,210.1,205.3,205.1,205.5,205.0,205.3,206.4,207.0,206.6,-45.7,-45.8,-43.8,-39.8,-31.6,-18.6,-2.6,15.4,33.5,49.0,61.2,72.7,82.7,89.7,94.3,97.7,99.0,-24.2,-12.8,1.6,15.9,28.5,53.6,65.0,76.5,87.7,94.9,41.1,42.3,43.5,44.7,26.6,33.8,41.1,47.8,53.7,-9.0,0.0,10.2,18.3,9.7,-0.6,56.1,64.7,74.4,81.3,75.1,65.5,10.2,23.1,33.6,39.5,45.8,53.6,60.3,53.3,45.4,38.6,31.9,21.7,15.2,32.8,39.0,45.4,56.4,45.2,38.8,32.5,-45.8,-25.7,-5.6,14.0,32.7,48.7,61.6,70.8,73.2,70.5,60.4,46.9,30.9,12.8,-6.2,-25.6,-45.5,-55.2,-62.2,-63.5,-60.7,-55.6,-56.8,-62.4,-65.6,-65.1,-58.9,-41.9,-29.0,-16.4,-3.7,4.2,6.7,8.7,6.8,4.2,-41.7,-46.2,-45.9,-39.6,-37.4,-37.3,-40.4,-47.3,-47.7,-43.4,-38.8,-38.4,29.4,25.3,22.9,24.8,23.0,25.8,29.6,37.8,41.0,41.7,41.0,37.6,29.8,29.1,29.7,29.1,30.2,31.4,32.2,31.5,678.7,682.6,687.3,690.3,690.3,687.9,682.5,675.4,675.6,685.3,700.4,712.4,717.4,716.6,714.7,712.9,712.2,645.8,639.9,636.0,633.0,631.9,640.3,648.2,657.5,667.4,677.9,638.5,633.1,627.2,621.7,637.5,636.8,636.8,640.3,644.4,646.5,643.7,644.6,646.6,645.1,644.2,657.6,660.1,664.5,671.4,665.2,660.9,654.9,644.9,641.5,643.0,645.4,654.7,668.5,657.2,649.7,646.9,645.6,648.0,652.9,644.7,645.8,648.8,664.4,648.9,645.9,645.0,0.592,0.226,-0.26,0.054,271.087,185.734,-5.616,10.169,-12.752,16.111,6.31,0.474,-4.014,2.588,4.248,-1.822,0.486,1.203,0.582,-1.967,-0.972,-0.071,0.404,1.249,-1.115,-0.846,0.445,-0.499,-0.029,-0.301,0.246,-0.081,0.074,0.07,-0.106,-0.003,-0.031,0.006,0.01,0.003,0.68,0.0,0.0,0.67,0.0,0.0,0.0,0.0,0.0,0.3,0.0,0.0,0.0,0.0,0.0,0.0,0.0,0.0,1.0,0.0,1.0,0.0,0.0,0.0,0.0,0.0,0.0,0.0,0.0,0.0,0.0,0.0,0.0,1.0,0.0
PP133,g1,2900,0,0.975,0.208117,0.198103,-0.957832,0.050629,0.191999,-0.980088,0.133,0.199,249.4,250.8,254.0,257.1,258.4,257.2,253.8,250.6,245.0,247.1,250.0,253.6,257.0,259.5,261.2,259.1,256.2,253.0,249.9,247.0,252.4,253.8,255.2,255.8,255.3,253.9,252.5,251.9,286.8,287.7,290.4,293.3,294.7,293.8,291.0,287.9,283.7,285.6,288.3,291.6,294.4,296.4,297.5,296.4,294.5,292.0,289.1,286.0,289.4,290.6,291.8,292.3,291.7,290.4,289.2,288.8,161.1,157.9,156.7,158.1,161.4,164.8,165.8,164.4,162.5,160.7,159.6,159.2,159.9,161.4,163.6,164.7,165.0,165.1,164.8,164.0,162.7,163.3,162.8,161.4,160.0,159.3,159.9,161.3,161.2,158.1,156.7,157.9,161.0,164.1,165.5,164.5,163.4,161.3,159.7,159.0,159.5,160.5,162.3,163.7,164.5,164.9,164.8,164.5,162.6,163.1,162.5,161.1,159.8,159.3,159.9,161.2,-0.8,1.1,5.3,9.4,11.0,9.4,4.9,0.8,-6.6,-3.8,0.0,4.7,9.2,12.5,14.8,12.0,8.2,3.9,-0.2,-3.9,3.2,5.0,6.9,7.7,7.0,5.2,3.3,2.5,50.0,51.4,55.3,59.4,61.4,60.0,56.0,51.6,45.9,48.5,52.1,56.6,60.8,63.9,65.9,64.0,61.0,57.4,53.2,49.0,53.8,55.6,57.3,57.9,57.1,55.3,53.6,53.0,-34.6,-38.9,-40.5,-38.7,-34.3,-29.8,-28.4,-30.3,-33.1,-35.2,-36.5,-37.1,-36.2,-34.3,-31.6,-30.0,-29.5,-29.3,-29.8,-31.0,-32.6,-31.8,-32.5,-34.4,-36.2,-37.1,-36.3,-34.5,-35.8,-40.1,-42.1,-40.6,-36.4,-32.1,-30.1,-31.3,-32.8,-35.6,-37.8,-38.8,-38.4,-37.2,-35.0,-32.8,-31.5,-30.8,-30.9,-31.3,-34.1,-33.4,-34.3,-36.2,-38.0,-38.7,-37.8,-35.9,513.1,513.6,513.9,513.9,513.4,513.2,512.7,512.7,517.1,514.6,512.4,511.4,512.2,513.7,515.5,513.7,512.0,511.6,512.5,514.6,513.9,513.8,514.0,514.2,514.3,514.4,514.3,514.0,531.8,532.8,534.5,535.9,536.2,535.2,533.5,532.2,532.2,531.4,531.3,532.4,535.2,538.7,542.1,538.8,535.5,533.0,531.7,531.7,533.9,534.5,535.3,535.7,535.6,535.0,534.2,533.8,36.1,-2.6,654.8,0.218,-0.197,0.038,224.0,224.2,225.5,227.8,232.4,239.7,248.8,259.3,269.8,278.4,284.5,290.3,295.4,299.3,301.9,303.9,304.6,235.6,242.5,251.3,260.1,267.9,283.0,289.5,295.7,301.6,305.0,275.5,276.4,277.5,278.5,266.7,271.2,275.6,279.6,283.0,244.9,250.3,256.5,261.4,256.2,250.0,283.7,288.6,294.1,297.6,294.4,289.0,256.4,264.4,270.9,274.5,278.3,282.5,285.8,282.2,277.9,273.9,269.8,263.6,259.5,270.3,274.1,277.8,283.7,277.8,274.0,270.2,161.3,172.9,184.3,195.4,205.9,215.0,222.6,228.4,229.8,227.6,221.1,213.2,204.3,194.5,184.1,173.5,162.6,154.2,149.7,148.6,150.2,153.2,152.9,149.9,148.5,149.4,153.5,162.0,169.7,177.3,185.2,190.1,191.6,192.8,191.6,190.0,162.4,159.6,159.8,163.7,165.0,165.0,163.6,159.5,159.5,162.2,164.7,164.8,205.0,202.8,201.4,202.5,201.4,202.8,204.7,209.9,212.1,212.6,212.3,210.1,205.3,205.1,205.5,205.0,205.2,206.3,206.9,206.5,-45.1,-45.2,-43.2,-39.2,-31.1,-18.2,-2.1,16.1,34.3,49.8,62.0,73.5,83.4,90.5,95.1,98.4,99.7,-23.8,-12.3,2.1,16.4,29.0,54.1,65.5,77.0,88.2,95.5,41.7,42.8,44.1,45.4,27.2,34.5,41.8,48.5,54.4,-8.5,0.6,10.8,18.8,10.3,-0.0,56.7,65.3,75.0,81.9,75.7,66.1,10.8,23.8,34.4,40.3,46.7,54.5,61.3,54.2,46.4,39.5,32.8,22.5,15.8,33.6,39.8,46.2,57.4,46.1,39.7,33.3,-45.6,-25.6,-5.6,14.0,32.5,48.5,61.4,70.6,73.1,70.3,60.3,46.9,30.9,12.8,-6.2,-25.6,-45.5,-55.1,-62.0,-63.3,-60.5,-55.5,-56.7,-62.4,-65.6,-65.1,-59.0,-41.7,-28.9,-16.3,-3.6,4.3,6.7,8.7,6.8,4.2,-41.5,-46.0,-45.8,-39.4,-37.2,-37.2,-40.3,-47.3,-47.7,-43.5,-38.9,-38.4,29.4,25.3,22.8,24.7,22.9,25.6,29.4,37.6,40.9,41.6,40.9,37.5,29.8,29.1,29.7,29.0,30.0,31.3,32.1,31.4,678.6,682.5,687.1,690.1,690.2,688.0,682.6,675.4,675.7,685.4,700.6,712.8,717.9,717.3,715.3,713.5,712.7,645.9,640.0,636.0,633.0,632.0,640.4,648.3,657.7,667.6,678.0,638.7,633.2,627.3,621.9,637.6,637.0,637.0,640.5,644.6,646.6,643.8,644.7,646.8,645.2,644.3,657.8,660.3,664.7,671.6,665.4,661.1,655.0,645.0,641.5,643.1,645.5,654.9,668.8,657.3,649.8,646.9,645.6,648.0,653.1,644.8,645.9,648.8,664.7,648.9,645.9,645.1,0.592,0.225,-0.263,0.053,271.475,185.735,-4.768,9.33,-12.55,15.491,5.989,0.423,-4.239,3.094,4.143,-1.713,0.337,1.271,0.464,-1.901,-0.91,-0.082,0.394,1.099,-1.013,-0.782,0.536,-0.515,-0.169,-0.306,0.24,-0.079,0.075,0.069,-0.099,0.001,-0.025,0.005,0.01,0.0,0.43,0.0,0.0,0.71,0.0,0.0,0.0,0.0,0.0,0.16,0.0,0.0,0.0,0.0,0.0,0.0,0.0,0.0,1.0,0.0,1.0,0.0,0.0,0.0,0.0,0.0,0.0,0.0,0.0,0.0,0.0,0.0,0.0,1.0,0.0
PP133,g1,2906,0,0.975,0.207516,0.193876,-0.958827,0.052686,0.187962,-0.980762,0.133,0.194,249.8,251.2,254.4,257.5,258.8,257.6,254.2,251.0,245.4,247.5,250.4,253.9,257.4,259.9,261.6,259.5,256.6,253.4,250.3,247.5,252.9,254.2,255.6,256.2,255.7,254.3,252.9,252.3,287.0,288.0,290.7,293.6,295.0,294.0,291.3,288.2,284.0,286.0,288.6,291.9,294.7,296.6,297.7,296.7,294.8,292.3,289.4,286.3,289.7,290.9,292.1,292.5,291.9,290.7,289.5,289.1,160.8,157.6,156.3,157.7,161.0,164.4,165.4,164.0,162.1,160.4,159.3,158.8,159.5,161.0,163.2,164.2,164.6,164.7,164.4,163.6,162.3,162.9,162.4,161.0,159.6,159.0,159.5,160.9,160.9,157.7,156.4,157.6,160.6,163.7,165.1,164.2,163.0,160.9,159.4,158.7,159.1,160.2,162.0,163.4,164.2,164.5,164.4,164.1,162.2,162.7,162.1,160.8,159.4,158.9,159.5,160.9,-0.2,1.6,5.8,9.9,11.5,10.0,5.5,1.4,-6.1,-3.3,0.6,5.2,9.7,13.1,15.3,12.6,8.7,4.5,0.3,-3.4,3.8,5.6,7.4,8.2,7.5,5.7,3.9,3.1,50.5,51.9,55.8,60.0,61.9,60.5,56.5,52.1,46.4,49.0,52.6,57.2,61.3,64.4,66.4,64.5,61.5,57.9,53.7,49.6,54.3,56.1,57.8,58.4,57.6,55.8,54.1,53.5,-35.2,-39.5,-41.1,-39.3,-34.9,-30.4,-29.0,-30.9,-33.7,-35.8,-37.1,-37.7,-36.8,-34.9,-32.2,-30.7,-30.1,-29.9,-30.4,-31.6,-33.2,-32.4,-33.1,-35.0,-36.9,-37.7,-36.9,-35.1,-36.3,-40.7,-42.7,-41.2,-37.0,-32.6,-30.7,-31.9,-33.4,-36.2,-38.3,-39.4,-39.0,-37.7,-35.5,-33.3,-32.0,-31.4,-31.5,-31.9,-34.6,-34.0,-34.8,-36.7,-38.6,-39.2,-38.4,-36.5,514.3,514.8,515.1,515.0,514.6,514.3,513.8,513.9,518.2,515.7,513.5,512.5,513.3,514.8,516.6,514.8,513.2,512.7,513.6,515.7,515.0,514.9,515.1,515.3,515.5,515.5,515.4,515.2,532.9,533.9,535.6,537.0,537.3,536.3,534.6,533.3,533.3,532.5,532.4,533.5,536.3,539.9,543.3,540.0,536.6,534.1,532.8,532.8,535.0,535.6,536.4,536.8,536.7,536.1,535.3,534.9,36.7,-3.1,654.5,0.21,-0.198,0.037,224.4,224.5,225.9,228.2,232.8,240.1,249.1,259.7,270.2,278.8,284.9,290.6,295.6,299.5,302.1,304.1,304.8,236.1,242.9,251.7,260.5,268.3,283.3,289.8,296.0,301.9,305.3,275.8,276.8,277.9,278.9,267.0,271.5,276.0,280.0,283.3,245.3,250.7,256.9,261.8,256.6,250.4,284.0,288.9,294.4,297.9,294.7,289.3,256.9,264.8,271.3,274.9,278.7,282.9,286.1,282.6,278.3,274.3,270.3,264.0,260.0,270.7,274.5,278.3,284.1,278.2,274.4,270.6,161.0,172.7,184.2,195.4,205.9,215.1,222.7,228.4,229.8,227.7,221.2,213.3,204.3,194.4,184.0,173.3,162.4,153.9,149.3,148.3,149.8,152.8,152.6,149.6,148.2,149.1,153.3,161.5,169.2,176.9,184.8,189.7,191.3,192.5,191.3,189.7,162.0,159.2,159.4,163.3,164.6,164.6,163.2,159.1,159.1,161.9,164.3,164.5,204.8,202.5,201.0,202.1,201.0,202.5,204.5,209.6,211.8,212.3,212.0,209.9,205.1,204.8,205.1,204.6,205.0,206.0,206.6,206.2,-44.4,-44.4,-42.4,-38.5,-30.4,-17.5,-1.5,16.7,34.9,50.5,62.6,74.0,83.8,90.8,95.4,98.7,100.0,-23.1,-11.6,2.8,17.0,29.7,54.7,66.1,77.5,88.7,96.0,42.3,43.4,44.7,46.0,27.8,35.1,42.4,49.1,55.0,-7.8,1.2,11.4,19.5,10.9,0.7,57.2,65.8,75.5,82.3,76.2,66.6,11.6,24.5,35.0,41.0,47.4,55.1,61.8,54.9,47.1,40.2,33.4,23.3,16.6,34.2,40.5,46.9,57.9,46.8,40.3,34.0,-46.0,-25.8,-5.7,13.9,32.6,48.6,61.5,70.7,73.1,70.4,60.4,47.0,30.8,12.6,-6.4,-25.9,-45.8,-55.6,-62.6,-63.9,-61.2,-56.1,-57.3,-63.0,-66.2,-65.7,-59.5,-42.5,-29.6,-17.0,-4.3,3.6,6.1,8.1,6.2,3.6,-42.2,-46.7,-46.4,-40.1,-37.9,-37.8,-41.0,-47.9,-48.3,-44.0,-39.5,-39.0,29.0,24.8,22.2,24.1,22.3,25.1,29.1,37.2,40.4,41.1,40.4,37.1,29.4,28.5,29.1,28.4,29.7,30.7,31.6,30.9,678.3,682.2,686.7,689.7,689.7,687.4,681.9,674.7,674.9,684.8,700.1,712.3,717.5,716.9,714.9,713.1,712.3,645.8,640.0,636.2,633.3,632.3,640.8,648.7,658.0,668.0,678.4,638.8,633.3,627.3,621.9,637.4,636.7,636.8,640.3,644.5,646.6,643.8,644.8,646.8,645.2,644.3,658.0,660.5,664.9,671.8,665.5,661.2,654.4,644.4,641.1,642.6,645.1,654.4,668.2,656.7,649.2,646.3,645.0,647.3,652.4,644.3,645.4,648.4,664.1,648.4,645.4,644.5,0.592,0.217,-0.265,0.052,271.842,185.476,-5.467,9.882,-12.822,16.244,5.039,0.706,-4.081,2.852,4.112,-2.222,0.509,1.153,0.306,-1.644,-0.564,-0.069,0.461,1.086,-0.978,-0.806,0.523,-0.411,-0.194,-0.452,0.22,-0.033,0.083,0.076,-0.097,-0.005,-0.019,-0.001,0.011,0.001,0.18,0.0,0.0,0.94,0.0,0.0,0.0,0.0,0.0,0.53,0.0,0.0,0.0,0.0,0.0,0.0,0.0,0.0,1.0,0.0,1.0,0.0,0.0,0.0,0.0,0.0,0.0,0.0,0.0,0.0,0.0,0.0,0.0,1.0,0.0
PP133,g1,2912,0,0.975,0.207223,0.189667,-0.959732,0.055122,0.183431,-0.981486,0.134,0.19,249.9,251.3,254.5,257.6,258.9,257.7,254.3,251.2,245.6,247.6,250.5,254.1,257.5,260.0,261.7,259.6,256.7,253.5,250.4,247.6,253.0,254.3,255.7,256.3,255.8,254.4,253.0,252.4,287.1,288.0,290.7,293.6,295.0,294.0,291.3,288.2,284.0,286.0,288.6,291.9,294.7,296.6,297.7,296.7,294.8,292.3,289.4,286.4,289.7,290.9,292.1,292.5,291.9,290.7,289.5,289.1,160.6,157.4,156.2,157.6,160.8,164.3,165.3,163.9,162.0,160.2,159.1,158.6,159.3,160.9,163.0,164.1,164.4,164.6,164.2,163.4,162.2,162.8,162.2,160.9,159.4,158.8,159.4,160.8,160.7,157.6,156.2,157.4,160.5,163.6,165.0,164.0,162.9,160.8,159.2,158.5,159.0,160.1,161.9,163.3,164.0,164.4,164.3,163.9,162.1,162.6,162.0,160.6,159.3,158.8,159.4,160.7,-0.1,1.7,5.9,10.1,11.7,10.2,5.7,1.5,-5.9,-3.1,0.7,5.3,9.8,13.2,15.5,12.7,8.9,4.6,0.5,-3.2,3.9,5.7,7.6,8.4,7.7,5.9,4.0,3.2,50.7,52.1,56.0,60.1,62.0,60.6,56.7,52.2,46.5,49.1,52.7,57.3,61.5,64.5,66.5,64.6,61.7,58.0,53.8,49.7,54.4,56.2,57.9,58.6,57.7,55.9,54.2,53.6,-35.5,-39.7,-41.4,-39.5,-35.2,-30.7,-29.3,-31.2,-33.9,-36.1,-37.4,-38.0,-37.1,-35.2,-32.5,-30.9,-30.4,-30.2,-30.7,-31.8,-33.4,-32.6,-33.4,-35.2,-37.1,-37.9,-37.2,-35.3,-36.6,-40.9,-42.9,-41.4,-37.2,-32.9,-30.9,-32.1,-33.6,-36.5,-38.6,-39.6,-39.2,-37.9,-35.7,-33.6,-32.3,-31.7,-31.7,-32.2,-34.9,-34.2,-35.1,-37.0,-38.8,-39.5,-38.6,-36.7,515.3,515.8,516.1,516.0,515.6,515.3,514.8,514.9,519.3,516.8,514.6,513.6,514.3,515.8,517.5,515.8,514.2,513.7,514.7,516.8,516.0,516.0,516.1,516.3,516.5,516.5,516.4,516.2,533.8,534.8,536.5,537.9,538.2,537.1,535.4,534.1,534.1,533.4,533.3,534.4,537.2,540.8,544.1,540.8,537.4,534.9,533.6,533.6,535.9,536.5,537.2,537.7,537.6,536.9,536.2,535.7,36.9,-3.1,654.0,0.202,-0.2,0.036,224.5,224.7,226.0,228.4,233.0,240.3,249.4,259.9,270.5,279.0,285.1,290.7,295.6,299.4,302.1,304.0,304.8,236.2,243.1,251.8,260.6,268.4,283.4,289.8,296.0,301.8,305.2,275.9,276.9,278.0,279.1,267.2,271.7,276.2,280.2,283.5,245.4,250.9,257.0,261.9,256.7,250.5,284.0,289.0,294.4,297.9,294.7,289.4,257.1,265.1,271.5,275.1,278.9,283.0,286.3,282.8,278.6,274.6,270.5,264.3,260.2,271.0,274.7,278.5,284.2,278.4,274.7,270.8,161.0,172.8,184.4,195.6,206.2,215.5,223.1,228.7,230.1,227.9,221.5,213.5,204.5,194.6,184.1,173.4,162.4,153.8,149.2,148.1,149.6,152.6,152.4,149.5,148.1,149.0,153.2,161.3,169.1,176.8,184.7,189.6,191.2,192.4,191.2,189.5,161.9,159.0,159.2,163.1,164.4,164.4,163.0,159.0,159.0,161.8,164.2,164.3,204.8,202.5,201.0,202.1,201.0,202.5,204.5,209.5,211.7,212.2,211.9,209.8,205.1,204.7,205.1,204.6,204.9,205.9,206.5,206.1,-44.2,-44.2,-42.2,-38.1,-30.0,-17.1,-1.1,17.1,35.3,50.8,62.8,74.1,83.7,90.6,95.2,98.5,99.8,-22.9,-11.4,3.0,17.1,29.7,54.8,66.1,77.5,88.6,95.9,42.4,43.6,45.0,46.3,28.0,35.3,42.7,49.4,55.3,-7.6,1.4,11.6,19.6,11.1,0.9,57.3,65.9,75.5,82.3,76.2,66.6,11.9,24.8,35.3,41.3,47.6,55.3,62.0,55.1,47.4,40.6,33.9,23.7,17.0,34.6,40.8,47.2,58.1,47.1,40.7,34.4,-46.0,-25.7,-5.4,14.3,33.1,49.1,62.0,71.1,73.5,70.8,60.9,47.4,31.2,12.9,-6.2,-25.7,-45.7,-55.8,-62.8,-64.1,-61.4,-56.4,-57.6,-63.2,-66.4,-65.9,-59.6,-42.8,-29.9,-17.2,-4.4,3.5,6.0,8.0,6.0,3.4,-42.3,-46.9,-46.7,-40.4,-38.1,-38.0,-41.2,-48.2,-48.5,-44.2,-39.7,-39.3,29.0,24.7,22.2,24.0,22.3,25.1,29.0,37.0,40.1,40.8,40.2,36.9,29.4,28.4,29.0,28.3,29.6,30.5,31.3,30.7,678.0,681.9,686.3,689.2,689.1,686.6,681.0,673.7,673.9,683.9,699.3,711.7,717.0,716.3,714.3,712.5,711.8,645.6,639.9,636.1,633.2,632.2,640.8,648.8,658.1,668.0,678.4,638.7,633.1,626.9,621.3,636.9,636.1,636.1,639.7,644.0,646.2,643.6,644.6,646.6,644.9,644.0,657.9,660.4,664.9,671.7,665.4,661.1,653.7,643.7,640.6,642.1,644.6,653.9,667.6,655.9,648.3,645.3,644.0,646.4,651.7,643.7,644.7,647.8,663.4,647.7,644.6,643.7,0.593,0.209,-0.268,0.049,271.976,185.449,-5.773,10.562,-12.965,16.995,4.41,1.622,-4.076,2.9,4.067,-2.626,0.392,1.261,0.108,-1.808,-0.421,-0.161,0.341,1.07,-0.978,-0.787,0.607,-0.382,-0.308,-0.495,0.205,0.024,0.091,0.069,-0.109,-0.007,-0.02,-0.001,0.012,0.001,0.07,0.0,0.0,0.45,0.0,0.0,0.0,0.0,0.0,0.41,0.0,0.0,0.0,0.0,0.0,0.0,0.0,0.0,1.0,0.0,1.0,0.0,0.0,0.0,0.0,0.0,0.0,0.0,0.0,0.0,0.0,0.0,0.0,1.0,0.0
PP133,g1,2917,0,0.975,0.208012,0.199044,-0.95766,0.050343,0.192162,-0.980071,0.133,0.199,249.7,251.1,254.3,257.4,258.6,257.4,254.0,250.9,245.3,247.4,250.3,253.9,257.3,259.8,261.5,259.4,256.5,253.3,250.1,247.3,252.7,254.1,255.5,256.1,255.6,254.2,252.8,252.2,287.0,288.0,290.7,293.6,294.9,294.0,291.2,288.1,283.9,285.9,288.5,291.8,294.6,296.6,297.7,296.6,294.7,292.3,289.3,286.3,289.6,290.9,292.1,292.5,291.9,290.6,289.4,289.0,160.5,157.3,156.1,157.5,160.8,164.2,165.2,163.8,161.8,160.1,159.0,158.5,159.3,160.8,163.0,164.0,164.4,164.5,164.1,163.3,162.1,162.7,162.2,160.8,159.3,158.7,159.3,160.7,160.8,157.7,156.3,157.5,160.5,163.7,165.0,164.1,163.0,160.8,159.3,158.6,159.1,160.2,161.9,163.3,164.1,164.5,164.4,164.0,162.1,162.7,162.1,160.7,159.4,158.8,159.4,160.8,-0.4,1.5,5.7,9.8,11.4,9.8,5.3,1.2,-6.3,-3.4,0.4,5.1,9.6,12.9,15.2,12.4,8.5,4.3,0.2,-3.5,3.6,5.4,7.2,8.1,7.4,5.6,3.7,2.9,50.4,51.8,55.7,59.9,61.8,60.3,56.4,52.0,46.3,48.9,52.5,57.1,61.2,64.3,66.3,64.4,61.4,57.7,53.6,49.4,54.2,56.0,57.7,58.3,57.5,55.7,54.0,53.4,-35.5,-39.8,-41.4,-39.5,-35.2,-30.7,-29.3,-31.2,-34.1,-36.2,-37.5,-38.0,-37.1,-35.1,-32.4,-30.9,-30.4,-30.2,-30.7,-32.0,-33.5,-32.7,-33.4,-35.2,-37.1,-38.0,-37.2,-35.4,-36.4,-40.8,-42.8,-41.2,-37.0,-32.7,-30.7,-32.0,-33.5,-36.3,-38.4,-39.5,-39.0,-37.8,-35.6,-33.4,-32.1,-31.5,-31.5,-32.0,-34.7,-34.0,-34.9,-36.8,-38.6,-39.3,-38.4,-36.5,514.0,514.5,514.8,514.7,514.3,514.1,513.5,513.6,517.9,515.4,513.2,512.3,513.0,514.6,516.3,514.6,512.9,512.4,513.4,515.4,514.7,514.7,514.8,515.0,515.2,515.2,515.1,514.9,532.5,533.5,535.2,536.6,536.9,535.9,534.2,532.9,532.9,532.1,532.0,533.1,535.8,539.4,542.8,539.5,536.2,533.6,532.4,532.4,534.6,535.2,536.0,536.4,536.2,535.6,534.9,534.5,36.4,-3.5,655.7,0.218,-0.196,0.043,224.3,224.4,225.6,227.9,232.5,239.7,248.8,259.3,269.7,278.3,284.5,290.2,295.4,299.3,302.0,304.0,304.8,236.0,243.0,251.7,260.4,268.2,283.4,289.8,296.0,301.9,305.3,275.7,276.6,277.7,278.6,266.8,271.3,275.7,279.7,283.0,245.2,250.6,256.8,261.6,256.5,250.3,283.9,288.9,294.3,297.8,294.7,289.3,256.4,264.4,270.9,274.5,278.3,282.6,285.8,282.3,277.9,273.9,269.8,263.5,259.5,270.3,274.1,277.9,283.8,277.8,274.0,270.2,160.6,172.3,183.7,194.9,205.3,214.5,222.1,227.8,229.2,227.1,220.7,212.8,203.9,194.1,183.8,173.2,162.3,153.4,148.9,148.0,149.5,152.6,152.4,149.4,148.1,149.0,153.1,161.4,169.1,176.8,184.7,189.5,191.1,192.3,191.1,189.5,161.7,158.9,159.2,163.1,164.4,164.3,163.1,159.1,159.1,161.8,164.3,164.4,204.4,202.2,200.8,201.9,200.8,202.3,204.2,209.3,211.5,212.0,211.7,209.5,204.7,204.5,204.9,204.4,204.6,205.7,206.3,205.9,-44.6,-44.8,-42.9,-39.1,-31.0,-18.1,-2.1,16.0,34.2,49.6,61.9,73.4,83.4,90.6,95.3,98.8,100.1,-23.1,-11.6,2.8,16.9,29.5,54.8,66.2,77.6,88.8,96.1,42.1,43.2,44.5,45.7,27.4,34.7,42.0,48.7,54.6,-8.0,1.1,11.3,19.3,10.7,0.4,57.2,65.8,75.5,82.4,76.2,66.5,10.8,23.8,34.5,40.5,46.9,54.7,61.4,54.4,46.5,39.5,32.8,22.5,15.8,33.6,39.9,46.4,57.5,46.3,39.8,33.4,-46.7,-26.7,-6.6,13.0,31.6,47.6,60.5,69.7,72.2,69.5,59.6,46.2,30.3,12.2,-6.7,-26.2,-46.0,-56.5,-63.3,-64.5,-61.7,-56.6,-57.7,-63.3,-66.5,-66.0,-59.8,-42.7,-29.8,-17.2,-4.5,3.3,5.8,7.9,5.9,3.4,-42.7,-47.2,-46.9,-40.5,-38.3,-38.3,-41.2,-48.1,-48.4,-44.2,-39.6,-39.2,28.3,24.3,21.9,23.8,22.0,24.8,28.6,36.8,40.0,40.7,40.0,36.5,28.7,28.1,28.8,28.1,29.2,30.4,31.2,30.4,679.3,683.2,687.8,690.9,690.9,688.6,683.1,676.0,676.3,686.1,701.3,713.4,718.6,717.9,716.0,714.2,713.5,646.6,640.9,637.1,634.1,633.1,641.5,649.5,658.8,668.6,679.0,639.7,634.3,628.4,623.0,638.5,637.9,638.0,641.5,645.6,647.5,644.7,645.6,647.7,646.1,645.2,658.8,661.3,665.7,672.6,666.4,662.0,655.8,645.8,642.4,643.9,646.4,655.8,669.7,658.2,650.6,647.7,646.4,648.8,653.9,645.7,646.8,649.8,665.6,649.8,646.8,645.9,0.591,0.224,-0.263,0.058,271.607,185.194,-5.747,9.496,-12.609,15.304,6.096,0.703,-4.367,3.013,3.676,-1.72,0.578,1.238,0.54,-1.894,-0.808,-0.056,0.319,1.089,-0.923,-0.991,0.546,-0.566,-0.185,-0.283,0.266,-0.093,0.09,0.071,-0.101,-0.003,-0.018,0.007,0.011,0.002,0.25,0.0,0.0,0.87,0.0,0.0,0.13,0.0,0.0,0.03,0.0,0.0,0.0,0.0,0.0,0.0,0.0,0.0,1.0,0.0,1.0,0.0,0.0,0.0,0.0,0.0,0.0,0.0,0.0,0.0,0.0,0.0,0.0,1.0,0.0
PP133,g1,2923,0,0.975,0.206788,0.19152,-0.959457,0.053705,0.186133,-0.981056,0.133,0.192,249.1,250.5,253.7,256.9,258.1,256.9,253.5,250.4,244.7,246.8,249.8,253.3,256.7,259.3,261.0,258.9,256.0,252.7,249.6,246.8,252.2,253.6,255.0,255.6,255.0,253.7,252.3,251.6,286.5,287.4,290.1,293.0,294.4,293.5,290.7,287.6,283.4,285.4,288.0,291.3,294.1,296.1,297.2,296.1,294.2,291.8,288.8,285.7,289.1,290.4,291.5,292.0,291.4,290.1,288.9,288.5,160.2,157.0,155.8,157.2,160.4,163.9,164.9,163.5,161.6,159.9,158.7,158.2,159.0,160.5,162.6,163.7,164.1,164.2,163.9,163.1,161.8,162.4,161.9,160.5,159.1,158.4,159.0,160.4,160.3,157.2,155.8,157.0,160.1,163.2,164.6,163.6,162.5,160.4,158.8,158.1,158.6,159.7,161.4,162.9,163.7,164.0,163.9,163.6,161.7,162.2,161.6,160.2,158.9,158.4,159.0,160.3,-1.1,0.7,4.9,9.0,10.6,9.1,4.6,0.5,-7.0,-4.2,-0.3,4.3,8.8,12.2,14.5,11.7,7.8,3.6,-0.5,-4.2,2.9,4.7,6.5,7.3,6.6,4.8,3.0,2.2,49.5,50.9,54.8,58.9,60.9,59.4,55.5,51.1,45.4,48.0,51.6,56.2,60.3,63.4,65.3,63.5,60.5,56.9,52.7,48.5,53.3,55.1,56.8,57.4,56.6,54.8,53.1,52.5,-35.8,-40.0,-41.7,-39.8,-35.5,-31.0,-29.6,-31.5,-34.2,-36.4,-37.7,-38.3,-37.4,-35.5,-32.8,-31.2,-30.7,-30.5,-31.0,-32.2,-33.8,-32.9,-33.7,-35.5,-37.4,-38.2,-37.5,-35.6,-36.9,-41.3,-43.3,-41.7,-37.6,-33.2,-31.2,-32.4,-34.0,-36.8,-38.9,-40.0,-39.5,-38.3,-36.1,-33.9,-32.6,-32.0,-32.0,-32.5,-35.2,-34.5,-35.4,-37.3,-39.1,-39.8,-38.9,-37.0,512.7,513.2,513.5,513.4,512.9,512.7,512.2,512.3,516.7,514.2,511.9,510.9,511.7,513.2,514.9,513.2,511.5,511.1,512.1,514.2,513.4,513.3,513.5,513.7,513.9,513.9,513.8,513.6,530.8,531.8,533.5,534.9,535.2,534.2,532.5,531.2,531.1,530.4,530.3,531.4,534.2,537.7,541.1,537.8,534.4,531.9,530.7,530.7,532.9,533.5,534.2,534.7,534.6,534.0,533.2,532.8,35.7,-3.8,653.6,0.207,-0.198,0.036,223.9,224.1,225.4,227.8,232.4,239.7,248.7,259.2,269.7,278.2,284.4,290.0,295.0,298.9,301.5,303.5,304.3,235.4,242.2,251.0,259.7,267.6,282.8,289.2,295.4,301.3,304.7,275.2,276.1,277.2,278.3,266.4,270.9,275.4,279.4,282.8,244.6,250.1,256.3,261.1,256.0,249.7,283.4,288.3,293.8,297.3,294.2,288.8,256.4,264.3,270.7,274.4,278.1,282.4,285.6,282.1,277.8,273.8,269.7,263.5,259.4,270.2,273.9,277.7,283.5,277.7,273.9,270.0,160.8,172.4,184.0,195.2,205.7,214.9,222.5,228.2,229.6,227.4,221.0,213.0,204.0,194.1,183.6,172.9,161.9,153.4,148.8,147.7,149.2,152.2,152.0,149.0,147.7,148.6,152.8,161.0,168.7,176.5,184.4,189.3,190.8,192.1,190.8,189.2,161.5,158.7,158.8,162.8,164.1,164.1,162.6,158.6,158.6,161.4,163.8,163.9,204.5,202.1,200.7,201.8,200.6,202.1,204.1,209.3,211.5,212.0,211.7,209.5,204.8,204.4,204.7,204.2,204.6,205.6,206.2,205.8,-45.2,-45.2,-43.2,-39.2,-31.0,-18.2,-2.3,15.9,34.0,49.4,61.5,72.8,82.6,89.6,94.2,97.5,98.8,-24.2,-12.8,1.6,15.8,28.4,53.7,65.1,76.4,87.6,94.9,41.1,42.3,43.7,45.0,26.8,34.1,41.4,48.1,54.0,-8.9,0.1,10.3,18.4,9.8,-0.4,56.1,64.8,74.5,81.3,75.1,65.5,10.7,23.5,34.0,40.0,46.4,54.1,60.8,53.9,46.1,39.2,32.5,22.3,15.7,33.2,39.5,45.9,56.9,45.9,39.4,33.0,-46.4,-26.3,-6.1,13.5,32.1,48.1,61.1,70.2,72.6,69.9,59.9,46.4,30.2,12.0,-7.1,-26.6,-46.6,-56.3,-63.4,-64.7,-62.0,-57.0,-58.2,-63.9,-67.1,-66.5,-60.3,-43.3,-30.4,-17.7,-4.9,2.9,5.4,7.4,5.5,2.8,-42.9,-47.5,-47.3,-40.9,-38.7,-38.6,-41.8,-48.8,-49.1,-44.9,-40.3,-39.8,28.4,24.1,21.6,23.4,21.6,24.4,28.4,36.5,39.8,40.5,39.8,36.5,28.8,27.8,28.4,27.8,29.0,30.1,30.9,30.2,677.6,681.4,686.0,688.9,688.9,686.5,681.0,673.7,673.9,683.7,699.0,711.2,716.4,715.7,713.8,711.9,711.2,645.4,639.5,635.6,632.6,631.5,640.1,648.0,657.3,667.2,677.6,638.1,632.5,626.4,620.8,636.5,635.7,635.8,639.3,643.5,646.0,643.2,644.1,646.1,644.5,643.6,657.2,659.7,664.1,670.9,664.7,660.4,653.5,643.5,640.2,641.7,644.1,653.4,667.1,655.7,648.2,645.3,644.1,646.4,651.5,643.4,644.4,647.5,663.0,647.5,644.5,643.6,0.593,0.214,-0.264,0.05,271.269,185.064,-6.108,9.803,-12.709,17.181,5.156,0.908,-4.387,2.944,4.142,-2.454,0.516,1.046,0.673,-1.756,-0.45,-0.26,0.436,1.074,-0.892,-0.89,0.519,-0.454,-0.313,-0.475,0.244,-0.013,0.109,0.075,-0.101,-0.009,-0.021,0.0,0.013,-0.001,0.3,0.0,0.0,0.74,0.0,0.0,0.0,0.0,0.0,0.2,0.0,0.0,0.0,0.0,0.0,0.0,0.0,0.0,1.0,0.0,1.0,0.0,0.0,0.0,0.0,0.0,0.0,0.0,0.0,0.0,0.0,0.0,0.0,1.0,0.0
PP133,g1,2929,0,0.975,0.206836,0.19218,-0.959315,0.053748,0.186332,-0.981016,0.133,0.193,248.8,250.2,253.4,256.6,257.8,256.6,253.2,250.1,244.4,246.5,249.5,253.0,256.4,259.0,260.7,258.6,255.7,252.4,249.3,246.5,251.9,253.3,254.7,255.3,254.7,253.4,252.0,251.4,286.1,287.1,289.8,292.7,294.1,293.1,290.4,287.3,283.1,285.0,287.7,291.0,293.8,295.7,296.8,295.8,293.9,291.4,288.5,285.4,288.8,290.0,291.2,291.6,291.0,289.8,288.6,288.2,160.4,157.2,155.9,157.3,160.6,164.0,165.0,163.6,161.7,160.0,158.9,158.4,159.1,160.6,162.8,163.9,164.2,164.3,164.0,163.2,161.9,162.6,162.0,160.6,159.2,158.6,159.1,160.5,160.5,157.4,156.0,157.2,160.3,163.4,164.8,163.8,162.7,160.6,159.0,158.3,158.8,159.9,161.6,163.1,163.8,164.2,164.1,163.7,161.8,162.4,161.8,160.4,159.1,158.5,159.1,160.5,-1.5,0.3,4.5,8.6,10.3,8.7,4.2,0.1,-7.3,-4.6,-0.7,3.9,8.4,11.8,14.1,11.3,7.4,3.2,-0.9,-4.6,2.5,4.3,6.1,6.9,6.2,4.4,2.6,1.8,49.1,50.5,54.4,58.5,60.4,59.0,55.1,50.7,45.0,47.6,51.2,55.7,59.9,63.0,64.9,63.0,60.1,56.4,52.3,48.1,52.9,54.7,56.4,57.0,56.2,54.4,52.7,52.1,-35.6,-39.9,-41.5,-39.7,-35.4,-30.8,-29.5,-31.3,-34.1,-36.3,-37.6,-38.1,-37.2,-35.3,-32.6,-31.0,-30.5,-30.3,-30.8,-32.0,-33.6,-32.8,-33.5,-35.4,-37.3,-38.1,-37.3,-35.5,-36.7,-41.0,-43.0,-41.5,-37.3,-33.0,-31.0,-32.2,-33.7,-36.6,-38.7,-39.8,-39.3,-38.1,-35.9,-33.7,-32.4,-31.7,-31.8,-32.3,-35.0,-34.3,-35.2,-37.1,-38.9,-39.6,-38.7,-36.8,512.9,513.4,513.7,513.5,513.1,512.8,512.3,512.4,516.9,514.4,512.1,511.1,511.8,513.3,515.1,513.4,511.7,511.2,512.2,514.4,513.6,513.5,513.6,513.9,514.0,514.1,514.0,513.8,530.9,531.9,533.6,535.0,535.3,534.3,532.6,531.3,531.2,530.5,530.4,531.5,534.3,537.9,541.2,537.9,534.6,532.1,530.8,530.8,533.0,533.6,534.4,534.8,534.7,534.1,533.3,532.9,35.1,-3.5,654.1,0.21,-0.198,0.038,223.7,223.8,225.1,227.5,232.0,239.3,248.3,258.7,269.2,277.8,283.9,289.6,294.6,298.5,301.2,303.2,303.9,235.1,242.0,250.8,259.5,267.3,282.4,288.9,295.1,301.0,304.4,274.9,275.8,276.9,277.9,266.1,270.6,275.1,279.0,282.4,244.3,249.8,256.0,260.8,255.6,249.4,283.1,288.0,293.5,297.0,293.8,288.4,256.0,263.9,270.3,273.9,277.7,281.9,285.1,281.6,277.3,273.3,269.2,263.0,259.0,269.7,273.5,277.2,283.0,277.2,273.4,269.6,160.8,172.5,184.1,195.2,205.8,215.0,222.6,228.3,229.7,227.6,221.1,213.2,204.2,194.2,183.8,173.0,162.1,153.6,149.0,147.9,149.4,152.5,152.2,149.2,147.9,148.8,153.0,161.1,168.9,176.7,184.6,189.5,191.0,192.3,191.0,189.4,161.6,158.8,159.0,162.9,164.2,164.2,162.8,158.8,158.8,161.5,164.0,164.1,204.6,202.3,200.8,202.0,200.8,202.3,204.4,209.5,211.7,212.2,211.8,209.7,204.9,204.6,204.9,204.5,204.8,205.9,206.4,206.0,-45.7,-45.8,-43.8,-39.8,-31.7,-18.9,-3.0,15.1,33.2,48.6,60.7,72.1,81.9,88.9,93.6,97.0,98.3,-24.6,-13.1,1.3,15.4,28.1,53.1,64.5,75.9,87.1,94.4,40.7,41.8,43.2,44.4,26.2,33.5,40.8,47.5,53.4,-9.4,-0.4,9.8,17.9,9.3,-0.9,55.6,64.2,73.9,80.8,74.6,65.0,10.0,22.8,33.3,39.3,45.7,53.4,60.0,53.1,45.3,38.5,31.7,21.6,15.1,32.5,38.8,45.2,56.1,45.1,38.6,32.3,-46.3,-26.2,-6.0,13.7,32.3,48.3,61.3,70.5,72.9,70.2,60.2,46.7,30.6,12.3,-6.8,-26.4,-46.4,-56.1,-63.1,-64.4,-61.7,-56.6,-57.8,-63.5,-66.7,-66.2,-59.8,-43.1,-30.1,-17.4,-4.6,3.2,5.7,7.8,5.8,3.2,-42.8,-47.3,-47.1,-40.7,-38.5,-38.4,-41.5,-48.5,-48.9,-44.6,-40.0,-39.6,28.7,24.4,21.9,23.8,22.0,24.8,28.9,37.0,40.2,40.8,40.1,36.7,29.1,28.1,28.8,28.1,29.4,30.4,31.3,30.5,678.0,681.9,686.4,689.4,689.4,687.0,681.6,674.3,674.4,684.2,699.4,711.6,716.8,716.2,714.3,712.4,711.6,645.7,639.8,636.0,633.0,632.0,640.5,648.3,657.6,667.5,677.9,638.4,632.9,626.8,621.3,636.9,636.2,636.2,639.7,643.9,646.3,643.5,644.5,646.5,644.9,644.0,657.5,660.0,664.4,671.2,665.0,660.7,654.0,644.0,640.7,642.2,644.6,653.9,667.6,656.2,648.8,645.9,644.7,647.0,652.0,643.9,644.9,648.0,663.5,648.0,645.0,644.2,0.593,0.216,-0.263,0.052,270.893,185.238,-6.314,9.726,-12.782,17.385,5.261,1.084,-4.001,2.604,4.314,-2.442,0.787,1.132,0.641,-1.693,-0.587,-0.119,0.545,1.092,-0.923,-0.8,0.387,-0.429,-0.14,-0.364,0.235,-0.047,0.126,0.063,-0.096,-0.0,-0.014,0.003,0.009,0.002,0.45,0.0,0.0,0.79,0.0,0.0,0.0,0.0,0.0,0.28,0.0,0.0,0.0,0.0,0.0,0.0,0.0,0.0,1.0,0.0,1.0,0.0,0.0,0.0,0.0,0.0,0.0,0.0,0.0,0.0,0.0,0.0,0.0,1.0,0.0
PP133,g1,2935,0,0.975,0.208694,0.196714,-0.957993,0.053204,0.189863,-0.980368,0.134,0.197,248.9,250.4,253.6,256.7,257.9,256.7,253.3,250.2,244.5,246.6,249.6,253.1,256.5,259.1,260.8,258.7,255.8,252.5,249.4,246.6,252.0,253.4,254.8,255.4,254.8,253.5,252.1,251.5,286.3,287.2,290.0,292.9,294.2,293.3,290.5,287.4,283.2,285.2,287.8,291.1,293.9,295.9,297.0,295.9,294.0,291.6,288.6,285.5,288.9,290.2,291.4,291.8,291.2,289.9,288.7,288.3,160.5,157.3,156.0,157.5,160.7,164.2,165.2,163.7,161.8,160.0,158.9,158.5,159.2,160.8,163.0,164.0,164.4,164.5,164.1,163.3,162.1,162.7,162.1,160.7,159.3,158.7,159.2,160.6,160.7,157.6,156.2,157.4,160.5,163.6,165.0,164.0,162.9,160.8,159.2,158.5,159.0,160.1,161.9,163.3,164.1,164.5,164.4,164.0,162.1,162.6,162.0,160.6,159.3,158.8,159.4,160.7,-1.4,0.5,4.7,8.8,10.4,8.8,4.3,0.2,-7.2,-4.4,-0.6,4.1,8.6,11.9,14.2,11.4,7.5,3.3,-0.8,-4.5,2.6,4.4,6.2,7.1,6.4,4.6,2.7,1.9,49.2,50.6,54.5,58.6,60.5,59.1,55.2,50.7,45.1,47.7,51.3,55.8,60.0,63.1,65.0,63.1,60.2,56.5,52.3,48.2,53.0,54.8,56.5,57.1,56.3,54.5,52.8,52.1,-35.4,-39.7,-41.3,-39.4,-35.1,-30.5,-29.2,-31.1,-33.9,-36.1,-37.3,-37.9,-37.0,-35.0,-32.3,-30.8,-30.2,-30.1,-30.6,-31.8,-33.4,-32.5,-33.3,-35.1,-37.0,-37.8,-37.1,-35.3,-36.3,-40.6,-42.6,-41.1,-36.9,-32.6,-30.6,-31.8,-33.3,-36.2,-38.3,-39.4,-38.9,-37.7,-35.4,-33.3,-31.9,-31.3,-31.4,-31.9,-34.6,-33.9,-34.8,-36.7,-38.5,-39.2,-38.3,-36.4,511.7,512.2,512.5,512.4,512.0,511.7,511.2,511.3,515.7,513.2,510.9,510.0,510.7,512.2,514.0,512.3,510.6,510.1,511.1,513.2,512.4,512.4,512.5,512.7,512.9,512.9,512.8,512.6,529.8,530.8,532.5,533.9,534.2,533.2,531.5,530.2,530.2,529.4,529.3,530.4,533.2,536.8,540.2,536.9,533.5,531.0,529.7,529.7,531.9,532.6,533.3,533.7,533.6,533.0,532.3,531.8,35.1,-3.3,654.5,0.217,-0.198,0.043,223.6,223.7,225.0,227.3,231.9,239.1,248.1,258.5,269.0,277.5,283.6,289.4,294.5,298.5,301.2,303.2,304.0,235.2,242.1,250.9,259.7,267.5,282.6,289.1,295.3,301.2,304.6,275.0,275.9,277.0,278.0,266.1,270.6,275.0,279.0,282.4,244.4,249.9,256.1,260.9,255.7,249.5,283.2,288.2,293.6,297.1,294.0,288.5,255.7,263.7,270.2,273.8,277.6,281.8,285.0,281.5,277.1,273.1,269.0,262.8,258.8,269.6,273.4,277.1,283.0,277.0,273.2,269.4,160.7,172.4,183.9,195.1,205.7,214.8,222.4,228.1,229.6,227.4,221.0,213.1,204.1,194.3,183.9,173.2,162.2,153.5,149.0,148.0,149.6,152.7,152.5,149.5,148.1,149.0,153.2,161.4,169.2,176.9,184.9,189.7,191.2,192.5,191.3,189.7,161.7,158.9,159.1,163.1,164.3,164.3,163.1,159.0,159.0,161.8,164.3,164.4,204.6,202.4,201.0,202.1,201.0,202.5,204.4,209.6,211.8,212.3,211.9,209.7,204.9,204.7,205.1,204.6,204.9,206.0,206.5,206.1,-45.8,-45.9,-44.0,-40.1,-32.0,-19.2,-3.3,14.7,32.8,48.2,60.3,71.8,81.7,88.9,93.7,97.1,98.5,-24.5,-12.9,1.5,15.7,28.3,53.5,64.9,76.3,87.5,94.7,40.9,42.0,43.3,44.5,26.2,33.5,40.8,47.5,53.4,-9.3,-0.2,10.0,18.1,9.5,-0.8,55.9,64.5,74.2,81.0,74.9,65.2,9.6,22.6,33.2,39.2,45.6,53.3,59.9,52.9,45.1,38.2,31.4,21.2,14.6,32.3,38.6,45.0,56.1,44.9,38.4,32.0,-46.5,-26.4,-6.2,13.4,32.1,48.1,61.0,70.2,72.7,70.0,60.0,46.6,30.5,12.4,-6.6,-26.1,-46.1,-56.2,-63.1,-64.2,-61.4,-56.3,-57.5,-63.1,-66.3,-65.8,-59.6,-42.7,-29.7,-17.0,-4.2,3.5,6.0,8.1,6.2,3.6,-42.7,-47.2,-46.9,-40.4,-38.2,-38.3,-41.1,-48.2,-48.5,-44.2,-39.6,-39.1,28.6,24.5,22.1,24.0,22.3,25.1,29.0,37.1,40.4,41.0,40.3,36.8,29.1,28.4,29.0,28.4,29.6,30.7,31.5,30.7,678.1,682.0,686.7,689.7,689.8,687.5,682.1,675.0,675.1,684.9,700.0,712.1,717.2,716.6,714.7,712.9,712.1,645.6,639.7,635.9,632.9,631.8,640.4,648.3,657.6,667.6,678.1,638.5,633.1,627.1,621.7,637.3,636.6,636.7,640.2,644.3,646.3,643.5,644.5,646.5,644.9,644.0,657.6,660.1,664.6,671.5,665.2,660.9,654.6,644.7,641.3,642.8,645.2,654.6,668.3,657.0,649.5,646.6,645.3,647.7,652.7,644.6,645.6,648.6,664.3,648.7,645.7,644.8,0.592,0.224,-0.263,0.057,270.873,185.328,-6.295,9.746,-12.487,16.5,6.191,1.131,-4.291,2.575,4.056,-2.095,0.838,1.316,0.618,-1.612,-0.674,-0.096,0.56,1.097,-0.989,-0.908,0.382,-0.515,-0.173,-0.271,0.248,-0.095,0.12,0.065,-0.093,0.001,-0.01,0.009,0.008,-0.001,0.47,0.0,0.0,1.0,0.0,0.0,0.0,0.0,0.0,0.17,0.0,0.0,0.0,0.0,0.0,0.0,0.0,0.0,1.0,0.0,1.0,0.0,0.0,0.0,0.0,0.0,0.0,0.0,0.0,0.0,0.0,0.0,0.0,1.0,0.0
PP133,g1,2941,0,0.975,0.206913,0.194762,-0.958778,0.052207,0.188028,-0.980775,0.133,0.195,248.9,250.3,253.5,256.6,257.8,256.6,253.2,250.1,244.5,246.5,249.5,253.0,256.5,259.0,260.7,258.6,255.7,252.5,249.3,246.5,251.9,253.3,254.7,255.3,254.8,253.4,252.0,251.4,286.2,287.2,289.9,292.8,294.2,293.3,290.5,287.4,283.2,285.1,287.8,291.1,293.9,295.9,297.0,295.9,294.0,291.5,288.6,285.5,288.9,290.1,291.3,291.8,291.2,289.9,288.7,288.3,160.6,157.4,156.1,157.6,160.8,164.3,165.3,163.8,161.9,160.2,159.1,158.6,159.3,160.9,163.0,164.1,164.5,164.6,164.2,163.4,162.2,162.8,162.2,160.8,159.4,158.8,159.3,160.7,160.8,157.7,156.3,157.5,160.6,163.7,165.1,164.1,163.0,160.9,159.3,158.6,159.1,160.2,162.0,163.4,164.2,164.5,164.4,164.1,162.2,162.7,162.1,160.7,159.4,158.9,159.5,160.8,-1.5,0.4,4.6,8.7,10.3,8.7,4.2,0.1,-7.3,-4.5,-0.7,4.0,8.5,11.8,14.1,11.3,7.4,3.2,-0.9,-4.6,2.5,4.3,6.2,7.0,6.3,4.5,2.6,1.8,49.1,50.6,54.4,58.6,60.5,59.0,55.1,50.7,45.0,47.6,51.2,55.8,59.9,63.0,64.9,63.1,60.1,56.4,52.3,48.1,52.9,54.7,56.4,57.0,56.2,54.4,52.7,52.1,-35.3,-39.5,-41.2,-39.3,-35.0,-30.4,-29.1,-31.0,-33.8,-35.9,-37.2,-37.8,-36.9,-34.9,-32.2,-30.7,-30.1,-30.0,-30.5,-31.7,-33.3,-32.4,-33.2,-35.0,-36.9,-37.7,-37.0,-35.1,-36.2,-40.5,-42.5,-41.0,-36.8,-32.5,-30.5,-31.7,-33.2,-36.1,-38.2,-39.3,-38.8,-37.5,-35.3,-33.1,-31.8,-31.2,-31.3,-31.8,-34.5,-33.8,-34.7,-36.6,-38.4,-39.1,-38.2,-36.3,512.0,512.5,512.8,512.7,512.2,512.0,511.4,511.6,515.9,513.5,511.2,510.2,511.0,512.5,514.2,512.5,510.8,510.4,511.3,513.5,512.7,512.6,512.8,513.0,513.2,513.2,513.1,512.9,529.7,530.7,532.4,533.8,534.1,533.1,531.4,530.1,530.1,529.3,529.2,530.3,533.1,536.7,540.0,536.7,533.4,530.9,529.6,529.6,531.8,532.4,533.2,533.6,533.5,532.9,532.1,531.7,35.0,-3.1,653.8,0.215,-0.197,0.042,223.6,223.7,225.0,227.3,231.9,239.1,248.1,258.5,269.1,277.6,283.8,289.5,294.6,298.6,301.3,303.3,304.1,235.1,242.0,250.8,259.5,267.4,282.5,289.0,295.3,301.2,304.6,275.0,275.9,276.9,277.9,266.0,270.5,275.0,279.0,282.4,244.3,249.8,256.0,260.9,255.7,249.4,283.1,288.1,293.6,297.1,293.9,288.5,255.7,263.7,270.2,273.8,277.6,281.8,285.1,281.5,277.2,273.1,269.1,262.8,258.8,269.6,273.4,277.2,283.0,277.1,273.3,269.4,160.8,172.5,184.1,195.2,205.8,214.9,222.6,228.3,229.7,227.6,221.1,213.2,204.2,194.4,184.0,173.3,162.3,153.7,149.2,148.2,149.7,152.7,152.5,149.6,148.2,149.1,153.3,161.5,169.3,177.0,185.0,189.8,191.3,192.6,191.4,189.8,161.8,159.0,159.2,163.2,164.4,164.4,163.1,159.1,159.1,161.9,164.3,164.4,204.7,202.5,201.1,202.2,201.1,202.6,204.5,209.7,211.9,212.3,212.0,209.8,205.0,204.8,205.2,204.7,205.0,206.1,206.6,206.2,-45.8,-45.9,-44.0,-40.1,-32.0,-19.2,-3.3,14.8,32.9,48.4,60.5,72.0,81.9,89.0,93.7,97.1,98.5,-24.6,-13.1,1.3,15.4,28.1,53.3,64.8,76.2,87.4,94.6,40.8,41.9,43.2,44.4,26.1,33.4,40.7,47.4,53.3,-9.4,-0.3,9.9,17.9,9.4,-0.9,55.8,64.4,74.1,80.9,74.7,65.1,9.6,22.5,33.1,39.1,45.5,53.3,60.0,53.0,45.1,38.2,31.4,21.2,14.6,32.3,38.6,45.0,56.1,44.9,38.4,32.0,-46.3,-26.1,-6.0,13.6,32.2,48.3,61.2,70.4,72.9,70.2,60.2,46.8,30.7,12.6,-6.4,-25.9,-45.8,-55.8,-62.7,-64.0,-61.2,-56.2,-57.3,-62.9,-66.1,-65.5,-59.2,-42.5,-29.5,-16.8,-4.0,3.7,6.2,8.3,6.3,3.7,-42.4,-46.9,-46.7,-40.2,-38.0,-38.0,-41.0,-48.0,-48.3,-44.0,-39.4,-39.0,28.8,24.8,22.3,24.2,22.5,25.3,29.1,37.2,40.4,41.1,40.4,37.0,29.3,28.5,29.2,28.6,29.7,30.8,31.6,30.9,677.8,681.7,686.3,689.3,689.3,687.0,681.6,674.3,674.4,684.1,699.3,711.5,716.7,716.0,714.1,712.2,711.5,645.3,639.3,635.4,632.4,631.3,639.9,647.8,657.1,667.0,677.4,637.9,632.4,626.4,620.9,636.6,635.9,635.9,639.4,643.6,645.9,643.0,643.9,646.0,644.4,643.5,657.0,659.5,663.9,670.8,664.5,660.2,654.0,644.0,640.6,642.1,644.5,653.9,667.7,656.2,648.7,645.8,644.5,647.0,652.0,643.8,644.8,647.9,663.6,647.9,644.9,644.1,0.593,0.222,-0.261,0.056,270.864,185.442,-5.683,9.728,-12.39,16.497,5.93,1.207,-4.438,2.644,4.276,-1.965,0.635,1.408,0.819,-1.783,-0.665,-0.089,0.601,1.124,-0.893,-0.846,0.391,-0.449,-0.21,-0.366,0.254,-0.09,0.09,0.08,-0.099,-0.003,-0.018,0.01,0.01,0.003,0.47,0.0,0.0,0.79,0.0,0.0,0.0,0.0,0.0,0.48,0.0,0.0,0.0,0.0,0.0,0.0,0.0,0.0,1.0,0.0,1.0,0.0,0.0,0.0,0.0,0.0,0.0,0.0,0.0,0.0,0.0,0.0,0.0,1.0,0.0
PP133,g1,2947,0,0.975,0.207732,0.187495,-0.960048,0.056763,0.181,-0.981844,0.135,0.188,249.0,250.4,253.6,256.8,258.0,256.8,253.4,250.2,244.6,246.7,249.6,253.2,256.6,259.2,260.9,258.8,255.8,252.6,249.5,246.7,252.1,253.4,254.8,255.5,254.9,253.5,252.1,251.5,286.3,287.2,290.0,292.9,294.2,293.3,290.6,287.4,283.2,285.2,287.8,291.1,293.9,295.9,297.0,295.9,294.1,291.6,288.6,285.6,288.9,290.2,291.4,291.8,291.2,289.9,288.7,288.3,160.6,157.4,156.2,157.6,160.9,164.3,165.3,163.9,162.0,160.2,159.1,158.6,159.3,160.9,163.1,164.2,164.5,164.6,164.3,163.5,162.2,162.8,162.3,160.9,159.5,158.8,159.4,160.8,160.8,157.7,156.3,157.5,160.6,163.7,165.1,164.1,163.0,160.9,159.3,158.6,159.1,160.2,162.0,163.4,164.2,164.5,164.4,164.1,162.2,162.7,162.1,160.7,159.4,158.9,159.5,160.8,-1.3,0.5,4.8,8.9,10.5,8.9,4.4,0.3,-7.1,-4.3,-0.5,4.1,8.6,12.0,14.3,11.5,7.6,3.4,-0.7,-4.4,2.7,4.5,6.4,7.2,6.5,4.7,2.8,2.0,49.2,50.6,54.5,58.6,60.5,59.1,55.2,50.8,45.1,47.7,51.3,55.8,60.0,63.0,64.9,63.1,60.2,56.5,52.3,48.2,53.0,54.7,56.5,57.1,56.2,54.4,52.7,52.1,-35.2,-39.4,-41.1,-39.2,-34.9,-30.3,-29.0,-30.9,-33.6,-35.8,-37.1,-37.7,-36.8,-34.8,-32.1,-30.6,-30.0,-29.8,-30.4,-31.5,-33.1,-32.3,-33.1,-34.9,-36.8,-37.6,-36.9,-35.0,-36.2,-40.5,-42.5,-41.0,-36.8,-32.4,-30.5,-31.7,-33.2,-36.1,-38.2,-39.3,-38.8,-37.5,-35.3,-33.1,-31.8,-31.2,-31.3,-31.7,-34.5,-33.8,-34.7,-36.6,-38.4,-39.1,-38.2,-36.3,511.5,512.0,512.2,512.1,511.7,511.4,510.9,511.0,515.5,513.0,510.7,509.7,510.4,511.9,513.6,511.9,510.3,509.8,510.8,512.9,512.1,512.1,512.2,512.4,512.6,512.7,512.6,512.3,529.6,530.6,532.4,533.8,534.1,533.0,531.3,530.0,529.9,529.2,529.2,530.3,533.1,536.7,540.0,536.7,533.3,530.8,529.5,529.5,531.7,532.4,533.1,533.6,533.4,532.8,532.1,531.6,35.4,-2.9,652.8,0.204,-0.201,0.038,223.7,223.8,225.2,227.5,232.1,239.4,248.4,259.0,269.5,278.1,284.2,289.7,294.7,298.5,301.2,303.2,303.9,235.2,242.0,250.9,259.7,267.6,282.6,289.1,295.3,301.2,304.5,275.1,276.1,277.2,278.2,266.3,270.8,275.3,279.3,282.7,244.5,249.9,256.2,261.0,255.8,249.6,283.2,288.2,293.6,297.1,294.0,288.6,256.3,264.2,270.7,274.2,278.0,282.1,285.3,281.9,277.6,273.6,269.6,263.4,259.3,270.1,273.8,277.5,283.3,277.5,273.8,270.0,161.1,172.8,184.4,195.6,206.2,215.4,223.0,228.7,230.1,228.0,221.6,213.6,204.6,194.7,184.3,173.5,162.6,153.9,149.2,148.2,149.7,152.8,152.6,149.6,148.3,149.2,153.5,161.5,169.2,177.0,184.9,189.8,191.4,192.6,191.4,189.8,161.9,159.0,159.2,163.2,164.5,164.5,163.2,159.1,159.1,161.9,164.3,164.4,205.0,202.7,201.2,202.3,201.2,202.7,204.7,209.8,211.9,212.4,212.1,210.0,205.3,204.9,205.3,204.8,205.2,206.1,206.7,206.3,-45.7,-45.7,-43.6,-39.6,-31.5,-18.7,-2.7,15.5,33.7,49.1,61.0,72.3,82.0,88.9,93.5,96.9,98.2,-24.5,-13.0,1.5,15.7,28.4,53.3,64.7,76.2,87.4,94.5,41.0,42.2,43.5,44.8,26.6,33.9,41.2,47.9,53.7,-9.1,-0.1,10.1,18.2,9.6,-0.7,55.8,64.4,74.1,80.9,74.8,65.2,10.5,23.4,33.8,39.8,46.0,53.7,60.3,53.5,45.8,39.0,32.3,22.2,15.6,33.0,39.2,45.6,56.4,45.5,39.1,32.8,-45.8,-25.6,-5.4,14.3,32.9,49.0,61.9,71.0,73.4,70.8,60.9,47.5,31.4,13.2,-5.9,-25.4,-45.4,-55.5,-62.6,-63.9,-61.2,-56.1,-57.2,-62.8,-66.0,-65.4,-59.0,-42.5,-29.5,-16.9,-4.1,3.8,6.3,8.3,6.3,3.7,-42.2,-46.8,-46.6,-40.2,-37.9,-37.9,-40.9,-48.0,-48.3,-43.9,-39.4,-38.9,29.3,25.0,22.5,24.3,22.6,25.4,29.4,37.3,40.5,41.1,40.5,37.2,29.6,28.7,29.3,28.6,30.0,30.8,31.6,30.9,677.1,681.0,685.4,688.2,688.1,685.7,680.1,672.7,672.9,682.8,698.3,710.7,716.1,715.4,713.5,711.6,710.9,644.7,638.8,634.9,631.9,630.9,639.5,647.5,656.9,666.9,677.4,637.4,631.7,625.6,619.9,635.6,634.9,634.9,638.5,642.7,645.2,642.5,643.4,645.5,643.8,642.9,656.6,659.2,663.7,670.6,664.3,659.9,652.5,642.5,639.3,640.8,643.3,652.6,666.3,654.7,647.2,644.3,643.0,645.3,650.5,642.5,643.5,646.6,662.2,646.5,643.5,642.6,0.594,0.211,-0.266,0.051,271.108,185.584,-4.544,10.289,-12.962,17.673,4.923,1.334,-4.171,3.093,4.489,-2.491,0.503,1.045,0.478,-1.732,-0.427,-0.144,0.632,1.026,-0.85,-0.611,0.485,-0.355,-0.347,-0.428,0.263,0.011,0.098,0.06,-0.097,-0.002,-0.02,-0.002,0.008,0.002,0.34,0.0,0.0,0.62,0.0,0.0,0.0,0.0,0.0,0.47,0.0,0.0,0.0,0.0,0.0,0.0,0.0,0.0,1.0,0.0,1.0,0.0,0.0,0.0,0.0,0.0,0.0,0.0,0.0,0.0,0.0,0.0,0.0,1.0,0.0
PP133,g1,2953,0,0.975,0.206658,0.192764,-0.959236,0.053745,0.185819,-0.981113,0.133,0.193,248.7,250.1,253.4,256.5,257.7,256.5,253.1,250.0,244.3,246.4,249.4,252.9,256.3,258.9,260.6,258.5,255.5,252.3,249.2,246.4,251.8,253.2,254.6,255.2,254.6,253.3,251.9,251.3,286.0,287.0,289.7,292.6,294.0,293.0,290.3,287.1,283.0,284.9,287.6,290.9,293.7,295.6,296.7,295.7,293.8,291.3,288.4,285.3,288.6,289.9,291.1,291.5,290.9,289.7,288.5,288.1,160.7,157.5,156.3,157.7,161.0,164.4,165.4,164.0,162.1,160.3,159.2,158.7,159.4,161.0,163.2,164.3,164.6,164.7,164.3,163.5,162.3,162.9,162.4,161.0,159.5,158.9,159.5,160.9,161.0,157.8,156.5,157.7,160.7,163.9,165.2,164.3,163.2,161.0,159.5,158.7,159.2,160.3,162.1,163.5,164.3,164.7,164.6,164.2,162.3,162.8,162.3,160.9,159.5,159.0,159.6,161.0,-1.7,0.2,4.4,8.5,10.1,8.5,4.0,-0.1,-7.5,-4.7,-0.8,3.8,8.3,11.6,13.9,11.1,7.3,3.0,-1.1,-4.8,2.3,4.1,6.0,6.8,6.1,4.3,2.5,1.6,48.9,50.3,54.2,58.3,60.2,58.8,54.8,50.4,44.7,47.3,50.9,55.5,59.7,62.7,64.6,62.8,59.8,56.2,52.0,47.9,52.6,54.4,56.1,56.8,55.9,54.1,52.4,51.8,-35.1,-39.4,-41.0,-39.1,-34.8,-30.3,-28.9,-30.8,-33.6,-35.8,-37.1,-37.6,-36.7,-34.8,-32.0,-30.5,-30.0,-29.8,-30.3,-31.5,-33.1,-32.3,-33.0,-34.8,-36.7,-37.6,-36.8,-35.0,-36.0,-40.3,-42.3,-40.8,-36.6,-32.3,-30.3,-31.5,-33.0,-35.9,-38.0,-39.1,-38.6,-37.3,-35.1,-32.9,-31.6,-31.0,-31.1,-31.6,-34.3,-33.6,-34.5,-36.4,-38.2,-38.9,-38.0,-36.1,512.2,512.7,513.0,512.9,512.5,512.2,511.7,511.8,516.2,513.7,511.5,510.5,511.2,512.7,514.4,512.7,511.1,510.6,511.6,513.7,512.9,512.9,513.0,513.2,513.4,513.5,513.3,513.1,529.9,530.9,532.6,534.0,534.3,533.3,531.6,530.3,530.2,529.5,529.4,530.5,533.3,536.9,540.3,537.0,533.6,531.1,529.8,529.8,532.0,532.6,533.4,533.8,533.7,533.1,532.3,531.9,34.8,-2.8,653.9,0.211,-0.197,0.041,223.5,223.6,224.9,227.2,231.8,239.0,248.0,258.5,269.0,277.6,283.7,289.4,294.5,298.3,301.0,303.0,303.8,235.0,241.9,250.7,259.5,267.3,282.3,288.8,295.1,300.9,304.3,274.8,275.7,276.8,277.8,265.9,270.4,274.9,278.8,282.2,244.2,249.7,255.9,260.7,255.5,249.3,282.9,287.9,293.4,296.9,293.7,288.3,255.7,263.6,270.1,273.7,277.5,281.7,284.9,281.4,277.1,273.1,269.0,262.8,258.8,269.6,273.3,277.0,282.8,277.0,273.2,269.4,160.9,172.7,184.3,195.5,206.0,215.3,222.9,228.6,230.0,227.9,221.4,213.4,204.4,194.6,184.2,173.5,162.6,153.8,149.3,148.2,149.8,152.9,152.7,149.7,148.4,149.3,153.5,161.6,169.4,177.1,185.1,189.9,191.4,192.7,191.5,189.9,162.0,159.1,159.3,163.3,164.6,164.5,163.3,159.2,159.2,162.0,164.5,164.6,204.9,202.7,201.3,202.4,201.2,202.7,204.7,209.8,212.0,212.5,212.1,210.0,205.2,205.0,205.3,204.8,205.2,206.2,206.8,206.4,-46.1,-46.2,-44.2,-40.2,-32.2,-19.3,-3.5,14.6,32.8,48.3,60.4,71.8,81.6,88.6,93.3,96.7,98.0,-24.8,-13.3,1.1,15.3,27.9,53.0,64.4,75.8,87.0,94.2,40.5,41.6,42.9,44.2,25.9,33.2,40.5,47.2,53.1,-9.6,-0.5,9.7,17.7,9.1,-1.1,55.4,64.1,73.8,80.6,74.4,64.8,9.6,22.5,33.0,39.0,45.3,53.0,59.6,52.7,44.9,38.1,31.4,21.2,14.6,32.2,38.5,44.8,55.8,44.7,38.3,32.0,-46.1,-25.9,-5.7,14.0,32.7,48.8,61.7,70.9,73.4,70.7,60.7,47.2,31.1,13.0,-6.0,-25.5,-45.4,-55.7,-62.6,-63.9,-61.1,-56.0,-57.1,-62.7,-65.8,-65.3,-58.9,-42.3,-29.4,-16.7,-3.9,3.9,6.4,8.5,6.5,3.9,-42.2,-46.8,-46.5,-40.0,-37.8,-37.8,-40.7,-47.8,-48.1,-43.7,-39.2,-38.7,29.2,25.0,22.6,24.5,22.7,25.5,29.4,37.5,40.7,41.3,40.6,37.3,29.6,28.8,29.4,28.8,30.0,31.0,31.8,31.1,678.1,682.1,686.6,689.5,689.5,687.1,681.7,674.3,674.4,684.2,699.4,711.6,716.7,716.0,714.0,712.1,711.4,645.5,639.6,635.7,632.6,631.6,640.1,648.0,657.4,667.3,677.7,638.2,632.6,626.5,621.0,636.7,635.9,636.0,639.5,643.7,646.1,643.3,644.2,646.2,644.6,643.7,657.3,659.8,664.2,671.1,664.8,660.5,653.9,643.9,640.6,642.1,644.5,653.8,667.6,656.1,648.5,645.6,644.4,646.8,652.0,643.8,644.8,647.8,663.5,647.8,644.8,644.0,0.593,0.219,-0.261,0.054,270.735,185.606,-5.465,10.52,-12.708,17.088,5.396,1.174,-4.275,2.748,4.171,-2.268,0.613,1.362,0.474,-1.794,-0.517,-0.121,0.555,1.08,-0.875,-0.691,0.489,-0.364,-0.28,-0.389,0.231,-0.044,0.105,0.067,-0.102,-0.005,-0.017,0.007,0.01,0.003,0.51,0.0,0.0,0.66,0.0,0.0,0.0,0.0,0.0,0.32,0.0,0.0,0.0,0.0,0.0,0.0,0.0,0.0,1.0,0.0,1.0,0.0,0.0,0.0,0.0,0.0,0.0,0.0,0.0,0.0,0.0,0.0,0.0,1.0,0.0
PP133,g1,2959,0,0.975,0.207098,0.201482,-0.957348,0.051725,0.194355,-0.979567,0.133,0.202,248.6,250.1,253.3,256.4,257.6,256.4,253.0,249.8,244.2,246.3,249.3,252.8,256.2,258.8,260.5,258.4,255.4,252.2,249.1,246.3,251.7,253.0,254.4,255.1,254.5,253.2,251.8,251.1,286.0,287.0,289.7,292.6,294.0,293.0,290.3,287.1,282.9,284.9,287.5,290.8,293.7,295.6,296.7,295.6,293.8,291.3,288.3,285.2,288.6,289.9,291.1,291.5,290.9,289.6,288.4,288.0,160.7,157.5,156.3,157.7,161.0,164.5,165.4,164.0,162.1,160.3,159.2,158.8,159.5,161.1,163.2,164.3,164.6,164.7,164.4,163.5,162.3,163.0,162.4,161.0,159.6,159.0,159.5,160.9,161.0,157.9,156.5,157.7,160.8,163.9,165.3,164.3,163.2,161.1,159.5,158.8,159.3,160.4,162.1,163.6,164.4,164.7,164.6,164.3,162.4,162.9,162.3,160.9,159.6,159.0,159.6,161.0,-1.8,0.1,4.3,8.4,10.0,8.4,3.9,-0.2,-7.6,-4.8,-1.0,3.7,8.2,11.5,13.8,11.0,7.1,2.9,-1.2,-4.9,2.2,4.0,5.8,6.7,6.0,4.2,2.3,1.5,48.9,50.3,54.2,58.3,60.2,58.7,54.8,50.4,44.7,47.3,50.9,55.5,59.7,62.7,64.6,62.8,59.8,56.2,52.0,47.8,52.6,54.4,56.1,56.8,55.9,54.1,52.4,51.8,-35.1,-39.3,-41.0,-39.1,-34.8,-30.2,-28.9,-30.8,-33.6,-35.8,-37.0,-37.6,-36.6,-34.7,-32.0,-30.5,-29.9,-29.8,-30.3,-31.5,-33.1,-32.2,-33.0,-34.8,-36.7,-37.5,-36.8,-35.0,-36.0,-40.3,-42.3,-40.8,-36.6,-32.2,-30.3,-31.5,-33.0,-35.9,-38.0,-39.0,-38.6,-37.3,-35.1,-32.9,-31.6,-31.0,-31.1,-31.5,-34.3,-33.6,-34.5,-36.4,-38.2,-38.9,-38.0,-36.1,512.5,513.0,513.2,513.1,512.7,512.5,511.9,512.0,516.4,513.9,511.7,510.7,511.4,513.0,514.7,513.0,511.3,510.9,511.8,513.9,513.2,513.1,513.2,513.5,513.6,513.7,513.6,513.3,530.4,531.3,533.0,534.4,534.7,533.8,532.1,530.8,530.7,530.0,529.8,530.9,533.7,537.3,540.7,537.4,534.0,531.5,530.3,530.3,532.5,533.1,533.8,534.3,534.1,533.5,532.8,532.3,34.6,-2.9,654.4,0.224,-0.196,0.044,223.3,223.4,224.6,226.9,231.5,238.7,247.8,258.2,268.7,277.3,283.5,289.3,294.4,298.3,301.0,303.0,303.8,234.9,241.8,250.6,259.4,267.3,282.2,288.8,295.0,301.0,304.3,274.7,275.6,276.6,277.6,265.7,270.2,274.7,278.7,282.1,244.1,249.6,255.8,260.6,255.4,249.2,282.9,287.9,293.3,296.9,293.7,288.3,255.4,263.4,269.9,273.5,277.2,281.4,284.7,281.1,276.8,272.8,268.7,262.5,258.5,269.3,273.0,276.8,282.6,276.7,272.9,269.1,160.7,172.3,183.8,195.0,205.5,214.7,222.4,228.2,229.6,227.4,220.9,212.9,204.0,194.2,183.9,173.3,162.4,153.8,149.3,148.4,150.0,153.1,152.9,149.9,148.5,149.4,153.5,161.8,169.5,177.3,185.2,189.9,191.5,192.8,191.6,189.9,162.0,159.2,159.4,163.3,164.6,164.6,163.3,159.3,159.3,162.0,164.5,164.6,204.8,202.7,201.3,202.4,201.3,202.7,204.6,209.8,212.0,212.5,212.1,209.9,205.1,205.0,205.3,204.9,205.1,206.2,206.8,206.4,-46.4,-46.5,-44.6,-40.7,-32.7,-19.8,-3.9,14.2,32.4,47.9,60.1,71.6,81.5,88.6,93.3,96.8,98.1,-25.0,-13.5,1.0,15.3,28.0,52.8,64.3,75.8,87.0,94.2,40.4,41.5,42.7,43.9,25.7,32.9,40.2,47.0,52.8,-9.8,-0.7,9.5,17.5,8.9,-1.3,55.3,64.0,73.7,80.5,74.3,64.7,9.1,22.1,32.7,38.6,45.0,52.7,59.4,52.4,44.5,37.7,30.9,20.8,14.1,31.9,38.1,44.5,55.5,44.3,37.9,31.6,-46.6,-26.5,-6.5,13.2,31.9,48.0,61.0,70.4,72.8,70.0,59.9,46.4,30.3,12.3,-6.6,-25.9,-45.7,-55.6,-62.5,-63.6,-60.8,-55.6,-56.7,-62.4,-65.6,-65.1,-58.9,-42.0,-29.1,-16.4,-3.7,4.0,6.5,8.6,6.6,4.0,-42.2,-46.7,-46.4,-40.0,-37.8,-37.8,-40.7,-47.7,-48.0,-43.7,-39.1,-38.7,29.0,25.0,22.6,24.5,22.8,25.5,29.3,37.4,40.7,41.3,40.7,37.2,29.4,28.8,29.5,28.8,29.9,31.0,31.9,31.1,678.4,682.5,687.2,690.3,690.4,688.1,682.8,675.5,675.7,685.4,700.4,712.4,717.4,716.6,714.6,712.7,711.9,645.5,639.5,635.5,632.4,631.3,639.8,647.7,657.1,667.1,677.7,638.0,632.6,626.7,621.3,637.2,636.5,636.5,640.0,644.1,646.2,643.3,644.2,646.3,644.7,643.8,657.3,659.7,664.1,671.1,664.9,660.5,654.8,644.7,641.3,642.8,645.2,654.6,668.4,657.1,649.6,646.7,645.5,647.8,652.8,644.6,645.6,648.6,664.4,648.7,645.7,644.8,0.592,0.231,-0.259,0.058,270.577,185.531,-4.687,10.362,-12.377,16.356,6.131,0.815,-4.269,2.667,4.525,-1.797,0.709,1.36,0.504,-1.74,-0.771,-0.07,0.42,1.224,-0.893,-0.739,0.497,-0.471,-0.153,-0.309,0.179,-0.11,0.104,0.077,-0.102,-0.006,-0.024,0.01,0.01,0.0,0.34,0.0,0.0,0.66,0.0,0.0,0.0,0.0,0.0,0.13,0.0,0.0,0.0,0.0,0.0,0.0,0.0,0.0,1.0,0.0,1.0,0.0,0.0,0.0,0.0,0.0,0.0,0.0,0.0,0.0,0.0,0.0,0.0,1.0,0.0
PP133,g1,2965,0,0.975,0.209425,0.197374,-0.957698,0.055058,0.190403,-0.980161,0.136,0.197,248.6,250.0,253.2,256.4,257.6,256.4,253.0,249.8,244.2,246.3,249.2,252.8,256.2,258.7,260.4,258.3,255.4,252.2,249.0,246.2,251.6,253.0,254.4,255.0,254.5,253.1,251.7,251.1,285.9,286.9,289.6,292.5,293.9,292.9,290.2,287.0,282.8,284.8,287.5,290.7,293.6,295.5,296.6,295.5,293.7,291.2,288.2,285.2,288.5,289.8,291.0,291.4,290.8,289.5,288.3,287.9,160.5,157.3,156.1,157.5,160.8,164.2,165.2,163.8,161.8,160.1,159.0,158.5,159.3,160.8,163.0,164.1,164.4,164.5,164.1,163.3,162.1,162.7,162.2,160.8,159.4,158.7,159.3,160.7,160.7,157.6,156.2,157.4,160.5,163.6,165.0,164.1,162.9,160.8,159.3,158.5,159.0,160.1,161.9,163.3,164.1,164.5,164.4,164.0,162.1,162.6,162.0,160.7,159.3,158.8,159.4,160.8,-1.8,0.0,4.2,8.4,9.9,8.4,3.9,-0.2,-7.7,-4.9,-1.0,3.6,8.1,11.5,13.7,11.0,7.1,2.9,-1.3,-5.0,2.2,4.0,5.8,6.6,5.9,4.1,2.3,1.5,48.8,50.2,54.1,58.2,60.1,58.7,54.8,50.3,44.6,47.2,50.9,55.4,59.6,62.6,64.5,62.7,59.7,56.1,51.9,47.8,52.5,54.3,56.0,56.7,55.8,54.0,52.3,51.7,-35.4,-39.7,-41.3,-39.4,-35.1,-30.5,-29.2,-31.1,-33.9,-36.1,-37.3,-37.9,-37.0,-35.0,-32.3,-30.8,-30.2,-30.1,-30.6,-31.8,-33.4,-32.6,-33.3,-35.1,-37.0,-37.9,-37.1,-35.3,-36.4,-40.7,-42.7,-41.2,-37.0,-32.6,-30.7,-31.9,-33.4,-36.2,-38.3,-39.4,-39.0,-37.7,-35.5,-33.3,-32.0,-31.4,-31.5,-31.9,-34.7,-34.0,-34.8,-36.8,-38.6,-39.2,-38.4,-36.5,512.6,513.1,513.4,513.3,512.9,512.7,512.1,512.2,516.6,514.1,511.9,510.9,511.6,513.2,514.9,513.2,511.5,511.0,512.0,514.1,513.3,513.3,513.4,513.6,513.8,513.9,513.7,513.5,530.9,531.9,533.6,535.0,535.3,534.3,532.6,531.3,531.2,530.5,530.4,531.5,534.3,537.8,541.2,537.9,534.6,532.0,530.8,530.8,533.0,533.6,534.4,534.8,534.7,534.0,533.3,532.9,34.5,-3.3,654.1,0.217,-0.2,0.042,223.2,223.3,224.6,226.9,231.5,238.7,247.8,258.3,268.8,277.3,283.5,289.1,294.2,298.1,300.8,302.8,303.6,234.8,241.8,250.6,259.4,267.3,282.2,288.7,294.9,300.8,304.2,274.7,275.6,276.7,277.7,265.8,270.3,274.7,278.7,282.1,244.1,249.5,255.7,260.6,255.4,249.2,282.8,287.8,293.2,296.7,293.6,288.2,255.5,263.5,270.0,273.6,277.3,281.5,284.8,281.2,276.9,272.9,268.8,262.6,258.5,269.4,273.1,276.9,282.7,276.8,273.0,269.2,160.6,172.3,183.9,195.0,205.6,214.8,222.5,228.2,229.6,227.5,221.0,213.1,204.1,194.2,183.9,173.2,162.2,153.6,149.1,148.1,149.7,152.8,152.6,149.6,148.2,149.1,153.2,161.4,169.2,176.9,184.9,189.7,191.2,192.5,191.3,189.7,161.8,158.9,159.1,163.1,164.4,164.3,163.1,159.0,159.0,161.8,164.3,164.4,204.6,202.4,201.0,202.1,201.0,202.5,204.4,209.5,211.7,212.2,211.8,209.7,204.9,204.7,205.1,204.6,204.9,205.9,206.5,206.1,-46.5,-46.6,-44.7,-40.8,-32.7,-19.9,-3.9,14.3,32.4,47.9,60.0,71.4,81.2,88.3,93.0,96.4,97.7,-25.0,-13.4,1.0,15.2,27.9,52.8,64.2,75.6,86.8,94.0,40.4,41.5,42.8,44.0,25.7,33.0,40.3,47.0,52.9,-9.8,-0.7,9.5,17.5,8.9,-1.4,55.2,63.8,73.5,80.3,74.2,64.6,9.2,22.2,32.8,38.7,45.1,52.8,59.4,52.5,44.7,37.8,31.1,20.9,14.3,31.9,38.2,44.6,55.6,44.5,38.0,31.7,-46.7,-26.5,-6.4,13.3,31.9,48.0,61.0,70.3,72.8,70.1,60.0,46.6,30.5,12.4,-6.6,-26.1,-46.0,-56.0,-62.9,-64.1,-61.2,-56.1,-57.2,-62.9,-66.1,-65.7,-59.5,-42.6,-29.6,-16.9,-4.2,3.5,6.1,8.1,6.2,3.6,-42.6,-47.0,-46.8,-40.4,-38.2,-38.2,-41.1,-48.1,-48.4,-44.2,-39.6,-39.1,28.7,24.6,22.2,24.1,22.3,25.1,28.9,37.0,40.2,40.8,40.2,36.8,29.1,28.4,29.0,28.4,29.5,30.6,31.4,30.7,678.0,681.9,686.5,689.5,689.6,687.3,681.9,674.6,674.8,684.7,699.9,712.1,717.3,716.6,714.6,712.7,711.9,645.3,639.4,635.5,632.6,631.6,640.0,647.9,657.3,667.4,678.0,638.2,632.7,626.7,621.3,637.0,636.2,636.3,639.8,644.0,646.0,643.2,644.2,646.3,644.6,643.7,657.4,659.9,664.4,671.2,665.0,660.7,654.2,644.2,640.9,642.4,644.8,654.2,668.0,656.5,648.9,646.0,644.8,647.1,652.2,644.1,645.1,648.2,663.9,648.2,645.1,644.3,0.593,0.223,-0.264,0.056,270.566,185.34,-4.995,10.058,-12.569,16.504,5.464,1.173,-4.202,2.836,4.198,-2.198,0.708,1.179,0.265,-1.619,-0.616,-0.012,0.461,1.162,-0.971,-0.753,0.441,-0.453,-0.156,-0.34,0.244,-0.067,0.107,0.067,-0.098,-0.005,-0.014,0.004,0.011,-0.001,0.7,0.0,0.0,0.65,0.0,0.0,0.04,0.0,0.0,0.21,0.0,0.0,0.0,0.0,0.0,0.0,0.0,0.0,1.0,0.0,1.0,0.0,0.0,0.0,0.0,0.0,0.0,0.0,0.0,0.0,0.0,0.0,0.0,1.0,0.0
PP133,g1,2971,0,0.975,0.206161,0.188732,-0.960145,0.055926,0.181969,-0.981713,0.134,0.189,248.7,250.1,253.3,256.4,257.6,256.5,253.0,249.9,244.3,246.4,249.3,252.8,256.3,258.8,260.5,258.4,255.5,252.3,249.1,246.3,251.7,253.1,254.5,255.1,254.6,253.2,251.8,251.2,285.9,286.9,289.6,292.5,293.8,292.9,290.2,287.0,282.8,284.8,287.5,290.7,293.6,295.5,296.6,295.5,293.7,291.2,288.2,285.2,288.5,289.8,291.0,291.4,290.8,289.5,288.3,287.9,160.4,157.2,156.0,157.4,160.6,164.1,165.1,163.7,161.8,160.0,158.9,158.4,159.1,160.7,162.8,163.9,164.3,164.4,164.1,163.2,162.0,162.6,162.1,160.7,159.2,158.6,159.2,160.6,160.6,157.5,156.1,157.3,160.4,163.5,164.9,163.9,162.8,160.7,159.1,158.4,158.9,160.0,161.8,163.2,164.0,164.3,164.2,163.9,162.0,162.5,161.9,160.5,159.2,158.7,159.3,160.6,-1.7,0.1,4.3,8.4,10.0,8.5,4.0,-0.1,-7.5,-4.8,-0.9,3.7,8.2,11.6,13.9,11.1,7.2,3.0,-1.1,-4.8,2.3,4.1,5.9,6.7,6.0,4.2,2.4,1.6,48.8,50.2,54.1,58.2,60.1,58.6,54.7,50.3,44.6,47.2,50.8,55.4,59.6,62.6,64.5,62.7,59.7,56.1,51.9,47.8,52.5,54.3,56.0,56.6,55.8,54.0,52.3,51.7,-35.6,-39.8,-41.5,-39.6,-35.3,-30.7,-29.4,-31.3,-34.0,-36.2,-37.5,-38.1,-37.2,-35.2,-32.5,-31.0,-30.4,-30.3,-30.8,-32.0,-33.5,-32.7,-33.5,-35.3,-37.2,-38.0,-37.3,-35.4,-36.5,-40.8,-42.8,-41.3,-37.1,-32.8,-30.8,-32.0,-33.6,-36.4,-38.5,-39.6,-39.1,-37.8,-35.6,-33.4,-32.2,-31.5,-31.6,-32.1,-34.8,-34.1,-35.0,-36.9,-38.7,-39.4,-38.5,-36.6,513.2,513.7,513.9,513.8,513.4,513.1,512.6,512.7,517.2,514.7,512.4,511.4,512.1,513.6,515.3,513.6,512.0,511.5,512.5,514.7,513.8,513.8,513.9,514.1,514.3,514.4,514.3,514.0,530.7,531.7,533.5,534.9,535.1,534.1,532.4,531.1,531.0,530.3,530.2,531.4,534.2,537.7,541.1,537.8,534.4,531.9,530.6,530.6,532.8,533.4,534.2,534.6,534.5,533.9,533.2,532.7,34.8,-3.3,653.4,0.204,-0.198,0.038,223.4,223.5,224.9,227.2,231.8,239.0,248.1,258.6,269.2,277.8,283.9,289.5,294.4,298.2,300.9,302.9,303.6,234.9,241.7,250.6,259.4,267.2,282.1,288.6,294.9,300.8,304.1,274.7,275.7,276.8,277.8,265.9,270.4,274.9,278.9,282.3,244.2,249.6,255.8,260.7,255.5,249.3,282.8,287.8,293.2,296.7,293.6,288.2,255.9,263.8,270.2,273.8,277.5,281.7,284.9,281.5,277.2,273.2,269.2,263.0,258.9,269.6,273.4,277.1,282.9,277.1,273.3,269.5,160.8,172.5,184.2,195.4,206.0,215.2,222.9,228.6,229.9,227.8,221.4,213.4,204.4,194.4,184.0,173.3,162.3,153.7,149.0,148.0,149.5,152.6,152.4,149.4,148.1,149.0,153.3,161.2,169.0,176.8,184.7,189.6,191.1,192.4,191.2,189.5,161.7,158.8,159.0,163.0,164.3,164.2,162.9,158.9,158.9,161.7,164.1,164.2,204.8,202.5,201.0,202.1,201.0,202.5,204.5,209.5,211.6,212.1,211.8,209.7,205.0,204.7,205.1,204.6,204.9,205.9,206.4,206.0,-46.3,-46.3,-44.2,-40.2,-32.1,-19.3,-3.3,14.9,33.1,48.6,60.6,71.9,81.5,88.4,93.0,96.4,97.6,-25.0,-13.5,1.0,15.2,27.9,52.7,64.1,75.5,86.7,93.9,40.4,41.6,42.9,44.2,25.9,33.2,40.5,47.3,53.1,-9.6,-0.6,9.6,17.6,9.1,-1.2,55.2,63.8,73.5,80.3,74.2,64.6,9.8,22.7,33.1,39.1,45.4,53.0,59.6,52.8,45.1,38.3,31.6,21.5,14.8,32.3,38.6,44.9,55.8,44.9,38.4,32.1,-46.4,-26.1,-5.9,13.9,32.6,48.7,61.6,70.8,73.2,70.5,60.6,47.1,30.9,12.7,-6.4,-25.9,-45.8,-55.9,-63.0,-64.3,-61.5,-56.4,-57.5,-63.1,-66.3,-65.7,-59.3,-42.9,-29.9,-17.2,-4.4,3.4,5.9,8.0,6.0,3.4,-42.7,-47.2,-47.0,-40.6,-38.3,-38.3,-41.3,-48.3,-48.6,-44.3,-39.7,-39.3,28.9,24.6,22.2,24.0,22.3,25.1,29.0,36.9,40.0,40.6,40.0,36.7,29.2,28.3,29.0,28.3,29.6,30.4,31.2,30.5,678.2,682.0,686.5,689.2,689.1,686.5,680.9,673.4,673.5,683.4,698.9,711.2,716.5,715.8,713.9,712.0,711.3,645.6,639.7,635.7,632.7,631.6,640.1,648.0,657.4,667.4,678.0,638.1,632.4,626.2,620.5,636.3,635.5,635.4,639.0,643.3,646.0,643.2,644.2,646.2,644.5,643.7,657.3,659.8,664.3,671.1,664.8,660.5,653.3,643.3,640.0,641.5,644.0,653.3,667.0,655.3,647.7,644.8,643.6,645.9,651.2,643.2,644.2,647.3,662.8,647.1,644.1,643.2,0.593,0.211,-0.263,0.051,270.729,185.363,-4.542,10.768,-12.928,17.664,4.692,1.719,-4.174,2.714,4.475,-2.444,0.481,1.076,0.272,-1.713,-0.457,-0.141,0.566,1.126,-0.907,-0.642,0.42,-0.301,-0.3,-0.46,0.195,-0.009,0.093,0.069,-0.107,-0.002,-0.018,-0.002,0.01,-0.0,0.38,0.0,0.0,0.42,0.0,0.0,0.0,0.0,0.0,0.33,0.0,0.0,0.0,0.0,0.0,0.0,0.0,0.0,1.0,0.0,1.0,0.0,0.0,0.0,0.0,0.0,0.0,0.0,0.0,0.0,0.0,0.0,0.0,1.0,0.0
PP133,g1,2977,0,0.975,0.207426,0.191338,-0.959356,0.057518,0.184586,-0.981132,0.136,0.191,248.7,250.1,253.3,256.4,257.6,256.4,253.0,249.9,244.3,246.4,249.3,252.8,256.2,258.8,260.5,258.4,255.5,252.3,249.1,246.3,251.7,253.1,254.5,255.1,254.5,253.2,251.8,251.2,285.8,286.8,289.5,292.4,293.8,292.8,290.1,286.9,282.8,284.7,287.4,290.6,293.5,295.4,296.5,295.4,293.6,291.1,288.1,285.1,288.4,289.7,290.9,291.3,290.7,289.4,288.3,287.8,160.3,157.1,155.8,157.2,160.5,163.9,164.9,163.5,161.6,159.9,158.7,158.3,159.0,160.5,162.7,163.7,164.1,164.2,163.9,163.1,161.8,162.4,161.9,160.5,159.1,158.5,159.0,160.4,160.4,157.3,156.0,157.2,160.2,163.4,164.7,163.8,162.6,160.5,159.0,158.3,158.7,159.9,161.6,163.0,163.8,164.1,164.0,163.7,161.8,162.3,161.7,160.4,159.0,158.5,159.1,160.5,-1.7,0.1,4.3,8.4,10.0,8.5,4.0,-0.1,-7.6,-4.8,-0.9,3.7,8.2,11.6,13.8,11.0,7.2,3.0,-1.2,-4.9,2.3,4.1,5.9,6.7,6.0,4.2,2.4,1.5,48.8,50.2,54.1,58.2,60.1,58.7,54.8,50.4,44.7,47.3,50.9,55.4,59.6,62.7,64.6,62.7,59.8,56.1,52.0,47.8,52.6,54.4,56.1,56.7,55.9,54.1,52.4,51.7,-35.9,-40.2,-41.8,-40.0,-35.6,-31.1,-29.7,-31.6,-34.4,-36.5,-37.9,-38.4,-37.5,-35.6,-32.9,-31.3,-30.8,-30.6,-31.1,-32.3,-33.9,-33.1,-33.8,-35.7,-37.6,-38.4,-37.6,-35.8,-36.9,-41.2,-43.2,-41.6,-37.5,-33.1,-31.2,-32.4,-33.9,-36.8,-38.8,-39.9,-39.4,-38.2,-36.0,-33.8,-32.5,-31.9,-32.0,-32.5,-35.2,-34.5,-35.3,-37.2,-39.1,-39.7,-38.9,-37.0,515.0,515.5,515.8,515.6,515.2,514.9,514.4,514.6,519.0,516.5,514.2,513.2,513.9,515.4,517.2,515.5,513.8,513.4,514.3,516.5,515.7,515.6,515.7,516.0,516.1,516.2,516.1,515.9,532.3,533.3,535.0,536.5,536.7,535.7,534.0,532.7,532.6,531.9,531.8,533.0,535.7,539.3,542.7,539.4,536.0,533.5,532.2,532.2,534.4,535.0,535.8,536.2,536.1,535.5,534.7,534.3,34.7,-3.5,653.2,0.205,-0.2,0.038,223.2,223.4,224.7,227.1,231.7,238.9,248.0,258.5,269.1,277.7,283.8,289.4,294.3,298.1,300.8,302.8,303.5,234.9,241.7,250.6,259.3,267.2,282.1,288.6,294.8,300.7,304.0,274.7,275.6,276.7,277.8,265.8,270.4,274.9,278.8,282.2,244.2,249.6,255.8,260.6,255.4,249.3,282.7,287.7,293.1,296.6,293.5,288.1,255.8,263.7,270.1,273.7,277.5,281.7,284.9,281.5,277.2,273.2,269.1,262.9,258.8,269.6,273.3,277.1,282.8,277.0,273.3,269.5,160.6,172.3,184.0,195.2,205.8,215.1,222.8,228.5,229.9,227.7,221.2,213.2,204.2,194.2,183.8,173.1,162.1,153.5,148.9,147.8,149.3,152.4,152.2,149.3,147.9,148.9,153.1,161.0,168.8,176.6,184.6,189.4,191.0,192.3,191.0,189.4,161.5,158.7,158.9,162.8,164.1,164.1,162.7,158.7,158.8,161.5,164.0,164.0,204.6,202.3,200.9,202.0,200.8,202.3,204.3,209.3,211.4,211.9,211.6,209.6,204.9,204.5,204.9,204.4,204.8,205.7,206.3,205.9,-46.4,-46.5,-44.5,-40.5,-32.3,-19.5,-3.6,14.7,32.9,48.4,60.5,71.7,81.3,88.1,92.7,96.1,97.4,-25.0,-13.5,0.9,15.1,27.7,52.6,64.0,75.4,86.5,93.6,40.3,41.5,42.8,44.1,25.8,33.1,40.4,47.2,53.0,-9.6,-0.7,9.5,17.5,9.0,-1.2,55.1,63.7,73.3,80.1,74.0,64.4,9.6,22.5,33.0,39.0,45.3,53.0,59.5,52.7,45.1,38.2,31.5,21.4,14.7,32.2,38.5,44.8,55.7,44.8,38.4,32.0,-46.8,-26.5,-6.2,13.6,32.3,48.5,61.5,70.7,73.1,70.4,60.4,46.8,30.6,12.3,-6.7,-26.2,-46.2,-56.1,-63.2,-64.6,-61.8,-56.7,-57.8,-63.4,-66.6,-66.0,-59.6,-43.2,-30.2,-17.5,-4.6,3.1,5.7,7.7,5.8,3.1,-42.9,-47.5,-47.2,-40.9,-38.6,-38.6,-41.6,-48.6,-48.9,-44.6,-40.1,-39.6,28.5,24.4,21.9,23.8,22.0,24.8,28.7,36.6,39.7,40.3,39.7,36.4,28.9,28.1,28.7,28.0,29.3,30.1,30.9,30.2,677.7,681.6,686.1,688.9,688.8,686.3,680.7,673.2,673.4,683.4,698.8,711.1,716.4,715.6,713.6,711.6,710.8,645.1,639.2,635.4,632.5,631.4,640.0,647.9,657.2,667.1,677.6,637.9,632.2,626.0,620.4,636.1,635.3,635.3,638.9,643.2,645.6,642.9,643.8,645.8,644.2,643.3,657.1,659.6,664.0,670.8,664.6,660.3,653.0,643.0,639.9,641.4,643.9,653.2,666.9,655.1,647.5,644.6,643.3,645.7,651.0,643.0,644.0,647.2,662.7,647.0,643.9,643.0,0.593,0.212,-0.264,0.051,270.658,185.195,-5.03,11.079,-12.981,17.376,4.145,1.938,-4.098,2.671,4.253,-2.566,0.378,1.109,0.263,-1.758,-0.397,-0.228,0.455,1.159,-0.853,-0.717,0.506,-0.325,-0.305,-0.507,0.216,0.012,0.092,0.065,-0.111,-0.008,-0.021,-0.001,0.011,0.002,0.28,0.0,0.0,0.59,0.0,0.0,0.0,0.0,0.0,0.31,0.0,0.0,0.0,0.0,0.0,0.0,0.0,0.0,1.0,0.0,1.0,0.0,0.0,0.0,0.0,0.0,0.0,0.0,0.0,0.0,0.0,0.0,0.0,1.0,0.0
PP133,g1,2983,0,0.975,0.207578,0.190471,-0.959496,0.057842,0.183187,-0.981375,0.136,0.19,248.6,250.0,253.2,256.3,257.5,256.3,252.9,249.8,244.2,246.3,249.2,252.7,256.2,258.7,260.4,258.3,255.4,252.2,249.0,246.2,251.6,253.0,254.4,255.0,254.5,253.1,251.7,251.1,285.7,286.7,289.4,292.3,293.6,292.7,290.0,286.8,282.7,284.6,287.3,290.5,293.4,295.3,296.4,295.3,293.5,291.0,288.0,285.0,288.3,289.6,290.8,291.2,290.6,289.3,288.2,287.7,160.1,156.9,155.6,157.0,160.3,163.7,164.7,163.3,161.4,159.7,158.5,158.1,158.8,160.4,162.5,163.6,163.9,164.0,163.7,162.9,161.6,162.2,161.7,160.3,158.9,158.3,158.8,160.2,160.4,157.2,155.9,157.1,160.2,163.3,164.6,163.7,162.5,160.4,158.9,158.2,158.7,159.8,161.6,163.0,163.7,164.1,163.9,163.6,161.7,162.3,161.7,160.3,159.0,158.4,159.0,160.4,-1.8,0.0,4.2,8.3,9.9,8.4,3.9,-0.2,-7.7,-4.9,-1.0,3.6,8.1,11.5,13.7,10.9,7.1,2.9,-1.3,-5.0,2.2,4.0,5.8,6.6,5.9,4.1,2.3,1.5,48.7,50.1,54.0,58.1,60.0,58.5,54.6,50.2,44.5,47.1,50.8,55.3,59.5,62.5,64.4,62.5,59.6,56.0,51.8,47.7,52.4,54.2,55.9,56.5,55.7,53.9,52.2,51.6,-36.2,-40.4,-42.1,-40.2,-35.9,-31.4,-30.0,-31.9,-34.7,-36.8,-38.1,-38.7,-37.8,-35.8,-33.1,-31.6,-31.0,-30.9,-31.4,-32.6,-34.2,-33.3,-34.1,-35.9,-37.8,-38.6,-37.9,-36.1,-37.0,-41.3,-43.3,-41.7,-37.5,-33.2,-31.3,-32.5,-34.1,-36.9,-39.0,-40.0,-39.5,-38.3,-36.0,-33.9,-32.6,-32.0,-32.1,-32.6,-35.3,-34.6,-35.4,-37.3,-39.2,-39.8,-39.0,-37.1,515.3,515.8,516.1,516.0,515.5,515.3,514.7,514.9,519.3,516.8,514.5,513.5,514.3,515.8,517.5,515.8,514.1,513.7,514.7,516.8,516.0,515.9,516.0,516.3,516.5,516.5,516.4,516.2,532.2,533.3,535.0,536.4,536.7,535.7,533.9,532.6,532.5,531.9,531.8,532.9,535.7,539.3,542.6,539.3,535.9,533.4,532.1,532.1,534.4,535.0,535.7,536.2,536.1,535.4,534.7,534.2,34.4,-3.8,653.5,0.204,-0.2,0.04,223.2,223.3,224.5,226.9,231.5,238.7,247.8,258.3,268.9,277.5,283.6,289.2,294.2,298.0,300.6,302.6,303.4,234.9,241.8,250.6,259.3,267.1,282.0,288.5,294.7,300.6,303.9,274.6,275.5,276.6,277.6,265.7,270.2,274.7,278.6,282.0,244.1,249.5,255.7,260.5,255.4,249.2,282.6,287.6,293.0,296.5,293.4,288.0,255.5,263.5,269.9,273.5,277.3,281.5,284.7,281.2,276.9,272.9,268.9,262.7,258.6,269.4,273.1,276.9,282.6,276.8,273.0,269.2,160.4,172.1,183.8,195.1,205.8,215.0,222.7,228.4,229.8,227.7,221.2,213.2,204.1,194.2,183.8,173.1,162.2,153.2,148.6,147.6,149.1,152.2,152.0,149.1,147.8,148.8,153.0,160.9,168.6,176.4,184.3,189.2,190.8,192.1,190.9,189.2,161.3,158.5,158.7,162.6,163.9,163.9,162.6,158.7,158.7,161.5,163.9,164.0,204.4,202.1,200.7,201.8,200.7,202.2,204.2,209.2,211.3,211.8,211.5,209.4,204.7,204.4,204.7,204.3,204.7,205.6,206.2,205.7,-46.6,-46.7,-44.7,-40.8,-32.7,-19.8,-3.9,14.3,32.5,48.0,60.1,71.4,81.0,87.9,92.5,95.9,97.2,-25.0,-13.5,0.9,15.1,27.7,52.5,63.9,75.3,86.4,93.5,40.2,41.3,42.6,43.9,25.6,32.8,40.2,46.9,52.7,-9.7,-0.8,9.4,17.4,8.9,-1.4,54.9,63.6,73.2,79.9,73.8,64.3,9.3,22.2,32.7,38.6,45.0,52.6,59.2,52.4,44.7,37.8,31.1,21.0,14.3,31.9,38.1,44.5,55.3,44.4,38.0,31.7,-47.1,-26.8,-6.5,13.4,32.2,48.4,61.4,70.6,72.9,70.3,60.3,46.7,30.5,12.2,-6.8,-26.2,-46.1,-56.7,-63.7,-65.0,-62.2,-57.1,-58.2,-63.7,-66.8,-66.2,-59.8,-43.5,-30.5,-17.8,-5.0,2.8,5.3,7.4,5.5,2.8,-43.3,-47.8,-47.5,-41.2,-39.0,-38.9,-41.8,-48.7,-49.0,-44.7,-40.2,-39.8,28.3,24.1,21.6,23.5,21.7,24.6,28.6,36.5,39.5,40.2,39.5,36.2,28.7,27.8,28.4,27.8,29.1,29.9,30.8,30.1,678.1,681.9,686.4,689.2,688.9,686.4,680.7,673.3,673.5,683.5,698.9,711.1,716.3,715.5,713.5,711.6,711.0,645.4,639.6,635.9,632.9,632.0,640.4,648.4,657.7,667.6,678.0,638.4,632.7,626.5,620.8,636.5,635.7,635.6,639.3,643.5,645.9,643.3,644.2,646.2,644.6,643.6,657.5,660.0,664.4,671.2,665.0,660.6,653.3,643.3,640.1,641.7,644.2,653.4,667.1,655.4,647.8,644.8,643.6,645.9,651.3,643.2,644.3,647.4,662.9,647.3,644.1,643.3,0.593,0.21,-0.263,0.053,270.509,185.06,-5.897,11.494,-13.042,17.383,4.188,1.73,-4.117,2.488,4.047,-2.48,0.488,1.096,0.084,-1.805,-0.44,-0.152,0.41,1.173,-0.823,-0.758,0.528,-0.34,-0.336,-0.49,0.246,-0.019,0.115,0.068,-0.106,-0.009,-0.02,-0.001,0.012,-0.001,0.41,0.0,0.0,0.95,0.0,0.0,0.0,0.0,0.0,0.43,0.0,0.0,0.0,0.0,0.0,0.0,0.0,0.0,1.0,0.0,1.0,0.0,0.0,0.0,0.0,0.0,0.0,0.0,0.0,0.0,0.0,0.0,0.0,1.0,0.0
PP133,g1,2989,0,0.975,0.20528,0.189503,-0.960182,0.055626,0.181598,-0.981798,0.134,0.189,248.3,249.7,252.9,256.0,257.2,256.0,252.6,249.5,243.9,246.0,248.9,252.4,255.8,258.4,260.1,258.0,255.1,251.9,248.7,245.9,251.3,252.7,254.1,254.7,254.2,252.8,251.4,250.8,285.5,286.5,289.2,292.1,293.5,292.5,289.7,286.6,282.4,284.4,287.1,290.3,293.2,295.1,296.2,295.1,293.3,290.8,287.8,284.8,288.1,289.4,290.6,291.0,290.4,289.1,287.9,287.5,159.8,156.7,155.4,156.8,160.1,163.5,164.5,163.1,161.2,159.4,158.3,157.9,158.6,160.2,162.3,163.4,163.7,163.8,163.5,162.7,161.4,162.1,161.5,160.1,158.7,158.1,158.6,160.0,160.2,157.1,155.8,157.0,160.1,163.2,164.5,163.5,162.4,160.3,158.7,158.1,158.6,159.7,161.5,162.9,163.6,163.9,163.8,163.5,161.6,162.1,161.6,160.2,158.8,158.3,158.9,160.3,-2.3,-0.4,3.8,7.9,9.5,7.9,3.4,-0.7,-8.1,-5.3,-1.4,3.2,7.7,11.0,13.3,10.5,6.7,2.4,-1.7,-5.4,1.7,3.5,5.4,6.2,5.5,3.7,1.9,1.0,48.3,49.7,53.6,57.7,59.6,58.1,54.2,49.8,44.1,46.7,50.4,54.9,59.1,62.1,64.0,62.1,59.2,55.5,51.4,47.2,52.0,53.8,55.5,56.1,55.3,53.5,51.8,51.2,-36.4,-40.7,-42.3,-40.4,-36.1,-31.6,-30.2,-32.1,-34.9,-37.1,-38.4,-38.9,-38.0,-36.0,-33.3,-31.8,-31.3,-31.1,-31.6,-32.8,-34.4,-33.6,-34.3,-36.1,-38.0,-38.9,-38.1,-36.3,-37.1,-41.4,-43.4,-41.8,-37.6,-33.3,-31.3,-32.6,-34.2,-37.0,-39.1,-40.1,-39.6,-38.3,-36.1,-33.9,-32.7,-32.1,-32.2,-32.7,-35.3,-34.7,-35.5,-37.4,-39.2,-39.9,-39.1,-37.2,514.6,515.1,515.4,515.3,514.8,514.5,514.0,514.1,518.6,516.1,513.9,512.8,513.5,515.0,516.7,515.0,513.4,512.9,513.9,516.1,515.3,515.2,515.3,515.6,515.8,515.8,515.7,515.5,531.1,532.1,533.8,535.2,535.5,534.4,532.7,531.4,531.4,530.7,530.6,531.7,534.5,538.1,541.4,538.1,534.7,532.2,530.9,530.9,533.2,533.8,534.5,535.0,534.9,534.3,533.5,533.1,33.9,-4.0,652.8,0.202,-0.197,0.042,223.0,223.1,224.4,226.7,231.2,238.4,247.4,257.9,268.5,277.1,283.3,288.9,293.9,297.7,300.4,302.4,303.2,234.5,241.4,250.3,259.0,266.8,281.8,288.3,294.5,300.4,303.7,274.3,275.2,276.3,277.3,265.3,269.8,274.4,278.3,281.7,243.8,249.2,255.4,260.2,255.0,248.9,282.4,287.4,292.8,296.3,293.2,287.8,255.0,263.0,269.5,273.1,276.9,281.2,284.4,280.9,276.6,272.5,268.5,262.2,258.0,269.0,272.7,276.5,282.4,276.5,272.7,268.8,160.2,172.0,183.6,194.9,205.6,214.9,222.6,228.4,229.8,227.7,221.2,213.2,204.2,194.2,183.8,173.1,162.2,153.1,148.4,147.4,148.9,152.0,151.9,149.0,147.7,148.7,153.0,160.7,168.5,176.3,184.3,189.1,190.7,192.0,190.7,189.1,161.1,158.3,158.5,162.4,163.7,163.6,162.5,158.5,158.6,161.4,163.8,163.8,204.2,201.9,200.6,201.7,200.6,202.1,204.1,209.1,211.3,211.8,211.4,209.3,204.5,204.2,204.6,204.1,204.5,205.5,206.1,205.7,-46.8,-47.0,-45.0,-41.1,-33.1,-20.4,-4.6,13.6,31.8,47.3,59.4,70.8,80.4,87.3,92.0,95.4,96.8,-25.6,-14.1,0.4,14.6,27.2,52.0,63.4,74.9,86.0,93.1,39.7,40.8,42.1,43.3,24.9,32.2,39.6,46.3,52.2,-10.3,-1.3,8.9,16.9,8.3,-1.9,54.5,63.1,72.8,79.5,73.4,63.8,8.4,21.4,32.0,38.0,44.4,52.1,58.8,51.8,44.0,37.1,30.4,20.2,13.4,31.2,37.5,43.9,54.9,43.8,37.3,30.9,-47.4,-27.1,-6.8,13.1,31.9,48.1,61.2,70.4,72.8,70.2,60.3,46.7,30.5,12.3,-6.7,-26.2,-46.1,-56.9,-64.0,-65.3,-62.5,-57.3,-58.3,-63.9,-66.9,-66.3,-59.8,-43.8,-30.7,-18.0,-5.1,2.6,5.1,7.3,5.3,2.7,-43.6,-48.1,-47.8,-41.5,-39.3,-39.3,-42.0,-48.9,-49.2,-44.8,-40.4,-40.0,27.9,23.8,21.4,23.3,21.5,24.3,28.3,36.3,39.4,40.0,39.3,36.0,28.3,27.5,28.2,27.5,28.9,29.8,30.6,29.9,677.8,681.6,686.0,688.7,688.5,685.9,680.2,672.6,672.7,682.6,698.1,710.3,715.5,714.7,712.8,711.0,710.4,645.3,639.4,635.5,632.5,631.4,639.8,647.7,657.0,667.0,677.4,637.7,631.9,625.7,619.9,635.8,634.9,634.8,638.4,642.7,645.6,642.9,643.8,645.8,644.1,643.2,656.8,659.4,663.8,670.5,664.2,660.0,652.8,642.8,639.5,641.0,643.5,652.8,666.5,654.7,647.1,644.1,642.9,645.3,650.8,642.6,643.6,646.7,662.4,646.6,643.5,642.6,0.593,0.209,-0.26,0.055,270.199,184.947,-5.862,11.172,-12.103,17.648,4.292,2.088,-4.436,2.49,4.163,-2.312,0.453,1.163,0.083,-1.681,-0.536,-0.144,0.397,1.272,-0.88,-0.67,0.577,-0.326,-0.249,-0.479,0.24,-0.046,0.124,0.064,-0.107,-0.003,-0.023,-0.002,0.01,-0.002,0.6,0.0,0.0,0.75,0.0,0.0,0.0,0.0,0.0,0.15,0.0,0.0,0.0,0.0,0.0,0.0,0.0,0.0,1.0,0.0,0.0,0.0,0.0,0.0,0.0,0.0,0.0,0.0,0.0,0.0,0.0,0.0,0.0,1.0,0.0
PP133,g1,2995,0,0.975,0.205809,0.195959,-0.958771,0.053307,0.187744,-0.98077,0.133,0.195,248.3,249.8,252.9,256.0,257.2,256.0,252.6,249.5,244.0,246.0,249.0,252.5,255.9,258.4,260.1,258.0,255.1,251.9,248.7,246.0,251.4,252.7,254.1,254.7,254.2,252.8,251.4,250.8,285.5,286.4,289.2,292.1,293.4,292.4,289.7,286.5,282.4,284.4,287.0,290.3,293.1,295.0,296.1,295.0,293.2,290.7,287.7,284.7,288.1,289.3,290.5,290.9,290.4,289.1,287.9,287.5,159.9,156.8,155.6,157.0,160.3,163.7,164.6,163.2,161.3,159.5,158.5,158.0,158.8,160.3,162.5,163.5,163.8,163.9,163.6,162.7,161.5,162.2,161.6,160.3,158.8,158.2,158.7,160.1,160.4,157.3,156.0,157.2,160.3,163.4,164.7,163.8,162.6,160.5,159.0,158.3,158.8,159.9,161.7,163.1,163.9,164.2,164.0,163.7,161.8,162.4,161.8,160.4,159.1,158.5,159.1,160.5,-2.2,-0.3,3.9,8.0,9.6,8.0,3.5,-0.6,-8.1,-5.3,-1.4,3.2,7.8,11.1,13.4,10.6,6.7,2.5,-1.7,-5.3,1.8,3.6,5.4,6.3,5.6,3.8,1.9,1.1,48.4,49.8,53.7,57.8,59.7,58.2,54.3,49.9,44.2,46.9,50.5,55.0,59.2,62.3,64.2,62.3,59.3,55.6,51.5,47.3,52.1,53.9,55.6,56.3,55.5,53.7,52.0,51.3,-36.4,-40.7,-42.3,-40.4,-36.0,-31.5,-30.2,-32.1,-34.9,-37.1,-38.3,-38.9,-37.9,-36.0,-33.3,-31.7,-31.2,-31.1,-31.6,-32.8,-34.4,-33.5,-34.2,-36.1,-38.0,-38.8,-38.1,-36.3,-36.9,-41.2,-43.2,-41.6,-37.4,-33.1,-31.2,-32.4,-34.0,-36.8,-38.9,-39.9,-39.4,-38.1,-35.9,-33.7,-32.5,-31.9,-32.0,-32.5,-35.2,-34.5,-35.3,-37.2,-39.1,-39.8,-38.9,-37.0,516.5,517.0,517.3,517.2,516.7,516.5,515.9,516.0,520.5,518.0,515.7,514.7,515.4,517.0,518.7,517.0,515.3,514.9,515.8,518.0,517.2,517.1,517.2,517.5,517.7,517.7,517.6,517.4,533.0,534.0,535.7,537.1,537.4,536.4,534.7,533.4,533.4,532.6,532.5,533.7,536.4,540.0,543.4,540.1,536.7,534.1,532.9,532.9,535.1,535.7,536.5,536.9,536.8,536.2,535.5,535.0,33.8,-4.0,655.4,0.211,-0.194,0.046,223.0,223.0,224.2,226.5,231.1,238.4,247.3,257.7,268.2,276.8,283.0,288.7,293.8,297.7,300.4,302.4,303.2,234.7,241.6,250.4,259.1,266.8,281.9,288.3,294.5,300.4,303.7,274.3,275.2,276.1,277.1,265.2,269.7,274.1,278.1,281.5,243.8,249.3,255.4,260.2,255.1,248.9,282.4,287.4,292.8,296.3,293.1,287.7,254.7,262.7,269.3,272.9,276.6,280.9,284.1,280.5,276.1,272.1,268.0,261.8,257.7,268.7,272.4,276.2,282.1,276.1,272.3,268.5,160.1,171.9,183.6,194.8,205.5,214.7,222.4,228.1,229.5,227.3,220.8,212.8,203.9,194.0,183.7,173.0,162.2,152.9,148.4,147.4,148.9,152.1,152.0,149.1,147.8,148.8,153.1,160.9,168.6,176.4,184.3,189.1,190.7,192.0,190.8,189.2,161.2,158.4,158.6,162.6,163.8,163.7,162.7,158.8,158.8,161.6,164.0,164.0,204.0,201.8,200.5,201.6,200.5,202.0,204.0,209.2,211.3,211.8,211.4,209.2,204.3,204.1,204.5,204.1,204.4,205.6,206.1,205.7,-47.0,-47.2,-45.4,-41.5,-33.4,-20.5,-4.7,13.3,31.4,47.0,59.2,70.7,80.5,87.5,92.2,95.7,97.0,-25.4,-13.8,0.6,14.7,27.3,52.4,63.8,75.2,86.3,93.3,39.8,40.8,42.0,43.2,24.8,32.1,39.4,46.2,52.0,-10.2,-1.2,9.0,16.9,8.4,-1.9,54.6,63.3,72.9,79.7,73.5,63.9,7.9,21.0,31.7,37.7,44.1,51.8,58.5,51.4,43.5,36.6,29.8,19.6,12.9,30.8,37.1,43.5,54.6,43.4,36.9,30.5,-47.7,-27.3,-6.9,13.0,31.8,48.0,60.9,70.1,72.6,69.9,59.8,46.2,30.0,11.9,-7.0,-26.4,-46.2,-57.3,-64.3,-65.5,-62.7,-57.5,-58.4,-63.9,-67.0,-66.3,-59.9,-43.6,-30.6,-17.9,-5.1,2.6,5.2,7.3,5.4,2.8,-43.6,-48.1,-47.7,-41.4,-39.2,-39.2,-41.8,-48.7,-48.9,-44.5,-40.1,-39.7,27.7,23.6,21.3,23.3,21.5,24.3,28.3,36.5,39.7,40.2,39.5,36.0,28.1,27.5,28.2,27.6,28.9,30.0,30.8,30.1,680.0,684.0,688.5,691.3,691.1,688.6,683.0,675.5,675.7,685.5,700.7,712.6,717.5,716.6,714.6,712.8,712.3,647.1,641.4,637.6,634.5,633.5,641.9,649.8,659.1,669.0,679.3,639.9,634.3,628.2,622.6,638.3,637.5,637.5,641.1,645.3,647.7,645.0,645.9,647.9,646.2,645.3,658.9,661.4,665.8,672.5,666.3,662.1,655.7,645.6,642.2,643.7,646.2,655.6,669.4,657.7,650.1,647.1,645.9,648.3,653.7,645.3,646.4,649.5,665.3,649.5,646.4,645.5,0.591,0.217,-0.256,0.059,270.059,184.924,-7.569,11.923,-11.944,16.666,5.377,1.518,-4.604,1.946,3.465,-2.047,0.533,1.181,0.247,-1.956,-0.657,-0.071,0.452,1.111,-1.054,-0.808,0.411,-0.425,-0.151,-0.363,0.208,-0.08,0.105,0.067,-0.112,0.001,-0.021,0.002,0.011,-0.0,0.5,0.0,0.0,0.64,0.0,0.0,0.15,0.0,0.0,0.04,0.0,0.0,0.0,0.0,0.0,0.0,0.0,1.0,1.0,0.0,1.0,0.0,0.0,0.0,0.0,0.0,0.0,0.0,0.0,0.0,0.0,0.0,0.0,1.0,0.0
PP133,g1,3001,0,0.975,0.20704,0.195031,-0.958696,0.051214,0.186747,-0.981072,0.132,0.194,248.2,249.6,252.8,256.0,257.1,255.9,252.5,249.4,243.8,245.9,248.9,252.4,255.8,258.3,260.0,257.9,255.0,251.8,248.6,245.8,251.2,252.6,254.0,254.6,254.1,252.7,251.3,250.7,285.5,286.5,289.2,292.1,293.4,292.5,289.7,286.6,282.4,284.4,287.1,290.3,293.2,295.1,296.2,295.1,293.2,290.7,287.8,284.7,288.1,289.4,290.6,291.0,290.4,289.1,287.9,287.5,159.5,156.3,155.1,156.6,159.8,163.3,164.2,162.8,160.8,159.1,158.0,157.6,158.3,159.9,162.0,163.1,163.4,163.5,163.1,162.3,161.1,161.7,161.2,159.8,158.4,157.8,158.3,159.7,160.1,157.0,155.6,156.9,159.9,163.0,164.4,163.4,162.2,160.1,158.6,157.9,158.4,159.6,161.3,162.7,163.5,163.8,163.7,163.3,161.5,162.0,161.4,160.1,158.7,158.2,158.8,160.1,-2.3,-0.5,3.8,7.9,9.4,7.8,3.3,-0.8,-8.2,-5.4,-1.5,3.1,7.6,11.0,13.2,10.4,6.5,2.3,-1.8,-5.5,1.6,3.4,5.3,6.1,5.4,3.6,1.8,0.9,48.3,49.8,53.7,57.8,59.6,58.2,54.2,49.8,44.2,46.8,50.4,55.0,59.2,62.2,64.1,62.2,59.3,55.6,51.4,47.3,52.1,53.9,55.6,56.2,55.4,53.6,51.9,51.3,-36.9,-41.1,-42.7,-40.8,-36.5,-31.9,-30.7,-32.6,-35.4,-37.5,-38.8,-39.3,-38.4,-36.4,-33.7,-32.2,-31.7,-31.5,-32.1,-33.3,-34.8,-34.0,-34.7,-36.5,-38.4,-39.3,-38.6,-36.7,-37.4,-41.7,-43.6,-42.1,-37.9,-33.5,-31.6,-32.9,-34.4,-37.3,-39.3,-40.3,-39.8,-38.5,-36.3,-34.2,-32.9,-32.3,-32.4,-33.0,-35.6,-34.9,-35.8,-37.7,-39.5,-40.2,-39.3,-37.4,514.8,515.4,515.7,515.6,515.1,514.9,514.3,514.4,518.8,516.3,514.1,513.1,513.9,515.4,517.1,515.4,513.7,513.2,514.2,516.3,515.5,515.5,515.6,515.9,516.1,516.1,516.0,515.7,532.0,533.0,534.7,536.1,536.3,535.3,533.6,532.4,532.3,531.6,531.5,532.6,535.3,538.9,542.2,538.9,535.6,533.1,531.8,531.8,534.1,534.7,535.4,535.9,535.7,535.1,534.4,534.0,33.6,-4.7,655.3,0.21,-0.194,0.048,222.9,222.9,224.1,226.4,231.0,238.2,247.1,257.5,267.9,276.5,282.8,288.6,293.8,297.7,300.5,302.5,303.3,234.5,241.4,250.2,259.0,266.8,281.9,288.4,294.6,300.5,303.8,274.2,275.1,276.1,277.0,265.0,269.5,274.0,278.0,281.4,243.7,249.2,255.3,260.1,255.0,248.8,282.4,287.4,292.8,296.3,293.1,287.7,254.4,262.5,269.1,272.7,276.5,280.8,284.1,280.5,276.0,271.9,267.8,261.5,257.4,268.5,272.3,276.1,282.1,276.0,272.1,268.3,159.8,171.6,183.2,194.4,205.0,214.2,221.8,227.4,228.9,226.8,220.4,212.5,203.6,193.8,183.4,172.8,161.9,152.5,147.9,146.9,148.5,151.6,151.5,148.6,147.4,148.4,152.7,160.5,168.2,176.0,183.9,188.7,190.2,191.6,190.4,188.8,160.7,158.0,158.2,162.2,163.4,163.3,162.3,158.4,158.4,161.3,163.6,163.7,203.4,201.3,200.0,201.1,200.1,201.5,203.5,208.7,210.8,211.3,210.9,208.6,203.8,203.7,204.1,203.6,203.9,205.1,205.6,205.2,-47.2,-47.4,-45.6,-41.8,-33.7,-20.8,-5.0,12.9,31.0,46.5,58.7,70.3,80.4,87.6,92.4,95.9,97.3,-25.7,-14.1,0.4,14.6,27.2,52.4,63.8,75.3,86.4,93.6,39.7,40.7,41.9,43.0,24.6,31.9,39.2,46.0,51.9,-10.5,-1.4,8.8,16.8,8.2,-2.0,54.6,63.3,73.0,79.8,73.6,64.0,7.4,20.6,31.4,37.4,43.9,51.7,58.5,51.3,43.3,36.3,29.5,19.1,12.4,30.5,36.8,43.4,54.6,43.2,36.6,30.2,-48.2,-27.9,-7.6,12.2,30.9,47.0,59.9,69.0,71.5,68.9,59.0,45.6,29.6,11.5,-7.4,-26.8,-46.7,-58.1,-65.0,-66.2,-63.4,-58.2,-59.1,-64.6,-67.6,-66.9,-60.5,-44.3,-31.3,-18.5,-5.7,1.9,4.5,6.6,4.7,2.2,-44.4,-48.8,-48.4,-42.0,-39.9,-40.0,-42.4,-49.3,-49.5,-45.1,-40.7,-40.4,26.7,22.8,20.5,22.5,20.8,23.6,27.4,35.6,38.8,39.4,38.7,35.1,27.2,26.7,27.4,26.8,28.0,29.2,30.0,29.2,680.1,683.8,688.2,691.0,690.7,688.2,682.6,675.1,675.3,685.1,700.3,712.3,717.3,716.6,714.9,713.4,713.0,647.4,641.6,637.7,634.6,633.4,641.8,649.7,659.1,669.0,679.3,639.9,634.3,628.2,622.6,638.2,637.4,637.4,641.0,645.2,647.8,645.0,646.0,647.9,646.2,645.4,658.9,661.4,665.7,672.5,666.2,662.0,655.6,645.7,642.2,643.6,646.1,655.5,669.3,657.7,650.0,647.0,645.8,648.3,653.7,645.3,646.3,649.4,665.3,649.4,646.3,645.5,0.591,0.215,-0.256,0.061,269.965,184.493,-7.228,10.687,-11.466,15.733,6.386,1.668,-4.803,1.947,3.394,-1.65,0.619,1.176,0.446,-1.665,-0.675,-0.172,0.352,1.138,-1.015,-0.882,0.471,-0.548,-0.106,-0.27,0.155,-0.114,0.099,0.065,-0.103,0.002,-0.017,0.008,0.009,-0.001,0.62,0.0,0.0,0.92,0.0,0.0,0.19,0.0,0.0,0.24,0.0,0.0,0.0,0.0,0.0,0.0,0.0,0.0,1.0,0.0,1.0,0.0,0.0,0.0,0.0,0.0,0.0,0.0,0.0,0.0,0.0,0.0,0.0,1.0,0.0
PP133,g1,3007,0,0.975,0.209257,0.194868,-0.958247,0.052795,0.186702,-0.980997,0.134,0.194,248.9,250.3,253.5,256.6,257.8,256.6,253.2,250.1,244.4,246.6,249.5,253.0,256.5,259.0,260.6,258.6,255.7,252.4,249.3,246.5,251.9,253.3,254.7,255.3,254.8,253.4,252.0,251.4,286.1,287.1,289.8,292.7,294.1,293.1,290.3,287.2,283.0,285.0,287.7,291.0,293.8,295.7,296.8,295.7,293.8,291.4,288.4,285.4,288.7,290.0,291.2,291.6,291.0,289.8,288.6,288.1,160.0,156.8,155.6,157.1,160.3,163.8,164.7,163.3,161.3,159.6,158.5,158.1,158.8,160.4,162.6,163.6,163.9,164.0,163.6,162.8,161.6,162.3,161.7,160.3,158.9,158.3,158.8,160.2,160.6,157.5,156.2,157.4,160.5,163.6,164.9,163.9,162.8,160.7,159.1,158.5,159.0,160.1,161.9,163.3,164.0,164.3,164.2,163.8,162.0,162.5,161.9,160.6,159.2,158.7,159.3,160.6,-1.5,0.4,4.6,8.7,10.3,8.7,4.2,0.1,-7.4,-4.5,-0.6,4.0,8.5,11.8,14.1,11.3,7.4,3.2,-0.9,-4.6,2.5,4.3,6.1,7.0,6.3,4.5,2.6,1.8,49.2,50.7,54.6,58.7,60.5,59.1,55.1,50.7,45.0,47.7,51.3,55.9,60.0,63.1,65.0,63.1,60.1,56.5,52.3,48.2,53.0,54.7,56.5,57.1,56.3,54.5,52.8,52.2,-36.2,-40.4,-42.0,-40.1,-35.8,-31.2,-29.9,-31.8,-34.7,-36.8,-38.1,-38.6,-37.6,-35.7,-33.0,-31.5,-30.9,-30.8,-31.4,-32.6,-34.1,-33.3,-34.0,-35.8,-37.7,-38.6,-37.8,-36.0,-36.6,-41.0,-42.9,-41.3,-37.1,-32.8,-30.9,-32.2,-33.7,-36.6,-38.6,-39.6,-39.1,-37.8,-35.6,-33.4,-32.2,-31.6,-31.7,-32.2,-34.9,-34.2,-35.0,-36.9,-38.8,-39.5,-38.6,-36.7,513.9,514.4,514.8,514.7,514.2,514.0,513.4,513.5,517.8,515.3,513.2,512.2,513.0,514.5,516.2,514.5,512.8,512.3,513.3,515.3,514.6,514.6,514.7,515.0,515.1,515.2,515.0,514.8,532.3,533.3,535.0,536.4,536.6,535.6,533.9,532.7,532.6,531.9,531.8,532.9,535.6,539.2,542.6,539.3,535.9,533.4,532.1,532.1,534.4,535.0,535.7,536.2,536.0,535.4,534.7,534.3,34.6,-3.9,654.4,0.21,-0.197,0.049,223.4,223.4,224.6,226.8,231.4,238.6,247.6,258.0,268.5,277.0,283.3,289.1,294.3,298.3,301.0,303.0,303.9,235.1,242.1,250.9,259.7,267.5,282.5,289.0,295.3,301.1,304.4,274.9,275.8,276.8,277.7,265.7,270.2,274.7,278.7,282.1,244.3,249.8,256.0,260.8,255.6,249.4,283.0,288.0,293.5,297.0,293.7,288.4,255.1,263.2,269.8,273.4,277.3,281.5,284.7,281.1,276.7,272.7,268.6,262.3,258.2,269.2,273.0,276.8,282.7,276.7,272.9,269.0,160.3,172.0,183.6,194.8,205.3,214.5,222.1,227.9,229.3,227.2,220.9,213.0,204.1,194.3,183.9,173.3,162.4,152.9,148.4,147.4,148.9,152.1,152.0,149.2,147.9,148.9,153.2,161.0,168.7,176.4,184.3,189.1,190.7,192.0,190.9,189.3,161.2,158.4,158.7,162.7,163.9,163.8,162.9,158.9,159.0,161.8,164.2,164.2,203.9,201.8,200.5,201.6,200.5,202.0,204.0,209.2,211.3,211.8,211.4,209.2,204.3,204.2,204.6,204.1,204.5,205.6,206.1,205.7,-46.2,-46.5,-44.7,-40.9,-32.9,-20.1,-4.2,13.8,31.9,47.3,59.6,71.2,81.3,88.5,93.3,96.8,98.3,-24.6,-13.0,1.5,15.8,28.4,53.3,64.8,76.3,87.5,94.6,40.8,41.8,43.0,44.1,25.7,33.0,40.3,47.1,53.0,-9.4,-0.3,9.9,17.9,9.3,-0.9,55.6,64.3,74.0,80.8,74.5,64.9,8.6,21.8,32.5,38.6,45.0,52.8,59.4,52.3,44.4,37.5,30.6,20.3,13.6,31.7,38.0,44.5,55.6,44.3,37.8,31.3,-47.3,-27.1,-6.9,12.8,31.5,47.5,60.4,69.7,72.2,69.6,59.7,46.5,30.5,12.4,-6.5,-26.0,-45.8,-57.3,-64.2,-65.4,-62.5,-57.3,-58.2,-63.7,-66.7,-66.0,-59.6,-43.3,-30.4,-17.8,-5.0,2.7,5.2,7.4,5.5,3.0,-43.5,-47.9,-47.5,-41.1,-39.0,-39.1,-41.5,-48.3,-48.6,-44.2,-39.7,-39.4,27.5,23.6,21.3,23.2,21.5,24.4,28.3,36.4,39.6,40.2,39.5,35.9,28.0,27.5,28.2,27.6,28.9,30.0,30.8,30.0,678.8,682.5,686.9,689.6,689.5,687.1,681.6,674.3,674.5,684.3,699.6,711.6,716.8,716.3,714.6,713.2,712.8,646.2,640.4,636.5,633.5,632.4,640.8,648.9,658.3,668.3,678.8,639.0,633.4,627.3,621.7,637.3,636.5,636.6,640.2,644.3,646.7,643.9,644.9,646.9,645.2,644.3,658.0,660.6,665.0,671.9,665.6,661.3,654.5,644.6,641.1,642.6,645.1,654.5,668.4,656.8,649.1,646.1,644.9,647.3,652.6,644.3,645.3,648.4,664.4,648.5,645.4,644.5,0.592,0.216,-0.262,0.063,270.602,184.976,-6.158,10.29,-11.589,15.639,6.338,1.05,-4.487,2.092,3.468,-1.524,0.495,1.185,0.327,-1.63,-0.685,-0.228,0.348,0.901,-1.008,-0.916,0.448,-0.549,-0.226,-0.317,0.127,-0.082,0.075,0.08,-0.104,-0.003,-0.021,0.014,0.012,-0.003,0.58,0.0,0.0,0.97,0.0,0.0,0.0,0.0,0.0,0.21,0.0,0.0,0.0,0.0,0.0,0.0,0.0,0.0,1.0,0.0,1.0,0.0,0.0,0.0,0.0,0.0,0.0,0.0,0.0,0.0,0.0,0.0,0.0,1.0,0.0
PP133,g1,3013,0,0.975,0.207025,0.194675,-0.958771,0.052875,0.186093,-0.981108,0.133,0.194,249.3,250.7,253.9,257.0,258.2,257.0,253.6,250.5,244.9,247.0,249.9,253.4,256.9,259.4,261.0,258.9,256.0,252.8,249.7,246.9,252.3,253.7,255.1,255.7,255.2,253.8,252.4,251.8,286.6,287.6,290.3,293.2,294.5,293.5,290.8,287.6,283.5,285.5,288.1,291.4,294.2,296.2,297.2,296.1,294.3,291.8,288.8,285.8,289.2,290.4,291.6,292.0,291.5,290.2,289.0,288.6,160.5,157.4,156.2,157.6,160.9,164.3,165.3,163.8,161.8,160.1,159.0,158.6,159.4,161.0,163.1,164.2,164.5,164.6,164.2,163.3,162.2,162.8,162.3,160.9,159.4,158.8,159.3,160.7,161.2,158.1,156.7,158.0,161.0,164.2,165.5,164.5,163.3,161.2,159.7,159.0,159.5,160.7,162.5,163.9,164.6,164.9,164.8,164.4,162.6,163.1,162.5,161.2,159.8,159.3,159.9,161.2,-1.0,0.9,5.2,9.3,10.8,9.2,4.7,0.6,-6.8,-4.0,-0.1,4.5,9.0,12.3,14.6,11.8,7.9,3.7,-0.4,-4.1,3.0,4.8,6.7,7.5,6.8,5.0,3.2,2.3,49.7,51.1,55.1,59.1,61.0,59.5,55.6,51.2,45.5,48.2,51.8,56.3,60.5,63.6,65.4,63.6,60.6,56.9,52.8,48.6,53.4,55.2,56.9,57.6,56.8,55.0,53.3,52.6,-35.4,-39.7,-41.3,-39.4,-35.0,-30.5,-29.2,-31.1,-34.0,-36.1,-37.4,-37.9,-36.9,-34.9,-32.2,-30.7,-30.2,-30.1,-30.6,-31.9,-33.4,-32.5,-33.2,-35.1,-37.0,-37.8,-37.1,-35.3,-35.8,-40.1,-42.0,-40.5,-36.3,-31.9,-30.0,-31.3,-32.9,-35.7,-37.7,-38.7,-38.2,-36.9,-34.7,-32.5,-31.3,-30.7,-30.8,-31.4,-34.0,-33.3,-34.2,-36.1,-37.9,-38.6,-37.7,-35.9,513.6,514.1,514.4,514.3,513.8,513.6,513.0,513.1,517.5,515.0,512.8,511.8,512.6,514.1,515.8,514.1,512.4,511.9,512.9,515.0,514.3,514.2,514.3,514.6,514.8,514.8,514.7,514.4,530.9,532.0,533.7,535.1,535.4,534.3,532.6,531.3,531.3,530.6,530.5,531.6,534.4,537.9,541.3,538.0,534.6,532.1,530.8,530.8,533.1,533.7,534.4,534.9,534.7,534.1,533.4,532.9,35.2,-2.9,653.9,0.211,-0.197,0.051,223.8,223.7,224.9,227.1,231.6,238.9,247.9,258.3,268.8,277.4,283.6,289.4,294.6,298.5,301.3,303.4,304.2,235.6,242.6,251.4,260.1,267.9,283.0,289.5,295.7,301.5,304.9,275.4,276.2,277.2,278.1,266.1,270.6,275.1,279.1,282.5,244.7,250.2,256.4,261.2,256.0,249.8,283.4,288.5,293.9,297.4,294.2,288.8,255.5,263.6,270.1,273.7,277.5,281.8,285.0,281.4,277.0,272.9,268.9,262.6,258.5,269.5,273.3,277.1,282.9,277.0,273.2,269.3,160.6,172.4,184.0,195.3,205.9,215.1,222.8,228.5,230.0,227.9,221.5,213.6,204.7,194.8,184.5,173.8,162.8,153.4,148.9,148.0,149.5,152.7,152.6,149.8,148.5,149.6,153.8,161.6,169.3,177.1,185.0,189.8,191.4,192.7,191.5,190.0,161.8,159.0,159.2,163.2,164.5,164.4,163.5,159.5,159.6,162.4,164.8,164.8,204.6,202.5,201.1,202.3,201.2,202.8,204.8,209.9,212.0,212.4,212.0,209.8,205.0,204.8,205.3,204.8,205.2,206.2,206.8,206.3,-45.6,-45.8,-44.1,-40.4,-32.4,-19.6,-3.7,14.3,32.4,47.9,60.1,71.7,81.7,88.9,93.8,97.3,98.8,-23.8,-12.2,2.2,16.3,28.9,54.1,65.5,76.9,88.1,95.2,41.4,42.4,43.6,44.7,26.3,33.5,40.8,47.6,53.5,-8.7,0.4,10.6,18.5,9.9,-0.3,56.3,65.0,74.7,81.4,75.2,65.6,9.2,22.3,33.0,39.0,45.4,53.2,59.8,52.7,44.8,37.9,31.1,20.9,14.2,32.2,38.4,44.9,55.9,44.7,38.2,31.8,-46.7,-26.4,-6.1,13.7,32.4,48.6,61.5,70.8,73.3,70.8,60.9,47.6,31.6,13.4,-5.5,-25.0,-44.9,-56.3,-63.2,-64.4,-61.5,-56.3,-57.2,-62.6,-65.6,-64.8,-58.4,-42.4,-29.4,-16.7,-3.9,3.7,6.3,8.4,6.6,4.1,-42.6,-47.0,-46.6,-40.1,-38.0,-38.1,-40.5,-47.3,-47.5,-43.1,-38.7,-38.4,28.7,24.7,22.4,24.3,22.7,25.5,29.5,37.6,40.7,41.2,40.5,36.9,29.2,28.6,29.3,28.7,30.1,31.1,31.8,31.0,678.1,681.8,686.3,689.1,689.0,686.7,681.2,673.9,674.2,684.0,699.3,711.3,716.4,715.8,713.9,712.2,711.7,645.3,639.7,635.9,633.0,631.9,640.5,648.5,657.8,667.6,677.9,638.5,632.9,626.9,621.3,636.8,636.1,636.1,639.7,643.9,646.0,643.2,644.2,646.2,644.5,643.6,657.5,660.0,664.4,671.2,665.0,660.7,654.0,644.1,640.7,642.2,644.7,654.1,667.9,656.3,648.6,645.6,644.3,646.8,652.0,643.8,644.9,648.0,663.8,647.9,644.9,644.0,0.593,0.218,-0.261,0.065,270.953,185.589,-6.634,10.729,-12.266,15.812,5.728,1.247,-4.506,1.952,3.477,-1.958,0.504,1.33,0.62,-1.841,-0.847,-0.127,0.564,1.163,-1.021,-0.834,0.307,-0.347,-0.197,-0.348,0.172,-0.104,0.087,0.073,-0.107,-0.001,-0.017,0.003,0.005,-0.001,0.49,0.03,0.0,0.71,0.0,0.0,0.0,0.0,0.0,0.25,0.0,0.0,0.0,0.0,0.0,0.0,0.0,0.0,1.0,0.0,1.0,0.0,0.0,0.0,0.0,0.0,0.0,0.0,0.0,0.0,0.0,0.0,0.0,1.0,0.0
PP133,g1,3019,0,0.975,0.204492,0.195652,-0.959116,0.051738,0.186872,-0.981021,0.131,0.195,249.3,250.8,254.0,257.1,258.3,257.0,253.6,250.5,244.9,247.0,250.0,253.5,256.9,259.4,261.1,259.0,256.1,252.9,249.7,246.9,252.4,253.7,255.1,255.7,255.2,253.9,252.5,251.8,286.6,287.6,290.3,293.2,294.5,293.5,290.8,287.6,283.5,285.5,288.1,291.4,294.2,296.2,297.2,296.1,294.3,291.8,288.8,285.8,289.2,290.4,291.6,292.1,291.5,290.2,289.0,288.6,160.8,157.7,156.5,157.9,161.2,164.6,165.6,164.1,162.1,160.4,159.3,158.9,159.7,161.3,163.4,164.5,164.8,164.9,164.5,163.6,162.5,163.1,162.6,161.2,159.7,159.1,159.6,161.0,161.5,158.4,157.0,158.3,161.4,164.5,165.8,164.8,163.6,161.5,160.0,159.3,159.9,161.0,162.8,164.2,164.9,165.2,165.1,164.7,162.9,163.4,162.8,161.5,160.1,159.6,160.2,161.5,-0.9,1.0,5.2,9.3,10.9,9.3,4.8,0.7,-6.7,-3.9,-0.0,4.6,9.1,12.4,14.7,11.9,8.0,3.8,-0.4,-4.0,3.1,4.9,6.7,7.6,6.9,5.1,3.2,2.4,49.7,51.2,55.1,59.2,61.0,59.6,55.6,51.2,45.5,48.2,51.8,56.4,60.6,63.6,65.5,63.6,60.6,57.0,52.8,48.7,53.5,55.2,57.0,57.6,56.8,55.0,53.3,52.7,-35.1,-39.3,-41.0,-39.0,-34.7,-30.2,-28.9,-30.8,-33.7,-35.8,-37.0,-37.5,-36.6,-34.6,-31.9,-30.4,-29.9,-29.7,-30.3,-31.5,-33.0,-32.2,-32.9,-34.7,-36.6,-37.5,-36.8,-34.9,-35.4,-39.7,-41.6,-40.1,-35.9,-31.5,-29.6,-30.9,-32.5,-35.3,-37.3,-38.4,-37.8,-36.5,-34.3,-32.2,-30.9,-30.3,-30.5,-31.0,-33.6,-32.9,-33.8,-35.7,-37.5,-38.2,-37.4,-35.5,514.5,515.1,515.3,515.2,514.8,514.5,514.0,514.1,518.5,516.0,513.8,512.8,513.5,515.1,516.8,515.1,513.4,512.9,513.9,516.0,515.2,515.2,515.3,515.5,515.7,515.8,515.7,515.4,531.3,532.3,534.0,535.4,535.7,534.7,533.0,531.7,531.6,530.9,530.8,531.9,534.7,538.3,541.6,538.3,535.0,532.4,531.2,531.1,533.4,534.0,534.7,535.2,535.1,534.4,533.7,533.3,35.3,-2.4,654.6,0.212,-0.194,0.05,223.9,223.9,225.0,227.3,231.8,239.0,248.0,258.4,268.9,277.5,283.8,289.5,294.7,298.6,301.4,303.4,304.3,235.8,242.7,251.5,260.2,267.9,283.0,289.5,295.7,301.5,304.8,275.4,276.2,277.2,278.1,266.1,270.6,275.1,279.0,282.4,244.8,250.3,256.5,261.2,256.1,249.9,283.4,288.5,293.9,297.4,294.2,288.8,255.6,263.6,270.1,273.7,277.5,281.8,285.0,281.4,277.0,273.0,268.9,262.7,258.6,269.5,273.3,277.1,282.9,277.0,273.2,269.3,160.8,172.6,184.2,195.5,206.1,215.4,223.1,228.8,230.3,228.2,221.7,213.8,204.9,195.0,184.7,174.1,163.2,153.7,149.2,148.3,149.9,153.0,153.0,150.1,148.9,149.8,154.1,161.9,169.7,177.4,185.3,190.1,191.7,193.0,191.9,190.3,162.1,159.3,159.5,163.5,164.8,164.7,163.7,159.8,159.9,162.7,165.1,165.1,205.0,202.8,201.5,202.7,201.6,203.1,205.1,210.2,212.4,212.8,212.4,210.2,205.4,205.2,205.6,205.2,205.6,206.6,207.1,206.7,-45.3,-45.6,-43.9,-40.1,-32.1,-19.3,-3.5,14.5,32.7,48.3,60.5,72.1,82.0,89.1,93.9,97.4,98.9,-23.6,-11.9,2.4,16.5,29.0,54.2,65.6,77.0,88.1,95.2,41.5,42.5,43.6,44.7,26.3,33.6,40.9,47.6,53.5,-8.6,0.5,10.7,18.6,10.0,-0.2,56.3,65.0,74.7,81.5,75.3,65.7,9.4,22.4,33.1,39.1,45.5,53.3,59.9,52.8,44.9,38.0,31.2,21.0,14.4,32.2,38.5,45.0,56.0,44.8,38.3,31.9,-46.3,-26.0,-5.7,14.2,32.9,49.1,62.2,71.4,73.9,71.3,61.4,47.9,31.9,13.8,-5.1,-24.5,-44.3,-56.0,-62.8,-63.9,-61.0,-55.8,-56.7,-62.1,-65.1,-64.4,-58.0,-41.9,-28.9,-16.2,-3.5,4.2,6.8,9.0,7.1,4.6,-42.1,-46.5,-46.2,-39.7,-37.6,-37.7,-40.0,-46.9,-47.1,-42.7,-38.2,-37.9,29.3,25.3,23.0,25.0,23.3,26.2,30.2,38.2,41.3,41.9,41.1,37.6,29.8,29.2,30.0,29.4,30.7,31.7,32.5,31.7,678.9,682.8,687.4,690.2,690.1,687.6,682.1,674.7,674.9,684.8,700.0,712.0,716.9,716.1,714.1,712.3,711.7,646.0,640.3,636.5,633.5,632.4,641.0,648.9,658.2,668.0,678.3,639.0,633.5,627.4,621.9,637.5,636.8,636.8,640.3,644.5,646.7,643.9,644.9,646.9,645.2,644.3,658.0,660.5,664.9,671.8,665.5,661.2,654.7,644.7,641.4,642.9,645.4,654.8,668.5,656.9,649.3,646.4,645.1,647.5,652.7,644.5,645.6,648.7,664.4,648.7,645.6,644.7,0.592,0.22,-0.258,0.064,271.004,185.897,-7.059,11.546,-12.601,16.331,5.519,1.216,-4.568,2.175,3.552,-1.791,0.689,1.138,0.3,-1.894,-0.893,-0.007,0.505,1.239,-1.057,-0.965,0.379,-0.289,-0.28,-0.375,0.187,-0.103,0.093,0.069,-0.105,-0.006,-0.022,0.006,0.01,-0.001,0.31,0.0,0.0,0.96,0.0,0.0,0.0,0.0,0.0,0.4,0.0,0.0,0.0,0.0,0.0,0.0,0.0,0.0,1.0,0.0,1.0,0.0,0.0,0.0,0.0,0.0,0.0,0.0,0.0,0.0,0.0,0.0,0.0,1.0,0.0
PP133,g1,3025,0,0.975,0.202397,0.191508,-0.960396,0.04871,0.183069,-0.981893,0.129,0.191,249.4,250.9,254.1,257.2,258.4,257.1,253.7,250.6,245.0,247.1,250.1,253.6,257.0,259.5,261.2,259.1,256.2,253.0,249.8,247.1,252.5,253.8,255.2,255.8,255.3,254.0,252.6,251.9,286.6,287.6,290.4,293.3,294.6,293.6,290.8,287.7,283.6,285.5,288.2,291.5,294.3,296.2,297.3,296.2,294.4,291.9,288.9,285.9,289.2,290.5,291.7,292.1,291.5,290.3,289.1,288.6,160.7,157.6,156.4,157.8,161.1,164.5,165.5,164.0,162.1,160.3,159.3,158.8,159.6,161.2,163.3,164.4,164.7,164.8,164.4,163.5,162.4,163.0,162.5,161.1,159.7,159.0,159.6,160.9,161.4,158.3,157.0,158.2,161.3,164.4,165.7,164.7,163.5,161.4,159.9,159.2,159.8,160.9,162.7,164.1,164.8,165.1,165.0,164.6,162.8,163.3,162.7,161.4,160.0,159.5,160.1,161.4,-0.7,1.1,5.4,9.5,11.0,9.4,4.9,0.8,-6.6,-3.8,0.1,4.7,9.2,12.6,14.8,12.0,8.1,3.9,-0.2,-3.9,3.2,5.0,6.9,7.7,7.0,5.2,3.4,2.6,49.9,51.3,55.3,59.4,61.2,59.7,55.8,51.4,45.7,48.4,52.0,56.6,60.7,63.8,65.7,63.8,60.8,57.1,53.0,48.8,53.6,55.4,57.1,57.8,57.0,55.2,53.5,52.8,-35.3,-39.5,-41.1,-39.2,-34.9,-30.3,-29.0,-31.0,-33.8,-35.9,-37.2,-37.7,-36.8,-34.8,-32.0,-30.5,-30.0,-29.9,-30.5,-31.7,-33.2,-32.4,-33.1,-34.9,-36.8,-37.7,-36.9,-35.1,-35.6,-39.9,-41.8,-40.2,-36.0,-31.7,-29.8,-31.1,-32.7,-35.5,-37.5,-38.5,-38.0,-36.7,-34.5,-32.3,-31.1,-30.5,-30.6,-31.2,-33.8,-33.1,-33.9,-35.8,-37.7,-38.4,-37.5,-35.6,515.3,515.8,516.1,516.0,515.5,515.3,514.7,514.9,519.3,516.8,514.5,513.5,514.3,515.8,517.5,515.8,514.1,513.7,514.7,516.8,516.0,515.9,516.1,516.3,516.5,516.5,516.4,516.2,532.0,533.1,534.8,536.1,536.4,535.4,533.7,532.4,532.4,531.7,531.5,532.7,535.4,539.0,542.3,539.0,535.7,533.1,531.9,531.9,534.1,534.7,535.5,535.9,535.8,535.2,534.5,534.0,35.5,-2.5,656.0,0.207,-0.19,0.049,224.1,224.1,225.3,227.6,232.1,239.3,248.3,258.7,269.1,277.7,283.9,289.7,294.8,298.8,301.5,303.6,304.5,235.8,242.7,251.5,260.2,267.9,283.0,289.5,295.8,301.6,305.0,275.4,276.2,277.2,278.1,266.2,270.6,275.1,279.1,282.5,244.9,250.4,256.5,261.3,256.2,250.0,283.5,288.5,294.0,297.5,294.3,288.9,255.7,263.7,270.2,273.8,277.6,281.8,285.1,281.5,277.1,273.1,269.0,262.8,258.7,269.6,273.4,277.1,283.0,277.1,273.3,269.4,160.9,172.7,184.3,195.6,206.2,215.4,223.1,228.7,230.1,228.1,221.7,213.8,204.9,195.1,184.8,174.1,163.2,153.7,149.2,148.2,149.8,152.9,152.9,150.0,148.8,149.8,154.1,161.8,169.5,177.2,185.2,189.9,191.5,192.8,191.7,190.1,162.0,159.2,159.4,163.4,164.7,164.6,163.7,159.7,159.8,162.6,165.0,165.0,204.8,202.6,201.3,202.5,201.4,202.9,204.9,210.0,212.1,212.5,212.1,209.9,205.2,205.0,205.4,205.0,205.4,206.3,206.9,206.4,-45.1,-45.3,-43.5,-39.7,-31.6,-18.8,-3.0,15.0,33.1,48.6,60.8,72.4,82.4,89.5,94.4,97.9,99.5,-23.6,-12.0,2.4,16.5,29.1,54.4,65.9,77.3,88.5,95.7,41.7,42.6,43.7,44.8,26.5,33.7,41.0,47.8,53.7,-8.4,0.6,10.8,18.8,10.2,-0.1,56.6,65.3,75.0,81.8,75.6,66.0,9.6,22.7,33.3,39.3,45.7,53.5,60.2,53.0,45.1,38.2,31.5,21.3,14.6,32.4,38.7,45.2,56.3,45.0,38.5,32.1,-46.3,-26.0,-5.6,14.3,33.1,49.3,62.2,71.4,73.8,71.2,61.4,48.1,32.0,13.9,-5.0,-24.4,-44.3,-56.1,-63.0,-64.2,-61.3,-56.2,-57.0,-62.4,-65.3,-64.6,-58.1,-42.2,-29.2,-16.5,-3.7,4.0,6.6,8.7,6.9,4.3,-42.4,-46.8,-46.4,-40.0,-37.8,-37.9,-40.3,-47.1,-47.3,-42.9,-38.4,-38.1,29.1,25.1,22.8,24.7,23.0,25.9,29.9,37.9,40.9,41.5,40.8,37.3,29.6,28.9,29.7,29.1,30.5,31.4,32.1,31.3,680.9,684.7,689.2,691.9,691.6,689.0,683.4,675.9,676.1,685.9,701.1,713.1,718.1,717.3,715.5,713.8,713.3,648.2,642.4,638.5,635.4,634.2,642.7,650.6,659.8,669.7,680.0,640.7,635.1,629.0,623.5,639.1,638.3,638.3,641.8,646.0,648.6,645.9,646.8,648.7,647.1,646.2,659.6,662.2,666.5,673.3,667.1,662.8,656.3,646.4,643.0,644.4,646.9,656.2,669.8,658.2,650.7,647.7,646.5,649.0,654.3,646.1,647.1,650.1,665.8,650.1,647.0,646.2,0.591,0.215,-0.254,0.062,271.11,185.791,-7.266,11.2,-12.433,16.205,6.016,1.687,-4.576,1.922,3.674,-2.083,0.491,1.119,0.397,-1.824,-0.686,-0.032,0.48,1.226,-0.993,-0.771,0.441,-0.437,-0.291,-0.431,0.134,-0.09,0.106,0.067,-0.103,-0.003,-0.018,0.005,0.013,-0.002,0.26,0.0,0.0,0.74,0.0,0.0,0.11,0.0,0.0,0.54,0.0,0.0,0.0,0.0,0.0,0.0,0.0,0.0,1.0,0.0,1.0,0.0,0.0,0.0,0.0,0.0,0.0,0.0,0.0,0.0,0.0,0.0,0.0,1.0,0.0
PP133,g1,3031,0,0.975,0.202928,0.196517,-0.959271,0.050928,0.186227,-0.981186,0.13,0.195,250.5,252.0,255.2,258.3,259.4,258.2,254.8,251.7,246.1,248.3,251.2,254.7,258.1,260.6,262.2,260.1,257.2,254.0,250.9,248.1,253.5,254.9,256.3,256.9,256.4,255.1,253.7,253.0,287.6,288.6,291.3,294.2,295.5,294.5,291.7,288.6,284.5,286.5,289.2,292.4,295.2,297.1,298.2,297.1,295.2,292.8,289.8,286.8,290.1,291.4,292.6,293.0,292.5,291.2,290.0,289.6,159.9,156.7,155.6,157.0,160.3,163.7,164.6,163.1,161.2,159.4,158.4,158.0,158.8,160.4,162.5,163.6,163.8,163.9,163.5,162.6,161.5,162.1,161.6,160.3,158.8,158.2,158.7,160.1,160.8,157.7,156.4,157.7,160.8,163.9,165.2,164.1,162.9,160.9,159.4,158.7,159.3,160.4,162.2,163.6,164.3,164.6,164.4,164.0,162.2,162.8,162.2,160.9,159.5,159.0,159.5,160.9,0.7,2.6,6.9,11.0,12.5,10.8,6.3,2.3,-5.2,-2.3,1.6,6.2,10.7,14.0,16.2,13.4,9.6,5.3,1.2,-2.5,4.7,6.5,8.3,9.2,8.5,6.7,4.9,4.0,51.4,52.9,56.8,60.9,62.7,61.2,57.2,52.8,47.2,49.8,53.5,58.1,62.2,65.3,67.1,65.2,62.3,58.6,54.4,50.3,55.1,56.9,58.6,59.3,58.5,56.7,55.0,54.3,-36.6,-40.8,-42.4,-40.5,-36.1,-31.6,-30.3,-32.3,-35.2,-37.3,-38.5,-39.0,-38.0,-36.0,-33.3,-31.8,-31.3,-31.2,-31.8,-33.1,-34.5,-33.7,-34.4,-36.2,-38.1,-38.9,-38.3,-36.4,-36.5,-40.8,-42.7,-41.0,-36.8,-32.5,-30.6,-32.0,-33.6,-36.4,-38.4,-39.4,-38.8,-37.5,-35.2,-33.1,-31.9,-31.4,-31.5,-32.1,-34.7,-34.0,-34.8,-36.7,-38.5,-39.2,-38.4,-36.5,517.9,518.4,518.7,518.7,518.2,517.9,517.4,517.5,521.8,519.4,517.2,516.2,516.9,518.5,520.2,518.5,516.8,516.3,517.3,519.4,518.6,518.6,518.7,518.9,519.1,519.2,519.0,518.8,534.1,535.1,536.8,538.3,538.5,537.5,535.8,534.5,534.4,533.7,533.6,534.8,537.5,541.1,544.5,541.2,537.8,535.2,534.0,533.9,536.2,536.8,537.6,538.0,537.9,537.3,536.5,536.1,36.8,-3.6,655.3,0.21,-0.193,0.059,225.0,224.9,225.9,228.0,232.4,239.6,248.5,258.9,269.4,278.0,284.2,290.1,295.2,299.2,302.1,304.2,305.2,237.0,244.0,252.7,261.4,269.1,284.2,290.6,296.8,302.6,305.8,276.5,277.2,278.1,279.0,267.0,271.5,275.9,279.9,283.3,246.0,251.5,257.6,262.3,257.2,251.0,284.5,289.5,294.9,298.3,295.1,289.8,256.2,264.3,270.8,274.5,278.3,282.5,285.7,282.1,277.7,273.6,269.5,263.3,259.2,270.2,274.0,277.8,283.7,277.7,273.8,270.0,159.9,171.6,183.3,194.6,205.2,214.6,222.4,228.2,229.7,227.8,221.4,213.5,204.6,194.7,184.4,173.8,162.8,152.6,148.2,147.3,149.0,152.1,152.2,149.4,148.3,149.3,153.6,161.1,168.9,176.6,184.6,189.2,190.9,192.3,191.1,189.6,161.1,158.3,158.6,162.6,163.8,163.7,163.1,159.2,159.3,162.2,164.5,164.5,204.0,201.9,200.7,201.9,200.8,202.4,204.4,209.4,211.5,211.9,211.5,209.2,204.3,204.3,204.8,204.4,204.8,205.8,206.3,205.8,-43.5,-44.0,-42.4,-38.9,-31.0,-18.4,-2.7,15.3,33.5,49.1,61.4,73.0,83.1,90.3,95.3,99.0,100.6,-21.5,-9.9,4.5,18.6,31.0,56.2,67.6,79.0,90.1,97.1,43.4,44.2,45.3,46.3,27.8,35.0,42.3,49.1,55.0,-6.6,2.5,12.6,20.5,11.9,1.7,58.1,66.9,76.5,83.2,77.0,67.4,10.4,23.6,34.3,40.3,46.8,54.5,61.2,54.0,46.0,39.1,32.3,22.1,15.4,33.4,39.7,46.2,57.3,46.0,39.5,33.0,-48.1,-27.8,-7.4,12.5,31.3,47.7,60.9,70.3,73.0,70.6,60.8,47.4,31.4,13.2,-5.7,-25.1,-45.0,-57.7,-64.5,-65.6,-62.6,-57.4,-58.0,-63.4,-66.2,-65.4,-58.9,-43.3,-30.3,-17.5,-4.6,2.8,5.5,7.8,5.9,3.4,-43.8,-48.2,-47.7,-41.2,-39.2,-39.4,-41.2,-48.0,-48.1,-43.6,-39.3,-39.1,27.6,23.8,21.7,23.7,22.0,24.9,28.9,36.9,39.9,40.4,39.6,36.0,28.2,27.8,28.6,28.1,29.5,30.4,31.1,30.2,679.4,683.2,687.7,690.4,690.1,687.6,682.1,674.7,675.1,685.1,700.4,712.4,717.5,716.8,714.9,713.2,712.7,646.8,641.2,637.5,634.6,633.6,642.1,650.0,659.3,669.1,679.4,640.1,634.5,628.4,622.9,638.4,637.6,637.6,641.2,645.4,647.4,644.7,645.8,647.8,646.0,645.1,659.0,661.6,665.9,672.6,666.5,662.2,655.3,645.5,642.3,643.8,646.3,655.6,669.2,657.6,649.9,646.9,645.6,648.0,653.3,645.3,646.3,649.5,665.2,649.4,646.3,645.4,0.591,0.217,-0.26,0.073,271.852,185.138,-8.2,11.289,-12.367,15.859,5.252,2.118,-4.298,1.8,3.305,-1.699,0.371,0.966,0.111,-1.769,-0.582,-0.169,0.372,1.364,-1.135,-0.903,0.284,-0.354,-0.194,-0.333,0.162,-0.108,0.114,0.048,-0.094,-0.002,-0.019,0.005,0.011,-0.006,0.43,0.17,0.0,0.47,0.0,0.0,0.18,0.0,0.0,0.52,0.0,0.0,0.0,0.0,0.0,0.0,0.0,0.0,1.0,0.0,0.0,0.0,0.0,0.0,0.0,0.0,0.0,0.0,0.0,0.0,0.0,0.0,0.0,1.0,0.0
PP133,g1,3037,0,0.975,0.201746,0.199074,-0.958993,0.048207,0.1878,-0.981023,0.128,0.197,250.9,252.4,255.6,258.6,259.8,258.5,255.1,252.0,246.5,248.6,251.6,255.1,258.4,260.9,262.5,260.4,257.6,254.4,251.3,248.5,253.9,255.2,256.6,257.3,256.8,255.4,254.0,253.4,287.9,289.0,291.7,294.6,295.8,294.8,292.1,289.0,284.8,286.9,289.5,292.8,295.6,297.5,298.5,297.4,295.6,293.1,290.2,287.1,290.5,291.7,292.9,293.4,292.8,291.6,290.4,289.9,159.3,156.1,155.0,156.5,159.7,163.1,164.0,162.5,160.5,158.8,157.8,157.4,158.2,159.8,162.0,163.0,163.3,163.3,162.9,162.0,160.9,161.6,161.0,159.7,158.3,157.6,158.1,159.5,160.5,157.4,156.1,157.4,160.5,163.6,164.8,163.8,162.5,160.5,159.0,158.4,159.0,160.2,161.9,163.3,164.0,164.3,164.1,163.7,161.9,162.5,161.9,160.6,159.2,158.6,159.2,160.5,1.2,3.2,7.4,11.5,13.0,11.3,6.8,2.7,-4.7,-1.8,2.1,6.7,11.2,14.5,16.7,13.9,10.0,5.8,1.7,-2.0,5.2,6.9,8.8,9.7,9.0,7.2,5.4,4.5,52.0,53.5,57.4,61.5,63.3,61.7,57.8,53.4,47.7,50.4,54.1,58.7,62.8,65.9,67.7,65.8,62.8,59.1,55.0,50.8,55.7,57.5,59.2,59.9,59.1,57.3,55.6,54.9,-37.5,-41.7,-43.2,-41.3,-36.9,-32.4,-31.2,-33.1,-36.1,-38.2,-39.4,-39.8,-38.8,-36.8,-34.0,-32.6,-32.1,-32.1,-32.7,-33.9,-35.3,-34.5,-35.2,-37.0,-38.9,-39.8,-39.1,-37.3,-37.0,-41.3,-43.2,-41.5,-37.3,-33.0,-31.1,-32.5,-34.2,-37.0,-38.9,-39.9,-39.3,-37.9,-35.7,-33.6,-32.4,-31.9,-32.0,-32.6,-35.2,-34.5,-35.3,-37.2,-39.0,-39.7,-38.9,-37.0,518.4,518.9,519.3,519.2,518.7,518.5,517.9,518.0,522.3,519.8,517.7,516.7,517.5,519.0,520.7,519.0,517.3,516.8,517.7,519.8,519.1,519.1,519.2,519.5,519.7,519.7,519.5,519.3,534.9,535.9,537.6,539.0,539.3,538.3,536.5,535.2,535.2,534.5,534.4,535.5,538.3,541.9,545.2,541.9,538.5,536.0,534.7,534.7,537.0,537.6,538.3,538.8,538.7,538.1,537.3,536.9,37.0,-4.4,655.5,0.212,-0.191,0.065,225.3,225.1,226.0,228.1,232.6,239.7,248.5,258.8,269.2,277.8,284.1,290.0,295.3,299.4,302.3,304.5,305.5,237.4,244.4,253.2,261.8,269.5,284.6,291.1,297.2,303.0,306.3,276.8,277.5,278.4,279.2,267.1,271.6,276.0,280.0,283.4,246.4,251.9,258.0,262.7,257.5,251.4,284.8,289.9,295.3,298.7,295.5,290.1,256.1,264.2,270.8,274.4,278.3,282.5,285.7,282.0,277.5,273.4,269.4,263.1,259.1,270.1,273.9,277.7,283.6,277.6,273.8,269.9,159.2,171.0,182.8,194.1,204.8,214.2,221.9,227.7,229.3,227.3,221.0,213.1,204.3,194.4,184.1,173.5,162.6,152.0,147.5,146.6,148.3,151.5,151.7,149.0,147.9,149.0,153.4,160.5,168.4,176.2,184.2,188.7,190.4,191.8,190.7,189.2,160.4,157.7,158.1,162.1,163.2,163.0,162.7,158.8,159.0,161.9,164.2,164.1,203.4,201.4,200.2,201.4,200.4,202.0,204.0,209.1,211.1,211.5,211.0,208.7,203.8,203.8,204.3,203.9,204.4,205.4,205.9,205.4,-43.0,-43.6,-42.2,-38.7,-30.8,-18.2,-2.6,15.2,33.2,48.8,61.2,72.9,83.1,90.6,95.7,99.5,101.3,-20.9,-9.2,5.2,19.2,31.7,56.9,68.4,79.8,90.9,97.9,44.0,44.8,45.7,46.5,28.0,35.2,42.5,49.3,55.3,-6.0,3.1,13.2,21.0,12.5,2.3,58.7,67.5,77.2,83.8,77.6,68.0,10.3,23.5,34.3,40.3,46.8,54.5,61.2,53.8,45.8,38.9,32.0,21.8,15.2,33.3,39.6,46.1,57.3,45.9,39.3,32.9,-49.2,-28.8,-8.4,11.7,30.6,46.9,60.1,69.5,72.2,69.8,60.0,46.7,30.8,12.7,-6.2,-25.5,-45.4,-58.9,-65.7,-66.7,-63.7,-58.4,-58.9,-64.1,-66.9,-65.9,-59.4,-44.2,-31.1,-18.2,-5.3,2.0,4.7,7.0,5.3,2.8,-44.9,-49.2,-48.6,-42.2,-40.1,-40.4,-41.9,-48.6,-48.6,-44.1,-39.8,-39.7,26.6,22.9,20.9,22.9,21.4,24.3,28.3,36.4,39.4,39.8,38.9,35.2,27.2,27.0,27.9,27.4,28.9,29.8,30.5,29.6,679.6,683.4,687.8,690.6,690.2,687.7,682.1,674.8,675.1,685.0,700.2,712.1,717.0,716.4,714.6,713.1,712.7,646.9,641.4,637.7,634.8,633.7,642.4,650.3,659.6,669.3,679.5,640.3,634.7,628.7,623.2,638.5,637.7,637.7,641.3,645.5,647.4,644.8,645.9,647.8,646.1,645.1,659.1,661.6,666.0,672.7,666.5,662.2,655.6,645.9,642.6,644.1,646.6,655.9,669.6,657.9,650.3,647.2,646.0,648.4,653.7,645.6,646.6,649.8,665.6,649.8,646.6,645.7,0.591,0.218,-0.257,0.079,272.002,184.688,-9.792,11.782,-11.929,15.701,6.298,2.368,-4.319,1.115,3.113,-1.456,0.47,1.169,0.382,-1.779,-0.751,-0.103,0.464,1.293,-1.176,-0.864,0.309,-0.502,-0.103,-0.394,0.068,-0.087,0.096,0.062,-0.096,0.005,-0.014,0.011,0.013,-0.007,0.48,0.12,0.0,0.7,0.0,0.0,0.04,0.0,0.0,0.42,0.0,0.0,0.0,0.0,0.0,0.0,0.0,0.0,1.0,0.0,1.0,0.0,0.0,0.0,0.0,0.0,0.0,0.0,0.0,0.0,0.0,0.0,0.0,1.0,0.0
PP133,g1,3043,0,0.975,0.201086,0.203241,-0.958258,0.047222,0.191416,-0.980372,0.127,0.201,251.0,252.5,255.7,258.8,259.9,258.6,255.2,252.2,246.6,248.7,251.7,255.2,258.6,261.1,262.7,260.6,257.7,254.5,251.4,248.6,254.0,255.3,256.8,257.4,256.9,255.6,254.2,253.5,288.2,289.2,292.0,294.8,296.1,295.1,292.3,289.2,285.1,287.1,289.8,293.1,295.9,297.8,298.8,297.7,295.8,293.3,290.4,287.4,290.8,292.0,293.2,293.7,293.1,291.9,290.7,290.2,159.3,156.2,155.1,156.6,159.8,163.2,164.1,162.6,160.6,158.9,157.9,157.5,158.3,159.9,162.1,163.1,163.4,163.4,162.9,162.1,161.0,161.7,161.2,159.8,158.4,157.7,158.2,159.6,160.6,157.5,156.3,157.6,160.7,163.7,165.0,164.0,162.7,160.7,159.2,158.6,159.2,160.3,162.1,163.5,164.2,164.5,164.3,163.8,162.1,162.6,162.1,160.7,159.4,158.8,159.4,160.7,1.4,3.3,7.6,11.7,13.1,11.4,6.9,2.8,-4.5,-1.7,2.2,6.9,11.3,14.6,16.8,14.0,10.1,5.9,1.8,-1.9,5.3,7.1,8.9,9.8,9.2,7.4,5.5,4.7,52.1,53.7,57.6,61.7,63.5,61.9,57.9,53.6,47.9,50.6,54.3,58.9,63.0,66.1,67.9,66.0,63.0,59.3,55.1,51.0,55.9,57.6,59.4,60.0,59.3,57.5,55.8,55.1,-37.2,-41.4,-43.0,-41.0,-36.6,-32.1,-30.9,-32.9,-35.9,-37.9,-39.1,-39.6,-38.5,-36.5,-33.7,-32.3,-31.8,-31.8,-32.4,-33.7,-35.1,-34.2,-34.9,-36.7,-38.6,-39.5,-38.8,-37.0,-36.7,-41.0,-42.8,-41.2,-37.0,-32.6,-30.8,-32.2,-33.8,-36.6,-38.6,-39.5,-38.9,-37.6,-35.3,-33.2,-32.0,-31.5,-31.7,-32.3,-34.9,-34.1,-34.9,-36.8,-38.7,-39.4,-38.6,-36.7,516.5,517.1,517.4,517.3,516.9,516.6,516.0,516.1,520.5,518.0,515.8,514.9,515.6,517.1,518.9,517.1,515.4,514.9,515.9,518.0,517.3,517.2,517.4,517.6,517.8,517.8,517.7,517.5,533.2,534.3,536.0,537.4,537.7,536.6,534.9,533.6,533.5,532.8,532.8,533.9,536.7,540.2,543.6,540.3,536.9,534.4,533.1,533.1,535.3,536.0,536.7,537.2,537.0,536.4,535.7,535.2,37.1,-3.9,653.2,0.22,-0.19,0.069,225.4,225.1,226.0,228.1,232.5,239.6,248.4,258.6,269.1,277.7,284.1,290.0,295.4,299.5,302.5,304.8,305.8,237.5,244.6,253.4,262.1,269.8,284.8,291.3,297.5,303.3,306.6,277.1,277.7,278.6,279.3,267.2,271.7,276.1,280.2,283.6,246.5,252.0,258.2,262.8,257.7,251.5,285.1,290.1,295.5,299.0,295.7,290.4,256.1,264.2,270.9,274.5,278.4,282.6,285.8,282.0,277.5,273.4,269.3,263.1,259.1,270.2,274.0,277.8,283.7,277.7,273.8,269.9,159.2,171.0,182.7,194.1,204.8,214.3,222.1,228.0,229.6,227.7,221.3,213.4,204.5,194.6,184.4,173.7,162.8,152.0,147.6,146.8,148.6,151.8,152.0,149.3,148.2,149.3,153.6,160.8,168.7,176.5,184.6,189.1,190.8,192.2,191.1,189.6,160.5,157.8,158.2,162.2,163.4,163.1,162.8,159.0,159.2,162.1,164.4,164.3,203.7,201.7,200.6,201.8,200.8,202.4,204.4,209.6,211.7,212.1,211.6,209.1,204.1,204.2,204.7,204.4,204.8,205.9,206.4,205.8,-42.6,-43.3,-42.0,-38.6,-30.9,-18.3,-2.8,14.9,32.9,48.5,60.9,72.8,83.0,90.6,95.8,99.7,101.5,-20.6,-8.9,5.5,19.5,32.0,57.0,68.5,79.9,91.0,98.0,44.2,44.9,45.8,46.6,28.0,35.2,42.5,49.3,55.3,-5.8,3.3,13.4,21.2,12.6,2.4,58.9,67.7,77.3,84.0,77.7,68.2,10.2,23.4,34.2,40.3,46.8,54.6,61.2,53.8,45.7,38.7,31.9,21.6,15.1,33.2,39.6,46.1,57.3,45.9,39.3,32.8,-49.1,-28.8,-8.4,11.6,30.6,47.0,60.2,69.8,72.6,70.2,60.4,47.0,31.0,13.1,-5.7,-25.0,-44.8,-58.5,-65.2,-66.1,-63.0,-57.6,-58.1,-63.3,-66.1,-65.2,-58.8,-43.5,-30.4,-17.5,-4.6,2.5,5.3,7.6,5.9,3.4,-44.6,-48.8,-48.3,-41.7,-39.8,-40.1,-41.4,-48.1,-48.1,-43.6,-39.3,-39.2,27.1,23.4,21.4,23.5,21.9,24.9,28.9,37.1,40.1,40.6,39.7,35.8,27.7,27.5,28.4,27.9,29.4,30.5,31.2,30.2,676.8,680.7,685.4,688.3,688.1,685.7,680.2,672.9,673.3,683.0,698.1,710.0,714.8,714.1,712.3,710.6,710.1,644.0,638.5,634.8,631.9,630.9,639.7,647.6,656.8,666.5,676.8,637.5,632.0,626.1,620.6,636.1,635.3,635.3,638.9,643.1,644.7,642.1,643.1,645.1,643.4,642.4,656.5,658.9,663.3,670.0,663.9,659.6,653.4,643.6,640.3,641.8,644.3,653.7,667.4,656.0,648.4,645.3,644.1,646.4,651.5,643.4,644.4,647.6,663.4,647.7,644.6,643.7,0.593,0.226,-0.257,0.083,272.108,184.96,-9.921,11.729,-11.531,16.056,6.238,2.181,-4.067,1.492,3.539,-1.226,0.975,1.356,0.524,-1.668,-0.777,-0.085,0.474,1.23,-1.025,-0.979,0.338,-0.533,-0.055,-0.32,0.102,-0.114,0.09,0.074,-0.098,0.01,-0.012,0.016,0.014,-0.002,0.28,0.0,0.0,0.87,0.0,0.0,0.18,0.0,0.0,0.2,0.0,0.0,0.0,0.0,0.0,0.0,0.0,0.0,1.0,0.0,1.0,0.0,0.0,0.0,0.0,0.0,0.0,0.0,0.0,0.0,0.0,0.0,0.0,1.0,0.0
PP133,g1,3049,0,0.925,0.200688,0.208416,-0.957229,0.046997,0.196373,-0.979402,0.127,0.206,251.0,252.5,255.7,258.8,259.9,258.6,255.2,252.1,246.5,248.7,251.6,255.2,258.6,261.0,262.7,260.5,257.6,254.4,251.3,248.5,254.0,255.3,256.7,257.4,256.9,255.5,254.1,253.5,288.2,289.2,292.0,294.8,296.1,295.1,292.3,289.2,285.0,287.1,289.8,293.1,295.9,297.8,298.8,297.7,295.8,293.3,290.4,287.3,290.7,292.0,293.2,293.7,293.1,291.9,290.6,290.2,159.8,156.7,155.6,157.1,160.4,163.8,164.7,163.1,161.1,159.4,158.3,158.0,158.8,160.5,162.7,163.7,163.9,163.9,163.5,162.6,161.5,162.2,161.7,160.3,158.9,158.2,158.7,160.1,161.2,158.1,156.8,158.1,161.2,164.3,165.6,164.5,163.3,161.2,159.7,159.1,159.7,160.9,162.7,164.1,164.8,165.1,164.9,164.4,162.6,163.2,162.6,161.3,159.9,159.4,159.9,161.3,1.3,3.3,7.5,11.6,13.0,11.3,6.8,2.8,-4.6,-1.7,2.2,6.8,11.3,14.6,16.7,13.9,10.0,5.8,1.7,-2.0,5.2,7.0,8.9,9.7,9.1,7.3,5.4,4.6,51.9,53.5,57.4,61.5,63.3,61.7,57.7,53.3,47.7,50.4,54.1,58.6,62.8,65.8,67.7,65.7,62.7,59.1,54.9,50.8,55.6,57.4,59.1,59.8,59.0,57.3,55.5,54.9,-36.4,-40.6,-42.1,-40.1,-35.7,-31.2,-30.1,-32.1,-35.1,-37.2,-38.3,-38.7,-37.7,-35.6,-32.8,-31.4,-31.0,-30.9,-31.6,-32.9,-34.3,-33.4,-34.0,-35.9,-37.8,-38.7,-38.0,-36.2,-35.8,-40.1,-41.9,-40.3,-36.1,-31.8,-29.9,-31.3,-32.9,-35.7,-37.7,-38.6,-38.1,-36.7,-34.4,-32.3,-31.1,-30.6,-30.8,-31.4,-34.0,-33.2,-34.0,-35.9,-37.8,-38.5,-37.7,-35.8,514.6,515.1,515.4,515.3,514.9,514.6,514.0,514.1,518.5,516.0,513.8,512.8,513.6,515.1,516.9,515.1,513.4,513.0,513.9,516.0,515.3,515.2,515.4,515.6,515.8,515.8,515.7,515.5,531.3,532.3,534.0,535.5,535.8,534.8,533.1,531.7,531.7,530.9,530.8,532.0,534.8,538.4,541.7,538.4,535.1,532.5,531.2,531.2,533.5,534.1,534.8,535.3,535.1,534.5,533.8,533.3,36.9,-3.0,652.5,0.231,-0.19,0.071,225.2,224.9,225.8,227.9,232.3,239.4,248.3,258.5,269.0,277.6,283.9,289.9,295.3,299.4,302.5,304.8,305.8,237.5,244.6,253.4,262.1,269.8,284.9,291.4,297.6,303.4,306.6,277.1,277.7,278.5,279.3,267.2,271.6,276.0,280.0,283.4,246.4,252.0,258.1,262.8,257.6,251.4,285.0,290.1,295.6,298.9,295.7,290.3,256.0,264.1,270.8,274.4,278.1,282.4,285.5,281.7,277.2,273.2,269.1,262.9,259.0,270.1,273.8,277.6,283.4,277.4,273.6,269.8,159.3,171.2,182.9,194.3,205.1,214.6,222.5,228.4,230.0,228.0,221.5,213.6,204.7,194.9,184.7,174.1,163.2,152.4,148.1,147.3,149.1,152.4,152.6,149.9,148.7,149.8,154.1,161.4,169.3,177.2,185.2,189.7,191.4,192.8,191.7,190.2,161.0,158.3,158.7,162.8,163.9,163.7,163.4,159.5,159.7,162.6,164.9,164.9,204.4,202.4,201.3,202.5,201.5,203.1,205.1,210.4,212.5,212.9,212.4,209.9,204.8,204.9,205.4,205.0,205.5,206.7,207.2,206.6,-42.8,-43.6,-42.4,-39.0,-31.2,-18.5,-3.0,14.7,32.7,48.2,60.6,72.4,82.7,90.2,95.5,99.4,101.3,-20.6,-8.8,5.5,19.5,31.9,57.0,68.4,79.8,90.9,97.8,44.1,44.8,45.6,46.4,27.9,35.1,42.3,49.1,55.0,-5.9,3.2,13.4,21.1,12.5,2.3,58.7,67.5,77.2,83.8,77.5,68.0,10.0,23.2,34.0,40.0,46.4,54.1,60.6,53.3,45.2,38.3,31.5,21.3,15.0,33.0,39.3,45.7,56.7,45.4,38.9,32.5,-48.7,-28.4,-8.0,12.0,31.1,47.5,60.8,70.4,73.2,70.8,60.8,47.3,31.4,13.6,-5.1,-24.3,-44.0,-57.7,-64.2,-65.1,-62.0,-56.5,-57.0,-62.2,-65.0,-64.2,-57.8,-42.4,-29.3,-16.5,-3.6,3.6,6.3,8.6,6.9,4.4,-43.7,-47.9,-47.3,-40.7,-38.7,-39.1,-40.4,-47.1,-47.1,-42.6,-38.3,-38.1,28.2,24.5,22.5,24.6,23.0,26.0,30.1,38.4,41.5,41.9,41.0,37.1,28.8,28.7,29.5,29.1,30.6,31.8,32.4,31.5,675.5,679.8,684.6,687.7,687.6,685.3,679.9,672.9,673.3,683.0,697.8,709.4,714.0,713.1,711.1,709.3,708.6,642.4,636.8,633.2,630.3,629.4,638.2,646.2,655.4,665.1,675.4,636.2,630.8,625.0,619.7,635.2,634.5,634.6,638.1,642.2,643.3,640.6,641.6,643.7,642.0,641.1,655.2,657.6,662.0,668.9,662.7,658.4,652.8,643.0,639.6,641.1,643.6,653.0,666.8,655.6,648.1,645.1,643.8,646.1,650.9,642.8,643.9,647.0,662.8,647.3,644.2,643.3,0.594,0.237,-0.256,0.087,272.01,185.507,-10.366,12.694,-11.92,16.528,6.907,1.372,-3.754,1.683,3.804,-1.096,1.017,1.361,0.63,-2.035,-1.037,0.176,0.654,1.226,-1.03,-0.903,0.346,-0.52,-0.143,-0.211,-0.004,-0.101,0.112,0.062,-0.096,0.017,-0.014,0.02,0.012,-0.004,0.29,0.0,0.0,0.53,0.0,0.0,0.13,0.0,0.0,0.4,0.0,0.0,0.0,0.0,0.0,0.0,0.0,0.0,1.0,0.0,0.0,0.0,0.0,0.0,0.0,0.0,0.0,0.0,0.0,0.0,0.0,0.0,0.0,1.0,0.0
PP133,g1,3055,0,0.925,0.201007,0.209509,-0.956923,0.048261,0.197193,-0.979176,0.128,0.207,250.7,252.2,255.4,258.5,259.6,258.3,254.9,251.8,246.3,248.4,251.4,254.9,258.3,260.8,262.4,260.3,257.4,254.2,251.0,248.3,253.7,255.0,256.5,257.1,256.6,255.3,253.9,253.2,287.9,289.0,291.7,294.6,295.9,294.8,292.1,288.9,284.8,286.8,289.5,292.8,295.6,297.5,298.5,297.4,295.6,293.1,290.1,287.1,290.5,291.8,293.0,293.4,292.9,291.6,290.4,289.9,159.9,156.7,155.6,157.1,160.4,163.8,164.7,163.1,161.1,159.4,158.4,158.0,158.8,160.5,162.7,163.7,163.9,163.9,163.5,162.6,161.5,162.2,161.7,160.3,158.9,158.2,158.7,160.1,161.1,158.0,156.7,158.0,161.1,164.2,165.5,164.4,163.2,161.1,159.6,159.0,159.6,160.7,162.5,163.9,164.7,165.0,164.8,164.3,162.5,163.1,162.5,161.2,159.8,159.2,159.8,161.2,1.0,2.9,7.2,11.2,12.7,11.0,6.5,2.4,-4.9,-2.1,1.8,6.5,10.9,14.2,16.4,13.6,9.7,5.5,1.4,-2.3,4.9,6.7,8.5,9.4,8.7,7.0,5.1,4.2,51.5,53.0,57.0,61.1,62.8,61.3,57.3,52.9,47.3,50.0,53.6,58.2,62.4,65.4,67.2,65.3,62.3,58.7,54.5,50.4,55.2,57.0,58.7,59.4,58.6,56.9,55.1,54.5,-36.4,-40.6,-42.1,-40.1,-35.8,-31.3,-30.1,-32.1,-35.1,-37.2,-38.3,-38.8,-37.7,-35.7,-32.9,-31.4,-31.0,-30.9,-31.6,-32.9,-34.3,-33.4,-34.1,-35.9,-37.8,-38.7,-38.0,-36.2,-35.9,-40.2,-42.0,-40.4,-36.2,-31.9,-30.0,-31.4,-33.0,-35.8,-37.8,-38.7,-38.2,-36.8,-34.6,-32.4,-31.2,-30.7,-30.9,-31.5,-34.1,-33.3,-34.2,-36.0,-37.9,-38.6,-37.8,-35.9,514.7,515.2,515.5,515.4,515.0,514.7,514.2,514.2,518.6,516.1,513.9,513.0,513.7,515.2,517.0,515.2,513.6,513.1,514.0,516.1,515.4,515.3,515.5,515.7,515.9,515.9,515.8,515.6,530.6,531.6,533.3,534.7,535.0,534.0,532.3,531.0,530.9,530.2,530.1,531.2,534.0,537.6,541.0,537.7,534.3,531.8,530.5,530.5,532.7,533.3,534.1,534.5,534.4,533.8,533.0,532.6,36.6,-3.1,652.2,0.234,-0.191,0.068,224.9,224.6,225.6,227.7,232.2,239.4,248.3,258.6,269.0,277.7,284.0,289.9,295.2,299.3,302.3,304.5,305.5,237.2,244.3,253.1,261.8,269.6,284.6,291.1,297.3,303.1,306.3,276.9,277.5,278.4,279.1,267.0,271.4,275.9,279.9,283.3,246.2,251.7,257.9,262.5,257.4,251.2,284.8,289.9,295.3,298.7,295.5,290.1,255.8,263.9,270.6,274.2,278.1,282.3,285.5,281.7,277.2,273.1,269.0,262.7,258.8,269.9,273.7,277.5,283.4,277.3,273.5,269.6,159.3,171.1,182.9,194.3,205.1,214.5,222.4,228.3,229.9,227.8,221.3,213.3,204.4,194.7,184.5,174.0,163.2,152.4,148.1,147.3,149.1,152.4,152.6,149.8,148.6,149.7,153.9,161.4,169.3,177.2,185.3,189.7,191.4,192.8,191.7,190.2,161.0,158.3,158.7,162.8,163.9,163.7,163.3,159.4,159.6,162.5,164.8,164.8,204.3,202.4,201.2,202.5,201.4,203.0,205.0,210.3,212.4,212.9,212.4,209.9,204.8,204.9,205.4,205.0,205.4,206.6,207.1,206.6,-43.4,-44.1,-42.8,-39.3,-31.4,-18.7,-3.0,14.8,32.8,48.4,60.7,72.4,82.6,89.9,95.1,98.9,100.6,-21.0,-9.2,5.1,19.1,31.5,56.5,68.0,79.4,90.4,97.2,43.7,44.4,45.3,46.2,27.6,34.8,42.0,48.8,54.7,-6.3,2.8,12.9,20.7,12.1,1.9,58.3,67.1,76.7,83.4,77.1,67.5,9.7,22.9,33.8,39.8,46.2,54.0,60.6,53.2,45.1,38.2,31.3,21.1,14.6,32.8,39.1,45.6,56.7,45.3,38.7,32.3,-48.8,-28.5,-8.1,11.9,30.9,47.4,60.7,70.3,73.0,70.5,60.3,46.8,30.9,13.1,-5.4,-24.5,-44.1,-57.6,-64.1,-65.1,-61.9,-56.5,-57.0,-62.4,-65.2,-64.4,-58.0,-42.5,-29.3,-16.5,-3.6,3.6,6.3,8.6,6.9,4.4,-43.6,-47.9,-47.3,-40.7,-38.7,-39.0,-40.5,-47.2,-47.3,-42.8,-38.4,-38.3,28.1,24.5,22.5,24.5,23.0,25.9,29.8,38.2,41.4,41.9,41.0,37.0,28.7,28.6,29.5,29.0,30.4,31.7,32.4,31.5,675.4,679.7,684.6,687.7,687.6,685.2,679.8,672.7,673.1,682.9,697.9,709.4,713.9,712.8,710.6,708.8,708.1,641.8,636.2,632.6,629.7,628.8,637.7,645.7,654.9,664.7,675.0,635.7,630.4,624.5,619.3,634.9,634.2,634.3,637.8,641.9,642.8,640.1,641.2,643.3,641.6,640.6,654.8,657.2,661.6,668.5,662.3,658.1,652.6,642.7,639.3,640.9,643.4,652.9,666.7,655.5,648.0,644.9,643.6,645.8,650.8,642.5,643.7,646.8,662.8,647.1,643.9,643.0,0.595,0.24,-0.256,0.084,271.843,185.437,-9.979,13.448,-11.72,16.296,6.822,1.466,-3.984,2.259,3.766,-0.814,0.874,1.166,0.584,-1.973,-1.168,0.291,0.633,1.424,-0.95,-1.028,0.328,-0.438,-0.109,-0.205,0.101,-0.152,0.095,0.072,-0.091,0.017,-0.02,0.015,0.013,-0.006,0.0,0.0,0.0,0.6,0.0,0.0,0.08,0.0,0.0,0.28,0.0,0.0,0.0,0.0,0.0,0.0,0.0,0.0,1.0,0.0,0.0,0.0,0.0,0.0,0.0,0.0,0.0,0.0,0.0,0.0,0.0,0.0,0.0,1.0,0.0
PP133,g1,3060,0,0.925,0.204842,0.205297,-0.957023,0.051992,0.194058,-0.979611,0.132,0.203,250.3,251.8,255.1,258.2,259.3,258.0,254.6,251.5,245.9,248.0,251.0,254.6,258.0,260.4,262.1,260.0,257.0,253.8,250.7,247.9,253.3,254.7,256.1,256.7,256.3,254.9,253.5,252.8,287.6,288.6,291.4,294.2,295.5,294.5,291.7,288.6,284.4,286.4,289.1,292.4,295.2,297.1,298.2,297.1,295.2,292.7,289.8,286.7,290.1,291.4,292.6,293.0,292.5,291.2,290.0,289.6,160.1,157.0,155.8,157.3,160.6,164.1,165.0,163.4,161.4,159.7,158.6,158.3,159.1,160.7,162.9,164.0,164.2,164.2,163.8,162.9,161.8,162.5,162.0,160.6,159.1,158.5,159.0,160.4,161.3,158.2,156.9,158.2,161.3,164.4,165.7,164.6,163.4,161.3,159.8,159.2,159.7,160.9,162.7,164.1,164.9,165.2,165.0,164.5,162.7,163.3,162.7,161.3,160.0,159.4,160.0,161.3,0.5,2.4,6.7,10.7,12.2,10.5,6.0,1.9,-5.4,-2.6,1.3,6.0,10.4,13.7,15.9,13.1,9.2,5.0,0.9,-2.8,4.4,6.2,8.0,8.9,8.2,6.5,4.6,3.7,51.0,52.5,56.4,60.5,62.3,60.7,56.8,52.4,46.8,49.4,53.1,57.7,61.8,64.8,66.7,64.8,61.8,58.1,54.0,49.9,54.7,56.5,58.2,58.9,58.1,56.3,54.6,53.9,-35.9,-40.1,-41.6,-39.7,-35.3,-30.8,-29.6,-31.6,-34.5,-36.6,-37.8,-38.3,-37.2,-35.2,-32.4,-30.9,-30.5,-30.4,-31.1,-32.4,-33.8,-32.9,-33.6,-35.4,-37.3,-38.2,-37.5,-35.7,-35.6,-39.9,-41.8,-40.2,-35.9,-31.6,-29.8,-31.1,-32.7,-35.5,-37.5,-38.5,-38.0,-36.6,-34.3,-32.2,-30.9,-30.4,-30.6,-31.2,-33.8,-33.1,-33.9,-35.8,-37.6,-38.3,-37.5,-35.6,512.9,513.5,513.8,513.7,513.3,513.0,512.4,512.5,516.9,514.4,512.2,511.2,512.0,513.5,515.3,513.5,511.8,511.4,512.3,514.4,513.7,513.6,513.8,514.0,514.2,514.2,514.1,513.8,530.3,531.2,533.0,534.4,534.7,533.7,532.0,530.7,530.6,529.9,529.8,530.9,533.7,537.3,540.7,537.4,534.0,531.5,530.2,530.2,532.4,533.0,533.8,534.2,534.1,533.5,532.7,532.3,36.1,-2.7,652.3,0.228,-0.195,0.066,224.5,224.3,225.3,227.4,231.9,239.1,248.0,258.4,268.8,277.4,283.7,289.6,294.8,298.9,301.8,304.1,305.1,236.7,243.8,252.7,261.4,269.2,284.2,290.7,296.9,302.7,305.9,276.5,277.2,278.1,278.9,266.8,271.2,275.7,279.7,283.1,245.8,251.3,257.5,262.2,257.0,250.8,284.4,289.5,294.9,298.3,295.1,289.7,255.9,263.9,270.6,274.1,277.9,282.0,285.1,281.5,277.0,273.0,269.0,262.8,258.9,269.9,273.6,277.3,283.1,277.1,273.4,269.6,159.8,171.6,183.3,194.6,205.4,214.7,222.5,228.4,230.0,227.9,221.4,213.5,204.6,194.8,184.6,174.1,163.2,152.9,148.5,147.6,149.4,152.7,152.8,150.0,148.8,149.9,154.2,161.6,169.5,177.3,185.3,189.9,191.5,192.9,191.8,190.3,161.3,158.6,158.9,163.0,164.2,164.0,163.5,159.6,159.7,162.6,165.0,165.0,204.7,202.7,201.4,202.7,201.6,203.2,205.2,210.4,212.5,212.9,212.5,210.1,205.1,205.1,205.6,205.2,205.7,206.7,207.2,206.7,-44.0,-44.7,-43.2,-39.7,-31.8,-19.1,-3.4,14.4,32.4,47.9,60.2,71.9,82.0,89.3,94.4,98.2,100.0,-21.8,-10.1,4.3,18.5,31.0,55.8,67.3,78.7,89.8,96.7,43.1,43.9,44.9,45.8,27.3,34.5,41.7,48.4,54.3,-7.0,2.2,12.3,20.1,11.6,1.3,57.7,66.5,76.1,82.8,76.5,67.0,9.8,22.9,33.7,39.5,45.9,53.5,60.0,52.8,44.8,38.0,31.3,21.2,14.8,32.7,38.9,45.2,56.1,45.0,38.6,32.3,-48.0,-27.7,-7.4,12.5,31.4,47.8,61.0,70.4,73.2,70.7,60.6,47.2,31.3,13.4,-5.2,-24.4,-44.0,-56.9,-63.6,-64.6,-61.5,-56.1,-56.7,-62.0,-64.9,-64.1,-57.7,-42.1,-29.1,-16.3,-3.5,3.9,6.5,8.8,7.1,4.6,-43.1,-47.4,-46.9,-40.3,-38.3,-38.6,-40.2,-47.0,-47.1,-42.6,-38.2,-38.0,28.7,25.0,22.8,24.9,23.3,26.3,30.3,38.5,41.5,42.0,41.1,37.4,29.3,29.0,29.8,29.3,30.8,31.8,32.5,31.6,675.6,679.8,684.6,687.6,687.5,685.2,679.8,672.7,673.1,682.9,698.0,709.7,714.5,713.6,711.6,709.9,709.2,642.5,636.7,633.0,630.1,629.2,638.1,646.1,655.5,665.4,675.9,636.0,630.6,624.7,619.3,634.9,634.3,634.4,637.9,642.0,643.3,640.5,641.6,643.7,642.0,641.1,655.2,657.7,662.2,669.2,662.9,658.5,652.4,642.6,639.2,640.7,643.2,652.7,666.4,655.2,647.7,644.7,643.4,645.6,650.5,642.4,643.5,646.7,662.4,646.9,643.8,642.8,0.594,0.235,-0.261,0.081,271.572,185.651,-7.908,12.642,-12.441,16.96,6.859,0.922,-3.923,1.927,4.124,-1.07,0.982,1.159,0.699,-1.964,-1.009,0.146,0.703,1.187,-0.972,-0.799,0.394,-0.568,-0.132,-0.228,0.117,-0.102,0.082,0.077,-0.097,0.012,-0.021,0.012,0.011,-0.002,0.19,0.0,0.0,0.37,0.0,0.0,0.0,0.0,0.0,0.35,0.0,0.0,0.0,0.0,0.0,0.0,0.0,0.0,1.0,0.0,1.0,0.0,0.0,0.0,0.0,0.0,0.0,0.0,0.0,0.0,0.0,0.0,0.0,1.0,0.0
PP133,g1,3065,0,0.925,0.206222,0.205672,-0.956646,0.053279,0.194852,-0.979385,0.133,0.204,250.4,251.9,255.1,258.2,259.3,258.0,254.6,251.5,245.9,248.1,251.0,254.6,258.0,260.5,262.1,260.0,257.1,253.9,250.7,247.9,253.4,254.7,256.1,256.8,256.3,254.9,253.5,252.9,287.6,288.6,291.4,294.2,295.5,294.5,291.7,288.6,284.5,286.5,289.2,292.4,295.3,297.1,298.2,297.1,295.2,292.8,289.8,286.8,290.2,291.4,292.6,293.1,292.5,291.2,290.0,289.6,160.2,157.1,155.9,157.4,160.7,164.1,165.0,163.5,161.5,159.8,158.7,158.3,159.2,160.8,163.0,164.0,164.3,164.3,163.9,163.0,161.9,162.5,162.0,160.7,159.2,158.6,159.1,160.5,161.3,158.2,156.9,158.2,161.3,164.4,165.7,164.7,163.5,161.4,159.9,159.2,159.8,160.9,162.7,164.1,164.9,165.2,165.0,164.6,162.7,163.3,162.7,161.4,160.0,159.5,160.0,161.4,0.5,2.5,6.7,10.8,12.3,10.6,6.1,2.0,-5.4,-2.5,1.4,6.0,10.5,13.8,16.0,13.2,9.3,5.1,1.0,-2.7,4.4,6.2,8.1,8.9,8.3,6.5,4.6,3.8,51.1,52.6,56.6,60.6,62.4,60.9,57.0,52.6,46.9,49.6,53.2,57.8,62.0,65.0,66.8,64.9,62.0,58.3,54.1,50.0,54.8,56.6,58.3,59.0,58.2,56.4,54.7,54.1,-35.8,-40.0,-41.6,-39.6,-35.2,-30.7,-29.5,-31.5,-34.5,-36.6,-37.8,-38.2,-37.2,-35.2,-32.4,-30.9,-30.4,-30.4,-31.0,-32.3,-33.7,-32.8,-33.5,-35.4,-37.3,-38.1,-37.5,-35.6,-35.6,-39.9,-41.8,-40.2,-36.0,-31.6,-29.8,-31.1,-32.7,-35.5,-37.6,-38.5,-38.0,-36.6,-34.4,-32.2,-31.0,-30.4,-30.6,-31.2,-33.8,-33.1,-33.9,-35.8,-37.7,-38.4,-37.5,-35.7,513.5,514.1,514.4,514.3,513.9,513.6,513.0,513.1,517.5,515.0,512.8,511.8,512.6,514.1,515.9,514.1,512.5,512.0,512.9,515.0,514.3,514.2,514.4,514.6,514.8,514.8,514.7,514.4,531.4,532.4,534.1,535.6,535.9,534.9,533.2,531.8,531.7,531.0,530.9,532.1,534.9,538.5,541.9,538.6,535.2,532.6,531.4,531.3,533.6,534.2,534.9,535.4,535.2,534.6,533.9,533.4,36.2,-2.7,652.5,0.228,-0.198,0.066,224.6,224.4,225.4,227.4,231.9,239.0,248.0,258.4,268.9,277.4,283.7,289.5,294.8,298.9,301.8,304.1,305.1,236.8,243.9,252.7,261.5,269.3,284.2,290.7,296.9,302.7,305.9,276.5,277.3,278.1,279.0,266.9,271.3,275.7,279.7,283.1,245.8,251.4,257.5,262.2,257.1,250.9,284.5,289.5,294.9,298.3,295.1,289.8,256.0,264.1,270.7,274.2,278.0,282.1,285.2,281.6,277.2,273.2,269.2,263.0,259.0,270.0,273.7,277.4,283.2,277.3,273.5,269.7,159.8,171.6,183.3,194.6,205.3,214.7,222.5,228.4,230.0,227.9,221.5,213.5,204.6,194.9,184.6,174.1,163.2,152.9,148.5,147.7,149.4,152.7,152.9,150.0,148.8,149.9,154.2,161.7,169.5,177.3,185.3,189.9,191.6,192.9,191.8,190.3,161.4,158.7,159.0,163.1,164.3,164.1,163.6,159.6,159.8,162.6,165.0,165.0,204.8,202.7,201.5,202.7,201.6,203.2,205.2,210.4,212.5,212.9,212.4,210.1,205.1,205.2,205.6,205.2,205.7,206.7,207.2,206.7,-43.9,-44.6,-43.2,-39.7,-31.9,-19.2,-3.5,14.4,32.5,48.0,60.2,71.9,82.0,89.4,94.5,98.3,100.0,-21.7,-10.0,4.4,18.5,31.0,55.9,67.4,78.8,89.9,96.7,43.2,44.0,45.0,46.0,27.4,34.6,41.8,48.6,54.5,-6.9,2.2,12.4,20.2,11.6,1.4,57.8,66.5,76.2,82.8,76.6,67.0,10.0,23.2,33.9,39.7,46.1,53.7,60.1,53.0,45.1,38.3,31.6,21.5,15.0,32.9,39.1,45.4,56.2,45.2,38.8,32.5,-47.8,-27.6,-7.4,12.5,31.3,47.7,60.9,70.4,73.2,70.7,60.7,47.3,31.4,13.5,-5.2,-24.4,-44.1,-56.9,-63.5,-64.5,-61.4,-56.0,-56.6,-62.0,-64.9,-64.1,-57.7,-42.0,-29.0,-16.3,-3.4,3.9,6.6,8.8,7.1,4.6,-43.0,-47.3,-46.8,-40.2,-38.2,-38.4,-40.1,-46.9,-47.0,-42.6,-38.1,-37.9,28.8,25.0,22.9,24.9,23.3,26.3,30.3,38.4,41.5,41.9,41.1,37.4,29.4,29.1,29.9,29.4,30.8,31.8,32.5,31.6,675.5,679.6,684.4,687.5,687.5,685.2,679.9,672.9,673.3,683.2,698.3,710.1,715.0,714.2,712.2,710.4,709.6,642.5,636.8,633.2,630.3,629.5,638.3,646.3,655.7,665.7,676.2,636.3,630.9,625.0,619.6,635.1,634.5,634.6,638.2,642.3,643.5,640.7,641.8,644.0,642.3,641.3,655.5,658.0,662.5,669.5,663.2,658.8,652.5,642.7,639.3,640.9,643.4,652.9,666.7,655.4,647.8,644.8,643.5,645.7,650.6,642.6,643.7,646.8,662.6,647.0,643.9,642.9,0.594,0.235,-0.264,0.081,271.629,185.673,-7.48,11.93,-12.707,16.761,6.458,0.845,-3.979,2.087,4.104,-1.184,0.891,1.143,0.595,-2.116,-0.92,0.203,0.653,1.116,-0.93,-0.786,0.402,-0.496,-0.172,-0.322,0.128,-0.084,0.078,0.081,-0.103,0.012,-0.022,0.011,0.014,-0.0,0.0,0.0,0.0,0.64,0.0,0.0,0.08,0.0,0.0,0.37,0.0,0.0,0.0,0.0,0.0,0.0,0.0,0.0,1.0,0.0,1.0,0.0,0.0,0.0,0.0,0.0,0.0,0.0,0.0,0.0,0.0,0.0,0.0,1.0,0.0
PP133,g1,3069,0,0.925,0.209836,0.205836,-0.955825,0.056701,0.194805,-0.979202,0.137,0.204,250.7,252.2,255.4,258.5,259.6,258.4,254.9,251.9,246.3,248.4,251.4,254.9,258.3,260.8,262.4,260.3,257.4,254.2,251.1,248.3,253.7,255.0,256.5,257.1,256.6,255.3,253.8,253.2,287.8,288.9,291.6,294.4,295.7,294.7,291.9,288.8,284.7,286.7,289.4,292.7,295.5,297.3,298.4,297.3,295.4,293.0,290.0,287.0,290.4,291.6,292.8,293.3,292.7,291.5,290.3,289.8,160.2,157.0,155.9,157.4,160.7,164.1,165.0,163.5,161.4,159.7,158.7,158.3,159.1,160.7,162.9,164.0,164.2,164.2,163.8,162.9,161.8,162.5,162.0,160.6,159.2,158.5,159.0,160.4,161.3,158.2,156.9,158.2,161.3,164.4,165.7,164.6,163.4,161.3,159.9,159.2,159.8,160.9,162.7,164.1,164.9,165.2,165.0,164.5,162.7,163.3,162.7,161.4,160.0,159.5,160.0,161.4,0.9,2.9,7.1,11.2,12.7,11.0,6.5,2.4,-5.0,-2.1,1.8,6.5,10.9,14.2,16.4,13.6,9.7,5.5,1.4,-2.3,4.9,6.7,8.5,9.4,8.7,6.9,5.1,4.2,51.6,53.1,57.0,61.1,62.9,61.3,57.4,53.0,47.4,50.0,53.7,58.3,62.4,65.4,67.2,65.3,62.4,58.7,54.6,50.4,55.3,57.0,58.8,59.4,58.7,56.9,55.2,54.5,-36.0,-40.2,-41.7,-39.7,-35.4,-30.9,-29.7,-31.6,-34.6,-36.7,-37.9,-38.3,-37.3,-35.3,-32.5,-31.0,-30.6,-30.5,-31.2,-32.5,-33.9,-33.0,-33.7,-35.5,-37.4,-38.3,-37.6,-35.8,-35.7,-40.0,-41.9,-40.3,-36.0,-31.7,-29.9,-31.2,-32.8,-35.6,-37.7,-38.6,-38.1,-36.7,-34.5,-32.3,-31.1,-30.5,-30.7,-31.3,-33.9,-33.2,-34.0,-35.9,-37.7,-38.5,-37.6,-35.8,514.5,515.0,515.4,515.3,514.9,514.6,514.0,514.1,518.4,515.9,513.8,512.8,513.6,515.2,516.9,515.2,513.5,512.9,513.9,515.9,515.2,515.2,515.4,515.6,515.8,515.8,515.7,515.4,532.7,533.7,535.4,536.9,537.2,536.2,534.5,533.1,533.0,532.3,532.2,533.4,536.2,539.8,543.2,539.9,536.5,534.0,532.6,532.6,534.9,535.5,536.3,536.7,536.5,535.9,535.2,534.7,36.6,-2.9,652.6,0.226,-0.203,0.067,224.7,224.5,225.4,227.5,231.9,239.1,248.0,258.4,268.9,277.5,283.8,289.6,294.9,299.0,301.9,304.1,305.1,237.0,244.1,253.0,261.8,269.7,284.5,291.0,297.2,302.9,306.1,276.8,277.6,278.5,279.3,267.2,271.6,276.0,280.0,283.4,246.1,251.7,257.9,262.5,257.4,251.2,284.7,289.7,295.1,298.5,295.3,290.0,256.2,264.3,271.0,274.5,278.2,282.4,285.4,281.8,277.4,273.5,269.4,263.2,259.2,270.3,274.0,277.7,283.4,277.5,273.8,270.0,159.7,171.5,183.2,194.5,205.2,214.6,222.4,228.3,229.9,227.9,221.4,213.5,204.6,194.8,184.6,174.0,163.1,152.9,148.5,147.6,149.4,152.7,152.8,150.0,148.8,149.9,154.2,161.7,169.5,177.2,185.2,189.8,191.4,192.8,191.7,190.2,161.3,158.6,159.0,163.1,164.2,164.0,163.6,159.6,159.8,162.7,165.0,165.0,204.6,202.5,201.3,202.5,201.5,203.1,205.1,210.2,212.3,212.7,212.3,209.9,204.9,205.0,205.5,205.1,205.5,206.6,207.1,206.6,-43.8,-44.4,-43.0,-39.6,-31.8,-19.2,-3.4,14.5,32.7,48.2,60.4,72.1,82.2,89.6,94.7,98.5,100.2,-21.4,-9.7,4.9,19.1,31.7,56.3,67.8,79.2,90.3,97.1,43.7,44.6,45.6,46.5,27.9,35.1,42.3,49.0,54.9,-6.4,2.8,12.9,20.7,12.1,1.9,58.2,67.0,76.6,83.2,77.0,67.4,10.4,23.6,34.3,40.2,46.5,54.1,60.4,53.4,45.5,38.7,32.0,21.9,15.4,33.3,39.5,45.8,56.6,45.6,39.2,32.9,-48.0,-27.8,-7.6,12.3,31.1,47.5,60.7,70.3,73.1,70.6,60.6,47.2,31.2,13.3,-5.4,-24.6,-44.3,-56.8,-63.6,-64.6,-61.5,-56.1,-56.7,-62.1,-65.0,-64.1,-57.6,-42.1,-29.1,-16.5,-3.7,3.7,6.4,8.6,6.9,4.4,-43.1,-47.4,-46.9,-40.3,-38.3,-38.5,-40.2,-46.9,-47.0,-42.6,-38.2,-38.0,28.5,24.8,22.6,24.7,23.1,26.0,30.0,38.2,41.2,41.7,40.8,37.1,29.1,28.8,29.6,29.1,30.6,31.6,32.3,31.4,675.3,679.4,684.1,687.0,687.0,684.8,679.6,672.7,673.2,683.2,698.4,710.3,715.2,714.5,712.7,711.0,710.4,642.6,636.8,633.2,630.4,629.6,638.6,646.6,656.1,666.2,676.7,636.4,631.0,625.0,619.6,635.0,634.5,634.7,638.3,642.4,643.3,640.6,641.7,644.0,642.2,641.1,655.8,658.3,662.8,669.8,663.5,659.1,652.2,642.5,639.3,640.9,643.5,652.9,666.8,655.4,647.8,644.8,643.4,645.5,650.4,642.5,643.6,646.8,662.7,647.0,643.8,642.8,0.594,0.233,-0.269,0.083,271.846,185.581,-6.764,11.991,-12.348,16.327,6.359,0.594,-3.907,1.632,4.129,-1.115,0.667,1.134,0.58,-1.932,-0.916,-0.085,0.564,1.13,-1.031,-0.685,0.457,-0.551,-0.214,-0.346,0.159,-0.087,0.088,0.083,-0.101,0.007,-0.023,0.014,0.011,-0.005,0.31,0.0,0.0,0.26,0.0,0.0,0.0,0.0,0.0,0.32,0.0,0.0,0.0,0.0,0.0,0.0,0.0,0.0,1.0,0.0,0.0,0.0,0.0,0.0,0.0,0.0,0.0,0.0,0.0,0.0,0.0,0.0,0.0,1.0,0.0
PP133,g1,3073,0,0.975,0.211034,0.202898,-0.956189,0.057143,0.192452,-0.979641,0.138,0.201,250.5,252.0,255.2,258.3,259.4,258.1,254.7,251.6,246.0,248.2,251.2,254.7,258.1,260.6,262.2,260.1,257.2,254.0,250.8,248.0,253.5,254.8,256.2,256.9,256.4,255.0,253.6,253.0,287.6,288.6,291.4,294.2,295.5,294.4,291.7,288.6,284.5,286.5,289.2,292.4,295.2,297.1,298.1,297.0,295.2,292.7,289.8,286.8,290.1,291.4,292.6,293.0,292.5,291.2,290.0,289.6,160.1,156.9,155.8,157.3,160.5,163.9,164.8,163.3,161.3,159.6,158.6,158.2,159.0,160.6,162.8,163.8,164.1,164.1,163.7,162.8,161.7,162.4,161.9,160.5,159.1,158.4,158.9,160.3,161.2,158.1,156.8,158.1,161.2,164.3,165.5,164.5,163.3,161.2,159.7,159.1,159.7,160.8,162.6,164.0,164.8,165.0,164.9,164.4,162.6,163.2,162.6,161.3,159.9,159.4,159.9,161.3,0.7,2.6,6.9,10.9,12.4,10.7,6.2,2.2,-5.3,-2.4,1.5,6.2,10.6,13.9,16.1,13.3,9.4,5.2,1.1,-2.6,4.6,6.4,8.2,9.1,8.4,6.7,4.8,3.9,51.4,52.9,56.8,60.9,62.7,61.2,57.2,52.8,47.2,49.9,53.5,58.1,62.2,65.3,67.1,65.2,62.2,58.6,54.4,50.3,55.1,56.9,58.6,59.3,58.5,56.7,55.0,54.3,-36.2,-40.3,-41.9,-39.9,-35.6,-31.0,-29.8,-31.8,-34.8,-36.9,-38.1,-38.5,-37.5,-35.5,-32.7,-31.2,-30.8,-30.7,-31.3,-32.6,-34.0,-33.2,-33.8,-35.7,-37.6,-38.4,-37.8,-35.9,-36.0,-40.3,-42.2,-40.5,-36.3,-32.0,-30.1,-31.5,-33.1,-35.9,-37.9,-38.9,-38.3,-37.0,-34.7,-32.6,-31.3,-30.8,-31.0,-31.5,-34.2,-33.4,-34.3,-36.2,-38.0,-38.7,-37.9,-36.0,514.7,515.3,515.6,515.6,515.2,514.9,514.3,514.3,518.6,516.2,514.0,513.1,513.9,515.4,517.2,515.4,513.7,513.2,514.1,516.2,515.5,515.5,515.6,515.8,516.0,516.1,515.9,515.7,534.0,535.0,536.8,538.2,538.5,537.5,535.8,534.5,534.3,533.6,533.6,534.7,537.5,541.1,544.5,541.2,537.8,535.3,534.0,533.9,536.2,536.8,537.6,538.0,537.9,537.2,536.5,536.1,36.4,-3.0,653.7,0.221,-0.204,0.067,224.6,224.4,225.3,227.4,231.8,238.9,247.9,258.3,268.8,277.3,283.6,289.4,294.7,298.8,301.7,303.9,305.0,237.0,244.1,252.9,261.6,269.3,284.3,290.8,296.9,302.7,305.8,276.6,277.3,278.2,279.1,267.0,271.4,275.8,279.8,283.2,245.9,251.5,257.6,262.3,257.2,251.0,284.5,289.5,294.9,298.3,295.1,289.8,256.2,264.3,270.8,274.4,278.1,282.2,285.2,281.7,277.3,273.4,269.4,263.2,259.2,270.1,273.8,277.5,283.2,277.4,273.7,269.9,159.9,171.6,183.2,194.5,205.2,214.6,222.4,228.3,229.8,227.8,221.4,213.6,204.7,194.9,184.6,174.0,163.2,152.7,148.3,147.5,149.3,152.5,152.7,149.9,148.7,149.7,154.0,161.5,169.3,177.0,185.0,189.6,191.2,192.6,191.5,190.0,161.2,158.5,158.9,162.9,164.1,163.9,163.4,159.5,159.7,162.5,164.9,164.9,204.5,202.4,201.1,202.3,201.3,202.9,205.0,210.1,212.1,212.5,212.1,209.8,204.9,204.8,205.3,204.9,205.4,206.3,206.8,206.3,-43.9,-44.6,-43.3,-39.8,-32.0,-19.4,-3.7,14.3,32.4,47.8,60.1,71.7,81.9,89.3,94.5,98.3,100.1,-21.4,-9.7,4.7,18.8,31.3,56.2,67.6,79.0,90.0,96.9,43.4,44.3,45.3,46.3,27.7,34.9,42.1,48.8,54.6,-6.7,2.4,12.6,20.4,11.8,1.6,58.0,66.7,76.4,82.9,76.8,67.2,10.4,23.5,34.2,40.0,46.3,53.9,60.2,53.2,45.4,38.6,31.9,21.8,15.4,33.2,39.3,45.6,56.3,45.4,39.1,32.8,-47.8,-27.7,-7.5,12.3,31.2,47.5,60.7,70.3,73.1,70.6,60.7,47.4,31.5,13.6,-5.2,-24.5,-44.3,-57.4,-64.0,-64.9,-61.8,-56.5,-57.0,-62.4,-65.3,-64.5,-58.1,-42.4,-29.5,-16.8,-4.0,3.5,6.1,8.3,6.6,4.1,-43.4,-47.7,-47.1,-40.6,-38.6,-38.8,-40.5,-47.2,-47.3,-42.9,-38.5,-38.3,28.5,24.5,22.3,24.3,22.7,25.8,29.9,37.9,40.9,41.4,40.6,36.9,29.0,28.6,29.3,28.9,30.4,31.3,31.9,31.1,676.1,680.1,684.8,687.8,687.8,685.6,680.3,673.4,674.0,683.9,699.1,711.2,716.2,715.6,713.8,712.1,711.4,643.5,638.0,634.5,631.8,631.1,640.0,648.1,657.5,667.5,677.9,637.9,632.4,626.5,621.1,636.2,635.7,635.9,639.5,643.7,644.6,642.0,643.1,645.3,643.5,642.4,657.1,659.6,664.2,671.1,664.8,660.4,653.1,643.5,640.3,641.9,644.4,653.9,667.6,656.2,648.7,645.7,644.3,646.4,651.3,643.5,644.6,647.8,663.5,647.9,644.8,643.8,0.593,0.228,-0.271,0.082,271.677,185.474,-7.656,11.374,-13.057,16.198,6.059,0.549,-3.76,2.009,3.867,-1.597,1.067,1.285,0.363,-2.072,-0.597,-0.114,0.487,0.974,-0.88,-0.818,0.448,-0.465,-0.224,-0.342,0.134,-0.046,0.113,0.082,-0.104,0.003,-0.015,0.012,0.015,-0.002,0.31,0.0,0.0,0.47,0.0,0.0,0.12,0.0,0.0,0.23,0.0,0.0,0.0,0.0,0.0,0.0,0.0,0.0,1.0,0.0,0.0,0.0,0.0,0.0,0.0,0.0,0.0,0.0,0.0,0.0,0.0,0.0,0.0,1.0,0.0
PP133,g1,3078,0,0.925,0.211969,0.201934,-0.956186,0.058949,0.191867,-0.979649,0.139,0.201,250.5,252.0,255.2,258.2,259.4,258.1,254.7,251.6,246.0,248.2,251.1,254.7,258.1,260.5,262.2,260.1,257.2,254.0,250.9,248.1,253.5,254.8,256.2,256.9,256.4,255.0,253.6,253.0,287.6,288.6,291.3,294.2,295.4,294.4,291.7,288.6,284.5,286.5,289.1,292.4,295.2,297.1,298.1,297.0,295.2,292.7,289.8,286.8,290.1,291.4,292.5,293.0,292.4,291.2,290.0,289.6,160.1,157.0,155.8,157.3,160.6,164.0,164.9,163.4,161.4,159.7,158.6,158.2,159.0,160.7,162.8,163.9,164.2,164.2,163.8,162.9,161.8,162.4,161.9,160.5,159.1,158.5,159.0,160.4,161.2,158.1,156.8,158.0,161.1,164.2,165.5,164.5,163.3,161.2,159.7,159.1,159.6,160.8,162.5,163.9,164.7,165.0,164.8,164.4,162.6,163.1,162.6,161.2,159.9,159.3,159.9,161.2,0.6,2.6,6.8,10.9,12.4,10.7,6.2,2.2,-5.3,-2.4,1.5,6.2,10.6,13.9,16.1,13.3,9.5,5.2,1.1,-2.6,4.6,6.4,8.2,9.1,8.4,6.6,4.8,3.9,51.4,52.9,56.8,60.9,62.7,61.1,57.2,52.8,47.2,49.8,53.5,58.1,62.2,65.2,67.0,65.1,62.2,58.5,54.4,50.3,55.1,56.8,58.6,59.2,58.4,56.7,55.0,54.3,-36.1,-40.3,-41.9,-39.9,-35.5,-31.0,-29.8,-31.7,-34.7,-36.8,-38.0,-38.5,-37.5,-35.4,-32.7,-31.2,-30.7,-30.7,-31.3,-32.5,-34.0,-33.1,-33.8,-35.6,-37.5,-38.4,-37.7,-35.9,-36.0,-40.3,-42.2,-40.6,-36.4,-32.1,-30.2,-31.5,-33.1,-35.9,-38.0,-38.9,-38.4,-37.1,-34.8,-32.6,-31.4,-30.9,-31.0,-31.6,-34.2,-33.5,-34.3,-36.2,-38.1,-38.8,-37.9,-36.1,515.2,515.8,516.1,516.1,515.6,515.4,514.8,514.8,519.1,516.7,514.5,513.6,514.3,515.9,517.7,515.9,514.2,513.7,514.6,516.7,516.0,515.9,516.1,516.3,516.5,516.5,516.4,516.2,534.2,535.2,536.9,538.4,538.7,537.7,535.9,534.6,534.5,533.8,533.7,534.9,537.7,541.3,544.7,541.4,538.0,535.4,534.1,534.1,536.3,537.0,537.7,538.2,538.0,537.4,536.6,536.2,36.4,-3.0,653.3,0.22,-0.206,0.064,224.6,224.4,225.3,227.4,231.8,238.9,247.9,258.4,268.9,277.5,283.7,289.5,294.7,298.7,301.7,303.9,304.9,236.9,244.0,252.8,261.6,269.3,284.2,290.7,296.8,302.6,305.7,276.5,277.3,278.3,279.2,267.0,271.5,275.9,279.9,283.2,245.9,251.5,257.6,262.3,257.2,251.0,284.5,289.5,294.9,298.2,295.1,289.7,256.2,264.3,270.9,274.5,278.2,282.3,285.4,281.8,277.5,273.5,269.5,263.3,259.3,270.2,274.0,277.7,283.3,277.5,273.8,270.0,160.0,171.7,183.3,194.6,205.2,214.6,222.4,228.3,229.9,227.8,221.4,213.5,204.6,194.8,184.5,173.9,163.1,152.9,148.4,147.6,149.3,152.5,152.6,149.8,148.6,149.7,154.0,161.5,169.3,177.0,184.9,189.6,191.2,192.6,191.5,190.0,161.3,158.6,158.9,163.0,164.1,164.0,163.4,159.5,159.6,162.5,164.8,164.8,204.6,202.5,201.2,202.4,201.3,202.9,205.0,210.1,212.2,212.6,212.1,209.8,204.9,204.9,205.3,204.9,205.4,206.4,206.9,206.4,-43.9,-44.6,-43.2,-39.8,-32.0,-19.4,-3.6,14.4,32.6,48.1,60.3,71.8,81.9,89.3,94.4,98.2,99.9,-21.5,-9.8,4.6,18.7,31.2,56.0,67.4,78.8,89.8,96.7,43.3,44.2,45.3,46.3,27.7,34.9,42.2,48.9,54.7,-6.7,2.4,12.5,20.3,11.8,1.6,57.9,66.6,76.2,82.8,76.7,67.1,10.4,23.6,34.3,40.2,46.5,54.1,60.4,53.4,45.6,38.8,32.1,22.0,15.5,33.3,39.5,45.8,56.6,45.6,39.3,33.0,-47.6,-27.5,-7.3,12.4,31.2,47.5,60.7,70.3,73.1,70.6,60.7,47.3,31.4,13.4,-5.4,-24.8,-44.5,-57.1,-63.8,-64.8,-61.8,-56.5,-57.1,-62.5,-65.4,-64.6,-58.1,-42.4,-29.5,-16.9,-4.1,3.5,6.1,8.3,6.5,4.1,-43.2,-47.5,-47.0,-40.5,-38.5,-38.7,-40.5,-47.3,-47.4,-43.0,-38.5,-38.3,28.5,24.6,22.4,24.4,22.8,25.8,29.9,37.9,40.9,41.4,40.6,36.9,29.0,28.6,29.4,28.9,30.4,31.3,31.9,31.1,675.7,679.6,684.3,687.3,687.3,685.1,679.9,673.0,673.6,683.6,698.8,710.9,716.1,715.5,713.7,712.0,711.4,643.3,637.7,634.2,631.5,630.8,639.7,647.8,657.3,667.2,677.6,637.5,632.0,626.1,620.6,635.8,635.3,635.5,639.1,643.4,644.3,641.6,642.7,645.0,643.2,642.1,656.7,659.3,663.9,670.8,664.5,660.1,652.7,643.0,639.9,641.5,644.0,653.5,667.3,655.9,648.3,645.2,643.9,646.0,650.9,643.1,644.2,647.4,663.2,647.5,644.3,643.3,0.593,0.227,-0.274,0.079,271.71,185.479,-7.105,11.017,-12.912,16.346,5.666,0.517,-3.901,1.906,3.909,-1.269,0.805,1.187,0.474,-2.131,-0.87,-0.045,0.471,0.971,-0.783,-0.77,0.49,-0.527,-0.252,-0.375,0.128,-0.065,0.087,0.079,-0.11,0.007,-0.019,0.012,0.012,-0.003,0.22,0.0,0.0,0.4,0.0,0.0,0.0,0.0,0.0,0.31,0.0,0.0,0.0,0.0,0.0,0.0,0.0,0.0,1.0,0.0,1.0,0.0,0.0,0.0,0.0,0.0,0.0,0.0,0.0,0.0,0.0,0.0,0.0,1.0,0.0
PP133,g1,3082,0,0.975,0.210822,0.20222,-0.956379,0.058513,0.19195,-0.979659,0.138,0.201,250.2,251.7,254.9,258.0,259.1,257.9,254.4,251.4,245.8,247.9,250.9,254.4,257.8,260.3,261.9,259.8,256.9,253.7,250.6,247.8,253.2,254.6,256.0,256.6,256.1,254.7,253.3,252.7,287.3,288.4,291.1,293.9,295.2,294.2,291.4,288.3,284.2,286.2,288.9,292.2,295.0,296.8,297.8,296.8,294.9,292.5,289.5,286.5,289.9,291.1,292.3,292.8,292.2,291.0,289.8,289.3,160.0,156.9,155.7,157.2,160.5,163.9,164.8,163.3,161.3,159.6,158.5,158.1,158.9,160.6,162.7,163.8,164.1,164.1,163.7,162.8,161.7,162.3,161.8,160.4,159.0,158.4,158.9,160.2,161.1,158.0,156.7,157.9,161.0,164.1,165.4,164.4,163.2,161.1,159.6,159.0,159.5,160.7,162.5,163.9,164.6,164.9,164.7,164.3,162.5,163.0,162.5,161.1,159.8,159.2,159.8,161.1,0.3,2.2,6.5,10.5,12.0,10.4,5.9,1.8,-5.6,-2.8,1.2,5.8,10.3,13.6,15.8,12.9,9.1,4.9,0.8,-2.9,4.2,6.0,7.9,8.7,8.1,6.3,4.4,3.6,51.0,52.5,56.4,60.5,62.3,60.8,56.8,52.4,46.8,49.5,53.1,57.7,61.8,64.8,66.6,64.8,61.8,58.2,54.0,49.9,54.7,56.5,58.2,58.9,58.1,56.3,54.6,53.9,-36.2,-40.4,-42.0,-40.0,-35.7,-31.2,-29.9,-31.9,-34.8,-36.9,-38.2,-38.6,-37.6,-35.6,-32.8,-31.3,-30.9,-30.8,-31.4,-32.7,-34.1,-33.3,-33.9,-35.8,-37.7,-38.5,-37.9,-36.0,-36.1,-40.4,-42.3,-40.7,-36.5,-32.2,-30.3,-31.6,-33.3,-36.1,-38.1,-39.0,-38.5,-37.2,-34.9,-32.7,-31.5,-31.0,-31.1,-31.7,-34.3,-33.6,-34.4,-36.3,-38.2,-38.9,-38.1,-36.2,515.2,515.8,516.1,516.0,515.6,515.3,514.8,514.8,519.1,516.7,514.5,513.5,514.3,515.9,517.6,515.9,514.2,513.7,514.6,516.7,516.0,515.9,516.1,516.3,516.5,516.5,516.4,516.2,533.7,534.7,536.4,537.9,538.2,537.2,535.5,534.1,534.0,533.3,533.2,534.4,537.2,540.8,544.2,540.9,537.5,534.9,533.6,533.6,535.8,536.5,537.2,537.7,537.5,536.9,536.1,535.7,36.0,-3.1,653.4,0.221,-0.205,0.065,224.4,224.2,225.1,227.2,231.6,238.8,247.7,258.1,268.6,277.2,283.5,289.3,294.5,298.5,301.4,303.7,304.7,236.7,243.8,252.6,261.3,269.0,284.0,290.5,296.6,302.4,305.5,276.3,277.1,278.0,278.9,266.8,271.2,275.6,279.6,282.9,245.7,251.2,257.4,262.0,256.9,250.7,284.2,289.2,294.6,298.0,294.8,289.5,256.0,264.1,270.6,274.2,277.9,282.0,285.0,281.5,277.1,273.2,269.2,263.0,259.0,269.9,273.6,277.3,283.0,277.2,273.5,269.7,159.9,171.6,183.2,194.5,205.2,214.6,222.4,228.3,229.9,227.8,221.4,213.5,204.6,194.8,184.5,173.9,163.0,152.7,148.3,147.5,149.2,152.4,152.5,149.7,148.5,149.6,153.9,161.4,169.2,176.9,184.9,189.6,191.2,192.6,191.5,189.9,161.2,158.5,158.8,162.8,164.0,163.9,163.3,159.4,159.5,162.4,164.8,164.7,204.5,202.4,201.1,202.3,201.3,202.9,205.0,210.0,212.1,212.5,212.1,209.8,204.9,204.8,205.3,204.9,205.4,206.3,206.8,206.3,-44.3,-45.0,-43.6,-40.1,-32.3,-19.7,-4.0,14.0,32.1,47.7,59.9,71.5,81.5,88.9,94.0,97.8,99.5,-21.8,-10.1,4.2,18.3,30.7,55.7,67.1,78.4,89.4,96.3,42.9,43.8,44.9,45.9,27.3,34.5,41.7,48.4,54.2,-7.2,2.0,12.1,19.9,11.3,1.1,57.5,66.2,75.9,82.4,76.3,66.7,10.0,23.2,33.8,39.7,46.0,53.5,59.8,52.9,45.0,38.3,31.6,21.5,15.0,32.8,39.0,45.3,56.0,45.1,38.7,32.5,-47.8,-27.7,-7.5,12.3,31.2,47.5,60.8,70.3,73.1,70.6,60.7,47.3,31.3,13.3,-5.5,-24.8,-44.5,-57.4,-64.0,-65.0,-62.0,-56.7,-57.3,-62.7,-65.6,-64.8,-58.4,-42.6,-29.7,-17.0,-4.2,3.4,6.0,8.2,6.5,4.0,-43.4,-47.7,-47.2,-40.7,-38.6,-38.9,-40.7,-47.4,-47.6,-43.1,-38.7,-38.5,28.5,24.6,22.3,24.3,22.7,25.7,29.8,37.9,40.8,41.3,40.5,36.9,29.0,28.6,29.3,28.8,30.4,31.2,31.9,31.0,675.8,679.8,684.5,687.6,687.5,685.3,680.0,673.2,673.7,683.7,698.8,710.9,715.9,715.2,713.3,711.6,710.9,643.3,637.8,634.3,631.6,630.9,639.8,647.9,657.3,667.2,677.5,637.6,632.1,626.2,620.7,636.0,635.4,635.6,639.2,643.4,644.4,641.7,642.8,645.0,643.3,642.2,656.8,659.3,663.9,670.8,664.5,660.1,652.9,643.2,640.1,641.7,644.2,653.6,667.4,656.0,648.4,645.4,644.0,646.1,651.0,643.3,644.4,647.5,663.3,647.6,644.5,643.5,0.593,0.227,-0.271,0.08,271.449,185.419,-8.055,11.471,-13.224,16.527,5.809,0.681,-3.957,1.942,3.917,-1.412,0.944,1.244,0.355,-2.233,-0.696,-0.046,0.447,1.11,-0.83,-0.813,0.431,-0.426,-0.171,-0.333,0.167,-0.095,0.121,0.073,-0.108,0.003,-0.022,0.01,0.013,-0.003,0.16,0.0,0.0,0.91,0.0,0.0,0.09,0.0,0.0,0.2,0.0,0.0,0.0,0.0,0.0,0.0,0.0,0.0,1.0,0.0,1.0,0.0,0.0,0.0,0.0,0.0,0.0,0.0,0.0,0.0,0.0,0.0,0.0,1.0,0.0
PP133,g1,3088,0,0.925,0.209051,0.201811,-0.956854,0.055796,0.192383,-0.979733,0.136,0.201,249.8,251.2,254.5,257.5,258.7,257.5,254.1,251.0,245.4,247.5,250.4,254.0,257.4,259.9,261.5,259.4,256.5,253.3,250.2,247.4,252.8,254.1,255.6,256.2,255.7,254.3,252.9,252.3,287.0,288.0,290.7,293.6,294.9,293.9,291.1,288.0,283.9,285.9,288.6,291.8,294.6,296.5,297.6,296.5,294.6,292.2,289.2,286.2,289.5,290.8,292.0,292.4,291.9,290.6,289.4,289.0,160.0,156.9,155.7,157.1,160.4,163.8,164.8,163.3,161.3,159.6,158.5,158.1,158.9,160.5,162.7,163.7,164.0,164.0,163.6,162.8,161.6,162.3,161.8,160.4,159.0,158.3,158.8,160.2,160.9,157.8,156.5,157.7,160.8,163.9,165.2,164.2,163.0,160.9,159.4,158.8,159.3,160.4,162.2,163.6,164.4,164.7,164.5,164.1,162.3,162.8,162.2,160.9,159.6,159.0,159.6,160.9,-0.3,1.6,5.9,10.0,11.5,9.8,5.3,1.3,-6.2,-3.3,0.6,5.2,9.7,13.0,15.2,12.4,8.6,4.4,0.2,-3.5,3.7,5.5,7.3,8.2,7.5,5.7,3.9,3.0,50.5,52.0,55.9,60.0,61.8,60.3,56.3,51.9,46.3,48.9,52.6,57.2,61.3,64.3,66.2,64.3,61.3,57.7,53.5,49.4,54.2,56.0,57.7,58.4,57.6,55.8,54.1,53.4,-36.2,-40.4,-42.0,-40.1,-35.7,-31.2,-30.0,-31.9,-34.8,-36.9,-38.2,-38.6,-37.7,-35.7,-32.9,-31.4,-30.9,-30.8,-31.4,-32.7,-34.1,-33.3,-34.0,-35.8,-37.7,-38.6,-37.9,-36.0,-36.3,-40.6,-42.6,-41.0,-36.8,-32.4,-30.5,-31.8,-33.5,-36.3,-38.3,-39.3,-38.7,-37.4,-35.2,-33.0,-31.8,-31.2,-31.4,-31.9,-34.6,-33.9,-34.7,-36.6,-38.4,-39.1,-38.3,-36.4,515.1,515.6,516.0,515.9,515.5,515.2,514.6,514.7,519.0,516.5,514.4,513.4,514.2,515.7,517.5,515.7,514.0,513.5,514.5,516.5,515.8,515.8,515.9,516.2,516.4,516.4,516.2,516.0,533.2,534.2,535.9,537.4,537.7,536.7,534.9,533.6,533.5,532.8,532.7,533.9,536.7,540.3,543.6,540.3,537.0,534.4,533.1,533.1,535.4,536.0,536.7,537.2,537.0,536.4,535.7,535.2,35.5,-3.3,652.9,0.221,-0.201,0.059,224.0,223.9,224.9,227.1,231.6,238.8,247.8,258.2,268.6,277.2,283.4,289.2,294.5,298.5,301.4,303.6,304.5,236.1,243.2,252.0,260.7,268.5,283.6,290.0,296.2,302.0,305.2,275.9,276.7,277.6,278.5,266.4,270.9,275.4,279.3,282.7,245.2,250.8,256.9,261.6,256.5,250.3,283.9,288.9,294.3,297.7,294.5,289.2,255.7,263.8,270.3,273.9,277.7,281.8,284.9,281.4,277.0,273.0,268.9,262.7,258.7,269.7,273.4,277.2,282.9,277.0,273.3,269.4,159.9,171.7,183.4,194.7,205.4,214.7,222.5,228.3,229.8,227.7,221.3,213.3,204.4,194.5,184.2,173.6,162.7,152.9,148.4,147.5,149.2,152.4,152.4,149.6,148.4,149.4,153.7,161.3,169.1,176.9,184.9,189.5,191.1,192.5,191.4,189.8,161.2,158.4,158.8,162.8,164.0,163.8,163.1,159.2,159.3,162.2,164.5,164.5,204.5,202.3,201.0,202.2,201.2,202.7,204.8,209.9,212.0,212.4,212.0,209.7,204.8,204.7,205.2,204.8,205.2,206.2,206.7,206.2,-44.9,-45.5,-43.9,-40.3,-32.3,-19.6,-3.8,14.1,32.1,47.6,59.8,71.4,81.4,88.7,93.7,97.5,99.1,-22.8,-11.2,3.2,17.3,29.9,54.9,66.4,77.7,88.8,95.7,42.2,43.1,44.2,45.3,26.7,34.0,41.2,48.0,53.8,-7.8,1.3,11.4,19.2,10.7,0.5,56.9,65.6,75.2,81.8,75.7,66.1,9.6,22.6,33.3,39.3,45.6,53.2,59.6,52.6,44.8,37.9,31.2,21.1,14.6,32.4,38.6,45.0,55.8,44.8,38.4,32.0,-47.7,-27.5,-7.2,12.7,31.5,47.8,60.9,70.3,73.0,70.4,60.4,46.9,30.9,12.9,-6.0,-25.3,-45.1,-57.0,-63.8,-64.9,-61.9,-56.7,-57.4,-62.8,-65.7,-65.0,-58.6,-42.8,-29.8,-17.0,-4.2,3.3,5.9,8.1,6.3,3.8,-43.4,-47.7,-47.3,-40.8,-38.7,-38.9,-40.9,-47.7,-47.9,-43.5,-39.0,-38.8,28.3,24.4,22.2,24.2,22.5,25.5,29.5,37.6,40.6,41.2,40.3,36.7,28.9,28.4,29.1,28.6,30.0,31.0,31.7,30.9,676.0,680.1,684.8,687.8,687.7,685.4,680.0,673.0,673.4,683.3,698.4,710.3,715.3,714.6,712.7,710.9,710.3,643.3,637.7,634.0,631.2,630.3,639.3,647.3,656.6,666.5,676.9,637.0,631.6,625.6,620.2,635.6,634.9,635.0,638.6,642.8,644.1,641.4,642.5,644.6,642.9,641.9,656.2,658.7,663.2,670.1,663.8,659.5,652.8,643.0,639.8,641.3,643.8,653.2,667.0,655.6,648.1,645.0,643.7,645.9,650.9,642.9,644.0,647.2,662.9,647.3,644.2,643.2,0.594,0.227,-0.266,0.073,271.191,185.337,-7.798,11.694,-12.529,16.52,6.138,1.192,-4.012,1.724,4.172,-1.691,0.851,1.332,0.745,-2.033,-0.7,-0.044,0.51,1.083,-0.875,-0.91,0.412,-0.513,-0.183,-0.42,0.167,-0.083,0.096,0.092,-0.108,0.01,-0.019,0.011,0.011,-0.002,0.0,0.0,0.0,0.73,0.0,0.0,0.0,0.0,0.0,0.59,0.0,0.0,0.0,0.0,0.0,0.0,0.0,0.0,1.0,0.0,1.0,0.0,0.0,0.0,0.0,0.0,0.0,0.0,0.0,0.0,0.0,0.0,0.0,1.0,0.0
PP133,g1,3094,0,0.975,0.210073,0.202224,-0.956543,0.056345,0.192656,-0.979647,0.137,0.201,249.6,251.0,254.2,257.3,258.5,257.3,253.8,250.7,245.1,247.2,250.2,253.7,257.2,259.7,261.3,259.2,256.3,253.1,249.9,247.1,252.6,253.9,255.3,256.0,255.5,254.1,252.7,252.1,286.8,287.8,290.6,293.4,294.7,293.7,291.0,287.9,283.7,285.7,288.4,291.7,294.5,296.4,297.4,296.3,294.5,292.0,289.1,286.0,289.4,290.6,291.8,292.3,291.7,290.5,289.3,288.8,159.9,156.8,155.6,157.0,160.3,163.7,164.7,163.2,161.2,159.5,158.4,158.0,158.8,160.4,162.6,163.6,163.9,164.0,163.6,162.7,161.6,162.2,161.7,160.3,158.9,158.2,158.7,160.1,160.7,157.6,156.3,157.6,160.7,163.8,165.1,164.1,162.9,160.8,159.3,158.6,159.1,160.3,162.1,163.5,164.3,164.6,164.4,164.0,162.1,162.7,162.1,160.8,159.4,158.9,159.4,160.8,-0.6,1.3,5.6,9.7,11.2,9.5,5.0,1.0,-6.5,-3.6,0.3,4.9,9.4,12.7,14.9,12.1,8.3,4.0,-0.1,-3.8,3.4,5.2,7.0,7.9,7.2,5.4,3.5,2.7,50.1,51.5,55.4,59.5,61.3,59.8,55.9,51.5,45.9,48.5,52.2,56.7,60.9,63.9,65.7,63.9,60.9,57.3,53.1,49.0,53.8,55.5,57.3,57.9,57.1,55.3,53.6,53.0,-36.2,-40.4,-42.0,-40.1,-35.7,-31.2,-30.0,-31.9,-34.8,-36.9,-38.2,-38.6,-37.7,-35.7,-32.9,-31.4,-30.9,-30.8,-31.4,-32.7,-34.1,-33.3,-34.0,-35.8,-37.7,-38.6,-37.9,-36.0,-36.4,-40.7,-42.6,-41.0,-36.8,-32.5,-30.6,-31.9,-33.5,-36.3,-38.3,-39.3,-38.8,-37.5,-35.3,-33.1,-31.8,-31.3,-31.4,-32.0,-34.6,-33.9,-34.7,-36.6,-38.5,-39.2,-38.3,-36.4,513.3,513.9,514.2,514.1,513.7,513.4,512.9,512.9,517.3,514.8,512.6,511.6,512.4,514.0,515.7,514.0,512.3,511.8,512.7,514.8,514.1,514.0,514.2,514.4,514.6,514.6,514.5,514.3,531.2,532.2,533.9,535.3,535.6,534.6,532.9,531.6,531.5,530.8,530.7,531.8,534.6,538.2,541.6,538.3,534.9,532.4,531.1,531.1,533.3,533.9,534.7,535.1,535.0,534.4,533.6,533.2,35.2,-3.5,652.8,0.222,-0.201,0.058,223.8,223.7,224.7,226.9,231.5,238.7,247.7,258.1,268.5,277.1,283.3,289.1,294.3,298.4,301.2,303.4,304.3,235.9,243.0,251.8,260.6,268.3,283.4,289.9,296.1,301.9,305.1,275.7,276.5,277.5,278.3,266.3,270.7,275.2,279.2,282.5,245.0,250.5,256.7,261.4,256.3,250.1,283.7,288.7,294.2,297.6,294.4,289.0,255.5,263.6,270.2,273.7,277.5,281.7,284.8,281.2,276.8,272.8,268.8,262.5,258.5,269.5,273.2,277.0,282.8,276.9,273.1,269.3,159.9,171.7,183.3,194.7,205.3,214.7,222.4,228.2,229.6,227.5,221.1,213.1,204.2,194.3,184.0,173.4,162.5,152.7,148.3,147.4,149.1,152.2,152.3,149.4,148.2,149.2,153.5,161.2,169.0,176.7,184.7,189.4,191.0,192.4,191.2,189.7,161.1,158.3,158.7,162.7,163.9,163.8,163.0,159.1,159.1,162.0,164.4,164.4,204.3,202.2,200.9,202.1,201.1,202.6,204.6,209.8,211.9,212.3,211.9,209.6,204.7,204.6,205.1,204.7,205.0,206.1,206.6,206.2,-45.3,-45.8,-44.3,-40.6,-32.6,-19.8,-4.0,13.9,31.9,47.3,59.5,71.1,81.1,88.4,93.4,97.1,98.7,-23.2,-11.5,2.9,17.1,29.6,54.6,66.0,77.4,88.5,95.4,41.9,42.8,43.9,45.0,26.5,33.7,40.9,47.7,53.5,-8.3,0.9,11.0,18.9,10.3,0.1,56.6,65.3,74.9,81.6,75.4,65.8,9.2,22.3,33.0,39.0,45.3,53.0,59.4,52.4,44.5,37.7,30.9,20.7,14.2,32.1,38.3,44.7,55.6,44.5,38.1,31.7,-47.8,-27.6,-7.3,12.6,31.4,47.6,60.7,70.0,72.6,70.0,60.0,46.5,30.5,12.5,-6.3,-25.6,-45.4,-57.3,-64.0,-65.1,-62.1,-56.9,-57.6,-63.1,-66.0,-65.3,-58.9,-42.9,-30.0,-17.2,-4.4,3.2,5.8,7.9,6.1,3.6,-43.5,-47.9,-47.4,-40.9,-38.8,-39.0,-41.1,-48.0,-48.1,-43.7,-39.2,-39.0,28.1,24.3,22.0,24.0,22.3,25.2,29.2,37.4,40.5,41.0,40.2,36.6,28.7,28.2,29.0,28.4,29.8,30.8,31.5,30.7,675.8,679.8,684.6,687.6,687.5,685.2,679.9,672.9,673.3,683.2,698.3,710.2,715.1,714.3,712.4,710.7,710.0,643.1,637.4,633.8,631.0,630.1,639.0,647.0,656.4,666.3,676.7,636.9,631.4,625.4,620.0,635.4,634.8,634.9,638.5,642.7,644.0,641.3,642.3,644.5,642.7,641.7,656.0,658.5,663.0,669.9,663.7,659.3,652.7,643.0,639.7,641.2,643.7,653.2,666.9,655.6,648.0,645.0,643.7,645.9,650.8,642.9,644.0,647.1,662.9,647.2,644.1,643.1,0.594,0.228,-0.266,0.072,271.021,185.211,-8.05,11.72,-12.473,16.486,6.451,1.129,-4.273,1.738,3.937,-1.644,0.995,1.238,0.605,-2.107,-0.945,-0.005,0.49,1.078,-0.858,-0.938,0.47,-0.525,-0.247,-0.284,0.193,-0.115,0.111,0.076,-0.111,0.006,-0.021,0.011,0.011,-0.004,0.21,0.0,0.0,0.64,0.0,0.0,0.15,0.0,0.0,0.02,0.0,0.0,0.0,0.0,0.0,0.0,0.0,0.0,1.0,0.0,1.0,0.0,0.0,0.0,0.0,0.0,0.0,0.0,0.0,0.0,0.0,0.0,0.0,1.0,0.0
PP133,g1,3100,0,0.975,0.207374,0.199613,-0.95768,0.056295,0.189502,-0.980265,0.135,0.198,249.3,250.8,254.0,257.1,258.3,257.0,253.6,250.5,244.9,247.0,250.0,253.5,256.9,259.4,261.1,259.0,256.1,252.9,249.7,246.9,252.3,253.7,255.1,255.7,255.2,253.9,252.5,251.8,286.6,287.6,290.4,293.2,294.5,293.5,290.8,287.7,283.5,285.5,288.2,291.5,294.3,296.2,297.2,296.2,294.3,291.8,288.9,285.8,289.2,290.4,291.6,292.1,291.5,290.2,289.0,288.6,159.8,156.6,155.4,156.9,160.2,163.6,164.5,163.1,161.1,159.3,158.2,157.8,158.6,160.2,162.4,163.5,163.8,163.8,163.4,162.6,161.4,162.1,161.5,160.1,158.7,158.1,158.6,160.0,160.6,157.4,156.1,157.4,160.5,163.6,164.9,163.9,162.7,160.6,159.1,158.4,158.9,160.1,161.9,163.3,164.1,164.4,164.2,163.8,162.0,162.5,161.9,160.6,159.2,158.7,159.2,160.6,-0.9,1.0,5.2,9.3,10.9,9.2,4.7,0.6,-6.8,-3.9,-0.0,4.6,9.1,12.4,14.6,11.8,7.9,3.7,-0.4,-4.1,3.1,4.9,6.7,7.5,6.9,5.1,3.2,2.4,49.6,51.1,55.0,59.1,60.9,59.4,55.5,51.1,45.4,48.1,51.7,56.3,60.4,63.4,65.3,63.4,60.5,56.8,52.7,48.5,53.3,55.1,56.8,57.5,56.7,54.9,53.2,52.5,-36.4,-40.6,-42.2,-40.2,-35.9,-31.3,-30.1,-32.0,-34.9,-37.0,-38.3,-38.8,-37.8,-35.8,-33.0,-31.5,-31.0,-30.9,-31.5,-32.8,-34.3,-33.4,-34.1,-35.9,-37.8,-38.7,-38.0,-36.2,-36.5,-40.8,-42.8,-41.2,-37.0,-32.6,-30.7,-32.0,-33.6,-36.4,-38.5,-39.5,-39.0,-37.7,-35.4,-33.2,-32.0,-31.4,-31.6,-32.1,-34.8,-34.1,-34.9,-36.8,-38.6,-39.3,-38.5,-36.6,512.1,512.6,512.9,512.8,512.3,512.1,511.5,511.6,516.0,513.5,511.3,510.3,511.1,512.6,514.3,512.6,510.9,510.5,511.4,513.5,512.8,512.7,512.9,513.1,513.3,513.3,513.2,513.0,529.4,530.4,532.2,533.6,533.9,532.9,531.2,529.8,529.7,529.0,529.0,530.1,532.9,536.5,539.9,536.6,533.2,530.6,529.3,529.3,531.6,532.2,533.0,533.4,533.3,532.6,531.9,531.4,35.0,-3.6,651.2,0.219,-0.199,0.054,223.7,223.6,224.7,226.9,231.5,238.8,247.8,258.1,268.7,277.3,283.5,289.2,294.3,298.3,301.1,303.2,304.1,235.7,242.7,251.5,260.3,268.1,283.2,289.6,295.8,301.6,304.8,275.5,276.4,277.3,278.3,266.2,270.6,275.1,279.1,282.5,244.8,250.3,256.5,261.3,256.1,249.8,283.5,288.5,294.0,297.4,294.2,288.8,255.4,263.5,270.1,273.7,277.4,281.6,284.8,281.2,276.8,272.8,268.8,262.5,258.4,269.5,273.2,277.0,282.8,276.9,273.1,269.3,159.8,171.7,183.4,194.8,205.5,214.8,222.5,228.2,229.7,227.6,221.0,213.0,204.0,194.2,184.0,173.4,162.5,152.5,148.1,147.2,148.8,152.1,152.1,149.2,148.0,149.0,153.3,161.0,168.8,176.6,184.7,189.4,191.0,192.4,191.2,189.6,161.0,158.2,158.5,162.5,163.8,163.6,162.8,158.8,158.9,161.8,164.2,164.2,204.4,202.3,201.1,202.2,201.1,202.7,204.6,209.8,211.9,212.4,211.9,209.7,204.8,204.8,205.2,204.7,205.1,206.1,206.6,206.2,-45.4,-45.9,-44.2,-40.5,-32.5,-19.7,-3.9,14.0,32.1,47.6,59.7,71.1,81.0,88.1,93.0,96.6,98.0,-23.6,-11.9,2.5,16.6,29.1,54.1,65.5,76.8,87.9,94.8,41.5,42.5,43.7,44.7,26.2,33.4,40.7,47.5,53.3,-8.6,0.5,10.6,18.5,10.0,-0.3,56.1,64.8,74.4,81.1,74.9,65.4,8.9,22.1,32.9,38.8,45.1,52.8,59.3,52.3,44.4,37.6,30.9,20.6,13.9,32.0,38.2,44.5,55.5,44.4,38.0,31.7,-47.8,-27.5,-7.2,12.8,31.6,47.8,60.8,70.0,72.5,69.9,59.8,46.3,30.2,12.3,-6.4,-25.6,-45.2,-57.4,-64.2,-65.3,-62.3,-57.0,-57.8,-63.3,-66.3,-65.5,-59.2,-43.2,-30.1,-17.4,-4.5,3.1,5.7,7.9,6.1,3.5,-43.6,-48.0,-47.6,-41.1,-39.0,-39.1,-41.3,-48.2,-48.4,-44.0,-39.5,-39.2,28.2,24.4,22.1,24.1,22.4,25.3,29.1,37.3,40.4,40.9,40.2,36.6,28.7,28.3,29.1,28.5,29.7,30.7,31.5,30.7,674.8,678.9,683.7,686.6,686.4,684.0,678.5,671.3,671.5,681.4,696.6,708.6,713.4,712.5,710.5,708.8,708.2,641.8,636.1,632.4,629.5,628.5,637.4,645.5,655.0,664.9,675.3,635.3,629.7,623.5,617.9,633.7,633.0,633.1,636.7,640.9,642.6,639.9,640.9,643.1,641.3,640.3,654.6,657.1,661.6,668.5,662.2,657.9,651.2,641.3,637.9,639.5,642.0,651.5,665.4,653.8,646.1,643.1,641.8,644.1,649.2,641.2,642.3,645.4,661.3,645.4,642.2,641.3,0.595,0.224,-0.263,0.068,270.926,185.164,-7.459,12.808,-12.444,17.648,6.236,1.644,-4.786,2.338,4.028,-1.07,1.05,1.47,0.486,-2.311,-1.022,0.052,0.588,0.939,-0.87,-1.011,0.506,-0.556,-0.296,-0.246,0.162,-0.081,0.059,0.097,-0.118,0.016,-0.018,0.008,0.008,-0.002,0.31,0.0,0.0,0.74,0.0,0.0,0.0,0.0,0.0,0.13,0.0,0.0,0.0,0.0,0.0,0.0,0.0,0.0,1.0,0.0,1.0,0.0,0.0,0.0,0.0,0.0,0.0,0.0,0.0,0.0,0.0,0.0,0.0,1.0,0.0
PP133,g1,3106,0,0.925,0.202074,0.197526,-0.959244,0.051417,0.18993,-0.98045,0.13,0.197,248.8,250.2,253.5,256.7,257.8,256.6,253.1,249.9,244.3,246.4,249.4,253.0,256.5,259.0,260.7,258.6,255.6,252.3,249.1,246.3,251.8,253.2,254.6,255.3,254.8,253.4,251.9,251.3,286.2,287.2,290.0,292.9,294.3,293.3,290.5,287.3,283.1,285.1,287.8,291.1,294.0,295.9,297.0,295.9,294.0,291.5,288.5,285.4,288.8,290.1,291.3,291.8,291.2,289.9,288.7,288.3,159.3,156.1,154.9,156.4,159.7,163.2,164.2,162.7,160.7,158.9,157.8,157.3,158.1,159.8,162.0,163.1,163.4,163.5,163.1,162.2,161.0,161.7,161.1,159.7,158.3,157.6,158.1,159.5,160.0,156.8,155.5,156.7,159.9,163.0,164.4,163.4,162.2,160.0,158.5,157.8,158.3,159.4,161.3,162.7,163.5,163.9,163.7,163.3,161.4,161.9,161.4,160.0,158.6,158.1,158.7,160.0,-1.6,0.3,4.5,8.6,10.1,8.5,4.0,-0.1,-7.4,-4.6,-0.8,3.8,8.3,11.7,13.9,11.1,7.2,3.0,-1.1,-4.8,2.4,4.1,6.0,6.8,6.2,4.4,2.5,1.7,48.4,49.9,53.8,57.9,59.7,58.2,54.3,49.9,44.2,46.9,50.5,55.1,59.2,62.3,64.1,62.3,59.3,55.6,51.5,47.4,52.2,53.9,55.7,56.3,55.5,53.7,52.0,51.4,-36.4,-40.6,-42.2,-40.3,-35.9,-31.4,-30.1,-32.1,-35.0,-37.1,-38.4,-38.9,-37.9,-35.9,-33.1,-31.6,-31.1,-31.0,-31.6,-32.8,-34.3,-33.5,-34.2,-36.0,-37.9,-38.8,-38.1,-36.2,-36.8,-41.1,-43.0,-41.5,-37.3,-33.0,-31.0,-32.3,-33.8,-36.7,-38.8,-39.8,-39.3,-38.0,-35.8,-33.6,-32.3,-31.7,-31.8,-32.3,-35.0,-34.3,-35.2,-37.1,-38.9,-39.6,-38.8,-36.9,505.2,505.7,505.9,505.8,505.3,505.0,504.5,504.7,509.2,506.7,504.5,503.4,504.1,505.5,507.2,505.5,503.9,503.5,504.5,506.7,505.8,505.8,505.9,506.1,506.3,506.4,506.3,506.0,522.4,523.4,525.1,526.5,526.8,525.8,524.1,522.8,522.7,522.0,521.9,523.0,525.8,529.4,532.7,529.5,526.1,523.6,522.3,522.3,524.5,525.1,525.9,526.3,526.2,525.6,524.8,524.4,34.3,-3.9,648.4,0.223,-0.193,0.05,223.4,223.4,224.6,227.0,231.6,238.8,247.8,258.1,268.6,277.2,283.4,289.2,294.3,298.3,301.1,303.2,304.0,235.2,242.1,250.9,259.7,267.5,282.7,289.2,295.4,301.3,304.6,275.1,275.9,276.9,277.8,265.9,270.3,274.7,278.7,282.1,244.2,249.7,256.0,260.9,255.6,249.3,283.1,288.1,293.7,297.2,294.0,288.5,255.2,263.1,269.9,273.5,277.2,281.5,284.6,280.9,276.4,272.4,268.3,262.0,258.3,269.2,273.0,276.7,282.4,276.4,272.7,268.8,159.5,171.4,183.2,194.6,205.4,214.8,222.6,228.4,229.8,227.6,221.0,212.8,203.8,193.9,183.7,173.0,162.1,152.2,147.6,146.7,148.3,151.5,151.5,148.6,147.3,148.3,152.6,160.5,168.3,176.1,184.1,189.0,190.5,191.8,190.7,189.1,160.6,157.7,158.0,162.2,163.4,163.3,162.3,158.2,158.3,161.2,163.7,163.7,204.5,201.9,200.4,201.6,200.5,202.2,204.6,210.4,212.7,213.2,212.8,210.3,204.8,204.3,204.7,204.3,205.0,206.6,207.1,206.7,-45.8,-46.1,-44.3,-40.4,-32.3,-19.5,-3.9,13.9,31.9,47.3,59.3,70.7,80.5,87.5,92.4,95.9,97.3,-24.3,-12.8,1.5,15.6,28.0,53.1,64.5,75.8,86.9,93.8,40.6,41.6,42.7,43.8,25.6,32.8,39.9,46.6,52.4,-9.5,-0.5,9.8,17.8,9.1,-1.2,55.1,63.8,73.6,80.4,74.2,64.4,8.7,21.4,32.3,38.2,44.4,52.2,58.6,51.6,43.5,36.7,30.0,19.7,13.7,31.4,37.6,43.8,54.6,43.5,37.1,30.8,-48.2,-27.9,-7.5,12.5,31.4,47.6,60.8,70.1,72.6,69.8,59.4,45.7,29.6,11.7,-6.9,-26.1,-45.7,-57.8,-64.6,-65.7,-62.8,-57.6,-58.4,-64.0,-67.0,-66.4,-60.1,-43.7,-30.8,-18.2,-5.4,2.4,4.9,7.0,5.2,2.7,-44.1,-48.6,-48.2,-41.5,-39.4,-39.6,-41.9,-49.0,-49.2,-44.8,-40.2,-39.9,28.2,23.6,21.0,22.9,21.2,24.4,29.0,38.1,41.6,42.2,41.5,37.5,28.6,27.5,28.1,27.6,29.6,31.4,32.2,31.4,671.8,676.2,681.1,684.2,684.2,681.8,676.6,669.6,669.8,679.3,693.8,705.2,709.6,708.3,706.1,704.4,703.7,638.7,633.2,629.3,626.3,625.5,634.3,642.3,651.6,661.5,671.7,632.2,626.7,620.7,615.2,631.0,630.3,630.4,633.9,637.9,639.9,637.1,638.0,640.1,638.6,637.7,651.3,653.8,658.3,665.2,659.0,654.6,648.7,638.3,634.6,636.1,638.5,648.0,661.9,651.4,644.4,641.5,640.2,642.2,646.8,638.3,639.3,642.3,658.0,643.2,640.3,639.3,0.598,0.228,-0.255,0.064,270.624,184.906,-11.206,13.726,-11.105,20.084,6.289,-1.992,-3.438,3.376,4.534,-2.14,1.546,0.823,1.017,-1.786,-0.992,0.318,1.299,1.209,-0.847,-0.883,0.453,-0.695,-0.211,0.003,-0.08,-0.022,0.146,0.065,-0.102,0.018,-0.015,0.002,-0.008,-0.007,0.38,0.0,0.0,1.3,0.0,0.0,0.0,0.0,0.0,0.0,0.0,0.0,0.0,0.0,0.0,0.0,0.0,0.0,1.0,0.0,1.0,0.0,0.0,0.0,0.0,0.0,0.0,0.0,0.0,0.0,0.0,1.0,0.0,1.0,0.0
PP133,g1,3112,0,0.975,0.20459,0.186798,-0.960859,0.053346,0.179981,-0.982222,0.132,0.187,248.7,250.1,253.4,256.6,257.8,256.6,253.1,249.9,244.2,246.4,249.3,252.9,256.4,259.0,260.7,258.6,255.6,252.3,249.1,246.3,251.8,253.2,254.6,255.2,254.7,253.3,251.9,251.2,286.2,287.2,290.0,292.9,294.3,293.3,290.5,287.3,283.1,285.1,287.8,291.1,294.0,296.0,297.1,296.0,294.1,291.6,288.5,285.5,288.9,290.1,291.4,291.8,291.2,289.9,288.7,288.3,158.6,155.4,154.1,155.6,158.9,162.4,163.4,161.9,160.0,158.2,157.0,156.6,157.4,159.0,161.2,162.3,162.6,162.7,162.3,161.5,160.3,160.9,160.4,158.9,157.5,156.8,157.4,158.8,159.1,156.0,154.6,155.9,159.0,162.2,163.5,162.5,161.4,159.2,157.6,156.9,157.4,158.6,160.4,161.9,162.7,163.0,162.8,162.5,160.6,161.1,160.5,159.1,157.8,157.2,157.8,159.2,-1.7,0.2,4.4,8.5,10.1,8.5,4.0,-0.1,-7.5,-4.7,-0.9,3.8,8.3,11.6,13.9,11.1,7.2,3.0,-1.2,-4.8,2.3,4.1,5.9,6.8,6.1,4.3,2.4,1.6,48.4,49.8,53.7,57.8,59.7,58.2,54.3,49.9,44.2,46.8,50.5,55.0,59.2,62.2,64.1,62.2,59.3,55.6,51.5,47.4,52.1,53.9,55.6,56.3,55.4,53.7,52.0,51.3,-37.3,-41.5,-43.1,-41.2,-36.9,-32.4,-31.1,-33.0,-35.8,-38.0,-39.3,-39.8,-38.8,-36.8,-34.1,-32.5,-32.0,-31.9,-32.5,-33.7,-35.2,-34.4,-35.1,-36.9,-38.8,-39.7,-39.0,-37.1,-37.9,-42.2,-44.2,-42.6,-38.4,-34.1,-32.1,-33.4,-34.9,-37.8,-39.9,-41.0,-40.5,-39.1,-36.9,-34.7,-33.4,-32.8,-32.9,-33.4,-36.2,-35.5,-36.3,-38.2,-40.0,-40.7,-39.9,-38.0,504.3,504.8,505.1,504.9,504.4,504.1,503.6,503.8,508.3,505.8,503.5,502.5,503.2,504.6,506.3,504.6,503.0,502.6,503.6,505.7,504.9,504.8,504.9,505.2,505.4,505.5,505.4,505.1,521.9,523.0,524.7,526.1,526.4,525.3,523.6,522.3,522.2,521.5,521.5,522.6,525.4,528.9,532.3,529.0,525.6,523.1,521.8,521.8,524.0,524.6,525.4,525.9,525.7,525.1,524.4,523.9,34.6,-5.3,649.1,0.207,-0.196,0.045,223.5,223.5,224.8,227.2,231.8,239.1,248.0,258.4,268.9,277.4,283.6,289.3,294.4,298.3,301.1,303.2,304.0,235.1,242.0,250.9,259.6,267.4,282.7,289.1,295.4,301.2,304.6,275.0,275.9,276.9,277.9,266.0,270.4,274.9,278.9,282.3,244.1,249.6,255.9,260.8,255.6,249.2,283.1,288.1,293.7,297.2,294.0,288.5,255.4,263.3,270.1,273.7,277.4,281.8,284.9,281.3,276.8,272.7,268.6,262.3,258.5,269.4,273.2,276.9,282.8,276.8,273.0,269.1,159.4,171.3,183.1,194.4,205.1,214.4,222.0,227.7,229.1,227.0,220.5,212.4,203.4,193.5,183.2,172.5,161.5,151.5,147.0,146.0,147.5,150.6,150.5,147.6,146.4,147.4,151.7,159.5,167.3,175.1,183.0,188.1,189.6,190.9,189.8,188.2,159.9,157.0,157.2,161.4,162.6,162.5,161.5,157.4,157.4,160.4,162.8,162.9,203.7,201.1,199.5,200.7,199.6,201.3,203.8,209.3,211.6,212.1,211.7,209.3,204.0,203.4,203.8,203.4,204.2,205.5,206.0,205.6,-45.7,-45.9,-44.0,-40.0,-31.9,-19.1,-3.4,14.4,32.4,47.7,59.6,70.9,80.7,87.8,92.6,96.1,97.5,-24.5,-12.9,1.4,15.5,28.0,53.2,64.5,75.9,87.0,94.0,40.6,41.7,42.9,44.1,25.8,33.0,40.2,46.9,52.7,-9.7,-0.6,9.7,17.8,9.1,-1.3,55.3,64.0,73.8,80.6,74.4,64.6,9.0,21.8,32.6,38.6,44.9,52.7,59.1,52.2,44.2,37.3,30.5,20.2,14.0,31.7,38.0,44.3,55.2,44.1,37.6,31.2,-48.5,-28.1,-7.7,12.1,30.8,46.9,59.8,68.8,71.2,68.6,58.5,45.0,28.9,10.9,-7.8,-27.2,-46.9,-59.0,-65.9,-67.1,-64.4,-59.2,-60.2,-65.7,-68.7,-68.0,-61.6,-45.4,-32.4,-19.8,-7.0,1.0,3.4,5.5,3.7,1.2,-45.3,-49.9,-49.6,-42.9,-40.8,-40.9,-43.5,-50.5,-50.8,-46.3,-41.7,-41.4,26.9,22.2,19.5,21.5,19.7,23.0,27.6,36.4,39.8,40.4,39.6,35.8,27.3,26.0,26.7,26.2,28.1,29.6,30.3,29.6,672.8,676.8,681.4,684.3,684.0,681.5,676.1,669.0,669.1,678.8,693.6,705.4,710.2,709.3,707.5,706.0,705.6,640.3,634.9,631.1,628.1,627.1,635.9,644.0,653.3,663.2,673.3,633.7,628.0,621.8,616.2,631.7,631.0,631.1,634.6,638.7,641.3,638.6,639.5,641.5,639.9,639.0,652.7,655.3,659.8,666.6,660.3,656.0,648.9,638.6,635.0,636.5,639.0,648.4,662.1,651.4,644.2,641.4,640.1,642.2,646.9,638.6,639.6,642.6,658.3,643.3,640.3,639.4,0.597,0.211,-0.26,0.058,270.742,184.124,-10.682,12.227,-11.496,19.612,6.406,-1.242,-3.925,3.18,4.214,-2.141,1.709,0.841,1.104,-1.559,-0.899,0.233,1.223,1.223,-0.643,-1.07,0.486,-0.664,-0.225,-0.031,-0.056,-0.057,0.121,0.075,-0.109,0.006,-0.015,0.004,-0.011,-0.005,0.67,0.22,0.0,1.41,0.0,0.0,0.0,0.0,0.0,0.0,0.0,0.0,0.0,0.0,0.0,0.0,0.0,1.0,1.0,0.0,1.0,0.0,0.0,0.0,0.0,0.0,0.0,0.0,0.0,0.0,0.0,1.0,0.0,1.0,0.0
PP133,g1,3118,0,0.975,0.207235,0.187646,-0.960126,0.056113,0.179253,-0.982202,0.135,0.187,248.8,250.3,253.5,256.7,257.9,256.7,253.2,250.0,244.4,246.5,249.5,253.0,256.5,259.1,260.8,258.6,255.7,252.4,249.2,246.4,251.9,253.3,254.7,255.3,254.8,253.4,252.0,251.4,286.3,287.3,290.1,293.0,294.3,293.3,290.6,287.4,283.2,285.2,287.9,291.2,294.0,296.0,297.1,296.0,294.1,291.6,288.6,285.5,288.9,290.2,291.4,291.8,291.2,290.0,288.8,288.3,158.5,155.3,154.0,155.5,158.8,162.3,163.3,161.8,159.8,158.0,156.9,156.4,157.2,158.9,161.1,162.2,162.5,162.6,162.2,161.3,160.1,160.8,160.2,158.8,157.4,156.7,157.3,158.7,159.1,155.9,154.6,155.8,158.9,162.1,163.4,162.4,161.3,159.1,157.5,156.8,157.4,158.5,160.4,161.8,162.6,162.9,162.8,162.4,160.5,161.0,160.4,159.1,157.7,157.2,157.7,159.1,-1.5,0.4,4.6,8.7,10.2,8.6,4.1,0.0,-7.3,-4.6,-0.7,3.9,8.4,11.8,14.0,11.2,7.3,3.1,-1.0,-4.7,2.5,4.2,6.1,6.9,6.2,4.4,2.6,1.8,48.7,50.1,54.0,58.1,60.0,58.5,54.6,50.2,44.5,47.2,50.8,55.3,59.5,62.5,64.4,62.5,59.6,55.9,51.8,47.7,52.4,54.2,55.9,56.6,55.7,54.0,52.2,51.6,-37.6,-41.9,-43.5,-41.6,-37.2,-32.7,-31.4,-33.3,-36.1,-38.3,-39.6,-40.1,-39.2,-37.2,-34.4,-32.9,-32.4,-32.2,-32.8,-34.0,-35.6,-34.7,-35.4,-37.3,-39.2,-40.0,-39.3,-37.5,-38.1,-42.4,-44.4,-42.8,-38.7,-34.3,-32.4,-33.7,-35.2,-38.1,-40.2,-41.2,-40.7,-39.4,-37.1,-34.9,-33.6,-33.1,-33.2,-33.7,-36.4,-35.7,-36.6,-38.4,-40.3,-41.0,-40.1,-38.2,506.5,507.1,507.4,507.2,506.7,506.4,505.9,506.1,510.5,508.0,505.8,504.8,505.5,507.0,508.6,506.9,505.3,504.9,505.9,508.0,507.2,507.1,507.2,507.5,507.7,507.8,507.6,507.4,524.0,525.0,526.8,528.2,528.5,527.4,525.7,524.4,524.3,523.6,523.5,524.7,527.5,531.1,534.4,531.1,527.7,525.2,523.9,523.8,526.1,526.7,527.5,528.0,527.8,527.2,526.5,526.0,34.7,-5.6,650.0,0.206,-0.2,0.048,223.5,223.5,224.7,227.1,231.6,238.9,247.8,258.2,268.7,277.3,283.4,289.1,294.3,298.2,301.0,303.1,303.9,235.3,242.3,251.1,259.8,267.6,282.8,289.2,295.4,301.3,304.6,275.1,276.0,277.1,278.0,266.0,270.5,275.0,278.9,282.3,244.3,249.8,256.1,260.9,255.7,249.4,283.2,288.2,293.7,297.2,294.0,288.6,255.4,263.4,270.1,273.7,277.4,281.7,284.8,281.2,276.8,272.8,268.7,262.4,258.5,269.4,273.2,276.9,282.7,276.8,273.0,269.2,159.2,171.1,182.8,194.1,204.8,214.0,221.6,227.3,228.7,226.7,220.3,212.4,203.4,193.5,183.1,172.4,161.4,151.3,146.8,145.8,147.3,150.5,150.4,147.5,146.3,147.3,151.6,159.4,167.2,175.0,183.0,188.0,189.6,190.8,189.7,188.2,159.8,156.8,157.1,161.2,162.5,162.4,161.4,157.3,157.4,160.3,162.8,162.8,203.4,201.0,199.6,200.7,199.6,201.3,203.6,208.9,211.1,211.5,211.1,208.8,203.8,203.4,203.8,203.4,204.0,205.1,205.6,205.2,-45.7,-46.0,-44.1,-40.2,-32.1,-19.4,-3.7,14.1,32.1,47.5,59.4,70.8,80.6,87.8,92.6,96.2,97.6,-24.2,-12.6,1.7,15.8,28.3,53.4,64.7,76.1,87.1,94.2,40.8,41.9,43.1,44.3,26.0,33.2,40.4,47.1,52.9,-9.4,-0.3,9.9,17.9,9.3,-1.0,55.5,64.2,73.9,80.7,74.5,64.9,9.0,22.0,32.7,38.6,44.9,52.7,59.1,52.2,44.2,37.4,30.6,20.4,14.1,31.8,38.0,44.3,55.3,44.1,37.7,31.4,-48.7,-28.5,-8.2,11.6,30.2,46.2,59.1,68.2,70.7,68.2,58.4,45.0,29.0,10.9,-7.9,-27.4,-47.2,-59.4,-66.3,-67.5,-64.7,-59.5,-60.4,-66.0,-69.0,-68.3,-61.9,-45.6,-32.6,-20.0,-7.2,0.8,3.3,5.4,3.6,1.1,-45.6,-50.2,-49.8,-43.2,-41.1,-41.1,-43.6,-50.7,-51.0,-46.4,-41.9,-41.6,26.5,22.1,19.6,21.6,19.9,23.0,27.3,35.7,38.9,39.4,38.7,35.0,27.0,26.0,26.7,26.1,27.8,29.0,29.7,29.0,673.4,677.2,681.7,684.5,684.3,681.8,676.4,669.3,669.5,679.2,694.3,706.3,711.4,710.8,709.1,707.7,707.2,641.1,635.7,632.0,629.0,628.1,636.9,644.9,654.3,664.1,674.3,634.6,628.9,622.7,617.0,632.5,631.8,631.9,635.4,639.6,642.1,639.4,640.4,642.4,640.7,639.8,653.6,656.3,660.7,667.6,661.3,656.9,649.6,639.6,636.2,637.7,640.2,649.6,663.3,652.2,644.8,641.9,640.6,642.8,647.6,639.5,640.5,643.6,659.3,644.0,640.9,640.0,0.596,0.21,-0.265,0.061,270.759,183.959,-9.858,11.123,-12.279,18.813,6.644,0.234,-4.053,2.928,4.149,-1.406,1.437,1.141,0.648,-2.027,-1.12,0.129,1.019,1.172,-0.869,-0.955,0.334,-0.511,-0.243,-0.056,0.157,-0.076,0.059,0.095,-0.109,0.0,-0.024,0.004,0.002,0.005,0.83,0.29,0.0,1.21,0.0,0.0,0.06,0.0,0.0,0.07,0.0,0.0,0.0,0.0,0.0,0.0,0.0,1.0,1.0,0.0,1.0,0.0,0.0,0.0,0.0,0.0,0.0,0.0,0.0,0.0,0.0,0.0,0.0,1.0,0.0
PP133,g1,3124,0,0.975,0.211844,0.190024,-0.958652,0.061596,0.182645,-0.981248,0.14,0.19,249.1,250.6,253.8,257.0,258.2,257.0,253.5,250.3,244.7,246.8,249.8,253.3,256.8,259.4,261.1,258.9,256.0,252.7,249.6,246.7,252.2,253.6,255.0,255.6,255.1,253.7,252.3,251.7,286.5,287.5,290.3,293.2,294.5,293.5,290.8,287.6,283.4,285.4,288.1,291.4,294.2,296.2,297.2,296.2,294.3,291.8,288.8,285.8,289.1,290.4,291.6,292.0,291.4,290.2,289.0,288.5,158.4,155.2,154.0,155.5,158.8,162.2,163.2,161.7,159.8,158.0,156.9,156.4,157.2,158.8,161.0,162.1,162.4,162.5,162.1,161.3,160.1,160.7,160.2,158.8,157.3,156.7,157.2,158.6,158.9,155.8,154.4,155.7,158.8,161.9,163.3,162.3,161.1,159.0,157.4,156.7,157.2,158.4,160.2,161.7,162.4,162.8,162.6,162.2,160.3,160.9,160.3,158.9,157.5,157.0,157.6,159.0,-1.1,0.7,5.0,9.1,10.6,9.0,4.5,0.4,-7.0,-4.2,-0.3,4.3,8.8,12.2,14.4,11.6,7.8,3.5,-0.6,-4.3,2.9,4.6,6.5,7.3,6.6,4.8,3.0,2.2,49.1,50.5,54.4,58.5,60.4,58.9,55.0,50.6,45.0,47.6,51.2,55.7,59.9,62.9,64.7,62.9,60.0,56.4,52.2,48.1,52.8,54.6,56.3,57.0,56.1,54.4,52.7,52.0,-37.7,-42.0,-43.6,-41.7,-37.4,-32.8,-31.5,-33.4,-36.2,-38.4,-39.7,-40.3,-39.3,-37.3,-34.5,-33.0,-32.5,-32.4,-32.9,-34.1,-35.7,-34.8,-35.6,-37.4,-39.3,-40.1,-39.4,-37.6,-38.4,-42.7,-44.7,-43.1,-39.0,-34.6,-32.7,-33.9,-35.4,-38.3,-40.4,-41.5,-41.0,-39.7,-37.4,-35.2,-33.9,-33.3,-33.4,-33.9,-36.7,-36.0,-36.8,-38.7,-40.6,-41.3,-40.4,-38.5,507.4,508.0,508.3,508.2,507.7,507.4,506.8,507.0,511.4,508.9,506.7,505.7,506.5,508.0,509.7,507.9,506.2,505.8,506.7,508.9,508.1,508.1,508.2,508.4,508.7,508.7,508.6,508.3,525.2,526.2,528.0,529.5,529.7,528.7,526.9,525.6,525.5,524.8,524.8,525.9,528.8,532.4,535.7,532.4,529.0,526.4,525.1,525.1,527.3,528.0,528.7,529.2,529.1,528.5,527.7,527.2,34.9,-5.5,648.7,0.21,-0.208,0.049,223.6,223.6,224.8,227.1,231.7,238.9,247.9,258.3,268.8,277.4,283.4,289.1,294.2,298.2,301.0,303.1,303.9,235.6,242.6,251.4,260.2,268.0,282.9,289.3,295.5,301.4,304.7,275.4,276.3,277.4,278.4,266.4,270.8,275.3,279.2,282.6,244.6,250.1,256.3,261.2,256.0,249.7,283.4,288.4,293.9,297.4,294.2,288.8,255.7,263.7,270.4,274.0,277.7,281.9,285.0,281.5,277.0,273.0,268.9,262.6,258.8,269.7,273.5,277.2,282.9,277.0,273.2,269.4,159.3,171.2,182.9,194.2,204.9,214.1,221.8,227.5,229.0,226.9,220.5,212.4,203.4,193.4,183.0,172.2,161.1,151.3,146.8,145.8,147.3,150.4,150.3,147.4,146.1,147.1,151.4,159.3,167.1,174.9,182.9,188.0,189.6,190.8,189.7,188.1,159.7,156.8,157.1,161.2,162.4,162.3,161.3,157.2,157.2,160.2,162.6,162.6,203.7,201.2,199.6,200.8,199.7,201.5,203.8,209.2,211.4,211.9,211.4,209.1,204.0,203.5,203.9,203.5,204.2,205.4,205.9,205.5,-45.3,-45.6,-43.8,-40.0,-31.9,-19.3,-3.7,14.2,32.2,47.5,59.3,70.6,80.4,87.5,92.5,96.1,97.5,-23.6,-12.0,2.3,16.4,28.8,53.5,64.8,76.1,87.2,94.2,41.2,42.3,43.6,44.8,26.4,33.6,40.8,47.4,53.3,-8.9,0.1,10.4,18.4,9.8,-0.5,55.8,64.4,74.1,80.8,74.7,65.1,9.5,22.4,33.1,39.0,45.3,53.0,59.3,52.5,44.5,37.7,30.9,20.7,14.6,32.1,38.4,44.7,55.5,44.4,38.0,31.7,-48.4,-28.2,-8.0,11.7,30.3,46.4,59.3,68.4,70.9,68.4,58.5,45.0,28.9,10.7,-8.2,-27.7,-47.7,-59.1,-66.1,-67.3,-64.6,-59.5,-60.5,-66.1,-69.2,-68.5,-62.1,-45.7,-32.7,-20.0,-7.2,0.8,3.3,5.4,3.6,1.1,-45.5,-50.1,-49.8,-43.2,-41.1,-41.1,-43.8,-50.9,-51.1,-46.6,-42.1,-41.7,26.9,22.3,19.7,21.7,20.0,23.2,27.6,36.2,39.4,40.0,39.2,35.5,27.3,26.1,26.8,26.3,28.2,29.5,30.2,29.4,670.7,674.5,679.2,682.2,682.1,679.9,674.7,668.0,668.3,678.0,693.0,705.0,710.1,709.7,708.0,706.5,706.0,639.0,633.6,630.1,627.4,626.6,635.6,643.5,652.9,662.8,672.9,633.1,627.5,621.4,615.8,631.1,630.5,630.6,634.3,638.5,640.1,637.5,638.6,640.6,639.0,637.9,652.1,654.7,659.3,666.2,659.9,655.5,648.0,638.2,634.9,636.4,638.9,648.3,661.9,651.2,643.9,641.0,639.6,641.6,646.1,638.2,639.3,642.3,658.0,643.0,639.9,639.0,0.598,0.214,-0.274,0.062,270.961,184.002,-11.576,10.471,-12.411,19.64,6.404,-0.362,-3.225,2.375,4.39,-1.085,1.695,0.944,0.809,-1.869,-1.373,0.242,1.104,1.183,-0.776,-1.083,0.393,-0.588,-0.188,-0.18,0.18,-0.073,0.046,0.088,-0.1,0.004,-0.029,0.01,0.003,0.003,0.17,0.23,0.0,1.19,0.0,0.0,0.0,0.0,0.0,0.14,0.0,0.0,0.0,0.0,0.0,0.0,0.0,0.0,1.0,0.0,1.0,0.0,0.0,0.0,0.0,0.0,0.0,0.0,0.0,0.0,0.0,1.0,0.0,1.0,0.0
PP133,g1,3130,0,0.975,0.209979,0.188854,-0.959293,0.059782,0.182102,-0.981461,0.138,0.189,248.9,250.4,253.6,256.8,258.0,256.8,253.3,250.1,244.5,246.6,249.6,253.1,256.6,259.2,260.9,258.7,255.8,252.5,249.3,246.5,252.0,253.4,254.8,255.4,254.9,253.5,252.1,251.5,286.3,287.3,290.1,293.0,294.4,293.4,290.6,287.4,283.2,285.2,287.9,291.2,294.1,296.0,297.1,296.0,294.2,291.7,288.7,285.6,289.0,290.2,291.4,291.9,291.3,290.0,288.8,288.4,158.2,155.0,153.7,155.2,158.5,162.0,163.0,161.5,159.6,157.8,156.6,156.1,156.9,158.6,160.8,161.9,162.2,162.3,161.9,161.1,159.8,160.5,159.9,158.5,157.1,156.4,157.0,158.4,158.7,155.5,154.2,155.4,158.5,161.7,163.0,162.0,160.9,158.7,157.1,156.4,157.0,158.1,160.0,161.4,162.2,162.5,162.4,162.0,160.1,160.6,160.0,158.7,157.3,156.7,157.3,158.7,-1.4,0.5,4.7,8.8,10.3,8.8,4.3,0.2,-7.2,-4.5,-0.6,4.0,8.5,11.9,14.1,11.3,7.5,3.3,-0.9,-4.5,2.6,4.4,6.2,7.0,6.3,4.5,2.7,1.9,48.7,50.2,54.0,58.1,60.0,58.5,54.6,50.2,44.6,47.2,50.8,55.4,59.5,62.5,64.4,62.5,59.6,56.0,51.8,47.7,52.5,54.2,55.9,56.6,55.8,54.0,52.3,51.6,-37.9,-42.2,-43.8,-41.9,-37.6,-33.0,-31.7,-33.6,-36.4,-38.6,-39.9,-40.5,-39.5,-37.5,-34.7,-33.2,-32.7,-32.6,-33.1,-34.3,-35.9,-35.0,-35.8,-37.6,-39.5,-40.3,-39.6,-37.8,-38.6,-43.0,-44.9,-43.4,-39.2,-34.8,-32.9,-34.2,-35.7,-38.6,-40.7,-41.7,-41.2,-39.9,-37.6,-35.4,-34.2,-33.6,-33.7,-34.2,-36.9,-36.2,-37.1,-39.0,-40.8,-41.5,-40.6,-38.7,505.7,506.3,506.5,506.4,505.9,505.6,505.1,505.2,509.7,507.2,505.0,504.0,504.7,506.2,507.8,506.1,504.5,504.0,505.0,507.1,506.4,506.3,506.4,506.7,506.9,506.9,506.8,506.6,523.7,524.7,526.5,527.9,528.2,527.2,525.4,524.1,524.0,523.3,523.3,524.4,527.2,530.8,534.2,530.9,527.5,524.9,523.6,523.6,525.8,526.5,527.2,527.7,527.6,526.9,526.2,525.7,34.7,-5.8,648.2,0.208,-0.205,0.047,223.4,223.4,224.7,227.1,231.7,239.0,247.9,258.3,268.8,277.3,283.4,289.0,294.2,298.1,300.9,303.0,303.9,235.3,242.3,251.1,259.9,267.7,282.8,289.2,295.4,301.3,304.6,275.2,276.1,277.2,278.2,266.2,270.6,275.1,279.1,282.4,244.3,249.9,256.1,261.0,255.8,249.5,283.2,288.2,293.8,297.2,294.1,288.6,255.6,263.5,270.2,273.8,277.6,281.8,284.9,281.3,276.8,272.8,268.7,262.4,258.7,269.5,273.3,277.0,282.7,276.8,273.0,269.2,159.0,170.9,182.8,194.1,204.8,214.1,221.8,227.5,228.9,226.8,220.4,212.3,203.2,193.3,182.8,172.0,160.9,151.1,146.5,145.4,146.9,150.0,149.9,147.0,145.8,146.8,151.2,159.0,166.8,174.6,182.6,187.7,189.2,190.5,189.4,187.8,159.5,156.5,156.8,160.9,162.2,162.1,161.0,156.9,157.0,159.9,162.4,162.4,203.5,200.8,199.2,200.4,199.3,201.1,203.6,209.1,211.4,211.8,211.4,209.0,203.8,203.2,203.5,203.2,204.0,205.3,205.8,205.3,-45.6,-45.9,-44.0,-40.1,-31.9,-19.2,-3.6,14.2,32.1,47.3,59.2,70.4,80.2,87.3,92.2,95.8,97.2,-24.0,-12.5,1.8,15.9,28.4,53.3,64.6,75.9,86.9,93.9,40.9,42.0,43.2,44.4,26.1,33.3,40.5,47.1,52.9,-9.3,-0.2,10.0,18.1,9.4,-0.9,55.4,64.1,73.8,80.5,74.4,64.7,9.3,22.1,32.8,38.8,45.0,52.7,59.0,52.1,44.2,37.4,30.6,20.4,14.3,31.9,38.1,44.4,55.1,44.1,37.7,31.3,-48.9,-28.6,-8.2,11.6,30.3,46.3,59.2,68.3,70.8,68.2,58.2,44.7,28.6,10.4,-8.5,-28.0,-48.0,-59.5,-66.5,-67.8,-65.1,-60.1,-61.1,-66.7,-69.7,-69.0,-62.5,-46.2,-33.2,-20.5,-7.7,0.4,2.8,4.9,3.1,0.6,-45.9,-50.5,-50.2,-43.6,-41.4,-41.5,-44.2,-51.2,-51.5,-47.0,-42.4,-42.1,26.5,21.7,19.1,21.0,19.3,22.6,27.2,36.0,39.3,39.9,39.1,35.3,26.9,25.6,26.2,25.7,27.7,29.2,29.9,29.1,670.5,674.4,679.0,682.0,681.8,679.5,674.3,667.5,667.9,677.6,692.5,704.3,709.2,708.6,706.9,705.4,704.9,638.6,633.3,629.8,627.0,626.2,635.1,643.1,652.5,662.4,672.5,632.7,627.1,621.0,615.4,630.6,630.0,630.1,633.8,637.9,639.7,637.1,638.2,640.1,638.5,637.5,651.6,654.3,658.8,665.7,659.4,655.0,647.5,637.6,634.2,635.7,638.2,647.6,661.1,650.6,643.4,640.5,639.2,641.1,645.6,637.6,638.6,641.7,657.3,642.5,639.4,638.5,0.598,0.211,-0.27,0.061,270.813,183.769,-12.447,11.381,-12.043,20.04,6.537,-1.097,-3.173,2.561,4.204,-1.84,1.504,0.707,1.043,-1.723,-1.194,0.278,1.215,1.246,-0.796,-1.036,0.372,-0.626,-0.107,-0.078,0.017,-0.034,0.083,0.069,-0.103,0.004,-0.024,0.006,-0.005,-0.001,0.33,0.11,0.0,1.21,0.0,0.0,0.0,0.0,0.0,0.0,0.0,0.0,0.0,0.0,0.0,0.0,0.0,1.0,1.0,0.0,1.0,0.0,0.0,0.0,0.0,0.0,0.0,0.0,0.0,0.0,0.0,1.0,1.0,1.0,0.0
PP133,g1,3136,0,0.925,0.210309,0.188678,-0.959255,0.057927,0.183107,-0.981385,0.137,0.189,248.7,250.1,253.4,256.6,257.8,256.6,253.1,249.9,244.2,246.4,249.3,252.9,256.4,259.0,260.7,258.6,255.6,252.3,249.1,246.3,251.8,253.2,254.6,255.2,254.7,253.3,251.9,251.2,286.1,287.1,289.9,292.8,294.2,293.2,290.5,287.3,283.0,285.0,287.7,291.0,293.9,295.9,296.9,295.9,294.0,291.5,288.5,285.4,288.8,290.1,291.3,291.7,291.1,289.8,288.6,288.2,158.2,155.0,153.7,155.2,158.5,162.0,163.0,161.5,159.6,157.8,156.6,156.1,156.9,158.6,160.8,161.9,162.2,162.2,161.9,161.1,159.8,160.5,159.9,158.5,157.1,156.4,157.0,158.4,158.6,155.5,154.1,155.3,158.4,161.6,163.0,162.0,160.9,158.7,157.1,156.4,156.9,158.0,159.9,161.3,162.1,162.4,162.3,161.9,160.0,160.6,160.0,158.6,157.2,156.7,157.3,158.7,-1.7,0.2,4.4,8.5,10.1,8.5,4.0,-0.1,-7.5,-4.7,-0.8,3.8,8.3,11.6,13.9,11.1,7.2,3.0,-1.1,-4.8,2.3,4.1,5.9,6.8,6.1,4.3,2.4,1.6,48.4,49.8,53.7,57.8,59.7,58.3,54.4,50.0,44.3,46.9,50.5,55.0,59.2,62.2,64.1,62.3,59.3,55.7,51.5,47.4,52.2,54.0,55.7,56.3,55.5,53.7,52.0,51.3,-37.9,-42.1,-43.7,-41.8,-37.5,-33.0,-31.7,-33.6,-36.3,-38.5,-39.9,-40.4,-39.4,-37.4,-34.7,-33.2,-32.7,-32.6,-33.1,-34.3,-35.8,-35.0,-35.7,-37.5,-39.4,-40.3,-39.5,-37.7,-38.7,-43.0,-45.0,-43.4,-39.3,-34.9,-33.0,-34.2,-35.7,-38.6,-40.7,-41.8,-41.3,-40.0,-37.7,-35.5,-34.3,-33.7,-33.7,-34.2,-37.0,-36.3,-37.1,-39.0,-40.9,-41.5,-40.7,-38.8,504.9,505.5,505.8,505.7,505.1,504.7,504.2,504.3,508.8,506.4,504.2,503.2,503.9,505.4,507.0,505.3,503.6,503.1,504.1,506.3,505.5,505.5,505.6,505.9,506.1,506.2,506.0,505.8,523.3,524.3,526.1,527.5,527.7,526.7,524.9,523.6,523.5,522.9,522.8,523.9,526.7,530.3,533.7,530.3,526.9,524.4,523.1,523.1,525.4,526.0,526.7,527.2,527.1,526.5,525.7,525.3,34.3,-5.8,647.0,0.213,-0.206,0.047,223.2,223.3,224.6,226.9,231.5,238.7,247.6,258.0,268.6,277.1,283.2,288.9,294.1,298.1,300.9,303.0,303.7,235.1,242.0,250.9,259.7,267.6,282.5,289.0,295.2,301.1,304.3,275.0,276.0,277.0,278.0,266.0,270.5,275.0,278.9,282.3,244.1,249.7,255.9,260.9,255.6,249.3,283.0,288.0,293.6,297.1,293.9,288.4,255.2,263.1,270.1,273.8,277.6,281.9,284.9,281.3,276.7,272.5,268.3,261.9,258.2,269.4,273.2,277.0,282.8,276.7,272.8,268.8,159.0,170.9,182.7,194.1,204.8,214.1,221.8,227.6,229.1,227.0,220.5,212.4,203.3,193.3,182.8,171.9,160.8,151.2,146.5,145.4,146.9,150.0,149.9,146.9,145.7,146.8,151.2,159.0,166.7,174.4,182.3,187.5,189.0,190.2,189.1,187.5,159.5,156.5,156.8,160.9,162.1,162.1,161.0,156.8,156.9,159.8,162.2,162.3,203.3,200.4,198.7,199.9,198.8,200.7,203.4,209.6,212.2,212.6,212.2,209.5,203.6,202.7,203.1,202.7,203.8,206.0,206.5,206.0,-45.8,-46.0,-44.1,-40.2,-32.2,-19.6,-4.1,13.7,31.7,47.0,58.8,70.1,79.9,87.1,92.0,95.4,96.8,-24.3,-12.9,1.4,15.6,28.1,52.7,64.0,75.3,86.4,93.4,40.5,41.6,42.9,44.1,25.8,33.0,40.2,46.9,52.7,-9.6,-0.5,9.7,17.8,9.1,-1.2,55.0,63.6,73.3,80.1,74.0,64.3,8.6,21.4,32.5,38.6,44.9,52.9,59.0,52.2,43.9,36.9,30.0,19.5,13.6,31.6,37.9,44.3,55.1,43.8,37.3,30.8,-48.8,-28.5,-8.3,11.4,30.0,46.1,59.2,68.5,71.1,68.4,58.4,44.7,28.6,10.4,-8.5,-28.1,-48.1,-59.2,-66.3,-67.7,-65.0,-59.9,-61.0,-66.7,-69.7,-69.0,-62.4,-46.0,-33.2,-20.8,-8.2,-0.0,2.4,4.4,2.6,0.1,-45.7,-50.4,-50.1,-43.5,-41.4,-41.4,-44.1,-51.2,-51.5,-47.1,-42.5,-42.1,26.2,21.0,18.2,20.2,18.5,21.8,26.9,36.7,40.6,41.2,40.4,36.1,26.6,24.7,25.4,24.9,27.4,30.3,31.1,30.3,668.8,672.6,677.2,680.3,680.4,678.5,673.7,667.1,667.5,677.0,691.5,702.9,707.6,707.0,705.2,704.0,703.7,637.1,631.8,628.2,625.4,624.7,633.7,641.7,651.1,661.1,671.2,631.2,625.7,619.7,614.2,629.2,628.7,628.9,632.5,636.6,638.3,635.7,636.9,638.8,637.3,636.2,650.2,652.8,657.4,664.2,657.9,653.5,646.9,636.3,632.6,634.1,636.6,646.3,660.3,650.3,643.2,640.4,639.0,640.8,645.1,636.2,637.2,640.2,656.7,642.1,639.2,638.2,0.599,0.216,-0.27,0.06,270.639,183.748,-14.605,10.86,-8.361,20.377,6.314,-4.084,-2.284,3.122,4.7,-1.849,1.557,0.373,1.183,-1.394,-1.439,0.46,1.727,1.143,-0.956,-0.773,0.442,-0.469,-0.175,-0.136,0.05,0.034,0.112,0.075,-0.074,0.013,-0.018,0.001,-0.009,-0.002,0.49,0.22,0.0,1.29,0.0,0.0,0.0,0.0,0.0,0.0,0.0,0.0,0.0,0.0,0.11,0.0,0.0,0.0,1.0,0.0,1.0,0.0,0.0,0.0,0.0,0.0,0.0,0.0,0.0,0.0,0.0,1.0,1.0,1.0,0.0
PP133,g1,3142,0,0.975,0.211319,0.18724,-0.959315,0.059298,0.181263,-0.981645,0.139,0.188,248.7,250.2,253.4,256.6,257.8,256.6,253.1,249.9,244.2,246.4,249.4,252.9,256.4,259.0,260.7,258.6,255.6,252.3,249.1,246.3,251.8,253.2,254.6,255.2,254.7,253.3,251.9,251.3,286.2,287.1,289.9,292.8,294.2,293.2,290.5,287.3,283.0,285.0,287.7,291.0,293.9,295.9,296.9,295.9,294.0,291.5,288.5,285.4,288.8,290.1,291.3,291.7,291.1,289.8,288.6,288.2,158.6,155.3,154.1,155.6,158.9,162.4,163.3,161.9,160.0,158.1,157.0,156.5,157.3,158.9,161.2,162.2,162.5,162.6,162.2,161.4,160.2,160.8,160.3,158.9,157.4,156.8,157.3,158.7,159.1,155.9,154.5,155.8,158.9,162.0,163.4,162.4,161.3,159.1,157.5,156.8,157.3,158.5,160.3,161.8,162.5,162.9,162.7,162.4,160.5,161.0,160.4,159.0,157.7,157.1,157.7,159.1,-1.7,0.2,4.4,8.5,10.1,8.5,4.0,-0.1,-7.5,-4.7,-0.8,3.8,8.3,11.6,13.9,11.1,7.2,3.0,-1.1,-4.8,2.3,4.1,6.0,6.8,6.1,4.3,2.4,1.6,48.4,49.9,53.7,57.8,59.7,58.3,54.4,50.0,44.3,46.9,50.5,55.1,59.2,62.3,64.1,62.3,59.4,55.7,51.6,47.4,52.2,54.0,55.7,56.3,55.5,53.7,52.0,51.4,-37.4,-41.6,-43.2,-41.3,-37.0,-32.5,-31.2,-33.1,-35.8,-38.0,-39.4,-39.9,-38.9,-36.9,-34.1,-32.7,-32.2,-32.1,-32.6,-33.8,-35.3,-34.5,-35.2,-37.0,-38.9,-39.8,-39.1,-37.2,-38.1,-42.4,-44.4,-42.8,-38.7,-34.3,-32.4,-33.6,-35.1,-38.0,-40.1,-41.2,-40.7,-39.4,-37.1,-34.9,-33.7,-33.1,-33.2,-33.7,-36.4,-35.7,-36.5,-38.4,-40.3,-41.0,-40.1,-38.2,504.6,505.3,505.6,505.4,504.9,504.5,504.0,504.1,508.6,506.1,503.9,503.0,503.6,505.1,506.8,505.0,503.4,502.9,503.9,506.0,505.3,505.2,505.4,505.6,505.9,505.9,505.8,505.5,523.4,524.4,526.2,527.6,527.8,526.8,525.0,523.7,523.6,523.0,522.9,524.1,526.8,530.4,533.8,530.4,527.1,524.5,523.2,523.2,525.5,526.1,526.9,527.3,527.2,526.6,525.8,525.4,34.3,-5.2,646.8,0.211,-0.207,0.048,223.2,223.2,224.5,226.9,231.4,238.6,247.5,258.0,268.5,277.1,283.2,288.9,294.0,298.0,300.9,302.9,303.6,235.1,242.0,250.9,259.7,267.5,282.6,289.0,295.2,301.1,304.3,275.1,276.0,277.1,278.1,266.0,270.5,275.0,278.9,282.3,244.1,249.7,256.0,260.9,255.6,249.3,283.0,288.1,293.6,297.1,293.9,288.4,255.2,263.1,270.1,273.7,277.5,281.8,284.8,281.2,276.6,272.5,268.3,261.9,258.3,269.4,273.2,277.0,282.6,276.6,272.8,268.8,159.4,171.3,183.2,194.5,205.2,214.5,222.3,228.0,229.5,227.4,220.9,212.8,203.7,193.7,183.2,172.4,161.3,151.5,146.8,145.8,147.3,150.4,150.3,147.4,146.2,147.2,151.6,159.4,167.1,174.8,182.7,187.9,189.4,190.7,189.5,188.0,159.9,156.9,157.2,161.3,162.5,162.4,161.4,157.3,157.3,160.3,162.7,162.8,203.8,200.8,199.2,200.4,199.3,201.2,203.9,210.0,212.5,213.0,212.6,209.9,204.0,203.1,203.5,203.1,204.2,206.3,206.9,206.4,-46.0,-46.2,-44.3,-40.3,-32.3,-19.8,-4.2,13.6,31.6,46.9,58.7,69.9,79.8,86.9,91.8,95.3,96.6,-24.3,-12.9,1.4,15.5,28.0,52.9,64.1,75.4,86.4,93.4,40.5,41.6,42.9,44.1,25.8,33.0,40.2,46.8,52.6,-9.6,-0.5,9.7,17.8,9.1,-1.2,55.0,63.6,73.3,80.1,74.0,64.3,8.6,21.4,32.5,38.5,44.8,52.7,58.8,52.0,43.8,36.9,30.0,19.5,13.6,31.6,37.8,44.2,54.9,43.7,37.2,30.8,-48.2,-27.8,-7.5,12.2,30.9,46.9,59.9,69.2,71.8,69.1,59.1,45.5,29.4,11.2,-7.7,-27.3,-47.2,-58.7,-65.7,-67.1,-64.4,-59.3,-60.3,-65.9,-68.9,-68.2,-61.7,-45.4,-32.6,-20.1,-7.5,0.6,3.0,5.1,3.3,0.8,-45.1,-49.8,-49.4,-42.8,-40.8,-40.8,-43.4,-50.5,-50.8,-46.3,-41.8,-41.4,26.9,21.7,18.9,20.9,19.2,22.6,27.6,37.4,41.2,41.7,41.0,36.7,27.3,25.4,26.1,25.6,28.1,30.9,31.7,30.8,668.6,672.5,677.0,680.0,680.1,678.1,673.3,666.7,667.0,676.6,691.2,702.7,707.4,706.7,705.0,703.8,703.5,636.8,631.6,628.0,625.2,624.5,633.7,641.8,651.2,661.1,671.1,631.1,625.5,619.5,613.9,628.9,628.4,628.6,632.2,636.3,638.0,635.5,636.6,638.6,637.0,635.9,650.1,652.8,657.4,664.3,657.9,653.5,646.5,636.1,632.4,633.9,636.4,646.1,660.0,649.9,642.8,640.0,638.5,640.4,644.7,635.9,636.9,639.9,656.4,641.8,638.8,637.8,0.6,0.214,-0.272,0.061,270.616,184.166,-14.363,11.378,-8.763,20.344,6.406,-3.877,-2.551,3.042,4.766,-1.949,1.607,0.571,1.282,-1.615,-1.304,0.295,1.845,1.146,-1.138,-0.734,0.469,-0.459,-0.227,-0.125,0.031,0.087,0.113,0.075,-0.073,0.013,-0.019,-0.0,-0.012,-0.006,0.33,0.0,0.0,0.84,0.0,0.0,0.0,0.0,0.0,0.14,0.0,0.0,0.0,0.0,0.23,0.0,0.0,0.0,1.0,0.0,1.0,0.0,0.0,0.0,0.0,0.0,0.0,0.0,0.0,0.0,0.0,1.0,1.0,1.0,0.0
PP133,g1,3148,0,0.975,0.208653,0.188823,-0.959588,0.056418,0.182101,-0.98166,0.136,0.189,248.7,250.1,253.4,256.5,257.7,256.5,253.0,249.9,244.2,246.3,249.3,252.9,256.4,258.9,260.6,258.5,255.5,252.3,249.1,246.3,251.7,253.1,254.5,255.2,254.6,253.3,251.8,251.2,286.1,287.1,289.8,292.8,294.1,293.1,290.4,287.2,283.0,285.0,287.7,291.0,293.8,295.8,296.9,295.8,293.9,291.4,288.4,285.3,288.7,290.0,291.2,291.6,291.0,289.8,288.6,288.1,159.0,155.8,154.6,156.0,159.3,162.8,163.8,162.3,160.4,158.6,157.5,157.0,157.8,159.4,161.6,162.7,163.0,163.1,162.7,161.9,160.7,161.3,160.7,159.3,157.9,157.3,157.8,159.2,159.5,156.3,155.0,156.2,159.3,162.5,163.8,162.8,161.7,159.5,157.9,157.2,157.8,158.9,160.7,162.2,162.9,163.3,163.1,162.8,160.9,161.4,160.8,159.4,158.1,157.5,158.1,159.5,-1.7,0.2,4.4,8.5,10.0,8.5,4.0,-0.1,-7.6,-4.8,-0.9,3.7,8.2,11.6,13.8,11.0,7.2,3.0,-1.2,-4.9,2.3,4.1,5.9,6.7,6.0,4.2,2.4,1.6,48.5,50.0,53.9,58.0,59.8,58.4,54.5,50.1,44.4,47.0,50.6,55.2,59.3,62.4,64.3,62.4,59.5,55.8,51.7,47.5,52.3,54.1,55.8,56.4,55.6,53.8,52.1,51.5,-37.0,-41.2,-42.9,-41.0,-36.6,-32.1,-30.8,-32.7,-35.5,-37.7,-39.0,-39.5,-38.6,-36.6,-33.8,-32.3,-31.8,-31.7,-32.2,-33.4,-34.9,-34.1,-34.8,-36.7,-38.6,-39.4,-38.7,-36.8,-37.7,-42.0,-44.0,-42.4,-38.2,-33.9,-32.0,-33.2,-34.7,-37.6,-39.7,-40.8,-40.3,-39.0,-36.7,-34.5,-33.3,-32.7,-32.8,-33.3,-36.0,-35.3,-36.1,-38.0,-39.9,-40.5,-39.7,-37.8,507.7,508.2,508.5,508.4,507.9,507.6,507.1,507.2,511.6,509.2,507.0,506.0,506.7,508.2,509.8,508.1,506.4,506.0,507.0,509.1,508.3,508.3,508.4,508.7,508.9,508.9,508.8,508.6,525.3,526.4,528.1,529.5,529.8,528.7,527.0,525.7,525.6,524.9,524.9,526.0,528.8,532.4,535.7,532.4,529.0,526.5,525.2,525.2,527.4,528.1,528.8,529.3,529.2,528.5,527.8,527.3,34.4,-4.7,649.2,0.209,-0.201,0.045,223.2,223.2,224.5,226.8,231.5,238.7,247.7,258.2,268.7,277.3,283.5,289.2,294.3,298.2,300.9,303.0,303.8,235.1,242.0,250.8,259.6,267.4,282.5,288.9,295.1,301.0,304.3,274.9,275.8,276.9,277.9,265.9,270.4,274.8,278.8,282.2,244.1,249.6,255.9,260.8,255.5,249.2,283.0,288.0,293.5,297.0,293.8,288.4,255.3,263.3,270.0,273.6,277.4,281.7,284.8,281.2,276.7,272.6,268.5,262.2,258.4,269.3,273.1,276.9,282.7,276.6,272.8,269.0,159.7,171.6,183.3,194.7,205.4,214.6,222.3,228.0,229.4,227.3,220.8,212.8,203.8,193.8,183.4,172.7,161.7,152.0,147.4,146.4,147.9,151.0,150.9,148.0,146.7,147.7,152.0,159.9,167.6,175.4,183.3,188.4,189.9,191.2,190.0,188.5,160.3,157.4,157.6,161.7,163.0,162.9,161.8,157.7,157.8,160.7,163.1,163.2,204.0,201.3,199.8,200.9,199.8,201.6,204.0,209.7,212.0,212.5,212.1,209.6,204.3,203.7,204.1,203.7,204.4,205.9,206.4,206.0,-46.2,-46.4,-44.5,-40.5,-32.4,-19.7,-3.9,14.1,32.1,47.5,59.5,70.8,80.5,87.5,92.3,95.8,97.1,-24.5,-13.0,1.3,15.5,28.0,52.9,64.2,75.5,86.6,93.6,40.5,41.6,42.8,44.0,25.8,32.9,40.1,46.8,52.6,-9.7,-0.6,9.6,17.7,9.0,-1.2,55.1,63.7,73.5,80.2,74.1,64.4,8.8,21.7,32.5,38.5,44.8,52.6,59.0,52.1,44.0,37.1,30.3,20.0,13.9,31.6,37.9,44.2,55.1,43.9,37.5,31.1,-47.9,-27.6,-7.2,12.6,31.3,47.3,60.3,69.4,71.8,69.2,59.2,45.7,29.6,11.5,-7.3,-26.8,-46.6,-58.2,-65.2,-66.4,-63.7,-58.6,-59.6,-65.2,-68.3,-67.6,-61.2,-44.8,-31.9,-19.3,-6.6,1.5,3.9,5.9,4.1,1.6,-44.6,-49.2,-48.9,-42.3,-40.2,-40.2,-42.9,-50.0,-50.2,-45.8,-41.3,-40.9,27.4,22.6,20.0,21.9,20.2,23.4,28.0,37.0,40.4,41.0,40.3,36.4,27.8,26.4,27.1,26.6,28.6,30.3,31.1,30.3,672.2,676.1,680.8,683.7,683.6,681.2,675.9,668.9,669.3,679.0,693.9,705.7,710.5,709.8,707.9,706.4,705.9,639.9,634.6,631.0,628.1,627.3,636.1,644.0,653.3,663.1,673.3,633.7,628.1,622.1,616.5,631.8,631.2,631.3,634.9,639.0,641.0,638.4,639.4,641.4,639.8,638.8,652.7,655.3,659.8,666.6,660.4,656.0,649.0,638.8,635.3,636.8,639.3,648.7,662.4,651.8,644.6,641.7,640.4,642.4,647.1,638.7,639.7,642.8,658.6,643.7,640.7,639.7,0.597,0.213,-0.265,0.059,270.615,184.445,-11.367,11.624,-11.234,18.739,5.959,-1.543,-3.167,3.013,4.375,-1.837,1.557,0.642,0.923,-1.649,-1.167,0.307,1.314,1.387,-0.939,-0.83,0.479,-0.668,-0.099,-0.089,0.109,-0.012,0.099,0.052,-0.086,0.007,-0.019,0.001,-0.009,-0.004,0.39,0.0,0.0,0.91,0.0,0.0,0.0,0.0,0.0,0.0,0.0,0.0,0.0,0.0,0.0,0.0,0.0,0.0,1.0,0.0,1.0,0.0,0.0,0.0,0.0,0.0,0.0,0.0,0.0,0.0,0.0,1.0,0.0,1.0,0.0
PP133,g1,3154,0,0.975,0.209261,0.192601,-0.958705,0.055683,0.185049,-0.98115,0.136,0.192,249.1,250.5,253.7,256.9,258.1,256.9,253.5,250.3,244.7,246.8,249.8,253.3,256.7,259.2,260.9,258.8,255.9,252.7,249.5,246.7,252.2,253.5,254.9,255.5,255.0,253.6,252.2,251.6,286.4,287.4,290.1,293.0,294.3,293.3,290.6,287.5,283.3,285.3,288.0,291.2,294.1,296.0,297.1,296.0,294.1,291.6,288.7,285.6,289.0,290.2,291.4,291.9,291.3,290.0,288.8,288.4,159.7,156.5,155.2,156.7,159.9,163.4,164.4,162.9,161.0,159.2,158.1,157.7,158.4,160.0,162.2,163.2,163.6,163.6,163.3,162.5,161.3,161.9,161.3,160.0,158.5,157.9,158.4,159.8,160.1,157.0,155.7,156.9,160.0,163.1,164.4,163.4,162.3,160.2,158.6,157.9,158.5,159.6,161.4,162.8,163.6,163.9,163.7,163.4,161.5,162.0,161.5,160.1,158.8,158.2,158.8,160.2,-1.2,0.7,4.9,9.0,10.6,9.0,4.5,0.4,-7.0,-4.2,-0.3,4.3,8.8,12.1,14.4,11.6,7.8,3.5,-0.6,-4.3,2.8,4.6,6.5,7.3,6.6,4.8,3.0,2.1,49.5,50.9,54.8,58.9,60.8,59.3,55.4,51.0,45.3,47.9,51.6,56.1,60.3,63.4,65.2,63.4,60.4,56.7,52.6,48.4,53.2,55.0,56.7,57.4,56.6,54.8,53.1,52.4,-36.6,-40.8,-42.4,-40.5,-36.2,-31.7,-30.3,-32.2,-35.1,-37.2,-38.5,-39.0,-38.1,-36.1,-33.4,-31.9,-31.4,-31.2,-31.8,-33.0,-34.5,-33.7,-34.4,-36.2,-38.1,-39.0,-38.3,-36.4,-37.2,-41.6,-43.5,-41.9,-37.8,-33.4,-31.5,-32.7,-34.3,-37.1,-39.2,-40.2,-39.8,-38.5,-36.2,-34.1,-32.8,-32.2,-32.3,-32.8,-35.5,-34.8,-35.7,-37.5,-39.4,-40.1,-39.2,-37.3,513.0,513.5,513.8,513.7,513.3,513.0,512.4,512.5,516.9,514.4,512.2,511.2,512.0,513.5,515.2,513.5,511.8,511.3,512.3,514.4,513.7,513.6,513.7,514.0,514.2,514.2,514.1,513.8,531.3,532.3,534.0,535.4,535.7,534.7,532.9,531.7,531.6,530.9,530.8,531.9,534.7,538.3,541.6,538.3,534.9,532.4,531.1,531.1,533.4,534.0,534.7,535.2,535.1,534.5,533.7,533.3,35.0,-4.2,651.7,0.207,-0.201,0.046,223.5,223.5,224.7,227.0,231.6,238.9,248.0,258.5,269.1,277.7,283.8,289.5,294.6,298.5,301.2,303.2,304.0,235.5,242.4,251.2,260.0,267.8,282.7,289.2,295.3,301.2,304.5,275.3,276.2,277.2,278.2,266.2,270.7,275.2,279.1,282.5,244.6,250.1,256.2,261.1,255.9,249.7,283.3,288.3,293.7,297.2,294.0,288.6,255.6,263.6,270.3,273.9,277.6,281.9,285.1,281.5,277.1,273.1,269.0,262.7,258.6,269.7,273.4,277.2,283.0,277.0,273.3,269.4,160.2,171.9,183.6,194.8,205.4,214.6,222.3,227.9,229.4,227.3,220.9,212.9,204.0,194.1,183.7,173.1,162.1,152.5,147.9,146.9,148.4,151.6,151.5,148.5,147.3,148.2,152.5,160.5,168.2,175.9,183.8,188.8,190.4,191.6,190.5,188.9,160.9,158.1,158.3,162.3,163.5,163.5,162.4,158.4,158.5,161.3,163.7,163.8,204.1,201.7,200.3,201.4,200.3,202.0,204.1,209.5,211.7,212.2,211.8,209.5,204.4,204.1,204.5,204.0,204.6,205.8,206.3,205.9,-45.8,-46.0,-44.2,-40.4,-32.3,-19.4,-3.5,14.6,32.8,48.3,60.4,71.7,81.5,88.5,93.3,96.7,98.0,-23.9,-12.4,2.0,16.2,28.7,53.5,64.8,76.1,87.2,94.4,41.1,42.2,43.5,44.7,26.4,33.6,40.8,47.5,53.4,-9.0,0.1,10.3,18.3,9.7,-0.5,55.8,64.5,74.1,80.9,74.7,65.1,9.3,22.4,33.2,39.1,45.4,53.2,59.8,52.8,44.8,38.0,31.2,20.9,14.4,32.3,38.6,44.9,55.9,44.7,38.3,31.9,-47.3,-27.1,-6.9,12.8,31.5,47.5,60.3,69.5,72.0,69.4,59.5,46.2,30.1,12.1,-6.8,-26.3,-46.1,-57.6,-64.6,-65.9,-63.1,-57.9,-58.9,-64.5,-67.6,-66.9,-60.5,-44.0,-31.1,-18.6,-5.9,2.2,4.6,6.7,4.9,2.4,-43.8,-48.3,-48.0,-41.6,-39.4,-39.5,-42.1,-49.0,-49.2,-44.9,-40.4,-40.0,27.6,23.3,20.9,22.8,21.1,24.1,28.3,36.8,40.1,40.6,39.9,36.2,28.1,27.2,27.9,27.3,28.9,30.3,31.0,30.3,675.3,679.1,683.5,686.4,686.2,683.8,678.2,671.1,671.5,681.4,696.6,708.7,713.8,713.2,711.4,709.8,709.4,642.8,637.3,633.7,630.8,629.8,638.5,646.4,655.8,665.6,675.8,636.3,630.7,624.6,619.0,634.4,633.7,633.8,637.4,641.6,643.7,641.0,642.0,644.0,642.4,641.4,655.3,657.9,662.4,669.2,662.9,658.6,651.4,641.4,638.0,639.6,642.1,651.5,665.4,654.1,646.5,643.6,642.3,644.5,649.5,641.3,642.3,645.4,661.4,645.8,642.7,641.8,0.595,0.213,-0.266,0.059,270.94,184.778,-8.388,11.019,-12.022,17.011,5.717,-0.11,-3.704,2.854,3.692,-1.004,0.956,0.822,0.47,-2.096,-1.387,0.11,0.852,1.207,-1.214,-0.815,0.46,-0.572,-0.083,-0.207,0.072,0.053,0.017,0.05,-0.096,0.008,-0.029,0.001,-0.006,-0.002,0.25,0.0,0.0,0.8,0.0,0.0,0.0,0.0,0.0,0.1,0.0,0.0,0.0,0.0,0.0,0.0,0.0,0.0,1.0,0.0,1.0,0.0,0.0,0.0,0.0,0.0,0.0,0.0,0.0,0.0,0.0,1.0,0.0,1.0,0.0
PP133,g1,3160,0,0.975,0.209307,0.191215,-0.958972,0.055422,0.183823,-0.981396,0.136,0.191,249.7,251.1,254.3,257.4,258.6,257.4,254.0,250.9,245.2,247.3,250.3,253.8,257.3,259.8,261.5,259.4,256.5,253.2,250.1,247.3,252.7,254.1,255.5,256.1,255.5,254.2,252.8,252.2,286.9,287.9,290.6,293.5,294.9,293.9,291.1,288.0,283.8,285.8,288.5,291.8,294.6,296.5,297.6,296.5,294.7,292.2,289.2,286.2,289.5,290.8,292.0,292.4,291.8,290.6,289.4,288.9,159.9,156.8,155.5,157.0,160.2,163.7,164.7,163.2,161.3,159.5,158.4,158.0,158.7,160.3,162.5,163.5,163.8,163.9,163.6,162.8,161.5,162.2,161.6,160.2,158.8,158.2,158.7,160.1,160.5,157.3,156.0,157.2,160.3,163.4,164.8,163.8,162.6,160.5,159.0,158.3,158.8,159.9,161.7,163.1,163.9,164.2,164.1,163.7,161.8,162.4,161.8,160.4,159.1,158.5,159.1,160.5,-0.5,1.4,5.6,9.7,11.3,9.7,5.2,1.1,-6.3,-3.5,0.4,5.0,9.5,12.8,15.1,12.3,8.5,4.2,0.1,-3.6,3.5,5.3,7.2,8.0,7.3,5.5,3.7,2.8,50.2,51.7,55.6,59.7,61.6,60.1,56.2,51.7,46.1,48.7,52.3,56.9,61.1,64.1,66.0,64.1,61.2,57.5,53.3,49.2,54.0,55.8,57.5,58.1,57.3,55.5,53.8,53.2,-36.2,-40.4,-42.0,-40.1,-35.8,-31.2,-29.9,-31.8,-34.6,-36.8,-38.1,-38.6,-37.7,-35.7,-33.0,-31.5,-31.0,-30.8,-31.4,-32.6,-34.1,-33.3,-34.0,-35.8,-37.7,-38.6,-37.8,-36.0,-36.8,-41.1,-43.1,-41.5,-37.3,-33.0,-31.0,-32.3,-33.9,-36.7,-38.8,-39.8,-39.3,-38.0,-35.7,-33.6,-32.3,-31.8,-31.9,-32.4,-35.1,-34.4,-35.2,-37.1,-38.9,-39.6,-38.8,-36.9,512.5,513.0,513.3,513.2,512.8,512.5,511.9,512.0,516.4,513.9,511.7,510.8,511.5,513.1,514.8,513.0,511.3,510.9,511.8,513.9,513.2,513.1,513.3,513.5,513.7,513.8,513.6,513.4,531.5,532.5,534.2,535.6,535.9,534.8,533.1,531.8,531.8,531.1,531.0,532.1,534.9,538.4,541.8,538.5,535.1,532.6,531.3,531.3,533.6,534.2,534.9,535.4,535.3,534.6,533.9,533.4,35.9,-3.7,651.1,0.205,-0.202,0.047,224.0,224.0,225.2,227.5,232.1,239.3,248.4,258.9,269.4,278.0,284.2,289.9,295.0,298.9,301.7,303.7,304.5,236.0,242.9,251.7,260.5,268.3,283.3,289.8,296.0,301.8,305.1,275.8,276.7,277.8,278.8,266.8,271.3,275.7,279.7,283.1,245.1,250.6,256.8,261.6,256.4,250.2,283.8,288.8,294.3,297.8,294.6,289.2,256.1,264.2,270.9,274.5,278.2,282.5,285.6,282.1,277.6,273.6,269.5,263.2,259.2,270.2,274.0,277.7,283.6,277.6,273.8,270.0,160.4,172.1,183.8,195.0,205.7,214.9,222.6,228.3,229.8,227.7,221.3,213.4,204.4,194.5,184.1,173.4,162.4,152.8,148.2,147.2,148.7,151.8,151.7,148.8,147.6,148.6,153.0,160.8,168.5,176.2,184.1,189.1,190.6,191.9,190.8,189.2,161.2,158.4,158.6,162.6,163.8,163.8,162.7,158.7,158.8,161.7,164.0,164.1,204.3,202.0,200.5,201.7,200.6,202.2,204.4,209.8,212.0,212.4,212.0,209.7,204.6,204.3,204.7,204.3,204.8,206.1,206.6,206.2,-44.9,-45.1,-43.3,-39.5,-31.5,-18.7,-2.8,15.3,33.4,48.8,60.9,72.3,82.2,89.3,94.1,97.6,99.0,-23.1,-11.6,2.8,17.0,29.6,54.4,65.8,77.1,88.3,95.4,42.0,43.1,44.4,45.6,27.2,34.4,41.7,48.4,54.3,-8.1,1.0,11.1,19.1,10.6,0.4,56.7,65.3,75.0,81.8,75.6,66.0,10.2,23.3,34.1,40.0,46.3,54.1,60.6,53.6,45.7,38.9,32.1,21.8,15.2,33.2,39.4,45.8,56.8,45.6,39.1,32.8,-46.8,-26.7,-6.5,13.2,31.8,47.9,60.8,70.1,72.6,70.1,60.3,47.0,30.9,12.8,-6.2,-25.7,-45.6,-57.0,-64.0,-65.4,-62.6,-57.5,-58.4,-64.0,-67.0,-66.2,-59.7,-43.5,-30.6,-18.1,-5.4,2.6,5.1,7.2,5.3,2.8,-43.3,-47.8,-47.4,-41.1,-38.9,-39.0,-41.5,-48.4,-48.6,-44.2,-39.8,-39.5,28.0,23.7,21.3,23.2,21.5,24.5,28.8,37.2,40.5,41.0,40.3,36.6,28.5,27.6,28.3,27.7,29.3,30.7,31.4,30.7,674.6,678.3,682.7,685.5,685.4,683.0,677.6,670.5,671.0,680.9,696.1,708.2,713.4,712.9,711.2,709.7,709.3,642.4,636.9,633.2,630.3,629.3,638.0,646.1,655.5,665.4,675.6,635.8,630.2,624.0,618.4,633.7,633.1,633.2,636.8,641.0,643.1,640.5,641.5,643.5,641.8,640.8,654.9,657.6,662.0,668.8,662.5,658.2,650.8,640.8,637.4,638.9,641.4,650.9,664.8,653.5,645.9,642.9,641.6,643.9,648.9,640.6,641.7,644.8,660.9,645.2,642.1,641.2,0.595,0.211,-0.269,0.061,271.456,185.076,-7.879,10.529,-11.595,17.044,5.634,-0.288,-3.79,2.654,3.815,-1.466,0.539,0.925,0.591,-2.079,-1.181,-0.011,0.735,1.092,-1.127,-0.855,0.449,-0.545,-0.088,-0.216,0.031,0.027,0.039,0.053,-0.106,0.009,-0.033,-0.001,-0.001,-0.004,0.03,0.0,0.0,0.97,0.0,0.0,0.08,0.0,0.0,0.03,0.0,0.0,0.0,0.0,0.0,0.0,0.0,0.0,1.0,0.0,1.0,0.0,0.0,0.0,0.0,0.0,0.0,0.0,0.0,0.0,0.0,0.0,0.0,1.0,0.0
PP133,g1,3166,0,0.975,0.2109,0.193676,-0.958129,0.058123,0.186885,-0.980661,0.138,0.194,250.4,251.8,255.0,258.1,259.4,258.1,254.7,251.6,245.9,248.0,251.0,254.5,258.0,260.5,262.2,260.1,257.2,254.0,250.8,248.0,253.4,254.8,256.2,256.8,256.3,254.9,253.5,252.9,287.6,288.6,291.3,294.2,295.5,294.5,291.8,288.7,284.5,286.5,289.2,292.4,295.3,297.2,298.2,297.2,295.3,292.8,289.9,286.8,290.2,291.4,292.6,293.1,292.5,291.2,290.0,289.6,160.0,156.8,155.6,157.0,160.3,163.8,164.7,163.3,161.3,159.6,158.5,158.0,158.8,160.4,162.5,163.6,163.9,164.0,163.6,162.8,161.6,162.2,161.7,160.3,158.9,158.2,158.8,160.2,160.5,157.4,156.0,157.3,160.3,163.5,164.8,163.8,162.7,160.5,159.0,158.3,158.8,160.0,161.8,163.2,163.9,164.3,164.1,163.7,161.9,162.4,161.8,160.5,159.1,158.6,159.2,160.5,0.5,2.3,6.6,10.7,12.2,10.7,6.2,2.1,-5.4,-2.6,1.3,5.9,10.4,13.8,16.0,13.2,9.4,5.2,1.0,-2.7,4.5,6.3,8.1,8.9,8.2,6.4,4.6,3.8,51.0,52.5,56.4,60.5,62.4,60.9,57.0,52.5,46.9,49.5,53.1,57.7,61.9,64.9,66.8,64.9,62.0,58.3,54.1,50.0,54.8,56.6,58.3,58.9,58.1,56.3,54.6,54.0,-36.0,-40.2,-41.8,-39.9,-35.6,-31.1,-29.8,-31.7,-34.5,-36.6,-37.9,-38.4,-37.5,-35.5,-32.8,-31.3,-30.8,-30.7,-31.2,-32.4,-33.9,-33.1,-33.8,-35.6,-37.5,-38.4,-37.7,-35.8,-36.7,-41.0,-43.0,-41.4,-37.2,-32.9,-30.9,-32.2,-33.8,-36.6,-38.7,-39.7,-39.2,-37.9,-35.7,-33.5,-32.2,-31.6,-31.8,-32.3,-34.9,-34.3,-35.1,-37.0,-38.8,-39.5,-38.7,-36.8,511.0,511.6,511.9,511.8,511.4,511.1,510.5,510.6,515.0,512.5,510.3,509.3,510.1,511.6,513.3,511.6,509.9,509.4,510.4,512.5,511.7,511.7,511.9,512.1,512.3,512.3,512.2,511.9,530.6,531.6,533.3,534.7,535.0,534.0,532.3,531.0,530.9,530.2,530.1,531.2,534.0,537.6,541.0,537.6,534.3,531.7,530.4,530.4,532.7,533.3,534.0,534.5,534.4,533.8,533.0,532.6,36.9,-3.5,649.0,0.21,-0.207,0.048,224.5,224.5,225.7,228.0,232.5,239.8,248.9,259.5,270.1,278.7,284.8,290.5,295.6,299.5,302.2,304.3,305.0,236.6,243.6,252.4,261.3,269.1,284.1,290.5,296.7,302.5,305.7,276.6,277.5,278.6,279.6,267.6,272.0,276.5,280.4,283.8,245.8,251.3,257.5,262.4,257.2,250.9,284.5,289.5,294.9,298.4,295.2,289.8,256.8,264.9,271.7,275.3,279.0,283.3,286.3,282.8,278.3,274.3,270.2,263.8,259.9,271.0,274.8,278.5,284.2,278.3,274.5,270.6,160.3,172.1,183.8,195.1,205.8,215.1,222.9,228.7,230.2,228.0,221.5,213.4,204.4,194.5,184.1,173.3,162.4,152.8,148.2,147.1,148.7,151.8,151.8,148.8,147.6,148.6,152.9,160.9,168.6,176.2,184.1,189.2,190.7,192.0,190.8,189.3,161.3,158.4,158.7,162.7,163.9,163.8,162.8,158.8,158.8,161.7,164.1,164.1,204.7,202.1,200.6,201.7,200.6,202.4,204.7,210.3,212.7,213.1,212.7,210.3,204.9,204.5,204.8,204.4,205.1,206.6,207.2,206.7,-43.8,-44.1,-42.3,-38.5,-30.6,-17.8,-1.9,16.2,34.4,49.9,61.9,73.2,83.0,90.0,94.7,98.2,99.5,-21.9,-10.4,3.9,18.1,30.7,55.5,66.8,78.1,89.1,96.1,43.1,44.2,45.5,46.8,28.4,35.6,42.8,49.5,55.3,-6.9,2.2,12.3,20.3,11.7,1.5,57.6,66.2,75.9,82.6,76.5,66.9,11.3,24.3,35.2,41.2,47.4,55.2,61.5,54.7,46.7,39.8,33.1,22.7,16.4,34.3,40.5,46.8,57.6,46.6,40.2,33.8,-46.7,-26.6,-6.4,13.3,32.0,48.1,61.2,70.5,73.1,70.5,60.4,46.9,30.8,12.7,-6.2,-25.6,-45.4,-56.7,-63.8,-65.2,-62.4,-57.2,-58.2,-63.8,-66.8,-66.1,-59.6,-43.2,-30.4,-18.0,-5.4,2.7,5.2,7.2,5.4,2.9,-43.0,-47.5,-47.2,-40.8,-38.6,-38.7,-41.3,-48.2,-48.4,-44.1,-39.6,-39.2,28.5,23.9,21.3,23.2,21.5,24.7,29.2,38.1,41.5,42.1,41.3,37.5,28.9,27.7,28.4,27.9,29.7,31.5,32.2,31.5,671.5,675.4,679.9,682.9,682.9,680.7,675.5,668.6,669.2,679.2,694.3,706.2,711.2,710.4,708.5,707.0,706.5,639.3,633.9,630.3,627.5,626.8,635.8,643.9,653.4,663.4,673.6,633.5,627.9,621.9,616.3,631.5,631.0,631.2,634.8,639.0,640.3,637.7,638.8,641.0,639.2,638.1,652.7,655.3,659.9,666.8,660.5,656.0,648.4,638.3,634.9,636.5,639.0,648.6,662.7,651.7,644.2,641.2,639.8,641.8,646.6,638.3,639.4,642.5,658.7,643.3,640.2,639.2,0.597,0.216,-0.275,0.062,272.129,185.22,-9.393,11.596,-11.212,17.901,5.161,-2.097,-3.524,2.901,4.053,-1.502,0.646,0.583,0.695,-1.893,-1.092,0.142,1.028,1.024,-1.181,-0.88,0.436,-0.664,-0.118,-0.189,-0.04,0.062,0.057,0.046,-0.101,0.008,-0.028,0.004,-0.005,-0.006,0.24,0.0,0.0,0.5,0.0,0.0,0.0,0.0,0.0,0.36,0.0,0.0,0.0,0.0,0.0,0.0,0.0,0.0,1.0,0.0,1.0,0.0,0.0,0.0,0.0,0.0,0.0,0.0,0.0,0.0,0.0,1.0,1.0,1.0,0.0
PP133,g1,3172,0,0.975,0.211116,0.193563,-0.958104,0.059601,0.186912,-0.980567,0.139,0.194,250.8,252.2,255.4,258.5,259.7,258.5,255.1,252.0,246.3,248.4,251.4,254.9,258.4,260.9,262.6,260.5,257.6,254.3,251.2,248.4,253.8,255.2,256.6,257.2,256.7,255.3,253.9,253.3,287.9,288.9,291.6,294.5,295.8,294.8,292.1,289.0,284.8,286.8,289.5,292.7,295.5,297.4,298.5,297.4,295.6,293.1,290.2,287.1,290.5,291.7,292.9,293.4,292.8,291.5,290.3,289.9,160.1,156.9,155.7,157.1,160.4,163.9,164.8,163.4,161.5,159.7,158.6,158.1,158.9,160.5,162.6,163.7,164.0,164.1,163.7,162.9,161.7,162.4,161.8,160.4,159.0,158.4,158.9,160.3,160.6,157.4,156.1,157.3,160.4,163.5,164.9,163.9,162.7,160.6,159.1,158.4,158.9,160.0,161.8,163.2,164.0,164.3,164.2,163.8,161.9,162.5,161.9,160.5,159.2,158.7,159.2,160.6,1.0,2.9,7.1,11.2,12.8,11.2,6.7,2.6,-4.9,-2.1,1.8,6.4,10.9,14.3,16.6,13.8,9.9,5.7,1.6,-2.1,5.0,6.8,8.6,9.4,8.8,7.0,5.1,4.3,51.6,53.0,56.9,61.0,62.9,61.4,57.5,53.1,47.4,50.0,53.7,58.2,62.4,65.4,67.3,65.4,62.5,58.8,54.7,50.5,55.3,57.1,58.8,59.5,58.6,56.8,55.1,54.5,-35.9,-40.1,-41.8,-39.9,-35.5,-31.0,-29.7,-31.6,-34.4,-36.5,-37.8,-38.4,-37.4,-35.5,-32.8,-31.2,-30.7,-30.6,-31.1,-32.3,-33.8,-33.0,-33.7,-35.6,-37.5,-38.3,-37.6,-35.7,-36.7,-41.0,-43.0,-41.4,-37.2,-32.9,-30.9,-32.2,-33.7,-36.6,-38.7,-39.7,-39.2,-37.9,-35.7,-33.5,-32.2,-31.6,-31.7,-32.3,-34.9,-34.2,-35.1,-37.0,-38.8,-39.5,-38.7,-36.8,512.2,512.8,513.1,513.0,512.5,512.2,511.7,511.8,516.1,513.7,511.5,510.5,511.3,512.8,514.5,512.8,511.1,510.6,511.5,513.6,512.9,512.9,513.0,513.3,513.5,513.5,513.4,513.1,531.7,532.7,534.5,535.9,536.2,535.2,533.4,532.1,532.0,531.3,531.3,532.4,535.2,538.8,542.2,538.9,535.5,532.9,531.6,531.6,533.9,534.5,535.2,535.7,535.6,534.9,534.2,533.7,37.5,-3.2,649.2,0.209,-0.208,0.046,224.8,224.8,226.0,228.3,232.9,240.2,249.4,260.0,270.6,279.1,285.2,290.9,295.9,299.8,302.5,304.5,305.2,237.1,244.1,252.9,261.7,269.5,284.4,290.8,296.9,302.7,305.9,277.0,277.9,279.0,280.1,268.0,272.5,276.9,280.9,284.2,246.2,251.7,257.9,262.7,257.5,251.3,284.8,289.8,295.2,298.7,295.5,290.1,257.2,265.3,272.1,275.7,279.4,283.6,286.6,283.2,278.7,274.7,270.6,264.2,260.3,271.4,275.2,278.9,284.5,278.7,274.9,271.1,160.4,172.3,184.1,195.4,206.1,215.5,223.2,229.0,230.4,228.3,221.7,213.6,204.5,194.5,184.1,173.4,162.4,152.9,148.3,147.3,148.8,152.0,151.9,148.9,147.7,148.6,153.0,160.9,168.6,176.3,184.1,189.3,190.8,192.0,190.9,189.3,161.4,158.5,158.8,162.7,164.0,163.9,162.8,158.9,158.9,161.7,164.1,164.2,204.8,202.2,200.6,201.8,200.7,202.4,204.8,210.5,212.8,213.3,212.9,210.5,205.1,204.5,204.9,204.5,205.2,206.8,207.3,206.9,-43.3,-43.6,-41.8,-37.9,-29.8,-17.0,-1.1,17.1,35.2,50.7,62.6,73.9,83.6,90.5,95.2,98.6,99.9,-21.1,-9.6,4.7,18.8,31.3,56.0,67.3,78.5,89.5,96.5,43.7,44.9,46.2,47.5,29.1,36.3,43.5,50.2,56.0,-6.2,2.8,12.9,20.9,12.3,2.2,58.1,66.8,76.4,83.1,77.0,67.4,12.0,25.0,35.9,41.9,48.1,55.9,62.2,55.3,47.4,40.5,33.7,23.4,17.1,35.0,41.2,47.5,58.3,47.3,40.8,34.5,-46.5,-26.3,-6.0,13.8,32.6,48.7,61.8,71.0,73.6,70.9,60.8,47.2,31.0,12.8,-6.1,-25.6,-45.4,-56.5,-63.6,-64.9,-62.2,-57.0,-58.0,-63.6,-66.7,-66.0,-59.6,-43.1,-30.3,-17.9,-5.3,2.9,5.3,7.3,5.5,3.0,-42.8,-47.3,-47.0,-40.6,-38.5,-38.5,-41.2,-48.1,-48.3,-44.0,-39.5,-39.2,28.7,24.0,21.4,23.3,21.6,24.8,29.4,38.4,41.8,42.4,41.6,37.8,29.1,27.8,28.5,28.0,29.9,31.8,32.5,31.8,671.4,675.4,680.0,683.0,682.9,680.7,675.6,668.8,669.5,679.5,694.6,706.4,711.3,710.4,708.5,706.9,706.4,639.0,633.8,630.3,627.7,627.1,636.1,644.2,653.7,663.7,673.8,633.7,628.2,622.2,616.6,631.7,631.2,631.4,635.0,639.2,640.3,637.7,638.9,641.1,639.3,638.2,652.9,655.6,660.2,667.1,660.7,656.3,648.5,638.4,635.1,636.7,639.3,648.9,662.9,651.9,644.5,641.5,640.1,642.0,646.8,638.5,639.6,642.8,659.0,643.7,640.5,639.5,0.597,0.216,-0.277,0.061,272.505,185.342,-10.273,12.382,-11.086,18.081,4.789,-2.062,-3.159,2.827,3.96,-1.834,0.849,0.557,0.472,-1.904,-1.17,0.146,1.055,1.04,-1.227,-0.897,0.359,-0.583,-0.11,-0.209,-0.022,0.085,0.077,0.036,-0.1,0.007,-0.025,0.003,-0.007,-0.005,0.2,0.0,0.0,0.79,0.0,0.0,0.0,0.0,0.0,0.21,0.0,0.0,0.0,0.0,0.08,0.0,0.0,0.0,1.0,0.0,1.0,0.0,0.0,0.0,0.0,0.0,0.0,0.0,0.0,0.0,0.0,1.0,1.0,1.0,0.0
PP133,g1,3178,0,0.975,0.211426,0.193819,-0.957984,0.060029,0.187679,-0.980394,0.139,0.194,251.0,252.4,255.6,258.7,259.9,258.7,255.3,252.2,246.5,248.6,251.6,255.1,258.5,261.1,262.8,260.7,257.8,254.6,251.4,248.6,254.0,255.4,256.8,257.4,256.8,255.5,254.1,253.5,288.1,289.1,291.8,294.6,296.0,295.0,292.3,289.1,285.0,287.0,289.6,292.9,295.7,297.6,298.7,297.6,295.8,293.3,290.4,287.3,290.7,291.9,293.1,293.5,292.9,291.7,290.5,290.1,160.0,156.9,155.6,157.1,160.3,163.8,164.7,163.3,161.4,159.6,158.5,158.1,158.8,160.4,162.5,163.6,163.9,164.0,163.6,162.8,161.6,162.3,161.7,160.3,158.9,158.3,158.8,160.2,160.5,157.4,156.0,157.2,160.3,163.4,164.7,163.8,162.6,160.5,159.0,158.3,158.8,159.9,161.7,163.1,163.9,164.2,164.1,163.7,161.8,162.4,161.8,160.4,159.1,158.6,159.1,160.5,1.3,3.1,7.3,11.5,13.0,11.5,7.0,2.9,-4.6,-1.8,2.1,6.7,11.2,14.6,16.8,14.0,10.2,6.0,1.8,-1.9,5.3,7.1,8.9,9.7,9.0,7.2,5.4,4.6,51.9,53.4,57.3,61.4,63.3,61.8,57.9,53.5,47.8,50.4,54.0,58.6,62.8,65.8,67.7,65.8,62.9,59.2,55.0,50.9,55.7,57.5,59.2,59.8,59.0,57.2,55.5,54.9,-36.1,-40.3,-42.0,-40.1,-35.7,-31.2,-29.9,-31.8,-34.6,-36.7,-38.0,-38.5,-37.6,-35.7,-33.0,-31.5,-30.9,-30.8,-31.3,-32.5,-34.0,-33.2,-33.9,-35.8,-37.7,-38.5,-37.8,-35.9,-36.9,-41.2,-43.2,-41.6,-37.4,-33.1,-31.1,-32.4,-34.0,-36.8,-38.9,-39.9,-39.4,-38.1,-35.9,-33.7,-32.5,-31.9,-32.0,-32.5,-35.2,-34.5,-35.3,-37.2,-39.0,-39.7,-38.9,-37.0,513.4,514.0,514.3,514.2,513.8,513.5,512.9,513.0,517.3,514.9,512.7,511.7,512.5,514.0,515.8,514.0,512.3,511.8,512.7,514.8,514.1,514.1,514.2,514.5,514.7,514.7,514.6,514.3,533.0,534.0,535.7,537.2,537.5,536.4,534.7,533.4,533.3,532.6,532.5,533.7,536.5,540.0,543.4,540.1,536.7,534.2,532.9,532.8,535.1,535.7,536.5,536.9,536.8,536.2,535.4,535.0,37.8,-3.4,649.3,0.209,-0.209,0.047,225.0,225.0,226.2,228.5,233.1,240.3,249.4,260.0,270.6,279.2,285.3,291.0,296.0,299.9,302.6,304.6,305.4,237.3,244.2,253.1,261.9,269.7,284.6,291.0,297.1,302.9,306.1,277.1,278.1,279.2,280.2,268.2,272.6,277.1,281.0,284.4,246.4,251.9,258.1,262.9,257.7,251.5,285.0,290.0,295.4,298.8,295.7,290.3,257.4,265.5,272.3,275.9,279.6,283.8,286.8,283.3,278.9,274.8,270.8,264.4,260.5,271.6,275.4,279.1,284.7,278.8,275.1,271.2,160.4,172.3,184.0,195.3,206.0,215.3,223.1,229.0,230.4,228.3,221.7,213.6,204.5,194.5,184.1,173.3,162.3,153.0,148.3,147.2,148.7,151.9,151.8,148.8,147.6,148.6,152.9,160.8,168.5,176.2,184.0,189.1,190.7,191.9,190.8,189.2,161.3,158.5,158.7,162.6,163.9,163.8,162.7,158.8,158.8,161.6,164.0,164.1,204.7,202.1,200.5,201.7,200.6,202.3,204.7,210.5,212.8,213.3,212.9,210.4,205.0,204.4,204.8,204.4,205.1,206.8,207.3,206.9,-42.9,-43.2,-41.4,-37.6,-29.6,-16.8,-1.0,17.2,35.4,50.9,62.8,74.1,83.8,90.7,95.4,98.9,100.2,-20.7,-9.3,5.0,19.1,31.6,56.3,67.6,78.9,89.9,96.8,44.0,45.2,46.5,47.8,29.4,36.6,43.8,50.4,56.2,-5.9,3.1,13.2,21.2,12.7,2.5,58.5,67.1,76.7,83.4,77.3,67.7,12.3,25.3,36.2,42.2,48.4,56.2,62.5,55.7,47.7,40.8,34.0,23.6,17.4,35.3,41.5,47.8,58.6,47.5,41.1,34.7,-46.5,-26.3,-6.1,13.6,32.3,48.5,61.6,71.0,73.6,70.9,60.8,47.1,30.9,12.7,-6.3,-25.7,-45.6,-56.5,-63.6,-65.0,-62.3,-57.2,-58.2,-63.8,-66.8,-66.1,-59.7,-43.3,-30.5,-18.1,-5.5,2.7,5.1,7.2,5.3,2.8,-42.9,-47.4,-47.1,-40.8,-38.6,-38.7,-41.4,-48.2,-48.5,-44.2,-39.7,-39.4,28.6,23.8,21.2,23.1,21.4,24.6,29.2,38.3,41.8,42.4,41.6,37.7,29.0,27.6,28.3,27.8,29.8,31.8,32.5,31.8,671.2,675.1,679.7,682.7,682.8,680.7,675.6,668.9,669.6,679.6,694.7,706.6,711.4,710.7,708.7,707.2,706.6,639.2,633.9,630.5,627.9,627.3,636.3,644.4,653.9,663.9,674.0,633.8,628.3,622.3,616.8,631.7,631.3,631.5,635.2,639.4,640.3,637.9,639.1,641.2,639.4,638.3,653.0,655.7,660.3,667.1,660.8,656.4,648.6,638.5,635.2,636.8,639.4,649.0,663.0,652.1,644.7,641.7,640.3,642.2,646.9,638.6,639.7,642.8,659.1,643.9,640.7,639.7,0.597,0.216,-0.279,0.062,272.671,185.266,-10.681,11.782,-10.76,18.193,4.598,-2.361,-3.047,2.641,4.169,-1.87,0.8,0.381,0.592,-1.957,-1.071,0.149,1.086,1.138,-1.177,-0.861,0.44,-0.536,-0.024,-0.252,-0.017,0.091,0.084,0.038,-0.1,0.009,-0.029,-0.002,-0.008,-0.005,0.3,0.0,0.0,0.93,0.0,0.0,0.0,0.0,0.0,0.01,0.0,0.0,0.0,0.0,0.0,0.0,0.0,0.0,1.0,0.0,1.0,0.0,0.0,0.0,0.0,0.0,0.0,0.0,0.0,0.0,0.0,1.0,1.0,1.0,0.0
PP133,g1,3184,0,0.975,0.212246,0.193447,-0.957878,0.060696,0.186651,-0.980549,0.14,0.194,250.9,252.3,255.5,258.7,259.9,258.6,255.2,252.1,246.5,248.6,251.6,255.1,258.5,261.0,262.7,260.6,257.7,254.5,251.4,248.5,253.9,255.3,256.7,257.3,256.8,255.4,254.0,253.4,287.9,288.9,291.6,294.5,295.8,294.8,292.1,289.0,284.8,286.8,289.5,292.7,295.5,297.4,298.4,297.4,295.5,293.1,290.2,287.1,290.5,291.7,292.9,293.3,292.8,291.5,290.3,289.9,160.2,157.0,155.8,157.3,160.5,163.9,164.9,163.5,161.6,159.8,158.7,158.3,159.0,160.6,162.7,163.8,164.1,164.2,163.8,163.0,161.8,162.4,161.9,160.5,159.1,158.5,159.0,160.4,160.8,157.7,156.4,157.6,160.6,163.7,165.0,164.1,162.9,160.8,159.3,158.6,159.2,160.3,162.1,163.5,164.2,164.5,164.4,164.0,162.1,162.7,162.1,160.8,159.4,158.9,159.5,160.8,1.2,3.1,7.3,11.4,13.0,11.4,6.9,2.8,-4.7,-1.8,2.1,6.7,11.2,14.5,16.8,14.0,10.1,5.9,1.8,-1.9,5.2,7.0,8.9,9.7,9.0,7.2,5.3,4.5,51.9,53.4,57.3,61.4,63.3,61.8,57.8,53.4,47.8,50.4,54.0,58.6,62.8,65.8,67.7,65.8,62.8,59.2,55.0,50.9,55.7,57.5,59.2,59.8,59.0,57.2,55.5,54.9,-36.0,-40.2,-41.9,-40.0,-35.6,-31.1,-29.8,-31.7,-34.5,-36.6,-37.9,-38.4,-37.5,-35.5,-32.8,-31.3,-30.8,-30.7,-31.2,-32.4,-33.9,-33.1,-33.8,-35.7,-37.6,-38.4,-37.7,-35.8,-36.6,-41.0,-42.9,-41.3,-37.1,-32.8,-30.9,-32.2,-33.7,-36.6,-38.6,-39.6,-39.1,-37.8,-35.5,-33.4,-32.2,-31.6,-31.7,-32.2,-34.9,-34.2,-35.0,-36.9,-38.8,-39.5,-38.6,-36.7,515.3,515.9,516.2,516.1,515.7,515.4,514.8,514.9,519.2,516.7,514.6,513.6,514.4,516.0,517.7,515.9,514.2,513.7,514.6,516.7,516.0,516.0,516.1,516.4,516.6,516.6,516.5,516.2,535.4,536.4,538.1,539.6,539.8,538.8,537.1,535.8,535.7,535.0,534.9,536.1,538.8,542.4,545.8,542.5,539.1,536.5,535.3,535.2,537.5,538.1,538.9,539.3,539.2,538.6,537.8,537.4,37.5,-3.1,650.4,0.207,-0.21,0.05,224.9,224.9,226.0,228.3,232.8,240.1,249.1,259.7,270.3,278.9,285.0,290.7,295.7,299.6,302.3,304.4,305.1,237.3,244.2,253.0,261.9,269.7,284.4,290.8,297.0,302.7,305.9,277.0,278.0,279.0,280.1,268.0,272.5,276.9,280.8,284.1,246.4,251.9,258.0,262.8,257.7,251.5,284.8,289.8,295.2,298.6,295.5,290.1,257.2,265.3,272.1,275.6,279.4,283.6,286.5,283.0,278.6,274.6,270.5,264.2,260.3,271.4,275.1,278.8,284.4,278.6,274.8,271.0,160.4,172.3,184.0,195.3,206.0,215.4,223.2,229.0,230.6,228.4,221.9,213.8,204.8,194.8,184.4,173.7,162.8,153.1,148.4,147.3,148.8,152.0,151.9,149.0,147.8,148.9,153.2,161.0,168.7,176.3,184.1,189.2,190.7,192.0,190.9,189.4,161.5,158.7,158.9,162.8,164.1,164.0,163.0,159.1,159.2,162.0,164.3,164.4,204.8,202.1,200.6,201.8,200.7,202.4,204.9,210.6,213.0,213.4,213.0,210.6,205.1,204.5,204.9,204.5,205.3,206.9,207.5,207.0,-43.2,-43.5,-41.8,-38.0,-30.0,-17.3,-1.5,16.7,34.9,50.4,62.4,73.6,83.4,90.3,95.1,98.6,99.9,-20.8,-9.4,4.9,19.1,31.7,56.2,67.5,78.8,89.7,96.6,43.9,45.1,46.3,47.6,29.2,36.3,43.6,50.2,56.0,-6.0,3.1,13.2,21.1,12.6,2.4,58.3,66.9,76.5,83.2,77.0,67.5,12.0,25.0,35.9,41.9,48.1,55.9,62.1,55.2,47.3,40.4,33.7,23.3,17.1,35.0,41.2,47.5,58.2,47.2,40.8,34.4,-46.6,-26.4,-6.1,13.7,32.4,48.7,61.8,71.2,73.9,71.3,61.3,47.7,31.5,13.3,-5.6,-25.0,-44.8,-56.4,-63.6,-65.1,-62.3,-57.1,-58.0,-63.6,-66.6,-65.8,-59.2,-43.0,-30.3,-17.9,-5.4,2.8,5.3,7.3,5.5,3.1,-42.7,-47.2,-46.9,-40.6,-38.4,-38.5,-41.0,-47.8,-48.0,-43.6,-39.3,-38.9,28.8,23.9,21.3,23.3,21.6,24.9,29.6,38.7,42.1,42.7,41.9,38.0,29.1,27.8,28.5,28.0,30.1,32.1,32.8,32.0,672.4,676.2,680.8,683.7,683.7,681.5,676.4,669.8,670.6,680.6,695.7,707.5,712.4,711.7,709.8,708.4,708.0,640.3,635.1,631.7,629.1,628.5,637.5,645.7,655.2,665.2,675.4,635.1,629.5,623.6,618.0,632.9,632.5,632.7,636.3,640.5,641.4,639.0,640.2,642.3,640.6,639.4,654.3,657.0,661.6,668.4,662.1,657.7,649.5,639.4,636.2,637.8,640.4,649.9,664.0,653.1,645.8,642.7,641.3,643.1,647.8,639.5,640.7,643.8,660.1,644.9,641.8,640.7,0.596,0.214,-0.28,0.065,272.475,185.427,-10.737,12.1,-10.851,18.152,4.54,-2.813,-2.759,2.743,3.993,-1.72,0.423,0.351,0.487,-1.781,-1.106,0.118,0.924,1.137,-1.27,-0.8,0.476,-0.574,0.082,-0.248,-0.045,0.106,0.07,0.035,-0.096,0.003,-0.033,-0.002,-0.007,-0.003,0.18,0.0,0.0,0.83,0.0,0.0,0.0,0.0,0.0,0.16,0.0,0.0,0.0,0.0,0.1,0.07,0.0,0.0,1.0,0.0,1.0,0.0,0.0,0.0,0.0,0.0,0.0,0.0,0.0,0.0,0.0,1.0,1.0,1.0,0.0
PP133,g1,3190,0,0.975,0.213043,0.192813,-0.957829,0.060798,0.186225,-0.980624,0.14,0.193,250.8,252.2,255.4,258.5,259.7,258.5,255.1,252.0,246.4,248.5,251.4,255.0,258.4,260.9,262.6,260.5,257.6,254.4,251.2,248.4,253.8,255.2,256.6,257.2,256.7,255.3,253.9,253.3,287.8,288.8,291.5,294.4,295.7,294.7,292.0,288.9,284.7,286.7,289.4,292.6,295.4,297.3,298.4,297.3,295.5,293.0,290.1,287.0,290.4,291.6,292.8,293.3,292.7,291.4,290.2,289.8,160.2,157.0,155.8,157.2,160.5,164.0,164.9,163.5,161.6,159.8,158.7,158.3,159.0,160.6,162.7,163.8,164.1,164.2,163.8,163.0,161.8,162.5,161.9,160.5,159.1,158.5,159.0,160.4,160.7,157.6,156.3,157.5,160.6,163.7,165.0,164.0,162.8,160.8,159.2,158.6,159.1,160.2,162.0,163.4,164.1,164.4,164.3,163.9,162.1,162.6,162.0,160.7,159.4,158.8,159.4,160.8,1.1,2.9,7.1,11.3,12.8,11.2,6.8,2.7,-4.8,-2.0,1.9,6.5,11.0,14.4,16.6,13.8,10.0,5.8,1.6,-2.1,5.0,6.8,8.7,9.5,8.8,7.0,5.2,4.4,51.7,53.2,57.1,61.2,63.1,61.6,57.6,53.2,47.6,50.2,53.8,58.4,62.6,65.6,67.5,65.6,62.7,59.0,54.8,50.7,55.5,57.3,59.0,59.6,58.8,57.0,55.3,54.7,-35.9,-40.1,-41.8,-39.9,-35.5,-31.0,-29.7,-31.6,-34.4,-36.5,-37.8,-38.3,-37.4,-35.5,-32.8,-31.3,-30.7,-30.6,-31.1,-32.3,-33.8,-33.0,-33.7,-35.6,-37.5,-38.3,-37.6,-35.7,-36.7,-41.0,-42.9,-41.3,-37.2,-32.8,-30.9,-32.2,-33.8,-36.6,-38.6,-39.6,-39.1,-37.8,-35.6,-33.4,-32.2,-31.6,-31.7,-32.3,-34.9,-34.2,-35.1,-37.0,-38.8,-39.5,-38.6,-36.7,514.1,514.7,515.0,514.9,514.5,514.2,513.6,513.7,518.0,515.6,513.4,512.4,513.2,514.8,516.5,514.7,513.0,512.5,513.4,515.5,514.8,514.8,515.0,515.2,515.4,515.4,515.3,515.0,534.6,535.6,537.4,538.8,539.1,538.0,536.3,535.0,534.9,534.2,534.1,535.3,538.1,541.6,545.0,541.7,538.3,535.8,534.5,534.5,536.7,537.3,538.1,538.5,538.4,537.8,537.0,536.6,37.5,-3.2,650.0,0.206,-0.211,0.048,224.8,224.8,226.0,228.3,232.8,240.1,249.2,259.8,270.4,279.0,285.1,290.7,295.8,299.6,302.3,304.3,305.1,237.1,244.0,252.8,261.7,269.5,284.4,290.8,296.9,302.6,305.8,276.9,277.9,279.0,280.1,268.0,272.4,276.9,280.8,284.2,246.2,251.8,257.9,262.7,257.6,251.4,284.7,289.7,295.1,298.5,295.4,290.0,257.2,265.3,272.1,275.7,279.4,283.6,286.6,283.1,278.7,274.7,270.6,264.2,260.3,271.4,275.2,278.9,284.5,278.7,274.9,271.0,160.5,172.3,184.0,195.3,206.0,215.4,223.1,229.0,230.5,228.3,221.8,213.7,204.7,194.7,184.4,173.6,162.7,153.0,148.3,147.2,148.7,151.9,151.8,148.9,147.7,148.7,153.1,161.0,168.6,176.2,184.0,189.2,190.7,192.0,190.8,189.3,161.5,158.7,158.9,162.8,164.1,164.0,163.0,159.0,159.1,161.9,164.3,164.3,204.8,202.1,200.6,201.7,200.6,202.4,204.8,210.5,212.9,213.4,213.0,210.5,205.0,204.5,204.8,204.4,205.2,206.9,207.4,207.0,-43.3,-43.6,-41.8,-38.0,-30.0,-17.2,-1.4,16.8,35.0,50.5,62.4,73.7,83.4,90.3,95.1,98.5,99.8,-21.1,-9.7,4.6,18.8,31.3,56.2,67.4,78.6,89.6,96.4,43.8,44.9,46.3,47.5,29.1,36.3,43.5,50.2,56.0,-6.2,2.9,13.0,20.9,12.4,2.3,58.1,66.7,76.3,83.0,76.9,67.4,12.0,25.0,35.9,41.9,48.2,56.0,62.1,55.3,47.4,40.5,33.7,23.4,17.1,35.0,41.3,47.6,58.3,47.3,40.8,34.5,-46.5,-26.3,-6.1,13.7,32.4,48.6,61.7,71.0,73.7,71.0,61.0,47.4,31.3,13.2,-5.7,-25.1,-44.9,-56.5,-63.7,-65.1,-62.4,-57.3,-58.2,-63.8,-66.8,-66.0,-59.5,-43.0,-30.4,-18.0,-5.5,2.8,5.2,7.3,5.4,3.0,-42.7,-47.2,-46.9,-40.5,-38.4,-38.4,-41.1,-47.9,-48.1,-43.8,-39.3,-39.0,28.7,23.9,21.2,23.2,21.5,24.7,29.4,38.5,41.9,42.5,41.8,37.8,29.1,27.7,28.4,27.9,29.9,31.9,32.7,31.9,672.1,675.9,680.4,683.4,683.3,681.1,676.0,669.3,670.1,680.1,695.2,707.2,712.1,711.3,709.4,708.1,707.7,639.9,634.7,631.2,628.6,628.0,637.1,645.3,654.9,664.9,675.1,634.7,629.2,623.1,617.6,632.5,632.1,632.3,635.9,640.1,641.1,638.6,639.8,641.9,640.2,639.0,653.9,656.7,661.3,668.2,661.8,657.3,649.1,639.0,635.7,637.3,639.9,649.5,663.7,652.7,645.2,642.2,640.7,642.6,647.4,639.1,640.3,643.4,659.7,644.4,641.3,640.2,0.596,0.213,-0.281,0.062,272.456,185.369,-10.319,12.078,-10.934,18.03,4.725,-2.871,-3.23,3.182,3.847,-1.603,0.207,0.499,0.567,-1.827,-0.958,0.048,0.94,0.972,-1.365,-0.948,0.44,-0.614,0.005,-0.241,-0.033,0.115,0.068,0.043,-0.095,0.009,-0.031,0.001,-0.008,-0.008,0.24,0.25,0.0,0.78,0.0,0.0,0.01,0.0,0.0,0.0,0.0,0.0,0.0,0.0,0.03,0.0,0.0,0.0,1.0,0.0,1.0,0.0,0.0,0.0,0.0,0.0,0.0,0.0,0.0,0.0,0.0,1.0,1.0,1.0,0.0
PP133,g1,3196,0,0.975,0.212057,0.192411,-0.958128,0.061635,0.185892,-0.980635,0.14,0.193,250.7,252.1,255.3,258.5,259.7,258.5,255.1,251.9,246.3,248.4,251.4,254.9,258.3,260.8,262.5,260.4,257.5,254.3,251.2,248.4,253.8,255.1,256.5,257.1,256.6,255.2,253.8,253.2,287.8,288.8,291.5,294.3,295.7,294.7,292.0,288.8,284.7,286.7,289.3,292.6,295.4,297.3,298.3,297.3,295.4,293.0,290.1,287.0,290.4,291.6,292.8,293.2,292.6,291.4,290.2,289.8,159.8,156.6,155.4,156.8,160.1,163.5,164.5,163.1,161.2,159.4,158.3,157.8,158.6,160.2,162.3,163.4,163.7,163.8,163.4,162.6,161.4,162.0,161.5,160.1,158.7,158.1,158.6,160.0,160.2,157.1,155.8,157.1,160.1,163.2,164.5,163.5,162.4,160.3,158.8,158.1,158.6,159.7,161.5,162.9,163.7,164.0,163.9,163.5,161.6,162.2,161.6,160.2,158.9,158.4,158.9,160.3,1.0,2.8,7.0,11.2,12.7,11.2,6.7,2.6,-4.9,-2.1,1.8,6.4,10.9,14.3,16.5,13.7,9.9,5.7,1.5,-2.2,5.0,6.8,8.6,9.4,8.7,6.9,5.1,4.3,51.6,53.1,57.0,61.1,62.9,61.5,57.5,53.1,47.5,50.1,53.7,58.3,62.4,65.5,67.4,65.5,62.5,58.9,54.7,50.6,55.4,57.1,58.9,59.5,58.7,56.9,55.2,54.6,-36.5,-40.7,-42.4,-40.5,-36.1,-31.6,-30.3,-32.2,-34.9,-37.1,-38.4,-38.9,-38.0,-36.1,-33.3,-31.8,-31.3,-31.2,-31.7,-32.9,-34.4,-33.6,-34.3,-36.2,-38.1,-38.9,-38.2,-36.3,-37.2,-41.6,-43.5,-41.9,-37.7,-33.4,-31.5,-32.8,-34.3,-37.2,-39.2,-40.2,-39.7,-38.4,-36.2,-34.0,-32.8,-32.2,-32.3,-32.8,-35.5,-34.8,-35.6,-37.5,-39.4,-40.1,-39.2,-37.3,514.5,515.1,515.4,515.3,514.9,514.6,514.0,514.1,518.4,516.0,513.8,512.8,513.6,515.1,516.9,515.1,513.4,512.9,513.8,515.9,515.2,515.2,515.3,515.6,515.8,515.8,515.7,515.4,533.8,534.8,536.6,538.0,538.3,537.3,535.5,534.2,534.1,533.4,533.3,534.5,537.3,540.9,544.3,541.0,537.6,535.0,533.7,533.7,535.9,536.6,537.3,537.8,537.7,537.0,536.3,535.8,37.4,-3.7,649.5,0.206,-0.21,0.047,224.8,224.8,225.9,228.2,232.8,240.0,249.1,259.7,270.4,279.0,285.1,290.7,295.7,299.5,302.3,304.3,305.1,237.1,244.0,252.8,261.6,269.4,284.3,290.7,296.8,302.6,305.8,276.8,277.8,278.9,280.0,267.9,272.4,276.8,280.7,284.1,246.2,251.7,257.8,262.7,257.5,251.3,284.7,289.7,295.1,298.5,295.4,290.0,257.3,265.3,272.0,275.6,279.3,283.5,286.5,283.0,278.6,274.6,270.5,264.2,260.3,271.3,275.1,278.8,284.4,278.6,274.8,271.0,160.3,172.1,183.8,195.1,205.8,215.1,222.9,228.7,230.2,228.1,221.5,213.4,204.4,194.4,184.0,173.3,162.3,152.7,148.1,147.0,148.5,151.6,151.5,148.6,147.4,148.4,152.7,160.6,168.3,176.0,183.9,189.0,190.5,191.8,190.6,189.1,161.1,158.2,158.5,162.4,163.7,163.6,162.5,158.6,158.6,161.5,163.8,163.9,204.6,202.0,200.4,201.6,200.5,202.2,204.6,210.2,212.5,212.9,212.5,210.2,204.9,204.3,204.7,204.3,205.0,206.5,207.0,206.6,-43.3,-43.6,-41.9,-38.1,-30.2,-17.4,-1.6,16.7,35.0,50.4,62.4,73.6,83.2,90.2,94.9,98.4,99.7,-21.1,-9.8,4.5,18.7,31.2,55.9,67.2,78.4,89.4,96.3,43.6,44.7,46.1,47.3,29.0,36.1,43.4,50.0,55.8,-6.3,2.7,12.8,20.8,12.3,2.1,58.0,66.6,76.2,82.9,76.8,67.3,12.0,25.0,35.8,41.7,48.0,55.7,61.9,55.2,47.2,40.4,33.7,23.4,17.1,34.9,41.1,47.4,58.1,47.1,40.7,34.4,-46.8,-26.6,-6.5,13.3,32.0,48.1,61.2,70.6,73.2,70.6,60.5,46.9,30.7,12.5,-6.4,-25.8,-45.6,-57.0,-64.0,-65.4,-62.7,-57.6,-58.6,-64.2,-67.2,-66.5,-60.0,-43.7,-30.9,-18.3,-5.7,2.4,4.9,7.0,5.1,2.6,-43.3,-47.8,-47.5,-41.2,-39.0,-39.1,-41.8,-48.6,-48.8,-44.5,-40.1,-39.7,28.4,23.7,21.1,23.0,21.3,24.4,29.0,37.8,41.2,41.8,41.0,37.3,28.7,27.5,28.2,27.6,29.6,31.2,32.0,31.2,671.5,675.4,680.0,683.0,683.0,680.7,675.5,668.7,669.4,679.4,694.7,706.7,711.8,711.1,709.2,707.6,707.0,639.6,634.3,630.9,628.2,627.6,636.7,644.8,654.2,664.2,674.3,634.2,628.6,622.6,617.0,632.0,631.5,631.7,635.4,639.6,640.6,638.2,639.3,641.5,639.7,638.6,653.4,656.0,660.6,667.4,661.1,656.7,648.6,638.6,635.4,637.0,639.6,649.1,663.0,652.0,644.7,641.6,640.2,642.1,646.8,638.8,639.9,643.0,659.0,643.8,640.7,639.6,0.597,0.213,-0.28,0.062,272.397,185.08,-10.156,11.666,-11.788,18.212,4.414,-1.646,-3.012,2.836,4.151,-1.438,0.749,0.485,0.688,-1.962,-0.853,0.121,0.99,1.182,-1.155,-0.85,0.525,-0.557,-0.064,-0.252,-0.034,0.114,0.058,0.043,-0.1,0.006,-0.027,0.0,-0.004,-0.002,0.61,0.02,0.0,0.59,0.0,0.0,0.0,0.0,0.0,0.13,0.0,0.0,0.0,0.0,0.0,0.17,0.0,0.0,1.0,0.0,0.0,0.0,0.0,0.0,0.0,0.0,0.0,0.0,0.0,0.0,0.0,1.0,1.0,1.0,0.0
PP133,g1,3202,0,0.975,0.215425,0.191595,-0.95754,0.064504,0.184036,-0.980801,0.143,0.191,250.7,252.1,255.3,258.4,259.7,258.5,255.1,252.0,246.3,248.4,251.4,254.9,258.3,260.8,262.5,260.4,257.5,254.3,251.2,248.4,253.8,255.1,256.5,257.1,256.6,255.2,253.8,253.2,287.8,288.7,291.4,294.3,295.6,294.7,291.9,288.8,284.7,286.7,289.3,292.6,295.4,297.2,298.3,297.2,295.4,293.0,290.0,287.0,290.3,291.6,292.8,293.2,292.6,291.4,290.2,289.8,159.8,156.6,155.4,156.8,160.1,163.5,164.5,163.1,161.2,159.4,158.3,157.8,158.6,160.1,162.3,163.4,163.7,163.8,163.4,162.6,161.4,162.0,161.5,160.1,158.7,158.1,158.6,160.0,160.3,157.2,155.8,157.1,160.1,163.2,164.5,163.6,162.4,160.3,158.8,158.1,158.6,159.8,161.5,162.9,163.7,164.0,163.9,163.5,161.6,162.2,161.6,160.2,158.9,158.4,159.0,160.3,1.0,2.8,7.0,11.2,12.7,11.2,6.7,2.6,-4.9,-2.1,1.8,6.4,10.9,14.3,16.5,13.7,9.9,5.7,1.5,-2.2,5.0,6.8,8.6,9.4,8.7,6.9,5.1,4.3,51.7,53.2,57.1,61.1,63.0,61.5,57.6,53.2,47.6,50.2,53.8,58.4,62.5,65.6,67.4,65.6,62.6,59.0,54.8,50.7,55.5,57.2,58.9,59.6,58.8,57.0,55.3,54.6,-36.5,-40.8,-42.4,-40.5,-36.2,-31.6,-30.3,-32.2,-35.0,-37.2,-38.5,-39.0,-38.1,-36.1,-33.4,-31.9,-31.3,-31.2,-31.7,-32.9,-34.5,-33.7,-34.4,-36.2,-38.1,-38.9,-38.2,-36.4,-37.3,-41.6,-43.6,-42.0,-37.8,-33.5,-31.5,-32.8,-34.4,-37.2,-39.3,-40.3,-39.8,-38.5,-36.2,-34.1,-32.8,-32.2,-32.4,-32.9,-35.6,-34.9,-35.7,-37.6,-39.4,-40.1,-39.3,-37.4,515.3,515.9,516.2,516.2,515.7,515.4,514.8,514.9,519.2,516.8,514.6,513.7,514.5,516.0,517.7,516.0,514.3,513.7,514.7,516.7,516.1,516.0,516.2,516.4,516.6,516.7,516.5,516.3,534.9,536.0,537.7,539.2,539.5,538.4,536.7,535.3,535.2,534.5,534.5,535.7,538.5,542.1,545.5,542.1,538.7,536.2,534.8,534.8,537.1,537.7,538.5,538.9,538.8,538.2,537.4,537.0,37.4,-3.8,650.3,0.204,-0.215,0.048,224.7,224.6,225.8,228.0,232.6,239.9,249.0,259.7,270.4,278.9,285.0,290.6,295.5,299.4,302.1,304.2,304.9,237.0,244.0,252.8,261.6,269.4,284.3,290.7,296.8,302.5,305.7,276.8,277.8,278.9,280.0,267.9,272.4,276.8,280.8,284.1,246.2,251.7,257.8,262.6,257.5,251.3,284.7,289.7,295.0,298.4,295.3,290.0,257.3,265.4,272.0,275.6,279.3,283.4,286.4,283.0,278.7,274.8,270.7,264.5,260.4,271.4,275.1,278.8,284.4,278.6,274.9,271.2,160.3,172.1,183.7,195.0,205.7,215.0,222.7,228.5,230.0,227.9,221.4,213.4,204.4,194.4,184.0,173.3,162.3,152.7,148.1,147.0,148.6,151.7,151.6,148.7,147.4,148.5,152.8,160.6,168.3,176.0,183.9,189.0,190.5,191.8,190.7,189.1,161.1,158.2,158.5,162.4,163.7,163.6,162.5,158.6,158.6,161.5,163.8,163.9,204.5,202.0,200.5,201.7,200.6,202.2,204.5,209.7,211.9,212.4,212.0,209.8,204.7,204.3,204.7,204.3,204.9,206.1,206.6,206.2,-43.6,-43.9,-42.2,-38.4,-30.4,-17.7,-1.7,16.6,34.9,50.3,62.3,73.5,83.1,90.1,94.8,98.3,99.7,-21.2,-9.8,4.6,18.7,31.3,56.0,67.3,78.5,89.5,96.4,43.6,44.8,46.2,47.5,29.0,36.2,43.5,50.1,55.9,-6.3,2.8,12.8,20.8,12.3,2.1,58.1,66.7,76.3,82.9,76.8,67.3,12.1,25.2,35.9,41.8,48.0,55.6,61.9,55.2,47.4,40.7,34.0,23.8,17.2,35.0,41.2,47.4,58.1,47.2,40.9,34.7,-46.9,-26.7,-6.6,13.1,31.8,47.9,60.9,70.2,72.8,70.3,60.4,47.0,30.8,12.6,-6.3,-25.8,-45.7,-57.0,-64.1,-65.5,-62.7,-57.6,-58.6,-64.2,-67.2,-66.5,-60.0,-43.7,-30.9,-18.3,-5.7,2.4,4.9,7.0,5.2,2.6,-43.4,-47.9,-47.6,-41.3,-39.1,-39.1,-41.8,-48.7,-48.9,-44.5,-40.1,-39.8,28.2,23.8,21.3,23.2,21.5,24.5,28.8,37.2,40.3,40.9,40.2,36.6,28.6,27.6,28.2,27.7,29.3,30.6,31.3,30.6,672.3,676.1,680.5,683.4,683.3,681.0,675.8,668.9,669.6,679.8,695.3,707.7,713.0,712.5,710.7,709.1,708.6,640.4,635.1,631.7,629.1,628.5,637.6,645.7,655.2,665.2,675.4,635.0,629.4,623.3,617.7,632.7,632.2,632.4,636.1,640.4,641.4,638.9,640.1,642.3,640.5,639.3,654.3,657.0,661.6,668.5,662.2,657.7,649.1,639.4,636.4,638.0,640.6,650.1,663.9,652.5,644.9,641.8,640.4,642.4,647.3,639.5,640.7,643.9,659.9,644.2,641.0,640.0,0.596,0.21,-0.285,0.063,272.385,185.014,-8.309,11.041,-12.634,17.243,4.575,-0.215,-3.388,2.714,4.138,-1.345,0.474,0.827,0.317,-2.272,-0.83,0.027,0.785,1.082,-1.132,-0.692,0.556,-0.518,-0.162,-0.323,0.115,0.091,0.049,0.054,-0.101,0.01,-0.034,-0.001,0.001,-0.005,0.31,0.0,0.0,0.54,0.0,0.0,0.0,0.0,0.0,0.04,0.0,0.0,0.0,0.0,0.0,0.0,0.0,0.0,1.0,0.0,1.0,0.0,0.0,0.0,0.0,0.0,0.0,0.0,0.0,0.0,0.0,0.0,1.0,1.0,0.0
PP133,g1,3208,0,0.975,0.212753,0.189254,-0.958603,0.062012,0.180759,-0.98157,0.141,0.188,250.3,251.7,254.9,258.0,259.2,258.0,254.6,251.5,245.9,248.0,250.9,254.4,257.8,260.4,262.0,260.0,257.1,253.9,250.7,247.9,253.3,254.7,256.1,256.7,256.1,254.8,253.4,252.8,287.4,288.4,291.1,294.0,295.3,294.3,291.6,288.5,284.4,286.3,289.0,292.2,295.0,296.9,297.9,296.9,295.1,292.6,289.7,286.7,290.0,291.2,292.4,292.8,292.3,291.0,289.8,289.4,159.6,156.4,155.2,156.6,159.9,163.3,164.3,162.9,161.0,159.2,158.1,157.6,158.4,159.9,162.1,163.1,163.5,163.6,163.2,162.4,161.2,161.8,161.3,159.9,158.5,157.8,158.4,159.8,160.1,157.0,155.7,156.9,159.9,163.0,164.4,163.4,162.2,160.1,158.6,157.9,158.5,159.6,161.4,162.8,163.5,163.8,163.7,163.3,161.5,162.0,161.4,160.1,158.7,158.2,158.8,160.1,0.4,2.2,6.5,10.6,12.2,10.6,6.1,2.0,-5.5,-2.7,1.2,5.9,10.4,13.7,16.0,13.2,9.3,5.1,1.0,-2.7,4.4,6.2,8.0,8.8,8.1,6.3,4.5,3.7,51.2,52.7,56.6,60.7,62.5,61.1,57.2,52.7,47.1,49.7,53.3,57.9,62.1,65.1,67.0,65.1,62.2,58.5,54.4,50.2,55.0,56.8,58.5,59.1,58.3,56.5,54.8,54.2,-36.9,-41.1,-42.8,-40.9,-36.6,-32.0,-30.7,-32.6,-35.4,-37.5,-38.8,-39.4,-38.5,-36.5,-33.8,-32.3,-31.7,-31.6,-32.1,-33.3,-34.8,-34.0,-34.7,-36.6,-38.5,-39.3,-38.6,-36.7,-37.6,-41.9,-43.8,-42.3,-38.1,-33.7,-31.8,-33.1,-34.6,-37.5,-39.5,-40.6,-40.0,-38.7,-36.5,-34.3,-33.1,-32.5,-32.6,-33.2,-35.8,-35.1,-36.0,-37.9,-39.7,-40.4,-39.5,-37.6,516.7,517.2,517.6,517.5,517.1,516.8,516.2,516.2,520.6,518.1,515.9,515.0,515.8,517.3,519.1,517.3,515.6,515.1,516.0,518.1,517.4,517.4,517.5,517.8,518.0,518.0,517.8,517.6,535.0,536.1,537.8,539.3,539.5,538.5,536.7,535.4,535.3,534.6,534.6,535.7,538.5,542.1,545.5,542.2,538.7,536.2,534.9,534.8,537.1,537.8,538.5,539.0,538.9,538.3,537.5,537.0,36.8,-4.3,651.0,0.198,-0.209,0.046,224.4,224.4,225.6,227.8,232.3,239.6,248.7,259.4,270.1,278.7,284.8,290.4,295.4,299.2,301.9,303.9,304.7,236.5,243.4,252.3,261.2,269.1,283.8,290.3,296.4,302.2,305.5,276.4,277.4,278.5,279.6,267.4,271.9,276.4,280.4,283.7,245.8,251.2,257.4,262.2,257.1,250.9,284.3,289.3,294.7,298.1,295.0,289.7,256.7,264.9,271.5,275.1,278.9,283.1,286.2,282.8,278.4,274.4,270.4,264.1,259.8,270.9,274.7,278.4,284.2,278.4,274.6,270.8,160.2,171.9,183.5,194.8,205.4,214.7,222.4,228.2,229.6,227.5,221.1,213.2,204.2,194.2,183.8,173.1,162.2,152.7,148.0,146.9,148.4,151.6,151.5,148.5,147.3,148.4,152.8,160.4,168.1,175.8,183.8,188.8,190.4,191.7,190.5,188.9,160.9,158.0,158.3,162.2,163.4,163.4,162.3,158.4,158.5,161.3,163.6,163.7,204.0,201.8,200.4,201.6,200.5,202.0,204.0,209.0,211.1,211.6,211.2,209.0,204.3,204.1,204.5,204.0,204.4,205.4,205.9,205.5,-44.2,-44.4,-42.7,-39.0,-31.0,-18.2,-2.2,16.1,34.5,50.0,62.0,73.3,83.0,90.0,94.6,98.1,99.4,-22.2,-10.7,3.8,18.0,30.7,55.3,66.6,78.0,89.0,96.0,43.0,44.2,45.5,46.8,28.3,35.5,42.9,49.5,55.4,-7.0,2.0,12.1,20.1,11.6,1.5,57.6,66.2,75.8,82.4,76.4,66.9,11.2,24.5,35.1,41.1,47.5,55.1,61.7,54.8,47.0,40.2,33.4,23.1,16.3,34.3,40.5,46.9,57.9,46.8,40.4,34.0,-47.1,-27.0,-6.9,12.8,31.4,47.5,60.4,69.7,72.2,69.7,59.9,46.5,30.4,12.2,-6.8,-26.2,-46.1,-57.3,-64.4,-65.8,-63.1,-57.9,-58.9,-64.5,-67.5,-66.7,-60.2,-44.1,-31.2,-18.6,-5.9,2.1,4.6,6.7,4.9,2.3,-43.8,-48.3,-48.0,-41.7,-39.5,-39.5,-42.2,-49.0,-49.3,-44.9,-40.5,-40.2,27.4,23.4,21.1,23.0,21.3,24.1,28.1,36.0,39.0,39.6,38.9,35.5,27.8,27.2,27.9,27.3,28.6,29.5,30.3,29.5,674.5,678.0,682.2,684.9,684.6,682.1,676.6,669.4,669.9,680.2,695.9,708.3,713.8,713.6,711.9,710.4,710.0,642.5,636.9,633.3,630.5,629.6,638.5,646.6,656.1,666.1,676.5,636.0,630.2,623.9,618.1,633.5,632.9,633.0,636.7,641.0,642.9,640.4,641.5,643.6,641.8,640.7,655.3,658.1,662.5,669.3,663.0,658.6,650.1,640.4,637.4,639.0,641.6,651.0,664.9,652.9,645.1,642.0,640.6,642.9,648.2,640.3,641.5,644.7,660.7,644.6,641.4,640.4,0.595,0.204,-0.278,0.06,272.027,184.744,-5.969,10.661,-12.394,16.418,4.67,1.627,-4.293,2.107,4.086,-0.815,0.331,1.005,0.036,-2.194,-0.92,-0.208,0.273,1.188,-1.097,-0.764,0.442,-0.503,-0.208,-0.351,0.132,-0.021,0.045,0.071,-0.113,0.001,-0.033,0.005,0.009,-0.004,0.21,0.0,0.0,0.77,0.0,0.0,0.0,0.0,0.0,0.21,0.0,0.0,0.0,0.0,0.0,0.0,0.0,0.0,1.0,0.0,1.0,0.0,0.0,0.0,0.0,0.0,0.0,0.0,0.0,0.0,0.0,0.0,0.0,1.0,0.0
PP133,g1,3214,0,0.975,0.212379,0.191503,-0.958239,0.059956,0.183303,-0.981227,0.14,0.191,250.2,251.6,254.8,257.9,259.1,257.9,254.5,251.4,245.8,247.9,250.8,254.3,257.7,260.2,261.9,259.8,256.9,253.8,250.6,247.8,253.2,254.6,255.9,256.6,256.0,254.7,253.3,252.7,287.3,288.3,291.0,293.9,295.2,294.2,291.5,288.4,284.3,286.2,288.9,292.1,294.9,296.8,297.9,296.8,295.0,292.5,289.6,286.6,289.9,291.2,292.3,292.8,292.2,290.9,289.7,289.3,160.0,156.8,155.6,157.0,160.2,163.6,164.6,163.2,161.3,159.6,158.5,158.0,158.8,160.3,162.4,163.5,163.8,163.9,163.5,162.7,161.5,162.2,161.6,160.2,158.8,158.2,158.7,160.1,160.4,157.3,156.0,157.2,160.2,163.3,164.7,163.7,162.5,160.4,158.9,158.3,158.8,159.9,161.6,163.0,163.8,164.1,163.9,163.6,161.8,162.3,161.7,160.4,159.0,158.5,159.1,160.4,0.3,2.1,6.3,10.4,12.0,10.5,6.0,1.9,-5.6,-2.8,1.1,5.7,10.2,13.6,15.8,13.0,9.2,5.0,0.8,-2.9,4.2,6.0,7.9,8.7,8.0,6.2,4.4,3.5,51.2,52.6,56.5,60.6,62.5,61.0,57.1,52.7,47.0,49.6,53.3,57.8,62.0,65.0,66.9,65.0,62.1,58.4,54.3,50.1,54.9,56.7,58.4,59.1,58.2,56.4,54.7,54.1,-36.5,-40.7,-42.4,-40.5,-36.2,-31.6,-30.3,-32.2,-35.0,-37.1,-38.4,-38.9,-38.0,-36.1,-33.4,-31.9,-31.4,-31.2,-31.7,-32.9,-34.5,-33.6,-34.3,-36.2,-38.1,-38.9,-38.2,-36.3,-37.2,-41.5,-43.5,-41.9,-37.7,-33.4,-31.4,-32.7,-34.3,-37.1,-39.1,-40.2,-39.7,-38.4,-36.1,-34.0,-32.8,-32.2,-32.3,-32.8,-35.4,-34.7,-35.6,-37.5,-39.3,-40.0,-39.2,-37.3,517.7,518.3,518.7,518.6,518.2,517.8,517.2,517.3,521.6,519.2,517.0,516.1,516.9,518.4,520.2,518.4,516.7,516.1,517.1,519.1,518.5,518.4,518.6,518.8,519.0,519.1,518.9,518.7,535.5,536.6,538.3,539.8,540.0,539.0,537.2,535.9,535.8,535.1,535.1,536.2,539.0,542.6,546.0,542.7,539.3,536.7,535.4,535.4,537.7,538.3,539.0,539.5,539.4,538.8,538.0,537.6,36.7,-3.9,652.4,0.202,-0.207,0.046,224.4,224.4,225.5,227.7,232.2,239.5,248.7,259.3,270.0,278.6,284.7,290.4,295.4,299.3,302.0,303.9,304.7,236.5,243.5,252.3,261.1,268.9,283.7,290.2,296.3,302.1,305.4,276.3,277.2,278.3,279.4,267.2,271.8,276.3,280.2,283.6,245.7,251.1,257.3,262.0,256.9,250.8,284.2,289.2,294.6,298.0,294.9,289.6,256.5,264.7,271.3,275.0,278.8,283.1,286.2,282.7,278.3,274.2,270.1,263.8,259.5,270.7,274.5,278.3,284.2,278.3,274.4,270.5,160.6,172.2,183.8,195.0,205.6,214.8,222.5,228.3,229.8,227.7,221.2,213.2,204.2,194.3,183.9,173.3,162.4,152.9,148.3,147.3,148.8,152.0,151.8,148.9,147.6,148.6,152.9,160.8,168.5,176.2,184.1,189.1,190.7,192.0,190.8,189.2,161.2,158.4,158.6,162.5,163.8,163.7,162.6,158.7,158.8,161.6,163.9,164.0,204.1,201.9,200.6,201.7,200.6,202.1,204.1,209.2,211.4,211.8,211.4,209.2,204.4,204.3,204.7,204.2,204.5,205.6,206.2,205.7,-44.2,-44.5,-42.8,-39.2,-31.2,-18.4,-2.3,16.0,34.3,49.9,62.0,73.4,83.2,90.2,94.8,98.2,99.5,-22.2,-10.6,3.7,17.9,30.5,55.2,66.6,77.9,88.9,96.0,42.9,44.0,45.3,46.6,28.0,35.3,42.7,49.4,55.2,-7.2,1.9,11.9,19.9,11.4,1.3,57.5,66.2,75.8,82.4,76.3,66.8,10.8,24.1,34.8,40.9,47.4,55.2,61.8,54.8,46.9,39.9,33.1,22.7,15.8,34.0,40.4,46.9,58.0,46.7,40.2,33.7,-46.6,-26.5,-6.5,13.1,31.8,47.8,60.8,70.1,72.7,70.1,60.2,46.8,30.7,12.5,-6.5,-25.9,-45.8,-57.0,-64.0,-65.3,-62.5,-57.4,-58.4,-64.0,-67.1,-66.4,-60.0,-43.6,-30.7,-18.1,-5.4,2.6,5.1,7.2,5.4,2.8,-43.3,-47.8,-47.5,-41.2,-39.1,-39.1,-41.8,-48.6,-48.8,-44.5,-40.1,-39.7,27.6,23.6,21.3,23.3,21.6,24.4,28.3,36.4,39.5,40.1,39.4,35.9,28.1,27.6,28.3,27.6,28.9,30.0,30.7,30.0,675.6,679.2,683.6,686.4,686.3,683.8,678.3,671.0,671.6,681.8,697.4,709.8,715.2,714.8,713.0,711.4,711.0,643.5,638.0,634.5,631.7,630.9,639.6,647.6,657.0,667.0,677.2,637.3,631.6,625.4,619.8,635.1,634.4,634.6,638.3,642.6,644.2,641.7,642.8,644.9,643.0,642.0,656.5,659.1,663.6,670.3,664.1,659.7,651.8,642.0,638.8,640.4,643.1,652.6,666.5,654.7,646.8,643.6,642.3,644.6,649.9,641.9,643.0,646.3,662.4,646.3,643.0,642.0,0.594,0.208,-0.276,0.06,271.917,184.981,-6.947,10.321,-11.983,15.424,4.536,1.534,-4.488,2.297,3.526,-0.77,0.708,0.902,0.048,-1.976,-0.899,-0.109,0.204,1.257,-1.042,-1.013,0.337,-0.461,-0.131,-0.321,0.209,-0.083,0.053,0.069,-0.107,-0.003,-0.032,0.007,0.009,-0.003,0.26,0.0,0.0,0.65,0.0,0.0,0.01,0.0,0.0,0.33,0.0,0.0,0.0,0.0,0.0,0.0,0.0,0.0,1.0,0.0,1.0,0.0,0.0,0.0,0.0,0.0,0.0,0.0,0.0,0.0,0.0,0.0,0.0,1.0,0.0
PP133,g1,3220,0,0.975,0.210318,0.195317,-0.957923,0.057231,0.186244,-0.980835,0.137,0.194,250.3,251.7,254.9,258.1,259.3,258.0,254.6,251.5,245.9,248.0,251.0,254.5,257.9,260.4,262.1,260.0,257.1,253.9,250.7,247.9,253.3,254.7,256.1,256.7,256.2,254.8,253.4,252.8,287.6,288.5,291.3,294.1,295.5,294.5,291.8,288.6,284.5,286.5,289.1,292.4,295.2,297.1,298.2,297.1,295.3,292.8,289.8,286.8,290.1,291.4,292.6,293.0,292.4,291.2,290.0,289.6,160.3,157.1,155.9,157.4,160.6,164.1,165.0,163.6,161.6,159.9,158.8,158.4,159.1,160.7,162.8,163.9,164.2,164.3,163.9,163.1,161.9,162.5,162.0,160.6,159.2,158.6,159.1,160.5,160.8,157.7,156.4,157.6,160.7,163.8,165.1,164.2,163.0,160.9,159.4,158.7,159.2,160.3,162.1,163.5,164.3,164.6,164.4,164.1,162.2,162.8,162.2,160.8,159.5,158.9,159.5,160.9,0.4,2.3,6.5,10.6,12.2,10.6,6.1,2.0,-5.5,-2.6,1.3,5.9,10.4,13.7,16.0,13.2,9.3,5.1,1.0,-2.7,4.4,6.2,8.1,8.9,8.2,6.4,4.5,3.7,51.1,52.6,56.5,60.6,62.5,61.0,57.1,52.7,47.0,49.6,53.2,57.8,62.0,65.0,66.9,65.0,62.1,58.4,54.2,50.1,54.9,56.7,58.4,59.0,58.2,56.4,54.7,54.1,-35.8,-40.0,-41.7,-39.8,-35.4,-30.9,-29.6,-31.5,-34.3,-36.5,-37.7,-38.3,-37.3,-35.4,-32.6,-31.1,-30.6,-30.5,-31.0,-32.2,-33.8,-32.9,-33.6,-35.5,-37.4,-38.2,-37.5,-35.7,-36.3,-40.6,-42.6,-41.0,-36.8,-32.5,-30.5,-31.8,-33.4,-36.2,-38.3,-39.3,-38.8,-37.5,-35.2,-33.1,-31.9,-31.3,-31.4,-31.9,-34.6,-33.9,-34.7,-36.6,-38.4,-39.1,-38.3,-36.4,514.6,515.1,515.5,515.4,515.0,514.7,514.1,514.2,518.5,516.0,513.9,512.9,513.7,515.3,517.0,515.2,513.5,513.0,513.9,516.0,515.3,515.3,515.5,515.7,515.9,515.9,515.8,515.5,531.9,533.0,534.7,536.1,536.4,535.4,533.6,532.3,532.2,531.5,531.5,532.6,535.4,539.0,542.4,539.0,535.6,533.1,531.8,531.8,534.1,534.7,535.4,535.9,535.8,535.1,534.4,533.9,36.8,-3.2,650.5,0.21,-0.203,0.048,224.4,224.4,225.5,227.7,232.2,239.5,248.7,259.4,270.0,278.7,284.9,290.7,295.7,299.6,302.3,304.2,305.0,236.4,243.4,252.3,261.2,269.1,284.0,290.5,296.7,302.5,305.7,276.5,277.4,278.5,279.5,267.3,271.9,276.4,280.4,283.8,245.8,251.3,257.4,262.2,257.1,250.9,284.4,289.5,294.9,298.3,295.2,289.8,256.4,264.7,271.4,275.1,278.9,283.2,286.4,282.8,278.4,274.3,270.2,263.7,259.4,270.8,274.6,278.4,284.3,278.3,274.5,270.6,160.6,172.3,183.9,195.1,205.7,215.0,222.7,228.6,230.1,227.9,221.3,213.3,204.4,194.5,184.1,173.5,162.7,153.2,148.6,147.6,149.1,152.4,152.3,149.3,148.1,149.1,153.4,161.3,169.0,176.8,184.7,189.6,191.2,192.5,191.3,189.7,161.5,158.7,159.0,163.0,164.2,164.1,163.1,159.2,159.2,162.0,164.4,164.5,204.4,202.3,201.1,202.2,201.1,202.6,204.4,209.7,211.9,212.4,212.0,209.7,204.7,204.8,205.2,204.7,204.9,206.2,206.7,206.3,-44.2,-44.4,-42.7,-39.1,-31.2,-18.3,-2.2,16.1,34.4,50.0,62.2,73.7,83.5,90.5,95.1,98.5,99.8,-22.3,-10.7,3.7,18.0,30.7,55.4,66.8,78.2,89.3,96.3,43.1,44.2,45.5,46.7,28.1,35.4,42.7,49.5,55.3,-7.0,2.1,12.2,20.1,11.6,1.5,57.7,66.4,76.0,82.7,76.5,67.0,10.7,24.0,34.9,41.0,47.4,55.3,61.9,54.8,46.9,39.9,33.1,22.6,15.7,34.0,40.4,46.9,58.1,46.7,40.2,33.7,-46.4,-26.4,-6.3,13.3,32.0,48.1,61.1,70.4,73.0,70.3,60.3,46.8,30.8,12.7,-6.1,-25.3,-45.0,-56.3,-63.3,-64.6,-61.8,-56.5,-57.4,-63.0,-66.1,-65.3,-58.9,-42.6,-29.7,-17.1,-4.4,3.4,5.9,8.1,6.2,3.6,-42.7,-47.1,-46.7,-40.4,-38.3,-38.3,-40.8,-47.7,-47.9,-43.5,-39.1,-38.8,28.1,24.3,22.1,24.1,22.4,25.1,28.8,37.1,40.3,40.9,40.2,36.6,28.6,28.3,29.0,28.4,29.4,30.8,31.6,30.8,674.2,677.9,682.3,685.1,685.0,682.6,677.1,669.8,670.3,680.4,695.9,708.2,713.3,712.8,711.0,709.4,709.0,641.6,635.9,632.1,629.2,628.3,637.1,645.1,654.6,664.7,675.1,634.9,629.2,623.1,617.4,633.1,632.4,632.5,636.2,640.4,642.1,639.4,640.5,642.7,640.9,639.8,654.3,656.9,661.4,668.2,661.9,657.5,650.2,640.3,637.0,638.6,641.2,650.7,664.9,653.0,645.1,641.9,640.6,643.0,648.3,640.1,641.3,644.5,660.8,644.5,641.2,640.3,0.596,0.217,-0.271,0.062,272.055,185.369,-5.48,11.176,-11.303,15.368,5.173,1.184,-4.904,2.379,3.704,-0.357,0.348,0.944,0.226,-1.967,-0.965,-0.266,0.322,1.108,-1.078,-0.82,0.393,-0.643,-0.3,-0.233,0.168,-0.079,0.047,0.066,-0.104,-0.004,-0.033,0.013,0.009,-0.006,0.12,0.0,0.0,0.66,0.0,0.0,0.0,0.0,0.0,0.54,0.0,0.0,0.0,0.0,0.0,0.0,0.0,0.0,1.0,0.0,1.0,0.0,0.0,0.0,0.0,0.0,0.0,0.0,0.0,0.0,0.0,0.0,0.0,1.0,0.0
PP133,g1,3226,0,0.975,0.210677,0.202488,-0.956354,0.057601,0.192891,-0.979528,0.138,0.201,250.8,252.2,255.4,258.5,259.7,258.5,255.1,252.0,246.3,248.4,251.4,254.9,258.3,260.8,262.5,260.4,257.5,254.3,251.2,248.4,253.8,255.1,256.5,257.1,256.6,255.3,253.9,253.2,288.0,288.9,291.7,294.5,295.9,294.9,292.2,289.0,284.9,286.9,289.5,292.8,295.6,297.5,298.6,297.5,295.7,293.2,290.2,287.2,290.5,291.8,293.0,293.4,292.8,291.6,290.4,290.0,160.6,157.4,156.2,157.6,160.9,164.3,165.3,163.8,161.9,160.1,159.1,158.6,159.4,161.0,163.1,164.1,164.4,164.5,164.1,163.3,162.2,162.8,162.3,160.9,159.5,158.8,159.3,160.7,161.1,158.0,156.6,157.9,160.9,164.0,165.4,164.4,163.2,161.1,159.6,158.9,159.4,160.6,162.3,163.7,164.5,164.8,164.7,164.3,162.5,163.0,162.4,161.0,159.7,159.2,159.7,161.1,1.0,2.9,7.1,11.2,12.8,11.2,6.7,2.6,-4.9,-2.1,1.8,6.5,11.0,14.3,16.6,13.8,9.9,5.7,1.6,-2.2,5.0,6.8,8.6,9.4,8.8,7.0,5.1,4.3,51.8,53.2,57.1,61.2,63.1,61.6,57.7,53.3,47.6,50.3,53.9,58.5,62.6,65.7,67.5,65.7,62.7,59.1,54.9,50.7,55.5,57.3,59.0,59.7,58.9,57.1,55.4,54.7,-35.6,-39.8,-41.5,-39.5,-35.2,-30.7,-29.4,-31.3,-34.1,-36.2,-37.5,-38.0,-37.1,-35.1,-32.4,-30.9,-30.4,-30.3,-30.8,-32.0,-33.5,-32.7,-33.4,-35.3,-37.2,-38.0,-37.3,-35.4,-36.1,-40.4,-42.3,-40.8,-36.6,-32.2,-30.3,-31.6,-33.1,-35.9,-38.0,-39.0,-38.5,-37.2,-35.0,-32.9,-31.6,-31.0,-31.2,-31.7,-34.3,-33.6,-34.5,-36.4,-38.2,-38.9,-38.0,-36.1,516.1,516.6,517.0,516.9,516.5,516.2,515.6,515.6,519.9,517.5,515.3,514.4,515.2,516.8,518.5,516.8,515.0,514.5,515.4,517.5,516.8,516.8,516.9,517.2,517.4,517.4,517.2,517.0,532.9,533.9,535.7,537.1,537.4,536.4,534.6,533.3,533.2,532.5,532.4,533.6,536.4,540.0,543.4,540.1,536.7,534.1,532.8,532.8,535.1,535.7,536.4,536.9,536.8,536.1,535.4,534.9,37.3,-2.8,649.3,0.22,-0.205,0.051,224.8,224.7,225.7,227.8,232.3,239.6,248.8,259.5,270.2,278.9,285.2,290.9,296.1,300.0,302.6,304.6,305.4,237.0,244.0,252.8,261.7,269.6,284.4,290.9,297.1,302.9,306.1,276.9,277.9,278.9,280.0,267.7,272.2,276.8,280.7,284.1,246.2,251.7,257.9,262.6,257.5,251.3,284.9,289.9,295.3,298.7,295.5,290.2,256.6,264.9,271.7,275.4,279.2,283.5,286.7,283.1,278.7,274.6,270.4,264.0,259.6,271.1,274.9,278.7,284.7,278.6,274.8,270.9,160.6,172.3,183.9,195.1,205.7,215.1,222.9,228.9,230.4,228.2,221.5,213.4,204.4,194.5,184.2,173.6,162.7,153.4,148.8,147.8,149.4,152.6,152.5,149.5,148.3,149.3,153.5,161.6,169.4,177.1,185.1,189.9,191.5,192.9,191.7,190.1,161.8,159.0,159.3,163.2,164.4,164.3,163.4,159.4,159.4,162.3,164.6,164.7,204.6,202.7,201.4,202.6,201.5,202.9,204.7,210.1,212.3,212.8,212.4,210.1,205.0,205.1,205.5,205.1,205.2,206.6,207.2,206.7,-43.4,-43.9,-42.3,-38.8,-31.0,-18.1,-2.1,16.2,34.6,50.3,62.6,74.1,84.0,91.0,95.6,99.0,100.2,-21.3,-9.8,4.6,18.8,31.4,56.0,67.4,78.7,89.8,96.7,43.7,44.8,46.1,47.2,28.7,35.9,43.3,50.0,55.8,-6.2,2.8,12.8,20.7,12.2,2.2,58.2,66.9,76.5,83.1,77.0,67.5,11.0,24.4,35.4,41.4,47.9,55.8,62.4,55.3,47.3,40.3,33.5,23.0,16.0,34.5,40.8,47.3,58.6,47.2,40.6,34.2,-46.3,-26.3,-6.4,13.3,31.9,48.2,61.3,70.9,73.6,70.9,60.6,47.0,30.8,12.7,-6.0,-25.2,-44.8,-55.9,-62.7,-64.0,-61.2,-55.9,-56.9,-62.5,-65.6,-64.9,-58.5,-42.0,-29.1,-16.5,-3.8,4.0,6.5,8.7,6.8,4.2,-42.2,-46.5,-46.2,-39.9,-37.8,-37.8,-40.3,-47.1,-47.4,-43.1,-38.7,-38.3,28.5,24.8,22.7,24.6,22.9,25.6,29.2,37.7,41.0,41.6,40.8,37.1,29.0,28.8,29.6,28.9,29.8,31.4,32.2,31.4,672.1,676.0,680.6,683.7,683.7,681.5,676.2,669.0,669.6,679.7,695.1,707.2,712.3,711.6,709.6,707.9,707.3,639.5,633.8,630.1,627.3,626.6,635.4,643.4,652.9,662.9,673.3,633.3,627.7,621.7,616.2,631.8,631.2,631.3,635.0,639.2,640.2,637.6,638.7,641.0,639.1,638.0,652.6,655.2,659.6,666.5,660.2,655.9,649.1,639.2,635.9,637.5,640.1,649.8,664.0,652.2,644.2,641.0,639.7,642.0,647.3,639.0,640.2,643.5,660.0,643.5,640.3,639.3,0.597,0.227,-0.273,0.066,272.393,185.619,-6.238,11.199,-11.038,15.173,4.663,1.101,-4.725,2.323,3.527,0.002,0.326,1.128,0.043,-2.232,-0.997,-0.211,0.173,1.132,-1.011,-0.919,0.407,-0.624,-0.146,-0.095,0.181,-0.128,0.041,0.072,-0.12,0.004,-0.035,0.016,0.009,-0.003,0.0,0.0,0.0,0.46,0.0,0.0,0.0,0.0,0.0,0.58,0.0,0.0,0.0,0.0,0.0,0.0,0.0,0.0,1.0,0.0,1.0,0.0,0.0,0.0,0.0,0.0,1.0,0.0,0.0,0.0,0.0,0.0,0.0,1.0,0.0
PP133,g1,3232,0,0.975,0.211425,0.204424,-0.955777,0.058012,0.194661,-0.979154,0.138,0.203,251.0,252.4,255.6,258.7,259.9,258.7,255.3,252.2,246.6,248.7,251.7,255.2,258.6,261.1,262.7,260.6,257.8,254.6,251.4,248.6,254.0,255.4,256.8,257.4,256.9,255.5,254.1,253.5,288.2,289.2,291.9,294.8,296.1,295.1,292.4,289.3,285.1,287.1,289.8,293.0,295.8,297.7,298.8,297.7,295.9,293.4,290.5,287.4,290.8,292.0,293.2,293.7,293.1,291.8,290.6,290.2,160.6,157.5,156.3,157.7,161.0,164.4,165.3,163.9,161.9,160.2,159.2,158.7,159.5,161.0,163.2,164.2,164.5,164.6,164.2,163.4,162.2,162.9,162.3,161.0,159.5,158.9,159.4,160.8,161.2,158.1,156.8,158.0,161.1,164.2,165.5,164.5,163.3,161.2,159.8,159.1,159.6,160.7,162.4,163.8,164.6,164.9,164.8,164.4,162.6,163.1,162.5,161.2,159.8,159.3,159.9,161.2,1.4,3.2,7.5,11.6,13.2,11.5,7.0,2.9,-4.5,-1.7,2.2,6.8,11.3,14.7,16.9,14.1,10.3,6.1,1.9,-1.8,5.3,7.1,9.0,9.8,9.1,7.3,5.5,4.7,52.3,53.8,57.7,61.8,63.7,62.2,58.2,53.8,48.2,50.8,54.4,59.0,63.2,66.2,68.1,66.2,63.3,59.6,55.4,51.3,56.1,57.9,59.6,60.2,59.4,57.6,55.9,55.3,-35.6,-39.8,-41.5,-39.6,-35.2,-30.7,-29.4,-31.3,-34.1,-36.3,-37.5,-38.0,-37.1,-35.1,-32.4,-30.9,-30.4,-30.3,-30.8,-32.0,-33.5,-32.7,-33.4,-35.3,-37.2,-38.0,-37.3,-35.4,-36.0,-40.3,-42.3,-40.7,-36.5,-32.2,-30.3,-31.5,-33.1,-35.9,-38.0,-39.0,-38.5,-37.2,-35.0,-32.8,-31.6,-31.0,-31.1,-31.6,-34.3,-33.6,-34.4,-36.3,-38.2,-38.9,-38.0,-36.1,517.6,518.2,518.6,518.5,518.1,517.8,517.2,517.2,521.5,519.1,516.9,516.0,516.8,518.4,520.2,518.4,516.6,516.1,517.0,519.0,518.4,518.4,518.6,518.8,519.0,519.0,518.8,518.6,534.9,535.9,537.7,539.1,539.4,538.4,536.7,535.4,535.2,534.5,534.5,535.6,538.4,542.0,545.4,542.1,538.7,536.1,534.8,534.8,537.1,537.7,538.5,538.9,538.8,538.1,537.4,536.9,37.7,-2.7,649.8,0.221,-0.205,0.052,224.9,224.8,225.8,227.9,232.4,239.7,248.9,259.6,270.3,279.0,285.3,291.1,296.2,300.1,302.8,304.8,305.5,237.2,244.2,253.1,262.0,269.9,284.7,291.2,297.4,303.2,306.4,277.2,278.1,279.2,280.2,267.9,272.5,277.0,281.0,284.3,246.5,252.0,258.1,262.9,257.7,251.6,285.1,290.1,295.5,298.9,295.8,290.4,256.8,265.1,271.9,275.5,279.4,283.6,286.8,283.2,278.8,274.7,270.6,264.1,259.8,271.2,275.1,278.9,284.8,278.8,274.9,271.0,160.6,172.3,183.9,195.1,205.8,215.1,223.0,228.9,230.4,228.2,221.5,213.4,204.3,194.5,184.2,173.6,162.8,153.5,149.0,148.0,149.6,152.8,152.7,149.8,148.5,149.5,153.8,161.7,169.5,177.2,185.2,190.0,191.6,192.9,191.8,190.2,161.8,159.1,159.4,163.3,164.5,164.4,163.4,159.5,159.6,162.4,164.7,164.8,204.6,202.7,201.5,202.7,201.6,202.9,204.7,210.0,212.2,212.7,212.3,210.0,205.0,205.1,205.6,205.1,205.2,206.5,207.1,206.7,-43.3,-43.7,-42.2,-38.7,-30.8,-18.0,-1.9,16.4,34.8,50.6,62.9,74.5,84.3,91.3,96.0,99.3,100.7,-21.0,-9.4,5.0,19.3,31.9,56.5,67.9,79.3,90.4,97.2,44.2,45.3,46.5,47.7,29.0,36.3,43.6,50.4,56.2,-5.8,3.3,13.3,21.1,12.7,2.6,58.7,67.4,76.9,83.6,77.4,68.0,11.3,24.7,35.7,41.7,48.2,56.0,62.6,55.5,47.5,40.6,33.7,23.3,16.2,34.8,41.1,47.6,58.8,47.4,40.9,34.4,-46.4,-26.4,-6.4,13.3,32.0,48.3,61.4,71.0,73.7,70.9,60.6,46.9,30.7,12.7,-6.1,-25.2,-44.8,-55.7,-62.6,-63.8,-61.0,-55.7,-56.6,-62.2,-65.3,-64.5,-58.1,-41.9,-29.0,-16.3,-3.6,4.0,6.6,8.8,6.9,4.3,-42.1,-46.4,-46.0,-39.8,-37.7,-37.8,-40.2,-46.9,-47.2,-42.9,-38.5,-38.2,28.4,24.8,22.8,24.8,23.1,25.7,29.3,37.6,40.9,41.4,40.7,37.0,29.0,28.9,29.6,29.0,29.9,31.4,32.2,31.4,672.7,676.6,681.2,684.3,684.3,682.1,676.7,669.6,670.2,680.4,695.8,707.9,712.9,712.2,710.2,708.5,707.9,640.0,634.3,630.6,627.8,627.1,636.0,644.0,653.5,663.6,674.1,633.8,628.2,622.2,616.7,632.3,631.7,631.8,635.5,639.8,640.6,638.0,639.1,641.4,639.5,638.4,653.2,655.8,660.2,667.1,660.9,656.5,649.6,639.8,636.5,638.1,640.8,650.4,664.7,652.8,644.8,641.5,640.1,642.5,647.8,639.6,640.8,644.1,660.6,644.1,640.8,639.8,0.597,0.228,-0.274,0.068,272.579,185.673,-5.659,11.71,-11.029,14.655,4.762,1.368,-4.897,1.624,3.703,-0.243,0.397,1.098,0.103,-2.186,-0.859,-0.174,0.114,1.111,-1.033,-0.818,0.383,-0.565,-0.038,-0.174,0.187,-0.161,0.065,0.061,-0.122,0.006,-0.034,0.017,0.009,-0.001,0.15,0.0,0.0,0.62,0.0,0.0,0.0,0.0,0.0,0.74,0.0,0.0,0.0,0.0,0.0,0.0,0.0,0.0,1.0,0.0,1.0,0.0,0.0,0.0,0.0,0.0,1.0,0.0,0.0,0.0,0.0,0.0,0.0,1.0,0.0
PP133,g1,3238,0,0.975,0.214576,0.202555,-0.955473,0.059244,0.192954,-0.979418,0.141,0.202,251.1,252.5,255.7,258.8,260.0,258.8,255.4,252.3,246.7,248.8,251.7,255.3,258.6,261.1,262.7,260.7,257.8,254.6,251.5,248.7,254.1,255.4,256.8,257.5,256.9,255.6,254.2,253.6,288.2,289.2,291.9,294.8,296.1,295.1,292.4,289.3,285.1,287.1,289.8,293.0,295.8,297.7,298.7,297.7,295.8,293.4,290.5,287.4,290.8,292.0,293.2,293.6,293.1,291.8,290.6,290.2,160.5,157.4,156.2,157.6,160.9,164.3,165.2,163.8,161.8,160.1,159.1,158.7,159.4,161.0,163.1,164.1,164.4,164.5,164.1,163.3,162.2,162.8,162.3,160.9,159.5,158.8,159.4,160.7,161.2,158.1,156.8,158.0,161.1,164.2,165.5,164.5,163.3,161.3,159.8,159.1,159.6,160.7,162.5,163.8,164.6,164.9,164.8,164.4,162.6,163.1,162.5,161.2,159.9,159.3,159.9,161.2,1.5,3.3,7.6,11.7,13.2,11.6,7.1,3.0,-4.5,-1.6,2.3,6.9,11.4,14.8,17.0,14.2,10.4,6.1,2.0,-1.7,5.4,7.2,9.1,9.9,9.2,7.4,5.6,4.7,52.5,53.9,57.8,61.9,63.8,62.3,58.4,53.9,48.3,50.9,54.6,59.1,63.3,66.3,68.2,66.3,63.4,59.7,55.5,51.4,56.2,58.0,59.7,60.3,59.5,57.8,56.0,55.4,-35.7,-40.0,-41.6,-39.7,-35.3,-30.8,-29.5,-31.4,-34.3,-36.4,-37.6,-38.1,-37.2,-35.2,-32.5,-31.0,-30.5,-30.4,-31.0,-32.2,-33.7,-32.8,-33.5,-35.4,-37.3,-38.1,-37.4,-35.6,-36.1,-40.4,-42.4,-40.8,-36.6,-32.2,-30.3,-31.6,-33.2,-36.0,-38.0,-39.0,-38.5,-37.3,-35.0,-32.9,-31.7,-31.1,-31.2,-31.7,-34.4,-33.7,-34.5,-36.4,-38.2,-38.9,-38.1,-36.2,517.9,518.5,518.8,518.8,518.4,518.1,517.5,517.5,521.7,519.3,517.2,516.3,517.1,518.7,520.5,518.7,516.9,516.4,517.3,519.3,518.7,518.7,518.9,519.1,519.3,519.3,519.1,518.9,536.3,537.3,539.1,540.5,540.8,539.8,538.0,536.7,536.6,535.9,535.8,537.0,539.8,543.4,546.8,543.5,540.1,537.5,536.2,536.2,538.4,539.1,539.8,540.3,540.1,539.5,538.8,538.3,37.8,-3.0,652.0,0.217,-0.208,0.054,225.0,224.8,225.8,227.9,232.3,239.6,248.8,259.5,270.2,278.9,285.2,290.9,296.1,300.0,302.7,304.7,305.5,237.4,244.4,253.3,262.1,269.9,284.8,291.2,297.4,303.1,306.3,277.2,278.1,279.2,280.2,267.9,272.5,277.0,280.9,284.3,246.5,252.1,258.2,262.9,257.8,251.7,285.1,290.1,295.5,298.9,295.7,290.4,256.9,265.2,272.0,275.6,279.4,283.6,286.8,283.2,278.9,274.8,270.7,264.3,259.9,271.3,275.1,278.9,284.8,278.8,275.0,271.1,160.6,172.2,183.7,194.9,205.5,214.8,222.5,228.5,230.0,227.9,221.3,213.3,204.3,194.4,184.1,173.6,162.8,153.3,148.9,147.9,149.6,152.8,152.7,149.8,148.5,149.5,153.8,161.7,169.4,177.1,185.0,189.8,191.4,192.7,191.5,190.0,161.7,159.0,159.3,163.2,164.4,164.3,163.4,159.6,159.6,162.4,164.7,164.8,204.3,202.4,201.2,202.3,201.2,202.6,204.4,209.6,211.8,212.3,211.8,209.6,204.7,204.8,205.3,204.8,204.9,206.1,206.6,206.2,-43.3,-43.7,-42.3,-38.8,-31.1,-18.3,-2.1,16.3,34.8,50.5,62.8,74.5,84.4,91.5,96.2,99.6,101.0,-20.8,-9.1,5.3,19.6,32.2,56.8,68.2,79.6,90.6,97.6,44.4,45.4,46.7,47.8,29.2,36.5,43.8,50.5,56.4,-5.7,3.4,13.4,21.3,12.8,2.7,58.9,67.6,77.2,83.8,77.7,68.2,11.4,25.0,35.9,41.9,48.4,56.2,62.8,55.7,47.8,40.9,34.0,23.6,16.5,35.0,41.3,47.8,59.0,47.7,41.2,34.7,-46.5,-26.6,-6.6,13.0,31.6,47.7,60.8,70.4,73.1,70.5,60.3,46.9,30.8,12.7,-6.1,-25.3,-44.9,-56.2,-63.0,-64.2,-61.2,-56.0,-56.8,-62.4,-65.5,-64.8,-58.4,-42.1,-29.2,-16.6,-4.0,3.7,6.3,8.5,6.6,4.1,-42.4,-46.7,-46.3,-40.0,-37.9,-38.0,-40.4,-47.1,-47.3,-43.0,-38.7,-38.3,28.0,24.4,22.3,24.3,22.6,25.2,28.9,37.0,40.2,40.8,40.0,36.4,28.6,28.5,29.2,28.6,29.5,30.7,31.5,30.7,674.9,678.7,683.1,686.1,686.2,684.0,678.6,671.4,672.1,682.4,698.0,710.4,715.6,715.1,713.2,711.6,711.0,642.3,636.7,633.2,630.4,629.7,638.5,646.5,656.1,666.2,676.6,636.4,630.8,624.8,619.3,634.6,634.1,634.3,638.0,642.2,643.1,640.5,641.7,644.0,642.0,640.9,655.8,658.4,662.9,669.7,663.5,659.1,651.6,641.8,638.6,640.3,642.9,652.5,666.8,654.7,646.6,643.4,642.0,644.4,649.8,641.7,642.9,646.2,662.7,646.0,642.7,641.7,0.594,0.224,-0.278,0.07,272.591,185.484,-4.387,10.627,-11.575,13.622,4.47,1.271,-4.971,1.836,3.164,-0.409,0.594,1.072,-0.116,-2.133,-0.701,-0.325,0.113,1.028,-0.935,-0.837,0.45,-0.563,-0.138,-0.158,0.148,-0.106,0.062,0.067,-0.119,-0.003,-0.025,0.014,0.008,-0.004,0.18,0.0,0.0,1.12,0.0,0.0,0.06,0.0,0.0,0.81,0.0,0.0,0.0,0.0,0.0,0.0,0.0,0.0,1.0,0.0,1.0,0.0,0.0,0.0,0.0,0.0,1.0,0.0,0.0,0.0,0.0,0.0,0.0,1.0,0.0
PP133,g1,3244,0,0.975,0.216732,0.200709,-0.955376,0.060865,0.191782,-0.979548,0.142,0.2,251.0,252.5,255.6,258.7,259.9,258.7,255.3,252.2,246.6,248.7,251.7,255.2,258.6,261.0,262.7,260.6,257.8,254.6,251.5,248.6,254.0,255.4,256.8,257.4,256.9,255.5,254.1,253.5,288.1,289.1,291.8,294.6,295.9,295.0,292.3,289.2,285.1,287.0,289.7,292.9,295.7,297.6,298.6,297.6,295.7,293.3,290.4,287.3,290.7,291.9,293.1,293.5,292.9,291.7,290.5,290.1,160.6,157.4,156.2,157.6,160.9,164.3,165.2,163.8,161.8,160.2,159.1,158.7,159.4,161.0,163.1,164.1,164.4,164.5,164.1,163.3,162.2,162.8,162.3,160.9,159.5,158.8,159.4,160.7,161.1,158.1,156.7,158.0,161.0,164.1,165.4,164.4,163.3,161.2,159.7,159.1,159.6,160.7,162.4,163.8,164.5,164.8,164.7,164.3,162.5,163.1,162.5,161.1,159.8,159.3,159.8,161.2,1.4,3.3,7.5,11.6,13.2,11.6,7.1,3.0,-4.6,-1.7,2.2,6.9,11.4,14.7,16.9,14.1,10.3,6.1,1.9,-1.8,5.4,7.2,9.0,9.8,9.1,7.3,5.5,4.7,52.5,53.9,57.8,61.9,63.8,62.3,58.4,54.0,48.3,50.9,54.6,59.2,63.3,66.4,68.2,66.3,63.4,59.7,55.6,51.4,56.2,58.0,59.7,60.4,59.6,57.8,56.1,55.4,-35.8,-40.0,-41.6,-39.7,-35.4,-30.8,-29.5,-31.4,-34.3,-36.4,-37.6,-38.1,-37.2,-35.3,-32.6,-31.1,-30.6,-30.4,-31.0,-32.2,-33.7,-32.9,-33.6,-35.4,-37.3,-38.2,-37.4,-35.6,-36.3,-40.6,-42.6,-41.0,-36.8,-32.4,-30.5,-31.8,-33.4,-36.2,-38.2,-39.2,-38.7,-37.4,-35.2,-33.1,-31.9,-31.3,-31.4,-31.9,-34.5,-33.8,-34.7,-36.6,-38.4,-39.1,-38.3,-36.4,518.6,519.2,519.5,519.5,519.2,518.9,518.2,518.2,522.4,520.0,517.9,517.0,517.8,519.4,521.2,519.4,517.7,517.1,518.0,520.0,519.4,519.4,519.6,519.8,520.0,520.0,519.8,519.6,537.9,538.9,540.7,542.1,542.4,541.4,539.6,538.3,538.2,537.5,537.4,538.6,541.4,545.0,548.4,545.1,541.7,539.1,537.8,537.8,540.1,540.7,541.4,541.9,541.8,541.1,540.4,539.9,37.8,-3.2,652.8,0.213,-0.211,0.052,224.8,224.8,225.8,227.9,232.4,239.7,248.9,259.6,270.2,278.9,285.1,290.9,296.0,299.9,302.6,304.5,305.3,237.3,244.3,253.2,262.0,269.8,284.7,291.1,297.3,303.0,306.2,277.2,278.1,279.2,280.2,268.0,272.5,277.0,280.9,284.3,246.5,252.0,258.1,262.8,257.7,251.6,285.0,290.0,295.4,298.8,295.6,290.3,257.0,265.3,272.0,275.6,279.4,283.6,286.7,283.2,278.9,274.9,270.8,264.4,260.0,271.3,275.1,278.9,284.7,278.9,275.0,271.2,160.7,172.3,183.8,195.0,205.6,214.9,222.6,228.4,229.9,227.8,221.2,213.2,204.3,194.4,184.1,173.5,162.7,153.4,148.9,147.9,149.5,152.7,152.6,149.7,148.5,149.5,153.7,161.6,169.3,177.0,184.8,189.7,191.2,192.6,191.4,189.8,161.8,159.0,159.3,163.2,164.4,164.3,163.4,159.5,159.6,162.3,164.7,164.7,204.2,202.2,201.0,202.1,201.1,202.5,204.3,209.4,211.6,212.1,211.7,209.5,204.6,204.7,205.1,204.6,204.8,205.9,206.5,206.0,-43.5,-43.9,-42.4,-38.9,-31.0,-18.1,-1.9,16.5,34.9,50.5,62.8,74.4,84.3,91.4,96.1,99.5,100.9,-21.0,-9.3,5.1,19.4,32.0,56.8,68.2,79.5,90.6,97.5,44.3,45.4,46.7,47.9,29.2,36.5,43.8,50.5,56.4,-5.8,3.3,13.3,21.2,12.7,2.6,58.9,67.5,77.1,83.7,77.6,68.1,11.6,25.1,36.0,42.0,48.5,56.2,62.8,55.7,47.9,41.0,34.2,23.7,16.6,35.1,41.4,47.9,59.0,47.8,41.3,34.8,-46.4,-26.5,-6.4,13.2,31.8,47.9,61.0,70.4,73.1,70.4,60.3,46.9,30.8,12.6,-6.2,-25.5,-45.2,-56.2,-63.0,-64.3,-61.4,-56.2,-57.1,-62.6,-65.7,-65.0,-58.6,-42.3,-29.4,-16.9,-4.2,3.5,6.1,8.2,6.4,3.8,-42.4,-46.7,-46.4,-40.1,-38.0,-38.1,-40.6,-47.2,-47.5,-43.2,-38.8,-38.5,27.9,24.2,22.1,24.0,22.3,25.0,28.7,36.8,40.0,40.5,39.8,36.3,28.5,28.3,29.0,28.4,29.3,30.5,31.2,30.5,675.7,679.4,683.8,686.7,686.7,684.5,679.1,672.0,672.7,683.1,698.7,711.0,716.4,715.9,714.1,712.5,712.0,643.1,637.6,634.1,631.4,630.6,639.5,647.6,657.2,667.3,677.8,637.3,631.7,625.7,620.2,635.3,634.8,635.0,638.7,643.0,643.9,641.3,642.5,644.8,642.8,641.7,656.7,659.3,663.9,670.8,664.4,660.0,652.1,642.4,639.3,640.9,643.6,653.2,667.4,655.3,647.3,644.1,642.6,645.0,650.4,642.4,643.6,646.9,663.3,646.7,643.4,642.3,0.594,0.22,-0.281,0.067,272.556,185.414,-4.328,10.768,-11.622,13.473,4.615,1.148,-4.915,1.609,3.157,-0.902,0.48,1.164,0.008,-2.083,-0.565,-0.357,0.016,0.983,-0.981,-0.83,0.447,-0.574,-0.114,-0.234,0.139,-0.102,0.085,0.061,-0.122,-0.006,-0.02,0.011,0.01,-0.004,0.12,0.0,0.0,0.45,0.0,0.0,0.0,0.0,0.0,1.03,0.0,0.0,0.0,0.0,0.0,0.0,0.0,0.0,1.0,0.0,1.0,0.0,0.0,0.0,0.0,0.0,1.0,0.0,0.0,0.0,0.0,0.0,0.0,1.0,0.0
PP133,g1,3250,0,0.975,0.220628,0.200155,-0.9546,0.064073,0.191041,-0.979489,0.146,0.2,251.2,252.6,255.8,258.9,260.1,258.9,255.5,252.4,246.7,248.9,251.9,255.4,258.7,261.2,262.8,260.8,257.9,254.8,251.6,248.8,254.2,255.5,256.9,257.5,257.0,255.7,254.3,253.7,288.2,289.2,291.9,294.8,296.1,295.1,292.4,289.3,285.2,287.2,289.8,293.0,295.8,297.7,298.7,297.7,295.8,293.4,290.5,287.5,290.8,292.0,293.2,293.6,293.1,291.8,290.6,290.2,160.6,157.4,156.2,157.7,160.9,164.3,165.3,163.8,161.9,160.2,159.1,158.7,159.4,161.0,163.1,164.1,164.4,164.5,164.1,163.3,162.2,162.8,162.3,160.9,159.5,158.8,159.4,160.7,161.2,158.1,156.8,158.0,161.1,164.1,165.4,164.5,163.3,161.2,159.8,159.1,159.6,160.7,162.4,163.8,164.6,164.9,164.7,164.4,162.6,163.1,162.5,161.2,159.8,159.3,159.9,161.2,1.6,3.5,7.7,11.8,13.4,11.8,7.3,3.2,-4.4,-1.5,2.5,7.1,11.6,14.9,17.1,14.3,10.5,6.3,2.2,-1.6,5.6,7.4,9.2,10.0,9.3,7.6,5.7,4.9,52.7,54.1,58.1,62.1,64.0,62.5,58.6,54.2,48.5,51.2,54.8,59.4,63.5,66.6,68.4,66.5,63.6,59.9,55.8,51.6,56.4,58.2,59.9,60.6,59.8,58.0,56.3,55.6,-35.7,-40.0,-41.6,-39.7,-35.3,-30.8,-29.5,-31.4,-34.3,-36.4,-37.6,-38.1,-37.2,-35.2,-32.6,-31.1,-30.5,-30.4,-31.0,-32.2,-33.7,-32.8,-33.5,-35.4,-37.3,-38.1,-37.4,-35.6,-36.3,-40.6,-42.5,-40.9,-36.7,-32.4,-30.5,-31.8,-33.4,-36.2,-38.2,-39.2,-38.7,-37.4,-35.2,-33.1,-31.8,-31.2,-31.4,-31.9,-34.5,-33.8,-34.7,-36.5,-38.4,-39.1,-38.2,-36.3,518.3,518.9,519.3,519.4,519.0,518.7,518.0,518.0,522.1,519.7,517.6,516.8,517.6,519.3,521.1,519.3,517.5,516.9,517.7,519.7,519.2,519.2,519.4,519.6,519.8,519.8,519.6,519.3,538.2,539.2,540.9,542.4,542.7,541.7,539.9,538.6,538.4,537.8,537.7,538.9,541.7,545.3,548.7,545.3,541.9,539.4,538.1,538.0,540.3,540.9,541.7,542.2,542.0,541.4,540.6,540.2,38.0,-3.3,652.9,0.212,-0.216,0.054,224.8,224.7,225.7,227.8,232.2,239.5,248.8,259.6,270.2,278.8,285.0,290.8,295.9,299.8,302.5,304.5,305.3,237.4,244.5,253.4,262.2,270.1,284.8,291.3,297.4,303.1,306.3,277.3,278.3,279.3,280.4,268.1,272.6,277.1,281.1,284.4,246.6,252.2,258.3,263.0,257.9,251.8,285.2,290.1,295.5,298.9,295.7,290.5,257.1,265.5,272.2,275.8,279.6,283.7,286.8,283.3,279.1,275.0,271.0,264.6,260.1,271.5,275.3,279.1,284.8,279.0,275.2,271.4,160.6,172.2,183.7,194.9,205.4,214.7,222.4,228.3,229.8,227.7,221.2,213.3,204.3,194.4,184.1,173.5,162.7,153.4,148.9,147.9,149.5,152.7,152.6,149.7,148.4,149.5,153.8,161.6,169.3,176.9,184.8,189.6,191.2,192.5,191.3,189.8,161.8,159.0,159.3,163.2,164.4,164.3,163.4,159.5,159.6,162.4,164.7,164.8,204.1,202.2,200.9,202.1,201.0,202.4,204.2,209.3,211.4,211.9,211.5,209.3,204.5,204.6,205.0,204.6,204.7,205.8,206.3,205.9,-43.5,-43.9,-42.4,-39.0,-31.2,-18.3,-2.1,16.4,34.8,50.4,62.7,74.2,84.2,91.4,96.1,99.5,101.0,-20.7,-9.0,5.5,19.8,32.5,57.0,68.4,79.8,90.8,97.8,44.6,45.7,47.0,48.2,29.4,36.8,44.1,50.8,56.7,-5.6,3.6,13.6,21.5,13.0,2.9,59.1,67.8,77.3,84.0,77.9,68.4,11.8,25.4,36.3,42.3,48.7,56.4,62.9,55.9,48.2,41.3,34.5,24.0,16.8,35.3,41.7,48.1,59.2,48.1,41.5,35.1,-46.5,-26.6,-6.6,13.0,31.5,47.6,60.6,70.1,72.8,70.2,60.3,47.0,30.9,12.7,-6.2,-25.6,-45.3,-56.2,-63.1,-64.3,-61.5,-56.2,-57.1,-62.7,-65.7,-65.0,-58.5,-42.3,-29.5,-17.0,-4.3,3.4,6.0,8.1,6.3,3.8,-42.4,-46.7,-46.4,-40.1,-38.0,-38.1,-40.5,-47.2,-47.4,-43.2,-38.8,-38.4,27.8,24.1,22.0,23.9,22.3,24.9,28.6,36.5,39.6,40.2,39.4,36.0,28.3,28.1,28.9,28.3,29.2,30.2,31.0,30.2,675.4,679.0,683.2,686.1,686.2,684.1,678.8,671.8,672.7,683.1,698.9,711.4,716.9,716.6,715.0,713.5,713.0,643.2,637.6,634.2,631.5,630.9,639.7,647.9,657.5,667.8,678.2,637.5,632.0,626.0,620.5,635.4,635.0,635.2,639.0,643.3,643.9,641.4,642.6,644.9,642.9,641.7,657.0,659.6,664.2,671.1,664.8,660.3,652.0,642.4,639.4,641.1,643.8,653.4,667.6,655.4,647.2,643.9,642.5,644.9,650.3,642.4,643.6,646.9,663.4,646.6,643.3,642.3,0.594,0.219,-0.287,0.07,272.658,185.361,-3.325,9.778,-11.835,12.833,4.548,1.216,-4.886,1.403,2.908,-0.8,0.209,1.181,-0.178,-2.018,-0.676,-0.372,0.006,0.976,-0.95,-0.751,0.47,-0.482,-0.166,-0.317,0.177,-0.114,0.063,0.063,-0.118,-0.009,-0.022,0.012,0.009,-0.005,0.21,0.0,0.0,0.77,0.0,0.0,0.0,0.0,0.0,0.55,0.0,0.0,0.0,0.0,0.0,0.0,0.0,0.0,1.0,0.0,1.0,0.0,0.0,0.0,0.0,0.0,1.0,0.0,0.0,0.0,0.0,0.0,0.0,1.0,0.0
PP133,g1,3256,0,0.975,0.222563,0.200245,-0.954132,0.06589,0.191643,-0.97925,0.148,0.2,251.0,252.4,255.6,258.7,259.9,258.7,255.3,252.2,246.6,248.7,251.7,255.2,258.6,261.0,262.6,260.6,257.8,254.6,251.5,248.6,254.0,255.4,256.8,257.4,256.8,255.5,254.1,253.5,288.1,289.0,291.7,294.6,295.9,294.9,292.2,289.1,285.0,287.0,289.6,292.8,295.6,297.5,298.5,297.5,295.6,293.2,290.3,287.3,290.6,291.8,293.0,293.4,292.9,291.6,290.5,290.0,160.6,157.5,156.3,157.7,160.9,164.3,165.3,163.9,161.9,160.2,159.2,158.7,159.5,161.0,163.1,164.2,164.5,164.5,164.2,163.4,162.2,162.8,162.3,160.9,159.5,158.9,159.4,160.8,161.2,158.1,156.8,158.0,161.0,164.1,165.4,164.4,163.3,161.2,159.8,159.1,159.6,160.7,162.4,163.8,164.5,164.9,164.7,164.3,162.5,163.1,162.5,161.1,159.8,159.3,159.9,161.2,1.4,3.3,7.5,11.6,13.2,11.6,7.1,3.0,-4.6,-1.7,2.2,6.9,11.4,14.7,16.9,14.1,10.3,6.1,1.9,-1.8,5.4,7.2,9.0,9.8,9.1,7.3,5.5,4.7,52.6,54.0,57.9,62.0,63.9,62.4,58.5,54.1,48.4,51.0,54.7,59.2,63.4,66.4,68.3,66.4,63.5,59.8,55.7,51.5,56.3,58.1,59.8,60.4,59.6,57.8,56.1,55.5,-35.7,-40.0,-41.6,-39.7,-35.4,-30.8,-29.5,-31.4,-34.3,-36.4,-37.6,-38.1,-37.2,-35.3,-32.6,-31.1,-30.6,-30.4,-31.0,-32.2,-33.7,-32.8,-33.6,-35.4,-37.3,-38.1,-37.4,-35.6,-36.4,-40.7,-42.6,-41.1,-36.9,-32.5,-30.6,-31.9,-33.5,-36.3,-38.3,-39.3,-38.8,-37.5,-35.3,-33.2,-31.9,-31.4,-31.5,-32.0,-34.6,-33.9,-34.8,-36.7,-38.5,-39.2,-38.3,-36.4,519.4,520.0,520.4,520.5,520.1,519.8,519.1,519.1,523.2,520.8,518.7,517.9,518.7,520.4,522.2,520.4,518.6,518.0,518.8,520.8,520.3,520.3,520.5,520.7,520.9,520.9,520.7,520.4,539.5,540.5,542.3,543.7,544.0,543.0,541.3,539.9,539.8,539.1,539.0,540.2,543.0,546.6,550.0,546.7,543.3,540.7,539.4,539.4,541.7,542.3,543.1,543.5,543.4,542.7,542.0,541.5,37.7,-3.2,653.4,0.213,-0.219,0.055,224.7,224.6,225.6,227.6,232.1,239.3,248.6,259.4,270.1,278.6,284.8,290.5,295.6,299.5,302.2,304.3,305.1,237.3,244.3,253.2,262.1,269.9,284.7,291.1,297.2,302.9,306.1,277.1,278.1,279.2,280.2,268.0,272.5,277.0,280.9,284.2,246.5,252.0,258.1,262.8,257.7,251.6,285.0,290.0,295.3,298.7,295.5,290.3,256.9,265.3,272.0,275.6,279.4,283.6,286.7,283.2,278.9,274.9,270.8,264.4,260.0,271.3,275.1,278.9,284.7,278.9,275.0,271.2,160.8,172.3,183.8,194.9,205.4,214.7,222.4,228.3,229.8,227.7,221.2,213.3,204.4,194.5,184.2,173.5,162.7,153.4,148.9,148.0,149.5,152.7,152.6,149.7,148.4,149.4,153.7,161.6,169.3,177.0,184.8,189.6,191.2,192.5,191.4,189.8,161.8,159.1,159.4,163.2,164.5,164.4,163.4,159.5,159.6,162.3,164.7,164.7,204.2,202.2,201.0,202.1,201.0,202.4,204.2,209.3,211.4,211.9,211.5,209.3,204.5,204.6,205.0,204.6,204.7,205.8,206.3,205.9,-43.7,-44.1,-42.7,-39.3,-31.5,-18.7,-2.4,16.2,34.5,50.1,62.3,73.8,83.8,91.0,95.7,99.2,100.6,-21.0,-9.3,5.2,19.5,32.2,56.8,68.2,79.5,90.5,97.5,44.3,45.5,46.8,48.0,29.2,36.6,43.9,50.6,56.4,-5.9,3.3,13.3,21.2,12.7,2.7,58.9,67.5,77.0,83.7,77.6,68.1,11.6,25.2,36.0,42.1,48.6,56.2,62.7,55.7,48.0,41.0,34.2,23.8,16.6,35.1,41.4,47.9,59.0,47.8,41.3,34.8,-46.2,-26.3,-6.5,13.0,31.5,47.6,60.6,70.2,72.9,70.3,60.4,47.1,31.1,12.9,-6.1,-25.5,-45.3,-56.1,-63.0,-64.2,-61.4,-56.2,-57.2,-62.8,-65.8,-65.1,-58.7,-42.3,-29.4,-16.9,-4.2,3.5,6.1,8.2,6.3,3.8,-42.3,-46.6,-46.3,-40.1,-37.9,-38.0,-40.6,-47.3,-47.5,-43.2,-38.9,-38.5,27.8,24.2,22.0,24.0,22.3,24.9,28.6,36.6,39.7,40.2,39.5,36.0,28.3,28.2,28.9,28.3,29.2,30.3,31.0,30.3,675.3,678.9,683.2,686.1,686.3,684.2,679.0,672.1,673.0,683.5,699.2,711.8,717.4,717.2,715.6,714.0,713.6,643.3,637.8,634.4,631.9,631.2,640.1,648.3,658.0,668.2,678.6,637.9,632.4,626.5,621.1,635.9,635.5,635.8,639.5,643.8,644.1,641.7,642.9,645.2,643.2,642.0,657.4,660.0,664.6,671.5,665.2,660.7,652.4,642.9,639.9,641.6,644.3,653.9,668.1,656.0,647.8,644.5,643.1,645.4,650.7,642.9,644.2,647.5,663.9,647.2,643.9,642.8,0.593,0.219,-0.29,0.07,272.479,185.385,-4.043,9.162,-11.872,12.607,4.729,1.345,-4.764,1.565,2.992,-0.683,0.201,1.046,-0.076,-1.962,-0.52,-0.373,-0.117,1.088,-0.974,-0.796,0.414,-0.45,-0.126,-0.332,0.156,-0.122,0.08,0.061,-0.115,-0.004,-0.026,0.015,0.012,-0.007,0.19,0.0,0.0,0.54,0.0,0.0,0.0,0.0,0.0,0.86,0.0,0.0,0.0,0.0,0.0,0.0,0.0,0.0,1.0,0.0,1.0,0.0,0.0,0.0,0.0,0.0,1.0,0.0,0.0,0.0,0.0,0.0,0.0,1.0,0.0
PP133,g1,3262,0,0.975,0.221647,0.198701,-0.954668,0.065769,0.19002,-0.979575,0.148,0.198,250.6,252.0,255.2,258.3,259.5,258.3,254.9,251.8,246.2,248.3,251.3,254.8,258.2,260.6,262.3,260.2,257.4,254.2,251.1,248.2,253.6,255.0,256.4,257.0,256.4,255.1,253.7,253.1,287.6,288.6,291.3,294.1,295.4,294.5,291.8,288.7,284.6,286.6,289.2,292.4,295.2,297.1,298.1,297.0,295.2,292.8,289.9,286.9,290.2,291.4,292.6,293.0,292.4,291.2,290.0,289.6,160.4,157.3,156.1,157.5,160.8,164.2,165.1,163.7,161.7,160.1,159.0,158.6,159.3,160.8,162.9,164.0,164.3,164.4,164.0,163.2,162.0,162.7,162.1,160.8,159.3,158.7,159.2,160.6,161.0,157.9,156.6,157.8,160.9,163.9,165.3,164.3,163.1,161.1,159.6,158.9,159.4,160.5,162.2,163.6,164.4,164.7,164.5,164.2,162.4,162.9,162.3,161.0,159.7,159.1,159.7,161.0,0.8,2.7,6.9,11.0,12.6,11.0,6.5,2.4,-5.1,-2.2,1.7,6.3,10.8,14.1,16.4,13.6,9.8,5.6,1.4,-2.3,4.8,6.6,8.5,9.3,8.6,6.8,4.9,4.1,51.9,53.3,57.3,61.3,63.2,61.7,57.8,53.4,47.7,50.4,54.0,58.6,62.7,65.8,67.6,65.8,62.8,59.2,55.0,50.9,55.6,57.4,59.1,59.8,59.0,57.2,55.5,54.8,-36.0,-40.2,-41.8,-39.9,-35.6,-31.0,-29.7,-31.6,-34.5,-36.6,-37.8,-38.3,-37.4,-35.5,-32.8,-31.3,-30.8,-30.6,-31.2,-32.4,-33.9,-33.1,-33.8,-35.6,-37.5,-38.4,-37.6,-35.8,-36.6,-40.9,-42.8,-41.3,-37.1,-32.7,-30.8,-32.1,-33.7,-36.5,-38.5,-39.5,-39.0,-37.7,-35.5,-33.4,-32.1,-31.5,-31.7,-32.2,-34.8,-34.1,-35.0,-36.9,-38.7,-39.4,-38.5,-36.6,519.2,519.8,520.2,520.2,519.8,519.5,518.8,518.8,523.0,520.6,518.5,517.6,518.5,520.1,521.9,520.1,518.3,517.7,518.5,520.6,520.0,520.0,520.2,520.4,520.6,520.6,520.4,520.2,538.8,539.8,541.6,543.0,543.3,542.3,540.5,539.2,539.1,538.4,538.3,539.5,542.3,545.9,549.3,546.0,542.6,540.0,538.7,538.7,541.0,541.6,542.3,542.8,542.7,542.0,541.3,540.8,37.1,-3.4,653.6,0.21,-0.218,0.053,224.4,224.3,225.3,227.4,231.8,239.1,248.4,259.1,269.8,278.4,284.5,290.2,295.3,299.2,301.9,303.9,304.7,236.9,243.9,252.8,261.6,269.4,284.3,290.6,296.7,302.4,305.6,276.7,277.7,278.7,279.8,267.5,272.1,276.6,280.5,283.8,246.1,251.6,257.7,262.4,257.3,251.2,284.6,289.5,294.9,298.2,295.1,289.9,256.5,264.9,271.6,275.2,279.0,283.2,286.3,282.8,278.5,274.5,270.4,264.0,259.6,270.9,274.7,278.5,284.3,278.5,274.7,270.8,160.7,172.3,183.8,194.9,205.5,214.7,222.4,228.3,229.8,227.6,221.1,213.2,204.3,194.4,184.1,173.5,162.7,153.2,148.7,147.7,149.3,152.5,152.4,149.5,148.2,149.2,153.5,161.4,169.1,176.7,184.6,189.5,191.0,192.4,191.2,189.6,161.7,158.9,159.2,163.1,164.3,164.2,163.2,159.4,159.4,162.2,164.5,164.6,204.1,202.0,200.8,201.9,200.8,202.2,204.1,209.2,211.4,211.9,211.5,209.3,204.4,204.5,204.9,204.4,204.6,205.7,206.3,205.8,-44.3,-44.7,-43.2,-39.8,-31.9,-19.0,-2.8,15.7,34.0,49.6,61.7,73.2,83.2,90.3,95.0,98.5,99.9,-21.6,-9.9,4.5,18.7,31.4,56.2,67.5,78.7,89.7,96.7,43.6,44.8,46.1,47.3,28.6,35.9,43.2,49.9,55.8,-6.5,2.6,12.7,20.5,12.1,2.0,58.2,66.8,76.3,83.0,76.9,67.4,10.9,24.5,35.4,41.4,47.9,55.6,62.1,55.1,47.3,40.4,33.6,23.1,15.9,34.5,40.8,47.3,58.3,47.2,40.7,34.2,-46.4,-26.5,-6.5,13.0,31.6,47.7,60.7,70.2,72.9,70.2,60.2,46.9,30.8,12.7,-6.3,-25.6,-45.4,-56.5,-63.3,-64.6,-61.8,-56.6,-57.6,-63.2,-66.2,-65.5,-59.1,-42.6,-29.8,-17.3,-4.6,3.2,5.8,7.9,6.0,3.5,-42.6,-47.0,-46.6,-40.4,-38.3,-38.3,-40.9,-47.6,-47.8,-43.5,-39.2,-38.8,27.7,23.9,21.8,23.7,22.0,24.7,28.4,36.5,39.6,40.2,39.5,36.0,28.2,27.9,28.7,28.0,29.0,30.2,30.9,30.2,675.8,679.3,683.6,686.5,686.6,684.5,679.3,672.3,673.2,683.6,699.2,711.7,717.2,716.9,715.2,713.7,713.3,643.6,638.2,634.8,632.2,631.6,640.5,648.6,658.2,668.4,678.7,638.2,632.7,626.7,621.2,636.1,635.6,635.9,639.6,644.0,644.5,642.0,643.2,645.5,643.5,642.3,657.6,660.3,664.9,671.7,665.4,660.9,652.7,643.1,640.0,641.7,644.4,654.0,668.2,656.1,648.0,644.7,643.3,645.6,651.0,643.0,644.3,647.6,664.1,647.4,644.1,643.0,0.593,0.217,-0.287,0.068,272.098,185.253,-5.024,9.871,-11.691,13.245,4.664,1.131,-4.827,1.742,2.859,-0.776,0.295,1.206,-0.061,-2.116,-0.576,-0.405,-0.031,1.099,-0.924,-0.773,0.488,-0.566,-0.158,-0.331,0.162,-0.086,0.074,0.068,-0.123,-0.011,-0.027,0.014,0.013,-0.006,0.17,0.0,0.0,0.52,0.0,0.0,0.0,0.0,0.0,0.64,0.0,0.0,0.0,0.0,0.0,0.0,0.0,0.0,1.0,0.0,1.0,0.0,0.0,0.0,0.0,0.0,1.0,0.0,0.0,0.0,0.0,0.0,0.0,1.0,0.0
PP133,g1,3268,0,0.975,0.222528,0.196671,-0.954883,0.066835,0.188522,-0.979792,0.148,0.197,250.5,251.9,255.0,258.1,259.3,258.1,254.8,251.7,246.0,248.1,251.1,254.6,258.0,260.5,262.1,260.1,257.2,254.0,250.9,248.1,253.4,254.8,256.2,256.8,256.3,254.9,253.5,252.9,287.5,288.5,291.2,294.0,295.3,294.4,291.7,288.6,284.5,286.4,289.1,292.3,295.1,296.9,298.0,296.9,295.1,292.7,289.8,286.8,290.1,291.3,292.5,292.9,292.3,291.1,289.9,289.5,160.4,157.3,156.1,157.5,160.7,164.2,165.1,163.7,161.8,160.1,159.0,158.5,159.3,160.8,162.9,164.0,164.3,164.4,164.0,163.2,162.0,162.7,162.1,160.7,159.3,158.7,159.2,160.6,161.0,157.9,156.6,157.8,160.8,163.9,165.2,164.2,163.1,161.0,159.5,158.9,159.4,160.5,162.2,163.6,164.3,164.6,164.5,164.1,162.3,162.9,162.3,160.9,159.6,159.1,159.7,161.0,0.6,2.5,6.7,10.8,12.4,10.8,6.3,2.2,-5.4,-2.5,1.4,6.1,10.6,13.9,16.1,13.4,9.5,5.3,1.2,-2.6,4.6,6.4,8.2,9.0,8.3,6.5,4.7,3.9,51.6,53.1,57.0,61.1,62.9,61.5,57.6,53.1,47.5,50.1,53.8,58.3,62.5,65.5,67.4,65.5,62.6,58.9,54.7,50.6,55.4,57.2,58.9,59.5,58.7,56.9,55.2,54.6,-35.9,-40.1,-41.7,-39.8,-35.5,-30.9,-29.6,-31.5,-34.4,-36.5,-37.7,-38.3,-37.3,-35.4,-32.7,-31.2,-30.7,-30.6,-31.1,-32.3,-33.8,-33.0,-33.7,-35.5,-37.4,-38.3,-37.5,-35.7,-36.5,-40.9,-42.8,-41.2,-37.0,-32.7,-30.8,-32.0,-33.6,-36.4,-38.5,-39.5,-39.0,-37.7,-35.5,-33.4,-32.1,-31.5,-31.6,-32.2,-34.8,-34.1,-34.9,-36.8,-38.7,-39.4,-38.5,-36.6,517.6,518.2,518.6,518.6,518.2,517.9,517.3,517.2,521.4,519.0,516.9,516.1,516.9,518.5,520.3,518.5,516.7,516.1,517.0,519.0,518.4,518.5,518.6,518.9,519.1,519.1,518.9,518.6,537.8,538.9,540.6,542.1,542.3,541.3,539.6,538.2,538.1,537.4,537.4,538.5,541.3,544.9,548.3,545.0,541.6,539.0,537.7,537.7,540.0,540.6,541.4,541.8,541.7,541.1,540.3,539.8,36.9,-3.4,652.4,0.207,-0.219,0.052,224.2,224.2,225.2,227.3,231.7,239.0,248.2,259.0,269.6,278.2,284.4,290.1,295.2,299.1,301.8,303.8,304.6,236.6,243.6,252.6,261.5,269.3,284.0,290.5,296.6,302.3,305.6,276.6,277.5,278.6,279.7,267.5,272.0,276.5,280.4,283.8,245.9,251.4,257.5,262.3,257.2,251.0,284.4,289.4,294.7,298.1,295.0,289.7,256.5,264.9,271.6,275.2,279.0,283.1,286.2,282.8,278.5,274.4,270.4,264.0,259.6,270.9,274.7,278.5,284.2,278.4,274.6,270.7,160.8,172.4,183.9,195.0,205.6,214.8,222.5,228.4,229.9,227.8,221.3,213.4,204.4,194.5,184.1,173.5,162.6,153.3,148.8,147.7,149.3,152.5,152.4,149.4,148.2,149.2,153.5,161.4,169.1,176.7,184.6,189.5,191.0,192.3,191.2,189.6,161.7,158.9,159.2,163.0,164.3,164.2,163.2,159.3,159.4,162.1,164.5,164.5,204.2,202.1,200.8,202.0,200.9,202.3,204.2,209.3,211.5,211.9,211.5,209.4,204.5,204.5,204.9,204.5,204.7,205.8,206.3,205.9,-44.5,-44.9,-43.3,-39.8,-32.1,-19.3,-3.1,15.4,33.8,49.3,61.4,72.9,82.8,89.9,94.7,98.1,99.5,-22.1,-10.4,4.2,18.5,31.2,55.7,67.1,78.4,89.4,96.4,43.3,44.5,45.9,47.1,28.4,35.7,43.0,49.7,55.5,-6.8,2.3,12.4,20.3,11.8,1.7,57.9,66.5,76.0,82.7,76.6,67.1,10.9,24.4,35.2,41.3,47.7,55.3,61.8,54.9,47.2,40.2,33.5,23.0,15.9,34.3,40.6,47.1,58.1,47.0,40.5,34.1,-46.2,-26.2,-6.3,13.2,31.7,47.7,60.7,70.2,72.9,70.3,60.4,47.1,31.0,12.8,-6.2,-25.6,-45.4,-56.2,-63.2,-64.5,-61.7,-56.5,-57.5,-63.1,-66.2,-65.4,-59.0,-42.6,-29.8,-17.3,-4.7,3.2,5.7,7.9,6.0,3.5,-42.6,-46.9,-46.6,-40.4,-38.2,-38.3,-40.8,-47.6,-47.8,-43.5,-39.2,-38.8,27.8,24.0,21.8,23.7,22.0,24.8,28.5,36.6,39.7,40.3,39.5,36.1,28.3,28.0,28.7,28.1,29.1,30.2,31.0,30.2,674.7,678.1,682.4,685.2,685.3,683.2,678.0,671.0,671.9,682.2,698.0,710.5,716.1,715.9,714.4,712.9,712.6,642.8,637.3,633.8,631.1,630.5,639.3,647.5,657.2,667.4,677.9,637.1,631.5,625.4,619.8,634.8,634.3,634.6,638.4,642.7,643.5,641.0,642.2,644.5,642.5,641.3,656.5,659.2,663.8,670.7,664.4,659.9,651.3,641.7,638.7,640.3,643.0,652.6,666.8,654.7,646.7,643.4,642.0,644.3,649.5,641.7,642.9,646.2,662.6,646.1,642.8,641.7,0.594,0.214,-0.289,0.067,271.99,185.291,-4.156,9.296,-11.747,13.865,4.657,0.914,-4.672,1.564,3.225,-0.834,0.37,0.991,-0.112,-1.887,-0.598,-0.458,-0.035,1.003,-1.007,-0.759,0.511,-0.606,-0.161,-0.356,0.194,-0.073,0.065,0.067,-0.117,-0.011,-0.03,0.013,0.013,-0.007,0.0,0.0,0.0,0.78,0.0,0.0,0.0,0.0,0.0,0.72,0.0,0.0,0.0,0.0,0.0,0.0,0.0,0.0,1.0,0.0,1.0,0.0,0.0,0.0,0.0,0.0,1.0,0.0,0.0,0.0,0.0,0.0,0.0,1.0,0.0
PP133,g1,3274,0,0.975,0.22193,0.196036,-0.955153,0.068216,0.187968,-0.979803,0.149,0.196,250.3,251.7,254.9,258.0,259.2,258.0,254.6,251.5,245.9,248.0,250.9,254.4,257.8,260.3,261.9,259.9,257.0,253.9,250.7,247.9,253.3,254.6,256.0,256.6,256.1,254.8,253.4,252.8,287.3,288.3,291.0,293.8,295.1,294.2,291.5,288.4,284.3,286.2,288.9,292.1,294.9,296.7,297.8,296.7,294.9,292.5,289.6,286.6,289.9,291.1,292.3,292.7,292.1,290.9,289.7,289.3,160.6,157.4,156.2,157.6,160.9,164.3,165.2,163.8,161.9,160.2,159.1,158.7,159.4,160.9,163.0,164.1,164.4,164.5,164.2,163.3,162.2,162.8,162.3,160.9,159.5,158.8,159.4,160.7,161.1,158.0,156.7,157.9,160.9,164.0,165.3,164.3,163.2,161.1,159.6,159.0,159.5,160.6,162.3,163.7,164.5,164.8,164.6,164.3,162.4,163.0,162.4,161.0,159.7,159.2,159.8,161.1,0.4,2.3,6.5,10.6,12.2,10.6,6.1,2.0,-5.5,-2.7,1.2,5.9,10.4,13.7,15.9,13.2,9.3,5.1,1.0,-2.8,4.4,6.2,8.0,8.8,8.1,6.3,4.5,3.7,51.4,52.8,56.7,60.8,62.6,61.2,57.3,52.9,47.2,49.8,53.5,58.0,62.2,65.2,67.0,65.2,62.3,58.6,54.5,50.3,55.1,56.9,58.6,59.2,58.4,56.6,54.9,54.3,-35.7,-39.9,-41.6,-39.7,-35.4,-30.8,-29.5,-31.4,-34.2,-36.3,-37.6,-38.1,-37.2,-35.3,-32.6,-31.1,-30.5,-30.4,-30.9,-32.1,-33.7,-32.8,-33.6,-35.4,-37.3,-38.1,-37.4,-35.6,-36.4,-40.7,-42.7,-41.1,-36.9,-32.5,-30.6,-31.9,-33.5,-36.3,-38.3,-39.3,-38.9,-37.6,-35.3,-33.2,-31.9,-31.4,-31.5,-32.0,-34.6,-33.9,-34.8,-36.7,-38.5,-39.2,-38.4,-36.5,518.2,518.7,519.1,519.1,518.7,518.4,517.8,517.8,522.0,519.6,517.4,516.6,517.4,519.0,520.8,519.0,517.2,516.7,517.5,519.6,519.0,519.0,519.1,519.4,519.6,519.6,519.4,519.1,537.7,538.8,540.5,542.0,542.3,541.3,539.5,538.2,538.0,537.3,537.3,538.5,541.3,544.9,548.3,545.0,541.6,539.0,537.7,537.6,539.9,540.5,541.3,541.8,541.6,541.0,540.2,539.8,36.5,-3.0,651.9,0.207,-0.22,0.051,224.1,224.0,225.0,227.1,231.7,239.0,248.2,258.9,269.6,278.1,284.2,289.9,294.9,298.8,301.5,303.6,304.4,236.6,243.5,252.4,261.2,269.0,283.9,290.3,296.4,302.1,305.3,276.4,277.4,278.5,279.5,267.3,271.8,276.3,280.2,283.6,245.7,251.3,257.4,262.1,257.0,250.9,284.2,289.2,294.5,297.9,294.8,289.5,256.4,264.7,271.4,275.0,278.7,282.9,285.9,282.5,278.2,274.2,270.2,263.8,259.5,270.8,274.5,278.2,283.9,278.2,274.4,270.6,161.0,172.6,184.2,195.4,206.1,215.3,223.0,228.8,230.3,228.1,221.6,213.7,204.7,194.7,184.3,173.6,162.7,153.4,148.8,147.8,149.4,152.5,152.4,149.5,148.2,149.3,153.6,161.4,169.2,176.8,184.7,189.7,191.2,192.5,191.4,189.8,161.8,159.0,159.3,163.2,164.4,164.3,163.3,159.4,159.5,162.3,164.6,164.7,204.5,202.4,201.1,202.3,201.2,202.6,204.6,209.7,211.8,212.3,211.9,209.7,204.9,204.8,205.2,204.8,205.0,206.1,206.7,206.2,-44.8,-45.2,-43.7,-40.1,-32.1,-19.3,-3.1,15.3,33.6,49.1,61.1,72.4,82.3,89.4,94.1,97.6,99.0,-22.1,-10.5,3.9,18.1,30.7,55.5,66.8,78.0,89.0,95.9,43.0,44.2,45.5,46.8,28.1,35.4,42.7,49.4,55.2,-7.0,2.1,12.1,20.0,11.5,1.4,57.5,66.1,75.6,82.2,76.2,66.7,10.7,24.2,35.0,40.9,47.3,54.9,61.3,54.4,46.7,39.9,33.2,22.8,15.8,34.1,40.3,46.7,57.5,46.6,40.1,33.8,-45.8,-25.8,-5.7,13.9,32.5,48.6,61.6,70.9,73.5,70.9,61.0,47.6,31.4,13.2,-5.9,-25.3,-45.2,-56.0,-63.0,-64.4,-61.6,-56.5,-57.4,-63.0,-66.0,-65.3,-58.8,-42.5,-29.6,-17.1,-4.4,3.5,6.1,8.2,6.3,3.8,-42.3,-46.7,-46.4,-40.1,-37.9,-38.0,-40.6,-47.4,-47.6,-43.3,-38.9,-38.6,28.4,24.5,22.2,24.2,22.5,25.2,29.1,37.2,40.3,40.8,40.1,36.6,28.9,28.4,29.1,28.5,29.7,30.8,31.5,30.7,673.8,677.5,681.8,684.7,684.8,682.6,677.4,670.5,671.4,681.8,697.4,709.8,715.3,715.0,713.3,711.7,711.1,641.9,636.6,633.2,630.7,630.1,639.1,647.2,656.8,666.9,677.2,636.7,631.1,625.0,619.5,634.3,633.9,634.2,638.0,642.3,642.8,640.4,641.6,643.9,641.9,640.7,656.0,658.7,663.3,670.1,663.8,659.3,650.9,641.3,638.3,640.0,642.7,652.2,666.3,654.3,646.3,643.1,641.6,643.8,649.1,641.4,642.6,645.8,662.1,645.7,642.4,641.4,0.595,0.214,-0.289,0.065,271.815,185.518,-6.185,10.2,-12.299,14.563,4.61,1.167,-4.462,1.462,3.056,-1.25,0.342,1.028,0.102,-2.432,-0.595,-0.262,0.14,0.963,-0.985,-0.724,0.457,-0.609,-0.203,-0.334,0.174,-0.003,0.065,0.06,-0.121,-0.011,-0.033,0.007,0.011,0.0,0.18,0.0,0.0,0.58,0.0,0.0,0.06,0.0,0.0,0.68,0.0,0.0,0.0,0.0,0.0,0.0,0.0,0.0,1.0,0.0,1.0,0.0,0.0,0.0,0.0,0.0,1.0,0.0,0.0,0.0,0.0,0.0,0.0,1.0,0.0
PP133,g1,3280,0,0.975,0.219025,0.197782,-0.955463,0.067178,0.189596,-0.979561,0.147,0.198,250.3,251.7,254.9,257.9,259.2,258.0,254.6,251.5,245.9,248.0,250.9,254.4,257.8,260.3,261.9,259.9,257.0,253.8,250.7,247.9,253.3,254.6,256.0,256.6,256.1,254.7,253.4,252.8,287.3,288.3,291.0,293.8,295.1,294.2,291.5,288.4,284.3,286.2,288.9,292.1,294.9,296.7,297.8,296.7,294.9,292.5,289.6,286.6,289.9,291.1,292.3,292.7,292.1,290.9,289.7,289.3,160.6,157.4,156.2,157.6,160.8,164.3,165.2,163.8,161.9,160.2,159.1,158.6,159.4,160.9,163.0,164.1,164.4,164.5,164.1,163.3,162.1,162.8,162.2,160.9,159.4,158.8,159.3,160.7,161.0,158.0,156.7,157.9,160.9,164.0,165.3,164.3,163.2,161.1,159.6,158.9,159.4,160.6,162.3,163.7,164.5,164.8,164.6,164.2,162.4,163.0,162.4,161.0,159.7,159.2,159.7,161.1,0.4,2.2,6.4,10.6,12.2,10.6,6.1,2.0,-5.5,-2.7,1.2,5.8,10.3,13.7,15.9,13.1,9.3,5.1,0.9,-2.8,4.4,6.2,8.0,8.8,8.1,6.3,4.5,3.7,51.3,52.8,56.7,60.8,62.6,61.1,57.2,52.8,47.2,49.8,53.4,58.0,62.1,65.2,67.0,65.1,62.2,58.6,54.4,50.3,55.1,56.8,58.5,59.2,58.4,56.6,54.9,54.3,-35.7,-40.0,-41.6,-39.7,-35.4,-30.8,-29.5,-31.4,-34.2,-36.4,-37.6,-38.2,-37.3,-35.3,-32.6,-31.1,-30.6,-30.4,-31.0,-32.2,-33.7,-32.9,-33.6,-35.4,-37.3,-38.2,-37.4,-35.6,-36.4,-40.7,-42.7,-41.1,-36.9,-32.5,-30.6,-31.9,-33.5,-36.3,-38.3,-39.3,-38.8,-37.6,-35.3,-33.2,-31.9,-31.4,-31.5,-32.0,-34.6,-33.9,-34.8,-36.7,-38.5,-39.2,-38.4,-36.5,518.2,518.8,519.1,519.1,518.7,518.4,517.8,517.8,522.1,519.6,517.5,516.6,517.4,519.0,520.8,519.0,517.3,516.7,517.6,519.6,519.0,519.0,519.2,519.4,519.6,519.6,519.4,519.2,537.4,538.4,540.2,541.6,541.9,540.9,539.2,537.8,537.7,537.0,536.9,538.1,540.9,544.6,548.0,544.6,541.2,538.6,537.3,537.3,539.6,540.2,541.0,541.4,541.3,540.6,539.9,539.4,36.5,-2.8,651.7,0.209,-0.217,0.052,224.1,224.0,225.1,227.3,231.8,239.1,248.3,258.9,269.5,278.1,284.2,289.8,294.8,298.8,301.5,303.5,304.4,236.6,243.6,252.5,261.3,269.1,283.9,290.3,296.4,302.1,305.3,276.4,277.3,278.4,279.5,267.3,271.8,276.2,280.2,283.5,245.7,251.2,257.3,262.1,257.0,250.8,284.2,289.2,294.5,297.9,294.8,289.5,256.4,264.7,271.3,274.9,278.6,282.7,285.8,282.3,278.1,274.1,270.0,263.7,259.5,270.6,274.4,278.1,283.8,278.0,274.3,270.4,160.9,172.6,184.2,195.5,206.2,215.5,223.2,229.0,230.4,228.3,221.8,213.8,204.7,194.7,184.3,173.6,162.7,153.4,148.9,147.8,149.4,152.6,152.5,149.5,148.3,149.3,153.6,161.4,169.2,176.9,184.9,189.8,191.3,192.7,191.5,189.9,161.8,159.0,159.3,163.1,164.4,164.3,163.3,159.4,159.5,162.2,164.6,164.6,204.8,202.6,201.3,202.5,201.4,202.9,204.8,209.9,212.0,212.5,212.1,209.9,205.1,205.0,205.4,205.0,205.3,206.3,206.9,206.4,-44.6,-45.0,-43.5,-39.9,-31.9,-19.0,-3.0,15.3,33.6,49.0,61.0,72.3,82.1,89.2,93.9,97.4,98.9,-22.1,-10.5,4.0,18.2,30.8,55.4,66.7,77.9,88.9,95.8,43.0,44.1,45.5,46.7,28.0,35.3,42.6,49.3,55.1,-7.0,2.0,12.1,19.9,11.5,1.4,57.4,66.1,75.6,82.2,76.1,66.7,10.7,24.1,34.8,40.7,47.0,54.6,61.0,54.1,46.4,39.6,32.9,22.6,15.8,33.9,40.1,46.4,57.3,46.3,39.9,33.6,-46.0,-25.9,-5.7,14.0,32.7,48.9,61.9,71.2,73.8,71.2,61.2,47.7,31.5,13.3,-5.8,-25.3,-45.2,-56.0,-62.9,-64.2,-61.4,-56.3,-57.3,-62.9,-65.9,-65.2,-58.8,-42.5,-29.6,-16.9,-4.2,3.7,6.2,8.4,6.5,3.9,-42.3,-46.7,-46.4,-40.2,-38.0,-38.0,-40.6,-47.4,-47.6,-43.3,-38.9,-38.6,28.7,24.8,22.6,24.5,22.8,25.6,29.5,37.5,40.6,41.1,40.4,36.9,29.2,28.7,29.4,28.9,30.1,31.1,31.8,31.1,673.7,677.4,681.9,684.8,684.8,682.6,677.4,670.5,671.4,681.7,697.2,709.5,714.8,714.4,712.6,710.9,710.4,641.8,636.3,632.9,630.4,629.7,638.6,646.7,656.3,666.4,676.9,636.3,630.7,624.7,619.1,634.1,633.6,633.9,637.7,642.0,642.6,640.2,641.4,643.6,641.7,640.5,655.6,658.3,662.8,669.7,663.4,658.9,650.8,641.3,638.3,640.0,642.6,652.1,665.9,654.1,646.3,643.1,641.7,643.8,649.0,641.3,642.5,645.8,661.8,645.7,642.5,641.4,0.595,0.216,-0.285,0.066,271.779,185.612,-7.126,10.693,-12.562,15.72,4.914,1.541,-4.175,1.205,3.507,-1.273,0.547,0.854,-0.108,-2.278,-0.785,-0.135,0.1,1.155,-1.145,-0.722,0.427,-0.52,-0.123,-0.398,0.119,-0.024,0.08,0.049,-0.116,-0.003,-0.036,0.009,0.012,-0.001,0.23,0.0,0.0,0.41,0.0,0.0,0.0,0.0,0.0,0.55,0.0,0.0,0.0,0.0,0.0,0.0,0.0,0.0,1.0,0.0,1.0,0.0,0.0,0.0,0.0,0.0,0.0,0.0,0.0,0.0,0.0,0.0,0.0,1.0,0.0
PP133,g1,3286,0,0.975,0.219161,0.199711,-0.955031,0.067286,0.190895,-0.979302,0.147,0.199,250.4,251.8,255.0,258.1,259.3,258.1,254.7,251.6,246.0,248.1,251.1,254.6,257.9,260.4,262.0,260.0,257.1,254.0,250.9,248.1,253.4,254.8,256.1,256.7,256.2,254.9,253.5,252.9,287.4,288.4,291.0,293.9,295.2,294.2,291.5,288.4,284.3,286.3,288.9,292.2,294.9,296.8,297.8,296.7,294.9,292.5,289.6,286.6,289.9,291.1,292.3,292.7,292.2,290.9,289.8,289.3,160.4,157.3,156.0,157.5,160.7,164.1,165.0,163.6,161.7,160.0,158.9,158.5,159.2,160.8,162.9,163.9,164.2,164.3,163.9,163.1,162.0,162.6,162.1,160.7,159.3,158.7,159.2,160.6,161.0,157.9,156.6,157.8,160.8,163.9,165.2,164.2,163.1,161.0,159.5,158.9,159.4,160.5,162.2,163.6,164.4,164.7,164.5,164.1,162.3,162.9,162.3,161.0,159.6,159.1,159.7,161.0,0.6,2.4,6.7,10.8,12.4,10.8,6.3,2.2,-5.4,-2.5,1.4,6.1,10.5,13.9,16.1,13.3,9.5,5.3,1.1,-2.6,4.6,6.3,8.2,9.0,8.3,6.5,4.7,3.9,51.6,53.0,56.9,61.0,62.9,61.4,57.5,53.1,47.4,50.0,53.7,58.2,62.4,65.4,67.2,65.4,62.5,58.8,54.7,50.5,55.3,57.1,58.8,59.4,58.6,56.8,55.1,54.5,-36.1,-40.4,-42.0,-40.1,-35.8,-31.2,-29.9,-31.8,-34.7,-36.8,-38.0,-38.6,-37.6,-35.7,-33.0,-31.5,-31.0,-30.8,-31.4,-32.6,-34.1,-33.3,-34.0,-35.8,-37.7,-38.6,-37.8,-36.0,-36.6,-40.9,-42.9,-41.3,-37.1,-32.8,-30.8,-32.1,-33.7,-36.5,-38.6,-39.5,-39.0,-37.8,-35.5,-33.4,-32.2,-31.6,-31.7,-32.2,-34.9,-34.2,-35.0,-36.9,-38.7,-39.4,-38.6,-36.7,520.8,521.4,521.8,521.8,521.4,521.1,520.4,520.4,524.6,522.2,520.1,519.2,520.0,521.7,523.4,521.6,519.9,519.3,520.2,522.2,521.6,521.6,521.8,522.0,522.2,522.2,522.0,521.8,539.0,540.1,541.8,543.3,543.6,542.6,540.8,539.5,539.3,538.6,538.6,539.8,542.6,546.2,549.6,546.3,542.9,540.3,539.0,538.9,541.2,541.8,542.6,543.1,542.9,542.3,541.5,541.1,36.5,-3.2,653.5,0.212,-0.217,0.055,224.2,224.1,225.1,227.2,231.7,238.9,248.1,258.8,269.5,278.0,284.1,289.7,294.8,298.7,301.4,303.5,304.4,236.7,243.8,252.6,261.5,269.3,283.9,290.4,296.5,302.2,305.4,276.4,277.4,278.4,279.4,267.2,271.7,276.2,280.1,283.5,245.9,251.4,257.5,262.2,257.1,251.0,284.3,289.3,294.6,297.9,294.8,289.6,256.3,264.5,271.1,274.8,278.6,282.7,285.8,282.3,278.0,274.0,269.9,263.6,259.3,270.5,274.3,278.1,283.8,278.0,274.2,270.3,160.6,172.3,183.8,195.0,205.6,214.9,222.7,228.5,230.0,227.9,221.4,213.5,204.5,194.6,184.2,173.5,162.6,153.3,148.7,147.7,149.3,152.5,152.4,149.5,148.2,149.2,153.5,161.3,169.1,176.9,184.9,189.6,191.2,192.6,191.4,189.8,161.6,158.9,159.1,163.0,164.2,164.1,163.2,159.3,159.4,162.2,164.5,164.5,204.3,202.3,201.1,202.2,201.2,202.6,204.5,209.5,211.5,212.0,211.6,209.4,204.7,204.7,205.2,204.7,204.9,205.9,206.4,206.0,-44.6,-45.0,-43.6,-40.1,-32.2,-19.4,-3.3,15.2,33.5,49.0,61.1,72.4,82.2,89.3,94.1,97.6,99.1,-21.8,-10.2,4.3,18.5,31.1,55.6,67.0,78.2,89.2,96.1,43.2,44.3,45.6,46.8,28.0,35.3,42.6,49.3,55.2,-6.8,2.3,12.3,20.1,11.7,1.6,57.7,66.3,75.8,82.4,76.3,66.9,10.5,23.9,34.7,40.7,47.2,54.8,61.2,54.3,46.5,39.6,32.8,22.5,15.6,33.7,40.1,46.5,57.5,46.4,39.9,33.4,-46.5,-26.5,-6.5,13.2,31.9,48.1,61.2,70.6,73.2,70.7,60.7,47.3,31.2,13.0,-6.0,-25.5,-45.4,-56.4,-63.4,-64.6,-61.8,-56.6,-57.5,-63.1,-66.2,-65.4,-59.0,-42.8,-29.8,-17.0,-4.2,3.4,6.0,8.2,6.3,3.8,-42.7,-47.1,-46.7,-40.5,-38.4,-38.4,-40.9,-47.6,-47.8,-43.5,-39.2,-38.8,28.1,24.4,22.3,24.2,22.6,25.3,29.1,36.9,39.9,40.4,39.7,36.2,28.6,28.4,29.1,28.5,29.6,30.5,31.2,30.4,675.5,679.1,683.6,686.5,686.5,684.3,679.0,672.0,672.9,683.3,699.1,711.5,716.9,716.6,714.8,713.0,712.5,643.5,638.1,634.7,632.1,631.5,640.3,648.3,657.8,667.9,678.4,638.0,632.5,626.6,621.2,636.1,635.6,635.8,639.6,643.9,644.3,641.9,643.1,645.3,643.4,642.2,657.3,660.0,664.5,671.3,665.1,660.6,652.5,643.1,640.2,641.9,644.6,654.0,667.8,655.9,648.0,644.7,643.3,645.5,650.7,643.1,644.4,647.7,663.6,647.5,644.1,643.1,0.593,0.218,-0.286,0.07,271.773,185.375,-6.388,10.113,-12.833,14.518,4.626,2.303,-4.265,1.32,3.124,-0.785,0.385,0.608,-0.07,-1.9,-0.758,-0.075,0.017,1.419,-1.116,-0.82,0.341,-0.43,-0.081,-0.459,0.161,-0.064,0.045,0.05,-0.108,-0.01,-0.035,0.007,0.014,-0.001,0.16,0.0,0.0,0.64,0.0,0.0,0.02,0.0,0.0,0.52,0.0,0.0,0.0,0.0,0.0,0.0,0.0,0.0,1.0,0.0,1.0,0.0,0.0,0.0,0.0,0.0,0.0,0.0,0.0,0.0,0.0,0.0,0.0,1.0,0.0
PP133,g1,3292,0,0.975,0.222265,0.195219,-0.955242,0.071335,0.187659,-0.97964,0.151,0.195,250.1,251.4,254.6,257.7,258.9,257.7,254.4,251.3,245.7,247.8,250.7,254.2,257.5,260.0,261.7,259.6,256.8,253.6,250.5,247.7,253.0,254.4,255.8,256.4,255.8,254.5,253.1,252.5,286.9,287.8,290.5,293.3,294.6,293.7,291.0,287.9,283.8,285.8,288.4,291.6,294.4,296.2,297.3,296.2,294.4,292.0,289.1,286.1,289.4,290.6,291.8,292.2,291.7,290.4,289.3,288.8,160.4,157.2,156.0,157.4,160.6,164.0,165.0,163.6,161.7,160.0,158.9,158.4,159.2,160.7,162.8,163.9,164.2,164.3,163.9,163.1,161.9,162.5,162.0,160.6,159.2,158.6,159.2,160.5,160.8,157.7,156.4,157.6,160.6,163.7,165.0,164.0,162.9,160.8,159.3,158.7,159.2,160.3,162.0,163.4,164.1,164.4,164.3,163.9,162.1,162.6,162.1,160.7,159.4,158.9,159.5,160.8,0.1,1.9,6.1,10.3,11.9,10.3,5.8,1.7,-5.8,-3.0,0.9,5.6,10.0,13.4,15.6,12.9,9.0,4.8,0.7,-3.1,4.1,5.9,7.7,8.5,7.8,6.0,4.2,3.4,51.0,52.4,56.3,60.4,62.3,60.8,56.9,52.5,46.8,49.5,53.1,57.6,61.8,64.8,66.6,64.8,61.9,58.2,54.1,49.9,54.7,56.5,58.2,58.8,58.0,56.2,54.5,53.9,-36.2,-40.4,-42.1,-40.2,-35.9,-31.3,-30.0,-31.9,-34.7,-36.8,-38.1,-38.6,-37.7,-35.8,-33.1,-31.6,-31.0,-30.9,-31.4,-32.6,-34.2,-33.3,-34.1,-35.9,-37.8,-38.6,-37.9,-36.0,-37.0,-41.3,-43.3,-41.7,-37.5,-33.2,-31.2,-32.5,-34.1,-36.9,-38.9,-39.9,-39.5,-38.2,-36.0,-33.8,-32.5,-32.0,-32.1,-32.6,-35.2,-34.5,-35.4,-37.3,-39.1,-39.8,-39.0,-37.1,521.0,521.5,521.9,521.9,521.5,521.2,520.6,520.6,524.8,522.4,520.3,519.4,520.2,521.8,523.6,521.8,520.0,519.5,520.4,522.4,521.8,521.8,521.9,522.2,522.4,522.4,522.2,522.0,540.1,541.1,542.9,544.4,544.7,543.6,541.9,540.5,540.3,539.7,539.6,540.8,543.7,547.3,550.7,547.4,543.9,541.4,540.0,540.0,542.3,542.9,543.7,544.1,544.0,543.4,542.6,542.1,36.2,-3.5,654.1,0.204,-0.221,0.047,223.7,223.7,224.8,227.1,231.6,239.0,248.2,259.0,269.6,278.1,284.2,289.7,294.6,298.4,301.0,303.0,303.8,236.3,243.2,252.1,260.9,268.7,283.5,289.8,295.9,301.6,304.7,276.0,277.0,278.1,279.2,267.1,271.6,276.0,279.9,283.2,245.5,251.0,257.1,261.8,256.7,250.6,283.8,288.8,294.1,297.4,294.3,289.1,256.5,264.7,271.2,274.7,278.5,282.5,285.6,282.2,278.1,274.1,270.1,263.9,259.6,270.6,274.3,278.0,283.6,278.0,274.2,270.4,160.7,172.4,184.0,195.2,205.8,215.1,222.8,228.5,229.9,227.7,221.2,213.2,204.2,194.3,183.9,173.3,162.4,153.4,148.7,147.6,149.2,152.3,152.2,149.3,148.0,149.0,153.3,161.1,168.9,176.6,184.5,189.4,190.9,192.2,191.0,189.5,161.6,158.8,159.0,162.9,164.2,164.1,163.0,159.1,159.2,161.9,164.3,164.3,204.4,202.1,200.8,201.9,200.8,202.3,204.3,209.2,211.2,211.7,211.4,209.3,204.6,204.5,204.8,204.4,204.7,205.6,206.1,205.7,-45.5,-45.8,-44.1,-40.4,-32.3,-19.3,-3.1,15.5,33.8,49.3,61.2,72.4,81.9,88.8,93.5,96.9,98.3,-22.7,-11.1,3.4,17.7,30.3,55.0,66.2,77.4,88.4,95.2,42.6,43.8,45.2,46.5,27.8,35.1,42.4,49.1,54.8,-7.4,1.7,11.7,19.5,11.1,1.0,57.0,65.6,75.1,81.6,75.6,66.2,10.9,24.2,34.7,40.7,47.0,54.5,60.8,54.1,46.6,39.8,33.1,22.9,16.0,33.9,40.1,46.5,57.1,46.4,40.0,33.6,-46.4,-26.3,-6.1,13.6,32.3,48.4,61.4,70.6,73.1,70.4,60.4,46.9,30.7,12.5,-6.6,-26.0,-45.9,-56.3,-63.4,-64.9,-62.1,-57.0,-58.0,-63.6,-66.7,-66.0,-59.5,-43.1,-30.2,-17.5,-4.8,3.1,5.6,7.7,5.8,3.2,-42.8,-47.2,-46.9,-40.7,-38.5,-38.5,-41.3,-48.0,-48.3,-44.0,-39.6,-39.3,28.2,24.1,21.8,23.7,22.0,24.8,28.7,36.5,39.4,40.0,39.3,36.0,28.6,27.9,28.6,28.0,29.2,30.0,30.8,30.0,676.5,680.2,684.6,687.4,687.2,684.9,679.5,672.5,673.5,684.0,699.8,712.2,717.7,717.3,715.5,713.8,713.2,644.3,638.9,635.5,633.0,632.4,641.4,649.5,659.0,669.2,679.6,639.1,633.5,627.5,622.0,636.7,636.3,636.5,640.3,644.6,645.1,642.7,643.9,646.2,644.2,643.0,658.4,661.1,665.6,672.5,666.2,661.7,652.7,643.4,640.6,642.3,645.0,654.3,668.1,656.1,648.3,645.1,643.6,645.7,650.9,643.5,644.8,648.1,663.8,647.9,644.5,643.5,0.593,0.211,-0.289,0.061,271.552,185.207,-5.484,11.207,-13.569,14.807,4.214,1.66,-3.975,1.515,3.153,-1.619,0.173,0.613,0.011,-1.876,-0.324,-0.407,0.134,1.232,-1.098,-0.688,0.388,-0.381,-0.215,-0.586,0.201,0.05,0.073,0.045,-0.102,-0.015,-0.031,0.002,0.013,-0.006,0.09,0.0,0.0,0.91,0.0,0.0,0.0,0.0,0.0,0.54,0.0,0.0,0.0,0.0,0.0,0.0,0.0,0.0,1.0,0.0,1.0,0.0,0.0,0.0,0.0,0.0,0.0,0.0,0.0,0.0,0.0,0.0,0.0,1.0,0.0
PP133,g1,3298,0,0.925,0.227402,0.190301,-0.955026,0.078615,0.184819,-0.979623,0.157,0.192,250.0,251.4,254.5,257.6,258.8,257.7,254.3,251.3,245.6,247.7,250.6,254.1,257.5,260.0,261.6,259.6,256.8,253.6,250.5,247.7,253.0,254.4,255.7,256.3,255.8,254.4,253.1,252.5,286.7,287.7,290.3,293.1,294.5,293.5,290.9,287.8,283.7,285.7,288.3,291.5,294.2,296.0,297.1,296.0,294.3,291.9,289.0,286.0,289.3,290.5,291.6,292.1,291.5,290.2,289.1,288.7,160.5,157.3,156.0,157.4,160.6,164.0,165.0,163.7,161.8,160.1,159.0,158.5,159.2,160.7,162.8,163.9,164.2,164.3,164.0,163.2,162.0,162.6,162.0,160.7,159.3,158.7,159.2,160.6,160.5,157.5,156.2,157.3,160.4,163.4,164.7,163.8,162.7,160.6,159.1,158.4,158.9,160.0,161.7,163.1,163.9,164.2,164.1,163.7,161.9,162.4,161.8,160.5,159.2,158.6,159.2,160.6,0.0,1.8,6.0,10.1,11.8,10.3,5.8,1.7,-5.9,-3.1,0.8,5.4,10.0,13.3,15.6,12.8,9.0,4.8,0.6,-3.1,4.0,5.8,7.7,8.5,7.7,5.9,4.1,3.3,50.9,52.3,56.2,60.3,62.2,60.8,56.9,52.5,46.8,49.4,53.0,57.6,61.7,64.7,66.5,64.7,61.9,58.2,54.1,49.9,54.7,56.4,58.1,58.8,57.9,56.2,54.5,53.8,-36.0,-40.3,-42.0,-40.2,-35.8,-31.3,-29.9,-31.7,-34.5,-36.6,-38.0,-38.5,-37.7,-35.8,-33.1,-31.6,-31.0,-30.8,-31.2,-32.4,-34.0,-33.2,-34.0,-35.8,-37.7,-38.5,-37.8,-35.9,-37.4,-41.7,-43.7,-42.2,-38.0,-33.6,-31.7,-32.9,-34.5,-37.3,-39.4,-40.4,-39.9,-38.7,-36.5,-34.3,-33.0,-32.4,-32.5,-33.0,-35.7,-35.0,-35.8,-37.8,-39.6,-40.3,-39.4,-37.5,520.6,521.1,521.5,521.5,521.1,520.8,520.2,520.2,524.4,522.0,519.8,518.9,519.8,521.4,523.1,521.4,519.6,519.1,520.0,522.0,521.4,521.4,521.5,521.7,521.9,521.9,521.8,521.5,541.8,542.8,544.6,546.1,546.4,545.4,543.6,542.2,542.0,541.4,541.3,542.5,545.4,549.0,552.4,549.1,545.7,543.1,541.7,541.6,544.0,544.6,545.4,545.8,545.7,545.0,544.3,543.8,36.5,-3.6,653.8,0.196,-0.23,0.039,223.6,223.6,224.9,227.2,231.9,239.3,248.7,259.5,270.2,278.6,284.5,289.8,294.6,298.3,300.8,302.8,303.6,236.2,243.2,252.0,260.8,268.6,283.3,289.6,295.6,301.3,304.4,275.9,277.0,278.3,279.4,267.4,271.9,276.3,280.2,283.4,245.5,250.9,257.0,261.8,256.7,250.6,283.7,288.6,293.9,297.2,294.2,289.0,257.4,265.4,271.8,275.3,278.9,282.9,285.7,282.6,278.6,274.7,270.8,264.7,260.5,271.2,274.8,278.4,283.8,278.4,274.8,271.1,161.0,172.7,184.3,195.5,206.2,215.4,223.1,228.7,230.0,227.7,221.2,213.2,204.1,194.2,183.8,173.1,162.2,153.6,148.8,147.7,149.2,152.3,152.1,149.1,147.8,148.7,153.0,161.0,168.7,176.3,184.1,189.2,190.7,191.9,190.7,189.1,161.7,158.9,159.1,162.9,164.2,164.2,162.8,158.9,158.9,161.6,164.0,164.1,204.7,202.2,200.6,201.7,200.6,202.1,204.3,209.2,211.2,211.7,211.4,209.5,204.9,204.4,204.7,204.2,204.7,205.5,206.1,205.7,-45.7,-45.8,-44.0,-40.0,-31.8,-18.7,-2.3,16.4,34.8,50.1,61.8,72.7,82.0,88.6,93.1,96.5,97.8,-22.7,-11.2,3.3,17.6,30.2,54.7,65.9,77.0,87.9,94.8,42.5,43.8,45.4,46.9,28.4,35.6,42.9,49.4,55.1,-7.4,1.5,11.6,19.5,11.1,1.0,56.8,65.3,74.8,81.3,75.4,66.0,12.3,25.4,35.7,41.5,47.7,55.0,61.0,54.7,47.4,40.8,34.2,24.2,17.4,34.9,41.0,47.1,57.3,47.1,40.9,34.7,-45.9,-25.8,-5.6,14.1,32.8,48.9,61.8,70.9,73.2,70.4,60.4,46.9,30.6,12.2,-6.9,-26.4,-46.3,-55.9,-63.2,-64.7,-62.0,-57.0,-58.2,-63.9,-67.1,-66.5,-60.0,-43.3,-30.5,-18.1,-5.4,2.8,5.3,7.2,5.3,2.7,-42.5,-47.0,-46.9,-40.8,-38.4,-38.3,-41.7,-48.4,-48.8,-44.6,-40.1,-39.6,28.7,24.2,21.5,23.3,21.6,24.5,28.8,36.4,39.4,40.0,39.4,36.4,29.0,27.8,28.4,27.8,29.3,29.8,30.6,30.0,675.7,679.4,683.8,686.6,686.5,684.2,678.9,672.1,673.2,683.9,699.7,712.3,717.9,717.4,715.6,713.9,713.3,643.8,638.5,635.3,633.0,632.6,641.6,649.8,659.5,669.7,680.2,639.2,633.5,627.4,621.8,636.3,636.0,636.3,640.1,644.5,644.8,642.5,643.8,646.1,644.1,642.8,658.6,661.3,666.1,673.0,666.6,662.0,651.8,642.4,639.8,641.6,644.3,653.6,667.3,655.4,647.8,644.6,643.1,644.9,650.0,642.9,644.1,647.4,662.9,647.3,644.0,642.9,0.593,0.203,-0.299,0.052,271.735,185.169,-4.709,11.524,-14.693,16.099,3.158,0.293,-3.33,2.091,3.634,-2.777,0.327,0.495,-0.132,-2.113,-0.15,-0.346,0.042,1.066,-0.848,-0.57,0.625,-0.341,-0.293,-0.724,0.283,0.146,0.127,0.047,-0.113,-0.02,-0.033,-0.008,0.013,-0.002,0.24,0.0,0.0,0.12,0.0,0.0,0.0,0.0,0.0,0.22,0.0,0.0,0.0,0.0,0.0,0.0,0.0,0.0,1.0,0.0,1.0,0.0,0.0,0.0,0.0,0.0,0.0,0.0,0.0,0.0,0.0,0.0,0.0,1.0,0.0
PP133,g1,3304,0,0.975,0.231641,0.204813,-0.950996,0.076201,0.198034,-0.977229,0.158,0.206,250.3,251.7,254.8,257.9,259.1,257.9,254.6,251.5,245.8,248.0,250.9,254.4,257.8,260.2,261.8,259.8,257.0,253.8,250.7,247.9,253.3,254.6,256.0,256.6,256.1,254.7,253.3,252.7,287.0,288.0,290.6,293.4,294.7,293.7,291.1,288.0,284.0,285.9,288.5,291.7,294.5,296.3,297.3,296.3,294.5,292.1,289.2,286.2,289.5,290.7,291.9,292.3,291.7,290.5,289.4,288.9,160.5,157.3,156.1,157.5,160.8,164.2,165.1,163.7,161.8,160.1,159.0,158.6,159.3,160.8,162.9,164.0,164.3,164.4,164.0,163.2,162.0,162.7,162.1,160.8,159.4,158.7,159.3,160.6,160.9,157.8,156.5,157.7,160.7,163.8,165.1,164.1,163.0,160.9,159.5,158.8,159.3,160.3,162.0,163.4,164.2,164.5,164.4,164.0,162.2,162.7,162.2,160.8,159.5,159.0,159.6,160.9,0.4,2.2,6.4,10.6,12.2,10.6,6.1,2.0,-5.6,-2.7,1.2,5.9,10.4,13.7,15.9,13.1,9.3,5.1,0.9,-2.8,4.3,6.1,8.0,8.8,8.1,6.3,4.5,3.7,51.6,53.0,56.9,61.0,62.8,61.4,57.5,53.1,47.4,50.0,53.7,58.2,62.4,65.4,67.2,65.3,62.4,58.8,54.7,50.5,55.3,57.1,58.8,59.4,58.6,56.8,55.1,54.5,-36.1,-40.3,-42.0,-40.1,-35.7,-31.2,-29.9,-31.8,-34.6,-36.7,-38.0,-38.5,-37.6,-35.7,-33.0,-31.5,-30.9,-30.8,-31.3,-32.5,-34.0,-33.2,-33.9,-35.8,-37.7,-38.5,-37.8,-35.9,-37.1,-41.4,-43.4,-41.8,-37.6,-33.3,-31.4,-32.6,-34.2,-37.0,-39.1,-40.1,-39.6,-38.4,-36.2,-34.0,-32.7,-32.1,-32.2,-32.7,-35.4,-34.7,-35.5,-37.4,-39.3,-40.0,-39.1,-37.2,521.5,522.1,522.5,522.6,522.2,522.0,521.3,521.2,525.3,522.9,520.8,520.0,520.9,522.5,524.4,522.6,520.7,520.1,520.9,522.9,522.4,522.4,522.6,522.9,523.0,523.0,522.8,522.5,544.5,545.4,547.2,548.7,549.1,548.1,546.3,544.9,544.7,544.0,544.0,545.2,548.0,551.7,555.1,551.8,548.4,545.8,544.5,544.4,546.7,547.3,548.1,548.5,548.3,547.7,546.9,546.5,36.4,-3.7,655.8,0.217,-0.231,0.052,223.7,223.6,224.6,226.8,231.4,238.7,248.0,258.7,269.2,277.7,283.8,289.4,294.4,298.2,300.9,302.9,303.8,236.5,243.6,252.5,261.4,269.2,283.6,290.0,296.0,301.7,304.8,276.3,277.2,278.4,279.4,267.3,271.7,276.2,280.0,283.3,245.7,251.2,257.3,262.0,256.9,250.8,284.0,288.9,294.1,297.4,294.4,289.2,256.9,265.0,271.4,274.9,278.5,282.5,285.3,282.1,278.0,274.1,270.2,264.0,259.9,270.8,274.4,278.0,283.4,277.9,274.3,270.6,160.5,172.1,183.6,194.8,205.3,214.5,222.2,227.9,229.4,227.2,220.6,212.6,203.7,193.8,183.5,172.9,162.1,153.4,148.8,147.8,149.4,152.6,152.4,149.5,148.2,149.1,153.4,161.4,169.0,176.6,184.4,189.3,190.8,192.1,190.9,189.4,161.7,159.0,159.2,163.0,164.3,164.2,163.1,159.2,159.3,162.0,164.4,164.4,204.4,202.1,200.6,201.8,200.7,202.2,204.3,209.2,211.3,211.7,211.4,209.3,204.6,204.4,204.7,204.3,204.7,205.5,206.1,205.7,-45.6,-46.0,-44.5,-40.8,-32.8,-19.8,-3.5,15.0,33.3,48.7,60.7,72.0,81.7,88.8,93.6,97.1,98.5,-22.2,-10.5,4.1,18.4,31.1,55.3,66.6,77.8,88.8,95.6,43.1,44.3,45.7,47.0,28.3,35.5,42.7,49.3,55.1,-7.1,2.0,12.1,19.9,11.5,1.4,57.4,65.9,75.4,81.9,75.9,66.5,11.5,24.7,35.2,41.0,47.2,54.5,60.6,54.0,46.6,39.9,33.3,23.3,16.6,34.3,40.4,46.6,56.8,46.5,40.2,34.0,-46.7,-26.8,-6.8,12.8,31.4,47.5,60.5,69.9,72.4,69.7,59.5,46.0,29.8,11.6,-7.4,-26.8,-46.5,-56.3,-63.3,-64.6,-61.8,-56.6,-57.7,-63.3,-66.5,-65.9,-59.5,-42.8,-30.0,-17.6,-5.0,2.9,5.4,7.5,5.6,3.1,-42.7,-47.0,-46.7,-40.6,-38.3,-38.4,-41.2,-47.9,-48.2,-44.0,-39.6,-39.2,28.3,24.0,21.6,23.5,21.8,24.7,28.8,36.6,39.6,40.1,39.4,36.1,28.6,27.9,28.5,27.9,29.3,30.0,30.8,30.1,676.8,680.6,685.2,688.2,688.4,686.4,681.4,674.9,676.1,686.5,702.1,714.4,719.9,719.6,718.0,716.4,715.8,644.6,639.3,636.0,633.8,633.4,642.5,650.8,660.5,670.9,681.5,640.3,634.9,629.0,623.7,638.1,637.9,638.3,642.1,646.3,645.8,643.4,644.7,647.1,645.1,643.8,659.8,662.5,667.2,674.3,667.9,663.2,654.1,644.9,642.1,643.8,646.5,656.0,669.8,658.2,650.6,647.4,645.9,647.7,652.4,645.2,646.5,649.8,665.6,649.8,646.5,645.4,0.591,0.223,-0.299,0.067,271.602,185.117,-4.258,10.711,-13.936,14.296,4.857,-0.449,-3.327,0.879,3.606,-1.694,0.699,0.982,-0.025,-1.964,-0.377,-0.43,0.051,0.762,-0.961,-0.68,0.522,-0.429,0.018,-0.569,0.26,-0.001,0.107,0.074,-0.106,-0.007,-0.022,0.009,0.013,-0.005,0.2,0.0,0.0,0.47,0.0,0.0,0.0,0.0,0.0,0.3,0.0,0.0,0.0,0.0,0.0,0.0,0.0,0.0,1.0,0.0,1.0,0.0,0.0,0.0,0.0,0.0,0.0,0.0,0.0,0.0,0.0,0.0,0.0,1.0,0.0
PP133,g1,3310,0,0.975,0.230934,0.197934,-0.952623,0.076516,0.192071,-0.978394,0.158,0.199,250.3,251.6,254.8,257.9,259.1,257.9,254.5,251.5,245.8,247.9,250.9,254.4,257.7,260.2,261.8,259.8,257.0,253.8,250.7,247.9,253.2,254.6,256.0,256.6,256.0,254.7,253.3,252.7,287.0,287.9,290.6,293.4,294.7,293.7,291.1,288.0,284.0,285.9,288.5,291.7,294.4,296.3,297.3,296.2,294.5,292.1,289.2,286.2,289.5,290.7,291.9,292.3,291.7,290.5,289.3,288.9,160.3,157.1,155.9,157.3,160.5,163.9,164.9,163.5,161.6,159.9,158.8,158.4,159.1,160.6,162.7,163.8,164.1,164.2,163.9,163.0,161.9,162.5,161.9,160.6,159.2,158.5,159.1,160.4,160.6,157.6,156.3,157.5,160.5,163.5,164.8,163.9,162.7,160.7,159.2,158.5,159.0,160.1,161.8,163.2,164.0,164.3,164.2,163.8,162.0,162.5,161.9,160.6,159.3,158.8,159.3,160.7,0.3,2.2,6.4,10.5,12.1,10.5,6.1,1.9,-5.6,-2.8,1.2,5.8,10.3,13.6,15.9,13.1,9.3,5.1,0.9,-2.8,4.3,6.1,8.0,8.8,8.1,6.3,4.4,3.6,51.5,52.9,56.8,60.9,62.8,61.3,57.4,53.0,47.3,50.0,53.6,58.2,62.3,65.3,67.1,65.3,62.4,58.8,54.6,50.5,55.2,57.0,58.7,59.4,58.5,56.8,55.1,54.4,-36.3,-40.5,-42.2,-40.3,-36.0,-31.4,-30.1,-32.0,-34.8,-36.9,-38.2,-38.7,-37.8,-35.9,-33.3,-31.7,-31.1,-31.0,-31.5,-32.7,-34.2,-33.4,-34.2,-36.0,-37.9,-38.7,-38.0,-36.1,-37.4,-41.8,-43.7,-42.2,-38.0,-33.6,-31.7,-32.9,-34.5,-37.3,-39.4,-40.4,-39.9,-38.7,-36.5,-34.3,-33.0,-32.4,-32.5,-33.0,-35.7,-35.0,-35.9,-37.8,-39.6,-40.3,-39.4,-37.5,520.8,521.4,521.8,521.8,521.5,521.2,520.5,520.5,524.6,522.2,520.1,519.3,520.1,521.8,523.6,521.8,520.0,519.4,520.3,522.2,521.7,521.7,521.9,522.1,522.3,522.3,522.1,521.8,544.4,545.4,547.1,548.6,549.0,548.0,546.2,544.8,544.7,544.0,543.9,545.1,548.0,551.6,555.0,551.7,548.3,545.7,544.4,544.3,546.6,547.2,548.0,548.4,548.3,547.6,546.9,546.4,36.6,-4.0,655.9,0.206,-0.232,0.048,223.8,223.7,224.8,227.1,231.6,239.0,248.3,259.0,269.6,278.0,284.0,289.5,294.4,298.2,300.9,303.0,303.8,236.5,243.5,252.4,261.2,268.9,283.6,289.9,296.0,301.6,304.8,276.2,277.2,278.4,279.5,267.4,271.9,276.3,280.1,283.4,245.7,251.2,257.3,262.0,256.9,250.8,283.9,288.8,294.1,297.4,294.4,289.2,257.2,265.3,271.7,275.2,278.8,282.7,285.6,282.4,278.4,274.5,270.6,264.4,260.3,271.0,274.7,278.3,283.6,278.3,274.6,270.9,160.6,172.2,183.6,194.8,205.3,214.5,222.1,227.8,229.2,227.1,220.7,212.8,203.9,194.0,183.6,172.9,162.1,153.2,148.6,147.6,149.2,152.3,152.1,149.2,147.9,148.8,153.1,161.1,168.7,176.2,184.0,189.0,190.5,191.8,190.6,189.0,161.5,158.8,159.0,162.8,164.1,164.0,162.8,159.0,159.0,161.7,164.1,164.2,204.2,201.8,200.3,201.4,200.3,201.9,204.0,208.9,211.0,211.4,211.1,209.1,204.5,204.1,204.4,204.0,204.4,205.2,205.8,205.4,-45.5,-45.8,-44.1,-40.4,-32.3,-19.3,-3.0,15.6,33.9,49.2,61.0,72.2,81.9,88.9,93.7,97.2,98.6,-22.2,-10.6,3.9,18.1,30.7,55.4,66.6,77.8,88.7,95.6,42.9,44.2,45.7,47.1,28.5,35.7,43.0,49.5,55.3,-7.1,2.0,12.0,19.9,11.5,1.4,57.4,65.9,75.4,81.9,75.9,66.5,12.1,25.2,35.6,41.5,47.7,54.9,61.0,54.6,47.2,40.5,34.0,23.9,17.2,34.7,40.8,47.0,57.2,47.0,40.7,34.5,-46.7,-26.7,-6.8,12.8,31.4,47.4,60.3,69.6,72.2,69.6,59.7,46.3,30.2,11.9,-7.2,-26.7,-46.6,-56.7,-63.7,-65.0,-62.3,-57.2,-58.2,-63.9,-67.0,-66.4,-60.1,-43.3,-30.6,-18.2,-5.6,2.5,4.9,7.0,5.1,2.5,-43.0,-47.4,-47.1,-41.0,-38.7,-38.7,-41.7,-48.4,-48.7,-44.5,-40.0,-39.6,28.0,23.6,21.0,22.9,21.2,24.1,28.3,36.0,39.0,39.6,39.0,35.8,28.3,27.4,28.0,27.4,28.8,29.5,30.2,29.5,677.0,680.7,685.1,688.0,688.1,686.1,680.9,674.4,675.5,686.1,701.8,714.5,720.2,720.0,718.3,716.7,716.1,645.1,639.8,636.7,634.4,634.0,643.1,651.4,661.1,671.4,681.8,640.8,635.3,629.3,623.9,638.2,638.0,638.4,642.1,646.5,646.4,644.0,645.3,647.7,645.7,644.4,660.2,663.0,667.7,674.8,668.4,663.7,653.9,644.5,641.8,643.6,646.3,655.7,669.5,657.8,650.1,646.9,645.4,647.2,652.1,644.9,646.2,649.5,665.2,649.4,646.2,645.0,0.591,0.212,-0.301,0.063,271.729,184.917,-3.82,9.98,-14.316,14.493,4.106,-0.469,-3.244,1.979,3.463,-2.434,0.377,0.811,0.07,-2.12,-0.232,-0.479,0.073,0.683,-0.939,-0.713,0.539,-0.362,-0.212,-0.66,0.28,0.119,0.098,0.062,-0.105,-0.012,-0.03,0.003,0.015,-0.006,0.03,0.0,0.0,0.33,0.0,0.0,0.0,0.0,0.0,0.26,0.0,0.0,0.0,0.0,0.0,0.0,0.0,0.0,1.0,0.0,1.0,0.0,0.0,0.0,0.0,0.0,0.0,0.0,0.0,0.0,0.0,0.0,0.0,1.0,0.0
PP133,g1,3316,0,0.925,0.227974,0.186248,-0.955688,0.080388,0.181106,-0.980173,0.158,0.188,250.6,251.9,255.1,258.2,259.4,258.3,254.9,251.8,246.2,248.3,251.2,254.7,258.1,260.6,262.2,260.2,257.3,254.2,251.1,248.2,253.6,254.9,256.3,256.9,256.4,255.0,253.6,253.1,287.3,288.2,290.9,293.7,295.0,294.0,291.4,288.3,284.3,286.2,288.8,292.0,294.7,296.6,297.6,296.6,294.8,292.4,289.5,286.6,289.8,291.0,292.2,292.6,292.0,290.8,289.6,289.2,160.6,157.4,156.1,157.5,160.7,164.2,165.2,163.8,161.9,160.2,159.1,158.6,159.3,160.8,162.9,164.0,164.3,164.5,164.1,163.4,162.1,162.7,162.2,160.8,159.4,158.8,159.3,160.7,160.8,157.7,156.4,157.6,160.6,163.7,165.0,164.0,162.9,160.8,159.3,158.7,159.1,160.2,162.0,163.4,164.1,164.4,164.3,163.9,162.1,162.6,162.1,160.7,159.4,158.9,159.5,160.8,0.8,2.6,6.8,10.9,12.6,11.0,6.6,2.4,-5.1,-2.3,1.6,6.2,10.7,14.1,16.4,13.6,9.8,5.5,1.4,-2.3,4.8,6.6,8.4,9.2,8.5,6.7,4.9,4.1,51.8,53.2,57.1,61.2,63.1,61.6,57.7,53.3,47.7,50.3,53.9,58.5,62.6,65.6,67.4,65.6,62.7,59.1,55.0,50.8,55.5,57.3,59.0,59.6,58.8,57.0,55.3,54.7,-35.8,-40.1,-41.8,-39.9,-35.6,-31.1,-29.7,-31.5,-34.3,-36.4,-37.7,-38.3,-37.5,-35.6,-32.9,-31.3,-30.8,-30.6,-31.0,-32.2,-33.8,-33.0,-33.8,-35.6,-37.5,-38.3,-37.6,-35.7,-37.2,-41.5,-43.5,-41.9,-37.7,-33.4,-31.4,-32.7,-34.2,-37.1,-39.1,-40.2,-39.7,-38.4,-36.2,-34.0,-32.7,-32.1,-32.2,-32.7,-35.4,-34.7,-35.6,-37.5,-39.3,-40.0,-39.1,-37.3,519.8,520.3,520.7,520.7,520.3,520.0,519.4,519.4,523.6,521.2,519.0,518.1,519.0,520.6,522.3,520.6,518.8,518.3,519.2,521.2,520.6,520.6,520.7,521.0,521.1,521.1,521.0,520.7,543.0,544.1,545.9,547.3,547.7,546.6,544.8,543.5,543.3,542.6,542.6,543.8,546.7,550.3,553.7,550.4,546.9,544.3,543.0,542.9,545.2,545.9,546.6,547.1,547.0,546.3,545.5,545.1,37.5,-3.3,653.2,0.188,-0.233,0.04,224.2,224.2,225.5,227.8,232.4,239.8,249.1,260.0,270.6,279.0,284.8,290.1,294.9,298.6,301.2,303.2,304.0,236.7,243.6,252.6,261.4,269.2,283.9,290.2,296.2,301.9,304.9,276.5,277.7,278.9,280.1,268.1,272.5,277.0,280.8,284.1,246.1,251.5,257.6,262.4,257.3,251.2,284.3,289.1,294.4,297.7,294.7,289.5,258.3,266.2,272.5,276.0,279.6,283.5,286.3,283.3,279.3,275.5,271.6,265.5,261.4,271.9,275.5,279.1,284.3,279.1,275.5,271.8,161.1,172.9,184.4,195.7,206.3,215.6,223.3,229.0,230.3,228.1,221.7,213.8,204.7,194.7,184.2,173.5,162.6,153.7,148.9,147.8,149.3,152.4,152.2,149.3,148.0,149.0,153.4,161.2,168.8,176.4,184.2,189.3,190.8,192.1,190.9,189.3,161.8,159.0,159.2,163.0,164.3,164.3,163.0,159.1,159.2,161.9,164.3,164.3,205.0,202.4,200.8,201.8,200.7,202.3,204.6,209.4,211.4,211.9,211.6,209.7,205.2,204.6,204.9,204.4,205.0,205.6,206.2,205.8,-44.6,-44.7,-42.9,-39.0,-30.8,-17.8,-1.5,17.2,35.5,50.7,62.3,73.1,82.4,89.2,93.8,97.3,98.6,-21.9,-10.4,4.1,18.4,31.1,55.7,66.9,78.1,88.9,95.7,43.4,44.8,46.4,47.9,29.4,36.6,43.9,50.4,56.1,-6.5,2.5,12.5,20.5,12.1,2.0,57.7,66.2,75.7,82.2,76.3,66.9,13.7,26.6,36.8,42.6,48.7,55.9,61.8,55.7,48.5,41.9,35.4,25.6,18.9,36.0,42.1,48.2,58.1,48.2,42.0,35.8,-45.5,-25.4,-5.3,14.3,33.0,49.1,62.0,71.2,73.7,71.0,61.2,47.8,31.6,13.2,-6.0,-25.6,-45.6,-55.6,-63.0,-64.5,-61.9,-56.8,-57.9,-63.5,-66.7,-66.0,-59.4,-43.0,-30.3,-17.8,-5.3,3.0,5.4,7.4,5.5,2.9,-42.3,-46.8,-46.6,-40.5,-38.2,-38.1,-41.3,-48.1,-48.3,-44.1,-39.7,-39.2,29.1,24.4,21.7,23.5,21.8,24.8,29.2,36.7,39.6,40.2,39.6,36.6,29.3,28.0,28.6,28.0,29.6,30.0,30.8,30.1,674.8,678.5,682.8,685.5,685.4,683.0,677.7,671.0,672.1,683.0,698.9,711.8,717.6,717.4,715.7,713.9,713.3,643.4,638.1,634.8,632.6,632.1,641.3,649.7,659.5,669.8,680.4,638.8,633.0,626.8,621.1,635.5,635.2,635.5,639.4,643.8,644.3,642.0,643.4,645.7,643.7,642.4,658.3,661.2,666.0,673.0,666.5,661.8,650.6,641.2,638.8,640.5,643.2,652.5,666.2,654.4,646.8,643.6,642.1,643.7,648.8,641.8,643.1,646.4,661.8,646.3,643.0,641.9,0.593,0.196,-0.305,0.054,272.322,185.379,-3.378,10.912,-14.96,16.965,2.731,-0.118,-3.228,2.601,4.028,-3.394,0.026,0.365,0.057,-2.034,0.223,-0.639,-0.08,0.725,-0.84,-0.532,0.599,-0.341,-0.377,-0.843,0.294,0.236,0.124,0.066,-0.116,-0.02,-0.036,-0.009,0.015,0.003,0.42,0.0,0.0,0.66,0.0,0.0,0.0,0.0,0.0,0.33,0.0,0.0,0.0,0.0,0.0,0.0,0.0,0.0,1.0,0.0,1.0,0.0,0.0,0.0,0.0,0.0,0.0,0.0,0.0,0.0,0.0,0.0,0.0,1.0,0.0
PP133,g1,3322,0,0.975,0.234517,0.198974,-0.951531,0.078286,0.192301,-0.978208,0.161,0.2,251.1,252.5,255.7,258.7,259.9,258.8,255.4,252.3,246.6,248.8,251.7,255.3,258.6,261.1,262.7,260.7,257.8,254.7,251.5,248.7,254.1,255.4,256.8,257.4,256.9,255.5,254.2,253.6,287.9,288.9,291.5,294.3,295.6,294.6,292.0,288.9,284.9,286.8,289.5,292.6,295.4,297.2,298.2,297.2,295.4,293.0,290.1,287.2,290.4,291.6,292.8,293.2,292.7,291.4,290.3,289.9,160.6,157.5,156.2,157.7,160.9,164.3,165.3,163.8,161.9,160.2,159.2,158.7,159.4,161.0,163.1,164.1,164.5,164.5,164.2,163.4,162.2,162.8,162.3,160.9,159.5,158.9,159.4,160.8,161.1,158.0,156.7,157.9,161.0,164.0,165.3,164.3,163.2,161.1,159.7,159.0,159.5,160.6,162.3,163.7,164.5,164.8,164.6,164.2,162.4,163.0,162.4,161.1,159.7,159.2,159.8,161.1,1.5,3.3,7.5,11.6,13.2,11.7,7.2,3.1,-4.5,-1.6,2.3,7.0,11.4,14.8,17.0,14.2,10.4,6.2,2.0,-1.7,5.4,7.2,9.1,9.9,9.2,7.4,5.5,4.7,52.8,54.3,58.2,62.3,64.1,62.6,58.7,54.3,48.7,51.3,55.0,59.5,63.6,66.6,68.5,66.6,63.7,60.1,55.9,51.8,56.6,58.3,60.0,60.7,59.9,58.1,56.4,55.7,-35.7,-40.0,-41.6,-39.7,-35.4,-30.9,-29.5,-31.4,-34.3,-36.4,-37.6,-38.2,-37.3,-35.3,-32.7,-31.1,-30.6,-30.4,-31.0,-32.2,-33.7,-32.9,-33.6,-35.4,-37.3,-38.2,-37.4,-35.6,-36.8,-41.1,-43.1,-41.5,-37.3,-33.0,-31.1,-32.3,-33.9,-36.7,-38.8,-39.8,-39.3,-38.0,-35.8,-33.6,-32.3,-31.8,-31.9,-32.4,-35.1,-34.4,-35.2,-37.1,-39.0,-39.6,-38.8,-36.9,519.2,519.8,520.2,520.3,520.0,519.7,519.0,518.9,523.0,520.6,518.5,517.7,518.6,520.3,522.1,520.3,518.5,517.8,518.6,520.6,520.1,520.1,520.3,520.6,520.7,520.7,520.5,520.3,544.4,545.4,547.2,548.7,549.0,548.0,546.3,544.9,544.7,544.0,544.0,545.2,548.0,551.7,555.1,551.8,548.3,545.7,544.4,544.3,546.6,547.3,548.0,548.5,548.3,547.7,546.9,546.5,37.7,-3.3,654.0,0.208,-0.238,0.056,224.5,224.4,225.4,227.5,231.9,239.1,248.4,259.2,269.8,278.2,284.2,289.8,294.8,298.8,301.5,303.6,304.5,237.3,244.4,253.4,262.3,270.1,284.6,291.0,297.0,302.7,305.8,277.2,278.2,279.3,280.5,268.3,272.7,277.1,281.0,284.2,246.5,252.1,258.2,262.9,257.8,251.7,284.9,289.8,295.0,298.3,295.3,290.1,257.8,266.0,272.5,275.9,279.5,283.4,286.2,283.1,279.0,275.1,271.2,265.1,260.9,271.8,275.4,279.0,284.3,278.9,275.3,271.6,160.8,172.3,183.8,194.9,205.4,214.6,222.3,228.2,229.7,227.7,221.3,213.5,204.6,194.6,184.2,173.5,162.6,153.5,148.9,147.9,149.5,152.7,152.6,149.6,148.3,149.4,153.7,161.6,169.1,176.7,184.4,189.4,191.0,192.2,191.1,189.6,161.8,159.1,159.3,163.2,164.4,164.4,163.3,159.4,159.5,162.2,164.6,164.7,204.6,202.3,200.8,202.0,200.9,202.4,204.6,209.4,211.5,211.9,211.5,209.5,204.9,204.6,205.0,204.5,204.9,205.7,206.3,205.9,-44.0,-44.4,-43.0,-39.5,-31.7,-19.0,-2.8,15.8,34.1,49.4,61.3,72.6,82.5,89.7,94.6,98.2,99.8,-20.9,-9.1,5.5,19.9,32.5,56.8,68.1,79.4,90.3,97.1,44.4,45.7,47.1,48.5,29.7,37.0,44.2,50.8,56.5,-5.8,3.4,13.4,21.3,12.8,2.8,58.8,67.3,76.8,83.3,77.3,67.9,13.0,26.3,36.8,42.6,48.7,55.9,61.9,55.5,48.1,41.5,35.0,24.9,18.1,35.8,41.9,48.0,58.3,48.0,41.7,35.6,-46.1,-26.3,-6.5,12.9,31.4,47.5,60.5,70.0,72.8,70.3,60.6,47.4,31.4,13.1,-6.1,-25.7,-45.7,-56.0,-63.0,-64.2,-61.4,-56.3,-57.3,-62.9,-66.1,-65.4,-58.9,-42.4,-29.8,-17.4,-4.9,3.2,5.7,7.7,5.9,3.4,-42.4,-46.7,-46.4,-40.2,-38.0,-38.0,-40.8,-47.5,-47.7,-43.5,-39.1,-38.7,28.5,24.3,21.9,23.8,22.1,25.0,29.2,36.8,39.7,40.3,39.6,36.3,28.9,28.1,28.8,28.2,29.6,30.2,30.9,30.2,674.0,677.5,681.8,684.8,685.1,683.3,678.5,672.1,673.3,684.0,699.8,712.6,718.6,718.7,717.3,715.8,715.3,642.8,637.5,634.4,632.2,631.8,641.0,649.4,659.3,669.8,680.5,638.6,633.2,627.2,621.8,635.9,635.8,636.3,640.1,644.5,644.0,641.7,643.1,645.5,643.4,642.1,658.3,661.1,665.9,673.0,666.5,661.8,651.6,642.5,639.8,641.6,644.3,653.8,667.8,655.9,648.1,645.0,643.4,645.2,650.0,642.9,644.2,647.5,663.5,647.4,644.1,643.0,0.593,0.215,-0.31,0.072,272.456,185.358,-3.105,8.309,-13.924,14.243,4.474,-0.538,-3.336,1.5,3.903,-1.937,0.348,1.026,-0.164,-2.093,-0.221,-0.372,-0.073,0.625,-0.96,-0.55,0.646,-0.43,-0.021,-0.514,0.225,0.028,0.121,0.065,-0.106,-0.0,-0.022,0.008,0.012,-0.002,0.15,0.0,0.0,0.3,0.0,0.0,0.01,0.0,0.0,0.47,0.0,0.0,0.0,0.0,0.0,0.0,0.0,0.0,1.0,0.0,1.0,0.0,0.0,0.0,0.0,0.0,0.0,0.0,0.0,0.0,0.0,0.0,0.0,1.0,0.0
PP133,g1,3328,0,0.975,0.23309,0.203032,-0.951024,0.075767,0.196334,-0.977605,0.159,0.204,251.6,252.9,256.1,259.2,260.4,259.2,255.8,252.8,247.1,249.2,252.2,255.7,259.1,261.5,263.1,261.1,258.3,255.1,252.0,249.1,254.5,255.9,257.3,257.9,257.3,256.0,254.6,254.0,288.3,289.3,291.9,294.7,296.0,295.1,292.4,289.4,285.3,287.3,289.9,293.0,295.8,297.6,298.6,297.6,295.8,293.4,290.5,287.6,290.8,292.0,293.2,293.6,293.1,291.8,290.7,290.3,160.7,157.6,156.4,157.8,161.0,164.4,165.4,164.0,162.0,160.3,159.3,158.8,159.6,161.1,163.2,164.3,164.6,164.7,164.3,163.5,162.3,162.9,162.4,161.0,159.6,159.0,159.5,160.9,161.2,158.2,156.9,158.1,161.1,164.1,165.4,164.5,163.3,161.3,159.8,159.1,159.6,160.7,162.4,163.8,164.6,164.9,164.8,164.4,162.6,163.1,162.5,161.2,159.9,159.3,159.9,161.2,2.1,3.9,8.1,12.3,13.8,12.2,7.8,3.7,-3.9,-1.0,2.9,7.6,12.1,15.4,17.6,14.8,11.0,6.8,2.6,-1.1,6.0,7.8,9.7,10.5,9.8,8.0,6.1,5.3,53.4,54.8,58.7,62.8,64.6,63.2,59.3,54.9,49.2,51.8,55.5,60.0,64.2,67.2,69.0,67.2,64.3,60.6,56.5,52.3,57.1,58.9,60.6,61.2,60.4,58.6,56.9,56.3,-35.6,-39.9,-41.5,-39.6,-35.3,-30.7,-29.4,-31.3,-34.2,-36.3,-37.5,-38.0,-37.1,-35.2,-32.5,-31.0,-30.4,-30.3,-30.8,-32.1,-33.6,-32.8,-33.5,-35.3,-37.2,-38.1,-37.3,-35.5,-36.6,-40.9,-42.9,-41.3,-37.1,-32.8,-30.9,-32.1,-33.7,-36.5,-38.6,-39.6,-39.1,-37.8,-35.6,-33.5,-32.2,-31.6,-31.7,-32.2,-34.9,-34.2,-35.0,-36.9,-38.8,-39.5,-38.6,-36.7,520.0,520.5,521.0,521.1,520.7,520.4,519.7,519.6,523.7,521.3,519.2,518.4,519.3,521.0,522.9,521.0,519.2,518.6,519.4,521.3,520.8,520.9,521.1,521.3,521.5,521.4,521.2,521.0,544.0,545.0,546.8,548.3,548.6,547.7,545.9,544.5,544.3,543.6,543.6,544.7,547.6,551.3,554.7,551.4,548.0,545.4,544.0,543.9,546.2,546.9,547.6,548.1,547.9,547.3,546.5,546.1,38.5,-3.3,655.5,0.216,-0.234,0.056,224.8,224.7,225.7,227.8,232.3,239.6,248.9,259.7,270.3,278.7,284.7,290.3,295.4,299.3,302.0,304.1,305.0,237.8,244.8,253.8,262.7,270.5,285.0,291.4,297.4,303.1,306.2,277.5,278.5,279.7,280.7,268.6,273.0,277.4,281.3,284.6,246.9,252.5,258.6,263.3,258.2,252.1,285.3,290.2,295.4,298.7,295.7,290.5,258.2,266.3,272.8,276.3,279.9,283.8,286.6,283.4,279.4,275.5,271.6,265.4,261.3,272.1,275.7,279.4,284.7,279.3,275.7,271.9,160.7,172.3,183.6,194.7,205.1,214.3,222.0,227.8,229.4,227.2,220.9,213.1,204.2,194.3,184.0,173.4,162.5,153.6,149.1,148.1,149.7,152.9,152.8,149.8,148.5,149.5,153.8,161.8,169.4,176.9,184.6,189.6,191.1,192.3,191.2,189.7,161.9,159.2,159.4,163.3,164.6,164.5,163.4,159.6,159.6,162.3,164.7,164.8,204.5,202.3,200.9,202.0,200.9,202.4,204.5,209.3,211.4,211.8,211.5,209.4,204.8,204.6,205.0,204.5,204.8,205.7,206.2,205.8,-43.5,-44.0,-42.5,-39.0,-31.1,-18.3,-1.9,16.7,35.1,50.4,62.4,73.7,83.6,90.8,95.7,99.3,100.9,-20.1,-8.4,6.1,20.5,33.2,57.6,68.9,80.2,91.1,98.0,45.1,46.3,47.7,49.0,30.4,37.6,44.8,51.4,57.1,-5.0,4.1,14.2,22.0,13.6,3.5,59.6,68.1,77.6,84.1,78.1,68.7,13.7,26.9,37.4,43.2,49.5,56.7,62.8,56.3,48.9,42.2,35.6,25.6,18.8,36.4,42.6,48.8,59.1,48.7,42.4,36.2,-46.3,-26.5,-6.8,12.6,31.0,47.1,60.1,69.6,72.4,69.8,59.9,46.8,30.8,12.6,-6.5,-25.9,-45.8,-55.9,-62.8,-64.1,-61.3,-56.1,-57.1,-62.7,-65.9,-65.2,-58.8,-42.1,-29.5,-17.1,-4.6,3.4,5.9,7.9,6.1,3.6,-42.3,-46.6,-46.3,-40.0,-37.8,-37.9,-40.6,-47.4,-47.6,-43.4,-38.9,-38.5,28.5,24.4,21.9,23.8,22.1,25.0,29.1,36.8,39.8,40.3,39.6,36.3,28.9,28.2,28.9,28.3,29.5,30.2,31.0,30.2,675.7,679.3,683.8,686.8,687.2,685.3,680.4,674.0,675.3,686.0,701.8,714.5,720.4,720.4,718.8,717.2,716.6,644.0,638.6,635.4,633.2,632.9,642.0,650.4,660.2,670.6,681.3,639.8,634.5,628.7,623.4,637.6,637.5,638.0,641.7,646.0,645.3,642.8,644.2,646.7,644.7,643.3,659.4,662.1,667.0,674.1,667.7,662.9,653.4,644.1,641.5,643.2,645.9,655.5,669.4,657.7,649.9,646.8,645.2,647.0,651.7,644.6,646.0,649.2,665.1,649.1,645.9,644.7,0.592,0.223,-0.307,0.072,272.857,185.346,-2.357,8.609,-14.225,13.216,4.787,-0.699,-3.228,1.859,3.689,-1.585,0.288,0.723,0.227,-2.009,-0.296,-0.435,0.053,0.695,-0.783,-0.69,0.679,-0.388,-0.155,-0.508,0.315,0.011,0.069,0.063,-0.102,-0.005,-0.032,0.008,0.013,0.001,0.23,0.0,0.0,0.97,0.0,0.0,0.0,0.0,0.0,0.34,0.0,0.0,0.0,0.0,0.0,0.0,0.0,0.0,1.0,0.0,1.0,0.0,0.0,0.0,0.0,0.0,0.0,0.0,0.0,0.0,0.0,0.0,0.0,1.0,0.0
PP133,g1,3334,0,0.925,0.231368,0.194046,-0.953318,0.08008,0.187843,-0.978929,0.16,0.195,251.7,253.1,256.3,259.4,260.6,259.4,256.0,252.9,247.3,249.4,252.4,255.9,259.2,261.7,263.3,261.3,258.5,255.3,252.2,249.3,254.7,256.1,257.4,258.0,257.5,256.2,254.8,254.2,288.4,289.4,292.0,294.8,296.1,295.2,292.5,289.5,285.4,287.4,290.0,293.2,295.9,297.7,298.7,297.7,295.9,293.5,290.7,287.7,290.9,292.2,293.3,293.7,293.2,292.0,290.8,290.4,160.9,157.7,156.5,157.9,161.1,164.6,165.5,164.1,162.2,160.5,159.4,158.9,159.7,161.2,163.3,164.4,164.7,164.8,164.5,163.7,162.5,163.1,162.5,161.2,159.7,159.1,159.7,161.0,161.3,158.2,156.9,158.1,161.1,164.2,165.5,164.5,163.4,161.3,159.8,159.2,159.6,160.7,162.5,163.9,164.6,165.0,164.8,164.4,162.6,163.1,162.6,161.2,159.9,159.4,160.0,161.3,2.3,4.1,8.3,12.4,14.1,12.5,8.0,3.9,-3.6,-0.8,3.1,7.8,12.2,15.6,17.8,15.1,11.2,7.0,2.9,-0.9,6.3,8.1,9.9,10.7,10.0,8.2,6.4,5.6,53.5,54.9,58.8,62.9,64.7,63.3,59.4,55.0,49.3,52.0,55.6,60.1,64.3,67.2,69.1,67.2,64.4,60.7,56.6,52.4,57.2,59.0,60.7,61.3,60.5,58.7,57.0,56.4,-35.3,-39.6,-41.3,-39.4,-35.0,-30.5,-29.2,-31.0,-33.8,-36.0,-37.3,-37.8,-36.9,-35.0,-32.3,-30.8,-30.2,-30.0,-30.5,-31.7,-33.3,-32.5,-33.2,-35.1,-37.0,-37.8,-37.1,-35.2,-36.5,-40.8,-42.8,-41.2,-37.0,-32.7,-30.8,-32.0,-33.6,-36.4,-38.5,-39.5,-39.0,-37.7,-35.5,-33.3,-32.0,-31.4,-31.6,-32.1,-34.8,-34.1,-34.9,-36.8,-38.7,-39.3,-38.5,-36.6,518.8,519.3,519.7,519.7,519.4,519.1,518.5,518.4,522.6,520.1,518.0,517.2,518.0,519.7,521.5,519.7,517.9,517.3,518.2,520.2,519.6,519.6,519.8,520.0,520.2,520.2,520.0,519.8,543.4,544.4,546.2,547.7,548.1,547.1,545.3,543.9,543.7,543.0,543.0,544.2,547.1,550.7,554.2,550.8,547.4,544.8,543.4,543.3,545.6,546.3,547.1,547.5,547.4,546.7,545.9,545.5,39.0,-2.8,653.4,0.201,-0.237,0.049,225.0,225.0,226.0,228.3,232.8,240.2,249.6,260.6,271.2,279.6,285.4,290.8,295.6,299.4,302.1,304.2,305.0,238.0,245.0,253.9,262.8,270.6,285.2,291.5,297.5,303.1,306.2,277.8,278.8,280.0,281.2,269.1,273.5,277.9,281.8,285.0,247.1,252.7,258.8,263.5,258.4,252.3,285.4,290.3,295.5,298.8,295.8,290.6,259.0,267.1,273.5,276.9,280.4,284.3,287.0,284.0,280.1,276.3,272.4,266.3,262.1,272.8,276.4,279.9,285.1,279.9,276.4,272.7,161.1,172.8,184.3,195.4,206.0,215.3,222.9,228.7,230.1,227.9,221.5,213.7,204.7,194.8,184.4,173.8,162.9,153.8,149.2,148.1,149.7,152.9,152.8,149.9,148.5,149.5,153.8,161.8,169.4,176.9,184.7,189.8,191.3,192.5,191.3,189.8,162.1,159.3,159.5,163.4,164.7,164.7,163.5,159.6,159.7,162.4,164.8,164.9,205.2,202.7,201.2,202.3,201.1,202.7,204.9,209.7,211.7,212.2,211.8,209.9,205.4,204.9,205.3,204.8,205.3,205.9,206.5,206.1,-43.1,-43.5,-41.8,-38.1,-30.1,-17.1,-0.6,18.1,36.5,51.8,63.4,74.4,83.9,90.8,95.6,99.1,100.5,-19.7,-8.1,6.4,20.7,33.3,57.8,69.0,80.1,91.0,97.8,45.4,46.7,48.2,49.6,31.0,38.3,45.5,52.0,57.7,-4.7,4.4,14.4,22.3,13.9,3.8,59.7,68.2,77.6,84.1,78.2,68.8,15.0,28.1,38.4,44.1,50.2,57.3,63.2,57.0,49.8,43.3,36.8,26.9,20.1,37.5,43.5,49.6,59.6,49.6,43.4,37.3,-45.5,-25.6,-5.6,13.9,32.5,48.5,61.5,70.8,73.3,70.8,61.0,47.8,31.7,13.5,-5.6,-25.1,-45.0,-55.5,-62.5,-63.9,-61.1,-55.9,-56.9,-62.6,-65.7,-65.1,-58.6,-42.0,-29.4,-17.0,-4.5,3.7,6.1,8.1,6.3,3.7,-41.8,-46.2,-46.0,-39.8,-37.5,-37.5,-40.5,-47.2,-47.5,-43.3,-38.8,-38.4,29.4,25.0,22.4,24.2,22.5,25.5,29.8,37.2,40.1,40.7,40.1,37.0,29.7,28.7,29.3,28.7,30.2,30.5,31.3,30.6,674.1,677.8,682.2,685.0,685.2,683.1,678.0,671.5,672.7,683.6,699.6,712.5,718.5,718.3,716.6,714.8,714.1,642.3,637.0,634.0,631.8,631.5,640.8,649.3,659.1,669.6,680.2,638.4,632.9,626.8,621.2,635.5,635.3,635.8,639.6,644.1,643.7,641.3,642.7,645.2,643.1,641.8,658.1,660.9,665.8,673.0,666.4,661.6,650.8,641.5,639.1,640.9,643.6,653.1,667.0,655.0,647.3,644.1,642.5,644.2,649.1,642.2,643.5,646.8,662.5,646.6,643.3,642.2,0.593,0.209,-0.311,0.064,273.26,185.652,-2.104,10.346,-15.195,15.253,3.548,-0.444,-3.171,2.743,3.734,-2.558,0.375,0.605,-0.07,-2.37,-0.096,-0.296,0.072,0.624,-0.733,-0.511,0.653,-0.282,-0.359,-0.725,0.228,0.206,0.087,0.068,-0.116,-0.01,-0.03,-0.004,0.016,0.002,0.34,0.0,0.0,0.51,0.0,0.0,0.0,0.0,0.0,0.5,0.0,0.0,0.0,0.0,0.0,0.0,0.0,0.0,1.0,0.0,1.0,0.0,0.0,0.0,0.0,0.0,0.0,0.0,0.0,0.0,0.0,0.0,0.0,1.0,0.0
PP133,g1,3340,0,0.925,0.230536,0.193641,-0.953602,0.081559,0.187574,-0.978859,0.16,0.195,252.1,253.5,256.7,259.8,261.0,259.8,256.5,253.4,247.7,249.8,252.8,256.3,259.6,262.1,263.7,261.7,258.9,255.7,252.6,249.8,255.1,256.5,257.9,258.5,257.9,256.6,255.2,254.6,288.8,289.8,292.4,295.2,296.5,295.6,292.9,289.9,285.8,287.8,290.4,293.5,296.3,298.1,299.0,298.1,296.3,293.9,291.1,288.1,291.3,292.5,293.7,294.1,293.5,292.3,291.2,290.8,160.9,157.8,156.5,157.9,161.2,164.6,165.6,164.2,162.3,160.5,159.5,159.0,159.7,161.2,163.3,164.4,164.8,164.9,164.5,163.7,162.5,163.1,162.6,161.2,159.8,159.2,159.7,161.1,161.2,158.2,156.9,158.1,161.1,164.1,165.4,164.5,163.3,161.3,159.8,159.1,159.6,160.7,162.4,163.8,164.6,164.9,164.8,164.4,162.6,163.1,162.5,161.2,159.9,159.4,159.9,161.3,2.9,4.7,8.9,13.0,14.6,13.1,8.6,4.5,-3.1,-0.2,3.7,8.3,12.8,16.1,18.4,15.6,11.8,7.6,3.4,-0.3,6.8,8.6,10.5,11.3,10.6,8.8,6.9,6.1,54.0,55.4,59.3,63.4,65.3,63.8,59.9,55.5,49.9,52.5,56.1,60.7,64.8,67.8,69.6,67.8,64.9,61.3,57.1,53.0,57.7,59.5,61.2,61.8,61.0,59.2,57.5,56.9,-35.4,-39.6,-41.3,-39.4,-35.1,-30.5,-29.2,-31.1,-33.8,-36.0,-37.3,-37.8,-37.0,-35.0,-32.4,-30.8,-30.2,-30.0,-30.6,-31.7,-33.3,-32.5,-33.3,-35.1,-37.0,-37.8,-37.1,-35.2,-36.5,-40.9,-42.8,-41.3,-37.1,-32.7,-30.8,-32.1,-33.6,-36.4,-38.5,-39.5,-39.1,-37.8,-35.6,-33.4,-32.1,-31.5,-31.6,-32.1,-34.8,-34.1,-35.0,-36.9,-38.7,-39.4,-38.5,-36.6,520.1,520.6,521.0,521.0,520.7,520.4,519.8,519.7,523.9,521.5,519.3,518.5,519.3,521.0,522.8,521.0,519.2,518.6,519.5,521.5,520.9,520.9,521.1,521.3,521.5,521.5,521.3,521.1,543.5,544.5,546.3,547.9,548.2,547.2,545.4,544.0,543.7,543.1,543.1,544.3,547.2,550.9,554.3,551.0,547.5,544.9,543.5,543.4,545.7,546.4,547.2,547.6,547.5,546.8,546.0,545.6,39.7,-2.7,652.8,0.2,-0.238,0.047,225.4,225.3,226.4,228.6,233.2,240.6,250.0,261.0,271.8,280.1,286.0,291.3,296.0,299.8,302.4,304.5,305.3,238.4,245.4,254.4,263.2,271.0,285.6,291.9,297.9,303.5,306.5,278.1,279.2,280.5,281.7,269.5,274.0,278.4,282.2,285.4,247.6,253.1,259.2,263.9,258.8,252.7,285.8,290.7,295.9,299.2,296.2,291.0,259.5,267.6,273.9,277.4,281.0,284.8,287.5,284.6,280.6,276.8,272.9,266.8,262.6,273.3,276.9,280.5,285.6,280.5,276.9,273.2,161.2,172.8,184.4,195.5,206.2,215.5,223.2,229.0,230.4,228.2,221.7,213.8,204.8,194.8,184.4,173.7,162.8,153.9,149.2,148.2,149.8,152.9,152.8,149.8,148.5,149.5,153.8,161.8,169.4,177.0,184.8,189.9,191.4,192.6,191.4,189.8,162.2,159.4,159.6,163.4,164.7,164.7,163.5,159.6,159.6,162.4,164.7,164.8,205.3,202.8,201.3,202.4,201.2,202.8,205.0,209.7,211.7,212.2,211.9,210.0,205.5,205.1,205.4,204.9,205.4,206.0,206.5,206.2,-42.4,-42.8,-41.1,-37.4,-29.4,-16.4,0.1,19.0,37.4,52.7,64.3,75.2,84.6,91.4,96.1,99.6,101.0,-19.0,-7.4,7.1,21.3,33.9,58.4,69.6,80.7,91.5,98.3,46.0,47.3,48.9,50.3,31.7,38.9,46.2,52.7,58.4,-4.0,5.1,15.1,22.9,14.6,4.5,60.3,68.8,78.2,84.7,78.8,69.4,15.7,28.8,39.1,44.9,51.0,58.1,64.0,57.9,50.7,44.1,37.6,27.7,20.9,38.2,44.2,50.4,60.4,50.4,44.2,38.1,-45.3,-25.4,-5.5,14.1,32.7,48.8,61.9,71.2,73.8,71.1,61.3,47.9,31.8,13.5,-5.6,-25.1,-45.0,-55.2,-62.3,-63.7,-60.9,-55.8,-56.9,-62.5,-65.7,-65.1,-58.6,-42.0,-29.3,-16.9,-4.3,3.8,6.3,8.3,6.4,3.8,-41.7,-46.1,-45.9,-39.7,-37.4,-37.4,-40.5,-47.2,-47.5,-43.3,-38.8,-38.4,29.6,25.1,22.5,24.4,22.6,25.6,29.8,37.2,40.1,40.7,40.1,37.1,29.9,28.8,29.4,28.8,30.3,30.6,31.3,30.7,673.2,677.0,681.4,684.3,684.5,682.3,677.2,670.6,672.0,683.0,699.1,712.0,718.0,717.7,715.8,713.9,713.1,641.5,636.3,633.3,631.2,631.0,640.2,648.6,658.5,668.9,679.5,637.8,632.3,626.2,620.7,634.9,634.8,635.2,639.1,643.6,642.9,640.6,642.1,644.5,642.5,641.1,657.5,660.3,665.2,672.3,665.8,661.0,650.0,640.8,638.4,640.3,643.0,652.4,666.3,654.3,646.5,643.3,641.7,643.3,648.3,641.5,642.9,646.2,661.8,646.0,642.6,641.4,0.594,0.209,-0.313,0.062,273.699,185.72,-2.406,10.621,-15.519,15.297,2.667,-0.042,-3.252,2.723,3.72,-2.733,0.225,0.304,-0.205,-2.265,0.1,-0.221,-0.04,0.776,-0.604,-0.567,0.655,-0.169,-0.405,-0.772,0.273,0.177,0.121,0.044,-0.109,-0.017,-0.028,-0.009,0.012,0.003,0.66,0.0,0.0,0.9,0.0,0.0,0.0,0.0,0.0,0.59,0.0,0.0,0.0,0.0,0.0,0.0,0.0,0.0,1.0,0.0,1.0,0.0,0.0,0.0,0.0,0.0,0.0,0.0,0.0,0.0,0.0,0.0,0.0,1.0,0.0
PP133,g1,3346,0,0.975,0.22735,0.210569,-0.950775,0.073191,0.20321,-0.976396,0.155,0.211,252.4,253.8,257.0,260.1,261.2,260.0,256.7,253.6,247.9,250.1,253.0,256.5,259.9,262.4,264.0,261.9,259.1,255.9,252.8,250.0,255.4,256.7,258.1,258.7,258.2,256.8,255.5,254.8,289.2,290.2,292.8,295.6,296.9,295.9,293.3,290.2,286.1,288.1,290.7,293.9,296.7,298.5,299.4,298.4,296.7,294.3,291.4,288.4,291.7,292.9,294.1,294.5,293.9,292.7,291.6,291.1,160.7,157.6,156.4,157.8,161.0,164.4,165.4,163.9,161.9,160.3,159.2,158.8,159.6,161.1,163.2,164.3,164.6,164.7,164.3,163.4,162.3,162.9,162.4,161.0,159.6,159.0,159.5,160.9,161.3,158.2,156.9,158.1,161.1,164.2,165.5,164.5,163.4,161.3,159.8,159.2,159.7,160.7,162.5,163.9,164.7,165.0,164.9,164.5,162.6,163.1,162.6,161.2,159.9,159.4,160.0,161.3,3.2,5.1,9.3,13.4,14.9,13.3,8.8,4.7,-2.8,0.1,4.0,8.7,13.2,16.5,18.7,15.9,12.1,7.8,3.7,-0.0,7.1,8.9,10.8,11.6,10.9,9.1,7.3,6.5,54.4,55.8,59.7,63.8,65.6,64.1,60.2,55.8,50.2,52.8,56.5,61.0,65.2,68.2,70.0,68.1,65.2,61.6,57.4,53.3,58.1,59.9,61.6,62.2,61.4,59.6,57.9,57.3,-35.6,-39.8,-41.5,-39.5,-35.2,-30.7,-29.4,-31.3,-34.2,-36.3,-37.5,-38.0,-37.1,-35.1,-32.4,-30.9,-30.4,-30.2,-30.8,-32.1,-33.6,-32.7,-33.4,-35.3,-37.2,-38.0,-37.3,-35.5,-36.4,-40.7,-42.7,-41.1,-36.9,-32.6,-30.6,-31.9,-33.5,-36.3,-38.3,-39.4,-38.9,-37.6,-35.4,-33.2,-31.9,-31.3,-31.4,-32.0,-34.7,-34.0,-34.8,-36.7,-38.6,-39.2,-38.4,-36.5,519.1,519.6,520.1,520.1,519.8,519.5,518.9,518.8,522.9,520.5,518.4,517.5,518.4,520.1,521.9,520.1,518.3,517.7,518.6,520.5,520.0,520.0,520.2,520.4,520.6,520.5,520.3,520.1,542.0,543.0,544.8,546.3,546.7,545.7,544.0,542.6,542.3,541.6,541.6,542.8,545.7,549.3,552.8,549.5,546.1,543.5,542.1,542.0,544.3,544.9,545.7,546.1,546.0,545.3,544.5,544.1,39.6,-3.0,653.3,0.226,-0.229,0.059,225.7,225.5,226.4,228.5,233.0,240.2,249.5,260.3,270.9,279.4,285.5,291.1,296.1,300.0,302.8,305.0,305.9,238.8,245.8,254.7,263.5,271.3,286.0,292.4,298.4,304.0,307.1,278.4,279.3,280.4,281.4,269.3,273.7,278.1,282.0,285.2,247.8,253.4,259.5,264.1,259.0,252.9,286.1,291.1,296.3,299.6,296.6,291.3,259.0,267.1,273.5,276.9,280.5,284.4,287.2,284.0,279.9,276.1,272.2,266.2,262.1,272.8,276.4,279.9,285.2,279.9,276.3,272.7,160.4,171.9,183.4,194.5,205.2,214.5,222.3,228.2,229.8,227.6,221.1,213.1,204.1,194.3,184.0,173.4,162.6,153.3,148.9,148.0,149.7,152.9,152.8,149.9,148.5,149.5,153.7,161.9,169.5,177.2,185.0,189.9,191.4,192.7,191.5,190.0,161.9,159.2,159.4,163.3,164.6,164.5,163.5,159.6,159.7,162.4,164.8,164.9,205.0,202.7,201.3,202.4,201.3,202.8,204.9,209.8,211.8,212.3,211.9,209.9,205.2,205.0,205.4,205.0,205.3,206.1,206.6,206.2,-41.8,-42.5,-41.1,-37.7,-29.9,-17.1,-0.9,17.7,36.1,51.6,63.6,74.9,84.7,91.9,96.8,100.5,102.1,-18.4,-6.8,7.7,21.8,34.3,59.0,70.3,81.5,92.3,99.1,46.3,47.5,48.8,50.0,31.5,38.6,45.8,52.3,58.1,-3.6,5.5,15.6,23.3,14.9,4.8,60.8,69.3,78.8,85.3,79.3,69.9,15.0,28.1,38.5,44.2,50.3,57.5,63.5,57.0,49.6,43.1,36.6,26.7,20.1,37.5,43.5,49.6,59.7,49.5,43.4,37.3,-46.8,-27.0,-7.2,12.4,31.0,47.3,60.5,70.1,72.9,70.2,60.1,46.7,30.6,12.5,-6.4,-25.7,-45.5,-56.1,-62.8,-64.0,-61.1,-55.8,-56.8,-62.4,-65.6,-65.0,-58.7,-41.8,-29.1,-16.6,-3.9,3.8,6.4,8.4,6.6,4.1,-42.2,-46.5,-46.1,-39.9,-37.7,-37.8,-40.4,-47.1,-47.3,-43.2,-38.6,-38.2,29.1,25.0,22.5,24.4,22.7,25.6,29.7,37.4,40.4,40.9,40.3,37.0,29.5,28.9,29.5,28.9,30.2,30.8,31.5,30.8,673.1,677.1,681.9,685.2,685.6,683.8,679.0,672.6,673.8,684.5,700.0,712.5,718.1,717.6,715.7,713.7,712.8,641.0,635.7,632.6,630.4,630.2,639.4,647.6,657.4,667.7,678.3,637.3,632.1,626.4,621.2,635.5,635.4,635.9,639.6,643.9,642.7,640.2,641.6,644.1,642.1,640.8,656.9,659.4,664.3,671.4,665.1,660.3,651.4,642.1,639.5,641.3,643.9,653.3,667.2,655.6,648.1,644.9,643.4,645.0,649.7,642.7,644.1,647.3,662.9,647.2,644.0,642.8,0.594,0.233,-0.303,0.076,273.613,185.519,-3.849,10.069,-15.437,14.644,4.214,-0.745,-3.056,2.186,3.505,-1.827,0.37,0.892,0.075,-2.352,0.073,-0.31,0.071,0.746,-0.765,-0.501,0.762,-0.372,-0.128,-0.553,0.305,0.077,0.124,0.053,-0.107,0.003,-0.015,0.003,0.011,0.001,0.08,0.0,0.0,0.58,0.0,0.0,0.0,0.0,0.0,0.76,0.0,0.0,0.0,0.0,0.0,0.0,0.0,0.0,1.0,0.0,1.0,0.0,0.0,0.0,0.0,0.0,0.0,0.0,0.0,0.0,0.0,0.0,0.0,1.0,0.0
PP133,g1,3352,0,0.975,0.224272,0.214633,-0.950597,0.066074,0.205972,-0.976325,0.15,0.215,252.9,254.3,257.5,260.6,261.8,260.5,257.1,254.0,248.4,250.6,253.6,257.1,260.5,262.9,264.5,262.4,259.6,256.4,253.3,250.4,255.9,257.2,258.6,259.2,258.7,257.4,256.0,255.3,289.8,290.8,293.5,296.3,297.6,296.6,293.9,290.8,286.8,288.7,291.4,294.6,297.4,299.2,300.2,299.1,297.3,294.9,292.0,289.0,292.3,293.6,294.7,295.2,294.6,293.4,292.2,291.8,160.6,157.4,156.2,157.7,161.0,164.4,165.3,163.8,161.8,160.1,159.1,158.7,159.5,161.1,163.2,164.3,164.6,164.6,164.2,163.3,162.2,162.8,162.3,161.0,159.5,158.9,159.4,160.8,161.4,158.3,157.0,158.3,161.3,164.4,165.7,164.7,163.5,161.4,160.0,159.3,159.8,160.9,162.6,164.1,164.9,165.2,165.0,164.6,162.8,163.3,162.7,161.4,160.1,159.5,160.1,161.4,3.8,5.7,10.0,14.1,15.6,13.9,9.4,5.3,-2.2,0.7,4.7,9.3,13.8,17.1,19.3,16.5,12.6,8.4,4.3,0.6,7.7,9.5,11.4,12.2,11.6,9.8,7.9,7.1,55.0,56.5,60.4,64.5,66.3,64.8,60.8,56.5,50.8,53.5,57.1,61.7,65.8,68.8,70.7,68.8,65.8,62.2,58.0,53.9,58.7,60.5,62.2,62.9,62.1,60.3,58.6,57.9,-35.6,-39.8,-41.4,-39.4,-35.1,-30.6,-29.3,-31.3,-34.3,-36.3,-37.5,-37.9,-37.0,-35.0,-32.3,-30.8,-30.3,-30.2,-30.8,-32.1,-33.5,-32.6,-33.3,-35.2,-37.1,-37.9,-37.2,-35.4,-36.0,-40.3,-42.3,-40.7,-36.5,-32.2,-30.2,-31.5,-33.2,-36.0,-38.0,-39.0,-38.5,-37.2,-35.0,-32.8,-31.5,-30.9,-31.0,-31.6,-34.3,-33.6,-34.4,-36.3,-38.2,-38.9,-38.0,-36.1,516.4,516.9,517.3,517.4,517.1,516.8,516.2,516.1,520.2,517.7,515.7,514.8,515.7,517.4,519.2,517.5,515.6,515.0,515.8,517.8,517.3,517.3,517.5,517.7,517.9,517.8,517.6,517.4,539.5,540.5,542.2,543.7,544.1,543.2,541.5,540.1,539.9,539.1,539.0,540.2,543.1,546.7,550.2,546.9,543.5,540.9,539.6,539.5,541.8,542.4,543.2,543.6,543.4,542.7,542.0,541.6,40.3,-3.2,653.7,0.233,-0.222,0.065,226.1,225.9,226.8,228.8,233.2,240.5,249.7,260.4,271.0,279.6,285.8,291.6,296.7,300.7,303.6,305.7,306.7,239.2,246.3,255.3,264.1,271.9,286.7,293.1,299.2,304.8,307.9,279.0,279.8,280.8,281.8,269.7,274.0,278.4,282.3,285.6,248.2,253.9,260.0,264.6,259.5,253.4,286.7,291.7,297.0,300.3,297.2,292.0,259.1,267.3,273.7,277.1,280.7,284.7,287.5,284.2,280.1,276.2,272.3,266.3,262.2,273.0,276.6,280.2,285.5,280.1,276.5,272.8,159.9,171.5,182.9,194.0,204.6,213.9,221.6,227.6,229.2,227.1,220.6,212.7,203.8,194.1,183.9,173.4,162.7,153.1,148.7,147.9,149.6,152.9,152.9,150.0,148.7,149.7,153.9,162.0,169.6,177.2,185.1,189.8,191.4,192.6,191.6,190.0,161.7,159.0,159.4,163.3,164.6,164.4,163.6,159.8,159.8,162.6,165.0,165.1,204.7,202.5,201.1,202.3,201.2,202.8,204.8,209.7,211.7,212.2,211.8,209.7,205.0,204.9,205.3,204.9,205.2,206.0,206.5,206.1,-41.2,-41.8,-40.5,-37.2,-29.5,-16.7,-0.5,17.9,36.3,51.9,64.2,75.9,86.0,93.2,98.2,101.9,103.6,-17.7,-6.0,8.5,22.8,35.3,60.0,71.4,82.7,93.7,100.5,47.3,48.3,49.5,50.6,32.0,39.1,46.3,52.9,58.7,-2.9,6.4,16.5,24.2,15.7,5.5,61.8,70.4,80.0,86.5,80.4,70.9,15.3,28.4,38.8,44.6,50.7,58.0,64.1,57.4,49.9,43.3,36.8,26.9,20.3,37.8,43.9,50.0,60.3,49.9,43.7,37.6,-47.6,-27.8,-8.0,11.5,30.0,46.2,59.4,69.1,72.0,69.4,59.3,46.0,30.1,12.1,-6.6,-25.7,-45.3,-56.5,-63.2,-64.2,-61.2,-55.8,-56.6,-62.1,-65.3,-64.7,-58.4,-41.6,-28.9,-16.5,-3.9,3.8,6.3,8.4,6.6,4.2,-42.5,-46.7,-46.2,-39.9,-37.7,-37.9,-40.1,-46.8,-47.1,-42.9,-38.3,-38.0,28.6,24.6,22.3,24.2,22.6,25.5,29.6,37.3,40.3,40.8,40.0,36.6,29.1,28.6,29.3,28.8,30.1,30.6,31.3,30.6,674.2,678.2,683.0,686.2,686.7,684.8,679.9,673.4,674.6,685.0,700.6,713.0,718.5,717.9,716.1,714.4,713.6,641.6,636.2,632.9,630.6,630.2,639.4,647.6,657.4,667.7,678.3,637.5,632.3,626.7,621.5,636.0,635.9,636.4,640.0,644.1,643.1,640.5,641.8,644.3,642.4,641.2,657.0,659.6,664.4,671.6,665.2,660.5,652.0,642.7,639.9,641.6,644.2,653.7,667.7,656.2,648.6,645.5,644.0,645.7,650.3,643.2,644.5,647.7,663.4,647.6,644.4,643.3,0.593,0.24,-0.295,0.083,274.022,185.39,-2.296,10.174,-15.257,13.425,5.288,-1.466,-3.333,2.149,3.331,-1.226,0.525,1.102,0.472,-1.995,-0.163,-0.394,0.29,0.723,-0.838,-0.598,0.756,-0.378,-0.008,-0.395,0.308,0.011,0.1,0.052,-0.094,-0.0,-0.012,0.007,0.003,-0.001,0.11,0.0,0.0,0.67,0.0,0.0,0.09,0.0,0.0,0.67,0.0,0.0,0.0,0.0,0.0,0.0,0.0,0.0,1.0,0.0,1.0,0.0,0.0,0.0,0.0,0.0,1.0,0.0,0.0,0.0,0.0,0.0,0.0,1.0,0.0
PP133,g1,3358,0,0.975,0.225138,0.215174,-0.95027,0.066463,0.206977,-0.976086,0.15,0.216,253.4,254.9,258.0,261.1,262.3,261.1,257.7,254.6,248.9,251.1,254.1,257.6,261.0,263.4,265.0,263.0,260.1,257.0,253.8,251.0,256.4,257.7,259.1,259.8,259.2,257.9,256.5,255.9,290.3,291.3,293.9,296.7,298.0,297.0,294.4,291.3,287.2,289.2,291.8,295.0,297.8,299.6,300.6,299.6,297.8,295.4,292.5,289.5,292.8,294.0,295.2,295.6,295.1,293.8,292.7,292.2,161.1,158.0,156.8,158.3,161.5,164.9,165.9,164.4,162.4,160.7,159.7,159.3,160.0,161.6,163.7,164.8,165.1,165.2,164.8,163.9,162.8,163.4,162.9,161.5,160.1,159.4,160.0,161.3,161.8,158.7,157.4,158.6,161.6,164.7,166.0,165.0,163.9,161.8,160.3,159.6,160.1,161.2,162.9,164.3,165.1,165.5,165.3,165.0,163.1,163.6,163.0,161.7,160.4,159.9,160.4,161.8,4.6,6.5,10.7,14.8,16.3,14.7,10.2,6.1,-1.4,1.5,5.4,10.1,14.5,17.8,20.0,17.2,13.4,9.2,5.1,1.3,8.5,10.3,12.1,13.0,12.3,10.5,8.7,7.8,55.8,57.3,61.2,65.2,67.1,65.6,61.7,57.3,51.6,54.3,57.9,62.5,66.6,69.6,71.5,69.6,66.7,63.0,58.9,54.7,59.5,61.3,63.0,63.7,62.9,61.1,59.4,58.7,-34.9,-39.1,-40.7,-38.8,-34.5,-29.9,-28.7,-30.6,-33.5,-35.6,-36.8,-37.3,-36.3,-34.4,-31.7,-30.1,-29.6,-29.5,-30.1,-31.4,-32.8,-32.0,-32.7,-34.5,-36.4,-37.3,-36.6,-34.7,-35.7,-40.0,-41.9,-40.4,-36.2,-31.9,-29.9,-31.2,-32.7,-35.6,-37.6,-38.6,-38.2,-36.9,-34.8,-32.5,-31.2,-30.6,-30.7,-31.2,-33.9,-33.3,-34.1,-36.0,-37.8,-38.5,-37.7,-35.8,517.8,518.3,518.8,518.8,518.5,518.3,517.6,517.5,521.6,519.1,517.1,516.2,517.2,518.8,520.7,518.9,517.1,516.4,517.2,519.2,518.7,518.7,518.9,519.1,519.3,519.2,519.0,518.8,541.0,541.9,543.7,545.2,545.6,544.7,542.9,541.5,541.3,540.6,540.5,541.7,544.5,548.2,551.7,548.4,545.0,542.4,541.1,541.0,543.2,543.9,544.6,545.1,544.9,544.2,543.4,543.0,41.5,-2.7,655.1,0.237,-0.222,0.059,226.5,226.4,227.4,229.5,233.9,241.3,250.7,261.5,272.1,280.7,286.8,292.5,297.5,301.4,304.1,306.2,307.1,239.7,246.8,255.7,264.6,272.5,287.1,293.5,299.6,305.2,308.2,279.5,280.4,281.4,282.4,270.3,274.8,279.1,283.0,286.3,248.8,254.4,260.5,265.2,260.1,253.9,287.2,292.2,297.5,300.8,297.7,292.4,260.0,268.1,274.5,277.9,281.6,285.5,288.3,285.0,281.0,277.1,273.2,267.1,263.0,273.8,277.4,281.0,286.3,281.0,277.4,273.7,160.4,171.9,183.3,194.4,204.9,214.1,221.8,227.7,229.2,226.9,220.3,212.5,203.7,194.0,183.9,173.6,162.9,153.8,149.4,148.5,150.2,153.5,153.4,150.4,149.1,150.0,154.2,162.5,170.1,177.7,185.5,190.2,191.7,193.0,191.9,190.3,162.3,159.6,159.9,163.9,165.1,165.0,164.0,160.1,160.1,162.8,165.3,165.4,204.9,202.8,201.4,202.5,201.4,202.9,204.8,209.7,211.9,212.3,212.0,209.9,205.2,205.1,205.5,205.0,205.3,206.2,206.7,206.3,-40.6,-41.1,-39.7,-36.2,-28.3,-15.3,1.2,19.8,38.3,53.9,66.1,77.7,87.6,94.7,99.5,103.0,104.6,-17.0,-5.3,9.3,23.6,36.3,60.9,72.2,83.6,94.5,101.3,48.3,49.3,50.6,51.7,33.2,40.4,47.6,54.2,60.0,-2.0,7.3,17.3,25.1,16.6,6.5,62.7,71.3,80.9,87.5,81.4,71.9,16.7,29.8,40.2,46.0,52.2,59.5,65.6,59.0,51.5,44.9,38.4,28.4,21.7,39.3,45.3,51.5,61.8,51.5,45.2,39.1,-46.9,-27.1,-7.3,12.1,30.6,46.7,59.8,69.4,72.1,69.3,59.1,45.7,29.8,12.0,-6.6,-25.6,-45.0,-55.4,-62.1,-63.3,-60.3,-55.0,-55.9,-61.5,-64.8,-64.2,-57.9,-40.9,-28.2,-15.7,-3.2,4.5,6.9,9.0,7.2,4.7,-41.6,-45.8,-45.4,-39.1,-36.9,-37.1,-39.6,-46.4,-46.7,-42.5,-37.9,-37.5,29.2,25.2,22.8,24.7,23.0,25.8,29.7,37.5,40.5,41.1,40.5,37.1,29.5,29.1,29.8,29.2,30.2,31.0,31.8,31.0,675.8,680.0,684.8,688.0,688.6,686.7,681.6,675.1,676.3,686.9,702.5,714.9,720.4,719.7,717.8,716.1,715.2,642.7,637.2,633.8,631.5,631.1,640.3,648.7,658.5,668.9,679.7,638.6,633.6,627.9,622.8,637.4,637.3,637.8,641.4,645.5,644.2,641.6,642.9,645.5,643.6,642.3,658.3,660.8,665.7,673.0,666.6,661.8,653.5,644.1,641.3,643.1,645.7,655.3,669.4,657.8,650.1,647.0,645.4,647.2,651.9,644.7,646.0,649.2,665.1,649.1,645.9,644.7,0.592,0.244,-0.297,0.077,274.693,185.68,-0.376,10.931,-14.918,12.53,5.46,-1.522,-3.3,2.771,3.329,-0.993,0.316,0.953,0.55,-1.879,-0.089,-0.286,0.19,0.735,-0.679,-0.47,0.84,-0.183,-0.077,-0.44,0.337,0.014,0.109,0.066,-0.086,0.005,-0.011,0.009,0.005,-0.0,0.28,0.0,0.0,0.66,0.0,0.0,0.06,0.0,0.0,0.69,0.0,0.0,0.0,0.0,0.0,0.0,0.0,0.0,1.0,0.0,1.0,0.0,0.0,0.0,0.0,0.0,1.0,0.0,0.0,0.0,0.0,0.0,0.0,1.0,0.0
PP133,g1,3364,0,0.925,0.227529,0.20886,-0.951109,0.071185,0.2022,-0.976754,0.154,0.21,253.4,254.8,257.9,261.0,262.2,261.0,257.7,254.6,248.9,251.0,254.0,257.5,260.9,263.4,265.0,262.9,260.1,256.9,253.8,251.0,256.4,257.7,259.1,259.7,259.2,257.8,256.4,255.8,290.2,291.2,293.8,296.6,297.9,296.9,294.3,291.2,287.2,289.1,291.7,294.9,297.6,299.5,300.5,299.5,297.7,295.3,292.4,289.4,292.7,293.9,295.1,295.5,294.9,293.7,292.6,292.1,160.9,157.8,156.6,158.0,161.3,164.7,165.6,164.2,162.2,160.5,159.5,159.1,159.8,161.3,163.4,164.5,164.8,164.9,164.5,163.7,162.5,163.2,162.6,161.2,159.8,159.2,159.7,161.1,161.3,158.3,157.0,158.1,161.1,164.2,165.5,164.6,163.5,161.4,159.9,159.2,159.7,160.8,162.4,163.9,164.7,165.0,164.9,164.5,162.7,163.2,162.6,161.3,160.0,159.4,160.0,161.4,4.5,6.3,10.6,14.7,16.3,14.7,10.2,6.1,-1.5,1.4,5.3,10.0,14.5,17.8,20.0,17.2,13.4,9.2,5.0,1.3,8.4,10.2,12.1,12.9,12.2,10.4,8.6,7.8,55.9,57.3,61.2,65.3,67.2,65.7,61.8,57.4,51.7,54.3,58.0,62.5,66.7,69.7,71.6,69.7,66.8,63.1,59.0,54.8,59.6,61.4,63.1,63.7,62.9,61.1,59.4,58.8,-35.3,-39.5,-41.1,-39.2,-34.9,-30.3,-29.0,-30.9,-33.8,-35.9,-37.1,-37.6,-36.7,-34.8,-32.1,-30.6,-30.1,-29.9,-30.5,-31.7,-33.2,-32.4,-33.1,-34.9,-36.8,-37.7,-37.0,-35.1,-36.4,-40.7,-42.7,-41.1,-36.9,-32.6,-30.6,-31.9,-33.4,-36.3,-38.3,-39.4,-38.9,-37.7,-35.5,-33.3,-32.0,-31.3,-31.4,-31.9,-34.7,-34.0,-34.8,-36.7,-38.6,-39.2,-38.4,-36.5,518.6,519.1,519.6,519.6,519.3,519.0,518.4,518.3,522.4,520.0,517.9,517.0,517.9,519.6,521.5,519.7,517.8,517.2,518.0,520.0,519.5,519.5,519.7,519.9,520.1,520.0,519.9,519.6,543.0,544.0,545.7,547.2,547.6,546.7,544.9,543.5,543.3,542.6,542.5,543.7,546.6,550.3,553.7,550.4,547.0,544.4,543.1,543.0,545.2,545.9,546.7,547.1,546.9,546.3,545.5,545.1,41.6,-2.9,653.2,0.224,-0.229,0.052,226.5,226.4,227.5,229.6,234.1,241.5,250.9,261.8,272.4,280.9,286.9,292.5,297.4,301.3,304.0,306.0,306.9,239.6,246.6,255.6,264.5,272.4,286.9,293.3,299.4,305.0,308.0,279.4,280.4,281.6,282.7,270.5,275.0,279.4,283.3,286.5,248.8,254.3,260.4,265.1,260.1,253.9,287.2,292.1,297.3,300.6,297.6,292.4,260.3,268.4,274.9,278.3,281.9,285.8,288.6,285.4,281.4,277.6,273.7,267.6,263.4,274.2,277.8,281.4,286.6,281.4,277.8,274.1,160.6,172.2,183.6,194.7,205.2,214.5,222.2,228.1,229.6,227.4,220.8,212.9,204.0,194.2,183.9,173.4,162.6,153.8,149.2,148.3,149.9,153.2,153.0,150.0,148.6,149.5,153.8,162.1,169.7,177.3,185.1,189.9,191.5,192.7,191.5,189.9,162.1,159.4,159.7,163.5,164.8,164.7,163.6,159.7,159.7,162.4,164.8,164.9,204.9,202.6,201.2,202.3,201.1,202.6,204.7,209.6,211.7,212.2,211.9,209.9,205.2,204.9,205.3,204.8,205.1,206.0,206.6,206.2,-40.5,-40.9,-39.4,-35.8,-27.9,-14.9,1.5,20.2,38.7,54.2,66.2,77.5,87.3,94.3,99.0,102.5,104.0,-17.1,-5.5,9.1,23.4,36.0,60.4,71.8,83.1,94.0,100.8,48.0,49.2,50.6,51.9,33.4,40.6,47.9,54.4,60.2,-2.0,7.1,17.2,25.0,16.5,6.4,62.5,71.0,80.5,87.1,81.0,71.6,17.2,30.3,40.7,46.5,52.6,59.9,65.9,59.5,52.1,45.5,39.0,29.0,22.2,39.8,45.8,52.0,62.2,51.9,45.7,39.6,-46.3,-26.6,-6.8,12.6,31.1,47.2,60.3,69.9,72.6,69.8,59.7,46.3,30.3,12.3,-6.6,-25.9,-45.5,-55.3,-62.3,-63.5,-60.6,-55.3,-56.4,-62.1,-65.4,-64.9,-58.5,-41.5,-28.8,-16.3,-3.8,4.0,6.4,8.5,6.6,4.0,-41.8,-46.0,-45.7,-39.5,-37.3,-37.4,-40.2,-47.0,-47.3,-43.2,-38.7,-38.2,29.0,24.8,22.3,24.2,22.5,25.3,29.3,37.1,40.2,40.8,40.2,36.9,29.4,28.7,29.3,28.7,29.8,30.6,31.4,30.7,673.5,677.5,682.2,685.4,685.9,684.0,679.0,672.5,673.8,684.5,700.3,712.9,718.7,718.2,716.4,714.5,713.7,641.2,635.7,632.4,630.2,629.9,639.0,647.4,657.3,667.8,678.6,637.1,631.9,626.1,620.8,635.2,635.2,635.6,639.4,643.6,642.6,640.1,641.4,644.0,642.0,640.7,656.8,659.5,664.3,671.5,665.1,660.3,651.2,641.7,639.0,640.8,643.5,653.1,667.2,655.5,647.7,644.6,643.0,644.7,649.5,642.3,643.7,646.9,662.8,646.9,643.6,642.4,0.594,0.231,-0.305,0.07,274.81,185.543,-0.655,10.022,-14.499,13.77,4.19,-1.158,-2.982,2.865,3.548,-1.79,0.319,0.681,0.274,-1.979,0.135,-0.35,0.046,0.569,-0.68,-0.411,0.826,-0.301,-0.03,-0.538,0.356,0.137,0.101,0.058,-0.094,0.002,-0.016,-0.002,0.007,0.002,0.07,0.0,0.0,0.55,0.0,0.0,0.02,0.0,0.0,0.66,0.0,0.0,0.0,0.0,0.0,0.0,0.0,0.0,1.0,0.0,1.0,0.0,0.0,0.0,0.0,0.0,1.0,0.0,0.0,0.0,0.0,0.0,0.0,1.0,0.0
PP133,g1,3370,0,0.925,0.226932,0.210926,-0.950795,0.069799,0.204323,-0.976412,0.153,0.212,254.6,256.0,259.2,262.3,263.5,262.2,258.9,255.8,250.1,252.3,255.2,258.8,262.1,264.6,266.2,264.2,261.3,258.1,255.0,252.2,257.6,258.9,260.3,260.9,260.4,259.1,257.7,257.0,291.4,292.3,295.0,297.8,299.1,298.1,295.5,292.4,288.3,290.3,292.9,296.1,298.8,300.7,301.6,300.6,298.9,296.5,293.6,290.6,293.9,295.1,296.3,296.7,296.1,294.9,293.7,293.3,160.9,157.8,156.6,158.0,161.3,164.7,165.6,164.2,162.2,160.5,159.5,159.0,159.8,161.4,163.5,164.5,164.9,164.9,164.5,163.7,162.5,163.2,162.6,161.3,159.8,159.2,159.7,161.1,161.4,158.4,157.0,158.2,161.2,164.3,165.6,164.7,163.5,161.5,160.0,159.3,159.8,160.8,162.5,164.0,164.8,165.1,165.0,164.6,162.8,163.3,162.7,161.4,160.0,159.5,160.1,161.4,6.1,8.0,12.2,16.3,17.9,16.2,11.7,7.7,0.1,3.0,6.9,11.6,16.1,19.4,21.6,18.8,15.0,10.8,6.6,2.9,10.0,11.8,13.7,14.5,13.8,12.0,10.2,9.4,57.4,58.9,62.8,66.9,68.7,67.3,63.3,58.9,53.2,55.9,59.5,64.1,68.2,71.3,73.1,71.3,68.3,64.7,60.5,56.4,61.2,62.9,64.7,65.3,64.5,62.7,61.0,60.4,-35.2,-39.4,-41.1,-39.1,-34.8,-30.3,-29.0,-30.9,-33.8,-35.9,-37.1,-37.6,-36.7,-34.7,-32.0,-30.5,-30.0,-29.8,-30.4,-31.7,-33.1,-32.3,-33.0,-34.9,-36.8,-37.6,-36.9,-35.0,-36.2,-40.5,-42.5,-41.0,-36.8,-32.4,-30.5,-31.7,-33.3,-36.1,-38.2,-39.2,-38.7,-37.5,-35.3,-33.1,-31.8,-31.2,-31.3,-31.8,-34.5,-33.8,-34.7,-36.6,-38.4,-39.1,-38.2,-36.3,517.8,518.3,518.8,518.9,518.5,518.3,517.6,517.5,521.5,519.1,517.1,516.2,517.2,518.8,520.7,518.9,517.1,516.4,517.2,519.2,518.7,518.7,518.9,519.1,519.3,519.2,519.1,518.8,542.3,543.3,545.0,546.5,547.0,546.0,544.3,542.8,542.6,541.9,541.8,543.0,545.9,549.6,553.0,549.7,546.3,543.7,542.4,542.3,544.5,545.2,546.0,546.4,546.2,545.5,544.8,544.4,43.5,-2.9,653.9,0.228,-0.229,0.055,227.7,227.6,228.6,230.7,235.1,242.4,251.8,262.6,273.3,281.8,287.8,293.4,298.4,302.3,305.1,307.2,308.1,240.9,248.0,256.9,265.7,273.5,288.2,294.5,300.6,306.2,309.2,280.6,281.6,282.7,283.8,271.7,276.1,280.5,284.3,287.6,250.0,255.6,261.7,266.3,261.3,255.1,288.3,293.2,298.5,301.8,298.8,293.5,261.3,269.5,275.9,279.4,283.0,286.9,289.6,286.5,282.4,278.6,274.7,268.5,264.4,275.2,278.8,282.4,287.7,282.4,278.8,275.1,160.6,172.1,183.5,194.6,205.1,214.3,222.1,228.0,229.5,227.3,220.8,212.8,203.9,194.1,183.8,173.3,162.5,153.6,149.2,148.3,150.0,153.2,153.1,150.1,148.7,149.6,153.8,162.2,169.8,177.3,185.1,189.9,191.5,192.7,191.5,190.0,162.1,159.4,159.7,163.6,164.8,164.7,163.7,159.8,159.8,162.5,164.9,165.0,204.9,202.6,201.1,202.3,201.1,202.7,204.8,209.7,211.9,212.3,212.0,209.9,205.2,205.0,205.3,204.9,205.2,206.1,206.6,206.2,-38.4,-38.9,-37.4,-33.9,-26.1,-13.3,3.1,21.8,40.3,55.8,67.8,79.3,89.1,96.2,101.0,104.6,106.1,-15.0,-3.3,11.2,25.4,38.0,62.5,73.9,85.1,96.1,103.0,50.0,51.2,52.5,53.8,35.3,42.5,49.7,56.3,62.0,-0.1,9.1,19.2,27.0,18.5,8.4,64.5,73.1,82.6,89.1,83.1,73.7,18.9,32.0,42.5,48.3,54.4,61.7,67.7,61.3,53.9,47.2,40.7,30.7,24.0,41.5,47.6,53.8,64.0,53.7,47.5,41.3,-46.4,-26.7,-7.0,12.4,30.9,47.0,60.1,69.8,72.6,69.8,59.7,46.3,30.3,12.2,-6.7,-26.0,-45.7,-55.6,-62.4,-63.5,-60.6,-55.3,-56.3,-62.0,-65.3,-64.8,-58.6,-41.4,-28.7,-16.4,-3.9,4.0,6.4,8.5,6.6,4.1,-41.8,-46.1,-45.7,-39.5,-37.3,-37.4,-40.1,-46.9,-47.2,-43.1,-38.5,-38.0,29.1,24.9,22.3,24.2,22.5,25.4,29.5,37.3,40.4,41.0,40.4,37.1,29.4,28.7,29.4,28.8,30.0,30.8,31.5,30.8,673.5,677.5,682.3,685.5,686.2,684.4,679.6,673.3,674.6,685.3,701.0,713.6,719.3,718.8,716.9,715.0,714.1,641.2,635.9,632.7,630.6,630.5,639.7,648.0,657.9,668.3,679.0,637.7,632.6,626.9,621.7,636.0,635.9,636.5,640.2,644.5,643.0,640.5,641.9,644.5,642.5,641.1,657.4,660.0,664.9,672.2,665.8,661.0,651.8,642.4,639.7,641.5,644.2,653.8,667.9,656.3,648.6,645.5,643.9,645.5,650.2,643.1,644.4,647.7,663.6,647.7,644.4,643.2,0.593,0.235,-0.308,0.074,275.906,185.553,-1.682,9.758,-14.725,13.508,4.13,-1.674,-3.11,2.67,3.434,-1.836,0.57,0.823,0.201,-1.991,-0.006,-0.321,0.253,0.45,-0.605,-0.635,0.722,-0.415,-0.204,-0.557,0.343,0.102,0.099,0.06,-0.093,-0.002,-0.009,0.002,0.008,-0.001,0.07,0.0,0.0,0.49,0.0,0.0,0.0,0.0,0.0,0.48,0.0,0.0,0.0,0.0,0.0,0.0,0.0,0.0,1.0,0.0,1.0,0.0,0.0,0.0,0.0,0.0,0.0,0.0,0.0,0.0,0.0,0.0,0.0,1.0,0.0
PP133,g1,3376,0,0.975,0.227712,0.216319,-0.949396,0.06889,0.207834,-0.975735,0.153,0.217,255.5,257.0,260.2,263.2,264.4,263.1,259.7,256.7,251.0,253.2,256.2,259.7,263.1,265.5,267.1,265.0,262.2,259.0,255.9,253.1,258.5,259.8,261.2,261.8,261.3,260.0,258.6,258.0,292.2,293.2,295.9,298.7,299.9,298.9,296.3,293.2,289.2,291.2,293.8,297.0,299.7,301.5,302.5,301.4,299.7,297.3,294.4,291.4,294.7,295.9,297.1,297.5,297.0,295.8,294.6,294.2,160.6,157.5,156.3,157.8,161.1,164.5,165.4,163.9,161.8,160.2,159.2,158.8,159.6,161.2,163.3,164.3,164.6,164.7,164.2,163.3,162.3,162.9,162.4,161.0,159.6,158.9,159.5,160.8,161.5,158.4,157.2,158.4,161.4,164.4,165.7,164.7,163.6,161.5,160.1,159.4,159.9,161.0,162.7,164.1,164.9,165.2,165.1,164.7,162.8,163.4,162.8,161.5,160.2,159.6,160.2,161.5,7.3,9.2,13.5,17.6,19.1,17.4,12.9,8.9,1.3,4.2,8.2,12.9,17.3,20.6,22.8,20.0,16.2,12.0,7.8,4.1,11.3,13.0,14.9,15.7,15.1,13.3,11.4,10.6,58.8,60.3,64.2,68.2,70.1,68.5,64.6,60.2,54.6,57.2,60.9,65.4,69.6,72.6,74.4,72.5,69.6,66.0,61.8,57.7,62.5,64.2,66.0,66.6,65.8,64.1,62.3,61.7,-35.6,-39.8,-41.4,-39.5,-35.1,-30.6,-29.3,-31.3,-34.3,-36.3,-37.5,-38.0,-37.0,-35.0,-32.3,-30.8,-30.3,-30.2,-30.8,-32.1,-33.5,-32.7,-33.4,-35.2,-37.1,-38.0,-37.3,-35.4,-36.2,-40.5,-42.4,-40.8,-36.6,-32.3,-30.4,-31.7,-33.3,-36.1,-38.1,-39.1,-38.6,-37.4,-35.2,-33.0,-31.7,-31.1,-31.2,-31.8,-34.4,-33.7,-34.6,-36.5,-38.3,-39.0,-38.2,-36.3,518.2,518.7,519.2,519.3,519.0,518.7,518.0,517.9,521.9,519.5,517.4,516.7,517.6,519.3,521.2,519.4,517.5,516.8,517.6,519.5,519.1,519.1,519.3,519.6,519.7,519.7,519.5,519.2,543.4,544.4,546.1,547.7,548.1,547.2,545.4,544.0,543.7,543.0,542.9,544.1,547.0,550.7,554.2,550.9,547.5,544.9,543.5,543.4,545.7,546.4,547.1,547.5,547.3,546.7,545.9,545.5,44.5,-3.3,654.4,0.234,-0.23,0.067,228.4,228.1,229.0,231.0,235.3,242.5,251.9,262.7,273.4,281.8,287.9,293.6,298.7,302.7,305.5,307.7,308.8,241.7,248.9,257.9,266.8,274.7,289.2,295.6,301.6,307.2,310.2,281.6,282.5,283.5,284.5,272.3,276.7,281.1,284.9,288.2,250.9,256.5,262.6,267.2,262.2,256.0,289.2,294.1,299.4,302.6,299.6,294.4,261.7,269.9,276.4,279.8,283.4,287.2,289.9,286.7,282.7,278.9,275.0,268.9,264.8,275.6,279.2,282.8,288.0,282.8,279.2,275.5,159.9,171.4,182.7,193.8,204.3,213.5,221.3,227.3,229.0,226.8,220.4,212.6,203.8,194.1,183.8,173.3,162.6,153.3,148.9,148.0,149.8,153.1,153.1,150.2,148.9,149.9,154.1,162.1,169.7,177.3,185.0,189.8,191.3,192.6,191.5,190.0,161.7,159.1,159.4,163.4,164.6,164.4,163.7,159.8,159.9,162.6,165.0,165.1,204.5,202.3,201.0,202.1,201.1,202.6,204.6,209.5,211.5,211.9,211.5,209.4,204.7,204.7,205.1,204.7,205.0,205.8,206.3,205.9,-37.3,-37.9,-36.7,-33.4,-25.8,-13.1,3.3,21.9,40.4,55.9,68.0,79.7,89.8,97.1,102.1,105.9,107.7,-13.6,-1.8,12.8,27.2,39.9,64.2,75.6,87.0,98.0,104.7,51.6,52.6,53.9,55.0,36.3,43.5,50.7,57.3,63.0,1.4,10.7,20.8,28.4,20.0,9.9,66.0,74.6,84.1,90.6,84.5,75.1,19.6,32.8,43.3,49.0,55.1,62.4,68.3,61.8,54.4,47.8,41.3,31.3,24.6,42.2,48.3,54.4,64.6,54.4,48.2,42.0,-47.6,-27.9,-8.3,11.0,29.5,45.6,58.8,68.7,71.6,69.1,59.1,45.9,30.1,12.1,-6.8,-26.0,-45.7,-56.2,-62.9,-64.0,-60.9,-55.5,-56.3,-61.9,-65.1,-64.4,-58.1,-41.4,-28.8,-16.4,-3.9,3.7,6.2,8.3,6.5,4.1,-42.4,-46.5,-46.1,-39.8,-37.7,-37.9,-40.1,-46.8,-47.0,-42.8,-38.3,-37.9,28.3,24.4,22.1,24.1,22.4,25.3,29.3,36.9,39.9,40.4,39.6,36.3,28.7,28.4,29.1,28.6,29.7,30.3,31.0,30.2,673.9,677.8,682.4,685.6,686.3,684.7,679.9,673.6,675.1,685.8,701.7,714.4,720.2,720.0,718.4,716.6,715.8,641.7,636.2,633.0,630.9,630.7,639.9,648.3,658.4,669.0,679.9,638.1,632.9,627.3,622.1,636.3,636.4,637.0,640.7,644.9,643.2,640.7,642.1,644.8,642.7,641.3,657.8,660.5,665.4,672.8,666.3,661.4,652.2,642.9,640.3,642.1,644.8,654.4,668.6,656.8,649.0,645.9,644.3,646.0,650.6,643.6,645.0,648.2,664.2,648.1,644.8,643.6,0.593,0.241,-0.31,0.087,276.491,185.331,0.373,9.128,-14.759,12.551,4.956,-1.49,-3.014,2.082,3.476,-1.232,0.317,0.761,0.334,-1.989,-0.069,-0.346,0.22,0.454,-0.773,-0.526,0.664,-0.393,-0.126,-0.446,0.298,0.065,0.063,0.054,-0.088,0.003,-0.018,0.006,0.007,-0.001,0.0,0.0,0.0,0.56,0.0,0.0,0.37,0.0,0.0,0.44,0.0,0.0,0.0,0.0,0.0,0.0,0.0,0.0,1.0,0.0,1.0,0.0,0.0,0.0,0.0,0.0,0.0,0.0,0.0,0.0,0.0,0.0,0.0,1.0,0.0
PP133,g1,3382,0,0.975,0.228514,0.210639,-0.95048,0.069137,0.20216,-0.976909,0.153,0.211,255.0,256.4,259.6,262.7,263.8,262.6,259.2,256.1,250.5,252.7,255.7,259.2,262.5,265.0,266.5,264.5,261.7,258.5,255.4,252.5,257.9,259.3,260.7,261.3,260.8,259.5,258.1,257.4,291.7,292.7,295.4,298.2,299.4,298.4,295.8,292.7,288.7,290.7,293.3,296.5,299.2,301.0,302.0,300.9,299.2,296.8,293.9,290.9,294.2,295.4,296.6,297.0,296.5,295.3,294.1,293.7,160.6,157.4,156.3,157.7,161.0,164.4,165.3,163.8,161.8,160.1,159.1,158.7,159.5,161.1,163.2,164.3,164.5,164.6,164.2,163.3,162.2,162.9,162.3,161.0,159.5,158.9,159.4,160.8,161.5,158.4,157.1,158.4,161.4,164.4,165.7,164.7,163.5,161.5,160.1,159.4,159.9,161.0,162.7,164.1,164.9,165.2,165.0,164.6,162.8,163.4,162.8,161.5,160.1,159.6,160.2,161.5,6.6,8.5,12.8,16.9,18.4,16.7,12.2,8.2,0.6,3.5,7.5,12.2,16.6,19.9,22.1,19.3,15.5,11.3,7.1,3.4,10.6,12.3,14.2,15.0,14.4,12.6,10.7,9.9,58.1,59.6,63.5,67.6,69.4,67.9,63.9,59.6,53.9,56.6,60.2,64.8,68.9,71.9,73.8,71.9,69.0,65.3,61.1,57.0,61.8,63.6,65.3,66.0,65.2,63.4,61.7,61.0,-35.7,-39.9,-41.5,-39.6,-35.2,-30.7,-29.4,-31.4,-34.4,-36.4,-37.6,-38.0,-37.1,-35.1,-32.4,-30.9,-30.4,-30.3,-30.9,-32.2,-33.6,-32.8,-33.5,-35.3,-37.2,-38.1,-37.4,-35.5,-36.2,-40.5,-42.5,-40.9,-36.7,-32.4,-30.4,-31.7,-33.4,-36.1,-38.2,-39.2,-38.7,-37.4,-35.2,-33.0,-31.7,-31.1,-31.3,-31.8,-34.5,-33.8,-34.6,-36.5,-38.4,-39.1,-38.2,-36.3,518.2,518.8,519.3,519.4,519.1,518.8,518.0,517.9,521.9,519.6,517.5,516.7,517.7,519.4,521.2,519.4,517.5,516.9,517.7,519.6,519.1,519.2,519.4,519.7,519.8,519.7,519.5,519.3,543.8,544.7,546.5,548.0,548.4,547.4,545.7,544.3,544.0,543.3,543.3,544.5,547.4,551.0,554.5,551.2,547.8,545.2,543.8,543.7,546.0,546.6,547.4,547.8,547.7,547.0,546.2,545.8,43.8,-3.4,655.4,0.227,-0.231,0.067,228.0,227.8,228.7,230.6,234.9,242.1,251.5,262.3,272.9,281.4,287.4,293.1,298.2,302.2,305.0,307.2,308.2,241.3,248.5,257.4,266.3,274.1,288.7,295.1,301.1,306.7,309.6,281.1,282.0,283.0,284.0,271.8,276.2,280.6,284.4,287.7,250.3,256.0,262.1,266.7,261.6,255.5,288.7,293.6,298.9,302.1,299.1,293.9,261.1,269.3,275.9,279.4,283.0,286.9,289.6,286.4,282.3,278.4,274.5,268.3,264.2,275.1,278.8,282.4,287.7,282.4,278.7,274.9,160.1,171.5,182.9,193.9,204.3,213.6,221.3,227.3,229.0,226.9,220.5,212.8,204.0,194.3,184.1,173.6,162.9,153.2,148.8,148.0,149.7,153.0,153.0,150.1,148.8,149.9,154.1,162.1,169.6,177.1,184.8,189.6,191.1,192.4,191.3,189.8,161.7,159.1,159.4,163.3,164.5,164.4,163.7,159.8,159.9,162.6,165.0,165.1,204.3,202.1,200.7,201.9,200.8,202.4,204.5,209.4,211.5,211.9,211.5,209.3,204.6,204.5,204.9,204.5,204.8,205.7,206.2,205.8,-37.9,-38.6,-37.3,-34.1,-26.5,-13.8,2.6,21.2,39.7,55.2,67.3,78.9,88.9,96.3,101.3,105.1,106.8,-14.3,-2.5,12.1,26.4,39.1,63.5,75.0,86.3,97.3,104.0,50.8,51.9,53.1,54.3,35.5,42.7,50.0,56.6,62.4,0.6,9.8,19.9,27.6,19.2,9.1,65.3,73.9,83.4,90.0,83.9,74.4,18.6,31.9,42.5,48.3,54.6,61.9,67.9,61.3,53.8,47.1,40.5,30.4,23.7,41.4,47.6,53.9,64.1,53.8,47.4,41.2,-47.4,-27.8,-8.1,11.2,29.6,45.7,58.9,68.7,71.7,69.2,59.3,46.3,30.5,12.6,-6.3,-25.5,-45.2,-56.5,-63.2,-64.2,-61.2,-55.8,-56.6,-62.2,-65.3,-64.6,-58.2,-41.6,-29.1,-16.7,-4.3,3.4,5.9,8.0,6.3,3.9,-42.6,-46.7,-46.3,-40.0,-37.9,-38.1,-40.2,-46.9,-47.1,-42.9,-38.4,-38.1,28.1,24.0,21.7,23.7,22.0,25.0,29.1,36.8,39.9,40.4,39.6,36.2,28.5,28.0,28.8,28.2,29.5,30.3,31.0,30.2,675.0,678.8,683.3,686.4,687.0,685.3,680.5,674.2,675.6,686.4,702.2,715.0,720.9,720.8,719.2,717.6,717.0,642.9,637.6,634.4,632.3,632.0,641.3,649.8,659.8,670.5,681.4,639.3,634.1,628.4,623.2,637.3,637.3,637.9,641.7,645.9,644.5,642.1,643.5,646.1,644.0,642.6,659.1,661.8,666.8,674.1,667.6,662.7,653.1,643.7,641.0,642.9,645.6,655.3,669.6,657.8,649.9,646.8,645.1,646.8,651.5,644.4,645.7,649.0,665.2,649.0,645.7,644.5,0.592,0.234,-0.31,0.086,276.016,185.282,-0.451,8.874,-13.843,12.323,4.982,-1.743,-3.42,2.582,3.356,-1.289,0.429,0.663,0.24,-1.745,0.01,-0.189,0.153,0.555,-0.679,-0.671,0.714,-0.304,-0.14,-0.501,0.299,0.018,0.09,0.055,-0.087,0.0,-0.015,0.009,0.01,-0.001,0.0,0.0,0.0,0.6,0.0,0.0,0.0,0.0,0.0,0.46,0.0,0.0,0.0,0.0,0.0,0.0,0.0,0.0,1.0,0.0,1.0,0.0,0.0,0.0,0.0,0.0,0.0,0.0,0.0,0.0,0.0,0.0,0.0,1.0,0.0
PP133,g1,3388,0,0.975,0.230166,0.208712,-0.950507,0.072063,0.200191,-0.977103,0.156,0.209,254.9,256.3,259.5,262.6,263.7,262.5,259.1,256.1,250.4,252.6,255.6,259.1,262.4,264.9,266.4,264.4,261.6,258.4,255.3,252.5,257.9,259.2,260.6,261.2,260.7,259.4,258.0,257.3,291.6,292.6,295.2,298.0,299.2,298.3,295.6,292.6,288.5,290.5,293.1,296.3,299.0,300.8,301.8,300.8,299.0,296.6,293.8,290.8,294.1,295.3,296.4,296.9,296.3,295.1,293.9,293.5,160.6,157.4,156.3,157.7,161.0,164.4,165.3,163.8,161.8,160.1,159.1,158.7,159.5,161.1,163.2,164.2,164.5,164.6,164.2,163.3,162.2,162.8,162.3,161.0,159.5,158.9,159.4,160.8,161.4,158.4,157.1,158.3,161.3,164.4,165.7,164.7,163.5,161.5,160.0,159.4,159.9,161.0,162.7,164.1,164.8,165.2,165.0,164.6,162.8,163.3,162.8,161.4,160.1,159.6,160.1,161.5,6.5,8.4,12.7,16.8,18.3,16.6,12.1,8.1,0.5,3.4,7.4,12.1,16.5,19.8,22.0,19.2,15.4,11.2,7.0,3.3,10.5,12.2,14.1,14.9,14.3,12.5,10.6,9.8,57.9,59.4,63.3,67.4,69.2,67.7,63.8,59.4,53.7,56.4,60.0,64.6,68.7,71.8,73.6,71.7,68.8,65.1,61.0,56.8,61.6,63.4,65.1,65.8,65.0,63.2,61.5,60.8,-35.8,-40.0,-41.6,-39.6,-35.3,-30.7,-29.5,-31.4,-34.4,-36.4,-37.6,-38.1,-37.1,-35.2,-32.5,-31.0,-30.5,-30.4,-31.0,-32.2,-33.7,-32.8,-33.5,-35.3,-37.3,-38.1,-37.4,-35.6,-36.3,-40.6,-42.6,-41.0,-36.8,-32.4,-30.5,-31.8,-33.4,-36.2,-38.3,-39.3,-38.8,-37.5,-35.3,-33.1,-31.8,-31.2,-31.3,-31.9,-34.6,-33.9,-34.7,-36.6,-38.4,-39.1,-38.3,-36.4,518.9,519.5,520.0,520.1,519.8,519.4,518.7,518.6,522.6,520.2,518.2,517.4,518.4,520.1,521.9,520.1,518.2,517.6,518.3,520.3,519.8,519.9,520.1,520.3,520.5,520.4,520.2,520.0,544.3,545.2,547.0,548.6,549.0,548.0,546.2,544.8,544.5,543.8,543.8,545.0,547.9,551.6,555.0,551.7,548.3,545.7,544.3,544.2,546.5,547.2,548.0,548.4,548.2,547.5,546.8,546.3,43.6,-3.3,656.1,0.225,-0.234,0.067,227.9,227.7,228.6,230.6,234.9,242.1,251.5,262.2,272.8,281.2,287.2,292.8,297.9,301.9,304.7,306.9,307.9,241.2,248.4,257.3,266.2,274.1,288.5,294.9,300.9,306.4,309.4,281.0,281.9,283.0,284.0,271.7,276.1,280.5,284.4,287.6,250.3,255.9,262.0,266.6,261.5,255.4,288.5,293.5,298.7,301.9,298.9,293.7,261.0,269.3,275.8,279.2,282.9,286.7,289.4,286.2,282.2,278.3,274.4,268.3,264.1,275.0,278.7,282.3,287.5,282.2,278.6,274.8,160.2,171.7,183.1,194.1,204.6,213.8,221.5,227.4,229.0,227.0,220.6,212.9,204.1,194.4,184.2,173.6,162.9,153.3,148.9,148.0,149.7,153.0,153.0,150.1,148.8,149.9,154.1,162.0,169.6,177.1,184.9,189.6,191.2,192.5,191.4,189.9,161.7,159.1,159.4,163.3,164.5,164.4,163.6,159.8,159.9,162.6,165.0,165.0,204.3,202.1,200.8,201.9,200.9,202.4,204.5,209.4,211.4,211.9,211.5,209.3,204.6,204.5,204.9,204.5,204.8,205.7,206.2,205.8,-38.1,-38.8,-37.5,-34.2,-26.6,-13.8,2.5,21.1,39.5,54.9,66.9,78.4,88.4,95.8,100.8,104.6,106.4,-14.5,-2.7,11.9,26.3,39.0,63.3,74.8,86.1,97.0,103.7,50.7,51.8,53.1,54.3,35.4,42.7,49.9,56.5,62.3,0.4,9.7,19.8,27.5,19.1,8.9,65.1,73.7,83.2,89.7,83.7,74.2,18.4,31.8,42.3,48.2,54.4,61.7,67.6,61.1,53.6,46.9,40.3,30.2,23.5,41.3,47.4,53.7,63.9,53.6,47.3,41.0,-47.2,-27.5,-7.8,11.6,30.0,46.1,59.2,69.0,71.9,69.4,59.6,46.5,30.7,12.7,-6.2,-25.5,-45.2,-56.4,-63.1,-64.2,-61.2,-55.9,-56.7,-62.3,-65.4,-64.7,-58.3,-41.8,-29.1,-16.7,-4.1,3.5,6.0,8.1,6.3,3.9,-42.6,-46.8,-46.4,-40.0,-37.9,-38.1,-40.3,-47.0,-47.2,-43.0,-38.5,-38.2,28.1,24.1,21.8,23.8,22.1,25.0,29.1,36.8,39.9,40.4,39.6,36.2,28.5,28.1,28.8,28.3,29.6,30.3,31.0,30.2,675.4,679.2,683.7,686.8,687.4,685.7,680.9,674.6,676.1,686.9,702.8,715.5,721.5,721.4,719.9,718.4,717.7,643.6,638.3,635.2,633.0,632.8,642.2,650.6,660.7,671.3,682.2,640.1,634.9,629.1,623.9,637.9,637.9,638.5,642.3,646.6,645.1,642.7,644.1,646.7,644.6,643.2,659.9,662.6,667.6,674.8,668.3,663.5,653.7,644.5,641.8,643.7,646.4,656.1,670.2,658.5,650.6,647.4,645.8,647.4,652.1,645.1,646.5,649.7,665.9,649.7,646.4,645.2,0.591,0.232,-0.314,0.085,275.881,185.317,-1.094,8.872,-13.845,12.74,5.218,-1.038,-3.222,2.262,3.325,-1.389,0.497,0.724,0.387,-1.729,-0.035,-0.33,0.144,0.665,-0.696,-0.541,0.708,-0.33,-0.075,-0.439,0.267,0.051,0.086,0.049,-0.09,-0.002,-0.02,0.007,0.006,0.0,0.0,0.0,0.0,0.68,0.0,0.0,0.06,0.0,0.0,0.29,0.0,0.0,0.0,0.0,0.0,0.0,0.0,0.0,1.0,0.0,1.0,0.0,0.0,0.0,0.0,0.0,0.0,0.0,0.0,0.0,0.0,0.0,0.0,1.0,0.0
PP133,g1,3394,0,0.925,0.228459,0.203665,-0.952012,0.076544,0.195647,-0.977683,0.157,0.204,254.9,256.3,259.5,262.5,263.7,262.5,259.1,256.1,250.4,252.6,255.6,259.1,262.4,264.8,266.4,264.4,261.6,258.4,255.3,252.5,257.9,259.2,260.6,261.2,260.7,259.4,258.0,257.4,291.5,292.4,295.1,297.8,299.1,298.1,295.5,292.5,288.4,290.4,293.0,296.2,298.9,300.7,301.6,300.6,298.9,296.5,293.6,290.7,293.9,295.1,296.3,296.7,296.2,295.0,293.8,293.4,160.3,157.2,156.0,157.5,160.7,164.1,165.0,163.6,161.6,159.9,158.9,158.5,159.2,160.8,162.9,164.0,164.3,164.3,163.9,163.1,161.9,162.6,162.1,160.7,159.3,158.6,159.2,160.5,161.1,158.0,156.8,158.0,161.0,164.0,165.3,164.3,163.2,161.1,159.7,159.0,159.5,160.6,162.3,163.7,164.5,164.8,164.7,164.2,162.4,163.0,162.4,161.1,159.8,159.2,159.8,161.1,6.5,8.4,12.7,16.8,18.3,16.7,12.2,8.1,0.6,3.5,7.4,12.0,16.5,19.8,22.0,19.2,15.4,11.2,7.1,3.3,10.5,12.3,14.1,15.0,14.3,12.5,10.6,9.8,57.8,59.3,63.2,67.2,69.0,67.5,63.6,59.2,53.6,56.2,59.9,64.5,68.6,71.6,73.4,71.5,68.6,65.0,60.8,56.7,61.5,63.2,65.0,65.6,64.8,63.0,61.3,60.7,-36.2,-40.4,-42.0,-40.1,-35.8,-31.2,-29.9,-31.9,-34.8,-36.9,-38.1,-38.6,-37.6,-35.7,-33.0,-31.4,-30.9,-30.8,-31.4,-32.6,-34.1,-33.3,-34.0,-35.8,-37.7,-38.6,-37.9,-36.0,-36.8,-41.1,-43.1,-41.5,-37.3,-32.9,-31.0,-32.3,-33.9,-36.7,-38.8,-39.8,-39.3,-38.0,-35.8,-33.6,-32.3,-31.7,-31.8,-32.4,-35.1,-34.4,-35.2,-37.1,-38.9,-39.6,-38.8,-36.9,520.6,521.2,521.6,521.7,521.3,521.0,520.3,520.3,524.3,521.9,519.9,519.1,520.0,521.6,523.5,521.7,519.8,519.2,520.0,522.0,521.5,521.5,521.7,521.9,522.1,522.1,521.9,521.6,544.4,545.4,547.2,548.8,549.2,548.2,546.4,544.9,544.6,544.0,544.0,545.2,548.1,551.8,555.3,551.9,548.5,545.9,544.5,544.3,546.7,547.3,548.1,548.6,548.4,547.7,546.9,546.5,43.7,-3.4,654.4,0.215,-0.235,0.06,227.9,227.7,228.6,230.7,235.2,242.5,251.8,262.7,273.3,281.7,287.6,293.0,297.9,301.8,304.6,306.8,307.8,241.2,248.4,257.3,266.1,273.9,288.5,294.8,300.7,306.2,309.2,280.9,281.9,283.0,284.1,271.8,276.3,280.7,284.5,287.7,250.3,255.9,262.0,266.6,261.5,255.4,288.4,293.3,298.6,301.8,298.8,293.6,261.4,269.6,276.0,279.4,283.1,286.9,289.5,286.5,282.5,278.6,274.7,268.7,264.5,275.3,278.9,282.5,287.6,282.5,278.8,275.1,160.2,171.8,183.4,194.5,205.1,214.5,222.2,228.1,229.6,227.5,221.0,213.2,204.2,194.4,184.1,173.5,162.7,153.1,148.6,147.7,149.4,152.7,152.7,149.8,148.5,149.5,153.8,161.6,169.2,176.8,184.7,189.5,191.0,192.3,191.2,189.6,161.5,158.8,159.1,163.0,164.2,164.1,163.3,159.4,159.5,162.3,164.6,164.7,204.5,202.2,200.8,201.9,200.8,202.4,204.6,209.4,211.4,211.9,211.5,209.5,204.8,204.5,204.9,204.5,204.9,205.7,206.2,205.8,-38.1,-38.7,-37.3,-33.8,-26.0,-13.1,3.2,21.9,40.2,55.5,67.4,78.6,88.3,95.4,100.3,104.0,105.7,-14.4,-2.7,11.9,26.1,38.6,63.2,74.4,85.6,96.4,103.1,50.5,51.7,53.0,54.3,35.6,42.8,50.0,56.5,62.3,0.5,9.7,19.7,27.4,19.0,8.9,64.8,73.4,82.8,89.3,83.3,73.9,19.0,32.2,42.6,48.4,54.6,61.7,67.6,61.3,54.0,47.3,40.8,30.8,24.1,41.6,47.7,53.9,63.9,53.8,47.6,41.4,-47.1,-27.2,-7.2,12.3,31.0,47.2,60.3,69.9,72.6,70.1,60.2,46.9,30.8,12.7,-6.3,-25.6,-45.4,-56.6,-63.4,-64.6,-61.6,-56.3,-57.2,-62.8,-65.9,-65.2,-58.8,-42.4,-29.6,-17.1,-4.5,3.2,5.8,7.9,6.0,3.5,-42.8,-47.1,-46.7,-40.5,-38.3,-38.4,-40.8,-47.5,-47.7,-43.5,-39.0,-38.7,28.4,24.2,21.8,23.7,22.0,25.0,29.2,36.8,39.7,40.3,39.6,36.3,28.8,28.1,28.8,28.2,29.6,30.1,30.9,30.1,673.8,677.7,682.3,685.4,685.7,683.8,678.8,672.5,674.0,684.9,700.9,713.7,719.5,719.2,717.4,715.6,714.8,642.0,636.8,633.9,631.9,631.7,641.2,649.7,659.6,670.1,680.8,638.9,633.5,627.6,622.3,636.3,636.2,636.8,640.6,645.0,643.5,641.3,642.8,645.4,643.2,641.8,658.6,661.4,666.3,673.5,667.0,662.2,651.6,642.5,640.1,641.9,644.7,654.2,668.1,656.3,648.6,645.3,643.7,645.2,650.0,643.2,644.6,648.0,663.7,647.9,644.5,643.3,0.593,0.222,-0.315,0.078,275.982,185.272,-2.841,10.788,-14.833,14.407,3.774,-0.308,-3.016,2.369,3.42,-2.326,0.553,0.435,0.095,-2.045,0.236,-0.365,0.123,0.674,-0.631,-0.641,0.695,-0.27,-0.33,-0.62,0.345,0.153,0.121,0.052,-0.099,-0.009,-0.024,-0.001,0.01,-0.001,0.3,0.0,0.0,0.49,0.0,0.0,0.1,0.0,0.0,0.58,0.0,0.0,0.0,0.0,0.0,0.0,0.0,0.0,1.0,0.0,1.0,0.0,0.0,0.0,0.0,0.0,0.0,0.0,0.0,0.0,0.0,0.0,0.0,1.0,0.0
PP133,g1,3400,0,0.925,0.229631,0.201275,-0.952238,0.08046,0.192651,-0.977963,0.159,0.201,255.1,256.6,259.7,262.8,263.9,262.7,259.4,256.3,250.7,252.8,255.8,259.3,262.6,265.1,266.7,264.6,261.8,258.7,255.5,252.7,258.1,259.4,260.8,261.4,260.9,259.6,258.2,257.6,291.6,292.6,295.2,298.0,299.2,298.3,295.6,292.6,288.6,290.5,293.2,296.3,299.0,300.8,301.7,300.7,299.0,296.6,293.8,290.8,294.1,295.3,296.4,296.9,296.3,295.1,293.9,293.5,160.2,157.1,155.9,157.3,160.6,164.0,164.9,163.4,161.5,159.8,158.7,158.3,159.1,160.6,162.8,163.8,164.1,164.2,163.8,162.9,161.8,162.4,161.9,160.6,159.1,158.5,159.0,160.4,161.0,158.0,156.7,157.9,160.9,164.0,165.3,164.3,163.1,161.1,159.6,159.0,159.5,160.6,162.3,163.7,164.5,164.8,164.6,164.2,162.4,162.9,162.4,161.0,159.7,159.2,159.7,161.1,6.9,8.8,13.0,17.1,18.6,17.0,12.5,8.4,0.9,3.8,7.7,12.4,16.8,20.1,22.3,19.6,15.7,11.5,7.4,3.6,10.8,12.6,14.5,15.3,14.6,12.8,11.0,10.1,58.0,59.5,63.4,67.5,69.3,67.8,63.9,59.5,53.8,56.5,60.2,64.7,68.8,71.8,73.6,71.7,68.8,65.2,61.1,56.9,61.7,63.5,65.2,65.9,65.1,63.3,61.6,60.9,-36.4,-40.6,-42.3,-40.3,-36.0,-31.4,-30.2,-32.1,-35.0,-37.1,-38.3,-38.8,-37.9,-35.9,-33.2,-31.7,-31.1,-31.0,-31.6,-32.9,-34.3,-33.5,-34.2,-36.0,-37.9,-38.8,-38.1,-36.2,-36.9,-41.2,-43.2,-41.6,-37.4,-33.0,-31.1,-32.4,-34.1,-36.9,-38.9,-39.9,-39.3,-38.1,-35.8,-33.6,-32.4,-31.8,-32.0,-32.5,-35.2,-34.5,-35.3,-37.2,-39.0,-39.7,-38.9,-37.0,521.2,521.8,522.2,522.3,521.9,521.6,520.9,520.9,524.9,522.5,520.5,519.6,520.6,522.2,524.0,522.2,520.4,519.8,520.6,522.6,522.1,522.1,522.3,522.5,522.7,522.6,522.5,522.2,544.9,545.9,547.7,549.3,549.7,548.6,546.8,545.3,545.0,544.4,544.4,545.7,548.6,552.3,555.8,552.4,549.0,546.3,544.9,544.7,547.1,547.8,548.6,549.0,548.9,548.2,547.4,546.9,43.9,-3.5,653.7,0.21,-0.239,0.061,228.0,227.7,228.6,230.7,235.2,242.6,252.0,262.9,273.6,281.9,287.7,293.1,297.9,301.8,304.6,306.8,307.7,241.5,248.7,257.6,266.4,274.2,288.7,294.9,300.9,306.3,309.2,281.1,282.1,283.3,284.4,272.1,276.5,280.9,284.7,287.9,250.6,256.1,262.2,266.8,261.8,255.7,288.6,293.5,298.7,301.9,298.9,293.7,261.6,269.8,276.2,279.7,283.3,287.1,289.7,286.7,282.8,278.9,275.0,268.9,264.7,275.5,279.1,282.7,287.8,282.7,279.1,275.4,160.1,171.7,183.3,194.6,205.2,214.6,222.4,228.3,229.7,227.6,221.2,213.3,204.3,194.5,184.2,173.6,162.8,152.9,148.4,147.6,149.3,152.6,152.6,149.7,148.5,149.5,153.8,161.4,169.1,176.7,184.5,189.4,191.0,192.3,191.1,189.6,161.4,158.7,159.0,162.9,164.1,164.0,163.2,159.4,159.5,162.3,164.6,164.6,204.6,202.2,200.8,201.9,200.8,202.4,204.7,209.4,211.4,211.8,211.4,209.5,204.8,204.5,204.9,204.5,205.0,205.6,206.1,205.7,-37.9,-38.6,-37.3,-33.8,-25.9,-13.0,3.4,22.2,40.7,55.9,67.6,78.7,88.2,95.2,100.1,103.9,105.5,-13.9,-2.1,12.4,26.6,39.0,63.5,74.7,85.9,96.6,103.2,50.9,52.1,53.4,54.7,35.9,43.1,50.3,56.9,62.6,0.9,10.0,20.0,27.7,19.4,9.3,65.0,73.6,83.0,89.4,83.5,74.1,19.3,32.6,42.9,48.7,54.9,62.0,67.8,61.6,54.3,47.7,41.1,31.2,24.4,41.9,48.0,54.2,64.1,54.2,48.0,41.8,-47.3,-27.3,-7.3,12.4,31.1,47.3,60.5,70.0,72.7,70.2,60.3,47.1,31.0,12.9,-6.1,-25.4,-45.1,-56.8,-63.6,-64.8,-61.8,-56.5,-57.3,-62.8,-65.9,-65.2,-58.7,-42.6,-29.8,-17.3,-4.7,3.1,5.6,7.7,5.9,3.4,-43.0,-47.3,-46.9,-40.7,-38.5,-38.6,-40.9,-47.6,-47.8,-43.5,-39.1,-38.8,28.5,24.2,21.7,23.6,22.0,25.0,29.3,36.7,39.6,40.1,39.4,36.2,28.8,28.0,28.7,28.2,29.7,30.0,30.7,30.0,673.1,676.9,681.5,684.5,684.7,682.7,677.6,671.2,672.8,684.0,700.2,713.1,718.9,718.6,716.7,714.9,714.1,641.1,636.1,633.3,631.4,631.3,640.9,649.4,659.4,669.9,680.7,638.4,633.0,627.1,621.6,635.6,635.5,636.1,640.0,644.5,642.8,640.6,642.2,644.8,642.6,641.1,658.2,661.1,666.1,673.3,666.7,661.8,650.6,641.4,639.2,641.1,644.0,653.5,667.3,655.4,647.6,644.3,642.6,644.1,649.0,642.3,643.8,647.2,662.9,647.0,643.6,642.2,0.593,0.218,-0.32,0.079,276.167,185.248,-2.705,11.719,-15.251,14.63,3.126,-0.03,-3.043,2.602,3.387,-2.426,0.649,0.167,-0.144,-2.002,0.189,-0.118,0.101,0.766,-0.569,-0.674,0.651,-0.174,-0.455,-0.737,0.319,0.178,0.128,0.044,-0.099,-0.013,-0.022,-0.005,0.01,-0.002,0.28,0.0,0.0,1.01,0.0,0.0,0.0,0.0,0.0,0.49,0.0,0.0,0.0,0.0,0.0,0.0,0.0,1.0,1.0,0.0,1.0,0.0,0.0,0.0,0.0,0.0,0.0,0.0,0.0,0.0,0.0,0.0,0.0,1.0,0.0
PP133,g1,3406,0,0.975,0.229959,0.205657,-0.951222,0.077799,0.196476,-0.977417,0.158,0.206,255.1,256.5,259.7,262.8,263.9,262.7,259.3,256.3,250.6,252.8,255.8,259.3,262.6,265.0,266.6,264.6,261.8,258.6,255.5,252.6,258.0,259.4,260.8,261.4,260.9,259.5,258.2,257.5,291.7,292.6,295.3,298.1,299.3,298.3,295.7,292.6,288.6,290.6,293.2,296.4,299.1,300.9,301.8,300.8,299.0,296.7,293.8,290.9,294.1,295.3,296.5,296.9,296.4,295.2,294.0,293.6,160.2,157.1,155.9,157.4,160.6,164.0,164.9,163.4,161.4,159.7,158.7,158.3,159.1,160.7,162.8,163.9,164.2,164.2,163.8,162.9,161.8,162.5,161.9,160.6,159.2,158.5,159.0,160.4,161.1,158.1,156.8,158.0,161.1,164.1,165.4,164.4,163.2,161.1,159.7,159.1,159.6,160.7,162.4,163.8,164.6,164.9,164.7,164.3,162.5,163.0,162.5,161.1,159.8,159.3,159.8,161.2,6.8,8.7,12.9,17.0,18.5,16.9,12.4,8.3,0.8,3.7,7.6,12.3,16.8,20.0,22.2,19.4,15.6,11.4,7.3,3.5,10.7,12.5,14.3,15.2,14.5,12.7,10.9,10.0,57.9,59.4,63.3,67.4,69.2,67.6,63.7,59.3,53.7,56.4,60.0,64.6,68.7,71.7,73.5,71.6,68.7,65.1,60.9,56.8,61.6,63.4,65.1,65.7,64.9,63.2,61.5,60.8,-36.3,-40.5,-42.1,-40.2,-35.8,-31.3,-30.0,-32.0,-34.9,-37.0,-38.2,-38.7,-37.7,-35.7,-33.0,-31.5,-31.0,-30.9,-31.5,-32.8,-34.2,-33.4,-34.1,-35.9,-37.8,-38.7,-38.0,-36.1,-36.7,-41.0,-42.9,-41.3,-37.1,-32.8,-30.9,-32.2,-33.8,-36.6,-38.6,-39.6,-39.1,-37.8,-35.6,-33.4,-32.1,-31.5,-31.7,-32.3,-34.9,-34.2,-35.0,-36.9,-38.8,-39.5,-38.6,-36.8,519.5,520.1,520.5,520.6,520.3,520.0,519.2,519.2,523.2,520.8,518.8,518.0,518.9,520.6,522.4,520.6,518.8,518.1,518.9,520.8,520.4,520.4,520.6,520.9,521.0,521.0,520.8,520.5,543.1,544.1,546.0,547.5,547.9,546.9,545.1,543.6,543.4,542.7,542.7,544.0,546.9,550.6,554.0,550.7,547.3,544.6,543.2,543.0,545.4,546.1,546.9,547.3,547.1,546.5,545.7,545.2,43.6,-3.4,653.3,0.219,-0.237,0.066,227.8,227.6,228.5,230.5,234.9,242.2,251.5,262.4,273.1,281.5,287.4,292.9,297.8,301.7,304.5,306.8,307.8,241.2,248.4,257.5,266.4,274.3,288.7,295.0,301.0,306.5,309.4,281.2,282.1,283.2,284.2,271.9,276.3,280.7,284.5,287.8,250.5,256.1,262.2,266.8,261.7,255.6,288.6,293.5,298.8,301.9,298.9,293.8,261.2,269.4,275.9,279.4,283.0,286.8,289.4,286.3,282.3,278.5,274.6,268.5,264.3,275.2,278.8,282.4,287.5,282.4,278.7,275.0,159.9,171.5,183.1,194.3,204.9,214.3,222.1,228.0,229.5,227.4,220.9,213.1,204.2,194.3,184.1,173.6,162.8,153.0,148.5,147.6,149.4,152.7,152.7,149.9,148.6,149.7,154.0,161.6,169.3,176.9,184.7,189.5,191.1,192.4,191.3,189.7,161.3,158.7,159.0,162.9,164.1,164.0,163.3,159.5,159.6,162.4,164.7,164.7,204.4,202.2,200.8,202.0,200.9,202.5,204.7,209.4,211.4,211.9,211.5,209.4,204.7,204.6,205.0,204.6,205.0,205.7,206.2,205.8,-38.2,-38.9,-37.6,-34.2,-26.4,-13.7,2.7,21.4,39.8,55.1,67.0,78.2,87.9,95.1,100.1,103.9,105.7,-14.4,-2.5,12.2,26.5,39.2,63.4,74.8,86.0,96.9,103.4,50.9,52.0,53.2,54.4,35.6,42.8,50.0,56.6,62.3,0.8,10.0,20.0,27.7,19.3,9.2,64.9,73.6,83.0,89.4,83.5,74.1,18.7,31.9,42.4,48.2,54.4,61.5,67.3,60.9,53.6,47.0,40.4,30.5,23.8,41.3,47.4,53.7,63.6,53.6,47.3,41.1,-47.6,-27.7,-7.7,11.9,30.5,46.8,59.9,69.6,72.4,69.9,59.9,46.6,30.6,12.6,-6.3,-25.5,-45.2,-56.6,-63.4,-64.6,-61.6,-56.2,-56.9,-62.5,-65.6,-64.8,-58.2,-42.3,-29.5,-17.0,-4.4,3.2,5.8,7.9,6.1,3.7,-43.0,-47.3,-46.8,-40.5,-38.4,-38.6,-40.7,-47.4,-47.5,-43.3,-38.8,-38.5,28.2,24.1,21.8,23.8,22.1,25.1,29.3,36.8,39.7,40.2,39.4,36.1,28.6,28.0,28.8,28.3,29.7,30.1,30.8,30.0,672.8,676.7,681.2,684.2,684.5,682.6,677.6,671.3,672.8,683.9,699.9,712.7,718.5,718.2,716.6,714.9,714.3,640.9,635.6,632.6,630.5,630.4,639.9,648.5,658.6,669.3,680.2,637.6,632.3,626.4,621.1,635.1,635.1,635.6,639.5,643.9,642.2,640.0,641.5,644.1,641.9,640.4,657.5,660.3,665.3,672.5,666.0,661.1,650.5,641.4,639.0,640.9,643.7,653.2,667.2,655.3,647.6,644.3,642.6,644.1,648.9,642.1,643.6,647.0,662.7,646.8,643.4,642.2,0.594,0.226,-0.317,0.084,275.989,185.252,-1.856,11.203,-14.502,14.122,4.355,-0.2,-3.222,1.717,3.76,-1.87,0.554,0.28,0.153,-1.657,0.226,-0.196,0.271,0.824,-0.691,-0.551,0.698,-0.333,-0.288,-0.642,0.296,0.083,0.126,0.052,-0.085,-0.004,-0.015,0.002,0.008,-0.007,0.37,0.0,0.0,0.97,0.0,0.0,0.0,0.0,0.0,0.65,0.0,0.0,0.0,0.0,0.0,0.0,0.0,1.0,1.0,0.0,1.0,0.0,0.0,0.0,0.0,0.0,0.0,0.0,0.0,0.0,0.0,0.0,0.0,1.0,0.0
PP133,g1,3413,0,0.925,0.23144,0.211189,-0.94965,0.078413,0.200715,-0.976506,0.159,0.211,255.6,257.1,260.3,263.3,264.4,263.2,259.8,256.8,251.1,253.3,256.3,259.8,263.1,265.5,267.1,265.1,262.2,259.1,256.0,253.2,258.6,259.9,261.3,261.9,261.4,260.1,258.7,258.1,292.1,293.1,295.7,298.5,299.7,298.7,296.0,293.1,289.0,291.0,293.6,296.8,299.5,301.2,302.1,301.2,299.4,297.1,294.2,291.3,294.5,295.7,296.9,297.3,296.8,295.6,294.4,294.0,160.0,156.9,155.8,157.3,160.5,163.9,164.8,163.3,161.2,159.6,158.6,158.2,159.0,160.6,162.7,163.8,164.0,164.1,163.6,162.7,161.7,162.3,161.8,160.5,159.0,158.4,158.9,160.2,161.2,158.1,156.9,158.1,161.1,164.2,165.4,164.4,163.2,161.2,159.8,159.1,159.7,160.8,162.5,163.9,164.7,164.9,164.8,164.3,162.5,163.1,162.5,161.2,159.9,159.3,159.9,161.2,7.5,9.5,13.7,17.8,19.3,17.6,13.1,9.0,1.5,4.4,8.4,13.1,17.5,20.8,22.9,20.2,16.3,12.1,8.0,4.2,11.4,13.2,15.1,15.9,15.3,13.5,11.6,10.8,58.7,60.3,64.2,68.2,70.0,68.4,64.5,60.1,54.5,57.2,60.9,65.4,69.5,72.5,74.2,72.4,69.5,65.9,61.7,57.6,62.4,64.2,65.9,66.6,65.8,64.0,62.3,61.6,-36.7,-40.9,-42.4,-40.5,-36.1,-31.6,-30.4,-32.3,-35.3,-37.4,-38.6,-39.0,-38.0,-36.0,-33.2,-31.8,-31.3,-31.2,-31.9,-33.2,-34.6,-33.7,-34.4,-36.2,-38.1,-39.0,-38.3,-36.5,-36.8,-41.1,-43.0,-41.3,-37.1,-32.8,-30.9,-32.3,-33.9,-36.7,-38.7,-39.7,-39.1,-37.8,-35.6,-33.4,-32.1,-31.6,-31.7,-32.3,-35.0,-34.3,-35.1,-37.0,-38.8,-39.5,-38.7,-36.8,521.5,522.1,522.6,522.7,522.4,522.0,521.3,521.2,525.2,522.8,520.8,520.0,521.0,522.7,524.5,522.7,520.8,520.1,520.9,522.8,522.4,522.5,522.7,522.9,523.1,523.0,522.8,522.6,545.2,546.2,548.0,549.6,550.0,549.0,547.2,545.7,545.4,544.8,544.8,546.1,549.0,552.7,556.1,552.8,549.4,546.7,545.3,545.1,547.5,548.2,549.0,549.4,549.2,548.5,547.7,547.3,44.1,-3.6,654.8,0.227,-0.239,0.075,228.3,227.9,228.7,230.6,234.9,242.1,251.4,262.3,272.9,281.4,287.3,292.8,297.8,301.8,304.7,307.0,308.1,242.1,249.4,258.3,267.2,274.9,289.2,295.5,301.4,306.9,309.8,281.6,282.5,283.6,284.6,272.2,276.6,280.9,284.8,288.0,251.0,256.6,262.7,267.2,262.2,256.1,289.0,294.0,299.2,302.3,299.3,294.2,261.3,269.6,276.1,279.5,283.1,286.9,289.5,286.4,282.4,278.5,274.6,268.5,264.4,275.3,278.9,282.5,287.6,282.4,278.8,275.1,159.6,171.1,182.6,193.8,204.4,213.8,221.6,227.6,229.3,227.2,220.8,212.9,204.1,194.3,184.1,173.6,162.8,152.6,148.3,147.5,149.3,152.7,152.8,149.9,148.7,149.7,154.0,161.6,169.3,176.9,184.7,189.4,191.0,192.3,191.3,189.8,161.1,158.5,158.9,162.8,164.0,163.8,163.3,159.5,159.7,162.5,164.8,164.8,204.2,202.1,200.7,201.9,200.9,202.5,204.6,209.4,211.4,211.8,211.4,209.3,204.6,204.5,204.9,204.5,205.0,205.7,206.2,205.7,-37.3,-38.2,-37.2,-34.0,-26.5,-13.8,2.5,21.2,39.6,55.0,67.0,78.3,88.2,95.5,100.6,104.6,106.4,-13.0,-1.0,13.5,27.8,40.2,64.3,75.7,86.9,97.6,104.2,51.7,52.8,54.0,55.1,36.1,43.3,50.5,57.0,62.8,1.7,10.9,20.9,28.5,20.1,10.0,65.8,74.5,83.9,90.2,84.2,74.9,18.9,32.2,42.7,48.5,54.7,61.9,67.6,61.2,53.8,47.1,40.6,30.6,24.0,41.6,47.7,54.0,63.9,53.8,47.6,41.4,-48.1,-28.4,-8.5,11.1,29.7,46.0,59.3,69.1,72.1,69.7,59.7,46.5,30.6,12.5,-6.3,-25.5,-45.2,-57.3,-63.9,-64.9,-61.7,-56.3,-56.9,-62.5,-65.5,-64.8,-58.4,-42.3,-29.6,-17.1,-4.4,3.1,5.7,7.9,6.2,3.7,-43.4,-47.6,-47.1,-40.7,-38.7,-38.9,-40.7,-47.4,-47.5,-43.2,-38.8,-38.5,27.9,24.0,21.7,23.7,22.1,25.1,29.3,36.9,39.7,40.2,39.4,36.0,28.4,28.0,28.8,28.3,29.8,30.2,30.9,30.0,673.2,677.1,681.7,684.9,685.4,683.6,678.8,672.6,674.3,685.3,701.3,714.1,719.9,719.7,718.0,716.2,715.5,641.2,636.2,633.4,631.6,631.6,641.2,649.7,659.7,670.3,681.0,638.9,633.6,627.9,622.7,636.5,636.5,637.2,641.1,645.4,643.0,640.8,642.4,645.1,642.9,641.3,658.7,661.4,666.4,673.7,667.2,662.3,651.9,642.9,640.5,642.4,645.3,654.9,668.8,657.1,649.3,645.9,644.2,645.7,650.3,643.7,645.1,648.6,664.4,648.5,645.0,643.7,0.593,0.234,-0.32,0.094,276.246,185.158,-3.235,10.792,-14.833,13.429,4.236,-0.315,-2.804,1.8,3.469,-1.263,1.07,0.497,-0.084,-1.832,-0.05,-0.102,0.263,0.773,-0.668,-0.625,0.597,-0.251,-0.246,-0.53,0.33,0.047,0.119,0.044,-0.084,-0.001,-0.018,0.007,0.007,-0.004,0.32,0.0,0.0,0.57,0.0,0.0,0.0,0.0,0.0,0.72,0.0,0.0,0.0,0.0,0.0,0.0,0.0,1.0,1.0,0.0,1.0,0.0,0.0,0.0,0.0,0.0,1.0,0.0,0.0,0.0,0.0,0.0,0.0,1.0,0.0
PP133,g1,3419,0,0.975,0.229669,0.218688,-0.948382,0.072835,0.207748,-0.975467,0.156,0.218,256.0,257.4,260.6,263.7,264.8,263.5,260.1,257.1,251.4,253.7,256.7,260.2,263.5,265.9,267.4,265.4,262.6,259.4,256.3,253.5,258.9,260.2,261.6,262.3,261.8,260.4,259.1,258.4,292.5,293.6,296.2,299.0,300.2,299.2,296.5,293.5,289.5,291.5,294.1,297.3,300.0,301.7,302.7,301.7,299.9,297.5,294.7,291.7,295.0,296.2,297.4,297.8,297.3,296.1,294.9,294.5,159.9,156.8,155.6,157.1,160.4,163.8,164.6,163.1,161.0,159.4,158.4,158.1,158.9,160.5,162.6,163.7,163.9,163.9,163.5,162.6,161.5,162.2,161.7,160.3,158.9,158.2,158.7,160.1,161.1,158.1,156.8,158.1,161.1,164.1,165.4,164.4,163.2,161.1,159.7,159.1,159.6,160.7,162.5,163.9,164.6,164.9,164.7,164.3,162.5,163.0,162.5,161.2,159.8,159.3,159.8,161.2,8.0,9.9,14.2,18.2,19.7,18.0,13.5,9.4,1.9,4.9,8.9,13.5,18.0,21.2,23.3,20.6,16.7,12.5,8.4,4.7,11.9,13.6,15.5,16.4,15.7,13.9,12.1,11.2,59.3,60.8,64.7,68.8,70.5,69.0,65.1,60.7,55.0,57.7,61.4,66.0,70.1,73.1,74.8,73.0,70.1,66.4,62.3,58.1,63.0,64.7,66.4,67.1,66.3,64.6,62.9,62.2,-36.8,-41.0,-42.5,-40.5,-36.1,-31.6,-30.4,-32.4,-35.5,-37.5,-38.7,-39.1,-38.0,-36.0,-33.3,-31.8,-31.3,-31.3,-32.0,-33.3,-34.6,-33.8,-34.4,-36.3,-38.2,-39.0,-38.4,-36.5,-36.8,-41.1,-43.0,-41.3,-37.1,-32.8,-30.9,-32.3,-33.9,-36.7,-38.7,-39.6,-39.1,-37.8,-35.6,-33.4,-32.1,-31.6,-31.7,-32.3,-35.0,-34.3,-35.1,-37.0,-38.8,-39.5,-38.7,-36.8,519.8,520.4,520.9,521.0,520.7,520.4,519.6,519.5,523.5,521.1,519.1,518.4,519.3,521.1,522.9,521.1,519.2,518.5,519.2,521.2,520.8,520.8,521.0,521.3,521.4,521.4,521.1,520.9,544.3,545.3,547.1,548.6,549.1,548.1,546.3,544.8,544.5,543.9,543.8,545.1,548.0,551.7,555.2,551.9,548.4,545.8,544.4,544.2,546.6,547.3,548.0,548.5,548.3,547.6,546.8,546.4,44.6,-4.0,654.9,0.239,-0.234,0.079,228.6,228.2,228.9,230.8,235.1,242.4,251.7,262.4,273.0,281.5,287.5,293.1,298.3,302.3,305.3,307.6,308.6,242.4,249.7,258.7,267.5,275.3,289.7,296.0,302.0,307.5,310.3,282.1,282.9,283.9,284.8,272.4,276.8,281.2,285.0,288.3,251.3,257.0,263.1,267.6,262.6,256.4,289.5,294.4,299.7,302.8,299.8,294.6,261.3,269.7,276.3,279.7,283.3,287.1,289.7,286.5,282.5,278.6,274.7,268.5,264.4,275.4,279.1,282.7,287.8,282.6,279.0,275.2,159.1,170.7,182.1,193.2,203.8,213.1,220.9,227.0,228.6,226.6,220.1,212.3,203.5,193.9,183.7,173.3,162.6,152.4,148.1,147.4,149.2,152.6,152.8,149.9,148.7,149.7,154.0,161.6,169.3,176.9,184.7,189.3,190.9,192.2,191.1,189.7,160.9,158.4,158.7,162.8,163.9,163.7,163.3,159.5,159.6,162.4,164.7,164.7,203.8,201.8,200.5,201.7,200.7,202.3,204.3,209.2,211.3,211.7,211.2,209.0,204.2,204.3,204.7,204.3,204.7,205.6,206.0,205.6,-36.8,-37.8,-36.8,-33.7,-26.1,-13.4,2.9,21.5,39.8,55.2,67.3,78.9,89.0,96.4,101.6,105.6,107.5,-12.5,-0.5,14.0,28.3,40.8,65.1,76.5,87.8,98.6,105.2,52.4,53.3,54.5,55.5,36.5,43.7,50.9,57.5,63.3,2.2,11.5,21.5,29.1,20.7,10.6,66.5,75.2,84.7,91.1,85.0,75.6,19.0,32.4,43.1,48.8,55.1,62.3,68.1,61.5,54.0,47.3,40.7,30.7,24.0,41.9,48.0,54.3,64.4,54.1,47.8,41.6,-48.9,-29.2,-9.4,10.1,28.7,44.9,58.2,68.1,71.1,68.6,58.6,45.4,29.5,11.7,-7.0,-26.0,-45.6,-57.7,-64.2,-65.1,-61.9,-56.4,-57.0,-62.5,-65.5,-64.8,-58.4,-42.3,-29.6,-17.1,-4.5,2.9,5.5,7.7,6.0,3.6,-43.7,-47.8,-47.3,-40.8,-38.8,-39.1,-40.8,-47.4,-47.5,-43.3,-38.8,-38.6,27.3,23.5,21.4,23.4,21.8,24.8,28.8,36.6,39.6,40.0,39.2,35.6,27.8,27.6,28.4,28.0,29.2,30.0,30.6,29.8,673.5,677.5,682.2,685.5,686.0,684.4,679.7,673.5,675.1,686.0,701.8,714.4,720.0,719.8,718.1,716.5,715.8,641.1,635.9,633.0,631.0,631.0,640.6,649.1,659.2,669.9,680.7,638.4,633.3,627.6,622.4,636.5,636.5,637.2,641.0,645.3,642.9,640.5,642.1,644.8,642.6,641.1,658.3,661.0,666.0,673.4,666.8,661.9,652.4,643.3,640.7,642.6,645.4,655.1,669.3,657.6,649.8,646.5,644.8,646.4,650.9,644.0,645.4,648.8,665.0,648.8,645.4,644.2,0.593,0.244,-0.315,0.098,276.543,184.917,-2.125,10.817,-13.852,12.745,5.545,-0.928,-3.082,1.764,3.443,-0.842,1.036,0.743,0.336,-2.029,-0.257,-0.064,0.293,0.678,-0.649,-0.708,0.711,-0.346,-0.161,-0.404,0.281,0.001,0.08,0.057,-0.091,0.014,-0.019,0.011,0.002,0.0,0.31,0.0,0.0,0.75,0.0,0.0,0.12,0.0,0.0,0.5,0.0,0.0,0.0,0.0,0.0,0.0,0.0,0.0,1.0,0.0,1.0,0.0,0.0,0.0,0.0,0.0,0.0,0.0,0.0,0.0,0.0,0.0,0.0,1.0,0.0
PP133,g1,3425,0,0.975,0.233003,0.214728,-0.948473,0.077499,0.20383,-0.975934,0.16,0.214,256.7,258.1,261.3,264.3,265.4,264.2,260.8,257.8,252.2,254.4,257.4,260.9,264.2,266.6,268.1,266.1,263.3,260.1,257.0,254.2,259.6,260.9,262.3,262.9,262.4,261.1,259.7,259.1,293.1,294.1,296.7,299.5,300.7,299.7,297.0,294.1,290.1,292.0,294.7,297.8,300.5,302.2,303.1,302.1,300.4,298.1,295.2,292.3,295.5,296.7,297.9,298.3,297.8,296.6,295.4,295.0,159.7,156.6,155.4,156.9,160.2,163.5,164.4,162.9,160.8,159.2,158.2,157.8,158.7,160.3,162.4,163.4,163.7,163.7,163.2,162.4,161.3,162.0,161.5,160.1,158.7,158.0,158.5,159.9,160.9,157.9,156.7,157.9,160.9,163.9,165.2,164.1,163.0,160.9,159.5,158.9,159.4,160.5,162.3,163.7,164.4,164.7,164.5,164.1,162.3,162.8,162.3,161.0,159.7,159.1,159.7,161.0,8.9,10.9,15.1,19.2,20.7,19.0,14.5,10.4,2.9,5.8,9.8,14.5,19.0,22.2,24.3,21.5,17.7,13.5,9.4,5.6,12.8,14.6,16.5,17.3,16.7,14.9,13.0,12.2,60.4,61.9,65.8,69.9,71.6,70.1,66.1,61.8,56.1,58.8,62.5,67.1,71.2,74.1,75.9,74.0,71.1,67.5,63.4,59.2,64.0,65.8,67.5,68.2,67.4,65.7,63.9,63.3,-37.2,-41.4,-43.0,-41.0,-36.6,-32.1,-30.9,-32.9,-35.9,-38.0,-39.1,-39.5,-38.5,-36.5,-33.7,-32.3,-31.8,-31.8,-32.4,-33.7,-35.1,-34.2,-34.9,-36.7,-38.6,-39.5,-38.8,-37.0,-37.2,-41.5,-43.4,-41.8,-37.6,-33.3,-31.4,-32.7,-34.4,-37.2,-39.2,-40.1,-39.6,-38.3,-36.0,-33.9,-32.6,-32.0,-32.2,-32.8,-35.5,-34.7,-35.6,-37.5,-39.3,-40.0,-39.2,-37.3,522.4,523.0,523.5,523.7,523.3,523.0,522.2,522.1,526.0,523.7,521.7,520.9,521.9,523.7,525.5,523.6,521.8,521.1,521.8,523.7,523.3,523.4,523.6,523.9,524.0,523.9,523.7,523.5,547.2,548.2,550.0,551.6,552.0,551.0,549.2,547.7,547.4,546.7,546.8,548.0,551.0,554.7,558.1,554.8,551.4,548.7,547.3,547.1,549.5,550.2,551.0,551.4,551.2,550.5,549.7,549.3,45.7,-4.3,656.0,0.233,-0.241,0.08,229.2,228.8,229.5,231.3,235.6,242.9,252.2,263.0,273.6,282.0,287.9,293.4,298.5,302.6,305.5,307.9,309.0,243.2,250.5,259.4,268.2,275.9,290.3,296.6,302.5,307.9,310.8,282.7,283.5,284.6,285.5,273.1,277.5,281.8,285.7,288.9,252.0,257.7,263.7,268.2,263.2,257.1,290.0,295.0,300.2,303.3,300.3,295.2,262.1,270.4,277.0,280.4,284.0,287.7,290.3,287.1,283.2,279.3,275.4,269.3,265.2,276.1,279.8,283.3,288.4,283.2,279.7,276.0,159.2,170.7,182.1,193.2,203.7,213.0,220.9,226.9,228.5,226.5,220.2,212.4,203.6,193.9,183.8,173.3,162.6,152.2,147.9,147.2,149.0,152.4,152.5,149.7,148.5,149.5,153.8,161.3,169.0,176.6,184.4,189.0,190.6,191.9,190.9,189.4,160.8,158.1,158.5,162.5,163.7,163.4,163.1,159.3,159.4,162.2,164.5,164.5,203.7,201.6,200.3,201.5,200.5,202.1,204.2,209.0,211.0,211.4,210.9,208.7,204.0,204.0,204.5,204.1,204.5,205.3,205.7,205.3,-35.8,-36.8,-35.9,-32.8,-25.2,-12.5,3.8,22.4,40.8,56.2,68.1,79.6,89.6,97.1,102.3,106.3,108.2,-11.1,0.8,15.3,29.5,42.0,66.3,77.6,88.8,99.6,106.1,53.5,54.5,55.7,56.7,37.8,44.9,52.0,58.6,64.4,3.4,12.6,22.6,30.2,21.8,11.7,67.6,76.3,85.7,92.0,86.0,76.7,20.2,33.7,44.3,50.1,56.3,63.4,69.1,62.6,55.2,48.6,42.0,32.0,25.3,43.1,49.2,55.4,65.4,55.3,49.1,42.9,-48.9,-29.2,-9.5,10.0,28.5,44.8,58.0,67.9,70.9,68.6,58.7,45.6,29.8,11.9,-6.9,-26.1,-45.8,-58.1,-64.6,-65.5,-62.3,-56.9,-57.5,-63.0,-66.0,-65.2,-58.8,-42.8,-30.1,-17.6,-5.0,2.4,5.1,7.3,5.6,3.2,-44.1,-48.2,-47.7,-41.3,-39.3,-39.6,-41.2,-47.8,-48.0,-43.7,-39.3,-39.0,27.0,23.2,21.0,23.0,21.5,24.5,28.6,36.2,39.1,39.5,38.7,35.2,27.5,27.3,28.1,27.6,29.0,29.6,30.2,29.3,673.7,677.6,682.2,685.5,686.0,684.4,679.7,673.7,675.5,686.5,702.6,715.4,721.3,721.3,719.6,718.0,717.2,641.8,636.8,634.2,632.5,632.5,642.3,650.8,660.9,671.4,682.1,639.8,634.7,629.0,623.9,637.5,637.6,638.4,642.2,646.6,643.8,641.6,643.2,646.0,643.7,642.1,659.7,662.4,667.5,674.8,668.3,663.4,653.0,644.1,641.7,643.6,646.4,656.2,670.2,658.5,650.6,647.2,645.5,647.0,651.5,644.8,646.3,649.7,665.9,649.7,646.3,644.9,0.592,0.238,-0.324,0.099,277.14,184.742,-2.877,10.106,-14.606,12.384,4.936,-0.551,-2.716,1.853,3.383,-0.979,1.109,0.632,0.301,-2.193,-0.205,-0.054,0.328,0.725,-0.523,-0.69,0.643,-0.231,-0.145,-0.442,0.36,0.033,0.083,0.04,-0.088,0.011,-0.021,0.008,0.005,0.003,0.39,0.0,0.0,0.95,0.0,0.0,0.06,0.0,0.0,0.24,0.0,0.0,0.0,0.0,0.0,0.0,0.0,0.0,1.0,0.0,1.0,0.0,0.0,0.0,0.0,0.0,0.0,0.0,0.0,0.0,0.0,0.0,0.0,1.0,0.0
PP133,g1,3431,0,0.925,0.23271,0.204234,-0.95086,0.083355,0.193714,-0.977511,0.162,0.204,256.9,258.3,261.5,264.6,265.7,264.4,261.1,258.0,252.4,254.6,257.6,261.1,264.4,266.8,268.4,266.3,263.5,260.4,257.3,254.4,259.8,261.2,262.5,263.2,262.7,261.3,260.0,259.3,293.3,294.3,296.9,299.7,300.9,299.9,297.2,294.2,290.2,292.2,294.9,298.0,300.7,302.4,303.3,302.3,300.6,298.3,295.4,292.5,295.7,296.9,298.1,298.5,298.0,296.8,295.6,295.2,159.7,156.6,155.4,156.9,160.1,163.5,164.4,162.9,160.9,159.2,158.2,157.8,158.6,160.2,162.4,163.4,163.7,163.7,163.3,162.4,161.3,162.0,161.4,160.1,158.7,158.0,158.5,159.9,160.9,157.9,156.7,157.9,160.9,163.9,165.2,164.2,162.9,160.9,159.5,158.9,159.5,160.6,162.3,163.7,164.4,164.7,164.5,164.1,162.3,162.8,162.3,161.0,159.7,159.1,159.7,161.0,9.2,11.2,15.4,19.5,21.0,19.3,14.8,10.7,3.2,6.1,10.1,14.8,19.2,22.5,24.6,21.8,18.0,13.8,9.7,5.9,13.1,14.9,16.8,17.6,17.0,15.2,13.3,12.5,60.5,62.0,66.0,70.0,71.7,70.2,66.3,61.9,56.3,59.0,62.7,67.2,71.3,74.3,76.0,74.1,71.3,67.6,63.5,59.4,64.2,65.9,67.6,68.3,67.5,65.8,64.1,63.4,-37.1,-41.3,-42.9,-40.9,-36.6,-32.1,-30.8,-32.8,-35.8,-37.9,-39.1,-39.5,-38.5,-36.5,-33.7,-32.2,-31.8,-31.7,-32.3,-33.6,-35.0,-34.2,-34.8,-36.7,-38.6,-39.4,-38.8,-36.9,-37.2,-41.5,-43.3,-41.7,-37.5,-33.2,-31.3,-32.7,-34.3,-37.1,-39.1,-40.1,-39.5,-38.2,-35.9,-33.7,-32.5,-32.0,-32.1,-32.8,-35.4,-34.7,-35.5,-37.3,-39.2,-39.9,-39.1,-37.2,521.3,521.8,522.3,522.4,522.1,521.8,521.0,520.9,524.9,522.6,520.5,519.8,520.7,522.4,524.2,522.4,520.5,519.9,520.6,522.6,522.1,522.2,522.4,522.7,522.8,522.8,522.6,522.3,546.1,547.1,549.0,550.6,551.0,549.9,548.1,546.6,546.2,545.6,545.7,547.0,550.0,553.7,557.1,553.8,550.3,547.6,546.2,546.0,548.4,549.1,549.9,550.3,550.2,549.5,548.7,548.2,46.1,-3.8,652.7,0.214,-0.246,0.075,229.4,228.9,229.7,231.6,236.1,243.4,252.7,263.6,274.3,282.6,288.3,293.7,298.7,302.7,305.6,307.9,309.0,243.4,250.6,259.6,268.4,276.1,290.6,296.8,302.7,308.1,310.8,283.0,283.9,285.0,286.1,273.6,278.0,282.4,286.2,289.4,252.3,257.9,264.0,268.5,263.5,257.4,290.2,295.2,300.3,303.4,300.5,295.4,262.7,271.0,277.5,281.0,284.5,288.2,290.7,287.7,283.8,280.0,276.1,270.0,265.8,276.7,280.3,283.9,288.8,283.8,280.3,276.6,159.5,171.2,182.8,194.1,204.8,214.2,222.0,228.0,229.6,227.5,221.1,213.3,204.4,194.6,184.3,173.7,162.9,152.2,147.8,147.0,148.8,152.2,152.4,149.6,148.4,149.5,153.9,161.2,168.9,176.5,184.3,189.1,190.7,192.0,191.0,189.5,160.8,158.1,158.5,162.5,163.7,163.5,163.1,159.3,159.4,162.3,164.6,164.5,204.2,201.9,200.5,201.7,200.7,202.4,204.6,209.4,211.4,211.8,211.3,209.2,204.5,204.3,204.7,204.4,205.0,205.6,206.1,205.6,-35.4,-36.4,-35.3,-32.0,-24.3,-11.6,4.7,23.4,41.7,56.9,68.6,79.7,89.4,96.7,101.9,105.9,107.8,-10.9,1.0,15.5,29.7,42.1,66.5,77.8,88.9,99.6,105.9,53.8,54.9,56.1,57.3,38.3,45.4,52.6,59.2,64.9,3.7,12.9,22.9,30.5,22.1,12.1,67.7,76.4,85.7,92.0,86.1,76.8,21.1,34.5,45.0,50.7,56.9,63.9,69.4,63.2,55.9,49.4,42.8,32.9,26.2,43.9,49.9,56.0,65.8,55.9,49.8,43.6,-48.1,-28.2,-8.2,11.5,30.2,46.5,59.7,69.4,72.3,69.9,60.2,47.0,31.1,13.0,-5.9,-25.2,-44.9,-57.7,-64.4,-65.5,-62.4,-57.0,-57.5,-63.0,-65.9,-65.1,-58.5,-42.9,-30.2,-17.7,-5.0,2.6,5.2,7.4,5.7,3.2,-43.8,-48.1,-47.6,-41.2,-39.1,-39.4,-41.1,-47.7,-47.8,-43.4,-39.1,-38.9,27.8,23.6,21.3,23.3,21.7,24.8,29.2,36.7,39.5,39.9,39.1,35.7,28.2,27.6,28.3,27.9,29.6,29.9,30.5,29.7,670.7,674.5,679.0,682.0,682.3,680.5,675.6,669.6,671.4,682.7,698.9,711.8,717.8,717.6,716.0,714.3,713.7,639.1,634.3,631.7,630.1,630.2,640.1,648.8,658.9,669.6,680.3,637.4,631.9,626.0,620.6,634.1,634.2,634.9,638.9,643.5,640.9,638.9,640.6,643.3,641.0,639.3,657.3,660.2,665.3,672.6,666.0,661.0,649.1,640.2,638.0,640.0,642.9,652.6,666.5,654.6,646.7,643.3,641.5,642.9,647.6,641.1,642.6,646.2,662.1,646.1,642.6,641.2,0.595,0.221,-0.33,0.093,277.513,185.032,-3.793,11.808,-14.799,14.386,3.853,-0.205,-2.909,1.966,3.48,-2.124,1.011,0.321,0.087,-2.286,0.118,-0.107,0.267,0.65,-0.546,-0.619,0.594,-0.23,-0.369,-0.666,0.332,0.156,0.129,0.048,-0.1,0.001,-0.02,-0.004,0.007,-0.0,0.58,0.0,0.0,0.83,0.0,0.0,0.03,0.0,0.0,0.28,0.0,0.0,0.0,0.0,0.0,0.0,0.0,1.0,1.0,0.0,1.0,0.0,0.0,0.0,0.0,0.0,0.0,0.0,0.0,0.0,0.0,0.0,0.0,1.0,0.0
PP133,g1,3437,0,0.925,0.228679,0.206292,-0.951393,0.08133,0.195414,-0.977343,0.159,0.205,257.2,258.6,261.8,264.8,266.0,264.7,261.3,258.3,252.7,254.8,257.8,261.3,264.7,267.1,268.6,266.6,263.8,260.6,257.5,254.7,260.1,261.4,262.8,263.4,262.9,261.6,260.2,259.6,293.6,294.6,297.2,299.9,301.2,300.1,297.5,294.5,290.5,292.5,295.1,298.3,301.0,302.7,303.6,302.6,300.9,298.5,295.7,292.7,296.0,297.2,298.3,298.8,298.2,297.1,295.9,295.5,160.0,156.9,155.7,157.2,160.5,163.8,164.7,163.2,161.2,159.5,158.5,158.1,158.9,160.5,162.7,163.7,164.0,164.0,163.6,162.7,161.6,162.3,161.8,160.4,159.0,158.3,158.8,160.2,161.2,158.2,156.9,158.2,161.2,164.2,165.5,164.5,163.2,161.2,159.8,159.2,159.7,160.9,162.6,164.0,164.8,165.0,164.8,164.4,162.6,163.2,162.6,161.3,160.0,159.4,160.0,161.3,9.6,11.5,15.7,19.8,21.3,19.6,15.1,11.1,3.6,6.5,10.4,15.1,19.6,22.8,25.0,22.2,18.3,14.1,10.0,6.3,13.5,15.3,17.1,18.0,17.3,15.5,13.7,12.8,60.7,62.2,66.1,70.2,71.9,70.4,66.4,62.1,56.4,59.1,62.8,67.4,71.5,74.4,76.1,74.3,71.4,67.8,63.7,59.5,64.3,66.1,67.8,68.5,67.7,66.0,64.2,63.6,-36.7,-40.9,-42.4,-40.5,-36.1,-31.6,-30.4,-32.3,-35.3,-37.4,-38.6,-39.0,-38.0,-36.0,-33.3,-31.8,-31.3,-31.2,-31.8,-33.1,-34.6,-33.7,-34.4,-36.2,-38.1,-39.0,-38.3,-36.5,-36.6,-40.9,-42.8,-41.2,-36.9,-32.6,-30.8,-32.1,-33.8,-36.6,-38.6,-39.5,-38.9,-37.6,-35.3,-33.2,-31.9,-31.4,-31.6,-32.2,-34.8,-34.1,-34.9,-36.8,-38.7,-39.4,-38.6,-36.7,520.8,521.4,521.8,521.9,521.6,521.3,520.6,520.5,524.5,522.1,520.1,519.3,520.2,521.9,523.7,521.9,520.1,519.4,520.2,522.2,521.7,521.7,521.9,522.2,522.3,522.3,522.1,521.8,544.2,545.2,547.1,548.7,549.1,548.1,546.2,544.7,544.4,543.8,543.8,545.1,548.1,551.8,555.2,551.9,548.4,545.8,544.3,544.1,546.5,547.2,548.0,548.5,548.3,547.6,546.8,546.3,46.5,-3.2,651.3,0.216,-0.241,0.073,229.6,229.1,229.9,231.9,236.3,243.6,253.0,264.0,274.7,283.1,288.9,294.3,299.2,303.1,306.0,308.3,309.4,243.5,250.8,259.9,268.7,276.4,290.8,297.1,303.0,308.4,311.1,283.2,284.2,285.3,286.3,273.8,278.2,282.6,286.4,289.6,252.6,258.2,264.2,268.8,263.7,257.6,290.5,295.5,300.6,303.7,300.8,295.6,263.0,271.3,277.8,281.2,284.8,288.5,291.0,288.0,284.1,280.3,276.4,270.3,266.1,277.0,280.6,284.1,289.1,284.1,280.5,276.9,159.5,171.3,183.0,194.3,205.1,214.6,222.6,228.5,230.1,227.9,221.4,213.5,204.5,194.7,184.4,173.9,163.1,152.6,148.1,147.3,149.2,152.6,152.8,150.0,148.8,149.9,154.2,161.5,169.2,176.9,184.8,189.5,191.1,192.5,191.4,189.9,161.1,158.4,158.8,162.8,164.0,163.8,163.4,159.6,159.7,162.6,164.9,164.8,204.7,202.4,201.0,202.2,201.2,202.8,205.1,209.8,211.7,212.1,211.7,209.7,205.0,204.8,205.2,204.8,205.4,206.0,206.5,206.0,-35.1,-36.0,-34.9,-31.6,-23.9,-11.1,5.3,24.0,42.4,57.7,69.5,80.6,90.2,97.3,102.4,106.4,108.2,-10.6,1.3,15.9,30.1,42.6,66.7,78.0,89.1,99.9,106.3,54.1,55.2,56.4,57.6,38.6,45.7,52.9,59.5,65.2,4.2,13.3,23.3,30.9,22.5,12.5,68.0,76.7,86.1,92.3,86.4,77.1,21.5,34.9,45.3,51.0,57.1,64.1,69.8,63.5,56.3,49.7,43.2,33.3,26.6,44.2,50.2,56.4,66.1,56.3,50.1,44.0,-48.0,-28.0,-7.9,11.9,30.8,47.2,60.6,70.2,73.0,70.6,60.6,47.3,31.2,13.2,-5.6,-24.8,-44.5,-57.0,-63.8,-64.8,-61.6,-56.2,-56.7,-62.2,-65.2,-64.4,-57.8,-42.3,-29.5,-17.0,-4.3,3.3,5.9,8.1,6.4,3.9,-43.2,-47.4,-47.0,-40.6,-38.5,-38.7,-40.5,-47.1,-47.2,-42.8,-38.5,-38.2,28.5,24.4,22.1,24.1,22.5,25.6,29.9,37.3,40.0,40.5,39.7,36.4,28.9,28.4,29.1,28.6,30.3,30.5,31.1,30.3,670.0,674.0,678.6,681.5,681.8,679.8,674.9,668.6,670.4,681.7,697.9,710.7,716.4,716.0,714.2,712.4,711.7,638.0,633.0,630.3,628.6,628.7,638.5,647.1,657.2,667.9,678.7,635.9,630.5,624.6,619.1,632.9,633.0,633.6,637.6,642.1,639.7,637.6,639.3,642.0,639.7,638.0,655.8,658.8,663.8,671.1,664.5,659.5,647.9,639.0,636.8,638.8,641.7,651.3,665.1,653.2,645.4,642.0,640.2,641.5,646.4,639.9,641.4,645.0,660.7,644.7,641.2,639.8,0.596,0.224,-0.325,0.092,277.803,185.395,-3.183,13.128,-15.259,14.811,3.324,0.095,-2.99,1.74,3.627,-2.129,0.879,0.18,-0.294,-2.104,0.118,-0.018,0.181,0.799,-0.613,-0.517,0.621,-0.28,-0.496,-0.709,0.247,0.145,0.145,0.044,-0.1,-0.011,-0.023,-0.002,0.011,-0.005,0.22,0.0,0.0,0.74,0.0,0.0,0.0,0.0,0.0,0.47,0.0,0.0,0.0,0.0,0.0,0.0,0.0,1.0,1.0,0.0,1.0,0.0,0.0,0.0,0.0,0.0,0.0,0.0,0.0,0.0,0.0,0.0,0.0,1.0,0.0
PP133,g1,3443,0,0.975,0.232854,0.213793,-0.948721,0.081664,0.20158,-0.976062,0.162,0.213,257.4,258.8,262.0,265.0,266.1,264.9,261.5,258.5,252.8,255.1,258.1,261.6,264.9,267.3,268.8,266.8,263.9,260.8,257.7,254.9,260.3,261.6,263.0,263.6,263.1,261.8,260.4,259.8,293.8,294.8,297.4,300.1,301.3,300.3,297.7,294.7,290.7,292.7,295.3,298.5,301.1,302.8,303.7,302.7,301.0,298.7,295.9,292.9,296.2,297.3,298.5,299.0,298.4,297.2,296.1,295.6,160.2,157.1,156.0,157.5,160.7,164.1,164.9,163.4,161.4,159.7,158.7,158.4,159.2,160.8,163.0,164.0,164.2,164.2,163.8,162.9,161.8,162.5,162.0,160.7,159.2,158.6,159.1,160.4,161.6,158.6,157.4,158.6,161.7,164.7,165.9,164.9,163.6,161.6,160.2,159.6,160.2,161.3,163.1,164.5,165.2,165.4,165.2,164.8,163.0,163.6,163.0,161.7,160.4,159.8,160.4,161.7,9.9,11.8,16.1,20.1,21.6,19.9,15.4,11.3,3.8,6.8,10.8,15.4,19.9,23.1,25.2,22.4,18.6,14.4,10.3,6.5,13.8,15.5,17.4,18.3,17.6,15.8,14.0,13.1,61.2,62.7,66.6,70.6,72.4,70.8,66.8,62.5,56.9,59.6,63.3,67.9,72.0,74.9,76.6,74.7,71.8,68.2,64.1,60.0,64.8,66.5,68.3,68.9,68.2,66.4,64.7,64.0,-36.5,-40.7,-42.2,-40.2,-35.8,-31.3,-30.1,-32.1,-35.2,-37.2,-38.4,-38.8,-37.8,-35.7,-33.0,-31.5,-31.0,-31.0,-31.7,-33.0,-34.3,-33.5,-34.1,-36.0,-37.9,-38.8,-38.1,-36.3,-36.2,-40.5,-42.3,-40.7,-36.4,-32.1,-30.3,-31.7,-33.3,-36.1,-38.1,-39.0,-38.4,-37.1,-34.8,-32.7,-31.4,-30.9,-31.1,-31.8,-34.4,-33.6,-34.4,-36.3,-38.2,-38.9,-38.1,-36.2,521.9,522.5,523.0,523.2,522.8,522.5,521.7,521.6,525.5,523.2,521.2,520.5,521.4,523.2,525.0,523.2,521.3,520.6,521.3,523.2,522.8,522.9,523.1,523.4,523.5,523.5,523.2,523.0,545.9,546.9,548.7,550.4,550.8,549.8,547.9,546.4,546.0,545.4,545.5,546.8,549.8,553.5,556.9,553.6,550.1,547.4,546.0,545.8,548.2,548.9,549.7,550.1,550.0,549.2,548.4,548.0,46.3,-2.8,651.9,0.229,-0.245,0.085,229.6,229.0,229.6,231.5,235.8,243.0,252.4,263.3,273.9,282.3,288.2,293.8,298.8,302.9,305.9,308.3,309.5,243.8,251.2,260.2,269.0,276.7,291.1,297.4,303.3,308.7,311.4,283.5,284.3,285.3,286.3,273.7,278.1,282.5,286.3,289.5,252.7,258.4,264.5,268.9,263.9,257.8,290.7,295.7,300.8,303.9,300.9,295.8,262.6,271.0,277.5,280.9,284.5,288.2,290.6,287.6,283.6,279.8,275.9,269.8,265.7,276.7,280.3,283.8,288.7,283.7,280.2,276.5,159.4,171.1,182.7,194.0,204.8,214.3,222.3,228.4,230.0,228.0,221.5,213.6,204.7,195.0,184.7,174.2,163.4,152.6,148.4,147.6,149.5,152.9,153.2,150.4,149.2,150.3,154.7,162.0,169.7,177.3,185.2,189.8,191.5,192.8,191.8,190.3,161.3,158.6,159.1,163.1,164.2,164.0,163.8,160.0,160.2,163.0,165.3,165.3,204.7,202.6,201.3,202.5,201.5,203.1,205.3,210.1,212.1,212.4,212.0,209.8,205.0,205.1,205.5,205.1,205.7,206.4,206.8,206.3,-35.0,-36.1,-35.3,-32.3,-24.8,-12.1,4.1,22.7,41.1,56.4,68.3,79.7,89.6,97.0,102.3,106.4,108.5,-10.1,1.9,16.4,30.6,43.0,67.2,78.5,89.6,100.3,106.6,54.5,55.4,56.5,57.6,38.5,45.6,52.7,59.3,65.0,4.5,13.7,23.7,31.1,22.8,12.7,68.3,77.0,86.4,92.6,86.6,77.3,20.9,34.3,44.9,50.6,56.7,63.7,69.3,62.9,55.6,49.1,42.6,32.6,25.9,43.7,49.8,55.9,65.6,55.7,49.6,43.5,-48.1,-28.2,-8.3,11.4,30.2,46.7,60.1,70.0,73.1,70.8,60.9,47.6,31.7,13.7,-5.1,-24.3,-43.9,-56.9,-63.4,-64.3,-61.1,-55.6,-56.1,-61.5,-64.4,-63.5,-57.0,-41.6,-28.8,-16.3,-3.7,3.7,6.4,8.7,7.0,4.6,-42.9,-47.1,-46.5,-40.1,-38.1,-38.4,-39.8,-46.4,-46.4,-42.1,-37.7,-37.5,28.6,24.7,22.5,24.6,23.0,26.1,30.4,37.9,40.7,41.1,40.2,36.7,29.0,28.8,29.6,29.2,30.8,31.2,31.8,30.9,669.1,673.1,677.8,681.0,681.5,679.8,675.2,669.3,671.2,682.4,698.5,711.2,717.0,716.8,715.1,713.3,712.5,637.3,632.4,630.0,628.4,628.6,638.7,647.3,657.3,667.9,678.6,635.9,630.7,625.0,619.8,633.3,633.4,634.2,638.1,642.6,639.3,637.2,639.0,641.8,639.4,637.7,655.9,658.7,663.8,671.1,664.6,659.6,648.6,639.8,637.6,639.6,642.5,652.2,666.1,654.3,646.4,643.0,641.2,642.5,647.1,640.7,642.2,645.7,661.7,645.6,642.1,640.7,0.595,0.238,-0.329,0.105,277.668,185.63,-4.2,11.898,-14.831,13.396,4.161,-0.19,-2.676,1.328,3.735,-1.505,0.924,0.719,-0.053,-2.329,0.036,-0.056,0.301,0.804,-0.578,-0.511,0.65,-0.279,-0.272,-0.545,0.317,0.05,0.14,0.046,-0.099,-0.0,-0.024,0.01,0.01,-0.002,0.01,0.0,0.0,0.95,0.0,0.0,0.0,0.0,0.0,0.59,0.0,0.0,0.0,0.0,0.0,0.0,0.0,0.0,1.0,0.0,1.0,0.0,0.0,0.0,0.0,0.0,0.0,0.0,0.0,0.0,0.0,0.0,0.0,1.0,0.0
PP133,g1,3449,0,0.975,0.232469,0.22101,-0.94716,0.075091,0.208732,-0.975086,0.159,0.22,256.1,257.6,260.8,263.9,265.0,263.7,260.3,257.2,251.6,253.8,256.8,260.4,263.7,266.1,267.6,265.6,262.7,259.6,256.4,253.6,259.0,260.4,261.8,262.4,261.9,260.6,259.2,258.6,292.8,293.8,296.5,299.2,300.4,299.4,296.7,293.7,289.7,291.7,294.4,297.6,300.2,302.0,302.9,301.9,300.1,297.7,294.9,291.9,295.2,296.4,297.6,298.0,297.5,296.3,295.2,294.7,160.7,157.6,156.4,158.0,161.3,164.6,165.5,163.9,161.8,160.1,159.2,158.9,159.7,161.4,163.5,164.5,164.8,164.8,164.3,163.3,162.3,163.0,162.5,161.2,159.7,159.1,159.6,160.9,162.2,159.2,157.9,159.2,162.2,165.3,166.5,165.5,164.2,162.2,160.8,160.2,160.7,161.9,163.6,165.0,165.8,166.0,165.8,165.4,163.6,164.1,163.6,162.3,160.9,160.4,160.9,162.3,8.1,10.1,14.4,18.4,19.9,18.1,13.6,9.6,2.1,5.0,9.1,13.7,18.2,21.4,23.5,20.7,16.9,12.7,8.5,4.8,12.0,13.8,15.6,16.5,15.9,14.1,12.3,11.4,59.4,61.0,64.9,69.0,70.7,69.1,65.2,60.8,55.2,57.9,61.6,66.2,70.3,73.2,74.9,73.1,70.2,66.5,62.4,58.3,63.1,64.8,66.6,67.3,66.5,64.7,63.0,62.3,-35.6,-39.8,-41.3,-39.2,-34.8,-30.4,-29.2,-31.2,-34.3,-36.4,-37.5,-37.9,-36.8,-34.7,-32.0,-30.5,-30.1,-30.1,-30.8,-32.1,-33.4,-32.5,-33.2,-35.0,-36.9,-37.8,-37.2,-35.3,-35.2,-39.4,-41.3,-39.7,-35.4,-31.1,-29.3,-30.7,-32.3,-35.1,-37.1,-38.0,-37.4,-36.1,-33.9,-31.7,-30.4,-29.9,-30.1,-30.7,-33.4,-32.6,-33.4,-35.3,-37.2,-37.9,-37.1,-35.2,518.0,518.6,519.1,519.3,519.0,518.6,517.8,517.7,521.6,519.3,517.3,516.6,517.6,519.3,521.2,519.3,517.4,516.7,517.4,519.3,518.9,519.0,519.2,519.5,519.6,519.6,519.3,519.1,542.6,543.6,545.4,547.0,547.4,546.5,544.6,543.2,542.8,542.1,542.1,543.4,546.4,550.1,553.5,550.2,546.8,544.2,542.7,542.5,544.9,545.6,546.4,546.8,546.6,545.9,545.1,544.7,44.3,-2.3,652.7,0.243,-0.238,0.09,228.6,228.0,228.6,230.4,234.6,241.7,251.0,261.7,272.3,280.8,286.9,292.7,298.0,302.2,305.2,307.6,308.8,242.6,250.0,259.0,267.9,275.6,290.0,296.4,302.4,307.9,310.7,282.3,283.1,284.0,284.9,272.4,276.8,281.1,284.9,288.2,251.4,257.2,263.3,267.8,262.7,256.6,289.7,294.7,299.9,303.0,300.0,294.8,261.1,269.5,276.1,279.5,283.1,286.9,289.4,286.2,282.1,278.3,274.4,268.3,264.2,275.2,278.8,282.4,287.5,282.3,278.7,275.0,159.7,171.2,182.7,193.9,204.5,213.9,221.8,228.0,229.8,227.8,221.4,213.6,204.8,195.0,184.9,174.4,163.6,153.0,148.8,148.2,150.1,153.5,153.8,151.0,149.8,150.8,155.1,162.6,170.3,177.9,185.8,190.3,191.9,193.3,192.3,190.8,161.7,159.1,159.6,163.7,164.8,164.5,164.4,160.6,160.7,163.5,165.9,165.9,204.8,202.8,201.6,202.9,201.9,203.5,205.5,210.4,212.4,212.8,212.3,210.0,205.2,205.4,205.8,205.5,205.9,206.7,207.2,206.6,-36.8,-37.9,-37.2,-34.3,-27.0,-14.5,1.7,20.1,38.5,53.9,66.1,77.8,88.1,95.8,101.2,105.4,107.5,-12.1,0.0,14.6,28.8,41.3,65.4,76.9,88.1,98.9,105.4,52.6,53.4,54.5,55.4,36.4,43.5,50.6,57.1,62.9,2.4,11.7,21.7,29.2,20.8,10.7,66.7,75.4,84.8,91.1,85.1,75.7,18.5,32.0,42.6,48.4,54.5,61.6,67.3,60.7,53.2,46.6,40.1,30.1,23.6,41.4,47.5,53.6,63.7,53.5,47.2,41.1,-47.8,-28.1,-8.4,11.1,29.7,46.1,59.5,69.6,72.9,70.5,60.6,47.5,31.7,13.8,-4.9,-24.0,-43.6,-56.4,-62.8,-63.5,-60.2,-54.6,-55.1,-60.5,-63.5,-62.7,-56.3,-40.5,-27.8,-15.3,-2.8,4.5,7.2,9.4,7.8,5.5,-42.3,-46.3,-45.7,-39.2,-37.3,-37.6,-38.9,-45.4,-45.5,-41.2,-36.8,-36.5,28.8,25.2,23.1,25.2,23.7,26.7,30.8,38.5,41.3,41.7,40.8,37.1,29.4,29.4,30.2,29.8,31.2,31.8,32.4,31.5,670.3,674.3,679.0,682.3,683.0,681.6,677.1,671.2,673.0,683.9,699.6,712.2,717.9,717.7,716.1,714.5,713.8,638.2,633.2,630.4,628.6,628.7,638.4,646.9,656.9,667.6,678.4,636.1,631.1,625.5,620.5,634.2,634.4,635.1,638.9,643.2,640.2,637.9,639.6,642.3,640.1,638.5,656.0,658.7,663.7,671.1,664.6,659.7,650.0,641.1,638.6,640.5,643.3,653.0,667.1,655.5,647.7,644.4,642.7,644.2,648.5,641.8,643.3,646.7,662.8,646.7,643.3,642.0,0.595,0.251,-0.319,0.11,276.461,185.936,-2.888,10.1,-14.338,12.278,5.601,-1.119,-2.851,1.107,3.459,-0.859,1.174,0.871,0.124,-2.032,-0.186,-0.193,0.281,0.723,-0.695,-0.619,0.656,-0.296,-0.108,-0.313,0.323,-0.054,0.119,0.041,-0.089,0.005,-0.016,0.017,0.005,-0.001,0.18,0.0,0.0,0.55,0.0,0.0,0.11,0.0,0.0,0.48,0.0,0.0,0.0,0.0,0.0,0.0,0.0,0.0,1.0,0.0,1.0,0.0,0.0,0.0,0.0,0.0,0.0,0.0,0.0,0.0,0.0,0.0,0.0,1.0,0.0
PP133,g1,3455,0,0.975,0.233392,0.220712,-0.947003,0.074622,0.209633,-0.974929,0.159,0.22,255.2,256.6,259.8,262.9,264.0,262.7,259.4,256.3,250.6,252.8,255.9,259.4,262.8,265.2,266.7,264.7,261.8,258.7,255.5,252.7,258.1,259.4,260.8,261.5,261.0,259.7,258.3,257.6,291.9,292.9,295.6,298.4,299.6,298.6,295.9,292.9,288.9,290.8,293.5,296.7,299.4,301.2,302.1,301.1,299.3,297.0,294.1,291.1,294.4,295.6,296.8,297.2,296.7,295.5,294.3,293.9,161.3,158.1,157.0,158.5,161.8,165.2,166.0,164.5,162.4,160.8,159.8,159.4,160.3,161.9,164.0,165.1,165.3,165.3,164.9,164.0,162.9,163.6,163.1,161.7,160.3,159.6,160.1,161.5,162.3,159.3,158.0,159.2,162.3,165.3,166.6,165.6,164.4,162.4,160.9,160.3,160.8,161.9,163.6,165.0,165.8,166.1,166.0,165.5,163.7,164.2,163.7,162.3,161.0,160.5,161.0,162.4,6.8,8.8,13.1,17.1,18.6,16.9,12.4,8.3,0.8,3.8,7.8,12.4,16.9,20.1,22.2,19.4,15.6,11.4,7.3,3.5,10.7,12.5,14.4,15.2,14.6,12.8,11.0,10.1,58.1,59.6,63.5,67.6,69.3,67.8,63.9,59.5,53.9,56.5,60.2,64.8,68.9,71.9,73.6,71.8,68.9,65.2,61.1,57.0,61.8,63.5,65.3,65.9,65.1,63.4,61.7,61.0,-34.7,-38.9,-40.5,-38.5,-34.1,-29.6,-28.4,-30.4,-33.4,-35.5,-36.6,-37.0,-36.0,-34.0,-31.2,-29.8,-29.3,-29.3,-29.9,-31.2,-32.6,-31.7,-32.4,-34.2,-36.1,-37.0,-36.3,-34.5,-34.8,-39.2,-41.1,-39.5,-35.3,-30.9,-29.1,-30.4,-32.0,-34.8,-36.8,-37.8,-37.3,-36.0,-33.8,-31.6,-30.3,-29.7,-29.8,-30.4,-33.1,-32.4,-33.2,-35.1,-37.0,-37.7,-36.8,-34.9,516.8,517.4,517.9,518.0,517.7,517.4,516.6,516.5,520.4,518.1,516.1,515.3,516.3,518.1,519.9,518.1,516.2,515.5,516.2,518.1,517.7,517.8,518.0,518.3,518.4,518.4,518.1,517.9,541.2,542.2,544.0,545.5,546.0,545.1,543.3,541.8,541.5,540.8,540.8,542.0,544.9,548.6,552.1,548.8,545.4,542.8,541.4,541.2,543.5,544.2,545.0,545.4,545.2,544.5,543.7,543.3,43.4,-1.8,652.1,0.245,-0.237,0.078,227.7,227.3,228.0,229.9,234.2,241.4,250.8,261.7,272.4,280.9,286.9,292.7,297.9,301.9,304.8,307.1,308.1,241.5,248.8,257.8,266.8,274.6,289.0,295.4,301.4,306.9,309.8,281.4,282.3,283.3,284.3,271.8,276.2,280.6,284.4,287.7,250.5,256.2,262.3,266.9,261.8,255.6,288.8,293.8,299.1,302.3,299.2,294.0,260.7,269.1,275.7,279.2,282.8,286.6,289.2,286.0,282.0,278.1,274.2,268.0,263.8,274.9,278.5,282.1,287.3,282.1,278.4,274.7,160.3,171.7,183.1,194.2,204.8,214.1,222.0,228.1,229.8,227.7,221.1,213.3,204.5,194.8,184.7,174.3,163.6,153.7,149.5,148.8,150.6,154.0,154.1,151.2,149.9,150.9,155.1,163.1,170.7,178.3,186.1,190.7,192.3,193.6,192.5,191.1,162.3,159.7,160.1,164.1,165.3,165.1,164.6,160.7,160.8,163.5,165.9,166.0,205.2,203.2,202.0,203.2,202.1,203.6,205.5,210.5,212.6,213.0,212.6,210.4,205.5,205.7,206.1,205.7,205.9,206.9,207.4,206.9,-38.3,-39.2,-38.2,-35.2,-27.7,-15.0,1.4,20.1,38.5,54.0,66.2,77.8,88.0,95.4,100.5,104.3,106.1,-13.9,-1.9,12.7,27.0,39.5,63.7,75.1,86.4,97.2,103.8,51.1,52.0,53.2,54.3,35.4,42.5,49.7,56.3,62.0,0.8,10.1,20.1,27.7,19.3,9.2,65.2,73.8,83.3,89.7,83.6,74.3,17.8,31.4,42.0,47.8,54.0,61.1,67.0,60.4,53.0,46.3,39.8,29.7,22.9,40.9,47.0,53.1,63.3,53.0,46.8,40.6,-46.7,-27.2,-7.6,11.8,30.3,46.5,59.8,69.8,72.9,70.4,60.3,47.1,31.3,13.4,-5.2,-24.2,-43.7,-55.1,-61.6,-62.5,-59.3,-53.8,-54.5,-60.1,-63.2,-62.5,-56.2,-39.8,-27.1,-14.7,-2.2,5.2,7.8,9.9,8.2,5.8,-41.2,-45.3,-44.8,-38.4,-36.4,-36.6,-38.4,-45.2,-45.3,-41.1,-36.6,-36.3,29.4,25.8,23.7,25.7,24.0,26.9,30.7,38.5,41.6,42.1,41.3,37.7,29.9,29.9,30.7,30.1,31.2,32.1,32.7,31.9,670.5,674.5,679.3,682.7,683.5,682.1,677.5,671.5,673.0,683.9,699.7,712.3,718.0,717.8,716.0,714.3,713.4,637.9,632.6,629.7,627.7,627.7,637.3,645.8,655.9,666.6,677.5,635.3,630.2,624.7,619.6,633.8,633.9,634.6,638.3,642.5,639.9,637.4,638.9,641.8,639.6,638.1,655.3,657.9,662.9,670.4,663.8,659.0,649.9,640.7,638.1,640.0,642.7,652.6,666.9,655.2,647.2,644.0,642.3,643.9,648.4,641.4,642.9,646.2,662.6,646.2,642.8,641.6,0.595,0.254,-0.316,0.098,275.908,186.184,-0.209,9.993,-13.91,11.906,5.333,-1.356,-3.112,2.152,3.614,-0.448,0.846,1.053,0.216,-2.098,-0.222,-0.178,0.246,0.61,-0.571,-0.572,0.739,-0.289,-0.129,-0.215,0.369,-0.067,0.095,0.046,-0.091,0.014,-0.017,0.018,0.004,-0.001,0.0,0.0,0.0,1.17,0.0,0.0,0.0,0.0,0.0,0.8,0.0,0.0,0.0,0.0,0.0,0.0,0.0,0.0,1.0,0.0,1.0,0.0,0.0,0.0,0.0,0.0,1.0,0.0,0.0,0.0,0.0,0.0,0.0,1.0,0.0
PP133,g1,3461,0,0.975,0.235502,0.214161,-0.947984,0.079174,0.2041,-0.975743,0.162,0.214,254.8,256.3,259.4,262.5,263.7,262.4,259.0,256.0,250.3,252.5,255.5,259.0,262.4,264.8,266.3,264.3,261.5,258.3,255.2,252.3,257.8,259.1,260.5,261.1,260.6,259.3,257.9,257.3,291.5,292.5,295.1,297.9,299.1,298.1,295.5,292.5,288.4,290.4,293.0,296.2,298.9,300.7,301.6,300.6,298.9,296.5,293.6,290.7,293.9,295.1,296.3,296.7,296.2,295.0,293.8,293.4,160.9,157.7,156.6,158.1,161.3,164.7,165.6,164.1,162.1,160.4,159.4,159.0,159.8,161.4,163.6,164.6,164.9,164.9,164.5,163.6,162.5,163.2,162.7,161.3,159.9,159.2,159.7,161.1,161.8,158.8,157.5,158.7,161.7,164.8,166.1,165.1,163.9,161.9,160.4,159.8,160.3,161.4,163.1,164.5,165.3,165.6,165.4,165.0,163.2,163.7,163.2,161.8,160.5,160.0,160.5,161.9,6.4,8.3,12.6,16.6,18.1,16.5,12.0,7.9,0.4,3.3,7.3,11.9,16.4,19.6,21.8,19.0,15.2,11.0,6.9,3.1,10.3,12.1,13.9,14.8,14.1,12.3,10.5,9.6,57.6,59.1,63.0,67.0,68.8,67.3,63.4,59.0,53.3,56.0,59.7,64.2,68.4,71.3,73.1,71.2,68.4,64.7,60.6,56.5,61.2,63.0,64.7,65.4,64.6,62.8,61.1,60.5,-35.3,-39.5,-41.1,-39.1,-34.8,-30.2,-29.0,-31.0,-34.0,-36.0,-37.2,-37.7,-36.7,-34.7,-31.9,-30.4,-30.0,-29.9,-30.5,-31.8,-33.2,-32.3,-33.0,-34.9,-36.8,-37.6,-36.9,-35.1,-35.6,-39.9,-41.9,-40.3,-36.1,-31.7,-29.8,-31.1,-32.7,-35.5,-37.6,-38.6,-38.1,-36.8,-34.6,-32.4,-31.1,-30.5,-30.6,-31.2,-33.9,-33.2,-34.0,-35.9,-37.7,-38.4,-37.6,-35.7,518.1,518.7,519.2,519.4,519.0,518.7,517.9,517.8,521.8,519.4,517.4,516.7,517.6,519.4,521.2,519.4,517.5,516.8,517.5,519.4,519.0,519.1,519.3,519.6,519.7,519.7,519.4,519.2,542.2,543.2,545.0,546.6,547.0,546.1,544.3,542.8,542.5,541.8,541.8,543.0,546.0,549.7,553.1,549.8,546.4,543.8,542.3,542.2,544.5,545.2,546.0,546.4,546.2,545.5,544.8,544.3,42.9,-2.4,652.0,0.236,-0.242,0.074,227.3,227.0,227.8,229.7,234.0,241.3,250.7,261.6,272.3,280.7,286.7,292.4,297.4,301.4,304.3,306.5,307.6,241.1,248.4,257.4,266.3,274.1,288.5,294.9,300.9,306.4,309.3,281.0,281.9,283.0,284.0,271.5,276.0,280.4,284.2,287.5,250.1,255.8,261.9,266.5,261.4,255.3,288.4,293.4,298.6,301.8,298.8,293.6,260.6,269.0,275.5,279.0,282.7,286.5,289.1,285.9,281.9,278.0,274.1,267.9,263.7,274.7,278.4,282.0,287.1,281.9,278.3,274.6,160.2,171.8,183.2,194.3,204.9,214.2,222.1,228.2,229.8,227.7,221.2,213.3,204.5,194.7,184.5,174.0,163.2,153.5,149.1,148.3,150.1,153.5,153.6,150.6,149.3,150.3,154.6,162.5,170.1,177.8,185.6,190.3,191.8,193.1,192.0,190.5,162.0,159.3,159.7,163.7,164.9,164.7,164.1,160.2,160.3,163.0,165.4,165.5,204.9,202.8,201.5,202.7,201.6,203.1,205.1,210.1,212.2,212.7,212.3,210.1,205.2,205.3,205.7,205.3,205.5,206.5,207.0,206.6,-38.9,-39.7,-38.6,-35.5,-28.0,-15.3,1.1,19.9,38.3,53.8,65.7,77.2,87.2,94.5,99.6,103.4,105.1,-14.6,-2.7,11.9,26.3,38.8,62.9,74.3,85.5,96.3,102.9,50.4,51.5,52.7,53.9,35.0,42.1,49.3,55.9,61.6,0.2,9.5,19.5,27.1,18.7,8.7,64.4,73.1,82.5,88.9,82.9,73.5,17.6,31.1,41.7,47.5,53.7,60.9,66.6,60.2,52.8,46.1,39.5,29.4,22.7,40.6,46.7,52.9,63.0,52.8,46.5,40.3,-46.8,-27.2,-7.5,11.9,30.4,46.6,59.9,69.8,72.8,70.3,60.3,47.1,31.2,13.2,-5.6,-24.7,-44.4,-55.5,-62.1,-63.2,-60.1,-54.7,-55.4,-61.0,-64.2,-63.4,-57.1,-40.7,-28.0,-15.6,-3.0,4.5,7.0,9.2,7.4,5.0,-41.8,-46.0,-45.5,-39.1,-37.1,-37.3,-39.3,-46.0,-46.3,-42.0,-37.5,-37.2,29.0,25.1,22.9,24.9,23.2,26.1,30.1,37.9,41.0,41.5,40.7,37.2,29.4,29.1,29.9,29.4,30.6,31.5,32.1,31.3,670.1,674.1,678.8,682.1,682.8,681.2,676.7,670.6,672.3,683.2,699.1,711.9,717.7,717.6,715.9,714.1,713.3,638.0,632.8,630.0,628.1,628.1,637.7,646.2,656.3,667.0,677.9,635.5,630.4,624.8,619.6,633.6,633.7,634.4,638.2,642.5,639.9,637.5,639.1,641.9,639.7,638.1,655.5,658.1,663.2,670.6,664.0,659.1,649.4,640.3,637.7,639.7,642.4,652.3,666.5,654.8,646.9,643.6,641.9,643.4,647.9,641.0,642.5,645.9,662.2,645.9,642.5,641.2,0.595,0.243,-0.321,0.093,275.612,185.844,-1.29,9.789,-13.795,12.475,4.685,-1.089,-2.87,2.171,3.706,-0.868,0.709,0.715,0.201,-1.928,-0.012,-0.188,0.264,0.614,-0.503,-0.554,0.683,-0.27,-0.207,-0.335,0.407,-0.024,0.1,0.046,-0.085,0.008,-0.023,0.014,0.008,-0.001,0.38,0.0,0.0,0.5,0.0,0.0,0.0,0.0,0.0,0.46,0.0,0.0,0.0,0.0,0.0,0.0,0.0,0.0,1.0,0.0,1.0,0.0,0.0,0.0,0.0,0.0,0.0,0.0,0.0,0.0,0.0,0.0,0.0,1.0,0.0
PP133,g1,3467,0,0.975,0.234682,0.200639,-0.951141,0.081376,0.192428,-0.977931,0.162,0.201,253.8,255.2,258.4,261.5,262.7,261.5,258.1,255.0,249.3,251.5,254.5,258.0,261.4,263.9,265.5,263.4,260.6,257.4,254.2,251.4,256.8,258.2,259.6,260.2,259.7,258.3,256.9,256.3,290.7,291.7,294.3,297.1,298.4,297.4,294.8,291.7,287.6,289.6,292.2,295.4,298.2,299.9,300.9,299.9,298.2,295.8,292.9,289.9,293.2,294.4,295.6,296.0,295.4,294.2,293.0,292.6,161.2,158.0,156.8,158.3,161.6,165.0,166.0,164.5,162.5,160.8,159.7,159.3,160.1,161.7,163.8,164.9,165.2,165.3,164.9,164.0,162.8,163.5,163.0,161.6,160.1,159.5,160.0,161.4,161.9,158.8,157.5,158.8,161.8,164.9,166.2,165.2,164.0,161.9,160.4,159.8,160.3,161.4,163.1,164.6,165.4,165.7,165.5,165.1,163.3,163.8,163.2,161.9,160.6,160.0,160.6,161.9,5.0,6.9,11.1,15.2,16.8,15.2,10.7,6.6,-0.9,1.9,5.9,10.5,15.0,18.3,20.5,17.7,13.9,9.7,5.5,1.8,9.0,10.8,12.6,13.4,12.8,11.0,9.1,8.3,56.1,57.6,61.5,65.5,67.4,65.9,62.0,57.6,51.9,54.6,58.2,62.8,66.9,69.9,71.7,69.8,67.0,63.3,59.2,55.1,59.8,61.6,63.3,63.9,63.1,61.4,59.7,59.0,-34.6,-38.8,-40.4,-38.5,-34.2,-29.6,-28.4,-30.3,-33.2,-35.3,-36.6,-37.0,-36.1,-34.1,-31.4,-29.8,-29.3,-29.2,-29.8,-31.0,-32.5,-31.7,-32.4,-34.2,-36.1,-37.0,-36.3,-34.4,-35.3,-39.6,-41.6,-40.0,-35.8,-31.5,-29.6,-30.8,-32.4,-35.2,-37.3,-38.3,-37.8,-36.5,-34.3,-32.1,-30.8,-30.2,-30.3,-30.9,-33.6,-32.9,-33.7,-35.6,-37.4,-38.1,-37.3,-35.4,514.4,515.0,515.4,515.5,515.2,514.9,514.1,514.1,518.1,515.7,513.7,512.9,513.8,515.5,517.3,515.5,513.7,513.0,513.8,515.8,515.3,515.3,515.5,515.8,515.9,515.9,515.7,515.4,539.0,540.0,541.8,543.4,543.8,542.8,541.0,539.5,539.2,538.6,538.6,539.8,542.8,546.5,549.9,546.6,543.1,540.5,539.1,538.9,541.3,542.0,542.8,543.2,543.0,542.3,541.5,541.1,41.9,-1.7,649.7,0.215,-0.243,0.062,226.6,226.4,227.3,229.4,233.8,241.1,250.6,261.6,272.3,280.7,286.6,292.1,297.0,301.0,303.8,306.0,307.0,240.0,247.3,256.3,265.2,273.0,287.6,294.0,300.0,305.5,308.5,280.1,281.1,282.2,283.4,271.0,275.4,279.9,283.7,286.9,249.2,254.8,261.0,265.6,260.5,254.3,287.6,292.6,297.8,301.1,298.1,292.8,260.5,268.7,275.2,278.7,282.3,286.1,288.7,285.7,281.7,277.9,274.0,267.8,263.6,274.5,278.1,281.7,286.8,281.7,278.1,274.4,161.1,172.8,184.3,195.5,206.1,215.4,223.2,229.2,230.7,228.6,222.1,214.3,205.3,195.4,185.0,174.4,163.5,153.9,149.5,148.6,150.3,153.6,153.6,150.6,149.3,150.3,154.6,162.5,170.2,177.8,185.6,190.5,192.1,193.4,192.2,190.7,162.4,159.6,159.9,163.9,165.2,165.1,164.2,160.2,160.3,163.1,165.5,165.6,205.8,203.4,202.0,203.1,202.0,203.6,205.8,210.6,212.6,213.1,212.7,210.7,206.0,205.8,206.1,205.7,206.1,206.8,207.4,206.9,-40.0,-40.6,-39.3,-35.9,-28.2,-15.4,1.0,19.8,38.2,53.5,65.3,76.4,86.1,93.3,98.2,102.0,103.6,-16.2,-4.4,10.1,24.4,37.0,61.3,72.6,83.8,94.6,101.3,48.8,50.0,51.4,52.7,33.9,41.1,48.3,54.9,60.6,-1.4,7.8,17.9,25.6,17.2,7.1,63.0,71.6,81.0,87.4,81.5,72.1,17.3,30.6,41.0,46.8,52.9,60.0,65.8,59.5,52.3,45.7,39.2,29.2,22.4,40.0,46.0,52.2,62.1,52.1,46.0,39.8,-45.1,-25.4,-5.6,13.9,32.3,48.5,61.6,71.2,74.0,71.5,61.7,48.6,32.6,14.5,-4.5,-23.9,-43.7,-54.7,-61.5,-62.6,-59.7,-54.4,-55.3,-60.9,-64.1,-63.4,-57.0,-40.5,-27.9,-15.5,-3.0,4.9,7.4,9.5,7.7,5.2,-41.0,-45.4,-45.0,-38.7,-36.5,-36.6,-39.1,-45.9,-46.1,-41.8,-37.3,-36.9,30.3,26.0,23.5,25.4,23.8,26.8,31.0,38.5,41.4,41.9,41.2,38.0,30.6,29.9,30.5,30.0,31.4,31.8,32.5,31.8,668.5,672.3,676.8,679.9,680.4,678.7,673.9,667.7,669.1,680.1,696.2,709.2,715.3,715.1,713.4,711.6,710.8,636.8,631.6,628.8,626.8,626.8,636.3,644.9,654.9,665.5,676.3,634.0,628.6,622.8,617.4,631.4,631.4,632.1,635.9,640.3,638.6,636.3,637.8,640.5,638.4,636.8,653.8,656.6,661.7,669.0,662.4,657.5,646.8,637.7,635.3,637.2,639.9,649.6,663.6,651.7,643.9,640.6,639.0,640.5,645.3,638.5,639.9,643.2,659.1,643.1,639.7,638.5,0.597,0.225,-0.321,0.079,275.087,186.28,-1.746,9.648,-15.063,14.138,3.989,-0.704,-3.195,2.558,3.979,-1.964,0.767,0.656,-0.064,-2.145,-0.028,-0.153,0.399,0.555,-0.496,-0.516,0.713,-0.305,-0.412,-0.579,0.392,0.086,0.114,0.057,-0.094,-0.001,-0.016,0.002,0.01,-0.003,0.35,0.0,0.0,1.04,0.0,0.0,0.0,0.0,0.0,0.58,0.0,0.0,0.0,0.0,0.0,0.0,0.0,0.0,1.0,0.0,1.0,0.0,0.0,0.0,0.0,0.0,0.0,0.0,0.0,0.0,0.0,0.0,0.0,1.0,0.0
PP133,g1,3473,0,0.925,0.230164,0.202232,-0.951907,0.080296,0.194525,-0.977606,0.16,0.203,253.3,254.7,257.8,260.9,262.1,260.9,257.6,254.5,248.8,250.9,253.9,257.4,260.8,263.3,264.9,262.8,260.0,256.8,253.7,250.9,256.3,257.6,259.0,259.6,259.1,257.7,256.3,255.7,290.0,291.0,293.6,296.4,297.7,296.8,294.1,291.1,287.0,288.9,291.6,294.8,297.5,299.3,300.2,299.3,297.5,295.1,292.2,289.3,292.5,293.7,294.9,295.3,294.7,293.5,292.4,291.9,161.8,158.6,157.4,158.8,162.1,165.5,166.4,165.0,163.1,161.4,160.3,159.9,160.6,162.1,164.3,165.3,165.7,165.8,165.4,164.5,163.4,164.0,163.5,162.1,160.7,160.0,160.6,161.9,162.2,159.2,157.8,159.0,162.1,165.1,166.4,165.5,164.3,162.3,160.8,160.1,160.6,161.7,163.4,164.8,165.6,165.9,165.8,165.4,163.6,164.1,163.5,162.2,160.9,160.3,160.9,162.2,4.3,6.2,10.4,14.5,16.1,14.5,10.0,5.9,-1.6,1.3,5.2,9.8,14.3,17.6,19.8,17.1,13.3,9.0,4.9,1.2,8.3,10.1,12.0,12.8,12.1,10.3,8.4,7.6,55.4,56.9,60.7,64.8,66.7,65.2,61.3,56.9,51.2,53.9,57.5,62.1,66.2,69.2,71.0,69.2,66.3,62.7,58.5,54.4,59.1,60.9,62.6,63.2,62.4,60.6,58.9,58.3,-34.1,-38.4,-40.0,-38.1,-33.8,-29.2,-27.9,-29.8,-32.7,-34.8,-36.1,-36.6,-35.7,-33.7,-31.0,-29.5,-28.9,-28.8,-29.3,-30.6,-32.1,-31.3,-32.0,-33.8,-35.7,-36.6,-35.8,-34.0,-35.0,-39.3,-41.3,-39.7,-35.5,-31.2,-29.3,-30.5,-32.1,-34.9,-37.0,-38.0,-37.5,-36.3,-34.0,-31.9,-30.6,-30.0,-30.1,-30.6,-33.3,-32.6,-33.4,-35.3,-37.2,-37.9,-37.0,-35.1,518.6,519.2,519.6,519.6,519.3,519.0,518.3,518.3,522.4,520.0,517.9,517.0,517.9,519.6,521.4,519.6,517.8,517.2,518.0,520.0,519.5,519.5,519.7,519.9,520.1,520.0,519.9,519.6,540.9,541.9,543.8,545.3,545.7,544.7,542.9,541.5,541.2,540.5,540.5,541.8,544.7,548.3,551.8,548.5,545.0,542.4,541.0,540.9,543.2,543.9,544.7,545.1,544.9,544.3,543.5,543.0,41.1,-1.0,649.8,0.216,-0.238,0.054,226.1,225.9,226.9,229.1,233.6,241.0,250.5,261.6,272.4,280.8,286.7,292.1,296.9,300.7,303.4,305.6,306.4,239.5,246.6,255.6,264.4,272.2,286.9,293.2,299.2,304.8,307.7,279.4,280.4,281.6,282.8,270.4,274.9,279.4,283.2,286.5,248.7,254.2,260.3,265.0,260.0,253.8,287.0,291.9,297.1,300.4,297.4,292.2,260.0,268.3,274.7,278.2,281.9,285.7,288.4,285.4,281.4,277.6,273.6,267.5,263.1,274.1,277.7,281.3,286.5,281.3,277.7,274.0,161.5,173.2,184.8,196.0,206.7,216.1,224.0,229.9,231.3,229.1,222.5,214.5,205.4,195.5,185.1,174.5,163.6,154.7,150.1,149.2,150.8,154.1,154.0,151.0,149.6,150.6,154.9,162.9,170.6,178.3,186.2,191.0,192.6,193.9,192.7,191.0,163.0,160.2,160.5,164.4,165.6,165.6,164.5,160.6,160.6,163.3,165.7,165.8,206.2,203.9,202.5,203.6,202.4,203.9,206.0,210.9,213.0,213.5,213.2,211.2,206.5,206.2,206.6,206.1,206.4,207.2,207.8,207.4,-40.9,-41.5,-40.0,-36.5,-28.6,-15.6,0.9,19.8,38.3,53.7,65.4,76.4,85.9,92.8,97.5,101.1,102.5,-17.1,-5.5,9.0,23.2,35.7,60.1,71.3,82.5,93.3,99.9,47.7,49.0,50.4,51.8,33.1,40.3,47.6,54.1,59.8,-2.2,6.9,16.9,24.6,16.3,6.2,61.9,70.4,79.8,86.3,80.4,71.0,16.6,29.9,40.3,46.1,52.2,59.4,65.3,59.1,51.8,45.2,38.7,28.6,21.7,39.3,45.4,51.6,61.6,51.6,45.4,39.2,-44.5,-24.7,-4.7,14.9,33.6,49.8,63.0,72.5,75.2,72.5,62.4,49.0,32.8,14.6,-4.4,-23.7,-43.5,-53.5,-60.5,-61.7,-58.8,-53.7,-54.7,-60.3,-63.5,-62.8,-56.4,-40.0,-27.2,-14.7,-2.1,5.7,8.2,10.3,8.4,5.8,-40.1,-44.4,-44.2,-37.9,-35.7,-35.8,-38.6,-45.3,-45.6,-41.4,-36.9,-36.5,31.1,26.8,24.3,26.2,24.5,27.4,31.5,39.1,42.0,42.6,42.0,38.8,31.4,30.6,31.3,30.6,31.9,32.5,33.3,32.6,669.4,673.4,678.1,681.3,681.7,679.8,674.8,668.4,669.8,680.8,696.9,709.7,715.5,714.9,712.8,710.7,709.7,637.2,632.0,629.0,627.1,627.0,636.4,644.8,654.7,665.1,675.8,634.1,628.7,622.8,617.5,631.8,631.7,632.2,636.1,640.5,638.8,636.5,638.0,640.7,638.6,637.1,653.8,656.6,661.5,668.7,662.2,657.4,647.5,638.1,635.6,637.5,640.3,649.9,664.0,652.0,644.1,640.8,639.2,640.8,645.8,638.8,640.2,643.6,659.6,643.4,640.0,638.7,0.597,0.227,-0.315,0.071,274.635,186.706,-2.014,11.294,-14.7,14.508,2.675,0.1,-3.213,2.679,3.783,-2.243,0.32,0.554,-0.037,-2.338,-0.098,0.015,0.266,0.819,-0.45,-0.574,0.707,-0.197,-0.407,-0.682,0.335,0.125,0.107,0.053,-0.108,-0.002,-0.023,-0.006,0.009,0.003,0.18,0.0,0.0,1.33,0.0,0.0,0.0,0.0,0.0,0.65,0.0,0.0,0.0,0.0,0.0,0.0,0.0,0.0,1.0,0.0,1.0,0.0,0.0,0.0,0.0,0.0,0.0,0.0,0.0,0.0,0.0,0.0,0.0,1.0,0.0
PP133,g1,3479,0,0.925,0.229206,0.192358,-0.954182,0.082435,0.185134,-0.97925,0.16,0.193,252.7,254.1,257.2,260.3,261.6,260.4,257.0,253.9,248.2,250.4,253.3,256.8,260.2,262.7,264.4,262.3,259.5,256.3,253.1,250.3,255.7,257.0,258.4,259.0,258.5,257.1,255.8,255.2,289.5,290.4,293.1,295.9,297.2,296.3,293.6,290.6,286.5,288.4,291.0,294.2,297.0,298.8,299.8,298.8,297.0,294.6,291.8,288.8,292.0,293.2,294.4,294.8,294.2,293.0,291.8,291.4,161.6,158.5,157.2,158.6,161.9,165.3,166.3,164.9,163.0,161.2,160.1,159.7,160.4,161.9,164.1,165.2,165.5,165.6,165.3,164.5,163.2,163.8,163.3,161.9,160.5,159.9,160.4,161.8,161.9,158.9,157.5,158.7,161.8,164.8,166.2,165.2,164.1,162.0,160.5,159.8,160.3,161.4,163.1,164.5,165.3,165.6,165.5,165.2,163.3,163.8,163.2,161.9,160.6,160.0,160.6,162.0,3.5,5.4,9.6,13.7,15.3,13.7,9.3,5.2,-2.4,0.5,4.4,9.0,13.5,16.8,19.1,16.3,12.5,8.3,4.1,0.4,7.5,9.3,11.2,12.0,11.3,9.5,7.6,6.8,54.4,55.9,59.7,63.8,65.7,64.2,60.3,56.0,50.3,52.9,56.5,61.1,65.2,68.2,70.0,68.2,65.3,61.7,57.6,53.4,58.2,59.9,61.6,62.3,61.4,59.7,58.0,57.3,-34.2,-38.4,-40.1,-38.2,-33.9,-29.3,-28.0,-29.9,-32.6,-34.8,-36.1,-36.7,-35.8,-33.8,-31.1,-29.6,-29.0,-28.8,-29.4,-30.5,-32.1,-31.3,-32.1,-33.9,-35.8,-36.6,-35.9,-34.0,-35.2,-39.6,-41.5,-40.0,-35.8,-31.5,-29.5,-30.8,-32.3,-35.1,-37.2,-38.3,-37.8,-36.5,-34.3,-32.1,-30.8,-30.2,-30.3,-30.8,-33.5,-32.8,-33.7,-35.6,-37.4,-38.1,-37.2,-35.3,516.4,516.9,517.3,517.3,516.9,516.7,516.0,516.0,520.2,517.8,515.6,514.8,515.6,517.2,519.0,517.3,515.5,514.9,515.8,517.8,517.2,517.2,517.4,517.6,517.8,517.8,517.6,517.4,538.5,539.5,541.3,542.9,543.3,542.2,540.4,539.0,538.7,538.1,538.1,539.3,542.2,545.9,549.3,546.0,542.6,539.9,538.5,538.4,540.7,541.4,542.2,542.7,542.5,541.8,541.0,540.6,40.5,-1.1,648.1,0.202,-0.238,0.046,225.6,225.5,226.7,228.9,233.6,241.0,250.6,261.7,272.5,281.0,286.8,292.0,296.7,300.4,303.1,305.2,305.9,238.8,245.9,254.9,263.8,271.6,286.3,292.6,298.6,304.2,307.2,278.9,280.0,281.3,282.5,270.2,274.7,279.2,283.0,286.3,248.1,253.6,259.8,264.5,259.4,253.3,286.4,291.4,296.6,299.9,296.9,291.7,260.0,268.2,274.6,278.1,281.7,285.6,288.3,285.4,281.4,277.6,273.6,267.5,263.1,274.0,277.6,281.2,286.4,281.3,277.6,273.9,161.7,173.5,185.2,196.5,207.2,216.6,224.4,230.3,231.6,229.4,222.8,214.7,205.6,195.6,185.2,174.5,163.6,154.7,150.1,149.0,150.7,153.9,153.7,150.7,149.4,150.3,154.7,162.6,170.3,177.9,185.8,190.9,192.4,193.6,192.4,190.8,162.9,160.1,160.3,164.2,165.5,165.5,164.2,160.3,160.3,163.1,165.5,165.5,206.3,203.9,202.4,203.4,202.3,203.8,206.0,210.8,212.9,213.4,213.1,211.2,206.6,206.1,206.5,206.0,206.4,207.1,207.7,207.3,-41.8,-42.1,-40.4,-36.7,-28.6,-15.5,1.0,20.0,38.5,53.8,65.4,76.2,85.4,92.1,96.7,100.1,101.4,-18.3,-6.7,7.8,22.1,34.6,59.1,70.2,81.4,92.2,98.9,46.8,48.2,49.7,51.2,32.5,39.8,47.1,53.6,59.3,-3.1,5.9,15.9,23.8,15.4,5.3,60.9,69.4,78.9,85.3,79.5,70.1,16.5,29.6,39.9,45.7,51.8,59.0,64.9,58.8,51.6,45.1,38.5,28.5,21.6,39.1,45.1,51.3,61.2,51.3,45.2,39.0,-44.1,-24.1,-4.1,15.6,34.3,50.5,63.6,73.0,75.4,72.7,62.7,49.3,33.0,14.8,-4.2,-23.6,-43.4,-53.4,-60.5,-61.9,-59.1,-53.9,-55.0,-60.6,-63.8,-63.2,-56.7,-40.4,-27.7,-15.2,-2.6,5.4,7.9,9.9,8.0,5.4,-40.2,-44.7,-44.4,-38.2,-35.9,-35.9,-38.9,-45.7,-46.0,-41.8,-37.3,-36.9,31.1,26.7,24.1,26.0,24.2,27.1,31.3,38.8,41.7,42.3,41.7,38.7,31.4,30.4,31.0,30.3,31.8,32.2,33.0,32.3,668.8,672.7,677.2,680.1,680.3,678.2,673.0,666.4,667.7,678.7,694.9,707.8,713.7,713.1,711.1,709.1,708.2,636.6,631.3,628.2,626.2,626.1,635.5,644.0,653.9,664.4,675.1,633.0,627.4,621.3,615.7,630.2,630.0,630.4,634.3,638.8,637.9,635.7,637.2,639.7,637.6,636.2,652.9,655.7,660.6,667.8,661.3,656.4,645.6,636.2,633.8,635.7,638.5,648.0,662.0,649.9,642.0,638.7,637.1,638.7,643.9,636.9,638.3,641.7,657.5,641.4,638.0,636.8,0.598,0.213,-0.314,0.062,274.349,186.651,-1.407,12.13,-14.746,15.673,2.224,0.351,-3.435,2.991,4.284,-2.84,0.303,0.495,-0.238,-2.264,0.076,-0.19,0.224,0.861,-0.465,-0.484,0.659,-0.225,-0.61,-0.76,0.344,0.17,0.152,0.066,-0.11,-0.012,-0.023,-0.008,0.015,-0.002,0.24,0.0,0.0,1.03,0.0,0.0,0.0,0.0,0.0,0.39,0.0,0.0,0.0,0.0,0.0,0.0,0.0,0.0,1.0,0.0,1.0,0.0,0.0,0.0,0.0,0.0,0.0,0.0,0.0,0.0,0.0,0.0,0.0,1.0,0.0
PP133,g1,3485,0,0.975,0.235667,0.208343,-0.949239,0.079057,0.199665,-0.97667,0.162,0.209,252.4,253.8,257.0,260.1,261.3,260.0,256.7,253.6,247.8,250.0,253.0,256.6,260.0,262.4,264.0,262.0,259.1,255.9,252.8,249.9,255.4,256.7,258.1,258.7,258.2,256.9,255.5,254.8,289.3,290.3,292.9,295.7,297.0,296.1,293.4,290.3,286.2,288.2,290.9,294.1,296.8,298.6,299.6,298.6,296.8,294.4,291.5,288.5,291.8,293.0,294.2,294.6,294.1,292.8,291.7,291.2,160.9,157.7,156.5,158.0,161.3,164.7,165.6,164.2,162.2,160.4,159.4,159.0,159.8,161.3,163.5,164.6,164.9,164.9,164.5,163.7,162.5,163.2,162.6,161.3,159.8,159.2,159.7,161.1,161.5,158.4,157.1,158.3,161.3,164.4,165.8,164.8,163.7,161.6,160.0,159.4,159.9,160.9,162.7,164.1,164.9,165.3,165.1,164.7,162.9,163.4,162.8,161.5,160.1,159.6,160.2,161.5,3.1,5.0,9.3,13.3,14.9,13.3,8.8,4.7,-2.9,0.0,4.0,8.7,13.1,16.4,18.6,15.8,12.0,7.8,3.7,-0.1,7.1,8.9,10.7,11.5,10.9,9.1,7.2,6.4,54.2,55.6,59.5,63.5,65.4,63.9,60.0,55.7,50.0,52.6,56.3,60.8,64.9,67.9,69.7,67.9,65.0,61.4,57.3,53.1,57.9,59.6,61.3,62.0,61.2,59.4,57.7,57.1,-35.1,-39.3,-40.9,-39.0,-34.7,-30.1,-28.9,-30.8,-33.7,-35.8,-37.0,-37.5,-36.6,-34.6,-31.8,-30.3,-29.8,-29.7,-30.3,-31.5,-33.0,-32.2,-32.9,-34.7,-36.6,-37.5,-36.8,-34.9,-35.8,-40.1,-42.1,-40.5,-36.4,-32.0,-30.1,-31.3,-32.9,-35.7,-37.8,-38.8,-38.4,-37.1,-34.9,-32.7,-31.4,-30.7,-30.8,-31.4,-34.1,-33.4,-34.3,-36.2,-38.0,-38.7,-37.8,-35.9,515.5,516.1,516.6,516.7,516.3,516.0,515.3,515.2,519.2,516.9,514.8,514.0,515.0,516.6,518.5,516.6,514.8,514.2,514.9,516.9,516.4,516.5,516.7,516.9,517.1,517.0,516.8,516.6,538.4,539.4,541.2,542.8,543.2,542.2,540.4,538.9,538.7,538.0,538.0,539.2,542.1,545.8,549.2,545.9,542.5,539.9,538.5,538.3,540.7,541.3,542.1,542.6,542.4,541.7,540.9,540.5,39.4,-2.5,651.4,0.23,-0.241,0.064,225.4,225.1,226.0,228.0,232.4,239.7,249.0,259.9,270.6,279.1,285.1,290.7,295.8,299.8,302.7,304.8,305.7,238.8,246.0,254.9,263.7,271.5,286.2,292.5,298.5,304.1,307.2,278.6,279.6,280.7,281.7,269.4,273.9,278.3,282.1,285.4,247.7,253.4,259.5,264.2,259.1,252.9,286.2,291.2,296.5,299.7,296.7,291.5,258.5,266.9,273.5,277.0,280.6,284.5,287.3,284.0,279.9,276.0,272.1,265.8,261.6,272.7,276.4,280.0,285.3,279.9,276.3,272.5,160.7,172.2,183.7,194.8,205.4,214.7,222.5,228.5,230.1,227.9,221.4,213.5,204.5,194.7,184.3,173.7,162.8,153.5,149.2,148.4,150.1,153.3,153.2,150.2,148.9,149.8,154.0,162.2,169.9,177.5,185.3,190.2,191.7,193.0,191.9,190.3,162.1,159.3,159.6,163.6,164.8,164.7,163.8,159.8,159.8,162.6,165.1,165.1,205.0,202.8,201.5,202.6,201.5,203.0,205.0,210.1,212.3,212.7,212.3,210.2,205.3,205.2,205.6,205.2,205.4,206.5,207.1,206.6,-42.3,-42.9,-41.7,-38.4,-30.7,-18.0,-1.7,17.0,35.4,50.8,62.7,74.1,84.0,91.3,96.3,100.0,101.6,-18.4,-6.5,7.9,22.1,34.5,59.1,70.3,81.5,92.3,99.0,46.5,47.7,49.0,50.3,31.5,38.7,45.9,52.4,58.1,-3.7,5.5,15.6,23.3,14.8,4.7,60.7,69.3,78.8,85.2,79.3,69.9,14.1,27.6,38.3,44.1,50.3,57.6,63.5,57.0,49.5,42.9,36.3,26.1,19.3,37.3,43.4,49.6,59.8,49.5,43.2,37.0,-46.0,-26.3,-6.6,12.8,31.3,47.4,60.5,70.3,73.2,70.6,60.6,47.3,31.3,13.1,-5.8,-25.2,-45.0,-55.4,-62.1,-63.1,-60.2,-55.0,-56.0,-61.6,-64.8,-64.3,-58.0,-41.1,-28.4,-16.0,-3.4,4.3,6.9,8.9,7.1,4.7,-41.7,-46.0,-45.6,-39.2,-37.1,-37.2,-39.7,-46.6,-46.9,-42.6,-38.1,-37.7,29.1,25.1,22.8,24.7,23.0,25.9,29.9,37.9,41.0,41.5,40.8,37.3,29.6,29.1,29.8,29.2,30.4,31.4,32.1,31.4,669.8,673.7,678.3,681.7,682.4,680.8,676.3,670.2,671.6,682.2,697.9,710.6,716.4,716.1,714.4,712.6,711.8,637.9,632.8,629.9,628.0,627.9,637.4,645.8,655.6,665.9,676.5,635.1,629.9,624.3,619.1,633.2,633.2,633.8,637.6,641.8,639.9,637.5,639.0,641.6,639.5,638.0,654.8,657.4,662.4,669.6,663.2,658.4,649.3,640.0,637.4,639.2,641.9,651.7,665.8,654.2,646.3,643.1,641.4,643.1,647.7,640.6,642.0,645.3,661.6,645.4,642.0,640.8,0.596,0.237,-0.315,0.082,273.565,185.8,-4.005,8.983,-13.626,12.979,4.685,-0.71,-3.204,2.079,3.645,-1.338,0.899,1.243,0.059,-2.253,-0.321,-0.222,0.392,0.807,-0.607,-0.571,0.544,-0.304,-0.183,-0.253,0.395,-0.078,0.134,0.048,-0.104,0.001,-0.015,0.013,0.008,-0.0,0.18,0.0,0.0,0.89,0.0,0.0,0.0,0.0,0.0,0.5,0.0,0.0,0.0,0.0,0.0,0.0,0.0,0.0,1.0,0.0,1.0,0.0,0.0,0.0,0.0,0.0,0.0,0.0,0.0,0.0,0.0,0.0,0.0,1.0,0.0
PP133,g1,3491,0,0.975,0.234675,0.206598,-0.949866,0.076178,0.199461,-0.97694,0.16,0.208,252.0,253.4,256.6,259.7,260.9,259.7,256.3,253.2,247.4,249.6,252.6,256.2,259.6,262.0,263.6,261.6,258.8,255.6,252.4,249.5,255.0,256.3,257.7,258.3,257.8,256.4,255.0,254.4,289.0,289.9,292.6,295.4,296.7,295.8,293.1,290.0,285.9,287.9,290.5,293.7,296.5,298.3,299.3,298.3,296.5,294.1,291.2,288.2,291.5,292.7,293.9,294.3,293.8,292.5,291.4,290.9,160.4,157.2,156.0,157.4,160.7,164.1,165.1,163.7,161.7,160.0,158.9,158.5,159.2,160.8,162.9,164.0,164.3,164.4,164.0,163.2,162.0,162.6,162.1,160.7,159.3,158.6,159.2,160.6,160.8,157.7,156.3,157.5,160.6,163.6,165.0,164.0,162.9,160.8,159.3,158.6,159.1,160.1,161.9,163.3,164.1,164.5,164.4,164.0,162.1,162.6,162.0,160.7,159.4,158.8,159.4,160.8,2.6,4.4,8.7,12.8,14.4,12.8,8.3,4.2,-3.4,-0.5,3.4,8.1,12.6,15.9,18.1,15.3,11.5,7.3,3.1,-0.6,6.5,8.3,10.2,11.0,10.3,8.5,6.7,5.8,53.7,55.1,59.0,63.1,65.0,63.5,59.6,55.2,49.5,52.2,55.8,60.3,64.5,67.5,69.3,67.5,64.6,61.0,56.8,52.7,57.4,59.2,60.9,61.5,60.7,58.9,57.2,56.6,-35.7,-39.9,-41.6,-39.7,-35.3,-30.8,-29.5,-31.4,-34.2,-36.3,-37.6,-38.1,-37.2,-35.2,-32.5,-31.0,-30.5,-30.3,-30.9,-32.1,-33.6,-32.8,-33.5,-35.4,-37.3,-38.1,-37.4,-35.5,-36.8,-41.2,-43.2,-41.6,-37.4,-33.1,-31.1,-32.4,-33.9,-36.7,-38.8,-39.9,-39.4,-38.2,-36.0,-33.8,-32.5,-31.8,-31.9,-32.4,-35.1,-34.5,-35.3,-37.2,-39.1,-39.7,-38.9,-37.0,514.3,514.9,515.3,515.4,515.1,514.8,514.0,514.0,518.0,515.6,513.6,512.8,513.7,515.4,517.2,515.4,513.6,512.9,513.7,515.6,515.2,515.2,515.4,515.7,515.8,515.8,515.6,515.3,538.2,539.2,541.0,542.5,542.9,541.9,540.1,538.7,538.5,537.8,537.8,539.0,541.8,545.5,548.9,545.6,542.2,539.6,538.3,538.2,540.4,541.1,541.9,542.3,542.1,541.5,540.7,540.3,39.3,-3.8,651.1,0.226,-0.237,0.054,225.0,224.9,225.9,228.1,232.5,239.9,249.3,260.2,270.9,279.5,285.5,291.1,296.2,300.1,302.8,304.8,305.6,238.1,245.2,254.2,263.2,271.1,285.7,292.1,298.2,303.8,306.9,278.2,279.3,280.4,281.6,269.3,273.8,278.2,282.1,285.3,247.3,252.9,259.1,263.8,258.7,252.5,285.9,290.9,296.2,299.5,296.4,291.2,258.6,266.9,273.5,277.0,280.7,284.6,287.4,284.2,280.1,276.2,272.3,266.0,261.7,272.8,276.5,280.1,285.5,280.1,276.4,272.7,160.4,171.9,183.3,194.3,204.8,214.0,221.7,227.6,229.1,226.9,220.4,212.5,203.6,193.7,183.3,172.8,161.9,153.3,148.7,147.8,149.4,152.6,152.4,149.4,148.0,149.0,153.2,161.5,169.2,176.7,184.5,189.5,191.0,192.2,191.0,189.5,161.6,158.8,159.1,163.0,164.3,164.2,163.1,159.1,159.1,161.8,164.3,164.4,204.3,202.1,200.7,201.8,200.7,202.1,204.1,209.1,211.3,211.8,211.5,209.3,204.5,204.4,204.8,204.3,204.5,205.6,206.2,205.8,-43.0,-43.4,-41.8,-38.3,-30.5,-17.6,-1.2,17.6,36.0,51.4,63.4,74.8,84.7,91.8,96.5,100.0,101.4,-19.5,-7.8,6.8,21.2,33.9,58.3,69.6,80.9,91.8,98.6,45.9,47.2,48.6,50.0,31.3,38.5,45.7,52.3,58.0,-4.4,4.8,14.9,22.7,14.3,4.1,60.2,68.8,78.3,84.8,78.8,69.4,14.3,27.7,38.4,44.2,50.4,57.7,63.8,57.3,49.8,43.2,36.6,26.3,19.4,37.4,43.5,49.7,60.1,49.7,43.4,37.2,-46.6,-27.0,-7.3,11.9,30.2,46.2,59.1,68.8,71.5,68.8,58.7,45.4,29.4,11.4,-7.6,-26.9,-46.6,-56.0,-62.9,-64.1,-61.3,-56.1,-57.2,-63.0,-66.3,-65.7,-59.4,-42.2,-29.6,-17.2,-4.7,3.2,5.6,7.6,5.8,3.3,-42.5,-46.8,-46.5,-40.2,-38.0,-38.1,-41.0,-47.9,-48.2,-44.0,-39.5,-39.0,27.9,23.9,21.5,23.4,21.6,24.4,28.2,36.2,39.4,40.0,39.3,35.9,28.3,27.7,28.4,27.8,28.7,29.9,30.6,29.9,671.0,674.7,679.2,682.3,682.9,681.3,676.5,670.2,671.5,682.1,697.9,710.6,716.4,716.3,714.7,713.1,712.4,638.9,633.4,630.2,628.0,627.8,637.0,645.4,655.4,666.0,676.8,634.9,629.7,623.9,618.6,633.0,632.9,633.5,637.2,641.5,640.4,637.8,639.3,641.9,639.8,638.4,654.8,657.4,662.4,669.6,663.1,658.3,649.2,639.8,637.0,638.8,641.5,651.3,665.6,653.8,645.8,642.6,641.0,642.9,647.6,640.3,641.6,644.9,661.3,644.9,641.6,640.4,0.596,0.231,-0.311,0.071,273.484,185.035,-0.959,8.845,-13.162,12.781,5.117,-1.118,-3.623,2.289,3.755,-1.064,0.492,0.984,0.185,-2.108,-0.232,-0.454,0.289,0.565,-0.666,-0.467,0.632,-0.405,-0.147,-0.244,0.346,-0.03,0.106,0.051,-0.099,0.002,-0.02,0.012,0.007,-0.001,0.05,0.0,0.0,0.57,0.0,0.0,0.11,0.0,0.0,0.63,0.0,0.0,0.0,0.0,0.0,0.0,0.0,0.0,1.0,0.0,1.0,0.0,0.0,0.0,0.0,0.0,1.0,0.0,0.0,0.0,0.0,0.0,0.0,1.0,0.0
PP133,g1,3497,0,0.925,0.234567,0.188657,-0.953618,0.084278,0.182578,-0.979572,0.163,0.19,251.9,253.2,256.4,259.6,260.8,259.6,256.2,253.1,247.4,249.5,252.5,256.0,259.4,261.9,263.6,261.5,258.7,255.5,252.3,249.5,254.9,256.3,257.6,258.2,257.7,256.3,254.9,254.3,288.8,289.7,292.4,295.2,296.5,295.6,292.9,289.8,285.7,287.7,290.3,293.5,296.2,298.1,299.0,298.1,296.3,293.9,291.0,288.0,291.3,292.5,293.7,294.1,293.5,292.3,291.1,290.7,161.1,157.9,156.7,158.1,161.3,164.8,165.8,164.4,162.5,160.7,159.6,159.1,159.8,161.4,163.5,164.6,165.0,165.1,164.7,163.9,162.7,163.3,162.8,161.4,159.9,159.3,159.9,161.3,161.4,158.3,156.9,158.1,161.2,164.2,165.6,164.6,163.5,161.4,159.9,159.2,159.7,160.8,162.5,163.9,164.7,165.1,164.9,164.6,162.7,163.2,162.6,161.3,160.0,159.4,160.0,161.4,2.5,4.3,8.5,12.6,14.2,12.7,8.2,4.1,-3.5,-0.6,3.3,7.9,12.4,15.7,18.0,15.2,11.4,7.2,3.1,-0.7,6.4,8.2,10.1,10.9,10.2,8.4,6.5,5.7,53.4,54.8,58.7,62.7,64.6,63.2,59.3,54.9,49.2,51.9,55.5,60.0,64.1,67.1,68.9,67.1,64.3,60.7,56.5,52.4,57.1,58.9,60.6,61.2,60.4,58.6,56.9,56.3,-34.7,-39.0,-40.7,-38.8,-34.5,-29.9,-28.6,-30.4,-33.2,-35.4,-36.7,-37.3,-36.4,-34.4,-31.7,-30.2,-29.6,-29.4,-29.9,-31.1,-32.7,-31.9,-32.6,-34.5,-36.4,-37.2,-36.5,-34.6,-36.0,-40.3,-42.3,-40.8,-36.6,-32.3,-30.3,-31.5,-33.0,-35.9,-38.0,-39.1,-38.6,-37.3,-35.1,-32.9,-31.6,-31.0,-31.1,-31.6,-34.3,-33.6,-34.5,-36.4,-38.2,-38.9,-38.0,-36.1,514.4,514.9,515.3,515.4,515.0,514.7,514.0,514.0,518.1,515.7,513.6,512.8,513.7,515.3,517.1,515.3,513.5,512.9,513.7,515.7,515.2,515.2,515.4,515.6,515.8,515.8,515.6,515.3,538.1,539.1,540.9,542.5,542.8,541.8,540.0,538.5,538.3,537.6,537.6,538.9,541.8,545.5,548.9,545.6,542.1,539.5,538.1,537.9,540.3,541.0,541.8,542.2,542.1,541.4,540.6,540.1,39.3,-2.1,648.7,0.198,-0.243,0.046,224.9,224.9,226.0,228.3,232.9,240.3,249.7,260.8,271.5,280.0,285.8,291.1,295.9,299.7,302.4,304.4,305.2,238.1,245.2,254.1,263.0,270.8,285.5,291.8,297.8,303.4,306.5,278.1,279.2,280.5,281.7,269.5,274.0,278.4,282.2,285.5,247.3,252.8,259.0,263.7,258.6,252.5,285.7,290.6,295.9,299.2,296.2,291.0,259.3,267.5,273.9,277.4,280.9,284.8,287.5,284.5,280.5,276.7,272.8,266.6,262.4,273.2,276.9,280.4,285.6,280.4,276.8,273.1,161.6,173.3,184.9,196.1,206.8,216.1,223.8,229.6,231.0,228.8,222.4,214.4,205.3,195.3,184.8,174.0,163.0,154.1,149.4,148.4,150.0,153.1,152.9,149.9,148.6,149.6,153.9,161.9,169.6,177.1,184.9,190.2,191.7,192.9,191.7,190.1,162.4,159.5,159.7,163.6,165.0,164.9,163.6,159.6,159.7,162.5,164.9,165.0,205.8,203.2,201.6,202.7,201.6,203.2,205.5,210.4,212.5,213.0,212.6,210.7,206.0,205.4,205.8,205.3,205.9,206.7,207.2,206.8,-42.9,-43.2,-41.5,-37.8,-29.8,-16.9,-0.5,18.4,36.8,52.0,63.6,74.5,83.9,90.8,95.5,99.0,100.3,-19.4,-7.8,6.7,20.9,33.4,57.9,69.0,80.1,90.9,97.7,45.6,47.0,48.6,50.1,31.5,38.7,45.9,52.4,58.0,-4.5,4.6,14.7,22.5,14.1,4.0,59.8,68.2,77.7,84.2,78.3,68.9,15.3,28.4,38.8,44.6,50.6,57.8,63.6,57.5,50.3,43.7,37.2,27.2,20.4,37.9,43.9,50.0,59.9,50.0,43.8,37.7,-44.3,-24.4,-4.5,15.0,33.5,49.6,62.5,71.8,74.4,71.8,62.0,48.7,32.6,14.2,-5.0,-24.5,-44.5,-54.5,-61.6,-62.9,-60.2,-55.2,-56.3,-62.0,-65.2,-64.6,-58.1,-41.5,-28.8,-16.5,-4.0,4.3,6.7,8.7,6.8,4.3,-41.0,-45.6,-45.4,-39.1,-36.8,-36.8,-39.9,-46.8,-47.1,-42.8,-38.3,-37.9,30.3,25.6,22.9,24.7,23.0,26.0,30.5,38.1,41.1,41.7,41.1,37.9,30.5,29.3,29.8,29.3,30.9,31.5,32.2,31.6,668.4,672.1,676.5,679.4,679.7,677.7,672.9,666.5,667.8,678.6,694.6,707.6,713.6,713.5,711.9,710.1,709.4,636.9,631.8,628.9,627.0,626.8,636.3,644.7,654.6,665.1,675.6,633.6,628.1,622.1,616.5,630.6,630.5,631.0,634.9,639.3,638.5,636.2,637.7,640.3,638.1,636.7,653.3,656.2,661.2,668.3,661.8,656.9,645.9,636.6,634.1,636.0,638.7,648.2,662.1,650.3,642.6,639.4,637.8,639.4,644.2,637.3,638.6,641.9,657.7,641.9,638.6,637.4,0.598,0.208,-0.318,0.062,273.576,186.082,-3.33,10.044,-14.665,15.588,3.184,-0.917,-2.862,2.591,4.138,-2.616,0.661,0.697,-0.087,-2.339,-0.022,-0.24,0.468,0.691,-0.573,-0.488,0.577,-0.236,-0.401,-0.568,0.321,0.13,0.119,0.06,-0.107,-0.009,-0.029,-0.008,0.012,0.0,0.21,0.0,0.0,1.01,0.0,0.0,0.0,0.0,0.0,0.45,0.0,0.0,0.0,0.0,0.0,0.0,0.0,0.0,1.0,0.0,1.0,0.0,0.0,0.0,0.0,0.0,0.0,0.0,0.0,0.0,0.0,0.0,0.0,1.0,0.0
PP133,g1,3503,0,0.975,0.229393,0.192444,-0.95412,0.078951,0.185922,-0.979387,0.158,0.193,252.2,253.6,256.8,259.9,261.1,260.0,256.6,253.5,247.8,249.9,252.8,256.4,259.8,262.3,263.9,261.9,259.0,255.8,252.7,249.8,255.2,256.6,258.0,258.6,258.0,256.7,255.3,254.7,289.2,290.1,292.8,295.6,297.0,296.0,293.4,290.3,286.2,288.1,290.8,294.0,296.7,298.5,299.6,298.6,296.8,294.4,291.5,288.5,291.7,293.0,294.1,294.6,294.0,292.7,291.6,291.2,161.5,158.4,157.1,158.5,161.8,165.2,166.2,164.8,162.9,161.2,160.0,159.5,160.3,161.8,163.9,165.0,165.4,165.5,165.2,164.4,163.1,163.7,163.2,161.8,160.4,159.8,160.3,161.7,161.7,158.6,157.2,158.4,161.4,164.5,165.9,164.9,163.8,161.7,160.2,159.5,159.9,161.0,162.8,164.2,165.0,165.3,165.2,164.9,163.0,163.5,162.9,161.6,160.3,159.7,160.3,161.7,2.9,4.7,8.9,13.1,14.7,13.2,8.7,4.6,-3.0,-0.2,3.8,8.4,12.9,16.2,18.5,15.7,11.9,7.7,3.5,-0.2,6.9,8.7,10.6,11.4,10.6,8.8,7.0,6.2,53.9,55.2,59.1,63.2,65.1,63.7,59.8,55.4,49.7,52.3,55.9,60.5,64.6,67.6,69.4,67.6,64.8,61.1,57.0,52.9,57.6,59.4,61.1,61.7,60.8,59.1,57.4,56.8,-34.2,-38.5,-40.2,-38.3,-34.0,-29.4,-28.1,-29.9,-32.7,-34.8,-36.2,-36.8,-35.9,-33.9,-31.2,-29.7,-29.1,-28.9,-29.4,-30.6,-32.2,-31.4,-32.1,-34.0,-35.9,-36.7,-36.0,-34.1,-35.5,-39.8,-41.8,-40.3,-36.1,-31.8,-29.8,-31.0,-32.5,-35.4,-37.5,-38.6,-38.1,-36.9,-34.6,-32.4,-31.1,-30.5,-30.6,-31.1,-33.8,-33.1,-34.0,-35.9,-37.7,-38.4,-37.5,-35.6,515.2,515.8,516.2,516.2,515.8,515.5,514.9,514.8,519.0,516.6,514.5,513.6,514.5,516.1,517.9,516.1,514.3,513.7,514.6,516.6,516.0,516.0,516.2,516.5,516.6,516.6,516.5,516.2,536.6,537.6,539.4,540.9,541.3,540.3,538.4,537.0,536.8,536.1,536.1,537.4,540.3,543.9,547.3,544.0,540.6,538.0,536.6,536.4,538.8,539.5,540.2,540.7,540.5,539.9,539.1,538.6,40.0,-1.5,648.7,0.206,-0.235,0.043,225.4,225.3,226.5,228.8,233.4,240.8,250.3,261.3,272.1,280.6,286.5,291.9,296.7,300.5,303.1,305.1,305.8,238.4,245.5,254.4,263.3,271.1,286.0,292.3,298.3,303.9,307.0,278.5,279.6,280.9,282.1,269.8,274.3,278.8,282.6,285.9,247.6,253.2,259.3,264.1,259.0,252.8,286.2,291.1,296.4,299.7,296.7,291.5,259.3,267.6,274.1,277.7,281.3,285.3,288.1,285.0,280.9,277.0,273.0,266.7,262.4,273.5,277.2,280.8,286.2,280.8,277.1,273.3,161.9,173.7,185.3,196.5,207.2,216.5,224.2,230.0,231.4,229.1,222.5,214.4,205.2,195.2,184.8,174.1,163.2,154.5,150.0,148.9,150.5,153.6,153.3,150.3,149.0,149.9,154.1,162.3,170.0,177.7,185.6,190.7,192.2,193.4,192.2,190.6,162.8,160.0,160.1,164.0,165.4,165.4,164.0,160.0,159.9,162.7,165.1,165.3,206.0,203.6,202.1,203.2,202.0,203.5,205.6,210.7,212.8,213.3,213.0,211.0,206.3,205.9,206.2,205.7,206.1,207.0,207.6,207.3,-42.2,-42.5,-40.7,-36.9,-28.9,-15.9,0.5,19.4,37.9,53.3,65.0,75.9,85.3,92.1,96.6,100.0,101.2,-18.9,-7.3,7.1,21.3,33.9,58.6,69.7,80.8,91.6,98.5,46.2,47.6,49.1,50.6,32.0,39.2,46.5,53.0,58.7,-3.9,5.2,15.2,23.1,14.7,4.6,60.4,69.0,78.4,85.0,79.1,69.7,15.4,28.6,39.2,45.1,51.3,58.6,64.7,58.4,50.9,44.2,37.6,27.4,20.5,38.3,44.5,50.7,61.0,50.7,44.4,38.1,-43.8,-23.8,-3.9,15.7,34.2,50.3,63.3,72.6,75.0,72.3,62.2,48.6,32.4,14.1,-4.9,-24.3,-44.1,-53.7,-60.7,-62.1,-59.4,-54.4,-55.6,-61.3,-64.5,-64.0,-57.7,-40.8,-28.1,-15.6,-3.1,5.1,7.5,9.5,7.6,5.0,-40.3,-44.9,-44.7,-38.4,-36.1,-36.1,-39.4,-46.2,-46.6,-42.4,-37.9,-37.4,30.7,26.3,23.7,25.5,23.7,26.6,30.8,38.6,41.7,42.3,41.7,38.5,31.0,30.0,30.6,29.9,31.3,32.1,32.9,32.3,669.0,672.8,677.3,680.3,680.6,678.6,673.7,667.1,668.3,679.1,695.0,707.7,713.4,712.9,711.0,709.2,708.4,636.9,631.7,628.7,626.6,626.4,635.8,644.3,654.0,664.4,674.9,633.3,627.8,621.8,616.3,630.8,630.6,631.0,634.8,639.3,638.4,636.1,637.6,640.1,638.0,636.6,653.0,655.8,660.7,667.8,661.3,656.6,646.6,637.2,634.6,636.4,639.2,648.8,662.8,650.9,643.0,639.8,638.2,639.9,645.0,637.7,639.1,642.4,658.5,642.3,639.0,637.8,0.598,0.215,-0.31,0.059,273.996,186.43,-4.135,11.065,-13.696,14.907,3.324,-0.023,-3.881,2.398,4.056,-2.112,0.742,0.816,-0.175,-2.256,-0.108,-0.138,0.454,1.034,-0.636,-0.714,0.588,-0.206,-0.383,-0.531,0.323,0.01,0.156,0.071,-0.107,-0.003,-0.02,-0.002,0.009,-0.007,0.24,0.0,0.0,0.93,0.0,0.0,0.0,0.0,0.0,0.5,0.0,0.0,0.0,0.0,0.0,0.0,0.0,0.0,1.0,0.0,1.0,0.0,0.0,0.0,0.0,0.0,0.0,0.0,0.0,0.0,0.0,0.0,0.0,1.0,0.0
PP133,g1,3509,0,0.975,0.225367,0.211926,-0.950945,0.0692,0.202612,-0.976811,0.152,0.212,253.0,254.4,257.6,260.7,261.8,260.6,257.2,254.2,248.5,250.6,253.6,257.2,260.5,263.0,264.6,262.5,259.7,256.5,253.4,250.5,255.9,257.3,258.7,259.3,258.8,257.4,256.1,255.4,290.0,291.0,293.7,296.5,297.8,296.8,294.1,291.0,286.9,288.9,291.5,294.8,297.5,299.3,300.3,299.3,297.5,295.1,292.2,289.2,292.5,293.7,294.9,295.3,294.8,293.5,292.4,291.9,161.6,158.4,157.2,158.7,162.0,165.4,166.3,164.8,162.8,161.2,160.1,159.7,160.5,162.0,164.2,165.2,165.5,165.6,165.2,164.3,163.2,163.8,163.3,161.9,160.5,159.9,160.4,161.8,162.2,159.1,157.8,159.0,162.1,165.2,166.5,165.5,164.3,162.3,160.8,160.1,160.6,161.7,163.4,164.8,165.6,165.9,165.8,165.4,163.6,164.1,163.5,162.2,160.8,160.3,160.9,162.2,3.9,5.8,10.1,14.2,15.7,14.1,9.6,5.5,-2.0,0.9,4.8,9.5,13.9,17.2,19.4,16.6,12.8,8.6,4.5,0.7,7.9,9.7,11.5,12.4,11.7,9.9,8.0,7.2,55.1,56.6,60.5,64.6,66.4,64.9,61.0,56.6,50.9,53.6,57.2,61.8,65.9,68.9,70.8,68.9,66.0,62.3,58.2,54.0,58.8,60.6,62.3,63.0,62.2,60.4,58.7,58.0,-34.3,-38.6,-40.2,-38.2,-33.9,-29.4,-28.1,-30.0,-32.9,-35.0,-36.2,-36.7,-35.8,-33.8,-31.1,-29.6,-29.1,-29.0,-29.5,-30.8,-32.3,-31.4,-32.1,-34.0,-35.9,-36.7,-36.0,-34.2,-34.9,-39.2,-41.1,-39.5,-35.4,-31.0,-29.1,-30.4,-32.0,-34.8,-36.8,-37.8,-37.3,-36.1,-33.9,-31.7,-30.4,-29.8,-29.9,-30.4,-33.1,-32.4,-33.3,-35.2,-37.0,-37.7,-36.8,-35.0,517.6,518.2,518.6,518.7,518.3,518.0,517.3,517.3,521.3,518.9,516.9,516.1,517.0,518.7,520.5,518.7,516.8,516.2,517.0,519.0,518.5,518.5,518.7,519.0,519.1,519.1,518.9,518.6,538.4,539.4,541.1,542.7,543.0,542.1,540.3,538.9,538.7,538.0,537.9,539.1,542.0,545.7,549.1,545.8,542.4,539.8,538.4,538.3,540.6,541.3,542.1,542.5,542.3,541.6,540.9,540.4,40.3,-1.3,650.2,0.233,-0.226,0.063,225.9,225.7,226.7,228.7,233.2,240.5,249.8,260.6,271.4,280.0,286.1,291.8,296.9,300.9,303.7,305.8,306.7,239.2,246.4,255.3,264.2,272.0,286.8,293.2,299.3,304.9,308.0,279.2,280.1,281.2,282.2,269.9,274.3,278.8,282.7,286.0,248.3,254.0,260.1,264.7,259.6,253.5,286.9,291.9,297.2,300.5,297.4,292.2,258.7,267.1,273.8,277.3,281.1,285.1,288.0,284.6,280.4,276.4,272.4,266.0,261.8,273.0,276.8,280.5,286.0,280.4,276.7,272.8,161.0,172.7,184.2,195.4,206.1,215.4,223.3,229.3,230.9,228.7,222.0,214.0,205.0,195.1,184.8,174.3,163.4,154.4,150.0,149.1,150.7,154.0,153.9,150.9,149.6,150.6,154.8,162.9,170.6,178.3,186.2,190.9,192.5,193.8,192.7,191.1,162.8,160.1,160.3,164.3,165.5,165.4,164.5,160.6,160.6,163.4,165.8,165.8,205.6,203.6,202.3,203.5,202.4,203.8,205.7,210.9,213.1,213.5,213.1,210.9,206.0,206.0,206.4,206.0,206.2,207.3,207.9,207.4,-41.3,-41.9,-40.6,-37.2,-29.4,-16.6,-0.3,18.3,36.7,52.3,64.4,75.9,85.8,93.0,97.9,101.5,103.0,-17.6,-5.9,8.5,22.7,35.3,60.0,71.3,82.5,93.4,100.2,47.4,48.5,49.8,51.0,32.2,39.4,46.6,53.2,59.0,-2.7,6.5,16.5,24.2,15.8,5.7,61.7,70.3,79.8,86.3,80.3,70.9,14.5,28.0,38.7,44.7,51.0,58.5,64.6,57.9,50.2,43.4,36.7,26.4,19.6,37.7,44.0,50.3,60.9,50.2,43.7,37.4,-45.4,-25.6,-5.7,13.8,32.4,48.7,61.9,71.7,74.5,71.8,61.6,48.1,32.0,13.9,-4.9,-24.1,-43.8,-54.1,-60.8,-61.9,-59.0,-53.8,-54.8,-60.4,-63.5,-62.8,-56.6,-40.0,-27.2,-14.7,-2.1,5.5,8.1,10.2,8.4,5.9,-40.5,-44.7,-44.4,-38.1,-36.0,-36.1,-38.5,-45.3,-45.5,-41.3,-36.8,-36.5,30.1,26.3,24.2,26.1,24.4,27.2,31.1,39.1,42.2,42.8,42.0,38.4,30.6,30.3,31.1,30.5,31.6,32.7,33.5,32.7,670.0,674.1,678.8,682.1,682.5,680.8,676.1,669.7,670.9,681.4,697.1,709.4,714.7,714.1,712.2,710.3,709.6,637.5,632.2,629.0,626.8,626.5,636.0,644.3,654.0,664.3,674.9,633.7,628.5,622.9,617.7,632.3,632.1,632.6,636.3,640.5,639.0,636.6,638.0,640.6,638.5,637.1,653.4,656.0,660.7,667.9,661.5,656.9,648.9,639.5,636.6,638.4,641.2,650.9,665.0,653.3,645.4,642.2,640.6,642.5,647.3,639.8,641.2,644.5,660.8,644.5,641.2,640.0,0.597,0.242,-0.301,0.08,274.165,186.511,-4.402,10.726,-12.824,12.944,4.91,-0.055,-3.854,1.578,3.953,-0.9,0.421,1.098,0.243,-2.117,-0.565,-0.033,0.372,1.217,-0.963,-0.902,0.473,-0.359,-0.003,-0.301,0.29,-0.158,0.115,0.056,-0.1,0.011,-0.021,0.016,0.004,-0.008,0.0,0.0,0.0,0.98,0.0,0.0,0.03,0.0,0.0,0.41,0.0,0.0,0.0,0.0,0.0,0.0,0.0,0.0,1.0,0.0,1.0,0.0,0.0,0.0,0.0,0.0,0.0,0.0,0.0,0.0,0.0,0.0,0.0,1.0,0.0
PP133,g1,3515,0,0.975,0.233123,0.207183,-0.950121,0.075835,0.198411,-0.977181,0.159,0.207,253.9,255.3,258.5,261.6,262.8,261.5,258.1,255.0,249.3,251.5,254.5,258.1,261.5,263.9,265.5,263.5,260.6,257.4,254.3,251.4,256.8,258.2,259.6,260.2,259.7,258.3,256.9,256.3,290.9,291.8,294.5,297.3,298.6,297.6,295.0,291.9,287.8,289.8,292.4,295.6,298.4,300.2,301.2,300.1,298.4,296.0,293.1,290.1,293.4,294.6,295.8,296.2,295.6,294.4,293.2,292.8,161.5,158.3,157.1,158.6,161.8,165.3,166.2,164.7,162.7,161.0,160.0,159.6,160.3,161.9,164.0,165.1,165.4,165.5,165.1,164.2,163.1,163.7,163.2,161.8,160.4,159.7,160.3,161.6,162.1,159.0,157.7,158.9,162.0,165.1,166.4,165.4,164.2,162.2,160.7,160.0,160.5,161.6,163.3,164.7,165.5,165.8,165.7,165.3,163.5,164.0,163.4,162.1,160.8,160.2,160.8,162.1,5.1,7.0,11.2,15.3,16.9,15.2,10.7,6.6,-0.9,2.0,6.0,10.6,15.1,18.4,20.6,17.8,14.0,9.8,5.6,1.9,9.0,10.8,12.7,13.5,12.8,11.0,9.2,8.3,56.4,57.8,61.7,65.8,67.6,66.1,62.2,57.8,52.2,54.8,58.5,63.0,67.2,70.2,72.0,70.1,67.2,63.6,59.4,55.3,60.1,61.8,63.6,64.2,63.4,61.6,59.9,59.3,-34.3,-38.5,-40.2,-38.2,-33.9,-29.3,-28.1,-30.0,-32.9,-35.0,-36.2,-36.7,-35.8,-33.8,-31.1,-29.6,-29.1,-29.0,-29.5,-30.8,-32.2,-31.4,-32.1,-33.9,-35.8,-36.7,-36.0,-34.1,-35.0,-39.3,-41.3,-39.7,-35.5,-31.2,-29.3,-30.5,-32.1,-34.9,-37.0,-38.0,-37.5,-36.2,-34.0,-31.8,-30.5,-29.9,-30.1,-30.6,-33.3,-32.6,-33.4,-35.3,-37.2,-37.9,-37.0,-35.1,514.7,515.3,515.8,515.9,515.6,515.2,514.5,514.4,518.4,516.0,514.0,513.2,514.2,515.9,517.7,515.9,514.0,513.4,514.1,516.0,515.6,515.7,515.9,516.1,516.3,516.2,516.0,515.8,538.8,539.8,541.5,543.1,543.5,542.5,540.7,539.3,539.0,538.3,538.3,539.5,542.4,546.1,549.5,546.2,542.8,540.2,538.8,538.7,541.0,541.7,542.5,542.9,542.7,542.0,541.3,540.8,41.9,-1.7,649.5,0.225,-0.238,0.063,226.5,226.4,227.3,229.3,233.7,241.1,250.5,261.5,272.3,280.8,286.8,292.4,297.5,301.4,304.2,306.3,307.2,239.9,247.1,256.2,265.2,273.2,287.8,294.2,300.2,305.8,308.8,280.2,281.2,282.4,283.5,271.0,275.5,279.9,283.8,287.1,249.2,254.9,261.0,265.7,260.6,254.4,287.8,292.8,298.0,301.3,298.3,293.0,260.0,268.4,275.1,278.6,282.3,286.2,289.0,285.7,281.7,277.7,273.7,267.4,263.1,274.3,278.0,281.7,287.0,281.7,278.0,274.2,161.1,172.6,184.1,195.2,205.8,215.1,222.9,229.0,230.6,228.4,221.8,213.9,204.9,195.1,184.8,174.2,163.4,154.3,149.8,148.9,150.6,153.9,153.8,150.8,149.5,150.5,154.8,162.8,170.4,178.0,185.8,190.7,192.2,193.5,192.4,190.8,162.6,159.9,160.2,164.2,165.4,165.3,164.4,160.4,160.5,163.3,165.7,165.7,205.4,203.3,202.0,203.1,202.0,203.5,205.5,210.5,212.7,213.1,212.7,210.6,205.7,205.7,206.1,205.7,205.9,206.9,207.5,207.0,-40.2,-40.7,-39.3,-36.0,-28.3,-15.6,0.8,19.6,38.2,53.7,65.6,77.0,86.9,94.1,98.9,102.5,104.1,-16.5,-4.6,10.0,24.4,37.1,61.6,72.9,84.2,95.0,101.7,49.0,50.2,51.6,52.9,34.0,41.2,48.4,55.0,60.8,-1.3,7.9,17.9,25.7,17.3,7.2,63.2,71.8,81.3,87.8,81.8,72.4,16.5,30.1,40.8,46.6,52.9,60.2,66.2,59.7,52.2,45.5,38.8,28.6,21.6,39.8,45.9,52.2,62.5,52.1,45.8,39.5,-45.3,-25.6,-5.9,13.4,31.9,48.0,61.1,70.9,73.8,71.2,61.2,47.9,31.9,13.8,-5.0,-24.2,-43.9,-54.2,-60.9,-62.1,-59.2,-53.9,-54.8,-60.5,-63.6,-63.0,-56.6,-40.1,-27.5,-15.1,-2.7,5.1,7.6,9.7,7.9,5.4,-40.7,-44.9,-44.6,-38.3,-36.1,-36.2,-38.7,-45.5,-45.7,-41.5,-37.0,-36.6,29.7,25.8,23.6,25.5,23.8,26.6,30.6,38.4,41.5,42.0,41.3,37.8,30.1,29.8,30.5,29.9,31.1,32.0,32.7,31.9,669.0,672.7,677.2,680.2,680.8,679.2,674.6,668.2,669.7,680.5,696.5,709.2,715.1,714.8,713.1,711.6,711.0,636.9,631.5,628.4,626.2,626.0,635.6,644.2,654.3,665.0,675.9,633.3,628.0,622.2,616.9,631.3,631.2,631.8,635.6,639.9,638.3,635.9,637.5,640.2,638.0,636.5,653.4,656.2,661.2,668.5,661.9,657.1,647.3,638.0,635.3,637.2,640.0,649.8,664.2,652.2,644.1,640.8,639.2,641.0,645.8,638.5,640.0,643.3,659.8,643.2,639.9,638.6,0.597,0.234,-0.316,0.081,275.132,186.305,-0.6,9.782,-12.869,12.452,4.765,-1.017,-4.282,1.909,4.154,-1.12,0.447,0.901,0.024,-1.99,-0.222,-0.292,0.364,0.93,-0.846,-0.719,0.671,-0.361,-0.122,-0.345,0.293,-0.087,0.129,0.065,-0.096,0.001,-0.017,0.01,0.003,-0.013,0.06,0.0,0.0,0.4,0.0,0.0,0.05,0.0,0.0,0.52,0.0,0.0,0.0,0.0,0.0,0.0,0.0,0.0,1.0,0.0,1.0,0.0,0.0,0.0,0.0,0.0,1.0,0.0,0.0,0.0,0.0,0.0,0.0,1.0,0.0
PP133,g1,3521,0,0.975,0.2333,0.195968,-0.952453,0.083697,0.188098,-0.978578,0.163,0.196,253.6,255.0,258.2,261.3,262.5,261.3,257.9,254.8,249.1,251.3,254.3,257.8,261.2,263.6,265.3,263.2,260.4,257.2,254.1,251.2,256.6,258.0,259.4,260.0,259.4,258.1,256.7,256.1,290.4,291.3,294.0,296.8,298.1,297.1,294.5,291.4,287.3,289.3,291.9,295.1,297.8,299.6,300.6,299.6,297.9,295.5,292.6,289.6,292.9,294.1,295.3,295.7,295.1,293.9,292.7,292.3,161.3,158.2,156.9,158.4,161.6,165.0,166.0,164.6,162.7,160.9,159.8,159.4,160.1,161.7,163.8,164.9,165.2,165.3,164.9,164.1,162.9,163.5,163.0,161.6,160.2,159.6,160.1,161.5,161.8,158.7,157.4,158.6,161.6,164.7,166.0,165.0,163.9,161.8,160.3,159.6,160.1,161.3,163.0,164.4,165.2,165.5,165.4,165.0,163.1,163.7,163.1,161.8,160.4,159.9,160.5,161.8,4.8,6.6,10.9,15.0,16.6,15.0,10.5,6.4,-1.2,1.7,5.6,10.3,14.8,18.1,20.3,17.5,13.7,9.5,5.4,1.6,8.8,10.6,12.4,13.2,12.5,10.7,8.9,8.1,55.8,57.2,61.1,65.2,67.0,65.6,61.7,57.3,51.6,54.3,57.9,62.5,66.6,69.5,71.3,69.5,66.7,63.0,58.9,54.8,59.5,61.3,63.0,63.6,62.8,61.0,59.3,58.7,-34.6,-38.8,-40.5,-38.6,-34.3,-29.7,-28.4,-30.3,-33.1,-35.3,-36.5,-37.1,-36.2,-34.2,-31.5,-30.0,-29.4,-29.3,-29.8,-31.0,-32.6,-31.7,-32.5,-34.3,-36.2,-37.0,-36.3,-34.4,-35.5,-39.8,-41.8,-40.2,-36.1,-31.7,-29.8,-31.1,-32.6,-35.4,-37.5,-38.5,-38.1,-36.8,-34.5,-32.3,-31.1,-30.5,-30.6,-31.1,-33.8,-33.1,-34.0,-35.9,-37.7,-38.4,-37.5,-35.6,516.6,517.2,517.6,517.7,517.3,517.0,516.3,516.3,520.4,518.0,515.9,515.1,516.0,517.6,519.5,517.6,515.8,515.2,516.0,518.0,517.5,517.5,517.7,518.0,518.1,518.1,517.9,517.6,539.7,540.7,542.6,544.1,544.5,543.5,541.6,540.2,539.9,539.3,539.3,540.6,543.5,547.2,550.6,547.3,543.8,541.2,539.8,539.6,542.0,542.6,543.4,543.9,543.7,543.1,542.3,541.8,41.7,-1.6,648.0,0.207,-0.243,0.052,226.2,226.1,227.1,229.3,233.9,241.4,251.0,262.1,272.9,281.3,287.1,292.5,297.3,301.0,303.8,305.8,306.6,239.7,246.9,255.9,264.8,272.7,287.3,293.6,299.6,305.1,308.1,279.9,281.0,282.2,283.4,271.0,275.5,280.0,283.8,287.0,249.0,254.6,260.7,265.4,260.3,254.2,287.3,292.3,297.5,300.8,297.8,292.6,260.4,268.7,275.3,278.8,282.4,286.3,288.9,285.9,281.9,278.1,274.1,267.8,263.5,274.6,278.3,281.9,287.0,281.8,278.2,274.5,161.4,173.1,184.8,196.1,206.8,216.2,224.0,229.9,231.3,229.0,222.4,214.4,205.3,195.3,184.9,174.3,163.4,154.3,149.7,148.7,150.3,153.5,153.4,150.5,149.2,150.1,154.5,162.4,170.0,177.6,185.5,190.5,192.1,193.3,192.1,190.6,162.6,159.8,160.0,163.9,165.2,165.1,164.0,160.1,160.2,162.9,165.3,165.4,205.9,203.5,202.0,203.1,202.0,203.5,205.7,210.7,212.8,213.3,212.9,210.9,206.1,205.8,206.1,205.7,206.1,207.0,207.5,207.1,-40.7,-41.1,-39.6,-35.9,-27.9,-14.9,1.6,20.6,39.1,54.4,66.0,76.9,86.3,93.2,97.8,101.3,102.7,-16.7,-5.0,9.5,23.8,36.4,60.7,71.9,83.0,93.8,100.4,48.4,49.8,51.3,52.7,33.9,41.1,48.4,54.9,60.6,-1.6,7.5,17.5,25.2,16.9,6.8,62.4,70.9,80.4,86.8,80.9,71.5,17.1,30.5,41.0,46.8,53.0,60.2,66.0,59.8,52.5,45.9,39.3,29.2,22.2,40.1,46.2,52.3,62.3,52.3,46.1,39.9,-44.7,-24.7,-4.7,14.9,33.6,49.8,62.9,72.3,74.9,72.2,62.1,48.7,32.5,14.3,-4.7,-24.0,-43.7,-54.1,-61.1,-62.4,-59.6,-54.4,-55.4,-61.0,-64.2,-63.6,-57.1,-40.7,-28.1,-15.7,-3.2,4.9,7.4,9.4,7.5,5.0,-40.7,-45.1,-44.8,-38.6,-36.3,-36.4,-39.2,-46.0,-46.2,-42.0,-37.5,-37.1,30.4,26.0,23.5,25.4,23.6,26.6,30.9,38.6,41.5,42.1,41.5,38.2,30.7,29.8,30.4,29.8,31.3,31.9,32.7,32.0,667.7,671.5,676.0,678.9,679.2,677.3,672.3,666.0,667.5,678.5,694.6,707.4,713.2,712.8,711.0,709.2,708.5,635.6,630.4,627.6,625.7,625.7,635.4,644.0,653.9,664.5,675.2,632.7,627.2,621.2,615.7,629.9,629.8,630.4,634.2,638.7,637.1,634.9,636.5,639.2,636.9,635.4,652.7,655.5,660.5,667.7,661.2,656.3,645.3,636.0,633.6,635.5,638.4,648.0,662.2,650.1,642.1,638.8,637.1,638.7,643.7,636.7,638.2,641.6,657.7,641.5,638.0,636.7,0.598,0.216,-0.321,0.069,275.057,186.367,-2.618,12.177,-13.971,14.512,2.974,-0.445,-3.477,2.364,4.097,-2.267,0.501,0.631,-0.233,-2.162,-0.102,-0.117,0.345,0.876,-0.589,-0.588,0.556,-0.375,-0.459,-0.652,0.27,0.083,0.14,0.068,-0.107,-0.01,-0.019,-0.001,0.011,-0.007,0.22,0.0,0.0,0.79,0.0,0.0,0.0,0.0,0.0,0.5,0.0,0.0,0.0,0.0,0.0,0.0,0.0,1.0,1.0,0.0,1.0,0.0,0.0,0.0,0.0,0.0,0.0,0.0,0.0,0.0,0.0,0.0,0.0,1.0,0.0
PP133,g1,3527,0,0.925,0.229987,0.194527,-0.953554,0.081598,0.187227,-0.978922,0.16,0.195,252.8,254.2,257.4,260.5,261.7,260.6,257.2,254.1,248.4,250.5,253.5,257.0,260.4,262.9,264.5,262.5,259.6,256.4,253.3,250.5,255.8,257.2,258.6,259.2,258.7,257.3,255.9,255.3,289.7,290.7,293.3,296.1,297.4,296.5,293.8,290.8,286.7,288.6,291.3,294.5,297.2,299.0,300.0,299.0,297.2,294.8,292.0,289.0,292.2,293.4,294.6,295.0,294.4,293.2,292.1,291.6,161.8,158.6,157.4,158.8,162.0,165.4,166.4,165.0,163.1,161.4,160.3,159.8,160.5,162.1,164.2,165.3,165.6,165.7,165.4,164.6,163.3,164.0,163.4,162.0,160.6,160.0,160.5,161.9,162.1,159.0,157.7,158.9,161.9,165.0,166.3,165.4,164.2,162.1,160.6,160.0,160.4,161.5,163.3,164.7,165.5,165.8,165.7,165.3,163.4,164.0,163.4,162.0,160.7,160.2,160.8,162.1,3.8,5.6,9.8,13.9,15.5,14.0,9.5,5.4,-2.2,0.7,4.6,9.2,13.7,17.1,19.3,16.5,12.7,8.5,4.3,0.6,7.7,9.5,11.4,12.2,11.5,9.7,7.8,7.0,54.7,56.2,60.0,64.1,66.0,64.5,60.7,56.3,50.6,53.2,56.9,61.4,65.5,68.5,70.3,68.5,65.6,62.0,57.9,53.7,58.5,60.2,61.9,62.6,61.8,60.0,58.3,57.6,-34.0,-38.3,-39.9,-38.1,-33.8,-29.2,-27.9,-29.7,-32.5,-34.7,-36.0,-36.5,-35.6,-33.7,-31.0,-29.5,-28.9,-28.7,-29.2,-30.4,-32.0,-31.2,-31.9,-33.8,-35.7,-36.5,-35.8,-33.9,-35.0,-39.4,-41.3,-39.8,-35.6,-31.2,-29.3,-30.6,-32.1,-34.9,-37.0,-38.0,-37.6,-36.3,-34.1,-31.9,-30.6,-30.0,-30.1,-30.6,-33.3,-32.6,-33.5,-35.4,-37.2,-37.9,-37.0,-35.1,516.8,517.4,517.8,517.8,517.4,517.1,516.5,516.4,520.6,518.2,516.1,515.2,516.1,517.7,519.5,517.7,515.9,515.3,516.2,518.2,517.6,517.6,517.8,518.1,518.2,518.2,518.0,517.8,538.7,539.7,541.6,543.1,543.5,542.4,540.6,539.2,538.9,538.3,538.3,539.5,542.4,546.1,549.5,546.2,542.7,540.1,538.7,538.6,541.0,541.6,542.4,542.9,542.7,542.0,541.2,540.8,40.7,-1.0,647.4,0.204,-0.239,0.048,225.7,225.6,226.7,228.9,233.5,240.9,250.5,261.6,272.5,281.0,286.8,292.2,296.9,300.6,303.3,305.3,306.1,238.9,246.0,255.0,264.0,271.8,286.6,292.9,298.9,304.5,307.4,279.1,280.2,281.5,282.7,270.3,274.8,279.3,283.2,286.4,248.3,253.8,259.9,264.7,259.6,253.4,286.6,291.6,296.9,300.1,297.1,291.9,259.7,268.0,274.6,278.2,281.9,285.8,288.5,285.5,281.5,277.5,273.5,267.2,262.8,273.9,277.7,281.3,286.6,281.3,277.7,273.9,161.8,173.5,185.2,196.5,207.2,216.6,224.5,230.4,231.8,229.5,222.9,214.7,205.6,195.6,185.2,174.6,163.7,154.8,150.1,149.1,150.7,153.9,153.8,150.8,149.4,150.4,154.8,162.7,170.4,178.0,185.9,190.9,192.5,193.7,192.5,190.9,163.0,160.2,160.4,164.3,165.6,165.6,164.3,160.4,160.5,163.2,165.6,165.7,206.3,203.9,202.4,203.5,202.3,203.8,206.0,211.0,213.2,213.7,213.4,211.3,206.5,206.2,206.5,206.0,206.4,207.3,207.9,207.5,-41.6,-42.0,-40.4,-36.7,-28.7,-15.7,0.8,19.8,38.4,53.8,65.5,76.3,85.6,92.3,96.9,100.3,101.6,-18.0,-6.4,8.1,22.3,34.9,59.4,70.6,81.8,92.5,99.2,47.1,48.5,50.0,51.5,32.7,40.0,47.2,53.8,59.5,-2.9,6.2,16.2,24.0,15.6,5.6,61.2,69.7,79.1,85.6,79.7,70.4,16.0,29.3,39.9,45.8,52.0,59.3,65.3,59.0,51.7,45.0,38.3,28.1,21.1,39.0,45.2,51.4,61.6,51.4,45.1,38.8,-43.9,-24.0,-4.1,15.6,34.2,50.5,63.6,73.1,75.7,72.9,62.8,49.3,33.1,14.8,-4.1,-23.4,-43.1,-53.2,-60.3,-61.7,-58.9,-53.8,-54.8,-60.5,-63.7,-63.0,-56.5,-40.1,-27.5,-15.1,-2.6,5.5,8.0,10.0,8.1,5.5,-39.9,-44.3,-44.1,-37.9,-35.7,-35.7,-38.7,-45.4,-45.7,-41.5,-37.0,-36.6,31.0,26.6,24.1,26.0,24.2,27.1,31.3,39.1,42.1,42.8,42.1,38.9,31.3,30.4,31.0,30.4,31.8,32.5,33.3,32.7,667.7,671.6,676.0,678.9,679.2,677.2,672.2,665.6,667.0,678.1,694.2,707.0,712.7,712.1,710.1,708.2,707.5,635.6,630.3,627.3,625.3,625.2,634.7,643.2,653.2,663.7,674.4,632.1,626.6,620.5,615.0,629.4,629.3,629.8,633.6,638.2,636.9,634.7,636.3,638.9,636.7,635.2,652.1,654.9,659.9,667.0,660.5,655.7,645.0,635.5,633.0,634.9,637.7,647.4,661.7,649.5,641.5,638.1,636.5,638.2,643.4,636.2,637.6,641.0,657.2,640.9,637.4,636.1,0.599,0.215,-0.315,0.064,274.451,186.741,-2.373,12.064,-13.525,14.875,2.271,-0.266,-4.061,2.802,4.107,-2.31,0.159,0.339,-0.321,-2.101,-0.036,-0.05,0.26,1.035,-0.542,-0.7,0.676,-0.286,-0.443,-0.689,0.27,0.065,0.159,0.047,-0.107,-0.013,-0.019,-0.004,0.009,-0.007,0.2,0.0,0.0,0.99,0.0,0.0,0.0,0.0,0.0,0.06,0.0,0.0,0.0,0.0,0.0,0.0,0.0,0.0,1.0,0.0,1.0,0.0,0.0,0.0,0.0,0.0,0.0,0.0,0.0,0.0,0.0,0.0,0.0,1.0,0.0
PP133,g1,3533,0,0.975,0.229291,0.202538,-0.952053,0.07747,0.194534,-0.977832,0.158,0.203,252.6,254.0,257.2,260.3,261.5,260.3,256.9,253.8,248.1,250.3,253.2,256.8,260.1,262.6,264.2,262.2,259.3,256.2,253.0,250.2,255.6,256.9,258.3,258.9,258.4,257.1,255.7,255.1,289.5,290.5,293.2,296.0,297.3,296.3,293.6,290.6,286.5,288.4,291.1,294.3,297.0,298.8,299.8,298.8,297.0,294.6,291.8,288.8,292.0,293.3,294.4,294.8,294.3,293.1,291.9,291.5,161.6,158.4,157.2,158.7,161.9,165.3,166.3,164.9,162.9,161.2,160.1,159.7,160.4,162.0,164.1,165.2,165.5,165.6,165.2,164.4,163.2,163.8,163.3,161.9,160.5,159.9,160.4,161.8,162.1,159.0,157.7,158.9,161.9,165.0,166.3,165.3,164.2,162.1,160.6,159.9,160.4,161.5,163.3,164.7,165.5,165.8,165.6,165.3,163.4,163.9,163.4,162.0,160.7,160.2,160.7,162.1,3.4,5.3,9.5,13.6,15.2,13.6,9.1,5.0,-2.5,0.4,4.3,8.9,13.4,16.7,18.9,16.2,12.4,8.1,4.0,0.2,7.4,9.2,11.0,11.9,11.2,9.4,7.5,6.7,54.5,55.9,59.8,63.9,65.8,64.3,60.4,56.0,50.3,53.0,56.6,61.2,65.3,68.3,70.1,68.3,65.4,61.7,57.6,53.4,58.2,60.0,61.7,62.3,61.5,59.7,58.0,57.4,-34.3,-38.5,-40.2,-38.3,-33.9,-29.4,-28.1,-30.0,-32.8,-34.9,-36.2,-36.7,-35.8,-33.9,-31.1,-29.6,-29.1,-28.9,-29.5,-30.7,-32.2,-31.4,-32.1,-34.0,-35.9,-36.7,-36.0,-34.1,-35.1,-39.4,-41.4,-39.8,-35.6,-31.3,-29.3,-30.6,-32.2,-35.0,-37.0,-38.1,-37.6,-36.3,-34.1,-31.9,-30.6,-30.0,-30.1,-30.7,-33.4,-32.7,-33.5,-35.4,-37.2,-37.9,-37.1,-35.2,517.1,517.7,518.1,518.2,517.8,517.5,516.8,516.8,520.9,518.5,516.4,515.6,516.5,518.1,519.9,518.1,516.3,515.7,516.5,518.5,518.0,518.0,518.2,518.4,518.6,518.6,518.4,518.1,538.8,539.8,541.6,543.1,543.5,542.5,540.7,539.3,539.0,538.3,538.3,539.5,542.4,546.1,549.5,546.2,542.8,540.2,538.8,538.7,541.0,541.7,542.5,542.9,542.7,542.1,541.3,540.8,40.0,-1.2,649.6,0.218,-0.234,0.055,225.6,225.4,226.4,228.6,233.1,240.5,249.9,260.8,271.6,280.1,286.1,291.6,296.5,300.4,303.1,305.2,306.0,238.8,245.9,254.9,263.8,271.7,286.3,292.7,298.7,304.3,307.4,278.9,279.9,281.0,282.1,269.8,274.3,278.7,282.6,285.9,248.0,253.6,259.7,264.4,259.3,253.1,286.4,291.4,296.7,300.0,296.9,291.7,259.0,267.3,273.9,277.4,281.1,285.0,287.8,284.7,280.6,276.6,272.6,266.4,262.1,273.2,276.9,280.6,285.9,280.5,276.8,273.0,161.5,173.2,184.8,196.0,206.7,216.1,223.9,229.8,231.3,229.0,222.4,214.3,205.2,195.3,184.9,174.3,163.4,154.5,150.0,149.0,150.7,153.9,153.8,150.8,149.5,150.4,154.7,162.7,170.4,178.1,186.0,190.9,192.4,193.7,192.6,191.0,162.8,160.0,160.3,164.2,165.5,165.4,164.3,160.4,160.4,163.2,165.6,165.7,205.9,203.7,202.3,203.4,202.3,203.8,205.8,210.9,213.0,213.5,213.1,211.0,206.2,206.1,206.4,206.0,206.3,207.2,207.8,207.4,-41.9,-42.4,-40.9,-37.3,-29.5,-16.5,-0.2,18.5,37.0,52.4,64.3,75.5,85.1,92.0,96.8,100.3,101.7,-18.4,-6.6,7.9,22.2,34.8,59.2,70.4,81.6,92.5,99.2,46.8,48.1,49.5,50.8,32.0,39.2,46.5,53.1,58.8,-3.3,5.8,15.8,23.6,15.2,5.1,61.0,69.6,79.0,85.5,79.5,70.2,14.9,28.3,38.8,44.7,51.0,58.3,64.3,57.9,50.4,43.7,37.0,26.9,20.0,37.9,44.1,50.4,60.6,50.3,43.9,37.7,-44.5,-24.7,-4.7,14.8,33.5,49.7,62.8,72.4,75.1,72.4,62.2,48.6,32.4,14.2,-4.7,-24.0,-43.7,-53.8,-60.7,-61.9,-59.1,-53.9,-54.9,-60.5,-63.7,-63.1,-56.8,-40.2,-27.5,-15.0,-2.4,5.5,8.0,10.1,8.2,5.7,-40.4,-44.7,-44.4,-38.2,-36.0,-36.0,-38.8,-45.5,-45.8,-41.6,-37.1,-36.7,30.6,26.5,24.1,26.0,24.3,27.1,31.2,39.0,42.1,42.6,41.9,38.6,31.0,30.4,31.0,30.4,31.7,32.5,33.3,32.6,669.6,673.5,678.2,681.3,681.6,679.7,674.9,668.4,669.7,680.5,696.3,708.9,714.4,713.9,711.9,710.1,709.4,637.4,632.0,629.0,626.9,626.7,636.2,644.6,654.4,664.8,675.5,633.7,628.4,622.5,617.2,631.7,631.5,632.0,635.8,640.1,638.8,636.5,638.0,640.5,638.4,637.0,653.6,656.3,661.2,668.3,661.9,657.2,647.7,638.4,635.7,637.6,640.4,650.0,664.0,652.2,644.3,641.0,639.4,641.1,646.0,638.9,640.3,643.7,659.7,643.6,640.2,638.9,0.597,0.228,-0.309,0.072,273.985,186.579,-3.787,11.362,-13.497,14.225,3.93,0.121,-3.878,1.813,4.119,-1.637,0.715,0.757,-0.096,-2.041,-0.246,-0.267,0.305,1.052,-0.775,-0.738,0.518,-0.332,-0.251,-0.524,0.278,-0.034,0.164,0.058,-0.099,-0.0,-0.016,0.009,0.008,-0.011,0.0,0.0,0.0,1.01,0.0,0.0,0.0,0.0,0.0,0.33,0.0,0.0,0.0,0.0,0.0,0.0,0.0,0.0,1.0,0.0,1.0,0.0,0.0,0.0,0.0,0.0,0.0,0.0,0.0,0.0,0.0,0.0,0.0,1.0,0.0
PP133,g1,3539,0,0.975,0.233236,0.210931,-0.949268,0.075215,0.202128,-0.976467,0.159,0.211,252.5,253.9,257.1,260.2,261.4,260.1,256.8,253.7,247.9,250.1,253.1,256.7,260.1,262.5,264.1,262.1,259.2,256.0,252.9,250.0,255.5,256.8,258.2,258.8,258.3,257.0,255.6,254.9,289.4,290.4,293.1,295.9,297.2,296.2,293.6,290.5,286.4,288.3,291.0,294.2,296.9,298.8,299.8,298.8,297.0,294.6,291.7,288.7,292.0,293.2,294.4,294.8,294.2,293.0,291.8,291.4,161.2,158.1,156.9,158.3,161.6,165.0,166.0,164.5,162.5,160.8,159.7,159.3,160.1,161.7,163.8,164.9,165.2,165.2,164.8,164.0,162.8,163.5,163.0,161.6,160.2,159.5,160.0,161.4,161.8,158.7,157.4,158.6,161.6,164.7,166.0,165.1,163.9,161.8,160.3,159.6,160.1,161.2,162.9,164.4,165.2,165.5,165.4,165.0,163.1,163.7,163.1,161.7,160.4,159.9,160.5,161.8,3.3,5.2,9.4,13.5,15.0,13.4,8.9,4.8,-2.7,0.2,4.1,8.8,13.3,16.5,18.7,16.0,12.1,7.9,3.8,0.0,7.2,9.0,10.8,11.7,11.0,9.2,7.4,6.5,54.2,55.7,59.5,63.6,65.5,64.0,60.1,55.7,50.0,52.7,56.3,60.9,65.0,68.0,69.8,68.0,65.1,61.4,57.3,53.2,57.9,59.7,61.4,62.0,61.2,59.5,57.8,57.1,-34.6,-38.9,-40.5,-38.5,-34.2,-29.7,-28.4,-30.3,-33.2,-35.3,-36.6,-37.1,-36.1,-34.1,-31.4,-29.9,-29.4,-29.3,-29.8,-31.1,-32.6,-31.7,-32.4,-34.3,-36.2,-37.0,-36.3,-34.5,-35.3,-39.7,-41.6,-40.1,-35.9,-31.6,-29.6,-30.9,-32.4,-35.3,-37.3,-38.4,-37.9,-36.6,-34.4,-32.2,-30.9,-30.3,-30.4,-30.9,-33.6,-32.9,-33.8,-35.7,-37.5,-38.2,-37.4,-35.5,515.0,515.6,516.1,516.2,515.9,515.5,514.8,514.7,518.7,516.4,514.3,513.5,514.5,516.2,518.0,516.2,514.3,513.7,514.4,516.4,515.9,516.0,516.2,516.4,516.6,516.5,516.3,516.1,537.0,538.0,539.8,541.3,541.8,540.8,539.0,537.6,537.3,536.6,536.6,537.8,540.7,544.4,547.8,544.5,541.1,538.5,537.1,537.0,539.3,540.0,540.7,541.2,541.0,540.3,539.5,539.1,39.6,-2.1,651.1,0.234,-0.235,0.063,225.4,225.2,226.1,228.1,232.5,239.8,249.2,260.1,270.8,279.4,285.5,291.2,296.3,300.2,303.0,305.1,306.0,238.6,245.9,254.9,263.8,271.6,286.3,292.7,298.7,304.3,307.4,278.7,279.7,280.8,281.8,269.5,273.9,278.4,282.2,285.5,247.8,253.5,259.6,264.3,259.2,253.0,286.4,291.3,296.6,299.9,296.9,291.6,258.4,266.8,273.5,277.0,280.7,284.7,287.5,284.2,280.0,276.1,272.1,265.8,261.5,272.7,276.4,280.1,285.5,280.0,276.3,272.5,160.8,172.4,183.8,194.9,205.5,214.8,222.6,228.6,230.2,227.9,221.3,213.3,204.4,194.6,184.3,173.7,162.9,154.0,149.6,148.7,150.4,153.7,153.5,150.5,149.2,150.1,154.3,162.5,170.2,177.8,185.7,190.5,192.0,193.3,192.2,190.6,162.4,159.7,160.0,163.9,165.2,165.0,164.1,160.1,160.1,162.9,165.3,165.4,205.2,203.1,201.7,202.9,201.8,203.2,205.2,210.3,212.5,213.0,212.6,210.4,205.5,205.5,205.9,205.4,205.6,206.8,207.3,206.9,-42.3,-42.9,-41.5,-38.2,-30.5,-17.7,-1.4,17.3,35.8,51.3,63.4,74.8,84.8,92.0,96.9,100.4,102.0,-18.5,-6.7,7.8,22.1,34.8,59.1,70.5,81.7,92.6,99.4,46.7,47.8,49.2,50.4,31.6,38.8,46.0,52.6,58.4,-3.6,5.7,15.7,23.4,15.0,4.9,60.9,69.5,79.0,85.5,79.5,70.1,14.0,27.5,38.3,44.2,50.5,57.8,63.9,57.2,49.7,42.9,36.2,26.0,19.1,37.3,43.5,49.8,60.2,49.6,43.3,37.0,-45.8,-26.1,-6.4,13.0,31.5,47.6,60.8,70.5,73.3,70.6,60.4,47.0,31.0,12.9,-5.9,-25.1,-44.8,-54.7,-61.4,-62.5,-59.6,-54.3,-55.4,-61.1,-64.3,-63.7,-57.5,-40.5,-27.9,-15.5,-2.9,4.8,7.3,9.4,7.6,5.1,-41.1,-45.4,-45.0,-38.7,-36.5,-36.7,-39.2,-46.1,-46.4,-42.2,-37.6,-37.2,29.4,25.5,23.2,25.2,23.5,26.3,30.1,38.2,41.4,41.9,41.2,37.6,29.8,29.5,30.2,29.6,30.7,31.8,32.5,31.8,670.3,674.2,678.9,682.2,682.8,681.3,676.8,670.5,671.8,682.3,698.0,710.4,716.0,715.7,714.0,712.3,711.5,638.0,632.7,629.6,627.4,627.3,636.8,645.1,654.9,665.4,676.2,634.5,629.4,623.8,618.7,633.1,633.0,633.6,637.3,641.5,639.7,637.2,638.7,641.4,639.2,637.8,654.4,657.0,661.9,669.1,662.7,657.9,649.4,640.1,637.3,639.1,641.8,651.6,665.8,654.2,646.2,643.0,641.4,643.2,647.9,640.5,641.9,645.2,661.6,645.2,641.9,640.7,0.596,0.242,-0.309,0.08,273.687,186.023,-2.943,9.64,-12.957,12.467,5.142,-0.887,-3.721,1.653,3.853,-0.725,0.727,1.202,0.091,-1.864,-0.397,-0.11,0.483,1.006,-0.736,-0.658,0.492,-0.507,-0.143,-0.273,0.318,-0.163,0.133,0.053,-0.091,0.001,-0.008,0.018,0.006,-0.007,0.15,0.0,0.0,1.06,0.0,0.0,0.0,0.0,0.0,0.59,0.0,0.0,0.0,0.0,0.0,0.0,0.0,0.0,1.0,0.0,1.0,0.0,0.0,0.0,0.0,0.0,1.0,0.0,0.0,0.0,0.0,0.0,0.0,1.0,0.0
PP133,g1,3545,0,0.975,0.235505,0.205633,-0.94987,0.077372,0.198212,-0.977101,0.161,0.207,252.4,253.8,257.0,260.1,261.3,260.1,256.7,253.6,247.8,250.0,253.0,256.6,260.0,262.5,264.1,262.0,259.2,256.0,252.8,249.9,255.4,256.7,258.1,258.8,258.2,256.9,255.5,254.9,289.4,290.4,293.0,295.9,297.2,296.2,293.6,290.5,286.4,288.3,291.0,294.2,296.9,298.8,299.8,298.8,297.0,294.6,291.7,288.7,292.0,293.2,294.4,294.8,294.2,293.0,291.8,291.4,161.4,158.2,157.0,158.4,161.7,165.1,166.1,164.7,162.7,161.0,159.9,159.4,160.2,161.8,163.9,165.0,165.3,165.4,165.0,164.2,163.0,163.6,163.1,161.7,160.3,159.6,160.2,161.6,161.7,158.6,157.2,158.4,161.5,164.6,165.9,165.0,163.9,161.8,160.2,159.5,160.0,161.0,162.8,164.2,165.1,165.4,165.3,164.9,163.0,163.6,163.0,161.6,160.3,159.8,160.4,161.7,3.1,5.0,9.2,13.3,14.9,13.3,8.8,4.7,-2.9,0.0,4.0,8.6,13.1,16.4,18.6,15.9,12.0,7.8,3.7,-0.1,7.1,8.9,10.7,11.5,10.8,9.0,7.2,6.4,54.1,55.5,59.4,63.4,65.3,63.9,60.0,55.6,49.9,52.5,56.2,60.7,64.8,67.8,69.7,67.8,65.0,61.3,57.2,53.1,57.8,59.6,61.3,61.9,61.1,59.3,57.6,57.0,-34.3,-38.5,-40.2,-38.3,-33.9,-29.4,-28.1,-30.0,-32.8,-35.0,-36.2,-36.8,-35.8,-33.9,-31.2,-29.6,-29.1,-29.0,-29.5,-30.7,-32.3,-31.4,-32.1,-34.0,-35.9,-36.7,-36.0,-34.2,-35.4,-39.7,-41.7,-40.2,-36.0,-31.7,-29.7,-30.9,-32.4,-35.3,-37.4,-38.5,-38.0,-36.8,-34.6,-32.4,-31.0,-30.4,-30.5,-30.9,-33.7,-33.0,-33.9,-35.8,-37.6,-38.3,-37.4,-35.5,513.2,513.8,514.3,514.4,514.0,513.7,513.0,512.9,516.9,514.5,512.5,511.7,512.6,514.3,516.2,514.3,512.5,511.8,512.6,514.5,514.1,514.1,514.3,514.6,514.7,514.7,514.5,514.2,536.0,537.0,538.7,540.3,540.7,539.7,537.9,536.5,536.2,535.6,535.5,536.7,539.6,543.3,546.7,543.5,540.0,537.4,536.0,535.9,538.2,538.9,539.7,540.1,539.9,539.3,538.5,538.0,39.8,-2.1,650.0,0.228,-0.239,0.055,225.2,225.1,226.2,228.3,232.7,240.1,249.6,260.5,271.3,279.8,285.8,291.4,296.5,300.3,303.1,305.1,306.0,238.4,245.5,254.6,263.6,271.5,286.2,292.6,298.7,304.3,307.4,278.7,279.7,280.9,282.0,269.7,274.2,278.6,282.5,285.8,247.7,253.4,259.5,264.2,259.1,252.9,286.4,291.3,296.6,299.9,296.9,291.6,258.9,267.3,273.9,277.4,281.1,285.0,287.8,284.6,280.5,276.6,272.6,266.3,262.0,273.2,276.9,280.5,285.9,280.5,276.8,273.0,161.2,172.7,184.1,195.2,205.7,214.9,222.6,228.6,230.1,227.9,221.4,213.4,204.5,194.6,184.2,173.6,162.7,154.4,149.8,148.8,150.5,153.6,153.4,150.4,149.0,150.0,154.2,162.5,170.2,177.8,185.6,190.5,192.0,193.2,192.1,190.5,162.6,159.8,160.1,164.0,165.3,165.2,164.0,160.0,160.0,162.7,165.2,165.3,205.3,203.2,201.8,202.9,201.8,203.2,205.1,210.2,212.4,212.9,212.5,210.4,205.6,205.5,205.9,205.4,205.5,206.6,207.2,206.8,-42.5,-42.9,-41.3,-37.8,-30.1,-17.2,-0.8,18.1,36.6,52.0,63.9,75.2,85.1,92.2,97.0,100.5,101.9,-19.0,-7.2,7.3,21.8,34.5,58.9,70.2,81.5,92.4,99.2,46.5,47.8,49.3,50.6,31.9,39.1,46.3,52.9,58.6,-3.7,5.5,15.6,23.3,14.9,4.8,60.8,69.4,78.9,85.4,79.5,70.0,14.8,28.3,38.9,44.7,51.0,58.3,64.4,57.9,50.4,43.7,37.1,26.8,19.9,37.9,44.1,50.3,60.7,50.2,43.9,37.7,-45.1,-25.5,-5.9,13.4,31.7,47.7,60.7,70.4,73.2,70.5,60.4,47.1,31.1,13.0,-6.0,-25.3,-45.2,-54.1,-60.9,-62.2,-59.4,-54.3,-55.5,-61.2,-64.5,-63.9,-57.6,-40.5,-27.9,-15.5,-3.0,4.9,7.3,9.3,7.5,5.0,-40.7,-45.1,-44.8,-38.5,-36.3,-36.3,-39.3,-46.2,-46.6,-42.4,-37.8,-37.3,29.6,25.6,23.2,25.1,23.4,26.1,30.0,37.9,41.0,41.6,41.0,37.6,30.0,29.5,30.1,29.5,30.5,31.6,32.3,31.6,669.4,673.2,677.7,680.9,681.5,680.0,675.4,669.2,670.5,681.2,697.0,709.7,715.6,715.5,713.8,712.2,711.4,637.4,631.9,628.8,626.6,626.4,635.8,644.2,654.2,664.8,675.6,633.6,628.4,622.7,617.5,631.9,631.9,632.4,636.2,640.4,638.9,636.4,637.8,640.5,638.4,637.0,653.5,656.1,661.1,668.4,661.9,657.1,648.1,638.8,636.0,637.8,640.5,650.3,664.5,652.8,644.8,641.6,640.0,641.8,646.5,639.3,640.6,643.9,660.2,643.9,640.6,639.4,0.597,0.236,-0.314,0.073,273.857,186.031,-0.771,8.526,-13.284,12.501,5.053,-1.015,-3.55,2.11,4.124,-1.018,0.214,1.063,0.358,-1.92,-0.333,-0.253,0.503,0.909,-0.698,-0.598,0.577,-0.386,-0.236,-0.273,0.383,-0.113,0.095,0.058,-0.096,0.004,-0.023,0.013,0.005,-0.005,0.0,0.0,0.0,1.14,0.0,0.0,0.0,0.0,0.0,0.32,0.0,0.0,0.0,0.0,0.0,0.0,0.0,0.0,1.0,0.0,1.0,0.0,0.0,0.0,0.0,0.0,0.0,0.0,0.0,0.0,0.0,0.0,0.0,1.0,0.0
PP133,g1,3551,0,0.925,0.233553,0.196858,-0.952208,0.08305,0.190849,-0.9781,0.163,0.198,252.3,253.7,256.9,260.0,261.2,260.0,256.7,253.5,247.8,250.0,252.9,256.5,259.9,262.4,264.0,262.0,259.1,255.9,252.8,249.9,255.3,256.7,258.1,258.7,258.1,256.8,255.4,254.8,289.3,290.2,292.9,295.7,297.0,296.1,293.4,290.3,286.2,288.2,290.8,294.0,296.7,298.6,299.6,298.6,296.8,294.4,291.5,288.5,291.8,293.0,294.2,294.6,294.0,292.8,291.6,291.2,161.8,158.7,157.4,158.8,162.1,165.5,166.5,165.1,163.2,161.4,160.3,159.9,160.6,162.1,164.2,165.3,165.7,165.8,165.5,164.7,163.4,164.0,163.5,162.1,160.7,160.1,160.6,162.0,162.0,158.9,157.5,158.7,161.7,164.8,166.2,165.2,164.1,162.0,160.5,159.8,160.2,161.3,163.1,164.5,165.3,165.7,165.6,165.2,163.3,163.8,163.2,161.9,160.6,160.0,160.6,162.0,3.0,4.8,9.1,13.2,14.8,13.2,8.8,4.7,-2.9,-0.1,3.9,8.5,13.0,16.3,18.6,15.8,12.0,7.8,3.6,-0.1,7.0,8.8,10.7,11.5,10.7,8.9,7.1,6.3,54.0,55.4,59.3,63.4,65.3,63.9,60.0,55.6,49.9,52.5,56.1,60.7,64.8,67.8,69.6,67.8,64.9,61.3,57.2,53.0,57.8,59.5,61.2,61.9,61.0,59.2,57.6,56.9,-33.8,-38.0,-39.7,-37.9,-33.5,-29.0,-27.6,-29.5,-32.3,-34.4,-35.7,-36.3,-35.4,-33.5,-30.8,-29.2,-28.7,-28.5,-29.0,-30.2,-31.8,-31.0,-31.7,-33.6,-35.4,-36.3,-35.5,-33.7,-35.1,-39.5,-41.5,-40.0,-35.8,-31.4,-29.5,-30.7,-32.2,-35.0,-37.1,-38.2,-37.8,-36.5,-34.3,-32.1,-30.8,-30.2,-30.2,-30.7,-33.5,-32.8,-33.6,-35.5,-37.4,-38.0,-37.2,-35.3,514.7,515.2,515.6,515.7,515.3,515.0,514.4,514.3,518.5,516.0,513.9,513.1,514.0,515.6,517.4,515.6,513.8,513.2,514.1,516.1,515.5,515.5,515.7,516.0,516.1,516.1,515.9,515.7,537.7,538.7,540.5,542.1,542.5,541.5,539.7,538.2,538.0,537.3,537.3,538.5,541.4,545.1,548.6,545.2,541.8,539.2,537.8,537.6,540.0,540.7,541.4,541.9,541.7,541.0,540.2,539.8,40.0,-1.0,648.0,0.211,-0.242,0.046,225.2,225.2,226.3,228.6,233.2,240.7,250.2,261.3,272.1,280.5,286.4,291.7,296.5,300.3,302.9,304.9,305.7,238.4,245.6,254.6,263.5,271.3,286.1,292.4,298.4,303.9,307.0,278.6,279.7,281.0,282.2,269.9,274.4,278.9,282.7,286.0,247.7,253.3,259.4,264.2,259.1,252.9,286.2,291.1,296.4,299.7,296.7,291.5,259.5,267.8,274.3,277.8,281.4,285.3,288.1,285.0,281.0,277.1,273.1,266.9,262.6,273.6,277.3,280.9,286.1,280.9,277.2,273.5,162.1,173.8,185.3,196.5,207.2,216.5,224.3,230.1,231.5,229.2,222.5,214.5,205.4,195.4,184.9,174.2,163.3,154.8,150.2,149.2,150.8,154.0,153.7,150.7,149.2,150.1,154.4,162.7,170.4,178.1,185.9,191.0,192.5,193.7,192.5,190.9,163.1,160.3,160.5,164.4,165.7,165.7,164.3,160.3,160.3,163.0,165.4,165.6,206.4,203.9,202.4,203.5,202.3,203.9,206.0,211.0,213.2,213.7,213.4,211.4,206.6,206.2,206.5,206.0,206.4,207.3,207.9,207.6,-42.3,-42.7,-41.0,-37.3,-29.2,-16.2,0.4,19.3,37.8,53.1,64.7,75.5,84.9,91.7,96.3,99.7,101.0,-18.8,-7.2,7.3,21.5,34.1,58.6,69.7,80.9,91.6,98.4,46.3,47.7,49.3,50.8,32.1,39.4,46.6,53.1,58.8,-3.8,5.3,15.3,23.2,14.8,4.7,60.5,69.0,78.4,84.9,79.0,69.6,15.7,28.9,39.4,45.2,51.4,58.6,64.5,58.3,51.0,44.4,37.8,27.7,20.9,38.5,44.6,50.8,60.8,50.7,44.5,38.3,-43.4,-23.6,-3.8,15.7,34.2,50.3,63.3,72.7,75.2,72.5,62.3,48.8,32.6,14.4,-4.6,-24.1,-43.8,-53.2,-60.2,-61.5,-58.8,-53.7,-54.9,-60.7,-64.0,-63.5,-57.2,-40.1,-27.4,-15.0,-2.5,5.6,8.1,10.0,8.1,5.6,-39.8,-44.3,-44.1,-37.9,-35.6,-35.5,-38.8,-45.7,-46.0,-41.9,-37.3,-36.8,31.3,26.8,24.2,26.0,24.2,27.1,31.3,39.1,42.2,42.8,42.2,39.0,31.5,30.5,31.1,30.4,31.8,32.6,33.4,32.7,667.4,671.4,676.0,679.2,679.6,677.8,672.9,666.5,667.9,678.8,694.7,707.5,713.3,712.8,710.9,708.9,708.0,635.5,630.2,627.3,625.3,625.2,634.7,643.2,653.1,663.5,674.3,632.3,626.9,621.0,615.6,629.9,629.8,630.4,634.2,638.6,637.1,634.8,636.4,639.0,636.9,635.4,652.2,654.9,659.9,667.1,660.6,655.8,645.6,636.2,633.7,635.6,638.4,648.0,662.0,650.3,642.5,639.2,637.6,639.1,643.9,636.9,638.3,641.7,657.6,641.7,638.3,637.1,0.599,0.221,-0.317,0.062,274.028,186.7,-2.946,10.912,-14.266,14.946,3.375,-0.63,-3.384,2.804,4.164,-2.215,0.765,0.528,-0.035,-2.147,-0.071,-0.186,0.322,0.868,-0.669,-0.628,0.512,-0.256,-0.385,-0.602,0.33,0.086,0.149,0.054,-0.1,-0.007,-0.021,0.001,0.01,-0.002,0.0,0.0,0.0,0.76,0.0,0.0,0.0,0.0,0.0,0.55,0.0,0.0,0.0,0.0,0.0,0.0,0.0,0.0,1.0,0.0,1.0,0.0,0.0,0.0,0.0,0.0,0.0,0.0,0.0,0.0,0.0,0.0,0.0,1.0,0.0
PP133,g1,3557,0,0.925,0.231138,0.194433,-0.953295,0.081783,0.188027,-0.978753,0.161,0.195,252.6,253.9,257.1,260.2,261.5,260.3,256.9,253.8,248.1,250.2,253.2,256.7,260.1,262.6,264.3,262.2,259.4,256.2,253.0,250.2,255.6,256.9,258.3,258.9,258.4,257.0,255.6,255.0,289.5,290.4,293.1,295.9,297.2,296.3,293.6,290.6,286.4,288.4,291.0,294.2,297.0,298.8,299.8,298.8,297.0,294.7,291.8,288.8,292.0,293.2,294.4,294.8,294.2,293.0,291.8,291.4,162.4,159.2,157.9,159.3,162.6,166.0,167.0,165.6,163.7,162.0,160.9,160.4,161.1,162.6,164.7,165.8,166.2,166.3,166.0,165.2,163.9,164.5,164.0,162.6,161.2,160.6,161.1,162.5,162.4,159.3,158.0,159.2,162.2,165.3,166.6,165.7,164.6,162.5,161.0,160.2,160.7,161.8,163.5,164.9,165.7,166.1,166.0,165.6,163.8,164.3,163.7,162.3,161.0,160.5,161.1,162.4,3.4,5.2,9.4,13.5,15.2,13.6,9.1,5.0,-2.5,0.3,4.2,8.8,13.3,16.7,18.9,16.2,12.4,8.1,4.0,0.2,7.4,9.2,11.0,11.8,11.1,9.3,7.5,6.7,54.4,55.8,59.6,63.7,65.6,64.2,60.3,55.9,50.2,52.8,56.5,61.0,65.1,68.1,69.9,68.2,65.3,61.7,57.5,53.4,58.1,59.9,61.6,62.2,61.4,59.6,57.9,57.3,-33.2,-37.5,-39.2,-37.3,-33.0,-28.4,-27.1,-28.9,-31.7,-33.8,-35.2,-35.7,-34.9,-32.9,-30.2,-28.7,-28.1,-27.9,-28.4,-29.6,-31.2,-30.4,-31.1,-33.0,-34.9,-35.7,-34.9,-33.1,-34.5,-38.9,-40.9,-39.4,-35.2,-30.8,-28.9,-30.1,-31.6,-34.4,-36.5,-37.6,-37.2,-35.9,-33.7,-31.5,-30.2,-29.6,-29.6,-30.1,-32.9,-32.2,-33.0,-34.9,-36.8,-37.4,-36.6,-34.7,516.0,516.6,517.0,517.0,516.6,516.3,515.7,515.6,519.8,517.4,515.3,514.4,515.3,516.9,518.7,516.9,515.1,514.5,515.4,517.4,516.8,516.8,517.0,517.3,517.4,517.4,517.2,517.0,538.1,539.1,540.9,542.5,542.8,541.8,540.0,538.6,538.3,537.7,537.7,538.9,541.8,545.5,548.9,545.6,542.1,539.5,538.1,538.0,540.3,541.0,541.8,542.2,542.1,541.4,540.6,540.2,40.5,-0.2,647.8,0.207,-0.24,0.043,225.5,225.4,226.6,228.9,233.5,241.0,250.6,261.7,272.5,281.0,286.8,292.1,296.9,300.6,303.2,305.2,305.9,238.7,245.8,254.7,263.6,271.5,286.2,292.5,298.5,304.1,307.2,278.8,280.0,281.3,282.5,270.2,274.7,279.2,283.0,286.3,248.0,253.5,259.7,264.4,259.3,253.2,286.4,291.3,296.6,299.9,296.9,291.7,259.7,268.0,274.6,278.1,281.8,285.7,288.5,285.4,281.4,277.5,273.5,267.2,262.8,273.9,277.6,281.2,286.5,281.3,277.6,273.8,162.5,174.2,185.8,197.1,207.8,217.1,224.9,230.8,232.1,229.8,223.1,215.0,205.8,195.8,185.4,174.7,163.8,155.4,150.8,149.7,151.3,154.4,154.2,151.1,149.7,150.6,154.9,163.2,170.9,178.5,186.4,191.5,193.0,194.2,193.0,191.3,163.6,160.8,161.0,164.8,166.2,166.2,164.7,160.7,160.7,163.4,165.9,166.0,206.8,204.4,202.9,204.0,202.8,204.3,206.4,211.4,213.5,214.1,213.8,211.8,207.1,206.7,207.0,206.5,206.8,207.7,208.3,208.0,-41.9,-42.2,-40.5,-36.8,-28.7,-15.6,1.0,20.0,38.5,53.9,65.5,76.3,85.6,92.3,96.8,100.1,101.3,-18.4,-6.9,7.6,21.8,34.4,58.9,70.0,81.1,91.9,98.7,46.7,48.1,49.7,51.2,32.5,39.8,47.1,53.6,59.3,-3.3,5.7,15.7,23.6,15.2,5.1,60.8,69.3,78.8,85.3,79.4,70.0,16.0,29.3,39.8,45.7,51.9,59.2,65.2,59.0,51.6,45.0,38.4,28.2,21.1,39.0,45.1,51.3,61.5,51.3,45.1,38.8,-42.7,-22.8,-2.9,16.7,35.3,51.4,64.5,73.8,76.3,73.4,63.3,49.8,33.5,15.2,-3.8,-23.2,-43.0,-52.2,-59.3,-60.7,-58.0,-52.9,-54.1,-59.9,-63.1,-62.6,-56.3,-39.4,-26.7,-14.3,-1.7,6.4,8.8,10.8,8.9,6.3,-38.9,-43.4,-43.2,-37.1,-34.8,-34.7,-38.0,-44.9,-45.2,-41.1,-36.6,-36.1,32.0,27.5,24.9,26.8,25.0,27.8,32.0,39.7,42.8,43.4,42.9,39.7,32.3,31.3,31.8,31.2,32.5,33.2,34.0,33.4,667.7,671.7,676.3,679.3,679.7,677.8,672.9,666.3,667.6,678.6,694.6,707.4,713.2,712.6,710.6,708.6,707.7,635.6,630.4,627.4,625.4,625.3,634.8,643.2,653.0,663.4,674.1,632.2,626.8,620.9,615.4,629.8,629.7,630.2,634.0,638.5,637.1,634.9,636.4,639.0,636.8,635.4,652.1,654.9,659.8,667.0,660.5,655.7,645.5,636.1,633.6,635.5,638.2,647.9,662.1,650.0,642.0,638.7,637.1,638.8,643.9,636.7,638.1,641.5,657.6,641.4,638.0,636.7,0.599,0.219,-0.315,0.059,274.316,187.179,-2.577,11.436,-13.955,14.792,2.57,0.024,-3.652,2.814,3.998,-2.297,0.452,0.716,-0.102,-2.174,-0.187,-0.077,0.333,1.001,-0.538,-0.599,0.55,-0.321,-0.38,-0.668,0.285,0.079,0.156,0.063,-0.106,-0.005,-0.013,-0.008,0.01,-0.006,0.14,0.0,0.0,1.01,0.0,0.0,0.0,0.0,0.0,0.43,0.0,0.0,0.0,0.0,0.0,0.0,0.0,0.0,1.0,0.0,1.0,0.0,0.0,0.0,0.0,0.0,0.0,0.0,0.0,0.0,0.0,0.0,0.0,1.0,0.0
PP133,g1,3563,0,0.975,0.232512,0.208805,-0.949915,0.075869,0.200983,-0.976652,0.159,0.21,253.0,254.4,257.6,260.7,261.9,260.7,257.3,254.2,248.5,250.7,253.7,257.2,260.6,263.0,264.6,262.6,259.8,256.6,253.4,250.6,256.0,257.4,258.7,259.4,258.8,257.5,256.1,255.5,290.0,290.9,293.6,296.4,297.7,296.7,294.1,291.0,286.9,288.9,291.5,294.7,297.5,299.3,300.3,299.3,297.5,295.1,292.2,289.2,292.5,293.7,294.9,295.3,294.7,293.5,292.3,291.9,162.2,159.1,157.8,159.3,162.6,166.0,166.9,165.5,163.5,161.8,160.7,160.3,161.1,162.6,164.7,165.8,166.1,166.2,165.8,165.0,163.8,164.4,163.9,162.5,161.1,160.5,161.0,162.4,162.6,159.6,158.2,159.4,162.5,165.5,166.9,165.9,164.8,162.7,161.2,160.5,161.0,162.1,163.8,165.2,166.0,166.4,166.2,165.9,164.0,164.5,163.9,162.6,161.3,160.7,161.3,162.7,4.0,5.9,10.1,14.2,15.8,14.2,9.7,5.6,-2.0,0.9,4.9,9.5,14.0,17.3,19.5,16.7,12.9,8.7,4.5,0.8,7.9,9.7,11.6,12.4,11.7,9.9,8.1,7.3,55.1,56.5,60.4,64.5,66.4,64.9,61.0,56.6,50.9,53.6,57.2,61.7,65.9,68.9,70.7,68.9,66.0,62.3,58.2,54.0,58.8,60.6,62.3,62.9,62.1,60.3,58.6,58.0,-33.4,-37.7,-39.3,-37.4,-33.0,-28.5,-27.2,-29.1,-32.0,-34.1,-35.4,-35.9,-34.9,-33.0,-30.3,-28.7,-28.2,-28.1,-28.7,-29.9,-31.4,-30.5,-31.3,-33.1,-35.0,-35.8,-35.1,-33.3,-34.3,-38.6,-40.6,-39.0,-34.8,-30.5,-28.5,-29.8,-31.3,-34.2,-36.2,-37.3,-36.8,-35.6,-33.4,-31.2,-29.8,-29.2,-29.3,-29.8,-32.6,-31.9,-32.7,-34.6,-36.5,-37.1,-36.3,-34.4,516.6,517.2,517.6,517.7,517.4,517.1,516.3,516.2,520.3,517.9,515.9,515.1,516.0,517.7,519.5,517.7,515.8,515.2,516.0,517.9,517.5,517.5,517.7,518.0,518.1,518.1,517.9,517.6,538.7,539.6,541.4,543.0,543.4,542.4,540.6,539.2,538.9,538.2,538.2,539.4,542.3,546.0,549.4,546.1,542.7,540.1,538.7,538.6,540.9,541.6,542.4,542.8,542.6,541.9,541.1,540.7,40.5,-0.4,650.2,0.231,-0.236,0.06,225.8,225.7,226.6,228.7,233.2,240.5,249.9,260.8,271.5,280.0,286.0,291.7,296.7,300.7,303.5,305.6,306.5,239.2,246.4,255.3,264.2,272.1,286.8,293.2,299.2,304.8,307.9,279.3,280.3,281.4,282.5,270.1,274.6,279.0,282.9,286.1,248.4,254.0,260.1,264.8,259.7,253.6,286.9,291.8,297.1,300.4,297.4,292.1,259.1,267.4,274.1,277.6,281.3,285.3,288.1,284.8,280.6,276.7,272.7,266.4,262.2,273.3,277.1,280.7,286.1,280.6,276.9,273.1,161.9,173.5,185.1,196.2,206.8,216.1,223.9,229.9,231.4,229.2,222.5,214.5,205.4,195.5,185.2,174.5,163.6,155.1,150.7,149.7,151.4,154.6,154.4,151.4,150.0,150.9,155.1,163.4,171.1,178.8,186.7,191.4,193.0,194.3,193.1,191.6,163.4,160.7,160.9,164.9,166.1,166.0,164.9,161.0,161.0,163.7,166.2,166.3,206.3,204.1,202.8,203.9,202.8,204.3,206.2,211.4,213.6,214.1,213.7,211.5,206.6,206.5,206.9,206.4,206.7,207.9,208.4,208.0,-41.4,-41.9,-40.6,-37.1,-29.3,-16.5,-0.2,18.5,36.9,52.4,64.3,75.7,85.5,92.7,97.6,101.1,102.6,-17.6,-5.9,8.6,22.8,35.4,60.0,71.2,82.4,93.2,100.0,47.5,48.7,50.1,51.3,32.5,39.7,47.0,53.5,59.3,-2.7,6.5,16.5,24.3,15.9,5.8,61.7,70.3,79.8,86.3,80.3,70.9,15.0,28.5,39.2,45.1,51.4,58.8,64.8,58.2,50.6,43.9,37.2,26.9,20.1,38.2,44.4,50.7,61.1,50.6,44.2,37.9,-43.8,-24.0,-4.2,15.2,33.7,49.9,63.0,72.7,75.4,72.7,62.5,49.0,32.8,14.7,-4.2,-23.6,-43.4,-52.9,-59.6,-60.8,-58.0,-52.8,-53.9,-59.6,-62.8,-62.2,-56.0,-39.1,-26.4,-13.9,-1.3,6.4,8.9,11.0,9.2,6.6,-39.4,-43.7,-43.4,-37.1,-35.0,-35.0,-37.8,-44.6,-44.9,-40.7,-36.2,-35.7,31.2,27.2,24.9,26.8,25.1,27.9,31.9,40.0,43.2,43.8,43.0,39.5,31.6,31.1,31.8,31.2,32.4,33.6,34.3,33.6,669.0,673.0,677.8,681.1,681.8,680.3,675.7,669.5,670.9,681.5,697.2,709.6,715.1,714.7,712.8,711.0,710.2,636.9,631.7,628.7,626.7,626.5,636.2,644.5,654.3,664.7,675.3,633.7,628.6,623.0,617.9,632.2,632.1,632.7,636.5,640.7,638.6,636.2,637.8,640.4,638.3,636.8,653.5,656.1,661.0,668.2,661.8,657.1,648.6,639.2,636.5,638.3,641.0,650.8,664.9,653.4,645.5,642.3,640.7,642.4,647.0,639.7,641.1,644.4,660.7,644.5,641.2,640.0,0.597,0.241,-0.311,0.077,274.247,187.045,-4.364,9.94,-12.852,13.014,4.796,-0.624,-3.48,1.343,3.924,-1.252,0.789,1.077,0.43,-1.947,-0.412,-0.09,0.568,1.07,-0.831,-0.815,0.51,-0.471,-0.046,-0.341,0.306,-0.106,0.106,0.048,-0.097,0.003,-0.017,0.013,0.003,-0.005,0.25,0.02,0.0,1.14,0.0,0.0,0.0,0.0,0.0,0.52,0.0,0.0,0.0,0.0,0.0,0.0,0.0,0.0,1.0,0.0,1.0,0.0,0.0,0.0,0.0,0.0,0.0,0.0,0.0,0.0,0.0,0.0,0.0,1.0,0.0
PP133,g1,3569,0,0.975,0.233239,0.210137,-0.949443,0.074106,0.202311,-0.976514,0.158,0.211,253.0,254.4,257.6,260.7,261.9,260.7,257.3,254.2,248.5,250.6,253.7,257.2,260.6,263.1,264.7,262.6,259.8,256.6,253.4,250.6,256.0,257.4,258.8,259.4,258.8,257.5,256.1,255.5,290.1,291.0,293.7,296.5,297.8,296.9,294.2,291.1,287.0,289.0,291.6,294.8,297.6,299.4,300.4,299.4,297.6,295.2,292.3,289.3,292.6,293.8,295.0,295.4,294.8,293.6,292.4,292.0,161.9,158.7,157.5,158.9,162.2,165.6,166.6,165.1,163.2,161.4,160.4,160.0,160.7,162.3,164.4,165.5,165.8,165.9,165.5,164.6,163.5,164.1,163.6,162.2,160.8,160.1,160.7,162.0,162.3,159.2,157.8,159.0,162.0,165.1,166.5,165.5,164.4,162.3,160.8,160.1,160.6,161.6,163.3,164.8,165.6,166.0,165.8,165.5,163.6,164.1,163.5,162.2,160.8,160.3,160.9,162.3,4.0,5.8,10.0,14.1,15.7,14.1,9.6,5.5,-2.0,0.9,4.8,9.5,13.9,17.2,19.4,16.7,12.9,8.7,4.5,0.7,7.9,9.7,11.5,12.4,11.7,9.9,8.0,7.2,55.1,56.6,60.4,64.5,66.4,65.0,61.1,56.7,51.0,53.6,57.2,61.8,65.9,68.9,70.8,68.9,66.0,62.4,58.3,54.1,58.9,60.7,62.4,63.0,62.2,60.4,58.7,58.1,-33.7,-38.0,-39.6,-37.7,-33.4,-28.8,-27.5,-29.4,-32.3,-34.4,-35.6,-36.2,-35.2,-33.3,-30.6,-29.1,-28.5,-28.4,-29.0,-30.2,-31.7,-30.8,-31.6,-33.4,-35.3,-36.1,-35.4,-33.6,-34.8,-39.1,-41.1,-39.5,-35.4,-31.0,-29.1,-30.3,-31.8,-34.7,-36.7,-37.8,-37.4,-36.1,-33.9,-31.7,-30.4,-29.7,-29.8,-30.3,-33.1,-32.4,-33.2,-35.1,-37.0,-37.6,-36.8,-34.9,514.4,514.9,515.4,515.5,515.2,514.9,514.1,514.0,518.0,515.7,513.6,512.9,513.8,515.5,517.3,515.5,513.7,513.0,513.8,515.7,515.3,515.3,515.5,515.8,515.9,515.9,515.6,515.4,537.8,538.7,540.5,542.0,542.4,541.5,539.7,538.3,538.1,537.4,537.3,538.5,541.4,545.1,548.5,545.2,541.8,539.2,537.8,537.7,540.0,540.7,541.5,541.9,541.7,541.0,540.2,539.8,40.8,-1.3,650.4,0.232,-0.235,0.057,225.8,225.7,226.7,228.8,233.3,240.7,250.1,261.1,271.8,280.3,286.3,291.9,297.0,300.9,303.7,305.7,306.6,239.1,246.3,255.3,264.3,272.2,286.9,293.2,299.3,304.9,308.0,279.3,280.3,281.5,282.6,270.2,274.7,279.2,283.0,286.3,248.3,254.0,260.1,264.8,259.7,253.6,287.0,291.9,297.2,300.6,297.5,292.2,259.3,267.7,274.3,277.8,281.5,285.5,288.3,285.1,280.9,277.0,273.0,266.7,262.4,273.6,277.3,281.0,286.4,280.9,277.2,273.4,161.5,173.1,184.5,195.6,206.1,215.3,223.0,229.0,230.5,228.3,221.7,213.7,204.8,195.0,184.6,174.0,163.2,154.7,150.3,149.3,151.0,154.2,154.0,151.0,149.6,150.5,154.6,163.1,170.7,178.3,186.2,191.0,192.5,193.8,192.6,191.1,163.1,160.3,160.6,164.5,165.8,165.7,164.5,160.6,160.6,163.3,165.7,165.9,205.8,203.7,202.3,203.4,202.3,203.8,205.6,210.7,212.9,213.4,213.0,210.9,206.1,206.0,206.4,205.9,206.1,207.2,207.8,207.3,-41.4,-41.9,-40.4,-36.9,-29.1,-16.2,0.2,19.0,37.4,52.9,64.8,76.2,86.1,93.3,98.1,101.6,103.1,-17.8,-6.0,8.5,22.9,35.6,60.0,71.3,82.6,93.5,100.3,47.6,48.8,50.2,51.5,32.8,40.0,47.2,53.8,59.6,-2.7,6.5,16.6,24.3,15.9,5.8,61.9,70.5,80.0,86.5,80.5,71.1,15.5,28.9,39.6,45.5,51.8,59.1,65.2,58.6,51.1,44.4,37.7,27.5,20.6,38.7,44.8,51.1,61.5,51.0,44.7,38.4,-44.6,-24.9,-5.2,14.1,32.5,48.5,61.5,71.2,73.9,71.2,61.1,47.7,31.7,13.7,-5.2,-24.5,-44.3,-53.5,-60.2,-61.4,-58.6,-53.4,-54.5,-60.3,-63.6,-63.0,-56.8,-39.6,-27.0,-14.6,-2.1,5.7,8.2,10.2,8.4,5.9,-40.0,-44.3,-44.0,-37.7,-35.5,-35.6,-38.4,-45.3,-45.6,-41.5,-36.9,-36.4,30.3,26.5,24.1,26.0,24.3,27.1,30.9,38.9,42.0,42.6,41.9,38.4,30.8,30.4,31.0,30.4,31.4,32.5,33.2,32.5,669.7,673.6,678.3,681.5,682.2,680.7,676.1,669.8,671.1,681.7,697.5,710.1,715.8,715.5,713.7,712.0,711.3,637.4,632.0,628.9,626.7,626.5,635.9,644.3,654.3,664.8,675.7,633.8,628.6,623.0,617.8,632.3,632.2,632.8,636.5,640.7,639.0,636.5,638.0,640.7,638.6,637.1,653.7,656.3,661.2,668.5,662.1,657.3,648.7,639.4,636.5,638.4,641.1,650.9,665.2,653.4,645.4,642.2,640.6,642.5,647.1,639.8,641.2,644.5,660.9,644.4,641.2,640.0,0.596,0.241,-0.311,0.075,274.409,186.525,-1.486,9.273,-13.121,12.455,5.464,-0.843,-3.743,1.97,3.936,-0.852,0.574,1.133,0.263,-2.014,-0.565,-0.091,0.387,0.875,-0.89,-0.735,0.601,-0.446,-0.073,-0.28,0.352,-0.114,0.086,0.058,-0.094,0.007,-0.02,0.016,0.004,-0.006,0.08,0.0,0.0,1.26,0.0,0.0,0.0,0.0,0.0,0.2,0.0,0.0,0.0,0.0,0.0,0.0,0.0,0.0,1.0,0.0,1.0,0.0,0.0,0.0,0.0,0.0,0.0,0.0,0.0,0.0,0.0,0.0,0.0,1.0,0.0
PP133,g1,3575,0,0.975,0.231473,0.204879,-0.951023,0.076613,0.197886,-0.977227,0.158,0.206,253.2,254.6,257.7,260.8,262.1,260.9,257.5,254.4,248.6,250.8,253.8,257.3,260.7,263.2,264.8,262.8,259.9,256.8,253.6,250.7,256.2,257.5,258.9,259.5,259.0,257.6,256.2,255.6,290.1,291.1,293.8,296.6,297.9,296.9,294.3,291.2,287.1,289.1,291.7,294.9,297.6,299.5,300.4,299.4,297.7,295.3,292.4,289.4,292.7,293.9,295.1,295.5,294.9,293.7,292.5,292.1,161.9,158.7,157.5,158.9,162.2,165.6,166.6,165.2,163.2,161.5,160.4,160.0,160.7,162.3,164.4,165.5,165.8,165.9,165.5,164.7,163.5,164.1,163.6,162.2,160.8,160.2,160.7,162.1,162.2,159.1,157.8,159.0,162.0,165.1,166.5,165.5,164.4,162.3,160.8,160.1,160.5,161.6,163.3,164.8,165.6,165.9,165.8,165.4,163.6,164.1,163.5,162.2,160.8,160.3,160.9,162.2,4.2,6.0,10.2,14.3,15.9,14.3,9.9,5.8,-1.8,1.1,5.0,9.6,14.1,17.4,19.7,16.9,13.1,8.9,4.7,1.0,8.1,9.9,11.8,12.6,11.9,10.1,8.2,7.4,55.3,56.8,60.6,64.7,66.6,65.2,61.3,56.9,51.2,53.8,57.4,62.0,66.1,69.1,70.9,69.1,66.2,62.6,58.5,54.3,59.1,60.8,62.5,63.2,62.4,60.6,58.9,58.2,-33.7,-38.0,-39.6,-37.7,-33.4,-28.9,-27.5,-29.4,-32.3,-34.4,-35.7,-36.2,-35.3,-33.3,-30.6,-29.1,-28.6,-28.4,-28.9,-30.1,-31.7,-30.9,-31.6,-33.4,-35.3,-36.2,-35.4,-33.6,-34.8,-39.2,-41.1,-39.6,-35.4,-31.1,-29.1,-30.4,-31.9,-34.7,-36.8,-37.9,-37.4,-36.2,-34.0,-31.8,-30.4,-29.8,-29.9,-30.4,-33.1,-32.5,-33.3,-35.2,-37.0,-37.7,-36.9,-35.0,515.2,515.7,516.2,516.2,515.9,515.6,514.9,514.8,518.9,516.5,514.4,513.6,514.5,516.2,518.0,516.2,514.4,513.8,514.6,516.5,516.0,516.1,516.3,516.5,516.7,516.6,516.4,516.2,538.6,539.6,541.4,542.9,543.3,542.3,540.6,539.1,538.9,538.2,538.2,539.4,542.3,545.9,549.4,546.1,542.7,540.1,538.7,538.6,540.9,541.5,542.3,542.7,542.6,541.9,541.1,540.7,41.1,-1.1,649.8,0.223,-0.237,0.053,226.1,226.0,227.0,229.2,233.7,241.1,250.5,261.5,272.2,280.7,286.7,292.2,297.1,301.0,303.7,305.8,306.6,239.3,246.4,255.4,264.3,272.3,287.0,293.3,299.4,305.0,308.0,279.5,280.5,281.7,282.8,270.5,275.0,279.4,283.3,286.6,248.5,254.1,260.3,265.0,259.9,253.7,287.1,292.0,297.3,300.6,297.6,292.3,259.9,268.1,274.7,278.2,281.9,285.8,288.5,285.4,281.3,277.4,273.5,267.2,263.0,274.0,277.7,281.3,286.6,281.3,277.6,273.9,161.7,173.3,184.8,195.9,206.5,215.8,223.6,229.5,231.0,228.7,222.1,214.1,205.1,195.2,184.8,174.2,163.3,154.9,150.3,149.3,151.0,154.1,154.0,150.9,149.5,150.5,154.7,163.0,170.6,178.3,186.1,191.0,192.6,193.8,192.6,191.0,163.1,160.4,160.6,164.5,165.8,165.7,164.5,160.5,160.5,163.3,165.7,165.8,206.1,203.9,202.4,203.5,202.4,203.9,205.9,211.0,213.1,213.6,213.3,211.2,206.4,206.2,206.5,206.1,206.3,207.3,207.9,207.5,-41.0,-41.4,-39.9,-36.3,-28.4,-15.5,0.9,19.7,38.2,53.6,65.4,76.6,86.3,93.3,98.0,101.5,103.0,-17.5,-5.9,8.7,23.0,35.7,60.2,71.4,82.7,93.5,100.3,47.8,49.0,50.5,51.9,33.2,40.4,47.6,54.2,59.9,-2.4,6.7,16.8,24.6,16.2,6.1,62.0,70.6,80.1,86.6,80.6,71.2,16.3,29.7,40.2,46.0,52.2,59.5,65.5,59.1,51.7,45.0,38.4,28.3,21.4,39.3,45.4,51.6,61.8,51.5,45.3,39.0,-44.2,-24.5,-4.7,14.7,33.2,49.3,62.3,71.9,74.6,71.9,61.8,48.3,32.2,14.1,-4.8,-24.2,-43.9,-53.2,-60.1,-61.4,-58.6,-53.5,-54.6,-60.3,-63.6,-63.0,-56.7,-39.7,-27.1,-14.7,-2.2,5.7,8.2,10.2,8.3,5.8,-39.8,-44.2,-43.9,-37.7,-35.5,-35.5,-38.5,-45.3,-45.6,-41.4,-36.9,-36.4,30.9,26.7,24.3,26.2,24.4,27.3,31.3,39.2,42.3,42.9,42.2,38.9,31.3,30.6,31.2,30.6,31.8,32.7,33.5,32.7,669.2,673.1,677.8,681.0,681.5,679.9,675.2,668.9,670.2,681.0,696.8,709.5,715.1,714.7,712.9,711.1,710.3,637.1,631.7,628.6,626.5,626.3,635.8,644.3,654.3,664.8,675.6,633.5,628.3,622.5,617.2,631.6,631.6,632.1,635.9,640.2,638.7,636.3,637.8,640.4,638.3,636.9,653.5,656.2,661.1,668.4,661.9,657.1,647.8,638.4,635.7,637.6,640.3,650.0,664.2,652.4,644.5,641.4,639.7,641.5,646.2,639.0,640.4,643.7,659.9,643.6,640.3,639.1,0.597,0.233,-0.313,0.071,274.649,186.665,-1.926,10.044,-13.713,13.9,4.465,-0.975,-3.676,2.245,4.272,-1.581,0.396,0.853,0.223,-2.205,-0.388,-0.097,0.384,0.86,-0.737,-0.677,0.629,-0.347,-0.192,-0.483,0.312,-0.027,0.105,0.065,-0.106,0.003,-0.026,0.01,0.007,-0.002,0.0,0.0,0.0,1.21,0.0,0.0,0.0,0.0,0.0,0.66,0.0,0.0,0.0,0.0,0.0,0.0,0.0,0.0,1.0,0.0,1.0,0.0,0.0,0.0,0.0,0.0,0.0,0.0,0.0,0.0,0.0,0.0,0.0,1.0,0.0
PP133,g1,3581,0,0.925,0.231726,0.195888,-0.952854,0.083646,0.188581,-0.978489,0.162,0.196,253.5,254.9,258.1,261.2,262.4,261.3,257.9,254.8,249.1,251.2,254.2,257.7,261.1,263.6,265.2,263.2,260.3,257.1,254.0,251.1,256.5,257.9,259.3,259.9,259.4,258.0,256.6,256.0,290.3,291.3,294.0,296.8,298.1,297.1,294.5,291.4,287.3,289.3,291.9,295.1,297.8,299.6,300.6,299.6,297.9,295.5,292.6,289.6,292.9,294.1,295.2,295.7,295.1,293.9,292.7,292.3,161.4,158.2,157.0,158.4,161.6,165.1,166.1,164.6,162.7,160.9,159.8,159.4,160.1,161.7,163.8,164.9,165.3,165.4,165.0,164.2,163.0,163.6,163.0,161.7,160.2,159.6,160.1,161.5,161.8,158.7,157.4,158.6,161.6,164.7,166.0,165.0,163.9,161.8,160.3,159.6,160.1,161.2,163.0,164.4,165.2,165.5,165.4,165.0,163.1,163.7,163.1,161.7,160.4,159.9,160.5,161.8,4.7,6.5,10.7,14.8,16.4,14.9,10.4,6.3,-1.3,1.6,5.5,10.1,14.6,18.0,20.2,17.4,13.6,9.4,5.2,1.5,8.6,10.4,12.3,13.1,12.4,10.6,8.8,7.9,55.5,57.0,60.8,64.9,66.8,65.3,61.4,57.0,51.4,54.0,57.6,62.2,66.3,69.3,71.0,69.2,66.4,62.8,58.6,54.5,59.2,61.0,62.7,63.3,62.5,60.8,59.1,58.4,-34.5,-38.7,-40.3,-38.5,-34.1,-29.6,-28.3,-30.1,-33.0,-35.1,-36.4,-37.0,-36.0,-34.1,-31.4,-29.8,-29.3,-29.1,-29.6,-30.8,-32.4,-31.6,-32.3,-34.2,-36.1,-36.9,-36.2,-34.3,-35.4,-39.7,-41.7,-40.1,-35.9,-31.6,-29.7,-30.9,-32.5,-35.3,-37.4,-38.4,-38.0,-36.7,-34.4,-32.2,-31.0,-30.4,-30.5,-31.0,-33.7,-33.0,-33.8,-35.7,-37.6,-38.3,-37.4,-35.5,515.0,515.6,516.0,516.0,515.7,515.4,514.7,514.7,518.8,516.4,514.3,513.4,514.3,516.0,517.8,516.0,514.2,513.6,514.4,516.4,515.8,515.9,516.1,516.3,516.5,516.4,516.3,516.0,537.7,538.7,540.6,542.1,542.5,541.5,539.7,538.2,537.9,537.3,537.3,538.6,541.5,545.2,548.6,545.3,541.8,539.2,537.8,537.6,540.0,540.7,541.5,541.9,541.7,541.0,540.2,539.8,41.6,-1.4,647.7,0.209,-0.242,0.052,226.3,226.2,227.2,229.5,234.1,241.5,251.0,262.0,272.8,281.2,287.0,292.3,297.1,300.9,303.7,305.8,306.6,239.6,246.8,255.8,264.8,272.6,287.2,293.6,299.6,305.1,308.1,279.8,280.9,282.2,283.4,271.0,275.5,279.9,283.7,287.0,248.9,254.5,260.7,265.4,260.3,254.1,287.3,292.2,297.5,300.7,297.8,292.5,260.5,268.7,275.2,278.7,282.3,286.2,288.8,285.8,281.8,278.0,274.0,267.9,263.6,274.5,278.2,281.8,286.9,281.8,278.1,274.4,161.4,173.2,184.9,196.2,207.0,216.4,224.2,230.1,231.5,229.3,222.6,214.5,205.4,195.4,185.0,174.3,163.3,154.4,149.8,148.8,150.5,153.7,153.6,150.6,149.3,150.2,154.5,162.4,170.1,177.8,185.7,190.7,192.2,193.5,192.3,190.7,162.6,159.8,160.0,164.0,165.2,165.2,164.0,160.1,160.1,162.9,165.3,165.4,206.1,203.7,202.1,203.3,202.1,203.7,205.9,210.9,213.0,213.5,213.1,211.1,206.4,205.9,206.3,205.8,206.3,207.1,207.7,207.3,-40.5,-41.0,-39.4,-35.7,-27.7,-14.7,1.7,20.5,39.0,54.2,65.8,76.7,86.0,92.9,97.6,101.2,102.6,-16.9,-5.2,9.3,23.6,36.2,60.5,71.7,82.9,93.7,100.3,48.3,49.6,51.1,52.5,33.8,41.0,48.2,54.7,60.4,-1.7,7.3,17.4,25.2,16.8,6.7,62.3,70.8,80.3,86.7,80.8,71.4,17.3,30.5,40.9,46.7,52.8,60.0,65.7,59.6,52.3,45.8,39.2,29.2,22.4,40.0,46.1,52.2,62.0,52.1,46.0,39.8,-44.6,-24.6,-4.5,15.1,33.8,50.1,63.2,72.7,75.2,72.5,62.4,48.9,32.7,14.4,-4.6,-24.0,-43.8,-53.8,-60.8,-62.1,-59.3,-54.1,-55.1,-60.8,-64.0,-63.4,-56.9,-40.6,-27.9,-15.5,-2.9,5.1,7.6,9.6,7.8,5.2,-40.6,-45.0,-44.8,-38.5,-36.3,-36.3,-39.2,-46.0,-46.3,-42.0,-37.5,-37.1,30.8,26.3,23.7,25.6,23.9,26.9,31.2,38.9,41.9,42.5,41.8,38.6,31.1,30.0,30.7,30.1,31.6,32.3,33.0,32.3,667.2,671.2,675.8,678.7,679.0,677.2,672.3,666.0,667.4,678.5,694.4,707.2,712.9,712.4,710.6,708.7,707.8,635.3,630.1,627.2,625.2,625.2,634.9,643.4,653.4,664.0,674.8,632.2,626.7,620.8,615.3,629.5,629.4,630.0,633.9,638.4,636.8,634.6,636.2,638.8,636.6,635.1,652.2,655.1,660.1,667.3,660.8,655.9,645.0,635.8,633.4,635.3,638.1,647.6,661.6,649.8,642.1,638.8,637.1,638.6,643.4,636.5,638.0,641.4,657.1,641.3,637.9,636.7,0.599,0.219,-0.319,0.068,275.013,186.49,-2.991,11.971,-14.145,15.706,3.064,-0.367,-3.167,2.199,4.593,-2.875,0.685,0.402,-0.081,-2.002,0.096,-0.255,0.387,0.903,-0.588,-0.498,0.579,-0.375,-0.528,-0.609,0.285,0.107,0.183,0.057,-0.102,-0.017,-0.026,0.001,0.013,-0.007,0.3,0.0,0.0,1.36,0.0,0.0,0.0,0.0,0.0,0.38,0.0,0.0,0.0,0.0,0.0,0.0,0.0,1.0,1.0,0.0,1.0,0.0,0.0,0.0,0.0,0.0,0.0,0.0,0.0,0.0,0.0,0.0,0.0,1.0,0.0
PP133,g1,3587,0,0.975,0.229954,0.196167,-0.953226,0.079527,0.187813,-0.97898,0.159,0.196,253.6,255.0,258.2,261.3,262.5,261.3,257.9,254.8,249.0,251.2,254.2,257.7,261.1,263.6,265.2,263.2,260.3,257.1,254.0,251.1,256.6,257.9,259.3,259.9,259.4,258.0,256.6,256.0,290.5,291.4,294.1,296.9,298.2,297.2,294.6,291.5,287.4,289.4,292.0,295.2,298.0,299.8,300.7,299.8,298.0,295.6,292.7,289.7,293.0,294.2,295.4,295.8,295.2,294.0,292.8,292.4,161.2,158.0,156.8,158.2,161.5,164.9,165.9,164.4,162.5,160.7,159.7,159.2,160.0,161.6,163.7,164.8,165.1,165.2,164.8,164.0,162.8,163.4,162.9,161.5,160.1,159.4,160.0,161.3,161.7,158.6,157.3,158.5,161.6,164.7,166.0,165.0,163.9,161.8,160.3,159.6,160.1,161.2,163.0,164.4,165.2,165.5,165.3,164.9,163.1,163.6,163.1,161.7,160.4,159.8,160.4,161.8,4.7,6.5,10.8,14.9,16.4,14.8,10.4,6.3,-1.3,1.6,5.5,10.2,14.7,18.0,20.2,17.4,13.6,9.4,5.2,1.5,8.6,10.4,12.3,13.1,12.4,10.6,8.8,8.0,55.6,57.1,60.9,65.0,66.8,65.4,61.5,57.1,51.4,54.1,57.7,62.3,66.4,69.4,71.2,69.3,66.5,62.8,58.7,54.5,59.3,61.1,62.8,63.4,62.6,60.8,59.1,58.5,-34.7,-38.9,-40.5,-38.6,-34.3,-29.8,-28.5,-30.4,-33.2,-35.3,-36.6,-37.1,-36.2,-34.2,-31.5,-30.0,-29.5,-29.3,-29.9,-31.1,-32.6,-31.8,-32.5,-34.3,-36.2,-37.1,-36.4,-34.5,-35.4,-39.7,-41.7,-40.1,-35.9,-31.6,-29.7,-30.9,-32.5,-35.3,-37.4,-38.4,-37.9,-36.6,-34.4,-32.2,-30.9,-30.3,-30.5,-31.0,-33.7,-33.0,-33.8,-35.7,-37.6,-38.3,-37.4,-35.5,514.5,515.1,515.5,515.6,515.2,514.9,514.2,514.1,518.3,515.9,513.8,513.0,513.9,515.5,517.3,515.5,513.7,513.1,513.9,515.9,515.3,515.4,515.6,515.8,516.0,516.0,515.8,515.5,536.8,537.9,539.7,541.2,541.6,540.6,538.7,537.3,537.0,536.4,536.4,537.7,540.6,544.3,547.7,544.3,540.9,538.3,536.9,536.7,539.1,539.7,540.5,541.0,540.8,540.2,539.4,538.9,41.6,-1.6,647.9,0.209,-0.237,0.055,226.4,226.2,227.3,229.4,234.0,241.4,250.8,261.8,272.6,281.0,286.9,292.4,297.3,301.1,303.9,306.0,306.8,239.7,246.9,256.0,264.9,272.8,287.3,293.7,299.7,305.3,308.3,279.9,280.9,282.1,283.2,270.8,275.3,279.8,283.6,286.9,248.9,254.5,260.7,265.4,260.3,254.1,287.4,292.4,297.6,300.9,297.9,292.7,260.1,268.4,275.0,278.5,282.2,286.1,288.8,285.7,281.6,277.7,273.7,267.5,263.2,274.3,278.0,281.6,286.8,281.6,277.9,274.1,161.3,173.0,184.7,196.1,206.8,216.2,224.0,229.9,231.3,229.1,222.5,214.4,205.3,195.3,184.9,174.3,163.4,154.1,149.5,148.6,150.2,153.5,153.4,150.5,149.1,150.1,154.5,162.3,170.0,177.6,185.5,190.5,192.1,193.4,192.2,190.6,162.4,159.6,159.8,163.8,165.1,165.0,164.0,160.0,160.1,162.9,165.3,165.4,205.8,203.4,202.0,203.1,202.0,203.6,205.8,210.8,212.9,213.4,213.0,210.9,206.1,205.8,206.1,205.7,206.2,207.0,207.6,207.2,-40.4,-40.9,-39.4,-35.8,-27.8,-14.9,1.4,20.1,38.5,53.9,65.6,76.7,86.3,93.2,98.0,101.6,103.0,-16.8,-5.0,9.6,23.9,36.4,60.7,71.9,83.1,94.0,100.6,48.4,49.6,51.0,52.4,33.6,40.8,48.0,54.6,60.3,-1.7,7.4,17.4,25.2,16.8,6.7,62.4,71.0,80.5,87.0,81.0,71.6,16.7,30.0,40.6,46.4,52.6,59.8,65.8,59.4,52.0,45.3,38.7,28.6,21.8,39.6,45.7,51.9,62.0,51.9,45.6,39.4,-44.8,-24.8,-4.8,14.9,33.5,49.7,62.8,72.2,74.9,72.2,62.2,48.7,32.5,14.3,-4.6,-24.0,-43.7,-54.4,-61.3,-62.6,-59.7,-54.5,-55.4,-61.0,-64.2,-63.5,-57.0,-40.8,-28.1,-15.7,-3.1,4.9,7.4,9.4,7.6,5.1,-41.0,-45.4,-45.1,-38.7,-36.6,-36.6,-39.3,-46.1,-46.3,-42.0,-37.6,-37.2,30.3,26.0,23.5,25.4,23.7,26.7,31.0,38.7,41.7,42.3,41.6,38.3,30.6,29.8,30.5,29.9,31.4,32.1,32.9,32.1,667.7,671.6,676.1,679.1,679.4,677.5,672.6,666.1,667.5,678.3,694.2,706.9,712.6,712.2,710.4,708.7,708.0,635.8,630.6,627.6,625.6,625.5,635.0,643.5,653.5,664.0,674.8,632.5,627.0,621.0,615.6,629.8,629.6,630.2,634.1,638.5,637.2,635.0,636.5,639.1,636.9,635.5,652.3,655.2,660.1,667.3,660.8,655.9,645.5,636.2,633.6,635.5,638.3,648.0,662.0,650.2,642.3,639.0,637.4,639.0,643.9,636.8,638.2,641.6,657.6,641.6,638.2,636.9,0.599,0.219,-0.314,0.072,274.971,186.351,-3.851,11.794,-13.558,15.057,3.687,-0.295,-3.541,1.841,4.125,-2.142,1.003,0.656,-0.221,-1.918,-0.126,-0.155,0.383,0.858,-0.547,-0.554,0.605,-0.378,-0.345,-0.512,0.312,0.002,0.159,0.067,-0.102,-0.01,-0.019,0.002,0.009,-0.007,0.07,0.0,0.0,1.01,0.0,0.0,0.0,0.0,0.0,0.66,0.0,0.0,0.0,0.0,0.0,0.0,0.0,0.0,1.0,0.0,1.0,0.0,0.0,0.0,0.0,0.0,0.0,0.0,0.0,0.0,0.0,0.0,0.0,1.0,0.0
PP133,g1,3593,0,0.975,0.231617,0.208482,-0.950205,0.074568,0.19902,-0.977154,0.158,0.208,254.1,255.5,258.7,261.8,262.9,261.7,258.3,255.2,249.5,251.7,254.7,258.3,261.6,264.1,265.7,263.6,260.8,257.6,254.4,251.6,257.0,258.4,259.8,260.4,259.9,258.5,257.1,256.5,291.0,292.0,294.7,297.5,298.8,297.8,295.1,292.0,287.9,289.9,292.6,295.8,298.5,300.3,301.3,300.3,298.5,296.1,293.2,290.2,293.5,294.8,295.9,296.4,295.8,294.6,293.4,293.0,161.8,158.7,157.5,158.9,162.2,165.6,166.6,165.1,163.1,161.4,160.3,159.9,160.7,162.3,164.4,165.5,165.8,165.8,165.4,164.6,163.4,164.1,163.6,162.2,160.8,160.1,160.6,162.0,162.5,159.5,158.2,159.4,162.4,165.5,166.8,165.8,164.7,162.6,161.1,160.4,160.9,162.0,163.8,165.2,166.0,166.3,166.2,165.8,163.9,164.4,163.9,162.5,161.2,160.7,161.2,162.6,5.4,7.3,11.5,15.6,17.1,15.5,11.0,6.9,-0.7,2.3,6.2,10.9,15.4,18.6,20.8,18.0,14.2,10.0,5.9,2.1,9.3,11.1,12.9,13.8,13.1,11.3,9.4,8.6,56.5,58.0,61.9,65.9,67.8,66.3,62.4,58.0,52.3,55.0,58.6,63.2,67.3,70.3,72.1,70.2,67.3,63.7,59.6,55.4,60.2,62.0,63.7,64.3,63.5,61.8,60.1,59.4,-33.9,-38.1,-39.7,-37.8,-33.4,-28.9,-27.6,-29.6,-32.5,-34.6,-35.8,-36.3,-35.3,-33.3,-30.6,-29.1,-28.6,-28.5,-29.1,-30.3,-31.8,-30.9,-31.6,-33.5,-35.4,-36.2,-35.5,-33.7,-34.4,-38.7,-40.6,-39.0,-34.8,-30.5,-28.6,-29.9,-31.5,-34.3,-36.3,-37.3,-36.8,-35.6,-33.3,-31.1,-29.9,-29.3,-29.4,-29.9,-32.6,-31.9,-32.8,-34.7,-36.5,-37.2,-36.4,-34.5,515.4,516.0,516.5,516.6,516.2,515.9,515.1,515.0,519.0,516.7,514.7,513.9,514.8,516.5,518.4,516.5,514.7,514.0,514.8,516.7,516.3,516.3,516.5,516.8,516.9,516.9,516.7,516.4,538.1,539.1,540.9,542.4,542.8,541.8,540.0,538.6,538.3,537.6,537.6,538.9,541.8,545.4,548.9,545.6,542.2,539.5,538.1,538.0,540.3,541.0,541.8,542.2,542.0,541.4,540.6,540.1,42.0,-0.9,650.3,0.23,-0.235,0.066,226.8,226.6,227.5,229.5,233.9,241.1,250.5,261.4,272.1,280.7,286.7,292.4,297.5,301.5,304.3,306.4,307.4,240.2,247.5,256.5,265.5,273.4,287.9,294.3,300.4,306.0,308.9,280.4,281.3,282.4,283.5,271.0,275.5,279.9,283.8,287.0,249.4,255.1,261.2,265.8,260.7,254.6,287.9,292.9,298.2,301.5,298.4,293.2,259.9,268.3,274.9,278.4,282.2,286.1,288.8,285.5,281.4,277.4,273.4,267.2,263.0,274.2,277.9,281.5,286.9,281.4,277.7,274.0,161.4,173.0,184.5,195.7,206.3,215.6,223.4,229.4,231.0,228.8,222.2,214.2,205.2,195.4,185.2,174.6,163.9,154.6,150.2,149.3,151.0,154.3,154.3,151.3,150.0,151.0,155.2,163.2,170.9,178.5,186.4,191.2,192.7,194.0,192.9,191.4,163.0,160.3,160.6,164.6,165.8,165.6,164.8,160.9,160.9,163.7,166.1,166.2,205.9,203.8,202.5,203.7,202.6,204.1,206.1,211.2,213.3,213.8,213.4,211.1,206.2,206.2,206.6,206.2,206.5,207.6,208.1,207.7,-39.8,-40.4,-39.1,-35.8,-28.2,-15.4,0.9,19.5,37.9,53.5,65.5,77.1,87.0,94.2,99.1,102.8,104.4,-16.0,-4.1,10.5,24.9,37.5,61.8,73.2,84.4,95.3,102.0,49.3,50.4,51.7,52.9,34.0,41.2,48.4,55.0,60.8,-1.0,8.2,18.3,26.0,17.6,7.5,63.5,72.1,81.6,88.1,82.1,72.7,16.4,29.9,40.6,46.5,52.8,60.1,66.1,59.4,51.9,45.1,38.4,28.2,21.5,39.6,45.7,52.0,62.4,51.9,45.5,39.2,-44.6,-24.9,-5.1,14.3,32.8,48.9,62.0,71.8,74.6,72.0,61.9,48.5,32.5,14.5,-4.3,-23.4,-43.0,-53.7,-60.4,-61.5,-58.5,-53.2,-54.1,-59.7,-62.9,-62.2,-55.9,-39.4,-26.7,-14.3,-1.8,5.9,8.5,10.6,8.8,6.4,-40.1,-44.4,-44.0,-37.6,-35.5,-35.7,-38.0,-44.8,-45.0,-40.7,-36.2,-35.9,30.6,26.7,24.4,26.4,24.8,27.6,31.6,39.6,42.7,43.2,42.4,38.8,31.0,30.7,31.4,30.9,32.1,33.1,33.8,33.0,669.4,673.3,677.9,681.1,681.7,680.1,675.5,669.3,670.7,681.4,697.1,709.6,715.2,714.9,713.3,711.7,711.1,637.2,631.9,628.9,626.7,626.6,636.2,644.7,654.7,665.3,676.1,633.9,628.7,623.0,617.8,632.1,632.1,632.7,636.4,640.7,638.8,636.4,637.9,640.6,638.4,637.0,653.8,656.5,661.4,668.7,662.2,657.4,648.3,639.1,636.4,638.2,641.0,650.8,664.9,653.3,645.4,642.2,640.5,642.2,646.8,639.6,641.0,644.4,660.7,644.4,641.1,639.9,0.597,0.24,-0.312,0.085,275.154,186.782,-2.86,10.187,-12.938,12.846,5.446,-0.968,-3.775,1.303,4.122,-0.61,1.015,0.975,0.258,-1.842,-0.358,-0.161,0.472,1.014,-0.79,-0.699,0.645,-0.359,-0.067,-0.296,0.335,-0.153,0.126,0.07,-0.089,0.005,-0.018,0.017,0.004,-0.01,0.0,0.0,0.0,1.02,0.0,0.0,0.0,0.0,0.0,0.28,0.0,0.0,0.0,0.0,0.0,0.0,0.0,0.0,1.0,0.0,1.0,0.0,0.0,0.0,0.0,0.0,0.0,0.0,0.0,0.0,0.0,0.0,0.0,1.0,0.0
PP133,g1,3599,0,0.975,0.232837,0.211054,-0.949338,0.074106,0.202143,-0.976548,0.158,0.211,254.6,256.0,259.2,262.3,263.4,262.2,258.8,255.7,250.0,252.2,255.2,258.8,262.1,264.6,266.1,264.1,261.3,258.1,255.0,252.1,257.5,258.9,260.3,260.9,260.4,259.0,257.6,257.0,291.5,292.5,295.1,297.9,299.2,298.2,295.6,292.5,288.4,290.4,293.0,296.2,299.0,300.8,301.7,300.7,299.0,296.6,293.7,290.7,294.0,295.2,296.4,296.8,296.2,295.0,293.8,293.4,161.7,158.5,157.4,158.8,162.1,165.5,166.4,165.0,162.9,161.2,160.2,159.8,160.6,162.2,164.3,165.4,165.7,165.7,165.3,164.4,163.3,164.0,163.4,162.1,160.6,160.0,160.5,161.9,162.4,159.3,158.0,159.2,162.2,165.3,166.6,165.6,164.5,162.4,160.9,160.2,160.7,161.8,163.5,165.0,165.8,166.1,166.0,165.6,163.7,164.2,163.7,162.3,161.0,160.5,161.1,162.4,6.0,7.9,12.2,16.3,17.8,16.2,11.7,7.6,0.0,2.9,6.9,11.6,16.0,19.3,21.5,18.7,14.9,10.7,6.5,2.8,10.0,11.8,13.6,14.4,13.8,12.0,10.1,9.3,57.3,58.8,62.7,66.8,68.6,67.1,63.2,58.8,53.1,55.8,59.4,64.0,68.1,71.1,72.9,71.1,68.2,64.6,60.4,56.3,61.1,62.8,64.5,65.2,64.4,62.6,60.9,60.3,-34.1,-38.3,-39.9,-38.0,-33.7,-29.1,-27.9,-29.8,-32.7,-34.8,-36.0,-36.5,-35.6,-33.6,-30.8,-29.3,-28.8,-28.7,-29.3,-30.6,-32.0,-31.2,-31.9,-33.7,-35.6,-36.5,-35.8,-33.9,-34.7,-39.1,-41.0,-39.4,-35.3,-30.9,-29.0,-30.3,-31.8,-34.7,-36.7,-37.7,-37.3,-36.0,-33.8,-31.6,-30.3,-29.7,-29.8,-30.3,-33.0,-32.3,-33.2,-35.1,-36.9,-37.6,-36.7,-34.8,516.4,517.0,517.5,517.7,517.3,517.0,516.2,516.1,520.1,517.7,515.7,515.0,515.9,517.7,519.5,517.7,515.8,515.1,515.8,517.7,517.4,517.4,517.6,517.9,518.0,518.0,517.8,517.5,540.0,541.0,542.8,544.3,544.7,543.8,542.0,540.5,540.3,539.6,539.5,540.8,543.7,547.4,550.8,547.5,544.1,541.5,540.1,539.9,542.3,542.9,543.7,544.1,544.0,543.3,542.5,542.1,42.9,-1.4,651.3,0.234,-0.237,0.066,227.3,227.0,227.9,229.9,234.3,241.5,251.0,261.9,272.6,281.1,287.2,292.9,298.0,302.0,304.8,306.9,307.8,240.7,247.9,257.0,265.9,273.8,288.4,294.8,300.8,306.4,309.4,280.8,281.8,282.9,283.9,271.5,276.0,280.4,284.3,287.6,249.9,255.6,261.7,266.3,261.2,255.1,288.4,293.4,298.6,301.9,298.9,293.6,260.6,268.9,275.5,279.1,282.8,286.7,289.4,286.2,282.1,278.1,274.1,267.9,263.7,274.8,278.5,282.2,287.5,282.1,278.4,274.6,161.2,172.7,184.1,195.1,205.6,214.9,222.7,228.7,230.4,228.2,221.7,213.8,204.9,195.1,184.8,174.2,163.4,154.5,150.1,149.2,150.9,154.2,154.1,151.1,149.8,150.8,155.0,163.1,170.7,178.3,186.1,190.9,192.5,193.7,192.6,191.1,162.8,160.2,160.4,164.4,165.6,165.5,164.6,160.7,160.7,163.5,165.9,166.0,205.6,203.5,202.2,203.3,202.3,203.7,205.7,210.7,212.8,213.3,212.9,210.7,205.9,205.9,206.3,205.9,206.1,207.1,207.7,207.2,-39.0,-39.6,-38.4,-35.1,-27.5,-14.8,1.7,20.4,38.9,54.4,66.5,78.0,88.0,95.3,100.3,103.9,105.5,-15.1,-3.3,11.2,25.6,38.2,62.6,74.0,85.3,96.2,102.9,50.1,51.2,52.5,53.8,34.9,42.1,49.3,55.9,61.7,-0.2,9.1,19.1,26.8,18.4,8.3,64.4,73.0,82.5,89.0,82.9,73.5,17.5,31.0,41.6,47.5,53.9,61.2,67.2,60.6,53.1,46.3,39.6,29.4,22.6,40.6,46.8,53.2,63.5,53.0,46.6,40.3,-45.1,-25.5,-5.9,13.3,31.7,47.7,60.9,70.7,73.7,71.1,61.1,47.9,31.9,13.9,-5.0,-24.2,-43.9,-54.0,-60.6,-61.8,-58.8,-53.6,-54.5,-60.1,-63.3,-62.6,-56.3,-39.6,-27.0,-14.7,-2.2,5.5,8.0,10.1,8.4,5.9,-40.4,-44.6,-44.2,-37.9,-35.8,-35.9,-38.3,-45.1,-45.4,-41.2,-36.7,-36.2,30.1,26.2,24.0,25.9,24.2,27.1,31.0,38.8,41.9,42.4,41.7,38.2,30.5,30.2,30.9,30.4,31.5,32.4,33.1,32.3,670.1,673.9,678.5,681.8,682.5,681.0,676.4,670.3,671.7,682.5,698.4,711.1,717.0,716.9,715.2,713.5,712.7,638.0,632.6,629.6,627.5,627.4,637.0,645.4,655.5,666.0,676.8,634.7,629.6,624.0,618.9,633.1,633.1,633.8,637.5,641.7,639.6,637.2,638.7,641.5,639.3,637.8,654.7,657.3,662.3,669.6,663.1,658.3,649.2,639.9,637.3,639.1,641.9,651.7,666.0,654.3,646.3,643.0,641.4,643.1,647.7,640.5,641.9,645.3,661.7,645.3,642.0,640.7,0.596,0.243,-0.316,0.085,275.673,186.459,-1.034,8.877,-13.391,11.846,5.1,-1.158,-3.57,1.886,4.038,-0.557,0.543,0.957,0.492,-1.937,-0.419,-0.151,0.407,0.737,-0.684,-0.833,0.561,-0.236,-0.178,-0.364,0.438,-0.147,0.08,0.067,-0.085,0.012,-0.021,0.019,0.004,-0.002,0.0,0.0,0.0,0.68,0.0,0.0,0.0,0.0,0.0,0.46,0.0,0.0,0.0,0.0,0.0,0.0,0.0,0.0,1.0,0.0,1.0,0.0,0.0,0.0,0.0,0.0,0.0,0.0,0.0,0.0,0.0,0.0,0.0,1.0,0.0
PP133,g1,3605,0,0.975,0.232619,0.202831,-0.951182,0.077999,0.193754,-0.977944,0.16,0.203,254.8,256.2,259.4,262.5,263.7,262.5,259.1,256.0,250.2,252.4,255.5,259.0,262.4,264.8,266.4,264.4,261.5,258.3,255.2,252.3,257.8,259.1,260.5,261.1,260.6,259.3,257.9,257.2,291.6,292.6,295.3,298.1,299.4,298.4,295.7,292.7,288.6,290.5,293.2,296.4,299.1,300.9,301.9,300.9,299.1,296.7,293.8,290.8,294.1,295.3,296.5,296.9,296.4,295.2,294.0,293.6,161.2,158.0,156.9,158.3,161.6,165.0,166.0,164.5,162.5,160.8,159.7,159.3,160.1,161.7,163.9,164.9,165.2,165.3,164.8,164.0,162.8,163.5,163.0,161.6,160.2,159.5,160.0,161.4,162.0,158.9,157.6,158.8,161.8,164.9,166.2,165.2,164.1,162.0,160.5,159.8,160.3,161.4,163.2,164.6,165.4,165.7,165.6,165.2,163.3,163.9,163.3,161.9,160.6,160.1,160.7,162.0,6.3,8.2,12.4,16.5,18.1,16.4,11.9,7.8,0.3,3.2,7.2,11.8,16.3,19.6,21.7,19.0,15.2,11.0,6.8,3.1,10.2,12.0,13.9,14.7,14.0,12.2,10.4,9.6,57.3,58.8,62.7,66.7,68.6,67.1,63.2,58.8,53.1,55.8,59.4,64.0,68.1,71.1,72.8,71.0,68.1,64.5,60.4,56.2,61.0,62.8,64.5,65.1,64.3,62.6,60.9,60.2,-34.6,-38.8,-40.4,-38.5,-34.2,-29.6,-28.4,-30.3,-33.2,-35.3,-36.6,-37.1,-36.1,-34.1,-31.3,-29.8,-29.3,-29.2,-29.8,-31.1,-32.5,-31.7,-32.4,-34.2,-36.1,-37.0,-36.3,-34.4,-35.2,-39.5,-41.4,-39.8,-35.6,-31.3,-29.4,-30.7,-32.2,-35.1,-37.2,-38.2,-37.7,-36.4,-34.1,-31.9,-30.6,-30.0,-30.2,-30.7,-33.4,-32.7,-33.6,-35.5,-37.3,-38.0,-37.1,-35.2,514.5,515.1,515.6,515.7,515.3,515.0,514.2,514.1,518.2,515.8,513.8,513.0,513.9,515.6,517.4,515.6,513.8,513.1,513.9,515.8,515.4,515.4,515.6,515.9,516.0,516.0,515.8,515.5,537.8,538.8,540.6,542.2,542.6,541.6,539.8,538.3,538.0,537.4,537.4,538.6,541.6,545.3,548.7,545.4,541.9,539.3,537.9,537.7,540.1,540.8,541.5,542.0,541.8,541.1,540.3,539.9,43.3,-1.8,650.4,0.222,-0.239,0.064,227.4,227.2,228.1,230.2,234.7,242.0,251.4,262.3,273.0,281.5,287.4,293.0,298.0,301.9,304.7,306.9,307.8,240.9,248.2,257.2,266.2,274.1,288.6,295.0,301.0,306.5,309.5,281.1,282.1,283.2,284.3,271.9,276.3,280.7,284.6,287.8,250.1,255.8,261.9,266.6,261.5,255.3,288.6,293.5,298.8,302.0,299.0,293.8,261.0,269.3,275.9,279.4,283.0,286.9,289.5,286.4,282.3,278.4,274.5,268.3,264.1,275.1,278.8,282.4,287.6,282.4,278.7,275.0,161.0,172.6,184.2,195.3,205.9,215.2,223.0,228.9,230.5,228.3,221.8,213.9,205.0,195.1,184.8,174.2,163.4,154.1,149.6,148.7,150.4,153.7,153.7,150.7,149.4,150.5,154.8,162.6,170.2,177.8,185.7,190.5,192.1,193.4,192.3,190.7,162.4,159.6,159.9,164.0,165.2,165.0,164.2,160.3,160.3,163.2,165.6,165.6,205.5,203.3,201.9,203.0,202.0,203.5,205.6,210.6,212.6,213.1,212.7,210.6,205.8,205.6,206.0,205.6,206.0,206.9,207.4,207.0,-38.8,-39.3,-38.0,-34.5,-26.8,-14.0,2.4,21.1,39.5,54.9,66.8,78.2,88.0,95.1,100.1,103.8,105.4,-14.9,-3.0,11.7,26.0,38.7,62.9,74.3,85.5,96.4,103.0,50.5,51.6,53.0,54.2,35.4,42.6,49.8,56.3,62.0,0.2,9.4,19.5,27.2,18.8,8.6,64.6,73.2,82.7,89.2,83.2,73.7,18.3,31.6,42.2,48.0,54.2,61.4,67.2,60.8,53.4,46.7,40.1,30.1,23.4,41.1,47.3,53.5,63.5,53.4,47.1,40.9,-45.4,-25.6,-5.8,13.7,32.2,48.2,61.3,70.9,73.8,71.2,61.2,48.0,32.0,13.9,-4.9,-24.2,-43.9,-54.6,-61.3,-62.5,-59.6,-54.3,-55.2,-60.7,-63.9,-63.2,-56.7,-40.5,-27.8,-15.4,-2.9,4.9,7.4,9.5,7.8,5.3,-41.1,-45.4,-45.0,-38.6,-36.5,-36.6,-39.0,-45.8,-46.1,-41.7,-37.2,-36.9,29.9,25.8,23.4,25.4,23.7,26.7,30.9,38.5,41.5,42.0,41.3,37.9,30.3,29.7,30.4,29.9,31.3,32.0,32.6,31.9,669.6,673.4,677.9,680.9,681.4,679.7,675.0,668.8,670.3,681.1,697.1,709.8,715.7,715.5,713.9,712.3,711.7,637.5,632.2,629.3,627.2,627.1,636.8,645.4,655.5,666.1,677.0,634.4,629.1,623.3,618.0,632.1,632.1,632.7,636.5,640.9,639.0,636.7,638.3,641.0,638.8,637.3,654.4,657.1,662.2,669.5,662.9,658.0,647.9,638.7,636.1,638.0,640.8,650.5,664.6,652.9,645.0,641.8,640.1,641.7,646.3,639.3,640.8,644.1,660.2,644.1,640.8,639.5,0.596,0.231,-0.318,0.082,275.923,186.237,-1.703,10.443,-13.834,13.41,4.98,-0.967,-3.335,1.646,4.172,-1.348,0.909,0.714,0.27,-1.801,-0.164,-0.21,0.579,0.806,-0.583,-0.655,0.559,-0.283,-0.281,-0.382,0.382,-0.072,0.114,0.067,-0.09,0.001,-0.022,0.01,0.005,-0.005,0.0,0.0,0.0,0.69,0.0,0.0,0.16,0.0,0.0,0.36,0.0,0.0,0.0,0.0,0.0,0.0,0.0,0.0,1.0,0.0,1.0,0.0,0.0,0.0,0.0,0.0,0.0,0.0,0.0,0.0,0.0,0.0,0.0,1.0,0.0
PP133,g1,3611,0,0.925,0.230893,0.198867,-0.952439,0.080724,0.189988,-0.978462,0.16,0.199,254.7,256.1,259.3,262.4,263.6,262.4,259.0,255.9,250.2,252.4,255.4,258.9,262.3,264.7,266.3,264.3,261.4,258.2,255.1,252.3,257.7,259.0,260.4,261.0,260.5,259.2,257.8,257.2,291.5,292.5,295.1,297.9,299.2,298.2,295.5,292.5,288.4,290.4,293.0,296.2,298.9,300.7,301.7,300.7,298.9,296.6,293.7,290.7,294.0,295.2,296.3,296.8,296.2,295.0,293.8,293.4,161.7,158.6,157.4,158.8,162.1,165.5,166.4,165.0,163.0,161.3,160.2,159.8,160.6,162.1,164.3,165.4,165.7,165.7,165.3,164.5,163.3,164.0,163.4,162.1,160.6,160.0,160.5,161.9,162.4,159.4,158.1,159.3,162.3,165.4,166.7,165.7,164.5,162.5,161.0,160.3,160.8,162.0,163.7,165.1,165.9,166.2,166.0,165.6,163.8,164.3,163.8,162.4,161.1,160.6,161.1,162.5,6.2,8.1,12.3,16.4,18.0,16.3,11.8,7.8,0.2,3.1,7.1,11.7,16.2,19.5,21.7,18.9,15.1,10.9,6.7,3.0,10.2,11.9,13.8,14.6,13.9,12.2,10.3,9.5,57.3,58.7,62.6,66.7,68.5,67.0,63.1,58.7,53.0,55.7,59.4,63.9,68.0,71.0,72.8,71.0,68.1,64.5,60.3,56.2,60.9,62.7,64.4,65.1,64.3,62.5,60.8,60.1,-34.1,-38.3,-39.9,-38.0,-33.6,-29.1,-27.8,-29.8,-32.6,-34.8,-36.0,-36.5,-35.6,-33.6,-30.8,-29.3,-28.8,-28.7,-29.3,-30.5,-32.0,-31.2,-31.9,-33.7,-35.6,-36.5,-35.7,-33.9,-34.6,-38.9,-40.8,-39.3,-35.1,-30.7,-28.8,-30.1,-31.7,-34.5,-36.6,-37.6,-37.1,-35.7,-33.5,-31.3,-30.1,-29.5,-29.6,-30.2,-32.8,-32.1,-33.0,-34.9,-36.7,-37.4,-36.6,-34.7,516.3,516.9,517.4,517.4,517.1,516.7,516.0,516.0,520.1,517.7,515.6,514.8,515.7,517.4,519.2,517.4,515.5,514.9,515.7,517.7,517.2,517.2,517.4,517.7,517.8,517.8,517.6,517.3,539.2,540.2,542.0,543.6,544.0,543.0,541.1,539.7,539.4,538.7,538.8,540.0,543.0,546.6,550.1,546.7,543.3,540.6,539.2,539.1,541.4,542.1,542.9,543.4,543.2,542.5,541.7,541.3,43.1,-0.6,648.2,0.213,-0.241,0.061,227.3,227.0,228.0,230.1,234.6,242.0,251.4,262.4,273.2,281.6,287.5,292.9,297.8,301.7,304.5,306.7,307.6,240.9,248.1,257.1,266.0,273.8,288.5,294.8,300.8,306.3,309.2,281.0,282.0,283.2,284.3,271.8,276.3,280.7,284.6,287.8,250.1,255.7,261.8,266.5,261.4,255.2,288.4,293.4,298.6,301.8,298.8,293.6,261.0,269.3,275.9,279.4,283.1,286.9,289.5,286.5,282.5,278.6,274.6,268.4,264.1,275.2,278.9,282.5,287.6,282.4,278.8,275.0,161.5,173.3,185.0,196.3,207.0,216.4,224.3,230.3,231.8,229.6,223.0,215.0,205.9,196.0,185.6,175.0,164.1,154.6,150.1,149.2,150.9,154.1,154.1,151.2,149.9,151.0,155.3,163.0,170.7,178.4,186.3,191.1,192.7,194.0,192.8,191.3,162.9,160.1,160.4,164.4,165.6,165.5,164.7,160.8,160.8,163.7,166.0,166.1,206.4,204.0,202.5,203.7,202.6,204.2,206.4,211.4,213.5,214.0,213.6,211.5,206.6,206.3,206.7,206.3,206.8,207.7,208.2,207.8,-38.8,-39.5,-38.1,-34.6,-26.8,-13.9,2.5,21.2,39.7,55.0,66.7,77.8,87.4,94.4,99.3,103.0,104.6,-14.9,-3.1,11.4,25.6,38.2,62.6,73.9,85.0,95.8,102.3,50.1,51.3,52.7,54.0,35.1,42.4,49.6,56.2,61.9,0.1,9.2,19.2,26.9,18.6,8.5,64.2,72.8,82.2,88.6,82.7,73.3,18.2,31.5,42.1,47.9,54.1,61.3,67.1,60.8,53.4,46.7,40.1,30.1,23.3,41.1,47.2,53.4,63.4,53.3,47.0,40.8,-44.4,-24.4,-4.4,15.2,33.9,50.2,63.4,72.9,75.7,73.1,63.1,49.8,33.6,15.5,-3.4,-22.7,-42.4,-53.5,-60.4,-61.6,-58.7,-53.4,-54.3,-59.8,-62.9,-62.1,-55.6,-39.7,-27.0,-14.5,-2.0,5.8,8.4,10.5,8.7,6.2,-40.1,-44.4,-44.1,-37.8,-35.6,-35.7,-38.1,-44.9,-45.1,-40.8,-36.3,-36.0,31.2,26.8,24.4,26.3,24.7,27.7,32.0,39.8,42.8,43.3,42.6,39.2,31.5,30.7,31.4,30.9,32.5,33.1,33.9,33.1,667.2,671.2,675.8,678.8,679.2,677.4,672.6,666.3,667.8,678.8,694.9,707.6,713.4,713.0,711.1,709.3,708.6,635.3,630.2,627.3,625.5,625.5,635.3,643.8,653.8,664.3,675.0,632.6,627.2,621.3,615.9,630.0,629.9,630.5,634.4,638.8,636.9,634.7,636.3,639.0,636.7,635.2,652.5,655.3,660.3,667.5,661.0,656.1,645.5,636.2,633.8,635.7,638.6,648.3,662.3,650.5,642.6,639.3,637.6,639.1,644.0,637.0,638.4,641.9,657.9,641.9,638.4,637.1,0.598,0.224,-0.32,0.079,275.872,186.936,-3.209,11.781,-13.684,14.543,3.426,-0.451,-3.252,2.195,4.18,-2.255,0.733,0.591,0.222,-1.992,-0.018,-0.067,0.505,0.938,-0.49,-0.618,0.651,-0.286,-0.35,-0.612,0.332,0.049,0.153,0.065,-0.097,-0.001,-0.017,-0.0,0.007,-0.005,0.0,0.0,0.0,0.98,0.0,0.0,0.0,0.0,0.0,0.34,0.0,0.0,0.0,0.0,0.0,0.0,0.0,0.0,1.0,0.0,1.0,0.0,0.0,0.0,0.0,0.0,0.0,0.0,0.0,0.0,0.0,0.0,0.0,1.0,0.0
PP133,g1,3617,0,0.925,0.229432,0.203072,-0.951905,0.078582,0.194203,-0.977809,0.158,0.203,254.4,255.8,259.0,262.1,263.3,262.1,258.7,255.6,249.9,252.0,255.0,258.6,262.0,264.4,266.0,264.0,261.1,257.9,254.8,251.9,257.4,258.7,260.1,260.7,260.2,258.9,257.5,256.8,291.2,292.2,294.9,297.7,299.0,298.0,295.3,292.3,288.2,290.2,292.8,296.0,298.7,300.5,301.5,300.5,298.7,296.4,293.5,290.5,293.7,295.0,296.1,296.6,296.0,294.8,293.6,293.2,162.2,159.1,157.9,159.3,162.6,166.0,167.0,165.5,163.5,161.8,160.7,160.3,161.1,162.7,164.8,165.9,166.2,166.2,165.9,165.0,163.8,164.5,164.0,162.6,161.1,160.5,161.0,162.4,162.9,159.8,158.5,159.7,162.7,165.8,167.1,166.1,165.0,162.9,161.4,160.7,161.2,162.3,164.1,165.5,166.3,166.6,166.5,166.1,164.2,164.8,164.2,162.8,161.5,161.0,161.5,162.9,5.8,7.7,11.9,16.0,17.5,15.9,11.4,7.3,-0.2,2.7,6.6,11.3,15.8,19.1,21.3,18.5,14.7,10.5,6.3,2.6,9.7,11.5,13.4,14.2,13.5,11.7,9.9,9.1,56.8,58.2,62.1,66.2,68.0,66.5,62.6,58.3,52.6,55.2,58.9,63.4,67.6,70.5,72.3,70.5,67.6,64.0,59.9,55.7,60.5,62.2,64.0,64.6,63.8,62.0,60.3,59.7,-33.4,-37.6,-39.2,-37.3,-32.9,-28.4,-27.1,-29.0,-31.9,-34.0,-35.3,-35.8,-34.8,-32.9,-30.1,-28.6,-28.1,-28.0,-28.5,-29.8,-31.3,-30.4,-31.1,-33.0,-34.9,-35.7,-35.0,-33.2,-33.9,-38.2,-40.2,-38.6,-34.4,-30.1,-28.2,-29.4,-31.0,-33.8,-35.9,-36.9,-36.4,-35.1,-32.9,-30.7,-29.4,-28.8,-29.0,-29.5,-32.2,-31.5,-32.3,-34.2,-36.0,-36.7,-35.9,-34.0,515.5,516.1,516.5,516.6,516.2,515.9,515.2,515.2,519.3,516.9,514.8,514.0,514.9,516.5,518.4,516.5,514.7,514.1,514.9,516.9,516.4,516.4,516.6,516.8,517.0,517.0,516.8,516.5,537.8,538.8,540.6,542.2,542.6,541.6,539.8,538.3,538.0,537.4,537.4,538.6,541.6,545.2,548.7,545.4,541.9,539.3,537.9,537.7,540.1,540.8,541.6,542.0,541.8,541.1,540.3,539.9,42.6,0.2,647.6,0.219,-0.238,0.06,227.0,226.8,227.8,229.9,234.4,241.8,251.2,262.2,273.0,281.5,287.4,292.8,297.8,301.7,304.5,306.6,307.6,240.5,247.7,256.8,265.7,273.5,288.2,294.5,300.6,306.1,309.1,280.7,281.7,282.9,284.0,271.5,276.0,280.5,284.3,287.6,249.8,255.4,261.5,266.2,261.1,254.9,288.2,293.1,298.4,301.7,298.6,293.4,260.6,269.0,275.6,279.1,282.8,286.7,289.4,286.3,282.2,278.3,274.4,268.1,263.7,274.9,278.6,282.2,287.4,282.2,278.6,274.8,161.9,173.6,185.3,196.6,207.4,216.8,224.7,230.7,232.2,230.0,223.3,215.2,206.1,196.2,185.8,175.2,164.3,155.1,150.6,149.7,151.5,154.7,154.7,151.7,150.4,151.4,155.6,163.5,171.3,179.0,186.9,191.7,193.3,194.6,193.4,191.8,163.4,160.7,160.9,164.9,166.2,166.0,165.1,161.2,161.2,164.0,166.4,166.5,206.8,204.6,203.2,204.3,203.2,204.7,206.7,211.8,213.9,214.4,214.0,211.9,207.1,207.0,207.3,206.9,207.2,208.1,208.7,208.3,-39.2,-39.9,-38.5,-35.0,-27.2,-14.3,2.1,20.8,39.3,54.7,66.5,77.6,87.2,94.2,99.1,102.7,104.3,-15.4,-3.6,10.9,25.1,37.6,62.0,73.3,84.5,95.3,101.9,49.6,50.8,52.2,53.5,34.6,41.9,49.1,55.7,61.4,-0.4,8.7,18.7,26.4,18.1,8.0,63.7,72.3,81.7,88.1,82.2,72.8,17.5,31.0,41.6,47.4,53.6,60.8,66.8,60.4,53.0,46.3,39.8,29.6,22.6,40.6,46.7,52.9,63.0,52.9,46.6,40.4,-43.7,-23.8,-3.8,15.8,34.5,50.8,64.1,73.7,76.5,73.8,63.7,50.1,34.0,15.8,-3.1,-22.3,-42.0,-52.6,-59.4,-60.6,-57.6,-52.4,-53.3,-58.8,-62.0,-61.3,-55.0,-38.8,-26.0,-13.5,-0.9,6.8,9.4,11.5,9.6,7.1,-39.2,-43.5,-43.2,-36.9,-34.7,-34.8,-37.3,-44.1,-44.3,-40.0,-35.6,-35.2,31.9,27.8,25.4,27.4,25.7,28.5,32.6,40.4,43.4,44.0,43.3,40.0,32.3,31.7,32.4,31.8,33.1,33.8,34.6,33.8,666.8,670.9,675.6,678.7,679.2,677.4,672.7,666.3,667.8,678.7,694.7,707.3,712.9,712.3,710.3,708.4,707.5,634.6,629.3,626.4,624.5,624.4,634.1,642.6,652.6,663.1,673.9,631.6,626.3,620.4,615.1,629.4,629.3,629.9,633.8,638.2,636.2,634.0,635.5,638.2,636.0,634.5,651.6,654.3,659.3,666.5,660.1,655.2,645.4,636.1,633.5,635.4,638.2,647.9,662.1,650.1,642.2,638.9,637.2,638.9,643.8,636.7,638.2,641.6,657.7,641.4,638.0,636.7,0.599,0.232,-0.316,0.078,275.632,187.398,-2.87,11.847,-13.581,14.405,3.395,0.152,-3.656,2.091,4.188,-2.161,0.72,0.773,-0.128,-2.2,-0.111,-0.132,0.473,0.901,-0.463,-0.654,0.708,-0.431,-0.406,-0.507,0.236,0.055,0.146,0.064,-0.108,-0.004,-0.018,-0.002,0.01,-0.008,0.27,0.0,0.0,1.13,0.0,0.0,0.0,0.0,0.0,0.43,0.0,0.0,0.0,0.0,0.0,0.07,0.0,0.0,1.0,0.0,1.0,0.0,0.0,0.0,0.0,0.0,0.0,0.0,0.0,0.0,0.0,0.0,0.0,1.0,0.0
PP133,g1,3623,0,0.925,0.229504,0.206817,-0.951081,0.076725,0.197392,-0.977318,0.157,0.207,253.9,255.3,258.5,261.6,262.8,261.6,258.2,255.1,249.4,251.6,254.6,258.1,261.5,263.9,265.5,263.5,260.6,257.4,254.3,251.4,256.9,258.2,259.6,260.3,259.7,258.4,257.0,256.4,290.9,291.9,294.6,297.4,298.6,297.7,295.0,291.9,287.8,289.8,292.5,295.7,298.4,300.2,301.2,300.2,298.4,296.0,293.1,290.1,293.4,294.6,295.8,296.2,295.7,294.4,293.3,292.8,162.5,159.4,158.2,159.7,162.9,166.4,167.3,165.8,163.8,162.1,161.1,160.6,161.4,163.0,165.2,166.2,166.5,166.6,166.2,165.3,164.2,164.8,164.3,162.9,161.5,160.8,161.4,162.7,163.3,160.2,158.9,160.1,163.2,166.3,167.6,166.6,165.4,163.3,161.9,161.2,161.7,162.8,164.5,166.0,166.7,167.0,166.9,166.5,164.7,165.2,164.6,163.3,161.9,161.4,162.0,163.3,5.1,7.0,11.3,15.4,16.9,15.3,10.8,6.7,-0.8,2.1,6.0,10.7,15.1,18.4,20.6,17.8,14.0,9.8,5.6,1.9,9.1,10.9,12.7,13.6,12.9,11.1,9.2,8.4,56.3,57.8,61.7,65.7,67.5,66.0,62.1,57.7,52.1,54.7,58.4,63.0,67.1,70.1,71.9,70.0,67.1,63.5,59.3,55.2,60.0,61.7,63.5,64.1,63.3,61.5,59.8,59.2,-32.9,-37.1,-38.7,-36.8,-32.4,-27.9,-26.6,-28.6,-31.5,-33.6,-34.8,-35.3,-34.3,-32.3,-29.6,-28.1,-27.6,-27.5,-28.1,-29.3,-30.8,-30.0,-30.7,-32.5,-34.4,-35.3,-34.5,-32.7,-33.3,-37.6,-39.6,-38.0,-33.8,-29.4,-27.5,-28.8,-30.4,-33.2,-35.3,-36.3,-35.8,-34.5,-32.2,-30.1,-28.8,-28.2,-28.4,-28.9,-31.6,-30.9,-31.7,-33.6,-35.4,-36.1,-35.3,-33.4,514.9,515.5,515.9,516.0,515.6,515.3,514.6,514.5,518.6,516.2,514.2,513.4,514.3,515.9,517.8,515.9,514.1,513.5,514.3,516.2,515.8,515.8,516.0,516.2,516.4,516.4,516.2,515.9,537.6,538.6,540.4,542.0,542.4,541.4,539.6,538.1,537.9,537.2,537.2,538.4,541.3,545.0,548.4,545.1,541.7,539.1,537.7,537.5,539.9,540.5,541.3,541.8,541.6,540.9,540.1,539.7,41.7,0.8,647.3,0.226,-0.237,0.066,226.6,226.4,227.3,229.3,233.8,241.1,250.4,261.4,272.1,280.7,286.7,292.2,297.3,301.2,304.1,306.3,307.2,240.1,247.4,256.4,265.3,273.2,287.8,294.2,300.3,305.8,308.8,280.3,281.3,282.4,283.4,270.9,275.4,279.9,283.8,287.0,249.2,254.9,261.0,265.7,260.6,254.4,287.8,292.8,298.1,301.3,298.3,293.0,259.8,268.2,274.9,278.5,282.2,286.1,288.8,285.6,281.5,277.5,273.5,267.2,262.9,274.2,277.9,281.6,286.9,281.5,277.8,274.0,162.1,173.8,185.4,196.7,207.4,216.9,224.8,230.9,232.5,230.3,223.6,215.5,206.4,196.5,186.2,175.6,164.7,155.3,150.9,150.1,151.8,155.1,155.1,152.1,150.8,151.8,156.0,164.0,171.7,179.4,187.4,192.1,193.7,195.0,193.9,192.3,163.7,161.0,161.3,165.3,166.5,166.3,165.5,161.6,161.7,164.5,166.9,166.9,207.0,204.9,203.5,204.7,203.6,205.1,207.1,212.3,214.5,215.0,214.6,212.3,207.4,207.3,207.7,207.3,207.6,208.7,209.2,208.8,-39.8,-40.5,-39.3,-35.9,-28.2,-15.5,0.7,19.4,37.8,53.3,65.2,76.4,86.2,93.4,98.3,102.0,103.6,-16.1,-4.3,10.3,24.5,37.0,61.4,72.7,83.9,94.7,101.3,48.9,50.1,51.4,52.6,33.7,40.9,48.1,54.7,60.5,-1.2,7.9,17.9,25.6,17.2,7.2,63.0,71.6,81.1,87.5,81.5,72.1,16.2,29.7,40.4,46.3,52.6,59.9,65.8,59.3,51.8,45.0,38.4,28.1,21.3,39.4,45.6,51.8,62.1,51.7,45.4,39.1,-43.3,-23.5,-3.6,15.9,34.6,50.9,64.2,74.1,76.9,74.3,64.2,50.6,34.5,16.4,-2.4,-21.6,-41.2,-52.3,-58.9,-60.0,-57.0,-51.7,-52.5,-58.1,-61.2,-60.6,-54.3,-38.0,-25.3,-12.8,-0.2,7.4,10.0,12.1,10.3,7.8,-38.7,-43.0,-42.6,-36.3,-34.2,-34.3,-36.6,-43.3,-43.5,-39.3,-34.8,-34.5,32.3,28.3,26.0,28.0,26.3,29.2,33.3,41.3,44.4,44.9,44.1,40.6,32.7,32.3,33.0,32.4,33.8,34.7,35.5,34.7,666.2,670.3,675.1,678.4,678.9,677.3,672.6,666.3,667.7,678.6,694.4,707.0,712.5,711.9,709.9,708.0,707.1,634.1,628.8,625.8,623.9,623.8,633.5,641.9,651.9,662.4,673.2,631.0,625.7,620.0,614.7,629.1,629.0,629.6,633.4,637.8,635.8,633.5,635.0,637.7,635.5,634.0,651.0,653.8,658.7,665.9,659.5,654.7,645.4,636.0,633.3,635.2,638.0,647.8,662.0,650.3,642.3,639.0,637.3,639.0,643.8,636.6,638.0,641.4,657.8,641.4,638.0,636.7,0.599,0.238,-0.314,0.083,275.081,187.755,-3.578,11.273,-12.811,14.208,3.935,-0.285,-3.901,2.129,4.244,-1.64,0.971,0.754,-0.074,-2.017,-0.284,-0.168,0.442,0.92,-0.605,-0.731,0.671,-0.38,-0.18,-0.443,0.269,-0.007,0.159,0.057,-0.096,-0.001,-0.016,0.006,0.008,-0.009,0.27,0.0,0.0,1.12,0.0,0.0,0.0,0.0,0.0,0.44,0.0,0.0,0.0,0.0,0.0,0.0,0.0,0.0,1.0,0.0,1.0,0.0,0.0,0.0,0.0,0.0,0.0,0.0,0.0,0.0,0.0,0.0,0.0,1.0,0.0
PP133,g1,3629,0,0.925,0.227441,0.203901,-0.952205,0.076536,0.194659,-0.97788,0.156,0.204,253.9,255.4,258.6,261.7,262.8,261.6,258.2,255.1,249.4,251.6,254.6,258.1,261.5,264.0,265.6,263.5,260.7,257.5,254.3,251.5,256.9,258.3,259.7,260.3,259.8,258.4,257.0,256.4,290.9,291.9,294.6,297.4,298.7,297.7,295.0,292.0,287.8,289.8,292.5,295.7,298.4,300.3,301.2,300.2,298.4,296.0,293.1,290.1,293.4,294.7,295.8,296.3,295.7,294.5,293.3,292.9,162.5,159.3,158.1,159.6,162.9,166.3,167.2,165.8,163.8,162.0,161.0,160.6,161.3,162.9,165.1,166.1,166.4,166.5,166.1,165.2,164.1,164.7,164.2,162.8,161.4,160.8,161.3,162.7,163.2,160.1,158.8,160.0,163.1,166.2,167.5,166.5,165.3,163.2,161.8,161.1,161.6,162.7,164.5,165.9,166.7,167.0,166.8,166.4,164.6,165.1,164.5,163.2,161.9,161.3,161.9,163.2,5.2,7.1,11.3,15.4,16.9,15.3,10.8,6.7,-0.8,2.1,6.0,10.7,15.1,18.4,20.6,17.9,14.0,9.8,5.7,1.9,9.1,10.9,12.8,13.6,12.9,11.1,9.3,8.4,56.3,57.7,61.6,65.7,67.5,66.0,62.1,57.7,52.0,54.7,58.4,62.9,67.0,70.0,71.8,70.0,67.1,63.4,59.3,55.2,59.9,61.7,63.4,64.1,63.3,61.5,59.8,59.2,-32.9,-37.2,-38.8,-36.8,-32.5,-28.0,-26.7,-28.6,-31.5,-33.6,-34.9,-35.4,-34.4,-32.4,-29.7,-28.2,-27.7,-27.6,-28.1,-29.4,-30.9,-30.0,-30.7,-32.6,-34.5,-35.3,-34.6,-32.8,-33.4,-37.7,-39.6,-38.0,-33.8,-29.5,-27.6,-28.9,-30.5,-33.3,-35.4,-36.3,-35.8,-34.5,-32.3,-30.1,-28.9,-28.3,-28.4,-29.0,-31.6,-30.9,-31.8,-33.7,-35.5,-36.2,-35.4,-33.5,514.4,515.0,515.4,515.4,515.1,514.8,514.1,514.0,518.1,515.7,513.7,512.8,513.7,515.4,517.2,515.4,513.6,513.0,513.8,515.8,515.2,515.3,515.5,515.7,515.9,515.8,515.6,515.4,536.9,537.9,539.7,541.2,541.6,540.6,538.8,537.4,537.1,536.4,536.4,537.7,540.6,544.3,547.7,544.4,541.0,538.3,536.9,536.8,539.1,539.8,540.6,541.0,540.9,540.2,539.4,539.0,41.8,0.8,646.6,0.221,-0.235,0.063,226.6,226.4,227.4,229.5,234.0,241.3,250.7,261.7,272.5,281.0,286.9,292.4,297.4,301.3,304.1,306.3,307.3,239.9,247.2,256.3,265.3,273.2,287.9,294.3,300.3,305.9,308.8,280.3,281.3,282.5,283.5,271.0,275.5,280.0,283.9,287.2,249.3,254.9,261.1,265.8,260.6,254.4,287.8,292.8,298.1,301.4,298.3,293.1,260.1,268.5,275.1,278.6,282.3,286.2,288.9,285.7,281.6,277.7,273.7,267.5,263.2,274.3,278.0,281.7,286.9,281.6,278.0,274.2,162.1,173.8,185.5,196.8,207.6,217.0,225.0,231.0,232.6,230.3,223.6,215.5,206.4,196.5,186.2,175.6,164.7,155.5,151.0,150.1,151.8,155.1,155.1,152.2,150.8,151.8,156.1,163.9,171.7,179.4,187.4,192.1,193.7,195.0,193.8,192.2,163.7,160.9,161.2,165.2,166.4,166.3,165.5,161.5,161.6,164.4,166.8,166.8,207.1,205.0,203.6,204.8,203.7,205.2,207.2,212.3,214.4,214.9,214.5,212.3,207.4,207.3,207.7,207.3,207.6,208.6,209.2,208.7,-40.0,-40.5,-39.1,-35.6,-27.8,-15.0,1.2,19.9,38.3,53.7,65.6,76.7,86.3,93.4,98.3,102.0,103.6,-16.4,-4.6,10.0,24.4,37.0,61.4,72.7,83.9,94.8,101.3,49.0,50.1,51.5,52.7,33.8,41.0,48.3,54.9,60.6,-1.2,8.0,18.0,25.7,17.3,7.2,63.0,71.6,81.1,87.5,81.5,72.1,16.7,30.0,40.6,46.4,52.6,59.9,65.8,59.3,51.9,45.3,38.7,28.5,21.8,39.6,45.7,51.9,62.1,51.9,45.6,39.4,-43.4,-23.5,-3.5,16.1,34.8,51.2,64.5,74.2,77.0,74.3,64.2,50.7,34.5,16.4,-2.3,-21.5,-41.2,-52.0,-58.8,-60.0,-57.0,-51.6,-52.5,-58.0,-61.2,-60.5,-54.1,-38.1,-25.3,-12.8,-0.2,7.4,10.0,12.1,10.3,7.7,-38.8,-43.1,-42.7,-36.4,-34.3,-34.4,-36.7,-43.4,-43.6,-39.4,-34.9,-34.6,32.4,28.4,26.1,28.0,26.4,29.3,33.3,41.2,44.2,44.7,44.0,40.5,32.8,32.3,33.0,32.4,33.8,34.6,35.3,34.5,666.2,670.4,675.1,678.2,678.6,676.8,672.0,665.5,666.9,677.8,693.7,706.3,711.8,711.2,709.2,707.3,706.5,634.0,628.5,625.4,623.3,623.1,632.9,641.4,651.4,662.0,673.0,630.3,625.0,619.1,613.8,628.3,628.2,628.7,632.5,637.0,635.3,633.0,634.6,637.2,635.1,633.6,650.5,653.3,658.2,665.4,659.0,654.1,644.5,635.2,632.6,634.5,637.2,646.9,661.0,649.2,641.4,638.1,636.4,638.1,642.9,635.8,637.2,640.6,656.7,640.5,637.1,635.9,0.6,0.234,-0.312,0.08,275.182,187.763,-2.33,12.011,-13.103,14.92,4.131,0.1,-3.769,2.061,4.836,-1.971,0.816,0.601,0.11,-1.965,-0.072,-0.212,0.531,1.091,-0.728,-0.578,0.684,-0.413,-0.224,-0.569,0.289,0.054,0.155,0.068,-0.092,-0.002,-0.019,0.001,0.009,-0.009,0.0,0.0,0.0,1.18,0.0,0.0,0.0,0.0,0.0,0.64,0.0,0.0,0.0,0.0,0.0,0.0,0.0,0.0,1.0,0.0,1.0,0.0,0.0,0.0,0.0,0.0,0.0,0.0,0.0,0.0,0.0,0.0,0.0,1.0,0.0
PP133,g1,3635,0,0.925,0.229056,0.203192,-0.95197,0.079727,0.194044,-0.977748,0.159,0.203,254.3,255.7,258.9,261.9,263.1,261.9,258.5,255.4,249.8,251.9,254.9,258.4,261.8,264.3,265.9,263.8,261.0,257.8,254.7,251.8,257.2,258.6,260.0,260.6,260.1,258.7,257.3,256.7,291.1,292.1,294.8,297.6,298.8,297.8,295.2,292.1,288.1,290.0,292.7,295.9,298.6,300.4,301.3,300.3,298.6,296.2,293.3,290.3,293.6,294.8,296.0,296.4,295.9,294.6,293.5,293.0,162.5,159.4,158.2,159.7,162.9,166.3,167.3,165.8,163.8,162.1,161.1,160.6,161.4,163.0,165.1,166.2,166.5,166.5,166.1,165.3,164.2,164.8,164.3,162.9,161.5,160.8,161.4,162.7,163.2,160.2,158.9,160.1,163.1,166.2,167.5,166.5,165.3,163.3,161.8,161.1,161.7,162.8,164.5,165.9,166.7,167.0,166.8,166.4,164.6,165.1,164.6,163.2,161.9,161.4,161.9,163.3,5.6,7.5,11.8,15.8,17.4,15.8,11.3,7.2,-0.3,2.6,6.5,11.1,15.6,18.9,21.1,18.4,14.5,10.3,6.2,2.4,9.6,11.4,13.2,14.1,13.4,11.6,9.7,8.9,56.8,58.3,62.2,66.2,68.1,66.6,62.6,58.3,52.6,55.3,58.9,63.5,67.6,70.6,72.4,70.5,67.6,64.0,59.9,55.7,60.5,62.3,64.0,64.6,63.8,62.1,60.3,59.7,-33.0,-37.3,-38.9,-37.0,-32.6,-28.1,-26.8,-28.7,-31.6,-33.7,-35.0,-35.5,-34.5,-32.5,-29.8,-28.3,-27.8,-27.7,-28.2,-29.5,-31.0,-30.1,-30.8,-32.7,-34.6,-35.4,-34.7,-32.9,-33.5,-37.8,-39.8,-38.2,-34.0,-29.6,-27.7,-29.0,-30.6,-33.4,-35.5,-36.5,-35.9,-34.7,-32.4,-30.3,-29.0,-28.4,-28.6,-29.1,-31.8,-31.1,-31.9,-33.8,-35.6,-36.3,-35.5,-33.6,517.3,517.8,518.3,518.4,518.0,517.7,517.0,516.9,521.0,518.6,516.6,515.7,516.6,518.3,520.1,518.3,516.5,515.9,516.7,518.6,518.1,518.2,518.4,518.6,518.8,518.7,518.5,518.3,539.6,540.7,542.5,544.0,544.4,543.4,541.6,540.2,539.9,539.2,539.2,540.5,543.4,547.1,550.5,547.2,543.7,541.1,539.7,539.5,541.9,542.6,543.4,543.8,543.7,543.0,542.2,541.7,42.3,0.8,647.2,0.219,-0.239,0.062,226.8,226.6,227.5,229.6,234.1,241.5,250.9,261.9,272.8,281.3,287.2,292.7,297.6,301.4,304.2,306.4,307.3,240.4,247.6,256.7,265.6,273.5,288.1,294.4,300.4,306.0,308.9,280.6,281.6,282.8,283.9,271.3,275.8,280.3,284.2,287.4,249.6,255.2,261.4,266.0,260.9,254.8,288.0,293.0,298.3,301.5,298.5,293.3,260.4,268.8,275.4,279.0,282.6,286.5,289.2,286.1,282.0,278.1,274.1,267.9,263.6,274.7,278.4,282.0,287.3,282.0,278.3,274.6,162.2,173.9,185.5,196.8,207.5,217.0,225.0,231.1,232.7,230.4,223.7,215.6,206.5,196.6,186.2,175.7,164.8,155.5,151.0,150.1,151.8,155.1,155.1,152.1,150.8,151.8,156.1,163.9,171.6,179.3,187.3,192.1,193.6,195.0,193.8,192.2,163.7,161.0,161.3,165.2,166.5,166.3,165.5,161.6,161.7,164.4,166.8,166.8,207.2,204.9,203.6,204.7,203.6,205.1,207.2,212.3,214.4,214.9,214.5,212.3,207.5,207.3,207.7,207.3,207.6,208.6,209.1,208.7,-39.5,-40.1,-38.8,-35.4,-27.6,-14.8,1.5,20.4,38.9,54.4,66.2,77.2,86.8,93.7,98.6,102.2,103.8,-15.6,-3.8,10.8,25.0,37.6,61.8,73.0,84.2,95.0,101.6,49.4,50.6,52.0,53.3,34.4,41.6,48.8,55.4,61.1,-0.6,8.5,18.5,26.2,17.8,7.8,63.4,72.0,81.4,87.8,81.9,72.5,17.2,30.6,41.2,47.1,53.3,60.5,66.4,60.0,52.6,45.9,39.3,29.2,22.3,40.2,46.4,52.6,62.7,52.5,46.3,40.0,-43.2,-23.4,-3.5,16.1,34.8,51.2,64.6,74.3,77.2,74.5,64.4,50.8,34.6,16.5,-2.3,-21.5,-41.1,-52.0,-58.8,-60.0,-57.0,-51.7,-52.6,-58.1,-61.3,-60.6,-54.1,-38.2,-25.4,-13.0,-0.4,7.3,9.9,12.0,10.2,7.7,-38.7,-43.0,-42.6,-36.4,-34.2,-34.3,-36.7,-43.4,-43.6,-39.3,-35.0,-34.6,32.5,28.4,26.0,28.0,26.3,29.2,33.4,41.2,44.2,44.7,44.0,40.6,32.9,32.3,33.0,32.4,33.9,34.6,35.3,34.5,666.4,670.5,675.2,678.3,678.7,677.0,672.2,665.8,667.3,678.4,694.4,707.1,712.7,712.1,710.0,708.0,707.2,634.2,628.9,626.0,624.1,624.1,633.8,642.3,652.3,662.9,673.7,631.2,625.8,620.0,614.6,629.0,628.9,629.5,633.3,637.8,635.8,633.6,635.2,637.9,635.7,634.1,651.3,654.1,659.0,666.2,659.8,654.9,644.9,635.5,633.0,635.0,637.8,647.5,661.7,649.8,641.9,638.5,636.8,638.4,643.3,636.2,637.7,641.1,657.3,641.1,637.6,636.3,0.599,0.232,-0.317,0.08,275.461,187.772,-2.556,12.051,-13.462,14.631,3.015,-0.157,-3.627,2.291,4.62,-1.859,0.752,0.441,-0.184,-2.125,-0.144,-0.108,0.427,1.129,-0.527,-0.674,0.68,-0.274,-0.192,-0.587,0.292,0.044,0.154,0.064,-0.103,-0.006,-0.025,-0.004,0.006,-0.006,0.59,0.0,0.0,1.08,0.0,0.0,0.0,0.0,0.0,0.4,0.0,0.0,0.0,0.0,0.0,0.0,0.0,1.0,1.0,0.0,1.0,0.0,0.0,0.0,0.0,0.0,0.0,0.0,0.0,0.0,0.0,0.0,0.0,1.0,0.0
PP133,g1,3641,0,0.925,0.229269,0.203551,-0.951842,0.07963,0.193653,-0.977833,0.159,0.203,254.4,255.8,259.0,262.1,263.2,262.0,258.6,255.5,249.9,252.0,255.0,258.6,261.9,264.4,266.0,263.9,261.1,257.9,254.8,251.9,257.3,258.7,260.1,260.7,260.2,258.8,257.5,256.8,291.2,292.2,294.8,297.6,298.9,297.9,295.2,292.2,288.1,290.1,292.7,295.9,298.6,300.4,301.4,300.4,298.6,296.2,293.4,290.4,293.7,294.9,296.0,296.5,295.9,294.7,293.5,293.1,162.5,159.3,158.1,159.6,162.9,166.3,167.2,165.7,163.7,162.0,161.0,160.6,161.4,162.9,165.1,166.1,166.4,166.5,166.1,165.2,164.1,164.7,164.2,162.8,161.4,160.8,161.3,162.7,163.3,160.2,158.9,160.2,163.2,166.3,167.6,166.6,165.4,163.3,161.9,161.2,161.7,162.8,164.6,166.0,166.7,167.0,166.9,166.5,164.7,165.2,164.6,163.3,162.0,161.4,162.0,163.3,5.8,7.7,11.9,16.0,17.6,15.9,11.4,7.3,-0.2,2.7,6.7,11.3,15.8,19.1,21.3,18.5,14.7,10.4,6.3,2.6,9.7,11.5,13.4,14.2,13.5,11.7,9.9,9.1,56.9,58.4,62.3,66.3,68.1,66.6,62.7,58.3,52.7,55.3,59.0,63.6,67.7,70.6,72.4,70.6,67.7,64.1,59.9,55.8,60.6,62.3,64.0,64.7,63.9,62.1,60.4,59.8,-33.1,-37.4,-39.0,-37.0,-32.7,-28.1,-26.9,-28.8,-31.7,-33.8,-35.1,-35.6,-34.6,-32.6,-29.9,-28.4,-27.9,-27.8,-28.3,-29.6,-31.1,-30.2,-30.9,-32.7,-34.6,-35.5,-34.8,-33.0,-33.5,-37.8,-39.7,-38.1,-33.9,-29.5,-27.7,-29.0,-30.6,-33.4,-35.4,-36.4,-35.9,-34.5,-32.3,-30.1,-28.9,-28.3,-28.5,-29.0,-31.7,-31.0,-31.8,-33.7,-35.5,-36.2,-35.4,-33.5,517.4,517.9,518.4,518.4,518.1,517.8,517.1,517.0,521.1,518.7,516.6,515.8,516.7,518.4,520.2,518.4,516.6,515.9,516.7,518.7,518.2,518.2,518.4,518.7,518.8,518.8,518.6,518.4,539.7,540.7,542.5,544.1,544.5,543.5,541.6,540.2,539.9,539.2,539.2,540.5,543.4,547.1,550.6,547.2,543.8,541.1,539.7,539.6,541.9,542.6,543.4,543.9,543.7,543.0,542.2,541.8,42.3,0.8,647.3,0.22,-0.24,0.066,226.9,226.6,227.5,229.6,234.0,241.4,250.8,261.8,272.7,281.2,287.1,292.5,297.4,301.4,304.2,306.4,307.4,240.6,247.8,256.8,265.7,273.6,288.2,294.6,300.6,306.1,309.0,280.7,281.7,282.8,283.9,271.3,275.8,280.3,284.2,287.4,249.7,255.4,261.5,266.1,261.0,254.9,288.1,293.1,298.3,301.5,298.5,293.3,260.3,268.8,275.4,278.9,282.6,286.5,289.2,286.0,282.0,278.0,274.1,267.8,263.4,274.7,278.4,282.0,287.2,282.0,278.3,274.5,162.0,173.7,185.4,196.7,207.4,217.0,225.0,231.1,232.6,230.4,223.7,215.6,206.6,196.7,186.4,175.8,165.0,155.3,150.9,150.0,151.8,155.1,155.1,152.2,150.9,151.9,156.2,163.9,171.6,179.4,187.3,192.1,193.7,195.0,193.8,192.2,163.6,160.9,161.2,165.2,166.4,166.3,165.5,161.6,161.7,164.5,166.9,166.9,207.1,204.9,203.5,204.7,203.6,205.1,207.2,212.3,214.4,214.9,214.5,212.3,207.4,207.3,207.7,207.3,207.6,208.6,209.2,208.7,-39.4,-40.1,-38.8,-35.5,-27.7,-14.9,1.4,20.2,38.7,54.1,65.9,77.0,86.6,93.6,98.5,102.2,103.8,-15.3,-3.5,11.0,25.1,37.7,62.1,73.3,84.5,95.2,101.7,49.6,50.7,52.1,53.4,34.4,41.6,48.8,55.4,61.1,-0.4,8.7,18.7,26.3,18.0,7.9,63.5,72.1,81.5,87.9,82.0,72.6,17.0,30.5,41.2,47.0,53.3,60.5,66.4,60.0,52.5,45.9,39.2,29.0,22.1,40.2,46.3,52.5,62.6,52.5,46.2,39.9,-43.5,-23.6,-3.7,15.9,34.7,51.1,64.4,74.3,77.1,74.5,64.4,50.9,34.8,16.8,-2.0,-21.2,-40.8,-52.3,-59.0,-60.1,-57.1,-51.8,-52.6,-58.1,-61.2,-60.4,-54.0,-38.2,-25.4,-12.9,-0.3,7.3,9.9,12.1,10.3,7.7,-38.8,-43.1,-42.7,-36.4,-34.3,-34.5,-36.7,-43.3,-43.5,-39.2,-34.8,-34.5,32.3,28.3,26.0,28.0,26.3,29.2,33.4,41.2,44.2,44.8,44.0,40.6,32.8,32.3,33.0,32.4,33.9,34.6,35.3,34.6,666.4,670.5,675.2,678.3,678.7,677.0,672.1,665.8,667.3,678.4,694.5,707.2,712.7,712.1,710.0,708.1,707.2,634.1,628.9,626.0,624.1,624.1,633.9,642.5,652.5,663.0,673.8,631.3,625.9,620.1,614.7,629.1,629.0,629.5,633.4,637.9,635.7,633.6,635.2,637.9,635.6,634.1,651.4,654.2,659.1,666.4,659.9,655.0,645.0,635.6,633.1,635.1,637.9,647.7,661.9,650.0,642.0,638.6,636.9,638.5,643.4,636.3,637.8,641.3,657.5,641.2,637.7,636.4,0.599,0.233,-0.318,0.084,275.465,187.772,-2.895,12.229,-13.258,14.46,3.136,0.018,-3.657,2.561,4.45,-1.767,0.659,0.566,-0.101,-2.224,-0.1,-0.006,0.5,1.051,-0.47,-0.745,0.682,-0.313,-0.271,-0.535,0.257,0.069,0.15,0.058,-0.099,-0.003,-0.021,-0.001,0.007,-0.006,0.0,0.0,0.0,1.08,0.0,0.0,0.0,0.0,0.0,0.39,0.0,0.0,0.0,0.0,0.0,0.0,0.0,0.0,1.0,0.0,1.0,0.0,0.0,0.0,0.0,0.0,0.0,0.0,0.0,0.0,0.0,0.0,0.0,1.0,0.0
PP133,g1,3647,0,0.925,0.227784,0.205222,-0.95184,0.078518,0.195028,-0.97765,0.157,0.205,254.3,255.7,258.9,262.0,263.2,261.9,258.5,255.5,249.8,252.0,255.0,258.5,261.9,264.3,265.9,263.8,261.0,257.8,254.7,251.9,257.3,258.6,260.0,260.6,260.1,258.8,257.4,256.8,291.1,292.1,294.8,297.6,298.8,297.8,295.2,292.1,288.0,290.0,292.7,295.9,298.6,300.4,301.3,300.3,298.6,296.2,293.3,290.3,293.6,294.8,296.0,296.4,295.9,294.7,293.5,293.1,162.4,159.3,158.1,159.6,162.8,166.2,167.2,165.7,163.7,162.0,160.9,160.5,161.3,162.9,165.1,166.1,166.4,166.4,166.0,165.2,164.0,164.7,164.2,162.8,161.4,160.7,161.3,162.6,163.3,160.2,158.9,160.2,163.2,166.3,167.6,166.6,165.4,163.3,161.9,161.2,161.7,162.8,164.6,166.0,166.8,167.1,166.9,166.5,164.7,165.2,164.6,163.3,162.0,161.4,162.0,163.3,5.7,7.6,11.8,15.9,17.5,15.8,11.3,7.2,-0.3,2.6,6.6,11.2,15.7,19.0,21.2,18.4,14.5,10.3,6.2,2.5,9.6,11.4,13.3,14.1,13.4,11.7,9.8,9.0,56.8,58.3,62.2,66.2,68.0,66.5,62.6,58.2,52.6,55.2,58.9,63.5,67.6,70.5,72.3,70.5,67.6,64.0,59.8,55.7,60.5,62.2,63.9,64.6,63.8,62.0,60.3,59.7,-33.2,-37.4,-39.0,-37.1,-32.7,-28.2,-26.9,-28.9,-31.8,-33.9,-35.1,-35.6,-34.6,-32.6,-29.9,-28.4,-27.9,-27.8,-28.4,-29.7,-31.1,-30.3,-31.0,-32.8,-34.7,-35.6,-34.9,-33.0,-33.4,-37.7,-39.7,-38.0,-33.8,-29.5,-27.6,-28.9,-30.6,-33.4,-35.4,-36.3,-35.8,-34.5,-32.3,-30.1,-28.9,-28.3,-28.5,-29.0,-31.7,-31.0,-31.8,-33.7,-35.5,-36.2,-35.4,-33.5,517.4,518.0,518.4,518.5,518.1,517.8,517.1,517.1,521.2,518.8,516.7,515.9,516.8,518.4,520.3,518.5,516.6,516.0,516.8,518.8,518.3,518.3,518.5,518.8,518.9,518.9,518.7,518.4,539.4,540.4,542.3,543.8,544.2,543.2,541.4,539.9,539.6,539.0,539.0,540.3,543.2,546.9,550.3,547.0,543.5,540.9,539.5,539.3,541.7,542.4,543.2,543.6,543.4,542.8,542.0,541.5,42.2,0.7,647.5,0.222,-0.237,0.067,226.9,226.6,227.5,229.5,234.0,241.3,250.7,261.7,272.5,281.1,287.0,292.5,297.4,301.3,304.2,306.4,307.3,240.5,247.8,256.8,265.7,273.6,288.2,294.5,300.5,306.0,308.9,280.6,281.6,282.7,283.8,271.2,275.7,280.2,284.0,287.3,249.7,255.3,261.4,266.0,261.0,254.8,288.0,293.0,298.3,301.5,298.5,293.3,260.2,268.6,275.2,278.7,282.5,286.3,289.0,285.9,281.8,277.9,273.9,267.6,263.3,274.5,278.2,281.8,287.1,281.8,278.1,274.3,161.9,173.6,185.3,196.6,207.4,216.9,224.9,231.0,232.6,230.4,223.7,215.6,206.5,196.6,186.3,175.8,164.9,155.2,150.8,150.0,151.8,155.1,155.1,152.2,150.9,151.9,156.2,163.9,171.7,179.4,187.3,192.0,193.7,195.0,193.9,192.3,163.6,160.9,161.2,165.2,166.4,166.2,165.5,161.6,161.7,164.5,166.9,166.9,207.1,204.9,203.6,204.7,203.6,205.2,207.2,212.3,214.4,214.8,214.4,212.3,207.4,207.3,207.7,207.3,207.6,208.6,209.1,208.7,-39.4,-40.2,-38.9,-35.6,-27.9,-15.1,1.2,20.0,38.5,54.0,65.8,76.9,86.5,93.5,98.5,102.2,103.8,-15.4,-3.6,11.0,25.1,37.6,61.9,73.2,84.4,95.1,101.6,49.5,50.6,51.9,53.2,34.2,41.4,48.6,55.2,61.0,-0.5,8.6,18.6,26.2,17.8,7.8,63.4,72.1,81.5,87.9,81.9,72.5,16.8,30.3,40.9,46.8,53.0,60.3,66.1,59.7,52.3,45.6,38.9,28.8,21.9,39.9,46.0,52.3,62.4,52.2,45.9,39.7,-43.7,-23.8,-3.9,15.8,34.6,51.0,64.4,74.2,77.1,74.5,64.4,50.9,34.7,16.7,-2.1,-21.3,-40.9,-52.4,-59.1,-60.2,-57.1,-51.8,-52.5,-58.1,-61.1,-60.4,-54.0,-38.2,-25.4,-12.9,-0.3,7.3,9.9,12.1,10.3,7.8,-38.9,-43.2,-42.8,-36.5,-34.4,-34.5,-36.7,-43.3,-43.5,-39.2,-34.8,-34.5,32.3,28.3,26.1,28.0,26.4,29.3,33.5,41.2,44.2,44.7,43.9,40.5,32.8,32.3,33.0,32.5,33.9,34.6,35.3,34.5,666.7,670.8,675.6,678.7,679.1,677.3,672.5,666.1,667.6,678.6,694.7,707.3,712.8,712.1,710.0,708.0,707.1,634.3,629.1,626.2,624.3,624.2,633.9,642.4,652.4,663.0,673.8,631.4,626.0,620.2,614.9,629.3,629.2,629.7,633.6,638.1,636.0,633.8,635.3,638.1,635.8,634.3,651.5,654.2,659.2,666.4,660.0,655.1,645.3,635.9,633.4,635.3,638.2,647.9,662.1,650.1,642.2,638.8,637.1,638.7,643.7,636.6,638.0,641.5,657.7,641.4,637.9,636.6,0.599,0.235,-0.315,0.085,275.366,187.755,-3.073,12.475,-13.44,14.564,3.187,0.206,-3.663,2.366,4.435,-1.763,0.802,0.487,-0.293,-2.124,-0.182,-0.008,0.454,1.035,-0.591,-0.769,0.571,-0.248,-0.288,-0.599,0.296,0.035,0.157,0.061,-0.096,0.002,-0.019,0.001,0.006,-0.008,0.14,0.0,0.0,1.03,0.0,0.0,0.0,0.0,0.0,0.42,0.0,0.0,0.0,0.0,0.0,0.0,0.0,0.0,1.0,0.0,1.0,0.0,0.0,0.0,0.0,0.0,0.0,0.0,0.0,0.0,0.0,0.0,0.0,1.0,0.0
PP133,g1,3653,0,0.975,0.227389,0.204479,-0.952094,0.079517,0.194224,-0.977729,0.158,0.204,254.8,256.2,259.4,262.5,263.7,262.5,259.1,256.0,250.3,252.5,255.5,259.0,262.4,264.8,266.5,264.4,261.5,258.3,255.2,252.4,257.8,259.1,260.5,261.2,260.7,259.3,257.9,257.3,291.7,292.7,295.3,298.1,299.4,298.4,295.7,292.7,288.6,290.6,293.2,296.4,299.2,301.0,301.9,300.9,299.1,296.8,293.9,290.9,294.2,295.4,296.5,297.0,296.4,295.2,294.0,293.6,162.0,158.9,157.7,159.1,162.4,165.8,166.8,165.3,163.3,161.6,160.5,160.1,160.9,162.5,164.7,165.7,166.0,166.1,165.7,164.8,163.6,164.3,163.8,162.4,161.0,160.3,160.8,162.2,162.8,159.8,158.5,159.7,162.7,165.8,167.1,166.1,165.0,162.9,161.4,160.7,161.3,162.4,164.1,165.5,166.3,166.6,166.5,166.0,164.2,164.8,164.2,162.8,161.5,161.0,161.5,162.9,6.3,8.2,12.5,16.6,18.1,16.5,12.0,7.9,0.4,3.3,7.2,11.9,16.3,19.6,21.8,19.0,15.2,11.0,6.8,3.1,10.3,12.1,13.9,14.8,14.1,12.3,10.5,9.6,57.3,58.7,62.6,66.7,68.5,67.0,63.1,58.7,53.0,55.7,59.4,63.9,68.1,71.0,72.8,70.9,68.1,64.4,60.3,56.2,60.9,62.7,64.4,65.1,64.3,62.5,60.8,60.2,-33.6,-37.8,-39.4,-37.5,-33.1,-28.6,-27.3,-29.3,-32.2,-34.3,-35.5,-36.0,-35.1,-33.1,-30.3,-28.8,-28.3,-28.2,-28.8,-30.0,-31.5,-30.7,-31.4,-33.2,-35.1,-36.0,-35.3,-33.4,-33.9,-38.2,-40.1,-38.5,-34.3,-30.0,-28.1,-29.4,-31.0,-33.8,-35.9,-36.9,-36.3,-35.0,-32.8,-30.6,-29.3,-28.8,-28.9,-29.5,-32.1,-31.4,-32.3,-34.2,-36.0,-36.7,-35.9,-34.0,515.4,515.9,516.4,516.4,516.0,515.7,515.0,515.0,519.1,516.7,514.6,513.8,514.7,516.3,518.1,516.3,514.5,513.9,514.7,516.7,516.2,516.2,516.4,516.7,516.8,516.8,516.6,516.4,536.9,537.9,539.8,541.3,541.7,540.7,538.9,537.4,537.1,536.5,536.5,537.8,540.7,544.4,547.8,544.5,541.0,538.4,537.0,536.8,539.2,539.9,540.7,541.1,540.9,540.2,539.4,539.0,43.0,0.2,645.5,0.222,-0.239,0.065,227.2,227.0,227.9,230.0,234.4,241.8,251.2,262.3,273.2,281.7,287.5,293.0,297.9,301.8,304.6,306.9,307.8,240.9,248.2,257.3,266.2,274.1,288.7,295.1,301.1,306.6,309.5,281.2,282.2,283.3,284.4,271.8,276.4,280.8,284.7,288.0,250.2,255.8,261.9,266.6,261.5,255.3,288.6,293.6,298.8,302.1,299.0,293.8,260.8,269.3,275.9,279.4,283.1,286.9,289.6,286.5,282.5,278.6,274.6,268.3,264.0,275.2,278.9,282.5,287.7,282.4,278.8,275.1,161.5,173.2,184.9,196.3,207.2,216.7,224.8,230.9,232.5,230.3,223.5,215.4,206.3,196.3,186.0,175.3,164.4,155.0,150.5,149.6,151.4,154.8,154.8,151.8,150.5,151.5,155.9,163.5,171.3,179.1,187.1,191.8,193.4,194.7,193.5,191.9,163.2,160.5,160.8,164.8,166.0,165.9,165.1,161.2,161.3,164.1,166.5,166.5,206.8,204.7,203.3,204.5,203.4,204.9,206.9,212.0,214.1,214.6,214.2,212.0,207.1,207.0,207.4,207.0,207.3,208.3,208.9,208.4,-38.7,-39.4,-38.1,-34.7,-27.0,-14.2,2.1,20.9,39.5,54.8,66.6,77.6,87.2,94.2,99.1,102.8,104.4,-14.8,-3.0,11.6,25.8,38.4,62.6,73.9,85.1,95.9,102.3,50.2,51.4,52.8,54.0,35.1,42.3,49.5,56.1,61.8,0.3,9.4,19.4,27.0,18.7,8.6,64.1,72.8,82.2,88.6,82.6,73.3,17.8,31.3,41.9,47.7,53.9,61.1,66.9,60.5,53.2,46.6,40.0,29.9,22.9,40.9,47.0,53.2,63.2,53.1,46.9,40.7,-44.3,-24.4,-4.4,15.3,34.1,50.5,64.0,73.8,76.7,74.1,63.9,50.4,34.2,16.1,-2.8,-22.0,-41.6,-52.6,-59.4,-60.5,-57.5,-52.1,-52.9,-58.5,-61.6,-60.9,-54.4,-38.7,-25.9,-13.4,-0.7,6.8,9.4,11.6,9.8,7.2,-39.4,-43.7,-43.4,-37.0,-34.9,-35.0,-37.3,-44.0,-44.2,-39.9,-35.5,-35.2,31.8,27.8,25.6,27.5,25.8,28.7,32.8,40.6,43.6,44.1,43.4,40.0,32.2,31.7,32.5,31.9,33.3,34.0,34.8,34.0,664.6,668.8,673.5,676.6,677.0,675.3,670.5,664.1,665.6,676.7,692.8,705.5,711.1,710.4,708.3,706.2,705.2,632.3,627.0,624.1,622.2,622.2,631.9,640.5,650.5,661.1,672.0,629.3,623.9,618.0,612.7,627.1,627.0,627.5,631.5,636.0,633.8,631.7,633.3,636.0,633.8,632.2,649.5,652.3,657.3,664.5,658.0,653.1,643.2,633.8,631.3,633.3,636.1,645.8,660.1,648.0,640.0,636.7,635.0,636.6,641.6,634.5,636.0,639.4,655.6,639.3,635.8,634.5,0.601,0.234,-0.318,0.084,275.938,187.439,-2.174,12.507,-13.218,14.991,2.894,0.504,-3.468,2.342,4.788,-2.197,0.618,0.544,-0.217,-2.238,-0.039,-0.065,0.573,1.104,-0.482,-0.493,0.611,-0.321,-0.376,-0.509,0.267,0.069,0.182,0.052,-0.102,-0.002,-0.018,-0.003,0.009,-0.01,0.0,0.0,0.0,0.47,0.0,0.0,0.0,0.0,0.0,0.41,0.0,0.0,0.0,0.0,0.0,0.0,0.0,0.0,1.0,0.0,1.0,0.0,0.0,0.0,0.0,0.0,0.0,0.0,0.0,0.0,0.0,0.0,1.0,1.0,0.0
PP133,g1,3659,0,0.925,0.22882,0.206633,-0.951286,0.081653,0.196227,-0.977153,0.16,0.206,255.4,256.9,260.0,263.1,264.3,263.0,259.7,256.6,250.9,253.1,256.1,259.6,263.0,265.4,267.0,264.9,262.1,258.9,255.8,253.0,258.4,259.7,261.1,261.7,261.2,259.9,258.5,257.9,292.1,293.1,295.8,298.6,299.8,298.8,296.2,293.1,289.1,291.1,293.7,296.9,299.6,301.4,302.3,301.3,299.6,297.2,294.3,291.3,294.6,295.8,297.0,297.4,296.9,295.7,294.5,294.1,162.2,159.1,157.9,159.4,162.6,166.0,166.9,165.5,163.5,161.8,160.7,160.3,161.1,162.7,164.8,165.9,166.2,166.2,165.8,165.0,163.8,164.5,164.0,162.6,161.2,160.5,161.0,162.4,163.0,160.0,158.7,159.9,163.0,166.0,167.3,166.3,165.1,163.1,161.6,161.0,161.5,162.6,164.3,165.7,166.5,166.8,166.6,166.2,164.4,165.0,164.4,163.1,161.7,161.2,161.8,163.1,7.2,9.1,13.4,17.4,19.0,17.3,12.8,8.8,1.3,4.1,8.1,12.7,17.2,20.5,22.7,19.9,16.1,11.8,7.7,4.0,11.2,12.9,14.8,15.6,15.0,13.2,11.3,10.5,58.2,59.7,63.6,67.7,69.5,68.0,64.1,59.7,54.0,56.7,60.4,64.9,69.0,72.0,73.7,71.9,69.0,65.4,61.3,57.1,61.9,63.7,65.4,66.1,65.3,63.5,61.8,61.1,-33.6,-37.8,-39.4,-37.5,-33.1,-28.6,-27.3,-29.3,-32.2,-34.3,-35.5,-36.0,-35.0,-33.0,-30.3,-28.8,-28.3,-28.2,-28.8,-30.0,-31.5,-30.6,-31.3,-33.2,-35.1,-35.9,-35.2,-33.4,-33.8,-38.1,-40.0,-38.4,-34.2,-29.9,-28.0,-29.3,-30.9,-33.7,-35.8,-36.7,-36.2,-34.9,-32.7,-30.5,-29.2,-28.7,-28.8,-29.4,-32.0,-31.3,-32.2,-34.1,-35.9,-36.6,-35.8,-33.9,518.8,519.4,519.9,519.9,519.6,519.2,518.5,518.5,522.6,520.2,518.1,517.3,518.2,519.9,521.7,519.9,518.0,517.4,518.2,520.2,519.7,519.7,519.9,520.2,520.3,520.3,520.1,519.8,539.9,541.0,542.8,544.4,544.8,543.8,541.9,540.4,540.1,539.5,539.5,540.8,543.8,547.5,550.9,547.6,544.1,541.5,540.0,539.8,542.2,542.9,543.7,544.2,544.0,543.3,542.5,542.0,43.8,0.5,646.4,0.224,-0.242,0.067,227.7,227.4,228.2,230.2,234.8,242.2,251.7,262.7,273.6,282.1,287.9,293.3,298.2,302.1,305.0,307.2,308.2,241.7,249.0,258.0,266.8,274.6,289.3,295.5,301.5,307.0,309.8,281.7,282.7,283.8,284.9,272.3,276.8,281.3,285.2,288.4,250.8,256.4,262.5,267.1,262.1,255.9,289.1,294.0,299.3,302.4,299.5,294.3,261.3,269.7,276.4,279.9,283.6,287.4,290.0,286.9,282.9,279.0,275.0,268.7,264.4,275.6,279.3,282.9,288.1,282.9,279.2,275.5,161.7,173.4,185.1,196.5,207.4,217.0,225.0,231.2,232.7,230.4,223.7,215.5,206.4,196.5,186.1,175.5,164.7,155.0,150.6,149.8,151.6,154.9,155.0,152.0,150.7,151.7,156.0,163.7,171.5,179.3,187.3,191.9,193.6,194.9,193.8,192.1,163.4,160.6,161.0,164.9,166.2,166.0,165.3,161.4,161.5,164.3,166.6,166.7,207.0,204.8,203.4,204.6,203.5,205.0,207.1,212.2,214.3,214.8,214.4,212.2,207.3,207.2,207.6,207.1,207.5,208.5,209.1,208.6,-37.9,-38.8,-37.6,-34.2,-26.4,-13.5,2.8,21.7,40.2,55.6,67.3,78.3,87.8,94.9,99.8,103.5,105.1,-13.4,-1.6,12.8,26.9,39.3,63.6,74.8,85.9,96.6,103.0,51.2,52.3,53.7,54.9,35.9,43.1,50.4,56.9,62.6,1.3,10.4,20.3,27.9,19.6,9.6,65.0,73.6,83.0,89.3,83.4,74.1,18.6,32.1,42.7,48.5,54.7,61.9,67.7,61.4,54.0,47.3,40.7,30.6,23.6,41.7,47.8,54.0,64.0,53.9,47.7,41.4,-44.0,-24.1,-4.1,15.7,34.5,51.0,64.5,74.3,77.1,74.5,64.3,50.6,34.4,16.3,-2.5,-21.6,-41.2,-52.5,-59.2,-60.3,-57.3,-51.9,-52.7,-58.2,-61.3,-60.6,-54.2,-38.4,-25.6,-13.0,-0.3,7.2,9.8,11.9,10.1,7.6,-39.2,-43.5,-43.1,-36.8,-34.7,-34.8,-37.0,-43.6,-43.8,-39.5,-35.2,-34.9,32.1,28.1,25.8,27.8,26.1,29.0,33.2,41.0,44.0,44.6,43.8,40.3,32.6,32.1,32.8,32.2,33.6,34.4,35.2,34.4,664.7,669.0,673.9,677.2,677.6,675.9,671.1,664.9,666.5,677.7,693.8,706.4,711.9,711.2,708.9,706.7,705.7,632.3,627.3,624.6,623.0,623.1,633.0,641.5,651.4,661.8,672.5,630.3,625.0,619.2,613.9,628.1,628.0,628.6,632.6,637.1,634.2,632.1,633.8,636.6,634.3,632.7,650.3,653.1,658.0,665.3,658.8,653.9,644.0,634.6,632.2,634.2,637.1,646.9,661.1,649.2,641.2,637.7,636.0,637.5,642.4,635.5,637.0,640.5,656.7,640.4,636.9,635.5,0.6,0.237,-0.321,0.086,276.397,187.624,-3.789,13.163,-13.506,14.371,2.424,0.585,-3.098,2.429,4.286,-2.134,0.941,0.528,-0.079,-2.348,-0.057,0.036,0.508,1.106,-0.286,-0.657,0.583,-0.254,-0.356,-0.573,0.349,0.083,0.157,0.063,-0.107,-0.002,-0.02,-0.003,0.005,-0.002,0.0,0.0,0.0,1.21,0.0,0.0,0.0,0.0,0.0,0.59,0.0,0.0,0.0,0.0,0.0,0.0,0.0,0.0,1.0,0.0,1.0,0.0,0.0,0.0,0.0,0.0,0.0,0.0,0.0,0.0,0.0,0.0,0.0,1.0,0.0
PP133,g1,3665,0,0.975,0.230138,0.211572,-0.949881,0.079821,0.200771,-0.976381,0.16,0.211,255.8,257.2,260.4,263.5,264.6,263.4,260.0,256.9,251.2,253.4,256.4,260.0,263.4,265.8,267.3,265.3,262.4,259.3,256.1,253.3,258.7,260.1,261.5,262.1,261.6,260.2,258.8,258.2,292.6,293.6,296.3,299.1,300.3,299.3,296.6,293.6,289.5,291.5,294.2,297.4,300.1,301.8,302.8,301.8,300.0,297.6,294.8,291.8,295.1,296.3,297.4,297.9,297.3,296.1,295.0,294.5,162.6,159.5,158.3,159.8,163.1,166.5,167.4,165.9,163.9,162.2,161.1,160.8,161.6,163.2,165.4,166.4,166.7,166.7,166.3,165.4,164.3,164.9,164.4,163.1,161.6,161.0,161.5,162.9,163.7,160.6,159.3,160.5,163.6,166.7,168.0,167.0,165.8,163.7,162.2,161.6,162.1,163.2,165.0,166.4,167.2,167.5,167.3,166.9,165.0,165.6,165.0,163.7,162.3,161.8,162.4,163.7,7.6,9.5,13.8,17.8,19.3,17.7,13.2,9.1,1.6,4.5,8.5,13.1,17.6,20.9,23.0,20.2,16.4,12.2,8.1,4.3,11.5,13.3,15.1,16.0,15.3,13.6,11.7,10.9,58.6,60.1,64.0,68.0,69.8,68.3,64.4,60.0,54.3,57.0,60.7,65.3,69.4,72.3,74.1,72.2,69.4,65.7,61.6,57.5,62.3,64.0,65.7,66.4,65.6,63.9,62.1,61.5,-32.8,-37.0,-38.5,-36.6,-32.2,-27.7,-26.5,-28.4,-31.4,-33.5,-34.7,-35.2,-34.2,-32.1,-29.4,-27.9,-27.4,-27.3,-28.0,-29.2,-30.7,-29.8,-30.5,-32.3,-34.2,-35.1,-34.4,-32.6,-32.8,-37.1,-39.0,-37.4,-33.2,-28.9,-27.0,-28.3,-29.9,-32.7,-34.7,-35.7,-35.2,-33.9,-31.6,-29.4,-28.2,-27.6,-27.8,-28.4,-31.0,-30.3,-31.1,-33.0,-34.9,-35.6,-34.7,-32.9,515.2,515.8,516.3,516.4,516.1,515.7,515.0,514.9,518.9,516.6,514.5,513.7,514.7,516.4,518.2,516.4,514.5,513.9,514.6,516.6,516.1,516.2,516.4,516.6,516.8,516.7,516.5,516.3,537.4,538.4,540.2,541.8,542.3,541.3,539.5,537.9,537.6,536.9,537.0,538.2,541.2,544.9,548.4,545.1,541.6,539.0,537.5,537.3,539.7,540.4,541.2,541.6,541.4,540.7,539.9,539.5,44.1,1.3,646.0,0.233,-0.241,0.074,227.9,227.6,228.4,230.3,234.7,242.0,251.5,262.6,273.4,281.9,287.8,293.3,298.3,302.3,305.3,307.6,308.6,241.9,249.2,258.4,267.3,275.2,289.8,296.1,302.1,307.7,310.5,282.2,283.1,284.2,285.2,272.6,277.0,281.5,285.3,288.6,251.1,256.8,262.9,267.5,262.4,256.2,289.5,294.5,299.8,302.9,299.9,294.7,261.4,269.8,276.4,279.9,283.6,287.4,290.0,286.9,282.8,278.9,274.9,268.7,264.5,275.6,279.3,283.0,288.1,282.9,279.2,275.5,161.8,173.6,185.2,196.5,207.4,216.9,225.0,231.2,232.8,230.6,223.8,215.7,206.6,196.8,186.5,175.9,165.0,155.4,151.1,150.3,152.2,155.6,155.7,152.7,151.4,152.4,156.7,164.4,172.2,179.9,187.9,192.5,194.1,195.5,194.4,192.8,163.8,161.1,161.4,165.5,166.7,166.5,165.9,162.0,162.1,164.9,167.3,167.3,207.4,205.3,204.0,205.2,204.1,205.6,207.7,212.7,214.8,215.2,214.8,212.6,207.7,207.8,208.2,207.7,208.1,209.0,209.5,209.0,-37.5,-38.4,-37.3,-34.1,-26.5,-13.8,2.6,21.4,39.9,55.3,67.1,78.3,88.0,95.2,100.3,104.2,106.0,-13.2,-1.2,13.4,27.6,40.2,64.3,75.6,86.8,97.6,104.0,51.8,52.9,54.1,55.3,36.2,43.4,50.6,57.2,62.9,1.8,10.9,20.9,28.5,20.1,10.1,65.7,74.3,83.7,90.1,84.1,74.8,18.7,32.2,42.8,48.6,54.8,61.9,67.7,61.3,53.9,47.2,40.6,30.6,23.8,41.7,47.8,54.0,64.0,53.9,47.7,41.4,-43.6,-23.9,-4.0,15.7,34.4,50.9,64.4,74.3,77.3,74.7,64.5,51.0,34.9,16.9,-1.9,-21.0,-40.6,-51.9,-58.4,-59.4,-56.2,-50.8,-51.5,-57.0,-60.1,-59.4,-53.1,-37.3,-24.5,-12.0,0.7,8.0,10.7,12.8,11.1,8.6,-38.5,-42.7,-42.2,-35.8,-33.8,-34.0,-35.9,-42.6,-42.7,-38.4,-34.0,-33.7,32.8,28.9,26.7,28.7,27.1,30.0,34.1,41.8,44.8,45.2,44.4,40.9,33.2,32.9,33.7,33.2,34.6,35.2,35.9,35.0,664.2,668.4,673.3,676.6,677.2,675.6,671.0,664.9,666.5,677.6,693.6,706.2,711.7,711.1,709.1,707.0,706.0,631.8,626.5,623.7,621.9,622.0,631.9,640.4,650.5,661.3,672.3,629.4,624.2,618.5,613.4,627.6,627.6,628.3,632.1,636.6,633.6,631.4,633.0,635.9,633.6,632.0,649.6,652.3,657.4,664.7,658.2,653.3,643.6,634.4,631.9,633.9,636.8,646.5,660.6,648.9,641.0,637.6,635.9,637.4,642.0,635.2,636.7,640.2,656.2,640.1,636.6,635.3,0.601,0.247,-0.321,0.094,276.597,188.077,-2.103,12.349,-13.69,13.968,3.821,0.042,-3.38,1.729,4.639,-1.732,1.117,0.436,-0.029,-1.96,0.055,0.07,0.533,1.085,-0.533,-0.724,0.537,-0.37,-0.356,-0.509,0.296,-0.013,0.16,0.06,-0.097,-0.001,-0.014,0.006,0.006,-0.008,0.0,0.0,0.0,1.33,0.0,0.0,0.0,0.0,0.0,0.55,0.0,0.0,0.0,0.0,0.0,0.0,0.0,0.0,1.0,0.0,1.0,0.0,0.0,0.0,0.0,0.0,0.0,0.0,0.0,0.0,0.0,0.0,0.0,1.0,0.0
PP133,g1,3671,0,0.975,0.230153,0.217481,-0.948542,0.078798,0.206257,-0.97532,0.159,0.217,255.7,257.1,260.3,263.4,264.5,263.3,259.9,256.8,251.1,253.3,256.3,259.9,263.2,265.7,267.2,265.2,262.3,259.2,256.0,253.2,258.6,259.9,261.3,262.0,261.5,260.1,258.7,258.1,292.5,293.5,296.2,298.9,300.2,299.1,296.5,293.4,289.4,291.4,294.1,297.3,299.9,301.7,302.6,301.6,299.9,297.5,294.6,291.6,294.9,296.1,297.3,297.8,297.2,296.0,294.8,294.4,162.5,159.4,158.2,159.7,163.0,166.4,167.3,165.8,163.7,162.0,161.0,160.7,161.5,163.1,165.3,166.3,166.6,166.6,166.1,165.2,164.2,164.8,164.3,163.0,161.5,160.9,161.4,162.7,163.6,160.5,159.3,160.5,163.6,166.6,167.9,166.9,165.7,163.6,162.2,161.6,162.1,163.2,164.9,166.4,167.1,167.4,167.3,166.8,165.0,165.5,165.0,163.6,162.3,161.8,162.3,163.7,7.5,9.4,13.7,17.7,19.2,17.5,13.0,9.0,1.5,4.4,8.4,13.0,17.5,20.8,22.9,20.1,16.3,12.1,7.9,4.2,11.4,13.2,15.0,15.9,15.2,13.5,11.6,10.7,58.6,60.1,64.0,68.0,69.8,68.3,64.3,60.0,54.3,57.0,60.7,65.3,69.4,72.3,74.1,72.2,69.3,65.7,61.6,57.4,62.2,64.0,65.7,66.4,65.6,63.9,62.1,61.5,-33.1,-37.2,-38.8,-36.8,-32.5,-27.9,-26.7,-28.7,-31.7,-33.8,-35.0,-35.4,-34.4,-32.4,-29.6,-28.1,-27.7,-27.6,-28.2,-29.5,-30.9,-30.1,-30.7,-32.6,-34.5,-35.3,-34.7,-32.8,-33.0,-37.3,-39.2,-37.5,-33.3,-29.0,-27.1,-28.5,-30.1,-32.9,-34.9,-35.8,-35.3,-34.0,-31.8,-29.6,-28.3,-27.8,-27.9,-28.5,-31.2,-30.5,-31.3,-33.2,-35.0,-35.7,-34.9,-33.0,516.7,517.3,517.8,517.9,517.6,517.3,516.5,516.4,520.4,518.0,516.0,515.2,516.2,517.9,519.7,517.9,516.0,515.4,516.1,518.1,517.6,517.7,517.9,518.1,518.3,518.2,518.0,517.8,538.8,539.8,541.6,543.2,543.7,542.7,540.9,539.4,539.0,538.4,538.4,539.7,542.6,546.3,549.8,546.5,543.1,540.4,539.0,538.8,541.1,541.8,542.6,543.1,542.9,542.2,541.4,540.9,43.7,1.1,646.7,0.242,-0.241,0.08,227.9,227.5,228.2,230.1,234.4,241.6,251.0,262.0,272.8,281.3,287.3,292.9,298.0,302.1,305.0,307.4,308.5,241.9,249.2,258.3,267.2,275.1,289.7,296.1,302.1,307.6,310.3,282.0,282.9,284.0,284.9,272.3,276.7,281.2,285.0,288.3,251.0,256.7,262.8,267.4,262.3,256.1,289.4,294.4,299.6,302.8,299.8,294.6,261.0,269.4,276.1,279.6,283.2,287.0,289.6,286.4,282.3,278.4,274.5,268.3,264.1,275.3,278.9,282.5,287.7,282.5,278.8,275.1,161.5,173.2,184.8,196.1,206.9,216.5,224.6,230.9,232.5,230.3,223.6,215.4,206.4,196.5,186.3,175.7,164.9,155.2,150.9,150.2,152.1,155.5,155.6,152.7,151.4,152.4,156.6,164.3,172.1,179.9,187.9,192.4,194.0,195.4,194.3,192.7,163.6,161.0,161.3,165.4,166.5,166.3,165.8,162.0,162.1,164.9,167.3,167.3,207.2,205.2,203.9,205.1,204.1,205.6,207.5,212.6,214.8,215.2,214.7,212.5,207.5,207.6,208.1,207.7,208.0,209.0,209.5,209.0,-37.6,-38.6,-37.7,-34.6,-27.1,-14.5,1.7,20.4,38.9,54.4,66.3,77.7,87.5,94.9,100.0,104.0,105.8,-13.2,-1.2,13.3,27.5,40.0,64.3,75.6,86.8,97.5,103.9,51.6,52.6,53.8,54.9,35.9,43.0,50.2,56.7,62.4,1.6,10.8,20.8,28.3,19.9,9.9,65.5,74.2,83.6,89.9,83.9,74.6,18.1,31.6,42.3,48.0,54.2,61.3,67.1,60.6,53.1,46.5,40.0,29.9,23.2,41.2,47.2,53.4,63.4,53.3,47.0,40.9,-44.2,-24.5,-4.7,14.9,33.7,50.2,63.8,73.9,77.0,74.4,64.1,50.5,34.4,16.4,-2.2,-21.3,-40.9,-52.2,-58.7,-59.6,-56.4,-51.0,-51.7,-57.1,-60.2,-59.5,-53.2,-37.4,-24.6,-12.1,0.6,7.9,10.5,12.7,11.0,8.5,-38.8,-42.9,-42.4,-36.0,-34.0,-34.3,-36.0,-42.7,-42.8,-38.5,-34.1,-33.9,32.4,28.7,26.6,28.6,27.0,29.9,33.9,41.8,44.8,45.3,44.4,40.8,33.0,32.8,33.6,33.1,34.4,35.2,35.9,35.0,664.3,668.7,673.7,677.1,677.8,676.4,672.0,666.0,667.7,678.7,694.5,706.9,712.4,711.7,709.6,707.5,706.4,632.1,626.8,624.0,622.3,622.4,632.4,640.9,650.9,661.6,672.6,629.8,624.7,619.2,614.1,628.3,628.3,629.0,632.9,637.3,633.9,631.7,633.4,636.3,634.0,632.4,650.0,652.7,657.7,665.1,658.6,653.7,644.6,635.4,632.9,634.8,637.6,647.5,661.6,650.0,642.1,638.8,637.1,638.5,643.0,636.2,637.6,641.1,657.3,641.1,637.7,636.3,0.6,0.255,-0.32,0.1,276.326,187.938,-3.081,12.051,-13.508,13.843,4.071,-0.26,-3.363,1.433,4.788,-1.469,1.05,0.702,0.169,-2.293,0.006,0.048,0.586,1.11,-0.551,-0.648,0.601,-0.38,-0.19,-0.406,0.286,-0.045,0.165,0.056,-0.104,0.01,-0.018,0.009,0.005,-0.005,0.11,0.0,0.0,0.91,0.0,0.0,0.0,0.0,0.0,0.74,0.0,0.0,0.0,0.0,0.0,0.0,0.0,0.0,1.0,0.0,1.0,0.0,0.0,0.0,0.0,0.0,0.0,0.0,0.0,0.0,0.0,0.0,0.0,1.0,0.0
PP133,g1,3677,0,0.925,0.232626,0.214492,-0.948619,0.080857,0.203172,-0.975799,0.161,0.214,255.7,257.1,260.3,263.4,264.5,263.3,259.9,256.8,251.1,253.3,256.4,259.9,263.2,265.7,267.2,265.2,262.3,259.2,256.0,253.2,258.6,260.0,261.3,262.0,261.5,260.2,258.8,258.1,292.4,293.4,296.1,298.9,300.1,299.1,296.4,293.4,289.3,291.3,294.0,297.2,299.9,301.6,302.5,301.5,299.8,297.4,294.6,291.6,294.9,296.1,297.2,297.7,297.1,295.9,294.8,294.3,162.2,159.1,157.9,159.4,162.7,166.1,167.0,165.5,163.4,161.7,160.7,160.4,161.2,162.8,165.0,166.0,166.2,166.3,165.8,164.9,163.9,164.5,164.0,162.6,161.2,160.6,161.1,162.4,163.3,160.3,159.0,160.2,163.3,166.3,167.6,166.6,165.4,163.3,161.9,161.3,161.8,162.9,164.6,166.0,166.8,167.1,166.9,166.5,164.7,165.2,164.7,163.3,162.0,161.5,162.0,163.4,7.5,9.5,13.7,17.8,19.3,17.6,13.1,9.0,1.5,4.4,8.4,13.1,17.5,20.8,22.9,20.1,16.3,12.1,8.0,4.2,11.4,13.2,15.1,15.9,15.3,13.5,11.6,10.8,58.7,60.2,64.1,68.1,69.9,68.4,64.5,60.1,54.4,57.1,60.8,65.4,69.5,72.4,74.2,72.3,69.4,65.8,61.7,57.5,62.3,64.1,65.8,66.5,65.7,63.9,62.2,61.6,-33.5,-37.7,-39.3,-37.3,-32.9,-28.4,-27.2,-29.2,-32.1,-34.2,-35.4,-35.9,-34.9,-32.8,-30.1,-28.6,-28.1,-28.1,-28.7,-30.0,-31.4,-30.5,-31.2,-33.0,-34.9,-35.8,-35.1,-33.3,-33.5,-37.8,-39.7,-38.0,-33.8,-29.5,-27.6,-29.0,-30.6,-33.4,-35.4,-36.4,-35.8,-34.5,-32.3,-30.1,-28.8,-28.3,-28.5,-29.0,-31.7,-31.0,-31.8,-33.7,-35.5,-36.2,-35.4,-33.5,517.7,518.3,518.8,518.9,518.6,518.2,517.5,517.4,521.4,519.0,517.0,516.2,517.2,518.9,520.7,518.9,517.0,516.3,517.1,519.0,518.6,518.7,518.9,519.1,519.3,519.2,519.0,518.8,540.4,541.4,543.2,544.8,545.2,544.2,542.4,540.9,540.6,539.9,539.9,541.2,544.2,547.9,551.4,548.0,544.6,541.9,540.5,540.3,542.7,543.4,544.2,544.6,544.4,543.7,542.9,542.5,43.8,0.6,647.6,0.237,-0.244,0.079,227.9,227.5,228.2,230.1,234.4,241.7,251.0,262.0,272.8,281.3,287.2,292.8,297.8,301.9,304.9,307.2,308.3,242.0,249.4,258.4,267.3,275.1,289.6,296.0,301.9,307.4,310.2,282.0,282.9,284.0,285.0,272.3,276.8,281.2,285.1,288.3,251.0,256.7,262.8,267.4,262.3,256.1,289.3,294.3,299.6,302.7,299.7,294.5,260.9,269.4,276.1,279.6,283.3,287.1,289.7,286.5,282.4,278.5,274.5,268.3,264.0,275.3,279.0,282.6,287.7,282.5,278.9,275.1,161.4,173.1,184.7,196.0,206.8,216.3,224.4,230.6,232.3,230.1,223.4,215.3,206.3,196.4,186.2,175.6,164.7,154.9,150.6,149.9,151.8,155.2,155.3,152.4,151.1,152.1,156.3,164.0,171.8,179.5,187.5,192.0,193.7,195.1,194.0,192.4,163.3,160.7,161.0,165.1,166.2,166.0,165.5,161.7,161.8,164.6,166.9,166.9,206.8,204.8,203.6,204.7,203.7,205.2,207.2,212.3,214.4,214.8,214.4,212.1,207.2,207.3,207.7,207.3,207.6,208.6,209.1,208.6,-37.6,-38.6,-37.7,-34.6,-27.1,-14.4,1.8,20.5,39.0,54.4,66.2,77.5,87.3,94.7,99.9,103.8,105.7,-13.0,-1.0,13.4,27.6,40.0,64.3,75.6,86.7,97.4,103.8,51.7,52.7,54.0,55.1,35.9,43.1,50.3,56.9,62.6,1.6,10.8,20.8,28.3,20.0,10.0,65.5,74.2,83.6,89.9,83.9,74.6,18.0,31.6,42.4,48.2,54.4,61.5,67.3,60.8,53.3,46.7,40.1,29.9,23.1,41.2,47.3,53.6,63.6,53.4,47.2,40.9,-44.3,-24.6,-4.8,14.8,33.5,50.0,63.5,73.5,76.6,74.1,63.9,50.4,34.3,16.3,-2.4,-21.6,-41.2,-52.8,-59.2,-60.1,-57.0,-51.6,-52.3,-57.8,-60.8,-60.1,-53.8,-38.0,-25.2,-12.6,0.1,7.3,10.0,12.2,10.5,8.0,-39.3,-43.5,-43.0,-36.6,-34.6,-34.8,-36.6,-43.2,-43.4,-39.1,-34.7,-34.4,31.9,28.2,26.0,28.1,26.5,29.4,33.4,41.3,44.3,44.7,43.9,40.2,32.4,32.2,33.0,32.5,33.9,34.7,35.3,34.5,664.8,669.1,674.0,677.4,678.1,676.7,672.3,666.3,667.9,679.0,695.0,707.5,713.2,712.7,710.6,708.6,707.5,632.7,627.6,625.0,623.4,623.5,633.6,642.1,652.1,662.7,673.5,630.8,625.7,620.1,615.0,629.1,629.1,629.8,633.7,638.2,634.7,632.6,634.3,637.2,634.8,633.2,651.0,653.7,658.8,666.1,659.6,654.7,645.2,636.1,633.6,635.6,638.5,648.4,662.6,650.7,642.7,639.4,637.6,639.1,643.7,636.9,638.4,641.8,658.2,641.8,638.3,637.0,0.599,0.25,-0.324,0.099,276.317,187.654,-3.767,11.608,-13.208,13.466,3.985,0.271,-3.309,1.566,4.497,-1.379,1.309,0.892,0.1,-2.337,-0.16,0.142,0.685,1.012,-0.471,-0.739,0.586,-0.352,-0.194,-0.411,0.266,-0.003,0.144,0.058,-0.097,0.011,-0.011,0.007,0.004,-0.006,0.23,0.0,0.0,1.22,0.0,0.0,0.0,0.0,0.0,0.49,0.0,0.0,0.0,0.0,0.0,0.0,0.0,0.0,1.0,0.0,1.0,0.0,0.0,0.0,0.0,0.0,0.0,0.0,0.0,0.0,0.0,0.0,0.0,1.0,0.0
PP133,g1,3683,0,0.925,0.231039,0.210263,-0.949953,0.081422,0.198998,-0.976612,0.161,0.209,255.7,257.1,260.3,263.4,264.5,263.3,259.9,256.8,251.1,253.3,256.4,259.9,263.3,265.7,267.2,265.2,262.3,259.2,256.0,253.2,258.6,260.0,261.4,262.0,261.5,260.2,258.8,258.1,292.4,293.4,296.1,298.8,300.1,299.0,296.4,293.4,289.3,291.3,294.0,297.2,299.8,301.6,302.5,301.5,299.8,297.4,294.5,291.6,294.8,296.0,297.2,297.7,297.1,295.9,294.7,294.3,162.4,159.3,158.1,159.6,162.9,166.3,167.2,165.7,163.6,161.9,160.9,160.5,161.3,163.0,165.1,166.2,166.4,166.5,166.0,165.1,164.0,164.7,164.2,162.8,161.4,160.7,161.3,162.6,163.5,160.5,159.2,160.5,163.5,166.6,167.8,166.8,165.6,163.6,162.1,161.5,162.0,163.1,164.9,166.3,167.1,167.4,167.2,166.7,164.9,165.5,164.9,163.6,162.3,161.7,162.3,163.6,7.5,9.5,13.7,17.8,19.3,17.6,13.1,9.0,1.5,4.4,8.4,13.1,17.5,20.8,22.9,20.1,16.3,12.1,8.0,4.3,11.4,13.2,15.1,15.9,15.3,13.5,11.6,10.8,58.6,60.1,64.0,68.1,69.8,68.3,64.4,60.0,54.3,57.1,60.7,65.3,69.4,72.3,74.1,72.2,69.3,65.7,61.6,57.5,62.3,64.0,65.7,66.4,65.6,63.9,62.2,61.5,-33.3,-37.4,-39.0,-37.0,-32.7,-28.2,-26.9,-28.9,-31.9,-34.0,-35.2,-35.6,-34.6,-32.6,-29.8,-28.3,-27.9,-27.8,-28.4,-29.7,-31.1,-30.3,-30.9,-32.8,-34.7,-35.5,-34.9,-33.0,-33.1,-37.4,-39.3,-37.7,-33.5,-29.1,-27.3,-28.6,-30.3,-33.1,-35.1,-36.0,-35.5,-34.1,-31.9,-29.7,-28.5,-27.9,-28.1,-28.7,-31.3,-30.6,-31.4,-33.3,-35.2,-35.9,-35.1,-33.2,517.6,518.2,518.6,518.7,518.4,518.1,517.3,517.2,521.3,518.9,516.9,516.1,517.0,518.7,520.5,518.7,516.9,516.2,517.0,518.9,518.5,518.5,518.7,519.0,519.1,519.1,518.9,518.6,540.0,541.0,542.9,544.5,544.9,543.9,542.0,540.5,540.2,539.6,539.6,540.9,543.8,547.6,551.0,547.7,544.2,541.6,540.1,539.9,542.3,543.0,543.8,544.3,544.1,543.4,542.6,542.1,43.8,1.0,647.8,0.231,-0.243,0.078,227.9,227.5,228.2,230.2,234.6,241.8,251.2,262.2,273.0,281.4,287.3,292.9,297.9,301.9,304.9,307.2,308.3,242.0,249.4,258.4,267.3,275.1,289.6,295.9,301.9,307.4,310.2,282.0,282.9,284.0,285.0,272.4,276.8,281.2,285.1,288.3,251.0,256.7,262.8,267.4,262.3,256.1,289.3,294.3,299.5,302.7,299.7,294.5,261.1,269.6,276.2,279.7,283.3,287.1,289.6,286.5,282.5,278.6,274.7,268.4,264.2,275.4,279.0,282.6,287.7,282.5,278.9,275.2,161.7,173.4,185.1,196.4,207.2,216.7,224.8,231.0,232.6,230.4,223.8,215.7,206.7,196.8,186.5,175.9,165.1,155.1,150.8,150.1,151.9,155.4,155.5,152.6,151.3,152.3,156.6,164.1,171.9,179.7,187.6,192.2,193.9,195.2,194.1,192.6,163.5,160.8,161.2,165.2,166.4,166.2,165.8,161.9,162.0,164.8,167.2,167.2,207.1,205.0,203.7,204.9,203.9,205.4,207.5,212.6,214.6,215.0,214.6,212.4,207.4,207.5,207.9,207.5,207.9,208.8,209.3,208.9,-37.6,-38.6,-37.6,-34.4,-26.8,-14.1,2.1,20.8,39.3,54.6,66.4,77.6,87.4,94.7,99.8,103.8,105.6,-13.0,-1.0,13.5,27.6,40.1,64.2,75.5,86.7,97.4,103.8,51.7,52.8,54.0,55.1,36.0,43.2,50.4,56.9,62.6,1.7,10.8,20.8,28.4,20.0,10.0,65.5,74.2,83.6,89.9,83.9,74.6,18.3,31.9,42.5,48.3,54.4,61.5,67.2,60.8,53.4,46.8,40.3,30.2,23.4,41.4,47.5,53.6,63.6,53.5,47.3,41.1,-43.9,-24.1,-4.2,15.4,34.2,50.7,64.2,74.1,77.1,74.6,64.5,51.1,35.0,17.0,-1.8,-21.0,-40.6,-52.5,-59.0,-60.0,-56.8,-51.4,-52.0,-57.5,-60.5,-59.7,-53.3,-37.8,-25.0,-12.4,0.2,7.6,10.2,12.5,10.7,8.3,-39.0,-43.2,-42.7,-36.3,-34.3,-34.5,-36.3,-42.9,-43.0,-38.7,-34.3,-34.1,32.4,28.5,26.3,28.4,26.8,29.7,33.9,41.7,44.6,45.1,44.2,40.7,32.8,32.6,33.3,32.9,34.3,35.1,35.7,34.8,665.6,669.8,674.6,677.9,678.5,676.9,672.3,666.3,668.0,679.1,695.1,707.7,713.3,712.8,710.7,708.7,707.7,633.4,628.3,625.6,623.9,624.1,634.0,642.6,652.6,663.2,674.1,631.3,626.1,620.4,615.2,629.2,629.3,630.0,633.9,638.4,635.3,633.2,634.9,637.7,635.4,633.8,651.5,654.2,659.3,666.6,660.1,655.2,645.3,636.1,633.7,635.7,638.5,648.3,662.4,650.7,642.8,639.4,637.7,639.1,643.8,636.9,638.4,641.9,658.1,641.9,638.4,637.0,0.599,0.244,-0.323,0.097,276.359,187.897,-3.503,12.201,-13.51,14.123,3.797,0.114,-3.068,1.631,4.528,-1.747,1.292,0.473,-0.03,-2.392,-0.157,0.057,0.649,1.03,-0.448,-0.566,0.546,-0.315,-0.256,-0.426,0.276,0.042,0.16,0.057,-0.1,0.007,-0.02,-0.001,0.007,-0.004,0.26,0.0,0.0,1.07,0.0,0.0,0.0,0.0,0.0,0.79,0.0,0.0,0.0,0.0,0.0,0.0,0.0,0.0,1.0,0.0,1.0,0.0,0.0,0.0,0.0,0.0,1.0,0.0,0.0,0.0,0.0,0.0,0.0,1.0,0.0
PP133,g1,3689,0,0.975,0.229874,0.210968,-0.950079,0.082403,0.199562,-0.976414,0.161,0.21,255.9,257.4,260.6,263.6,264.8,263.5,260.1,257.1,251.4,253.6,256.6,260.1,263.5,265.9,267.5,265.4,262.6,259.4,256.3,253.5,258.9,260.2,261.6,262.2,261.8,260.4,259.0,258.4,292.6,293.6,296.3,299.0,300.2,299.2,296.6,293.5,289.5,291.5,294.2,297.3,300.0,301.8,302.7,301.7,299.9,297.6,294.7,291.8,295.0,296.2,297.4,297.8,297.3,296.1,294.9,294.5,162.7,159.6,158.4,159.9,163.2,166.6,167.5,166.0,163.9,162.2,161.2,160.9,161.7,163.3,165.4,166.5,166.8,166.8,166.3,165.4,164.4,165.0,164.5,163.1,161.7,161.1,161.6,162.9,163.8,160.8,159.5,160.8,163.8,166.9,168.1,167.1,165.9,163.9,162.4,161.8,162.3,163.4,165.2,166.6,167.4,167.6,167.5,167.0,165.2,165.8,165.2,163.9,162.5,162.0,162.6,163.9,7.9,9.8,14.1,18.1,19.6,18.0,13.4,9.4,1.9,4.8,8.8,13.4,17.9,21.2,23.3,20.5,16.7,12.5,8.3,4.6,11.8,13.6,15.4,16.3,15.6,13.9,12.0,11.2,58.9,60.4,64.3,68.4,70.1,68.6,64.7,60.3,54.7,57.4,61.0,65.6,69.7,72.6,74.3,72.5,69.6,66.0,61.9,57.8,62.6,64.3,66.0,66.7,65.9,64.2,62.5,61.8,-32.9,-37.1,-38.6,-36.7,-32.3,-27.8,-26.6,-28.5,-31.5,-33.6,-34.8,-35.3,-34.2,-32.2,-29.4,-27.9,-27.5,-27.4,-28.0,-29.3,-30.8,-29.9,-30.6,-32.4,-34.3,-35.2,-34.5,-32.7,-32.7,-37.0,-38.9,-37.3,-33.1,-28.8,-26.9,-28.2,-29.9,-32.7,-34.7,-35.6,-35.1,-33.8,-31.5,-29.3,-28.1,-27.5,-27.7,-28.3,-31.0,-30.2,-31.1,-32.9,-34.8,-35.5,-34.7,-32.8,518.3,518.9,519.3,519.4,519.1,518.8,518.1,518.0,522.0,519.7,517.6,516.8,517.7,519.4,521.2,519.4,517.6,517.0,517.7,519.7,519.2,519.2,519.4,519.7,519.8,519.8,519.6,519.4,540.5,541.5,543.3,544.9,545.4,544.4,542.5,541.0,540.6,540.0,540.0,541.3,544.3,548.0,551.5,548.2,544.7,542.1,540.6,540.4,542.8,543.5,544.3,544.7,544.5,543.8,543.0,542.6,44.3,1.4,647.9,0.23,-0.243,0.076,228.1,227.6,228.4,230.4,234.8,242.2,251.7,262.7,273.5,281.9,287.8,293.2,298.1,302.1,305.1,307.4,308.5,242.2,249.6,258.6,267.5,275.3,289.8,296.1,302.1,307.6,310.3,282.2,283.2,284.3,285.3,272.7,277.1,281.5,285.4,288.6,251.3,256.9,263.1,267.6,262.6,256.4,289.5,294.5,299.7,302.8,299.8,294.7,261.6,270.0,276.6,280.0,283.6,287.3,289.9,286.8,282.8,279.0,275.1,268.9,264.7,275.8,279.4,282.9,288.0,282.9,279.3,275.6,161.8,173.5,185.2,196.6,207.5,217.1,225.2,231.3,232.9,230.6,223.9,215.8,206.8,196.9,186.7,176.2,165.4,155.5,151.1,150.4,152.3,155.7,155.8,152.9,151.6,152.6,156.9,164.4,172.2,180.0,187.9,192.5,194.2,195.5,194.4,192.8,163.8,161.2,161.5,165.5,166.7,166.5,166.0,162.2,162.3,165.1,167.5,167.5,207.5,205.4,204.1,205.3,204.2,205.7,207.8,212.7,214.8,215.2,214.8,212.6,207.8,207.8,208.2,207.8,208.2,209.0,209.5,209.1,-37.4,-38.4,-37.3,-34.1,-26.3,-13.5,2.9,21.7,40.1,55.5,67.2,78.3,88.0,95.1,100.2,104.1,105.9,-12.7,-0.7,13.8,28.0,40.5,64.6,75.9,87.1,97.8,104.1,52.1,53.2,54.4,55.6,36.5,43.7,50.8,57.4,63.1,2.1,11.3,21.2,28.8,20.4,10.4,65.9,74.5,83.9,90.2,84.2,74.9,19.1,32.6,43.1,48.8,54.9,62.0,67.6,61.3,54.0,47.5,40.9,31.0,24.2,42.0,48.0,54.1,63.9,54.1,47.9,41.8,-43.9,-24.0,-3.9,15.8,34.7,51.3,64.8,74.7,77.6,75.0,64.9,51.3,35.2,17.2,-1.5,-20.5,-40.1,-51.9,-58.5,-59.5,-56.3,-50.8,-51.4,-56.9,-59.9,-59.2,-52.8,-37.3,-24.5,-12.0,0.7,8.1,10.7,12.9,11.2,8.7,-38.5,-42.7,-42.2,-35.8,-33.8,-34.0,-35.8,-42.4,-42.5,-38.2,-33.8,-33.6,33.0,29.1,26.9,28.9,27.3,30.3,34.4,42.0,44.9,45.3,44.5,41.1,33.4,33.1,33.9,33.4,34.9,35.3,36.0,35.2,666.0,670.4,675.4,678.6,679.1,677.4,672.7,666.6,668.3,679.6,695.6,708.2,713.7,712.9,710.7,708.6,707.5,633.5,628.3,625.7,624.0,624.2,634.2,642.8,652.8,663.5,674.4,631.5,626.3,620.6,615.4,629.5,629.5,630.2,634.1,638.5,635.4,633.3,635.0,637.8,635.5,633.9,651.7,654.5,659.6,666.9,660.4,655.5,645.3,636.1,633.8,635.8,638.7,648.4,662.5,650.6,642.7,639.3,637.6,639.0,643.7,637.0,638.5,642.1,658.0,641.9,638.4,637.0,0.599,0.244,-0.323,0.095,276.643,188.172,-2.399,13.643,-14.336,14.314,3.264,0.241,-3.124,1.926,4.606,-2.266,1.043,0.405,-0.143,-2.312,-0.057,0.088,0.442,1.162,-0.493,-0.549,0.547,-0.287,-0.362,-0.553,0.313,0.044,0.177,0.064,-0.107,-0.003,-0.019,-0.003,0.006,-0.002,0.0,0.0,0.0,1.08,0.0,0.0,0.0,0.0,0.0,0.7,0.0,0.0,0.0,0.0,0.0,0.0,0.0,0.0,1.0,0.0,1.0,0.0,0.0,0.0,0.0,0.0,0.0,0.0,0.0,0.0,0.0,0.0,0.0,1.0,0.0
PP133,g1,3695,0,0.975,0.231021,0.221809,-0.947328,0.077955,0.209209,-0.974759,0.159,0.221,256.1,257.5,260.7,263.8,264.9,263.6,260.2,257.2,251.5,253.7,256.7,260.3,263.6,266.0,267.5,265.5,262.7,259.5,256.4,253.5,259.0,260.3,261.7,262.3,261.9,260.5,259.1,258.5,292.8,293.8,296.5,299.2,300.4,299.4,296.7,293.7,289.7,291.7,294.3,297.5,300.2,302.0,302.9,301.8,300.1,297.7,294.9,291.9,295.2,296.4,297.6,298.0,297.5,296.3,295.1,294.7,162.4,159.3,158.1,159.7,163.0,166.3,167.2,165.6,163.5,161.9,160.9,160.6,161.4,163.1,165.2,166.2,166.5,166.5,166.0,165.1,164.0,164.7,164.2,162.9,161.4,160.8,161.3,162.6,163.8,160.7,159.5,160.7,163.8,166.8,168.1,167.1,165.8,163.8,162.4,161.8,162.3,163.4,165.2,166.6,167.3,167.6,167.4,167.0,165.2,165.7,165.2,163.8,162.5,162.0,162.5,163.8,8.0,10.0,14.3,18.3,19.8,18.0,13.5,9.5,2.0,4.9,8.9,13.6,18.0,21.3,23.4,20.6,16.8,12.6,8.4,4.7,11.9,13.7,15.5,16.4,15.8,14.0,12.1,11.3,59.2,60.7,64.6,68.7,70.4,68.8,64.9,60.5,54.9,57.6,61.3,65.9,70.0,72.9,74.6,72.8,69.9,66.2,62.1,58.0,62.8,64.6,66.3,67.0,66.2,64.5,62.7,62.1,-33.3,-37.5,-39.0,-37.0,-32.6,-28.1,-26.9,-29.0,-32.0,-34.1,-35.2,-35.6,-34.6,-32.5,-29.7,-28.3,-27.8,-27.8,-28.5,-29.8,-31.2,-30.3,-30.9,-32.7,-34.7,-35.6,-34.9,-33.1,-32.8,-37.1,-39.0,-37.3,-33.1,-28.8,-27.0,-28.3,-30.0,-32.8,-34.7,-35.7,-35.1,-33.8,-31.6,-29.4,-28.1,-27.6,-27.8,-28.4,-31.0,-30.3,-31.1,-33.0,-34.8,-35.6,-34.8,-32.9,518.0,518.5,519.1,519.2,518.9,518.6,517.8,517.6,521.6,519.3,517.2,516.5,517.5,519.2,521.1,519.2,517.3,516.6,517.4,519.3,518.9,518.9,519.2,519.4,519.6,519.5,519.3,519.0,540.5,541.5,543.3,544.9,545.4,544.4,542.6,541.1,540.7,540.1,540.1,541.4,544.3,548.1,551.5,548.2,544.8,542.1,540.7,540.5,542.8,543.5,544.3,544.8,544.6,543.9,543.1,542.6,44.0,0.9,649.1,0.247,-0.24,0.089,228.3,227.7,228.3,230.1,234.3,241.5,250.8,261.7,272.4,281.0,287.0,292.7,297.9,302.0,305.1,307.5,308.7,242.4,249.8,258.9,267.8,275.6,290.1,296.4,302.4,307.9,310.6,282.4,283.2,284.1,285.0,272.4,276.8,281.2,285.0,288.3,251.4,257.1,263.2,267.7,262.6,256.5,289.6,294.7,299.9,303.0,300.0,294.8,260.8,269.3,276.0,279.5,283.1,286.9,289.5,286.2,282.1,278.2,274.3,268.1,263.9,275.2,278.8,282.4,287.5,282.3,278.7,274.9,161.2,172.8,184.4,195.6,206.4,216.0,224.1,230.3,232.1,230.0,223.3,215.2,206.3,196.5,186.3,175.8,165.1,154.9,150.7,150.1,152.0,155.5,155.7,152.8,151.6,152.6,156.8,164.4,172.2,179.9,187.9,192.3,193.9,195.3,194.3,192.8,163.4,160.8,161.3,165.3,166.5,166.2,166.0,162.1,162.3,165.1,167.5,167.4,206.8,204.9,203.8,205.0,204.0,205.5,207.4,212.5,214.6,215.0,214.5,212.1,207.2,207.4,207.9,207.5,207.8,208.8,209.3,208.8,-37.1,-38.3,-37.5,-34.6,-27.3,-14.7,1.4,20.0,38.5,54.0,66.0,77.5,87.6,95.1,100.4,104.5,106.5,-12.4,-0.3,14.2,28.4,40.9,65.1,76.4,87.7,98.4,104.7,52.4,53.2,54.3,55.3,36.1,43.3,50.4,57.0,62.7,2.2,11.5,21.4,28.9,20.5,10.5,66.2,74.9,84.3,90.6,84.6,75.2,17.9,31.6,42.3,48.1,54.3,61.4,67.1,60.5,53.0,46.3,39.8,29.7,23.0,41.1,47.2,53.4,63.4,53.2,46.9,40.8,-44.9,-25.2,-5.4,14.2,32.9,49.5,63.1,73.3,76.5,74.0,63.8,50.3,34.3,16.4,-2.2,-21.2,-40.7,-52.9,-59.2,-60.0,-56.7,-51.1,-51.6,-57.1,-60.1,-59.3,-53.0,-37.4,-24.6,-12.1,0.6,7.7,10.4,12.7,11.0,8.6,-39.2,-43.2,-42.7,-36.2,-34.3,-34.6,-35.9,-42.5,-42.6,-38.3,-33.9,-33.7,32.0,28.4,26.4,28.5,27.0,29.9,33.9,41.8,44.7,45.1,44.2,40.4,32.5,32.6,33.4,33.0,34.4,35.2,35.8,34.8,666.3,670.6,675.6,679.1,679.9,678.5,674.1,668.2,669.9,680.9,696.8,709.2,714.7,714.0,712.0,710.0,708.9,634.0,628.8,626.1,624.4,624.6,634.5,643.1,653.1,663.8,674.7,632.0,627.0,621.5,616.6,630.6,630.7,631.4,635.3,639.6,636.0,633.8,635.5,638.4,636.1,634.4,652.2,654.9,659.9,667.3,660.9,655.9,646.9,637.8,635.3,637.2,640.1,649.9,664.1,652.4,644.6,641.2,639.5,640.9,645.4,638.5,640.0,643.5,659.8,643.5,640.1,638.7,0.598,0.26,-0.32,0.109,276.401,187.823,-3.41,11.837,-13.531,12.97,4.692,-0.334,-3.393,1.093,4.352,-1.053,1.351,0.703,0.094,-2.259,-0.165,0.061,0.647,1.029,-0.655,-0.611,0.52,-0.364,-0.122,-0.378,0.326,-0.06,0.147,0.065,-0.093,0.01,-0.012,0.01,0.004,-0.005,0.23,0.0,0.0,0.74,0.0,0.0,0.0,0.0,0.0,0.68,0.0,0.0,0.0,0.0,0.0,0.0,0.0,1.0,1.0,0.0,1.0,0.0,0.0,0.0,0.0,0.0,0.0,0.0,0.0,0.0,0.0,0.0,0.0,1.0,0.0
PP133,g1,3701,0,0.975,0.234067,0.226053,-0.945575,0.07648,0.213059,-0.974041,0.16,0.225,256.2,257.7,260.9,263.9,265.0,263.7,260.3,257.2,251.6,253.8,256.9,260.4,263.7,266.1,267.6,265.6,262.7,259.6,256.5,253.6,259.1,260.4,261.8,262.4,262.0,260.6,259.2,258.6,292.9,293.9,296.6,299.3,300.5,299.5,296.8,293.8,289.8,291.8,294.4,297.6,300.3,302.0,302.9,301.9,300.2,297.8,295.0,292.0,295.3,296.5,297.6,298.1,297.6,296.4,295.2,294.8,162.3,159.2,158.1,159.6,162.9,166.3,167.1,165.5,163.4,161.7,160.8,160.5,161.3,163.0,165.2,166.2,166.4,166.4,165.9,164.9,164.0,164.6,164.1,162.8,161.4,160.7,161.2,162.5,163.8,160.7,159.5,160.7,163.8,166.8,168.1,167.0,165.8,163.8,162.4,161.7,162.3,163.4,165.1,166.5,167.3,167.6,167.4,166.9,165.1,165.7,165.1,163.8,162.5,161.9,162.5,163.8,8.2,10.2,14.4,18.5,19.9,18.1,13.6,9.6,2.1,5.1,9.1,13.8,18.2,21.4,23.5,20.7,16.9,12.7,8.6,4.8,12.0,13.8,15.7,16.5,15.9,14.2,12.3,11.4,59.5,61.0,65.0,69.0,70.7,69.1,65.2,60.8,55.2,57.9,61.6,66.2,70.3,73.2,74.9,73.1,70.2,66.5,62.4,58.3,63.1,64.9,66.6,67.3,66.5,64.8,63.1,62.4,-33.5,-37.6,-39.1,-37.1,-32.7,-28.2,-27.1,-29.1,-32.2,-34.2,-35.4,-35.7,-34.7,-32.6,-29.8,-28.4,-28.0,-28.0,-28.6,-30.0,-31.3,-30.4,-31.1,-32.9,-34.8,-35.7,-35.0,-33.2,-33.0,-37.2,-39.1,-37.5,-33.2,-28.9,-27.1,-28.5,-30.1,-32.9,-34.9,-35.8,-35.2,-33.9,-31.7,-29.5,-28.2,-27.7,-27.9,-28.5,-31.2,-30.4,-31.2,-33.1,-35.0,-35.7,-34.9,-33.0,518.1,518.7,519.3,519.4,519.2,518.8,518.0,517.8,521.7,519.4,517.4,516.7,517.7,519.5,521.4,519.5,517.6,516.9,517.6,519.4,519.1,519.2,519.4,519.7,519.8,519.7,519.5,519.2,542.2,543.1,545.0,546.6,547.1,546.1,544.3,542.8,542.4,541.8,541.7,543.0,546.0,549.7,553.2,549.9,546.5,543.8,542.4,542.2,544.5,545.2,546.0,546.4,546.2,545.5,544.7,544.3,44.2,0.3,651.8,0.254,-0.241,0.093,228.3,227.8,228.3,230.0,234.3,241.4,250.7,261.6,272.2,280.7,286.8,292.6,297.9,302.1,305.1,307.5,308.7,242.6,250.0,259.1,268.0,275.7,290.2,296.6,302.6,308.0,310.7,282.4,283.2,284.2,285.0,272.4,276.8,281.1,285.0,288.2,251.4,257.2,263.3,267.8,262.7,256.6,289.7,294.8,300.0,303.1,300.0,294.9,260.8,269.3,276.0,279.4,283.1,286.8,289.4,286.1,282.0,278.1,274.2,268.0,263.9,275.1,278.7,282.3,287.5,282.2,278.6,274.9,160.9,172.4,183.9,195.0,205.6,215.1,223.1,229.4,231.2,229.1,222.5,214.6,205.8,196.1,186.0,175.6,164.9,154.6,150.5,149.9,151.9,155.4,155.6,152.7,151.5,152.5,156.7,164.4,172.1,179.7,187.6,192.0,193.6,195.0,194.0,192.5,163.3,160.8,161.2,165.3,166.4,166.1,166.0,162.1,162.3,165.1,167.4,167.4,206.3,204.5,203.4,204.6,203.6,205.1,207.0,212.0,214.1,214.5,214.0,211.6,206.7,207.0,207.5,207.2,207.4,208.4,208.9,208.3,-37.1,-38.3,-37.6,-34.8,-27.5,-15.0,1.3,19.8,38.3,53.8,65.9,77.7,88.0,95.6,101.0,105.1,107.1,-12.1,0.0,14.6,28.8,41.3,65.5,76.9,88.2,98.9,105.3,52.7,53.5,54.6,55.5,36.4,43.5,50.5,57.1,62.9,2.4,11.7,21.7,29.1,20.8,10.7,66.6,75.3,84.8,91.0,85.0,75.6,18.0,31.7,42.5,48.2,54.4,61.5,67.2,60.5,53.0,46.4,39.8,29.7,23.1,41.2,47.3,53.5,63.6,53.3,47.0,40.9,-45.5,-25.9,-6.3,13.1,31.7,48.1,61.6,71.9,75.2,72.8,62.7,49.4,33.6,15.8,-2.7,-21.7,-41.2,-53.5,-59.7,-60.4,-57.1,-51.5,-52.0,-57.4,-60.5,-59.7,-53.4,-37.5,-24.9,-12.4,0.2,7.3,10.0,12.2,10.6,8.3,-39.6,-43.6,-43.0,-36.5,-34.5,-34.9,-36.1,-42.7,-42.8,-38.5,-34.1,-33.8,31.3,27.8,25.9,28.0,26.5,29.4,33.3,41.1,44.1,44.4,43.5,39.7,31.8,32.1,32.9,32.5,33.7,34.6,35.1,34.2,668.8,673.0,677.9,681.4,682.3,681.0,676.7,671.0,672.8,683.7,699.6,712.0,717.6,717.2,715.3,713.5,712.5,636.2,631.1,628.4,626.7,626.9,636.8,645.4,655.5,666.2,677.2,634.5,629.6,624.2,619.3,633.2,633.4,634.3,638.0,642.3,638.5,636.2,637.9,640.8,638.5,636.9,654.7,657.3,662.4,669.9,663.4,658.4,649.5,640.5,637.9,639.9,642.7,652.7,667.0,655.3,647.3,644.0,642.3,643.7,648.1,641.2,642.7,646.2,662.7,646.2,642.8,641.4,0.596,0.266,-0.321,0.114,276.412,187.482,-2.106,10.687,-13.684,11.394,5.771,-1.077,-3.361,1.233,4.038,-0.393,1.249,0.876,0.195,-2.318,-0.354,0.046,0.587,0.874,-0.654,-0.706,0.5,-0.29,-0.015,-0.245,0.356,-0.13,0.118,0.061,-0.087,0.016,-0.016,0.017,0.001,-0.004,0.17,0.0,0.0,1.27,0.0,0.0,0.0,0.0,0.0,0.55,0.0,0.0,0.0,0.0,0.0,0.0,0.0,0.0,1.0,0.0,1.0,0.0,0.0,0.0,0.0,0.0,0.0,0.0,0.0,0.0,0.0,0.0,0.0,1.0,0.0
PP133,g1,3707,0,0.975,0.235415,0.219856,-0.946701,0.079438,0.207974,-0.974903,0.162,0.219,256.1,257.5,260.7,263.8,264.9,263.6,260.2,257.2,251.5,253.7,256.8,260.3,263.6,266.0,267.5,265.5,262.7,259.5,256.4,253.5,259.0,260.3,261.7,262.3,261.8,260.5,259.1,258.5,292.7,293.7,296.4,299.1,300.3,299.3,296.6,293.6,289.6,291.6,294.2,297.4,300.1,301.8,302.7,301.7,300.0,297.6,294.8,291.8,295.1,296.3,297.5,297.9,297.4,296.2,295.0,294.6,162.4,159.3,158.2,159.7,163.0,166.3,167.2,165.7,163.5,161.9,160.9,160.6,161.4,163.0,165.2,166.2,166.5,166.5,166.0,165.1,164.1,164.7,164.2,162.9,161.4,160.8,161.3,162.6,163.7,160.7,159.4,160.7,163.7,166.7,168.0,167.0,165.7,163.7,162.3,161.7,162.2,163.3,165.0,166.4,167.2,167.5,167.3,166.9,165.1,165.6,165.1,163.7,162.4,161.9,162.4,163.7,8.1,10.0,14.3,18.3,19.8,18.1,13.6,9.5,2.0,4.9,9.0,13.6,18.1,21.3,23.4,20.6,16.8,12.6,8.5,4.7,11.9,13.7,15.6,16.4,15.8,14.0,12.2,11.3,59.4,60.9,64.8,68.8,70.6,69.0,65.1,60.7,55.1,57.8,61.5,66.1,70.2,73.1,74.8,73.0,70.1,66.4,62.3,58.2,63.0,64.8,66.5,67.2,66.4,64.6,62.9,62.2,-33.4,-37.5,-39.1,-37.1,-32.7,-28.2,-27.0,-29.0,-32.1,-34.1,-35.3,-35.7,-34.6,-32.6,-29.8,-28.3,-27.9,-27.9,-28.5,-29.9,-31.2,-30.3,-31.0,-32.8,-34.7,-35.6,-34.9,-33.1,-33.1,-37.4,-39.3,-37.6,-33.4,-29.1,-27.3,-28.6,-30.3,-33.0,-35.0,-36.0,-35.4,-34.1,-31.9,-29.7,-28.4,-27.9,-28.1,-28.7,-31.3,-30.6,-31.4,-33.3,-35.1,-35.9,-35.0,-33.2,519.1,519.7,520.2,520.4,520.1,519.7,518.9,518.8,522.7,520.3,518.4,517.6,518.7,520.4,522.3,520.4,518.5,517.8,518.5,520.4,520.0,520.1,520.3,520.6,520.7,520.7,520.4,520.2,543.3,544.3,546.1,547.7,548.2,547.3,545.4,543.9,543.6,542.9,542.9,544.2,547.1,550.9,554.3,551.0,547.6,544.9,543.5,543.3,545.7,546.4,547.2,547.6,547.4,546.7,545.9,545.4,44.3,0.4,651.4,0.244,-0.244,0.086,228.2,227.7,228.3,230.1,234.4,241.6,251.0,261.9,272.7,281.2,287.2,292.9,298.0,302.1,305.1,307.4,308.5,242.4,249.8,258.9,267.8,275.6,289.9,296.3,302.3,307.7,310.5,282.3,283.1,284.1,285.1,272.5,276.9,281.3,285.1,288.3,251.4,257.1,263.2,267.7,262.6,256.5,289.6,294.6,299.8,302.9,299.9,294.7,261.1,269.6,276.3,279.7,283.3,287.0,289.6,286.4,282.3,278.5,274.6,268.4,264.2,275.4,279.0,282.6,287.7,282.5,278.9,275.2,161.3,172.8,184.3,195.5,206.1,215.6,223.5,229.7,231.5,229.3,222.7,214.8,205.9,196.2,186.1,175.6,164.9,154.9,150.7,150.0,151.9,155.4,155.5,152.6,151.4,152.4,156.7,164.3,172.0,179.6,187.4,192.0,193.6,194.9,193.9,192.4,163.5,160.9,161.3,165.3,166.4,166.2,165.9,162.1,162.2,165.0,167.3,167.3,206.5,204.5,203.3,204.5,203.5,205.0,207.0,212.0,214.1,214.5,214.0,211.8,206.9,207.1,207.5,207.1,207.4,208.4,208.9,208.4,-37.4,-38.5,-37.6,-34.6,-27.2,-14.6,1.8,20.5,39.0,54.5,66.5,78.1,88.1,95.6,100.8,104.8,106.7,-12.4,-0.3,14.3,28.6,41.1,65.1,76.5,87.7,98.5,104.9,52.5,53.4,54.5,55.6,36.5,43.6,50.7,57.3,63.0,2.2,11.5,21.5,29.0,20.6,10.6,66.3,75.0,84.4,90.7,84.7,75.4,18.5,32.1,42.8,48.6,54.7,61.8,67.5,61.0,53.5,46.9,40.4,30.3,23.6,41.7,47.7,53.9,63.8,53.7,47.5,41.3,-44.9,-25.2,-5.5,13.9,32.5,48.9,62.3,72.5,75.6,73.1,63.1,49.8,33.9,16.0,-2.6,-21.7,-41.2,-53.1,-59.5,-60.3,-57.1,-51.5,-52.1,-57.6,-60.7,-59.9,-53.5,-37.7,-25.0,-12.6,-0.1,7.3,9.9,12.1,10.4,8.1,-39.3,-43.4,-42.8,-36.4,-34.4,-34.7,-36.2,-42.8,-42.9,-38.6,-34.2,-34.0,31.6,27.9,25.8,27.9,26.3,29.3,33.3,41.1,44.0,44.4,43.6,39.9,32.1,32.1,32.9,32.4,33.8,34.5,35.1,34.2,668.8,672.9,677.7,681.1,681.9,680.6,676.1,670.2,672.1,683.2,699.2,711.7,717.3,716.9,715.1,713.3,712.4,636.4,631.3,628.6,626.9,627.1,636.9,645.5,655.6,666.5,677.5,634.5,629.5,624.0,619.0,632.9,633.1,633.9,637.7,642.0,638.5,636.3,638.0,640.9,638.6,636.9,654.7,657.4,662.5,670.0,663.4,658.5,648.9,639.8,637.3,639.3,642.2,652.0,666.3,654.6,646.6,643.3,641.6,643.0,647.5,640.6,642.1,645.6,662.0,645.6,642.1,640.8,0.596,0.256,-0.324,0.106,276.477,187.553,-1.501,11.104,-13.773,11.903,4.965,-1.234,-3.099,1.274,4.029,-0.768,1.173,0.558,-0.059,-2.25,-0.257,0.075,0.531,0.839,-0.56,-0.609,0.663,-0.243,-0.068,-0.326,0.344,-0.066,0.117,0.054,-0.089,0.014,-0.021,0.007,0.002,-0.003,0.0,0.0,0.0,1.3,0.0,0.0,0.0,0.0,0.0,0.61,0.0,0.0,0.0,0.0,0.0,0.0,0.0,0.0,1.0,0.0,1.0,0.0,0.0,0.0,0.0,0.0,0.0,0.0,0.0,0.0,0.0,0.0,0.0,1.0,0.0
PP133,g1,3713,0,0.975,0.231867,0.213464,-0.949037,0.08156,0.202549,-0.97587,0.161,0.213,256.1,257.6,260.8,263.9,265.0,263.7,260.3,257.3,251.6,253.8,256.8,260.4,263.7,266.1,267.7,265.6,262.8,259.6,256.5,253.7,259.1,260.4,261.8,262.5,262.0,260.6,259.2,258.6,292.8,293.8,296.4,299.2,300.4,299.4,296.7,293.7,289.7,291.7,294.3,297.5,300.2,301.9,302.8,301.9,300.1,297.8,294.9,291.9,295.2,296.4,297.6,298.0,297.5,296.3,295.1,294.7,162.7,159.6,158.4,159.9,163.2,166.6,167.5,165.9,163.9,162.2,161.2,160.8,161.7,163.3,165.4,166.5,166.7,166.7,166.3,165.4,164.3,165.0,164.5,163.1,161.7,161.0,161.5,162.9,163.8,160.8,159.5,160.7,163.8,166.8,168.1,167.1,165.9,163.8,162.4,161.8,162.3,163.4,165.1,166.6,167.3,167.6,167.5,167.0,165.2,165.7,165.2,163.9,162.5,162.0,162.5,163.9,8.2,10.1,14.3,18.4,19.9,18.2,13.7,9.6,2.1,5.1,9.0,13.7,18.2,21.4,23.6,20.8,16.9,12.7,8.6,4.9,12.1,13.8,15.7,16.6,15.9,14.1,12.3,11.4,59.3,60.8,64.7,68.8,70.5,69.0,65.1,60.7,55.1,57.8,61.4,66.0,70.1,73.0,74.8,72.9,70.0,66.4,62.3,58.2,63.0,64.7,66.4,67.1,66.3,64.6,62.9,62.2,-32.9,-37.1,-38.6,-36.7,-32.3,-27.8,-26.6,-28.6,-31.6,-33.6,-34.8,-35.2,-34.2,-32.2,-29.4,-28.0,-27.5,-27.4,-28.1,-29.4,-30.8,-29.9,-30.6,-32.4,-34.3,-35.2,-34.5,-32.7,-32.8,-37.1,-39.0,-37.4,-33.2,-28.9,-27.0,-28.3,-30.0,-32.8,-34.8,-35.7,-35.2,-33.9,-31.6,-29.5,-28.2,-27.6,-27.8,-28.4,-31.1,-30.3,-31.2,-33.0,-34.9,-35.6,-34.8,-32.9,517.9,518.4,518.9,519.0,518.7,518.4,517.7,517.6,521.6,519.2,517.2,516.4,517.3,519.0,520.9,519.1,517.2,516.5,517.3,519.2,518.8,518.8,519.0,519.3,519.4,519.4,519.2,518.9,541.7,542.6,544.5,546.1,546.6,545.6,543.8,542.2,541.9,541.2,541.2,542.5,545.5,549.2,552.7,549.4,545.9,543.3,541.8,541.6,544.0,544.7,545.5,545.9,545.7,545.0,544.2,543.8,44.8,1.1,649.4,0.233,-0.243,0.077,228.3,227.9,228.6,230.6,235.0,242.3,251.8,262.9,273.6,282.0,287.9,293.4,298.4,302.3,305.3,307.6,308.6,242.5,249.8,258.9,267.8,275.6,290.0,296.3,302.3,307.7,310.5,282.4,283.3,284.4,285.5,272.9,277.3,281.7,285.5,288.7,251.5,257.2,263.3,267.8,262.8,256.6,289.7,294.7,299.9,303.0,300.0,294.8,261.9,270.3,276.8,280.2,283.8,287.5,290.1,287.0,283.0,279.2,275.3,269.2,265.0,276.0,279.6,283.1,288.1,283.1,279.5,275.9,161.7,173.4,185.0,196.2,207.0,216.5,224.5,230.7,232.3,230.1,223.4,215.4,206.4,196.7,186.5,176.0,165.2,155.2,150.9,150.2,152.1,155.5,155.7,152.8,151.5,152.5,156.7,164.4,172.1,179.8,187.7,192.3,193.9,195.2,194.2,192.6,163.8,161.1,161.5,165.5,166.7,166.5,166.0,162.2,162.3,165.1,167.5,167.5,207.2,205.1,203.7,204.9,203.9,205.4,207.5,212.5,214.6,215.0,214.6,212.4,207.5,207.5,207.9,207.5,207.9,208.8,209.3,208.8,-37.0,-38.0,-37.0,-33.8,-26.2,-13.3,3.2,22.0,40.5,55.8,67.7,78.9,88.6,95.7,100.8,104.7,106.5,-12.2,-0.3,14.3,28.5,41.0,65.1,76.4,87.6,98.3,104.6,52.5,53.6,54.8,56.0,37.0,44.1,51.2,57.8,63.5,2.4,11.6,21.6,29.2,20.8,10.7,66.3,75.0,84.4,90.7,84.7,75.4,19.6,33.1,43.6,49.3,55.4,62.5,68.1,61.8,54.4,47.9,41.4,31.4,24.7,42.5,48.5,54.6,64.4,54.5,48.4,42.3,-44.1,-24.3,-4.4,15.2,34.0,50.4,63.9,73.8,76.8,74.2,64.1,50.7,34.7,16.7,-1.9,-21.0,-40.5,-52.4,-59.0,-59.9,-56.7,-51.2,-51.8,-57.3,-60.4,-59.6,-53.2,-37.4,-24.7,-12.3,0.3,7.8,10.4,12.5,10.8,8.4,-38.7,-42.8,-42.3,-36.0,-33.9,-34.1,-35.9,-42.5,-42.7,-38.4,-33.9,-33.7,32.6,28.7,26.4,28.4,26.8,29.8,34.0,41.7,44.6,45.1,44.3,40.8,33.1,32.7,33.4,33.0,34.5,35.0,35.7,34.8,667.3,671.6,676.5,679.8,680.4,678.8,674.1,668.1,669.9,681.2,697.2,709.8,715.4,714.7,712.6,710.6,709.5,634.8,629.7,627.0,625.3,625.5,635.3,643.9,654.1,664.8,675.8,632.9,627.8,622.1,616.9,630.9,631.1,631.8,635.6,640.0,636.8,634.6,636.3,639.2,636.9,635.3,653.1,655.9,661.0,668.5,661.9,656.9,646.6,637.4,635.0,637.1,639.9,649.7,663.9,652.1,644.2,640.9,639.1,640.4,645.1,638.4,639.9,643.4,659.4,643.3,639.8,638.4,0.598,0.246,-0.324,0.096,276.847,187.938,-1.468,12.802,-14.578,13.675,3.688,-0.998,-3.072,2.312,4.089,-1.833,1.004,0.202,-0.09,-2.353,-0.189,0.023,0.45,0.916,-0.585,-0.545,0.584,-0.237,-0.309,-0.481,0.3,0.092,0.149,0.055,-0.096,0.001,-0.024,-0.005,0.006,-0.0,0.39,0.0,0.0,1.31,0.0,0.0,0.0,0.0,0.0,0.48,0.0,0.0,0.0,0.0,0.0,0.0,0.0,0.0,1.0,0.0,1.0,0.0,0.0,0.0,0.0,0.0,0.0,0.0,0.0,0.0,0.0,0.0,0.0,1.0,0.0
PP133,g1,3719,0,0.975,0.231146,0.210306,-0.949917,0.08224,0.199402,-0.976461,0.161,0.21,256.4,257.9,261.0,264.1,265.2,264.0,260.6,257.5,251.9,254.1,257.1,260.6,263.9,266.3,267.9,265.9,263.0,259.9,256.8,253.9,259.3,260.7,262.1,262.7,262.2,260.9,259.5,258.8,293.0,294.0,296.7,299.4,300.6,299.6,297.0,294.0,289.9,291.9,294.6,297.7,300.4,302.2,303.0,302.1,300.3,298.0,295.1,292.2,295.4,296.6,297.8,298.2,297.7,296.5,295.3,294.9,162.8,159.7,158.6,160.1,163.3,166.7,167.6,166.1,164.0,162.4,161.4,161.0,161.8,163.4,165.5,166.6,166.9,166.9,166.4,165.6,164.5,165.1,164.6,163.3,161.8,161.2,161.7,163.1,164.0,160.9,159.7,160.9,163.9,167.0,168.2,167.2,166.0,164.0,162.6,161.9,162.5,163.6,165.3,166.7,167.5,167.8,167.6,167.1,165.3,165.9,165.3,164.0,162.7,162.1,162.7,164.0,8.5,10.5,14.7,18.8,20.3,18.6,14.1,10.0,2.5,5.4,9.4,14.1,18.5,21.8,23.9,21.1,17.3,13.1,9.0,5.2,12.4,14.2,16.1,16.9,16.3,14.5,12.6,11.8,59.8,61.3,65.2,69.2,71.0,69.5,65.5,61.2,55.5,58.2,61.9,66.5,70.6,73.5,75.2,73.4,70.5,66.9,62.8,58.6,63.4,65.2,66.9,67.6,66.8,65.0,63.3,62.7,-32.8,-37.0,-38.5,-36.6,-32.2,-27.7,-26.5,-28.4,-31.4,-33.5,-34.7,-35.1,-34.1,-32.1,-29.4,-27.9,-27.4,-27.3,-28.0,-29.3,-30.7,-29.8,-30.5,-32.3,-34.2,-35.1,-34.4,-32.6,-32.7,-37.0,-38.9,-37.3,-33.0,-28.7,-26.9,-28.2,-29.9,-32.7,-34.6,-35.6,-35.0,-33.7,-31.5,-29.3,-28.1,-27.5,-27.7,-28.3,-30.9,-30.2,-31.0,-32.9,-34.8,-35.5,-34.7,-32.8,519.4,519.9,520.4,520.5,520.2,519.9,519.2,519.0,523.1,520.7,518.6,517.9,518.8,520.5,522.4,520.5,518.7,518.0,518.8,520.7,520.3,520.3,520.5,520.8,520.9,520.9,520.7,520.4,543.0,544.0,545.9,547.5,547.9,547.0,545.1,543.6,543.2,542.6,542.6,543.9,546.9,550.6,554.1,550.8,547.3,544.6,543.2,543.0,545.4,546.1,546.9,547.3,547.1,546.4,545.6,545.2,45.2,1.4,648.9,0.227,-0.244,0.076,228.5,228.1,228.8,230.8,235.3,242.7,252.2,263.2,274.0,282.4,288.2,293.6,298.6,302.5,305.4,307.8,308.8,242.7,250.1,259.2,268.1,275.8,290.3,296.6,302.5,308.0,310.7,282.7,283.6,284.7,285.7,273.2,277.6,282.0,285.8,289.0,251.8,257.4,263.5,268.1,263.0,256.9,289.9,294.9,300.1,303.2,300.2,295.1,262.2,270.6,277.1,280.5,284.1,287.9,290.4,287.3,283.4,279.5,275.6,269.5,265.3,276.3,279.9,283.5,288.5,283.4,279.9,276.2,162.0,173.7,185.3,196.6,207.4,217.0,225.0,231.1,232.7,230.5,223.9,215.9,206.9,197.1,186.8,176.3,165.5,155.4,151.1,150.4,152.2,155.7,155.8,152.9,151.6,152.6,156.9,164.5,172.2,179.9,187.8,192.5,194.1,195.4,194.3,192.8,163.9,161.3,161.7,165.6,166.8,166.6,166.2,162.3,162.5,165.2,167.6,167.6,207.5,205.3,204.0,205.2,204.1,205.7,207.8,212.7,214.7,215.1,214.7,212.6,207.8,207.7,208.2,207.7,208.2,208.9,209.5,209.0,-36.6,-37.6,-36.6,-33.4,-25.6,-12.7,3.8,22.6,41.1,56.4,68.1,79.2,88.9,96.0,101.1,105.0,106.8,-11.8,0.2,14.7,28.9,41.4,65.5,76.8,87.9,98.6,104.9,52.9,54.0,55.2,56.4,37.4,44.5,51.7,58.2,63.9,2.9,12.0,22.0,29.5,21.2,11.2,66.7,75.4,84.7,91.0,85.1,75.8,20.1,33.5,44.0,49.7,55.9,62.9,68.6,62.3,55.0,48.4,41.9,32.0,25.2,42.9,49.0,55.1,64.9,55.0,48.9,42.7,-43.6,-23.8,-3.8,15.9,34.7,51.1,64.6,74.5,77.4,74.9,64.8,51.5,35.5,17.5,-1.2,-20.3,-39.9,-52.1,-58.7,-59.6,-56.4,-50.9,-51.5,-57.0,-60.1,-59.3,-52.9,-37.2,-24.5,-12.0,0.5,8.1,10.7,12.8,11.1,8.7,-38.4,-42.5,-42.1,-35.7,-33.7,-33.9,-35.7,-42.2,-42.4,-38.1,-33.7,-33.4,33.0,29.1,26.8,28.8,27.2,30.2,34.5,42.0,44.8,45.3,44.5,41.1,33.5,33.1,33.8,33.3,34.9,35.3,35.9,35.1,666.9,671.1,676.0,679.2,679.7,678.0,673.2,667.1,669.1,680.4,696.6,709.3,714.9,714.3,712.1,710.1,709.1,634.5,629.4,626.8,625.1,625.3,635.1,643.8,653.9,664.7,675.7,632.7,627.4,621.7,616.5,630.4,630.6,631.3,635.2,639.7,636.5,634.4,636.1,639.0,636.7,635.0,652.9,655.7,660.8,668.2,661.6,656.6,646.0,636.8,634.6,636.6,639.5,649.3,663.3,651.5,643.6,640.2,638.4,639.8,644.4,637.8,639.4,642.9,658.9,642.8,639.3,637.8,0.598,0.241,-0.326,0.095,277.119,188.173,-1.826,12.962,-14.739,13.879,3.416,-0.368,-2.919,2.386,4.185,-2.032,0.963,-0.034,-0.271,-2.35,-0.104,0.15,0.254,0.969,-0.518,-0.653,0.631,-0.142,-0.335,-0.578,0.325,0.098,0.154,0.041,-0.098,-0.003,-0.03,-0.004,0.008,0.0,0.19,0.0,0.0,1.23,0.0,0.0,0.0,0.0,0.0,0.56,0.0,0.0,0.0,0.0,0.0,0.0,0.0,1.0,1.0,0.0,1.0,0.0,0.0,0.0,0.0,0.0,0.0,0.0,0.0,0.0,0.0,0.0,0.0,1.0,0.0
PP133,g1,3725,0,0.925,0.229695,0.210351,-0.950259,0.082254,0.199113,-0.976519,0.161,0.209,256.7,258.1,261.3,264.4,265.5,264.3,260.9,257.8,252.2,254.4,257.4,260.9,264.2,266.7,268.2,266.2,263.3,260.2,257.0,254.2,259.6,261.0,262.4,263.0,262.5,261.2,259.8,259.1,293.3,294.3,297.0,299.7,300.9,299.9,297.3,294.3,290.2,292.2,294.9,298.1,300.7,302.5,303.4,302.4,300.7,298.3,295.5,292.5,295.7,296.9,298.1,298.5,298.0,296.8,295.6,295.2,162.8,159.7,158.6,160.1,163.3,166.7,167.6,166.1,164.1,162.4,161.3,161.0,161.8,163.4,165.6,166.6,166.9,166.9,166.5,165.6,164.5,165.1,164.6,163.3,161.8,161.2,161.7,163.1,163.9,160.9,159.6,160.8,163.9,166.9,168.2,167.2,166.0,164.0,162.5,161.9,162.4,163.5,165.3,166.7,167.4,167.7,167.6,167.1,165.3,165.9,165.3,164.0,162.6,162.1,162.6,164.0,8.9,10.8,15.0,19.1,20.6,18.9,14.4,10.4,2.9,5.8,9.7,14.4,18.9,22.1,24.3,21.5,17.7,13.4,9.3,5.6,12.8,14.6,16.4,17.3,16.6,14.8,13.0,12.1,59.9,61.4,65.3,69.3,71.1,69.6,65.6,61.3,55.6,58.3,62.0,66.6,70.7,73.6,75.3,73.5,70.6,67.0,62.9,58.7,63.5,65.3,67.0,67.7,66.9,65.1,63.4,62.8,-32.7,-36.9,-38.4,-36.5,-32.1,-27.6,-26.4,-28.3,-31.3,-33.4,-34.6,-35.1,-34.1,-32.0,-29.2,-27.8,-27.3,-27.2,-27.8,-29.1,-30.6,-29.7,-30.4,-32.2,-34.1,-35.0,-34.3,-32.5,-32.6,-36.9,-38.8,-37.2,-33.0,-28.6,-26.8,-28.1,-29.7,-32.5,-34.5,-35.5,-35.0,-33.6,-31.4,-29.2,-28.0,-27.4,-27.6,-28.2,-30.8,-30.1,-30.9,-32.8,-34.7,-35.4,-34.5,-32.7,518.0,518.5,519.0,519.1,518.8,518.4,517.7,517.6,521.7,519.3,517.2,516.4,517.4,519.1,520.9,519.1,517.2,516.6,517.4,519.3,518.8,518.9,519.1,519.3,519.5,519.4,519.2,519.0,540.3,541.3,543.1,544.8,545.2,544.2,542.4,540.8,540.5,539.8,539.9,541.2,544.2,547.9,551.4,548.0,544.6,541.9,540.4,540.2,542.6,543.3,544.1,544.6,544.4,543.7,542.8,542.4,45.6,1.6,647.5,0.23,-0.243,0.074,228.8,228.3,229.1,231.1,235.5,242.9,252.4,263.5,274.3,282.8,288.6,294.0,298.9,302.8,305.7,308.1,309.1,243.0,250.3,259.4,268.3,276.1,290.5,296.8,302.8,308.3,311.0,283.0,283.9,285.0,286.1,273.4,277.9,282.3,286.1,289.4,252.0,257.7,263.8,268.4,263.3,257.1,290.2,295.2,300.4,303.5,300.5,295.4,262.4,270.9,277.4,280.8,284.5,288.2,290.7,287.7,283.7,279.9,276.0,269.8,265.6,276.6,280.2,283.8,288.8,283.8,280.2,276.5,161.9,173.7,185.3,196.7,207.6,217.1,225.2,231.3,232.9,230.7,224.0,215.9,206.9,197.0,186.8,176.2,165.4,155.6,151.2,150.5,152.4,155.8,155.9,153.0,151.7,152.7,157.0,164.6,172.4,180.1,188.1,192.7,194.3,195.6,194.5,193.0,164.0,161.3,161.6,165.7,166.9,166.7,166.2,162.3,162.4,165.2,167.6,167.6,207.7,205.6,204.2,205.4,204.3,205.9,208.0,212.8,214.9,215.3,214.9,212.8,208.0,208.0,208.4,207.9,208.3,209.1,209.6,209.2,-36.2,-37.2,-36.1,-32.8,-25.1,-12.3,4.2,23.1,41.6,56.9,68.7,79.7,89.3,96.4,101.4,105.3,107.1,-11.4,0.5,15.1,29.2,41.6,65.7,77.0,88.2,98.9,105.2,53.3,54.3,55.6,56.8,37.7,44.9,52.1,58.6,64.3,3.3,12.4,22.4,30.0,21.6,11.6,67.0,75.7,85.1,91.3,85.4,76.1,20.5,33.9,44.4,50.1,56.3,63.3,69.0,62.7,55.5,48.9,42.3,32.4,25.6,43.3,49.4,55.5,65.3,55.5,49.3,43.1,-43.6,-23.7,-3.7,16.0,34.8,51.3,64.8,74.7,77.6,75.0,64.9,51.5,35.4,17.4,-1.3,-20.4,-40.0,-51.7,-58.3,-59.2,-56.0,-50.6,-51.2,-56.7,-59.8,-59.1,-52.6,-37.0,-24.3,-11.7,0.9,8.3,10.9,13.1,11.4,8.9,-38.3,-42.5,-42.0,-35.6,-33.5,-33.8,-35.6,-42.2,-42.4,-38.1,-33.7,-33.4,33.3,29.4,27.1,29.1,27.5,30.5,34.7,42.2,45.0,45.5,44.7,41.3,33.8,33.4,34.1,33.6,35.1,35.5,36.1,35.3,665.5,669.8,674.7,678.0,678.6,676.9,672.1,665.9,667.8,679.1,695.3,708.0,713.6,712.9,710.7,708.4,707.3,632.9,627.7,625.1,623.5,623.7,633.6,642.2,652.3,663.0,674.0,631.1,625.8,620.1,614.9,629.0,629.1,629.7,633.7,638.2,634.9,632.7,634.5,637.4,635.0,633.4,651.3,654.0,659.2,666.5,660.0,655.0,644.7,635.5,633.2,635.3,638.2,647.9,662.0,650.1,642.2,638.8,637.0,638.4,643.1,636.5,638.0,641.6,657.5,641.4,637.8,636.4,0.599,0.244,-0.325,0.094,277.42,188.282,-1.605,13.315,-14.722,14.285,3.072,0.186,-2.923,2.372,4.499,-2.003,1.061,0.184,-0.131,-2.292,-0.165,0.238,0.564,0.97,-0.408,-0.693,0.593,-0.166,-0.488,-0.607,0.37,0.09,0.141,0.058,-0.095,0.005,-0.024,-0.005,0.006,-0.003,0.33,0.0,0.0,1.14,0.0,0.0,0.0,0.0,0.0,0.51,0.01,0.0,0.0,0.0,0.0,0.0,0.0,0.0,1.0,0.0,1.0,0.0,0.0,0.0,0.0,0.0,0.0,0.0,0.0,0.0,0.0,0.0,0.0,1.0,0.0
PP133,g1,3731,0,0.925,0.229835,0.210323,-0.950232,0.082243,0.198408,-0.976663,0.161,0.209,256.8,258.3,261.5,264.5,265.6,264.4,261.0,257.9,252.3,254.5,257.5,261.0,264.4,266.8,268.3,266.3,263.4,260.3,257.1,254.3,259.7,261.1,262.5,263.1,262.6,261.3,259.9,259.2,293.5,294.5,297.1,299.9,301.1,300.1,297.4,294.4,290.4,292.4,295.0,298.2,300.9,302.6,303.5,302.6,300.8,298.5,295.6,292.6,295.9,297.1,298.3,298.7,298.2,297.0,295.8,295.4,162.8,159.7,158.5,160.0,163.3,166.7,167.6,166.1,164.0,162.3,161.3,160.9,161.8,163.4,165.6,166.6,166.9,166.9,166.4,165.5,164.5,165.1,164.6,163.3,161.8,161.2,161.7,163.0,164.0,160.9,159.7,160.9,164.0,167.0,168.3,167.3,166.1,164.0,162.6,161.9,162.5,163.6,165.3,166.8,167.5,167.8,167.6,167.2,165.4,165.9,165.4,164.0,162.7,162.2,162.7,164.0,9.0,11.0,15.2,19.3,20.8,19.1,14.6,10.5,3.0,5.9,9.9,14.6,19.0,22.3,24.4,21.6,17.8,13.6,9.5,5.7,12.9,14.7,16.6,17.4,16.8,15.0,13.1,12.3,60.1,61.6,65.5,69.5,71.3,69.7,65.8,61.5,55.8,58.5,62.2,66.8,70.9,73.8,75.5,73.7,70.8,67.2,63.1,58.9,63.7,65.5,67.2,67.9,67.1,65.3,63.6,62.9,-32.7,-36.9,-38.4,-36.4,-32.1,-27.6,-26.4,-28.3,-31.3,-33.4,-34.6,-35.1,-34.0,-32.0,-29.2,-27.7,-27.3,-27.2,-27.9,-29.2,-30.6,-29.7,-30.4,-32.2,-34.1,-35.0,-34.3,-32.5,-32.5,-36.8,-38.7,-37.0,-32.8,-28.5,-26.7,-28.0,-29.6,-32.4,-34.4,-35.4,-34.8,-33.5,-31.3,-29.1,-27.8,-27.3,-27.5,-28.1,-30.7,-30.0,-30.8,-32.7,-34.5,-35.2,-34.4,-32.5,517.4,518.0,518.4,518.5,518.2,517.9,517.2,517.1,521.1,518.7,516.7,515.9,516.8,518.5,520.3,518.5,516.7,516.0,516.8,518.7,518.3,518.3,518.5,518.8,518.9,518.9,518.7,518.4,539.8,540.8,542.6,544.3,544.7,543.7,541.9,540.3,540.0,539.3,539.4,540.7,543.7,547.4,550.9,547.5,544.1,541.4,539.9,539.7,542.1,542.8,543.6,544.1,543.9,543.2,542.3,541.9,45.7,1.7,646.9,0.23,-0.244,0.077,228.8,228.4,229.1,231.1,235.5,242.9,252.4,263.5,274.3,282.7,288.5,293.9,298.8,302.8,305.8,308.2,309.3,243.1,250.5,259.6,268.5,276.3,290.7,297.0,303.0,308.5,311.2,283.1,284.1,285.2,286.2,273.5,278.0,282.4,286.2,289.5,252.2,257.8,263.9,268.5,263.4,257.3,290.4,295.4,300.6,303.7,300.7,295.5,262.4,270.9,277.4,280.9,284.5,288.2,290.8,287.7,283.8,279.9,276.0,269.8,265.5,276.6,280.3,283.9,288.9,283.8,280.2,276.5,161.9,173.6,185.3,196.6,207.5,217.1,225.2,231.3,233.0,230.8,224.1,216.0,207.0,197.2,187.0,176.4,165.6,155.5,151.2,150.5,152.4,155.9,156.0,153.1,151.8,152.8,157.1,164.6,172.4,180.2,188.2,192.7,194.4,195.8,194.6,193.1,163.9,161.3,161.6,165.7,166.9,166.7,166.2,162.3,162.5,165.3,167.7,167.6,207.7,205.6,204.3,205.5,204.4,206.0,208.0,212.9,214.9,215.3,214.9,212.8,208.0,208.1,208.5,208.0,208.4,209.1,209.7,209.2,-36.0,-37.0,-36.0,-32.8,-25.2,-12.4,4.1,23.0,41.5,56.8,68.5,79.6,89.2,96.3,101.4,105.4,107.2,-11.2,0.8,15.3,29.5,42.0,65.9,77.2,88.4,99.1,105.5,53.5,54.5,55.7,56.9,37.8,45.0,52.2,58.7,64.4,3.5,12.6,22.6,30.1,21.8,11.8,67.2,75.9,85.3,91.5,85.6,76.3,20.5,33.9,44.4,50.2,56.3,63.4,69.0,62.7,55.5,48.9,42.4,32.4,25.6,43.3,49.4,55.5,65.4,55.5,49.3,43.2,-43.6,-23.8,-3.8,15.9,34.7,51.2,64.7,74.6,77.6,75.1,65.1,51.7,35.7,17.7,-1.0,-20.1,-39.6,-51.8,-58.3,-59.2,-56.0,-50.5,-51.0,-56.5,-59.6,-58.9,-52.4,-36.9,-24.1,-11.6,1.1,8.4,11.1,13.3,11.6,9.1,-38.3,-42.5,-42.0,-35.6,-33.5,-33.8,-35.5,-42.1,-42.2,-37.9,-33.5,-33.3,33.3,29.4,27.2,29.3,27.6,30.6,34.8,42.2,45.0,45.5,44.7,41.3,33.7,33.5,34.2,33.7,35.2,35.5,36.2,35.3,664.8,669.1,673.9,677.2,677.8,676.1,671.3,665.2,667.0,678.3,694.6,707.4,713.0,712.5,710.3,708.1,707.0,632.3,627.1,624.5,622.9,623.1,633.0,641.5,651.7,662.4,673.5,630.4,625.2,619.4,614.2,628.3,628.4,629.1,633.0,637.6,634.2,632.1,633.9,636.8,634.4,632.8,650.7,653.4,658.6,666.0,659.4,654.4,644.1,634.9,632.7,634.7,637.6,647.4,661.5,649.5,641.6,638.1,636.3,637.8,642.5,635.9,637.4,641.0,657.0,640.7,637.2,635.8,0.6,0.245,-0.326,0.097,277.495,188.335,-1.306,12.916,-14.591,14.136,3.271,0.573,-2.944,2.43,4.502,-1.788,1.076,0.203,-0.236,-2.264,-0.186,0.266,0.487,1.045,-0.301,-0.608,0.601,-0.196,-0.429,-0.626,0.378,0.075,0.132,0.059,-0.096,0.002,-0.024,-0.003,0.005,-0.002,0.11,0.0,0.0,1.2,0.0,0.0,0.0,0.0,0.0,0.46,0.0,0.0,0.0,0.0,0.0,0.0,0.0,0.0,1.0,0.0,1.0,0.0,0.0,0.0,0.0,0.0,0.0,0.0,0.0,0.0,0.0,0.0,0.0,1.0,0.0
PP133,g1,3737,0,0.925,0.230078,0.213186,-0.949534,0.080499,0.201725,-0.976129,0.16,0.212,257.0,258.4,261.6,264.7,265.8,264.5,261.2,258.1,252.5,254.7,257.7,261.2,264.5,266.9,268.5,266.4,263.6,260.5,257.3,254.5,259.9,261.2,262.6,263.3,262.8,261.4,260.1,259.4,293.6,294.6,297.2,300.0,301.2,300.2,297.5,294.5,290.5,292.5,295.1,298.3,301.0,302.7,303.6,302.6,300.9,298.5,295.7,292.7,296.0,297.2,298.4,298.8,298.3,297.1,295.9,295.5,163.5,160.4,159.2,160.7,164.0,167.3,168.2,166.7,164.7,163.0,162.0,161.6,162.4,164.0,166.2,167.2,167.5,167.5,167.1,166.2,165.1,165.8,165.3,163.9,162.5,161.8,162.3,163.7,164.6,161.6,160.3,161.6,164.6,167.6,168.9,167.9,166.7,164.7,163.2,162.6,163.1,164.2,166.0,167.4,168.1,168.4,168.3,167.8,166.0,166.6,166.0,164.7,163.4,162.8,163.4,164.7,9.3,11.2,15.5,19.5,21.0,19.3,14.8,10.8,3.3,6.2,10.2,14.8,19.3,22.5,24.7,21.9,18.1,13.9,9.7,6.0,13.2,15.0,16.8,17.7,17.0,15.3,13.4,12.5,60.6,62.1,66.0,70.0,71.8,70.3,66.3,62.0,56.3,59.0,62.7,67.3,71.4,74.3,76.0,74.2,71.3,67.7,63.6,59.4,64.2,66.0,67.7,68.4,67.6,65.8,64.1,63.5,-31.9,-36.1,-37.7,-35.7,-31.3,-26.8,-25.6,-27.6,-30.6,-32.7,-33.9,-34.3,-33.3,-31.2,-28.5,-27.0,-26.5,-26.5,-27.1,-28.4,-29.8,-28.9,-29.6,-31.4,-33.4,-34.2,-33.5,-31.7,-31.8,-36.1,-38.0,-36.3,-32.1,-27.8,-25.9,-27.3,-28.9,-31.7,-33.7,-34.7,-34.1,-32.8,-30.5,-28.4,-27.1,-26.6,-26.8,-27.4,-30.0,-29.3,-30.1,-32.0,-33.8,-34.5,-33.7,-31.8,519.3,519.8,520.3,520.4,520.1,519.8,519.1,519.0,523.0,520.6,518.5,517.8,518.7,520.4,522.3,520.5,518.6,517.9,518.7,520.6,520.2,520.2,520.4,520.7,520.8,520.8,520.6,520.3,543.0,544.0,545.8,547.4,547.9,546.9,545.1,543.6,543.2,542.5,542.6,543.9,546.8,550.6,554.0,550.7,547.3,544.6,543.2,542.9,545.3,546.0,546.8,547.3,547.0,546.3,545.5,545.1,46.0,2.5,648.7,0.231,-0.243,0.078,229.0,228.5,229.3,231.2,235.7,243.1,252.6,263.6,274.4,282.8,288.6,294.1,299.0,303.0,306.0,308.3,309.4,243.3,250.7,259.7,268.6,276.4,290.9,297.2,303.1,308.6,311.3,283.2,284.2,285.2,286.2,273.7,278.1,282.5,286.3,289.5,252.3,258.0,264.1,268.6,263.6,257.4,290.5,295.5,300.7,303.8,300.8,295.6,262.6,271.1,277.6,281.0,284.6,288.3,290.8,287.8,283.8,280.0,276.1,270.0,265.7,276.8,280.4,283.9,288.9,283.9,280.3,276.7,162.3,174.0,185.6,197.0,207.8,217.4,225.4,231.5,233.2,230.9,224.3,216.3,207.4,197.6,187.4,176.9,166.1,156.0,151.7,151.0,152.9,156.3,156.5,153.6,152.3,153.3,157.6,165.2,173.0,180.7,188.6,193.2,194.8,196.1,195.0,193.5,164.6,161.9,162.3,166.3,167.5,167.3,166.8,163.0,163.1,165.9,168.3,168.3,208.1,206.0,204.7,205.9,204.8,206.4,208.4,213.3,215.3,215.7,215.3,213.2,208.4,208.4,208.8,208.4,208.8,209.6,210.1,209.6,-35.8,-36.8,-35.8,-32.6,-24.9,-12.0,4.5,23.3,41.8,57.1,68.9,80.0,89.7,96.9,102.0,106.0,107.8,-10.9,1.1,15.6,29.8,42.3,66.4,77.7,88.9,99.6,105.9,53.8,54.8,56.0,57.2,38.2,45.3,52.5,59.0,64.7,3.8,13.0,22.9,30.4,22.1,12.1,67.6,76.3,85.7,91.9,86.0,76.7,20.9,34.3,44.8,50.5,56.6,63.6,69.3,63.0,55.7,49.2,42.7,32.8,26.0,43.7,49.7,55.8,65.6,55.8,49.6,43.5,-43.0,-23.2,-3.2,16.5,35.3,51.8,65.3,75.2,78.2,75.7,65.6,52.3,36.3,18.5,-0.2,-19.3,-38.8,-51.1,-57.6,-58.6,-55.3,-49.8,-50.4,-55.9,-58.9,-58.2,-51.7,-36.0,-23.3,-10.9,1.7,9.2,11.8,14.0,12.3,9.8,-37.3,-41.5,-41.0,-34.6,-32.6,-32.8,-34.5,-41.1,-41.2,-36.9,-32.5,-32.3,34.0,30.2,27.9,29.9,28.3,31.3,35.5,43.0,45.8,46.3,45.5,42.1,34.5,34.2,34.9,34.4,35.9,36.3,36.9,36.1,666.6,670.9,675.8,679.0,679.6,677.9,673.2,667.2,669.2,680.5,696.6,709.3,714.8,714.2,712.0,709.9,708.9,633.9,628.8,626.2,624.5,624.7,634.6,643.2,653.4,664.2,675.2,632.2,627.0,621.4,616.2,630.2,630.4,631.1,635.0,639.4,636.0,633.9,635.6,638.5,636.2,634.5,652.4,655.2,660.3,667.8,661.2,656.2,645.9,636.8,634.5,636.6,639.4,649.2,663.4,651.4,643.5,640.1,638.3,639.7,644.4,637.7,639.3,642.8,658.8,642.6,639.1,637.7,0.598,0.247,-0.326,0.098,277.625,188.778,-1.301,13.033,-14.927,13.611,3.694,-0.249,-2.92,2.528,4.182,-1.874,0.613,0.155,-0.276,-2.445,-0.174,0.226,0.271,1.003,-0.546,-0.61,0.67,-0.176,-0.305,-0.61,0.335,0.101,0.14,0.052,-0.098,0.005,-0.029,-0.004,0.006,-0.002,0.06,0.0,0.0,1.27,0.0,0.0,0.0,0.0,0.0,0.59,0.0,0.0,0.0,0.0,0.0,0.0,0.0,0.0,1.0,0.0,1.0,0.0,0.0,0.0,0.0,0.0,1.0,0.0,0.0,0.0,0.0,0.0,0.0,1.0,0.0
PP133,g1,3743,0,0.975,0.231187,0.218721,-0.948005,0.078932,0.206623,-0.975232,0.16,0.218,257.1,258.6,261.8,264.8,266.0,264.7,261.3,258.2,252.5,254.8,257.8,261.3,264.7,267.1,268.6,266.6,263.7,260.6,257.4,254.6,260.0,261.4,262.8,263.4,262.9,261.6,260.2,259.5,293.8,294.8,297.5,300.2,301.4,300.4,297.8,294.7,290.7,292.7,295.4,298.6,301.2,303.0,303.9,302.9,301.1,298.8,295.9,293.0,296.2,297.4,298.6,299.0,298.5,297.3,296.2,295.7,163.4,160.3,159.2,160.7,164.0,167.4,168.3,166.7,164.6,162.9,162.0,161.6,162.5,164.1,166.3,167.3,167.6,167.6,167.1,166.2,165.1,165.8,165.3,163.9,162.5,161.8,162.3,163.7,164.7,161.7,160.4,161.7,164.7,167.8,169.0,168.0,166.8,164.8,163.3,162.7,163.2,164.3,166.1,167.5,168.3,168.6,168.4,167.9,166.1,166.7,166.1,164.8,163.4,162.9,163.4,164.8,9.4,11.4,15.6,19.7,21.1,19.4,14.9,10.9,3.4,6.3,10.3,15.0,19.4,22.7,24.8,22.0,18.2,14.0,9.8,6.1,13.3,15.1,16.9,17.8,17.2,15.4,13.5,12.7,60.6,62.2,66.1,70.1,71.9,70.3,66.4,62.0,56.4,59.1,62.8,67.3,71.4,74.4,76.1,74.2,71.3,67.7,63.6,59.5,64.3,66.0,67.8,68.4,67.7,65.9,64.2,63.5,-31.8,-36.0,-37.5,-35.5,-31.1,-26.6,-25.5,-27.5,-30.5,-32.6,-33.7,-34.1,-33.1,-31.0,-28.3,-26.8,-26.4,-26.3,-27.0,-28.3,-29.7,-28.8,-29.5,-31.3,-33.2,-34.1,-33.4,-31.6,-31.5,-35.8,-37.7,-36.1,-31.8,-27.5,-25.7,-27.0,-28.7,-31.5,-33.5,-34.4,-33.8,-32.5,-30.3,-28.1,-26.8,-26.3,-26.5,-27.1,-29.7,-29.0,-29.8,-31.7,-33.6,-34.3,-33.5,-31.6,516.8,517.3,517.8,518.0,517.7,517.4,516.6,516.5,520.4,518.1,516.0,515.3,516.3,518.0,519.9,518.0,516.2,515.5,516.2,518.1,517.7,517.8,518.0,518.2,518.4,518.3,518.1,517.8,540.7,541.7,543.5,545.2,545.6,544.7,542.9,541.3,541.0,540.3,540.3,541.6,544.6,548.3,551.8,548.5,545.0,542.4,540.9,540.7,543.1,543.8,544.6,545.0,544.8,544.1,543.3,542.9,46.0,2.4,648.3,0.242,-0.243,0.084,229.1,228.6,229.3,231.1,235.5,242.8,252.3,263.3,274.0,282.5,288.4,294.0,299.0,303.1,306.1,308.5,309.6,243.4,250.8,260.0,268.9,276.7,291.2,297.5,303.5,308.9,311.6,283.5,284.3,285.4,286.3,273.7,278.1,282.5,286.3,289.6,252.4,258.1,264.3,268.8,263.7,257.5,290.7,295.7,300.9,304.0,301.0,295.8,262.4,270.9,277.5,280.9,284.5,288.2,290.7,287.6,283.6,279.8,275.9,269.7,265.5,276.6,280.2,283.8,288.8,283.8,280.2,276.5,162.0,173.7,185.3,196.6,207.4,217.0,225.0,231.3,232.9,230.7,224.1,216.1,207.2,197.4,187.3,176.8,166.0,155.9,151.7,151.0,152.9,156.4,156.6,153.7,152.4,153.4,157.6,165.4,173.1,180.8,188.7,193.2,194.9,196.2,195.2,193.6,164.5,161.9,162.3,166.4,167.5,167.3,166.9,163.1,163.2,166.0,168.4,168.4,208.0,206.0,204.7,205.9,204.9,206.4,208.4,213.4,215.4,215.8,215.4,213.2,208.3,208.5,208.9,208.5,208.8,209.7,210.2,209.7,-35.7,-36.7,-35.8,-32.8,-25.2,-12.4,3.9,22.7,41.2,56.5,68.4,79.8,89.7,97.0,102.2,106.2,108.2,-10.7,1.3,15.9,30.2,42.7,66.8,78.1,89.3,100.0,106.4,54.1,55.0,56.2,57.3,38.1,45.3,52.4,59.0,64.7,3.9,13.2,23.2,30.6,22.3,12.2,67.9,76.6,86.0,92.3,86.3,76.9,20.5,34.0,44.6,50.3,56.5,63.5,69.2,62.7,55.4,48.8,42.3,32.3,25.6,43.4,49.5,55.6,65.5,55.5,49.3,43.2,-43.4,-23.7,-3.8,15.8,34.6,51.1,64.7,74.8,77.8,75.3,65.2,51.9,36.0,18.1,-0.5,-19.5,-39.0,-51.2,-57.6,-58.4,-55.2,-49.6,-50.1,-55.6,-58.7,-57.9,-51.6,-35.8,-23.1,-10.6,1.9,9.3,11.9,14.1,12.4,10.0,-37.4,-41.5,-40.9,-34.5,-32.5,-32.8,-34.3,-40.9,-41.0,-36.7,-32.3,-32.1,33.8,30.1,28.0,30.0,28.4,31.4,35.5,43.1,46.0,46.4,45.6,42.0,34.3,34.2,35.0,34.5,35.9,36.4,37.1,36.2,665.7,670.0,675.0,678.4,679.1,677.7,673.2,667.3,669.2,680.4,696.4,708.9,714.4,713.8,711.7,709.7,708.7,633.1,627.9,625.2,623.5,623.8,633.7,642.3,652.5,663.4,674.6,631.4,626.4,620.9,615.8,629.8,630.0,630.8,634.6,639.0,635.2,633.0,634.7,637.7,635.4,633.7,651.7,654.4,659.6,667.1,660.5,655.5,645.7,636.6,634.2,636.3,639.1,649.0,663.2,651.4,643.5,640.1,638.3,639.7,644.2,637.5,639.1,642.6,658.8,642.5,639.0,637.6,0.599,0.257,-0.325,0.105,277.636,188.756,-1.253,12.498,-14.489,13.041,4.511,-0.767,-3.164,2.103,4.193,-1.474,0.73,0.436,-0.243,-2.144,-0.233,0.26,0.374,0.982,-0.602,-0.699,0.605,-0.216,-0.224,-0.515,0.327,-0.018,0.143,0.047,-0.09,0.006,-0.021,0.005,0.005,-0.007,0.11,0.0,0.0,1.01,0.0,0.0,0.0,0.0,0.0,0.24,0.0,0.0,0.0,0.0,0.0,0.0,0.0,0.0,1.0,0.0,1.0,0.0,0.0,0.0,0.0,0.0,0.0,0.0,0.0,0.0,0.0,0.0,0.0,1.0,0.0
PP133,g1,3749,0,0.975,0.232048,0.228788,-0.945415,0.076129,0.215875,-0.973449,0.159,0.228,257.0,258.5,261.7,264.7,265.8,264.5,261.1,258.0,252.4,254.6,257.7,261.2,264.5,266.9,268.4,266.4,263.5,260.4,257.2,254.4,259.9,261.2,262.6,263.2,262.8,261.4,260.0,259.4,293.6,294.7,297.4,300.1,301.3,300.2,297.6,294.6,290.5,292.6,295.2,298.4,301.1,302.8,303.7,302.7,300.9,298.6,295.7,292.8,296.1,297.3,298.4,298.9,298.4,297.2,296.0,295.6,163.6,160.5,159.4,160.9,164.2,167.6,168.4,166.9,164.7,163.0,162.1,161.8,162.7,164.3,166.5,167.5,167.7,167.7,167.2,166.2,165.3,165.9,165.4,164.1,162.7,162.0,162.5,163.8,165.0,162.0,160.7,162.0,165.0,168.1,169.3,168.3,167.1,165.0,163.6,163.0,163.6,164.6,166.4,167.8,168.6,168.9,168.7,168.2,166.4,167.0,166.4,165.1,163.8,163.2,163.7,165.1,9.2,11.2,15.5,19.5,21.0,19.2,14.7,10.7,3.1,6.1,10.1,14.8,19.3,22.5,24.5,21.8,17.9,13.7,9.6,5.9,13.1,14.9,16.7,17.6,17.0,15.2,13.3,12.5,60.5,62.1,66.0,70.0,71.8,70.2,66.2,61.9,56.2,59.0,62.7,67.2,71.3,74.3,76.0,74.1,71.2,67.6,63.4,59.3,64.2,65.9,67.6,68.3,67.6,65.8,64.1,63.4,-31.7,-35.9,-37.4,-35.4,-31.0,-26.5,-25.3,-27.4,-30.5,-32.5,-33.6,-34.0,-32.9,-30.9,-28.1,-26.6,-26.2,-26.2,-26.9,-28.3,-29.6,-28.7,-29.3,-31.1,-33.1,-33.9,-33.3,-31.5,-31.2,-35.4,-37.3,-35.7,-31.4,-27.1,-25.3,-26.7,-28.4,-31.1,-33.1,-34.0,-33.4,-32.1,-29.9,-27.7,-26.4,-25.9,-26.1,-26.8,-29.4,-28.6,-29.5,-31.3,-33.2,-33.9,-33.1,-31.2,518.0,518.6,519.1,519.3,519.0,518.7,517.9,517.7,521.6,519.3,517.3,516.6,517.6,519.4,521.3,519.4,517.5,516.8,517.5,519.3,519.0,519.1,519.3,519.6,519.7,519.6,519.4,519.1,541.7,542.6,544.5,546.1,546.6,545.7,543.9,542.4,542.0,541.3,541.3,542.5,545.5,549.3,552.8,549.5,546.1,543.4,542.0,541.7,544.1,544.8,545.6,546.0,545.8,545.0,544.2,543.8,45.3,2.6,649.9,0.258,-0.24,0.094,229.0,228.4,228.9,230.6,234.9,242.0,251.4,262.2,272.9,281.5,287.6,293.4,298.6,302.8,305.9,308.3,309.5,243.3,250.8,259.9,268.8,276.6,291.0,297.4,303.4,308.8,311.5,283.3,284.0,285.0,285.8,273.2,277.6,281.9,285.7,289.0,252.2,258.0,264.1,268.5,263.5,257.4,290.5,295.6,300.8,303.9,300.8,295.6,261.6,270.1,276.8,280.2,283.8,287.6,290.1,286.8,282.7,278.9,275.0,268.8,264.7,275.9,279.5,283.1,288.2,283.0,279.4,275.6,161.9,173.4,184.9,196.1,206.9,216.4,224.5,230.9,232.7,230.5,223.8,215.8,206.9,197.2,187.1,176.7,166.0,155.9,151.8,151.2,153.2,156.7,156.9,154.0,152.7,153.8,157.9,165.7,173.4,181.1,189.0,193.4,195.1,196.4,195.4,193.9,164.6,162.1,162.5,166.6,167.7,167.4,167.2,163.4,163.5,166.3,168.7,168.7,207.8,206.0,204.8,206.1,205.0,206.5,208.5,213.5,215.6,215.9,215.5,213.1,208.2,208.5,209.0,208.6,208.9,209.8,210.3,209.8,-35.9,-37.1,-36.5,-33.7,-26.4,-13.8,2.4,21.0,39.4,55.0,67.2,78.9,89.1,96.7,102.0,106.1,108.2,-10.9,1.2,15.8,30.1,42.5,66.6,78.1,89.3,100.0,106.4,53.9,54.7,55.7,56.6,37.5,44.6,51.7,58.2,64.0,3.7,13.0,22.9,30.3,22.0,11.9,67.7,76.4,85.9,92.1,86.1,76.7,19.3,32.9,43.6,49.3,55.5,62.6,68.2,61.6,54.1,47.5,40.9,30.9,24.4,42.3,48.4,54.6,64.6,54.4,48.2,42.0,-43.7,-24.2,-4.5,15.0,33.7,50.3,64.0,74.3,77.7,75.1,64.9,51.4,35.5,17.7,-0.8,-19.6,-39.1,-51.2,-57.4,-58.2,-54.8,-49.2,-49.7,-55.1,-58.1,-57.4,-51.1,-35.3,-22.6,-10.2,2.4,9.5,12.2,14.5,12.9,10.5,-37.3,-41.3,-40.7,-34.2,-32.3,-32.7,-33.9,-40.4,-40.5,-36.2,-31.8,-31.6,33.7,30.2,28.2,30.3,28.8,31.7,35.7,43.5,46.4,46.8,45.8,42.1,34.2,34.4,35.3,34.9,36.2,36.8,37.4,36.5,666.6,671.0,676.2,679.8,680.7,679.5,675.3,669.6,671.5,682.5,698.3,710.5,715.9,715.2,713.2,711.2,710.1,634.0,628.8,626.1,624.4,624.7,634.7,643.3,653.4,664.2,675.2,632.5,627.7,622.4,617.5,631.5,631.8,632.6,636.3,640.6,636.3,634.0,635.7,638.7,636.4,634.7,652.7,655.3,660.4,667.9,661.5,656.5,647.7,638.7,636.2,638.2,641.0,650.9,665.1,653.6,645.8,642.4,640.6,642.0,646.2,639.5,641.1,644.6,660.8,644.5,641.1,639.7,0.597,0.272,-0.321,0.115,277.17,188.817,-2.175,11.721,-14.254,11.925,5.207,-1.357,-3.326,1.106,4.216,-0.656,1.027,0.794,0.07,-2.064,-0.268,0.045,0.435,0.986,-0.659,-0.78,0.552,-0.337,0.021,-0.324,0.319,-0.161,0.133,0.064,-0.094,0.014,-0.019,0.017,-0.0,-0.008,0.06,0.0,0.0,1.09,0.0,0.0,0.0,0.0,0.0,0.4,0.0,0.0,0.0,0.0,0.0,0.0,0.0,0.0,1.0,0.0,1.0,0.0,0.0,0.0,0.0,0.0,0.0,0.0,0.0,0.0,0.0,0.0,0.0,1.0,0.0
PP133,g1,3755,0,0.975,0.233651,0.227879,-0.94524,0.076585,0.215917,-0.973404,0.16,0.227,256.0,257.4,260.7,263.7,264.8,263.5,260.1,257.1,251.4,253.6,256.7,260.2,263.5,265.9,267.4,265.4,262.6,259.4,256.3,253.4,258.9,260.2,261.6,262.2,261.8,260.4,259.0,258.4,292.7,293.7,296.4,299.1,300.3,299.3,296.6,293.6,289.6,291.6,294.2,297.4,300.1,301.9,302.7,301.7,300.0,297.6,294.8,291.8,295.1,296.3,297.5,297.9,297.4,296.2,295.0,294.6,163.6,160.5,159.4,160.9,164.2,167.6,168.4,166.9,164.7,163.1,162.1,161.8,162.7,164.3,166.4,167.5,167.7,167.7,167.2,166.3,165.3,165.9,165.5,164.1,162.7,162.0,162.5,163.8,164.9,161.9,160.6,161.9,164.9,167.9,169.2,168.2,167.0,164.9,163.5,162.9,163.4,164.5,166.2,167.6,168.4,168.7,168.6,168.1,166.3,166.8,166.3,164.9,163.6,163.1,163.6,165.0,7.9,9.9,14.1,18.2,19.6,17.9,13.4,9.4,1.8,4.8,8.8,13.5,17.9,21.1,23.2,20.5,16.6,12.4,8.3,4.6,11.8,13.5,15.4,16.3,15.6,13.9,12.0,11.1,59.2,60.8,64.7,68.7,70.5,68.9,65.0,60.6,54.9,57.7,61.4,65.9,70.0,73.0,74.7,72.8,69.9,66.3,62.2,58.0,62.9,64.6,66.4,67.0,66.3,64.5,62.8,62.1,-31.7,-35.9,-37.4,-35.3,-31.0,-26.5,-25.3,-27.3,-30.4,-32.4,-33.6,-33.9,-32.9,-30.9,-28.1,-26.6,-26.2,-26.2,-26.9,-28.2,-29.5,-28.6,-29.3,-31.1,-33.0,-33.9,-33.3,-31.4,-31.3,-35.6,-37.5,-35.9,-31.7,-27.4,-25.5,-26.9,-28.5,-31.3,-33.3,-34.2,-33.7,-32.4,-30.2,-28.0,-26.7,-26.1,-26.3,-26.9,-29.6,-28.9,-29.7,-31.6,-33.4,-34.1,-33.3,-31.4,517.7,518.3,518.8,519.0,518.7,518.5,517.7,517.5,521.4,519.0,517.0,516.3,517.3,519.1,521.0,519.1,517.2,516.5,517.2,519.1,518.7,518.8,519.0,519.3,519.4,519.3,519.1,518.8,542.2,543.1,544.9,546.6,547.1,546.2,544.4,542.8,542.5,541.8,541.7,543.0,546.0,549.7,553.2,549.9,546.5,543.9,542.4,542.2,544.5,545.3,546.0,546.4,546.2,545.5,544.7,544.3,44.0,2.4,651.0,0.256,-0.24,0.09,228.2,227.6,228.2,230.0,234.2,241.4,250.7,261.5,272.2,280.8,286.9,292.7,297.9,302.0,305.0,307.4,308.7,242.3,249.7,258.9,267.8,275.6,289.9,296.3,302.4,307.8,310.6,282.2,283.0,284.0,284.9,272.3,276.7,281.0,284.8,288.1,251.2,257.0,263.1,267.6,262.5,256.4,289.6,294.6,299.8,302.9,299.9,294.7,261.0,269.4,276.0,279.4,283.0,286.7,289.3,286.1,282.0,278.2,274.3,268.2,264.1,275.1,278.7,282.3,287.4,282.2,278.6,274.9,162.0,173.5,185.0,196.1,206.8,216.3,224.3,230.6,232.4,230.3,223.6,215.6,206.7,197.1,186.9,176.5,165.8,156.0,151.9,151.3,153.3,156.8,156.9,154.0,152.6,153.6,157.8,165.7,173.4,181.0,188.9,193.3,194.9,196.3,195.2,193.8,164.6,162.1,162.5,166.5,167.7,167.4,167.1,163.3,163.4,166.1,168.6,168.6,207.8,205.9,204.7,205.9,204.9,206.4,208.3,213.3,215.3,215.7,215.3,213.0,208.1,208.4,208.8,208.5,208.7,209.6,210.1,209.6,-37.4,-38.5,-37.7,-34.9,-27.5,-15.0,1.2,19.8,38.3,53.9,66.0,77.7,87.9,95.4,100.7,104.8,106.8,-12.6,-0.4,14.2,28.5,41.1,64.9,76.4,87.7,98.5,104.9,52.3,53.2,54.2,55.2,36.1,43.2,50.3,56.9,62.6,2.0,11.4,21.4,28.8,20.4,10.4,66.2,74.9,84.3,90.6,84.6,75.2,18.3,31.8,42.4,48.1,54.2,61.3,67.0,60.4,53.0,46.4,39.9,29.9,23.4,41.2,47.2,53.3,63.3,53.2,47.0,40.9,-43.6,-24.0,-4.4,15.0,33.7,50.1,63.7,74.1,77.4,74.8,64.6,51.2,35.3,17.5,-1.0,-20.0,-39.5,-51.2,-57.5,-58.2,-54.8,-49.2,-49.7,-55.3,-58.4,-57.7,-51.5,-35.4,-22.8,-10.3,2.2,9.4,12.0,14.3,12.6,10.3,-37.4,-41.3,-40.8,-34.3,-32.4,-32.7,-34.1,-40.7,-40.8,-36.6,-32.1,-31.9,33.6,30.1,28.1,30.1,28.6,31.5,35.4,43.2,46.1,46.5,45.6,42.0,34.2,34.3,35.1,34.7,35.9,36.6,37.2,36.3,668.1,672.5,677.5,681.1,682.1,680.9,676.6,670.9,672.7,683.7,699.4,711.7,717.2,716.6,714.6,712.7,711.6,635.6,630.2,627.4,625.6,625.8,635.5,644.0,654.2,665.1,676.4,633.5,628.7,623.4,618.5,632.6,632.8,633.6,637.4,641.6,637.8,635.4,637.1,640.0,637.8,636.2,653.8,656.4,661.5,669.0,662.5,657.6,648.9,639.8,637.3,639.3,642.1,651.9,666.1,654.6,646.8,643.6,641.8,643.2,647.4,640.7,642.2,645.6,661.8,645.6,642.2,640.9,0.596,0.271,-0.32,0.111,276.321,188.712,-1.116,10.808,-14.336,12.231,5.409,-1.454,-3.028,1.313,4.364,-0.738,1.083,0.616,-0.221,-2.039,-0.204,-0.014,0.333,0.903,-0.711,-0.616,0.714,-0.345,0.009,-0.328,0.347,-0.101,0.145,0.049,-0.082,0.012,-0.019,0.014,0.007,-0.009,0.0,0.0,0.0,0.9,0.0,0.0,0.0,0.0,0.0,0.63,0.0,0.0,0.0,0.0,0.0,0.0,0.0,0.0,1.0,0.0,1.0,0.0,0.0,0.0,0.0,0.0,0.0,0.0,0.0,0.0,0.0,0.0,0.0,1.0,0.0
PP133,g1,3761,0,0.925,0.229526,0.213568,-0.949582,0.079179,0.202701,-0.976034,0.159,0.213,255.2,256.7,259.9,262.9,264.0,262.8,259.4,256.3,250.7,252.9,255.9,259.4,262.8,265.2,266.7,264.7,261.9,258.7,255.6,252.7,258.1,259.5,260.9,261.5,261.0,259.7,258.3,257.7,291.9,292.9,295.6,298.3,299.6,298.5,295.9,292.9,288.8,290.8,293.5,296.7,299.4,301.1,302.0,301.0,299.3,296.9,294.0,291.1,294.4,295.6,296.7,297.2,296.6,295.4,294.3,293.8,162.9,159.8,158.7,160.2,163.4,166.8,167.7,166.2,164.1,162.5,161.5,161.1,161.9,163.5,165.7,166.7,167.0,167.0,166.6,165.7,164.6,165.2,164.7,163.4,161.9,161.3,161.8,163.2,164.1,161.0,159.7,161.0,164.0,167.1,168.3,167.3,166.1,164.1,162.7,162.0,162.6,163.6,165.4,166.8,167.6,167.9,167.7,167.2,165.4,166.0,165.4,164.1,162.8,162.2,162.8,164.1,6.9,8.8,13.1,17.2,18.7,17.0,12.5,8.4,0.9,3.8,7.8,12.4,16.9,20.2,22.3,19.5,15.7,11.5,7.4,3.6,10.8,12.6,14.5,15.3,14.7,12.9,11.0,10.2,58.1,59.6,63.5,67.5,69.3,67.8,63.8,59.5,53.8,56.5,60.2,64.8,68.9,71.8,73.6,71.7,68.8,65.2,61.1,56.9,61.7,63.5,65.2,65.9,65.1,63.3,61.6,61.0,-32.6,-36.7,-38.3,-36.3,-32.0,-27.5,-26.2,-28.2,-31.2,-33.3,-34.5,-34.9,-33.9,-31.9,-29.1,-27.6,-27.2,-27.1,-27.7,-29.0,-30.4,-29.6,-30.2,-32.1,-34.0,-34.9,-34.2,-32.3,-32.5,-36.8,-38.7,-37.0,-32.8,-28.5,-26.6,-28.0,-29.6,-32.4,-34.4,-35.4,-34.8,-33.5,-31.3,-29.1,-27.8,-27.3,-27.5,-28.1,-30.7,-30.0,-30.8,-32.7,-34.5,-35.3,-34.4,-32.5,517.8,518.4,518.8,518.9,518.6,518.3,517.6,517.5,521.6,519.2,517.1,516.3,517.2,518.9,520.8,519.0,517.1,516.5,517.3,519.2,518.7,518.8,519.0,519.2,519.3,519.3,519.1,518.9,541.4,542.3,544.1,545.7,546.2,545.2,543.4,541.9,541.6,540.9,540.9,542.2,545.1,548.8,552.3,549.0,545.6,542.9,541.5,541.3,543.7,544.4,545.1,545.6,545.4,544.7,543.9,543.5,43.3,1.5,649.1,0.232,-0.24,0.077,227.6,227.2,228.0,229.9,234.3,241.6,251.0,261.9,272.7,281.1,287.0,292.5,297.5,301.6,304.5,306.8,307.9,241.5,248.7,257.8,266.7,274.5,289.1,295.5,301.5,306.9,309.7,281.5,282.4,283.4,284.4,271.9,276.3,280.7,284.6,287.8,250.6,256.2,262.3,266.9,261.8,255.7,288.8,293.8,299.0,302.2,299.2,294.0,260.9,269.3,275.8,279.3,282.9,286.7,289.3,286.2,282.2,278.3,274.4,268.2,264.0,275.0,278.7,282.2,287.3,282.2,278.6,274.9,161.9,173.5,185.1,196.4,207.2,216.8,224.8,231.0,232.7,230.5,223.8,215.8,206.8,197.0,186.8,176.3,165.4,155.5,151.2,150.4,152.3,155.7,155.9,152.9,151.6,152.7,157.0,164.6,172.4,180.1,188.0,192.6,194.2,195.6,194.5,192.9,164.0,161.4,161.8,165.8,167.0,166.8,166.3,162.4,162.6,165.3,167.7,167.7,207.4,205.4,204.1,205.3,204.2,205.7,207.7,212.7,214.7,215.2,214.8,212.6,207.7,207.8,208.2,207.8,208.1,209.0,209.5,209.0,-38.2,-39.2,-38.2,-35.0,-27.3,-14.6,1.7,20.4,38.9,54.2,66.0,77.3,87.0,94.3,99.4,103.3,105.2,-13.9,-2.0,12.5,26.8,39.3,63.6,74.9,86.1,96.8,103.2,50.9,52.0,53.2,54.4,35.3,42.5,49.7,56.3,62.0,0.9,10.1,20.1,27.7,19.3,9.2,64.8,73.5,82.9,89.2,83.3,73.9,18.0,31.4,42.0,47.7,53.9,61.0,66.7,60.3,53.0,46.4,39.9,29.9,23.1,40.9,47.0,53.1,63.0,53.0,46.9,40.7,-43.8,-24.0,-4.1,15.5,34.3,50.8,64.4,74.4,77.4,74.9,64.8,51.4,35.4,17.4,-1.3,-20.4,-40.0,-51.9,-58.6,-59.5,-56.4,-50.9,-51.4,-56.9,-60.0,-59.2,-52.8,-37.0,-24.3,-11.8,0.9,8.2,10.9,13.1,11.3,8.9,-38.3,-42.4,-41.9,-35.6,-33.5,-33.7,-35.5,-42.1,-42.2,-37.9,-33.5,-33.3,32.9,29.1,26.9,28.9,27.3,30.3,34.4,42.0,44.9,45.4,44.6,41.1,33.4,33.2,33.9,33.4,34.8,35.3,36.0,35.2,667.4,671.7,676.5,679.8,680.4,678.8,674.1,668.0,669.7,680.8,696.8,709.5,715.0,714.3,712.2,710.1,709.1,635.1,629.8,626.9,625.1,625.2,634.9,643.5,653.6,664.3,675.3,632.6,627.4,621.7,616.5,630.7,630.8,631.4,635.3,639.7,636.9,634.7,636.3,639.1,636.9,635.3,652.7,655.5,660.6,667.9,661.4,656.5,646.6,637.4,634.9,636.9,639.7,649.5,663.7,651.7,643.8,640.5,638.7,640.2,645.0,638.2,639.7,643.1,659.2,642.9,639.5,638.1,0.598,0.246,-0.319,0.096,275.959,188.198,-1.535,12.142,-14.301,14.141,3.621,-0.201,-3.471,2.426,3.992,-2.068,0.349,0.369,-0.137,-2.294,-0.09,-0.052,0.282,0.93,-0.616,-0.594,0.617,-0.333,-0.21,-0.561,0.277,0.104,0.149,0.042,-0.099,0.001,-0.023,-0.004,0.004,-0.005,0.02,0.0,0.0,0.97,0.0,0.0,0.0,0.0,0.0,0.62,0.0,0.0,0.0,0.0,0.0,0.0,0.0,1.0,1.0,0.0,1.0,0.0,0.0,0.0,0.0,0.0,0.0,0.0,0.0,0.0,0.0,0.0,0.0,1.0,0.0
PP133,g1,3767,0,0.975,0.233707,0.217517,-0.947664,0.081824,0.205825,-0.975162,0.163,0.217,255.8,257.3,260.5,263.5,264.6,263.4,260.0,256.9,251.2,253.5,256.5,260.0,263.4,265.8,267.3,265.3,262.4,259.3,256.1,253.3,258.7,260.1,261.5,262.1,261.6,260.3,258.9,258.2,292.5,293.5,296.2,298.9,300.1,299.1,296.4,293.4,289.4,291.4,294.1,297.2,299.9,301.7,302.6,301.6,299.8,297.5,294.6,291.6,294.9,296.1,297.3,297.7,297.2,296.0,294.8,294.4,162.7,159.6,158.4,159.9,163.2,166.6,167.5,166.0,163.9,162.2,161.2,160.8,161.7,163.3,165.5,166.5,166.8,166.8,166.3,165.4,164.3,165.0,164.5,163.1,161.7,161.0,161.5,162.9,163.9,160.9,159.6,160.8,163.9,166.9,168.2,167.2,166.0,163.9,162.5,161.9,162.4,163.5,165.3,166.7,167.4,167.7,167.6,167.1,165.3,165.8,165.3,164.0,162.6,162.1,162.6,164.0,7.7,9.6,13.9,18.0,19.4,17.7,13.2,9.2,1.6,4.6,8.6,13.2,17.7,20.9,23.1,20.3,16.5,12.2,8.1,4.4,11.6,13.4,15.2,16.1,15.4,13.7,11.8,10.9,58.8,60.3,64.2,68.2,70.0,68.5,64.5,60.2,54.5,57.2,60.9,65.5,69.6,72.5,74.2,72.4,69.5,65.9,61.8,57.6,62.4,64.2,65.9,66.6,65.8,64.1,62.3,61.7,-32.9,-37.0,-38.6,-36.6,-32.2,-27.7,-26.5,-28.5,-31.5,-33.6,-34.8,-35.2,-34.1,-32.1,-29.3,-27.9,-27.4,-27.4,-28.0,-29.3,-30.7,-29.8,-30.5,-32.3,-34.2,-35.1,-34.4,-32.6,-32.6,-36.9,-38.8,-37.2,-33.0,-28.7,-26.8,-28.1,-29.8,-32.6,-34.6,-35.5,-35.0,-33.7,-31.4,-29.2,-28.0,-27.4,-27.6,-28.2,-30.9,-30.1,-31.0,-32.8,-34.7,-35.4,-34.6,-32.7,517.1,517.6,518.1,518.3,518.0,517.6,516.9,516.7,520.7,518.4,516.3,515.6,516.6,518.3,520.1,518.3,516.4,515.7,516.5,518.4,518.0,518.0,518.3,518.5,518.7,518.6,518.4,518.1,540.6,541.6,543.4,545.0,545.5,544.5,542.7,541.2,540.8,540.2,540.2,541.5,544.4,548.2,551.6,548.3,544.9,542.2,540.8,540.6,542.9,543.6,544.4,544.9,544.7,543.9,543.1,542.7,43.8,1.4,647.8,0.241,-0.245,0.084,227.9,227.5,228.1,230.0,234.3,241.5,250.9,261.8,272.6,281.0,287.0,292.6,297.7,301.8,304.8,307.2,308.3,242.0,249.4,258.6,267.5,275.4,289.7,296.1,302.1,307.6,310.3,282.1,283.0,284.0,285.0,272.3,276.8,281.2,285.0,288.3,251.1,256.8,262.9,267.5,262.4,256.2,289.4,294.4,299.6,302.7,299.7,294.5,261.0,269.5,276.1,279.5,283.2,286.9,289.4,286.3,282.3,278.4,274.5,268.3,264.1,275.3,278.9,282.5,287.5,282.4,278.8,275.1,161.6,173.3,184.9,196.2,207.0,216.5,224.6,230.8,232.6,230.4,223.7,215.6,206.7,196.8,186.6,176.1,165.3,155.3,151.0,150.3,152.2,155.7,155.9,152.9,151.6,152.7,157.0,164.6,172.4,180.1,188.1,192.6,194.2,195.6,194.5,192.9,163.8,161.1,161.5,165.6,166.7,166.5,166.1,162.3,162.4,165.2,167.6,167.6,207.3,205.3,204.1,205.3,204.3,205.8,207.8,212.8,214.9,215.3,214.8,212.6,207.7,207.8,208.3,207.9,208.2,209.1,209.6,209.1,-37.5,-38.6,-37.7,-34.7,-27.3,-14.7,1.5,20.1,38.6,54.0,65.8,77.2,87.1,94.5,99.7,103.8,105.7,-13.0,-1.0,13.7,28.0,40.5,64.4,75.8,87.0,97.7,104.0,51.9,52.9,54.0,55.1,36.0,43.1,50.3,56.8,62.5,1.8,11.0,21.0,28.5,20.2,10.1,65.6,74.3,83.7,89.9,84.0,74.7,18.2,31.7,42.4,48.1,54.2,61.3,66.9,60.5,53.1,46.5,40.0,30.0,23.3,41.2,47.3,53.4,63.2,53.2,47.1,40.9,-44.0,-24.3,-4.5,15.0,33.8,50.3,63.8,74.0,77.1,74.6,64.5,51.0,35.0,17.0,-1.6,-20.7,-40.3,-52.1,-58.6,-59.5,-56.3,-50.7,-51.3,-56.8,-59.9,-59.1,-52.7,-37.0,-24.3,-11.7,0.9,8.1,10.8,13.0,11.3,8.9,-38.6,-42.7,-42.2,-35.8,-33.8,-34.0,-35.6,-42.2,-42.4,-38.1,-33.6,-33.4,32.8,29.1,26.9,29.0,27.4,30.4,34.4,42.2,45.1,45.5,44.6,41.1,33.3,33.1,33.9,33.5,34.9,35.5,36.1,35.3,665.0,669.3,674.2,677.6,678.4,677.0,672.6,666.7,668.5,679.6,695.5,708.0,713.6,713.1,711.2,709.2,708.1,632.9,627.7,624.9,623.2,623.4,633.3,641.9,652.1,663.0,674.1,630.9,625.9,620.3,615.3,629.3,629.4,630.1,634.0,638.4,634.9,632.7,634.4,637.3,635.0,633.3,651.2,653.9,659.0,666.4,659.9,654.9,645.3,636.3,633.9,635.9,638.7,648.5,662.7,650.9,643.1,639.7,638.0,639.4,643.8,637.1,638.6,642.1,658.3,642.1,638.6,637.2,0.599,0.255,-0.325,0.104,276.302,188.125,-2.561,11.644,-13.89,13.921,4.491,-0.285,-3.077,1.417,4.587,-1.227,1.023,0.554,-0.095,-2.12,-0.041,0.1,0.564,0.848,-0.531,-0.528,0.659,-0.438,-0.151,-0.454,0.287,0.007,0.138,0.057,-0.091,0.014,-0.011,0.007,0.004,-0.007,0.0,0.0,0.0,0.98,0.0,0.0,0.0,0.0,0.0,0.83,0.0,0.0,0.0,0.0,0.0,0.0,0.0,0.0,1.0,0.0,1.0,0.0,0.0,0.0,0.0,0.0,1.0,0.0,0.0,0.0,0.0,0.0,0.0,1.0,0.0
PP133,g1,3773,0,0.975,0.228128,0.22793,-0.946576,0.072489,0.215654,-0.973776,0.155,0.227,255.6,257.1,260.3,263.3,264.4,263.1,259.7,256.7,251.0,253.2,256.3,259.8,263.2,265.6,267.1,265.1,262.2,259.0,255.9,253.1,258.5,259.8,261.2,261.9,261.4,260.1,258.7,258.0,292.4,293.4,296.1,298.9,300.1,299.1,296.4,293.4,289.3,291.3,294.0,297.2,299.9,301.7,302.6,301.6,299.8,297.4,294.5,291.5,294.9,296.1,297.2,297.7,297.2,296.0,294.8,294.3,162.6,159.5,158.3,159.9,163.2,166.6,167.4,165.9,163.7,162.1,161.1,160.8,161.6,163.3,165.4,166.5,166.7,166.7,166.2,165.3,164.3,164.9,164.5,163.1,161.6,161.0,161.5,162.8,163.8,160.8,159.5,160.7,163.8,166.9,168.1,167.1,165.9,163.9,162.4,161.8,162.3,163.4,165.1,166.6,167.3,167.7,167.5,167.0,165.2,165.8,165.2,163.9,162.5,162.0,162.5,163.9,7.4,9.4,13.6,17.7,19.1,17.4,12.9,8.8,1.3,4.3,8.3,12.9,17.4,20.6,22.7,19.9,16.1,11.9,7.8,4.1,11.3,13.0,14.9,15.8,15.1,13.4,11.5,10.6,58.4,59.9,63.9,67.9,69.7,68.1,64.2,59.8,54.1,56.8,60.5,65.1,69.2,72.2,73.9,72.1,69.1,65.5,61.4,57.2,62.1,63.8,65.6,66.2,65.5,63.7,62.0,61.3,-32.9,-37.1,-38.6,-36.6,-32.2,-27.7,-26.5,-28.5,-31.6,-33.7,-34.8,-35.2,-34.1,-32.1,-29.3,-27.9,-27.4,-27.4,-28.1,-29.4,-30.7,-29.9,-30.5,-32.3,-34.3,-35.1,-34.5,-32.7,-32.6,-36.9,-38.8,-37.2,-33.0,-28.6,-26.8,-28.1,-29.8,-32.5,-34.5,-35.5,-35.0,-33.7,-31.5,-29.3,-28.0,-27.4,-27.6,-28.2,-30.8,-30.1,-30.9,-32.8,-34.7,-35.4,-34.6,-32.7,516.0,516.6,517.1,517.2,516.9,516.6,515.9,515.7,519.7,517.3,515.3,514.6,515.5,517.2,519.1,517.3,515.4,514.7,515.5,517.4,517.0,517.0,517.2,517.5,517.6,517.6,517.3,517.1,538.2,539.1,540.9,542.5,543.0,542.1,540.3,538.8,538.5,537.7,537.7,539.0,541.9,545.6,549.1,545.8,542.4,539.8,538.4,538.2,540.5,541.2,542.0,542.4,542.2,541.5,540.7,540.3,43.5,0.9,649.3,0.258,-0.233,0.084,227.9,227.5,228.1,230.0,234.2,241.4,250.8,261.6,272.3,280.9,287.0,292.8,298.0,302.1,305.1,307.4,308.6,241.7,249.1,258.3,267.3,275.1,289.5,296.0,302.1,307.6,310.4,281.9,282.7,283.7,284.6,271.9,276.4,280.8,284.7,288.0,250.9,256.6,262.7,267.3,262.2,256.0,289.3,294.3,299.6,302.8,299.7,294.4,260.5,269.0,275.7,279.2,282.9,286.7,289.4,286.1,281.9,278.0,274.0,267.8,263.6,274.8,278.5,282.2,287.4,282.1,278.4,274.6,161.0,172.6,184.1,195.3,206.1,215.6,223.6,230.0,231.7,229.5,222.7,214.7,205.7,196.0,185.9,175.5,164.8,155.2,151.0,150.3,152.2,155.8,155.9,152.9,151.6,152.6,156.8,164.6,172.4,180.2,188.1,192.4,194.1,195.5,194.4,192.9,163.6,161.1,161.5,165.6,166.7,166.4,166.1,162.2,162.3,165.0,167.5,167.5,206.8,205.0,203.8,205.0,204.0,205.4,207.3,212.4,214.6,215.0,214.5,212.2,207.2,207.5,208.0,207.5,207.7,208.8,209.3,208.8,-37.7,-38.8,-37.9,-34.9,-27.5,-14.9,1.3,19.9,38.3,53.9,66.1,77.8,87.8,95.3,100.4,104.4,106.3,-13.4,-1.4,13.3,27.6,40.2,64.1,75.6,86.9,97.8,104.2,51.6,52.5,53.5,54.5,35.4,42.6,49.8,56.4,62.2,1.4,10.7,20.7,28.2,19.8,9.8,65.5,74.3,83.7,90.1,84.0,74.6,17.5,31.0,41.8,47.6,53.9,61.1,67.0,60.3,52.7,46.0,39.3,29.2,22.5,40.6,46.8,53.1,63.2,52.9,46.5,40.3,-45.2,-25.6,-5.9,13.6,32.4,48.9,62.5,72.8,76.0,73.3,62.9,49.4,33.4,15.6,-2.9,-21.8,-41.2,-52.5,-58.8,-59.6,-56.3,-50.7,-51.3,-56.8,-60.0,-59.3,-53.1,-37.0,-24.2,-11.7,1.0,8.0,10.7,12.9,11.2,8.8,-38.9,-42.9,-42.3,-35.9,-33.9,-34.2,-35.8,-42.4,-42.5,-38.3,-33.9,-33.6,32.0,28.5,26.5,28.6,27.0,29.8,33.6,41.6,44.7,45.1,44.3,40.5,32.5,32.7,33.5,33.0,34.1,35.1,35.8,34.9,667.3,671.8,676.9,680.5,681.4,680.1,675.6,669.6,671.1,682.0,697.7,709.9,715.1,714.4,712.2,710.2,709.1,634.5,628.9,625.9,623.9,624.0,633.7,642.1,652.2,663.0,674.2,631.7,626.8,621.4,616.5,631.0,631.0,631.7,635.4,639.7,636.3,633.8,635.4,638.3,636.2,634.6,651.9,654.4,659.4,666.8,660.4,655.6,647.6,638.3,635.6,637.5,640.3,650.2,664.5,653.0,645.1,641.8,640.1,641.6,646.1,639.0,640.5,643.9,660.2,643.9,640.5,639.2,0.598,0.27,-0.311,0.105,276.112,187.788,-1.189,11.694,-13.112,12.83,5.08,-0.739,-3.463,1.654,4.284,-0.661,0.853,0.68,0.225,-1.643,-0.29,0.021,0.503,0.896,-0.59,-0.737,0.64,-0.392,-0.091,-0.324,0.37,-0.123,0.12,0.065,-0.083,0.014,-0.017,0.016,0.007,-0.008,0.0,0.0,0.0,0.88,0.0,0.0,0.0,0.0,0.0,0.24,0.0,0.0,0.0,0.0,0.0,0.0,0.0,0.0,1.0,0.0,1.0,0.0,0.0,0.0,0.0,0.0,0.0,0.0,0.0,0.0,0.0,0.0,0.0,1.0,0.0
PP133,g1,3779,0,0.975,0.22688,0.229287,-0.946548,0.070263,0.21814,-0.973385,0.154,0.229,255.8,257.3,260.5,263.5,264.7,263.4,260.0,256.9,251.3,253.5,256.5,260.0,263.4,265.8,267.3,265.3,262.4,259.3,256.1,253.3,258.7,260.1,261.5,262.1,261.6,260.3,258.9,258.3,292.6,293.6,296.3,299.0,300.3,299.3,296.6,293.6,289.5,291.5,294.1,297.3,300.0,301.8,302.8,301.7,300.0,297.6,294.7,291.8,295.1,296.3,297.4,297.9,297.3,296.1,295.0,294.5,162.5,159.4,158.3,159.8,163.1,166.5,167.3,165.8,163.7,162.0,161.1,160.7,161.6,163.2,165.3,166.4,166.6,166.6,166.2,165.2,164.2,164.9,164.4,163.0,161.6,160.9,161.4,162.8,163.6,160.5,159.2,160.5,163.5,166.6,167.9,166.9,165.7,163.6,162.2,161.5,162.0,163.1,164.8,166.3,167.1,167.4,167.2,166.8,165.0,165.5,164.9,163.6,162.3,161.7,162.3,163.6,7.7,9.7,13.9,18.0,19.5,17.7,13.2,9.2,1.7,4.6,8.6,13.3,17.7,21.0,23.1,20.3,16.5,12.3,8.1,4.4,11.6,13.4,15.3,16.1,15.5,13.7,11.8,11.0,58.9,60.4,64.3,68.4,70.2,68.6,64.7,60.3,54.7,57.4,61.0,65.6,69.7,72.7,74.5,72.6,69.7,66.0,61.9,57.8,62.6,64.4,66.1,66.7,66.0,64.2,62.5,61.8,-33.1,-37.3,-38.8,-36.8,-32.4,-27.9,-26.7,-28.7,-31.8,-33.8,-35.0,-35.4,-34.4,-32.3,-29.6,-28.1,-27.6,-27.6,-28.3,-29.6,-30.9,-30.1,-30.7,-32.6,-34.5,-35.4,-34.7,-32.9,-33.1,-37.4,-39.3,-37.7,-33.5,-29.2,-27.3,-28.6,-30.2,-33.0,-35.0,-36.0,-35.5,-34.2,-32.0,-29.8,-28.5,-27.9,-28.0,-28.6,-31.3,-30.6,-31.4,-33.3,-35.2,-35.9,-35.0,-33.1,517.9,518.5,519.0,519.1,518.8,518.5,517.8,517.6,521.6,519.2,517.2,516.4,517.4,519.1,521.0,519.2,517.3,516.6,517.4,519.3,518.9,518.9,519.1,519.4,519.5,519.4,519.2,519.0,540.4,541.3,543.1,544.7,545.2,544.3,542.5,541.0,540.7,540.0,539.9,541.1,544.1,547.8,551.3,548.0,544.6,542.0,540.6,540.4,542.7,543.4,544.2,544.6,544.4,543.7,542.9,542.5,44.3,0.4,652.2,0.262,-0.231,0.08,228.3,227.9,228.6,230.5,234.8,242.0,251.3,262.1,272.8,281.4,287.5,293.3,298.4,302.5,305.5,307.8,308.9,242.2,249.5,258.5,267.4,275.2,289.7,296.1,302.1,307.7,310.5,282.0,282.8,283.8,284.7,272.3,276.7,281.0,284.9,288.2,251.2,256.8,263.0,267.5,262.4,256.3,289.5,294.5,299.7,302.9,299.9,294.6,261.1,269.5,276.1,279.5,283.1,287.0,289.6,286.3,282.2,278.4,274.5,268.3,264.2,275.3,278.9,282.5,287.7,282.4,278.7,275.1,161.1,172.6,184.0,195.1,205.7,215.1,223.1,229.3,231.1,228.8,222.1,214.1,205.2,195.5,185.5,175.1,164.5,155.1,151.0,150.3,152.2,155.7,155.7,152.7,151.3,152.3,156.4,164.5,172.2,179.9,187.8,192.2,193.8,195.2,194.1,192.5,163.6,161.0,161.4,165.4,166.6,166.4,165.9,162.0,162.0,164.7,167.2,167.3,206.6,204.7,203.5,204.7,203.6,205.1,206.9,212.0,214.2,214.6,214.2,211.9,206.9,207.2,207.6,207.2,207.3,208.5,209.0,208.5,-37.2,-38.2,-37.2,-34.1,-26.7,-14.0,2.3,20.9,39.4,55.1,67.3,79.0,89.1,96.4,101.6,105.4,107.2,-12.7,-0.8,13.7,27.9,40.4,64.6,76.1,87.4,98.2,104.7,52.0,52.9,54.0,55.1,36.2,43.3,50.4,57.0,62.8,1.9,11.1,21.2,28.7,20.3,10.2,66.2,74.8,84.3,90.7,84.6,75.2,18.6,32.0,42.7,48.4,54.6,61.8,67.7,61.0,53.4,46.8,40.3,30.2,23.6,41.5,47.6,53.7,63.9,53.6,47.4,41.2,-45.2,-25.7,-6.1,13.2,31.8,48.3,61.8,72.1,75.2,72.5,62.0,48.5,32.5,14.7,-3.7,-22.6,-42.0,-52.8,-59.1,-59.9,-56.6,-51.1,-51.8,-57.4,-60.6,-60.0,-53.9,-37.3,-24.6,-12.1,0.6,7.7,10.3,12.4,10.7,8.3,-39.1,-43.2,-42.6,-36.2,-34.2,-34.5,-36.3,-43.0,-43.2,-39.0,-34.4,-34.1,31.8,28.3,26.2,28.2,26.6,29.4,33.1,41.2,44.3,44.8,43.9,40.2,32.3,32.4,33.2,32.6,33.7,34.7,35.4,34.5,670.1,674.6,679.8,683.5,684.5,683.2,678.7,672.8,674.3,685.1,700.6,712.8,718.1,717.3,715.1,712.9,711.7,637.0,631.5,628.5,626.6,626.7,636.4,644.7,654.6,665.3,676.3,634.4,629.6,624.3,619.4,633.9,634.0,634.7,638.4,642.5,639.1,636.6,638.1,641.1,639.0,637.5,654.5,656.9,661.9,669.4,663.0,658.2,650.7,641.3,638.5,640.5,643.2,653.1,667.4,655.9,648.2,645.0,643.3,644.8,649.1,642.0,643.5,646.8,663.1,646.9,643.6,642.3,0.595,0.273,-0.309,0.101,276.435,187.506,-1.351,11.263,-13.93,12.479,5.312,-1.272,-3.044,2.078,4.332,-0.502,1.082,0.832,0.362,-2.236,-0.285,-0.017,0.639,0.875,-0.489,-0.58,0.594,-0.29,0.004,-0.273,0.405,-0.09,0.102,0.068,-0.089,0.021,-0.018,0.01,0.005,0.001,0.14,0.0,0.0,0.86,0.0,0.0,0.0,0.0,0.0,0.46,0.0,0.0,0.0,0.0,0.0,0.0,0.0,0.0,1.0,0.0,1.0,0.0,0.0,0.0,0.0,0.0,0.0,0.0,0.0,0.0,0.0,0.0,0.0,1.0,0.0
PP133,g1,3785,0,0.975,0.230647,0.219406,-0.947978,0.075202,0.208214,-0.975188,0.158,0.219,256.3,257.8,261.0,264.0,265.1,263.9,260.5,257.4,251.7,253.9,257.0,260.5,263.9,266.3,267.8,265.8,262.9,259.8,256.6,253.8,259.2,260.6,262.0,262.6,262.1,260.8,259.4,258.7,293.0,294.0,296.7,299.5,300.7,299.7,297.0,294.0,289.9,291.9,294.6,297.8,300.5,302.2,303.1,302.2,300.4,298.0,295.2,292.2,295.5,296.7,297.9,298.3,297.8,296.6,295.4,294.9,161.6,158.5,157.3,158.8,162.1,165.5,166.4,164.9,162.8,161.1,160.1,159.8,160.6,162.2,164.4,165.4,165.7,165.7,165.2,164.3,163.3,163.9,163.4,162.1,160.6,160.0,160.5,161.8,162.7,159.7,158.4,159.6,162.6,165.7,167.0,166.0,164.8,162.7,161.3,160.6,161.1,162.2,164.0,165.4,166.2,166.5,166.4,165.9,164.1,164.6,164.1,162.7,161.4,160.9,161.4,162.8,8.3,10.3,14.5,18.6,20.1,18.4,13.8,9.8,2.3,5.2,9.2,13.9,18.3,21.6,23.7,20.9,17.1,12.9,8.8,5.0,12.2,14.0,15.9,16.7,16.1,14.3,12.4,11.6,59.5,61.0,64.9,69.0,70.8,69.2,65.3,61.0,55.3,58.0,61.6,66.2,70.3,73.3,75.0,73.2,70.3,66.7,62.5,58.4,63.2,65.0,66.7,67.3,66.6,64.8,63.1,62.4,-34.3,-38.4,-40.0,-38.0,-33.6,-29.1,-27.9,-29.9,-32.9,-35.0,-36.2,-36.6,-35.6,-33.5,-30.7,-29.3,-28.8,-28.8,-29.4,-30.7,-32.1,-31.2,-31.9,-33.7,-35.6,-36.5,-35.8,-34.0,-34.3,-38.6,-40.5,-38.9,-34.7,-30.4,-28.5,-29.8,-31.4,-34.2,-36.2,-37.2,-36.7,-35.4,-33.2,-31.0,-29.7,-29.1,-29.3,-29.8,-32.5,-31.8,-32.7,-34.6,-36.4,-37.1,-36.3,-34.4,516.5,517.1,517.6,517.7,517.4,517.1,516.3,516.2,520.2,517.8,515.8,515.0,516.0,517.7,519.6,517.7,515.9,515.2,515.9,517.9,517.4,517.5,517.7,518.0,518.1,518.0,517.8,517.6,540.5,541.4,543.2,544.9,545.3,544.4,542.6,541.1,540.7,540.0,540.0,541.3,544.3,548.0,551.5,548.2,544.7,542.1,540.6,540.5,542.8,543.5,544.3,544.7,544.5,543.8,543.0,542.6,45.1,-0.9,652.2,0.247,-0.238,0.079,228.8,228.4,229.1,231.0,235.4,242.6,252.0,262.8,273.4,281.8,287.8,293.4,298.6,302.6,305.6,307.9,309.0,242.6,250.0,259.0,268.0,275.8,290.2,296.6,302.6,308.1,310.8,282.6,283.4,284.5,285.4,272.9,277.3,281.7,285.5,288.8,251.6,257.3,263.4,268.0,262.9,256.7,289.9,294.9,300.2,303.3,300.3,295.1,261.9,270.2,276.8,280.2,283.8,287.5,290.1,286.9,282.9,279.1,275.2,269.0,265.0,275.9,279.5,283.1,288.2,283.0,279.4,275.7,160.7,172.2,183.7,194.8,205.4,214.7,222.6,228.8,230.4,228.3,221.7,213.8,205.0,195.3,185.1,174.7,164.0,154.3,150.0,149.3,151.2,154.6,154.7,151.8,150.4,151.4,155.6,163.5,171.2,178.9,186.8,191.2,192.8,194.2,193.1,191.6,162.7,160.1,160.4,164.5,165.7,165.4,165.0,161.0,161.1,163.9,166.3,166.4,205.8,203.8,202.6,203.8,202.7,204.2,206.2,211.1,213.2,213.6,213.2,211.0,206.2,206.3,206.7,206.3,206.6,207.5,208.0,207.5,-36.4,-37.4,-36.3,-33.2,-25.6,-12.9,3.5,22.0,40.4,55.8,67.7,79.2,89.2,96.7,101.9,105.8,107.7,-12.1,-0.1,14.5,28.8,41.4,65.6,77.0,88.3,99.1,105.6,52.9,53.9,55.1,56.2,37.2,44.4,51.5,58.1,63.8,2.6,11.9,22.0,29.5,21.1,11.0,67.0,75.7,85.1,91.5,85.5,76.1,19.7,33.1,43.7,49.4,55.6,62.7,68.5,62.0,54.5,47.9,41.4,31.4,24.8,42.6,48.6,54.8,64.8,54.6,48.4,42.3,-46.0,-26.4,-6.7,12.7,31.3,47.6,60.9,70.9,74.0,71.4,61.3,48.0,32.2,14.3,-4.3,-23.4,-43.0,-54.2,-60.7,-61.5,-58.3,-52.8,-53.5,-59.1,-62.2,-61.6,-55.3,-39.0,-26.3,-13.8,-1.2,6.1,8.7,10.8,9.1,6.7,-40.6,-44.8,-44.3,-37.8,-35.8,-36.0,-37.8,-44.6,-44.7,-40.5,-35.9,-35.6,30.5,26.8,24.7,26.7,25.1,28.0,31.9,39.7,42.7,43.1,42.3,38.7,31.0,30.8,31.6,31.1,32.4,33.1,33.8,32.9,670.0,674.2,679.1,682.6,683.4,681.9,677.4,671.5,673.1,684.0,699.8,712.4,718.0,717.7,715.8,713.9,712.9,637.5,632.2,629.3,627.4,627.5,637.3,645.8,655.9,666.7,677.8,635.0,630.0,624.5,619.4,633.6,633.7,634.4,638.2,642.5,639.5,637.1,638.7,641.6,639.4,637.8,655.2,657.9,662.9,670.4,663.9,658.9,649.9,640.8,638.2,640.1,642.9,652.7,666.9,655.3,647.5,644.3,642.6,644.1,648.4,641.5,643.0,646.4,662.6,646.5,643.1,641.8,0.595,0.257,-0.319,0.1,276.957,186.719,-1.149,10.708,-13.932,13.107,5.767,-0.737,-2.9,2.006,4.426,-1.016,1.318,0.685,0.381,-2.152,-0.255,-0.007,0.561,0.802,-0.571,-0.556,0.554,-0.206,-0.126,-0.323,0.444,-0.041,0.112,0.063,-0.089,0.016,-0.024,0.012,0.006,0.003,0.13,0.0,0.0,0.53,0.0,0.0,0.0,0.0,0.0,0.68,0.0,0.0,0.0,0.0,0.0,0.0,0.0,0.0,1.0,0.0,1.0,0.0,0.0,0.0,0.0,0.0,0.0,0.0,0.0,0.0,0.0,0.0,0.0,1.0,0.0
PP133,g1,3791,0,0.975,0.226057,0.207055,-0.951854,0.076677,0.196689,-0.977463,0.156,0.206,256.1,257.5,260.8,263.8,265.0,263.7,260.3,257.2,251.6,253.8,256.8,260.3,263.7,266.1,267.7,265.6,262.8,259.6,256.4,253.6,259.1,260.4,261.8,262.4,261.9,260.6,259.2,258.5,292.8,293.8,296.5,299.3,300.5,299.6,296.9,293.8,289.8,291.8,294.4,297.6,300.3,302.1,303.0,302.0,300.3,297.9,295.0,292.0,295.3,296.5,297.7,298.1,297.6,296.4,295.2,294.8,161.4,158.3,157.1,158.6,161.9,165.3,166.2,164.7,162.6,160.9,159.9,159.5,160.3,161.9,164.1,165.2,165.4,165.5,165.0,164.2,163.0,163.7,163.2,161.8,160.4,159.7,160.2,161.6,162.4,159.3,158.1,159.3,162.3,165.4,166.7,165.7,164.5,162.4,161.0,160.3,160.8,162.0,163.7,165.1,165.9,166.2,166.1,165.6,163.8,164.3,163.8,162.4,161.1,160.6,161.1,162.5,8.0,10.0,14.2,18.3,19.8,18.1,13.6,9.5,2.1,5.0,8.9,13.5,18.0,21.3,23.5,20.7,16.8,12.6,8.5,4.8,12.0,13.7,15.6,16.4,15.8,14.0,12.1,11.3,59.0,60.5,64.4,68.4,70.2,68.7,64.8,60.4,54.8,57.5,61.1,65.7,69.8,72.7,74.5,72.7,69.8,66.2,62.0,57.9,62.7,64.4,66.2,66.8,66.0,64.3,62.5,61.9,-34.4,-38.6,-40.2,-38.2,-33.8,-29.3,-28.1,-30.1,-33.0,-35.1,-36.4,-36.8,-35.8,-33.8,-31.0,-29.5,-29.0,-29.0,-29.6,-30.9,-32.3,-31.4,-32.1,-34.0,-35.9,-36.7,-36.0,-34.2,-34.5,-38.8,-40.8,-39.2,-35.0,-30.6,-28.7,-30.1,-31.6,-34.5,-36.5,-37.5,-37.0,-35.7,-33.4,-31.2,-30.0,-29.4,-29.5,-30.1,-32.8,-32.1,-32.9,-34.8,-36.6,-37.3,-36.5,-34.6,515.1,515.7,516.1,516.2,515.8,515.5,514.8,514.7,518.8,516.4,514.4,513.6,514.5,516.1,517.9,516.1,514.3,513.7,514.5,516.5,515.9,516.0,516.2,516.4,516.6,516.5,516.4,516.1,537.9,538.9,540.7,542.3,542.8,541.8,539.9,538.4,538.1,537.5,537.5,538.8,541.7,545.4,548.9,545.6,542.1,539.4,538.0,537.8,540.2,540.9,541.7,542.1,542.0,541.3,540.5,540.0,45.1,-0.9,649.1,0.227,-0.236,0.07,228.7,228.4,229.3,231.3,235.7,242.9,252.3,263.3,274.0,282.4,288.3,293.8,298.7,302.7,305.6,307.9,308.9,242.4,249.6,258.7,267.7,275.5,289.9,296.2,302.3,307.8,310.6,282.4,283.3,284.4,285.5,273.0,277.4,281.8,285.7,289.0,251.4,257.1,263.2,267.9,262.8,256.6,289.8,294.8,300.0,303.2,300.2,295.0,262.1,270.4,277.0,280.4,284.1,287.9,290.5,287.4,283.4,279.5,275.6,269.4,265.2,276.2,279.9,283.5,288.6,283.4,279.8,276.0,160.9,172.6,184.1,195.4,206.1,215.5,223.5,229.6,231.2,229.1,222.5,214.6,205.6,195.7,185.5,174.9,164.1,154.2,149.8,149.0,150.9,154.3,154.4,151.4,150.1,151.1,155.4,163.1,170.8,178.5,186.5,191.1,192.7,194.1,192.9,191.4,162.5,159.8,160.2,164.2,165.4,165.2,164.7,160.7,160.8,163.7,166.1,166.1,206.1,203.9,202.6,203.7,202.7,204.2,206.3,211.3,213.4,213.8,213.4,211.2,206.4,206.3,206.7,206.3,206.7,207.6,208.1,207.6,-36.3,-37.1,-35.9,-32.6,-25.0,-12.3,4.0,22.7,41.1,56.5,68.3,79.5,89.2,96.3,101.4,105.3,107.0,-12.4,-0.6,14.0,28.3,40.8,64.8,76.2,87.4,98.3,104.8,52.4,53.5,54.8,56.0,37.1,44.3,51.5,58.0,63.8,2.4,11.5,21.6,29.2,20.8,10.7,66.4,75.1,84.6,91.0,85.0,75.6,20.0,33.3,43.8,49.6,55.8,63.0,68.8,62.4,55.0,48.4,41.8,31.8,25.1,42.8,48.9,55.1,65.0,55.0,48.7,42.5,-45.4,-25.7,-5.8,13.7,32.4,48.7,62.1,72.0,74.9,72.4,62.4,49.1,33.1,15.1,-3.7,-22.9,-42.6,-54.2,-60.9,-61.8,-58.7,-53.2,-53.9,-59.5,-62.6,-61.9,-55.5,-39.6,-26.8,-14.3,-1.6,5.8,8.4,10.6,8.8,6.3,-40.7,-45.0,-44.5,-38.1,-36.0,-36.2,-38.2,-44.9,-45.1,-40.8,-36.3,-36.0,30.8,26.8,24.5,26.5,24.8,27.8,32.0,39.7,42.6,43.1,42.3,38.9,31.2,30.7,31.5,30.9,32.4,33.0,33.7,32.9,667.8,671.9,676.7,679.9,680.5,678.7,673.9,667.7,669.2,680.2,696.2,709.0,714.7,714.3,712.3,710.3,709.3,635.6,630.3,627.4,625.5,625.5,635.1,643.6,653.7,664.4,675.4,632.7,627.4,621.6,616.3,630.6,630.6,631.2,635.0,639.5,637.4,635.1,636.6,639.4,637.2,635.7,652.8,655.6,660.6,668.0,661.4,656.5,646.5,637.1,634.7,636.6,639.4,649.1,663.2,651.5,643.7,640.4,638.7,640.2,644.9,637.9,639.4,642.8,658.8,642.8,639.4,638.1,0.598,0.238,-0.318,0.089,277.048,186.769,-1.599,11.427,-13.985,15.097,3.755,-0.192,-2.947,2.734,4.381,-1.762,1.198,0.289,0.008,-1.965,-0.127,-0.066,0.589,0.824,-0.447,-0.541,0.518,-0.233,-0.392,-0.514,0.35,0.092,0.101,0.066,-0.096,0.003,-0.027,-0.0,0.007,0.003,0.13,0.0,0.0,1.13,0.0,0.0,0.0,0.0,0.0,0.4,0.0,0.0,0.0,0.0,0.0,0.0,0.0,1.0,1.0,0.0,1.0,0.0,0.0,0.0,0.0,0.0,0.0,0.0,0.0,0.0,0.0,0.0,0.0,1.0,0.0
PP133,g1,3797,0,0.925,0.226163,0.201789,-0.952959,0.080574,0.192091,-0.978064,0.158,0.201,256.3,257.8,260.9,264.0,265.2,264.0,260.6,257.5,251.9,254.0,257.0,260.5,263.9,266.3,267.9,265.9,263.0,259.9,256.7,253.9,259.3,260.7,262.1,262.7,262.2,260.8,259.4,258.8,293.0,293.9,296.6,299.4,300.6,299.7,297.0,294.0,289.9,291.9,294.5,297.7,300.4,302.2,303.1,302.1,300.4,298.0,295.2,292.2,295.4,296.6,297.8,298.2,297.7,296.5,295.3,294.9,161.8,158.7,157.5,159.0,162.2,165.6,166.6,165.1,163.1,161.4,160.3,159.9,160.7,162.3,164.4,165.5,165.8,165.9,165.5,164.6,163.5,164.1,163.6,162.2,160.8,160.1,160.7,162.0,162.6,159.5,158.2,159.5,162.5,165.5,166.8,165.9,164.7,162.6,161.1,160.5,161.0,162.1,163.9,165.3,166.0,166.4,166.2,165.8,164.0,164.5,163.9,162.6,161.3,160.7,161.3,162.6,8.4,10.3,14.5,18.6,20.2,18.5,14.0,10.0,2.5,5.3,9.3,13.9,18.4,21.7,23.9,21.1,17.3,13.0,8.9,5.2,12.4,14.1,16.0,16.8,16.2,14.4,12.5,11.7,59.4,60.9,64.7,68.8,70.6,69.1,65.2,60.8,55.2,57.8,61.5,66.1,70.2,73.1,74.9,73.1,70.2,66.6,62.4,58.3,63.1,64.8,66.5,67.2,66.4,64.6,62.9,62.3,-34.0,-38.2,-39.8,-37.9,-33.5,-29.0,-27.7,-29.7,-32.5,-34.7,-35.9,-36.4,-35.5,-33.5,-30.7,-29.2,-28.7,-28.6,-29.1,-30.4,-31.9,-31.1,-31.8,-33.6,-35.5,-36.3,-35.6,-33.8,-34.4,-38.7,-40.7,-39.1,-34.9,-30.6,-28.7,-30.0,-31.5,-34.4,-36.4,-37.4,-36.9,-35.6,-33.3,-31.2,-29.9,-29.3,-29.4,-30.0,-32.7,-32.0,-32.8,-34.7,-36.5,-37.2,-36.4,-34.5,517.6,518.1,518.5,518.6,518.2,517.9,517.2,517.2,521.3,518.9,516.8,516.0,516.9,518.5,520.3,518.5,516.7,516.1,517.0,518.9,518.4,518.4,518.6,518.8,519.0,519.0,518.8,518.6,539.9,540.9,542.8,544.4,544.8,543.8,541.9,540.4,540.1,539.5,539.5,540.8,543.8,547.5,550.9,547.6,544.1,541.5,540.0,539.8,542.2,542.9,543.7,544.2,544.0,543.3,542.5,542.0,45.7,-0.2,648.6,0.217,-0.24,0.062,228.8,228.6,229.5,231.6,236.2,243.6,253.1,264.2,274.9,283.3,289.0,294.3,299.1,302.9,305.7,308.0,309.0,242.6,249.8,258.9,267.8,275.6,290.0,296.3,302.3,307.8,310.6,282.6,283.6,284.8,285.9,273.4,277.9,282.3,286.2,289.4,251.8,257.3,263.4,268.1,263.0,256.9,289.9,294.9,300.1,303.2,300.3,295.1,262.8,271.1,277.6,281.0,284.6,288.3,290.9,288.0,284.1,280.2,276.3,270.2,265.9,276.9,280.5,284.0,289.0,284.0,280.4,276.8,161.4,173.2,184.9,196.2,207.1,216.6,224.5,230.5,232.0,229.7,223.1,215.1,206.0,196.1,185.8,175.2,164.3,154.8,150.3,149.4,151.2,154.6,154.6,151.6,150.3,151.3,155.6,163.2,171.0,178.8,186.7,191.5,193.1,194.4,193.2,191.6,163.0,160.3,160.6,164.6,165.8,165.7,164.8,160.9,161.0,163.8,166.2,166.2,206.7,204.4,203.0,204.1,203.0,204.6,206.7,211.6,213.6,214.1,213.7,211.7,207.0,206.7,207.1,206.7,207.1,207.8,208.4,208.0,-36.2,-36.9,-35.5,-32.0,-24.1,-11.2,5.3,24.2,42.7,57.9,69.5,80.4,89.8,96.7,101.6,105.3,106.9,-12.1,-0.3,14.3,28.5,41.1,65.0,76.3,87.5,98.3,104.8,52.7,53.9,55.3,56.6,37.8,45.0,52.2,58.8,64.4,2.9,11.9,21.9,29.6,21.2,11.1,66.7,75.3,84.7,91.0,85.1,75.8,21.2,34.4,44.8,50.5,56.6,63.7,69.5,63.3,56.0,49.5,43.0,33.1,26.3,43.8,49.8,55.9,65.7,55.9,49.8,43.7,-44.6,-24.6,-4.5,15.2,34.0,50.5,63.8,73.4,76.1,73.5,63.5,50.0,33.9,15.8,-3.1,-22.4,-42.1,-53.1,-60.0,-61.1,-58.1,-52.7,-53.5,-59.1,-62.3,-61.6,-55.1,-39.3,-26.5,-13.9,-1.2,6.4,9.0,11.1,9.3,6.7,-39.9,-44.3,-43.9,-37.5,-35.4,-35.5,-37.9,-44.6,-44.8,-40.5,-36.1,-35.8,31.8,27.6,25.2,27.1,25.4,28.4,32.6,40.1,42.9,43.5,42.8,39.6,32.1,31.4,32.1,31.5,33.0,33.4,34.1,33.4,667.5,671.7,676.5,679.6,680.0,678.1,673.1,666.8,668.4,679.6,695.8,708.6,714.3,713.8,711.7,709.5,708.4,635.2,630.0,627.2,625.4,625.5,635.1,643.7,653.7,664.4,675.4,632.6,627.2,621.3,616.0,630.2,630.1,630.7,634.6,639.2,636.9,634.7,636.3,639.1,636.9,635.3,652.7,655.5,660.6,667.8,661.3,656.4,645.7,636.5,634.3,636.2,639.1,648.7,662.6,650.7,642.9,639.6,637.8,639.3,644.1,637.4,638.9,642.4,658.1,642.2,638.7,637.4,0.598,0.23,-0.322,0.08,277.444,187.171,-1.854,12.854,-14.778,15.668,2.793,0.739,-2.574,2.725,4.557,-2.585,0.854,0.247,-0.278,-2.123,-0.036,0.172,0.372,1.005,-0.364,-0.346,0.635,-0.12,-0.484,-0.644,0.27,0.142,0.166,0.053,-0.099,0.002,-0.025,-0.008,0.01,-0.0,0.1,0.0,0.0,1.21,0.0,0.0,0.0,0.0,0.0,0.86,0.0,0.0,0.0,0.0,0.0,0.0,0.0,0.0,1.0,0.0,1.0,0.0,0.0,0.0,0.0,0.0,0.0,0.0,0.0,0.0,0.0,0.0,0.0,1.0,0.0
PP133,g1,3803,0,0.975,0.227245,0.215549,-0.949683,0.073056,0.205534,-0.975919,0.155,0.215,255.7,257.1,260.3,263.4,264.5,263.3,259.9,256.8,251.1,253.3,256.3,259.9,263.2,265.7,267.2,265.2,262.3,259.2,256.0,253.2,258.6,260.0,261.4,262.0,261.5,260.1,258.7,258.1,292.5,293.5,296.1,298.9,300.2,299.2,296.5,293.5,289.4,291.4,294.0,297.2,299.9,301.7,302.7,301.7,299.9,297.5,294.7,291.7,294.9,296.2,297.3,297.8,297.2,296.0,294.8,294.4,161.8,158.6,157.5,159.0,162.2,165.6,166.5,165.0,163.0,161.3,160.3,159.9,160.7,162.3,164.5,165.5,165.8,165.8,165.4,164.5,163.4,164.1,163.6,162.2,160.8,160.1,160.6,162.0,162.6,159.5,158.2,159.4,162.5,165.6,166.9,165.9,164.7,162.6,161.2,160.5,161.0,162.1,163.8,165.3,166.1,166.4,166.2,165.8,164.0,164.5,163.9,162.6,161.3,160.7,161.3,162.6,7.5,9.4,13.7,17.7,19.3,17.6,13.1,9.0,1.5,4.4,8.4,13.0,17.5,20.8,22.9,20.1,16.3,12.1,8.0,4.2,11.4,13.2,15.1,15.9,15.2,13.5,11.6,10.8,58.6,60.0,63.9,68.0,69.8,68.3,64.4,60.0,54.3,57.0,60.7,65.2,69.3,72.3,74.1,72.3,69.4,65.7,61.6,57.5,62.3,64.0,65.7,66.4,65.6,63.8,62.1,61.5,-34.1,-38.2,-39.8,-37.9,-33.5,-29.0,-27.8,-29.7,-32.7,-34.8,-36.0,-36.4,-35.4,-33.4,-30.7,-29.2,-28.7,-28.6,-29.2,-30.5,-31.9,-31.1,-31.8,-33.6,-35.5,-36.4,-35.7,-33.8,-34.3,-38.6,-40.6,-39.0,-34.8,-30.5,-28.6,-29.9,-31.4,-34.2,-36.3,-37.3,-36.8,-35.5,-33.3,-31.1,-29.8,-29.2,-29.3,-29.9,-32.6,-31.9,-32.7,-34.6,-36.5,-37.2,-36.3,-34.4,517.2,517.7,518.2,518.3,518.0,517.6,516.9,516.8,520.9,518.5,516.4,515.7,516.6,518.3,520.1,518.3,516.4,515.8,516.6,518.5,518.0,518.1,518.3,518.5,518.7,518.7,518.5,518.2,538.7,539.7,541.5,543.1,543.6,542.6,540.8,539.3,539.0,538.3,538.3,539.5,542.5,546.2,549.7,546.4,542.9,540.3,538.9,538.7,541.0,541.7,542.5,542.9,542.7,542.0,541.3,540.8,44.3,-0.7,650.8,0.242,-0.234,0.071,228.4,228.1,228.9,230.8,235.1,242.3,251.7,262.6,273.3,281.8,287.8,293.4,298.5,302.5,305.4,307.7,308.7,242.0,249.3,258.2,267.1,274.9,289.5,295.9,301.9,307.4,310.3,281.9,282.8,283.8,284.8,272.4,276.8,281.2,285.1,288.4,251.0,256.7,262.8,267.4,262.3,256.1,289.4,294.4,299.6,302.8,299.8,294.6,261.3,269.6,276.3,279.7,283.4,287.3,290.0,286.7,282.6,278.7,274.8,268.5,264.4,275.5,279.2,282.8,288.0,282.7,279.0,275.3,161.1,172.7,184.2,195.3,206.0,215.4,223.3,229.4,231.1,228.9,222.2,214.2,205.3,195.4,185.2,174.6,163.8,154.5,150.2,149.4,151.2,154.5,154.5,151.5,150.2,151.2,155.4,163.4,171.1,178.9,186.8,191.4,193.0,194.3,193.2,191.6,162.9,160.2,160.6,164.6,165.8,165.6,164.9,160.9,161.0,163.8,166.2,166.2,206.0,204.0,202.8,203.9,202.8,204.3,206.2,211.4,213.5,214.0,213.5,211.3,206.4,206.5,206.9,206.4,206.7,207.8,208.3,207.8,-36.9,-37.8,-36.7,-33.5,-26.0,-13.3,2.9,21.5,40.0,55.5,67.5,79.0,88.9,96.2,101.3,105.1,106.8,-13.0,-1.2,13.2,27.4,39.9,64.4,75.7,86.9,97.8,104.4,51.7,52.8,54.0,55.1,36.3,43.5,50.6,57.2,63.0,1.7,10.8,20.9,28.5,20.1,10.0,65.9,74.5,84.0,90.4,84.4,75.0,18.7,32.1,42.8,48.7,54.9,62.2,68.1,61.5,54.0,47.3,40.6,30.5,23.8,41.8,47.9,54.1,64.4,54.0,47.7,41.4,-45.2,-25.5,-5.8,13.6,32.2,48.6,62.0,71.9,74.9,72.3,62.1,48.6,32.5,14.5,-4.3,-23.5,-43.2,-53.8,-60.2,-61.2,-58.2,-52.9,-53.7,-59.3,-62.5,-61.8,-55.6,-39.1,-26.3,-13.8,-1.1,6.3,8.9,11.0,9.3,6.8,-40.2,-44.4,-44.0,-37.6,-35.5,-35.7,-37.9,-44.6,-44.9,-40.6,-36.1,-35.8,30.8,27.1,24.9,26.9,25.2,28.0,31.9,40.0,43.1,43.6,42.8,39.1,31.3,31.1,31.8,31.3,32.5,33.5,34.2,33.4,668.7,672.9,677.8,681.3,682.1,680.7,676.3,670.2,671.6,682.4,698.1,710.5,716.1,715.6,713.6,711.5,710.4,636.5,631.2,628.4,626.5,626.5,636.2,644.5,654.4,664.9,675.7,633.8,628.8,623.3,618.3,632.5,632.5,633.1,636.9,641.2,638.4,636.1,637.6,640.4,638.2,636.7,653.7,656.3,661.2,668.5,662.2,657.3,649.0,639.7,637.0,638.9,641.6,651.5,665.6,654.0,646.2,642.9,641.3,642.9,647.4,640.3,641.7,645.1,661.4,645.2,641.8,640.6,0.596,0.253,-0.314,0.091,276.52,186.876,-3.873,10.276,-13.479,13.427,4.702,-0.228,-3.212,1.813,4.216,-0.992,1.024,0.945,0.33,-2.263,-0.174,0.124,0.652,1.01,-0.594,-0.645,0.498,-0.311,-0.184,-0.274,0.303,-0.09,0.132,0.05,-0.093,0.019,-0.015,0.011,0.005,-0.0,0.07,0.0,0.0,1.07,0.0,0.0,0.04,0.0,0.0,0.51,0.0,0.0,0.0,0.0,0.0,0.0,0.0,0.0,1.0,0.0,1.0,0.0,0.0,0.0,0.0,0.0,0.0,0.0,0.0,0.0,0.0,0.0,0.0,1.0,0.0
PP133,g1,3809,0,0.975,0.226487,0.216002,-0.949761,0.070299,0.206481,-0.975922,0.153,0.216,254.8,256.3,259.5,262.5,263.7,262.5,259.1,256.0,250.3,252.5,255.5,259.0,262.4,264.8,266.4,264.4,261.5,258.4,255.2,252.4,257.8,259.1,260.5,261.2,260.7,259.3,257.9,257.3,291.7,292.7,295.4,298.2,299.5,298.5,295.8,292.7,288.6,290.6,293.3,296.5,299.2,301.0,302.0,301.0,299.2,296.8,293.9,290.9,294.2,295.4,296.6,297.0,296.5,295.3,294.1,293.7,161.8,158.7,157.5,159.0,162.3,165.7,166.6,165.1,163.1,161.4,160.4,160.0,160.7,162.3,164.5,165.5,165.8,165.9,165.5,164.6,163.5,164.1,163.6,162.2,160.8,160.2,160.7,162.0,162.5,159.4,158.1,159.3,162.3,165.4,166.7,165.8,164.6,162.6,161.1,160.4,160.9,161.9,163.7,165.1,165.9,166.3,166.1,165.7,163.9,164.4,163.8,162.5,161.1,160.6,161.2,162.5,6.4,8.3,12.6,16.6,18.2,16.5,12.0,7.9,0.4,3.3,7.3,11.9,16.4,19.7,21.9,19.1,15.3,11.0,6.9,3.2,10.3,12.1,14.0,14.8,14.2,12.4,10.5,9.7,57.5,59.0,62.9,66.9,68.8,67.3,63.4,59.0,53.3,56.0,59.6,64.2,68.3,71.3,73.1,71.3,68.4,64.7,60.6,56.4,61.2,63.0,64.7,65.3,64.5,62.8,61.1,60.4,-34.0,-38.2,-39.8,-37.8,-33.5,-28.9,-27.7,-29.6,-32.6,-34.7,-35.9,-36.4,-35.4,-33.4,-30.6,-29.1,-28.7,-28.6,-29.2,-30.4,-31.9,-31.0,-31.7,-33.6,-35.5,-36.3,-35.6,-33.8,-34.5,-38.8,-40.7,-39.2,-35.0,-30.6,-28.7,-30.0,-31.5,-34.4,-36.4,-37.4,-37.0,-35.7,-33.5,-31.3,-30.0,-29.4,-29.5,-30.0,-32.7,-32.0,-32.9,-34.8,-36.6,-37.3,-36.5,-34.6,517.3,517.9,518.4,518.5,518.1,517.8,517.1,517.0,521.0,518.7,516.6,515.8,516.7,518.4,520.3,518.4,516.6,515.9,516.7,518.7,518.2,518.2,518.5,518.7,518.9,518.8,518.6,518.4,538.5,539.4,541.2,542.8,543.2,542.3,540.5,539.0,538.7,538.0,538.0,539.2,542.2,545.9,549.3,546.0,542.6,540.0,538.6,538.4,540.7,541.4,542.2,542.6,542.4,541.8,541.0,540.6,43.3,-0.9,652.0,0.244,-0.229,0.065,227.7,227.4,228.3,230.3,234.7,242.0,251.4,262.2,272.9,281.5,287.5,293.2,298.3,302.2,305.1,307.2,308.2,241.1,248.3,257.2,266.1,273.9,288.7,295.0,301.1,306.7,309.6,281.1,282.0,283.0,284.0,271.7,276.1,280.5,284.4,287.7,250.2,255.8,262.0,266.6,261.5,255.3,288.6,293.6,298.9,302.1,299.1,293.9,260.7,269.0,275.6,279.1,282.8,286.7,289.5,286.2,282.0,278.1,274.1,267.9,263.8,274.8,278.5,282.2,287.5,282.1,278.4,274.7,161.2,172.8,184.2,195.3,205.8,215.2,223.0,229.1,230.6,228.4,221.7,213.7,204.8,195.0,184.8,174.4,163.6,154.7,150.3,149.5,151.2,154.5,154.4,151.4,150.1,151.0,155.1,163.4,171.1,178.8,186.7,191.3,192.9,194.2,193.0,191.5,163.0,160.3,160.6,164.6,165.8,165.7,164.8,160.8,160.9,163.6,166.0,166.1,205.9,203.9,202.6,203.7,202.6,204.1,205.9,211.1,213.2,213.7,213.3,211.1,206.2,206.3,206.7,206.2,206.4,207.5,208.1,207.6,-38.3,-39.0,-37.8,-34.4,-26.8,-14.0,2.4,21.0,39.5,55.1,67.2,78.7,88.6,95.8,100.7,104.4,106.0,-14.5,-2.8,11.7,25.9,38.5,63.1,74.4,85.7,96.6,103.2,50.5,51.5,52.8,54.0,35.2,42.4,49.6,56.2,61.9,0.3,9.5,19.6,27.2,18.8,8.7,64.8,73.4,82.9,89.4,83.3,73.9,17.8,31.2,41.8,47.7,54.0,61.3,67.4,60.7,53.1,46.4,39.7,29.6,22.9,40.8,47.0,53.3,63.6,53.1,46.8,40.5,-45.1,-25.5,-5.8,13.6,32.1,48.3,61.6,71.5,74.3,71.6,61.3,47.8,31.7,13.8,-4.9,-24.0,-43.6,-53.6,-60.2,-61.3,-58.2,-53.0,-53.9,-59.6,-62.8,-62.2,-56.0,-39.2,-26.4,-13.9,-1.2,6.2,8.7,10.8,9.1,6.5,-40.1,-44.4,-44.0,-37.6,-35.5,-35.7,-38.1,-44.9,-45.2,-41.0,-36.4,-36.0,30.6,26.8,24.7,26.6,24.9,27.7,31.5,39.5,42.7,43.2,42.4,38.9,31.1,30.9,31.6,31.0,32.0,33.1,33.9,33.1,670.8,675.0,680.0,683.4,684.2,682.7,678.0,671.8,673.1,683.7,699.4,711.8,717.2,716.7,714.7,712.7,711.7,638.2,632.7,629.7,627.6,627.5,637.1,645.4,655.2,665.6,676.4,634.9,629.9,624.3,619.3,633.8,633.8,634.4,638.0,642.2,639.9,637.4,638.9,641.7,639.6,638.1,654.8,657.3,662.1,669.5,663.1,658.3,650.4,641.1,638.3,640.1,642.8,652.6,666.8,655.3,647.5,644.2,642.6,644.3,648.8,641.6,643.0,646.3,662.6,646.4,643.1,641.9,0.595,0.253,-0.307,0.085,275.879,186.721,-2.742,10.44,-13.397,12.835,5.235,-0.415,-3.371,2.001,4.169,-0.663,0.975,1.021,0.658,-2.099,-0.195,-0.068,0.564,1.085,-0.627,-0.684,0.529,-0.318,-0.1,-0.275,0.429,-0.127,0.107,0.062,-0.092,0.016,-0.02,0.016,0.006,0.0,0.08,0.0,0.0,0.89,0.0,0.0,0.16,0.0,0.0,0.53,0.0,0.0,0.0,0.0,0.0,0.0,0.0,0.0,1.0,0.0,1.0,0.0,0.0,0.0,0.0,0.0,0.0,0.0,0.0,0.0,0.0,0.0,0.0,1.0,0.0
PP133,g1,3815,0,0.925,0.226926,0.206011,-0.951874,0.076812,0.198573,-0.977071,0.156,0.207,254.5,255.9,259.1,262.2,263.4,262.2,258.8,255.7,250.0,252.1,255.1,258.7,262.1,264.5,266.2,264.1,261.3,258.1,254.9,252.1,257.5,258.8,260.2,260.8,260.3,259.0,257.6,257.0,291.4,292.3,295.0,297.8,299.1,298.1,295.5,292.4,288.3,290.3,292.9,296.1,298.8,300.6,301.6,300.6,298.9,296.5,293.6,290.6,293.9,295.1,296.3,296.7,296.1,294.9,293.7,293.3,162.2,159.0,157.8,159.2,162.5,165.9,166.9,165.5,163.5,161.8,160.7,160.2,161.0,162.6,164.7,165.8,166.1,166.2,165.8,165.0,163.8,164.4,163.9,162.5,161.1,160.4,161.0,162.4,162.5,159.4,158.1,159.3,162.3,165.4,166.7,165.8,164.7,162.6,161.0,160.3,160.8,161.9,163.6,165.0,165.9,166.2,166.1,165.7,163.8,164.4,163.8,162.4,161.1,160.6,161.2,162.5,5.9,7.8,12.0,16.1,17.7,16.1,11.6,7.5,-0.0,2.8,6.7,11.4,15.9,19.2,21.4,18.7,14.8,10.6,6.5,2.7,9.9,11.7,13.5,14.3,13.6,11.8,10.0,9.2,56.9,58.3,62.1,66.2,68.1,66.7,62.8,58.4,52.7,55.3,58.9,63.5,67.6,70.6,72.4,70.6,67.7,64.1,60.0,55.8,60.6,62.4,64.1,64.7,63.9,62.1,60.4,59.8,-33.4,-37.6,-39.2,-37.3,-33.0,-28.5,-27.2,-29.1,-31.9,-34.0,-35.3,-35.8,-34.9,-33.0,-30.2,-28.7,-28.2,-28.0,-28.6,-29.8,-31.3,-30.5,-31.2,-33.1,-34.9,-35.8,-35.1,-33.2,-34.4,-38.7,-40.7,-39.2,-35.0,-30.6,-28.7,-29.9,-31.4,-34.3,-36.4,-37.4,-37.0,-35.7,-33.5,-31.3,-30.0,-29.4,-29.4,-29.9,-32.7,-32.0,-32.9,-34.8,-36.6,-37.3,-36.4,-34.5,515.1,515.6,516.0,516.1,515.7,515.4,514.8,514.7,518.8,516.4,514.3,513.5,514.4,516.0,517.8,516.0,514.2,513.6,514.5,516.5,515.9,515.9,516.1,516.3,516.5,516.5,516.3,516.1,537.2,538.1,539.9,541.5,541.9,541.0,539.2,537.7,537.4,536.7,536.7,538.0,540.9,544.6,548.0,544.7,541.3,538.7,537.3,537.1,539.4,540.1,540.9,541.3,541.2,540.5,539.7,539.2,43.1,-0.2,648.3,0.226,-0.236,0.053,227.3,227.2,228.2,230.4,235.0,242.3,251.8,262.9,273.6,282.1,287.9,293.3,298.2,302.0,304.7,306.9,307.8,240.6,247.7,256.8,265.7,273.6,288.2,294.5,300.6,306.2,309.1,280.7,281.8,283.0,284.2,271.8,276.3,280.7,284.6,287.8,249.9,255.4,261.6,266.3,261.2,255.0,288.3,293.2,298.5,301.8,298.8,293.5,261.3,269.5,276.0,279.5,283.1,287.0,289.7,286.6,282.6,278.8,274.8,268.6,264.4,275.4,279.0,282.6,287.8,282.6,278.9,275.2,161.8,173.5,185.1,196.4,207.1,216.5,224.4,230.3,231.8,229.5,222.7,214.6,205.5,195.6,185.2,174.6,163.7,155.2,150.7,149.8,151.4,154.7,154.5,151.5,150.0,150.9,155.1,163.4,171.1,178.9,186.8,191.6,193.2,194.4,193.2,191.6,163.4,160.6,160.9,164.8,166.1,166.0,164.8,160.8,160.8,163.5,166.0,166.1,206.8,204.5,203.0,204.1,203.0,204.5,206.5,211.5,213.7,214.2,213.9,211.8,207.0,206.8,207.1,206.6,206.9,207.9,208.5,208.1,-38.8,-39.2,-37.7,-34.1,-26.2,-13.3,3.1,22.0,40.5,55.8,67.5,78.5,88.0,94.9,99.7,103.2,104.7,-15.3,-3.7,10.9,25.1,37.7,62.0,73.3,84.5,95.3,102.0,49.7,51.0,52.5,53.8,35.2,42.4,49.6,56.2,61.9,-0.2,8.9,18.9,26.7,18.3,8.2,63.9,72.4,81.9,88.4,82.4,73.0,18.6,31.8,42.3,48.1,54.2,61.4,67.4,61.1,53.7,47.1,40.6,30.5,23.7,41.4,47.4,53.6,63.6,53.5,47.3,41.2,-43.8,-24.0,-4.2,15.4,34.1,50.4,63.6,73.2,75.9,73.0,62.8,49.2,33.0,14.8,-4.1,-23.4,-43.2,-52.5,-59.3,-60.6,-57.6,-52.4,-53.5,-59.3,-62.6,-62.2,-55.9,-39.0,-26.2,-13.7,-1.0,6.7,9.1,11.2,9.3,6.7,-39.3,-43.7,-43.4,-37.1,-34.9,-34.9,-37.9,-44.7,-45.1,-40.9,-36.3,-35.9,31.9,27.7,25.2,27.1,25.4,28.2,32.2,40.1,43.1,43.8,43.1,39.9,32.2,31.5,32.1,31.5,32.7,33.5,34.3,33.6,667.4,671.6,676.5,679.8,680.5,678.8,674.1,667.7,669.1,679.9,695.7,708.3,714.0,713.3,711.2,708.9,707.8,635.1,629.7,626.7,624.7,624.6,634.1,642.5,652.4,663.0,673.9,631.8,626.6,620.8,615.6,630.1,630.0,630.5,634.4,638.8,636.8,634.4,635.9,638.6,636.5,635.1,651.8,654.4,659.4,666.7,660.2,655.4,646.3,636.8,634.3,636.2,638.9,648.5,662.7,650.9,643.1,639.9,638.3,639.9,644.7,637.6,639.0,642.3,658.3,642.2,638.9,637.7,0.598,0.238,-0.314,0.071,275.922,187.16,-2.139,11.3,-14.079,15.275,3.43,-0.019,-3.03,2.71,4.491,-2.269,0.655,0.635,0.052,-2.135,-0.017,0.052,0.493,0.986,-0.556,-0.402,0.6,-0.405,-0.332,-0.545,0.284,0.088,0.15,0.064,-0.1,0.004,-0.012,-0.004,0.008,-0.002,0.16,0.0,0.0,0.63,0.0,0.0,0.0,0.0,0.0,0.58,0.0,0.0,0.0,0.0,0.0,0.0,0.0,0.0,1.0,0.0,1.0,0.0,0.0,0.0,0.0,0.0,0.0,0.0,0.0,0.0,0.0,0.0,0.0,1.0,0.0
PP133,g1,3821,0,0.975,0.225455,0.212737,-0.950743,0.071991,0.2059,-0.975921,0.153,0.214,254.2,255.6,258.7,261.8,263.0,261.8,258.5,255.4,249.8,251.9,254.8,258.3,261.6,264.1,265.7,263.7,260.9,257.7,254.6,251.8,257.2,258.5,259.9,260.5,259.9,258.6,257.2,256.6,290.9,291.9,294.5,297.3,298.5,297.6,294.9,291.9,287.9,289.8,292.4,295.6,298.3,300.1,301.1,300.1,298.3,295.9,293.1,290.1,293.4,294.6,295.7,296.2,295.6,294.4,293.2,292.8,163.2,160.1,158.9,160.3,163.5,166.9,167.8,166.4,164.5,162.8,161.8,161.4,162.1,163.6,165.6,166.7,167.0,167.1,166.7,165.9,164.8,165.4,164.9,163.5,162.1,161.5,162.0,163.4,163.6,160.6,159.3,160.5,163.4,166.5,167.8,166.8,165.6,163.7,162.2,161.6,162.0,163.1,164.7,166.1,166.9,167.2,167.1,166.7,164.9,165.4,164.9,163.5,162.2,161.7,162.3,163.6,5.7,7.5,11.7,15.9,17.4,15.9,11.4,7.3,-0.3,2.6,6.5,11.1,15.6,18.9,21.2,18.4,14.6,10.4,6.2,2.5,9.6,11.4,13.3,14.1,13.4,11.6,9.7,8.9,57.6,59.0,62.9,67.0,68.9,67.4,63.4,59.0,53.4,56.0,59.7,64.2,68.4,71.4,73.3,71.4,68.5,64.8,60.6,56.5,61.3,63.1,64.8,65.4,64.6,62.8,61.1,60.5,-32.6,-36.9,-38.5,-36.6,-32.3,-27.7,-26.4,-28.3,-31.2,-33.2,-34.5,-35.0,-34.1,-32.2,-29.6,-28.0,-27.5,-27.4,-27.9,-29.1,-30.6,-29.8,-30.5,-32.3,-34.2,-35.1,-34.3,-32.5,-33.6,-38.0,-39.9,-38.3,-34.1,-29.8,-27.9,-29.2,-30.8,-33.5,-35.5,-36.5,-36.1,-34.8,-32.7,-30.5,-29.2,-28.6,-28.7,-29.3,-31.9,-31.2,-32.1,-34.0,-35.8,-36.5,-35.6,-33.7,524.8,525.3,525.7,525.8,525.5,525.3,524.6,524.5,528.5,526.1,524.0,523.2,524.1,525.8,527.7,525.9,524.0,523.4,524.2,526.2,525.7,525.7,525.9,526.1,526.3,526.2,526.0,525.8,549.8,550.7,552.4,554.0,554.4,553.4,551.7,550.3,550.1,549.4,549.3,550.5,553.3,557.0,560.4,557.1,553.7,551.2,549.8,549.7,552.0,552.7,553.4,553.8,553.6,553.0,552.2,551.8,42.6,1.0,652.2,0.225,-0.231,0.056,227.3,227.1,228.0,230.1,234.6,241.9,251.3,262.2,272.9,281.5,287.4,292.9,297.8,301.7,304.4,306.5,307.4,240.5,247.6,256.5,265.3,273.1,287.7,294.0,300.0,305.6,308.6,280.3,281.3,282.4,283.5,271.2,275.7,280.1,284.0,287.2,249.6,255.2,261.2,265.9,260.8,254.8,287.9,292.8,298.0,301.2,298.2,293.0,260.6,268.9,275.4,278.9,282.5,286.4,289.1,286.0,281.9,278.0,274.1,267.9,263.7,274.7,278.3,281.9,287.2,281.9,278.2,274.5,162.7,174.3,185.7,196.9,207.6,217.0,224.8,230.8,232.3,230.0,223.3,215.2,206.2,196.4,186.1,175.6,164.8,156.0,151.5,150.5,152.2,155.4,155.3,152.3,150.9,151.8,155.9,164.3,172.0,179.6,187.5,192.3,193.8,195.1,193.9,192.3,164.4,161.7,162.0,165.7,167.0,166.9,165.8,162.0,162.0,164.7,167.0,167.1,207.4,205.1,203.7,204.9,203.7,205.2,207.2,212.3,214.4,214.9,214.6,212.5,207.7,207.5,207.8,207.4,207.7,208.7,209.2,208.8,-39.0,-39.6,-38.3,-34.9,-27.0,-14.1,2.3,21.0,39.5,55.1,67.0,78.2,87.8,94.8,99.6,103.1,104.5,-15.5,-4.0,10.5,24.7,37.2,61.6,72.8,84.0,94.8,101.6,49.3,50.5,51.8,53.1,34.4,41.7,48.9,55.5,61.3,-0.6,8.4,18.3,26.1,17.7,7.8,63.5,72.1,81.4,87.9,81.9,72.6,17.7,30.9,41.5,47.3,53.4,60.8,66.8,60.3,52.8,46.2,39.6,29.5,22.8,40.5,46.6,52.8,63.0,52.7,46.5,40.3,-42.7,-22.9,-3.1,16.5,35.2,51.5,64.7,74.4,77.2,74.5,64.2,50.6,34.4,16.2,-2.6,-21.8,-41.4,-51.6,-58.5,-59.7,-56.8,-51.6,-52.6,-58.3,-61.5,-61.0,-54.7,-37.8,-25.1,-12.6,-0.0,7.7,10.3,12.4,10.5,7.9,-37.9,-42.1,-41.8,-35.9,-33.7,-33.7,-36.5,-43.0,-43.2,-39.2,-34.8,-34.4,33.1,29.0,26.5,28.5,26.7,29.6,33.7,41.6,44.6,45.2,44.5,41.2,33.5,32.8,33.5,32.9,34.2,35.0,35.8,35.0,671.3,675.6,680.6,684.1,684.6,682.7,677.8,671.5,672.9,683.7,699.5,712.0,717.4,716.7,714.4,712.3,711.3,639.2,633.9,630.8,628.8,628.7,638.2,646.5,656.2,666.6,677.3,635.9,630.7,625.0,619.8,634.2,634.2,634.7,638.5,642.8,640.8,638.5,639.9,642.5,640.5,639.1,655.7,658.3,663.2,670.3,663.9,659.2,650.3,640.9,638.3,640.2,642.9,652.6,666.7,655.0,647.3,644.0,642.3,643.9,648.6,641.6,643.0,646.3,662.4,646.3,643.0,641.7,0.595,0.239,-0.309,0.074,275.414,187.928,-3.742,11.393,-14.428,14.542,3.269,-0.657,-3.275,2.55,4.042,-1.353,0.364,0.661,0.101,-2.343,-0.421,0.001,-0.069,0.722,-1.065,-0.746,0.783,-0.432,0.213,-0.726,0.148,0.176,0.09,0.064,-0.103,0.018,-0.009,-0.0,0.006,0.005,0.0,0.0,0.0,0.14,0.0,0.0,0.02,0.0,0.0,0.45,0.0,0.0,0.0,0.0,0.0,0.0,0.0,0.0,1.0,0.0,0.0,0.0,0.0,0.0,0.0,0.0,0.0,0.0,0.0,0.0,0.0,0.0,0.0,1.0,0.0
PP133,g1,3827,0,0.975,0.222318,0.215561,-0.950846,0.064289,0.207377,-0.976146,0.148,0.216,254.0,255.5,258.6,261.7,262.9,261.7,258.3,255.2,249.5,251.7,254.7,258.2,261.6,264.0,265.6,263.6,260.8,257.6,254.4,251.6,257.0,258.4,259.7,260.4,259.9,258.5,257.1,256.5,290.9,291.9,294.6,297.4,298.7,297.7,295.0,292.0,287.9,289.9,292.5,295.7,298.4,300.3,301.3,300.2,298.5,296.0,293.2,290.2,293.5,294.7,295.9,296.3,295.7,294.5,293.3,292.9,162.5,159.4,158.2,159.7,162.9,166.3,167.3,165.8,163.8,162.1,161.1,160.7,161.4,163.0,165.1,166.2,166.5,166.5,166.1,165.3,164.1,164.8,164.3,162.9,161.5,160.8,161.3,162.7,163.1,160.0,158.7,159.9,162.9,166.0,167.3,166.3,165.2,163.1,161.6,161.0,161.4,162.5,164.2,165.6,166.4,166.8,166.6,166.3,164.4,164.9,164.3,163.0,161.7,161.2,161.7,163.1,5.4,7.2,11.5,15.6,17.1,15.5,11.0,6.9,-0.6,2.3,6.2,10.9,15.3,18.6,20.8,18.1,14.2,10.0,5.9,2.1,9.3,11.1,13.0,13.8,13.1,11.3,9.5,8.6,56.8,58.2,62.1,66.2,68.1,66.6,62.7,58.3,52.6,55.2,58.9,63.4,67.6,70.6,72.5,70.6,67.7,64.0,59.8,55.7,60.5,62.3,64.0,64.6,63.8,62.0,60.3,59.7,-33.1,-37.3,-38.9,-37.0,-32.6,-28.1,-26.8,-28.8,-31.7,-33.8,-35.0,-35.4,-34.5,-32.6,-29.9,-28.3,-27.8,-27.7,-28.3,-29.5,-31.0,-30.2,-30.9,-32.7,-34.6,-35.5,-34.8,-32.9,-33.9,-38.2,-40.1,-38.6,-34.4,-30.1,-28.1,-29.4,-30.9,-33.8,-35.8,-36.8,-36.4,-35.1,-33.0,-30.7,-29.4,-28.8,-28.9,-29.4,-32.1,-31.5,-32.3,-34.2,-36.0,-36.7,-35.9,-34.0,517.9,518.4,518.9,518.9,518.6,518.4,517.7,517.6,521.7,519.3,517.2,516.3,517.2,518.9,520.8,519.0,517.2,516.5,517.4,519.3,518.8,518.8,519.0,519.2,519.4,519.3,519.2,518.9,541.5,542.4,544.1,545.7,546.1,545.2,543.4,542.0,541.8,541.1,541.0,542.2,545.0,548.7,552.1,548.9,545.5,542.9,541.6,541.5,543.7,544.4,545.1,545.5,545.4,544.7,543.9,543.5,42.6,-0.2,654.1,0.238,-0.222,0.059,227.3,227.2,228.1,230.2,234.6,242.0,251.3,262.1,272.7,281.3,287.3,293.0,298.1,302.0,304.8,306.8,307.7,240.4,247.5,256.4,265.3,273.1,287.8,294.2,300.2,305.8,308.9,280.2,281.2,282.2,283.3,271.1,275.5,279.9,283.7,287.0,249.4,255.0,261.1,265.8,260.7,254.6,287.9,292.8,298.1,301.4,298.3,293.1,260.4,268.6,275.1,278.6,282.2,286.2,289.0,285.7,281.6,277.7,273.7,267.6,263.5,274.4,278.0,281.7,287.0,281.6,277.9,274.2,161.9,173.4,184.7,195.8,206.3,215.5,223.2,229.2,230.8,228.6,221.9,214.0,205.1,195.4,185.2,174.8,164.1,155.2,150.9,150.0,151.8,155.0,154.9,151.9,150.5,151.3,155.4,163.9,171.6,179.2,187.0,191.7,193.2,194.5,193.4,191.8,163.7,161.0,161.3,165.2,166.5,166.3,165.3,161.4,161.4,164.1,166.6,166.7,206.4,204.3,203.0,204.1,203.0,204.5,206.3,211.4,213.6,214.1,213.7,211.5,206.7,206.7,207.1,206.6,206.8,207.8,208.4,208.0,-39.1,-39.6,-38.3,-34.8,-27.0,-14.1,2.3,20.8,39.3,54.9,67.1,78.6,88.5,95.7,100.4,104.0,105.5,-15.8,-4.1,10.4,24.7,37.3,61.8,73.2,84.5,95.5,102.3,49.3,50.4,51.7,52.9,34.3,41.5,48.7,55.3,61.1,-1.0,8.2,18.3,26.1,17.6,7.5,63.7,72.3,81.9,88.5,82.3,72.9,17.4,30.6,41.2,47.0,53.2,60.6,66.8,60.1,52.5,45.8,39.2,29.1,22.4,40.2,46.3,52.6,63.0,52.4,46.2,39.9,-44.2,-24.6,-4.9,14.5,33.0,49.1,62.3,72.0,74.9,72.1,61.9,48.4,32.4,14.5,-4.1,-23.2,-42.7,-53.1,-59.6,-60.7,-57.7,-52.3,-53.3,-59.0,-62.3,-61.8,-55.7,-38.5,-25.8,-13.4,-0.8,6.8,9.3,11.4,9.6,7.1,-39.2,-43.4,-43.0,-36.8,-34.6,-34.7,-37.3,-44.0,-44.3,-40.2,-35.7,-35.2,31.6,27.7,25.4,27.3,25.6,28.4,32.3,40.3,43.4,44.0,43.2,39.8,32.0,31.7,32.3,31.8,32.8,33.8,34.5,33.8,674.1,678.4,683.4,686.8,687.4,685.7,680.7,674.3,675.5,686.0,701.7,714.0,719.4,718.7,716.6,714.6,713.6,641.3,635.8,632.5,630.1,629.8,639.1,647.4,657.2,667.7,678.6,637.2,632.1,626.5,621.4,636.2,636.2,636.6,640.2,644.4,643.0,640.4,641.7,644.4,642.4,641.1,657.1,659.6,664.5,671.8,665.4,660.7,652.8,643.3,640.4,642.2,644.8,654.5,668.7,657.2,649.5,646.4,644.8,646.6,651.1,643.8,645.1,648.4,664.5,648.4,645.2,644.0,0.593,0.249,-0.298,0.077,275.343,187.155,-1.693,10.616,-14.006,13.468,5.29,-1.238,-3.708,2.853,4.003,-0.799,0.831,0.832,0.274,-2.126,-0.467,-0.02,0.281,0.696,-0.991,-0.882,0.567,-0.329,0.079,-0.242,0.243,-0.033,0.084,0.077,-0.094,0.021,-0.016,0.006,0.004,0.003,0.2,0.0,0.0,0.33,0.0,0.0,0.22,0.0,0.0,0.78,0.0,0.0,0.0,0.0,0.0,0.0,0.0,0.0,1.0,0.0,1.0,0.0,0.0,0.0,0.0,0.0,1.0,0.0,0.0,0.0,0.0,0.0,0.0,1.0,0.0
PP133,g1,3833,0,0.975,0.219196,0.208564,-0.953129,0.062441,0.200068,-0.97779,0.145,0.209,253.9,255.3,258.5,261.6,262.8,261.6,258.2,255.1,249.4,251.6,254.5,258.1,261.5,264.0,265.6,263.5,260.6,257.4,254.3,251.5,256.9,258.2,259.6,260.3,259.7,258.4,257.0,256.4,290.9,291.8,294.5,297.3,298.7,297.7,295.0,291.9,287.8,289.8,292.4,295.6,298.4,300.3,301.3,300.2,298.4,296.0,293.1,290.1,293.4,294.6,295.8,296.2,295.7,294.4,293.2,292.8,161.3,158.1,156.9,158.4,161.6,165.1,166.0,164.5,162.5,160.8,159.8,159.4,160.1,161.7,163.9,164.9,165.3,165.3,164.9,164.1,162.9,163.5,163.0,161.6,160.2,159.5,160.1,161.5,161.8,158.7,157.3,158.5,161.6,164.7,166.0,165.1,163.9,161.8,160.3,159.6,160.1,161.2,162.9,164.4,165.2,165.5,165.4,165.0,163.1,163.7,163.1,161.7,160.4,159.9,160.4,161.8,5.1,7.0,11.2,15.3,16.9,15.3,10.8,6.7,-0.8,2.1,6.0,10.6,15.1,18.4,20.6,17.8,14.0,9.8,5.6,1.9,9.1,10.9,12.7,13.5,12.9,11.1,9.2,8.4,56.1,57.5,61.4,65.5,67.4,65.9,62.0,57.6,51.9,54.5,58.1,62.7,66.9,69.9,71.8,69.9,67.0,63.3,59.2,55.0,59.8,61.6,63.3,63.9,63.1,61.3,59.6,59.0,-34.5,-38.7,-40.4,-38.4,-34.1,-29.6,-28.3,-30.2,-33.1,-35.2,-36.4,-36.9,-36.0,-34.0,-31.3,-29.8,-29.2,-29.1,-29.7,-31.0,-32.4,-31.6,-32.3,-34.2,-36.1,-36.9,-36.2,-34.3,-35.3,-39.6,-41.6,-40.1,-35.9,-31.5,-29.6,-30.8,-32.3,-35.2,-37.3,-38.3,-37.9,-36.6,-34.4,-32.2,-30.9,-30.2,-30.3,-30.8,-33.6,-32.9,-33.8,-35.7,-37.5,-38.2,-37.3,-35.4,514.2,514.8,515.2,515.2,514.8,514.6,513.9,513.9,518.0,515.6,513.5,512.6,513.5,515.1,516.9,515.2,513.4,512.8,513.6,515.6,515.1,515.1,515.2,515.5,515.6,515.6,515.4,515.2,536.1,537.1,538.8,540.4,540.8,539.8,538.1,536.7,536.5,535.7,535.7,536.8,539.7,543.4,546.8,543.5,540.1,537.5,536.2,536.1,538.4,539.0,539.8,540.2,540.0,539.4,538.6,538.2,42.6,-2.2,653.7,0.232,-0.217,0.054,227.4,227.3,228.3,230.5,234.9,242.2,251.6,262.3,272.9,281.5,287.6,293.2,298.3,302.2,304.9,306.9,307.8,240.1,247.2,256.2,265.1,272.9,287.7,294.0,300.1,305.8,308.9,280.1,281.0,282.1,283.2,271.0,275.5,279.9,283.7,287.0,249.3,254.9,261.0,265.7,260.6,254.4,287.8,292.7,298.1,301.4,298.3,293.0,260.4,268.6,275.2,278.6,282.3,286.3,289.2,285.9,281.7,277.8,273.9,267.7,263.5,274.5,278.1,281.7,287.2,281.7,278.0,274.3,160.9,172.4,183.8,194.9,205.4,214.6,222.3,228.2,229.7,227.5,220.9,213.0,204.2,194.4,184.3,173.8,163.1,154.0,149.6,148.7,150.4,153.7,153.6,150.5,149.2,150.1,154.2,162.6,170.2,177.8,185.6,190.5,192.0,193.2,192.1,190.5,162.4,159.7,160.0,164.0,165.2,165.1,164.1,160.1,160.1,162.8,165.3,165.4,205.2,203.1,201.7,202.8,201.7,203.2,205.1,210.2,212.4,212.9,212.5,210.3,205.5,205.5,205.8,205.4,205.6,206.6,207.2,206.8,-39.1,-39.5,-37.9,-34.3,-26.5,-13.6,2.7,21.2,39.6,55.2,67.4,78.9,88.8,95.9,100.6,104.1,105.5,-16.2,-4.5,10.0,24.3,36.9,61.6,73.0,84.3,95.4,102.2,49.1,50.2,51.5,52.7,34.3,41.5,48.6,55.2,61.0,-1.2,8.0,18.1,26.0,17.5,7.3,63.5,72.1,81.8,88.4,82.3,72.8,17.4,30.6,41.2,47.0,53.2,60.7,67.0,60.3,52.6,45.9,39.3,29.2,22.5,40.3,46.4,52.6,63.2,52.5,46.2,40.0,-45.9,-26.2,-6.5,13.0,31.4,47.5,60.6,70.2,73.0,70.2,60.0,46.6,30.7,12.8,-5.9,-25.0,-44.6,-55.0,-61.7,-62.8,-59.8,-54.5,-55.5,-61.2,-64.5,-64.0,-57.8,-40.6,-28.0,-15.5,-3.0,4.8,7.3,9.3,7.5,5.0,-41.3,-45.6,-45.2,-38.8,-36.6,-36.7,-39.4,-46.3,-46.6,-42.4,-37.8,-37.3,29.6,25.7,23.3,25.2,23.5,26.3,30.1,38.2,41.4,41.9,41.2,37.8,30.0,29.6,30.2,29.6,30.7,31.7,32.5,31.8,674.7,678.8,683.5,686.7,687.2,685.3,680.3,673.8,674.7,685.1,700.7,713.1,718.4,717.8,716.0,714.2,713.3,641.7,636.1,632.7,630.2,629.8,638.9,647.2,657.1,667.6,678.4,637.1,631.9,626.1,620.8,635.8,635.6,636.0,639.6,643.8,643.3,640.5,641.8,644.4,642.5,641.2,656.9,659.5,664.3,671.6,665.1,660.4,652.4,642.8,639.8,641.6,644.1,653.8,668.0,656.5,648.7,645.7,644.1,646.0,650.7,643.2,644.5,647.7,663.8,647.7,644.5,643.4,0.593,0.239,-0.294,0.072,275.37,185.969,-1.655,10.608,-13.604,14.19,5.612,-1.155,-3.789,3.124,4.018,-0.89,0.652,0.957,0.16,-2.077,-0.309,-0.166,0.423,0.756,-0.796,-0.74,0.515,-0.384,-0.157,-0.127,0.294,-0.078,0.088,0.077,-0.099,0.01,-0.024,0.01,0.006,-0.0,0.23,0.0,0.0,1.01,0.0,0.0,0.11,0.0,0.0,0.35,0.0,0.0,0.0,0.0,0.0,0.0,0.0,0.0,1.0,0.0,1.0,0.0,0.0,0.0,0.0,0.0,0.0,0.0,0.0,0.0,0.0,0.0,0.0,1.0,0.0
PP133,g1,3839,0,0.975,0.214124,0.190005,-0.958149,0.063553,0.184081,-0.980854,0.142,0.191,253.4,254.8,258.0,261.1,262.3,261.2,257.7,254.6,249.0,251.1,254.0,257.5,261.0,263.5,265.2,263.1,260.2,257.0,253.8,251.0,256.4,257.8,259.2,259.8,259.2,257.9,256.5,255.9,290.4,291.3,294.0,296.9,298.2,297.3,294.6,291.5,287.3,289.3,291.9,295.2,297.9,299.8,300.8,299.8,298.0,295.6,292.7,289.7,292.9,294.2,295.4,295.8,295.2,293.9,292.8,292.4,161.0,157.8,156.5,157.9,161.2,164.6,165.7,164.2,162.3,160.6,159.5,159.0,159.7,161.2,163.4,164.5,164.9,165.0,164.6,163.8,162.6,163.2,162.6,161.2,159.8,159.2,159.7,161.1,161.1,158.0,156.7,157.9,160.9,164.0,165.3,164.4,163.3,161.2,159.6,158.9,159.4,160.5,162.2,163.7,164.5,164.8,164.7,164.4,162.5,163.0,162.4,161.0,159.7,159.2,159.8,161.1,4.4,6.3,10.5,14.6,16.2,14.7,10.2,6.1,-1.4,1.4,5.2,9.9,14.4,17.7,20.0,17.2,13.4,9.2,5.0,1.3,8.4,10.2,12.1,12.9,12.2,10.4,8.5,7.7,55.3,56.7,60.6,64.7,66.6,65.2,61.3,56.9,51.2,53.8,57.4,62.0,66.1,69.2,71.1,69.2,66.3,62.6,58.5,54.3,59.1,60.9,62.6,63.2,62.4,60.6,58.9,58.3,-34.8,-39.1,-40.8,-38.9,-34.6,-30.0,-28.7,-30.5,-33.3,-35.5,-36.8,-37.4,-36.5,-34.5,-31.8,-30.3,-29.7,-29.5,-30.0,-31.2,-32.8,-32.0,-32.7,-34.6,-36.5,-37.3,-36.6,-34.7,-36.1,-40.5,-42.5,-40.9,-36.8,-32.4,-30.5,-31.7,-33.2,-36.1,-38.2,-39.2,-38.8,-37.5,-35.3,-33.1,-31.8,-31.1,-31.2,-31.7,-34.5,-33.8,-34.6,-36.5,-38.4,-39.0,-38.2,-36.3,513.2,513.7,514.0,514.0,513.6,513.3,512.8,512.8,517.1,514.6,512.5,511.5,512.3,513.8,515.6,513.9,512.2,511.7,512.6,514.7,513.9,513.9,514.1,514.3,514.5,514.5,514.3,514.1,535.3,536.3,538.0,539.5,539.8,538.8,537.1,535.7,535.5,534.8,534.8,536.0,538.8,542.5,545.9,542.5,539.1,536.6,535.2,535.1,537.4,538.1,538.9,539.3,539.1,538.5,537.7,537.3,42.5,-2.6,652.6,0.203,-0.215,0.038,227.4,227.4,228.7,231.0,235.6,242.9,252.2,263.0,273.7,282.2,288.1,293.5,298.4,302.1,304.7,306.7,307.4,239.6,246.6,255.5,264.3,272.2,287.0,293.4,299.5,305.1,308.3,279.5,280.6,281.8,283.0,271.0,275.4,279.9,283.8,287.0,248.8,254.3,260.5,265.3,260.2,254.0,287.3,292.2,297.6,301.0,297.9,292.6,261.0,269.0,275.4,278.9,282.5,286.5,289.4,286.2,282.2,278.3,274.4,268.2,264.1,274.8,278.4,282.0,287.4,282.0,278.4,274.7,161.4,173.0,184.5,195.7,206.2,215.4,223.0,228.8,230.2,228.0,221.5,213.5,204.6,194.7,184.3,173.7,162.8,154.0,149.3,148.3,149.8,152.9,152.7,149.7,148.4,149.3,153.6,161.8,169.4,177.0,184.9,190.0,191.4,192.6,191.5,189.9,162.3,159.4,159.6,163.5,164.8,164.8,163.4,159.4,159.4,162.2,164.6,164.7,205.4,202.9,201.3,202.4,201.3,202.8,205.0,210.0,212.1,212.6,212.3,210.3,205.6,205.1,205.4,205.0,205.4,206.3,206.8,206.5,-39.1,-39.2,-37.3,-33.3,-25.3,-12.3,3.9,22.4,40.8,56.2,68.1,79.3,88.8,95.5,100.1,103.4,104.7,-17.1,-5.6,8.8,23.1,35.7,60.6,71.9,83.2,94.3,101.2,48.2,49.5,50.9,52.3,34.1,41.3,48.6,55.2,60.9,-1.9,7.1,17.3,25.3,16.8,6.5,62.8,71.3,81.0,87.7,81.6,72.1,18.3,31.2,41.5,47.3,53.4,60.9,67.2,60.7,53.2,46.6,40.1,30.1,23.4,40.7,46.8,52.9,63.4,52.9,46.7,40.5,-45.1,-25.2,-5.2,14.3,32.8,48.8,61.7,71.0,73.5,70.8,60.8,47.4,31.3,13.2,-5.8,-25.2,-45.0,-55.1,-62.2,-63.6,-60.9,-55.8,-56.9,-62.6,-65.8,-65.3,-58.9,-42.0,-29.2,-16.8,-4.2,4.0,6.4,8.4,6.5,3.9,-41.6,-46.2,-45.9,-39.6,-37.3,-37.2,-40.5,-47.5,-47.8,-43.5,-38.9,-38.5,29.8,25.3,22.6,24.4,22.6,25.6,29.8,37.6,40.7,41.3,40.7,37.6,30.1,28.9,29.5,28.9,30.3,31.0,31.8,31.2,674.7,678.6,683.0,685.9,686.0,683.8,678.6,671.7,672.5,682.9,698.6,711.3,716.9,716.3,714.5,712.6,711.9,642.4,636.9,633.4,630.8,630.3,639.3,647.6,657.4,667.8,678.4,637.2,631.6,625.5,619.9,634.8,634.5,634.8,638.4,642.7,643.6,641.0,642.2,644.6,642.7,641.6,656.8,659.5,664.3,671.4,664.9,660.3,650.9,641.2,638.3,640.0,642.6,652.1,666.0,654.3,646.7,643.7,642.2,644.1,649.1,641.6,642.8,646.0,661.7,646.0,642.8,641.7,0.594,0.212,-0.292,0.054,275.352,185.74,-2.841,10.74,-14.324,16.973,4.15,-0.661,-3.821,3.601,4.214,-2.328,0.383,0.721,0.061,-2.171,-0.059,-0.252,0.437,0.694,-0.714,-0.526,0.566,-0.199,-0.312,-0.425,0.179,0.092,0.116,0.074,-0.111,0.001,-0.026,-0.009,0.009,0.002,0.46,0.0,0.0,0.41,0.0,0.0,0.0,0.0,0.0,0.58,0.0,0.0,0.0,0.0,0.0,0.0,0.0,0.0,1.0,0.0,1.0,0.0,0.0,0.0,0.0,0.0,0.0,0.0,0.0,0.0,0.0,0.0,0.0,1.0,0.0
PP133,g1,3845,0,0.925,0.213119,0.184274,-0.959491,0.065239,0.178336,-0.981804,0.142,0.185,254.2,255.5,258.7,261.8,263.0,261.9,258.5,255.4,249.8,251.8,254.8,258.3,261.7,264.2,265.9,263.8,260.9,257.8,254.6,251.8,257.2,258.5,259.9,260.5,260.0,258.6,257.2,256.6,290.9,291.9,294.5,297.4,298.7,297.8,295.1,292.0,287.9,289.9,292.5,295.7,298.4,300.3,301.3,300.3,298.5,296.1,293.2,290.2,293.5,294.7,295.9,296.3,295.7,294.5,293.3,292.9,160.3,157.1,155.8,157.2,160.4,163.9,164.9,163.5,161.7,159.9,158.8,158.3,159.0,160.5,162.6,163.7,164.1,164.2,163.9,163.1,161.8,162.4,161.9,160.5,159.1,158.5,159.0,160.4,160.4,157.3,156.0,157.2,160.2,163.3,164.6,163.6,162.5,160.4,158.9,158.2,158.7,159.8,161.6,163.0,163.7,164.1,164.0,163.6,161.7,162.3,161.7,160.3,159.0,158.5,159.1,160.4,5.5,7.3,11.5,15.6,17.3,15.7,11.3,7.1,-0.3,2.4,6.3,10.9,15.4,18.8,21.1,18.3,14.5,10.2,6.1,2.4,9.5,11.3,13.2,14.0,13.2,11.4,9.6,8.8,56.5,57.9,61.7,65.8,67.7,66.3,62.4,58.0,52.3,54.9,58.5,63.1,67.2,70.3,72.2,70.3,67.4,63.8,59.6,55.5,60.2,62.0,63.7,64.3,63.5,61.7,60.0,59.4,-36.0,-40.3,-42.0,-40.1,-35.8,-31.3,-29.9,-31.7,-34.5,-36.7,-38.0,-38.6,-37.7,-35.8,-33.1,-31.5,-30.9,-30.7,-31.2,-32.4,-34.0,-33.2,-34.0,-35.8,-37.7,-38.5,-37.8,-35.9,-37.4,-41.7,-43.7,-42.2,-38.0,-33.6,-31.7,-32.9,-34.4,-37.3,-39.4,-40.5,-40.0,-38.7,-36.5,-34.3,-33.0,-32.4,-32.5,-32.9,-35.7,-35.0,-35.9,-37.8,-39.6,-40.2,-39.4,-37.5,517.0,517.5,517.8,517.8,517.4,517.1,516.5,516.6,520.9,518.4,516.3,515.3,516.1,517.6,519.4,517.7,516.0,515.5,516.4,518.5,517.7,517.7,517.9,518.1,518.3,518.3,518.1,517.9,538.5,539.6,541.4,542.8,543.1,542.1,540.3,538.9,538.8,538.1,538.1,539.3,542.2,545.8,549.2,545.8,542.4,539.8,538.5,538.4,540.7,541.4,542.1,542.6,542.5,541.8,541.0,540.6,43.7,-3.8,653.5,0.191,-0.216,0.034,228.1,228.1,229.4,231.8,236.5,243.9,253.2,264.0,274.7,283.1,288.9,294.3,299.0,302.7,305.3,307.2,307.9,240.4,247.3,256.2,265.0,272.7,287.6,293.9,299.9,305.5,308.7,280.1,281.3,282.5,283.7,271.7,276.2,280.6,284.5,287.7,249.7,255.1,261.2,266.0,260.9,254.8,287.9,292.8,298.1,301.5,298.5,293.2,261.9,269.9,276.2,279.7,283.3,287.2,290.1,287.0,283.0,279.2,275.3,269.2,265.0,275.6,279.2,282.8,288.1,282.8,279.2,275.5,160.9,172.6,184.2,195.4,206.0,215.2,222.8,228.4,229.8,227.6,221.2,213.2,204.2,194.3,183.9,173.2,162.3,153.3,148.6,147.5,149.0,152.1,151.9,148.9,147.6,148.6,152.9,160.9,168.5,176.1,183.9,189.2,190.6,191.8,190.6,189.0,161.6,158.7,158.8,162.7,164.1,164.1,162.7,158.7,158.7,161.5,163.9,164.0,204.8,202.2,200.6,201.7,200.5,202.1,204.3,209.2,211.2,211.7,211.4,209.5,205.0,204.4,204.7,204.2,204.7,205.4,206.0,205.6,-37.9,-38.0,-36.0,-32.0,-23.8,-10.7,5.5,24.1,42.5,57.9,69.7,80.7,90.0,96.7,101.2,104.5,105.7,-15.8,-4.4,10.0,24.2,36.8,61.7,72.9,84.2,95.2,102.2,49.3,50.7,52.2,53.6,35.4,42.6,49.9,56.5,62.2,-0.6,8.4,18.5,26.5,18.0,7.8,63.9,72.4,82.0,88.7,82.7,73.2,19.8,32.7,42.9,48.7,54.8,62.2,68.5,62.1,54.7,48.1,41.6,31.6,24.9,42.1,48.2,54.3,64.7,54.3,48.1,42.0,-45.9,-25.9,-5.7,13.9,32.5,48.5,61.3,70.4,72.7,70.1,60.2,46.9,30.7,12.4,-6.7,-26.2,-46.0,-56.3,-63.5,-65.0,-62.4,-57.3,-58.5,-64.1,-67.3,-66.7,-60.2,-43.5,-30.8,-18.3,-5.7,2.7,5.1,7.0,5.1,2.5,-42.8,-47.4,-47.2,-41.0,-38.6,-38.5,-41.9,-48.8,-49.1,-44.8,-40.3,-39.8,28.8,24.2,21.4,23.2,21.5,24.4,28.7,36.3,39.2,39.9,39.3,36.3,29.0,27.8,28.3,27.7,29.2,29.6,30.4,29.8,675.9,679.6,684.0,686.7,686.5,684.0,678.6,671.6,672.5,683.1,699.0,711.8,717.6,717.1,715.4,713.5,712.8,643.9,638.5,635.2,632.7,632.2,641.2,649.5,659.2,669.4,679.9,638.9,633.1,626.8,621.0,635.9,635.5,635.7,639.5,643.9,644.9,642.4,643.7,646.0,644.1,642.9,658.3,661.1,665.8,672.8,666.4,661.7,651.4,641.8,639.2,640.9,643.5,652.9,666.6,654.8,647.1,644.0,642.6,644.4,649.5,642.3,643.6,646.8,662.2,646.6,643.4,642.3,0.593,0.198,-0.295,0.05,276.08,185.072,-3.751,11.346,-15.102,17.254,3.347,0.204,-3.445,3.327,4.005,-2.576,0.279,0.612,-0.007,-2.353,-0.11,-0.257,0.254,0.669,-0.737,-0.621,0.548,-0.198,-0.469,-0.515,0.226,0.141,0.094,0.08,-0.117,0.0,-0.035,-0.013,0.011,0.004,0.53,0.0,0.0,0.83,0.0,0.0,0.0,0.0,0.0,0.09,0.0,0.0,0.0,0.0,0.0,0.0,0.0,0.0,1.0,0.0,1.0,0.0,0.0,0.0,0.0,0.0,0.0,0.0,0.0,0.0,0.0,0.0,0.0,1.0,0.0
PP133,g1,3851,0,0.975,0.219888,0.201854,-0.954413,0.065115,0.192706,-0.979094,0.146,0.201,254.9,256.3,259.5,262.6,263.8,262.5,259.1,256.0,250.4,252.5,255.5,259.1,262.4,264.9,266.5,264.5,261.6,258.4,255.3,252.4,257.8,259.2,260.6,261.2,260.7,259.3,258.0,257.3,291.8,292.8,295.5,298.3,299.6,298.6,295.9,292.8,288.7,290.7,293.4,296.6,299.3,301.2,302.2,301.1,299.4,296.9,294.0,291.0,294.3,295.6,296.7,297.2,296.6,295.4,294.2,293.8,159.5,156.4,155.2,156.7,159.9,163.3,164.3,162.8,160.8,159.1,158.0,157.6,158.4,160.0,162.2,163.2,163.5,163.6,163.2,162.3,161.2,161.8,161.3,159.9,158.5,157.8,158.4,159.7,160.3,157.2,155.9,157.1,160.1,163.2,164.5,163.5,162.4,160.3,158.8,158.1,158.6,159.7,161.5,162.9,163.7,164.0,163.9,163.5,161.6,162.2,161.6,160.2,158.9,158.4,158.9,160.3,6.4,8.3,12.5,16.6,18.2,16.5,12.0,8.0,0.5,3.3,7.3,11.9,16.4,19.7,21.9,19.1,15.3,11.1,6.9,3.2,10.4,12.2,14.0,14.8,14.2,12.4,10.5,9.7,57.4,58.9,62.8,66.9,68.7,67.2,63.3,58.9,53.2,55.9,59.5,64.1,68.2,71.2,73.1,71.2,68.3,64.6,60.5,56.3,61.1,62.9,64.6,65.3,64.5,62.7,61.0,60.3,-36.9,-41.1,-42.7,-40.8,-36.4,-31.9,-30.6,-32.5,-35.4,-37.5,-38.8,-39.3,-38.3,-36.3,-33.6,-32.1,-31.6,-31.5,-32.1,-33.3,-34.8,-33.9,-34.6,-36.5,-38.4,-39.2,-38.5,-36.7,-37.4,-41.7,-43.7,-42.1,-37.9,-33.6,-31.7,-33.0,-34.5,-37.3,-39.4,-40.4,-39.9,-38.6,-36.4,-34.2,-32.9,-32.4,-32.5,-33.0,-35.7,-35.0,-35.8,-37.7,-39.6,-40.3,-39.4,-37.5,515.3,515.9,516.3,516.3,515.9,515.6,514.9,514.9,519.0,516.6,514.6,513.7,514.6,516.2,518.0,516.2,514.4,513.8,514.6,516.6,516.1,516.1,516.3,516.5,516.7,516.7,516.5,516.3,536.6,537.6,539.4,540.9,541.3,540.3,538.5,537.1,536.8,536.2,536.2,537.4,540.3,543.9,547.3,544.0,540.6,538.0,536.6,536.5,538.8,539.5,540.3,540.7,540.6,539.9,539.1,538.7,43.7,-4.4,651.9,0.22,-0.222,0.06,228.3,228.1,229.1,231.2,235.6,242.8,252.0,262.7,273.3,281.8,287.9,293.5,298.6,302.6,305.4,307.5,308.4,241.1,248.3,257.2,266.1,273.9,288.5,294.9,301.0,306.7,309.7,281.0,282.0,283.1,284.1,271.8,276.3,280.7,284.6,287.9,250.2,255.8,262.0,266.7,261.6,255.4,288.7,293.7,299.0,302.3,299.3,294.0,260.8,269.1,275.8,279.3,283.1,287.1,290.0,286.6,282.4,278.4,274.4,268.1,263.9,275.1,278.8,282.5,288.0,282.4,278.7,274.9,159.7,171.3,182.8,194.0,204.6,213.8,221.6,227.5,229.1,227.0,220.6,212.7,203.7,193.9,183.5,172.8,161.9,152.4,147.9,147.0,148.7,151.9,151.8,148.9,147.6,148.7,153.0,160.8,168.5,176.2,184.1,188.9,190.5,191.8,190.6,189.1,160.8,158.0,158.3,162.3,163.5,163.4,162.5,158.6,158.6,161.5,163.8,163.9,203.8,201.6,200.3,201.5,200.4,201.9,204.0,209.0,211.2,211.6,211.2,209.0,204.1,204.0,204.4,204.0,204.4,205.4,205.9,205.5,-37.3,-37.8,-36.4,-33.0,-25.3,-12.6,3.4,21.8,40.1,55.6,67.6,79.1,89.1,96.4,101.3,105.0,106.5,-14.6,-2.8,11.7,26.0,38.5,63.0,74.4,85.7,96.8,103.6,50.5,51.6,52.9,54.1,35.4,42.6,49.9,56.5,62.3,0.4,9.5,19.6,27.4,19.0,8.8,65.0,73.6,83.2,89.7,83.7,74.2,18.1,31.4,42.1,48.0,54.4,61.9,68.1,61.3,53.7,46.8,40.1,29.8,23.1,41.1,47.4,53.7,64.4,53.6,47.2,40.8,-47.8,-28.0,-8.1,11.4,29.9,45.9,59.0,68.6,71.5,69.0,59.1,45.8,29.8,11.6,-7.3,-26.7,-46.6,-57.6,-64.3,-65.5,-62.6,-57.4,-58.3,-63.9,-67.0,-66.3,-59.9,-43.5,-30.7,-18.1,-5.4,2.3,4.8,7.0,5.1,2.6,-43.9,-48.3,-47.9,-41.5,-39.4,-39.5,-41.9,-48.8,-49.0,-44.7,-40.2,-39.8,27.1,23.2,20.9,22.9,21.2,24.1,28.1,36.1,39.2,39.7,38.9,35.4,27.6,27.1,27.9,27.3,28.6,29.6,30.3,29.5,672.0,675.8,680.2,683.3,683.7,681.8,677.0,670.4,671.4,681.9,697.6,710.1,715.9,715.8,714.2,712.6,712.0,640.3,634.9,631.7,629.4,629.0,638.3,646.6,656.4,666.8,677.4,635.9,630.5,624.6,619.2,633.8,633.5,633.9,637.7,642.1,641.5,639.1,640.5,642.9,640.9,639.5,655.5,658.2,663.0,670.1,663.7,659.0,650.2,640.8,637.9,639.7,642.4,652.0,666.1,654.4,646.5,643.3,641.8,643.7,648.5,641.1,642.4,645.7,661.9,645.7,642.5,641.3,0.595,0.225,-0.302,0.077,276.118,184.663,-4.958,9.318,-12.595,14.815,5.327,0.347,-3.652,1.848,3.939,-0.803,0.816,1.069,0.264,-1.857,-0.506,-0.106,0.489,0.799,-0.763,-0.782,0.507,-0.394,-0.209,-0.247,0.241,-0.096,0.09,0.072,-0.095,0.011,-0.016,0.012,0.01,-0.006,0.15,0.0,0.0,1.08,0.0,0.0,0.09,0.0,0.0,0.28,0.0,0.0,0.0,0.0,0.0,0.0,0.0,0.0,1.0,0.0,1.0,0.0,0.0,0.0,0.0,0.0,0.0,0.0,0.0,0.0,0.0,0.0,0.0,1.0,0.0
PP133,g1,3857,0,0.975,0.21858,0.198957,-0.955321,0.063394,0.190582,-0.979622,0.145,0.199,254.9,256.3,259.5,262.6,263.8,262.6,259.2,256.1,250.4,252.6,255.5,259.1,262.5,264.9,266.6,264.5,261.6,258.5,255.3,252.5,257.9,259.2,260.6,261.3,260.7,259.4,258.0,257.4,291.9,292.8,295.5,298.3,299.6,298.7,296.0,292.9,288.8,290.8,293.4,296.6,299.4,301.2,302.2,301.2,299.4,297.0,294.1,291.1,294.4,295.6,296.8,297.2,296.6,295.4,294.2,293.8,160.3,157.1,155.9,157.4,160.6,164.1,165.0,163.5,161.6,159.8,158.8,158.3,159.1,160.7,162.9,163.9,164.2,164.3,163.9,163.1,161.9,162.5,162.0,160.6,159.2,158.6,159.1,160.5,160.9,157.8,156.5,157.7,160.7,163.8,165.1,164.2,163.0,160.9,159.4,158.7,159.2,160.3,162.1,163.5,164.3,164.6,164.5,164.1,162.2,162.8,162.2,160.8,159.5,159.0,159.6,160.9,6.5,8.3,12.6,16.7,18.2,16.6,12.1,8.0,0.5,3.4,7.3,11.9,16.4,19.7,22.0,19.2,15.3,11.1,7.0,3.3,10.4,12.2,14.1,14.9,14.2,12.4,10.6,9.7,57.5,58.9,62.8,66.9,68.8,67.3,63.4,59.0,53.3,55.9,59.6,64.1,68.3,71.3,73.2,71.3,68.4,64.7,60.6,56.4,61.2,63.0,64.7,65.3,64.5,62.7,61.0,60.4,-35.9,-40.1,-41.7,-39.8,-35.5,-30.9,-29.7,-31.6,-34.4,-36.6,-37.8,-38.3,-37.4,-35.4,-32.7,-31.1,-30.6,-30.5,-31.1,-32.3,-33.8,-33.0,-33.7,-35.5,-37.4,-38.3,-37.6,-35.7,-36.6,-40.9,-42.8,-41.3,-37.1,-32.8,-30.8,-32.1,-33.6,-36.5,-38.6,-39.6,-39.1,-37.8,-35.6,-33.4,-32.1,-31.5,-31.6,-32.1,-34.8,-34.1,-35.0,-36.9,-38.7,-39.4,-38.6,-36.7,515.1,515.6,516.1,516.1,515.7,515.4,514.7,514.7,518.8,516.4,514.3,513.5,514.3,516.0,517.7,516.0,514.2,513.6,514.4,516.4,515.9,515.9,516.1,516.3,516.5,516.5,516.3,516.0,536.4,537.4,539.2,540.7,541.1,540.0,538.3,536.9,536.7,536.0,536.0,537.2,540.0,543.7,547.1,543.8,540.3,537.8,536.4,536.3,538.6,539.3,540.0,540.5,540.3,539.7,538.9,538.5,44.0,-3.5,653.0,0.217,-0.22,0.056,228.4,228.3,229.3,231.4,235.8,243.0,252.3,263.0,273.6,282.1,288.2,293.8,298.9,302.9,305.7,307.8,308.7,241.2,248.3,257.2,266.1,273.9,288.5,294.9,301.0,306.7,309.8,281.0,282.0,283.1,284.1,271.9,276.4,280.8,284.7,288.0,250.3,255.9,262.0,266.7,261.6,255.4,288.8,293.7,299.1,302.4,299.3,294.0,261.2,269.5,276.0,279.5,283.2,287.2,290.1,286.8,282.6,278.7,274.7,268.5,264.3,275.3,279.0,282.7,288.2,282.6,278.9,275.1,160.4,172.0,183.4,194.5,205.1,214.3,222.0,227.9,229.5,227.4,221.0,213.2,204.2,194.4,184.0,173.3,162.4,153.1,148.6,147.7,149.3,152.5,152.4,149.5,148.2,149.2,153.6,161.4,169.1,176.7,184.6,189.5,191.0,192.3,191.1,189.6,161.5,158.7,159.0,163.0,164.2,164.1,163.2,159.2,159.2,162.0,164.4,164.5,204.4,202.2,200.8,201.9,200.8,202.4,204.5,209.5,211.6,212.1,211.7,209.5,204.7,204.6,204.9,204.5,204.9,205.9,206.4,205.9,-37.2,-37.7,-36.2,-32.7,-24.9,-12.2,3.9,22.4,40.7,56.2,68.3,79.8,89.8,97.1,102.0,105.5,107.1,-14.4,-2.7,11.7,26.0,38.5,63.1,74.5,85.9,96.9,103.9,50.6,51.7,53.0,54.2,35.7,42.9,50.1,56.8,62.6,0.5,9.6,19.8,27.6,19.1,8.9,65.2,73.8,83.4,90.0,84.0,74.4,18.7,32.0,42.6,48.5,54.7,62.2,68.5,61.8,54.1,47.3,40.7,30.5,23.8,41.6,47.8,54.1,64.7,54.0,47.6,41.3,-46.7,-26.9,-7.1,12.3,30.8,46.9,59.9,69.5,72.3,69.8,60.0,46.7,30.7,12.6,-6.4,-25.9,-45.8,-56.4,-63.3,-64.5,-61.7,-56.5,-57.5,-63.1,-66.2,-65.4,-58.9,-42.5,-29.8,-17.3,-4.7,3.2,5.7,7.8,6.0,3.5,-42.8,-47.2,-46.9,-40.4,-38.3,-38.4,-40.9,-47.8,-48.1,-43.7,-39.2,-38.8,28.2,24.1,21.7,23.7,22.0,24.9,29.0,36.9,40.0,40.5,39.8,36.3,28.7,28.0,28.7,28.2,29.5,30.4,31.1,30.3,673.4,677.1,681.6,684.6,685.0,683.1,678.2,671.7,672.8,683.2,698.8,711.4,717.2,717.1,715.5,713.8,713.1,641.5,636.2,633.0,630.7,630.3,639.5,647.7,657.5,667.7,678.2,637.2,631.8,625.9,620.6,635.1,634.8,635.3,639.0,643.3,642.9,640.4,641.7,644.2,642.2,640.9,656.7,659.3,664.1,671.2,664.8,660.1,651.3,641.8,639.0,640.7,643.3,653.0,667.0,655.4,647.5,644.4,642.9,644.8,649.6,642.2,643.4,646.7,662.8,646.7,643.5,642.4,0.594,0.224,-0.3,0.074,276.272,185.217,-4.255,8.956,-13.36,14.336,4.975,-0.306,-3.376,2.138,3.754,-1.219,0.585,1.081,0.321,-2.043,-0.565,-0.153,0.522,0.845,-0.528,-0.71,0.428,-0.3,-0.162,-0.233,0.27,-0.095,0.098,0.069,-0.099,0.005,-0.018,0.006,0.007,-0.002,0.26,0.0,0.0,1.2,0.0,0.0,0.08,0.0,0.0,0.38,0.0,0.0,0.0,0.0,0.0,0.0,0.0,0.0,1.0,0.0,1.0,0.0,0.0,0.0,0.0,0.0,0.0,0.0,0.0,0.0,0.0,0.0,0.0,1.0,0.0
PP133,g1,3863,0,0.925,0.214666,0.18129,-0.959715,0.066656,0.174924,-0.982323,0.144,0.181,253.8,255.1,258.3,261.5,262.7,261.6,258.1,255.0,249.3,251.4,254.4,257.9,261.4,263.9,265.6,263.5,260.6,257.4,254.2,251.4,256.8,258.2,259.6,260.2,259.6,258.3,256.9,256.3,290.8,291.7,294.4,297.3,298.6,297.7,295.0,291.9,287.8,289.7,292.4,295.6,298.4,300.2,301.3,300.3,298.5,296.0,293.1,290.1,293.4,294.6,295.8,296.2,295.6,294.4,293.2,292.8,160.4,157.2,155.9,157.3,160.6,164.1,165.1,163.6,161.8,160.0,158.8,158.3,159.1,160.6,162.8,163.9,164.3,164.4,164.0,163.2,162.0,162.6,162.0,160.6,159.2,158.6,159.1,160.5,160.6,157.5,156.1,157.3,160.4,163.5,164.8,163.9,162.8,160.6,159.1,158.4,158.9,160.0,161.8,163.2,164.0,164.3,164.2,163.8,161.9,162.5,161.9,160.5,159.2,158.7,159.3,160.6,4.9,6.8,11.0,15.1,16.7,15.1,10.7,6.6,-0.9,1.9,5.7,10.4,14.9,18.2,20.5,17.7,13.9,9.7,5.5,1.8,8.9,10.7,12.6,13.4,12.7,10.9,9.0,8.2,55.7,57.1,60.9,65.0,66.9,65.5,61.6,57.2,51.5,54.1,57.7,62.3,66.4,69.5,71.3,69.5,66.6,63.0,58.8,54.7,59.4,61.2,62.9,63.5,62.7,60.9,59.2,58.6,-35.6,-39.8,-41.5,-39.6,-35.3,-30.7,-29.4,-31.2,-34.0,-36.2,-37.5,-38.1,-37.2,-35.3,-32.5,-31.0,-30.4,-30.2,-30.7,-31.9,-33.5,-32.7,-33.5,-35.3,-37.2,-38.0,-37.3,-35.4,-36.7,-41.0,-43.0,-41.5,-37.3,-33.0,-31.0,-32.2,-33.7,-36.6,-38.7,-39.8,-39.3,-38.0,-35.8,-33.6,-32.3,-31.7,-31.8,-32.3,-35.0,-34.3,-35.2,-37.1,-38.9,-39.6,-38.7,-36.8,512.2,512.7,513.0,513.0,512.5,512.3,511.7,511.7,516.1,513.6,511.4,510.5,511.3,512.8,514.6,512.8,511.1,510.6,511.5,513.6,512.9,512.9,513.0,513.2,513.4,513.5,513.3,513.1,532.8,533.9,535.7,537.2,537.5,536.4,534.6,533.2,533.0,532.4,532.4,533.6,536.5,540.1,543.5,540.2,536.7,534.1,532.8,532.7,535.0,535.7,536.5,536.9,536.8,536.1,535.3,534.9,43.0,-3.3,650.7,0.19,-0.217,0.038,227.6,227.7,229.0,231.3,235.9,243.2,252.5,263.4,274.1,282.5,288.5,293.9,298.7,302.4,305.0,307.0,307.7,239.9,246.9,255.8,264.7,272.6,287.3,293.7,299.8,305.5,308.7,279.9,281.0,282.3,283.5,271.3,275.8,280.3,284.2,287.5,249.2,254.7,260.9,265.7,260.6,254.4,287.7,292.7,298.0,301.4,298.4,293.1,261.3,269.3,275.8,279.3,282.9,286.9,289.9,286.7,282.6,278.7,274.8,268.6,264.4,275.2,278.8,282.5,287.9,282.5,278.8,275.1,161.2,172.9,184.5,195.7,206.3,215.6,223.2,228.9,230.3,228.1,221.7,213.7,204.7,194.6,184.2,173.4,162.5,153.6,148.8,147.7,149.2,152.3,152.2,149.2,147.9,148.9,153.3,161.1,168.8,176.4,184.3,189.5,191.0,192.2,191.0,189.4,161.7,158.8,159.0,162.9,164.2,164.2,162.9,158.8,158.9,161.7,164.1,164.2,205.0,202.5,200.9,202.0,200.8,202.4,204.7,209.6,211.6,212.1,211.8,209.8,205.2,204.7,205.0,204.5,205.1,205.8,206.4,206.0,-38.6,-38.7,-36.7,-32.7,-24.6,-11.8,4.3,22.9,41.3,56.7,68.5,79.6,89.0,95.8,100.3,103.7,105.0,-16.6,-5.1,9.5,23.8,36.4,61.0,72.3,83.7,94.7,101.8,48.7,50.1,51.5,52.9,34.6,41.9,49.1,55.7,61.5,-1.3,7.7,17.9,25.9,17.4,7.1,63.3,71.9,81.5,88.2,82.2,72.7,18.7,31.7,42.0,47.9,54.0,61.5,67.8,61.3,53.9,47.2,40.6,30.6,23.8,41.2,47.3,53.5,64.0,53.5,47.3,41.0,-45.4,-25.3,-5.2,14.4,32.9,48.9,61.8,70.9,73.4,70.8,60.9,47.6,31.4,13.1,-6.1,-25.6,-45.5,-55.7,-63.0,-64.4,-61.7,-56.6,-57.8,-63.4,-66.6,-65.9,-59.3,-43.0,-30.2,-17.7,-5.1,3.2,5.6,7.6,5.7,3.1,-42.4,-47.1,-46.8,-40.5,-38.2,-38.1,-41.3,-48.3,-48.6,-44.2,-39.7,-39.3,29.1,24.5,21.8,23.7,21.9,24.9,29.2,36.8,39.8,40.4,39.8,36.7,29.4,28.1,28.7,28.1,29.7,30.2,31.0,30.3,673.1,676.6,680.8,683.5,683.5,681.2,675.9,668.9,669.7,680.2,696.1,708.9,714.7,714.4,712.8,711.1,710.5,641.3,635.8,632.4,630.0,629.4,638.4,646.7,656.5,666.8,677.3,636.0,630.2,624.0,618.2,633.0,632.6,632.9,636.6,641.1,642.2,639.7,641.0,643.3,641.3,640.1,655.5,658.3,663.1,670.1,663.6,659.0,648.7,639.1,636.4,638.1,640.8,650.2,663.9,652.1,644.4,641.3,639.8,641.7,646.9,639.5,640.7,644.0,659.6,643.8,640.6,639.5,0.596,0.199,-0.296,0.053,275.733,185.377,-3.619,10.552,-14.14,17.166,3.571,0.271,-3.852,2.653,4.114,-2.558,0.601,0.667,-0.077,-1.882,-0.171,-0.42,0.493,0.847,-0.541,-0.452,0.515,-0.249,-0.479,-0.556,0.298,0.062,0.126,0.07,-0.106,-0.016,-0.026,-0.009,0.012,-0.007,0.48,0.0,0.0,0.62,0.0,0.0,0.0,0.0,0.0,0.39,0.0,0.0,0.0,0.0,0.0,0.0,0.0,1.0,1.0,0.0,1.0,0.0,0.0,0.0,0.0,0.0,0.0,0.0,0.0,0.0,0.0,0.0,0.0,1.0,0.0
PP133,g1,3869,0,0.925,0.21172,0.176814,-0.961203,0.064467,0.172422,-0.982911,0.141,0.178,252.3,253.7,256.8,260.0,261.3,260.2,256.8,253.6,248.0,250.0,252.9,256.4,259.9,262.5,264.2,262.1,259.2,256.0,252.9,250.0,255.4,256.8,258.2,258.8,258.2,256.8,255.4,254.8,289.5,290.4,293.1,296.0,297.4,296.5,293.8,290.7,286.5,288.4,291.0,294.3,297.1,299.0,300.1,299.0,297.2,294.8,291.9,288.8,292.1,293.4,294.5,294.9,294.3,293.1,291.9,291.5,160.2,157.0,155.7,157.0,160.3,163.7,164.8,163.4,161.7,159.8,158.7,158.1,158.8,160.3,162.4,163.5,163.9,164.1,163.8,163.1,161.7,162.3,161.7,160.3,158.9,158.3,158.9,160.3,159.8,156.7,155.3,156.5,159.5,162.6,164.0,163.1,162.1,159.9,158.3,157.6,158.0,159.1,160.9,162.3,163.1,163.5,163.4,163.1,161.2,161.7,161.1,159.7,158.4,157.9,158.5,159.8,3.1,4.8,9.0,13.2,14.9,13.4,8.9,4.8,-2.7,0.0,3.9,8.5,13.0,16.4,18.7,16.0,12.1,7.9,3.8,0.0,7.1,8.9,10.8,11.5,10.8,9.0,7.2,6.4,53.9,55.2,59.1,63.2,65.2,63.8,59.9,55.5,49.8,52.3,55.9,60.5,64.6,67.7,69.6,67.8,64.9,61.2,57.1,52.9,57.6,59.4,61.1,61.7,60.9,59.1,57.4,56.8,-35.9,-40.2,-41.9,-40.1,-35.9,-31.3,-29.8,-31.6,-34.2,-36.5,-37.9,-38.5,-37.7,-35.8,-33.2,-31.6,-30.9,-30.7,-31.1,-32.2,-34.0,-33.2,-33.9,-35.8,-37.7,-38.5,-37.7,-35.8,-37.7,-42.1,-44.1,-42.6,-38.5,-34.1,-32.1,-33.3,-34.7,-37.6,-39.8,-40.9,-40.5,-39.2,-37.0,-34.8,-33.5,-32.9,-32.9,-33.3,-36.1,-35.4,-36.3,-38.2,-40.0,-40.7,-39.8,-37.9,513.8,514.4,514.7,514.6,514.1,513.8,513.3,513.4,517.7,515.3,513.1,512.1,512.8,514.4,516.1,514.4,512.7,512.2,513.2,515.3,514.5,514.5,514.6,514.8,515.0,515.1,514.9,514.7,532.6,533.7,535.5,537.0,537.2,536.1,534.4,533.0,532.9,532.2,532.2,533.4,536.2,539.8,543.2,539.9,536.4,533.9,532.5,532.5,534.8,535.4,536.2,536.7,536.6,535.9,535.1,534.7,41.4,-4.0,650.0,0.184,-0.212,0.021,226.5,226.7,228.2,230.7,235.4,242.9,252.2,263.2,274.0,282.5,288.4,293.7,298.4,302.0,304.4,306.2,306.8,238.5,245.4,254.3,263.1,270.9,285.7,292.1,298.2,304.0,307.4,278.5,279.6,280.9,282.2,270.2,274.8,279.3,283.2,286.5,247.8,253.2,259.4,264.3,259.2,253.0,286.5,291.4,296.7,300.2,297.2,291.8,260.4,268.4,274.8,278.4,282.2,286.3,289.4,286.2,282.1,278.1,274.1,267.8,263.5,274.3,278.1,281.8,287.4,281.8,278.1,274.2,161.4,173.2,184.8,196.0,206.6,215.8,223.4,229.0,230.1,227.9,221.3,213.3,204.1,194.0,183.5,172.7,161.7,153.5,148.7,147.4,148.8,151.8,151.4,148.3,146.9,147.8,152.2,160.4,168.2,175.8,183.7,189.1,190.5,191.7,190.4,188.7,161.6,158.6,158.7,162.5,163.9,164.0,162.2,158.1,158.0,160.8,163.2,163.4,204.7,202.1,200.4,201.5,200.3,201.8,204.0,208.9,211.0,211.6,211.3,209.5,204.9,204.2,204.5,204.0,204.4,205.3,205.9,205.6,-40.6,-40.3,-38.0,-33.8,-25.5,-12.4,3.9,22.6,41.0,56.5,68.3,79.2,88.4,94.8,99.1,102.1,103.0,-18.9,-7.5,6.9,21.1,33.7,58.4,69.6,80.9,92.0,99.2,46.3,47.8,49.4,50.9,32.8,40.1,47.5,54.1,59.9,-3.5,5.3,15.5,23.6,15.1,4.9,61.1,69.6,79.2,86.0,80.0,70.5,17.2,30.1,40.4,46.4,52.7,60.3,66.9,60.4,52.9,46.1,39.4,29.3,22.3,39.8,46.0,52.3,63.0,52.4,46.0,39.6,-45.0,-24.8,-4.7,14.9,33.4,49.3,62.0,70.9,73.0,70.2,60.2,46.7,30.3,11.8,-7.4,-27.0,-46.9,-55.8,-63.2,-64.9,-62.4,-57.5,-59.0,-64.8,-68.1,-67.6,-61.1,-44.0,-31.2,-18.6,-5.9,2.5,4.9,6.8,4.7,2.0,-42.6,-47.4,-47.3,-41.1,-38.7,-38.5,-42.5,-49.5,-50.0,-45.7,-41.1,-40.6,28.6,23.9,21.1,22.8,21.0,23.8,28.0,35.7,38.7,39.5,39.0,36.1,28.8,27.4,27.9,27.1,28.5,29.2,30.1,29.6,673.2,676.8,681.0,683.6,683.4,680.9,675.4,668.2,668.7,679.2,695.0,707.7,713.4,713.0,711.3,709.5,709.0,641.3,635.9,632.5,629.9,629.2,637.9,646.0,655.5,665.6,675.9,635.6,629.7,623.5,617.7,632.7,632.1,632.2,636.0,640.4,642.1,639.7,640.8,642.9,641.1,640.0,654.8,657.6,662.1,669.0,662.6,658.1,648.4,638.7,636.0,637.6,640.3,649.6,663.3,651.3,643.6,640.5,639.0,641.1,646.5,639.0,640.1,643.4,658.9,643.2,639.9,638.9,0.596,0.191,-0.288,0.035,274.785,184.925,-5.228,10.593,-13.919,16.935,2.959,1.19,-3.943,2.942,3.755,-2.413,0.407,0.715,-0.381,-1.823,-0.159,-0.409,0.244,1.135,-0.527,-0.508,0.532,-0.064,-0.442,-0.66,0.238,0.047,0.137,0.073,-0.104,-0.019,-0.023,-0.009,0.015,-0.007,0.52,0.04,0.0,0.95,0.0,0.0,0.0,0.0,0.0,0.29,0.0,0.0,0.0,0.0,0.0,0.0,0.0,0.0,1.0,0.0,1.0,0.0,0.0,0.0,0.0,0.0,0.0,0.0,0.0,0.0,0.0,0.0,0.0,1.0,0.0
PP133,g1,3875,0,0.975,0.210606,0.176387,-0.961526,0.059806,0.174112,-0.982908,0.138,0.178,250.2,251.5,254.6,257.8,259.1,258.1,254.7,251.5,245.8,247.8,250.7,254.2,257.7,260.3,262.1,260.0,257.1,253.9,250.7,247.9,253.3,254.6,256.0,256.6,256.0,254.6,253.2,252.7,287.4,288.3,291.0,293.9,295.4,294.5,291.8,288.7,284.4,286.3,289.0,292.2,295.0,297.0,298.1,297.1,295.3,292.9,289.9,286.8,290.1,291.4,292.5,292.9,292.3,291.0,289.8,289.4,160.2,157.0,155.6,156.9,160.2,163.7,164.8,163.4,161.7,159.9,158.7,158.1,158.7,160.2,162.3,163.4,163.9,164.1,163.8,163.1,161.7,162.3,161.7,160.3,158.9,158.3,158.9,160.3,159.3,156.1,154.7,155.8,158.9,162.0,163.4,162.6,161.6,159.4,157.7,156.9,157.3,158.4,160.2,161.6,162.5,162.9,162.8,162.6,160.6,161.1,160.5,159.1,157.7,157.3,157.9,159.3,0.2,1.9,6.1,10.2,12.0,10.6,6.1,2.0,-5.5,-2.9,1.0,5.5,10.1,13.5,15.9,13.1,9.3,5.1,0.9,-2.8,4.3,6.1,7.9,8.7,7.9,6.1,4.3,3.5,50.8,52.0,55.9,60.0,62.1,60.8,56.9,52.5,46.7,49.2,52.8,57.3,61.5,64.6,66.6,64.8,61.9,58.2,54.1,49.9,54.6,56.4,58.1,58.6,57.8,55.9,54.3,53.7,-35.8,-40.1,-41.9,-40.1,-35.9,-31.3,-29.8,-31.5,-34.0,-36.3,-37.8,-38.5,-37.7,-35.9,-33.2,-31.6,-30.9,-30.6,-31.0,-32.1,-33.9,-33.1,-33.9,-35.8,-37.7,-38.4,-37.6,-35.7,-38.2,-42.6,-44.7,-43.3,-39.2,-34.8,-32.7,-33.8,-35.2,-38.1,-40.3,-41.5,-41.2,-40.0,-37.8,-35.6,-34.2,-33.5,-33.4,-33.8,-36.6,-36.0,-36.9,-38.8,-40.6,-41.3,-40.3,-38.4,512.4,512.9,513.2,513.1,512.7,512.4,511.8,512.0,516.4,513.9,511.7,510.7,511.4,512.9,514.6,512.9,511.2,510.8,511.7,513.9,513.1,513.0,513.2,513.4,513.6,513.7,513.5,513.3,529.7,530.7,532.5,533.9,534.2,533.1,531.3,530.0,529.9,529.3,529.2,530.4,533.2,536.8,540.1,536.8,533.4,530.8,529.5,529.5,531.8,532.4,533.2,533.6,533.5,532.9,532.1,531.7,38.4,-4.6,650.9,0.187,-0.206,0.009,224.8,225.2,226.8,229.5,234.3,241.8,251.0,261.9,272.6,281.1,287.1,292.4,297.2,300.7,303.1,304.7,305.2,236.3,243.0,251.8,260.6,268.4,283.5,289.8,296.0,301.9,305.4,276.2,277.4,278.8,280.1,268.3,272.9,277.4,281.3,284.7,245.7,251.0,257.2,262.2,257.1,250.9,284.4,289.3,294.7,298.3,295.2,289.9,258.5,266.5,272.9,276.6,280.4,284.6,287.9,284.6,280.4,276.3,272.3,265.9,261.6,272.5,276.3,280.0,285.9,280.0,276.3,272.4,161.7,173.4,185.0,196.1,206.6,215.7,223.1,228.6,229.7,227.4,220.9,212.7,203.5,193.3,182.7,171.8,160.7,153.7,148.8,147.5,148.7,151.5,150.8,147.7,146.2,147.0,151.3,160.1,167.8,175.5,183.5,188.8,190.3,191.4,190.1,188.3,161.7,158.6,158.6,162.4,163.9,164.0,161.7,157.5,157.4,160.1,162.6,162.9,204.5,201.8,200.2,201.2,199.9,201.3,203.3,208.4,210.7,211.3,211.0,209.2,204.6,203.9,204.2,203.6,203.8,204.9,205.6,205.3,-43.6,-43.1,-40.5,-36.0,-27.6,-14.4,1.8,20.3,38.7,54.2,66.0,76.9,86.2,92.6,96.6,99.5,100.2,-22.6,-11.4,2.9,17.1,29.7,54.7,65.9,77.2,88.3,95.8,42.7,44.3,46.0,47.6,29.7,37.0,44.4,51.1,56.9,-7.1,1.7,11.9,20.1,11.6,1.4,57.7,66.1,75.8,82.7,76.7,67.2,14.1,27.0,37.4,43.5,49.8,57.7,64.5,57.8,50.2,43.3,36.5,26.2,19.2,36.8,43.1,49.6,60.6,49.6,43.1,36.7,-44.6,-24.5,-4.4,15.1,33.5,49.3,61.8,70.5,72.4,69.4,59.4,45.8,29.3,10.7,-8.7,-28.6,-48.7,-55.7,-63.1,-64.9,-62.7,-58.1,-60.0,-65.9,-69.3,-68.9,-62.7,-44.7,-31.8,-19.1,-6.4,2.2,4.5,6.3,4.2,1.4,-42.6,-47.5,-47.5,-41.4,-38.9,-38.5,-43.3,-50.5,-51.1,-46.9,-42.2,-41.5,28.2,23.5,20.6,22.3,20.4,23.0,27.0,35.0,38.2,39.0,38.6,35.7,28.5,26.9,27.4,26.5,27.6,28.7,29.7,29.1,674.6,678.1,682.3,685.0,684.9,682.5,677.1,669.8,670.0,680.0,695.5,708.1,713.7,713.3,711.6,709.8,709.3,642.8,637.2,633.6,630.8,629.9,638.4,646.3,655.6,665.4,675.6,636.2,630.5,624.3,618.6,633.9,633.1,633.2,636.8,641.1,643.5,640.9,641.9,643.8,642.1,641.2,655.1,657.7,662.1,668.8,662.6,658.3,650.3,640.4,637.3,638.8,641.3,650.6,664.3,652.4,644.7,641.7,640.5,642.8,648.3,640.3,641.4,644.5,660.1,644.3,641.2,640.3,0.595,0.192,-0.277,0.022,272.949,184.584,-6.857,8.919,-13.218,16.831,3.731,1.806,-4.136,2.625,3.465,-2.313,0.078,1.326,-0.132,-1.743,-0.371,-0.222,0.453,1.218,-0.763,-0.754,0.374,-0.235,-0.283,-0.471,0.2,-0.045,0.119,0.065,-0.106,-0.01,-0.013,-0.002,0.01,-0.009,0.26,0.0,0.0,0.71,0.0,0.0,0.0,0.0,0.0,0.44,0.0,0.0,0.0,0.0,0.0,0.0,0.0,0.0,1.0,0.0,1.0,0.0,0.0,0.0,0.0,0.0,0.0,0.0,0.0,0.0,0.0,0.0,0.0,1.0,0.0
PP133,g1,3881,0,0.975,0.211304,0.183464,-0.960048,0.055123,0.182236,-0.981708,0.136,0.186,248.2,249.5,252.7,255.9,257.2,256.1,252.7,249.5,243.8,245.9,248.8,252.3,255.8,258.4,260.2,258.1,255.2,251.9,248.8,245.9,251.3,252.7,254.1,254.7,254.1,252.7,251.3,250.7,285.7,286.5,289.2,292.2,293.7,292.8,290.1,286.9,282.7,284.6,287.2,290.4,293.3,295.3,296.5,295.5,293.6,291.1,288.1,285.1,288.4,289.6,290.8,291.2,290.5,289.3,288.1,287.7,160.7,157.4,156.1,157.4,160.6,164.1,165.2,163.9,162.2,160.4,159.1,158.5,159.2,160.7,162.7,163.9,164.3,164.6,164.3,163.6,162.2,162.8,162.2,160.7,159.3,158.7,159.3,160.8,159.6,156.4,155.0,156.1,159.1,162.3,163.8,162.9,161.9,159.7,158.1,157.2,157.6,158.7,160.4,161.9,162.7,163.2,163.2,162.9,160.9,161.4,160.7,159.3,158.0,157.5,158.2,159.6,-2.3,-0.6,3.5,7.7,9.4,8.0,3.6,-0.6,-8.1,-5.4,-1.6,3.0,7.5,11.0,13.3,10.6,6.8,2.5,-1.6,-5.3,1.7,3.5,5.4,6.1,5.4,3.5,1.7,1.0,48.2,49.5,53.3,57.5,59.5,58.2,54.4,49.9,44.2,46.7,50.2,54.7,58.9,62.1,64.1,62.3,59.4,55.7,51.5,47.4,52.1,53.9,55.5,56.1,55.2,53.4,51.7,51.2,-35.1,-39.4,-41.2,-39.4,-35.1,-30.6,-29.1,-30.8,-33.3,-35.6,-37.0,-37.7,-37.0,-35.1,-32.5,-30.9,-30.2,-29.9,-30.3,-31.4,-33.2,-32.4,-33.2,-35.1,-36.9,-37.7,-36.9,-35.0,-37.7,-42.1,-44.2,-42.8,-38.7,-34.3,-32.2,-33.3,-34.6,-37.5,-39.8,-41.0,-40.7,-39.5,-37.4,-35.1,-33.7,-33.0,-32.9,-33.2,-36.1,-35.5,-36.4,-38.3,-40.1,-40.7,-39.8,-37.9,510.8,511.3,511.6,511.5,511.0,510.8,510.2,510.3,514.7,512.2,510.0,509.0,509.8,511.3,513.0,511.3,509.6,509.1,510.1,512.2,511.5,511.4,511.5,511.8,512.0,512.0,511.9,511.7,528.1,529.1,530.8,532.2,532.4,531.4,529.7,528.5,528.4,527.7,527.6,528.7,531.4,535.0,538.4,535.1,531.7,529.2,527.9,527.9,530.2,530.8,531.5,532.0,531.8,531.2,530.5,530.0,35.4,-4.2,652.9,0.202,-0.201,0.007,223.1,223.6,225.3,227.9,232.8,240.3,249.5,260.1,270.7,279.2,285.2,290.7,295.6,299.3,301.6,303.3,303.7,234.3,241.0,249.8,258.6,266.5,281.5,288.0,294.2,300.2,303.8,274.3,275.4,276.7,278.0,266.3,270.9,275.4,279.4,282.7,243.7,249.1,255.3,260.3,255.2,248.9,282.6,287.5,293.0,296.6,293.5,288.1,256.5,264.4,270.9,274.6,278.4,282.7,286.1,282.7,278.4,274.3,270.2,263.8,259.6,270.5,274.3,278.1,284.1,278.0,274.2,270.3,162.0,173.6,185.1,196.2,206.6,215.5,222.9,228.3,229.4,227.1,220.5,212.4,203.3,193.2,182.6,171.7,160.6,154.2,149.4,148.1,149.3,152.1,151.3,148.1,146.6,147.3,151.4,160.6,168.3,176.0,184.0,189.2,190.6,191.7,190.4,188.7,162.1,159.1,159.1,162.9,164.3,164.5,162.1,157.8,157.6,160.3,162.9,163.2,204.5,202.0,200.4,201.4,200.2,201.5,203.3,208.6,211.0,211.6,211.4,209.4,204.8,204.1,204.4,203.8,203.9,205.2,205.9,205.6,-46.5,-45.9,-43.3,-38.8,-30.3,-17.1,-0.9,17.5,35.7,51.0,62.9,74.0,83.6,90.2,94.3,97.1,97.8,-26.0,-14.7,-0.4,13.9,26.6,51.6,62.9,74.2,85.5,93.2,39.6,41.2,42.8,44.5,26.5,33.9,41.3,48.0,53.9,-10.4,-1.5,8.8,17.0,8.5,-1.8,54.8,63.2,72.9,80.0,73.9,64.3,10.9,23.7,34.3,40.4,46.8,54.7,61.7,54.8,47.0,40.1,33.3,22.9,15.9,33.7,40.0,46.5,57.8,46.4,39.9,33.5,-44.3,-24.2,-4.2,15.3,33.6,49.2,61.6,70.3,72.2,69.1,59.0,45.3,28.9,10.4,-8.9,-28.8,-49.0,-55.0,-62.4,-64.1,-61.8,-57.2,-59.2,-65.2,-68.8,-68.6,-62.5,-43.9,-31.0,-18.4,-5.6,2.8,5.1,6.9,4.7,1.9,-41.9,-46.8,-46.8,-40.7,-38.2,-37.9,-42.7,-50.0,-50.7,-46.6,-41.8,-41.1,28.5,23.9,21.1,22.8,20.8,23.4,27.0,35.5,38.9,39.8,39.3,36.3,28.8,27.4,27.8,27.0,27.8,29.3,30.4,29.8,676.8,680.4,684.8,687.7,687.8,685.6,680.3,673.0,673.1,682.7,697.8,710.0,715.3,715.0,713.2,711.5,710.8,644.8,639.0,635.1,632.0,630.9,639.1,646.9,656.1,665.9,676.2,637.3,631.8,625.8,620.3,635.8,635.0,635.0,638.6,642.8,645.4,642.6,643.5,645.4,643.9,643.0,656.1,658.6,662.9,669.7,663.5,659.3,653.2,643.1,639.7,641.1,643.5,652.8,666.6,655.1,647.5,644.6,643.4,645.9,651.2,642.8,643.8,646.7,662.6,646.8,643.8,643.1,0.594,0.207,-0.267,0.021,271.105,184.811,-6.912,7.821,-12.03,16.265,5.57,1.388,-4.141,2.602,3.667,-2.074,0.349,1.455,0.21,-1.644,-0.73,-0.107,0.381,1.157,-0.849,-0.667,0.461,-0.48,-0.21,-0.343,0.234,-0.115,0.131,0.053,-0.097,-0.006,-0.008,0.006,0.013,-0.004,0.37,0.0,0.0,0.78,0.0,0.0,0.0,0.0,0.0,0.53,0.0,0.0,0.0,0.0,0.0,0.0,0.0,0.0,1.0,0.0,1.0,0.0,0.0,0.0,0.0,0.0,0.0,0.0,0.0,0.0,0.0,0.0,0.0,1.0,0.0
PP133,g1,3887,0,0.975,0.211853,0.185132,-0.959606,0.05604,0.183344,-0.98145,0.137,0.188,247.0,248.3,251.5,254.6,256.0,254.9,251.5,248.3,242.6,244.6,247.5,251.1,254.5,257.2,258.9,256.9,253.9,250.7,247.5,244.7,250.1,251.5,252.9,253.4,252.9,251.5,250.1,249.5,284.4,285.3,288.0,290.9,292.4,291.6,288.9,285.7,281.4,283.3,285.9,289.2,292.1,294.1,295.3,294.2,292.4,289.9,286.9,283.8,287.1,288.4,289.6,290.0,289.3,288.0,286.8,286.5,160.8,157.5,156.2,157.5,160.7,164.2,165.4,164.0,162.3,160.4,159.2,158.6,159.3,160.8,162.9,164.0,164.5,164.7,164.4,163.7,162.3,162.9,162.3,160.8,159.4,158.8,159.4,160.9,159.8,156.6,155.1,156.2,159.2,162.4,163.9,163.1,162.1,159.9,158.2,157.4,157.7,158.8,160.5,162.0,162.9,163.3,163.3,163.1,161.0,161.5,160.9,159.5,158.2,157.7,158.3,159.7,-4.0,-2.3,1.9,6.1,7.8,6.4,1.9,-2.2,-9.7,-7.0,-3.2,1.4,5.9,9.3,11.7,9.0,5.1,0.9,-3.2,-7.0,0.1,1.9,3.7,4.5,3.7,1.9,0.1,-0.7,46.4,47.7,51.5,55.7,57.7,56.4,52.6,48.1,42.4,44.9,48.4,52.9,57.1,60.2,62.2,60.4,57.5,53.9,49.7,45.6,50.2,52.1,53.7,54.3,53.4,51.6,49.9,49.4,-34.9,-39.2,-41.0,-39.2,-34.9,-30.3,-28.9,-30.6,-33.2,-35.4,-36.8,-37.5,-36.8,-34.9,-32.3,-30.7,-30.0,-29.7,-30.1,-31.2,-33.0,-32.2,-33.0,-34.9,-36.7,-37.5,-36.7,-34.8,-37.4,-41.8,-43.9,-42.5,-38.4,-34.0,-31.9,-33.0,-34.3,-37.3,-39.5,-40.7,-40.4,-39.2,-37.1,-34.8,-33.5,-32.7,-32.6,-33.0,-35.8,-35.2,-36.2,-38.1,-39.9,-40.5,-39.6,-37.6,509.9,510.4,510.6,510.5,510.1,509.8,509.3,509.4,513.8,511.3,509.1,508.1,508.8,510.3,512.0,510.3,508.7,508.2,509.2,511.3,510.5,510.5,510.6,510.8,511.0,511.1,510.9,510.7,526.9,527.9,529.6,531.0,531.3,530.3,528.6,527.3,527.3,526.6,526.4,527.5,530.3,533.9,537.2,533.9,530.6,528.1,526.8,526.8,529.0,529.6,530.4,530.8,530.7,530.1,529.4,528.9,33.4,-4.1,653.1,0.205,-0.199,0.007,221.9,222.4,224.1,226.8,231.7,239.2,248.5,259.1,269.6,278.1,284.2,289.7,294.6,298.2,300.5,302.1,302.5,233.0,239.7,248.5,257.3,265.3,280.3,286.7,293.0,299.0,302.6,273.0,274.2,275.5,276.7,265.1,269.6,274.2,278.1,281.5,242.5,247.9,254.1,259.1,253.9,247.7,281.4,286.2,291.7,295.4,292.3,286.8,255.4,263.3,269.8,273.4,277.1,281.5,284.9,281.5,277.2,273.1,269.1,262.7,258.4,269.3,273.1,276.8,282.8,276.8,273.1,269.2,161.8,173.5,185.0,196.1,206.5,215.4,222.7,228.1,229.2,226.8,220.2,212.1,203.1,193.0,182.5,171.8,160.8,154.3,149.4,148.1,149.3,152.2,151.4,148.2,146.7,147.4,151.6,160.7,168.5,176.1,184.0,189.3,190.7,191.8,190.5,188.7,162.2,159.1,159.2,163.0,164.4,164.6,162.2,157.9,157.8,160.5,163.0,163.3,204.6,202.1,200.5,201.5,200.2,201.5,203.3,208.6,211.0,211.6,211.4,209.5,204.8,204.2,204.4,203.8,203.9,205.3,206.0,205.7,-48.9,-48.2,-45.5,-40.9,-32.3,-18.9,-2.6,15.7,33.9,49.2,61.1,72.2,81.7,88.2,92.2,94.9,95.6,-28.2,-16.9,-2.5,11.8,24.7,49.5,60.8,72.2,83.5,91.0,37.6,39.1,40.8,42.5,24.6,32.0,39.3,46.0,51.8,-12.5,-3.5,6.7,15.0,6.5,-3.8,52.7,61.1,70.9,77.9,71.8,62.2,9.0,21.9,32.4,38.4,44.7,52.6,59.6,52.8,45.0,38.2,31.4,21.1,14.1,31.8,38.1,44.5,55.7,44.4,38.0,31.6,-44.6,-24.5,-4.4,15.1,33.5,49.0,61.4,70.0,71.9,68.8,58.5,44.8,28.5,10.1,-9.1,-28.7,-48.7,-54.9,-62.3,-64.1,-61.8,-57.1,-59.0,-65.0,-68.6,-68.3,-62.2,-43.7,-30.8,-18.2,-5.5,3.0,5.2,7.0,4.8,2.0,-41.8,-46.7,-46.7,-40.5,-38.0,-37.7,-42.5,-49.8,-50.5,-46.4,-41.6,-40.8,28.6,24.0,21.3,22.9,20.9,23.4,27.0,35.5,39.0,39.9,39.4,36.4,28.8,27.5,27.9,27.0,27.8,29.4,30.4,29.9,677.9,681.7,686.0,688.9,688.9,686.5,681.1,673.7,673.8,683.4,698.5,710.6,715.7,715.1,713.4,711.7,711.1,645.4,639.4,635.3,632.1,630.9,639.0,646.8,656.2,666.1,676.5,637.4,631.9,625.8,620.2,636.1,635.3,635.2,638.7,642.9,645.8,642.9,643.7,645.7,644.2,643.4,656.3,658.8,663.2,670.0,663.8,659.5,653.5,643.4,639.9,641.3,643.7,653.0,666.9,655.4,647.8,644.9,643.7,646.3,651.6,643.1,644.1,647.0,662.8,647.1,644.1,643.3,0.593,0.209,-0.262,0.02,269.911,184.833,-5.167,9.082,-12.095,16.569,5.983,0.905,-4.179,3.078,3.703,-1.975,0.024,1.329,0.281,-1.693,-0.839,-0.254,0.333,1.073,-0.844,-0.57,0.607,-0.429,-0.251,-0.244,0.28,-0.09,0.122,0.048,-0.102,-0.007,-0.021,0.008,0.016,-0.005,0.32,0.02,0.0,0.68,0.0,0.0,0.25,0.0,0.0,0.27,0.0,0.0,0.0,0.0,0.0,0.0,0.0,0.0,1.0,0.0,1.0,0.0,0.0,0.0,0.0,0.0,0.0,0.0,0.0,0.0,0.0,0.0,0.0,1.0,0.0
PP133,g1,3893,0,0.975,0.216059,0.183143,-0.95905,0.060695,0.181791,-0.981462,0.142,0.186,246.6,247.9,251.1,254.3,255.6,254.5,251.1,247.9,242.2,244.3,247.2,250.7,254.2,256.8,258.6,256.5,253.6,250.3,247.2,244.3,249.7,251.1,252.5,253.1,252.5,251.1,249.7,249.1,284.1,284.9,287.6,290.6,292.0,291.2,288.5,285.3,281.1,282.9,285.6,288.8,291.7,293.7,294.9,293.8,292.0,289.5,286.5,283.4,286.7,288.0,289.2,289.6,288.9,287.6,286.5,286.1,160.6,157.4,156.0,157.4,160.6,164.1,165.2,163.9,162.2,160.3,159.1,158.5,159.1,160.6,162.7,163.9,164.3,164.6,164.3,163.6,162.1,162.7,162.1,160.7,159.3,158.7,159.3,160.7,159.6,156.4,155.0,156.1,159.1,162.3,163.8,162.9,161.9,159.7,158.0,157.2,157.6,158.6,160.4,161.9,162.7,163.2,163.2,162.9,160.9,161.4,160.7,159.3,158.0,157.5,158.2,159.6,-4.4,-2.7,1.4,5.6,7.3,5.9,1.5,-2.7,-10.2,-7.5,-3.7,0.9,5.4,8.9,11.2,8.5,4.7,0.4,-3.7,-7.4,-0.4,1.4,3.3,4.0,3.3,1.4,-0.4,-1.1,46.0,47.3,51.1,55.2,57.3,56.0,52.2,47.7,42.0,44.5,48.0,52.5,56.7,59.8,61.8,60.0,57.1,53.5,49.3,45.2,49.8,51.6,53.3,53.9,53.0,51.2,49.5,48.9,-35.0,-39.3,-41.1,-39.3,-35.1,-30.5,-29.0,-30.7,-33.3,-35.5,-37.0,-37.7,-36.9,-35.1,-32.4,-30.8,-30.1,-29.8,-30.2,-31.3,-33.1,-32.3,-33.1,-35.0,-36.9,-37.6,-36.8,-35.0,-37.7,-42.0,-44.2,-42.8,-38.7,-34.3,-32.2,-33.3,-34.6,-37.5,-39.8,-41.0,-40.7,-39.5,-37.3,-35.1,-33.7,-32.9,-32.9,-33.2,-36.1,-35.5,-36.4,-38.3,-40.1,-40.7,-39.8,-37.9,509.1,509.6,509.9,509.8,509.3,509.1,508.6,508.7,513.1,510.6,508.3,507.3,508.1,509.6,511.3,509.6,507.9,507.5,508.5,510.6,509.8,509.7,509.9,510.1,510.3,510.3,510.2,510.0,527.7,528.7,530.4,531.8,532.1,531.1,529.4,528.1,528.0,527.3,527.2,528.3,531.1,534.7,538.0,534.7,531.4,528.9,527.6,527.6,529.8,530.4,531.2,531.6,531.5,530.9,530.1,529.7,32.8,-4.2,652.8,0.2,-0.206,0.007,221.5,222.0,223.7,226.4,231.3,238.9,248.1,258.7,269.2,277.7,283.7,289.1,294.0,297.6,299.9,301.6,302.0,232.7,239.4,248.2,257.0,265.0,280.0,286.4,292.6,298.5,302.1,272.7,273.9,275.2,276.5,264.9,269.4,273.9,277.8,281.2,242.1,247.5,253.7,258.7,253.6,247.3,281.0,285.9,291.4,295.0,291.9,286.5,255.2,263.1,269.5,273.1,276.8,281.1,284.4,281.0,276.8,272.8,268.8,262.5,258.3,269.1,272.8,276.5,282.4,276.4,272.7,268.9,161.9,173.6,185.1,196.2,206.6,215.5,222.8,228.2,229.3,226.9,220.4,212.3,203.2,193.2,182.6,171.8,160.7,154.0,149.2,147.9,149.2,152.0,151.3,148.0,146.5,147.2,151.3,160.6,168.3,175.9,183.8,189.2,190.6,191.7,190.3,188.6,162.1,159.0,159.0,162.8,164.3,164.5,162.1,157.8,157.6,160.3,162.9,163.2,204.7,202.1,200.5,201.4,200.2,201.6,203.5,208.7,211.0,211.6,211.4,209.5,204.9,204.2,204.4,203.8,204.0,205.3,205.9,205.7,-49.4,-48.8,-46.1,-41.5,-32.9,-19.5,-3.4,15.0,33.1,48.4,60.1,71.1,80.5,87.1,91.2,94.0,94.7,-28.6,-17.3,-2.9,11.4,24.2,49.0,60.2,71.5,82.7,90.3,37.1,38.7,40.4,42.1,24.2,31.5,38.8,45.5,51.3,-13.1,-4.1,6.1,14.4,5.9,-4.4,52.1,60.5,70.2,77.2,71.2,61.6,8.7,21.5,32.0,37.9,44.1,51.9,58.7,52.0,44.4,37.6,31.0,20.7,13.8,31.4,37.5,43.8,54.9,43.8,37.5,31.2,-44.3,-24.2,-4.1,15.4,33.7,49.2,61.5,70.1,71.9,68.9,58.8,45.1,28.8,10.4,-8.9,-28.7,-48.8,-55.2,-62.6,-64.3,-62.0,-57.3,-59.3,-65.3,-68.9,-68.8,-62.7,-44.0,-31.1,-18.5,-5.8,2.8,5.0,6.8,4.6,1.9,-42.0,-46.9,-46.9,-40.8,-38.2,-37.9,-42.7,-50.1,-50.7,-46.6,-41.8,-41.0,28.7,24.1,21.2,22.9,20.9,23.5,27.3,35.6,39.0,39.8,39.4,36.4,29.0,27.5,27.9,27.0,28.0,29.4,30.4,29.9,676.8,680.5,684.9,687.8,687.8,685.5,680.2,673.0,673.0,682.7,697.8,710.0,715.3,714.8,713.2,711.5,710.9,644.6,638.8,634.9,631.8,630.8,639.0,646.9,656.2,666.1,676.5,637.3,631.7,625.6,620.0,635.6,634.9,634.9,638.5,642.6,645.4,642.5,643.4,645.4,643.8,643.0,656.2,658.8,663.2,670.0,663.8,659.4,652.8,642.9,639.5,641.0,643.3,652.6,666.3,654.8,647.4,644.6,643.3,645.7,650.8,642.7,643.7,646.6,662.2,646.7,643.7,642.9,0.594,0.205,-0.269,0.02,269.551,184.796,-6.437,8.622,-12.969,17.288,6.116,0.822,-3.91,3.027,3.754,-2.134,0.489,1.45,0.085,-1.881,-0.837,-0.321,0.416,0.975,-1.045,-0.539,0.525,-0.437,-0.176,-0.263,0.26,-0.011,0.104,0.053,-0.1,-0.008,-0.023,0.008,0.011,-0.003,0.32,0.0,0.0,0.87,0.0,0.0,0.0,0.0,0.0,0.26,0.0,0.0,0.0,0.0,0.0,0.0,0.0,1.0,1.0,0.0,1.0,0.0,0.0,0.0,0.0,0.0,0.0,0.0,0.0,0.0,0.0,0.0,0.0,1.0,0.0
PP133,g1,3899,0,0.975,0.21221,0.173178,-0.961757,0.061436,0.172325,-0.983122,0.14,0.176,246.0,247.3,250.4,253.6,255.0,253.9,250.5,247.3,241.6,243.6,246.5,250.1,253.5,256.2,258.0,255.9,253.0,249.7,246.6,243.7,249.1,250.5,251.9,252.5,251.9,250.5,249.1,248.5,283.5,284.3,287.0,290.0,291.5,290.6,287.9,284.7,280.5,282.4,285.0,288.2,291.1,293.1,294.3,293.3,291.4,288.9,285.9,282.8,286.1,287.4,288.6,289.0,288.3,287.0,285.9,285.5,161.0,157.7,156.3,157.6,160.8,164.4,165.5,164.2,162.5,160.6,159.4,158.8,159.4,160.8,162.9,164.1,164.6,164.8,164.6,163.9,162.4,163.0,162.4,161.0,159.5,159.0,159.6,161.0,159.8,156.6,155.2,156.3,159.3,162.5,163.9,163.1,162.1,159.9,158.2,157.4,157.8,158.8,160.6,162.1,162.9,163.4,163.3,163.1,161.1,161.6,160.9,159.5,158.2,157.7,158.4,159.8,-5.2,-3.6,0.6,4.8,6.5,5.1,0.7,-3.5,-11.0,-8.3,-4.5,0.1,4.6,8.1,10.5,7.7,3.9,-0.3,-4.5,-8.2,-1.2,0.7,2.5,3.2,2.4,0.6,-1.2,-1.9,45.1,46.3,50.1,54.3,56.4,55.1,51.3,46.8,41.1,43.6,47.1,51.6,55.8,58.9,60.9,59.1,56.2,52.6,48.4,44.3,48.9,50.7,52.4,53.0,52.1,50.2,48.6,48.0,-34.6,-38.9,-40.7,-39.0,-34.8,-30.2,-28.7,-30.4,-32.9,-35.1,-36.6,-37.3,-36.6,-34.8,-32.1,-30.5,-29.8,-29.5,-29.8,-30.9,-32.7,-32.0,-32.8,-34.7,-36.5,-37.3,-36.5,-34.6,-37.3,-41.7,-43.8,-42.4,-38.3,-33.9,-31.8,-32.9,-34.2,-37.2,-39.4,-40.7,-40.3,-39.1,-37.0,-34.7,-33.4,-32.6,-32.5,-32.9,-35.8,-35.1,-36.1,-38.0,-39.8,-40.4,-39.5,-37.5,509.3,509.8,510.1,509.9,509.5,509.2,508.7,508.9,513.4,510.9,508.6,507.5,508.2,509.7,511.4,509.7,508.1,507.7,508.7,510.9,510.0,509.9,510.0,510.2,510.4,510.5,510.4,510.2,526.5,527.6,529.3,530.7,530.9,529.9,528.2,526.9,526.8,526.1,526.1,527.2,529.9,533.5,536.8,533.5,530.2,527.6,526.4,526.4,528.6,529.2,530.0,530.4,530.3,529.7,529.0,528.5,32.0,-3.5,651.1,0.185,-0.203,0.002,221.1,221.6,223.4,226.1,231.0,238.5,247.7,258.5,269.1,277.7,283.7,289.0,293.8,297.2,299.5,301.2,301.6,232.1,238.7,247.5,256.3,264.2,279.3,285.7,291.9,297.9,301.5,272.0,273.3,274.6,275.9,264.3,268.9,273.4,277.4,280.7,241.5,246.8,253.1,258.1,253.0,246.7,280.4,285.3,290.8,294.4,291.3,285.9,255.0,262.8,269.2,272.8,276.5,280.8,284.2,280.9,276.6,272.6,268.6,262.4,258.1,268.7,272.5,276.2,282.1,276.2,272.5,268.7,162.5,174.2,185.7,196.8,207.3,216.3,223.7,229.1,230.1,227.8,221.3,213.2,204.0,193.8,183.2,172.3,161.2,154.5,149.6,148.2,149.4,152.2,151.4,148.2,146.7,147.4,151.6,160.7,168.4,176.1,184.0,189.5,190.9,192.0,190.6,188.9,162.4,159.3,159.3,163.1,164.6,164.8,162.2,158.0,157.8,160.5,163.1,163.4,205.3,202.6,200.9,201.8,200.6,202.0,204.0,209.1,211.3,211.9,211.8,210.0,205.5,204.6,204.8,204.2,204.5,205.5,206.2,206.0,-50.1,-49.4,-46.6,-41.9,-33.3,-20.1,-3.9,14.6,32.9,48.2,60.0,70.8,79.9,86.2,90.2,92.9,93.6,-29.5,-18.4,-4.1,10.1,22.8,47.9,59.0,70.3,81.5,89.0,35.9,37.5,39.3,41.0,23.3,30.6,38.0,44.6,50.4,-14.0,-5.2,5.1,13.4,4.9,-5.4,51.1,59.4,69.1,76.1,70.1,60.5,8.4,21.0,31.3,37.3,43.5,51.3,58.1,51.5,44.0,37.2,30.5,20.4,13.5,30.7,36.9,43.2,54.2,43.3,36.9,30.6,-43.3,-23.2,-3.1,16.4,34.8,50.4,62.8,71.4,73.2,70.2,60.2,46.6,30.1,11.6,-7.8,-27.6,-47.7,-54.5,-62.0,-63.8,-61.6,-57.0,-59.0,-65.0,-68.5,-68.2,-62.1,-43.7,-30.8,-18.2,-5.5,3.3,5.5,7.3,5.1,2.3,-41.4,-46.4,-46.4,-40.3,-37.7,-37.3,-42.4,-49.7,-50.3,-46.2,-41.4,-40.7,29.7,24.8,21.8,23.4,21.4,24.1,28.0,36.0,39.3,40.2,39.8,37.0,29.8,28.1,28.5,27.6,28.7,29.7,30.7,30.3,675.9,679.5,683.7,686.4,686.3,683.7,678.1,670.6,670.6,680.4,695.7,708.2,713.6,713.1,711.3,709.5,708.8,643.9,638.1,634.2,631.2,630.0,638.2,646.0,655.2,664.9,675.1,636.3,630.5,624.3,618.5,634.2,633.4,633.3,636.9,641.1,644.5,641.7,642.6,644.4,642.9,642.1,655.1,657.7,662.0,668.8,662.5,658.3,650.8,640.8,637.6,639.1,641.4,650.5,664.1,652.4,645.0,642.2,641.0,643.4,648.7,640.7,641.7,644.6,659.9,644.5,641.5,640.7,0.595,0.192,-0.265,0.013,269.133,185.202,-6.359,8.697,-13.949,18.136,4.31,1.352,-4.015,3.625,3.978,-2.623,0.157,1.221,-0.131,-1.877,-0.524,-0.406,0.387,1.248,-0.809,-0.595,0.63,-0.287,-0.331,-0.447,0.278,0.01,0.109,0.049,-0.105,-0.019,-0.027,-0.005,0.015,-0.004,0.19,0.01,0.0,1.04,0.0,0.0,0.0,0.0,0.0,0.39,0.0,0.0,0.0,0.0,0.0,0.0,0.0,0.0,1.0,0.0,1.0,0.0,0.0,0.0,0.0,0.0,0.0,0.0,0.0,0.0,0.0,0.0,0.0,1.0,0.0
PP133,g1,3905,0,0.925,0.209743,0.169666,-0.962923,0.062403,0.169039,-0.983632,0.139,0.172,245.9,247.2,250.3,253.5,254.9,253.9,250.5,247.3,241.6,243.6,246.4,249.9,253.4,256.1,257.9,255.8,252.9,249.7,246.5,243.7,249.0,250.4,251.8,252.4,251.8,250.4,249.0,248.4,283.3,284.2,286.9,289.8,291.4,290.5,287.8,284.6,280.3,282.2,284.9,288.1,291.0,293.0,294.2,293.2,291.3,288.8,285.8,282.7,286.0,287.3,288.5,288.9,288.2,286.9,285.7,285.4,161.0,157.7,156.3,157.6,160.8,164.3,165.5,164.2,162.5,160.7,159.4,158.8,159.3,160.8,162.9,164.1,164.6,164.8,164.6,163.9,162.4,163.0,162.4,160.9,159.5,159.0,159.6,161.0,159.7,156.5,155.0,156.1,159.2,162.3,163.8,163.0,162.0,159.8,158.1,157.2,157.6,158.7,160.5,161.9,162.8,163.2,163.2,163.0,161.0,161.4,160.8,159.4,158.1,157.6,158.2,159.6,-5.4,-3.7,0.4,4.6,6.4,5.0,0.6,-3.6,-11.1,-8.4,-4.6,-0.1,4.5,7.9,10.4,7.6,3.8,-0.4,-4.6,-8.3,-1.3,0.6,2.4,3.1,2.3,0.5,-1.3,-2.1,44.9,46.1,49.9,54.1,56.2,54.9,51.1,46.6,40.9,43.4,46.9,51.4,55.6,58.7,60.7,58.9,56.0,52.4,48.3,44.1,48.7,50.5,52.2,52.8,51.9,50.0,48.4,47.8,-34.6,-38.9,-40.8,-39.1,-34.8,-30.2,-28.7,-30.4,-32.8,-35.1,-36.6,-37.3,-36.6,-34.8,-32.2,-30.5,-29.8,-29.5,-29.8,-30.8,-32.7,-32.0,-32.8,-34.7,-36.6,-37.3,-36.5,-34.6,-37.5,-41.9,-44.0,-42.6,-38.5,-34.1,-32.0,-33.1,-34.4,-37.3,-39.6,-40.8,-40.5,-39.3,-37.1,-34.9,-33.5,-32.8,-32.7,-33.0,-35.9,-35.3,-36.2,-38.1,-39.9,-40.5,-39.6,-37.7,509.4,509.8,510.0,509.8,509.4,509.1,508.7,508.9,513.4,510.9,508.6,507.5,508.1,509.6,511.3,509.6,508.0,507.7,508.7,510.9,510.0,509.9,510.0,510.2,510.4,510.5,510.4,510.2,526.2,527.2,529.0,530.3,530.6,529.5,527.8,526.5,526.5,525.8,525.7,526.8,529.6,533.2,536.5,533.2,529.8,527.3,526.0,526.0,528.3,528.9,529.6,530.1,530.0,529.4,528.6,528.2,32.1,-3.5,650.0,0.178,-0.202,-0.005,221.0,221.6,223.5,226.4,231.3,238.9,248.2,259.0,269.7,278.2,284.1,289.4,294.0,297.3,299.6,301.1,301.4,231.9,238.6,247.3,256.1,264.0,279.2,285.5,291.7,297.7,301.3,271.9,273.2,274.6,276.0,264.4,269.0,273.6,277.5,280.8,241.5,246.7,253.0,258.1,252.9,246.6,280.3,285.2,290.7,294.3,291.2,285.8,255.3,263.1,269.4,273.0,276.7,281.0,284.4,281.1,276.9,273.0,268.9,262.7,258.4,269.0,272.7,276.4,282.3,276.5,272.8,269.0,162.6,174.4,186.0,197.2,207.7,216.7,224.1,229.4,230.3,227.9,221.4,213.2,203.9,193.8,183.1,172.2,161.1,154.6,149.6,148.2,149.4,152.1,151.3,148.1,146.6,147.3,151.5,160.6,168.3,176.1,184.0,189.5,190.9,192.0,190.6,188.8,162.5,159.3,159.2,163.0,164.5,164.8,162.1,157.9,157.7,160.4,162.9,163.2,205.4,202.7,200.9,201.8,200.6,201.9,203.9,209.0,211.2,211.8,211.7,210.0,205.5,204.7,204.8,204.2,204.4,205.4,206.1,205.9,-50.2,-49.4,-46.4,-41.5,-32.7,-19.4,-3.1,15.4,33.7,49.1,60.7,71.3,80.2,86.3,90.1,92.7,93.2,-29.8,-18.7,-4.4,9.8,22.5,47.6,58.7,69.9,81.1,88.7,35.7,37.5,39.3,41.1,23.4,30.8,38.2,44.8,50.5,-14.1,-5.3,4.9,13.3,4.8,-5.5,50.8,59.2,68.8,75.8,69.9,60.3,8.8,21.4,31.6,37.5,43.7,51.5,58.3,51.9,44.4,37.6,31.0,20.9,13.9,31.1,37.3,43.5,54.5,43.6,37.3,31.0,-43.1,-22.8,-2.6,17.1,35.5,51.1,63.4,71.8,73.4,70.3,60.2,46.5,30.0,11.4,-7.9,-27.7,-47.8,-54.3,-61.9,-63.8,-61.6,-57.0,-59.0,-65.0,-68.6,-68.4,-62.2,-43.8,-30.9,-18.2,-5.5,3.3,5.5,7.2,5.0,2.1,-41.3,-46.3,-46.4,-40.4,-37.7,-37.3,-42.5,-49.9,-50.5,-46.4,-41.6,-40.9,29.8,24.8,21.8,23.4,21.4,24.0,27.9,35.8,39.0,39.9,39.6,36.9,29.9,28.1,28.4,27.5,28.6,29.4,30.5,30.1,675.7,679.4,683.6,686.2,685.9,683.0,677.2,669.5,669.4,679.3,694.8,707.4,712.8,712.1,710.1,708.2,707.5,643.5,637.6,633.7,630.6,629.4,637.5,645.4,654.6,664.3,674.5,635.6,629.7,623.3,617.4,633.3,632.3,632.2,635.8,640.1,643.9,641.1,641.9,643.8,642.3,641.5,654.5,657.1,661.5,668.1,661.9,657.6,649.7,639.7,636.5,638.0,640.4,649.5,663.0,651.1,643.6,640.8,639.6,642.0,647.6,639.6,640.6,643.6,658.7,643.3,640.2,639.4,0.596,0.185,-0.263,0.006,269.235,185.204,-5.522,10.18,-14.169,18.909,3.594,2.091,-4.277,3.87,3.863,-3.133,0.126,1.089,-0.216,-2.005,-0.312,-0.489,0.324,1.179,-0.828,-0.544,0.569,-0.209,-0.461,-0.527,0.228,0.108,0.118,0.05,-0.109,-0.021,-0.024,-0.013,0.013,-0.003,0.45,0.07,0.0,0.94,0.0,0.0,0.0,0.0,0.0,0.58,0.0,0.0,0.0,0.0,0.0,0.0,0.0,0.0,1.0,0.0,1.0,0.0,0.0,0.0,0.0,0.0,0.0,0.0,0.0,0.0,0.0,0.0,0.0,1.0,0.0
PP133,g1,3911,0,0.925,0.205809,0.168728,-0.963936,0.060565,0.168278,-0.983877,0.136,0.171,245.9,247.1,250.3,253.5,254.9,253.9,250.5,247.3,241.6,243.6,246.4,249.9,253.4,256.1,257.9,255.8,252.9,249.7,246.5,243.7,249.0,250.4,251.8,252.4,251.7,250.3,249.0,248.4,283.3,284.2,286.9,289.8,291.3,290.5,287.8,284.6,280.3,282.2,284.9,288.1,291.0,293.0,294.2,293.2,291.3,288.8,285.8,282.7,286.0,287.3,288.5,288.9,288.2,286.9,285.7,285.4,160.9,157.6,156.2,157.5,160.7,164.2,165.4,164.1,162.5,160.6,159.3,158.7,159.2,160.7,162.7,164.0,164.4,164.7,164.5,163.8,162.3,162.9,162.3,160.8,159.4,158.9,159.5,160.9,159.5,156.3,154.9,156.0,159.0,162.2,163.7,162.8,161.8,159.6,158.0,157.1,157.5,158.6,160.3,161.8,162.6,163.1,163.0,162.8,160.8,161.3,160.6,159.3,157.9,157.4,158.1,159.5,-5.4,-3.7,0.4,4.6,6.4,5.0,0.6,-3.6,-11.1,-8.4,-4.7,-0.1,4.4,7.9,10.4,7.6,3.8,-0.5,-4.6,-8.3,-1.3,0.6,2.4,3.1,2.3,0.5,-1.4,-2.1,44.9,46.2,50.0,54.1,56.2,54.9,51.1,46.6,40.9,43.4,46.9,51.4,55.6,58.7,60.7,58.9,56.1,52.4,48.3,44.1,48.7,50.6,52.2,52.8,51.9,50.1,48.4,47.8,-34.8,-39.1,-41.0,-39.3,-35.1,-30.4,-28.9,-30.6,-33.0,-35.3,-36.8,-37.6,-36.9,-35.1,-32.5,-30.8,-30.1,-29.7,-30.0,-31.0,-33.0,-32.2,-33.0,-34.9,-36.8,-37.5,-36.7,-34.8,-37.7,-42.1,-44.2,-42.8,-38.7,-34.3,-32.2,-33.3,-34.6,-37.5,-39.8,-41.0,-40.7,-39.5,-37.3,-35.1,-33.8,-33.0,-32.9,-33.3,-36.1,-35.5,-36.4,-38.3,-40.1,-40.8,-39.8,-37.9,510.5,511.0,511.2,511.0,510.5,510.3,509.9,510.1,514.6,512.1,509.8,508.6,509.3,510.7,512.4,510.8,509.2,508.8,509.9,512.1,511.1,511.0,511.1,511.3,511.5,511.6,511.5,511.3,526.5,527.5,529.2,530.6,530.8,529.8,528.1,526.8,526.8,526.1,526.0,527.1,529.9,533.4,536.8,533.4,530.1,527.5,526.3,526.3,528.6,529.2,529.9,530.4,530.3,529.7,528.9,528.4,32.1,-3.6,648.8,0.174,-0.197,-0.008,221.0,221.7,223.6,226.5,231.5,239.1,248.4,259.2,269.9,278.5,284.4,289.7,294.2,297.5,299.7,301.3,301.6,231.9,238.5,247.2,256.0,263.9,279.1,285.5,291.7,297.7,301.3,271.9,273.2,274.6,276.0,264.4,269.0,273.6,277.5,280.8,241.5,246.7,253.0,258.0,252.9,246.6,280.3,285.2,290.7,294.3,291.2,285.8,255.4,263.1,269.4,273.0,276.7,281.0,284.4,281.2,277.0,273.0,269.0,262.8,258.5,269.0,272.8,276.5,282.4,276.5,272.8,269.0,162.5,174.3,186.0,197.3,207.8,216.9,224.4,229.7,230.6,228.2,221.5,213.3,204.0,193.8,183.1,172.2,161.1,154.5,149.5,148.0,149.2,151.9,151.1,147.9,146.4,147.1,151.3,160.4,168.2,175.9,183.9,189.4,190.8,191.9,190.5,188.7,162.4,159.2,159.1,162.9,164.4,164.7,161.9,157.7,157.5,160.3,162.8,163.1,205.5,202.7,200.9,201.8,200.5,201.9,203.9,209.0,211.2,211.9,211.7,210.0,205.6,204.7,204.8,204.2,204.5,205.4,206.1,205.9,-50.0,-49.2,-46.2,-41.3,-32.5,-19.1,-2.8,15.7,34.0,49.4,61.1,71.7,80.5,86.4,90.1,92.7,93.2,-29.8,-18.8,-4.6,9.6,22.3,47.5,58.6,69.8,81.0,88.5,35.6,37.3,39.2,41.0,23.3,30.7,38.1,44.7,50.4,-14.0,-5.4,4.8,13.2,4.7,-5.5,50.7,59.0,68.7,75.7,69.8,60.2,9.0,21.4,31.5,37.5,43.7,51.4,58.3,51.9,44.4,37.7,31.0,21.0,14.0,31.1,37.3,43.5,54.5,43.6,37.3,31.1,-43.2,-22.9,-2.6,17.2,35.7,51.4,63.8,72.1,73.7,70.6,60.4,46.6,30.0,11.4,-8.0,-27.7,-47.8,-54.2,-62.0,-63.9,-61.8,-57.2,-59.3,-65.3,-68.8,-68.6,-62.4,-44.1,-31.1,-18.5,-5.7,3.1,5.3,7.1,4.8,1.9,-41.4,-46.4,-46.5,-40.6,-37.9,-37.4,-42.7,-50.0,-50.6,-46.5,-41.8,-41.1,29.8,24.8,21.7,23.3,21.3,23.9,27.9,35.7,39.0,39.9,39.6,36.9,29.9,28.0,28.4,27.4,28.5,29.4,30.5,30.1,675.0,678.6,682.9,685.4,684.9,682.0,676.1,668.3,668.1,678.0,693.5,705.9,711.2,710.4,708.4,706.4,705.7,642.7,636.9,632.9,629.7,628.5,636.6,644.4,653.5,663.1,673.3,634.6,628.6,622.1,616.2,632.1,631.2,631.0,634.5,638.8,643.0,640.2,641.0,642.8,641.3,640.6,653.4,656.0,660.3,666.9,660.7,656.5,648.5,638.4,635.3,636.8,639.1,648.1,661.6,649.7,642.3,639.4,638.3,640.7,646.4,638.3,639.3,642.3,657.3,642.0,639.0,638.2,0.597,0.182,-0.259,0.003,269.28,185.17,-6.18,10.829,-14.299,19.545,2.917,2.163,-4.222,3.813,4.019,-3.377,-0.143,0.998,-0.259,-2.091,-0.155,-0.474,0.207,1.357,-0.907,-0.523,0.564,-0.235,-0.413,-0.606,0.207,0.119,0.12,0.044,-0.116,-0.02,-0.029,-0.016,0.014,-0.002,0.45,0.0,0.0,0.68,0.0,0.0,0.0,0.0,0.0,0.26,0.0,0.0,0.0,0.0,0.0,0.0,0.0,0.0,1.0,0.0,1.0,0.0,0.0,0.0,0.0,0.0,0.0,0.0,0.0,0.0,0.0,0.0,0.0,1.0,0.0
PP133,g1,3917,0,0.975,0.209187,0.183736,-0.960459,0.060216,0.182094,-0.981436,0.138,0.186,246.3,247.6,250.8,254.0,255.4,254.3,250.9,247.7,242.0,244.0,246.9,250.4,253.9,256.5,258.3,256.3,253.3,250.1,246.9,244.1,249.5,250.9,252.3,252.8,252.2,250.8,249.5,248.9,283.9,284.8,287.5,290.4,291.9,291.0,288.3,285.1,280.9,282.8,285.4,288.7,291.6,293.6,294.7,293.7,291.8,289.3,286.3,283.2,286.6,287.9,289.0,289.4,288.8,287.5,286.3,285.9,161.3,158.0,156.7,158.0,161.2,164.7,165.9,164.5,162.8,161.0,159.7,159.1,159.8,161.2,163.3,164.5,165.0,165.2,165.0,164.2,162.8,163.4,162.8,161.3,159.9,159.3,159.9,161.4,160.3,157.1,155.6,156.8,159.8,163.0,164.5,163.6,162.6,160.4,158.7,157.9,158.3,159.4,161.1,162.6,163.4,163.9,163.8,163.6,161.6,162.1,161.4,160.0,158.7,158.2,158.8,160.2,-4.8,-3.1,1.1,5.3,7.0,5.6,1.2,-3.0,-10.5,-7.8,-4.0,0.6,5.1,8.5,10.9,8.2,4.3,0.1,-4.0,-7.8,-0.7,1.1,2.9,3.7,2.9,1.1,-0.7,-1.5,45.6,46.9,50.7,54.8,56.9,55.6,51.7,47.3,41.6,44.1,47.6,52.1,56.3,59.4,61.4,59.6,56.7,53.1,48.9,44.7,49.4,51.2,52.9,53.5,52.6,50.8,49.1,48.5,-34.2,-38.4,-40.2,-38.5,-34.2,-29.6,-28.2,-29.9,-32.4,-34.7,-36.1,-36.8,-36.1,-34.2,-31.6,-30.0,-29.3,-29.0,-29.4,-30.4,-32.3,-31.5,-32.3,-34.2,-36.0,-36.8,-36.0,-34.1,-36.6,-41.0,-43.1,-41.7,-37.6,-33.2,-31.1,-32.2,-33.6,-36.5,-38.7,-39.9,-39.6,-38.4,-36.2,-34.0,-32.6,-31.9,-31.8,-32.2,-35.0,-34.4,-35.3,-37.2,-39.0,-39.7,-38.7,-36.8,509.1,509.6,509.8,509.6,509.2,509.0,508.5,508.7,513.2,510.6,508.3,507.3,507.9,509.4,511.1,509.5,507.9,507.5,508.5,510.7,509.8,509.7,509.8,510.0,510.2,510.2,510.1,509.9,525.7,526.7,528.4,529.8,530.1,529.1,527.4,526.1,526.1,525.4,525.2,526.4,529.1,532.7,536.1,532.8,529.4,526.9,525.6,525.6,527.9,528.5,529.2,529.6,529.5,528.9,528.2,527.7,32.3,-2.6,649.0,0.198,-0.2,0.006,221.3,221.8,223.5,226.3,231.2,238.8,247.9,258.6,269.2,277.7,283.8,289.2,293.9,297.4,299.8,301.5,302.0,232.4,239.1,247.9,256.7,264.6,279.8,286.2,292.4,298.4,302.0,272.5,273.7,275.0,276.2,264.6,269.1,273.6,277.6,280.9,241.9,247.2,253.5,258.5,253.3,247.0,280.8,285.7,291.2,294.9,291.8,286.3,255.1,262.8,269.2,272.8,276.5,280.8,284.1,280.8,276.5,272.5,268.5,262.3,258.1,268.8,272.5,276.2,282.1,276.2,272.5,268.7,162.4,174.3,186.0,197.2,207.8,217.0,224.4,229.8,230.9,228.4,221.7,213.4,204.1,194.0,183.4,172.5,161.4,154.7,149.8,148.5,149.7,152.6,151.9,148.7,147.2,147.8,152.0,161.2,169.0,176.9,184.9,190.2,191.6,192.7,191.4,189.6,162.7,159.6,159.7,163.4,165.0,165.1,162.7,158.5,158.3,161.0,163.6,163.9,206.0,203.4,201.7,202.7,201.4,202.8,204.8,210.0,212.2,212.8,212.6,210.8,206.2,205.4,205.7,205.1,205.3,206.4,207.1,206.8,-49.4,-48.9,-46.2,-41.6,-32.9,-19.6,-3.6,14.7,32.9,48.2,60.0,70.8,79.9,86.3,90.3,93.1,93.8,-28.9,-17.7,-3.4,10.7,23.4,48.6,59.7,70.9,82.0,89.4,36.5,38.0,39.7,41.4,23.6,30.9,38.2,44.8,50.6,-13.4,-4.5,5.7,13.9,5.4,-4.9,51.5,59.9,69.6,76.5,70.5,60.9,8.4,21.0,31.3,37.2,43.4,51.1,57.9,51.3,43.6,37.0,30.3,20.2,13.5,30.7,36.9,43.1,54.0,43.1,36.8,30.6,-43.3,-22.9,-2.7,17.1,35.7,51.5,64.0,72.5,74.3,71.2,60.8,46.9,30.3,11.8,-7.4,-27.1,-47.1,-53.8,-61.3,-63.0,-60.7,-56.1,-58.0,-63.9,-67.4,-67.2,-61.1,-42.7,-29.7,-16.9,-4.1,4.3,6.6,8.5,6.3,3.5,-40.7,-45.6,-45.6,-39.5,-36.9,-36.6,-41.4,-48.6,-49.2,-45.1,-40.4,-39.7,30.7,26.0,23.1,24.8,22.8,25.4,29.3,37.4,40.7,41.6,41.1,38.2,30.9,29.3,29.8,28.9,30.0,31.1,32.1,31.6,673.4,677.4,682.1,685.0,684.9,682.4,676.9,669.5,669.4,679.1,694.1,706.2,711.1,710.2,708.1,706.0,705.2,641.1,635.3,631.3,628.3,627.2,635.5,643.3,652.4,662.1,672.3,633.6,628.0,621.8,616.2,632.1,631.2,631.2,634.7,638.9,641.7,638.9,639.7,641.6,640.1,639.4,652.5,655.0,659.3,666.0,659.9,655.6,649.1,639.2,635.9,637.4,639.7,648.8,662.2,650.8,643.5,640.7,639.5,641.8,647.0,639.1,640.0,643.0,658.1,642.9,639.9,639.1,0.597,0.206,-0.261,0.018,269.35,185.763,-8.137,10.841,-14.105,19.337,4.819,1.634,-4.214,2.774,3.873,-2.71,0.376,1.388,0.223,-2.03,-0.503,-0.364,0.35,1.255,-1.116,-0.582,0.526,-0.402,-0.215,-0.496,0.153,0.053,0.139,0.054,-0.113,-0.012,-0.021,0.001,0.011,-0.002,0.35,0.0,0.0,0.49,0.0,0.0,0.0,0.0,0.0,0.45,0.0,0.0,0.0,0.0,0.0,0.0,0.0,0.0,1.0,0.0,0.0,0.0,0.0,0.0,0.0,0.0,0.0,0.0,0.0,0.0,0.0,0.0,0.0,1.0,0.0
PP133,g1,3923,0,0.975,0.209532,0.195378,-0.958083,0.053808,0.192838,-0.979754,0.135,0.198,246.9,248.2,251.5,254.6,256.0,254.8,251.4,248.2,242.5,244.6,247.5,251.0,254.5,257.1,258.9,256.8,253.9,250.6,247.4,244.6,250.0,251.4,252.8,253.4,252.8,251.4,250.0,249.4,284.6,285.4,288.2,291.1,292.6,291.7,289.0,285.8,281.5,283.4,286.1,289.4,292.3,294.3,295.4,294.4,292.5,290.0,287.0,283.9,287.2,288.5,289.7,290.1,289.5,288.2,287.0,286.6,161.6,158.4,157.0,158.4,161.7,165.2,166.3,164.9,163.1,161.3,160.1,159.5,160.2,161.7,163.8,165.0,165.4,165.6,165.3,164.5,163.2,163.8,163.2,161.7,160.3,159.7,160.3,161.7,160.8,157.6,156.1,157.2,160.3,163.5,165.0,164.1,163.1,160.9,159.2,158.4,158.8,159.8,161.5,163.0,163.9,164.4,164.4,164.1,162.1,162.5,161.9,160.5,159.2,158.7,159.3,160.7,-4.0,-2.3,1.9,6.0,7.7,6.3,1.8,-2.3,-9.8,-7.1,-3.3,1.3,5.9,9.3,11.6,8.9,5.0,0.8,-3.3,-7.0,0.0,1.8,3.7,4.4,3.7,1.9,0.0,-0.7,46.4,47.7,51.5,55.7,57.7,56.4,52.6,48.1,42.4,44.9,48.4,52.9,57.1,60.2,62.2,60.4,57.5,53.9,49.7,45.5,50.2,52.0,53.7,54.3,53.4,51.6,49.9,49.4,-33.6,-37.9,-39.7,-37.9,-33.6,-29.0,-27.6,-29.4,-32.0,-34.2,-35.6,-36.3,-35.5,-33.6,-30.9,-29.3,-28.7,-28.4,-28.8,-30.0,-31.7,-30.9,-31.7,-33.6,-35.4,-36.2,-35.4,-33.6,-35.9,-40.3,-42.4,-41.0,-36.9,-32.5,-30.4,-31.5,-32.8,-35.8,-38.0,-39.2,-38.9,-37.7,-35.6,-33.3,-31.9,-31.1,-31.1,-31.4,-34.3,-33.7,-34.6,-36.5,-38.3,-39.0,-38.0,-36.1,508.1,508.5,508.8,508.7,508.3,508.0,507.5,507.7,512.1,509.6,507.3,506.3,507.0,508.5,510.2,508.6,506.9,506.5,507.5,509.6,508.8,508.7,508.8,509.0,509.2,509.2,509.1,508.9,524.8,525.7,527.4,528.8,529.1,528.2,526.5,525.2,525.2,524.4,524.3,525.3,528.1,531.7,535.1,531.8,528.5,525.9,524.7,524.7,526.9,527.5,528.2,528.7,528.5,527.9,527.2,526.8,33.0,-2.3,650.1,0.22,-0.196,0.014,221.7,222.1,223.7,226.4,231.2,238.7,248.0,258.6,269.2,277.8,283.9,289.5,294.5,298.1,300.6,302.3,302.8,233.0,239.8,248.6,257.4,265.3,280.5,287.0,293.2,299.2,302.8,273.1,274.2,275.4,276.6,264.9,269.4,273.9,277.9,281.3,242.4,247.8,254.1,259.1,253.9,247.6,281.5,286.4,291.9,295.6,292.4,287.0,255.2,263.0,269.5,273.1,276.8,281.1,284.5,281.0,276.7,272.7,268.7,262.4,258.2,269.0,272.7,276.5,282.4,276.4,272.7,268.9,162.2,173.9,185.5,196.6,207.1,216.2,223.6,229.2,230.3,227.9,221.2,213.0,203.9,193.9,183.4,172.6,161.6,154.9,150.2,149.0,150.3,153.2,152.5,149.3,147.7,148.4,152.4,161.8,169.7,177.5,185.5,190.6,192.0,193.2,191.8,190.1,163.0,160.0,160.1,163.9,165.4,165.5,163.2,159.0,158.8,161.5,164.1,164.4,205.8,203.5,201.9,202.9,201.7,203.0,204.8,210.1,212.4,213.0,212.8,210.8,206.1,205.6,205.9,205.3,205.3,206.6,207.3,207.0,-48.8,-48.4,-45.9,-41.5,-33.0,-19.7,-3.5,14.8,33.0,48.5,60.4,71.6,81.2,87.7,91.9,94.8,95.6,-27.9,-16.6,-2.3,11.9,24.6,49.6,60.8,72.2,83.4,90.9,37.5,38.9,40.5,42.0,24.2,31.5,38.8,45.4,51.3,-12.5,-3.6,6.7,14.9,6.3,-4.0,52.6,61.0,70.8,77.7,71.7,62.0,8.6,21.3,31.8,37.7,43.9,51.8,58.7,51.9,44.1,37.3,30.6,20.4,13.6,31.2,37.3,43.7,54.8,43.6,37.3,31.0,-43.7,-23.6,-3.6,16.0,34.5,50.2,62.8,71.6,73.6,70.4,60.0,46.3,29.9,11.6,-7.4,-27.0,-46.9,-53.5,-60.7,-62.3,-59.8,-55.1,-56.9,-62.9,-66.4,-66.3,-60.3,-41.6,-28.7,-15.9,-3.1,5.0,7.3,9.2,7.1,4.3,-40.3,-45.0,-44.9,-38.7,-36.3,-36.0,-40.6,-47.8,-48.5,-44.4,-39.6,-38.8,30.6,26.2,23.5,25.2,23.2,25.8,29.3,37.7,41.1,42.0,41.5,38.4,30.9,29.7,30.2,29.3,30.1,31.5,32.5,32.0,674.2,678.3,683.1,686.3,686.5,684.2,678.9,671.6,671.6,681.2,696.0,707.9,712.8,711.9,709.8,707.7,706.7,641.2,635.3,631.3,628.1,627.0,635.1,642.8,652.0,661.7,672.1,633.7,628.4,622.6,617.3,633.2,632.5,632.5,635.9,639.9,642.1,639.1,639.9,641.9,640.5,639.7,652.6,654.9,659.2,666.1,660.0,655.8,650.8,640.7,637.3,638.7,641.0,650.3,664.0,652.7,645.3,642.6,641.4,643.8,648.8,640.6,641.5,644.4,659.9,644.5,641.6,640.8,0.596,0.227,-0.258,0.028,269.764,185.919,-6.196,9.502,-13.447,16.778,6.03,1.003,-3.841,3.152,3.719,-1.793,0.31,1.436,0.377,-1.814,-0.798,-0.046,0.422,1.199,-0.944,-0.58,0.582,-0.362,-0.136,-0.23,0.185,-0.065,0.111,0.045,-0.095,-0.001,-0.01,0.008,0.011,-0.001,0.35,0.0,0.0,0.57,0.0,0.0,0.0,0.0,0.0,0.31,0.0,0.0,0.0,0.0,0.0,0.0,0.0,0.0,1.0,0.0,1.0,0.0,0.0,0.0,0.0,0.0,0.0,0.0,0.0,0.0,0.0,0.0,0.0,1.0,0.0
PP133,g1,3929,0,0.975,0.21297,0.191627,-0.958083,0.058167,0.189147,-0.980224,0.139,0.194,248.0,249.3,252.5,255.7,257.0,255.9,252.5,249.3,243.6,245.7,248.6,252.1,255.6,258.2,260.0,257.9,255.0,251.7,248.6,245.7,251.1,252.5,253.9,254.5,253.9,252.5,251.1,250.5,285.5,286.4,289.1,292.0,293.5,292.6,289.9,286.7,282.5,284.4,287.0,290.3,293.2,295.1,296.3,295.3,293.4,290.9,288.0,284.9,288.2,289.5,290.7,291.0,290.4,289.1,287.9,287.5,161.7,158.4,157.1,158.4,161.7,165.2,166.3,164.9,163.1,161.3,160.1,159.6,160.2,161.7,163.8,165.0,165.4,165.6,165.3,164.6,163.2,163.8,163.2,161.8,160.4,159.8,160.3,161.8,160.8,157.6,156.2,157.3,160.3,163.5,165.0,164.1,163.1,160.9,159.3,158.4,158.8,159.9,161.6,163.1,164.0,164.4,164.4,164.1,162.1,162.6,162.0,160.6,159.2,158.7,159.4,160.8,-2.6,-0.9,3.3,7.5,9.2,7.7,3.3,-0.9,-8.4,-5.7,-1.8,2.8,7.3,10.7,13.1,10.3,6.5,2.3,-1.9,-5.6,1.5,3.3,5.1,5.9,5.1,3.3,1.5,0.7,48.0,49.2,53.1,57.2,59.2,57.9,54.1,49.6,43.9,46.4,50.0,54.5,58.7,61.8,63.7,61.9,59.0,55.4,51.2,47.1,51.8,53.6,55.3,55.8,55.0,53.1,51.5,50.9,-33.7,-38.0,-39.8,-38.0,-33.7,-29.1,-27.7,-29.4,-32.0,-34.3,-35.7,-36.4,-35.6,-33.7,-31.0,-29.4,-28.8,-28.5,-28.9,-30.0,-31.8,-31.0,-31.8,-33.7,-35.5,-36.3,-35.5,-33.7,-36.0,-40.4,-42.5,-41.1,-37.0,-32.6,-30.5,-31.6,-32.9,-35.9,-38.1,-39.3,-39.0,-37.8,-35.6,-33.4,-32.0,-31.2,-31.2,-31.6,-34.4,-33.8,-34.7,-36.6,-38.4,-39.1,-38.1,-36.2,510.0,510.5,510.7,510.7,510.2,510.0,509.5,509.6,514.0,511.4,509.2,508.2,509.0,510.5,512.2,510.5,508.9,508.4,509.4,511.5,510.7,510.7,510.8,511.0,511.2,511.2,511.1,510.9,527.5,528.5,530.2,531.6,531.9,531.0,529.3,528.0,527.9,527.1,527.0,528.1,530.9,534.5,537.9,534.6,531.2,528.7,527.5,527.4,529.7,530.3,531.0,531.4,531.3,530.7,529.9,529.5,34.8,-2.3,650.9,0.214,-0.203,0.014,222.6,223.0,224.6,227.2,232.0,239.5,248.8,259.5,270.2,278.8,284.8,290.4,295.3,298.9,301.3,303.0,303.5,234.1,240.9,249.7,258.5,266.4,281.5,288.0,294.2,300.1,303.7,274.2,275.3,276.6,277.8,266.1,270.6,275.1,279.0,282.4,243.5,248.9,255.1,260.1,254.9,248.7,282.5,287.4,292.8,296.4,293.3,287.9,256.4,264.3,270.7,274.2,277.9,282.2,285.5,282.1,277.9,273.9,269.9,263.7,259.4,270.2,273.9,277.6,283.5,277.6,273.9,270.1,162.5,174.1,185.6,196.6,207.0,216.1,223.5,229.0,230.2,227.8,221.2,213.1,203.9,193.9,183.5,172.7,161.7,155.0,150.3,149.0,150.3,153.2,152.6,149.4,147.8,148.5,152.6,161.9,169.7,177.4,185.4,190.5,192.0,193.1,191.8,190.1,163.1,160.0,160.1,163.9,165.4,165.5,163.3,159.0,158.8,161.5,164.1,164.4,205.8,203.5,201.9,202.9,201.6,203.0,204.8,209.9,212.2,212.8,212.6,210.7,206.1,205.6,205.8,205.3,205.3,206.5,207.1,206.8,-47.3,-46.9,-44.5,-40.1,-31.6,-18.4,-2.1,16.4,34.7,50.2,62.1,73.3,82.8,89.3,93.4,96.3,97.1,-26.1,-14.8,-0.5,13.7,26.4,51.3,62.6,73.9,85.1,92.5,39.3,40.8,42.4,44.0,26.1,33.4,40.7,47.3,53.1,-10.7,-1.8,8.4,16.6,8.1,-2.1,54.4,62.7,72.4,79.4,73.3,63.7,10.6,23.4,33.8,39.7,45.9,53.7,60.5,53.7,46.1,39.3,32.7,22.5,15.7,33.1,39.3,45.6,56.6,45.5,39.2,33.0,-43.2,-23.2,-3.4,16.0,34.4,50.0,62.6,71.4,73.5,70.4,60.1,46.4,30.1,11.8,-7.4,-26.9,-46.8,-53.4,-60.6,-62.2,-59.8,-55.1,-56.9,-62.9,-66.4,-66.2,-60.2,-41.6,-28.7,-16.1,-3.4,4.9,7.2,9.0,7.0,4.2,-40.2,-45.0,-44.9,-38.8,-36.3,-36.0,-40.6,-47.8,-48.5,-44.4,-39.6,-38.8,30.6,26.2,23.4,25.1,23.2,25.8,29.4,37.5,40.9,41.7,41.2,38.2,30.8,29.7,30.1,29.3,30.1,31.3,32.3,31.8,674.5,678.4,683.0,686.2,686.4,684.1,678.8,671.6,671.8,681.6,696.8,709.0,714.2,713.6,711.6,709.5,708.6,641.8,635.9,632.0,629.0,628.0,636.3,644.1,653.4,663.2,673.6,634.7,629.3,623.4,618.0,633.7,633.1,633.2,636.6,640.7,642.7,639.8,640.6,642.8,641.2,640.4,653.7,656.1,660.5,667.4,661.3,656.9,651.0,641.0,637.7,639.2,641.6,650.9,664.6,653.2,645.7,642.9,641.7,644.0,649.0,641.0,642.0,645.0,660.5,644.9,641.9,641.1,0.596,0.221,-0.268,0.028,270.794,185.917,-4.686,8.84,-13.913,16.33,5.575,0.882,-3.799,3.147,3.938,-1.353,0.404,1.235,0.402,-2.142,-0.733,-0.233,0.505,1.066,-0.871,-0.6,0.545,-0.289,-0.2,-0.235,0.299,-0.042,0.071,0.058,-0.098,0.001,-0.023,0.005,0.011,0.003,0.3,0.0,0.0,0.69,0.0,0.0,0.04,0.0,0.0,0.21,0.0,0.0,0.0,0.0,0.0,0.0,0.0,0.0,1.0,0.0,1.0,0.0,0.0,0.0,0.0,0.0,0.0,0.0,0.0,0.0,0.0,0.0,0.0,1.0,0.0
PP133,g1,3935,0,0.975,0.21515,0.183316,-0.959221,0.063306,0.181126,-0.98142,0.143,0.186,249.2,250.5,253.7,256.9,258.2,257.1,253.7,250.6,244.8,246.9,249.8,253.3,256.8,259.4,261.1,259.1,256.2,253.0,249.8,246.9,252.3,253.7,255.1,255.7,255.1,253.7,252.3,251.7,286.6,287.5,290.2,293.1,294.5,293.7,291.0,287.8,283.6,285.5,288.1,291.4,294.2,296.2,297.3,296.3,294.5,292.0,289.0,286.0,289.3,290.5,291.7,292.1,291.5,290.2,289.0,288.6,161.2,157.9,156.6,157.9,161.2,164.7,165.8,164.4,162.7,160.9,159.6,159.1,159.7,161.2,163.3,164.4,164.9,165.1,164.8,164.1,162.7,163.3,162.7,161.3,159.8,159.3,159.9,161.3,160.3,157.2,155.7,156.8,159.9,163.0,164.5,163.6,162.6,160.4,158.8,157.9,158.3,159.4,161.2,162.6,163.5,163.9,163.9,163.6,161.6,162.1,161.5,160.1,158.7,158.3,158.9,160.3,-1.0,0.7,4.9,9.0,10.8,9.3,4.9,0.7,-6.8,-4.1,-0.3,4.3,8.9,12.3,14.7,11.9,8.1,3.8,-0.3,-4.0,3.0,4.9,6.7,7.4,6.7,4.9,3.0,2.3,49.7,51.0,54.8,58.9,61.0,59.7,55.8,51.4,45.6,48.2,51.7,56.2,60.4,63.5,65.5,63.7,60.8,57.1,53.0,48.8,53.5,55.3,57.0,57.6,56.7,54.9,53.2,52.6,-34.4,-38.7,-40.5,-38.8,-34.5,-29.9,-28.4,-30.2,-32.7,-35.0,-36.4,-37.1,-36.3,-34.5,-31.8,-30.2,-29.5,-29.2,-29.6,-30.7,-32.5,-31.7,-32.5,-34.4,-36.3,-37.0,-36.3,-34.4,-36.9,-41.3,-43.4,-42.0,-37.8,-33.4,-31.4,-32.5,-33.8,-36.8,-39.0,-40.2,-39.8,-38.6,-36.5,-34.2,-32.8,-32.1,-32.1,-32.4,-35.3,-34.7,-35.6,-37.5,-39.3,-39.9,-39.0,-37.1,511.2,511.7,512.0,511.9,511.5,511.2,510.7,510.8,515.1,512.7,510.4,509.4,510.2,511.7,513.5,511.7,510.1,509.6,510.6,512.7,511.9,511.9,512.0,512.2,512.4,512.4,512.3,512.1,530.2,531.2,532.9,534.4,534.7,533.6,531.9,530.6,530.5,529.8,529.7,530.9,533.7,537.3,540.6,537.3,533.9,531.4,530.1,530.1,532.3,533.0,533.7,534.1,534.0,533.4,532.6,532.2,36.8,-3.0,650.5,0.197,-0.211,0.012,223.7,224.1,225.7,228.3,233.1,240.5,249.9,260.8,271.5,280.1,286.1,291.5,296.2,299.7,302.1,303.8,304.3,235.4,242.1,250.9,259.8,267.6,282.7,289.0,295.2,301.1,304.6,275.4,276.6,277.9,279.2,267.4,272.0,276.5,280.4,283.7,244.7,250.1,256.3,261.3,256.2,249.9,283.6,288.4,293.9,297.4,294.4,289.0,257.9,265.8,272.2,275.7,279.4,283.6,286.8,283.6,279.4,275.5,271.5,265.2,261.0,271.7,275.4,279.0,284.8,279.1,275.4,271.6,162.3,173.9,185.4,196.5,206.9,216.0,223.4,229.0,230.1,227.8,221.2,213.1,204.0,193.9,183.4,172.6,161.6,154.5,149.8,148.5,149.8,152.6,152.0,148.8,147.3,148.0,152.2,161.2,169.0,176.7,184.6,189.9,191.3,192.4,191.1,189.4,162.6,159.6,159.6,163.4,164.9,165.0,162.7,158.5,158.4,161.1,163.6,163.9,205.5,203.0,201.3,202.3,201.0,202.4,204.4,209.4,211.7,212.3,212.0,210.2,205.7,205.1,205.3,204.7,204.9,205.9,206.5,206.3,-45.3,-44.9,-42.5,-38.1,-29.7,-16.5,-0.2,18.5,37.0,52.5,64.3,75.2,84.4,90.8,94.9,97.8,98.5,-24.0,-12.8,1.5,15.7,28.4,53.3,64.5,75.7,86.8,94.2,41.3,42.8,44.5,46.2,28.3,35.6,42.9,49.5,55.3,-8.7,0.2,10.4,18.6,10.1,-0.1,56.3,64.6,74.3,81.2,75.2,65.6,13.1,25.8,36.1,42.0,48.2,55.9,62.6,56.0,48.5,41.8,35.2,25.1,18.2,35.5,41.7,47.9,58.7,47.9,41.6,35.4,-43.5,-23.6,-3.7,15.7,34.1,49.8,62.3,71.1,73.1,70.2,60.0,46.5,30.1,11.7,-7.5,-27.1,-47.0,-54.1,-61.4,-63.2,-60.8,-56.1,-57.9,-63.9,-67.4,-67.1,-61.0,-42.7,-29.9,-17.3,-4.7,3.9,6.2,8.0,5.9,3.1,-41.0,-45.8,-45.8,-39.7,-37.2,-36.8,-41.5,-48.7,-49.3,-45.2,-40.5,-39.8,30.0,25.3,22.4,24.1,22.2,24.9,28.7,36.6,39.9,40.7,40.2,37.4,30.2,28.8,29.2,28.4,29.4,30.3,31.2,30.7,673.7,677.4,681.9,684.8,685.0,682.6,677.2,670.0,670.3,680.4,696.0,708.6,714.2,713.7,711.8,709.8,709.0,641.6,635.9,632.2,629.4,628.6,637.2,645.1,654.4,664.3,674.6,635.1,629.5,623.4,617.8,633.3,632.7,632.8,636.4,640.6,642.5,639.8,640.8,642.9,641.2,640.3,654.3,656.8,661.4,668.3,662.0,657.6,649.7,639.8,636.8,638.4,640.8,650.1,663.8,652.1,644.6,641.7,640.3,642.5,647.7,640.0,641.0,644.1,659.6,643.9,640.9,639.9,0.596,0.205,-0.28,0.026,272.034,185.488,-4.225,8.915,-14.583,16.796,4.014,0.625,-3.881,3.595,3.998,-1.867,0.374,1.214,0.129,-2.076,-0.483,-0.228,0.383,1.153,-0.755,-0.572,0.618,-0.226,-0.211,-0.441,0.275,0.012,0.082,0.065,-0.112,-0.006,-0.022,-0.005,0.008,0.003,0.16,0.0,0.0,0.43,0.0,0.0,0.0,0.0,0.0,0.28,0.0,0.0,0.0,0.0,0.0,0.0,0.0,0.0,1.0,0.0,1.0,0.0,0.0,0.0,0.0,0.0,0.0,0.0,0.0,0.0,0.0,0.0,0.0,1.0,0.0
PP133,g1,3941,0,0.975,0.216527,0.183761,-0.958826,0.064992,0.180168,-0.981486,0.144,0.185,250.0,251.4,254.6,257.7,259.0,257.9,254.5,251.3,245.6,247.7,250.6,254.2,257.6,260.2,261.9,259.9,256.9,253.7,250.6,247.7,253.1,254.5,255.9,256.5,255.9,254.5,253.1,252.6,287.3,288.2,290.9,293.8,295.2,294.3,291.6,288.5,284.3,286.2,288.9,292.1,294.9,296.9,297.9,296.9,295.1,292.7,289.7,286.7,289.9,291.2,292.4,292.8,292.2,290.9,289.7,289.3,160.7,157.4,156.1,157.5,160.7,164.2,165.3,163.9,162.1,160.3,159.1,158.6,159.2,160.7,162.9,164.0,164.4,164.6,164.3,163.5,162.2,162.8,162.2,160.8,159.4,158.8,159.4,160.8,160.2,157.0,155.6,156.8,159.8,163.0,164.4,163.5,162.4,160.3,158.7,157.9,158.3,159.4,161.2,162.6,163.4,163.8,163.8,163.4,161.5,162.0,161.4,160.0,158.7,158.2,158.8,160.2,0.1,1.8,6.0,10.1,11.8,10.4,5.9,1.7,-5.8,-3.0,0.8,5.4,10.0,13.4,15.7,12.9,9.1,4.9,0.7,-3.0,4.1,5.9,7.7,8.5,7.8,5.9,4.1,3.3,50.8,52.1,56.0,60.1,62.1,60.7,56.9,52.4,46.7,49.3,52.8,57.4,61.5,64.6,66.5,64.7,61.8,58.2,54.0,49.9,54.6,56.4,58.1,58.7,57.8,56.0,54.3,53.7,-35.2,-39.4,-41.2,-39.4,-35.1,-30.5,-29.1,-30.9,-33.5,-35.7,-37.1,-37.8,-36.9,-35.1,-32.4,-30.8,-30.2,-29.9,-30.3,-31.5,-33.2,-32.4,-33.2,-35.1,-36.9,-37.7,-36.9,-35.1,-37.2,-41.5,-43.6,-42.1,-38.0,-33.6,-31.6,-32.7,-34.1,-37.0,-39.2,-40.4,-40.0,-38.7,-36.5,-34.3,-33.0,-32.3,-32.3,-32.7,-35.5,-34.9,-35.8,-37.7,-39.5,-40.1,-39.2,-37.3,511.5,512.1,512.4,512.3,511.9,511.6,511.0,511.1,515.5,513.0,510.8,509.8,510.6,512.1,513.9,512.1,510.5,510.0,510.9,513.0,512.3,512.2,512.4,512.6,512.8,512.8,512.7,512.4,531.6,532.6,534.4,535.8,536.1,535.1,533.3,532.0,531.9,531.2,531.1,532.3,535.1,538.7,542.1,538.8,535.4,532.8,531.5,531.5,533.7,534.4,535.1,535.6,535.4,534.8,534.1,533.6,37.6,-3.5,649.8,0.195,-0.213,0.021,224.3,224.5,226.0,228.5,233.3,240.8,250.1,260.9,271.6,280.2,286.1,291.5,296.3,300.0,302.4,304.3,304.8,236.1,243.0,251.9,260.7,268.6,283.6,289.9,296.1,301.9,305.3,276.2,277.4,278.7,279.9,268.0,272.5,277.1,281.0,284.3,245.5,250.9,257.2,262.1,256.9,250.7,284.3,289.2,294.6,298.1,295.0,289.7,258.2,266.2,272.6,276.2,279.8,284.0,287.1,283.9,279.7,275.8,271.8,265.6,261.3,272.1,275.8,279.5,285.1,279.5,275.8,272.0,161.6,173.4,184.9,196.1,206.7,215.8,223.3,228.9,230.1,227.8,221.3,213.2,204.1,194.0,183.5,172.7,161.7,153.9,149.1,147.9,149.3,152.2,151.7,148.7,147.2,148.1,152.3,160.9,168.6,176.3,184.2,189.5,191.0,192.1,190.8,189.2,162.0,159.0,159.1,163.0,164.4,164.5,162.5,158.4,158.3,161.1,163.6,163.8,205.1,202.6,200.9,202.0,200.7,202.2,204.3,209.3,211.4,212.0,211.8,209.9,205.3,204.7,205.0,204.4,204.7,205.6,206.3,206.0,-44.4,-44.1,-41.8,-37.6,-29.2,-16.1,0.1,18.7,37.1,52.5,64.3,75.3,84.6,91.2,95.5,98.5,99.5,-22.7,-11.4,3.0,17.2,29.9,54.7,65.9,77.2,88.3,95.5,42.6,44.1,45.7,47.3,29.1,36.5,43.8,50.4,56.2,-7.4,1.6,11.7,19.9,11.4,1.1,57.4,65.9,75.5,82.3,76.3,66.7,13.6,26.5,36.8,42.7,48.9,56.5,63.0,56.5,49.0,42.3,35.7,25.6,18.7,36.1,42.3,48.5,59.2,48.5,42.3,36.0,-44.6,-24.5,-4.4,15.1,33.5,49.3,61.9,70.8,72.9,70.1,60.1,46.6,30.3,11.9,-7.3,-26.9,-46.9,-55.2,-62.4,-64.0,-61.6,-56.7,-58.3,-64.1,-67.5,-67.1,-60.8,-43.2,-30.4,-17.8,-5.2,3.3,5.6,7.5,5.4,2.7,-41.8,-46.6,-46.5,-40.3,-37.9,-37.7,-41.8,-48.9,-49.3,-45.2,-40.5,-39.9,29.3,24.6,21.8,23.6,21.7,24.5,28.5,36.3,39.5,40.2,39.7,36.8,29.5,28.2,28.6,27.9,29.1,29.9,30.8,30.2,672.9,676.6,680.9,683.7,683.8,681.4,676.0,668.8,669.3,679.5,695.2,707.8,713.4,713.0,711.2,709.4,708.7,640.8,635.2,631.6,628.9,628.2,636.9,645.0,654.4,664.5,674.9,634.7,629.1,622.9,617.2,632.4,631.8,632.0,635.7,640.0,641.7,639.0,640.1,642.3,640.5,639.5,654.0,656.6,661.2,668.1,661.8,657.3,648.6,638.9,636.0,637.6,640.1,649.4,663.2,651.4,643.7,640.8,639.4,641.5,646.7,639.1,640.2,643.3,658.9,643.1,640.0,639.1,0.596,0.202,-0.284,0.035,272.559,185.237,-4.426,9.779,-14.195,16.858,4.078,0.701,-3.817,3.044,3.845,-2.262,0.379,1.105,0.048,-2.04,-0.374,-0.317,0.365,0.835,-0.764,-0.61,0.633,-0.264,-0.344,-0.492,0.214,0.071,0.09,0.073,-0.113,-0.004,-0.019,-0.003,0.013,-0.003,0.32,0.0,0.0,0.68,0.0,0.0,0.0,0.0,0.0,0.16,0.0,0.0,0.0,0.0,0.0,0.0,0.0,0.0,1.0,0.0,1.0,0.0,0.0,0.0,0.0,0.0,0.0,0.0,0.0,0.0,0.0,0.0,0.0,1.0,0.0
PP133,g1,3947,0,0.975,0.216287,0.192649,-0.957135,0.060123,0.187027,-0.980513,0.142,0.193,250.1,251.5,254.7,257.8,259.1,257.9,254.5,251.4,245.7,247.8,250.7,254.3,257.7,260.2,261.9,259.9,257.0,253.7,250.6,247.7,253.2,254.5,255.9,256.5,256.0,254.6,253.2,252.6,287.4,288.4,291.1,293.9,295.3,294.4,291.7,288.5,284.4,286.3,289.0,292.2,295.0,297.0,298.0,297.0,295.2,292.7,289.8,286.7,290.0,291.3,292.5,292.9,292.3,291.0,289.8,289.4,160.2,156.9,155.7,157.1,160.3,163.8,164.8,163.4,161.5,159.8,158.6,158.1,158.8,160.4,162.5,163.6,164.0,164.1,163.8,163.0,161.7,162.3,161.8,160.4,159.0,158.3,158.9,160.3,160.1,157.0,155.6,156.8,159.9,163.0,164.4,163.4,162.3,160.2,158.6,157.9,158.3,159.4,161.2,162.7,163.5,163.8,163.7,163.4,161.5,162.0,161.4,160.0,158.7,158.2,158.8,160.1,0.1,2.0,6.2,10.3,11.9,10.4,5.9,1.8,-5.7,-2.9,1.0,5.6,10.1,13.4,15.7,12.9,9.1,4.9,0.8,-3.0,4.1,6.0,7.8,8.6,7.9,6.1,4.2,3.4,51.0,52.3,56.2,60.3,62.3,60.9,57.0,52.5,46.8,49.4,53.0,57.6,61.7,64.8,66.7,64.9,61.9,58.3,54.1,50.0,54.7,56.5,58.2,58.8,58.0,56.2,54.5,53.9,-35.9,-40.1,-41.8,-40.0,-35.6,-31.1,-29.7,-31.6,-34.3,-36.5,-37.8,-38.4,-37.5,-35.6,-32.9,-31.3,-30.8,-30.6,-31.1,-32.2,-33.9,-33.1,-33.8,-35.7,-37.5,-38.4,-37.6,-35.8,-37.3,-41.6,-43.6,-42.1,-38.0,-33.6,-31.6,-32.8,-34.3,-37.2,-39.3,-40.4,-40.0,-38.7,-36.5,-34.3,-33.0,-32.3,-32.4,-32.8,-35.6,-34.9,-35.8,-37.7,-39.5,-40.2,-39.3,-37.4,512.4,513.0,513.3,513.3,512.9,512.6,512.0,512.0,516.3,513.9,511.7,510.8,511.6,513.1,514.9,513.1,511.4,510.9,511.8,513.9,513.2,513.2,513.3,513.6,513.7,513.8,513.6,513.4,532.1,533.1,534.8,536.3,536.6,535.6,533.8,532.5,532.4,531.7,531.6,532.8,535.6,539.2,542.5,539.2,535.9,533.3,532.0,532.0,534.2,534.9,535.6,536.1,535.9,535.3,534.5,534.1,37.2,-4.1,652.4,0.209,-0.209,0.036,224.3,224.4,225.7,228.1,232.7,240.1,249.3,260.0,270.6,279.1,285.2,290.9,295.9,299.7,302.3,304.2,304.9,236.3,243.3,252.1,261.0,268.8,283.7,290.1,296.3,302.1,305.5,276.3,277.3,278.4,279.5,267.6,272.1,276.5,280.5,283.8,245.5,251.0,257.2,262.1,256.9,250.7,284.4,289.3,294.7,298.2,295.1,289.7,257.3,265.3,271.9,275.4,279.1,283.3,286.5,283.0,278.8,274.8,270.8,264.5,260.4,271.3,275.0,278.7,284.4,278.6,274.9,271.1,160.8,172.4,184.0,195.1,205.6,214.8,222.3,227.9,229.2,227.0,220.5,212.6,203.6,193.7,183.2,172.6,161.6,153.2,148.5,147.4,148.9,151.9,151.6,148.6,147.2,148.1,152.3,160.7,168.5,176.1,184.0,189.1,190.6,191.8,190.6,189.0,161.5,158.6,158.7,162.6,164.0,164.0,162.5,158.4,158.4,161.1,163.6,163.7,204.4,202.0,200.5,201.6,200.4,201.9,204.0,209.0,211.2,211.7,211.4,209.3,204.6,204.3,204.6,204.1,204.4,205.4,206.0,205.6,-44.4,-44.4,-42.5,-38.5,-30.3,-17.3,-1.2,17.1,35.4,50.9,62.9,74.3,84.1,91.0,95.6,98.8,100.0,-22.5,-11.0,3.4,17.7,30.4,55.1,66.5,77.8,88.9,96.2,42.8,44.1,45.5,46.8,28.6,35.8,43.1,49.8,55.6,-7.3,1.7,11.9,19.9,11.4,1.2,57.7,66.2,75.9,82.7,76.6,67.0,12.2,25.2,35.8,41.7,48.0,55.6,62.2,55.4,47.6,40.9,34.2,24.0,17.3,35.0,41.2,47.5,58.3,47.4,41.0,34.7,-46.2,-26.2,-6.1,13.4,31.9,47.7,60.4,69.5,71.8,69.0,59.0,45.6,29.5,11.3,-7.8,-27.2,-47.1,-56.5,-63.6,-65.0,-62.4,-57.4,-58.8,-64.5,-67.7,-67.2,-60.9,-43.6,-30.8,-18.2,-5.6,2.6,5.0,7.0,5.1,2.5,-42.9,-47.5,-47.3,-41.0,-38.7,-38.6,-42.1,-49.1,-49.5,-45.2,-40.6,-40.1,28.2,23.8,21.2,23.1,21.3,24.1,28.1,36.1,39.2,39.9,39.3,36.0,28.5,27.5,28.1,27.5,28.7,29.6,30.5,29.8,675.1,678.8,683.3,686.2,686.3,684.0,678.8,671.8,672.3,682.3,697.6,709.9,715.3,714.9,713.3,711.8,711.2,642.9,637.4,633.8,631.0,630.2,638.9,647.0,656.4,666.4,676.7,636.9,631.4,625.4,619.9,635.0,634.5,634.7,638.3,642.4,643.9,641.1,642.2,644.4,642.6,641.6,656.0,658.6,663.1,670.0,663.7,659.3,651.6,642.0,638.9,640.4,643.0,652.3,666.1,654.6,647.0,644.0,642.7,644.8,649.8,642.0,643.2,646.2,662.0,646.2,643.1,642.2,0.594,0.214,-0.278,0.051,272.188,184.832,-6.018,9.51,-13.547,15.488,5.877,0.258,-3.919,2.126,3.638,-1.221,0.64,1.389,0.321,-1.831,-0.776,-0.184,0.353,1.001,-0.873,-0.7,0.588,-0.375,-0.174,-0.341,0.153,-0.104,0.102,0.074,-0.102,-0.003,-0.013,0.013,0.012,-0.004,0.34,0.03,0.0,0.25,0.0,0.0,0.0,0.0,0.0,0.36,0.0,0.0,0.0,0.0,0.0,0.0,0.0,0.0,1.0,0.0,0.0,0.0,0.0,0.0,0.0,0.0,0.0,0.0,0.0,0.0,0.0,0.0,0.0,1.0,0.0
PP133,g1,3953,0,0.975,0.217247,0.191701,-0.957107,0.060819,0.186301,-0.980608,0.143,0.193,248.9,250.3,253.5,256.7,257.9,256.8,253.3,250.2,244.5,246.6,249.6,253.1,256.5,259.1,260.8,258.7,255.8,252.6,249.4,246.6,252.0,253.4,254.8,255.4,254.8,253.4,252.0,251.4,286.3,287.2,289.9,292.8,294.2,293.3,290.6,287.4,283.2,285.2,287.8,291.1,293.9,295.9,297.0,295.9,294.1,291.6,288.6,285.6,288.9,290.2,291.4,291.8,291.2,289.9,288.7,288.3,159.9,156.7,155.4,156.8,160.1,163.5,164.6,163.1,161.3,159.5,158.3,157.8,158.5,160.1,162.2,163.4,163.7,163.9,163.5,162.7,161.4,162.1,161.5,160.1,158.7,158.1,158.6,160.0,159.8,156.6,155.2,156.4,159.5,162.6,164.0,163.1,162.0,159.8,158.2,157.5,157.9,159.0,160.8,162.3,163.1,163.5,163.4,163.0,161.1,161.6,161.0,159.6,158.3,157.8,158.4,159.8,-1.4,0.4,4.6,8.7,10.4,8.8,4.4,0.2,-7.3,-4.5,-0.6,4.0,8.5,11.9,14.2,11.4,7.6,3.4,-0.8,-4.5,2.6,4.4,6.3,7.0,6.3,4.5,2.7,1.9,49.2,50.6,54.5,58.6,60.5,59.1,55.2,50.8,45.1,47.7,51.3,55.8,60.0,63.1,65.0,63.1,60.2,56.6,52.4,48.3,53.0,54.8,56.5,57.1,56.3,54.5,52.8,52.2,-36.1,-40.4,-42.1,-40.2,-35.9,-31.3,-30.0,-31.8,-34.5,-36.7,-38.1,-38.7,-37.8,-35.9,-33.2,-31.6,-31.0,-30.8,-31.3,-32.5,-34.1,-33.3,-34.1,-35.9,-37.8,-38.6,-37.9,-36.0,-37.6,-42.0,-44.0,-42.5,-38.4,-34.0,-32.0,-33.2,-34.6,-37.5,-39.7,-40.8,-40.4,-39.1,-36.9,-34.7,-33.4,-32.7,-32.7,-33.2,-36.0,-35.3,-36.2,-38.1,-39.9,-40.6,-39.7,-37.8,510.7,511.3,511.6,511.6,511.1,510.9,510.3,510.3,514.6,512.2,510.0,509.1,509.9,511.4,513.2,511.4,509.7,509.2,510.1,512.2,511.5,511.5,511.6,511.8,512.0,512.0,511.9,511.7,530.1,531.1,532.8,534.2,534.5,533.5,531.8,530.5,530.4,529.7,529.6,530.7,533.5,537.1,540.5,537.2,533.8,531.3,530.0,530.0,532.2,532.8,533.6,534.0,533.9,533.3,532.5,532.1,35.4,-4.6,651.9,0.209,-0.209,0.034,223.2,223.4,224.8,227.2,231.8,239.2,248.4,259.0,269.6,278.1,284.2,289.9,294.9,298.7,301.3,303.2,303.9,235.1,242.0,250.9,259.8,267.7,282.4,288.9,295.1,301.0,304.5,275.1,276.1,277.3,278.4,266.5,271.0,275.5,279.4,282.8,244.4,249.9,256.1,260.9,255.8,249.5,283.2,288.1,293.6,297.1,294.0,288.6,256.3,264.3,270.8,274.4,278.1,282.3,285.5,282.1,277.8,273.8,269.8,263.6,259.4,270.2,274.0,277.7,283.5,277.7,273.9,270.1,160.5,172.2,183.7,194.9,205.4,214.4,221.9,227.5,228.9,226.7,220.3,212.3,203.3,193.4,182.9,172.1,161.1,153.0,148.3,147.2,148.6,151.6,151.3,148.2,146.8,147.7,152.0,160.4,168.1,175.8,183.7,188.8,190.3,191.5,190.3,188.7,161.2,158.3,158.4,162.4,163.7,163.7,162.1,158.0,158.0,160.8,163.2,163.4,204.1,201.8,200.2,201.3,200.2,201.6,203.6,208.7,210.8,211.3,211.0,209.0,204.4,204.0,204.3,203.8,204.1,205.1,205.6,205.3,-46.3,-46.2,-44.1,-40.1,-31.9,-18.9,-2.8,15.5,33.7,49.1,61.1,72.5,82.2,89.2,93.7,97.0,98.2,-24.6,-13.1,1.4,15.8,28.5,53.0,64.4,75.8,87.0,94.3,40.9,42.2,43.6,45.0,26.8,34.0,41.3,48.0,53.8,-9.3,-0.2,10.0,18.1,9.5,-0.7,55.7,64.3,73.9,80.7,74.7,65.1,10.5,23.5,34.0,40.0,46.3,53.9,60.5,53.7,46.0,39.3,32.6,22.4,15.6,33.3,39.5,45.8,56.7,45.7,39.4,33.0,-46.7,-26.6,-6.6,12.9,31.4,47.2,59.8,68.8,71.1,68.4,58.5,45.1,29.0,10.7,-8.4,-28.0,-48.0,-56.8,-63.9,-65.4,-62.8,-57.8,-59.2,-65.0,-68.3,-67.8,-61.4,-44.1,-31.3,-18.7,-6.0,2.2,4.6,6.5,4.6,2.0,-43.4,-48.0,-47.8,-41.5,-39.1,-39.0,-42.6,-49.7,-50.1,-45.8,-41.2,-40.6,27.7,23.4,20.8,22.6,20.8,23.6,27.5,35.4,38.6,39.2,38.6,35.5,28.0,27.1,27.7,27.0,28.1,29.0,29.8,29.2,675.1,678.7,683.1,686.0,686.1,683.8,678.5,671.5,671.9,681.8,697.1,709.5,715.0,714.7,713.2,711.6,711.1,643.0,637.2,633.5,630.6,629.7,638.3,646.2,655.7,665.8,676.2,636.4,630.8,624.8,619.3,634.6,634.0,634.2,637.8,641.9,643.7,641.0,642.0,644.1,642.4,641.4,655.5,658.0,662.5,669.5,663.2,658.8,651.3,641.6,638.5,640.0,642.5,651.8,665.6,654.0,646.4,643.4,642.1,644.4,649.4,641.6,642.7,645.7,661.5,645.6,642.6,641.7,0.595,0.213,-0.276,0.048,271.13,184.522,-4.927,8.729,-13.455,15.863,5.954,0.642,-3.801,2.212,3.734,-1.304,0.403,1.359,0.169,-1.737,-0.963,-0.169,0.397,0.838,-0.81,-0.717,0.588,-0.426,-0.227,-0.312,0.25,-0.107,0.071,0.07,-0.097,-0.0,-0.016,0.013,0.011,-0.007,0.33,0.0,0.0,0.78,0.0,0.0,0.0,0.0,0.0,0.17,0.0,0.0,0.0,0.0,0.0,0.0,0.0,0.0,1.0,0.0,1.0,0.0,0.0,0.0,0.0,0.0,0.0,0.0,0.0,0.0,0.0,0.0,0.0,1.0,0.0
PP133,g1,3959,0,0.975,0.212681,0.185918,-0.959271,0.057203,0.181645,-0.981699,0.138,0.187,247.4,248.7,251.9,255.1,256.4,255.2,251.8,248.7,243.0,245.0,248.0,251.5,255.0,257.6,259.3,257.2,254.3,251.0,247.9,245.0,250.5,251.8,253.2,253.8,253.3,251.9,250.5,249.9,284.9,285.8,288.5,291.5,292.9,292.0,289.2,286.1,281.8,283.8,286.4,289.7,292.6,294.5,295.7,294.6,292.8,290.3,287.3,284.2,287.5,288.8,290.0,290.4,289.8,288.5,287.3,286.9,160.3,157.1,155.8,157.1,160.4,163.9,164.9,163.6,161.7,159.9,158.7,158.2,158.9,160.4,162.6,163.7,164.1,164.3,164.0,163.2,161.8,162.4,161.9,160.5,159.0,158.4,159.0,160.4,159.9,156.8,155.3,156.5,159.6,162.7,164.1,163.2,162.2,160.0,158.4,157.6,158.0,159.1,160.9,162.4,163.2,163.6,163.5,163.2,161.2,161.8,161.1,159.8,158.4,157.9,158.5,159.9,-3.4,-1.7,2.5,6.7,8.3,6.8,2.4,-1.8,-9.3,-6.5,-2.6,2.0,6.5,9.9,12.2,9.4,5.6,1.4,-2.8,-6.5,0.6,2.4,4.2,5.0,4.3,2.5,0.6,-0.1,47.0,48.4,52.2,56.4,58.3,57.0,53.1,48.7,43.0,45.5,49.1,53.6,57.8,60.9,62.8,61.0,58.1,54.4,50.3,46.1,50.8,52.6,54.3,54.9,54.1,52.3,50.6,50.0,-35.5,-39.7,-41.5,-39.6,-35.4,-30.8,-29.4,-31.2,-33.9,-36.1,-37.4,-38.1,-37.2,-35.3,-32.6,-31.0,-30.4,-30.2,-30.7,-31.8,-33.5,-32.7,-33.5,-35.3,-37.2,-38.0,-37.2,-35.4,-37.2,-41.6,-43.6,-42.1,-38.0,-33.6,-31.6,-32.8,-34.2,-37.1,-39.3,-40.4,-40.0,-38.8,-36.6,-34.3,-33.0,-32.3,-32.3,-32.7,-35.6,-34.9,-35.8,-37.7,-39.5,-40.2,-39.3,-37.4,509.4,509.9,510.2,510.1,509.6,509.4,508.8,509.0,513.3,510.9,508.6,507.6,508.4,509.9,511.6,509.9,508.2,507.8,508.7,510.9,510.1,510.0,510.2,510.4,510.6,510.6,510.5,510.3,527.0,528.0,529.7,531.1,531.4,530.3,528.6,527.4,527.3,526.6,526.5,527.6,530.4,533.9,537.3,534.0,530.6,528.1,526.8,526.8,529.1,529.7,530.4,530.9,530.8,530.1,529.4,529.0,33.3,-4.2,652.4,0.203,-0.201,0.024,222.0,222.4,223.9,226.4,231.2,238.6,247.8,258.3,268.9,277.4,283.5,289.2,294.2,297.9,300.4,302.2,302.8,233.5,240.3,249.1,258.0,265.9,280.9,287.4,293.6,299.6,303.1,273.5,274.6,275.7,276.9,265.1,269.6,274.1,278.1,281.4,242.8,248.3,254.5,259.5,254.3,248.0,281.8,286.7,292.2,295.8,292.7,287.2,255.1,263.0,269.5,273.1,276.9,281.1,284.5,281.0,276.7,272.6,268.6,262.3,258.1,269.0,272.7,276.5,282.4,276.4,272.7,268.8,161.2,172.9,184.5,195.7,206.1,215.2,222.6,228.0,229.2,227.0,220.5,212.6,203.5,193.6,183.1,172.3,161.3,153.5,148.7,147.5,148.9,151.8,151.3,148.3,146.9,147.7,152.0,160.6,168.3,176.0,184.0,189.2,190.6,191.8,190.5,188.9,161.7,158.7,158.8,162.7,164.1,164.1,162.3,158.1,158.1,160.8,163.3,163.5,204.5,202.0,200.5,201.5,200.3,201.8,203.8,208.9,211.2,211.7,211.4,209.4,204.7,204.2,204.5,204.0,204.3,205.4,206.0,205.6,-48.4,-48.1,-45.8,-41.5,-33.1,-19.9,-3.9,14.3,32.5,47.9,59.8,71.1,80.8,87.6,91.9,95.0,96.0,-27.2,-15.8,-1.4,12.9,25.6,50.6,61.9,73.3,84.5,91.9,38.4,39.7,41.2,42.6,24.5,31.8,39.2,45.9,51.7,-11.8,-2.8,7.5,15.6,7.0,-3.3,53.4,61.9,71.6,78.5,72.5,62.8,8.5,21.4,31.9,37.9,44.2,52.0,58.8,51.9,44.1,37.3,30.6,20.3,13.5,31.2,37.5,43.8,54.9,43.8,37.3,31.0,-45.6,-25.4,-5.3,14.4,32.8,48.5,61.0,69.8,71.8,69.0,59.0,45.5,29.3,11.1,-8.1,-27.7,-47.6,-56.1,-63.4,-64.9,-62.5,-57.6,-59.1,-64.9,-68.2,-67.8,-61.5,-43.9,-31.0,-18.3,-5.6,2.7,5.0,7.0,4.9,2.3,-42.7,-47.4,-47.3,-40.9,-38.6,-38.4,-42.3,-49.5,-50.0,-45.7,-41.0,-40.4,28.3,23.9,21.2,23.0,21.1,23.9,27.8,35.9,39.2,39.9,39.3,36.2,28.7,27.5,28.0,27.3,28.4,29.6,30.5,29.8,676.7,680.3,684.7,687.5,687.4,684.9,679.5,672.2,672.4,682.1,697.2,709.4,714.6,714.1,712.4,710.9,710.4,644.2,638.5,634.6,631.5,630.5,638.9,646.7,656.0,665.8,676.1,637.0,631.4,625.3,619.8,635.3,634.6,634.6,638.2,642.3,644.9,642.0,642.9,644.9,643.3,642.5,655.9,658.4,662.8,669.6,663.4,659.1,652.4,642.5,639.1,640.6,643.0,652.3,666.0,654.5,646.9,644.0,642.8,645.2,650.4,642.2,643.2,646.2,661.9,646.2,643.2,642.4,0.594,0.208,-0.264,0.037,269.89,184.821,-6.724,9.421,-13.018,16.334,6.347,0.882,-4.349,2.498,3.467,-1.658,0.321,1.365,0.408,-1.774,-1.049,-0.181,0.535,1.068,-0.836,-0.669,0.503,-0.384,-0.21,-0.348,0.257,-0.106,0.1,0.062,-0.099,-0.002,-0.017,0.005,0.008,-0.005,0.63,0.01,0.0,1.06,0.0,0.0,0.0,0.0,0.0,0.03,0.0,0.0,0.0,0.0,0.0,0.0,0.0,1.0,1.0,0.0,1.0,0.0,0.0,0.0,0.0,0.0,0.0,0.0,0.0,0.0,0.0,0.0,0.0,1.0,0.0
PP133,g1,3965,0,0.975,0.215735,0.188148,-0.958154,0.060506,0.18425,-0.981015,0.142,0.19,247.3,248.7,251.9,255.1,256.4,255.2,251.8,248.6,242.9,245.0,247.9,251.5,255.0,257.6,259.3,257.2,254.3,251.0,247.8,245.0,250.4,251.8,253.2,253.8,253.3,251.9,250.5,249.9,284.9,285.8,288.5,291.5,292.9,292.0,289.3,286.1,281.9,283.8,286.4,289.7,292.6,294.5,295.7,294.6,292.8,290.3,287.3,284.2,287.5,288.8,290.0,290.4,289.8,288.5,287.3,286.9,160.6,157.3,156.0,157.4,160.7,164.2,165.2,163.8,162.0,160.2,159.0,158.5,159.2,160.7,162.8,164.0,164.4,164.5,164.2,163.5,162.1,162.7,162.1,160.7,159.3,158.7,159.3,160.7,160.1,157.0,155.6,156.7,159.8,162.9,164.4,163.5,162.4,160.2,158.6,157.8,158.3,159.3,161.1,162.6,163.4,163.8,163.7,163.4,161.5,162.0,161.3,160.0,158.6,158.1,158.7,160.1,-3.5,-1.7,2.5,6.6,8.3,6.8,2.4,-1.8,-9.3,-6.5,-2.7,1.9,6.5,9.8,12.2,9.4,5.5,1.3,-2.8,-6.5,0.6,2.4,4.2,5.0,4.3,2.4,0.6,-0.2,47.1,48.5,52.3,56.4,58.4,57.0,53.2,48.7,43.0,45.6,49.2,53.7,57.9,60.9,62.9,61.1,58.1,54.5,50.3,46.2,50.9,52.7,54.4,55.0,54.1,52.3,50.6,50.1,-35.0,-39.3,-41.0,-39.2,-34.9,-30.4,-29.0,-30.8,-33.4,-35.6,-37.0,-37.6,-36.8,-34.9,-32.2,-30.6,-30.0,-29.8,-30.2,-31.4,-33.1,-32.3,-33.0,-34.9,-36.8,-37.6,-36.8,-35.0,-36.9,-41.3,-43.4,-41.9,-37.7,-33.4,-31.3,-32.5,-33.9,-36.8,-39.0,-40.1,-39.8,-38.5,-36.3,-34.1,-32.8,-32.1,-32.1,-32.5,-35.3,-34.7,-35.5,-37.5,-39.3,-39.9,-39.0,-37.1,508.2,508.7,508.9,508.8,508.4,508.2,507.7,507.7,512.1,509.6,507.4,506.4,507.2,508.7,510.4,508.7,507.0,506.6,507.5,509.6,508.9,508.8,509.0,509.2,509.3,509.4,509.3,509.0,527.5,528.5,530.2,531.6,531.9,530.9,529.2,527.9,527.8,527.1,527.0,528.1,530.9,534.5,537.8,534.5,531.2,528.7,527.4,527.4,529.6,530.2,531.0,531.4,531.3,530.6,529.9,529.5,33.3,-3.7,650.6,0.205,-0.206,0.023,221.8,222.2,223.7,226.3,231.1,238.5,247.8,258.4,269.0,277.5,283.6,289.2,294.2,297.9,300.4,302.2,302.7,233.4,240.2,249.1,258.0,265.9,281.0,287.5,293.7,299.6,303.1,273.6,274.7,275.9,277.1,265.3,269.8,274.3,278.2,281.6,242.8,248.3,254.5,259.5,254.3,248.0,281.8,286.8,292.2,295.8,292.7,287.2,255.4,263.3,269.7,273.3,277.0,281.2,284.5,281.0,276.8,272.8,268.8,262.6,258.4,269.2,272.9,276.6,282.4,276.6,272.9,269.1,161.4,173.2,184.7,195.9,206.3,215.4,222.8,228.2,229.4,227.2,220.7,212.6,203.6,193.6,183.1,172.4,161.4,153.8,149.0,147.8,149.2,152.1,151.7,148.6,147.1,147.9,152.2,160.9,168.7,176.4,184.3,189.5,190.9,192.1,190.8,189.2,161.9,158.9,159.0,162.9,164.4,164.4,162.5,158.4,158.3,161.0,163.6,163.8,204.9,202.4,200.9,201.9,200.7,202.2,204.2,209.2,211.4,211.9,211.7,209.7,205.1,204.6,204.9,204.4,204.6,205.6,206.2,205.9,-48.7,-48.3,-46.0,-41.7,-33.3,-20.1,-3.9,14.4,32.6,48.0,59.9,71.1,80.7,87.4,91.7,94.8,95.7,-27.3,-15.9,-1.5,12.9,25.6,50.6,61.9,73.2,84.4,91.7,38.4,39.8,41.4,42.8,24.7,32.0,39.3,46.0,51.8,-11.9,-2.9,7.4,15.6,7.0,-3.3,53.3,61.8,71.5,78.4,72.3,62.7,9.0,21.8,32.2,38.1,44.3,51.9,58.6,51.9,44.2,37.5,30.9,20.7,14.0,31.5,37.6,43.9,54.8,43.8,37.5,31.3,-45.1,-24.9,-4.9,14.7,33.1,48.7,61.2,69.9,72.0,69.1,59.1,45.6,29.4,11.1,-7.9,-27.4,-47.3,-55.5,-62.7,-64.3,-61.8,-56.9,-58.4,-64.3,-67.6,-67.3,-61.0,-43.2,-30.4,-17.8,-5.1,3.2,5.6,7.4,5.4,2.8,-42.1,-46.8,-46.7,-40.4,-38.0,-37.8,-41.8,-49.0,-49.5,-45.3,-40.6,-39.9,29.0,24.5,21.8,23.6,21.7,24.5,28.3,36.3,39.4,40.2,39.6,36.6,29.2,28.1,28.6,27.9,28.9,29.8,30.7,30.1,674.8,678.6,683.0,685.8,685.8,683.4,677.9,670.6,670.8,680.6,695.9,708.2,713.5,713.0,711.3,709.6,709.1,642.2,636.4,632.5,629.5,628.4,637.0,645.0,654.4,664.3,674.7,635.1,629.5,623.5,617.9,633.4,632.8,632.9,636.4,640.5,642.9,640.0,640.9,643.0,641.4,640.5,654.2,656.8,661.3,668.2,661.9,657.5,650.3,640.5,637.2,638.7,641.1,650.4,664.1,652.6,645.0,642.2,640.9,643.2,648.3,640.4,641.4,644.4,660.0,644.3,641.3,640.5,0.596,0.21,-0.269,0.036,269.949,185.083,-4.612,9.914,-13.898,16.611,6.252,0.577,-4.41,2.647,3.834,-1.661,0.57,1.402,0.565,-1.832,-0.765,-0.351,0.569,0.844,-1.017,-0.652,0.455,-0.385,-0.135,-0.358,0.221,-0.029,0.072,0.08,-0.101,-0.0,-0.015,0.004,0.006,-0.004,0.16,0.0,0.0,0.5,0.0,0.0,0.0,0.0,0.0,0.11,0.0,0.0,0.0,0.0,0.0,0.0,0.0,0.0,1.0,0.0,1.0,0.0,0.0,0.0,0.0,0.0,0.0,0.0,0.0,0.0,0.0,0.0,0.0,1.0,0.0
PP133,g1,3971,0,0.975,0.213854,0.182672,-0.959634,0.06208,0.179648,-0.98177,0.141,0.185,247.3,248.7,251.9,255.1,256.4,255.3,251.8,248.6,242.9,245.0,247.9,251.5,255.0,257.6,259.3,257.2,254.3,251.1,247.9,245.0,250.4,251.8,253.2,253.8,253.3,251.9,250.5,249.9,284.9,285.8,288.5,291.4,292.9,292.0,289.3,286.1,281.8,283.8,286.4,289.7,292.6,294.5,295.7,294.6,292.8,290.3,287.3,284.2,287.5,288.8,290.0,290.4,289.8,288.5,287.3,286.9,161.0,157.8,156.4,157.8,161.0,164.6,165.6,164.3,162.5,160.7,159.5,158.9,159.6,161.1,163.2,164.4,164.8,165.0,164.7,163.9,162.5,163.1,162.5,161.1,159.7,159.1,159.7,161.1,160.4,157.2,155.8,156.9,160.0,163.2,164.6,163.7,162.7,160.5,158.8,158.0,158.5,159.5,161.3,162.8,163.6,164.0,164.0,163.7,161.7,162.2,161.6,160.2,158.8,158.3,159.0,160.4,-3.5,-1.7,2.4,6.6,8.3,6.8,2.4,-1.8,-9.3,-6.5,-2.7,1.9,6.4,9.8,12.2,9.4,5.6,1.4,-2.8,-6.5,0.6,2.4,4.2,5.0,4.2,2.4,0.6,-0.2,47.0,48.3,52.1,56.3,58.3,57.0,53.1,48.7,42.9,45.5,49.0,53.6,57.7,60.8,62.8,61.0,58.1,54.4,50.3,46.1,50.8,52.6,54.3,54.9,54.0,52.2,50.5,49.9,-34.4,-38.7,-40.5,-38.7,-34.4,-29.8,-28.4,-30.2,-32.8,-35.0,-36.4,-37.1,-36.3,-34.4,-31.7,-30.1,-29.5,-29.2,-29.6,-30.8,-32.5,-31.7,-32.5,-34.4,-36.2,-37.0,-36.3,-34.4,-36.5,-40.9,-43.0,-41.5,-37.4,-33.0,-31.0,-32.1,-33.5,-36.4,-38.6,-39.8,-39.4,-38.2,-36.0,-33.8,-32.4,-31.7,-31.7,-32.1,-34.9,-34.3,-35.2,-37.1,-38.9,-39.5,-38.6,-36.7,508.0,508.5,508.8,508.7,508.2,508.0,507.5,507.6,512.0,509.5,507.3,506.3,507.0,508.5,510.2,508.5,506.9,506.4,507.4,509.5,508.7,508.7,508.8,509.0,509.2,509.2,509.1,508.9,526.3,527.4,529.1,530.5,530.8,529.8,528.0,526.7,526.7,526.0,525.9,527.0,529.8,533.4,536.7,533.4,530.0,527.5,526.2,526.2,528.5,529.1,529.8,530.3,530.1,529.5,528.8,528.3,33.6,-2.9,649.0,0.196,-0.206,0.016,221.9,222.3,223.9,226.5,231.4,238.9,248.2,258.9,269.6,278.1,284.2,289.6,294.5,298.1,300.5,302.2,302.8,233.4,240.2,249.1,257.9,265.9,281.0,287.4,293.6,299.5,303.0,273.6,274.7,276.0,277.2,265.4,270.0,274.5,278.5,281.8,242.8,248.2,254.5,259.5,254.3,248.0,281.8,286.7,292.2,295.8,292.7,287.3,255.7,263.6,270.0,273.6,277.4,281.6,284.9,281.5,277.3,273.3,269.3,263.0,258.8,269.5,273.3,277.0,282.8,277.0,273.3,269.5,162.0,173.8,185.5,196.7,207.2,216.3,223.7,229.2,230.3,228.0,221.4,213.3,204.2,194.1,183.6,172.7,161.7,154.3,149.5,148.2,149.6,152.5,152.0,148.8,147.3,148.1,152.3,161.2,169.0,176.7,184.7,189.9,191.4,192.5,191.2,189.5,162.4,159.4,159.4,163.3,164.7,164.9,162.8,158.6,158.5,161.2,163.8,164.0,205.5,202.9,201.3,202.3,201.1,202.6,204.6,209.6,211.8,212.4,212.2,210.3,205.7,205.1,205.4,204.8,205.0,206.0,206.7,206.3,-48.4,-48.0,-45.6,-41.1,-32.6,-19.4,-3.2,15.3,33.5,48.9,60.7,71.7,81.0,87.5,91.7,94.6,95.5,-27.3,-15.9,-1.5,12.7,25.5,50.4,61.6,72.9,84.1,91.4,38.3,39.8,41.4,43.0,24.9,32.3,39.6,46.2,52.0,-11.8,-2.9,7.4,15.6,7.0,-3.3,53.2,61.7,71.3,78.2,72.2,62.6,9.5,22.3,32.6,38.6,44.8,52.5,59.2,52.5,44.9,38.2,31.5,21.4,14.5,32.0,38.2,44.5,55.3,44.5,38.1,31.8,-43.9,-23.7,-3.5,16.1,34.5,50.2,62.7,71.4,73.3,70.4,60.3,46.7,30.4,12.0,-7.1,-26.7,-46.7,-54.5,-61.8,-63.4,-61.0,-56.2,-57.8,-63.7,-67.1,-66.8,-60.6,-42.7,-29.8,-17.2,-4.5,3.9,6.3,8.1,6.0,3.3,-41.2,-46.0,-45.9,-39.7,-37.3,-37.0,-41.3,-48.5,-49.0,-44.8,-40.1,-39.5,29.9,25.3,22.5,24.2,22.3,25.0,28.9,36.8,40.0,40.8,40.3,37.4,30.1,28.8,29.2,28.4,29.5,30.4,31.4,30.8,673.3,677.1,681.5,684.3,684.3,681.7,676.1,668.7,668.9,678.9,694.3,706.7,712.0,711.4,709.5,707.6,707.0,640.9,635.1,631.2,628.3,627.2,635.6,643.6,652.9,662.9,673.3,633.8,628.1,622.0,616.3,631.9,631.2,631.2,634.8,639.0,641.6,638.8,639.7,641.7,640.1,639.2,652.8,655.4,659.9,666.8,660.5,656.1,648.6,638.6,635.4,637.0,639.4,648.7,662.3,650.7,643.1,640.2,638.9,641.3,646.5,638.6,639.7,642.7,658.1,642.5,639.5,638.6,0.597,0.204,-0.27,0.028,270.154,185.546,-4.911,10.162,-13.897,17.286,4.885,1.127,-4.311,3.107,3.655,-2.332,0.552,1.038,0.153,-1.786,-0.528,-0.257,0.454,0.977,-0.886,-0.653,0.505,-0.283,-0.292,-0.448,0.25,0.024,0.071,0.066,-0.106,-0.011,-0.019,-0.004,0.008,0.0,0.41,0.0,0.0,0.53,0.0,0.0,0.0,0.0,0.0,0.35,0.0,0.0,0.0,0.0,0.0,0.0,0.0,0.0,1.0,0.0,1.0,0.0,0.0,0.0,0.0,0.0,0.0,0.0,0.0,0.0,0.0,0.0,0.0,1.0,0.0
PP133,g1,3977,0,0.925,0.216963,0.183441,-0.958789,0.065466,0.178843,-0.981697,0.145,0.185,248.8,250.1,253.3,256.5,257.8,256.7,253.2,250.1,244.3,246.4,249.4,252.9,256.4,259.0,260.7,258.6,255.7,252.5,249.3,246.4,251.9,253.2,254.6,255.2,254.7,253.3,251.9,251.3,286.2,287.1,289.8,292.7,294.1,293.2,290.5,287.4,283.1,285.1,287.7,291.0,293.8,295.8,296.9,295.8,294.0,291.6,288.6,285.5,288.8,290.1,291.3,291.7,291.1,289.8,288.6,288.2,161.3,158.1,156.8,158.2,161.4,164.9,166.0,164.6,162.8,161.0,159.8,159.2,159.9,161.5,163.6,164.7,165.1,165.3,165.0,164.2,162.9,163.5,162.9,161.5,160.1,159.5,160.0,161.4,160.9,157.8,156.3,157.5,160.6,163.7,165.1,164.2,163.2,161.0,159.4,158.6,159.0,160.1,161.9,163.4,164.2,164.6,164.5,164.2,162.2,162.7,162.1,160.7,159.4,158.9,159.5,160.9,-1.6,0.1,4.3,8.5,10.2,8.7,4.2,0.1,-7.4,-4.7,-0.8,3.8,8.3,11.7,14.0,11.2,7.4,3.2,-0.9,-4.7,2.4,4.2,6.1,6.8,6.1,4.3,2.5,1.7,48.9,50.2,54.0,58.1,60.1,58.8,54.9,50.5,44.8,47.3,50.9,55.4,59.6,62.6,64.6,62.8,59.9,56.2,52.1,47.9,52.6,54.4,56.1,56.7,55.8,54.0,52.4,51.8,-34.1,-38.4,-40.1,-38.3,-34.0,-29.4,-28.0,-29.8,-32.5,-34.7,-36.1,-36.7,-35.9,-34.0,-31.3,-29.7,-29.1,-28.8,-29.3,-30.4,-32.1,-31.3,-32.1,-34.0,-35.8,-36.6,-35.9,-34.0,-35.9,-40.2,-42.3,-40.8,-36.7,-32.3,-30.3,-31.5,-32.9,-35.8,-38.0,-39.1,-38.7,-37.5,-35.3,-33.0,-31.7,-31.0,-31.0,-31.4,-34.3,-33.6,-34.5,-36.4,-38.2,-38.9,-38.0,-36.1,508.9,509.4,509.7,509.6,509.2,508.9,508.4,508.4,512.8,510.3,508.1,507.2,507.9,509.4,511.2,509.4,507.8,507.3,508.2,510.3,509.6,509.5,509.7,509.9,510.1,510.1,510.0,509.8,527.5,528.5,530.3,531.7,532.0,531.0,529.2,527.9,527.8,527.1,527.0,528.2,531.0,534.6,538.0,534.7,531.3,528.7,527.4,527.4,529.6,530.3,531.0,531.5,531.4,530.7,530.0,529.5,35.5,-2.2,648.9,0.199,-0.213,0.024,223.0,223.3,224.8,227.3,232.0,239.5,248.7,259.6,270.3,278.9,284.9,290.3,295.2,298.8,301.3,303.1,303.7,234.8,241.7,250.6,259.5,267.4,282.4,288.8,295.0,300.8,304.3,275.0,276.1,277.4,278.6,266.7,271.2,275.8,279.7,283.0,244.2,249.7,255.9,260.9,255.7,249.4,283.1,288.0,293.5,297.0,293.9,288.5,256.7,264.8,271.2,274.8,278.5,282.7,285.9,282.6,278.4,274.4,270.4,264.1,259.8,270.7,274.4,278.2,283.9,278.1,274.4,270.6,162.2,173.9,185.5,196.7,207.2,216.3,223.9,229.5,230.8,228.5,221.9,213.9,204.8,194.7,184.2,173.4,162.4,154.6,149.8,148.6,150.0,153.0,152.6,149.5,148.0,148.8,153.1,161.7,169.5,177.2,185.1,190.4,191.8,193.0,191.7,190.0,162.7,159.7,159.8,163.7,165.1,165.2,163.3,159.1,159.0,161.8,164.3,164.5,205.9,203.4,201.8,202.8,201.6,203.1,205.1,210.2,212.4,212.9,212.6,210.7,206.1,205.5,205.8,205.3,205.5,206.6,207.2,206.9,-46.4,-46.2,-43.9,-39.7,-31.4,-18.4,-2.2,16.4,34.7,50.1,62.0,73.0,82.4,89.0,93.3,96.4,97.3,-24.8,-13.4,1.0,15.3,28.0,52.6,63.9,75.2,86.3,93.5,40.6,42.0,43.6,45.2,27.0,34.3,41.6,48.2,54.0,-9.5,-0.5,9.7,17.8,9.3,-1.0,55.4,63.8,73.5,80.3,74.3,64.7,11.2,24.1,34.5,40.5,46.7,54.3,60.9,54.3,46.7,40.0,33.3,23.1,16.3,33.8,40.0,46.3,57.1,46.3,40.0,33.7,-43.6,-23.5,-3.5,16.0,34.5,50.3,62.9,71.9,74.1,71.2,61.2,47.7,31.5,13.1,-6.0,-25.5,-45.5,-53.9,-61.2,-62.7,-60.2,-55.3,-56.8,-62.7,-66.0,-65.6,-59.4,-41.8,-29.0,-16.4,-3.7,4.6,7.0,8.9,6.8,4.2,-40.7,-45.4,-45.3,-39.0,-36.7,-36.5,-40.4,-47.6,-48.1,-43.8,-39.2,-38.6,30.5,25.9,23.2,25.0,23.1,25.9,29.8,37.7,40.9,41.6,41.1,38.1,30.7,29.5,30.0,29.3,30.4,31.3,32.2,31.6,672.1,675.9,680.2,683.1,683.2,680.9,675.6,668.4,668.7,678.8,694.4,706.9,712.4,711.9,710.1,708.3,707.7,639.9,634.2,630.5,627.7,626.9,635.6,643.6,653.0,663.1,673.6,633.5,627.9,621.7,616.1,631.6,631.0,631.1,634.7,638.9,640.8,638.0,639.1,641.3,639.5,638.5,652.8,655.4,660.0,666.9,660.6,656.1,648.1,638.3,635.2,636.8,639.3,648.7,662.5,650.8,643.1,640.2,638.8,641.0,646.2,638.4,639.5,642.6,658.3,642.5,639.4,638.4,0.597,0.208,-0.28,0.038,271.299,185.998,-4.437,9.635,-13.618,16.948,4.605,0.812,-4.005,3.204,4.106,-1.816,0.458,1.139,0.043,-1.831,-0.62,-0.234,0.503,1.039,-0.73,-0.619,0.558,-0.263,-0.35,-0.39,0.322,-0.045,0.084,0.074,-0.1,-0.007,-0.023,-0.003,0.01,-0.003,0.07,0.0,0.0,0.75,0.0,0.0,0.0,0.0,0.0,0.24,0.0,0.0,0.0,0.0,0.0,0.0,0.0,0.0,1.0,0.0,1.0,0.0,0.0,0.0,0.0,0.0,0.0,0.0,0.0,0.0,0.0,0.0,0.0,1.0,0.0
PP133,g1,3983,0,0.925,0.216054,0.180728,-0.959509,0.067556,0.176644,-0.981954,0.145,0.182,249.0,250.3,253.5,256.7,258.0,256.8,253.4,250.3,244.6,246.6,249.6,253.1,256.6,259.1,260.9,258.8,255.9,252.7,249.5,246.6,252.1,253.4,254.8,255.4,254.9,253.5,252.1,251.5,286.3,287.2,289.9,292.8,294.2,293.3,290.6,287.5,283.3,285.2,287.9,291.1,293.9,295.9,297.0,295.9,294.1,291.6,288.7,285.6,288.9,290.2,291.4,291.8,291.2,289.9,288.7,288.3,160.8,157.5,156.2,157.6,160.8,164.3,165.4,164.0,162.2,160.4,159.2,158.7,159.4,160.9,163.0,164.1,164.5,164.7,164.4,163.7,162.3,162.9,162.3,160.9,159.5,158.9,159.5,160.9,160.4,157.2,155.8,157.0,160.1,163.2,164.6,163.7,162.6,160.4,158.9,158.1,158.5,159.6,161.4,162.8,163.7,164.0,164.0,163.6,161.7,162.2,161.6,160.2,158.9,158.4,159.0,160.4,-1.4,0.4,4.6,8.7,10.4,8.9,4.5,0.3,-7.2,-4.4,-0.6,4.0,8.6,12.0,14.3,11.5,7.7,3.5,-0.7,-4.4,2.7,4.5,6.3,7.1,6.4,4.5,2.7,1.9,49.2,50.6,54.4,58.5,60.5,59.1,55.3,50.8,45.1,47.7,51.3,55.8,60.0,63.0,64.9,63.1,60.2,56.6,52.5,48.3,53.0,54.8,56.5,57.1,56.2,54.4,52.7,52.2,-34.9,-39.2,-40.9,-39.1,-34.8,-30.3,-28.8,-30.6,-33.3,-35.5,-36.9,-37.5,-36.7,-34.8,-32.2,-30.6,-29.9,-29.7,-30.1,-31.2,-33.0,-32.2,-32.9,-34.8,-36.7,-37.5,-36.7,-34.8,-36.8,-41.1,-43.2,-41.7,-37.5,-33.2,-31.2,-32.3,-33.8,-36.7,-38.8,-39.9,-39.5,-38.3,-36.1,-33.9,-32.6,-31.9,-31.9,-32.3,-35.1,-34.5,-35.3,-37.3,-39.1,-39.7,-38.8,-36.9,510.4,510.9,511.2,511.0,510.6,510.4,509.8,509.9,514.3,511.8,509.6,508.6,509.3,510.9,512.6,510.9,509.2,508.7,509.7,511.8,511.1,511.0,511.1,511.4,511.5,511.6,511.5,511.2,529.7,530.8,532.5,534.0,534.3,533.2,531.5,530.1,530.0,529.3,529.3,530.5,533.3,536.9,540.2,536.9,533.5,531.0,529.6,529.6,531.9,532.5,533.3,533.7,533.6,533.0,532.2,531.8,35.8,-3.0,648.2,0.19,-0.214,0.022,223.2,223.5,225.0,227.5,232.3,239.7,249.0,259.9,270.7,279.2,285.2,290.5,295.3,298.9,301.4,303.2,303.8,235.0,241.8,250.7,259.6,267.6,282.5,288.9,295.1,301.0,304.3,275.2,276.4,277.7,278.9,266.9,271.5,276.0,280.0,283.3,244.4,249.9,256.1,261.0,255.9,249.6,283.2,288.2,293.6,297.1,294.0,288.7,257.2,265.2,271.6,275.2,278.8,283.0,286.1,282.9,278.7,274.8,270.8,264.6,260.3,271.1,274.8,278.5,284.1,278.5,274.8,271.0,161.7,173.5,185.1,196.4,207.0,216.2,223.8,229.4,230.6,228.4,221.8,213.7,204.5,194.4,183.9,173.0,162.0,154.1,149.3,148.1,149.4,152.5,152.0,148.9,147.5,148.4,152.7,161.1,168.9,176.6,184.5,189.7,191.2,192.4,191.1,189.4,162.1,159.1,159.2,163.1,164.5,164.6,162.7,158.6,158.6,161.3,163.8,164.0,205.4,202.8,201.2,202.2,201.0,202.5,204.6,209.6,211.8,212.4,212.1,210.2,205.6,205.0,205.3,204.7,205.1,206.0,206.6,206.3,-46.1,-45.8,-43.5,-39.3,-31.0,-17.9,-1.7,16.9,35.3,50.7,62.4,73.3,82.5,89.0,93.3,96.4,97.3,-24.6,-13.3,1.2,15.5,28.2,52.9,64.1,75.4,86.5,93.7,40.8,42.3,44.0,45.6,27.4,34.7,42.0,48.6,54.4,-9.1,-0.2,10.0,18.1,9.6,-0.6,55.6,64.0,73.7,80.4,74.4,64.9,11.9,24.7,35.0,40.9,47.1,54.7,61.1,54.7,47.2,40.5,33.9,23.8,17.0,34.4,40.5,46.7,57.3,46.8,40.5,34.2,-44.3,-24.2,-4.1,15.5,34.1,50.0,62.7,71.6,73.7,70.9,60.9,47.3,31.0,12.6,-6.6,-26.2,-46.1,-54.6,-62.0,-63.7,-61.1,-56.2,-57.7,-63.5,-66.9,-66.4,-60.0,-42.8,-30.0,-17.4,-4.7,3.6,6.0,7.9,5.8,3.1,-41.6,-46.3,-46.2,-40.0,-37.6,-37.4,-41.4,-48.4,-48.9,-44.7,-40.1,-39.5,29.7,25.0,22.2,24.0,22.1,24.9,29.0,36.8,39.9,40.7,40.2,37.2,29.9,28.5,29.0,28.3,29.6,30.3,31.2,30.6,671.8,675.5,679.9,682.6,682.5,680.0,674.5,667.3,667.7,677.9,693.6,706.3,711.9,711.3,709.5,707.6,706.9,639.8,634.1,630.4,627.6,626.9,635.5,643.6,653.1,663.3,673.7,633.3,627.5,621.3,615.5,630.8,630.2,630.3,634.0,638.4,640.4,637.8,638.9,641.0,639.3,638.2,652.7,655.4,660.0,666.8,660.5,656.0,647.0,637.2,634.2,635.8,638.4,647.7,661.5,649.6,642.0,639.0,637.6,639.7,645.1,637.4,638.5,641.6,657.1,641.5,638.3,637.3,0.598,0.198,-0.282,0.035,271.529,185.522,-3.866,10.51,-13.879,17.747,3.412,0.887,-4.088,3.191,4.196,-2.71,0.358,0.862,0.026,-1.86,-0.2,-0.421,0.404,0.991,-0.758,-0.468,0.534,-0.31,-0.334,-0.577,0.254,0.083,0.113,0.072,-0.111,-0.012,-0.018,-0.013,0.013,-0.003,0.41,0.0,0.0,0.47,0.0,0.0,0.0,0.0,0.0,0.44,0.0,0.0,0.0,0.0,0.0,0.0,0.0,0.0,1.0,0.0,1.0,0.0,0.0,0.0,0.0,0.0,0.0,0.0,0.0,0.0,0.0,0.0,0.0,1.0,0.0
PP133,g1,3989,0,0.925,0.21219,0.176166,-0.961218,0.067375,0.172602,-0.982685,0.143,0.178,248.4,249.7,252.9,256.1,257.4,256.3,252.9,249.7,244.0,246.1,249.0,252.5,256.0,258.6,260.4,258.3,255.3,252.1,248.9,246.1,251.5,252.9,254.3,254.9,254.3,252.9,251.5,250.9,285.8,286.7,289.4,292.3,293.7,292.8,290.1,286.9,282.7,284.7,287.3,290.6,293.4,295.3,296.4,295.4,293.6,291.1,288.2,285.1,288.4,289.7,290.8,291.2,290.6,289.3,288.2,287.8,161.1,157.9,156.5,157.9,161.1,164.6,165.7,164.4,162.6,160.8,159.6,159.0,159.6,161.2,163.3,164.4,164.9,165.0,164.8,164.0,162.6,163.2,162.6,161.2,159.8,159.2,159.8,161.2,160.6,157.5,156.0,157.2,160.3,163.4,164.8,163.9,162.9,160.7,159.1,158.3,158.8,159.8,161.6,163.1,163.9,164.3,164.2,163.9,161.9,162.4,161.8,160.5,159.1,158.6,159.2,160.6,-2.1,-0.3,3.8,8.0,9.7,8.2,3.8,-0.4,-7.8,-5.1,-1.3,3.3,7.8,11.2,13.6,10.8,6.9,2.7,-1.4,-5.1,2.0,3.8,5.6,6.4,5.6,3.8,2.0,1.2,48.3,49.7,53.5,57.6,59.6,58.2,54.4,50.0,44.2,46.8,50.4,54.9,59.1,62.1,64.0,62.2,59.3,55.7,51.6,47.4,52.1,53.9,55.6,56.2,55.3,53.5,51.8,51.2,-34.4,-38.7,-40.5,-38.7,-34.4,-29.8,-28.4,-30.2,-32.8,-35.0,-36.4,-37.1,-36.3,-34.4,-31.7,-30.1,-29.5,-29.2,-29.6,-30.7,-32.5,-31.7,-32.5,-34.4,-36.2,-37.0,-36.2,-34.4,-36.4,-40.7,-42.7,-41.3,-37.1,-32.8,-30.7,-31.9,-33.3,-36.2,-38.4,-39.5,-39.1,-37.9,-35.7,-33.5,-32.2,-31.5,-31.5,-31.9,-34.7,-34.0,-34.9,-36.8,-38.7,-39.3,-38.4,-36.5,509.9,510.4,510.6,510.5,510.0,509.8,509.3,509.5,513.9,511.4,509.1,508.1,508.8,510.3,512.0,510.3,508.7,508.2,509.3,511.4,510.6,510.5,510.6,510.8,511.0,511.1,511.0,510.8,528.0,529.1,530.8,532.3,532.6,531.5,529.8,528.4,528.3,527.6,527.6,528.8,531.6,535.2,538.5,535.2,531.8,529.2,527.9,527.9,530.2,530.8,531.6,532.0,531.9,531.3,530.5,530.1,35.1,-2.3,646.7,0.183,-0.211,0.018,222.9,223.2,224.7,227.3,232.1,239.5,248.8,259.7,270.5,279.0,285.0,290.3,295.0,298.5,301.0,302.8,303.4,234.5,241.3,250.2,259.0,266.9,281.9,288.3,294.5,300.3,303.7,274.6,275.7,277.1,278.3,266.5,271.0,275.6,279.5,282.8,243.9,249.3,255.5,260.5,255.3,249.1,282.7,287.6,293.1,296.6,293.5,288.1,256.9,264.8,271.2,274.8,278.4,282.6,285.7,282.6,278.4,274.5,270.5,264.3,260.1,270.7,274.4,278.1,283.7,278.1,274.4,270.6,162.2,174.0,185.7,197.0,207.7,217.0,224.7,230.3,231.5,229.2,222.6,214.4,205.2,195.0,184.3,173.4,162.3,154.5,149.6,148.3,149.7,152.7,152.2,149.1,147.7,148.5,152.9,161.3,169.1,176.8,184.8,190.1,191.6,192.8,191.5,189.7,162.5,159.5,159.5,163.4,164.8,165.0,163.0,158.8,158.8,161.6,164.0,164.2,206.1,203.4,201.7,202.7,201.5,203.0,205.2,210.2,212.3,212.9,212.7,210.8,206.2,205.5,205.7,205.2,205.6,206.5,207.2,206.8,-46.6,-46.3,-43.9,-39.6,-31.2,-18.2,-2.1,16.5,34.9,50.3,62.0,72.7,81.8,88.2,92.4,95.4,96.3,-25.3,-14.1,0.3,14.4,27.0,51.8,63.0,74.2,85.3,92.5,39.7,41.3,42.9,44.5,26.5,33.8,41.2,47.8,53.5,-10.0,-1.1,9.0,17.2,8.7,-1.5,54.5,63.0,72.6,79.4,73.4,63.9,11.5,24.2,34.3,40.2,46.3,53.9,60.3,54.0,46.6,39.9,33.3,23.4,16.6,33.7,39.8,46.0,56.5,46.0,39.8,33.6,-43.5,-23.3,-3.1,16.7,35.3,51.3,64.1,73.0,75.0,72.2,62.3,48.6,32.1,13.6,-5.7,-25.5,-45.5,-54.0,-61.5,-63.1,-60.7,-55.8,-57.3,-63.1,-66.5,-66.0,-59.6,-42.4,-29.5,-17.0,-4.3,4.2,6.6,8.5,6.4,3.7,-40.9,-45.7,-45.7,-39.5,-37.0,-36.8,-40.9,-48.0,-48.4,-44.2,-39.6,-39.0,30.7,25.8,22.9,24.7,22.8,25.7,29.9,37.7,40.7,41.5,41.0,38.1,30.9,29.3,29.7,29.0,30.4,31.1,32.0,31.5,670.7,674.4,678.8,681.5,681.3,678.8,673.2,665.9,666.2,676.4,692.0,704.6,710.1,709.5,707.5,705.5,704.7,638.7,633.1,629.5,626.7,626.0,634.5,642.4,651.8,661.7,672.0,632.2,626.4,620.0,614.2,629.6,628.9,628.9,632.6,637.0,639.4,636.9,637.9,639.9,638.2,637.2,651.3,654.0,658.5,665.3,659.0,654.6,645.6,635.7,632.9,634.5,636.9,646.1,659.7,647.9,640.4,637.5,636.1,638.2,643.6,636.0,637.0,640.2,655.4,640.0,636.9,636.0,0.599,0.193,-0.278,0.03,271.107,185.966,-5.473,10.717,-14.448,19.204,2.446,1.123,-3.581,3.388,4.149,-3.361,0.176,0.866,-0.233,-2.084,-0.186,-0.462,0.34,1.034,-0.727,-0.437,0.506,-0.18,-0.485,-0.633,0.272,0.144,0.128,0.055,-0.113,-0.019,-0.027,-0.015,0.01,0.0,0.57,0.01,0.0,0.92,0.0,0.0,0.0,0.0,0.0,0.37,0.0,0.0,0.0,0.0,0.0,0.0,0.0,0.0,1.0,0.0,1.0,0.0,0.0,0.0,0.0,0.0,0.0,0.0,0.0,0.0,0.0,0.0,0.0,1.0,0.0
PP133,g1,3995,0,0.975,0.212582,0.189045,-0.958682,0.061953,0.184747,-0.980831,0.141,0.19,249.0,250.3,253.5,256.7,258.0,256.8,253.4,250.3,244.6,246.6,249.6,253.1,256.6,259.1,260.9,258.8,255.9,252.6,249.5,246.6,252.1,253.4,254.8,255.4,254.9,253.5,252.1,251.5,286.4,287.4,290.1,293.0,294.4,293.5,290.8,287.6,283.4,285.3,288.0,291.2,294.1,296.0,297.1,296.1,294.3,291.8,288.8,285.7,289.1,290.3,291.5,291.9,291.3,290.0,288.9,288.4,161.5,158.3,157.0,158.4,161.6,165.1,166.2,164.8,163.0,161.2,160.0,159.5,160.1,161.7,163.8,164.9,165.3,165.5,165.2,164.4,163.1,163.7,163.1,161.7,160.3,159.7,160.2,161.6,161.1,158.0,156.6,157.7,160.8,164.0,165.4,164.5,163.4,161.2,159.6,158.9,159.3,160.4,162.1,163.6,164.4,164.8,164.7,164.4,162.5,163.0,162.4,161.0,159.6,159.1,159.8,161.1,-1.3,0.4,4.6,8.8,10.4,8.9,4.5,0.3,-7.2,-4.4,-0.6,4.0,8.6,12.0,14.3,11.5,7.7,3.4,-0.7,-4.4,2.7,4.5,6.3,7.1,6.4,4.6,2.7,1.9,49.3,50.6,54.5,58.6,60.6,59.2,55.3,50.9,45.2,47.7,51.3,55.9,60.0,63.1,65.0,63.2,60.3,56.6,52.5,48.3,53.1,54.9,56.6,57.1,56.3,54.5,52.8,52.2,-33.9,-38.2,-39.9,-38.1,-33.8,-29.2,-27.8,-29.6,-32.3,-34.5,-35.8,-36.5,-35.7,-33.8,-31.1,-29.5,-28.9,-28.7,-29.1,-30.2,-31.9,-31.1,-31.9,-33.8,-35.6,-36.4,-35.7,-33.8,-35.6,-40.0,-42.0,-40.6,-36.4,-32.0,-30.0,-31.2,-32.6,-35.5,-37.7,-38.8,-38.4,-37.2,-35.0,-32.8,-31.4,-30.8,-30.8,-31.2,-34.0,-33.3,-34.2,-36.1,-38.0,-38.6,-37.7,-35.8,510.0,510.5,510.8,510.7,510.3,510.0,509.5,509.6,514.0,511.5,509.3,508.3,509.0,510.5,512.3,510.6,508.9,508.4,509.4,511.5,510.7,510.7,510.8,511.0,511.2,511.2,511.1,510.9,528.4,529.4,531.1,532.6,532.9,531.9,530.2,528.8,528.7,528.0,527.9,529.1,531.9,535.5,538.9,535.6,532.2,529.6,528.3,528.3,530.5,531.2,531.9,532.4,532.2,531.6,530.9,530.4,35.7,-1.7,648.1,0.204,-0.208,0.026,223.4,223.6,225.1,227.6,232.3,239.6,248.8,259.6,270.3,278.9,285.0,290.5,295.4,299.1,301.6,303.5,304.1,235.0,241.9,250.8,259.6,267.5,282.6,289.1,295.3,301.2,304.6,275.2,276.3,277.5,278.7,266.8,271.3,275.9,279.8,283.2,244.4,249.9,256.1,261.0,255.9,249.6,283.4,288.3,293.8,297.3,294.2,288.8,256.9,264.8,271.3,274.9,278.6,282.8,286.0,282.7,278.4,274.4,270.4,264.1,259.9,270.7,274.5,278.2,283.9,278.2,274.5,270.6,162.1,173.9,185.5,196.7,207.4,216.6,224.3,230.0,231.3,229.0,222.3,214.1,204.9,194.8,184.3,173.5,162.4,154.8,150.1,148.9,150.3,153.3,152.9,149.8,148.3,149.1,153.3,162.0,169.8,177.5,185.5,190.6,192.1,193.3,192.0,190.4,162.9,159.9,160.0,163.9,165.3,165.4,163.5,159.4,159.3,162.1,164.6,164.8,206.1,203.7,202.1,203.2,202.0,203.4,205.4,210.5,212.7,213.3,213.0,211.0,206.4,205.9,206.2,205.7,205.9,206.9,207.5,207.2,-45.7,-45.6,-43.4,-39.2,-31.0,-18.1,-2.1,16.4,34.7,50.2,62.2,73.3,82.7,89.3,93.7,96.8,97.8,-24.5,-13.1,1.2,15.4,28.1,53.0,64.3,75.6,86.7,93.9,40.8,42.2,43.8,45.3,27.1,34.4,41.7,48.4,54.2,-9.1,-0.2,10.0,18.1,9.6,-0.6,55.7,64.2,73.8,80.6,74.6,65.0,11.4,24.2,34.6,40.5,46.8,54.4,61.0,54.3,46.7,40.0,33.3,23.2,16.4,33.9,40.1,46.4,57.1,46.3,40.0,33.7,-43.6,-23.5,-3.5,16.1,34.7,50.7,63.5,72.6,74.9,72.0,61.8,48.1,31.7,13.3,-5.8,-25.4,-45.3,-53.5,-60.7,-62.2,-59.7,-54.8,-56.3,-62.1,-65.4,-65.0,-58.8,-41.3,-28.5,-15.8,-3.1,5.1,7.5,9.4,7.4,4.7,-40.3,-45.0,-44.9,-38.7,-36.3,-36.1,-40.0,-47.1,-47.5,-43.3,-38.7,-38.1,30.9,26.5,23.8,25.6,23.7,26.4,30.4,38.3,41.5,42.2,41.7,38.6,31.2,30.1,30.6,29.8,31.0,31.9,32.8,32.2,671.4,675.3,679.9,682.8,683.0,680.7,675.4,668.2,668.5,678.5,693.8,706.2,711.5,710.8,708.8,706.8,706.0,639.2,633.3,629.6,626.8,625.9,634.6,642.6,651.9,661.9,672.3,632.5,626.9,620.8,615.2,630.8,630.1,630.2,633.8,638.1,639.9,637.2,638.2,640.3,638.6,637.7,651.8,654.3,658.8,665.7,659.4,655.0,647.6,637.7,634.6,636.1,638.6,647.9,661.7,650.0,642.5,639.5,638.2,640.4,645.6,637.8,638.9,641.9,657.5,641.8,638.7,637.8,0.598,0.213,-0.275,0.04,271.458,186.27,-5.009,10.066,-13.645,17.626,4.068,0.928,-4.28,2.692,4.327,-2.33,0.375,1.389,0.182,-1.964,-0.353,-0.361,0.389,1.079,-0.853,-0.739,0.516,-0.348,-0.2,-0.457,0.252,-0.036,0.122,0.074,-0.115,-0.009,-0.019,0.001,0.011,-0.001,0.2,0.0,0.0,0.59,0.0,0.0,0.0,0.0,0.0,0.17,0.0,0.0,0.0,0.0,0.0,0.0,0.0,0.0,1.0,0.0,1.0,0.0,0.0,0.0,0.0,0.0,0.0,0.0,0.0,0.0,0.0,0.0,0.0,1.0,0.0
PP133,g1,4001,0,0.975,0.217593,0.197506,-0.955848,0.061157,0.192961,-0.979299,0.143,0.199,249.5,250.9,254.1,257.2,258.5,257.3,253.9,250.8,245.1,247.2,250.1,253.7,257.1,259.7,261.4,259.3,256.4,253.2,250.0,247.1,252.6,254.0,255.4,255.9,255.4,254.0,252.6,252.0,286.9,287.9,290.6,293.5,294.9,294.0,291.2,288.1,283.9,285.8,288.5,291.7,294.6,296.5,297.6,296.6,294.7,292.3,289.3,286.2,289.6,290.8,292.0,292.4,291.8,290.5,289.3,288.9,161.5,158.2,157.0,158.4,161.6,165.1,166.1,164.7,162.9,161.1,160.0,159.4,160.1,161.7,163.8,164.9,165.3,165.4,165.1,164.3,163.0,163.6,163.1,161.7,160.2,159.6,160.2,161.6,161.2,158.0,156.6,157.8,160.8,164.0,165.4,164.5,163.4,161.3,159.7,158.9,159.3,160.4,162.1,163.6,164.4,164.8,164.8,164.5,162.5,163.0,162.4,161.0,159.7,159.2,159.8,161.2,-0.7,1.1,5.3,9.5,11.1,9.6,5.1,1.0,-6.5,-3.7,0.2,4.8,9.3,12.7,14.9,12.2,8.3,4.1,-0.0,-3.8,3.4,5.2,7.0,7.8,7.1,5.3,3.4,2.6,50.2,51.5,55.4,59.5,61.4,60.1,56.2,51.8,46.1,48.6,52.2,56.7,60.9,64.0,65.9,64.1,61.2,57.5,53.4,49.2,53.9,55.7,57.4,58.0,57.2,55.4,53.7,53.1,-34.0,-38.3,-40.0,-38.1,-33.8,-29.3,-27.9,-29.7,-32.4,-34.6,-35.9,-36.5,-35.7,-33.8,-31.1,-29.5,-28.9,-28.7,-29.2,-30.4,-32.0,-31.2,-32.0,-33.8,-35.7,-36.5,-35.8,-33.9,-35.7,-40.1,-42.1,-40.7,-36.5,-32.1,-30.1,-31.3,-32.7,-35.6,-37.8,-38.9,-38.5,-37.3,-35.1,-32.9,-31.5,-30.8,-30.8,-31.3,-34.1,-33.4,-34.3,-36.2,-38.0,-38.7,-37.8,-35.9,510.5,511.0,511.3,511.3,510.9,510.6,510.0,510.1,514.4,511.9,509.7,508.8,509.6,511.1,512.9,511.2,509.4,508.9,509.8,511.9,511.2,511.2,511.3,511.6,511.7,511.7,511.6,511.4,530.4,531.4,533.1,534.6,534.9,533.9,532.2,530.9,530.8,530.1,530.0,531.1,533.9,537.5,540.9,537.6,534.2,531.7,530.4,530.4,532.6,533.2,534.0,534.4,534.3,533.6,532.9,532.5,36.4,-2.1,650.0,0.218,-0.211,0.032,223.7,223.9,225.2,227.6,232.3,239.7,249.0,259.7,270.3,278.9,285.0,290.6,295.6,299.4,302.0,303.9,304.6,235.6,242.5,251.4,260.3,268.2,283.3,289.7,295.9,301.7,305.1,275.8,276.8,278.0,279.2,267.2,271.7,276.2,280.2,283.5,244.9,250.4,256.7,261.5,256.4,250.1,283.9,288.8,294.2,297.8,294.6,289.2,257.1,265.1,271.6,275.2,278.9,283.1,286.2,282.9,278.6,274.6,270.6,264.3,260.2,271.0,274.8,278.5,284.2,278.4,274.7,270.9,161.9,173.5,185.0,196.1,206.6,215.7,223.3,229.1,230.4,228.1,221.5,213.5,204.4,194.5,184.0,173.3,162.3,154.6,150.0,148.9,150.3,153.3,152.9,149.8,148.3,149.1,153.2,162.1,169.9,177.6,185.5,190.6,192.0,193.2,192.0,190.3,162.8,159.9,160.0,163.9,165.3,165.3,163.6,159.4,159.3,162.1,164.6,164.8,205.7,203.4,201.9,203.0,201.8,203.2,205.1,210.2,212.5,213.1,212.8,210.7,206.0,205.7,206.0,205.4,205.6,206.7,207.3,207.0,-45.3,-45.2,-43.2,-39.2,-31.0,-18.0,-1.8,16.6,34.9,50.3,62.3,73.6,83.3,90.2,94.7,97.9,99.0,-23.6,-12.2,2.2,16.5,29.2,54.1,65.4,76.7,87.8,95.0,41.8,43.1,44.6,46.1,27.9,35.2,42.4,49.1,54.9,-8.3,0.7,10.9,18.9,10.4,0.2,56.6,65.1,74.7,81.6,75.5,65.9,11.8,24.7,35.2,41.1,47.4,55.0,61.6,54.9,47.2,40.5,33.8,23.6,16.9,34.5,40.6,46.9,57.8,46.9,40.5,34.2,-44.1,-24.2,-4.4,15.1,33.5,49.3,62.1,71.3,73.7,70.8,60.6,47.1,30.9,12.7,-6.3,-25.8,-45.7,-54.0,-60.9,-62.3,-59.7,-54.8,-56.3,-62.1,-65.5,-65.1,-59.1,-41.2,-28.4,-15.8,-3.1,5.0,7.3,9.2,7.3,4.6,-40.6,-45.1,-45.0,-38.7,-36.4,-36.3,-40.0,-47.1,-47.6,-43.4,-38.7,-38.1,30.3,26.1,23.5,25.3,23.4,26.1,29.9,38.0,41.3,42.0,41.4,38.2,30.7,29.7,30.3,29.6,30.5,31.7,32.5,31.9,672.3,676.2,680.9,684.1,684.4,682.4,677.2,670.3,670.8,680.8,696.0,708.4,713.7,713.2,711.4,709.5,708.6,639.9,634.1,630.4,627.6,626.8,635.6,643.6,653.1,663.2,673.7,633.7,628.3,622.5,617.1,632.5,632.0,632.2,635.7,639.9,641.0,638.2,639.2,641.5,639.8,638.8,653.0,655.5,660.1,667.1,660.8,656.4,649.5,639.7,636.5,638.1,640.6,650.0,663.9,652.5,644.9,642.0,640.7,642.8,647.7,639.9,641.0,644.0,659.8,644.0,641.0,640.0,0.596,0.226,-0.279,0.047,271.808,186.042,-4.19,8.899,-13.348,15.828,5.647,0.252,-3.851,2.992,4.189,-1.459,0.503,1.382,0.505,-2.014,-0.471,-0.263,0.351,0.905,-0.893,-0.827,0.569,-0.435,-0.166,-0.259,0.234,-0.06,0.086,0.078,-0.112,0.008,-0.021,0.013,0.012,-0.001,0.23,0.0,0.0,0.5,0.0,0.0,0.0,0.0,0.0,0.46,0.0,0.0,0.0,0.0,0.0,0.0,0.0,0.0,1.0,0.0,1.0,0.0,0.0,0.0,0.0,0.0,0.0,0.0,0.0,0.0,0.0,0.0,0.0,1.0,0.0
PP133,g1,4007,0,0.975,0.216816,0.195755,-0.956384,0.06076,0.190812,-0.979744,0.142,0.197,249.8,251.1,254.3,257.5,258.7,257.6,254.2,251.0,245.3,247.4,250.4,253.9,257.4,259.9,261.6,259.5,256.6,253.4,250.2,247.4,252.8,254.2,255.6,256.2,255.6,254.3,252.9,252.3,287.1,288.0,290.7,293.6,295.0,294.1,291.4,288.2,284.1,286.0,288.6,291.9,294.7,296.7,297.7,296.7,294.9,292.4,289.5,286.4,289.7,291.0,292.2,292.6,292.0,290.7,289.5,289.1,161.5,158.2,157.0,158.4,161.6,165.1,166.1,164.7,162.8,161.1,159.9,159.4,160.1,161.7,163.8,164.9,165.3,165.4,165.1,164.3,163.0,163.6,163.1,161.7,160.2,159.6,160.2,161.6,161.2,158.1,156.7,157.9,160.9,164.0,165.4,164.5,163.5,161.3,159.7,158.9,159.4,160.5,162.2,163.7,164.5,164.9,164.8,164.5,162.5,163.1,162.4,161.1,159.7,159.2,159.8,161.2,-0.3,1.5,5.7,9.8,11.5,9.9,5.5,1.3,-6.2,-3.4,0.5,5.1,9.6,13.0,15.3,12.5,8.7,4.5,0.3,-3.4,3.7,5.5,7.3,8.1,7.4,5.6,3.8,3.0,50.5,51.8,55.7,59.8,61.7,60.4,56.5,52.1,46.3,48.9,52.5,57.0,61.2,64.3,66.2,64.4,61.4,57.8,53.6,49.5,54.2,56.0,57.7,58.3,57.5,55.7,54.0,53.4,-34.1,-38.4,-40.1,-38.2,-33.9,-29.4,-28.0,-29.8,-32.5,-34.7,-36.1,-36.7,-35.8,-33.9,-31.2,-29.6,-29.0,-28.8,-29.3,-30.5,-32.1,-31.3,-32.1,-33.9,-35.8,-36.6,-35.9,-34.0,-35.7,-40.1,-42.1,-40.6,-36.5,-32.1,-30.1,-31.3,-32.7,-35.6,-37.7,-38.9,-38.5,-37.3,-35.1,-32.8,-31.5,-30.8,-30.8,-31.3,-34.1,-33.4,-34.3,-36.2,-38.0,-38.7,-37.8,-35.9,511.6,512.1,512.5,512.4,512.0,511.8,511.2,511.2,515.5,513.1,510.9,509.9,510.7,512.3,514.1,512.3,510.6,510.1,511.0,513.1,512.4,512.4,512.5,512.7,512.9,512.9,512.8,512.6,531.1,532.1,533.8,535.3,535.6,534.6,532.9,531.6,531.5,530.7,530.6,531.8,534.6,538.2,541.6,538.3,534.9,532.4,531.1,531.1,533.3,533.9,534.7,535.1,535.0,534.3,533.6,533.1,36.7,-2.2,650.9,0.216,-0.21,0.033,223.8,224.0,225.4,227.8,232.4,239.8,249.1,259.8,270.5,279.1,285.2,290.9,295.8,299.6,302.2,304.1,304.7,235.8,242.7,251.6,260.5,268.4,283.4,289.8,296.0,301.9,305.2,275.9,277.0,278.2,279.3,267.4,271.9,276.4,280.3,283.6,245.2,250.7,256.9,261.7,256.6,250.4,284.1,289.0,294.4,297.9,294.8,289.4,257.3,265.3,271.8,275.3,279.1,283.2,286.4,283.0,278.8,274.8,270.8,264.6,260.4,271.2,274.9,278.6,284.3,278.6,274.9,271.1,161.8,173.4,184.9,195.9,206.4,215.6,223.1,228.9,230.2,227.9,221.4,213.4,204.4,194.4,184.1,173.4,162.5,154.6,150.0,148.9,150.3,153.3,152.9,149.9,148.4,149.3,153.4,162.1,169.9,177.5,185.4,190.5,192.0,193.2,191.9,190.3,162.8,159.9,160.0,163.9,165.3,165.3,163.6,159.5,159.4,162.1,164.7,164.8,205.7,203.4,201.9,202.9,201.8,203.2,205.1,210.1,212.3,212.9,212.6,210.6,206.0,205.6,205.9,205.4,205.6,206.6,207.2,206.8,-45.1,-45.1,-43.0,-39.0,-30.8,-17.8,-1.6,16.9,35.3,50.8,62.8,74.2,83.9,90.7,95.1,98.3,99.5,-23.3,-11.9,2.6,16.9,29.6,54.4,65.7,77.1,88.2,95.4,42.2,43.5,45.0,46.4,28.2,35.5,42.7,49.4,55.2,-7.9,1.1,11.3,19.3,10.8,0.6,57.0,65.5,75.1,81.9,75.9,66.3,12.2,25.1,35.5,41.5,47.7,55.3,61.9,55.2,47.5,40.8,34.1,24.0,17.3,34.8,41.0,47.3,58.0,47.2,40.9,34.6,-44.3,-24.4,-4.6,14.8,33.2,49.1,61.9,71.1,73.4,70.6,60.4,47.0,30.8,12.7,-6.3,-25.7,-45.5,-54.0,-61.0,-62.5,-59.8,-54.9,-56.3,-62.1,-65.5,-65.0,-58.9,-41.2,-28.4,-15.9,-3.3,4.9,7.2,9.2,7.2,4.6,-40.7,-45.2,-45.1,-38.8,-36.5,-36.4,-40.0,-47.1,-47.6,-43.4,-38.7,-38.1,30.3,26.0,23.4,25.2,23.4,26.1,29.9,37.9,41.1,41.8,41.2,38.0,30.6,29.7,30.3,29.6,30.5,31.5,32.4,31.7,673.6,677.5,682.1,685.2,685.5,683.3,678.0,671.1,671.5,681.5,696.9,709.3,714.8,714.3,712.5,710.6,709.8,641.1,635.2,631.5,628.7,627.9,636.7,644.7,654.1,664.2,674.7,634.8,629.4,623.5,618.1,633.5,633.0,633.2,636.7,640.8,642.0,639.1,640.2,642.5,640.8,639.8,654.1,656.5,661.1,668.1,661.9,657.4,650.3,640.5,637.4,639.0,641.4,650.9,664.7,653.2,645.7,642.7,641.4,643.5,648.4,640.7,641.8,644.9,660.5,644.8,641.7,640.8,0.596,0.224,-0.279,0.048,271.984,186.003,-3.239,9.17,-13.963,15.401,5.448,0.16,-3.674,3.016,4.337,-1.135,0.29,1.382,0.592,-1.869,-0.571,-0.253,0.469,0.984,-0.788,-0.798,0.616,-0.395,-0.222,-0.354,0.299,-0.079,0.068,0.078,-0.101,0.008,-0.025,0.011,0.01,-0.0,0.08,0.0,0.0,0.6,0.0,0.0,0.0,0.0,0.0,0.2,0.0,0.0,0.0,0.0,0.0,0.0,0.0,0.0,1.0,0.0,1.0,0.0,0.0,0.0,0.0,0.0,0.0,0.0,0.0,0.0,0.0,0.0,0.0,1.0,0.0
PP133,g1,4013,0,0.975,0.21695,0.195007,-0.956507,0.061275,0.190183,-0.979835,0.143,0.196,250.1,251.5,254.7,257.8,259.1,257.9,254.5,251.4,245.6,247.7,250.7,254.3,257.7,260.3,262.0,259.9,257.0,253.8,250.6,247.7,253.2,254.5,255.9,256.5,256.0,254.6,253.2,252.6,287.5,288.4,291.1,294.0,295.4,294.5,291.8,288.6,284.4,286.4,289.0,292.3,295.1,297.0,298.1,297.1,295.2,292.8,289.8,286.8,290.1,291.4,292.5,292.9,292.3,291.1,289.9,289.5,161.3,158.1,156.8,158.2,161.5,165.0,166.0,164.6,162.7,160.9,159.8,159.3,160.0,161.6,163.7,164.8,165.2,165.3,165.0,164.2,162.9,163.5,163.0,161.6,160.1,159.5,160.1,161.5,161.1,158.0,156.6,157.8,160.8,163.9,165.4,164.4,163.4,161.2,159.6,158.8,159.3,160.4,162.1,163.6,164.4,164.8,164.7,164.4,162.5,163.0,162.4,161.0,159.6,159.1,159.7,161.1,0.1,1.9,6.1,10.2,11.9,10.4,5.9,1.8,-5.7,-2.9,0.9,5.5,10.1,13.4,15.7,12.9,9.1,4.9,0.7,-3.0,4.1,5.9,7.8,8.6,7.8,6.0,4.2,3.4,50.8,52.2,56.0,60.2,62.1,60.7,56.9,52.4,46.7,49.3,52.9,57.4,61.6,64.6,66.6,64.7,61.8,58.2,54.0,49.9,54.6,56.4,58.1,58.7,57.8,56.0,54.4,53.8,-34.1,-38.4,-40.1,-38.3,-33.9,-29.4,-28.0,-29.8,-32.6,-34.8,-36.1,-36.7,-35.8,-33.9,-31.2,-29.6,-29.0,-28.8,-29.3,-30.5,-32.1,-31.3,-32.1,-33.9,-35.8,-36.6,-35.9,-34.0,-35.8,-40.1,-42.2,-40.7,-36.5,-32.2,-30.2,-31.3,-32.7,-35.6,-37.8,-38.9,-38.5,-37.3,-35.1,-32.9,-31.5,-30.9,-30.9,-31.3,-34.1,-33.5,-34.4,-36.3,-38.1,-38.7,-37.8,-35.9,510.0,510.5,510.8,510.8,510.4,510.1,509.6,509.6,513.9,511.4,509.3,508.3,509.1,510.7,512.4,510.7,509.0,508.5,509.4,511.5,510.8,510.7,510.9,511.1,511.3,511.3,511.2,510.9,530.0,531.0,532.7,534.2,534.5,533.5,531.8,530.5,530.4,529.6,529.5,530.7,533.5,537.1,540.5,537.2,533.8,531.3,530.0,530.0,532.2,532.8,533.6,534.0,533.9,533.2,532.5,532.0,37.4,-2.4,651.0,0.215,-0.211,0.032,224.2,224.4,225.8,228.2,232.9,240.2,249.5,260.2,270.9,279.4,285.5,291.1,296.1,299.9,302.4,304.3,305.0,236.2,243.1,252.0,260.9,268.8,283.7,290.2,296.4,302.3,305.6,276.3,277.4,278.6,279.7,267.8,272.3,276.8,280.7,284.0,245.5,251.0,257.3,262.1,257.0,250.7,284.4,289.3,294.8,298.3,295.2,289.8,257.7,265.7,272.2,275.8,279.4,283.6,286.7,283.4,279.2,275.2,271.2,265.0,260.8,271.6,275.3,279.0,284.7,279.0,275.3,271.5,161.7,173.4,184.9,195.9,206.4,215.5,223.1,228.8,230.1,227.9,221.3,213.3,204.3,194.4,183.9,173.2,162.3,154.5,149.8,148.7,150.2,153.2,152.8,149.7,148.3,149.1,153.3,162.0,169.7,177.4,185.3,190.4,191.8,193.0,191.8,190.1,162.6,159.7,159.9,163.8,165.2,165.2,163.5,159.4,159.3,162.0,164.6,164.8,205.6,203.2,201.7,202.8,201.6,203.0,205.0,210.0,212.3,212.8,212.5,210.5,205.8,205.4,205.8,205.2,205.4,206.5,207.1,206.7,-44.5,-44.4,-42.3,-38.2,-30.1,-17.1,-0.9,17.6,35.9,51.4,63.4,74.7,84.3,91.2,95.6,98.8,100.0,-22.7,-11.2,3.2,17.6,30.3,55.0,66.4,77.7,88.9,96.1,42.8,44.1,45.6,47.0,28.8,36.1,43.4,50.0,55.8,-7.4,1.7,11.9,19.9,11.4,1.2,57.6,66.1,75.8,82.6,76.5,66.9,12.9,25.8,36.2,42.1,48.4,56.0,62.5,55.8,48.2,41.5,34.9,24.7,18.0,35.5,41.6,47.9,58.7,47.9,41.6,35.3,-44.4,-24.5,-4.6,14.8,33.2,49.0,61.8,70.9,73.3,70.4,60.3,46.9,30.7,12.5,-6.5,-26.0,-45.8,-54.2,-61.3,-62.7,-60.1,-55.1,-56.5,-62.3,-65.7,-65.3,-59.1,-41.4,-28.6,-16.1,-3.5,4.7,7.0,8.9,7.0,4.3,-40.9,-45.4,-45.3,-39.0,-36.6,-36.5,-40.2,-47.3,-47.8,-43.6,-38.9,-38.3,30.1,25.8,23.2,25.0,23.1,25.9,29.7,37.7,40.9,41.6,41.1,37.9,30.4,29.4,30.0,29.3,30.3,31.3,32.2,31.6,673.6,677.5,682.1,685.1,685.4,683.3,678.2,671.2,671.7,681.7,697.1,709.5,714.9,714.4,712.6,710.8,710.0,641.2,635.4,631.6,628.8,628.1,636.7,644.8,654.3,664.5,675.1,635.0,629.6,623.6,618.2,633.6,633.1,633.3,636.9,641.0,642.2,639.4,640.4,642.7,641.0,640.0,654.3,656.8,661.4,668.5,662.2,657.7,650.4,640.6,637.4,639.0,641.5,651.0,664.9,653.3,645.7,642.8,641.4,643.6,648.5,640.7,641.8,644.9,660.7,644.9,641.8,640.9,0.595,0.223,-0.28,0.047,272.361,185.891,-3.269,9.143,-13.751,15.801,5.562,-0.052,-3.866,2.986,4.035,-1.532,0.399,1.147,0.309,-1.859,-0.547,-0.19,0.481,0.816,-0.747,-0.608,0.616,-0.35,-0.249,-0.376,0.313,-0.043,0.075,0.078,-0.1,0.001,-0.022,0.004,0.013,-0.0,0.14,0.0,0.0,0.8,0.0,0.0,0.0,0.0,0.0,0.04,0.0,0.0,0.0,0.0,0.0,0.0,0.0,0.0,1.0,0.0,1.0,0.0,0.0,0.0,0.0,0.0,0.0,0.0,0.0,0.0,0.0,0.0,0.0,1.0,0.0
PP133,g1,4019,0,0.925,0.216299,0.187586,-0.958137,0.065047,0.183184,-0.980924,0.144,0.189,250.1,251.5,254.6,257.8,259.1,257.9,254.5,251.4,245.7,247.8,250.7,254.2,257.7,260.3,262.0,259.9,257.0,253.8,250.6,247.8,253.2,254.6,255.9,256.5,256.0,254.6,253.2,252.6,287.3,288.3,290.9,293.8,295.2,294.3,291.6,288.5,284.3,286.2,288.9,292.1,294.9,296.9,297.9,296.9,295.1,292.7,289.7,286.7,290.0,291.2,292.4,292.8,292.2,290.9,289.7,289.3,161.3,158.0,156.7,158.1,161.4,164.9,165.9,164.5,162.7,160.9,159.7,159.2,159.9,161.4,163.5,164.7,165.1,165.2,164.9,164.1,162.8,163.4,162.8,161.4,160.0,159.4,160.0,161.4,160.9,157.8,156.4,157.5,160.6,163.7,165.1,164.2,163.2,161.0,159.4,158.6,159.1,160.1,161.9,163.4,164.2,164.6,164.5,164.2,162.2,162.7,162.1,160.8,159.4,158.9,159.5,160.9,0.1,1.9,6.1,10.2,11.9,10.4,5.9,1.8,-5.7,-2.9,0.9,5.5,10.0,13.4,15.8,13.0,9.1,4.9,0.8,-2.9,4.2,6.0,7.8,8.6,7.8,6.0,4.2,3.4,50.8,52.1,56.0,60.1,62.1,60.7,56.8,52.4,46.7,49.3,52.8,57.4,61.5,64.6,66.5,64.7,61.8,58.2,54.0,49.9,54.6,56.4,58.1,58.6,57.8,56.0,54.3,53.7,-34.3,-38.6,-40.3,-38.5,-34.2,-29.7,-28.2,-30.1,-32.7,-34.9,-36.3,-36.9,-36.1,-34.2,-31.5,-29.9,-29.3,-29.1,-29.5,-30.7,-32.4,-31.6,-32.3,-34.2,-36.1,-36.9,-36.1,-34.3,-36.2,-40.5,-42.5,-41.1,-36.9,-32.6,-30.5,-31.7,-33.1,-36.0,-38.2,-39.3,-38.9,-37.7,-35.5,-33.3,-31.9,-31.3,-31.3,-31.7,-34.5,-33.9,-34.7,-36.7,-38.5,-39.1,-38.2,-36.3,511.4,511.9,512.2,512.1,511.7,511.4,510.9,511.0,515.3,512.8,510.6,509.6,510.4,512.0,513.7,512.0,510.3,509.8,510.7,512.8,512.1,512.1,512.2,512.4,512.6,512.6,512.5,512.3,531.3,532.3,534.1,535.5,535.8,534.8,533.1,531.8,531.6,530.9,530.9,532.0,534.8,538.5,541.8,538.5,535.1,532.6,531.3,531.2,533.5,534.1,534.9,535.3,535.2,534.5,533.8,533.3,37.5,-2.4,650.1,0.203,-0.214,0.027,224.3,224.5,225.9,228.4,233.1,240.5,249.8,260.6,271.3,279.8,285.8,291.2,296.1,299.8,302.3,304.1,304.8,236.2,243.1,252.0,260.9,268.8,283.6,290.0,296.2,302.0,305.3,276.3,277.4,278.7,279.9,267.9,272.5,277.0,280.9,284.2,245.6,251.0,257.2,262.1,257.0,250.7,284.3,289.2,294.6,298.1,295.0,289.7,258.1,266.1,272.5,276.0,279.7,283.8,286.9,283.7,279.5,275.6,271.6,265.4,261.2,272.0,275.6,279.3,284.9,279.3,275.6,271.8,161.9,173.6,185.1,196.3,206.8,216.0,223.6,229.3,230.6,228.3,221.8,213.7,204.6,194.6,184.1,173.3,162.3,154.5,149.8,148.6,150.0,153.0,152.6,149.5,148.0,148.9,153.2,161.7,169.4,177.1,185.0,190.2,191.7,192.8,191.6,189.9,162.6,159.6,159.8,163.6,165.0,165.1,163.3,159.1,159.1,161.8,164.3,164.5,205.7,203.2,201.6,202.7,201.5,203.0,205.0,210.1,212.2,212.8,212.5,210.6,205.9,205.4,205.7,205.2,205.5,206.4,207.1,206.7,-44.3,-44.2,-42.0,-37.8,-29.6,-16.6,-0.4,18.2,36.5,52.0,63.8,74.8,84.2,90.9,95.3,98.4,99.4,-22.6,-11.3,3.2,17.5,30.2,54.8,66.0,77.3,88.4,95.6,42.7,44.1,45.7,47.2,29.1,36.3,43.6,50.2,56.0,-7.3,1.7,11.8,19.9,11.4,1.2,57.4,65.9,75.5,82.3,76.3,66.7,13.5,26.3,36.7,42.5,48.7,56.2,62.7,56.2,48.7,42.0,35.4,25.4,18.6,35.9,42.0,48.2,58.9,48.2,42.0,35.8,-44.1,-24.1,-4.2,15.4,33.8,49.8,62.5,71.6,73.9,71.1,61.0,47.5,31.3,13.0,-6.2,-25.8,-45.7,-54.1,-61.3,-62.9,-60.3,-55.4,-56.9,-62.7,-66.1,-65.6,-59.3,-41.9,-29.1,-16.5,-3.9,4.4,6.8,8.7,6.7,4.0,-40.9,-45.6,-45.4,-39.2,-36.8,-36.7,-40.5,-47.7,-48.1,-43.9,-39.2,-38.7,30.3,25.8,23.0,24.8,22.9,25.7,29.7,37.6,40.8,41.5,41.0,37.9,30.6,29.3,29.8,29.1,30.3,31.2,32.1,31.5,672.9,676.7,681.2,684.1,684.2,682.0,676.8,669.7,670.2,680.4,695.9,708.5,714.0,713.5,711.7,709.8,709.1,640.7,635.0,631.4,628.6,627.9,636.6,644.7,654.3,664.4,675.0,634.6,629.0,622.9,617.3,632.7,632.1,632.3,635.9,640.2,641.6,638.9,640.0,642.2,640.5,639.4,653.9,656.6,661.2,668.2,661.8,657.3,649.1,639.3,636.3,637.9,640.4,649.8,663.6,652.0,644.4,641.5,640.1,642.1,647.2,639.5,640.7,643.8,659.4,643.7,640.6,639.6,0.596,0.211,-0.284,0.042,272.469,185.886,-3.719,9.67,-14.018,17.183,4.294,0.276,-3.437,3.281,4.306,-2.118,0.185,1.097,0.082,-1.998,-0.414,-0.274,0.373,0.919,-0.771,-0.519,0.582,-0.269,-0.288,-0.416,0.256,0.034,0.094,0.071,-0.107,-0.003,-0.026,-0.005,0.013,0.002,0.36,0.0,0.0,0.88,0.0,0.0,0.0,0.0,0.0,0.23,0.0,0.0,0.0,0.0,0.0,0.0,0.0,0.0,1.0,0.0,1.0,0.0,0.0,0.0,0.0,0.0,0.0,0.0,0.0,0.0,0.0,0.0,0.0,1.0,0.0
PP133,g1,4025,0,0.975,0.214369,0.191092,-0.957878,0.062019,0.186192,-0.980554,0.142,0.192,250.2,251.5,254.7,257.9,259.2,258.0,254.6,251.4,245.8,247.8,250.8,254.3,257.8,260.3,262.0,260.0,257.1,253.8,250.7,247.8,253.2,254.6,256.0,256.6,256.1,254.7,253.3,252.7,287.5,288.4,291.1,294.0,295.4,294.5,291.8,288.6,284.4,286.4,289.0,292.3,295.1,297.0,298.1,297.1,295.2,292.8,289.8,286.8,290.1,291.4,292.5,292.9,292.3,291.1,289.9,289.5,161.1,157.9,156.6,158.0,161.3,164.8,165.8,164.4,162.6,160.8,159.6,159.1,159.8,161.3,163.5,164.6,165.0,165.1,164.8,164.0,162.7,163.3,162.7,161.3,159.9,159.3,159.9,161.3,160.9,157.8,156.4,157.5,160.6,163.7,165.1,164.2,163.1,161.0,159.4,158.6,159.1,160.1,161.9,163.4,164.2,164.6,164.5,164.2,162.2,162.7,162.1,160.7,159.4,158.9,159.5,160.9,0.2,2.0,6.2,10.4,12.0,10.5,6.0,1.9,-5.6,-2.8,1.0,5.6,10.2,13.5,15.8,13.1,9.2,5.0,0.9,-2.8,4.3,6.1,7.9,8.7,8.0,6.2,4.3,3.5,50.9,52.2,56.1,60.2,62.2,60.8,56.9,52.5,46.8,49.4,52.9,57.5,61.6,64.7,66.6,64.8,61.9,58.2,54.1,49.9,54.7,56.5,58.2,58.8,57.9,56.1,54.4,53.8,-34.5,-38.7,-40.5,-38.6,-34.3,-29.8,-28.4,-30.2,-32.9,-35.1,-36.5,-37.1,-36.2,-34.3,-31.6,-30.0,-29.4,-29.2,-29.7,-30.8,-32.5,-31.7,-32.5,-34.3,-36.2,-37.0,-36.2,-34.4,-36.1,-40.5,-42.5,-41.0,-36.9,-32.5,-30.5,-31.7,-33.1,-36.0,-38.2,-39.3,-38.9,-37.7,-35.4,-33.2,-31.9,-31.2,-31.2,-31.7,-34.5,-33.8,-34.7,-36.6,-38.4,-39.1,-38.2,-36.3,511.3,511.8,512.1,512.0,511.6,511.3,510.8,510.8,515.2,512.7,510.5,509.5,510.3,511.8,513.6,511.9,510.2,509.7,510.6,512.7,512.0,511.9,512.1,512.3,512.5,512.5,512.4,512.2,530.5,531.5,533.2,534.7,535.0,534.0,532.3,530.9,530.8,530.1,530.0,531.2,534.0,537.6,541.0,537.7,534.3,531.7,530.4,530.4,532.6,533.3,534.0,534.5,534.3,533.7,532.9,532.5,37.6,-2.5,650.9,0.209,-0.21,0.03,224.4,224.6,226.0,228.5,233.1,240.5,249.7,260.5,271.1,279.7,285.7,291.2,296.1,299.9,302.4,304.3,305.0,236.4,243.3,252.2,261.0,268.9,283.7,290.2,296.3,302.2,305.5,276.4,277.4,278.6,279.8,267.9,272.4,276.9,280.8,284.1,245.6,251.1,257.3,262.2,257.0,250.8,284.4,289.3,294.8,298.3,295.2,289.8,257.9,265.9,272.3,275.9,279.6,283.7,286.8,283.5,279.3,275.4,271.4,265.2,261.0,271.7,275.5,279.1,284.8,279.1,275.4,271.6,161.7,173.4,185.0,196.1,206.7,215.8,223.4,229.1,230.4,228.1,221.6,213.5,204.4,194.4,184.0,173.2,162.2,154.3,149.7,148.6,150.0,153.0,152.6,149.6,148.1,148.9,153.1,161.7,169.5,177.2,185.1,190.2,191.7,192.9,191.6,190.0,162.5,159.5,159.7,163.6,165.0,165.0,163.3,159.1,159.1,161.8,164.3,164.5,205.6,203.2,201.6,202.7,201.5,203.0,205.0,210.0,212.2,212.7,212.4,210.5,205.8,205.4,205.7,205.2,205.4,206.4,207.0,206.7,-44.1,-44.0,-41.9,-37.8,-29.6,-16.6,-0.5,18.0,36.3,51.8,63.7,74.9,84.4,91.2,95.6,98.8,99.9,-22.4,-10.9,3.5,17.7,30.4,55.0,66.3,77.7,88.8,96.0,42.8,44.2,45.7,47.2,29.0,36.3,43.6,50.2,56.0,-7.2,1.8,12.0,20.1,11.6,1.3,57.7,66.2,75.8,82.6,76.6,67.0,13.1,26.0,36.4,42.3,48.5,56.1,62.6,56.0,48.4,41.7,35.1,25.0,18.2,35.7,41.8,48.1,58.8,48.1,41.7,35.5,-44.5,-24.5,-4.4,15.1,33.6,49.5,62.3,71.4,73.7,70.9,60.8,47.2,31.0,12.7,-6.4,-26.0,-45.9,-54.5,-61.6,-63.0,-60.4,-55.4,-56.9,-62.7,-66.0,-65.6,-59.4,-41.9,-29.0,-16.4,-3.7,4.4,6.8,8.7,6.8,4.1,-41.2,-45.8,-45.6,-39.4,-37.0,-36.9,-40.6,-47.7,-48.1,-43.9,-39.3,-38.7,30.1,25.7,23.0,24.8,23.0,25.8,29.7,37.6,40.8,41.5,40.9,37.8,30.4,29.3,29.9,29.1,30.3,31.2,32.1,31.4,673.6,677.5,682.1,685.1,685.3,683.0,677.8,670.8,671.2,681.2,696.7,709.1,714.5,713.9,712.1,710.1,709.3,641.2,635.5,631.9,629.2,628.4,637.1,645.1,654.6,664.6,675.2,635.1,629.6,623.6,618.2,633.5,632.9,633.1,636.7,640.9,642.3,639.5,640.6,642.8,641.1,640.1,654.4,656.9,661.5,668.5,662.2,657.7,650.2,640.4,637.4,639.0,641.4,650.8,664.6,653.0,645.4,642.5,641.1,643.3,648.3,640.6,641.7,644.8,660.4,644.7,641.6,640.6,0.596,0.217,-0.28,0.045,272.468,185.827,-4.71,9.746,-13.924,16.717,4.773,0.751,-3.652,2.878,4.137,-1.943,0.631,1.194,0.019,-1.933,-0.473,-0.16,0.472,0.93,-0.727,-0.698,0.486,-0.211,-0.286,-0.393,0.243,-0.036,0.102,0.08,-0.107,0.0,-0.019,0.002,0.013,-0.001,0.36,0.0,0.0,0.8,0.0,0.0,0.0,0.0,0.0,0.35,0.0,0.0,0.0,0.0,0.0,0.0,0.0,0.0,1.0,0.0,1.0,0.0,0.0,0.0,0.0,0.0,0.0,0.0,0.0,0.0,0.0,0.0,0.0,1.0,0.0
PP133,g1,4031,0,0.925,0.217933,0.192787,-0.956733,0.064023,0.188005,-0.980079,0.145,0.194,250.2,251.5,254.7,257.9,259.2,258.0,254.6,251.4,245.7,247.8,250.8,254.3,257.8,260.3,262.0,260.0,257.1,253.8,250.7,247.8,253.2,254.6,256.0,256.6,256.1,254.7,253.3,252.7,287.5,288.4,291.1,294.0,295.4,294.5,291.8,288.6,284.4,286.4,289.0,292.3,295.1,297.0,298.1,297.1,295.2,292.8,289.8,286.8,290.1,291.3,292.5,292.9,292.3,291.1,289.9,289.5,160.9,157.6,156.4,157.8,161.0,164.5,165.5,164.1,162.3,160.5,159.3,158.8,159.5,161.1,163.2,164.3,164.7,164.8,164.5,163.7,162.4,163.0,162.5,161.1,159.6,159.0,159.6,161.0,160.6,157.5,156.1,157.3,160.3,163.5,164.9,163.9,162.9,160.7,159.1,158.4,158.8,159.9,161.6,163.1,163.9,164.3,164.2,163.9,162.0,162.5,161.9,160.5,159.2,158.6,159.3,160.6,0.2,2.0,6.2,10.3,12.0,10.5,6.0,1.9,-5.6,-2.9,1.0,5.6,10.1,13.5,15.8,13.0,9.2,5.0,0.9,-2.9,4.2,6.0,7.9,8.7,7.9,6.1,4.3,3.5,50.9,52.3,56.2,60.3,62.2,60.9,57.0,52.5,46.8,49.4,53.0,57.5,61.7,64.8,66.7,64.8,61.9,58.3,54.1,50.0,54.7,56.5,58.2,58.8,58.0,56.2,54.5,53.9,-34.8,-39.1,-40.8,-38.9,-34.6,-30.1,-28.7,-30.5,-33.2,-35.4,-36.7,-37.4,-36.5,-34.6,-31.9,-30.3,-29.7,-29.5,-30.0,-31.2,-32.8,-32.0,-32.8,-34.6,-36.5,-37.3,-36.6,-34.7,-36.5,-40.9,-42.9,-41.4,-37.3,-32.9,-30.9,-32.1,-33.5,-36.4,-38.6,-39.7,-39.3,-38.1,-35.9,-33.6,-32.3,-31.6,-31.6,-32.1,-34.9,-34.2,-35.1,-37.0,-38.8,-39.5,-38.6,-36.7,510.6,511.1,511.4,511.3,511.0,510.7,510.1,510.2,514.5,512.0,509.8,508.9,509.6,511.2,513.0,511.2,509.5,509.0,510.0,512.0,511.3,511.3,511.4,511.7,511.8,511.9,511.7,511.5,531.1,532.1,533.9,535.3,535.6,534.6,532.9,531.6,531.4,530.7,530.7,531.8,534.6,538.2,541.6,538.3,534.9,532.4,531.1,531.0,533.3,533.9,534.7,535.1,535.0,534.3,533.6,533.1,37.5,-3.0,650.6,0.21,-0.214,0.032,224.3,224.5,225.9,228.3,232.9,240.3,249.5,260.3,271.0,279.5,285.5,291.1,296.0,299.8,302.3,304.2,304.9,236.3,243.3,252.2,261.0,268.9,283.7,290.1,296.3,302.2,305.5,276.4,277.5,278.7,279.9,267.9,272.4,276.9,280.8,284.2,245.6,251.1,257.3,262.2,257.0,250.8,284.4,289.3,294.7,298.2,295.1,289.8,257.9,265.9,272.4,275.9,279.6,283.7,286.8,283.5,279.4,275.4,271.4,265.2,261.0,271.8,275.5,279.2,284.8,279.2,275.5,271.7,161.4,173.0,184.6,195.7,206.2,215.4,223.0,228.7,230.0,227.8,221.2,213.2,204.1,194.1,183.6,172.9,161.9,154.0,149.4,148.3,149.7,152.8,152.4,149.3,147.8,148.7,152.9,161.5,169.2,176.9,184.8,189.9,191.4,192.5,191.3,189.7,162.2,159.3,159.4,163.3,164.7,164.7,163.0,158.9,158.8,161.6,164.1,164.3,205.3,202.8,201.3,202.3,201.2,202.6,204.6,209.6,211.8,212.4,212.1,210.1,205.5,205.0,205.3,204.8,205.1,206.0,206.6,206.3,-44.2,-44.2,-42.1,-38.1,-29.9,-17.0,-0.8,17.7,36.0,51.5,63.4,74.6,84.2,91.0,95.5,98.7,99.8,-22.5,-11.0,3.5,17.8,30.5,55.0,66.3,77.6,88.8,96.0,42.9,44.3,45.8,47.3,29.0,36.3,43.6,50.2,56.0,-7.2,1.8,12.0,20.1,11.5,1.3,57.6,66.1,75.8,82.5,76.5,67.0,13.1,26.0,36.5,42.4,48.6,56.1,62.6,56.0,48.5,41.7,35.1,25.0,18.2,35.7,41.9,48.1,58.8,48.1,41.8,35.5,-45.0,-25.1,-5.1,14.4,32.8,48.7,61.5,70.6,73.0,70.2,60.1,46.6,30.3,12.0,-7.1,-26.6,-46.5,-54.9,-62.0,-63.4,-60.8,-55.8,-57.3,-63.1,-66.4,-66.1,-59.9,-42.3,-29.5,-17.0,-4.3,3.9,6.2,8.2,6.2,3.5,-41.6,-46.2,-46.0,-39.8,-37.4,-37.3,-41.0,-48.1,-48.6,-44.4,-39.7,-39.1,29.5,25.1,22.5,24.3,22.4,25.2,29.1,37.0,40.2,40.8,40.3,37.2,29.8,28.8,29.3,28.6,29.7,30.5,31.4,30.8,673.0,676.9,681.4,684.4,684.7,682.6,677.4,670.4,670.9,681.0,696.5,709.0,714.5,714.1,712.3,710.4,709.7,640.8,635.1,631.5,628.8,628.1,636.8,644.9,654.5,664.6,675.2,634.8,629.3,623.3,617.8,633.1,632.6,632.8,636.4,640.6,641.8,639.1,640.2,642.4,640.7,639.6,654.2,656.8,661.4,668.4,662.1,657.6,649.7,639.9,636.9,638.5,641.0,650.4,664.3,652.6,645.0,642.0,640.7,642.8,647.8,640.1,641.2,644.3,660.1,644.2,641.1,640.1,0.596,0.217,-0.284,0.046,272.44,185.496,-3.53,9.314,-13.836,16.4,4.645,0.297,-3.831,2.781,4.153,-1.885,0.591,1.427,0.061,-1.814,-0.58,-0.246,0.419,0.763,-0.715,-0.739,0.556,-0.309,-0.247,-0.372,0.194,-0.045,0.092,0.083,-0.114,-0.0,-0.016,0.004,0.013,-0.005,0.2,0.0,0.0,0.87,0.0,0.0,0.0,0.0,0.0,0.37,0.0,0.0,0.0,0.0,0.0,0.0,0.0,0.0,1.0,0.0,1.0,0.0,0.0,0.0,0.0,0.0,0.0,0.0,0.0,0.0,0.0,0.0,0.0,1.0,0.0
PP133,g1,4037,0,0.925,0.216351,0.188573,-0.957931,0.063745,0.184326,-0.980796,0.143,0.19,250.0,251.4,254.5,257.7,259.0,257.8,254.4,251.3,245.6,247.7,250.6,254.1,257.6,260.1,261.9,259.8,256.9,253.7,250.5,247.7,253.1,254.4,255.8,256.4,255.9,254.5,253.1,252.5,287.3,288.2,290.9,293.8,295.2,294.3,291.6,288.5,284.3,286.2,288.9,292.1,294.9,296.8,297.9,296.9,295.1,292.6,289.7,286.6,289.9,291.2,292.4,292.8,292.2,290.9,289.7,289.3,160.5,157.3,156.0,157.3,160.6,164.1,165.1,163.7,161.9,160.1,159.0,158.4,159.1,160.6,162.7,163.9,164.3,164.4,164.1,163.3,162.0,162.6,162.0,160.6,159.2,158.6,159.2,160.6,160.2,157.1,155.7,156.8,159.9,163.0,164.4,163.5,162.4,160.3,158.7,157.9,158.4,159.5,161.2,162.7,163.5,163.8,163.8,163.4,161.5,162.0,161.4,160.1,158.7,158.2,158.8,160.2,0.0,1.8,6.0,10.1,11.8,10.3,5.8,1.7,-5.8,-3.1,0.8,5.4,9.9,13.3,15.6,12.9,9.0,4.8,0.7,-3.1,4.0,5.8,7.7,8.5,7.7,5.9,4.1,3.3,50.9,52.2,56.1,60.2,62.2,60.8,56.9,52.5,46.8,49.3,52.9,57.5,61.6,64.7,66.6,64.8,61.9,58.2,54.1,49.9,54.6,56.4,58.1,58.7,57.9,56.1,54.4,53.8,-35.5,-39.7,-41.5,-39.7,-35.4,-30.8,-29.4,-31.2,-33.9,-36.1,-37.4,-38.0,-37.2,-35.3,-32.7,-31.1,-30.4,-30.2,-30.7,-31.8,-33.5,-32.7,-33.5,-35.3,-37.2,-38.0,-37.2,-35.4,-37.2,-41.6,-43.6,-42.1,-38.0,-33.6,-31.6,-32.8,-34.2,-37.1,-39.3,-40.4,-40.0,-38.7,-36.5,-34.3,-33.0,-32.3,-32.4,-32.8,-35.6,-34.9,-35.8,-37.7,-39.5,-40.2,-39.3,-37.4,512.7,513.2,513.5,513.5,513.1,512.8,512.2,512.3,516.6,514.1,511.9,511.0,511.8,513.3,515.1,513.3,511.6,511.1,512.1,514.1,513.4,513.4,513.5,513.8,513.9,514.0,513.8,513.6,532.6,533.6,535.3,536.8,537.1,536.1,534.3,533.0,532.9,532.2,532.1,533.3,536.1,539.7,543.1,539.7,536.4,533.8,532.5,532.5,534.7,535.4,536.1,536.6,536.4,535.8,535.0,534.6,37.3,-3.7,650.9,0.201,-0.212,0.028,224.3,224.5,225.9,228.3,233.0,240.3,249.6,260.4,271.0,279.6,285.6,291.1,296.0,299.7,302.3,304.1,304.8,236.1,243.0,251.8,260.7,268.6,283.6,290.0,296.2,302.0,305.3,276.2,277.3,278.5,279.7,267.8,272.3,276.8,280.7,284.0,245.5,250.9,257.1,262.0,256.9,250.6,284.3,289.2,294.6,298.1,295.0,289.6,257.8,265.8,272.2,275.8,279.5,283.6,286.8,283.5,279.3,275.3,271.3,265.1,260.9,271.7,275.4,279.1,284.8,279.1,275.4,271.6,161.3,172.9,184.5,195.6,206.1,215.2,222.8,228.5,229.8,227.5,221.0,212.9,203.8,193.8,183.3,172.6,161.6,153.7,149.0,147.8,149.2,152.2,151.8,148.7,147.3,148.2,152.5,160.9,168.6,176.3,184.2,189.4,190.8,192.0,190.8,189.1,161.8,158.9,159.0,162.8,164.2,164.3,162.5,158.5,158.4,161.2,163.6,163.8,204.8,202.3,200.8,201.8,200.7,202.1,204.1,209.2,211.3,211.9,211.6,209.6,205.0,204.5,204.8,204.3,204.6,205.6,206.2,205.8,-44.4,-44.3,-42.1,-38.0,-29.8,-16.9,-0.7,17.8,36.1,51.6,63.5,74.7,84.2,90.9,95.3,98.5,99.5,-22.8,-11.5,3.0,17.3,30.0,54.8,66.1,77.4,88.5,95.7,42.6,44.0,45.5,47.0,28.8,36.1,43.4,50.1,55.8,-7.5,1.5,11.7,19.8,11.3,1.1,57.4,65.9,75.5,82.3,76.3,66.8,13.0,25.9,36.3,42.2,48.4,56.0,62.5,56.0,48.4,41.6,35.0,24.9,18.1,35.5,41.7,48.0,58.7,48.0,41.7,35.4,-45.3,-25.3,-5.3,14.2,32.6,48.5,61.2,70.3,72.6,69.8,59.7,46.2,29.9,11.5,-7.6,-27.2,-47.1,-55.5,-62.7,-64.3,-61.8,-56.9,-58.4,-64.1,-67.4,-66.9,-60.6,-43.3,-30.4,-17.9,-5.2,3.0,5.4,7.3,5.3,2.7,-42.3,-46.9,-46.8,-40.6,-38.2,-38.0,-41.9,-48.9,-49.3,-45.1,-40.5,-40.0,28.8,24.3,21.7,23.4,21.6,24.4,28.3,36.2,39.3,40.0,39.5,36.4,29.1,27.9,28.5,27.7,28.9,29.8,30.6,30.0,673.8,677.5,681.9,684.8,684.8,682.6,677.3,670.2,670.7,680.9,696.4,708.9,714.5,714.1,712.3,710.6,709.9,641.9,636.2,632.5,629.8,629.0,637.7,645.8,655.3,665.3,675.8,635.6,629.9,623.8,618.2,633.5,632.9,633.1,636.7,641.0,642.6,639.9,641.0,643.2,641.4,640.4,654.9,657.5,662.0,669.0,662.6,658.2,649.9,640.2,637.2,638.8,641.3,650.7,664.4,652.7,645.1,642.1,640.7,642.9,648.0,640.3,641.4,644.5,660.2,644.4,641.3,640.3,0.596,0.208,-0.282,0.042,272.334,185.085,-4.297,9.347,-13.767,16.446,4.504,0.549,-4.147,2.554,4.082,-1.959,0.332,1.142,0.323,-1.997,-0.407,-0.457,0.33,0.909,-0.812,-0.669,0.576,-0.256,-0.241,-0.504,0.242,0.0,0.102,0.092,-0.112,-0.003,-0.023,-0.002,0.013,-0.004,0.15,0.0,0.0,0.53,0.0,0.0,0.0,0.0,0.0,0.19,0.0,0.0,0.0,0.0,0.0,0.0,0.0,0.0,1.0,0.0,1.0,0.0,0.0,0.0,0.0,0.0,0.0,0.0,0.0,0.0,0.0,0.0,0.0,1.0,0.0
PP133,g1,4043,0,0.975,0.218149,0.186452,-0.957939,0.065091,0.181216,-0.981287,0.145,0.187,250.4,251.8,254.9,258.1,259.3,258.2,254.8,251.7,246.0,248.1,251.0,254.5,257.9,260.5,262.2,260.1,257.2,254.0,250.9,248.1,253.4,254.8,256.2,256.8,256.2,254.9,253.5,252.9,287.5,288.5,291.1,294.0,295.3,294.4,291.7,288.6,284.5,286.4,289.1,292.3,295.1,297.0,298.0,297.0,295.2,292.7,289.8,286.8,290.1,291.3,292.5,292.9,292.3,291.1,289.9,289.5,160.0,156.8,155.5,156.9,160.1,163.6,164.6,163.2,161.4,159.6,158.5,158.0,158.7,160.2,162.3,163.4,163.7,163.9,163.5,162.8,161.5,162.1,161.6,160.2,158.7,158.1,158.7,160.1,160.0,156.9,155.6,156.7,159.8,162.9,164.2,163.3,162.1,160.0,158.5,157.8,158.3,159.4,161.1,162.5,163.3,163.6,163.5,163.2,161.3,161.8,161.3,159.9,158.6,158.1,158.7,160.0,0.5,2.3,6.5,10.7,12.3,10.8,6.3,2.2,-5.3,-2.5,1.3,6.0,10.5,13.9,16.1,13.4,9.5,5.3,1.2,-2.6,4.6,6.4,8.2,9.0,8.3,6.5,4.6,3.8,51.6,53.0,56.9,61.0,62.9,61.5,57.6,53.2,47.5,50.1,53.7,58.3,62.4,65.5,67.4,65.5,62.6,59.0,54.8,50.6,55.4,57.2,58.9,59.5,58.7,56.9,55.2,54.6,-36.4,-40.7,-42.4,-40.6,-36.2,-31.7,-30.3,-32.1,-34.8,-37.0,-38.3,-38.9,-38.1,-36.2,-33.5,-32.0,-31.4,-31.2,-31.6,-32.8,-34.4,-33.6,-34.4,-36.2,-38.1,-38.9,-38.2,-36.3,-37.9,-42.2,-44.2,-42.7,-38.5,-34.1,-32.2,-33.4,-34.9,-37.8,-39.9,-40.9,-40.5,-39.2,-37.0,-34.8,-33.5,-32.9,-33.0,-33.5,-36.2,-35.5,-36.4,-38.3,-40.1,-40.8,-39.9,-38.0,516.5,517.1,517.4,517.4,517.0,516.7,516.1,516.1,520.4,517.9,515.8,514.9,515.7,517.2,519.0,517.3,515.5,515.0,515.9,517.9,517.3,517.3,517.4,517.7,517.8,517.9,517.7,517.5,537.7,538.8,540.5,541.9,542.2,541.2,539.4,538.1,538.0,537.3,537.3,538.4,541.2,544.8,548.2,544.8,541.4,538.9,537.6,537.6,539.8,540.5,541.2,541.7,541.6,540.9,540.2,539.7,37.6,-4.4,651.8,0.191,-0.215,0.034,224.5,224.7,225.9,228.3,232.9,240.3,249.6,260.3,271.0,279.5,285.6,291.1,296.0,299.7,302.3,304.2,304.8,236.6,243.5,252.3,261.2,269.0,283.9,290.2,296.3,302.1,305.4,276.5,277.6,278.8,279.9,267.9,272.4,276.9,280.9,284.2,245.9,251.3,257.5,262.3,257.2,251.0,284.5,289.4,294.7,298.2,295.1,289.8,257.8,265.9,272.3,275.9,279.6,283.7,286.8,283.5,279.3,275.4,271.4,265.1,260.9,271.7,275.5,279.2,284.8,279.2,275.4,271.6,160.8,172.5,184.1,195.3,205.8,215.0,222.5,228.1,229.5,227.3,220.9,212.9,203.9,193.9,183.4,172.7,161.8,153.0,148.3,147.1,148.5,151.5,151.3,148.3,147.0,148.0,152.3,160.4,168.1,175.7,183.5,188.8,190.3,191.5,190.3,188.7,161.3,158.4,158.6,162.4,163.7,163.7,162.2,158.3,158.3,161.1,163.4,163.5,204.3,201.8,200.2,201.3,200.2,201.7,203.9,208.8,210.8,211.4,211.0,209.1,204.5,204.0,204.3,203.9,204.3,205.1,205.7,205.3,-44.0,-44.0,-42.1,-38.1,-29.9,-16.9,-0.8,17.7,36.0,51.5,63.4,74.6,84.2,91.0,95.4,98.7,99.9,-22.1,-10.7,3.8,18.0,30.7,55.4,66.7,78.0,89.0,96.2,43.2,44.5,46.0,47.5,29.1,36.4,43.7,50.4,56.2,-6.8,2.2,12.3,20.3,11.8,1.7,57.9,66.4,76.0,82.7,76.7,67.2,13.0,26.0,36.5,42.4,48.7,56.2,62.7,56.1,48.5,41.7,35.1,24.9,18.1,35.7,41.9,48.2,58.9,48.2,41.8,35.5,-46.1,-26.0,-5.9,13.6,32.1,48.0,60.7,69.7,72.0,69.4,59.6,46.2,30.0,11.7,-7.4,-27.0,-46.9,-56.8,-64.1,-65.6,-63.0,-58.1,-59.3,-65.0,-68.1,-67.5,-61.1,-44.2,-31.4,-18.9,-6.3,2.1,4.5,6.4,4.5,1.9,-43.2,-47.8,-47.6,-41.5,-39.2,-39.0,-42.4,-49.3,-49.6,-45.4,-40.9,-40.5,27.9,23.4,20.8,22.6,20.9,23.7,27.8,35.6,38.6,39.2,38.6,35.5,28.2,27.1,27.7,27.0,28.4,29.0,29.8,29.2,674.9,678.4,682.7,685.4,685.2,682.7,677.2,670.0,670.7,681.0,696.8,709.5,715.1,714.9,713.3,711.8,711.4,643.2,637.7,634.2,631.5,630.7,639.5,647.7,657.2,667.3,677.6,637.2,631.4,625.2,619.5,634.4,633.9,634.1,637.8,642.1,643.8,641.3,642.4,644.6,642.7,641.6,656.4,659.2,663.7,670.6,664.2,659.7,650.3,640.8,637.9,639.5,642.1,651.5,665.2,653.4,645.7,642.6,641.2,643.3,648.5,640.9,642.1,645.3,661.0,645.1,641.9,640.9,0.595,0.197,-0.285,0.048,272.472,184.694,-4.941,9.919,-13.934,16.147,4.259,0.551,-4.041,2.38,3.589,-1.611,0.266,0.993,0.099,-1.979,-0.559,-0.413,0.064,0.693,-1.043,-0.851,0.646,-0.416,-0.203,-0.543,0.183,0.057,0.065,0.072,-0.111,-0.001,-0.022,0.003,0.012,-0.005,0.26,0.0,0.0,0.72,0.0,0.0,0.13,0.0,0.0,0.35,0.0,0.0,0.0,0.0,0.0,0.0,0.0,0.0,1.0,0.0,1.0,0.0,0.0,0.0,0.0,0.0,0.0,0.0,0.0,0.0,0.0,0.0,0.0,1.0,0.0
PP133,g1,4049,0,0.975,0.22011,0.180142,-0.958697,0.067206,0.174885,-0.982293,0.147,0.181,250.6,251.9,255.1,258.2,259.4,258.3,254.9,251.8,246.2,248.3,251.2,254.7,258.0,260.5,262.2,260.2,257.3,254.2,251.0,248.2,253.6,254.9,256.3,256.9,256.3,255.0,253.6,253.0,287.4,288.4,291.0,293.9,295.2,294.2,291.5,288.5,284.4,286.4,289.0,292.2,294.9,296.8,297.8,296.8,295.0,292.6,289.7,286.7,290.0,291.2,292.4,292.8,292.2,291.0,289.8,289.4,159.7,156.5,155.3,156.6,159.8,163.3,164.3,162.9,161.1,159.3,158.2,157.7,158.4,159.9,162.0,163.0,163.4,163.5,163.2,162.5,161.2,161.8,161.3,159.9,158.5,157.9,158.4,159.8,159.9,156.9,155.6,156.8,159.8,162.8,164.1,163.2,162.0,160.0,158.5,157.8,158.4,159.5,161.2,162.5,163.3,163.6,163.4,163.1,161.3,161.8,161.2,159.9,158.6,158.1,158.6,160.0,0.8,2.6,6.8,10.9,12.6,11.0,6.6,2.4,-5.1,-2.3,1.6,6.2,10.7,14.1,16.4,13.6,9.8,5.6,1.4,-2.4,4.8,6.6,8.4,9.2,8.5,6.7,4.8,4.1,52.2,53.6,57.5,61.6,63.5,62.0,58.1,53.7,48.0,50.7,54.3,58.9,63.0,66.1,68.0,66.1,63.2,59.5,55.3,51.2,55.9,57.7,59.4,60.1,59.3,57.5,55.8,55.1,-37.1,-41.4,-43.1,-41.3,-37.0,-32.4,-31.0,-32.8,-35.6,-37.7,-39.0,-39.6,-38.8,-36.9,-34.3,-32.7,-32.1,-31.9,-32.4,-33.5,-35.1,-34.3,-35.1,-37.0,-38.8,-39.6,-38.9,-37.0,-38.5,-42.8,-44.7,-43.1,-38.9,-34.6,-32.7,-34.0,-35.6,-38.4,-40.4,-41.4,-40.9,-39.6,-37.4,-35.2,-34.0,-33.5,-33.6,-34.1,-36.7,-36.0,-36.9,-38.7,-40.6,-41.3,-40.4,-38.5,521.6,522.2,522.5,522.5,522.1,521.8,521.2,521.2,525.5,523.0,520.9,520.0,520.8,522.4,524.2,522.4,520.6,520.1,521.0,523.0,522.4,522.4,522.6,522.8,523.0,523.0,522.8,522.6,544.8,545.8,547.6,549.0,549.2,548.2,546.4,545.1,545.1,544.4,544.3,545.5,548.3,551.8,555.2,551.8,548.4,545.9,544.6,544.6,546.9,547.5,548.3,548.7,548.6,548.0,547.2,546.8,37.7,-4.9,653.4,0.174,-0.217,0.036,224.5,224.6,225.8,228.2,232.8,240.2,249.5,260.3,270.9,279.5,285.5,291.0,295.9,299.6,302.1,304.0,304.7,236.8,243.6,252.4,261.2,269.0,283.9,290.2,296.3,302.0,305.2,276.5,277.6,278.8,279.9,268.0,272.5,276.9,280.8,284.1,246.1,251.5,257.6,262.4,257.3,251.2,284.4,289.3,294.6,298.0,294.9,289.7,257.9,266.0,272.4,275.9,279.6,283.6,286.6,283.4,279.3,275.4,271.4,265.2,261.0,271.8,275.5,279.1,284.7,279.1,275.5,271.7,160.7,172.4,184.0,195.2,205.8,214.9,222.4,227.9,229.3,227.2,220.9,213.1,204.1,194.1,183.7,173.0,162.1,152.5,147.7,146.5,147.9,150.9,150.8,147.9,146.8,147.9,152.3,160.0,167.6,175.1,182.8,188.2,189.7,190.9,189.7,188.2,161.0,158.2,158.3,162.1,163.4,163.4,162.1,158.3,158.4,161.1,163.4,163.5,203.9,201.2,199.6,200.7,199.6,201.3,203.6,208.4,210.4,210.9,210.5,208.6,204.1,203.5,203.8,203.4,204.0,204.6,205.2,204.8,-44.1,-44.2,-42.3,-38.4,-30.2,-17.1,-0.9,17.6,35.9,51.4,63.4,74.6,84.1,90.9,95.4,98.7,99.9,-21.8,-10.4,4.0,18.2,30.9,55.8,67.0,78.2,89.2,96.2,43.4,44.7,46.2,47.6,29.3,36.5,43.8,50.5,56.2,-6.5,2.5,12.5,20.5,12.0,2.0,58.0,66.5,76.0,82.7,76.7,67.3,13.2,26.2,36.6,42.5,48.7,56.2,62.5,56.0,48.5,41.8,35.2,25.1,18.3,35.8,42.0,48.2,58.7,48.2,41.9,35.6,-46.4,-26.2,-6.1,13.6,32.1,47.9,60.5,69.4,71.8,69.3,59.7,46.5,30.4,12.1,-7.0,-26.5,-46.3,-57.8,-65.2,-66.9,-64.3,-59.4,-60.4,-65.9,-68.9,-68.0,-61.4,-45.0,-32.3,-20.0,-7.5,1.1,3.5,5.5,3.6,1.1,-43.9,-48.3,-48.2,-42.1,-39.8,-39.7,-42.9,-49.5,-49.7,-45.4,-41.1,-40.8,27.3,22.6,19.9,21.7,20.0,23.1,27.5,35.0,37.9,38.5,37.9,34.8,27.5,26.3,26.9,26.3,27.9,28.3,29.1,28.4,677.0,680.3,684.2,686.7,686.1,683.3,677.6,670.4,671.3,681.8,697.7,710.6,716.4,716.3,714.9,713.7,713.7,645.5,640.3,636.9,634.3,633.5,642.4,650.8,660.4,670.3,680.4,639.9,634.0,627.6,621.7,636.2,635.8,636.0,639.7,644.1,646.0,643.6,644.8,646.9,644.9,643.8,659.0,661.9,666.5,673.2,666.8,662.3,651.3,641.9,639.2,640.8,643.5,652.7,666.5,654.4,646.7,643.5,642.1,644.1,649.5,642.1,643.3,646.5,662.2,646.3,643.1,642.0,0.593,0.18,-0.289,0.049,272.452,184.401,-5.526,10.717,-14.621,15.606,3.711,-0.199,-3.965,2.353,2.888,-1.654,-0.238,0.844,0.042,-2.245,-0.271,-0.509,-0.156,0.459,-1.196,-0.844,0.661,-0.4,-0.084,-0.687,0.027,0.193,0.055,0.075,-0.113,0.001,-0.013,-0.007,0.01,-0.003,0.18,0.0,0.0,0.22,0.0,0.0,0.0,0.0,0.0,0.21,0.0,0.0,0.0,0.0,0.0,0.0,0.0,0.0,1.0,0.0,0.0,0.0,0.0,0.0,0.0,0.0,0.0,0.0,0.0,0.0,0.0,0.0,0.0,1.0,0.0
PP133,g1,4055,0,0.975,0.223307,0.182555,-0.957501,0.06969,0.176067,-0.981908,0.15,0.183,251.0,252.3,255.5,258.6,259.8,258.6,255.3,252.2,246.5,248.6,251.6,255.1,258.4,260.9,262.6,260.5,257.7,254.5,251.4,248.6,253.9,255.3,256.7,257.3,256.7,255.4,254.0,253.4,287.8,288.8,291.4,294.2,295.5,294.6,291.9,288.8,284.8,286.7,289.4,292.5,295.3,297.1,298.2,297.1,295.3,292.9,290.0,287.1,290.3,291.5,292.7,293.1,292.6,291.3,290.2,289.8,159.1,156.0,154.7,156.1,159.3,162.7,163.7,162.3,160.5,158.7,157.7,157.2,157.9,159.4,161.5,162.5,162.9,163.0,162.6,161.9,160.7,161.3,160.7,159.4,158.0,157.3,157.9,159.3,159.6,156.6,155.3,156.5,159.5,162.5,163.8,162.8,161.7,159.6,158.2,157.5,158.1,159.2,160.9,162.3,163.0,163.3,163.1,162.7,161.0,161.5,160.9,159.6,158.3,157.8,158.3,159.7,1.3,3.1,7.3,11.4,13.1,11.5,7.0,2.9,-4.7,-1.8,2.1,6.7,11.2,14.6,16.8,14.1,10.2,6.0,1.9,-1.9,5.3,7.1,8.9,9.7,9.0,7.2,5.4,4.6,52.7,54.1,58.1,62.1,64.0,62.5,58.6,54.2,48.5,51.2,54.8,59.4,63.5,66.6,68.4,66.5,63.6,60.0,55.8,51.6,56.4,58.2,59.9,60.6,59.8,58.0,56.3,55.6,-37.9,-42.1,-43.8,-41.9,-37.6,-33.1,-31.7,-33.6,-36.3,-38.5,-39.8,-40.3,-39.5,-37.5,-34.9,-33.4,-32.8,-32.6,-33.1,-34.3,-35.9,-35.0,-35.8,-37.6,-39.5,-40.3,-39.6,-37.8,-38.9,-43.2,-45.1,-43.5,-39.3,-35.0,-33.1,-34.4,-36.0,-38.8,-40.8,-41.8,-41.3,-40.0,-37.7,-35.6,-34.4,-33.9,-34.0,-34.5,-37.1,-36.4,-37.3,-39.2,-41.0,-41.7,-40.9,-39.0,521.2,521.8,522.2,522.2,521.8,521.5,520.8,520.8,525.0,522.6,520.5,519.6,520.5,522.1,523.9,522.1,520.3,519.7,520.6,522.6,522.0,522.0,522.2,522.5,522.6,522.6,522.5,522.2,544.5,545.6,547.3,548.8,549.0,547.9,546.1,544.8,544.7,544.1,544.1,545.2,548.0,551.6,555.0,551.6,548.2,545.6,544.3,544.3,546.6,547.2,548.0,548.5,548.4,547.7,547.0,546.5,37.9,-5.5,653.1,0.18,-0.222,0.044,224.8,224.7,225.8,228.1,232.7,240.0,249.3,260.0,270.6,279.2,285.2,290.7,295.7,299.5,302.2,304.1,304.8,237.3,244.2,253.0,261.8,269.5,284.4,290.7,296.7,302.4,305.6,276.9,278.0,279.1,280.3,268.2,272.7,277.1,281.0,284.3,246.4,251.9,258.0,262.7,257.6,251.6,284.8,289.7,294.9,298.3,295.3,290.0,257.8,265.9,272.5,276.0,279.7,283.8,286.7,283.5,279.3,275.4,271.4,265.1,260.9,271.8,275.6,279.2,284.7,279.2,275.5,271.7,160.1,171.8,183.5,194.7,205.2,214.4,221.9,227.6,229.0,227.0,220.7,212.9,203.9,193.9,183.5,172.8,161.9,151.8,147.2,146.0,147.5,150.6,150.5,147.7,146.6,147.7,152.1,159.7,167.2,174.8,182.5,187.8,189.3,190.6,189.4,187.9,160.4,157.6,157.8,161.6,162.9,162.8,161.8,158.0,158.1,160.9,163.1,163.1,203.3,200.8,199.2,200.4,199.3,201.0,203.3,208.2,210.2,210.6,210.3,208.2,203.6,203.1,203.4,203.0,203.6,204.4,204.9,204.5,-43.7,-43.9,-42.2,-38.5,-30.4,-17.4,-1.3,17.2,35.4,50.9,62.8,74.1,83.8,90.7,95.4,98.8,100.2,-21.0,-9.5,4.9,19.1,31.6,56.6,67.8,79.0,89.9,96.8,44.1,45.3,46.8,48.1,29.6,36.9,44.1,50.8,56.6,-5.9,3.1,13.1,21.0,12.6,2.6,58.6,67.1,76.6,83.2,77.2,67.8,13.0,26.2,36.7,42.7,48.9,56.4,62.6,56.0,48.5,41.8,35.1,24.9,18.1,35.9,42.1,48.4,58.9,48.3,41.9,35.6,-47.4,-27.2,-7.1,12.6,31.1,47.0,59.7,68.7,71.2,68.8,59.3,46.2,30.1,11.8,-7.3,-26.8,-46.7,-58.8,-66.0,-67.5,-64.9,-59.9,-60.8,-66.2,-69.1,-68.3,-61.7,-45.5,-32.8,-20.5,-7.9,0.5,3.0,5.0,3.2,0.7,-44.8,-49.2,-49.0,-42.9,-40.6,-40.6,-43.4,-50.0,-50.2,-45.9,-41.6,-41.3,26.4,21.8,19.2,21.1,19.4,22.5,26.9,34.6,37.5,38.1,37.4,34.2,26.7,25.6,26.2,25.7,27.3,28.0,28.7,28.0,675.7,678.9,682.9,685.4,685.0,682.4,676.8,669.8,670.8,681.4,697.2,710.1,716.0,716.0,714.7,713.5,713.5,644.3,639.3,636.1,633.6,633.0,642.1,650.4,660.0,670.0,680.0,639.4,633.5,627.2,621.3,635.6,635.2,635.5,639.3,643.7,645.1,642.8,644.0,646.1,644.1,642.9,658.5,661.4,666.0,672.8,666.4,661.8,650.8,641.5,638.8,640.5,643.2,652.6,666.4,654.4,646.6,643.3,641.9,643.8,649.1,641.7,643.0,646.3,662.2,646.2,642.9,641.8,0.593,0.184,-0.295,0.058,272.607,184.045,-6.654,10.313,-13.687,15.166,3.966,-0.012,-3.785,2.165,3.004,-1.579,0.239,0.955,0.123,-2.267,-0.364,-0.546,-0.029,0.426,-1.088,-0.869,0.651,-0.386,-0.167,-0.6,0.131,0.154,0.052,0.079,-0.112,0.003,-0.02,-0.001,0.011,-0.0,0.42,0.0,0.0,0.44,0.0,0.0,0.0,0.0,0.0,0.09,0.0,0.0,0.0,0.0,0.0,0.0,0.0,1.0,1.0,0.0,0.0,0.0,0.0,0.0,0.0,0.0,0.0,0.0,0.0,0.0,0.0,0.0,0.0,1.0,0.0
PP133,g1,4061,0,0.975,0.224585,0.178258,-0.958011,0.071496,0.171249,-0.98263,0.151,0.178,250.9,252.3,255.4,258.5,259.7,258.6,255.2,252.1,246.4,248.6,251.5,255.0,258.4,260.9,262.5,260.5,257.6,254.5,251.3,248.5,253.9,255.2,256.6,257.2,256.7,255.3,253.9,253.3,287.7,288.7,291.4,294.2,295.5,294.5,291.8,288.8,284.7,286.7,289.3,292.5,295.3,297.1,298.1,297.1,295.3,292.9,290.0,287.0,290.3,291.5,292.7,293.1,292.5,291.3,290.1,289.7,158.9,155.7,154.5,155.9,159.1,162.5,163.5,162.1,160.2,158.5,157.4,156.9,157.7,159.2,161.3,162.4,162.7,162.8,162.4,161.7,160.5,161.1,160.5,159.1,157.7,157.1,157.7,159.0,159.5,156.4,155.1,156.4,159.4,162.4,163.7,162.7,161.5,159.5,158.0,157.4,157.9,159.1,160.8,162.2,162.9,163.2,163.0,162.6,160.8,161.4,160.8,159.5,158.2,157.6,158.2,159.5,1.2,3.0,7.2,11.3,12.9,11.4,6.9,2.8,-4.8,-1.9,2.0,6.6,11.1,14.5,16.7,14.0,10.1,5.9,1.8,-2.0,5.2,7.0,8.8,9.6,8.9,7.1,5.2,4.4,52.4,53.8,57.7,61.8,63.7,62.2,58.2,53.8,48.2,50.8,54.5,59.1,63.2,66.2,68.1,66.2,63.3,59.6,55.5,51.3,56.1,57.9,59.6,60.2,59.4,57.6,55.9,55.3,-38.0,-42.3,-43.9,-42.1,-37.7,-33.2,-31.8,-33.7,-36.5,-38.6,-39.9,-40.5,-39.6,-37.7,-35.0,-33.5,-32.9,-32.7,-33.2,-34.4,-36.0,-35.2,-35.9,-37.8,-39.6,-40.5,-39.7,-37.9,-38.9,-43.2,-45.1,-43.5,-39.3,-35.0,-33.1,-34.4,-36.0,-38.8,-40.9,-41.8,-41.3,-40.0,-37.7,-35.6,-34.4,-33.8,-34.0,-34.5,-37.1,-36.4,-37.2,-39.1,-41.0,-41.7,-40.8,-39.0,518.9,519.5,519.9,519.9,519.5,519.1,518.5,518.5,522.7,520.3,518.2,517.3,518.1,519.7,521.5,519.7,517.9,517.4,518.2,520.2,519.7,519.7,519.9,520.1,520.3,520.3,520.1,519.9,541.9,543.0,544.8,546.2,546.4,545.3,543.6,542.3,542.1,541.5,541.5,542.7,545.5,549.1,552.4,549.1,545.6,543.1,541.7,541.7,544.0,544.7,545.4,545.9,545.8,545.2,544.4,543.9,37.8,-5.8,652.7,0.174,-0.224,0.046,224.6,224.6,225.8,228.0,232.5,239.8,249.0,259.8,270.4,278.9,285.0,290.5,295.5,299.3,301.9,303.9,304.7,237.1,244.0,252.9,261.8,269.6,284.3,290.7,296.7,302.4,305.6,276.9,277.9,279.1,280.2,268.1,272.6,277.1,281.0,284.3,246.3,251.8,257.9,262.7,257.6,251.5,284.7,289.6,294.9,298.3,295.2,290.0,257.7,265.9,272.4,275.9,279.6,283.7,286.6,283.4,279.2,275.3,271.3,265.0,260.8,271.7,275.5,279.2,284.6,279.1,275.4,271.6,159.9,171.7,183.3,194.5,205.1,214.2,221.8,227.4,228.8,226.9,220.7,212.9,203.9,193.9,183.5,172.8,161.9,151.7,147.0,145.8,147.3,150.4,150.3,147.6,146.4,147.6,152.1,159.5,167.0,174.5,182.2,187.6,189.1,190.4,189.2,187.7,160.2,157.3,157.6,161.4,162.7,162.6,161.6,157.8,157.9,160.8,163.0,163.0,203.1,200.5,199.0,200.2,199.1,200.8,203.1,207.9,209.9,210.3,209.9,207.9,203.3,202.8,203.2,202.8,203.5,204.1,204.6,204.2,-43.9,-44.1,-42.3,-38.6,-30.6,-17.7,-1.7,16.8,35.1,50.4,62.4,73.6,83.4,90.4,95.1,98.5,99.9,-21.3,-9.8,4.8,19.1,31.8,56.4,67.7,79.0,89.9,96.9,44.0,45.3,46.7,48.1,29.4,36.7,44.0,50.7,56.4,-6.1,3.0,13.1,21.0,12.5,2.4,58.5,67.1,76.6,83.2,77.1,67.7,12.8,26.0,36.6,42.5,48.8,56.2,62.4,55.8,48.3,41.6,34.9,24.8,17.9,35.7,41.9,48.2,58.7,48.1,41.8,35.5,-47.7,-27.5,-7.4,12.3,30.8,46.6,59.3,68.4,70.9,68.6,59.2,46.1,30.1,11.8,-7.4,-26.9,-46.9,-59.0,-66.3,-67.9,-65.3,-60.2,-61.1,-66.5,-69.4,-68.4,-61.6,-45.9,-33.2,-20.9,-8.4,0.1,2.6,4.6,2.8,0.4,-45.2,-49.6,-49.4,-43.2,-41.0,-40.9,-43.6,-50.3,-50.4,-46.0,-41.7,-41.5,25.9,21.4,18.8,20.8,19.1,22.2,26.6,34.1,37.0,37.5,36.8,33.6,26.2,25.2,25.9,25.3,27.0,27.4,28.1,27.4,675.7,678.7,682.5,684.8,684.3,681.7,676.2,669.2,670.1,680.7,696.7,709.7,715.7,715.9,714.8,713.8,714.0,644.6,639.5,636.1,633.6,632.9,641.9,650.4,660.2,670.3,680.5,639.3,633.3,626.8,620.9,635.2,634.7,635.0,638.9,643.3,645.1,642.8,644.0,646.1,644.1,642.8,658.5,661.5,666.1,672.9,666.4,661.8,650.2,641.0,638.3,639.9,642.7,652.0,665.8,653.7,645.8,642.5,641.1,643.1,648.5,641.2,642.4,645.7,661.6,645.5,642.2,641.1,0.594,0.178,-0.297,0.059,272.52,183.862,-5.231,9.946,-13.561,15.418,4.077,0.112,-4.189,1.614,3.018,-1.685,0.03,0.899,-0.097,-1.985,-0.307,-0.609,-0.076,0.502,-1.015,-0.785,0.653,-0.432,-0.198,-0.558,0.103,0.074,0.073,0.072,-0.113,-0.005,-0.017,0.001,0.009,-0.008,0.74,0.12,0.0,0.74,0.0,0.0,0.0,0.0,0.0,0.41,0.0,0.0,0.0,0.0,0.0,0.0,0.0,1.0,1.0,0.0,1.0,0.0,0.0,0.0,0.0,0.0,0.0,0.0,0.0,0.0,0.0,0.0,0.0,1.0,0.0
PP133,g1,4067,0,0.975,0.224035,0.178067,-0.958176,0.072826,0.170241,-0.982708,0.152,0.178,251.0,252.4,255.6,258.7,259.9,258.7,255.3,252.3,246.6,248.7,251.7,255.2,258.5,261.0,262.7,260.6,257.8,254.6,251.5,248.7,254.0,255.4,256.8,257.4,256.8,255.5,254.1,253.5,287.8,288.8,291.5,294.3,295.6,294.6,291.9,288.8,284.8,286.8,289.4,292.6,295.3,297.2,298.2,297.1,295.3,292.9,290.1,287.1,290.3,291.6,292.7,293.2,292.6,291.4,290.2,289.8,158.8,155.7,154.4,155.8,159.1,162.5,163.4,162.0,160.1,158.4,157.3,156.9,157.6,159.1,161.2,162.3,162.6,162.7,162.4,161.6,160.4,161.0,160.5,159.1,157.7,157.1,157.6,159.0,159.5,156.4,155.2,156.4,159.5,162.5,163.8,162.7,161.6,159.5,158.1,157.4,158.0,159.1,160.9,162.3,162.9,163.2,163.0,162.6,160.9,161.4,160.9,159.5,158.2,157.7,158.2,159.6,1.4,3.2,7.4,11.6,13.2,11.6,7.1,3.0,-4.5,-1.7,2.2,6.9,11.4,14.7,16.9,14.2,10.3,6.1,2.0,-1.8,5.4,7.2,9.0,9.8,9.1,7.3,5.5,4.7,52.5,54.0,57.9,62.0,63.8,62.3,58.4,54.0,48.3,51.0,54.6,59.2,63.3,66.4,68.2,66.3,63.4,59.7,55.6,51.4,56.2,58.0,59.7,60.4,59.6,57.8,56.1,55.4,-38.2,-42.4,-44.1,-42.2,-37.9,-33.3,-32.0,-33.9,-36.7,-38.8,-40.1,-40.6,-39.7,-37.8,-35.1,-33.6,-33.1,-32.9,-33.4,-34.6,-36.2,-35.3,-36.1,-37.9,-39.8,-40.6,-39.9,-38.0,-38.9,-43.2,-45.1,-43.5,-39.3,-34.9,-33.1,-34.4,-36.0,-38.8,-40.8,-41.8,-41.2,-39.9,-37.6,-35.5,-34.3,-33.8,-34.0,-34.5,-37.1,-36.4,-37.2,-39.1,-40.9,-41.7,-40.8,-38.9,519.9,520.5,520.9,520.8,520.4,520.1,519.4,519.4,523.7,521.3,519.1,518.3,519.1,520.7,522.5,520.7,518.9,518.3,519.2,521.2,520.6,520.6,520.8,521.1,521.3,521.3,521.1,520.8,542.3,543.4,545.2,546.6,546.9,545.8,544.0,542.6,542.5,541.9,541.9,543.1,545.9,549.5,552.8,549.5,546.1,543.5,542.1,542.1,544.4,545.1,545.8,546.3,546.2,545.6,544.8,544.3,37.9,-5.8,652.5,0.173,-0.224,0.048,224.7,224.6,225.8,228.0,232.6,239.9,249.1,259.9,270.5,279.0,285.1,290.6,295.5,299.3,301.9,303.9,304.7,237.3,244.3,253.2,262.0,269.8,284.5,290.8,296.8,302.5,305.6,277.0,278.1,279.2,280.4,268.2,272.7,277.2,281.1,284.4,246.5,252.0,258.1,262.8,257.7,251.6,284.8,289.7,295.0,298.3,295.3,290.0,257.8,266.0,272.5,276.0,279.7,283.7,286.6,283.4,279.3,275.4,271.4,265.1,260.8,271.8,275.5,279.2,284.7,279.2,275.5,271.7,159.8,171.6,183.2,194.5,205.1,214.3,221.9,227.5,229.0,227.0,220.8,213.0,204.0,194.0,183.5,172.8,162.0,151.6,146.9,145.8,147.3,150.4,150.4,147.7,146.6,147.8,152.3,159.4,167.0,174.5,182.3,187.6,189.1,190.4,189.3,187.8,160.1,157.2,157.5,161.3,162.6,162.5,161.6,157.9,158.0,160.9,163.1,163.1,203.1,200.5,199.0,200.2,199.1,200.8,203.2,207.9,209.9,210.3,210.0,208.0,203.3,202.9,203.2,202.8,203.5,204.1,204.6,204.2,-43.8,-44.1,-42.4,-38.6,-30.6,-17.7,-1.6,16.9,35.2,50.6,62.5,73.8,83.4,90.3,95.0,98.5,99.9,-21.0,-9.4,5.1,19.4,32.0,56.6,67.9,79.1,90.0,96.9,44.2,45.5,46.9,48.2,29.6,36.9,44.2,50.8,56.6,-5.8,3.3,13.3,21.2,12.8,2.7,58.6,67.2,76.7,83.3,77.2,67.8,13.0,26.2,36.7,42.6,48.9,56.3,62.4,55.9,48.4,41.7,35.1,24.9,18.0,35.8,42.0,48.3,58.7,48.2,41.9,35.6,-48.0,-27.7,-7.4,12.3,30.9,46.8,59.5,68.6,71.1,68.8,59.3,46.2,30.2,11.8,-7.3,-26.8,-46.6,-59.1,-66.4,-67.9,-65.3,-60.1,-61.0,-66.3,-69.1,-68.1,-61.3,-45.9,-33.2,-20.8,-8.3,0.1,2.6,4.7,2.9,0.4,-45.3,-49.8,-49.5,-43.3,-41.0,-41.1,-43.6,-50.2,-50.3,-45.9,-41.7,-41.4,25.9,21.4,18.9,20.8,19.1,22.2,26.7,34.2,37.0,37.5,36.8,33.7,26.2,25.2,25.9,25.3,27.1,27.5,28.2,27.4,675.7,678.8,682.6,684.9,684.3,681.6,676.0,668.9,669.9,680.6,696.7,709.6,715.6,715.7,714.5,713.4,713.5,644.3,639.2,636.0,633.5,632.9,642.0,650.4,660.2,670.3,680.4,639.2,633.2,626.7,620.7,635.0,634.5,634.8,638.7,643.2,644.8,642.6,643.9,646.0,643.9,642.6,658.5,661.4,666.1,672.9,666.4,661.8,650.0,640.7,638.1,639.8,642.5,651.9,665.7,653.5,645.5,642.3,640.8,642.8,648.3,641.0,642.2,645.5,661.4,645.3,641.9,640.8,0.594,0.178,-0.297,0.06,272.603,183.892,-5.221,11.07,-13.595,15.573,3.529,0.316,-3.993,1.641,3.002,-1.895,0.169,0.874,-0.144,-2.102,-0.308,-0.697,0.017,0.492,-0.897,-0.758,0.703,-0.331,-0.26,-0.521,0.128,0.12,0.067,0.068,-0.121,-0.008,-0.025,-0.004,0.007,-0.006,0.49,0.18,0.0,0.63,0.0,0.0,0.0,0.0,0.0,0.18,0.0,0.0,0.0,0.0,0.0,0.0,0.0,1.0,1.0,0.0,1.0,0.0,0.0,0.0,0.0,0.0,0.0,0.0,0.0,0.0,0.0,0.0,0.0,1.0,0.0
PP133,g1,4072,0,0.975,0.220556,0.174109,-0.959709,0.072523,0.165375,-0.983561,0.15,0.173,251.3,252.7,255.9,259.0,260.2,259.0,255.6,252.6,246.9,249.0,252.0,255.5,258.9,261.4,263.0,261.0,258.1,254.9,251.8,249.0,254.3,255.7,257.1,257.7,257.2,255.8,254.4,253.8,288.2,289.2,291.9,294.7,296.0,295.0,292.3,289.2,285.2,287.1,289.8,293.0,295.8,297.6,298.6,297.6,295.8,293.4,290.5,287.4,290.7,292.0,293.1,293.6,293.0,291.8,290.6,290.2,158.7,155.5,154.3,155.7,159.0,162.4,163.3,161.9,160.0,158.3,157.1,156.7,157.4,159.0,161.2,162.2,162.5,162.6,162.3,161.5,160.3,160.9,160.3,159.0,157.6,156.9,157.5,158.8,159.5,156.4,155.1,156.4,159.5,162.5,163.8,162.8,161.6,159.5,158.0,157.4,157.9,159.1,161.0,162.3,163.0,163.2,163.1,162.6,160.9,161.4,160.9,159.5,158.2,157.7,158.2,159.5,1.8,3.6,7.9,12.0,13.5,12.0,7.5,3.4,-4.1,-1.3,2.6,7.2,11.7,15.1,17.3,14.5,10.7,6.5,2.3,-1.4,5.8,7.6,9.4,10.2,9.5,7.7,5.9,5.1,52.6,54.0,58.0,62.0,63.8,62.3,58.4,54.0,48.4,51.1,54.7,59.3,63.4,66.4,68.2,66.3,63.4,59.8,55.6,51.5,56.3,58.0,59.8,60.4,59.6,57.8,56.1,55.5,-38.2,-42.4,-44.0,-42.1,-37.8,-33.3,-32.0,-33.9,-36.6,-38.8,-40.1,-40.7,-39.7,-37.7,-35.0,-33.5,-33.0,-32.8,-33.4,-34.5,-36.1,-35.3,-36.0,-37.8,-39.7,-40.6,-39.9,-38.0,-38.6,-42.9,-44.8,-43.1,-38.9,-34.6,-32.7,-34.1,-35.7,-38.5,-40.6,-41.5,-40.9,-39.6,-37.2,-35.1,-34.0,-33.5,-33.6,-34.2,-36.8,-36.0,-36.9,-38.8,-40.6,-41.3,-40.5,-38.6,517.0,517.6,518.0,517.9,517.5,517.1,516.5,516.5,520.8,518.4,516.3,515.4,516.2,517.7,519.5,517.7,515.9,515.4,516.3,518.3,517.7,517.7,517.9,518.1,518.3,518.4,518.2,517.9,537.5,538.6,540.4,541.9,542.1,540.9,539.1,537.8,537.6,537.0,537.1,538.3,541.1,544.7,548.1,544.7,541.2,538.6,537.3,537.2,539.6,540.2,541.0,541.5,541.4,540.8,540.0,539.5,38.2,-5.3,649.8,0.172,-0.223,0.051,225.0,224.9,226.0,228.3,232.8,240.1,249.2,260.0,270.6,279.1,285.1,290.7,295.6,299.4,302.2,304.3,305.1,237.5,244.5,253.5,262.3,270.1,284.9,291.2,297.3,303.0,306.1,277.4,278.4,279.5,280.7,268.4,273.0,277.4,281.4,284.6,246.8,252.3,258.4,263.2,258.1,251.9,285.1,290.1,295.4,298.8,295.7,290.4,258.0,266.2,272.7,276.2,279.9,283.9,286.8,283.6,279.5,275.5,271.5,265.3,261.1,272.0,275.7,279.4,284.9,279.4,275.7,271.9,159.7,171.6,183.4,194.8,205.4,214.7,222.4,228.1,229.6,227.7,221.5,213.6,204.6,194.5,183.9,173.1,162.1,151.7,146.9,145.8,147.3,150.4,150.5,147.8,146.7,148.0,152.6,159.4,167.1,174.8,182.6,187.8,189.4,190.7,189.6,188.0,159.9,157.1,157.3,161.3,162.5,162.4,161.7,157.8,158.0,160.9,163.1,163.1,203.4,200.9,199.4,200.6,199.5,201.2,203.6,208.4,210.3,210.7,210.3,208.3,203.6,203.2,203.6,203.2,203.9,204.5,205.0,204.6,-43.1,-43.4,-41.7,-38.0,-30.0,-17.3,-1.4,17.0,35.2,50.5,62.4,73.6,83.2,90.2,95.1,98.7,100.2,-20.5,-8.9,5.6,19.9,32.4,57.0,68.4,79.6,90.6,97.3,44.6,45.8,47.2,48.5,29.8,37.1,44.4,51.0,56.8,-5.3,3.8,13.8,21.7,13.2,3.1,59.0,67.6,77.1,83.6,77.6,68.2,13.2,26.4,36.9,42.8,49.0,56.4,62.5,56.0,48.5,41.8,35.2,25.1,18.3,36.0,42.1,48.4,58.8,48.3,42.0,35.8,-47.9,-27.5,-7.2,12.7,31.3,47.3,60.1,69.2,71.8,69.6,60.3,47.3,31.2,12.7,-6.5,-26.2,-46.2,-58.9,-66.2,-67.6,-64.9,-59.8,-60.6,-65.9,-68.6,-67.5,-60.6,-45.7,-32.9,-20.4,-7.7,0.5,3.1,5.2,3.4,0.9,-45.3,-49.9,-49.5,-43.2,-41.0,-41.0,-43.4,-50.1,-50.2,-45.6,-41.4,-41.2,26.3,21.9,19.4,21.3,19.7,22.8,27.3,34.7,37.5,38.0,37.2,34.0,26.7,25.6,26.3,25.8,27.7,28.0,28.6,27.9,672.9,676.0,679.7,682.0,681.4,678.7,673.2,666.1,666.9,677.6,693.7,706.7,712.7,712.9,711.7,710.4,710.4,641.7,636.6,633.4,630.9,630.2,639.4,647.7,657.4,667.5,677.7,636.5,630.4,623.9,617.8,632.2,631.6,631.9,635.8,640.4,642.1,639.9,641.2,643.3,641.2,640.0,655.6,658.6,663.2,670.0,663.5,658.9,647.4,638.1,635.5,637.1,639.9,649.2,662.8,650.6,642.8,639.5,638.1,640.1,645.6,638.3,639.5,642.8,658.5,642.6,639.2,638.2,0.596,0.177,-0.296,0.064,272.867,184.13,-6.227,10.743,-13.548,16.745,3.419,1.515,-3.649,1.435,3.494,-2.338,0.164,0.794,0.009,-2.115,-0.097,-0.59,0.358,0.594,-0.687,-0.627,0.616,-0.283,-0.434,-0.515,0.19,0.115,0.07,0.067,-0.116,-0.004,-0.028,-0.009,0.009,-0.006,0.69,0.0,0.0,0.78,0.0,0.0,0.04,0.0,0.0,0.29,0.0,0.0,0.0,0.0,0.0,0.0,0.0,1.0,1.0,0.0,1.0,0.0,0.0,0.0,0.0,0.0,0.0,0.0,0.0,0.0,0.0,0.0,0.0,1.0,0.0
PP133,g1,4078,0,0.975,0.222915,0.196943,-0.954737,0.06836,0.185376,-0.980287,0.149,0.195,252.7,254.2,257.4,260.4,261.6,260.3,256.9,253.8,248.2,250.4,253.4,256.9,260.3,262.7,264.3,262.2,259.4,256.2,253.1,250.2,255.7,257.0,258.4,259.0,258.5,257.2,255.8,255.2,289.6,290.6,293.3,296.1,297.4,296.4,293.6,290.6,286.5,288.5,291.2,294.4,297.2,299.0,299.9,298.9,297.1,294.7,291.8,288.8,292.1,293.3,294.5,295.0,294.4,293.2,292.0,291.6,158.8,155.7,154.6,156.1,159.3,162.7,163.6,162.1,160.1,158.4,157.4,157.0,157.8,159.4,161.6,162.6,162.9,162.9,162.5,161.6,160.5,161.2,160.7,159.3,157.9,157.2,157.7,159.1,160.1,157.1,155.8,157.1,160.2,163.2,164.5,163.4,162.2,160.1,158.7,158.1,158.7,159.8,161.6,163.0,163.7,164.0,163.8,163.3,161.6,162.1,161.6,160.2,158.9,158.3,158.9,160.2,3.6,5.5,9.8,13.8,15.3,13.6,9.1,5.1,-2.4,0.5,4.5,9.1,13.6,16.8,19.0,16.2,12.4,8.2,4.0,0.3,7.5,9.3,11.1,12.0,11.3,9.5,7.7,6.8,54.6,56.1,60.0,64.1,65.9,64.3,60.4,56.0,50.4,53.1,56.7,61.3,65.4,68.4,70.2,68.3,65.4,61.7,57.6,53.4,58.3,60.0,61.8,62.4,61.7,59.9,58.2,57.5,-37.9,-42.1,-43.6,-41.7,-37.3,-32.8,-31.6,-33.5,-36.5,-38.6,-39.8,-40.2,-39.2,-37.2,-34.4,-33.0,-32.5,-32.4,-33.1,-34.4,-35.7,-34.9,-35.6,-37.4,-39.3,-40.2,-39.5,-37.7,-37.7,-42.0,-43.9,-42.2,-38.0,-33.7,-31.8,-33.2,-34.9,-37.7,-39.7,-40.6,-40.0,-38.6,-36.3,-34.2,-33.0,-32.5,-32.7,-33.3,-35.9,-35.2,-36.0,-37.9,-39.7,-40.4,-39.6,-37.7,516.5,517.1,517.5,517.5,517.1,516.8,516.1,516.1,520.2,517.8,515.8,514.9,515.8,517.4,519.2,517.4,515.6,515.0,515.8,517.8,517.3,517.3,517.5,517.8,517.9,517.9,517.7,517.5,538.4,539.5,541.2,542.7,543.0,542.0,540.2,538.8,538.6,538.0,538.0,539.2,542.0,545.6,549.0,545.7,542.3,539.7,538.3,538.2,540.6,541.2,542.0,542.5,542.3,541.7,540.9,540.4,39.6,-5.0,651.1,0.205,-0.222,0.07,225.9,225.6,226.5,228.5,232.9,240.2,249.3,260.0,270.6,279.1,285.3,291.1,296.2,300.3,303.2,305.4,306.3,239.1,246.3,255.2,264.1,271.8,286.5,292.9,298.9,304.6,307.6,278.9,279.7,280.7,281.7,269.3,273.8,278.2,282.1,285.5,248.1,253.7,259.8,264.5,259.3,253.2,286.5,291.5,296.8,300.1,297.0,291.7,258.2,266.5,273.2,276.7,280.4,284.4,287.3,283.9,279.6,275.7,271.7,265.4,261.2,272.4,276.1,279.8,285.3,279.7,276.0,272.2,159.0,170.7,182.5,193.8,204.5,213.9,221.6,227.4,229.0,227.1,220.7,212.9,204.0,194.1,183.8,173.3,162.5,151.4,146.9,146.0,147.8,151.1,151.3,148.5,147.5,148.6,153.1,160.2,167.9,175.5,183.4,188.3,189.9,191.2,190.2,188.7,160.0,157.3,157.7,161.7,162.9,162.6,162.3,158.5,158.7,161.6,163.9,163.8,203.3,201.0,199.7,201.0,200.0,201.6,203.8,208.8,210.8,211.1,210.7,208.4,203.6,203.5,204.0,203.6,204.2,205.0,205.5,205.0,-41.5,-42.2,-41.0,-37.6,-29.9,-17.1,-1.2,17.1,35.3,50.7,62.9,74.5,84.5,91.9,97.0,100.8,102.5,-17.9,-6.0,8.5,22.7,35.2,59.6,71.0,82.3,93.2,99.9,47.0,48.0,49.1,50.2,31.3,38.5,45.7,52.4,58.2,-3.2,6.1,16.1,23.8,15.3,5.2,61.3,70.0,79.5,86.0,79.9,70.4,13.5,27.0,37.8,43.7,50.0,57.3,63.4,56.6,48.9,42.2,35.6,25.3,18.6,36.8,42.9,49.2,59.7,49.0,42.7,36.4,-49.2,-29.0,-8.7,11.1,29.8,45.9,58.9,68.4,71.2,68.9,59.2,46.1,30.2,12.2,-6.7,-25.9,-45.6,-59.3,-66.0,-67.1,-64.1,-58.7,-59.2,-64.6,-67.4,-66.4,-59.7,-44.5,-31.7,-19.2,-6.6,1.2,3.9,6.1,4.4,2.0,-45.2,-49.4,-48.9,-42.5,-40.4,-40.7,-42.3,-48.9,-49.0,-44.5,-40.2,-40.0,26.2,22.2,20.0,22.0,20.4,23.5,27.8,35.6,38.4,38.9,38.0,34.4,26.7,26.3,27.1,26.6,28.3,28.9,29.5,28.6,672.7,676.2,680.4,683.1,682.9,680.7,675.5,668.7,669.7,680.3,696.0,708.5,714.1,714.0,712.6,711.5,711.3,640.5,635.5,632.4,630.0,629.6,638.9,647.3,657.1,667.3,677.6,636.3,630.7,624.5,618.9,633.2,632.9,633.3,637.1,641.5,641.6,639.3,640.6,642.9,640.8,639.5,655.7,658.5,663.3,670.3,663.8,659.1,649.1,639.9,637.0,638.8,641.5,651.1,665.1,653.1,645.2,641.9,640.4,642.4,647.5,640.1,641.3,644.7,660.9,644.6,641.2,640.1,0.596,0.21,-0.296,0.085,273.693,184.319,-6.191,11.695,-12.912,14.329,5.263,0.287,-3.818,1.169,3.054,-1.037,0.924,1.313,-0.016,-2.044,-0.604,-0.273,0.325,0.651,-0.792,-0.705,0.568,-0.445,-0.138,-0.304,0.145,-0.044,0.095,0.074,-0.108,0.002,-0.011,0.01,0.008,-0.007,0.24,0.03,0.0,0.77,0.0,0.0,0.11,0.0,0.0,0.61,0.0,0.0,0.0,0.0,0.0,0.0,0.0,0.0,1.0,0.0,0.0,0.0,0.0,0.0,0.0,0.0,0.0,0.0,0.0,0.0,0.0,0.0,0.0,1.0,0.0
PP133,g1,4084,0,0.975,0.221408,0.196209,-0.955239,0.065376,0.184918,-0.980577,0.147,0.194,252.8,254.2,257.4,260.5,261.6,260.4,257.0,253.9,248.2,250.4,253.4,257.0,260.3,262.8,264.4,262.3,259.4,256.3,253.1,250.3,255.7,257.1,258.5,259.1,258.6,257.3,255.9,255.2,289.7,290.7,293.4,296.2,297.5,296.5,293.8,290.7,286.6,288.6,291.3,294.5,297.3,299.1,300.1,299.0,297.2,294.8,291.9,288.9,292.2,293.5,294.6,295.1,294.5,293.3,292.1,291.7,159.0,155.8,154.7,156.2,159.5,162.9,163.8,162.3,160.2,158.5,157.5,157.1,157.9,159.5,161.7,162.7,163.0,163.0,162.6,161.7,160.6,161.3,160.8,159.4,158.0,157.3,157.8,159.2,160.2,157.2,155.9,157.2,160.2,163.3,164.5,163.5,162.3,160.2,158.8,158.2,158.7,159.9,161.7,163.1,163.8,164.0,163.8,163.4,161.6,162.2,161.6,160.3,159.0,158.4,159.0,160.3,3.6,5.6,9.8,13.9,15.4,13.7,9.2,5.1,-2.3,0.6,4.5,9.2,13.6,16.9,19.1,16.3,12.4,8.2,4.1,0.4,7.6,9.3,11.2,12.0,11.4,9.6,7.8,6.9,54.7,56.2,60.1,64.2,66.0,64.4,60.5,56.1,50.5,53.2,56.8,61.4,65.5,68.5,70.3,68.4,65.5,61.8,57.7,53.6,58.4,60.2,61.9,62.6,61.8,60.0,58.3,57.6,-37.7,-41.9,-43.4,-41.4,-37.1,-32.6,-31.3,-33.3,-36.3,-38.4,-39.6,-40.0,-39.0,-37.0,-34.2,-32.8,-32.3,-32.2,-32.9,-34.1,-35.5,-34.7,-35.4,-37.2,-39.1,-40.0,-39.3,-37.4,-37.6,-41.9,-43.8,-42.1,-37.9,-33.6,-31.7,-33.1,-34.7,-37.5,-39.5,-40.5,-39.9,-38.5,-36.2,-34.1,-32.9,-32.4,-32.6,-33.2,-35.8,-35.0,-35.9,-37.7,-39.6,-40.3,-39.5,-37.6,516.0,516.6,517.0,517.0,516.6,516.3,515.6,515.6,519.7,517.4,515.3,514.4,515.3,516.9,518.7,516.9,515.1,514.5,515.3,517.3,516.8,516.8,517.0,517.3,517.4,517.4,517.2,517.0,538.0,539.0,540.8,542.3,542.6,541.5,539.7,538.4,538.2,537.6,537.6,538.7,541.6,545.2,548.6,545.2,541.8,539.2,537.9,537.8,540.1,540.8,541.6,542.0,541.9,541.3,540.5,540.0,39.9,-5.0,651.7,0.206,-0.219,0.067,226.0,225.8,226.7,228.7,233.2,240.4,249.6,260.3,270.9,279.5,285.6,291.4,296.6,300.6,303.5,305.6,306.5,239.1,246.2,255.1,264.0,271.7,286.6,293.0,299.0,304.7,307.7,278.9,279.8,280.8,281.7,269.4,273.9,278.3,282.3,285.6,248.1,253.7,259.9,264.5,259.4,253.2,286.6,291.6,296.9,300.2,297.1,291.9,258.4,266.7,273.4,276.9,280.6,284.6,287.5,284.1,279.9,275.9,271.9,265.7,261.5,272.6,276.4,280.0,285.5,280.0,276.2,272.5,159.1,170.9,182.5,193.7,204.4,213.6,221.3,227.2,228.7,226.8,220.5,212.7,203.9,194.1,183.9,173.4,162.6,151.5,147.1,146.2,147.9,151.1,151.4,148.6,147.5,148.7,153.1,160.4,168.0,175.6,183.4,188.4,190.0,191.3,190.2,188.8,160.1,157.4,157.8,161.8,163.0,162.8,162.4,158.6,158.7,161.6,163.9,163.9,203.3,201.1,199.8,201.0,199.9,201.6,203.8,208.7,210.7,211.1,210.6,208.4,203.6,203.6,204.0,203.6,204.1,204.9,205.4,204.9,-41.3,-42.0,-40.7,-37.3,-29.5,-16.7,-0.6,17.6,35.8,51.3,63.5,75.2,85.3,92.6,97.7,101.4,103.1,-17.9,-6.1,8.3,22.5,35.0,59.9,71.3,82.5,93.5,100.2,47.2,48.1,49.3,50.3,31.5,38.8,46.0,52.7,58.5,-3.1,6.1,16.2,23.9,15.4,5.3,61.5,70.2,79.8,86.3,80.2,70.7,14.0,27.4,38.2,44.0,50.3,57.8,63.9,57.1,49.4,42.7,36.0,25.8,19.0,37.1,43.3,49.6,60.2,49.5,43.1,36.8,-48.9,-28.9,-8.8,10.9,29.5,45.6,58.5,68.0,70.8,68.5,58.8,45.8,30.0,12.1,-6.6,-25.8,-45.4,-59.1,-65.9,-67.0,-64.0,-58.6,-59.2,-64.5,-67.3,-66.3,-59.7,-44.3,-31.5,-19.0,-6.4,1.4,4.0,6.2,4.5,2.1,-45.0,-49.3,-48.8,-42.3,-40.3,-40.5,-42.2,-48.8,-48.9,-44.4,-40.1,-39.9,26.2,22.2,20.0,22.0,20.5,23.5,27.7,35.5,38.4,38.8,38.0,34.4,26.7,26.3,27.1,26.7,28.2,28.8,29.4,28.6,673.8,677.3,681.5,684.2,684.0,681.7,676.3,669.5,670.5,680.9,696.7,709.4,715.1,714.9,713.6,712.4,712.2,641.3,636.2,633.0,630.6,630.0,639.4,647.8,657.5,667.7,678.0,636.9,631.2,625.1,619.5,634.0,633.6,634.0,637.7,642.0,642.4,640.0,641.3,643.6,641.6,640.3,656.3,659.1,663.8,670.8,664.3,659.7,649.9,640.5,637.6,639.3,642.0,651.7,665.7,653.8,645.8,642.5,641.0,643.1,648.2,640.7,642.0,645.3,661.5,645.2,641.8,640.7,0.595,0.211,-0.293,0.083,273.86,184.33,-4.758,11.301,-13.136,13.767,5.596,0.074,-4.006,2.037,3.088,-0.719,0.721,1.363,0.437,-2.124,-0.482,-0.394,0.402,0.611,-0.698,-0.852,0.552,-0.473,-0.146,-0.307,0.278,-0.017,0.069,0.079,-0.102,0.002,-0.01,0.014,0.006,-0.005,0.37,0.0,0.0,0.69,0.0,0.0,0.0,0.0,0.0,0.29,0.0,0.0,0.0,0.0,0.0,0.0,0.0,0.0,1.0,0.0,1.0,0.0,0.0,0.0,0.0,0.0,0.0,0.0,0.0,0.0,0.0,0.0,0.0,1.0,0.0
PP133,g1,4090,0,0.975,0.224081,0.195699,-0.95472,0.06822,0.185242,-0.980322,0.15,0.194,253.0,254.5,257.7,260.8,261.9,260.7,257.3,254.2,248.5,250.7,253.7,257.2,260.6,263.0,264.6,262.6,259.7,256.5,253.4,250.6,256.0,257.3,258.7,259.4,258.9,257.5,256.1,255.5,290.0,291.0,293.7,296.5,297.8,296.8,294.1,291.0,286.9,288.9,291.6,294.8,297.5,299.4,300.3,299.3,297.5,295.1,292.2,289.2,292.5,293.7,294.9,295.3,294.8,293.6,292.4,292.0,159.1,155.9,154.7,156.2,159.5,162.9,163.8,162.3,160.3,158.6,157.6,157.2,158.0,159.6,161.8,162.8,163.1,163.1,162.7,161.8,160.7,161.4,160.8,159.5,158.0,157.4,157.9,159.3,160.2,157.1,155.9,157.1,160.2,163.2,164.5,163.5,162.3,160.2,158.7,158.1,158.7,159.8,161.6,163.0,163.7,164.0,163.8,163.4,161.6,162.1,161.6,160.3,158.9,158.4,158.9,160.3,4.0,5.9,10.1,14.2,15.7,14.1,9.6,5.5,-2.0,0.9,4.9,9.5,14.0,17.3,19.4,16.6,12.8,8.6,4.5,0.7,7.9,9.7,11.6,12.4,11.7,9.9,8.1,7.2,55.1,56.6,60.6,64.6,66.4,64.9,60.9,56.6,50.9,53.6,57.3,61.8,66.0,69.0,70.8,68.9,65.9,62.3,58.1,54.0,58.8,60.6,62.3,63.0,62.2,60.4,58.7,58.0,-37.5,-41.7,-43.3,-41.4,-37.0,-32.5,-31.2,-33.2,-36.1,-38.2,-39.5,-39.9,-38.9,-36.9,-34.2,-32.7,-32.2,-32.1,-32.7,-34.0,-35.4,-34.6,-35.3,-37.1,-39.0,-39.9,-39.2,-37.3,-37.7,-42.0,-43.8,-42.2,-38.0,-33.7,-31.8,-33.2,-34.8,-37.6,-39.6,-40.6,-40.0,-38.6,-36.4,-34.2,-33.0,-32.5,-32.7,-33.3,-35.9,-35.1,-36.0,-37.8,-39.7,-40.4,-39.6,-37.7,515.6,516.2,516.6,516.7,516.3,515.9,515.2,515.2,519.3,516.9,514.9,514.0,514.9,516.6,518.4,516.5,514.7,514.1,514.9,516.9,516.4,516.4,516.6,516.9,517.1,517.0,516.8,516.6,538.5,539.5,541.3,542.8,543.1,542.1,540.3,538.9,538.7,538.1,538.1,539.3,542.1,545.7,549.1,545.8,542.4,539.8,538.4,538.3,540.7,541.3,542.1,542.5,542.4,541.8,541.0,540.5,40.4,-4.9,651.1,0.205,-0.223,0.065,226.2,226.0,226.9,229.0,233.4,240.7,250.0,260.6,271.2,279.8,285.9,291.7,296.8,300.8,303.6,305.8,306.7,239.2,246.4,255.4,264.3,272.1,286.8,293.2,299.3,305.0,308.0,279.2,280.1,281.2,282.2,269.8,274.3,278.7,282.6,285.9,248.4,254.0,260.2,264.8,259.7,253.5,286.9,291.9,297.2,300.5,297.4,292.1,258.9,267.2,273.8,277.3,281.0,284.9,287.8,284.4,280.2,276.3,272.4,266.1,262.0,273.1,276.7,280.4,285.8,280.3,276.6,272.9,159.3,171.1,182.7,194.0,204.6,213.8,221.4,227.2,228.8,226.8,220.5,212.7,203.8,194.0,183.7,173.2,162.4,151.7,147.2,146.2,147.9,151.2,151.3,148.6,147.5,148.7,153.1,160.3,168.0,175.6,183.4,188.4,190.0,191.3,190.2,188.8,160.2,157.5,157.8,161.9,163.0,162.9,162.4,158.5,158.7,161.6,163.9,163.8,203.4,201.2,199.9,201.1,200.0,201.7,203.9,208.7,210.7,211.1,210.7,208.5,203.7,203.6,204.1,203.7,204.2,205.0,205.4,205.0,-41.0,-41.6,-40.2,-36.8,-29.0,-16.1,-0.1,18.2,36.4,51.8,64.0,75.6,85.6,93.0,98.0,101.7,103.4,-17.7,-5.9,8.7,23.0,35.7,60.2,71.6,82.9,93.9,100.6,47.6,48.6,49.8,51.0,32.2,39.4,46.6,53.2,59.0,-2.7,6.6,16.6,24.4,15.9,5.8,61.9,70.6,80.2,86.7,80.6,71.1,14.8,28.1,38.8,44.6,50.9,58.2,64.3,57.5,49.9,43.3,36.7,26.5,19.9,37.8,43.9,50.1,60.5,50.0,43.7,37.5,-48.5,-28.4,-8.3,11.3,29.9,45.9,58.7,68.0,70.8,68.5,58.8,45.7,29.9,11.9,-6.9,-26.1,-45.7,-58.7,-65.6,-66.8,-63.9,-58.5,-59.1,-64.5,-67.3,-66.4,-59.7,-44.2,-31.5,-19.0,-6.4,1.4,4.0,6.2,4.5,2.1,-44.8,-49.1,-48.6,-42.2,-40.1,-40.3,-42.2,-48.9,-48.9,-44.5,-40.2,-39.9,26.5,22.4,20.2,22.2,20.6,23.7,27.9,35.5,38.4,38.8,38.0,34.5,26.9,26.5,27.2,26.8,28.3,28.8,29.4,28.6,672.8,676.3,680.5,683.2,683.1,680.8,675.5,668.7,669.8,680.3,696.1,708.8,714.5,714.5,713.3,712.2,712.1,640.8,635.5,632.3,629.8,629.3,638.8,647.2,657.1,667.4,677.8,636.2,630.5,624.4,618.7,633.1,632.8,633.3,637.0,641.3,641.6,639.2,640.5,642.9,640.8,639.5,655.7,658.5,663.3,670.4,663.8,659.2,648.9,639.8,636.9,638.6,641.4,650.9,664.9,653.0,645.1,641.9,640.4,642.3,647.2,640.0,641.3,644.6,660.6,644.5,641.2,640.1,0.596,0.209,-0.298,0.081,274.172,184.377,-4.13,11.149,-13.456,14.26,5.957,-0.172,-3.866,1.283,3.469,-0.727,0.864,1.233,0.611,-2.054,-0.416,-0.481,0.324,0.517,-0.812,-0.688,0.648,-0.459,-0.104,-0.317,0.256,-0.027,0.065,0.078,-0.106,0.009,-0.02,0.016,0.004,-0.002,0.39,0.0,0.0,0.7,0.0,0.0,0.0,0.0,0.0,0.15,0.0,0.0,0.0,0.0,0.0,0.0,0.0,0.0,1.0,0.0,1.0,0.0,0.0,0.0,0.0,0.0,0.0,0.0,0.0,0.0,0.0,0.0,0.0,1.0,0.0
PP133,g1,4096,0,0.975,0.223327,0.187885,-0.956464,0.071783,0.178256,-0.981362,0.151,0.187,252.9,254.3,257.5,260.6,261.8,260.6,257.2,254.1,248.4,250.5,253.5,257.1,260.5,262.9,264.5,262.5,259.6,256.4,253.3,250.4,255.9,257.2,258.6,259.2,258.7,257.4,256.0,255.4,289.8,290.9,293.5,296.4,297.6,296.6,293.9,290.9,286.8,288.8,291.4,294.6,297.4,299.2,300.2,299.2,297.4,295.0,292.1,289.1,292.4,293.6,294.8,295.2,294.6,293.4,292.2,291.8,159.3,156.1,154.9,156.4,159.7,163.1,164.0,162.5,160.6,158.8,157.8,157.3,158.1,159.7,161.9,163.0,163.2,163.3,162.9,162.1,160.9,161.5,161.0,159.6,158.2,157.6,158.1,159.5,160.3,157.2,155.9,157.2,160.2,163.3,164.6,163.5,162.4,160.3,158.8,158.2,158.7,159.9,161.7,163.1,163.8,164.1,163.9,163.5,161.7,162.2,161.7,160.3,159.0,158.4,159.0,160.3,3.8,5.7,9.9,14.0,15.6,13.9,9.4,5.3,-2.1,0.7,4.7,9.3,13.8,17.1,19.3,16.5,12.7,8.4,4.3,0.6,7.7,9.5,11.4,12.2,11.5,9.8,7.9,7.1,54.8,56.3,60.2,64.3,66.1,64.6,60.6,56.2,50.6,53.3,56.9,61.5,65.6,68.6,70.4,68.6,65.6,62.0,57.9,53.7,58.5,60.3,62.0,62.7,61.9,60.1,58.4,57.7,-37.2,-41.4,-43.0,-41.1,-36.7,-32.2,-30.9,-32.9,-35.8,-37.9,-39.1,-39.6,-38.7,-36.7,-33.9,-32.4,-31.9,-31.8,-32.4,-33.6,-35.1,-34.3,-35.0,-36.8,-38.7,-39.6,-38.9,-37.0,-37.5,-41.8,-43.7,-42.0,-37.8,-33.5,-31.6,-33.0,-34.6,-37.4,-39.4,-40.4,-39.8,-38.5,-36.2,-34.0,-32.8,-32.3,-32.5,-33.1,-35.7,-35.0,-35.8,-37.7,-39.5,-40.2,-39.4,-37.5,515.0,515.6,516.0,516.1,515.6,515.3,514.6,514.6,518.8,516.4,514.3,513.5,514.3,515.9,517.7,515.9,514.1,513.5,514.4,516.4,515.8,515.8,516.0,516.3,516.5,516.5,516.3,516.0,537.4,538.4,540.2,541.7,542.0,540.9,539.1,537.7,537.5,536.9,536.9,538.2,541.0,544.7,548.0,544.7,541.3,538.6,537.3,537.2,539.5,540.2,541.0,541.4,541.3,540.7,539.9,539.4,40.3,-4.3,649.3,0.193,-0.226,0.06,226.2,226.0,227.0,229.1,233.6,240.9,250.1,260.8,271.5,280.0,286.0,291.7,296.7,300.7,303.5,305.6,306.5,239.1,246.2,255.2,264.1,271.9,286.7,293.0,299.1,304.7,307.8,279.1,280.1,281.2,282.2,269.9,274.4,278.8,282.7,286.0,248.3,253.9,260.0,264.7,259.6,253.4,286.8,291.7,297.1,300.3,297.3,292.0,259.2,267.4,274.0,277.5,281.1,285.1,287.9,284.6,280.5,276.6,272.6,266.4,262.3,273.2,276.9,280.6,285.9,280.5,276.8,273.1,159.8,171.6,183.3,194.6,205.3,214.6,222.4,228.2,229.7,227.7,221.4,213.5,204.6,194.6,184.2,173.5,162.6,152.0,147.4,146.5,148.1,151.3,151.5,148.7,147.6,148.8,153.2,160.4,168.1,175.7,183.6,188.6,190.2,191.5,190.4,188.9,160.5,157.7,158.0,162.0,163.2,163.1,162.5,158.6,158.7,161.7,163.9,163.9,204.0,201.6,200.2,201.4,200.3,202.0,204.3,209.2,211.1,211.5,211.1,209.0,204.3,204.0,204.4,204.0,204.7,205.3,205.8,205.4,-40.9,-41.4,-40.0,-36.5,-28.6,-15.9,0.1,18.4,36.7,52.1,64.0,75.4,85.2,92.4,97.4,101.1,102.8,-17.8,-6.1,8.4,22.7,35.2,59.9,71.2,82.5,93.4,100.1,47.3,48.4,49.7,50.9,32.1,39.4,46.6,53.2,59.0,-2.8,6.3,16.4,24.1,15.7,5.6,61.6,70.2,79.8,86.2,80.2,70.8,15.2,28.4,38.9,44.8,51.0,58.3,64.3,57.7,50.2,43.6,37.0,26.9,20.2,38.0,44.1,50.3,60.5,50.2,43.9,37.7,-47.6,-27.5,-7.3,12.4,31.1,47.2,60.1,69.4,72.1,69.8,60.2,47.1,31.1,13.0,-6.0,-25.4,-45.2,-58.0,-65.0,-66.3,-63.4,-58.2,-58.8,-64.2,-67.1,-66.1,-59.4,-44.0,-31.3,-18.8,-6.2,1.8,4.4,6.5,4.8,2.3,-44.3,-48.7,-48.3,-41.9,-39.7,-39.9,-42.0,-48.7,-48.8,-44.3,-40.0,-39.7,27.3,23.0,20.6,22.6,21.0,24.1,28.5,36.1,38.9,39.3,38.6,35.2,27.7,26.9,27.6,27.2,28.9,29.3,30.0,29.2,670.9,674.4,678.5,681.1,680.9,678.5,673.3,666.6,667.6,678.2,694.1,706.9,712.8,712.7,711.4,710.2,710.0,639.3,634.2,631.0,628.7,628.2,637.7,646.1,656.0,666.2,676.6,634.9,629.1,622.9,617.1,631.4,631.1,631.5,635.3,639.7,640.2,637.9,639.3,641.6,639.5,638.2,654.4,657.3,662.1,669.1,662.5,657.8,646.9,637.7,635.0,636.7,639.5,649.0,662.8,650.9,643.0,639.8,638.3,640.1,645.2,638.0,639.3,642.6,658.5,642.5,639.2,638.1,0.597,0.199,-0.302,0.075,274.193,184.727,-5.18,11.087,-13.716,15.679,4.641,0.182,-3.691,1.491,3.777,-1.727,0.747,1.05,0.228,-2.116,-0.162,-0.451,0.317,0.626,-0.762,-0.669,0.552,-0.346,-0.292,-0.483,0.243,0.022,0.114,0.079,-0.108,0.002,-0.018,0.006,0.011,-0.007,0.34,0.0,0.0,0.5,0.0,0.0,0.0,0.0,0.0,0.4,0.0,0.0,0.0,0.0,0.0,0.0,0.0,0.0,1.0,0.0,1.0,0.0,0.0,0.0,0.0,0.0,0.0,0.0,0.0,0.0,0.0,0.0,0.0,1.0,0.0
PP133,g1,4102,0,0.975,0.221408,0.183859,-0.957692,0.073859,0.175083,-0.981779,0.151,0.183,252.9,254.3,257.5,260.6,261.8,260.6,257.2,254.1,248.5,250.6,253.6,257.1,260.5,263.0,264.6,262.5,259.7,256.5,253.3,250.5,255.9,257.3,258.7,259.3,258.8,257.4,256.0,255.4,289.8,290.8,293.5,296.3,297.6,296.6,293.9,290.9,286.8,288.8,291.4,294.6,297.4,299.2,300.2,299.1,297.4,295.0,292.1,289.1,292.3,293.6,294.7,295.2,294.6,293.4,292.2,291.8,159.5,156.3,155.1,156.6,159.8,163.2,164.2,162.7,160.8,159.1,158.0,157.5,158.3,159.9,162.0,163.1,163.4,163.5,163.1,162.3,161.1,161.7,161.2,159.8,158.4,157.8,158.3,159.7,160.3,157.2,155.9,157.2,160.3,163.3,164.6,163.6,162.4,160.3,158.8,158.2,158.7,159.9,161.7,163.1,163.8,164.1,163.9,163.5,161.7,162.2,161.7,160.3,159.0,158.5,159.0,160.4,3.9,5.7,10.0,14.1,15.6,14.0,9.5,5.4,-2.0,0.8,4.7,9.3,13.8,17.2,19.4,16.6,12.7,8.5,4.4,0.7,7.8,9.6,11.5,12.3,11.6,9.8,8.0,7.1,54.9,56.3,60.2,64.3,66.1,64.6,60.7,56.3,50.7,53.3,57.0,61.5,65.7,68.7,70.5,68.6,65.7,62.1,57.9,53.8,58.5,60.3,62.0,62.7,61.9,60.1,58.4,57.8,-37.0,-41.2,-42.9,-40.9,-36.6,-32.1,-30.8,-32.7,-35.5,-37.7,-38.9,-39.5,-38.5,-36.5,-33.8,-32.3,-31.8,-31.6,-32.2,-33.4,-34.9,-34.1,-34.8,-36.7,-38.6,-39.4,-38.7,-36.8,-37.5,-41.8,-43.7,-42.1,-37.8,-33.5,-31.7,-33.0,-34.6,-37.4,-39.5,-40.4,-39.9,-38.5,-36.2,-34.1,-32.9,-32.3,-32.5,-33.1,-35.7,-35.0,-35.8,-37.7,-39.5,-40.2,-39.4,-37.5,515.9,516.5,516.9,516.9,516.4,516.1,515.5,515.5,519.8,517.3,515.2,514.3,515.1,516.7,518.5,516.7,514.9,514.4,515.3,517.3,516.7,516.7,516.9,517.1,517.3,517.3,517.1,516.9,537.9,539.0,540.8,542.3,542.6,541.5,539.6,538.3,538.1,537.5,537.5,538.7,541.6,545.2,548.6,545.2,541.8,539.2,537.8,537.7,540.1,540.7,541.5,542.0,541.9,541.2,540.4,539.9,40.6,-4.0,648.4,0.186,-0.227,0.053,226.3,226.1,227.2,229.4,234.0,241.3,250.5,261.3,272.1,280.6,286.6,292.0,296.9,300.8,303.6,305.7,306.5,239.2,246.3,255.2,264.0,271.8,286.6,292.9,299.0,304.6,307.7,279.1,280.1,281.3,282.4,270.1,274.6,279.1,283.0,286.2,248.4,253.9,260.0,264.8,259.6,253.5,286.8,291.7,297.0,300.3,297.3,292.0,259.7,267.8,274.3,277.8,281.5,285.4,288.2,285.1,281.0,277.1,273.2,267.0,262.8,273.7,277.3,281.0,286.3,280.9,277.3,273.5,160.2,172.0,183.7,195.1,205.8,215.2,223.0,228.8,230.2,228.2,221.8,213.9,204.8,194.8,184.3,173.6,162.7,152.3,147.7,146.6,148.2,151.4,151.5,148.7,147.6,148.7,153.2,160.4,168.2,175.8,183.7,188.8,190.4,191.7,190.5,189.0,160.7,157.9,158.2,162.1,163.4,163.3,162.5,158.6,158.7,161.7,163.9,163.9,204.4,201.9,200.4,201.6,200.5,202.2,204.5,209.4,211.3,211.7,211.4,209.3,204.7,204.2,204.6,204.2,204.9,205.5,206.0,205.6,-40.7,-41.1,-39.6,-35.9,-27.9,-15.1,0.9,19.3,37.6,53.0,64.9,76.0,85.6,92.6,97.4,101.0,102.5,-17.7,-6.1,8.4,22.6,35.1,59.7,71.0,82.2,93.0,99.7,47.2,48.4,49.8,51.1,32.4,39.7,46.9,53.5,59.3,-2.7,6.3,16.4,24.2,15.8,5.7,61.5,70.1,79.6,86.1,80.1,70.7,16.0,29.1,39.5,45.3,51.5,58.7,64.7,58.3,50.9,44.3,37.8,27.8,21.0,38.6,44.7,50.9,61.0,50.8,44.6,38.4,-46.9,-26.7,-6.5,13.3,31.9,48.1,61.0,70.3,72.9,70.6,61.0,47.7,31.6,13.3,-5.8,-25.2,-45.0,-57.5,-64.6,-65.9,-63.1,-57.9,-58.7,-64.1,-67.0,-66.0,-59.3,-43.9,-31.1,-18.6,-6.0,2.1,4.6,6.8,5.0,2.5,-43.8,-48.3,-48.0,-41.6,-39.4,-39.5,-41.9,-48.6,-48.7,-44.2,-39.9,-39.7,28.0,23.5,20.9,22.9,21.2,24.4,28.9,36.3,39.1,39.6,38.9,35.7,28.3,27.3,27.9,27.4,29.2,29.6,30.2,29.5,670.2,673.7,677.8,680.4,680.1,677.7,672.3,665.5,666.5,677.2,693.3,706.2,712.1,711.9,710.4,708.9,708.5,638.5,633.4,630.4,628.1,627.7,637.1,645.5,655.3,665.5,675.8,634.3,628.4,622.0,616.2,630.5,630.1,630.5,634.4,638.9,639.5,637.3,638.6,640.9,638.9,637.5,653.7,656.6,661.4,668.4,661.8,657.1,645.8,636.5,633.9,635.7,638.4,647.9,661.6,649.6,641.8,638.6,637.0,638.8,644.0,636.9,638.2,641.6,657.3,641.4,638.0,636.9,0.598,0.193,-0.303,0.068,274.416,184.941,-5.181,11.686,-14.227,16.684,3.274,0.514,-3.519,2.061,3.752,-2.286,0.631,0.829,0.013,-2.307,-0.065,-0.531,0.357,0.579,-0.625,-0.616,0.562,-0.194,-0.37,-0.612,0.253,0.153,0.097,0.084,-0.118,-0.003,-0.022,-0.005,0.01,-0.002,0.4,0.0,0.0,0.74,0.0,0.0,0.0,0.0,0.0,0.53,0.0,0.0,0.0,0.0,0.0,0.0,0.0,1.0,1.0,0.0,1.0,0.0,0.0,0.0,0.0,0.0,0.0,0.0,0.0,0.0,0.0,0.0,1.0,1.0,0.0
PP133,g1,4108,0,0.975,0.223691,0.183841,-0.957165,0.074996,0.174622,-0.981775,0.153,0.183,252.7,254.1,257.3,260.4,261.6,260.4,257.0,253.9,248.3,250.4,253.4,256.9,260.3,262.7,264.4,262.3,259.4,256.3,253.1,250.3,255.7,257.0,258.4,259.1,258.5,257.2,255.8,255.2,289.6,290.6,293.2,296.0,297.3,296.3,293.6,290.6,286.5,288.5,291.1,294.3,297.1,298.9,299.9,298.9,297.1,294.7,291.8,288.8,292.1,293.3,294.5,294.9,294.3,293.1,291.9,291.5,159.4,156.2,155.0,156.5,159.7,163.1,164.1,162.6,160.7,158.9,157.9,157.4,158.2,159.8,161.9,163.0,163.3,163.3,163.0,162.1,161.0,161.6,161.1,159.7,158.3,157.6,158.2,159.5,160.2,157.2,155.9,157.2,160.2,163.3,164.5,163.5,162.3,160.3,158.8,158.2,158.7,159.9,161.7,163.1,163.8,164.0,163.8,163.4,161.6,162.2,161.6,160.3,159.0,158.4,159.0,160.3,3.6,5.5,9.7,13.8,15.4,13.7,9.2,5.2,-2.3,0.5,4.4,9.1,13.6,16.9,19.1,16.3,12.5,8.3,4.1,0.4,7.6,9.3,11.2,12.0,11.3,9.5,7.7,6.9,54.6,56.0,59.9,64.0,65.8,64.3,60.4,56.0,50.4,53.0,56.7,61.2,65.4,68.3,70.1,68.3,65.4,61.7,57.6,53.5,58.2,60.0,61.7,62.4,61.6,59.8,58.1,57.5,-37.3,-41.5,-43.1,-41.2,-36.8,-32.3,-31.0,-32.9,-35.8,-37.9,-39.2,-39.7,-38.8,-36.8,-34.0,-32.5,-32.0,-31.9,-32.4,-33.7,-35.2,-34.3,-35.1,-36.9,-38.8,-39.6,-38.9,-37.1,-37.6,-41.9,-43.8,-42.2,-37.9,-33.6,-31.8,-33.1,-34.7,-37.5,-39.6,-40.5,-40.0,-38.6,-36.3,-34.2,-33.0,-32.4,-32.6,-33.2,-35.8,-35.1,-35.9,-37.8,-39.6,-40.3,-39.5,-37.6,517.2,517.8,518.2,518.2,517.8,517.5,516.8,516.8,521.0,518.6,516.5,515.7,516.5,518.1,519.8,518.0,516.3,515.7,516.6,518.6,518.0,518.0,518.2,518.4,518.6,518.6,518.5,518.2,538.6,539.7,541.5,543.0,543.3,542.2,540.3,539.0,538.7,538.1,538.2,539.4,542.3,545.9,549.3,545.9,542.5,539.9,538.5,538.4,540.8,541.4,542.2,542.7,542.6,541.9,541.1,540.6,40.1,-4.1,649.3,0.187,-0.229,0.057,226.1,225.9,226.9,229.0,233.5,240.8,250.0,260.8,271.5,280.1,286.1,291.6,296.5,300.4,303.2,305.3,306.2,239.0,246.1,255.1,263.8,271.6,286.4,292.7,298.7,304.3,307.4,278.8,279.8,281.0,282.0,269.8,274.2,278.7,282.6,285.9,248.1,253.7,259.8,264.5,259.4,253.2,286.5,291.4,296.7,300.0,297.0,291.8,259.2,267.4,273.9,277.4,281.1,285.1,287.9,284.7,280.6,276.7,272.7,266.5,262.2,273.2,276.9,280.6,285.9,280.5,276.8,273.0,160.1,171.9,183.6,195.0,205.7,215.0,222.8,228.6,230.1,228.2,221.8,213.9,204.9,194.9,184.4,173.6,162.7,152.1,147.5,146.6,148.2,151.4,151.5,148.7,147.6,148.7,153.2,160.4,168.1,175.7,183.6,188.7,190.3,191.6,190.5,188.9,160.6,157.8,158.1,162.0,163.3,163.2,162.4,158.6,158.7,161.6,163.9,163.9,204.2,201.7,200.3,201.4,200.4,202.1,204.4,209.2,211.2,211.6,211.2,209.2,204.5,204.1,204.5,204.1,204.8,205.4,205.9,205.5,-41.1,-41.6,-40.1,-36.6,-28.7,-16.0,0.0,18.5,36.8,52.2,64.0,75.2,84.9,92.0,96.9,100.5,102.1,-18.0,-6.3,8.2,22.3,34.7,59.4,70.7,81.9,92.7,99.4,46.9,48.0,49.4,50.6,31.9,39.2,46.4,53.0,58.7,-3.1,6.0,16.1,23.8,15.4,5.3,61.2,69.8,79.3,85.7,79.7,70.3,15.2,28.4,38.8,44.7,51.0,58.2,64.2,57.8,50.3,43.6,37.0,27.0,20.2,37.9,44.0,50.3,60.5,50.2,43.9,37.6,-47.1,-26.9,-6.7,13.0,31.7,47.8,60.8,70.1,72.8,70.6,61.0,47.8,31.7,13.4,-5.7,-25.2,-45.1,-57.9,-64.9,-66.1,-63.3,-58.1,-58.8,-64.2,-67.1,-66.2,-59.5,-44.1,-31.3,-18.8,-6.2,1.9,4.5,6.6,4.8,2.4,-44.1,-48.6,-48.2,-41.8,-39.7,-39.8,-42.0,-48.7,-48.8,-44.3,-40.0,-39.8,27.6,23.2,20.7,22.7,21.1,24.2,28.7,36.2,39.0,39.5,38.8,35.5,28.0,27.0,27.7,27.2,29.1,29.5,30.2,29.4,670.6,674.1,678.2,680.7,680.5,678.1,672.8,666.0,667.1,677.9,693.9,706.8,712.8,712.7,711.3,709.8,709.5,639.2,634.2,631.2,629.0,628.6,638.0,646.4,656.1,666.3,676.6,635.2,629.3,623.1,617.3,631.5,631.1,631.5,635.4,639.9,640.2,638.1,639.5,641.8,639.7,638.3,654.6,657.5,662.2,669.1,662.7,658.0,646.6,637.4,634.9,636.7,639.5,648.9,662.6,650.7,642.8,639.6,638.0,639.8,644.9,637.9,639.2,642.5,658.3,642.4,639.1,637.9,0.597,0.194,-0.304,0.072,274.064,184.853,-6.376,11.064,-13.972,15.983,3.382,0.721,-3.418,1.893,3.666,-2.092,0.742,0.755,-0.063,-2.197,0.033,-0.463,0.345,0.659,-0.68,-0.7,0.547,-0.217,-0.436,-0.552,0.308,0.101,0.108,0.073,-0.106,-0.004,-0.024,-0.002,0.013,-0.004,0.49,0.0,0.0,1.0,0.0,0.0,0.0,0.0,0.0,0.34,0.0,0.0,0.0,0.0,0.0,0.0,0.0,0.0,1.0,0.0,1.0,0.0,0.0,0.0,0.0,0.0,0.0,0.0,0.0,0.0,0.0,0.0,0.0,1.0,0.0
PP133,g1,4114,0,0.975,0.220337,0.184404,-0.957834,0.070855,0.174984,-0.982018,0.149,0.183,251.9,253.3,256.5,259.6,260.7,259.5,256.1,253.0,247.4,249.5,252.5,256.0,259.4,261.9,263.5,261.5,258.6,255.4,252.3,249.4,254.8,256.2,257.6,258.2,257.7,256.3,254.9,254.3,288.8,289.8,292.5,295.3,296.6,295.6,292.9,289.8,285.7,287.7,290.4,293.6,296.4,298.2,299.2,298.2,296.4,293.9,291.0,288.0,291.3,292.6,293.7,294.2,293.6,292.4,291.2,290.8,159.2,156.0,154.8,156.3,159.5,162.9,163.9,162.4,160.5,158.8,157.7,157.2,158.0,159.6,161.8,162.8,163.1,163.2,162.8,162.0,160.8,161.4,160.9,159.5,158.1,157.5,158.0,159.4,160.1,157.0,155.7,157.0,160.1,163.1,164.4,163.4,162.2,160.1,158.6,158.0,158.5,159.7,161.5,162.9,163.6,163.9,163.7,163.3,161.5,162.0,161.5,160.1,158.8,158.3,158.8,160.1,2.5,4.3,8.6,12.7,14.2,12.6,8.1,4.0,-3.5,-0.6,3.3,7.9,12.4,15.7,18.0,15.2,11.3,7.1,3.0,-0.7,6.4,8.2,10.1,10.9,10.2,8.4,6.6,5.7,53.3,54.8,58.7,62.8,64.6,63.1,59.1,54.7,49.1,51.8,55.4,60.0,64.1,67.1,68.9,67.0,64.1,60.5,56.4,52.2,57.0,58.8,60.5,61.1,60.3,58.6,56.9,56.2,-37.4,-41.6,-43.3,-41.3,-37.0,-32.5,-31.2,-33.1,-35.9,-38.1,-39.4,-39.9,-38.9,-36.9,-34.2,-32.7,-32.2,-32.0,-32.6,-33.8,-35.3,-34.5,-35.2,-37.1,-39.0,-39.8,-39.1,-37.2,-37.7,-42.0,-43.9,-42.2,-38.0,-33.7,-31.9,-33.2,-34.8,-37.6,-39.7,-40.6,-40.0,-38.7,-36.4,-34.3,-33.1,-32.5,-32.7,-33.3,-35.9,-35.2,-36.0,-37.9,-39.7,-40.4,-39.6,-37.7,516.1,516.7,517.1,517.1,516.6,516.3,515.7,515.7,520.0,517.5,515.4,514.5,515.3,516.9,518.7,516.9,515.1,514.6,515.5,517.5,516.9,516.9,517.1,517.3,517.5,517.5,517.3,517.1,536.6,537.7,539.5,541.0,541.2,540.1,538.3,537.0,536.8,536.2,536.2,537.4,540.3,543.9,547.3,543.9,540.5,537.8,536.5,536.4,538.8,539.4,540.2,540.7,540.6,539.9,539.1,538.7,38.8,-4.5,649.7,0.189,-0.222,0.057,225.4,225.2,226.3,228.4,232.9,240.2,249.3,260.1,270.8,279.3,285.3,290.9,295.9,299.8,302.6,304.8,305.6,238.1,245.2,254.1,262.9,270.7,285.5,291.9,298.0,303.7,306.8,278.0,278.9,280.0,281.1,268.8,273.3,277.8,281.7,285.0,247.3,252.8,259.0,263.7,258.6,252.4,285.7,290.7,296.0,299.3,296.3,291.0,258.1,266.3,272.9,276.5,280.2,284.2,287.1,283.8,279.7,275.7,271.7,265.4,261.2,272.2,276.0,279.6,285.1,279.6,275.9,272.1,159.8,171.6,183.4,194.7,205.4,214.8,222.5,228.3,229.8,227.8,221.5,213.7,204.6,194.6,184.2,173.4,162.5,152.0,147.4,146.4,148.0,151.2,151.3,148.5,147.4,148.6,153.1,160.2,167.9,175.6,183.5,188.5,190.1,191.4,190.3,188.8,160.4,157.6,157.9,161.9,163.1,163.0,162.3,158.4,158.5,161.5,163.7,163.7,203.9,201.5,200.1,201.3,200.2,201.9,204.1,209.0,210.9,211.3,210.9,208.9,204.2,203.9,204.3,203.9,204.5,205.2,205.7,205.2,-42.3,-42.8,-41.3,-37.7,-29.8,-17.1,-1.2,17.2,35.5,50.9,62.8,74.1,83.8,90.9,95.8,99.5,101.1,-19.5,-7.8,6.7,20.9,33.4,58.1,69.4,80.6,91.6,98.3,45.5,46.6,47.9,49.1,30.4,37.7,44.9,51.6,57.4,-4.5,4.6,14.7,22.5,14.0,3.9,59.9,68.5,78.0,84.5,78.5,69.1,13.4,26.7,37.3,43.2,49.5,56.8,63.0,56.4,48.8,42.1,35.4,25.3,18.5,36.3,42.5,48.8,59.2,48.7,42.4,36.1,-47.6,-27.4,-7.2,12.6,31.3,47.5,60.4,69.7,72.3,70.0,60.5,47.3,31.3,13.0,-6.1,-25.5,-45.5,-58.2,-65.2,-66.5,-63.7,-58.5,-59.2,-64.6,-67.4,-66.4,-59.7,-44.5,-31.6,-19.0,-6.4,1.6,4.2,6.4,4.6,2.1,-44.4,-48.9,-48.5,-42.2,-40.0,-40.1,-42.3,-49.0,-49.1,-44.6,-40.3,-40.1,27.2,22.9,20.5,22.5,20.9,23.9,28.3,35.8,38.6,39.1,38.3,35.0,27.6,26.8,27.5,27.0,28.7,29.1,29.7,29.0,672.0,675.4,679.5,682.0,681.6,679.2,673.8,666.8,667.7,678.3,694.3,707.1,712.9,712.8,711.4,710.0,709.8,640.4,635.2,632.0,629.6,629.1,638.3,646.6,656.3,666.5,676.8,635.6,629.7,623.4,617.6,632.1,631.6,631.9,635.8,640.2,641.2,638.9,640.2,642.4,640.4,639.1,654.9,657.7,662.4,669.3,662.9,658.2,647.6,638.4,635.7,637.4,640.1,649.5,663.3,651.2,643.3,640.0,638.6,640.6,645.9,638.6,639.8,643.2,659.0,642.9,639.6,638.5,0.597,0.195,-0.295,0.071,273.24,184.643,-6.231,11.082,-13.529,15.986,4.043,1.378,-3.964,1.582,3.571,-1.812,0.449,0.955,-0.09,-2.095,-0.249,-0.335,0.352,0.772,-0.682,-0.705,0.575,-0.321,-0.42,-0.557,0.162,0.039,0.114,0.062,-0.106,-0.002,-0.016,0.003,0.01,-0.012,0.48,0.0,0.0,0.28,0.0,0.0,0.05,0.0,0.0,0.53,0.0,0.0,0.0,0.0,0.0,0.0,0.0,0.0,1.0,0.0,0.0,0.0,0.0,0.0,0.0,0.0,0.0,0.0,0.0,0.0,0.0,0.0,0.0,1.0,0.0
PP133,g1,4120,0,0.975,0.219253,0.185128,-0.957944,0.06946,0.175591,-0.98201,0.148,0.184,251.2,252.6,255.8,258.9,260.1,258.9,255.5,252.4,246.8,248.9,251.9,255.4,258.8,261.3,262.9,260.8,257.9,254.8,251.6,248.8,254.2,255.6,257.0,257.6,257.1,255.7,254.3,253.7,288.2,289.2,291.9,294.7,296.0,295.0,292.3,289.2,285.1,287.1,289.8,293.0,295.8,297.6,298.6,297.6,295.7,293.3,290.4,287.4,290.7,291.9,293.1,293.6,293.0,291.8,290.6,290.1,159.2,156.1,154.8,156.3,159.6,163.0,163.9,162.5,160.5,158.8,157.7,157.3,158.0,159.6,161.8,162.8,163.1,163.2,162.8,162.0,160.8,161.4,160.9,159.5,158.1,157.5,158.0,159.4,160.1,157.0,155.7,157.0,160.1,163.1,164.4,163.4,162.2,160.1,158.6,158.0,158.6,159.7,161.5,162.9,163.6,163.9,163.7,163.3,161.5,162.1,161.5,160.2,158.8,158.3,158.8,160.2,1.6,3.5,7.7,11.8,13.4,11.8,7.3,3.2,-4.3,-1.5,2.5,7.1,11.6,14.9,17.1,14.3,10.5,6.3,2.1,-1.6,5.6,7.4,9.2,10.1,9.4,7.6,5.7,4.9,52.5,53.9,57.9,61.9,63.7,62.2,58.3,53.9,48.3,50.9,54.6,59.2,63.3,66.3,68.1,66.2,63.3,59.7,55.5,51.4,56.2,57.9,59.6,60.3,59.5,57.7,56.0,55.4,-37.4,-41.6,-43.3,-41.3,-37.0,-32.5,-31.2,-33.1,-35.9,-38.1,-39.4,-39.9,-38.9,-36.9,-34.2,-32.7,-32.2,-32.1,-32.6,-33.8,-35.4,-34.5,-35.2,-37.1,-39.0,-39.8,-39.1,-37.2,-37.7,-42.0,-43.9,-42.2,-38.0,-33.7,-31.8,-33.2,-34.8,-37.6,-39.6,-40.6,-40.0,-38.7,-36.4,-34.3,-33.1,-32.5,-32.7,-33.3,-35.9,-35.1,-36.0,-37.9,-39.7,-40.4,-39.6,-37.7,516.7,517.3,517.7,517.6,517.2,516.9,516.2,516.3,520.5,518.1,516.0,515.1,515.9,517.5,519.2,517.4,515.7,515.1,516.0,518.1,517.5,517.4,517.6,517.9,518.1,518.1,517.9,517.6,536.7,537.8,539.6,541.1,541.3,540.2,538.4,537.1,536.9,536.3,536.3,537.5,540.3,543.9,547.3,544.0,540.5,537.9,536.6,536.5,538.9,539.5,540.3,540.8,540.7,540.0,539.2,538.8,37.8,-4.4,650.2,0.189,-0.22,0.057,224.9,224.7,225.8,227.9,232.4,239.7,248.8,259.5,270.2,278.7,284.8,290.4,295.4,299.3,302.1,304.2,305.1,237.5,244.6,253.5,262.3,270.1,284.9,291.3,297.3,303.0,306.2,277.3,278.3,279.4,280.4,268.1,272.6,277.1,281.0,284.4,246.7,252.2,258.3,263.0,257.9,251.8,285.1,290.1,295.4,298.8,295.7,290.4,257.4,265.6,272.2,275.8,279.5,283.5,286.5,283.2,279.0,275.0,270.9,264.7,260.4,271.5,275.3,279.0,284.5,278.9,275.2,271.4,159.8,171.6,183.4,194.8,205.5,214.8,222.6,228.4,229.9,227.9,221.6,213.7,204.6,194.6,184.2,173.5,162.5,152.0,147.4,146.4,148.0,151.2,151.3,148.5,147.4,148.6,153.0,160.2,167.9,175.6,183.5,188.5,190.1,191.5,190.3,188.8,160.4,157.6,157.9,161.9,163.1,163.0,162.3,158.4,158.6,161.5,163.8,163.7,203.8,201.5,200.1,201.3,200.2,201.9,204.1,209.0,211.0,211.4,211.0,208.9,204.1,203.9,204.3,203.9,204.5,205.2,205.7,205.3,-43.3,-43.8,-42.2,-38.6,-30.7,-18.0,-2.1,16.2,34.5,49.9,61.9,73.1,82.9,90.0,94.9,98.6,100.1,-20.5,-8.8,5.7,19.9,32.4,57.0,68.3,79.6,90.5,97.3,44.5,45.6,46.9,48.1,29.3,36.6,43.9,50.6,56.4,-5.5,3.6,13.7,21.5,13.0,2.9,58.9,67.5,77.1,83.6,77.5,68.1,12.2,25.5,36.1,42.1,48.4,55.8,62.0,55.4,47.7,41.0,34.3,24.1,17.3,35.2,41.4,47.8,58.3,47.6,41.3,34.9,-47.7,-27.5,-7.1,12.7,31.4,47.6,60.6,69.8,72.5,70.2,60.6,47.4,31.3,13.0,-6.0,-25.5,-45.4,-58.2,-65.2,-66.5,-63.7,-58.5,-59.2,-64.6,-67.4,-66.5,-59.7,-44.5,-31.6,-19.0,-6.3,1.6,4.2,6.4,4.6,2.1,-44.5,-48.9,-48.5,-42.2,-40.0,-40.1,-42.3,-49.0,-49.1,-44.6,-40.3,-40.1,27.1,22.9,20.5,22.5,20.9,23.9,28.2,35.9,38.7,39.2,38.5,35.1,27.5,26.8,27.5,27.0,28.7,29.2,29.9,29.1,672.8,676.2,680.3,682.8,682.5,680.0,674.6,667.5,668.4,678.9,694.8,707.4,713.1,712.9,711.5,710.1,709.9,641.1,635.9,632.7,630.2,629.6,638.7,647.0,656.7,666.7,677.0,636.0,630.2,623.9,618.1,632.7,632.2,632.4,636.3,640.7,641.8,639.5,640.8,643.0,641.0,639.7,655.3,658.2,662.8,669.6,663.2,658.7,648.4,639.0,636.3,637.9,640.7,650.1,663.8,651.8,643.9,640.7,639.2,641.3,646.6,639.2,640.4,643.7,659.6,643.6,640.2,639.1,0.596,0.195,-0.291,0.07,272.612,184.659,-6.935,11.295,-13.096,16.028,4.045,1.412,-3.983,1.568,3.523,-1.85,0.523,0.948,-0.168,-1.96,-0.34,-0.341,0.347,0.908,-0.763,-0.727,0.556,-0.368,-0.296,-0.521,0.158,0.02,0.1,0.075,-0.109,-0.007,-0.015,-0.002,0.011,-0.008,0.01,0.0,0.0,0.45,0.0,0.0,0.0,0.0,0.0,0.33,0.0,0.0,0.0,0.0,0.0,0.0,0.0,0.0,1.0,0.0,1.0,0.0,0.0,0.0,0.0,0.0,0.0,0.0,0.0,0.0,0.0,0.0,0.0,1.0,0.0
PP133,g1,4126,0,0.975,0.216422,0.186213,-0.958377,0.066849,0.176546,-0.98202,0.145,0.185,251.1,252.5,255.7,258.7,259.9,258.7,255.3,252.2,246.6,248.8,251.7,255.2,258.6,261.1,262.7,260.6,257.8,254.6,251.5,248.7,254.0,255.4,256.8,257.4,256.9,255.5,254.1,253.5,288.0,289.0,291.7,294.5,295.8,294.8,292.1,289.0,284.9,286.9,289.6,292.8,295.6,297.4,298.4,297.4,295.6,293.1,290.2,287.2,290.5,291.8,292.9,293.4,292.8,291.6,290.4,290.0,159.4,156.3,155.1,156.5,159.8,163.2,164.1,162.7,160.8,159.0,157.9,157.5,158.3,159.8,162.0,163.0,163.3,163.4,163.0,162.2,161.0,161.7,161.1,159.8,158.3,157.7,158.2,159.6,160.3,157.2,155.9,157.2,160.2,163.3,164.6,163.5,162.4,160.3,158.8,158.2,158.7,159.9,161.7,163.1,163.8,164.0,163.9,163.4,161.7,162.2,161.7,160.3,159.0,158.4,159.0,160.3,1.4,3.3,7.5,11.6,13.2,11.6,7.1,3.0,-4.5,-1.7,2.2,6.9,11.4,14.7,16.9,14.1,10.3,6.1,1.9,-1.8,5.4,7.2,9.0,9.8,9.2,7.4,5.5,4.7,52.3,53.8,57.7,61.7,63.6,62.1,58.1,53.7,48.1,50.8,54.4,59.0,63.1,66.1,67.9,66.1,63.1,59.5,55.3,51.2,56.0,57.8,59.5,60.1,59.3,57.6,55.8,55.2,-37.2,-41.5,-43.1,-41.2,-36.8,-32.3,-31.0,-32.9,-35.7,-37.9,-39.2,-39.7,-38.7,-36.7,-34.0,-32.5,-32.0,-31.9,-32.4,-33.6,-35.2,-34.3,-35.0,-36.9,-38.8,-39.6,-38.9,-37.1,-37.5,-41.8,-43.7,-42.1,-37.9,-33.5,-31.7,-33.0,-34.6,-37.4,-39.4,-40.4,-39.8,-38.5,-36.2,-34.1,-32.9,-32.4,-32.5,-33.1,-35.7,-35.0,-35.8,-37.7,-39.5,-40.2,-39.4,-37.5,518.2,518.8,519.1,519.1,518.6,518.3,517.7,517.7,522.0,519.6,517.5,516.5,517.3,518.9,520.6,518.9,517.1,516.6,517.5,519.6,518.9,518.9,519.1,519.3,519.5,519.5,519.4,519.1,537.5,538.6,540.4,541.9,542.1,541.0,539.2,537.9,537.8,537.1,537.1,538.3,541.2,544.7,548.1,544.7,541.3,538.7,537.4,537.3,539.7,540.3,541.1,541.6,541.5,540.8,540.1,539.6,37.6,-4.1,650.9,0.191,-0.216,0.055,224.9,224.7,225.7,227.9,232.4,239.7,248.8,259.5,270.1,278.7,284.8,290.4,295.4,299.3,302.1,304.2,305.0,237.5,244.5,253.3,262.0,269.7,284.8,291.1,297.1,302.8,305.9,277.1,278.1,279.1,280.2,267.9,272.4,276.9,280.9,284.2,246.5,252.0,258.1,262.9,257.7,251.6,284.9,289.9,295.2,298.6,295.5,290.2,257.1,265.3,272.0,275.6,279.3,283.4,286.4,283.0,278.8,274.8,270.7,264.4,260.1,271.3,275.1,278.8,284.4,278.7,275.0,271.1,160.0,171.9,183.6,195.0,205.7,215.1,222.8,228.6,230.1,228.1,221.7,213.8,204.8,194.8,184.4,173.7,162.8,152.1,147.6,146.6,148.2,151.3,151.4,148.6,147.5,148.6,153.0,160.4,168.1,175.8,183.8,188.7,190.3,191.7,190.5,189.0,160.7,157.9,158.1,162.1,163.3,163.2,162.5,158.6,158.7,161.6,163.9,163.9,204.0,201.7,200.3,201.5,200.4,202.0,204.2,209.2,211.3,211.7,211.3,209.1,204.3,204.1,204.5,204.1,204.6,205.5,206.0,205.5,-43.3,-43.8,-42.3,-38.7,-30.7,-17.9,-2.1,16.2,34.5,49.9,61.9,73.1,82.9,90.0,94.9,98.5,100.0,-20.5,-8.9,5.4,19.4,31.8,56.9,68.2,79.3,90.1,96.9,44.2,45.3,46.6,47.8,29.1,36.4,43.6,50.3,56.1,-5.7,3.3,13.4,21.2,12.7,2.6,58.6,67.2,76.8,83.3,77.3,67.8,11.8,25.1,35.8,41.8,48.2,55.7,62.0,55.2,47.5,40.7,33.9,23.7,16.8,34.9,41.2,47.5,58.2,47.4,41.0,34.6,-47.4,-27.1,-6.8,13.1,31.8,48.1,61.1,70.3,72.9,70.6,60.9,47.6,31.5,13.3,-5.7,-25.1,-44.9,-58.1,-65.1,-66.3,-63.5,-58.4,-59.1,-64.5,-67.3,-66.4,-59.8,-44.2,-31.3,-18.7,-5.9,2.0,4.6,6.8,5.0,2.5,-44.1,-48.6,-48.2,-41.9,-39.7,-39.8,-42.0,-48.7,-48.8,-44.3,-40.1,-39.9,27.4,23.2,20.9,22.8,21.2,24.2,28.5,36.3,39.2,39.7,39.0,35.5,27.9,27.1,27.9,27.3,29.0,29.7,30.4,29.6,673.5,677.0,681.2,683.9,683.5,680.9,675.5,668.4,669.2,679.6,695.3,707.9,713.4,713.1,711.5,710.0,709.7,641.4,636.4,633.2,630.8,630.2,639.4,647.6,657.1,667.0,677.1,636.6,630.8,624.6,618.9,633.6,633.0,633.2,637.0,641.4,642.4,640.1,641.4,643.5,641.5,640.3,655.8,658.6,663.2,670.0,663.6,659.1,649.4,639.9,637.1,638.7,641.5,650.9,664.8,652.8,644.8,641.6,640.1,642.2,647.6,640.0,641.3,644.6,660.6,644.4,641.1,640.0,0.595,0.198,-0.287,0.069,272.467,184.848,-8.666,11.828,-12.915,15.978,4.022,1.592,-4.135,2.202,3.136,-1.626,0.47,1.226,-0.091,-2.253,-0.288,-0.207,0.297,0.966,-0.798,-0.958,0.392,-0.354,-0.213,-0.44,0.111,0.003,0.105,0.078,-0.119,-0.0,-0.013,0.001,0.009,-0.006,0.37,0.0,0.0,0.52,0.0,0.0,0.05,0.0,0.0,0.78,0.0,0.0,0.0,0.0,0.0,0.0,0.0,0.0,1.0,0.0,1.0,0.0,0.0,0.0,0.0,0.0,1.0,0.0,0.0,0.0,0.0,0.0,0.0,1.0,0.0
PP133,g1,4132,0,0.975,0.216622,0.189882,-0.957611,0.065842,0.179628,-0.981529,0.145,0.188,251.6,253.0,256.2,259.3,260.5,259.3,255.8,252.7,247.1,249.2,252.2,255.8,259.2,261.6,263.3,261.2,258.3,255.1,252.0,249.1,254.6,255.9,257.3,258.0,257.4,256.1,254.7,254.1,288.6,289.6,292.3,295.1,296.4,295.4,292.7,289.6,285.5,287.5,290.1,293.4,296.2,298.0,299.0,298.0,296.2,293.7,290.8,287.8,291.1,292.4,293.5,294.0,293.4,292.2,291.0,290.5,159.7,156.6,155.4,156.8,160.1,163.5,164.5,163.0,161.0,159.3,158.2,157.8,158.6,160.2,162.3,163.4,163.7,163.7,163.3,162.5,161.3,162.0,161.5,160.1,158.7,158.0,158.5,159.9,160.6,157.5,156.2,157.5,160.6,163.6,164.9,163.9,162.7,160.6,159.1,158.5,159.0,160.2,162.0,163.4,164.1,164.4,164.2,163.8,162.0,162.6,162.0,160.6,159.3,158.8,159.3,160.7,2.1,4.0,8.2,12.3,13.8,12.2,7.7,3.6,-3.8,-1.0,2.9,7.6,12.0,15.4,17.6,14.8,10.9,6.7,2.6,-1.1,6.0,7.8,9.7,10.5,9.8,8.0,6.2,5.4,52.7,54.2,58.1,62.2,64.0,62.5,58.6,54.2,48.5,51.2,54.8,59.4,63.5,66.5,68.4,66.5,63.6,59.9,55.8,51.6,56.4,58.2,59.9,60.6,59.8,58.0,56.3,55.6,-36.6,-40.8,-42.4,-40.5,-36.1,-31.6,-30.3,-32.3,-35.1,-37.3,-38.5,-39.0,-38.1,-36.1,-33.3,-31.8,-31.3,-31.2,-31.8,-33.0,-34.5,-33.7,-34.4,-36.2,-38.1,-39.0,-38.2,-36.4,-36.8,-41.1,-43.0,-41.4,-37.2,-32.8,-31.0,-32.3,-33.9,-36.7,-38.7,-39.7,-39.2,-37.8,-35.5,-33.4,-32.2,-31.7,-31.8,-32.4,-35.0,-34.3,-35.1,-37.0,-38.8,-39.5,-38.7,-36.8,514.7,515.2,515.6,515.6,515.1,514.8,514.2,514.2,518.5,516.1,513.9,513.0,513.8,515.4,517.2,515.4,513.6,513.1,514.0,516.1,515.4,515.4,515.6,515.8,516.0,516.0,515.9,515.6,534.0,535.1,536.9,538.3,538.6,537.5,535.7,534.4,534.2,533.6,533.6,534.8,537.6,541.2,544.6,541.3,537.8,535.2,533.9,533.8,536.2,536.8,537.6,538.1,537.9,537.3,536.5,536.0,38.3,-3.6,650.1,0.199,-0.215,0.057,225.2,225.1,226.2,228.3,232.8,240.1,249.2,259.8,270.5,279.0,285.1,290.8,295.8,299.8,302.6,304.7,305.5,237.7,244.9,253.8,262.6,270.5,285.3,291.7,297.8,303.5,306.6,277.7,278.7,279.7,280.8,268.4,273.0,277.5,281.4,284.7,247.0,252.5,258.7,263.4,258.3,252.1,285.5,290.5,295.8,299.2,296.1,290.8,257.5,265.7,272.4,276.0,279.8,283.9,286.9,283.5,279.2,275.2,271.1,264.8,260.5,271.7,275.5,279.3,284.9,279.2,275.4,271.6,160.1,172.0,183.8,195.1,205.9,215.2,222.9,228.7,230.2,228.2,221.7,213.8,204.7,194.8,184.4,173.7,162.8,152.5,147.9,146.9,148.6,151.8,151.9,149.1,147.9,149.0,153.4,160.8,168.6,176.3,184.3,189.2,190.8,192.1,191.0,189.4,160.9,158.1,158.4,162.5,163.7,163.5,162.8,158.9,159.0,162.0,164.3,164.2,204.2,202.0,200.7,201.9,200.8,202.4,204.5,209.5,211.6,212.0,211.6,209.4,204.5,204.4,204.9,204.4,204.9,205.8,206.3,205.9,-42.6,-43.1,-41.5,-37.9,-30.0,-17.2,-1.4,16.8,35.0,50.5,62.5,73.9,83.7,90.8,95.7,99.3,100.8,-20.1,-8.4,6.1,20.4,33.0,57.6,69.0,80.3,91.2,98.0,45.1,46.2,47.5,48.6,29.8,37.1,44.4,51.1,57.0,-4.9,4.2,14.3,22.1,13.6,3.4,59.4,68.1,77.7,84.2,78.2,68.7,12.4,25.7,36.5,42.5,48.9,56.4,62.7,55.8,48.1,41.3,34.6,24.3,17.4,35.6,41.8,48.2,58.9,48.1,41.7,35.3,-47.1,-26.9,-6.5,13.4,32.1,48.2,61.2,70.5,73.1,70.7,60.9,47.5,31.4,13.2,-5.7,-25.1,-44.9,-57.4,-64.4,-65.6,-62.7,-57.5,-58.2,-63.6,-66.5,-65.6,-59.0,-43.4,-30.5,-17.8,-5.1,2.7,5.3,7.5,5.7,3.2,-43.6,-48.0,-47.6,-41.2,-39.1,-39.2,-41.3,-48.1,-48.2,-43.7,-39.4,-39.2,27.8,23.7,21.5,23.5,21.9,24.8,28.9,36.7,39.7,40.2,39.4,35.9,28.2,27.7,28.5,27.9,29.4,30.1,30.8,30.0,672.8,676.4,680.6,683.2,683.0,680.6,675.2,668.1,668.8,679.2,694.9,707.4,712.8,712.5,710.9,709.5,709.3,640.6,635.3,631.9,629.3,628.6,637.7,646.0,655.7,665.9,676.4,635.3,629.5,623.3,617.6,632.5,631.9,632.1,635.9,640.3,641.3,638.9,640.2,642.4,640.4,639.1,654.6,657.5,662.1,668.9,662.5,658.0,648.7,639.3,636.3,638.0,640.7,650.2,664.1,652.0,644.1,640.8,639.4,641.6,647.0,639.3,640.5,643.9,659.9,643.7,640.3,639.3,0.596,0.206,-0.286,0.071,272.953,185.14,-6.752,11.947,-12.303,16.102,4.942,1.79,-4.526,1.468,3.271,-1.409,0.531,1.147,-0.085,-1.794,-0.364,-0.326,0.463,0.773,-0.934,-0.79,0.391,-0.488,-0.29,-0.388,0.131,-0.03,0.102,0.071,-0.1,0.001,-0.01,0.007,0.007,-0.014,0.34,0.09,0.0,1.27,0.0,0.0,0.0,0.0,0.0,0.53,0.0,0.0,0.0,0.0,0.0,0.05,0.0,0.0,1.0,0.0,1.0,0.0,0.0,0.0,0.0,0.0,0.0,0.0,0.0,0.0,0.0,0.0,0.0,1.0,0.0
PP133,g1,4138,0,0.975,0.218623,0.200203,-0.955051,0.063683,0.18927,-0.979858,0.145,0.199,252.4,253.9,257.1,260.2,261.3,260.1,256.7,253.6,247.9,250.1,253.1,256.6,260.0,262.5,264.1,262.0,259.1,255.9,252.8,250.0,255.4,256.8,258.2,258.8,258.3,256.9,255.5,254.9,289.4,290.4,293.2,296.0,297.3,296.2,293.5,290.5,286.3,288.3,291.0,294.2,297.0,298.9,299.9,298.8,297.0,294.6,291.6,288.6,292.0,293.2,294.4,294.8,294.3,293.0,291.8,291.4,159.8,156.6,155.4,156.9,160.2,163.6,164.5,163.0,161.0,159.3,158.3,157.9,158.7,160.3,162.4,163.5,163.8,163.8,163.4,162.5,161.4,162.1,161.5,160.2,158.7,158.1,158.6,160.0,160.8,157.7,156.4,157.7,160.8,163.8,165.1,164.1,162.9,160.8,159.4,158.7,159.3,160.4,162.2,163.6,164.3,164.6,164.4,164.0,162.2,162.7,162.2,160.8,159.5,159.0,159.5,160.9,3.2,5.1,9.4,13.5,15.0,13.3,8.8,4.7,-2.7,0.1,4.1,8.7,13.2,16.5,18.7,15.9,12.0,7.8,3.7,-0.0,7.2,8.9,10.8,11.6,11.0,9.2,7.3,6.5,54.1,55.6,59.5,63.6,65.4,63.9,60.0,55.6,49.9,52.6,56.3,60.8,65.0,68.0,69.8,67.9,65.0,61.3,57.2,53.0,57.8,59.6,61.3,62.0,61.2,59.4,57.7,57.0,-36.7,-40.9,-42.4,-40.5,-36.1,-31.6,-30.4,-32.3,-35.2,-37.3,-38.6,-39.0,-38.0,-36.0,-33.3,-31.8,-31.3,-31.3,-31.9,-33.1,-34.5,-33.7,-34.4,-36.2,-38.1,-39.0,-38.3,-36.4,-36.7,-41.0,-42.9,-41.2,-37.0,-32.7,-30.8,-32.2,-33.8,-36.6,-38.6,-39.6,-39.0,-37.7,-35.4,-33.3,-32.1,-31.5,-31.7,-32.3,-34.9,-34.2,-35.0,-36.9,-38.7,-39.4,-38.6,-36.7,516.2,516.8,517.2,517.2,516.8,516.5,515.8,515.8,520.0,517.6,515.5,514.6,515.5,517.1,518.8,517.0,515.3,514.7,515.5,517.5,517.0,517.0,517.2,517.4,517.6,517.6,517.4,517.2,536.2,537.2,539.0,540.5,540.8,539.8,538.0,536.6,536.5,535.8,535.8,537.0,539.8,543.4,546.8,543.5,540.1,537.5,536.1,536.1,538.4,539.0,539.8,540.2,540.1,539.5,538.7,538.2,39.4,-3.7,651.5,0.214,-0.216,0.066,225.9,225.7,226.6,228.6,233.1,240.3,249.4,260.0,270.6,279.2,285.4,291.1,296.3,300.4,303.2,305.4,306.3,238.8,246.0,254.9,263.7,271.4,286.2,292.6,298.7,304.4,307.5,278.6,279.4,280.4,281.4,269.0,273.5,278.0,282.0,285.3,247.8,253.4,259.6,264.2,259.1,252.9,286.3,291.3,296.7,300.0,296.9,291.6,257.9,266.2,272.9,276.5,280.3,284.4,287.4,283.9,279.6,275.6,271.5,265.2,260.9,272.2,276.0,279.7,285.4,279.6,275.8,272.0,159.8,171.5,183.2,194.5,205.1,214.5,222.2,228.1,229.7,227.7,221.3,213.4,204.5,194.6,184.3,173.7,162.8,152.3,147.9,147.1,148.7,152.0,152.1,149.3,148.1,149.2,153.6,161.0,168.8,176.5,184.5,189.2,190.9,192.2,191.1,189.6,160.9,158.2,158.5,162.6,163.7,163.6,163.0,159.1,159.3,162.1,164.4,164.4,204.0,201.9,200.6,201.8,200.8,202.3,204.4,209.5,211.6,212.0,211.5,209.2,204.3,204.4,204.8,204.4,204.8,205.8,206.3,205.8,-41.5,-42.1,-40.8,-37.4,-29.6,-16.9,-1.0,17.2,35.4,50.9,63.1,74.7,84.7,92.1,97.2,100.9,102.6,-18.4,-6.5,7.9,22.1,34.5,59.2,70.6,81.9,92.8,99.6,46.5,47.5,48.7,49.7,30.9,38.2,45.4,52.1,58.0,-3.6,5.6,15.7,23.4,14.9,4.8,61.0,69.6,79.2,85.7,79.6,70.2,13.1,26.6,37.4,43.4,49.9,57.4,63.7,56.8,49.0,42.1,35.3,25.0,18.1,36.4,42.7,49.2,59.9,49.0,42.5,36.1,-47.8,-27.7,-7.6,12.2,30.9,47.1,60.2,69.7,72.5,70.1,60.3,47.0,31.1,13.0,-5.9,-25.2,-44.9,-57.7,-64.4,-65.5,-62.5,-57.2,-57.9,-63.3,-66.2,-65.3,-58.8,-43.1,-30.2,-17.5,-4.8,2.8,5.4,7.7,5.9,3.4,-43.7,-48.0,-47.5,-41.1,-39.0,-39.2,-41.1,-47.8,-47.9,-43.5,-39.1,-38.9,27.4,23.6,21.4,23.5,21.9,24.8,28.8,36.8,39.8,40.3,39.5,35.8,28.0,27.7,28.5,27.9,29.3,30.2,30.9,30.1,673.0,676.7,681.1,684.0,684.1,681.9,676.8,670.0,670.9,681.3,696.9,709.2,714.6,714.3,712.7,711.3,710.9,640.7,635.5,632.3,629.8,629.3,638.4,646.7,656.3,666.5,676.8,636.1,630.6,624.7,619.2,633.9,633.4,633.8,637.5,641.9,641.9,639.4,640.7,643.1,641.0,639.8,655.4,658.1,662.8,669.7,663.3,658.8,650.3,640.8,637.9,639.6,642.3,651.9,665.9,654.1,646.1,642.8,641.4,643.5,648.6,640.9,642.2,645.5,661.8,645.5,642.1,641.0,0.595,0.221,-0.289,0.081,273.567,185.077,-6.85,10.86,-12.255,14.286,5.424,1.091,-4.056,1.637,2.975,-0.921,0.621,1.254,0.029,-1.824,-0.567,-0.186,0.336,0.894,-0.702,-0.915,0.534,-0.375,-0.136,-0.315,0.17,-0.094,0.094,0.066,-0.101,-0.0,-0.016,0.014,0.009,-0.009,0.0,0.0,0.0,0.63,0.0,0.0,0.01,0.0,0.0,0.72,0.0,0.0,0.0,0.0,0.0,0.0,0.0,0.0,1.0,0.0,1.0,0.0,0.0,0.0,0.0,0.0,1.0,0.0,0.0,0.0,0.0,0.0,0.0,1.0,0.0
PP133,g1,4144,0,0.975,0.224145,0.199114,-0.953998,0.068297,0.188075,-0.979777,0.15,0.198,253.6,255.0,258.3,261.4,262.5,261.2,257.8,254.7,249.0,251.2,254.3,257.8,261.2,263.7,265.2,263.2,260.3,257.1,253.9,251.1,256.6,257.9,259.3,260.0,259.5,258.1,256.7,256.1,290.6,291.7,294.4,297.2,298.4,297.4,294.7,291.6,287.5,289.5,292.2,295.5,298.2,300.0,301.0,300.0,298.2,295.7,292.8,289.8,293.2,294.4,295.6,296.0,295.5,294.2,293.0,292.6,159.5,156.3,155.1,156.6,159.9,163.3,164.2,162.7,160.7,159.0,157.9,157.6,158.4,160.0,162.2,163.2,163.5,163.5,163.1,162.2,161.1,161.8,161.3,159.9,158.5,157.8,158.3,159.7,160.6,157.5,156.2,157.5,160.6,163.7,164.9,163.9,162.7,160.6,159.1,158.5,159.1,160.2,162.0,163.4,164.2,164.4,164.3,163.8,162.0,162.6,162.0,160.7,159.3,158.8,159.3,160.7,4.7,6.6,10.9,15.0,16.5,14.8,10.3,6.2,-1.3,1.6,5.6,10.2,14.7,18.0,20.1,17.3,13.5,9.3,5.2,1.5,8.6,10.4,12.3,13.1,12.5,10.7,8.8,8.0,55.7,57.2,61.1,65.1,66.9,65.4,61.5,57.1,51.4,54.1,57.8,62.3,66.5,69.5,71.2,69.4,66.5,62.8,58.7,54.5,59.3,61.1,62.8,63.5,62.7,60.9,59.2,58.6,-36.9,-41.0,-42.6,-40.6,-36.3,-31.8,-30.5,-32.5,-35.5,-37.6,-38.8,-39.2,-38.2,-36.2,-33.4,-31.9,-31.5,-31.4,-32.0,-33.3,-34.7,-33.9,-34.5,-36.4,-38.3,-39.1,-38.5,-36.6,-36.8,-41.1,-43.0,-41.4,-37.2,-32.9,-31.0,-32.3,-34.0,-36.8,-38.8,-39.8,-39.2,-37.9,-35.6,-33.4,-32.2,-31.6,-31.8,-32.4,-35.0,-34.3,-35.1,-37.0,-38.9,-39.6,-38.8,-36.9,513.4,514.0,514.4,514.5,514.1,513.7,513.0,513.0,517.1,514.7,512.7,511.8,512.7,514.4,516.1,514.3,512.5,511.9,512.7,514.7,514.2,514.2,514.4,514.7,514.9,514.8,514.6,514.4,534.9,536.0,537.8,539.3,539.6,538.6,536.8,535.4,535.2,534.5,534.5,535.7,538.6,542.3,545.7,542.3,538.9,536.3,534.9,534.8,537.1,537.8,538.6,539.0,538.9,538.2,537.5,537.0,41.2,-4.1,650.8,0.215,-0.224,0.07,226.7,226.5,227.3,229.3,233.7,241.0,250.2,260.9,271.5,280.0,286.1,291.9,297.1,301.2,304.1,306.2,307.2,239.9,247.1,256.1,265.0,272.8,287.5,293.9,300.0,305.6,308.7,279.9,280.7,281.7,282.7,270.3,274.8,279.2,283.1,286.4,248.9,254.6,260.8,265.4,260.3,254.1,287.5,292.5,297.9,301.2,298.1,292.8,259.2,267.5,274.2,277.7,281.4,285.4,288.3,284.9,280.6,276.7,272.7,266.4,262.2,273.4,277.1,280.8,286.3,280.7,277.0,273.2,159.5,171.2,182.8,194.1,204.7,214.0,221.7,227.6,229.3,227.3,220.9,213.1,204.2,194.4,184.1,173.6,162.7,152.1,147.7,146.8,148.5,151.8,152.0,149.2,148.0,149.1,153.5,160.9,168.6,176.2,184.1,189.0,190.6,191.9,190.8,189.4,160.6,157.9,158.2,162.3,163.5,163.3,162.8,158.9,159.1,162.0,164.3,164.3,203.9,201.7,200.4,201.6,200.6,202.2,204.4,209.4,211.4,211.8,211.3,209.1,204.2,204.2,204.6,204.3,204.7,205.6,206.1,205.6,-40.0,-40.7,-39.4,-36.1,-28.4,-15.7,0.3,18.6,36.8,52.3,64.4,76.0,86.1,93.5,98.6,102.5,104.2,-16.6,-4.7,9.9,24.1,36.7,61.2,72.6,84.0,94.9,101.7,48.6,49.5,50.7,51.8,32.9,40.1,47.3,53.9,59.8,-1.8,7.5,17.6,25.3,16.8,6.6,62.9,71.6,81.2,87.7,81.6,72.1,15.2,28.6,39.4,45.3,51.6,59.0,65.1,58.3,50.6,43.8,37.2,27.0,20.3,38.4,44.5,50.8,61.4,50.7,44.3,38.0,-48.0,-28.1,-8.1,11.5,30.0,46.1,59.2,68.7,71.6,69.3,59.5,46.4,30.6,12.6,-6.2,-25.4,-45.1,-57.9,-64.6,-65.7,-62.7,-57.4,-58.0,-63.4,-66.3,-65.4,-58.9,-43.3,-30.5,-18.0,-5.4,2.4,5.0,7.1,5.4,3.1,-44.1,-48.4,-47.9,-41.4,-39.3,-39.6,-41.3,-48.1,-48.2,-43.8,-39.4,-39.1,27.2,23.3,21.0,23.1,21.5,24.5,28.7,36.5,39.5,39.9,39.1,35.5,27.7,27.3,28.1,27.6,29.2,29.9,30.5,29.6,671.4,675.0,679.3,682.2,682.3,680.3,675.3,668.8,669.9,680.4,696.1,708.7,714.3,714.3,712.9,711.6,711.3,639.3,634.1,631.1,628.8,628.4,637.9,646.2,656.0,666.3,676.8,635.3,629.8,623.9,618.5,632.8,632.6,633.0,636.8,641.1,640.6,638.2,639.6,642.1,640.0,638.6,654.9,657.6,662.4,669.6,663.1,658.4,648.9,639.6,636.7,638.5,641.2,650.9,664.9,653.2,645.3,642.1,640.5,642.4,647.2,639.9,641.2,644.5,660.7,644.5,641.2,640.0,0.596,0.221,-0.301,0.087,274.645,184.85,-5.353,10.375,-13.039,13.878,6.023,-0.14,-3.854,1.491,3.655,-0.726,1.093,1.123,0.36,-1.902,-0.627,-0.204,0.577,0.944,-0.514,-0.694,0.602,-0.494,-0.151,-0.288,0.293,-0.122,0.103,0.071,-0.093,-0.001,-0.014,0.015,0.003,-0.007,0.28,0.0,0.0,0.75,0.0,0.0,0.0,0.0,0.0,0.2,0.0,0.0,0.0,0.0,0.0,0.0,0.0,1.0,1.0,0.0,1.0,0.0,0.0,0.0,0.0,0.0,0.0,0.0,0.0,0.0,0.0,0.0,0.0,1.0,0.0
PP133,g1,4150,0,0.975,0.227571,0.191093,-0.954827,0.075028,0.181135,-0.980592,0.155,0.19,253.8,255.3,258.5,261.6,262.7,261.5,258.1,255.0,249.3,251.5,254.5,258.1,261.4,263.9,265.5,263.4,260.6,257.4,254.2,251.4,256.8,258.2,259.6,260.2,259.7,258.3,256.9,256.3,290.7,291.7,294.4,297.2,298.5,297.5,294.8,291.8,287.7,289.7,292.3,295.5,298.3,300.1,301.0,300.0,298.3,295.9,293.0,290.0,293.2,294.5,295.6,296.1,295.5,294.3,293.1,292.7,159.5,156.3,155.2,156.6,159.9,163.3,164.2,162.8,160.8,159.0,158.0,157.6,158.4,160.0,162.2,163.2,163.5,163.5,163.1,162.3,161.1,161.8,161.3,159.9,158.5,157.8,158.3,159.7,160.5,157.4,156.1,157.4,160.5,163.5,164.8,163.8,162.6,160.5,159.0,158.4,158.9,160.1,161.9,163.3,164.0,164.3,164.1,163.7,161.9,162.4,161.9,160.5,159.2,158.7,159.2,160.6,5.1,7.0,11.2,15.3,16.8,15.2,10.7,6.6,-0.9,2.0,5.9,10.6,15.1,18.3,20.5,17.7,13.9,9.7,5.5,1.8,9.0,10.8,12.6,13.5,12.8,11.0,9.2,8.3,56.0,57.4,61.3,65.4,67.2,65.7,61.8,57.4,51.7,54.4,58.1,62.6,66.7,69.7,71.5,69.7,66.8,63.1,59.0,54.9,59.6,61.4,63.1,63.8,63.0,61.2,59.5,58.9,-36.9,-41.1,-42.7,-40.7,-36.4,-31.9,-30.6,-32.5,-35.4,-37.6,-38.8,-39.3,-38.3,-36.3,-33.5,-32.0,-31.5,-31.5,-32.1,-33.3,-34.8,-33.9,-34.6,-36.5,-38.4,-39.2,-38.5,-36.7,-37.1,-41.4,-43.3,-41.7,-37.5,-33.2,-31.3,-32.6,-34.2,-37.0,-39.1,-40.1,-39.5,-38.2,-35.8,-33.7,-32.5,-31.9,-32.1,-32.7,-35.3,-34.6,-35.4,-37.3,-39.1,-39.9,-39.0,-37.1,514.4,515.0,515.5,515.5,515.1,514.7,514.0,514.0,518.1,515.8,513.7,512.9,513.8,515.4,517.2,515.4,513.5,512.9,513.8,515.7,515.2,515.3,515.5,515.7,515.9,515.9,515.7,515.4,536.4,537.5,539.3,540.9,541.2,540.1,538.3,536.9,536.6,536.0,536.0,537.3,540.2,543.8,547.2,543.9,540.4,537.8,536.4,536.3,538.6,539.3,540.1,540.6,540.4,539.8,539.0,538.5,41.8,-4.1,650.5,0.202,-0.232,0.064,227.0,226.7,227.7,229.7,234.1,241.4,250.6,261.4,272.1,280.6,286.6,292.2,297.2,301.2,304.0,306.2,307.2,240.2,247.4,256.3,265.2,272.9,287.6,294.0,300.0,305.6,308.6,280.0,281.0,282.1,283.1,270.8,275.2,279.7,283.5,286.8,249.2,254.8,261.0,265.6,260.5,254.3,287.7,292.6,297.9,301.2,298.2,292.9,259.9,268.2,274.8,278.3,282.0,285.9,288.7,285.5,281.4,277.4,273.5,267.2,263.0,274.1,277.8,281.4,286.8,281.4,277.7,273.9,160.0,171.6,183.2,194.5,205.1,214.4,222.1,228.0,229.6,227.6,221.3,213.5,204.5,194.6,184.2,173.6,162.7,152.2,147.7,146.8,148.5,151.7,151.8,149.0,147.8,149.0,153.4,160.8,168.4,176.1,183.9,188.9,190.5,191.8,190.7,189.2,160.7,157.9,158.2,162.3,163.5,163.3,162.7,158.8,158.9,161.8,164.2,164.2,204.1,201.7,200.3,201.5,200.5,202.1,204.4,209.3,211.3,211.7,211.3,209.1,204.4,204.1,204.5,204.2,204.7,205.5,206.0,205.5,-39.5,-40.1,-38.8,-35.4,-27.7,-15.0,1.0,19.5,37.8,53.2,65.1,76.5,86.4,93.6,98.7,102.4,104.1,-16.1,-4.3,10.2,24.5,36.9,61.4,72.8,84.0,94.9,101.6,48.8,50.0,51.2,52.4,33.6,40.8,48.1,54.7,60.4,-1.3,7.9,18.0,25.7,17.3,7.1,63.2,71.8,81.4,87.8,81.8,72.4,16.5,29.8,40.4,46.3,52.5,59.8,65.8,59.3,51.8,45.1,38.4,28.3,21.5,39.4,45.6,51.8,62.1,51.7,45.4,39.1,-47.3,-27.4,-7.4,12.2,30.7,46.8,59.8,69.2,72.1,69.8,60.2,47.1,31.2,13.0,-6.0,-25.3,-45.2,-57.8,-64.6,-65.8,-62.8,-57.6,-58.3,-63.7,-66.7,-65.8,-59.1,-43.5,-30.8,-18.3,-5.7,2.2,4.8,6.9,5.2,2.8,-43.9,-48.4,-47.9,-41.4,-39.4,-39.5,-41.5,-48.3,-48.5,-44.0,-39.6,-39.4,27.5,23.3,20.9,22.9,21.2,24.3,28.7,36.4,39.3,39.7,38.9,35.5,27.9,27.2,28.0,27.5,29.1,29.7,30.3,29.5,670.7,674.2,678.4,681.1,681.3,679.2,674.2,667.7,668.9,679.7,695.6,708.5,714.5,714.6,713.2,711.9,711.5,639.2,634.2,631.2,629.1,628.9,638.4,646.7,656.6,666.9,677.3,635.6,630.0,623.9,618.4,632.4,632.2,632.8,636.6,641.1,640.6,638.3,639.7,642.2,640.1,638.6,655.2,658.0,662.9,670.0,663.5,658.7,647.9,638.7,636.1,637.9,640.7,650.3,664.2,652.4,644.4,641.2,639.6,641.3,646.3,639.2,640.5,643.9,659.9,643.8,640.5,639.3,0.596,0.209,-0.31,0.08,275.012,184.877,-4.943,9.869,-13.7,14.641,4.545,-0.08,-3.487,1.836,3.49,-1.373,1.071,0.906,0.171,-2.021,-0.315,-0.376,0.542,0.715,-0.408,-0.635,0.62,-0.316,-0.388,-0.437,0.394,-0.005,0.097,0.077,-0.097,-0.004,-0.021,0.005,0.009,-0.004,0.1,0.0,0.0,0.63,0.0,0.0,0.0,0.0,0.0,0.52,0.0,0.0,0.0,0.0,0.0,0.0,0.0,0.0,1.0,0.0,1.0,0.0,0.0,0.0,0.0,0.0,0.0,0.0,0.0,0.0,0.0,0.0,0.0,1.0,0.0
PP133,g1,4156,0,0.925,0.227165,0.184107,-0.956295,0.080249,0.174182,-0.981438,0.157,0.183,254.1,255.5,258.7,261.8,263.0,261.7,258.3,255.2,249.6,251.7,254.7,258.3,261.7,264.1,265.7,263.7,260.8,257.6,254.5,251.6,257.1,258.4,259.8,260.4,259.9,258.6,257.2,256.5,290.9,291.9,294.6,297.4,298.6,297.7,295.0,291.9,287.8,289.8,292.5,295.7,298.4,300.2,301.2,300.2,298.4,296.0,293.1,290.1,293.4,294.6,295.8,296.2,295.7,294.4,293.3,292.8,159.5,156.3,155.1,156.6,159.9,163.3,164.2,162.7,160.8,159.0,157.9,157.5,158.3,159.9,162.1,163.2,163.5,163.5,163.1,162.3,161.1,161.7,161.2,159.8,158.4,157.8,158.3,159.7,160.5,157.4,156.1,157.4,160.5,163.5,164.8,163.8,162.6,160.5,159.0,158.4,158.9,160.1,161.9,163.3,164.0,164.3,164.1,163.7,161.9,162.4,161.9,160.5,159.2,158.7,159.2,160.5,5.3,7.2,11.5,15.6,17.1,15.5,11.0,6.9,-0.6,2.3,6.2,10.8,15.3,18.6,20.8,18.0,14.2,10.0,5.8,2.1,9.3,11.1,12.9,13.8,13.1,11.3,9.4,8.6,56.1,57.6,61.5,65.5,67.3,65.8,61.9,57.6,51.9,54.6,58.2,62.8,66.9,69.9,71.6,69.8,66.9,63.3,59.2,55.0,59.8,61.6,63.3,63.9,63.1,61.4,59.7,59.0,-36.9,-41.1,-42.7,-40.7,-36.4,-31.9,-30.6,-32.6,-35.4,-37.6,-38.9,-39.3,-38.4,-36.3,-33.5,-32.1,-31.6,-31.5,-32.0,-33.3,-34.8,-33.9,-34.6,-36.5,-38.4,-39.2,-38.5,-36.7,-37.1,-41.4,-43.3,-41.6,-37.4,-33.1,-31.3,-32.6,-34.2,-37.0,-39.1,-40.1,-39.5,-38.1,-35.8,-33.6,-32.4,-31.9,-32.1,-32.6,-35.3,-34.6,-35.4,-37.3,-39.1,-39.8,-39.0,-37.1,513.8,514.4,514.9,514.8,514.4,514.1,513.4,513.4,517.6,515.2,513.1,512.3,513.1,514.7,516.5,514.7,512.9,512.3,513.2,515.2,514.6,514.6,514.8,515.1,515.2,515.3,515.1,514.8,535.9,537.0,538.9,540.4,540.7,539.6,537.8,536.3,536.0,535.5,535.5,536.8,539.8,543.4,546.8,543.4,540.0,537.3,535.9,535.7,538.1,538.8,539.6,540.1,540.0,539.3,538.5,538.0,42.1,-3.7,648.0,0.191,-0.236,0.062,227.1,226.9,227.9,230.0,234.4,241.7,250.9,261.8,272.6,281.0,286.9,292.3,297.2,301.1,304.0,306.2,307.2,240.3,247.5,256.5,265.4,273.2,287.8,294.1,300.1,305.7,308.7,280.3,281.3,282.5,283.6,271.1,275.6,280.1,284.0,287.2,249.4,255.0,261.2,265.9,260.8,254.6,287.8,292.8,298.1,301.3,298.3,293.1,260.5,268.8,275.3,278.8,282.5,286.3,289.0,285.9,281.9,278.0,274.0,267.8,263.6,274.6,278.3,281.9,287.0,281.8,278.2,274.4,160.1,171.9,183.6,195.0,205.7,215.1,222.9,228.8,230.3,228.4,222.0,214.1,205.1,195.1,184.6,173.9,162.9,152.3,147.7,146.8,148.5,151.8,151.9,149.1,147.9,149.1,153.6,160.7,168.4,176.1,184.0,189.0,190.6,191.9,190.8,189.3,160.7,157.8,158.2,162.2,163.4,163.3,162.7,158.8,158.9,161.9,164.2,164.1,204.5,202.1,200.6,201.8,200.7,202.4,204.8,209.6,211.5,211.9,211.5,209.5,204.8,204.4,204.8,204.4,205.1,205.7,206.2,205.7,-39.1,-39.7,-38.3,-34.8,-27.1,-14.4,1.6,20.1,38.5,53.7,65.5,76.5,86.1,93.3,98.3,102.1,103.7,-15.8,-4.0,10.5,24.8,37.3,61.5,72.8,84.1,94.9,101.5,49.1,50.3,51.7,52.9,34.1,41.3,48.5,55.1,60.8,-0.9,8.2,18.3,26.0,17.6,7.5,63.3,71.9,81.4,87.8,81.8,72.4,17.4,30.6,41.0,46.8,53.0,60.2,66.0,59.7,52.4,45.7,39.1,29.2,22.5,40.0,46.1,52.3,62.3,52.3,46.0,39.8,-46.9,-26.8,-6.7,13.0,31.6,47.8,60.8,70.2,73.0,70.8,61.2,48.1,32.1,13.8,-5.2,-24.7,-44.6,-57.4,-64.4,-65.6,-62.6,-57.3,-58.0,-63.4,-66.4,-65.4,-58.6,-43.5,-30.7,-18.2,-5.5,2.4,5.0,7.2,5.4,3.0,-43.8,-48.3,-47.9,-41.4,-39.3,-39.4,-41.5,-48.3,-48.4,-43.8,-39.5,-39.3,28.1,23.7,21.2,23.2,21.6,24.8,29.3,36.7,39.5,39.9,39.2,35.9,28.5,27.6,28.3,27.8,29.7,29.9,30.5,29.7,668.3,671.8,676.0,678.6,678.6,676.3,671.2,664.6,665.8,676.8,692.9,706.1,712.2,712.3,710.9,709.4,708.9,637.1,632.0,629.2,627.1,627.0,636.5,645.0,654.9,665.3,675.8,633.6,627.8,621.6,615.8,629.8,629.6,630.1,634.0,638.6,638.3,636.1,637.6,640.1,637.9,636.4,653.3,656.2,661.2,668.2,661.7,656.8,644.8,635.7,633.3,635.2,638.0,647.5,661.2,649.3,641.5,638.2,636.6,638.2,643.2,636.3,637.7,641.1,656.9,641.0,637.6,636.4,0.598,0.198,-0.316,0.077,275.314,185.115,-4.615,10.888,-14.329,16.447,3.389,0.587,-3.251,2.013,3.987,-2.185,1.148,0.597,0.007,-1.916,0.0,-0.438,0.507,0.611,-0.344,-0.512,0.534,-0.269,-0.53,-0.593,0.396,0.095,0.104,0.076,-0.1,-0.008,-0.024,-0.005,0.008,-0.002,0.13,0.0,0.0,0.37,0.0,0.0,0.0,0.0,0.0,0.67,0.02,0.0,0.0,0.0,0.0,0.0,0.0,1.0,1.0,0.0,1.0,0.0,0.0,0.0,0.0,0.0,0.0,0.0,0.0,0.0,0.0,0.0,0.0,1.0,0.0
PP133,g1,4162,0,0.925,0.22374,0.187835,-0.956378,0.076747,0.177417,-0.981139,0.154,0.186,253.7,255.1,258.3,261.4,262.6,261.3,257.9,254.8,249.2,251.3,254.3,257.9,261.3,263.7,265.4,263.3,260.4,257.2,254.1,251.2,256.7,258.0,259.4,260.1,259.5,258.2,256.8,256.2,290.6,291.6,294.3,297.1,298.3,297.3,294.6,291.6,287.5,289.5,292.1,295.4,298.1,299.9,300.8,299.8,298.1,295.7,292.8,289.8,293.1,294.3,295.5,295.9,295.3,294.1,292.9,292.5,159.3,156.2,155.0,156.5,159.8,163.2,164.1,162.6,160.6,158.9,157.8,157.4,158.2,159.8,162.0,163.1,163.4,163.4,163.0,162.1,161.0,161.6,161.1,159.7,158.3,157.7,158.2,159.5,160.4,157.3,156.1,157.3,160.4,163.5,164.7,163.7,162.5,160.4,158.9,158.3,158.9,160.1,161.9,163.3,164.0,164.3,164.1,163.6,161.8,162.4,161.8,160.5,159.1,158.6,159.1,160.5,4.8,6.8,11.0,15.1,16.6,14.9,10.4,6.4,-1.1,1.8,5.7,10.3,14.8,18.1,20.3,17.5,13.7,9.5,5.3,1.6,8.8,10.6,12.4,13.3,12.6,10.8,9.0,8.1,55.6,57.1,61.0,65.0,66.8,65.3,61.4,57.0,51.4,54.0,57.7,62.3,66.4,69.3,71.1,69.2,66.4,62.7,58.6,54.5,59.2,61.0,62.7,63.4,62.6,60.8,59.1,58.5,-37.1,-41.3,-42.9,-40.9,-36.6,-32.0,-30.8,-32.7,-35.6,-37.8,-39.0,-39.5,-38.5,-36.5,-33.7,-32.2,-31.7,-31.6,-32.2,-33.5,-35.0,-34.1,-34.8,-36.6,-38.5,-39.4,-38.7,-36.9,-37.1,-41.4,-43.3,-41.7,-37.5,-33.1,-31.3,-32.6,-34.2,-37.1,-39.1,-40.1,-39.5,-38.1,-35.8,-33.7,-32.4,-31.9,-32.1,-32.7,-35.3,-34.6,-35.4,-37.3,-39.1,-39.9,-39.0,-37.2,514.2,514.8,515.2,515.2,514.8,514.4,513.8,513.8,518.0,515.6,513.5,512.6,513.5,515.1,516.8,515.0,513.3,512.7,513.6,515.6,515.0,515.0,515.2,515.4,515.6,515.6,515.5,515.2,535.2,536.3,538.1,539.7,540.0,538.9,537.0,535.6,535.3,534.7,534.8,536.1,539.0,542.6,546.0,542.7,539.2,536.6,535.1,535.0,537.4,538.1,538.9,539.4,539.2,538.5,537.7,537.3,41.4,-3.8,648.5,0.196,-0.231,0.064,226.9,226.6,227.5,229.6,234.0,241.3,250.5,261.3,272.1,280.6,286.5,292.0,297.0,300.9,303.8,306.0,307.0,240.0,247.2,256.2,265.0,272.8,287.5,293.8,299.8,305.4,308.4,279.9,280.8,282.0,283.0,270.6,275.1,279.5,283.4,286.7,249.1,254.7,260.8,265.5,260.4,254.2,287.5,292.5,297.8,301.0,298.0,292.7,259.9,268.2,274.7,278.2,281.8,285.7,288.5,285.3,281.2,277.3,273.4,267.2,263.0,273.9,277.6,281.2,286.5,281.2,277.6,273.8,159.8,171.6,183.4,194.7,205.5,214.9,222.7,228.6,230.1,228.1,221.8,213.8,204.8,194.9,184.5,173.8,162.9,152.1,147.6,146.6,148.3,151.6,151.8,149.0,147.8,149.0,153.5,160.6,168.3,176.1,184.0,189.0,190.6,191.9,190.8,189.3,160.6,157.7,158.1,162.1,163.3,163.2,162.6,158.7,158.9,161.8,164.1,164.1,204.4,202.0,200.6,201.8,200.8,202.5,204.8,209.6,211.5,211.9,211.5,209.4,204.7,204.4,204.8,204.5,205.1,205.7,206.2,205.7,-39.6,-40.3,-38.9,-35.5,-27.8,-15.1,0.8,19.3,37.7,53.0,64.9,76.0,85.7,92.8,97.8,101.6,103.3,-16.3,-4.6,9.9,24.1,36.6,61.0,72.4,83.6,94.4,101.0,48.5,49.6,50.9,52.1,33.3,40.5,47.7,54.3,60.0,-1.5,7.6,17.7,25.4,17.0,6.8,62.7,71.3,80.9,87.2,81.3,71.9,16.3,29.6,40.1,45.9,52.0,59.2,65.2,58.7,51.3,44.7,38.1,28.1,21.4,39.1,45.2,51.3,61.4,51.2,45.0,38.8,-47.4,-27.3,-7.1,12.6,31.3,47.5,60.6,70.0,72.7,70.5,60.8,47.6,31.6,13.4,-5.5,-24.9,-44.7,-57.8,-64.7,-65.9,-62.9,-57.6,-58.2,-63.6,-66.5,-65.6,-58.8,-43.7,-30.8,-18.2,-5.5,2.4,5.0,7.1,5.4,2.9,-44.1,-48.5,-48.1,-41.6,-39.5,-39.6,-41.6,-48.4,-48.5,-43.9,-39.6,-39.4,28.0,23.7,21.3,23.3,21.7,24.8,29.3,36.7,39.4,39.9,39.1,35.8,28.4,27.6,28.3,27.9,29.7,29.9,30.5,29.7,669.1,672.7,676.9,679.6,679.6,677.3,672.1,665.5,666.6,677.4,693.5,706.4,712.3,712.1,710.6,709.1,708.6,637.6,632.5,629.6,627.5,627.2,636.7,645.2,655.0,665.3,675.7,633.9,628.1,621.9,616.2,630.4,630.1,630.6,634.5,639.0,638.8,636.6,638.0,640.4,638.3,636.9,653.5,656.3,661.2,668.3,661.7,657.0,645.7,636.6,634.1,635.9,638.7,648.1,661.9,650.0,642.1,638.9,637.3,639.0,644.0,637.1,638.4,641.8,657.5,641.6,638.2,637.0,0.598,0.203,-0.308,0.079,274.867,185.014,-5.607,11.44,-14.562,16.455,3.821,0.802,-3.599,1.848,3.88,-1.725,1.07,0.746,0.008,-2.158,-0.104,-0.27,0.571,0.843,-0.402,-0.527,0.604,-0.291,-0.455,-0.537,0.275,0.059,0.103,0.079,-0.105,-0.006,-0.023,-0.004,0.007,-0.007,0.4,0.0,0.0,0.92,0.0,0.0,0.0,0.0,0.0,0.74,0.0,0.0,0.0,0.0,0.0,0.0,0.0,1.0,1.0,0.0,1.0,0.0,0.0,0.0,0.0,0.0,0.0,0.0,0.0,0.0,0.0,0.0,0.0,1.0,0.0
PP133,g1,4168,0,0.975,0.226086,0.201753,-0.952985,0.072619,0.189981,-0.979098,0.153,0.2,253.6,255.0,258.2,261.3,262.4,261.2,257.8,254.7,249.0,251.2,254.2,257.8,261.2,263.6,265.1,263.1,260.2,257.0,253.9,251.1,256.5,257.9,259.3,259.9,259.4,258.1,256.7,256.0,290.4,291.4,294.1,296.9,298.1,297.1,294.4,291.4,287.3,289.3,292.0,295.2,297.9,299.7,300.6,299.6,297.8,295.4,292.6,289.6,292.9,294.1,295.3,295.7,295.2,293.9,292.8,292.3,159.0,155.9,154.8,156.3,159.6,163.0,163.8,162.3,160.3,158.6,157.5,157.1,158.0,159.6,161.9,162.9,163.1,163.1,162.7,161.8,160.7,161.4,160.9,159.5,158.1,157.4,157.9,159.3,160.3,157.3,156.0,157.3,160.4,163.4,164.7,163.6,162.4,160.3,158.9,158.3,158.8,160.0,161.8,163.2,163.9,164.2,164.0,163.6,161.8,162.3,161.8,160.4,159.1,158.5,159.1,160.4,4.7,6.7,10.9,15.0,16.4,14.7,10.2,6.2,-1.3,1.6,5.6,10.3,14.7,18.0,20.1,17.3,13.5,9.3,5.1,1.4,8.6,10.4,12.2,13.1,12.5,10.7,8.8,8.0,55.5,57.0,60.9,64.9,66.7,65.1,61.2,56.8,51.2,53.9,57.6,62.1,66.3,69.2,70.9,69.1,66.2,62.6,58.4,54.3,59.1,60.9,62.6,63.3,62.5,60.7,59.0,58.3,-37.6,-41.7,-43.3,-41.3,-36.9,-32.4,-31.2,-33.2,-36.2,-38.3,-39.5,-39.9,-38.9,-36.8,-34.0,-32.5,-32.1,-32.1,-32.7,-34.0,-35.4,-34.5,-35.2,-37.0,-38.9,-39.8,-39.1,-37.3,-37.3,-41.6,-43.5,-41.8,-37.6,-33.3,-31.4,-32.8,-34.4,-37.3,-39.3,-40.2,-39.7,-38.3,-36.0,-33.8,-32.6,-32.1,-32.3,-32.9,-35.5,-34.8,-35.6,-37.5,-39.3,-40.0,-39.2,-37.3,515.4,516.0,516.5,516.5,516.1,515.8,515.1,515.0,519.2,516.8,514.7,513.9,514.8,516.4,518.2,516.4,514.6,514.0,514.8,516.8,516.3,516.3,516.5,516.7,516.9,516.9,516.7,516.4,536.4,537.4,539.3,540.8,541.1,540.1,538.3,536.8,536.6,536.0,536.0,537.2,540.1,543.8,547.2,543.9,540.4,537.8,536.4,536.3,538.6,539.3,540.1,540.5,540.4,539.7,538.9,538.5,40.8,-4.6,651.7,0.218,-0.228,0.075,226.6,226.3,227.1,229.0,233.3,240.5,249.7,260.4,271.0,279.5,285.6,291.4,296.5,300.6,303.5,305.8,306.9,240.0,247.2,256.1,265.0,272.7,287.4,293.7,299.8,305.4,308.3,279.7,280.5,281.5,282.5,270.1,274.5,278.9,282.8,286.1,248.9,254.6,260.7,265.3,260.2,254.0,287.3,292.3,297.6,300.8,297.8,292.5,259.0,267.3,273.9,277.4,281.1,285.0,287.7,284.4,280.2,276.4,272.4,266.2,262.1,273.2,276.8,280.4,285.8,280.3,276.7,273.0,159.0,170.7,182.3,193.6,204.3,213.6,221.4,227.3,229.0,227.0,220.6,212.8,203.9,194.1,183.9,173.3,162.5,151.6,147.2,146.4,148.2,151.5,151.7,148.9,147.8,149.0,153.3,160.6,168.3,176.0,183.9,188.7,190.3,191.6,190.6,189.1,160.2,157.5,157.8,162.0,163.1,162.9,162.6,158.7,158.8,161.8,164.1,164.0,203.6,201.5,200.2,201.4,200.3,202.0,204.2,209.1,211.1,211.4,211.0,208.7,204.0,203.9,204.4,204.0,204.5,205.3,205.7,205.2,-40.2,-41.0,-39.9,-36.7,-29.1,-16.5,-0.5,17.8,36.0,51.5,63.6,75.1,85.2,92.7,97.8,101.8,103.6,-16.4,-4.5,9.9,24.1,36.5,61.1,72.5,83.7,94.6,101.2,48.4,49.3,50.4,51.5,32.6,39.8,46.9,53.5,59.3,-1.8,7.5,17.6,25.2,16.7,6.6,62.6,71.3,80.8,87.2,81.2,71.7,15.0,28.4,39.1,44.9,51.1,58.3,64.3,57.6,50.0,43.4,36.8,26.7,20.1,38.0,44.1,50.3,60.6,50.1,43.9,37.7,-49.0,-29.1,-9.0,10.6,29.3,45.5,58.7,68.3,71.2,68.9,59.2,46.0,30.1,12.1,-6.6,-25.9,-45.6,-58.8,-65.4,-66.4,-63.4,-58.0,-58.5,-63.9,-66.8,-65.8,-59.3,-43.8,-31.0,-18.4,-5.8,1.9,4.5,6.7,5.0,2.7,-44.8,-49.1,-48.6,-42.0,-40.0,-40.3,-41.9,-48.6,-48.7,-44.2,-39.8,-39.6,26.8,22.9,20.7,22.7,21.1,24.2,28.4,36.1,39.0,39.4,38.5,35.0,27.3,27.0,27.7,27.3,28.8,29.4,30.0,29.1,671.7,675.5,679.9,682.8,683.0,681.0,676.1,669.6,670.8,681.4,697.1,709.7,715.4,715.3,713.8,712.4,711.9,639.7,634.7,631.7,629.6,629.3,638.9,647.3,657.0,667.3,677.6,636.3,630.9,624.9,619.5,633.7,633.5,634.0,637.8,642.1,641.2,638.8,640.3,642.8,640.7,639.3,655.8,658.5,663.4,670.5,664.0,659.3,649.5,640.4,637.7,639.5,642.2,651.8,665.6,654.0,646.1,642.9,641.3,643.1,647.9,640.8,642.1,645.5,661.4,645.4,642.1,640.9,0.595,0.223,-0.304,0.092,274.37,184.543,-5.797,10.824,-14.075,14.336,5.34,0.148,-3.389,1.399,3.561,-0.927,1.095,1.248,0.334,-2.181,-0.339,-0.238,0.607,0.815,-0.508,-0.631,0.61,-0.456,-0.317,-0.226,0.331,-0.075,0.123,0.06,-0.095,0.004,-0.017,0.015,0.007,-0.009,0.27,0.0,0.0,0.99,0.0,0.0,0.0,0.0,0.0,0.49,0.0,0.0,0.0,0.0,0.0,0.0,0.0,1.0,1.0,0.0,1.0,0.0,0.0,0.0,0.0,0.0,0.0,0.0,0.0,0.0,0.0,0.0,0.0,1.0,0.0
PP133,g1,4174,0,0.975,0.228063,0.203088,-0.95223,0.073363,0.191855,-0.978677,0.155,0.202,253.2,254.7,257.9,261.0,262.1,260.9,257.5,254.4,248.7,250.9,253.9,257.5,260.8,263.3,264.8,262.8,259.9,256.7,253.6,250.8,256.2,257.5,258.9,259.6,259.1,257.7,256.3,255.7,290.1,291.1,293.8,296.6,297.9,296.9,294.2,291.1,287.0,289.0,291.7,294.9,297.6,299.4,300.4,299.4,297.6,295.2,292.3,289.3,292.6,293.8,295.0,295.5,294.9,293.7,292.5,292.1,158.9,155.8,154.6,156.1,159.4,162.8,163.7,162.2,160.2,158.5,157.4,157.0,157.9,159.5,161.7,162.7,163.0,163.0,162.6,161.7,160.6,161.2,160.7,159.4,157.9,157.3,157.8,159.2,160.1,157.0,155.8,157.0,160.1,163.1,164.4,163.4,162.2,160.1,158.6,158.0,158.6,159.7,161.5,162.9,163.7,163.9,163.7,163.3,161.5,162.1,161.5,160.2,158.8,158.3,158.8,160.2,4.3,6.2,10.5,14.5,16.0,14.3,9.8,5.8,-1.7,1.2,5.2,9.8,14.3,17.5,19.7,16.9,13.1,8.9,4.7,1.0,8.2,10.0,11.8,12.7,12.0,10.2,8.4,7.5,55.2,56.7,60.6,64.7,66.4,64.9,61.0,56.6,51.0,53.7,57.3,61.9,66.0,69.0,70.7,68.9,66.0,62.4,58.2,54.1,58.9,60.6,62.4,63.0,62.2,60.5,58.8,58.1,-37.7,-41.9,-43.5,-41.5,-37.1,-32.6,-31.4,-33.4,-36.3,-38.4,-39.6,-40.1,-39.1,-37.0,-34.3,-32.8,-32.3,-32.2,-32.9,-34.2,-35.6,-34.7,-35.4,-37.2,-39.1,-40.0,-39.3,-37.5,-37.7,-42.0,-43.9,-42.3,-38.1,-33.7,-31.9,-33.2,-34.8,-37.7,-39.7,-40.6,-40.1,-38.7,-36.5,-34.3,-33.1,-32.5,-32.7,-33.3,-35.9,-35.2,-36.0,-37.9,-39.8,-40.5,-39.6,-37.8,515.6,516.2,516.6,516.7,516.3,516.0,515.3,515.2,519.3,516.9,514.9,514.1,515.0,516.6,518.4,516.6,514.8,514.1,514.9,516.9,516.4,516.5,516.7,516.9,517.1,517.1,516.9,516.6,537.5,538.6,540.4,541.9,542.2,541.2,539.4,538.0,537.7,537.1,537.1,538.3,541.2,544.9,548.3,545.0,541.5,538.9,537.5,537.4,539.7,540.4,541.2,541.7,541.5,540.8,540.0,539.6,40.5,-5.1,651.8,0.219,-0.23,0.071,226.3,225.9,226.8,228.7,233.1,240.4,249.6,260.3,271.0,279.5,285.6,291.3,296.4,300.5,303.4,305.6,306.6,239.6,246.9,255.8,264.7,272.4,287.0,293.4,299.4,305.0,308.0,279.4,280.3,281.3,282.3,269.9,274.4,278.8,282.6,285.9,248.6,254.2,260.4,265.0,259.9,253.7,287.0,292.0,297.3,300.6,297.5,292.2,258.9,267.2,273.8,277.3,280.9,284.8,287.6,284.3,280.2,276.3,272.3,266.1,261.9,273.0,276.7,280.3,285.7,280.2,276.6,272.9,158.9,170.6,182.2,193.4,204.0,213.3,221.0,226.9,228.5,226.5,220.2,212.4,203.5,193.7,183.5,172.9,162.2,151.5,147.1,146.3,148.0,151.3,151.5,148.7,147.5,148.6,153.0,160.4,168.1,175.7,183.6,188.4,190.0,191.4,190.3,188.8,160.1,157.4,157.7,161.8,163.0,162.8,162.3,158.4,158.6,161.5,163.8,163.8,203.4,201.2,199.9,201.1,200.1,201.7,203.8,208.7,210.7,211.1,210.6,208.4,203.7,203.7,204.1,203.7,204.2,204.9,205.4,204.9,-40.8,-41.6,-40.4,-37.2,-29.5,-16.8,-0.6,17.7,36.0,51.5,63.5,75.1,85.1,92.5,97.6,101.4,103.1,-17.0,-5.1,9.4,23.6,36.2,60.6,71.9,83.2,94.0,100.7,47.9,48.9,50.1,51.2,32.3,39.5,46.7,53.3,59.1,-2.3,6.9,17.0,24.7,16.2,6.1,62.2,70.8,80.4,86.8,80.8,71.3,14.7,28.2,38.9,44.7,50.9,58.1,64.1,57.4,49.9,43.2,36.6,26.5,19.8,37.8,43.9,50.1,60.4,50.0,43.7,37.5,-49.2,-29.3,-9.3,10.3,28.9,45.0,58.1,67.6,70.5,68.1,58.3,45.2,29.3,11.4,-7.4,-26.6,-46.2,-58.9,-65.6,-66.6,-63.6,-58.3,-58.9,-64.3,-67.3,-66.4,-59.9,-44.2,-31.4,-18.8,-6.2,1.5,4.1,6.3,4.6,2.2,-45.0,-49.3,-48.8,-42.3,-40.2,-40.5,-42.3,-49.0,-49.2,-44.7,-40.3,-40.1,26.4,22.5,20.2,22.3,20.7,23.7,27.8,35.5,38.4,38.8,38.0,34.5,26.8,26.5,27.3,26.8,28.3,28.8,29.5,28.6,671.9,675.6,680.0,683.0,683.2,681.2,676.2,669.7,670.9,681.5,697.3,710.0,715.7,715.6,714.2,712.8,712.4,639.8,634.7,631.8,629.6,629.3,638.8,647.2,657.1,667.3,677.8,636.3,630.8,624.9,619.4,633.7,633.5,634.0,637.8,642.1,641.2,638.9,640.3,642.8,640.7,639.3,655.9,658.6,663.4,670.6,664.1,659.4,649.5,640.4,637.7,639.5,642.2,651.8,665.8,654.0,646.1,642.9,641.3,643.1,647.9,640.8,642.1,645.5,661.6,645.4,642.0,640.8,0.595,0.223,-0.305,0.088,274.177,184.274,-4.555,10.742,-13.921,13.875,5.587,-0.031,-3.495,1.467,3.447,-0.58,1.177,1.286,0.386,-2.153,-0.55,-0.206,0.477,0.856,-0.581,-0.664,0.646,-0.347,-0.186,-0.24,0.272,-0.078,0.079,0.071,-0.103,0.004,-0.018,0.014,0.003,-0.004,0.0,0.0,0.0,0.84,0.0,0.0,0.0,0.0,0.0,0.58,0.0,0.0,0.0,0.0,0.0,0.0,0.0,0.0,1.0,0.0,1.0,0.0,0.0,0.0,0.0,0.0,0.0,0.0,0.0,0.0,0.0,0.0,0.0,1.0,0.0
PP133,g1,4180,0,0.975,0.227205,0.192208,-0.95469,0.076449,0.182433,-0.980242,0.156,0.191,253.1,254.5,257.7,260.8,262.0,260.7,257.3,254.2,248.6,250.7,253.7,257.3,260.7,263.1,264.7,262.7,259.8,256.6,253.5,250.6,256.1,257.4,258.8,259.4,258.9,257.6,256.2,255.5,290.0,291.0,293.6,296.4,297.7,296.7,294.0,291.0,286.9,288.9,291.5,294.7,297.5,299.3,300.2,299.2,297.4,295.1,292.2,289.2,292.5,293.7,294.9,295.3,294.7,293.5,292.3,291.9,159.6,156.5,155.3,156.8,160.0,163.4,164.4,162.9,160.9,159.2,158.1,157.7,158.5,160.1,162.3,163.3,163.6,163.7,163.2,162.4,161.3,161.9,161.4,160.0,158.6,157.9,158.4,159.8,160.6,157.6,156.3,157.5,160.6,163.7,164.9,163.9,162.7,160.6,159.2,158.5,159.1,160.2,162.1,163.4,164.2,164.4,164.3,163.8,162.0,162.6,162.0,160.7,159.3,158.8,159.4,160.7,4.1,6.0,10.2,14.3,15.8,14.2,9.7,5.6,-1.9,1.0,4.9,9.6,14.0,17.3,19.5,16.7,12.9,8.7,4.6,0.8,8.0,9.8,11.6,12.5,11.8,10.0,8.2,7.3,55.0,56.5,60.4,64.4,66.2,64.7,60.8,56.4,50.8,53.5,57.1,61.7,65.8,68.7,70.5,68.7,65.8,62.2,58.0,53.9,58.7,60.4,62.1,62.8,62.0,60.2,58.5,57.9,-36.8,-41.0,-42.6,-40.6,-36.3,-31.8,-30.5,-32.5,-35.3,-37.5,-38.7,-39.2,-38.2,-36.2,-33.4,-32.0,-31.5,-31.4,-32.0,-33.2,-34.7,-33.8,-34.5,-36.4,-38.3,-39.1,-38.4,-36.6,-37.0,-41.3,-43.2,-41.6,-37.3,-33.0,-31.2,-32.5,-34.1,-36.9,-39.0,-39.9,-39.4,-38.0,-35.7,-33.6,-32.3,-31.8,-32.0,-32.6,-35.2,-34.5,-35.3,-37.2,-39.0,-39.7,-38.9,-37.0,515.4,516.0,516.4,516.4,516.0,515.7,515.0,515.0,519.1,516.7,514.7,513.8,514.7,516.3,518.1,516.3,514.5,513.9,514.7,516.7,516.2,516.2,516.4,516.6,516.8,516.8,516.6,516.4,537.5,538.6,540.4,541.9,542.3,541.2,539.4,537.9,537.7,537.1,537.1,538.4,541.3,544.9,548.3,545.0,541.5,538.9,537.5,537.4,539.7,540.4,541.2,541.7,541.5,540.9,540.1,539.6,40.4,-3.7,649.3,0.202,-0.233,0.065,226.3,226.0,226.9,228.9,233.3,240.5,249.8,260.6,271.3,279.8,285.8,291.4,296.4,300.4,303.3,305.5,306.4,239.4,246.6,255.6,264.4,272.2,286.8,293.2,299.2,304.8,307.8,279.2,280.2,281.3,282.4,270.0,274.5,278.9,282.8,286.0,248.5,254.1,260.2,264.9,259.8,253.6,286.9,291.8,297.1,300.4,297.4,292.1,259.2,267.5,274.1,277.5,281.2,285.1,287.8,284.6,280.5,276.6,272.7,266.5,262.3,273.3,277.0,280.6,285.9,280.5,276.9,273.1,160.0,171.7,183.4,194.6,205.3,214.7,222.5,228.4,230.0,228.0,221.7,213.8,204.8,194.9,184.5,173.8,162.8,152.3,147.8,146.9,148.5,151.8,151.9,149.1,147.9,149.1,153.6,160.8,168.5,176.2,184.1,189.1,190.7,192.0,190.9,189.4,160.8,158.0,158.4,162.4,163.6,163.4,162.8,158.9,159.1,162.0,164.3,164.3,204.4,202.0,200.6,201.8,200.7,202.4,204.8,209.7,211.7,212.1,211.6,209.5,204.7,204.4,204.8,204.5,205.1,205.9,206.3,205.9,-40.7,-41.4,-40.1,-36.7,-29.0,-16.4,-0.4,18.1,36.4,51.7,63.6,74.9,84.8,92.0,97.0,100.8,102.5,-17.2,-5.5,9.0,23.2,35.7,60.0,71.4,82.6,93.4,100.1,47.5,48.6,49.9,51.1,32.3,39.5,46.7,53.3,59.0,-2.5,6.6,16.7,24.4,16.0,5.8,61.7,70.4,79.9,86.3,80.3,70.9,15.3,28.5,39.1,44.9,51.1,58.3,64.2,57.7,50.2,43.6,37.0,27.0,20.3,38.1,44.2,50.3,60.5,50.2,44.0,37.8,-47.2,-27.2,-7.2,12.4,31.0,47.2,60.3,69.8,72.7,70.4,60.8,47.6,31.6,13.5,-5.5,-25.0,-44.8,-57.5,-64.4,-65.6,-62.6,-57.4,-58.1,-63.5,-66.4,-65.4,-58.7,-43.3,-30.5,-18.0,-5.4,2.5,5.1,7.2,5.5,3.1,-43.7,-48.1,-47.6,-41.2,-39.1,-39.3,-41.3,-48.0,-48.1,-43.7,-39.3,-39.1,28.0,23.7,21.3,23.3,21.7,24.8,29.3,37.0,39.8,40.3,39.5,36.0,28.4,27.7,28.4,27.9,29.7,30.2,30.8,30.0,669.4,673.0,677.3,680.1,680.2,678.1,673.1,666.6,667.8,678.6,694.5,707.3,713.2,713.2,711.8,710.3,709.8,638.0,633.0,630.1,628.0,627.8,637.2,645.6,655.4,665.7,676.1,634.5,628.9,622.8,617.2,631.3,631.1,631.6,635.4,639.9,639.4,637.1,638.6,641.0,638.9,637.5,654.0,656.8,661.7,668.7,662.2,657.5,646.7,637.5,634.9,636.7,639.5,649.0,662.8,651.1,643.3,640.1,638.5,640.2,645.0,638.0,639.3,642.7,658.6,642.7,639.3,638.1,0.597,0.209,-0.309,0.081,274.225,185.093,-5.679,10.31,-14.095,15.558,4.105,-0.234,-3.151,1.777,3.729,-1.497,0.911,0.787,0.186,-2.217,-0.336,-0.262,0.462,0.703,-0.531,-0.589,0.576,-0.32,-0.254,-0.367,0.273,0.028,0.103,0.059,-0.104,-0.001,-0.022,0.001,0.008,-0.002,0.0,0.0,0.0,0.73,0.0,0.0,0.0,0.0,0.0,0.54,0.0,0.0,0.0,0.0,0.0,0.0,0.0,0.0,1.0,0.0,1.0,0.0,0.0,0.0,0.0,0.0,0.0,0.0,0.0,0.0,0.0,0.0,0.0,1.0,0.0
PP133,g1,4186,0,0.975,0.231453,0.191636,-0.953785,0.081365,0.184252,-0.979505,0.16,0.192,253.6,255.0,258.1,261.1,262.3,261.1,257.8,254.8,249.2,251.3,254.2,257.7,261.0,263.4,264.9,263.0,260.2,257.1,254.1,251.3,256.5,257.9,259.2,259.8,259.3,258.0,256.6,256.0,289.9,291.0,293.6,296.3,297.5,296.5,293.8,290.9,287.0,288.9,291.5,294.6,297.3,299.0,300.0,298.9,297.2,294.9,292.1,289.2,292.4,293.5,294.7,295.1,294.6,293.4,292.3,291.8,161.5,158.5,157.3,158.7,161.8,165.1,166.1,164.7,162.8,161.2,160.2,159.8,160.4,161.9,163.9,164.9,165.3,165.3,165.0,164.2,163.1,163.7,163.2,161.8,160.4,159.8,160.3,161.7,162.4,159.5,158.3,159.5,162.5,165.4,166.6,165.6,164.3,162.4,161.1,160.6,161.1,162.2,163.9,165.2,165.8,166.1,165.9,165.4,163.8,164.3,163.8,162.5,161.2,160.7,161.2,162.5,5.0,6.8,11.0,15.1,16.7,15.2,10.7,6.6,-1.1,1.8,5.8,10.4,14.9,18.2,20.5,17.7,13.9,9.7,5.5,1.7,8.9,10.7,12.6,13.4,12.7,10.9,9.0,8.2,57.2,58.8,62.7,66.8,68.5,67.0,63.0,58.6,53.0,55.7,59.4,64.0,68.1,71.1,72.9,71.0,68.1,64.4,60.2,56.1,60.9,62.7,64.4,65.1,64.3,62.6,60.8,60.2,-35.4,-39.6,-41.3,-39.4,-35.0,-30.5,-29.1,-31.0,-33.9,-35.9,-37.2,-37.7,-36.8,-34.9,-32.3,-30.8,-30.3,-30.1,-30.6,-31.8,-33.3,-32.5,-33.2,-35.1,-37.0,-37.8,-37.1,-35.2,-36.0,-40.2,-42.1,-40.4,-36.2,-31.9,-30.0,-31.4,-33.2,-35.9,-37.8,-38.6,-38.1,-36.7,-34.5,-32.4,-31.3,-30.8,-31.0,-31.6,-34.1,-33.4,-34.2,-36.0,-37.9,-38.6,-37.8,-36.0,531.9,532.5,532.9,533.0,532.7,532.4,531.7,531.6,535.6,533.2,531.2,530.4,531.3,533.0,534.9,533.0,531.2,530.5,531.3,533.3,532.8,532.9,533.1,533.3,533.4,533.4,533.2,532.9,559.6,560.6,562.4,563.9,564.2,563.1,561.4,560.0,559.8,559.2,559.2,560.4,563.2,566.8,570.2,566.9,563.5,560.8,559.5,559.4,561.8,562.4,563.2,563.6,563.5,562.9,562.1,561.6,41.3,-1.4,653.4,0.178,-0.24,0.058,226.6,226.3,227.2,229.2,233.8,241.2,250.6,261.5,272.1,280.6,286.5,291.9,296.7,300.5,303.3,305.4,306.2,240.0,247.0,255.8,264.6,272.3,287.0,293.2,299.0,304.5,307.4,279.4,280.5,281.6,282.8,270.5,274.9,279.4,283.2,286.4,249.1,254.6,260.5,265.1,260.2,254.2,286.9,291.8,296.9,300.1,297.1,292.1,260.1,268.2,274.7,278.1,281.8,285.6,288.2,285.2,281.2,277.4,273.5,267.4,263.1,274.0,277.6,281.2,286.3,281.2,277.6,273.9,161.9,173.6,185.2,196.5,207.3,216.6,224.3,230.1,231.6,229.6,223.2,215.4,206.4,196.4,186.1,175.5,164.7,154.0,149.2,148.1,149.7,153.0,153.1,150.4,149.3,150.5,154.9,162.3,169.8,177.3,185.0,190.2,191.8,193.1,192.0,190.4,162.7,160.1,160.3,164.0,165.2,165.2,164.4,160.9,161.1,163.8,166.0,165.9,205.8,203.3,201.8,203.0,202.0,203.7,206.1,210.7,212.6,213.1,212.7,210.7,206.1,205.7,206.1,205.7,206.4,206.9,207.4,207.0,-40.4,-41.1,-39.8,-36.4,-28.3,-15.3,1.0,19.6,38.0,53.4,65.2,76.3,85.8,92.7,97.6,101.2,102.8,-16.5,-5.0,9.5,23.7,36.2,60.8,71.9,83.0,93.6,100.1,48.2,49.5,50.9,52.2,33.3,40.6,47.8,54.4,60.1,-1.5,7.5,17.3,25.0,16.7,6.9,62.3,70.9,80.1,86.5,80.5,71.3,16.7,29.9,40.3,46.2,52.3,59.5,65.2,59.0,51.7,45.1,38.6,28.6,21.8,39.4,45.5,51.6,61.6,51.6,45.4,39.2,-44.2,-24.1,-3.9,15.8,34.6,50.7,63.7,73.0,75.8,73.5,63.9,50.8,34.7,16.4,-2.6,-22.0,-41.7,-55.2,-62.5,-64.0,-61.2,-56.0,-56.6,-61.9,-64.7,-63.7,-56.9,-41.3,-28.7,-16.4,-4.0,4.4,6.9,9.1,7.3,4.9,-40.9,-45.0,-44.7,-38.9,-36.7,-36.7,-39.0,-45.1,-45.1,-40.9,-36.8,-36.7,30.5,25.9,23.4,25.4,23.8,27.0,31.7,39.0,41.6,42.1,41.3,38.2,30.8,29.9,30.6,30.1,32.0,32.1,32.7,32.0,673.7,677.1,681.4,684.0,683.6,681.0,675.4,669.0,670.8,682.1,698.4,711.4,717.3,717.1,715.5,714.2,714.1,642.7,637.9,635.1,633.2,633.0,642.7,651.3,661.1,671.3,681.5,639.8,634.0,627.8,622.0,635.6,635.5,636.1,640.0,644.6,643.7,641.8,643.3,645.7,643.5,641.9,659.2,662.3,667.1,674.0,667.5,662.7,649.7,640.9,638.8,640.7,643.6,653.0,666.7,654.6,646.7,643.2,641.5,643.0,648.1,641.6,643.1,646.6,662.3,646.4,642.8,641.5,0.593,0.189,-0.318,0.073,274.612,186.538,-6.283,12.317,-15.715,14.743,2.466,-0.576,-3.575,1.898,2.719,-1.613,-0.492,0.129,-0.26,-2.558,-0.215,-0.583,-0.679,0.233,-1.396,-0.982,0.863,-0.439,0.086,-1.077,0.051,0.4,0.055,0.055,-0.105,0.001,-0.019,-0.004,0.011,-0.004,0.33,0.0,0.0,0.02,0.0,0.0,0.0,0.0,0.0,0.72,0.0,0.0,0.0,0.0,0.0,0.0,0.0,0.0,1.0,0.0,0.0,0.0,0.0,0.0,0.0,0.0,0.0,0.0,0.0,0.0,0.0,0.0,1.0,1.0,0.0
PP133,g1,4191,0,0.975,0.229001,0.202099,-0.952216,0.075525,0.193572,-0.978175,0.156,0.202,253.9,255.3,258.4,261.4,262.6,261.4,258.1,255.0,249.4,251.6,254.5,258.0,261.3,263.7,265.3,263.3,260.5,257.4,254.3,251.5,256.8,258.1,259.5,260.1,259.6,258.3,256.9,256.3,290.4,291.4,294.1,296.8,298.0,297.0,294.4,291.4,287.4,289.4,292.0,295.1,297.8,299.6,300.5,299.5,297.7,295.4,292.5,289.6,292.9,294.1,295.2,295.7,295.1,293.9,292.8,292.3,161.5,158.4,157.3,158.7,161.9,165.3,166.2,164.7,162.7,161.1,160.1,159.7,160.5,162.0,164.0,165.1,165.4,165.4,165.0,164.2,163.1,163.7,163.2,161.9,160.5,159.8,160.4,161.7,162.5,159.6,158.3,159.6,162.6,165.6,166.8,165.8,164.5,162.6,161.2,160.6,161.2,162.3,164.0,165.3,166.0,166.2,166.0,165.6,163.9,164.5,163.9,162.6,161.3,160.8,161.3,162.6,5.2,7.1,11.3,15.4,17.0,15.4,10.9,6.8,-0.8,2.1,6.1,10.7,15.2,18.5,20.7,17.9,14.1,9.9,5.7,2.0,9.2,11.0,12.8,13.6,13.0,11.2,9.3,8.5,57.2,58.7,62.7,66.8,68.5,66.9,63.0,58.6,53.0,55.7,59.4,64.0,68.1,71.1,72.9,71.0,68.0,64.4,60.2,56.0,60.9,62.7,64.4,65.1,64.3,62.5,60.8,60.1,-35.0,-39.2,-40.9,-38.9,-34.6,-30.0,-28.7,-30.7,-33.6,-35.6,-36.8,-37.3,-36.4,-34.5,-31.8,-30.3,-29.8,-29.7,-30.3,-31.5,-32.9,-32.1,-32.8,-34.6,-36.5,-37.4,-36.7,-34.8,-35.3,-39.6,-41.5,-39.8,-35.6,-31.2,-29.4,-30.8,-32.6,-35.2,-37.2,-38.1,-37.5,-36.2,-33.9,-31.8,-30.6,-30.1,-30.4,-31.0,-33.5,-32.8,-33.6,-35.4,-37.3,-38.0,-37.2,-35.3,526.6,527.2,527.6,527.7,527.4,527.1,526.4,526.3,530.3,527.9,525.9,525.1,526.0,527.7,529.6,527.8,525.9,525.2,526.0,528.0,527.5,527.6,527.8,528.0,528.1,528.1,527.9,527.6,552.7,553.7,555.5,556.9,557.3,556.3,554.5,553.1,553.0,552.3,552.2,553.4,556.3,559.9,563.3,560.0,556.6,554.0,552.7,552.6,554.9,555.5,556.3,556.7,556.6,555.9,555.2,554.7,41.5,-1.3,652.5,0.2,-0.234,0.067,226.8,226.5,227.3,229.2,233.7,240.9,250.2,261.0,271.7,280.3,286.4,292.0,297.0,300.9,303.7,305.9,306.8,240.3,247.3,256.2,265.1,272.8,287.4,293.7,299.7,305.2,308.1,279.8,280.8,281.9,282.9,270.6,275.0,279.4,283.3,286.5,249.3,254.8,260.8,265.4,260.4,254.4,287.4,292.3,297.5,300.7,297.7,292.5,259.8,268.1,274.6,278.1,281.7,285.6,288.2,285.1,281.0,277.1,273.2,267.0,262.9,273.8,277.5,281.1,286.3,281.0,277.4,273.7,161.4,173.1,184.6,195.9,206.5,215.9,223.8,229.7,231.4,229.3,222.8,214.9,205.9,196.0,185.7,175.2,164.4,153.9,149.4,148.4,150.1,153.4,153.5,150.7,149.6,150.7,155.1,162.6,170.2,177.7,185.4,190.4,192.0,193.4,192.3,190.8,162.7,160.1,160.4,164.1,165.3,165.2,164.6,161.0,161.2,163.9,166.1,166.1,205.7,203.4,202.0,203.2,202.1,203.8,206.1,210.9,212.9,213.3,212.9,210.8,206.0,205.8,206.2,205.8,206.4,207.1,207.6,207.2,-39.9,-40.6,-39.6,-36.3,-28.6,-15.8,0.3,18.9,37.3,52.9,65.0,76.4,86.2,93.4,98.3,102.1,103.8,-16.0,-4.4,10.1,24.3,36.8,61.4,72.7,83.8,94.5,101.1,48.7,49.8,51.1,52.3,33.4,40.6,47.8,54.4,60.2,-1.2,7.9,17.8,25.5,17.1,7.2,62.9,71.5,80.9,87.2,81.2,72.0,16.3,29.6,40.2,46.0,52.2,59.4,65.2,58.8,51.3,44.7,38.1,28.1,21.3,39.1,45.2,51.4,61.6,51.3,45.1,38.9,-44.9,-25.0,-5.0,14.6,33.3,49.6,62.8,72.4,75.4,73.0,63.2,49.9,33.8,15.6,-3.2,-22.5,-42.1,-55.1,-62.1,-63.4,-60.5,-55.2,-55.8,-61.1,-64.0,-63.0,-56.4,-40.6,-28.1,-15.8,-3.3,4.8,7.4,9.5,7.8,5.4,-40.8,-44.9,-44.6,-38.5,-36.4,-36.6,-38.5,-44.8,-44.8,-40.6,-36.4,-36.2,30.3,26.0,23.7,25.7,24.1,27.2,31.7,39.2,42.0,42.5,41.7,38.3,30.7,30.0,30.8,30.3,32.0,32.4,33.1,32.3,672.5,676.1,680.5,683.4,683.4,681.2,676.1,669.7,671.3,682.3,698.3,711.0,716.7,716.4,714.7,713.3,713.0,641.1,636.1,633.2,631.2,631.0,640.5,649.0,658.9,669.2,679.6,637.9,632.3,626.4,620.8,634.7,634.6,635.2,639.0,643.5,642.3,640.2,641.7,644.2,642.0,640.5,657.5,660.4,665.2,672.2,665.7,661.0,649.7,640.6,638.2,640.0,642.9,652.4,666.4,654.4,646.5,643.1,641.5,643.1,648.1,641.2,642.6,646.0,662.1,645.9,642.5,641.2,0.594,0.211,-0.312,0.083,274.747,186.555,-5.319,11.426,-14.674,13.962,3.258,-1.246,-3.864,1.304,2.875,-1.267,-0.034,0.576,-0.217,-2.477,-0.166,-0.501,-0.386,0.425,-1.182,-0.864,0.749,-0.478,0.182,-0.791,0.114,0.165,0.097,0.06,-0.112,0.001,-0.009,0.003,0.011,-0.004,0.18,0.0,0.0,0.31,0.0,0.0,0.17,0.0,0.0,0.77,0.0,0.0,0.0,0.0,0.0,0.0,0.0,0.0,1.0,0.0,0.0,0.0,0.0,0.0,0.0,0.0,0.0,0.0,0.0,0.0,0.0,0.0,0.0,1.0,0.0
PP133,g1,4197,0,0.975,0.229573,0.20802,-0.950802,0.070337,0.197179,-0.977841,0.154,0.207,254.0,255.5,258.7,261.7,262.8,261.6,258.2,255.2,249.5,251.7,254.7,258.2,261.5,263.9,265.5,263.5,260.7,257.5,254.4,251.6,257.0,258.3,259.7,260.3,259.8,258.5,257.1,256.5,290.7,291.7,294.4,297.2,298.4,297.3,294.7,291.7,287.7,289.7,292.3,295.5,298.1,299.9,300.9,299.8,298.1,295.7,292.8,289.9,293.2,294.4,295.5,296.0,295.5,294.3,293.1,292.6,160.7,157.6,156.5,158.0,161.2,164.6,165.5,164.0,161.9,160.3,159.3,159.0,159.7,161.3,163.4,164.4,164.7,164.7,164.3,163.4,162.4,163.0,162.5,161.2,159.7,159.1,159.6,160.9,162.0,159.0,157.8,159.1,162.1,165.1,166.3,165.3,164.0,162.1,160.7,160.1,160.6,161.8,163.5,164.8,165.5,165.8,165.6,165.1,163.4,164.0,163.4,162.1,160.8,160.3,160.8,162.1,5.4,7.4,11.6,15.7,17.2,15.5,11.0,6.9,-0.6,2.3,6.3,11.0,15.4,18.7,20.8,18.1,14.2,10.0,5.9,2.1,9.3,11.1,13.0,13.8,13.2,11.4,9.5,8.7,57.2,58.7,62.7,66.7,68.5,66.9,62.9,58.5,52.9,55.6,59.3,63.9,68.0,71.0,72.8,70.9,67.9,64.3,60.1,56.0,60.8,62.6,64.3,65.0,64.3,62.5,60.8,60.1,-35.8,-40.0,-41.6,-39.6,-35.2,-30.7,-29.5,-31.5,-34.5,-36.5,-37.7,-38.1,-37.1,-35.1,-32.4,-31.0,-30.5,-30.4,-31.1,-32.3,-33.7,-32.8,-33.5,-35.4,-37.3,-38.1,-37.5,-35.6,-35.8,-40.0,-41.9,-40.2,-36.0,-31.7,-29.9,-31.2,-33.0,-35.7,-37.6,-38.5,-38.0,-36.6,-34.4,-32.2,-31.0,-30.5,-30.8,-31.4,-33.9,-33.2,-34.0,-35.9,-37.7,-38.5,-37.7,-35.8,522.8,523.3,523.9,524.0,523.7,523.3,522.6,522.4,526.4,524.0,522.0,521.3,522.3,524.0,525.8,524.0,522.1,521.4,522.2,524.1,523.7,523.7,524.0,524.2,524.4,524.3,524.1,523.8,548.4,549.4,551.2,552.7,553.0,552.0,550.2,548.9,548.7,548.0,547.9,549.1,552.0,555.6,559.0,555.7,552.3,549.7,548.4,548.3,550.6,551.3,552.0,552.5,552.3,551.7,550.9,550.4,41.5,-2.6,654.3,0.215,-0.23,0.076,226.9,226.6,227.3,229.2,233.5,240.8,250.0,260.7,271.3,279.8,286.0,291.8,297.0,301.0,303.9,306.1,307.1,240.4,247.6,256.5,265.4,273.2,287.8,294.1,300.1,305.6,308.6,280.1,280.9,281.9,282.9,270.5,274.9,279.3,283.2,286.5,249.4,255.0,261.1,265.6,260.6,254.5,287.6,292.6,297.8,301.0,298.0,292.8,259.3,267.7,274.3,277.8,281.5,285.4,288.1,284.7,280.6,276.7,272.8,266.5,262.4,273.5,277.2,280.8,286.2,280.7,277.0,273.3,160.4,172.0,183.5,194.6,205.2,214.5,222.2,228.2,229.8,227.9,221.5,213.8,205.0,195.3,185.1,174.6,164.0,153.0,148.6,147.7,149.5,152.8,153.0,150.3,149.1,150.3,154.7,162.1,169.7,177.2,184.9,189.8,191.4,192.7,191.7,190.3,161.8,159.3,159.6,163.5,164.7,164.4,164.1,160.5,160.6,163.4,165.7,165.6,204.5,202.4,201.2,202.4,201.4,203.0,205.1,210.1,212.1,212.5,212.0,209.7,204.9,205.0,205.4,205.1,205.5,206.4,206.9,206.4,-39.8,-40.7,-39.7,-36.6,-28.9,-16.2,0.0,18.4,36.7,52.2,64.4,76.2,86.4,93.8,99.0,102.8,104.6,-15.8,-4.0,10.6,24.9,37.5,62.0,73.4,84.6,95.5,102.1,49.3,50.2,51.3,52.4,33.4,40.6,47.8,54.4,60.2,-1.0,8.3,18.2,25.8,17.5,7.5,63.5,72.1,81.6,88.0,81.9,72.5,15.5,29.1,39.9,45.7,51.9,59.2,65.2,58.4,50.8,44.1,37.5,27.3,20.6,38.8,44.9,51.1,61.5,50.9,44.6,38.4,-46.8,-27.0,-7.1,12.5,31.1,47.2,60.3,70.0,73.0,70.7,61.0,48.0,32.2,14.3,-4.4,-23.6,-43.1,-56.7,-63.5,-64.6,-61.6,-56.1,-56.6,-61.9,-64.8,-63.8,-57.2,-41.5,-28.9,-16.6,-4.1,3.7,6.3,8.5,6.9,4.5,-42.3,-46.4,-45.9,-39.6,-37.6,-37.9,-39.4,-45.8,-45.8,-41.5,-37.3,-37.1,28.4,24.6,22.5,24.5,23.0,26.0,30.2,38.0,40.9,41.3,40.4,36.8,28.9,28.8,29.6,29.1,30.6,31.4,31.9,31.1,674.4,677.9,682.3,685.2,685.3,683.3,678.3,671.9,673.5,684.2,700.1,712.6,718.3,718.2,716.8,715.7,715.6,642.5,637.4,634.4,632.2,631.9,641.4,649.9,659.9,670.3,680.8,639.0,633.6,627.7,622.3,636.3,636.3,636.8,640.6,644.9,643.8,641.5,643.0,645.5,643.3,641.8,658.6,661.5,666.3,673.4,666.9,662.2,651.9,642.9,640.2,642.0,644.8,654.5,668.7,656.8,648.8,645.5,643.8,645.6,650.4,643.3,644.7,648.1,664.4,648.1,644.7,643.4,0.593,0.223,-0.307,0.093,274.719,185.76,-4.525,10.611,-13.497,12.416,5.802,-1.23,-3.887,1.272,2.878,-0.153,0.268,0.879,0.119,-2.267,-0.606,-0.43,-0.153,0.519,-1.267,-0.775,0.766,-0.616,0.119,-0.434,0.198,0.026,0.052,0.058,-0.099,0.004,-0.023,0.018,0.01,-0.004,0.15,0.0,0.0,0.24,0.0,0.0,0.0,0.0,0.0,0.29,0.0,0.0,0.0,0.0,0.0,0.0,0.0,0.0,1.0,0.0,0.0,0.0,0.0,0.0,0.0,0.0,0.0,0.0,0.0,0.0,0.0,0.0,0.0,1.0,0.0
PP133,g1,4203,0,0.975,0.23299,0.204374,-0.950761,0.073409,0.19399,-0.978253,0.158,0.204,253.8,255.3,258.4,261.5,262.6,261.4,258.0,255.0,249.3,251.5,254.5,258.0,261.3,263.7,265.3,263.3,260.4,257.3,254.2,251.4,256.7,258.1,259.5,260.1,259.6,258.3,256.9,256.2,290.5,291.5,294.1,296.9,298.1,297.1,294.4,291.4,287.4,289.4,292.0,295.2,297.9,299.7,300.6,299.6,297.8,295.4,292.6,289.7,292.9,294.1,295.3,295.7,295.2,294.0,292.8,292.4,159.8,156.7,155.6,157.1,160.3,163.7,164.5,163.1,161.0,159.4,158.4,158.0,158.8,160.4,162.5,163.5,163.8,163.8,163.4,162.5,161.5,162.1,161.6,160.2,158.8,158.2,158.7,160.0,161.1,158.1,156.8,158.1,161.1,164.1,165.3,164.3,163.1,161.1,159.7,159.1,159.6,160.8,162.5,163.9,164.6,164.8,164.6,164.2,162.5,163.0,162.5,161.2,159.8,159.3,159.8,161.1,5.1,7.0,11.3,15.4,16.9,15.2,10.7,6.6,-0.9,2.0,6.0,10.7,15.1,18.4,20.5,17.8,14.0,9.7,5.6,1.8,9.0,10.8,12.7,13.5,12.8,11.1,9.2,8.4,56.8,58.3,62.3,66.3,68.1,66.5,62.6,58.2,52.6,55.3,58.9,63.5,67.7,70.6,72.4,70.5,67.6,63.9,59.8,55.6,60.5,62.2,64.0,64.7,63.9,62.1,60.4,59.7,-37.0,-41.2,-42.8,-40.8,-36.4,-31.9,-30.7,-32.6,-35.6,-37.7,-38.9,-39.3,-38.3,-36.3,-33.6,-32.1,-31.7,-31.6,-32.2,-33.5,-34.9,-34.0,-34.7,-36.5,-38.4,-39.3,-38.6,-36.8,-37.1,-41.4,-43.3,-41.6,-37.4,-33.1,-31.2,-32.6,-34.3,-37.1,-39.0,-39.9,-39.4,-38.0,-35.8,-33.6,-32.4,-31.9,-32.1,-32.7,-35.3,-34.6,-35.4,-37.3,-39.1,-39.8,-39.0,-37.1,522.1,522.8,523.3,523.4,523.1,522.7,521.9,521.8,525.8,523.4,521.4,520.7,521.7,523.4,525.3,523.4,521.5,520.8,521.5,523.4,523.1,523.1,523.4,523.6,523.8,523.7,523.5,523.2,548.3,549.4,551.1,552.6,553.0,551.9,550.2,548.8,548.6,547.9,547.9,549.1,551.9,555.6,559.0,555.7,552.2,549.6,548.3,548.2,550.5,551.2,552.0,552.4,552.3,551.6,550.8,550.4,41.3,-4.1,653.6,0.211,-0.234,0.073,226.5,226.2,227.0,228.9,233.3,240.7,250.0,260.7,271.3,279.8,285.9,291.7,296.9,300.9,303.8,305.9,306.9,240.1,247.3,256.2,265.1,272.9,287.5,293.9,299.8,305.4,308.3,279.9,280.8,281.8,282.8,270.5,274.9,279.2,283.1,286.4,249.2,254.8,260.9,265.4,260.4,254.3,287.4,292.3,297.6,300.8,297.7,292.6,259.4,267.7,274.4,277.8,281.5,285.3,288.0,284.8,280.6,276.8,272.8,266.6,262.4,273.6,277.2,280.8,286.1,280.7,277.1,273.4,159.7,171.3,182.8,194.0,204.5,213.8,221.5,227.4,229.0,227.0,220.7,213.0,204.2,194.5,184.3,173.8,163.2,152.2,147.7,146.8,148.5,151.8,152.0,149.3,148.2,149.4,153.8,161.2,168.7,176.1,183.8,188.8,190.4,191.7,190.7,189.2,160.9,158.3,158.7,162.6,163.8,163.6,163.2,159.5,159.6,162.4,164.7,164.7,203.7,201.5,200.2,201.4,200.4,202.0,204.2,209.1,211.2,211.5,211.1,208.9,204.0,204.0,204.4,204.1,204.6,205.4,205.9,205.4,-40.5,-41.3,-40.2,-37.0,-29.2,-16.3,0.0,18.4,36.7,52.1,64.3,76.0,86.1,93.5,98.6,102.4,104.1,-16.3,-4.5,10.1,24.4,37.1,61.6,73.0,84.2,95.0,101.5,48.9,49.9,51.1,52.2,33.3,40.4,47.6,54.2,60.0,-1.4,7.9,17.9,25.5,17.1,7.1,63.0,71.7,81.1,87.5,81.4,72.1,15.6,29.1,39.9,45.7,51.9,59.1,65.0,58.4,50.8,44.2,37.6,27.4,20.6,38.8,44.9,51.1,61.3,50.9,44.7,38.4,-48.0,-28.1,-8.2,11.3,29.9,45.9,58.9,68.5,71.4,69.1,59.4,46.5,30.8,12.9,-5.9,-25.0,-44.6,-58.0,-64.8,-66.1,-63.1,-57.7,-58.2,-63.6,-66.4,-65.4,-58.8,-43.0,-30.5,-18.2,-5.8,2.2,4.7,6.9,5.2,2.9,-43.7,-47.8,-47.4,-41.1,-39.0,-39.3,-41.0,-47.4,-47.5,-43.2,-38.9,-38.7,27.0,23.0,20.8,22.8,21.3,24.3,28.6,36.3,39.2,39.7,38.9,35.3,27.5,27.1,27.9,27.5,29.0,29.7,30.3,29.5,673.7,677.2,681.4,684.2,684.2,682.1,677.1,670.8,672.4,683.2,699.1,711.8,717.6,717.6,716.4,715.4,715.4,641.8,636.8,633.8,631.7,631.4,641.1,649.7,659.7,670.1,680.5,638.5,633.1,627.1,621.6,635.5,635.5,636.1,639.8,644.1,643.1,640.8,642.3,644.8,642.6,641.1,658.2,661.0,665.9,673.1,666.5,661.7,650.9,641.9,639.2,641.1,643.9,653.6,667.8,655.9,647.9,644.5,642.9,644.6,649.4,642.3,643.8,647.1,663.5,647.2,643.8,642.5,0.593,0.216,-0.312,0.089,274.598,184.856,-3.953,10.747,-13.523,12.124,5.779,-1.541,-3.511,1.573,3.037,-0.317,0.13,0.965,0.284,-2.338,-0.445,-0.485,-0.12,0.364,-1.041,-0.786,0.809,-0.594,0.003,-0.398,0.232,0.026,0.069,0.062,-0.101,0.014,-0.023,0.019,0.009,-0.003,0.06,0.0,0.0,0.15,0.0,0.0,0.0,0.0,0.0,0.18,0.0,0.0,0.0,0.0,0.0,0.0,0.0,0.0,1.0,0.0,0.0,0.0,0.0,0.0,0.0,0.0,0.0,0.0,0.0,0.0,0.0,0.0,0.0,1.0,0.0
PP133,g1,4209,0,0.975,0.231421,0.188719,-0.954374,0.079355,0.178724,-0.980694,0.159,0.188,253.1,254.5,257.7,260.8,262.0,260.8,257.4,254.3,248.6,250.8,253.8,257.3,260.7,263.1,264.7,262.7,259.8,256.6,253.5,250.7,256.1,257.4,258.8,259.5,258.9,257.6,256.2,255.6,290.0,291.0,293.6,296.4,297.7,296.7,294.0,291.0,286.9,288.9,291.5,294.7,297.5,299.3,300.2,299.2,297.4,295.0,292.2,289.2,292.4,293.7,294.8,295.3,294.7,293.5,292.3,291.9,158.8,155.7,154.5,156.0,159.2,162.6,163.6,162.1,160.1,158.4,157.3,156.9,157.7,159.3,161.5,162.5,162.8,162.9,162.4,161.6,160.5,161.1,160.6,159.2,157.8,157.1,157.7,159.0,159.9,156.8,155.6,156.9,159.9,162.9,164.2,163.2,162.0,159.9,158.4,157.8,158.4,159.6,161.4,162.7,163.5,163.7,163.5,163.1,161.3,161.9,161.3,160.0,158.6,158.1,158.6,160.0,4.1,6.0,10.2,14.3,15.9,14.2,9.7,5.6,-1.9,1.0,5.0,9.6,14.1,17.4,19.5,16.8,12.9,8.7,4.6,0.9,8.0,9.8,11.7,12.5,11.8,10.1,8.2,7.4,55.1,56.6,60.5,64.6,66.4,64.8,60.9,56.6,50.9,53.6,57.3,61.8,65.9,68.9,70.6,68.8,65.9,62.3,58.2,54.0,58.8,60.6,62.3,62.9,62.2,60.4,58.7,58.0,-37.8,-42.0,-43.6,-41.7,-37.3,-32.8,-31.6,-33.5,-36.4,-38.5,-39.8,-40.3,-39.3,-37.3,-34.5,-33.0,-32.5,-32.4,-33.0,-34.3,-35.7,-34.9,-35.6,-37.4,-39.3,-40.2,-39.5,-37.6,-38.1,-42.4,-44.3,-42.6,-38.4,-34.1,-32.2,-33.6,-35.2,-38.0,-40.1,-41.0,-40.5,-39.1,-36.8,-34.6,-33.4,-32.9,-33.1,-33.7,-36.3,-35.6,-36.4,-38.3,-40.1,-40.8,-40.0,-38.1,515.3,515.9,516.4,516.4,516.0,515.6,514.9,514.9,519.0,516.7,514.6,513.8,514.7,516.3,518.1,516.3,514.4,513.8,514.6,516.6,516.1,516.1,516.4,516.6,516.8,516.8,516.6,516.3,538.9,540.0,541.9,543.4,543.7,542.6,540.7,539.3,539.1,538.5,538.5,539.8,542.7,546.3,549.7,546.4,542.9,540.3,538.9,538.7,541.1,541.8,542.6,543.1,542.9,542.3,541.5,541.0,40.4,-5.0,648.9,0.195,-0.238,0.066,226.1,225.8,226.7,228.8,233.2,240.5,249.7,260.5,271.2,279.7,285.7,291.2,296.3,300.3,303.2,305.4,306.3,239.4,246.6,255.6,264.4,272.2,286.9,293.2,299.2,304.8,307.8,279.3,280.3,281.4,282.5,270.1,274.5,279.0,282.8,286.1,248.5,254.1,260.2,264.9,259.8,253.6,286.9,291.8,297.1,300.4,297.3,292.1,259.3,267.6,274.1,277.6,281.3,285.1,287.8,284.7,280.6,276.7,272.7,266.6,262.4,273.4,277.0,280.7,285.9,280.6,276.9,273.2,159.3,171.1,182.8,194.1,204.8,214.1,221.8,227.7,229.3,227.4,221.2,213.4,204.4,194.5,184.0,173.3,162.3,151.5,146.9,146.0,147.6,150.9,151.0,148.3,147.2,148.4,152.9,160.0,167.7,175.3,183.1,188.2,189.8,191.1,190.0,188.6,160.0,157.2,157.6,161.6,162.8,162.6,162.1,158.2,158.4,161.3,163.6,163.6,203.7,201.2,199.8,201.0,199.9,201.7,204.0,208.8,210.8,211.2,210.7,208.6,203.9,203.6,204.0,203.7,204.4,205.0,205.4,205.0,-41.0,-41.6,-40.3,-36.9,-29.2,-16.5,-0.5,17.9,36.2,51.5,63.3,74.6,84.4,91.8,96.9,100.7,102.4,-17.3,-5.5,9.0,23.2,35.7,60.2,71.5,82.6,93.4,100.1,47.6,48.7,50.1,51.3,32.4,39.6,46.8,53.4,59.1,-2.5,6.7,16.7,24.4,16.0,5.9,61.8,70.4,79.8,86.2,80.3,70.9,15.3,28.6,39.2,45.0,51.1,58.3,64.1,57.7,50.3,43.7,37.1,27.1,20.4,38.1,44.2,50.4,60.4,50.3,44.0,37.8,-48.2,-28.2,-8.1,11.5,30.1,46.1,59.1,68.5,71.3,69.2,59.7,46.8,30.9,12.7,-6.3,-25.8,-45.8,-58.8,-65.7,-67.0,-64.1,-58.9,-59.5,-64.9,-67.7,-66.7,-60.0,-44.6,-31.9,-19.5,-6.9,1.1,3.7,5.8,4.1,1.7,-44.9,-49.4,-48.9,-42.5,-40.4,-40.5,-42.5,-49.3,-49.3,-44.8,-40.5,-40.3,26.7,22.4,19.9,21.9,20.3,23.5,28.0,35.5,38.3,38.7,37.9,34.6,27.1,26.3,27.0,26.6,28.4,28.7,29.3,28.5,668.9,672.3,676.3,679.0,679.0,676.8,671.8,665.4,666.6,677.4,693.4,706.5,712.7,712.9,711.8,710.5,710.3,637.7,632.8,630.0,628.0,627.7,637.4,645.9,655.8,666.1,676.4,634.4,628.8,622.6,616.9,630.7,630.5,631.1,635.0,639.4,639.0,636.8,638.3,640.7,638.5,637.1,653.9,656.9,661.8,668.8,662.3,657.5,645.8,636.8,634.3,636.1,638.9,648.5,662.3,650.4,642.5,639.2,637.6,639.3,644.2,637.3,638.6,642.0,658.0,642.0,638.6,637.4,0.598,0.2,-0.315,0.082,274.227,184.343,-5.48,10.016,-14.219,15.087,4.521,-0.054,-3.036,1.645,3.6,-1.489,0.744,1.114,0.248,-2.157,-0.202,-0.308,0.444,0.516,-0.606,-0.636,0.589,-0.28,-0.278,-0.471,0.277,0.051,0.086,0.068,-0.1,0.004,-0.017,0.007,0.007,-0.005,0.07,0.0,0.0,0.42,0.0,0.0,0.0,0.0,0.0,0.26,0.0,0.0,0.0,0.0,0.0,0.0,0.0,0.0,1.0,0.0,0.0,0.0,0.0,0.0,0.0,0.0,0.0,0.0,0.0,0.0,0.0,0.0,0.0,1.0,0.0
PP133,g1,4215,0,0.925,0.228042,0.18052,-0.95677,0.081373,0.17179,-0.981767,0.158,0.18,252.9,254.3,257.5,260.6,261.8,260.6,257.2,254.1,248.4,250.5,253.5,257.1,260.5,263.0,264.6,262.5,259.7,256.5,253.3,250.5,255.9,257.3,258.6,259.3,258.7,257.4,256.0,255.4,289.8,290.8,293.5,296.3,297.6,296.6,293.9,290.9,286.8,288.7,291.4,294.6,297.3,299.2,300.1,299.1,297.3,295.0,292.1,289.1,292.3,293.6,294.7,295.2,294.6,293.4,292.2,291.8,159.3,156.1,154.9,156.4,159.6,163.0,164.0,162.6,160.7,158.9,157.8,157.3,158.1,159.7,161.8,162.9,163.2,163.3,162.9,162.1,160.9,161.5,161.0,159.6,158.2,157.6,158.1,159.5,160.1,157.0,155.7,157.0,160.1,163.1,164.4,163.4,162.2,160.1,158.6,158.0,158.5,159.7,161.5,162.9,163.6,163.9,163.7,163.3,161.5,162.0,161.5,160.1,158.8,158.3,158.8,160.2,3.8,5.7,9.9,14.0,15.6,14.0,9.5,5.4,-2.1,0.7,4.6,9.3,13.8,17.1,19.3,16.5,12.7,8.5,4.3,0.6,7.8,9.6,11.4,12.2,11.5,9.7,7.9,7.1,54.7,56.2,60.1,64.1,65.9,64.4,60.5,56.2,50.5,53.2,56.8,61.4,65.5,68.4,70.2,68.4,65.5,61.9,57.8,53.6,58.4,60.1,61.9,62.5,61.7,59.9,58.2,57.6,-37.1,-41.3,-43.0,-41.1,-36.7,-32.2,-30.9,-32.8,-35.6,-37.8,-39.1,-39.6,-38.7,-36.7,-33.9,-32.4,-31.9,-31.7,-32.3,-33.5,-35.0,-34.2,-34.9,-36.8,-38.7,-39.5,-38.8,-36.9,-37.7,-42.0,-43.9,-42.2,-38.0,-33.7,-31.8,-33.2,-34.8,-37.6,-39.7,-40.6,-40.1,-38.7,-36.4,-34.3,-33.0,-32.5,-32.7,-33.2,-35.9,-35.2,-36.0,-37.9,-39.7,-40.4,-39.6,-37.7,514.0,514.6,515.0,515.0,514.6,514.2,513.6,513.6,517.8,515.4,513.3,512.4,513.3,514.9,516.6,514.8,513.1,512.5,513.4,515.4,514.8,514.8,515.0,515.2,515.4,515.4,515.2,515.0,536.6,537.7,539.5,541.0,541.3,540.2,538.4,536.9,536.7,536.1,536.2,537.5,540.4,544.0,547.4,544.0,540.5,537.9,536.5,536.4,538.8,539.4,540.2,540.7,540.6,539.9,539.1,538.6,40.5,-4.0,646.2,0.182,-0.237,0.054,226.0,225.8,226.9,229.1,233.6,241.0,250.3,261.2,272.0,280.5,286.3,291.7,296.6,300.4,303.2,305.4,306.2,239.1,246.2,255.2,264.0,271.8,286.7,293.0,299.0,304.6,307.6,279.1,280.2,281.5,282.6,270.2,274.7,279.2,283.1,286.3,248.3,253.8,260.0,264.7,259.6,253.4,286.8,291.7,297.0,300.3,297.3,292.0,259.7,267.9,274.5,278.0,281.6,285.4,288.2,285.1,281.1,277.2,273.3,267.1,262.8,273.8,277.4,281.0,286.2,281.0,277.4,273.6,160.2,172.1,183.9,195.3,206.0,215.4,223.1,228.9,230.4,228.4,222.1,214.1,205.0,194.9,184.4,173.6,162.5,152.2,147.5,146.4,148.0,151.2,151.3,148.5,147.3,148.5,153.0,160.2,167.9,175.6,183.5,188.7,190.3,191.6,190.4,188.9,160.6,157.7,158.0,162.0,163.2,163.1,162.3,158.4,158.5,161.5,163.8,163.7,204.5,201.9,200.4,201.5,200.5,202.2,204.6,209.4,211.4,211.8,211.4,209.4,204.7,204.2,204.6,204.2,205.0,205.5,206.0,205.6,-41.0,-41.5,-39.9,-36.2,-28.3,-15.6,0.5,19.0,37.4,52.6,64.2,75.2,84.7,91.7,96.5,100.2,101.7,-17.8,-6.2,8.3,22.5,35.0,59.7,70.9,82.0,92.8,99.4,47.2,48.5,49.9,51.3,32.5,39.7,47.0,53.5,59.2,-2.8,6.2,16.3,24.1,15.7,5.6,61.3,69.9,79.4,85.8,79.9,70.5,16.0,29.1,39.5,45.3,51.4,58.6,64.4,58.2,50.9,44.3,37.8,27.8,21.1,38.6,44.7,50.8,60.7,50.7,44.5,38.4,-46.7,-26.5,-6.3,13.4,32.1,48.1,61.0,70.2,72.9,70.6,61.1,48.0,31.8,13.5,-5.7,-25.2,-45.2,-57.5,-64.6,-66.0,-63.2,-58.1,-58.9,-64.3,-67.2,-66.3,-59.5,-44.1,-31.4,-18.9,-6.3,1.9,4.5,6.6,4.8,2.3,-43.9,-48.4,-48.1,-41.8,-39.6,-39.6,-42.0,-48.8,-48.9,-44.4,-40.1,-39.8,28.0,23.4,20.8,22.8,21.1,24.3,28.9,36.3,39.1,39.5,38.8,35.6,28.3,27.2,27.8,27.3,29.3,29.5,30.2,29.4,666.9,670.3,674.4,676.9,676.7,674.3,669.1,662.5,663.6,674.6,690.7,703.9,710.0,710.0,708.6,707.1,706.8,635.7,630.8,627.9,625.9,625.6,635.3,643.8,653.6,663.9,674.2,632.2,626.3,619.9,614.0,628.1,627.8,628.2,632.2,636.8,636.8,634.7,636.2,638.6,636.4,634.9,651.7,654.7,659.6,666.6,660.0,655.2,643.0,633.9,631.5,633.3,636.1,645.6,659.3,647.3,639.4,636.1,634.5,636.2,641.3,634.5,635.8,639.2,654.9,639.1,635.7,634.4,0.6,0.189,-0.315,0.069,274.377,184.895,-5.705,11.284,-14.564,16.838,3.262,0.485,-3.504,1.935,3.983,-2.388,0.747,0.801,0.175,-2.35,-0.025,-0.454,0.542,0.61,-0.696,-0.568,0.562,-0.238,-0.494,-0.656,0.292,0.171,0.102,0.083,-0.108,-0.003,-0.019,-0.006,0.008,-0.003,0.25,0.0,0.0,0.43,0.0,0.0,0.0,0.0,0.0,0.46,0.0,0.0,0.0,0.0,0.0,0.0,0.0,1.0,1.0,0.0,0.0,0.0,0.0,0.0,0.0,0.0,0.0,0.0,0.0,0.0,0.0,0.0,0.0,1.0,0.0
PP133,g1,4221,0,0.975,0.228915,0.189259,-0.954871,0.078357,0.179625,-0.98061,0.157,0.188,253.1,254.5,257.7,260.8,262.0,260.7,257.3,254.2,248.5,250.7,253.7,257.3,260.7,263.1,264.7,262.7,259.8,256.6,253.4,250.6,256.0,257.4,258.8,259.4,258.9,257.6,256.2,255.5,290.0,291.0,293.7,296.5,297.7,296.7,294.1,291.0,286.9,288.9,291.6,294.8,297.5,299.3,300.3,299.3,297.5,295.1,292.2,289.2,292.5,293.7,294.9,295.3,294.8,293.5,292.4,291.9,159.9,156.7,155.5,157.0,160.3,163.7,164.6,163.2,161.2,159.4,158.4,157.9,158.7,160.4,162.5,163.6,163.9,163.9,163.5,162.7,161.5,162.2,161.6,160.3,158.8,158.2,158.7,160.1,160.8,157.8,156.5,157.7,160.8,163.9,165.1,164.1,162.9,160.8,159.4,158.7,159.3,160.4,162.3,163.6,164.4,164.7,164.5,164.0,162.2,162.8,162.2,160.9,159.5,159.0,159.6,160.9,4.0,5.9,10.1,14.2,15.8,14.1,9.6,5.6,-1.9,0.9,4.9,9.5,14.0,17.3,19.5,16.7,12.9,8.7,4.5,0.8,8.0,9.8,11.6,12.4,11.8,10.0,8.1,7.3,54.9,56.4,60.3,64.3,66.1,64.6,60.7,56.3,50.7,53.4,57.0,61.6,65.7,68.6,70.4,68.6,65.7,62.1,57.9,53.8,58.6,60.3,62.0,62.7,61.9,60.1,58.4,57.8,-36.4,-40.6,-42.2,-40.2,-35.9,-31.4,-30.1,-32.0,-34.9,-37.0,-38.3,-38.8,-37.8,-35.8,-33.0,-31.5,-31.0,-30.9,-31.5,-32.8,-34.3,-33.4,-34.1,-35.9,-37.8,-38.7,-38.0,-36.2,-36.6,-40.9,-42.8,-41.2,-37.0,-32.7,-30.8,-32.1,-33.7,-36.6,-38.6,-39.6,-39.0,-37.7,-35.4,-33.2,-32.0,-31.5,-31.6,-32.2,-34.8,-34.1,-34.9,-36.8,-38.7,-39.4,-38.6,-36.7,514.4,515.0,515.4,515.4,515.0,514.7,514.0,514.0,518.1,515.7,513.7,512.8,513.7,515.3,517.1,515.3,513.5,512.9,513.7,515.7,515.2,515.2,515.4,515.7,515.8,515.8,515.6,515.4,536.4,537.5,539.3,540.9,541.2,540.1,538.3,536.8,536.6,536.0,536.0,537.3,540.2,543.8,547.2,543.9,540.4,537.8,536.4,536.2,538.6,539.3,540.1,540.6,540.4,539.8,539.0,538.5,40.4,-3.2,648.1,0.198,-0.235,0.063,226.1,225.9,226.8,228.9,233.3,240.5,249.8,260.6,271.3,279.9,285.9,291.4,296.5,300.4,303.3,305.5,306.5,239.3,246.5,255.5,264.4,272.1,286.9,293.2,299.3,304.9,307.9,279.3,280.2,281.4,282.4,270.1,274.5,279.0,282.8,286.1,248.4,254.0,260.2,264.9,259.8,253.6,286.9,291.9,297.2,300.4,297.4,292.1,259.3,267.6,274.1,277.6,281.3,285.2,287.9,284.8,280.7,276.8,272.8,266.6,262.4,273.4,277.1,280.7,286.0,280.7,277.0,273.3,160.3,172.1,183.8,195.1,205.9,215.2,223.0,228.9,230.5,228.5,222.2,214.3,205.2,195.2,184.7,174.0,163.0,152.6,148.1,147.2,148.8,152.0,152.1,149.3,148.2,149.3,153.8,161.1,168.8,176.4,184.3,189.4,191.0,192.3,191.2,189.7,161.1,158.3,158.6,162.6,163.9,163.7,163.1,159.1,159.3,162.2,164.5,164.5,204.8,202.4,200.9,202.1,201.1,202.8,205.1,209.9,211.9,212.3,211.9,209.8,205.1,204.8,205.2,204.8,205.4,206.1,206.5,206.1,-40.8,-41.5,-40.1,-36.7,-29.0,-16.4,-0.4,18.1,36.4,51.8,63.6,74.9,84.7,91.9,96.9,100.7,102.4,-17.4,-5.6,8.9,23.0,35.5,60.1,71.4,82.5,93.4,100.0,47.4,48.6,49.9,51.2,32.4,39.6,46.7,53.3,59.1,-2.6,6.6,16.7,24.4,15.9,5.8,61.7,70.3,79.8,86.2,80.2,70.8,15.4,28.7,39.2,45.0,51.2,58.3,64.2,57.8,50.4,43.8,37.2,27.2,20.5,38.2,44.3,50.4,60.5,50.3,44.1,37.9,-46.5,-26.5,-6.4,13.3,31.9,48.1,61.1,70.6,73.4,71.1,61.5,48.4,32.3,14.0,-5.1,-24.5,-44.5,-56.8,-63.7,-65.0,-62.1,-56.9,-57.6,-63.0,-65.9,-65.0,-58.3,-42.9,-30.1,-17.6,-5.0,3.0,5.6,7.7,6.0,3.5,-43.1,-47.6,-47.1,-40.7,-38.6,-38.7,-40.9,-47.6,-47.7,-43.3,-38.9,-38.6,28.6,24.3,21.8,23.8,22.2,25.3,29.8,37.3,40.0,40.5,39.7,36.4,29.0,28.2,28.9,28.4,30.2,30.5,31.1,30.3,668.1,671.7,675.9,678.7,678.7,676.6,671.7,665.2,666.4,677.2,693.1,706.0,712.0,712.0,710.6,709.1,708.7,636.8,631.8,629.0,627.0,626.7,636.3,644.7,654.5,664.8,675.2,633.5,627.8,621.7,616.1,630.1,629.9,630.4,634.3,638.8,638.1,635.9,637.4,639.9,637.7,636.3,653.0,655.8,660.7,667.7,661.2,656.4,645.4,636.3,633.8,635.6,638.3,647.9,661.6,649.7,641.9,638.6,637.1,638.8,643.7,636.8,638.1,641.5,657.3,641.3,638.0,636.8,0.598,0.206,-0.312,0.079,274.269,185.401,-5.752,10.306,-14.439,15.387,3.87,0.24,-3.404,1.42,3.77,-1.941,0.758,1.091,0.046,-2.177,-0.054,-0.283,0.516,0.636,-0.451,-0.626,0.591,-0.304,-0.343,-0.473,0.318,-0.003,0.127,0.067,-0.105,-0.001,-0.014,0.004,0.008,-0.006,0.22,0.0,0.0,0.54,0.0,0.0,0.0,0.0,0.0,0.46,0.0,0.0,0.0,0.0,0.0,0.0,0.0,0.0,1.0,0.0,1.0,0.0,0.0,0.0,0.0,0.0,0.0,0.0,0.0,0.0,0.0,0.0,0.0,1.0,0.0
PP133,g1,4227,0,0.975,0.230311,0.200407,-0.952257,0.075309,0.189619,-0.978965,0.157,0.199,253.5,255.0,258.2,261.3,262.4,261.1,257.7,254.6,248.9,251.1,254.2,257.7,261.1,263.6,265.1,263.1,260.2,257.0,253.8,251.0,256.5,257.8,259.2,259.9,259.4,258.0,256.6,256.0,290.5,291.5,294.2,297.0,298.2,297.2,294.5,291.5,287.4,289.4,292.1,295.3,298.0,299.8,300.8,299.7,298.0,295.6,292.7,289.7,293.0,294.2,295.4,295.8,295.3,294.1,292.9,292.4,159.9,156.7,155.6,157.1,160.4,163.8,164.7,163.2,161.1,159.4,158.4,158.0,158.8,160.5,162.7,163.7,164.0,164.0,163.5,162.7,161.6,162.2,161.7,160.3,158.9,158.2,158.7,160.1,161.0,158.0,156.7,158.0,161.0,164.1,165.4,164.3,163.1,161.1,159.6,158.9,159.5,160.6,162.5,163.9,164.6,164.9,164.7,164.3,162.4,163.0,162.4,161.1,159.8,159.2,159.8,161.1,4.6,6.5,10.8,14.8,16.3,14.7,10.1,6.1,-1.4,1.5,5.5,10.1,14.6,17.9,20.0,17.2,13.4,9.2,5.0,1.3,8.5,10.3,12.1,13.0,12.3,10.6,8.7,7.8,55.6,57.1,61.0,65.0,66.8,65.3,61.3,57.0,51.3,54.0,57.7,62.2,66.3,69.3,71.1,69.2,66.3,62.7,58.6,54.4,59.2,61.0,62.7,63.4,62.6,60.8,59.1,58.4,-36.3,-40.5,-42.0,-40.1,-35.7,-31.2,-30.0,-31.9,-34.9,-37.0,-38.2,-38.7,-37.7,-35.6,-32.8,-31.3,-30.9,-30.8,-31.4,-32.7,-34.2,-33.3,-34.0,-35.8,-37.7,-38.6,-37.9,-36.1,-36.3,-40.6,-42.5,-40.9,-36.7,-32.3,-30.5,-31.8,-33.4,-36.3,-38.3,-39.3,-38.7,-37.4,-35.1,-32.9,-31.6,-31.1,-31.3,-31.9,-34.5,-33.8,-34.6,-36.5,-38.4,-39.1,-38.2,-36.4,513.3,513.9,514.4,514.4,514.0,513.7,513.0,512.9,517.0,514.6,512.6,511.8,512.7,514.3,516.1,514.3,512.5,511.8,512.6,514.6,514.1,514.2,514.4,514.6,514.8,514.8,514.6,514.3,536.0,537.0,538.8,540.4,540.7,539.7,537.9,536.5,536.2,535.6,535.6,536.8,539.7,543.4,546.8,543.5,540.0,537.4,536.0,535.9,538.2,538.9,539.7,540.1,540.0,539.3,538.5,538.1,40.8,-3.2,649.3,0.216,-0.234,0.073,226.4,226.1,226.9,228.8,233.2,240.4,249.7,260.4,271.1,279.6,285.7,291.4,296.6,300.7,303.6,305.9,306.9,239.9,247.1,256.1,265.0,272.8,287.4,293.8,299.9,305.5,308.5,279.8,280.7,281.7,282.7,270.3,274.7,279.1,283.0,286.3,248.8,254.5,260.7,265.3,260.2,254.0,287.4,292.4,297.7,300.9,297.9,292.6,259.2,267.6,274.2,277.7,281.3,285.2,287.9,284.6,280.5,276.6,272.6,266.4,262.3,273.4,277.1,280.7,286.0,280.6,276.9,273.2,159.9,171.6,183.2,194.4,205.1,214.5,222.3,228.3,229.9,227.9,221.6,213.7,204.8,194.9,184.6,173.9,163.1,152.4,148.1,147.3,149.0,152.3,152.4,149.6,148.4,149.5,153.9,161.4,169.1,176.7,184.6,189.5,191.1,192.4,191.4,189.9,161.0,158.3,158.7,162.8,163.9,163.7,163.3,159.3,159.5,162.4,164.7,164.7,204.5,202.3,201.0,202.2,201.1,202.8,205.0,209.9,212.0,212.3,211.9,209.7,204.9,204.8,205.2,204.8,205.4,206.2,206.6,206.1,-40.4,-41.2,-40.1,-36.8,-29.2,-16.6,-0.6,17.8,36.1,51.5,63.5,75.0,85.1,92.6,97.8,101.7,103.5,-16.5,-4.6,9.9,24.1,36.6,61.0,72.3,83.6,94.4,101.1,48.3,49.3,50.5,51.7,32.8,39.9,47.1,53.7,59.4,-1.9,7.3,17.4,25.1,16.6,6.5,62.5,71.2,80.7,87.1,81.1,71.7,15.3,28.7,39.3,45.1,51.3,58.5,64.4,57.8,50.3,43.6,37.0,27.0,20.4,38.2,44.3,50.5,60.7,50.3,44.1,37.9,-47.2,-27.4,-7.4,12.1,30.7,46.8,59.9,69.6,72.6,70.3,60.6,47.5,31.6,13.6,-5.3,-24.7,-44.4,-57.2,-63.8,-64.8,-61.8,-56.5,-57.1,-62.5,-65.5,-64.6,-58.1,-42.4,-29.6,-17.2,-4.6,3.2,5.8,7.9,6.3,3.9,-43.2,-47.6,-47.1,-40.5,-38.5,-38.7,-40.5,-47.3,-47.4,-42.9,-38.5,-38.3,28.2,24.2,21.9,23.9,22.3,25.4,29.7,37.4,40.3,40.7,39.9,36.4,28.7,28.2,29.0,28.5,30.1,30.7,31.3,30.4,668.6,672.3,676.7,679.7,680.0,678.1,673.4,667.1,668.4,679.0,694.8,707.5,713.4,713.4,712.0,710.6,710.0,636.9,631.9,629.1,627.0,626.8,636.4,644.8,654.7,665.0,675.5,633.8,628.4,622.5,617.2,631.2,631.0,631.6,635.4,639.7,638.5,636.2,637.7,640.3,638.1,636.7,653.4,656.2,661.1,668.3,661.8,657.0,646.8,637.8,635.1,636.9,639.7,649.3,663.2,651.6,643.8,640.6,639.0,640.6,645.2,638.3,639.6,643.0,659.0,643.0,639.7,638.4,0.597,0.223,-0.311,0.09,274.471,185.351,-5.329,9.828,-13.991,13.977,5.341,-0.465,-3.169,1.435,3.782,-1.141,1.231,1.167,0.212,-2.09,-0.312,-0.279,0.511,0.783,-0.545,-0.613,0.538,-0.401,-0.166,-0.215,0.305,-0.086,0.127,0.066,-0.095,0.0,-0.013,0.013,0.006,-0.005,0.28,0.0,0.0,1.25,0.0,0.0,0.0,0.0,0.0,0.7,0.0,0.0,0.0,0.0,0.0,0.0,0.0,0.0,1.0,0.0,1.0,0.0,0.0,0.0,0.0,0.0,0.0,0.0,0.0,0.0,0.0,0.0,0.0,1.0,0.0
PP133,g1,4233,0,0.975,0.231685,0.202878,-0.9514,0.076096,0.191847,-0.97847,0.158,0.202,253.4,254.9,258.1,261.2,262.3,261.1,257.7,254.6,248.8,251.1,254.1,257.7,261.1,263.5,265.1,263.0,260.1,256.9,253.8,250.9,256.4,257.7,259.1,259.8,259.3,257.9,256.5,255.9,290.4,291.4,294.1,296.9,298.2,297.2,294.5,291.4,287.3,289.3,292.0,295.2,297.9,299.7,300.7,299.7,297.9,295.5,292.6,289.6,292.9,294.1,295.3,295.7,295.2,294.0,292.8,292.4,159.9,156.8,155.6,157.1,160.4,163.8,164.7,163.2,161.2,159.4,158.4,158.0,158.8,160.5,162.7,163.7,164.0,164.0,163.6,162.7,161.6,162.2,161.7,160.3,158.9,158.2,158.8,160.1,161.0,157.9,156.6,157.9,161.0,164.0,165.3,164.3,163.1,161.0,159.5,158.9,159.4,160.6,162.4,163.8,164.6,164.9,164.7,164.3,162.4,163.0,162.4,161.0,159.7,159.2,159.7,161.1,4.5,6.4,10.7,14.7,16.2,14.5,10.0,6.0,-1.5,1.4,5.4,10.0,14.5,17.7,19.9,17.1,13.3,9.1,4.9,1.2,8.4,10.2,12.0,12.9,12.2,10.4,8.6,7.7,55.4,56.9,60.8,64.8,66.6,65.1,61.2,56.8,51.2,53.9,57.5,62.1,66.2,69.1,70.9,69.1,66.2,62.5,58.4,54.3,59.1,60.8,62.5,63.2,62.4,60.7,58.9,58.3,-36.2,-40.4,-42.0,-40.0,-35.6,-31.1,-29.9,-31.9,-34.8,-36.9,-38.2,-38.6,-37.6,-35.5,-32.7,-31.3,-30.8,-30.7,-31.4,-32.6,-34.1,-33.2,-33.9,-35.7,-37.6,-38.5,-37.8,-36.0,-36.3,-40.6,-42.5,-40.9,-36.7,-32.4,-30.5,-31.8,-33.4,-36.3,-38.3,-39.3,-38.8,-37.4,-35.1,-32.9,-31.7,-31.1,-31.3,-31.9,-34.5,-33.8,-34.7,-36.5,-38.4,-39.1,-38.3,-36.4,512.5,513.1,513.6,513.7,513.3,512.9,512.2,512.1,516.2,513.9,511.8,511.0,511.9,513.6,515.4,513.6,511.7,511.1,511.9,513.8,513.4,513.4,513.6,513.9,514.0,514.0,513.8,513.5,535.5,536.5,538.4,539.9,540.3,539.3,537.4,536.0,535.7,535.1,535.1,536.3,539.3,542.9,546.4,543.0,539.6,537.0,535.6,535.4,537.8,538.4,539.2,539.7,539.5,538.8,538.0,537.6,40.8,-3.4,649.6,0.221,-0.236,0.072,226.3,225.9,226.8,228.8,233.1,240.4,249.7,260.5,271.1,279.6,285.7,291.4,296.6,300.6,303.6,305.8,306.8,239.8,247.1,256.1,265.0,272.7,287.3,293.7,299.8,305.4,308.4,279.7,280.6,281.7,282.7,270.3,274.7,279.1,283.0,286.2,248.7,254.4,260.6,265.2,260.1,253.9,287.3,292.3,297.6,300.8,297.8,292.5,259.3,267.6,274.2,277.7,281.3,285.2,287.9,284.6,280.5,276.6,272.7,266.5,262.4,273.4,277.1,280.7,285.9,280.6,277.0,273.3,159.8,171.4,183.0,194.2,204.9,214.2,222.0,228.0,229.6,227.6,221.2,213.4,204.5,194.7,184.4,173.8,162.9,152.4,148.1,147.3,149.0,152.4,152.5,149.6,148.4,149.5,153.8,161.4,169.1,176.7,184.6,189.5,191.1,192.4,191.3,189.8,161.1,158.3,158.7,162.8,164.0,163.8,163.3,159.3,159.4,162.3,164.7,164.7,204.5,202.3,200.9,202.1,201.1,202.7,204.9,209.8,211.8,212.2,211.8,209.6,204.8,204.7,205.2,204.8,205.3,206.0,206.5,206.0,-40.6,-41.4,-40.3,-37.0,-29.4,-16.7,-0.5,17.9,36.2,51.5,63.5,75.0,85.1,92.6,97.7,101.5,103.3,-16.6,-4.7,9.8,24.0,36.5,60.9,72.2,83.4,94.2,100.9,48.2,49.3,50.5,51.6,32.8,39.9,47.1,53.6,59.4,-2.1,7.2,17.3,25.0,16.5,6.3,62.4,71.1,80.6,87.0,81.0,71.6,15.4,28.8,39.4,45.1,51.3,58.5,64.4,57.8,50.3,43.7,37.2,27.1,20.5,38.3,44.4,50.5,60.7,50.3,44.2,38.0,-47.5,-27.7,-7.8,11.7,30.3,46.4,59.5,69.2,72.1,69.8,60.0,47.0,31.1,13.2,-5.7,-25.0,-44.7,-57.2,-63.8,-64.8,-61.8,-56.4,-57.1,-62.6,-65.6,-64.8,-58.3,-42.3,-29.6,-17.2,-4.6,3.2,5.8,7.9,6.2,3.8,-43.2,-47.5,-47.0,-40.5,-38.4,-38.7,-40.6,-47.4,-47.5,-43.1,-38.6,-38.3,28.2,24.2,21.9,23.9,22.3,25.3,29.5,37.2,40.1,40.5,39.7,36.2,28.6,28.2,28.9,28.5,30.0,30.5,31.1,30.3,668.9,672.6,677.0,680.1,680.5,678.6,673.9,667.7,669.0,679.7,695.4,708.1,714.0,714.0,712.6,711.1,710.5,636.9,631.9,629.0,627.0,626.9,636.4,644.8,654.7,665.1,675.6,633.9,628.5,622.7,617.3,631.4,631.3,631.9,635.7,640.0,638.7,636.3,637.8,640.4,638.2,636.8,653.6,656.3,661.3,668.5,662.0,657.2,647.2,638.1,635.4,637.2,640.0,649.6,663.6,651.9,644.1,640.9,639.3,640.9,645.6,638.6,640.0,643.3,659.4,643.2,639.9,638.7,0.597,0.227,-0.312,0.09,274.436,185.262,-4.078,9.85,-14.318,13.818,5.469,-0.685,-3.09,1.86,3.676,-0.977,1.151,1.348,0.18,-2.232,-0.509,-0.237,0.487,0.741,-0.473,-0.569,0.588,-0.374,-0.162,-0.186,0.391,-0.089,0.12,0.058,-0.097,0.004,-0.015,0.013,0.005,-0.004,0.15,0.0,0.0,1.06,0.0,0.0,0.09,0.0,0.0,0.49,0.0,0.0,0.0,0.0,0.0,0.0,0.0,1.0,1.0,0.0,1.0,0.0,0.0,0.0,0.0,0.0,0.0,0.0,0.0,0.0,0.0,0.0,0.0,1.0,0.0
PP133,g1,4239,0,0.975,0.230918,0.203061,-0.951548,0.075134,0.192739,-0.978369,0.157,0.202,253.2,254.7,257.9,261.0,262.2,260.9,257.5,254.4,248.7,250.9,253.9,257.5,260.9,263.3,264.9,262.8,260.0,256.8,253.6,250.7,256.2,257.6,259.0,259.6,259.1,257.7,256.3,255.7,290.2,291.2,293.9,296.7,298.0,297.0,294.3,291.2,287.1,289.1,291.8,295.0,297.7,299.6,300.5,299.5,297.7,295.3,292.4,289.4,292.7,293.9,295.1,295.6,295.0,293.8,292.6,292.2,160.0,156.8,155.6,157.1,160.4,163.8,164.7,163.2,161.2,159.5,158.4,158.0,158.9,160.5,162.7,163.7,164.0,164.0,163.6,162.7,161.6,162.3,161.8,160.4,158.9,158.3,158.8,160.2,160.9,157.9,156.6,157.8,160.9,164.0,165.3,164.2,163.1,161.0,159.5,158.8,159.4,160.5,162.3,163.7,164.5,164.8,164.6,164.2,162.3,162.9,162.3,161.0,159.6,159.1,159.7,161.0,4.2,6.2,10.4,14.5,16.0,14.3,9.8,5.8,-1.8,1.2,5.1,9.8,14.2,17.5,19.7,16.9,13.0,8.8,4.7,1.0,8.2,9.9,11.8,12.6,12.0,10.2,8.3,7.5,55.2,56.6,60.5,64.6,66.4,64.9,61.0,56.6,50.9,53.6,57.3,61.8,65.9,68.9,70.7,68.8,65.9,62.3,58.2,54.0,58.8,60.6,62.3,63.0,62.2,60.4,58.7,58.0,-36.2,-40.4,-41.9,-40.0,-35.6,-31.1,-29.9,-31.8,-34.8,-36.9,-38.1,-38.6,-37.6,-35.5,-32.8,-31.3,-30.8,-30.7,-31.3,-32.6,-34.0,-33.2,-33.9,-35.7,-37.6,-38.5,-37.8,-36.0,-36.4,-40.7,-42.6,-41.0,-36.8,-32.5,-30.6,-31.9,-33.5,-36.4,-38.4,-39.4,-38.9,-37.5,-35.3,-33.1,-31.8,-31.2,-31.4,-32.0,-34.7,-33.9,-34.8,-36.7,-38.5,-39.2,-38.4,-36.5,512.8,513.4,513.9,514.0,513.6,513.3,512.5,512.5,516.6,514.2,512.1,511.3,512.3,513.9,515.7,513.9,512.1,511.4,512.2,514.2,513.7,513.7,513.9,514.2,514.4,514.3,514.1,513.9,535.7,536.7,538.5,540.1,540.4,539.4,537.6,536.2,535.9,535.3,535.3,536.5,539.4,543.1,546.5,543.2,539.8,537.1,535.7,535.6,537.9,538.6,539.4,539.8,539.7,539.0,538.2,537.8,40.6,-3.5,649.9,0.221,-0.234,0.069,226.1,225.9,226.7,228.7,233.1,240.4,249.7,260.5,271.2,279.7,285.8,291.5,296.6,300.6,303.5,305.7,306.7,239.6,246.8,255.8,264.7,272.5,287.1,293.5,299.5,305.1,308.2,279.5,280.4,281.5,282.5,270.1,274.6,279.0,282.8,286.1,248.6,254.2,260.4,265.0,259.9,253.7,287.1,292.1,297.4,300.7,297.6,292.4,259.2,267.5,274.1,277.6,281.2,285.1,287.9,284.6,280.5,276.6,272.6,266.4,262.3,273.3,277.0,280.6,285.9,280.5,276.9,273.1,159.8,171.5,183.0,194.2,204.9,214.2,221.9,227.9,229.5,227.5,221.1,213.3,204.4,194.5,184.2,173.6,162.8,152.5,148.1,147.3,149.0,152.3,152.4,149.5,148.3,149.4,153.7,161.4,169.1,176.7,184.5,189.4,191.0,192.3,191.2,189.8,161.1,158.4,158.7,162.8,164.0,163.8,163.2,159.2,159.3,162.2,164.6,164.6,204.5,202.2,200.9,202.0,201.0,202.6,204.8,209.7,211.8,212.2,211.8,209.6,204.8,204.7,205.1,204.7,205.2,206.0,206.5,206.0,-40.9,-41.6,-40.4,-37.1,-29.4,-16.7,-0.5,17.9,36.2,51.7,63.7,75.2,85.2,92.6,97.6,101.4,103.1,-17.0,-5.1,9.4,23.6,36.1,60.5,71.8,83.0,93.9,100.6,47.9,49.0,50.2,51.4,32.6,39.7,46.9,53.5,59.2,-2.4,6.9,17.0,24.7,16.2,6.1,62.1,70.8,80.3,86.7,80.7,71.3,15.2,28.6,39.2,45.0,51.2,58.5,64.4,57.8,50.3,43.6,37.0,27.0,20.3,38.2,44.3,50.4,60.7,50.3,44.1,37.9,-47.4,-27.6,-7.7,11.8,30.3,46.4,59.5,69.1,72.0,69.6,59.8,46.7,30.8,12.8,-6.0,-25.3,-45.0,-57.1,-63.7,-64.7,-61.7,-56.4,-57.2,-62.7,-65.7,-64.9,-58.5,-42.4,-29.7,-17.3,-4.7,3.2,5.7,7.8,6.1,3.7,-43.2,-47.5,-47.0,-40.5,-38.4,-38.6,-40.7,-47.5,-47.7,-43.3,-38.8,-38.5,28.1,24.1,21.7,23.7,22.1,25.2,29.4,37.1,40.0,40.5,39.7,36.2,28.6,28.1,28.8,28.3,29.8,30.4,31.1,30.3,669.4,673.1,677.6,680.6,681.0,679.1,674.4,668.1,669.4,680.0,695.8,708.5,714.3,714.2,712.7,711.3,710.7,637.3,632.2,629.3,627.2,627.0,636.6,645.0,654.8,665.2,675.7,634.1,628.8,622.9,617.6,631.7,631.7,632.2,636.0,640.2,639.0,636.6,638.1,640.7,638.5,637.1,653.8,656.5,661.4,668.7,662.2,657.4,647.5,638.3,635.7,637.5,640.2,649.9,663.8,652.2,644.4,641.2,639.6,641.3,645.9,638.9,640.2,643.5,659.6,643.5,640.2,639.0,0.597,0.227,-0.31,0.086,274.325,185.212,-3.884,9.931,-14.169,13.773,5.301,-0.873,-3.187,1.921,3.699,-0.926,1.062,1.201,0.234,-2.009,-0.519,-0.253,0.538,0.725,-0.539,-0.742,0.564,-0.326,-0.181,-0.202,0.352,-0.085,0.095,0.068,-0.095,0.0,-0.019,0.014,0.004,-0.006,0.13,0.0,0.0,0.89,0.0,0.0,0.0,0.0,0.0,0.45,0.0,0.0,0.0,0.0,0.0,0.0,0.0,1.0,1.0,0.0,1.0,0.0,0.0,0.0,0.0,0.0,0.0,0.0,0.0,0.0,0.0,0.0,0.0,1.0,0.0
PP133,g1,4245,0,0.975,0.231974,0.194006,-0.953179,0.080674,0.184259,-0.979561,0.16,0.193,253.2,254.7,257.9,261.0,262.2,260.9,257.5,254.4,248.7,250.9,253.9,257.5,260.9,263.3,264.9,262.9,260.0,256.8,253.6,250.8,256.2,257.6,259.0,259.6,259.1,257.7,256.3,255.7,290.2,291.1,293.8,296.6,297.9,296.9,294.2,291.2,287.1,289.1,291.7,294.9,297.7,299.5,300.4,299.4,297.6,295.3,292.4,289.4,292.6,293.9,295.0,295.5,294.9,293.7,292.5,292.1,159.9,156.7,155.5,157.0,160.3,163.7,164.6,163.1,161.2,159.4,158.3,157.9,158.7,160.3,162.5,163.6,163.9,163.9,163.5,162.7,161.5,162.1,161.6,160.2,158.8,158.2,158.7,160.1,160.8,157.7,156.4,157.6,160.7,163.8,165.1,164.0,162.9,160.8,159.3,158.6,159.2,160.3,162.1,163.5,164.3,164.6,164.4,164.0,162.1,162.7,162.1,160.8,159.5,158.9,159.5,160.8,4.3,6.2,10.4,14.5,16.0,14.4,9.9,5.8,-1.7,1.2,5.1,9.8,14.3,17.5,19.7,16.9,13.1,8.9,4.8,1.0,8.2,10.0,11.8,12.7,12.0,10.2,8.4,7.5,55.1,56.6,60.5,64.5,66.3,64.8,60.9,56.6,50.9,53.6,57.2,61.8,65.9,68.8,70.6,68.8,65.9,62.3,58.2,54.0,58.8,60.6,62.3,62.9,62.1,60.4,58.7,58.0,-36.3,-40.5,-42.1,-40.2,-35.8,-31.3,-30.1,-32.0,-34.9,-37.0,-38.3,-38.8,-37.8,-35.8,-33.0,-31.5,-31.0,-30.9,-31.5,-32.7,-34.2,-33.4,-34.1,-35.9,-37.8,-38.7,-38.0,-36.1,-36.7,-41.0,-42.9,-41.3,-37.1,-32.8,-30.9,-32.2,-33.8,-36.7,-38.7,-39.7,-39.2,-37.8,-35.5,-33.4,-32.1,-31.6,-31.7,-32.3,-35.0,-34.2,-35.1,-37.0,-38.8,-39.5,-38.7,-36.8,513.5,514.0,514.5,514.5,514.1,513.8,513.1,513.1,517.2,514.8,512.7,511.9,512.8,514.4,516.2,514.4,512.6,512.0,512.8,514.8,514.3,514.3,514.5,514.8,514.9,514.9,514.7,514.5,536.4,537.4,539.3,540.8,541.2,540.1,538.2,536.8,536.5,535.9,536.0,537.2,540.1,543.8,547.2,543.9,540.4,537.8,536.4,536.2,538.6,539.3,540.1,540.5,540.4,539.7,538.9,538.4,40.8,-3.4,649.1,0.207,-0.24,0.065,226.2,226.0,226.9,229.0,233.4,240.7,249.9,260.8,271.5,280.0,285.9,291.4,296.4,300.4,303.3,305.5,306.4,239.6,246.8,255.8,264.7,272.5,287.1,293.4,299.4,305.0,308.0,279.5,280.5,281.7,282.8,270.3,274.8,279.2,283.1,286.3,248.6,254.2,260.4,265.1,260.0,253.8,287.1,292.0,297.3,300.6,297.6,292.3,259.5,267.8,274.4,277.9,281.5,285.4,288.1,284.9,280.9,277.0,273.0,266.8,262.6,273.6,277.3,280.9,286.1,280.9,277.2,273.5,160.2,171.9,183.5,194.8,205.4,214.8,222.6,228.5,230.0,228.1,221.7,213.8,204.8,194.9,184.4,173.7,162.8,152.5,148.1,147.2,148.9,152.1,152.2,149.3,148.1,149.2,153.6,161.1,168.8,176.5,184.4,189.4,190.9,192.2,191.1,189.6,161.1,158.3,158.6,162.6,163.9,163.7,163.0,159.0,159.2,162.1,164.4,164.4,204.6,202.3,200.9,202.0,201.0,202.6,204.9,209.7,211.7,212.1,211.7,209.6,204.9,204.7,205.1,204.7,205.2,205.9,206.4,206.0,-40.6,-41.3,-40.0,-36.6,-28.8,-16.2,-0.1,18.4,36.8,52.0,63.8,75.0,84.8,92.1,97.1,100.9,102.5,-17.0,-5.1,9.4,23.6,36.0,60.4,71.7,82.9,93.7,100.3,47.9,49.1,50.5,51.7,32.8,40.0,47.2,53.8,59.5,-2.3,6.9,17.0,24.7,16.3,6.1,62.0,70.6,80.1,86.5,80.6,71.2,15.7,29.0,39.6,45.4,51.6,58.8,64.6,58.2,50.8,44.2,37.6,27.5,20.8,38.6,44.7,50.8,60.9,50.7,44.5,38.3,-46.7,-26.9,-6.9,12.7,31.2,47.3,60.4,69.9,72.7,70.4,60.8,47.6,31.6,13.5,-5.6,-25.0,-44.9,-57.0,-63.8,-64.9,-62.0,-56.8,-57.5,-63.0,-66.1,-65.3,-58.7,-42.8,-30.1,-17.5,-4.9,3.0,5.5,7.7,5.9,3.5,-43.2,-47.6,-47.2,-40.8,-38.6,-38.8,-41.0,-47.8,-48.0,-43.5,-39.1,-38.8,28.3,24.1,21.7,23.7,22.0,25.1,29.5,37.0,39.9,40.3,39.6,36.2,28.7,28.0,28.8,28.3,29.9,30.3,30.9,30.1,668.5,672.0,676.4,679.3,679.5,677.6,672.8,666.4,667.7,678.5,694.5,707.4,713.4,713.5,712.0,710.5,710.0,636.9,632.0,629.2,627.2,627.0,636.6,645.1,655.0,665.4,676.0,633.9,628.4,622.4,616.9,630.9,630.7,631.3,635.2,639.6,638.6,636.3,637.9,640.4,638.2,636.7,653.6,656.5,661.5,668.6,662.1,657.2,646.3,637.2,634.7,636.6,639.4,649.0,662.9,651.0,643.1,639.8,638.2,639.9,644.7,637.8,639.2,642.6,658.6,642.4,639.1,637.8,0.598,0.214,-0.317,0.081,274.445,185.255,-4.796,10.002,-14.235,15.065,4.438,0.162,-3.351,1.929,3.719,-1.6,1.083,1.039,-0.095,-2.133,-0.25,-0.264,0.524,0.704,-0.507,-0.688,0.461,-0.25,-0.289,-0.365,0.298,-0.008,0.106,0.067,-0.104,0.0,-0.018,0.003,0.007,-0.005,0.52,0.0,0.0,0.86,0.0,0.0,0.0,0.0,0.0,0.42,0.0,0.0,0.0,0.0,0.0,0.0,0.0,1.0,1.0,0.0,1.0,0.0,0.0,0.0,0.0,0.0,0.0,0.0,0.0,0.0,0.0,0.0,0.0,1.0,0.0
PP133,g1,4251,0,0.925,0.227664,0.189006,-0.95522,0.080795,0.180069,-0.98033,0.158,0.188,253.0,254.4,257.6,260.7,261.9,260.7,257.3,254.2,248.5,250.7,253.6,257.2,260.6,263.1,264.7,262.6,259.8,256.6,253.4,250.6,256.0,257.4,258.8,259.4,258.9,257.5,256.1,255.5,289.9,290.9,293.6,296.4,297.7,296.7,294.0,290.9,286.8,288.8,291.5,294.7,297.4,299.2,300.2,299.2,297.4,295.0,292.1,289.1,292.4,293.6,294.8,295.2,294.7,293.4,292.3,291.8,160.0,156.8,155.6,157.1,160.3,163.8,164.7,163.3,161.3,159.6,158.5,158.0,158.8,160.4,162.6,163.6,164.0,164.0,163.7,162.8,161.6,162.2,161.7,160.3,158.9,158.3,158.8,160.2,160.7,157.6,156.3,157.6,160.6,163.7,165.0,164.0,162.9,160.7,159.2,158.6,159.1,160.3,162.1,163.5,164.2,164.5,164.4,164.0,162.1,162.7,162.1,160.7,159.4,158.9,159.4,160.8,3.9,5.8,10.0,14.1,15.7,14.1,9.6,5.5,-2.0,0.9,4.8,9.4,13.9,17.2,19.4,16.7,12.8,8.6,4.5,0.8,7.9,9.7,11.5,12.4,11.7,9.9,8.0,7.2,54.7,56.1,60.0,64.1,65.9,64.4,60.5,56.1,50.5,53.1,56.8,61.3,65.4,68.4,70.2,68.4,65.5,61.9,57.8,53.6,58.4,60.1,61.8,62.5,61.7,59.9,58.2,57.6,-36.2,-40.4,-42.0,-40.1,-35.8,-31.2,-29.9,-31.8,-34.7,-36.8,-38.1,-38.6,-37.7,-35.7,-32.9,-31.4,-30.9,-30.8,-31.3,-32.5,-34.1,-33.3,-34.0,-35.8,-37.7,-38.5,-37.8,-36.0,-36.7,-41.0,-42.9,-41.3,-37.1,-32.8,-30.9,-32.2,-33.8,-36.6,-38.7,-39.7,-39.2,-37.8,-35.5,-33.4,-32.1,-31.6,-31.7,-32.3,-34.9,-34.2,-35.1,-36.9,-38.8,-39.5,-38.6,-36.8,513.6,514.2,514.6,514.6,514.2,513.9,513.2,513.2,517.4,515.0,512.9,512.0,512.9,514.5,516.2,514.5,512.7,512.1,513.0,515.0,514.4,514.4,514.6,514.8,515.0,515.0,514.8,514.6,535.2,536.3,538.2,539.7,540.0,539.0,537.1,535.7,535.4,534.8,534.9,536.1,539.1,542.7,546.1,542.8,539.3,536.7,535.2,535.1,537.5,538.2,539.0,539.4,539.3,538.6,537.8,537.3,40.6,-3.1,647.8,0.198,-0.237,0.057,226.1,225.9,227.0,229.1,233.6,240.9,250.2,261.1,271.9,280.3,286.2,291.6,296.5,300.4,303.2,305.4,306.3,239.3,246.4,255.4,264.3,272.1,286.7,293.1,299.1,304.7,307.7,279.2,280.3,281.4,282.6,270.2,274.7,279.2,283.0,286.3,248.4,254.0,260.1,264.9,259.7,253.5,286.8,291.8,297.1,300.3,297.3,292.1,259.7,267.9,274.4,277.9,281.5,285.3,288.1,285.0,281.0,277.1,273.2,267.1,262.8,273.7,277.4,280.9,286.2,280.9,277.3,273.6,160.4,172.2,183.9,195.3,206.0,215.4,223.3,229.1,230.6,228.6,222.2,214.2,205.1,195.1,184.6,173.8,162.7,152.9,148.3,147.3,149.0,152.2,152.2,149.3,148.1,149.2,153.6,161.1,168.8,176.5,184.5,189.5,191.1,192.4,191.2,189.7,161.2,158.4,158.7,162.7,164.0,163.9,163.0,159.0,159.1,162.0,164.4,164.4,205.0,202.6,201.1,202.2,201.2,202.8,205.1,209.9,211.8,212.3,211.9,209.9,205.3,204.9,205.3,204.9,205.5,206.0,206.6,206.1,-40.8,-41.4,-39.9,-36.3,-28.5,-15.8,0.3,18.9,37.3,52.5,64.2,75.2,84.7,91.8,96.7,100.5,102.1,-17.5,-5.8,8.7,22.9,35.4,59.8,71.0,82.2,93.0,99.7,47.3,48.6,50.0,51.3,32.6,39.8,47.0,53.6,59.3,-2.6,6.5,16.5,24.3,15.9,5.7,61.5,70.1,79.6,86.0,80.1,70.7,16.0,29.2,39.6,45.3,51.4,58.6,64.5,58.2,50.9,44.4,37.9,27.9,21.1,38.6,44.7,50.8,60.8,50.7,44.6,38.5,-46.4,-26.3,-6.2,13.5,32.2,48.4,61.5,70.9,73.6,71.2,61.6,48.3,32.2,13.8,-5.3,-24.9,-44.9,-56.4,-63.4,-64.6,-61.8,-56.6,-57.4,-62.9,-66.0,-65.2,-58.5,-42.8,-30.0,-17.4,-4.8,3.2,5.8,7.9,6.0,3.5,-42.9,-47.4,-47.0,-40.6,-38.4,-38.5,-41.0,-47.8,-48.0,-43.5,-39.1,-38.8,28.9,24.6,22.1,24.0,22.3,25.4,29.8,37.2,40.0,40.5,39.8,36.6,29.3,28.4,29.0,28.5,30.2,30.4,31.1,30.3,667.9,671.6,675.9,678.7,678.8,676.7,671.7,665.2,666.4,677.3,693.3,706.3,712.2,712.1,710.5,708.7,708.1,636.5,631.5,628.6,626.6,626.4,635.8,644.2,654.0,664.4,674.9,633.1,627.4,621.3,615.6,629.8,629.5,630.0,633.9,638.5,637.9,635.7,637.2,639.6,637.5,636.1,652.7,655.6,660.5,667.5,661.0,656.2,645.1,635.9,633.5,635.3,638.1,647.5,661.3,649.3,641.5,638.3,636.7,638.3,643.4,636.5,637.9,641.2,656.9,641.0,637.6,636.4,0.599,0.206,-0.314,0.073,274.388,185.449,-4.722,10.698,-14.885,16.481,3.171,0.803,-3.247,1.935,3.996,-2.578,0.736,0.805,-0.225,-2.212,-0.099,-0.316,0.494,0.861,-0.49,-0.398,0.524,-0.242,-0.431,-0.549,0.295,0.097,0.131,0.061,-0.112,-0.01,-0.02,-0.006,0.007,-0.004,0.09,0.0,0.0,0.81,0.0,0.0,0.0,0.0,0.0,0.61,0.0,0.0,0.0,0.0,0.0,0.0,0.0,1.0,1.0,0.0,1.0,0.0,0.0,0.0,0.0,0.0,0.0,0.0,0.0,0.0,0.0,0.0,0.0,1.0,0.0
PP133,g1,4257,0,0.975,0.229924,0.196397,-0.953186,0.079329,0.186791,-0.979191,0.159,0.196,253.2,254.6,257.8,260.9,262.1,260.8,257.4,254.3,248.6,250.8,253.8,257.4,260.8,263.2,264.8,262.8,259.9,256.7,253.5,250.7,256.1,257.5,258.9,259.5,259.0,257.7,256.3,255.6,290.1,291.1,293.8,296.6,297.9,296.9,294.2,291.1,287.0,289.0,291.7,294.9,297.6,299.4,300.4,299.4,297.6,295.2,292.3,289.3,292.6,293.8,295.0,295.4,294.9,293.7,292.5,292.0,160.1,157.0,155.8,157.2,160.5,163.9,164.9,163.4,161.4,159.7,158.6,158.2,159.0,160.6,162.8,163.8,164.1,164.2,163.8,162.9,161.8,162.4,161.9,160.5,159.1,158.4,158.9,160.3,161.0,157.9,156.6,157.9,160.9,164.0,165.3,164.3,163.1,161.0,159.5,158.8,159.4,160.5,162.3,163.8,164.5,164.8,164.6,164.2,162.4,162.9,162.4,161.0,159.7,159.1,159.7,161.0,4.2,6.0,10.3,14.4,15.9,14.3,9.8,5.7,-1.8,1.1,5.0,9.7,14.1,17.4,19.6,16.8,13.0,8.8,4.7,0.9,8.1,9.9,11.7,12.6,11.9,10.1,8.2,7.4,54.9,56.4,60.3,64.4,66.2,64.7,60.7,56.4,50.7,53.4,57.1,61.6,65.7,68.7,70.4,68.6,65.7,62.1,58.0,53.8,58.6,60.4,62.1,62.7,61.9,60.2,58.5,57.8,-36.0,-40.2,-41.8,-39.8,-35.5,-31.0,-29.7,-31.6,-34.5,-36.7,-37.9,-38.4,-37.4,-35.4,-32.7,-31.2,-30.6,-30.5,-31.1,-32.4,-33.9,-33.0,-33.7,-35.6,-37.5,-38.3,-37.6,-35.8,-36.3,-40.6,-42.6,-41.0,-36.8,-32.4,-30.5,-31.9,-33.4,-36.3,-38.3,-39.3,-38.8,-37.5,-35.2,-33.0,-31.7,-31.2,-31.3,-31.9,-34.6,-33.9,-34.7,-36.6,-38.4,-39.1,-38.3,-36.4,513.2,513.8,514.2,514.3,513.9,513.6,512.9,512.8,517.0,514.6,512.5,511.7,512.6,514.2,516.0,514.2,512.4,511.8,512.6,514.6,514.1,514.1,514.3,514.5,514.7,514.7,514.5,514.2,535.2,536.3,538.1,539.6,540.0,539.0,537.1,535.7,535.4,534.8,534.8,536.1,539.0,542.7,546.1,542.7,539.3,536.7,535.2,535.1,537.5,538.1,538.9,539.4,539.2,538.6,537.8,537.3,40.6,-3.0,648.7,0.209,-0.237,0.064,226.2,225.9,226.9,229.0,233.4,240.6,249.8,260.6,271.4,279.9,285.9,291.4,296.5,300.4,303.3,305.5,306.5,239.4,246.6,255.6,264.5,272.3,287.0,293.4,299.4,305.0,308.0,279.4,280.4,281.5,282.6,270.2,274.7,279.1,282.9,286.2,248.5,254.1,260.3,265.0,259.9,253.7,287.0,292.0,297.3,300.5,297.5,292.3,259.5,267.7,274.3,277.7,281.3,285.1,287.9,284.7,280.6,276.8,272.9,266.7,262.6,273.5,277.1,280.7,285.9,280.7,277.1,273.4,160.2,172.0,183.6,194.9,205.7,215.1,222.9,228.8,230.4,228.3,221.9,213.9,204.9,194.9,184.5,173.8,162.8,152.9,148.4,147.5,149.2,152.4,152.4,149.6,148.4,149.4,153.8,161.3,169.1,176.7,184.6,189.6,191.2,192.5,191.4,189.9,161.3,158.5,158.8,162.9,164.1,164.0,163.2,159.3,159.4,162.3,164.7,164.7,205.0,202.6,201.2,202.4,201.3,203.0,205.2,210.0,212.0,212.4,212.0,209.9,205.3,205.0,205.4,205.0,205.6,206.2,206.7,206.2,-40.7,-41.4,-40.0,-36.6,-28.9,-16.3,-0.3,18.2,36.5,51.9,63.7,75.0,84.8,92.0,97.0,100.8,102.5,-17.3,-5.5,9.0,23.3,35.8,60.3,71.6,82.7,93.6,100.2,47.7,48.9,50.2,51.4,32.6,39.8,47.0,53.5,59.2,-2.4,6.7,16.9,24.6,16.1,6.0,61.9,70.5,80.0,86.4,80.5,71.0,15.6,28.9,39.4,45.1,51.2,58.3,64.2,57.8,50.4,43.9,37.4,27.4,20.7,38.4,44.4,50.5,60.5,50.4,44.2,38.1,-46.7,-26.7,-6.7,13.0,31.6,47.8,61.0,70.5,73.3,70.9,61.2,47.8,31.7,13.5,-5.5,-25.0,-44.9,-56.4,-63.2,-64.4,-61.5,-56.3,-57.1,-62.6,-65.6,-64.8,-58.2,-42.4,-29.7,-17.1,-4.5,3.4,6.0,8.1,6.3,3.9,-42.8,-47.2,-46.8,-40.3,-38.2,-38.3,-40.6,-47.4,-47.6,-43.1,-38.7,-38.4,28.9,24.7,22.3,24.2,22.6,25.7,30.0,37.5,40.3,40.8,40.0,36.7,29.3,28.6,29.3,28.8,30.4,30.7,31.4,30.6,668.3,672.0,676.4,679.3,679.5,677.6,672.9,666.6,667.8,678.5,694.3,707.1,713.0,712.8,711.3,709.7,709.1,636.8,631.7,628.8,626.7,626.6,636.2,644.6,654.5,664.8,675.4,633.5,627.9,621.9,616.4,630.6,630.4,630.9,634.8,639.2,638.2,635.9,637.4,639.9,637.8,636.4,653.2,655.9,660.9,668.0,661.5,656.7,646.1,637.0,634.5,636.3,639.1,648.6,662.3,650.5,642.7,639.6,638.0,639.6,644.4,637.6,638.9,642.3,658.0,642.1,638.7,637.5,0.598,0.217,-0.313,0.081,274.344,185.506,-4.837,10.436,-14.804,15.609,4.238,-0.007,-3.552,1.151,4.069,-1.996,0.788,1.238,0.026,-2.195,-0.188,-0.369,0.517,0.899,-0.666,-0.507,0.577,-0.364,-0.264,-0.388,0.319,-0.038,0.157,0.06,-0.109,-0.007,-0.016,0.006,0.005,-0.009,0.1,0.0,0.0,0.8,0.0,0.0,0.0,0.0,0.0,0.22,0.0,0.0,0.0,0.0,0.0,0.0,0.0,0.0,1.0,0.0,1.0,0.0,0.0,0.0,0.0,0.0,0.0,0.0,0.0,0.0,0.0,0.0,0.0,1.0,0.0
PP133,g1,4263,0,0.975,0.22701,0.206345,-0.951782,0.071452,0.196646,-0.977868,0.153,0.206,252.8,254.3,257.5,260.6,261.7,260.5,257.1,254.0,248.3,250.5,253.5,257.0,260.4,262.9,264.5,262.4,259.5,256.4,253.2,250.4,255.8,257.1,258.6,259.2,258.7,257.3,255.9,255.3,289.8,290.8,293.5,296.3,297.6,296.6,293.9,290.8,286.7,288.7,291.4,294.6,297.4,299.2,300.2,299.1,297.4,294.9,292.0,289.0,292.3,293.6,294.8,295.2,294.6,293.4,292.2,291.8,160.3,157.1,156.0,157.4,160.7,164.1,165.1,163.6,161.5,159.8,158.8,158.4,159.2,160.8,163.0,164.0,164.3,164.4,163.9,163.0,161.9,162.6,162.1,160.7,159.2,158.6,159.1,160.5,161.2,158.1,156.8,158.0,161.1,164.2,165.5,164.5,163.3,161.2,159.7,159.1,159.6,160.7,162.5,163.9,164.7,165.0,164.8,164.4,162.6,163.1,162.5,161.2,159.9,159.3,159.9,161.2,3.7,5.6,9.9,13.9,15.5,13.8,9.3,5.2,-2.3,0.6,4.6,9.2,13.7,17.0,19.1,16.4,12.5,8.3,4.2,0.5,7.6,9.4,11.3,12.1,11.5,9.7,7.8,7.0,54.6,56.1,60.0,64.1,65.9,64.4,60.5,56.1,50.4,53.1,56.7,61.3,65.4,68.4,70.2,68.3,65.4,61.8,57.7,53.5,58.3,60.1,61.8,62.5,61.7,59.9,58.2,57.5,-35.8,-40.0,-41.6,-39.6,-35.3,-30.8,-29.5,-31.5,-34.4,-36.5,-37.7,-38.2,-37.2,-35.2,-32.5,-31.0,-30.5,-30.4,-31.0,-32.3,-33.7,-32.9,-33.5,-35.4,-37.3,-38.1,-37.4,-35.6,-36.1,-40.4,-42.3,-40.7,-36.5,-32.2,-30.3,-31.6,-33.2,-36.0,-38.1,-39.1,-38.5,-37.2,-35.0,-32.8,-31.5,-30.9,-31.1,-31.7,-34.3,-33.6,-34.5,-36.4,-38.2,-38.9,-38.1,-36.2,514.1,514.6,515.1,515.1,514.8,514.5,513.8,513.7,517.8,515.4,513.3,512.5,513.4,515.1,516.9,515.1,513.3,512.6,513.5,515.4,514.9,514.9,515.1,515.4,515.5,515.5,515.3,515.1,535.8,536.7,538.5,540.1,540.5,539.5,537.7,536.3,536.0,535.3,535.3,536.5,539.4,543.1,546.5,543.2,539.8,537.2,535.8,535.7,538.0,538.7,539.4,539.9,539.7,539.0,538.3,537.8,40.0,-3.1,651.3,0.225,-0.227,0.066,225.9,225.7,226.6,228.6,233.0,240.3,249.5,260.2,270.9,279.4,285.6,291.3,296.5,300.5,303.3,305.5,306.5,239.1,246.3,255.3,264.2,272.0,286.6,293.1,299.2,304.8,307.8,279.0,279.9,281.0,281.9,269.7,274.1,278.5,282.4,285.7,248.2,253.8,260.0,264.6,259.5,253.3,286.7,291.7,297.1,300.3,297.3,292.0,258.8,267.0,273.6,277.1,280.7,284.6,287.5,284.1,280.0,276.1,272.2,266.0,261.9,272.8,276.5,280.1,285.5,280.0,276.4,272.7,160.1,171.7,183.3,194.4,205.1,214.4,222.1,228.0,229.6,227.5,221.0,213.1,204.2,194.4,184.1,173.5,162.7,153.0,148.5,147.6,149.4,152.7,152.7,149.8,148.5,149.6,153.9,161.7,169.4,177.0,184.9,189.7,191.3,192.6,191.5,190.0,161.4,158.7,159.0,163.1,164.3,164.1,163.4,159.5,159.6,162.4,164.8,164.9,204.7,202.5,201.2,202.3,201.3,202.9,204.9,209.8,211.9,212.3,211.8,209.7,205.0,204.9,205.3,204.9,205.3,206.1,206.6,206.1,-41.4,-42.0,-40.7,-37.4,-29.7,-17.0,-0.8,17.6,35.9,51.4,63.5,75.1,85.1,92.4,97.4,101.2,102.9,-17.9,-6.0,8.5,22.9,35.5,59.8,71.2,82.5,93.5,100.2,47.2,48.3,49.5,50.6,31.9,39.0,46.2,52.8,58.6,-3.0,6.2,16.4,24.0,15.6,5.4,61.6,70.3,79.8,86.3,80.2,70.8,14.6,27.9,38.5,44.3,50.5,57.8,63.8,57.1,49.6,43.0,36.4,26.3,19.7,37.5,43.6,49.7,60.1,49.6,43.4,37.2,-47.1,-27.3,-7.4,12.1,30.7,46.8,59.9,69.5,72.4,69.9,59.9,46.6,30.6,12.6,-6.2,-25.5,-45.2,-56.5,-63.3,-64.4,-61.3,-56.0,-56.8,-62.4,-65.4,-64.7,-58.2,-42.0,-29.2,-16.7,-4.1,3.6,6.2,8.3,6.6,4.1,-42.7,-47.0,-46.6,-40.1,-38.0,-38.2,-40.4,-47.1,-47.3,-43.0,-38.5,-38.2,28.5,24.6,22.3,24.3,22.6,25.6,29.7,37.4,40.3,40.8,40.0,36.5,29.0,28.6,29.3,28.8,30.1,30.7,31.4,30.6,671.5,675.3,679.9,682.9,683.3,681.4,676.6,670.2,671.3,681.9,697.5,709.9,715.5,715.3,713.7,712.1,711.5,639.3,634.0,630.8,628.6,628.3,637.6,645.9,655.7,666.0,676.7,635.3,630.0,624.2,618.9,633.3,633.2,633.7,637.4,641.7,640.7,638.2,639.6,642.1,640.1,638.8,654.9,657.6,662.4,669.6,663.2,658.5,649.4,640.2,637.5,639.2,641.9,651.4,665.3,653.7,646.0,642.9,641.3,643.1,647.7,640.7,642.0,645.2,661.1,645.1,641.9,640.7,0.596,0.232,-0.301,0.083,273.942,185.412,-3.866,10.167,-14.391,13.954,5.658,-0.419,-3.568,1.161,3.651,-0.867,0.965,1.049,0.308,-1.979,-0.436,-0.338,0.432,0.863,-0.668,-0.533,0.555,-0.441,-0.128,-0.296,0.305,-0.103,0.116,0.06,-0.096,-0.001,-0.014,0.014,0.006,-0.006,0.23,0.02,0.0,0.85,0.0,0.0,0.0,0.0,0.0,0.41,0.0,0.0,0.0,0.0,0.0,0.0,0.0,1.0,1.0,0.0,1.0,0.0,0.0,0.0,0.0,0.0,0.0,0.0,0.0,0.0,0.0,0.0,0.0,1.0,0.0
PP133,g1,4269,0,0.975,0.227973,0.20629,-0.951563,0.071151,0.196589,-0.977901,0.154,0.206,252.8,254.2,257.5,260.6,261.7,260.5,257.1,254.0,248.2,250.4,253.5,257.0,260.4,262.9,264.5,262.4,259.5,256.3,253.2,250.3,255.8,257.1,258.5,259.2,258.7,257.3,255.9,255.3,289.9,290.9,293.6,296.4,297.7,296.7,294.0,290.9,286.8,288.8,291.4,294.7,297.4,299.3,300.2,299.2,297.4,295.0,292.1,289.1,292.4,293.6,294.8,295.2,294.7,293.4,292.3,291.8,160.2,157.0,155.8,157.3,160.6,164.1,165.0,163.5,161.5,159.7,158.7,158.3,159.1,160.7,162.9,163.9,164.2,164.3,163.9,163.0,161.8,162.5,162.0,160.6,159.1,158.5,159.0,160.4,161.0,157.9,156.6,157.8,160.9,164.0,165.3,164.3,163.1,161.0,159.5,158.9,159.4,160.5,162.3,163.7,164.5,164.8,164.7,164.3,162.4,162.9,162.3,161.0,159.7,159.1,159.7,161.0,3.7,5.6,9.8,13.9,15.4,13.8,9.3,5.2,-2.3,0.6,4.5,9.2,13.6,16.9,19.1,16.3,12.5,8.3,4.1,0.4,7.6,9.4,11.2,12.1,11.4,9.6,7.7,6.9,54.5,56.0,59.9,64.0,65.8,64.3,60.4,56.0,50.3,53.0,56.6,61.2,65.3,68.3,70.1,68.3,65.4,61.7,57.6,53.5,58.2,60.0,61.7,62.4,61.6,59.8,58.1,57.4,-35.8,-40.0,-41.6,-39.6,-35.3,-30.8,-29.5,-31.5,-34.4,-36.5,-37.7,-38.2,-37.2,-35.2,-32.5,-31.0,-30.5,-30.4,-31.0,-32.2,-33.7,-32.8,-33.5,-35.4,-37.3,-38.1,-37.4,-35.6,-36.3,-40.6,-42.5,-40.9,-36.7,-32.4,-30.5,-31.8,-33.3,-36.2,-38.2,-39.3,-38.8,-37.5,-35.2,-33.0,-31.7,-31.1,-31.3,-31.8,-34.5,-33.8,-34.7,-36.5,-38.4,-39.1,-38.2,-36.3,512.1,512.7,513.1,513.2,512.8,512.5,511.8,511.7,515.8,513.4,511.4,510.6,511.5,513.1,514.9,513.1,511.3,510.7,511.5,513.5,513.0,513.0,513.2,513.4,513.6,513.6,513.4,513.1,534.5,535.5,537.3,538.8,539.2,538.2,536.4,535.0,534.8,534.1,534.1,535.3,538.2,541.8,545.2,541.9,538.5,535.9,534.6,534.4,536.7,537.4,538.2,538.6,538.5,537.8,537.0,536.6,40.1,-3.4,650.2,0.226,-0.228,0.064,225.8,225.6,226.6,228.6,233.1,240.3,249.7,260.4,271.1,279.7,285.8,291.5,296.6,300.6,303.4,305.6,306.5,238.9,246.1,255.1,264.1,272.0,286.6,293.1,299.2,304.9,307.9,279.1,280.0,281.1,282.1,269.8,274.2,278.6,282.5,285.8,248.1,253.8,260.0,264.6,259.5,253.3,286.8,291.8,297.1,300.4,297.3,292.0,259.0,267.2,273.8,277.3,280.9,284.9,287.7,284.4,280.3,276.4,272.4,266.2,262.1,273.1,276.7,280.4,285.7,280.3,276.6,272.9,159.8,171.5,183.0,194.2,204.8,214.0,221.8,227.7,229.3,227.2,220.8,212.9,204.0,194.2,183.9,173.3,162.5,152.9,148.4,147.5,149.2,152.5,152.5,149.6,148.3,149.3,153.7,161.6,169.2,176.8,184.7,189.6,191.1,192.4,191.3,189.8,161.4,158.6,158.9,163.0,164.2,164.1,163.3,159.3,159.4,162.2,164.6,164.7,204.5,202.4,201.0,202.2,201.1,202.7,204.7,209.6,211.7,212.1,211.7,209.5,204.8,204.8,205.2,204.8,205.1,205.9,206.4,206.0,-41.5,-42.1,-40.7,-37.3,-29.6,-16.8,-0.6,17.9,36.2,51.7,63.8,75.3,85.3,92.6,97.5,101.2,102.9,-18.1,-6.3,8.3,22.7,35.4,59.7,71.1,82.4,93.4,100.1,47.2,48.3,49.6,50.8,32.0,39.2,46.4,53.0,58.7,-3.1,6.2,16.3,24.0,15.6,5.4,61.5,70.2,79.7,86.3,80.2,70.7,14.9,28.2,38.8,44.6,50.7,58.0,64.1,57.5,49.9,43.3,36.7,26.6,20.0,37.7,43.8,50.0,60.4,49.9,43.7,37.5,-47.5,-27.7,-7.8,11.6,30.2,46.2,59.3,68.9,71.7,69.2,59.3,46.1,30.3,12.3,-6.5,-25.8,-45.5,-56.5,-63.3,-64.4,-61.4,-56.1,-57.0,-62.6,-65.7,-65.0,-58.6,-42.1,-29.4,-17.0,-4.4,3.4,5.9,8.0,6.2,3.8,-42.8,-47.1,-46.7,-40.2,-38.1,-38.3,-40.5,-47.4,-47.6,-43.3,-38.8,-38.4,28.2,24.3,22.0,23.9,22.3,25.2,29.3,37.0,39.9,40.4,39.7,36.2,28.7,28.3,29.0,28.5,29.7,30.4,31.0,30.3,670.5,674.3,678.8,681.8,682.2,680.4,675.6,669.1,670.3,680.8,696.5,709.1,714.8,714.7,713.1,711.6,710.9,638.3,632.8,629.6,627.3,627.0,636.3,644.6,654.6,665.0,675.7,634.1,628.8,623.0,617.6,632.2,632.1,632.5,636.2,640.4,639.6,637.0,638.4,641.0,639.0,637.6,653.8,656.5,661.4,668.6,662.2,657.4,648.2,639.0,636.1,637.9,640.6,650.2,664.3,652.6,644.8,641.6,640.1,641.9,646.6,639.4,640.7,644.0,660.0,643.9,640.6,639.5,0.597,0.232,-0.303,0.081,274.045,185.228,-2.105,9.793,-14.165,13.772,5.661,-0.817,-3.586,1.952,3.879,-0.809,0.505,1.176,0.394,-1.845,-0.6,-0.195,0.447,0.813,-0.8,-0.597,0.545,-0.471,-0.142,-0.246,0.37,-0.117,0.088,0.059,-0.093,0.001,-0.015,0.015,0.004,-0.005,0.23,0.0,0.0,1.08,0.0,0.0,0.03,0.0,0.0,0.41,0.0,0.0,0.0,0.0,0.0,0.0,0.0,0.0,1.0,0.0,1.0,0.0,0.0,0.0,0.0,0.0,0.0,0.0,0.0,0.0,0.0,0.0,0.0,1.0,0.0
PP133,g1,4275,0,0.975,0.22929,0.195794,-0.953462,0.07497,0.187116,-0.979473,0.156,0.196,252.7,254.2,257.4,260.5,261.7,260.4,257.0,253.9,248.2,250.4,253.4,257.0,260.4,262.8,264.4,262.4,259.5,256.3,253.1,250.3,255.7,257.1,258.5,259.1,258.6,257.2,255.8,255.2,289.7,290.7,293.4,296.2,297.5,296.5,293.8,290.7,286.6,288.6,291.3,294.5,297.3,299.1,300.1,299.0,297.2,294.8,291.9,288.9,292.2,293.5,294.6,295.1,294.5,293.3,292.1,291.7,160.4,157.2,156.0,157.5,160.8,164.2,165.1,163.7,161.7,159.9,158.9,158.4,159.2,160.8,163.0,164.1,164.4,164.4,164.0,163.2,162.0,162.7,162.1,160.7,159.3,158.7,159.2,160.6,161.2,158.1,156.8,158.0,161.1,164.2,165.5,164.5,163.3,161.2,159.7,159.0,159.6,160.7,162.5,163.9,164.7,165.0,164.8,164.4,162.6,163.1,162.5,161.2,159.8,159.3,159.9,161.2,3.6,5.5,9.7,13.8,15.4,13.7,9.2,5.2,-2.4,0.5,4.5,9.1,13.6,16.9,19.1,16.3,12.5,8.3,4.1,0.4,7.5,9.3,11.2,12.0,11.3,9.5,7.7,6.9,54.6,56.0,59.9,64.0,65.8,64.3,60.4,56.0,50.4,53.0,56.7,61.2,65.4,68.3,70.1,68.3,65.4,61.8,57.6,53.5,58.3,60.0,61.7,62.4,61.6,59.8,58.1,57.5,-35.6,-39.8,-41.4,-39.5,-35.2,-30.6,-29.4,-31.3,-34.2,-36.3,-37.6,-38.1,-37.1,-35.1,-32.4,-30.8,-30.3,-30.2,-30.8,-32.0,-33.5,-32.7,-33.4,-35.2,-37.1,-38.0,-37.3,-35.4,-36.2,-40.5,-42.4,-40.8,-36.6,-32.3,-30.4,-31.7,-33.3,-36.1,-38.2,-39.2,-38.6,-37.3,-35.0,-32.9,-31.6,-31.0,-31.2,-31.7,-34.4,-33.7,-34.5,-36.4,-38.3,-39.0,-38.1,-36.2,513.2,513.8,514.2,514.2,513.9,513.6,512.9,512.8,516.9,514.5,512.5,511.6,512.5,514.2,516.0,514.2,512.4,511.8,512.6,514.6,514.0,514.0,514.2,514.5,514.6,514.6,514.4,514.2,536.6,537.6,539.4,540.9,541.3,540.2,538.4,537.0,536.8,536.1,536.1,537.4,540.3,543.9,547.3,544.0,540.6,538.0,536.6,536.5,538.8,539.5,540.2,540.7,540.5,539.9,539.1,538.6,40.2,-2.9,650.6,0.208,-0.232,0.061,225.9,225.7,226.7,228.9,233.3,240.6,249.9,260.7,271.3,279.7,285.7,291.3,296.4,300.3,303.2,305.3,306.3,238.9,246.1,255.1,264.0,271.9,286.6,292.9,299.0,304.6,307.7,279.0,280.0,281.1,282.1,269.9,274.3,278.7,282.6,285.9,248.1,253.7,259.9,264.6,259.5,253.3,286.6,291.6,296.9,300.2,297.2,291.9,259.2,267.4,273.9,277.4,281.0,284.9,287.7,284.5,280.4,276.5,272.6,266.4,262.3,273.2,276.8,280.4,285.7,280.4,276.8,273.0,160.6,172.3,183.9,195.1,205.8,215.0,222.7,228.5,230.0,228.0,221.7,213.8,204.9,194.9,184.5,173.9,162.9,153.2,148.6,147.7,149.3,152.6,152.6,149.7,148.5,149.5,153.9,161.6,169.2,176.9,184.7,189.7,191.3,192.5,191.4,189.9,161.6,158.8,159.1,163.1,164.4,164.2,163.4,159.5,159.6,162.4,164.8,164.8,204.9,202.6,201.1,202.3,201.2,202.9,205.0,209.9,211.9,212.3,211.9,209.8,205.2,204.9,205.3,204.9,205.4,206.1,206.6,206.2,-41.5,-41.9,-40.5,-36.9,-29.1,-16.3,-0.2,18.2,36.5,51.8,63.6,75.0,84.8,92.1,97.1,100.8,102.5,-18.2,-6.4,8.2,22.5,35.2,59.7,71.0,82.3,93.2,100.0,47.1,48.3,49.6,50.9,32.2,39.3,46.5,53.1,58.8,-3.1,6.1,16.2,24.0,15.5,5.3,61.4,70.1,79.6,86.1,80.1,70.6,15.3,28.5,39.0,44.7,50.9,58.1,64.1,57.6,50.2,43.6,37.0,27.0,20.3,38.0,44.0,50.2,60.4,50.1,43.9,37.7,-46.3,-26.3,-6.2,13.3,31.9,47.9,60.8,70.2,72.9,70.6,60.9,47.8,31.8,13.6,-5.4,-24.9,-44.8,-56.2,-63.1,-64.3,-61.4,-56.2,-57.0,-62.5,-65.6,-64.8,-58.2,-42.2,-29.4,-17.0,-4.4,3.6,6.1,8.2,6.4,4.0,-42.5,-46.9,-46.5,-40.1,-37.9,-38.0,-40.4,-47.2,-47.4,-43.0,-38.5,-38.2,28.8,24.7,22.2,24.2,22.5,25.6,29.8,37.4,40.3,40.8,40.0,36.7,29.2,28.5,29.2,28.7,30.3,30.7,31.4,30.6,670.9,674.5,678.8,681.7,681.9,679.9,675.0,668.5,669.7,680.3,696.2,708.9,714.8,714.7,713.3,711.9,711.4,639.2,634.0,630.9,628.6,628.2,637.7,646.2,656.0,666.5,677.1,635.3,629.8,623.8,618.3,632.5,632.3,632.8,636.6,641.0,640.5,638.1,639.5,642.0,639.9,638.5,654.9,657.7,662.6,669.8,663.2,658.4,648.2,639.1,636.4,638.2,640.9,650.4,664.2,652.4,644.7,641.5,640.0,641.7,646.5,639.5,640.8,644.1,659.9,644.0,640.7,639.6,0.596,0.216,-0.308,0.077,274.051,185.554,-3.805,9.939,-14.33,14.829,5.371,-0.122,-3.534,1.583,3.773,-1.877,0.67,0.905,0.255,-2.013,-0.206,-0.395,0.509,0.666,-0.852,-0.527,0.577,-0.428,-0.234,-0.39,0.278,0.043,0.103,0.056,-0.096,-0.002,-0.016,0.004,0.006,-0.007,0.0,0.0,0.0,0.87,0.0,0.0,0.0,0.0,0.0,0.07,0.0,0.0,0.0,0.0,0.0,0.0,0.0,0.0,1.0,0.0,1.0,0.0,0.0,0.0,0.0,0.0,0.0,0.0,0.0,0.0,0.0,0.0,0.0,1.0,0.0
PP133,g1,4281,0,0.925,0.228061,0.193656,-0.954194,0.078755,0.185173,-0.979545,0.157,0.193,252.9,254.3,257.5,260.6,261.8,260.5,257.2,254.1,248.4,250.5,253.5,257.0,260.4,262.9,264.5,262.5,259.6,256.4,253.3,250.5,255.9,257.2,258.6,259.2,258.7,257.4,256.0,255.3,289.7,290.7,293.3,296.1,297.4,296.4,293.7,290.7,286.6,288.6,291.2,294.4,297.2,299.0,299.9,298.9,297.1,294.8,291.9,288.9,292.2,293.4,294.5,295.0,294.4,293.2,292.0,291.6,161.0,157.9,156.7,158.1,161.4,164.8,165.7,164.3,162.3,160.6,159.5,159.1,159.9,161.4,163.6,164.6,165.0,165.0,164.6,163.8,162.6,163.3,162.7,161.4,159.9,159.3,159.8,161.2,161.8,158.8,157.5,158.7,161.8,164.8,166.1,165.1,163.9,161.8,160.4,159.7,160.3,161.4,163.2,164.6,165.3,165.6,165.4,165.0,163.2,163.8,163.2,161.9,160.5,160.0,160.5,161.9,3.8,5.7,9.9,14.0,15.6,14.0,9.5,5.4,-2.1,0.7,4.7,9.3,13.8,17.1,19.3,16.5,12.7,8.5,4.3,0.6,7.8,9.6,11.4,12.2,11.5,9.8,7.9,7.1,54.8,56.3,60.2,64.3,66.1,64.6,60.6,56.3,50.6,53.3,57.0,61.5,65.6,68.6,70.4,68.5,65.6,62.0,57.9,53.7,58.5,60.3,62.0,62.7,61.9,60.1,58.4,57.7,-35.0,-39.2,-40.9,-38.9,-34.6,-30.1,-28.8,-30.7,-33.6,-35.7,-36.9,-37.4,-36.5,-34.5,-31.8,-30.3,-29.8,-29.6,-30.2,-31.4,-32.9,-32.1,-32.8,-34.7,-36.6,-37.4,-36.7,-34.8,-35.5,-39.8,-41.7,-40.1,-35.9,-31.6,-29.7,-31.0,-32.6,-35.4,-37.5,-38.4,-37.9,-36.6,-34.3,-32.1,-30.9,-30.4,-30.5,-31.1,-33.7,-33.0,-33.8,-35.7,-37.6,-38.3,-37.4,-35.6,516.7,517.2,517.6,517.7,517.3,517.0,516.3,516.3,520.5,518.1,516.0,515.1,516.0,517.6,519.4,517.6,515.8,515.2,516.1,518.1,517.5,517.5,517.7,517.9,518.1,518.1,517.9,517.7,540.0,541.0,542.8,544.4,544.7,543.7,541.9,540.4,540.2,539.5,539.6,540.8,543.7,547.4,550.8,547.4,544.0,541.4,540.0,539.8,542.2,542.9,543.7,544.1,544.0,543.3,542.5,542.0,40.3,-1.8,650.0,0.2,-0.235,0.06,226.0,225.8,226.8,228.9,233.4,240.7,250.0,260.8,271.5,279.9,285.8,291.3,296.3,300.2,303.0,305.2,306.1,239.2,246.3,255.3,264.2,272.0,286.5,292.9,298.9,304.5,307.5,279.0,280.0,281.2,282.3,269.9,274.4,278.8,282.7,285.9,248.3,253.8,260.0,264.7,259.6,253.4,286.6,291.6,296.8,300.1,297.1,291.8,259.4,267.6,274.1,277.5,281.1,285.0,287.7,284.6,280.6,276.7,272.8,266.7,262.5,273.4,277.0,280.6,285.8,280.5,276.9,273.2,161.1,172.9,184.6,195.9,206.7,216.1,223.9,229.8,231.3,229.2,222.8,214.8,205.7,195.7,185.3,174.6,163.6,153.7,149.1,148.2,149.8,153.1,153.1,150.3,149.0,150.1,154.6,162.1,169.7,177.4,185.2,190.2,191.8,193.1,192.0,190.5,162.2,159.5,159.7,163.7,164.9,164.8,164.0,160.2,160.3,163.1,165.5,165.5,205.7,203.3,201.8,203.0,201.9,203.6,205.9,210.7,212.7,213.1,212.8,210.7,206.0,205.6,206.0,205.6,206.2,206.9,207.4,207.0,-41.2,-41.7,-40.3,-36.8,-28.9,-16.2,-0.1,18.5,36.8,52.0,63.8,75.0,84.6,91.7,96.6,100.4,102.0,-17.7,-6.0,8.5,22.8,35.3,59.6,70.9,82.1,92.9,99.6,47.2,48.4,49.8,51.0,32.3,39.5,46.7,53.2,58.9,-2.8,6.3,16.3,24.1,15.7,5.6,61.3,70.0,79.4,85.8,79.9,70.5,15.5,28.7,39.2,45.0,51.1,58.2,64.1,57.7,50.4,43.8,37.3,27.3,20.6,38.2,44.3,50.4,60.4,50.3,44.1,38.0,-45.2,-25.2,-5.0,14.7,33.4,49.7,62.8,72.3,75.0,72.6,62.8,49.5,33.4,15.1,-4.0,-23.5,-43.4,-55.2,-62.3,-63.5,-60.6,-55.4,-56.1,-61.6,-64.6,-63.8,-57.1,-41.3,-28.6,-16.2,-3.6,4.4,7.0,9.1,7.3,4.9,-41.4,-45.8,-45.4,-39.1,-36.9,-37.0,-39.4,-46.0,-46.2,-41.8,-37.4,-37.1,30.2,25.8,23.3,25.2,23.6,26.7,31.2,38.8,41.6,42.1,41.3,38.0,30.5,29.6,30.3,29.8,31.6,32.0,32.6,31.9,670.2,673.9,678.2,681.0,681.1,679.1,674.1,667.7,669.1,679.9,695.7,708.4,714.1,713.8,712.3,710.7,710.1,638.7,633.6,630.6,628.5,628.3,637.7,646.1,656.0,666.5,677.0,635.2,629.5,623.5,617.9,632.0,631.8,632.3,636.2,640.7,640.0,637.8,639.3,641.7,639.6,638.2,654.7,657.6,662.5,669.6,663.1,658.3,647.3,638.2,635.7,637.5,640.3,649.7,663.6,651.7,644.0,640.7,639.1,640.7,645.7,638.7,640.1,643.5,659.2,643.4,640.0,638.8,0.597,0.21,-0.311,0.075,274.125,186.268,-5.18,11.229,-14.536,16.087,3.642,-0.361,-3.383,1.612,3.544,-2.489,0.37,0.584,-0.386,-2.197,-0.257,-0.395,0.192,0.693,-0.821,-0.485,0.535,-0.376,-0.238,-0.629,0.202,0.117,0.127,0.058,-0.113,-0.013,-0.023,-0.004,0.01,-0.005,0.53,0.0,0.0,1.28,0.0,0.0,0.0,0.0,0.0,0.34,0.0,0.0,0.0,0.0,0.0,0.0,0.0,1.0,1.0,0.0,1.0,0.0,0.0,0.0,0.0,0.0,0.0,0.0,0.0,0.0,0.0,0.0,0.0,1.0,0.0
PP133,g1,4287,0,0.925,0.23065,0.197075,-0.95287,0.078258,0.188383,-0.978973,0.159,0.197,252.7,254.1,257.3,260.4,261.6,260.4,257.0,253.9,248.2,250.4,253.4,256.9,260.3,262.7,264.3,262.3,259.4,256.3,253.1,250.3,255.7,257.0,258.4,259.1,258.6,257.2,255.8,255.2,289.6,290.6,293.3,296.1,297.3,296.3,293.6,290.6,286.5,288.5,291.2,294.4,297.1,298.9,299.8,298.8,297.0,294.6,291.8,288.8,292.1,293.3,294.5,294.9,294.3,293.1,292.0,291.5,160.9,157.7,156.5,158.0,161.3,164.7,165.6,164.2,162.1,160.4,159.4,159.0,159.8,161.4,163.5,164.6,164.9,164.9,164.5,163.6,162.5,163.2,162.6,161.3,159.8,159.2,159.7,161.1,161.8,158.8,157.5,158.7,161.8,164.8,166.1,165.1,163.9,161.8,160.4,159.8,160.3,161.4,163.2,164.6,165.3,165.6,165.4,165.0,163.2,163.8,163.2,161.9,160.5,160.0,160.5,161.9,3.6,5.5,9.7,13.8,15.3,13.7,9.2,5.1,-2.4,0.5,4.4,9.1,13.6,16.9,19.0,16.3,12.4,8.2,4.1,0.3,7.5,9.3,11.2,12.0,11.3,9.5,7.7,6.8,54.7,56.2,60.1,64.1,65.9,64.4,60.5,56.1,50.5,53.1,56.8,61.4,65.5,68.5,70.2,68.4,65.5,61.8,57.7,53.6,58.4,60.1,61.8,62.5,61.7,60.0,58.2,57.6,-35.1,-39.3,-40.9,-39.0,-34.7,-30.1,-28.9,-30.8,-33.7,-35.8,-37.0,-37.5,-36.6,-34.6,-31.9,-30.3,-29.8,-29.7,-30.3,-31.6,-33.0,-32.2,-32.9,-34.7,-36.6,-37.5,-36.8,-34.9,-35.5,-39.8,-41.7,-40.0,-35.8,-31.5,-29.6,-31.0,-32.6,-35.4,-37.4,-38.4,-37.8,-36.5,-34.2,-32.1,-30.8,-30.3,-30.5,-31.1,-33.7,-33.0,-33.8,-35.7,-37.5,-38.2,-37.4,-35.5,515.6,516.1,516.6,516.6,516.3,516.0,515.3,515.2,519.3,516.9,514.8,514.0,514.9,516.6,518.4,516.6,514.8,514.1,515.0,516.9,516.4,516.4,516.6,516.9,517.0,517.0,516.8,516.6,539.7,540.7,542.5,544.0,544.4,543.4,541.6,540.1,539.9,539.2,539.2,540.5,543.4,547.0,550.4,547.1,543.7,541.1,539.7,539.5,541.9,542.6,543.3,543.8,543.6,543.0,542.2,541.7,39.8,-2.0,650.2,0.205,-0.237,0.067,225.9,225.6,226.5,228.5,232.9,240.1,249.3,260.1,270.7,279.2,285.2,290.9,295.9,299.9,302.8,305.0,306.0,239.0,246.2,255.2,264.1,271.9,286.5,292.8,298.9,304.5,307.5,278.9,279.8,280.9,282.0,269.7,274.1,278.5,282.3,285.6,248.1,253.7,259.8,264.5,259.4,253.2,286.5,291.5,296.7,300.0,297.0,291.7,259.0,267.2,273.7,277.2,280.8,284.6,287.3,284.1,280.1,276.2,272.3,266.2,262.1,273.0,276.6,280.2,285.4,280.1,276.5,272.8,160.9,172.6,184.2,195.4,206.1,215.5,223.3,229.3,230.9,228.9,222.5,214.6,205.7,195.7,185.3,174.6,163.6,153.5,148.9,148.0,149.7,153.0,153.0,150.2,149.0,150.1,154.5,162.1,169.7,177.3,185.1,190.1,191.7,193.0,191.9,190.4,162.1,159.3,159.6,163.6,164.8,164.7,164.0,160.2,160.3,163.1,165.5,165.5,205.5,203.1,201.7,202.8,201.8,203.5,205.8,210.7,212.7,213.0,212.6,210.5,205.8,205.5,205.9,205.5,206.1,206.9,207.3,206.9,-41.4,-42.1,-40.8,-37.5,-29.8,-17.2,-1.3,17.2,35.5,50.9,62.8,74.1,84.0,91.3,96.4,100.2,102.0,-17.9,-6.2,8.4,22.7,35.2,59.6,70.9,82.1,92.9,99.6,47.0,48.1,49.4,50.6,31.9,39.0,46.1,52.7,58.4,-3.2,6.0,16.1,23.8,15.4,5.3,61.2,69.8,79.3,85.7,79.7,70.3,14.9,28.1,38.6,44.4,50.4,57.6,63.4,57.0,49.6,43.0,36.6,26.6,20.0,37.6,43.6,49.7,59.7,49.5,43.4,37.3,-45.6,-25.7,-5.8,13.8,32.4,48.6,61.8,71.4,74.3,72.0,62.4,49.2,33.2,15.0,-4.1,-23.6,-43.4,-55.7,-62.6,-63.8,-60.8,-55.5,-56.2,-61.7,-64.7,-63.8,-57.2,-41.3,-28.7,-16.3,-3.8,4.2,6.8,8.9,7.2,4.8,-41.7,-46.0,-45.6,-39.3,-37.1,-37.3,-39.4,-46.0,-46.1,-41.8,-37.4,-37.1,29.8,25.5,23.1,25.0,23.4,26.6,31.1,38.7,41.5,41.9,41.2,37.8,30.2,29.4,30.1,29.7,31.4,31.9,32.5,31.7,669.8,673.4,677.7,680.6,680.8,678.9,674.2,667.9,669.3,680.1,695.8,708.5,714.4,714.3,712.9,711.4,710.9,638.6,633.5,630.5,628.4,628.3,637.6,646.1,656.0,666.4,677.0,635.1,629.6,623.7,618.2,632.2,632.1,632.6,636.5,640.8,640.0,637.8,639.2,641.7,639.6,638.2,654.7,657.6,662.5,669.6,663.1,658.3,647.5,638.4,635.9,637.7,640.4,649.9,663.7,652.0,644.3,641.1,639.5,641.1,645.8,639.0,640.3,643.6,659.4,643.6,640.3,639.1,0.597,0.215,-0.312,0.083,273.83,186.121,-5.01,9.739,-14.756,15.397,4.3,-1.209,-3.309,1.483,3.615,-1.907,0.404,0.712,-0.212,-2.22,-0.286,-0.466,0.214,0.698,-0.93,-0.553,0.58,-0.423,-0.129,-0.465,0.22,0.059,0.136,0.047,-0.108,-0.01,-0.022,0.003,0.007,-0.007,0.39,0.0,0.0,1.12,0.0,0.0,0.0,0.0,0.0,0.7,0.0,0.0,0.0,0.0,0.0,0.0,0.0,0.0,1.0,0.0,1.0,0.0,0.0,0.0,0.0,0.0,0.0,0.0,0.0,0.0,0.0,0.0,0.0,1.0,0.0
PP133,g1,4293,0,0.975,0.229869,0.204717,-0.951447,0.07076,0.195882,-0.978071,0.155,0.205,252.3,253.7,256.9,260.0,261.1,259.9,256.5,253.4,247.7,249.9,252.9,256.5,259.8,262.3,263.9,261.8,259.0,255.8,252.6,249.8,255.2,256.6,258.0,258.6,258.1,256.7,255.3,254.7,289.2,290.2,292.9,295.7,297.0,295.9,293.3,290.2,286.1,288.1,290.8,294.0,296.7,298.5,299.5,298.5,296.7,294.3,291.4,288.4,291.7,292.9,294.1,294.5,294.0,292.8,291.6,291.1,160.4,157.3,156.1,157.6,160.8,164.3,165.2,163.7,161.7,160.0,159.0,158.6,159.3,160.9,163.1,164.1,164.4,164.4,164.0,163.2,162.1,162.7,162.2,160.8,159.4,158.7,159.3,160.6,161.3,158.3,157.0,158.2,161.2,164.3,165.6,164.6,163.4,161.3,159.9,159.2,159.8,160.9,162.6,164.0,164.8,165.1,164.9,164.5,162.7,163.2,162.7,161.3,160.0,159.5,160.0,161.4,3.0,4.9,9.1,13.2,14.7,13.1,8.6,4.5,-3.0,-0.1,3.9,8.5,13.0,16.3,18.4,15.7,11.8,7.6,3.5,-0.3,6.9,8.7,10.6,11.4,10.7,8.9,7.1,6.2,54.2,55.7,59.6,63.6,65.5,63.9,60.0,55.6,50.0,52.6,56.3,60.9,65.0,68.0,69.8,67.9,65.0,61.4,57.2,53.1,57.9,59.6,61.4,62.0,61.2,59.5,57.7,57.1,-35.8,-40.0,-41.6,-39.6,-35.3,-30.8,-29.5,-31.4,-34.4,-36.5,-37.7,-38.1,-37.2,-35.2,-32.5,-31.0,-30.5,-30.4,-31.0,-32.2,-33.7,-32.8,-33.5,-35.4,-37.3,-38.1,-37.4,-35.6,-36.2,-40.5,-42.4,-40.8,-36.6,-32.3,-30.4,-31.7,-33.3,-36.1,-38.1,-39.1,-38.6,-37.3,-35.1,-32.9,-31.6,-31.1,-31.2,-31.8,-34.4,-33.7,-34.6,-36.4,-38.3,-39.0,-38.2,-36.3,516.4,517.0,517.5,517.5,517.2,516.9,516.2,516.1,520.1,517.7,515.7,514.9,515.8,517.5,519.3,517.5,515.7,515.0,515.8,517.8,517.3,517.3,517.5,517.8,517.9,517.9,517.7,517.4,540.0,541.0,542.7,544.2,544.6,543.6,541.8,540.4,540.3,539.6,539.5,540.7,543.6,547.2,550.6,547.3,543.9,541.3,540.0,539.9,542.2,542.8,543.6,544.0,543.9,543.2,542.4,542.0,39.2,-3.3,653.2,0.218,-0.23,0.067,225.5,225.3,226.2,228.2,232.5,239.7,248.9,259.6,270.2,278.7,284.8,290.6,295.8,299.9,302.8,304.9,305.9,238.6,245.7,254.6,263.4,271.2,286.1,292.5,298.5,304.1,307.2,278.4,279.3,280.3,281.3,269.1,273.5,277.9,281.8,285.1,247.6,253.2,259.4,264.0,258.9,252.8,286.1,291.1,296.4,299.7,296.6,291.4,258.1,266.4,273.0,276.5,280.2,284.2,287.1,283.7,279.5,275.6,271.6,265.3,261.2,272.3,276.0,279.6,285.1,279.5,275.9,272.1,160.3,171.8,183.3,194.4,205.0,214.2,222.0,227.9,229.5,227.5,221.2,213.4,204.6,194.7,184.4,173.8,162.9,152.9,148.5,147.6,149.2,152.4,152.5,149.6,148.4,149.5,153.8,161.6,169.2,176.8,184.6,189.5,191.1,192.4,191.3,189.8,161.6,158.9,159.2,163.2,164.4,164.2,163.5,159.7,159.8,162.6,164.9,164.9,204.3,202.1,200.8,202.0,200.9,202.5,204.6,209.7,211.8,212.2,211.8,209.5,204.7,204.6,205.0,204.6,205.0,206.0,206.5,206.0,-42.2,-42.8,-41.6,-38.3,-30.6,-17.9,-1.8,16.6,34.8,50.2,62.3,74.0,84.2,91.6,96.7,100.4,102.2,-18.7,-7.0,7.5,21.7,34.3,59.1,70.5,81.7,92.5,99.4,46.3,47.4,48.6,49.8,31.0,38.2,45.4,52.0,57.8,-4.0,5.3,15.4,23.1,14.7,4.5,60.7,69.4,78.9,85.4,79.4,69.9,13.5,27.0,37.7,43.6,49.8,57.2,63.3,56.6,48.9,42.2,35.6,25.3,18.6,36.6,42.8,49.1,59.6,48.9,42.6,36.3,-46.9,-27.1,-7.3,12.1,30.6,46.7,59.8,69.5,72.4,70.0,60.3,47.2,31.3,13.3,-5.7,-25.1,-45.0,-56.8,-63.6,-64.7,-61.8,-56.6,-57.4,-62.9,-65.8,-65.0,-58.6,-42.2,-29.6,-17.2,-4.6,3.3,5.8,7.9,6.2,3.8,-42.6,-46.9,-46.5,-40.1,-38.0,-38.2,-40.3,-47.0,-47.2,-42.9,-38.5,-38.1,28.1,24.1,21.8,23.8,22.1,25.1,29.3,37.2,40.2,40.7,39.9,36.4,28.5,28.1,28.9,28.4,29.7,30.6,31.3,30.4,673.0,676.6,681.0,684.0,684.4,682.6,677.9,671.6,672.9,683.4,699.0,711.5,717.2,717.1,715.7,714.4,713.9,641.4,636.2,633.1,630.9,630.5,639.9,648.2,658.0,668.2,678.6,637.6,632.3,626.5,621.2,635.3,635.2,635.8,639.5,643.7,642.9,640.4,641.8,644.3,642.2,640.9,657.1,659.8,664.6,671.7,665.2,660.5,651.2,642.0,639.2,640.9,643.6,653.2,667.3,655.6,647.7,644.6,643.0,644.8,649.6,642.3,643.7,646.9,663.1,646.9,643.7,642.5,0.594,0.225,-0.304,0.083,273.357,185.337,-5.009,8.612,-13.512,13.019,5.495,-1.172,-3.776,1.772,2.924,-1.164,0.08,1.224,0.303,-2.11,-0.548,-0.454,0.174,0.789,-0.903,-0.817,0.628,-0.572,-0.03,-0.301,0.223,-0.055,0.084,0.064,-0.107,-0.007,-0.025,0.012,0.007,-0.004,0.3,0.08,0.0,0.64,0.0,0.0,0.01,0.0,0.0,0.41,0.0,0.0,0.0,0.0,0.0,0.0,0.0,0.0,1.0,0.0,0.0,0.0,0.0,0.0,0.0,0.0,0.0,0.0,0.0,0.0,0.0,0.0,0.0,1.0,0.0
PP133,g1,4299,0,0.975,0.228461,0.203953,-0.95195,0.070971,0.194629,-0.978306,0.154,0.204,252.4,253.8,257.0,260.1,261.3,260.0,256.6,253.5,247.8,250.0,253.0,256.6,260.0,262.4,264.0,262.0,259.1,255.9,252.8,249.9,255.3,256.7,258.1,258.7,258.2,256.9,255.5,254.8,289.3,290.3,293.0,295.8,297.1,296.1,293.4,290.4,286.3,288.2,290.9,294.1,296.9,298.7,299.7,298.7,296.9,294.4,291.6,288.6,291.9,293.1,294.3,294.7,294.1,292.9,291.7,291.3,159.8,156.7,155.5,157.0,160.3,163.7,164.6,163.1,161.1,159.4,158.4,157.9,158.7,160.3,162.5,163.6,163.8,163.9,163.5,162.6,161.5,162.1,161.6,160.2,158.8,158.2,158.7,160.0,160.7,157.6,156.3,157.5,160.6,163.7,165.0,164.0,162.8,160.7,159.2,158.6,159.1,160.2,162.0,163.4,164.2,164.5,164.3,163.9,162.1,162.6,162.0,160.7,159.4,158.8,159.4,160.7,3.1,5.0,9.3,13.4,14.9,13.2,8.7,4.7,-2.9,0.0,4.0,8.7,13.1,16.4,18.6,15.8,12.0,7.8,3.6,-0.1,7.1,8.8,10.7,11.5,10.9,9.1,7.2,6.4,54.2,55.6,59.5,63.6,65.4,63.9,60.0,55.6,50.0,52.6,56.3,60.8,65.0,68.0,69.8,67.9,65.0,61.4,57.2,53.1,57.9,59.6,61.4,62.0,61.2,59.4,57.7,57.1,-36.5,-40.7,-42.3,-40.3,-36.0,-31.4,-30.2,-32.1,-35.1,-37.2,-38.4,-38.8,-37.9,-35.9,-33.1,-31.6,-31.1,-31.1,-31.6,-32.9,-34.4,-33.5,-34.2,-36.0,-37.9,-38.8,-38.1,-36.3,-36.9,-41.2,-43.2,-41.6,-37.4,-33.0,-31.1,-32.4,-34.0,-36.8,-38.9,-39.9,-39.4,-38.1,-35.8,-33.7,-32.4,-31.8,-31.9,-32.5,-35.2,-34.5,-35.3,-37.2,-39.0,-39.7,-38.9,-37.0,515.0,515.6,516.0,516.1,515.7,515.4,514.7,514.6,518.7,516.3,514.3,513.5,514.4,516.0,517.8,516.0,514.2,513.6,514.4,516.3,515.8,515.9,516.1,516.3,516.5,516.5,516.3,516.0,537.9,538.9,540.7,542.2,542.5,541.5,539.8,538.4,538.1,537.5,537.4,538.6,541.5,545.2,548.6,545.3,541.8,539.2,537.9,537.8,540.1,540.8,541.5,542.0,541.8,541.2,540.4,539.9,39.5,-4.1,651.9,0.22,-0.227,0.063,225.5,225.3,226.3,228.3,232.8,240.1,249.4,260.1,270.7,279.3,285.4,291.2,296.3,300.3,303.1,305.2,306.1,238.6,245.8,254.9,263.8,271.6,286.0,292.4,298.5,304.2,307.3,278.6,279.5,280.5,281.6,269.3,273.7,278.2,282.0,285.3,247.7,253.4,259.5,264.2,259.1,252.9,286.3,291.2,296.5,299.8,296.8,291.5,258.5,266.7,273.3,276.8,280.5,284.5,287.3,284.0,279.8,275.9,272.0,265.7,261.5,272.6,276.3,279.9,285.4,279.9,276.2,272.4,159.8,171.4,183.0,194.1,204.7,213.9,221.6,227.5,229.0,226.9,220.5,212.7,203.8,194.0,183.7,173.2,162.4,152.5,148.0,147.1,148.8,152.1,152.2,149.2,148.0,149.0,153.3,161.2,168.8,176.4,184.2,189.1,190.7,191.9,190.8,189.3,161.0,158.3,158.6,162.6,163.8,163.7,162.9,159.0,159.1,161.9,164.3,164.3,204.0,201.8,200.4,201.6,200.5,202.1,204.2,209.2,211.3,211.7,211.3,209.1,204.3,204.2,204.6,204.2,204.6,205.5,206.0,205.6,-42.1,-42.7,-41.3,-37.9,-30.2,-17.3,-1.1,17.4,35.7,51.2,63.3,74.9,84.9,92.1,97.1,100.7,102.3,-18.6,-6.8,7.9,22.2,34.8,58.9,70.3,81.6,92.6,99.4,46.5,47.6,48.9,50.1,31.3,38.5,45.7,52.3,58.1,-3.7,5.5,15.6,23.3,14.9,4.7,60.9,69.5,79.0,85.6,79.5,70.0,14.1,27.5,38.1,44.0,50.2,57.6,63.7,57.0,49.4,42.7,36.1,25.9,19.2,37.1,43.3,49.5,59.9,49.4,43.1,36.8,-47.6,-27.8,-7.9,11.6,30.0,46.1,59.0,68.6,71.4,68.9,59.0,45.8,29.9,11.9,-7.0,-26.2,-45.8,-57.4,-64.2,-65.3,-62.3,-56.9,-57.8,-63.4,-66.5,-65.7,-59.3,-42.9,-30.2,-17.8,-5.3,2.6,5.1,7.2,5.5,3.0,-43.5,-47.8,-47.4,-41.0,-38.9,-39.0,-41.2,-48.0,-48.2,-43.9,-39.5,-39.1,27.5,23.5,21.1,23.1,21.4,24.4,28.5,36.3,39.4,39.9,39.2,35.7,27.9,27.4,28.2,27.6,28.9,29.8,30.5,29.7,672.6,676.3,680.7,683.7,684.0,682.0,677.0,670.5,671.7,682.3,697.9,710.5,716.1,716.0,714.5,713.1,712.6,640.4,635.0,631.9,629.5,629.2,638.4,646.6,656.5,667.0,677.5,636.2,630.8,625.0,619.6,634.0,633.8,634.3,638.0,642.3,641.7,639.2,640.6,643.1,641.0,639.7,655.8,658.5,663.3,670.5,664.0,659.3,650.0,640.7,637.9,639.6,642.3,652.0,666.0,654.4,646.6,643.4,641.8,643.6,648.4,641.1,642.4,645.7,661.8,645.7,642.4,641.3,0.595,0.225,-0.301,0.079,273.61,184.862,-3.408,10.012,-13.509,13.532,5.476,-0.891,-3.309,1.886,3.387,-0.604,0.995,0.926,0.037,-1.869,-0.661,-0.365,0.26,0.518,-0.627,-0.594,0.683,-0.435,-0.176,-0.224,0.293,-0.052,0.087,0.062,-0.094,-0.002,-0.02,0.016,0.014,-0.004,0.44,0.0,0.0,0.56,0.0,0.0,0.12,0.0,0.0,0.43,0.0,0.0,0.0,0.0,0.0,0.0,0.0,0.0,1.0,0.0,1.0,0.0,0.0,0.0,0.0,0.0,0.0,0.0,0.0,0.0,0.0,0.0,0.0,1.0,0.0
PP133,g1,4305,0,0.975,0.229493,0.195361,-0.953502,0.073117,0.186792,-0.979675,0.155,0.195,252.0,253.4,256.6,259.7,260.9,259.7,256.3,253.2,247.5,249.6,252.6,256.2,259.6,262.0,263.7,261.6,258.7,255.6,252.4,249.5,255.0,256.3,257.7,258.4,257.8,256.5,255.1,254.5,289.0,290.0,292.7,295.5,296.8,295.8,293.1,290.0,285.9,287.9,290.5,293.8,296.5,298.4,299.3,298.3,296.5,294.1,291.2,288.2,291.5,292.7,293.9,294.3,293.8,292.5,291.4,290.9,159.2,156.0,154.8,156.3,159.5,163.0,163.9,162.4,160.5,158.7,157.7,157.2,158.0,159.6,161.8,162.8,163.1,163.2,162.8,161.9,160.8,161.4,160.9,159.5,158.1,157.5,158.0,159.4,159.9,156.9,155.6,156.8,159.9,162.9,164.2,163.2,162.1,160.0,158.5,157.8,158.4,159.5,161.3,162.7,163.4,163.7,163.6,163.2,161.3,161.9,161.3,160.0,158.6,158.1,158.7,160.0,2.6,4.5,8.7,12.8,14.4,12.8,8.3,4.2,-3.4,-0.5,3.5,8.1,12.6,15.9,18.1,15.3,11.5,7.3,3.1,-0.6,6.6,8.4,10.2,11.0,10.4,8.6,6.7,5.9,53.7,55.1,59.0,63.1,64.9,63.4,59.5,55.1,49.5,52.1,55.8,60.3,64.5,67.5,69.3,67.4,64.5,60.9,56.7,52.6,57.4,59.1,60.9,61.5,60.7,58.9,57.2,56.6,-37.3,-41.5,-43.1,-41.2,-36.9,-32.3,-31.1,-33.0,-35.9,-38.0,-39.2,-39.7,-38.8,-36.8,-34.1,-32.6,-32.1,-31.9,-32.5,-33.7,-35.2,-34.4,-35.1,-36.9,-38.8,-39.7,-39.0,-37.1,-37.9,-42.2,-44.2,-42.6,-38.4,-34.0,-32.1,-33.4,-35.0,-37.9,-39.9,-40.9,-40.4,-39.1,-36.8,-34.6,-33.4,-32.8,-33.0,-33.5,-36.2,-35.5,-36.3,-38.2,-40.0,-40.7,-39.9,-38.0,514.5,515.1,515.5,515.5,515.2,514.8,514.1,514.1,518.2,515.8,513.7,512.9,513.8,515.5,517.3,515.4,513.6,513.0,513.8,515.8,515.3,515.3,515.5,515.8,515.9,515.9,515.7,515.5,537.8,538.8,540.6,542.1,542.4,541.4,539.6,538.2,538.0,537.3,537.3,538.5,541.4,545.0,548.4,545.1,541.7,539.1,537.7,537.6,539.9,540.6,541.4,541.8,541.7,541.0,540.3,539.8,39.1,-5.2,652.0,0.207,-0.23,0.059,225.3,225.2,226.2,228.3,232.7,240.0,249.3,260.0,270.6,279.1,285.2,290.8,295.9,299.9,302.7,304.7,305.6,238.2,245.3,254.3,263.2,271.1,285.7,292.1,298.2,303.8,306.9,278.2,279.2,280.3,281.3,269.1,273.5,278.0,281.8,285.1,247.3,253.0,259.1,263.8,258.7,252.5,285.9,290.9,296.2,299.5,296.4,291.2,258.3,266.6,273.2,276.7,280.4,284.3,287.1,283.9,279.7,275.8,271.8,265.6,261.4,272.4,276.1,279.8,285.2,279.7,276.0,272.2,159.6,171.2,182.8,193.9,204.5,213.6,221.2,227.0,228.6,226.5,220.2,212.4,203.5,193.6,183.3,172.7,161.8,152.0,147.4,146.4,148.0,151.3,151.3,148.4,147.2,148.3,152.7,160.3,167.9,175.5,183.2,188.3,189.8,191.1,190.0,188.5,160.4,157.6,157.9,161.9,163.1,163.0,162.2,158.3,158.4,161.2,163.6,163.6,203.4,201.1,199.7,200.8,199.8,201.4,203.6,208.5,210.6,211.0,210.6,208.4,203.7,203.4,203.8,203.4,203.9,204.8,205.3,204.8,-42.5,-43.0,-41.5,-38.0,-30.2,-17.4,-1.2,17.2,35.4,50.8,62.8,74.2,84.2,91.5,96.4,100.0,101.6,-19.4,-7.7,7.0,21.4,34.1,58.4,69.7,81.1,92.0,98.9,46.0,47.1,48.5,49.7,30.9,38.2,45.4,52.0,57.8,-4.4,4.9,15.0,22.8,14.3,4.1,60.3,69.0,78.5,85.0,79.0,69.5,13.8,27.2,37.8,43.7,49.9,57.2,63.3,56.7,49.1,42.4,35.8,25.6,18.9,36.8,43.0,49.2,59.6,49.1,42.8,36.5,-48.1,-28.2,-8.2,11.2,29.7,45.6,58.4,67.8,70.5,68.1,58.4,45.3,29.4,11.3,-7.7,-27.1,-46.9,-58.3,-65.3,-66.6,-63.7,-58.5,-59.3,-64.9,-67.9,-67.1,-60.5,-44.4,-31.7,-19.3,-6.7,1.3,3.8,5.9,4.1,1.7,-44.6,-49.0,-48.6,-42.2,-40.1,-40.2,-42.5,-49.3,-49.5,-45.2,-40.7,-40.4,26.4,22.2,19.8,21.8,20.1,23.2,27.4,35.2,38.1,38.6,37.9,34.5,26.8,26.1,26.9,26.3,27.8,28.6,29.3,28.5,673.0,676.4,680.6,683.4,683.5,681.4,676.4,669.8,670.9,681.5,697.2,709.9,715.8,716.0,714.7,713.5,713.3,641.3,636.0,632.8,630.4,630.0,639.3,647.7,657.6,668.0,678.5,636.8,631.2,625.2,619.6,633.9,633.7,634.1,637.9,642.3,642.4,639.9,641.3,643.7,641.6,640.3,656.4,659.2,664.0,671.1,664.6,659.9,649.7,640.5,637.7,639.4,642.1,651.7,665.7,654.0,646.1,642.9,641.4,643.2,648.1,640.8,642.1,645.4,661.5,645.4,642.1,641.0,0.595,0.211,-0.304,0.074,273.347,184.219,-3.65,9.473,-13.199,14.283,5.614,-0.703,-3.653,1.516,3.523,-1.028,0.839,1.001,0.417,-1.864,-0.567,-0.49,0.322,0.542,-0.762,-0.593,0.602,-0.434,-0.178,-0.355,0.324,-0.031,0.08,0.077,-0.099,-0.003,-0.021,0.012,0.008,-0.003,0.45,0.0,0.0,0.7,0.0,0.0,0.0,0.0,0.0,0.39,0.0,0.0,0.0,0.0,0.0,0.0,0.0,0.0,1.0,0.0,1.0,0.0,0.0,0.0,0.0,0.0,0.0,0.0,0.0,0.0,0.0,0.0,0.0,1.0,0.0
PP133,g1,4311,0,0.975,0.227511,0.173273,-0.958236,0.076327,0.167408,-0.982929,0.155,0.174,250.6,252.0,255.2,258.3,259.6,258.4,255.0,251.9,246.2,248.3,251.3,254.8,258.2,260.7,262.4,260.3,257.5,254.3,251.1,248.3,253.7,255.0,256.4,257.0,256.5,255.1,253.7,253.1,287.6,288.5,291.2,294.1,295.4,294.5,291.8,288.7,284.6,286.5,289.2,292.4,295.1,297.0,298.0,297.0,295.2,292.8,289.9,286.9,290.2,291.4,292.6,293.0,292.4,291.1,290.0,289.6,158.5,155.3,154.1,155.5,158.7,162.1,163.2,161.8,159.9,158.1,157.0,156.5,157.2,158.7,160.9,162.0,162.3,162.5,162.1,161.4,160.1,160.7,160.1,158.7,157.3,156.7,157.3,158.7,158.8,155.7,154.4,155.6,158.6,161.7,163.0,162.0,160.9,158.8,157.3,156.6,157.1,158.2,160.1,161.4,162.2,162.5,162.3,162.0,160.1,160.7,160.1,158.7,157.4,156.9,157.5,158.8,0.9,2.6,6.8,11.0,12.6,11.1,6.6,2.5,-5.0,-2.2,1.7,6.3,10.8,14.1,16.4,13.7,9.8,5.6,1.5,-2.3,4.9,6.7,8.5,9.3,8.6,6.8,4.9,4.1,51.7,53.1,57.0,61.1,63.0,61.5,57.6,53.2,47.6,50.2,53.8,58.3,62.5,65.5,67.3,65.5,62.6,59.0,54.9,50.7,55.4,57.2,58.9,59.5,58.7,56.9,55.2,54.6,-38.2,-42.5,-44.2,-42.3,-38.0,-33.5,-32.1,-33.9,-36.6,-38.8,-40.2,-40.8,-39.9,-38.0,-35.3,-33.7,-33.1,-32.9,-33.4,-34.6,-36.2,-35.4,-36.2,-38.0,-39.9,-40.7,-40.0,-38.1,-39.5,-43.8,-45.8,-44.2,-40.1,-35.7,-33.8,-35.0,-36.6,-39.4,-41.5,-42.6,-42.1,-40.8,-38.5,-36.3,-35.1,-34.5,-34.6,-35.1,-37.8,-37.1,-37.9,-39.8,-41.7,-42.4,-41.5,-39.6,515.3,515.9,516.3,516.2,515.8,515.4,514.8,514.8,519.1,516.7,514.6,513.7,514.5,516.1,517.8,516.0,514.3,513.7,514.6,516.6,516.0,516.0,516.2,516.5,516.7,516.7,516.5,516.2,537.1,538.2,540.0,541.5,541.7,540.6,538.8,537.4,537.3,536.7,536.7,537.9,540.8,544.4,547.7,544.4,540.9,538.3,537.0,536.9,539.2,539.9,540.7,541.2,541.1,540.4,539.6,539.1,37.7,-6.3,651.8,0.175,-0.23,0.039,224.5,224.5,225.8,228.1,232.7,240.0,249.3,260.1,270.7,279.1,285.0,290.5,295.4,299.2,301.8,303.7,304.5,236.9,243.9,252.7,261.5,269.3,284.2,290.5,296.5,302.2,305.4,276.7,277.8,279.1,280.3,268.2,272.7,277.2,281.0,284.3,246.1,251.6,257.7,262.5,257.4,251.3,284.6,289.5,294.8,298.2,295.2,289.9,258.0,266.1,272.6,276.1,279.8,283.8,286.7,283.5,279.4,275.5,271.5,265.3,261.1,271.9,275.6,279.3,284.7,279.2,275.6,271.8,160.0,171.7,183.4,194.6,205.1,214.2,221.7,227.3,228.6,226.6,220.4,212.6,203.6,193.5,182.9,172.1,161.1,151.5,146.8,145.6,147.0,150.0,149.8,147.0,145.8,146.9,151.4,158.9,166.5,174.1,181.9,187.3,188.8,190.0,188.8,187.3,159.9,156.9,157.1,161.0,162.3,162.3,161.0,157.0,157.1,160.0,162.3,162.4,203.1,200.4,198.8,199.9,198.8,200.5,202.8,207.7,209.7,210.1,209.8,207.8,203.3,202.6,203.0,202.5,203.2,203.9,204.4,204.0,-44.0,-44.1,-42.2,-38.3,-30.2,-17.3,-1.3,17.2,35.4,50.7,62.4,73.4,83.0,90.0,94.6,98.1,99.4,-21.5,-10.0,4.4,18.6,31.2,56.1,67.3,78.4,89.4,96.3,43.6,45.0,46.6,48.1,29.6,36.8,44.1,50.7,56.4,-6.5,2.6,12.7,20.7,12.2,2.1,58.2,66.7,76.2,82.8,76.9,67.4,13.2,26.3,36.8,42.7,48.9,56.3,62.4,56.0,48.6,41.9,35.3,25.1,18.3,36.0,42.1,48.3,58.7,48.3,42.0,35.7,-47.4,-27.3,-7.2,12.4,30.8,46.6,59.1,68.0,70.4,68.1,58.6,45.6,29.5,11.0,-8.3,-28.1,-48.2,-59.2,-66.5,-68.0,-65.6,-60.7,-61.9,-67.4,-70.4,-69.5,-62.8,-46.6,-33.9,-21.5,-8.9,-0.3,2.1,4.1,2.2,-0.3,-45.5,-50.2,-50.0,-43.8,-41.4,-41.4,-44.6,-51.5,-51.7,-47.3,-42.9,-42.5,25.9,21.1,18.4,20.3,18.5,21.6,26.1,33.7,36.6,37.2,36.6,33.4,26.1,24.8,25.4,24.8,26.5,27.1,27.8,27.1,673.5,676.6,680.4,682.9,682.6,680.2,674.9,668.1,669.0,679.5,695.4,708.5,714.7,715.0,713.9,712.7,712.6,642.7,637.8,634.7,632.4,631.8,641.0,649.4,659.0,669.1,679.1,638.1,632.2,625.8,619.9,634.0,633.6,634.0,637.8,642.3,643.6,641.4,642.7,644.8,642.8,641.5,657.2,660.2,664.9,671.8,665.3,660.6,649.2,640.0,637.3,639.0,641.7,651.1,664.7,652.8,645.0,641.8,640.3,642.3,647.4,640.2,641.4,644.7,660.4,644.6,641.3,640.3,0.595,0.178,-0.303,0.052,272.517,183.541,-7.083,8.937,-13.984,16.2,4.263,0.348,-3.658,1.727,3.465,-2.127,0.532,1.086,0.186,-2.275,-0.291,-0.423,0.376,0.682,-0.672,-0.664,0.555,-0.307,-0.385,-0.495,0.248,0.043,0.105,0.064,-0.106,-0.007,-0.025,-0.0,0.01,-0.007,0.11,0.0,0.0,0.96,0.0,0.0,0.0,0.0,0.0,0.22,0.0,0.0,0.0,0.0,0.0,0.0,0.0,0.0,1.0,0.0,1.0,0.0,0.0,0.0,0.0,0.0,0.0,0.0,0.0,0.0,0.0,0.0,0.0,1.0,0.0
PP133,g1,4317,0,0.975,0.216956,0.146001,-0.965201,0.068896,0.143917,-0.987189,0.145,0.147,248.6,249.9,253.0,256.2,257.6,256.5,253.1,250.0,244.2,246.3,249.2,252.7,256.1,258.7,260.5,258.5,255.6,252.3,249.2,246.3,251.7,253.1,254.5,255.0,254.4,253.1,251.7,251.1,285.8,286.6,289.3,292.2,293.7,292.8,290.1,287.0,282.8,284.7,287.3,290.5,293.4,295.3,296.4,295.4,293.6,291.2,288.2,285.2,288.4,289.7,290.9,291.2,290.6,289.3,288.2,287.8,157.9,154.6,153.3,154.6,157.8,161.3,162.4,161.1,159.5,157.6,156.3,155.7,156.3,157.8,159.9,161.0,161.5,161.7,161.5,160.8,159.3,159.9,159.3,157.9,156.5,155.9,156.5,157.9,157.2,154.1,152.7,153.9,156.9,160.0,161.4,160.5,159.4,157.3,155.6,154.9,155.4,156.5,158.4,159.7,160.5,160.8,160.7,160.4,158.5,159.1,158.5,157.1,155.8,155.3,155.9,157.2,-1.8,-0.2,4.0,8.2,9.9,8.5,4.1,-0.1,-7.6,-4.9,-1.1,3.5,8.0,11.5,13.9,11.1,7.3,3.1,-1.1,-4.8,2.2,4.1,5.9,6.6,5.8,4.0,2.2,1.5,48.7,50.0,53.8,58.0,60.0,58.6,54.8,50.3,44.7,47.2,50.8,55.3,59.4,62.5,64.4,62.6,59.8,56.1,52.0,47.8,52.5,54.3,56.0,56.5,55.7,53.9,52.2,51.6,-38.9,-43.2,-45.0,-43.3,-39.0,-34.4,-32.9,-34.7,-37.1,-39.4,-40.9,-41.6,-40.9,-39.0,-36.4,-34.8,-34.1,-33.8,-34.1,-35.1,-37.0,-36.3,-37.0,-38.9,-40.8,-41.5,-40.7,-38.9,-41.2,-45.6,-47.6,-46.2,-42.0,-37.6,-35.6,-36.8,-38.2,-41.1,-43.3,-44.5,-44.0,-42.7,-40.4,-38.3,-37.0,-36.4,-36.4,-36.8,-39.6,-38.9,-39.8,-41.7,-43.5,-44.2,-43.3,-41.4,512.7,513.3,513.6,513.5,512.9,512.6,512.0,512.2,516.6,514.2,512.0,511.0,511.7,513.2,514.9,513.1,511.4,511.0,511.9,514.1,513.3,513.3,513.4,513.7,513.9,514.0,513.8,513.6,531.7,532.8,534.7,536.0,536.2,535.0,533.2,531.9,531.8,531.3,531.3,532.5,535.3,538.8,542.1,538.7,535.3,532.7,531.4,531.3,533.7,534.3,535.1,535.6,535.6,535.0,534.2,533.7,35.8,-7.9,650.6,0.138,-0.215,0.008,223.3,223.8,225.4,228.1,233.0,240.4,249.6,260.4,271.1,279.5,285.3,290.6,295.3,298.8,301.2,302.9,303.3,234.7,241.3,250.1,259.0,266.8,281.8,288.1,294.2,300.1,303.6,274.6,275.8,277.3,278.6,266.9,271.4,276.0,279.9,283.1,244.1,249.5,255.7,260.7,255.5,249.3,282.8,287.6,293.0,296.6,293.6,288.2,257.4,265.2,271.6,275.2,278.9,283.1,286.3,283.1,279.0,275.0,270.9,264.7,260.5,271.1,274.9,278.6,284.3,278.6,274.8,271.0,160.6,172.4,184.1,195.3,205.8,214.8,222.1,227.3,228.3,226.3,220.3,212.5,203.4,193.1,182.3,171.2,159.9,151.5,146.3,144.8,145.9,148.6,148.1,145.2,143.9,145.0,149.6,157.3,165.0,172.5,180.3,186.1,187.5,188.6,187.4,185.8,159.4,156.2,156.2,160.0,161.5,161.6,159.5,155.4,155.4,158.3,160.6,160.8,202.4,199.3,197.5,198.6,197.4,199.1,201.6,206.4,208.4,209.0,208.7,206.9,202.5,201.4,201.6,201.1,201.9,202.7,203.3,202.9,-46.2,-45.5,-42.8,-38.2,-29.7,-16.7,-0.6,17.8,35.9,51.1,62.7,73.4,82.6,89.1,93.3,96.2,97.1,-25.3,-14.2,0.2,14.5,27.3,52.2,63.4,74.6,85.7,93.1,40.1,41.8,43.6,45.4,27.4,34.7,42.1,48.7,54.4,-9.7,-0.9,9.4,17.6,9.1,-1.1,55.2,63.5,73.2,80.0,74.1,64.6,12.2,24.9,35.2,41.2,47.4,55.0,61.5,55.2,47.7,40.9,34.2,24.1,17.3,34.6,40.8,47.0,57.8,47.0,40.7,34.4,-46.6,-26.2,-5.9,13.7,32.0,47.5,59.6,67.8,69.7,67.3,58.1,45.1,28.9,10.2,-9.5,-29.7,-50.2,-59.5,-67.5,-69.6,-67.5,-63.0,-64.7,-70.4,-73.5,-72.7,-65.9,-49.3,-36.5,-24.0,-11.4,-2.2,0.0,1.8,-0.2,-2.8,-46.4,-51.5,-51.6,-45.5,-42.9,-42.6,-47.1,-54.2,-54.6,-50.2,-45.7,-45.2,24.7,19.4,16.3,18.1,16.2,19.3,23.9,31.5,34.5,35.2,34.7,31.9,24.8,22.7,23.1,22.4,24.3,24.9,25.8,25.3,675.4,677.9,681.2,683.1,682.2,679.2,673.5,666.0,666.4,676.6,692.5,705.6,712.0,712.7,712.0,711.2,711.4,645.3,640.2,636.8,634.0,633.0,641.6,649.7,659.0,668.8,678.6,638.6,632.2,625.4,619.1,633.6,632.7,632.8,636.6,641.2,645.3,643.1,644.1,645.8,644.0,642.9,657.2,660.2,664.7,671.1,664.7,660.3,648.3,639.0,636.2,637.7,640.3,649.2,662.4,650.5,643.0,640.0,638.7,640.8,646.4,638.9,639.9,643.0,658.2,643.0,639.9,639.0,0.595,0.139,-0.286,0.018,271.412,182.602,-8.931,7.803,-13.527,18.342,3.783,1.521,-3.259,2.101,3.457,-3.064,0.113,0.825,0.084,-1.681,-0.103,-0.708,0.314,1.158,-0.944,-0.345,0.47,-0.306,-0.349,-0.518,0.233,0.103,0.115,0.027,-0.094,-0.027,-0.032,-0.006,0.01,-0.003,0.36,0.16,0.0,1.19,0.0,0.0,0.0,0.0,0.0,0.0,0.0,0.0,0.0,0.0,0.0,0.0,0.0,1.0,1.0,0.0,1.0,0.0,0.0,0.0,0.0,0.0,0.0,0.0,0.0,0.0,0.0,0.0,0.0,1.0,0.0
PP133,g1,4323,0,0.975,0.209725,0.129657,-0.969126,0.064372,0.130539,-0.989351,0.139,0.132,246.8,248.0,251.1,254.3,255.8,254.8,251.4,248.2,242.5,244.5,247.3,250.8,254.3,256.9,258.8,256.7,253.8,250.6,247.4,244.6,249.9,251.3,252.7,253.2,252.6,251.2,249.8,249.3,284.1,284.9,287.6,290.5,292.1,291.2,288.6,285.4,281.2,283.0,285.6,288.8,291.7,293.7,294.9,293.9,292.1,289.6,286.6,283.5,286.8,288.1,289.2,289.6,288.9,287.6,286.5,286.1,157.6,154.3,152.9,154.1,157.3,160.8,162.0,160.7,159.3,157.3,156.0,155.3,155.8,157.2,159.3,160.5,161.0,161.3,161.2,160.6,159.0,159.5,158.9,157.4,156.1,155.5,156.2,157.6,156.1,153.0,151.6,152.7,155.7,158.8,160.3,159.4,158.4,156.2,154.6,153.7,154.2,155.3,157.2,158.5,159.3,159.6,159.6,159.4,157.5,157.9,157.3,155.9,154.6,154.1,154.8,156.1,-4.2,-2.6,1.5,5.7,7.5,6.3,1.9,-2.4,-9.9,-7.3,-3.5,1.0,5.6,9.1,11.6,8.8,5.0,0.8,-3.3,-7.1,-0.1,1.8,3.5,4.2,3.4,1.6,-0.2,-0.9,46.2,47.5,51.3,55.4,57.5,56.3,52.5,48.0,42.3,44.8,48.3,52.8,57.0,60.1,62.1,60.3,57.4,53.8,49.6,45.5,50.1,51.9,53.6,54.1,53.2,51.4,49.7,49.2,-39.3,-43.6,-45.5,-43.9,-39.7,-35.1,-33.4,-35.1,-37.3,-39.7,-41.3,-42.1,-41.5,-39.7,-37.1,-35.4,-34.7,-34.3,-34.5,-35.4,-37.5,-36.8,-37.6,-39.5,-41.3,-42.1,-41.2,-39.3,-42.5,-46.9,-49.0,-47.6,-43.5,-39.1,-37.0,-38.1,-39.4,-42.4,-44.7,-45.9,-45.5,-44.2,-41.9,-39.8,-38.5,-37.9,-37.8,-38.1,-40.9,-40.3,-41.2,-43.1,-44.9,-45.5,-44.6,-42.7,512.5,513.1,513.3,513.1,512.5,512.2,511.7,511.9,516.5,514.0,511.7,510.7,511.4,512.8,514.4,512.7,511.1,510.6,511.7,513.9,513.0,513.0,513.1,513.3,513.6,513.7,513.6,513.3,529.9,531.2,533.0,534.3,534.3,533.1,531.3,530.1,530.1,529.5,529.6,530.7,533.5,537.0,540.2,536.8,533.4,530.8,529.6,529.6,531.9,532.5,533.3,533.8,533.8,533.2,532.5,531.9,33.9,-9.0,649.5,0.114,-0.205,-0.016,222.2,223.0,224.9,227.8,232.8,240.3,249.5,260.4,271.1,279.6,285.4,290.5,295.1,298.4,300.5,301.9,302.1,232.8,239.3,248.0,256.7,264.6,279.7,286.0,292.2,298.2,301.9,272.6,274.1,275.6,277.1,265.6,270.2,274.8,278.7,282.0,242.4,247.6,253.8,258.9,253.8,247.6,281.1,285.9,291.3,295.0,292.0,286.6,256.6,264.4,270.7,274.4,278.1,282.4,285.8,282.7,278.5,274.5,270.4,264.1,259.7,270.3,274.1,277.9,283.8,277.9,274.2,270.3,161.1,172.9,184.6,195.8,206.2,215.1,222.2,227.2,228.1,226.0,220.1,212.2,203.0,192.5,181.6,170.3,158.9,151.5,146.2,144.5,145.3,147.8,147.0,144.0,142.7,143.7,148.3,156.4,163.9,171.5,179.2,185.4,186.7,187.8,186.4,184.7,159.2,155.9,155.7,159.4,161.0,161.3,158.5,154.3,154.2,157.1,159.4,159.6,202.1,198.8,196.8,197.8,196.5,198.2,200.6,205.4,207.4,208.0,207.9,206.3,202.1,200.7,200.9,200.3,201.0,201.7,202.3,202.1,-48.1,-47.0,-43.8,-38.8,-30.0,-16.9,-0.8,17.7,35.9,51.1,62.6,73.1,82.0,88.1,91.8,94.4,94.8,-28.4,-17.6,-3.3,10.9,23.7,48.8,59.9,71.2,82.4,90.1,37.0,38.9,41.0,42.9,25.3,32.7,40.1,46.7,52.5,-12.6,-4.0,6.3,14.8,6.3,-4.0,52.4,60.6,70.3,77.3,71.4,61.9,11.0,23.5,33.6,39.7,46.0,53.8,60.6,54.3,46.8,40.0,33.2,23.1,16.1,33.2,39.4,45.8,56.8,45.9,39.5,33.1,-45.7,-25.3,-5.1,14.5,32.6,47.9,59.7,67.5,69.0,66.5,57.5,44.5,28.2,9.2,-10.8,-31.3,-51.9,-59.6,-67.9,-70.3,-68.6,-64.4,-66.5,-72.4,-75.5,-74.9,-68.1,-50.9,-38.1,-25.6,-13.1,-3.4,-1.3,0.4,-1.8,-4.5,-46.8,-52.2,-52.4,-46.5,-43.8,-43.1,-48.8,-56.0,-56.6,-52.2,-47.7,-47.0,24.1,18.5,15.2,16.8,14.8,17.7,22.3,29.7,32.7,33.5,33.2,30.8,24.1,21.5,21.9,21.0,22.8,23.3,24.2,23.8,676.2,678.4,681.4,683.0,681.8,678.5,672.3,664.4,664.3,674.3,690.4,703.8,710.5,711.3,710.7,709.8,710.1,646.6,641.5,637.9,634.9,633.6,641.8,649.7,658.9,668.4,677.9,638.7,632.0,624.9,618.3,633.1,632.0,631.8,635.6,640.2,646.2,644.0,644.9,646.3,644.6,643.7,657.0,660.0,664.3,670.5,664.2,659.9,647.6,638.1,635.3,636.6,639.1,648.0,661.0,648.8,641.2,638.2,637.1,639.5,645.5,637.8,638.7,641.7,656.8,641.5,638.4,637.6,0.596,0.115,-0.274,-0.008,270.33,181.964,-9.457,6.811,-13.705,19.48,2.448,2.729,-3.833,2.672,3.531,-3.425,-0.238,1.007,-0.239,-1.817,-0.082,-0.738,0.135,1.102,-0.883,-0.473,0.394,-0.193,-0.383,-0.562,0.214,0.106,0.122,0.018,-0.099,-0.029,-0.028,-0.011,0.008,-0.007,0.6,0.22,0.0,1.12,0.0,0.0,0.0,0.0,0.0,0.0,0.0,0.0,0.0,0.0,0.0,0.0,0.0,1.0,1.0,0.0,1.0,0.0,0.0,0.0,0.0,0.0,0.0,0.0,0.0,0.0,0.0,0.0,0.0,1.0,0.0
PP133,g1,4329,0,0.975,0.206985,0.140014,-0.968273,0.054092,0.14272,-0.988284,0.133,0.144,245.3,246.5,249.7,252.9,254.3,253.3,250.0,246.8,241.1,243.0,245.9,249.3,252.8,255.5,257.3,255.3,252.4,249.2,246.0,243.2,248.5,249.9,251.3,251.8,251.2,249.8,248.4,247.9,282.7,283.5,286.2,289.2,290.7,289.9,287.2,284.0,279.8,281.6,284.2,287.4,290.4,292.4,293.6,292.6,290.8,288.3,285.3,282.2,285.4,286.7,287.9,288.3,287.6,286.3,285.1,284.8,157.3,154.0,152.6,153.8,157.0,160.5,161.7,160.5,159.0,157.1,155.8,155.0,155.5,157.0,159.0,160.2,160.7,161.0,160.9,160.3,158.7,159.2,158.6,157.2,155.8,155.3,155.9,157.3,155.6,152.4,150.9,152.0,155.0,158.2,159.6,158.8,157.9,155.7,154.0,153.1,153.5,154.6,156.4,157.8,158.6,159.0,159.0,158.8,156.8,157.3,156.7,155.3,154.0,153.5,154.1,155.5,-6.1,-4.5,-0.4,3.8,5.7,4.4,-0.0,-4.2,-11.8,-9.2,-5.4,-0.9,3.7,7.2,9.7,7.0,3.1,-1.1,-5.2,-9.0,-2.0,-0.1,1.7,2.3,1.5,-0.3,-2.1,-2.8,44.2,45.4,49.2,53.4,55.5,54.3,50.5,46.0,40.3,42.7,46.2,50.7,54.9,58.1,60.1,58.4,55.5,51.8,47.7,43.5,48.1,49.9,51.6,52.1,51.2,49.4,47.7,47.2,-39.7,-44.0,-45.9,-44.3,-40.1,-35.5,-33.8,-35.4,-37.7,-40.1,-41.6,-42.5,-41.9,-40.1,-37.6,-35.9,-35.1,-34.7,-34.9,-35.8,-37.9,-37.2,-38.0,-39.9,-41.7,-42.4,-41.6,-39.7,-43.2,-47.6,-49.7,-48.4,-44.3,-39.9,-37.8,-38.8,-40.1,-43.0,-45.3,-46.6,-46.3,-45.1,-42.9,-40.7,-39.4,-38.6,-38.5,-38.8,-41.6,-41.0,-42.0,-43.9,-45.7,-46.3,-45.3,-43.4,513.1,513.7,514.0,513.8,513.2,512.9,512.4,512.6,517.1,514.6,512.4,511.4,512.0,513.5,515.1,513.4,511.7,511.3,512.3,514.5,513.7,513.6,513.8,514.0,514.3,514.3,514.2,514.0,528.4,529.5,531.3,532.6,532.6,531.5,529.7,528.5,528.6,528.0,527.9,529.0,531.7,535.2,538.5,535.1,531.7,529.2,528.0,528.0,530.3,530.9,531.7,532.2,532.1,531.6,530.8,530.3,31.8,-10.2,653.6,0.134,-0.191,-0.022,221.1,222.0,223.9,226.9,232.0,239.5,248.6,259.3,269.8,278.3,284.3,289.7,294.4,297.7,299.8,301.1,301.3,231.4,237.8,246.4,255.1,263.0,278.0,284.4,290.7,296.8,300.7,271.1,272.4,273.9,275.3,264.0,268.6,273.1,277.1,280.4,240.9,246.2,252.4,257.5,252.4,246.2,279.7,284.5,290.0,293.8,290.7,285.3,254.9,262.5,268.9,272.7,276.4,280.9,284.5,281.1,276.8,272.7,268.5,262.2,257.9,268.6,272.4,276.3,282.5,276.3,272.4,268.5,160.7,172.5,184.1,195.2,205.5,214.2,221.1,225.9,226.7,224.5,218.4,210.6,201.4,191.0,180.1,168.9,157.6,151.3,146.0,144.3,145.0,147.4,146.5,143.3,142.0,142.9,147.3,156.0,163.5,171.0,178.8,184.9,186.2,187.2,185.8,184.1,159.0,155.6,155.5,159.1,160.7,161.1,158.0,153.7,153.5,156.3,158.7,159.0,201.2,198.1,196.1,197.1,195.8,197.4,199.7,204.7,206.8,207.5,207.3,205.6,201.3,200.0,200.2,199.6,200.1,201.1,201.8,201.6,-50.4,-49.1,-45.8,-40.7,-31.7,-18.4,-2.4,15.9,34.0,49.3,61.0,71.9,81.1,87.3,90.9,93.3,93.6,-31.0,-20.2,-5.9,8.3,21.1,46.3,57.5,68.8,80.3,88.2,34.6,36.5,38.4,40.3,22.8,30.2,37.7,44.4,50.2,-15.1,-6.4,3.9,12.4,3.9,-6.4,50.2,58.5,68.2,75.4,69.5,59.8,8.1,20.6,31.0,37.2,43.6,51.6,58.8,52.1,44.3,37.4,30.5,20.1,13.2,30.6,37.0,43.4,55.0,43.4,36.9,30.4,-46.7,-26.2,-5.9,13.6,31.7,46.7,58.3,65.9,67.2,64.4,55.0,41.8,25.3,6.3,-13.6,-34.0,-54.6,-60.3,-68.6,-71.0,-69.4,-65.3,-67.7,-73.7,-77.0,-76.5,-69.9,-51.8,-39.0,-26.5,-13.9,-4.2,-2.2,-0.5,-2.8,-5.5,-47.5,-52.8,-53.2,-47.2,-44.5,-43.8,-49.9,-57.3,-58.0,-53.7,-49.1,-48.3,23.0,17.4,14.2,15.7,13.7,16.5,20.7,28.8,32.0,32.9,32.6,30.0,23.0,20.5,20.8,19.9,21.4,22.5,23.5,23.2,681.0,683.3,686.5,688.3,687.3,684.1,678.0,670.0,669.6,679.1,694.5,707.3,713.4,714.2,713.5,712.8,713.2,650.8,645.5,641.7,638.4,636.8,644.5,652.2,661.1,670.4,679.8,641.8,635.4,628.6,622.3,637.4,636.2,636.0,639.6,644.0,650.3,647.7,648.5,649.7,648.2,647.5,659.7,662.4,666.5,672.7,666.5,662.5,653.1,643.3,640.0,641.1,643.5,652.4,665.5,653.7,646.1,643.3,642.3,645.2,651.0,642.6,643.4,646.2,661.6,646.2,643.3,642.7,0.592,0.132,-0.255,-0.013,268.915,181.256,-11.184,6.205,-12.392,17.885,4.669,2.22,-3.937,1.216,2.82,-2.407,-0.019,1.493,0.315,-1.532,-0.803,-0.307,0.409,1.178,-1.07,-0.576,0.343,-0.466,-0.195,-0.411,0.168,-0.103,0.12,0.008,-0.087,-0.015,-0.016,0.005,0.0,-0.007,0.42,0.53,0.0,0.92,0.0,0.0,0.0,0.0,0.0,0.33,0.0,0.0,0.0,0.0,0.0,0.02,0.0,1.0,1.0,0.0,1.0,0.0,0.0,0.0,0.0,0.0,0.0,0.0,0.0,0.0,0.0,0.0,0.0,1.0,0.0
PP133,g1,4335,0,0.975,0.206369,0.145199,-0.967641,0.051432,0.15148,-0.987121,0.131,0.151,244.1,245.2,248.3,251.5,253.0,252.1,248.8,245.6,239.9,241.8,244.6,248.0,251.5,254.2,256.1,254.1,251.2,248.0,244.9,242.0,247.3,248.7,250.0,250.5,249.9,248.5,247.1,246.6,281.4,282.1,284.8,287.8,289.4,288.7,286.0,282.8,278.5,280.3,282.9,286.1,289.0,291.1,292.4,291.3,289.5,287.0,284.0,280.9,284.1,285.5,286.6,286.9,286.2,284.9,283.8,283.4,157.3,154.0,152.5,153.6,156.7,160.3,161.5,160.4,159.0,157.1,155.7,154.9,155.4,156.7,158.7,159.9,160.5,160.8,160.8,160.2,158.6,159.1,158.4,157.0,155.6,155.1,155.8,157.2,154.7,151.6,150.0,151.1,154.0,157.2,158.7,158.0,157.1,154.9,153.1,152.2,152.6,153.6,155.3,156.7,157.5,158.0,158.1,158.0,155.9,156.4,155.7,154.3,153.0,152.6,153.3,154.7,-7.8,-6.3,-2.2,2.0,4.0,2.8,-1.5,-5.8,-13.4,-10.9,-7.1,-2.6,2.0,5.5,8.0,5.4,1.6,-2.6,-6.8,-10.6,-3.6,-1.7,0.0,0.7,-0.2,-2.0,-3.8,-4.5,42.7,43.8,47.6,51.8,54.0,52.9,49.1,44.6,38.8,41.2,44.7,49.2,53.4,56.6,58.7,57.0,54.1,50.4,46.2,42.1,46.6,48.5,50.1,50.6,49.7,47.8,46.2,45.7,-40.0,-44.4,-46.4,-44.9,-40.7,-36.0,-34.3,-35.8,-38.0,-40.3,-42.0,-42.9,-42.4,-40.7,-38.3,-36.5,-35.7,-35.1,-35.3,-36.1,-38.3,-37.6,-38.5,-40.4,-42.3,-42.9,-42.0,-40.1,-44.6,-49.0,-51.3,-50.0,-45.9,-41.5,-39.3,-40.2,-41.4,-44.4,-46.7,-48.1,-47.9,-46.8,-44.6,-42.4,-41.0,-40.2,-40.0,-40.2,-43.1,-42.6,-43.5,-45.5,-47.2,-47.8,-46.8,-44.9,516.6,517.1,517.4,517.2,516.7,516.4,515.9,516.0,520.6,518.1,515.9,514.8,515.5,516.9,518.6,516.9,515.2,514.8,515.8,518.0,517.2,517.1,517.2,517.5,517.7,517.8,517.7,517.4,531.7,532.9,534.5,535.8,535.9,534.7,533.0,531.9,532.0,531.4,531.3,532.3,535.0,538.4,541.7,538.3,535.0,532.5,531.3,531.4,533.7,534.2,535.0,535.4,535.4,534.9,534.1,533.6,30.6,-11.8,655.9,0.139,-0.187,-0.043,220.2,221.2,223.4,226.5,231.7,239.4,248.7,259.5,270.1,278.6,284.6,289.9,294.5,297.6,299.3,300.4,300.2,230.2,236.4,244.9,253.5,261.4,276.5,282.8,289.1,295.2,299.2,269.7,271.2,272.7,274.3,263.2,267.8,272.4,276.3,279.6,239.8,244.9,251.0,256.2,251.2,245.0,278.5,283.1,288.6,292.5,289.4,284.0,254.3,262.0,268.3,272.1,275.9,280.5,284.3,280.9,276.5,272.4,268.2,261.8,257.4,268.1,272.0,275.8,282.2,275.9,272.0,268.0,160.8,172.4,183.9,194.8,204.9,213.4,220.1,224.8,225.4,223.1,216.8,208.8,199.5,189.2,178.3,167.2,156.1,151.2,145.9,144.0,144.6,146.9,145.6,142.3,140.8,141.6,145.9,155.4,162.8,170.3,177.9,184.2,185.4,186.3,184.8,183.1,159.0,155.6,155.3,158.8,160.4,160.9,157.2,152.9,152.6,155.2,157.7,158.1,200.4,197.2,195.2,196.0,194.7,196.1,198.2,203.4,205.7,206.4,206.3,204.8,200.5,199.0,199.1,198.4,198.7,200.0,200.8,200.6,-52.2,-50.6,-47.0,-41.6,-32.4,-18.6,-2.3,16.3,34.5,50.0,61.8,72.6,81.5,87.2,90.4,92.2,92.0,-33.2,-22.6,-8.5,5.8,18.7,43.9,55.0,66.3,77.7,85.8,32.5,34.5,36.7,38.8,21.6,29.1,36.6,43.2,49.0,-17.1,-8.5,1.7,10.4,1.9,-8.3,48.2,56.4,66.1,73.4,67.5,57.9,7.3,19.8,30.2,36.4,42.8,51.1,58.6,51.9,44.0,37.0,30.1,19.5,12.3,29.9,36.3,42.9,54.7,42.9,36.4,29.8,-46.8,-26.5,-6.4,13.0,30.8,45.6,56.9,64.3,65.3,62.1,52.3,38.7,22.0,3.0,-16.8,-37.1,-57.5,-60.6,-69.0,-71.7,-70.4,-66.5,-69.4,-75.6,-79.2,-78.9,-72.6,-52.9,-40.2,-27.8,-15.4,-5.4,-3.5,-2.0,-4.4,-7.3,-47.7,-53.1,-53.6,-47.9,-45.1,-44.2,-51.4,-58.8,-59.7,-55.7,-51.0,-50.0,21.7,16.1,12.7,14.1,11.9,14.4,18.3,26.7,30.2,31.3,31.1,28.6,21.7,19.0,19.2,18.2,19.1,20.8,21.9,21.7,684.2,686.5,689.7,691.7,690.7,687.5,681.2,673.0,672.6,682.0,697.3,710.0,715.9,716.3,715.4,714.6,714.9,653.4,648.0,644.0,640.5,638.8,646.1,653.7,662.6,671.8,681.2,643.8,637.5,630.8,624.6,639.9,638.7,638.4,642.0,646.2,652.9,650.1,650.8,652.0,650.6,650.0,661.6,664.3,668.2,674.4,668.3,664.3,655.9,645.8,642.3,643.4,645.7,654.7,668.1,656.1,648.4,645.6,644.7,647.7,653.8,644.9,645.7,648.5,664.2,648.4,645.6,645.0,0.59,0.134,-0.248,-0.035,268.163,180.353,-9.822,6.386,-12.136,16.521,4.112,1.31,-4.599,1.876,1.973,-1.796,-0.53,1.329,0.061,-1.735,-0.947,-0.266,0.151,1.01,-1.296,-0.725,0.274,-0.291,-0.009,-0.328,0.062,-0.065,0.067,0.004,-0.1,-0.021,-0.02,-0.0,-0.003,-0.004,0.47,0.5,0.0,1.0,0.0,0.0,0.0,0.0,0.0,0.02,0.0,0.0,0.0,0.0,0.0,0.0,0.0,1.0,1.0,0.0,1.0,0.0,0.0,0.0,0.0,0.0,0.0,0.0,0.0,0.0,0.0,0.0,0.0,1.0,0.0
PP133,g1,4341,0,0.975,0.20567,0.132238,-0.969646,0.049299,0.142104,-0.988623,0.129,0.139,243.2,244.2,247.3,250.5,252.1,251.3,248.0,244.7,239.0,240.9,243.6,247.0,250.5,253.2,255.2,253.2,250.3,247.1,244.0,241.1,246.4,247.8,249.1,249.6,248.9,247.5,246.1,245.7,280.4,281.1,283.8,286.8,288.5,287.8,285.1,281.9,277.6,279.4,281.9,285.1,288.0,290.2,291.5,290.5,288.6,286.1,283.1,280.0,283.2,284.6,285.7,286.0,285.3,284.0,282.8,282.5,157.6,154.3,152.7,153.8,156.9,160.4,161.8,160.7,159.5,157.5,156.1,155.2,155.6,156.9,158.8,160.0,160.7,161.1,161.1,160.6,158.9,159.3,158.6,157.2,155.8,155.4,156.1,157.5,154.5,151.3,149.7,150.7,153.6,156.8,158.4,157.7,156.9,154.6,152.8,151.9,152.2,153.2,154.9,156.3,157.1,157.6,157.8,157.7,155.6,156.0,155.4,154.0,152.7,152.3,153.0,154.3,-9.0,-7.6,-3.6,0.7,2.7,1.7,-2.7,-7.0,-14.6,-12.1,-8.4,-3.9,0.7,4.3,6.8,4.2,0.4,-3.8,-7.9,-11.7,-4.8,-2.9,-1.2,-0.6,-1.5,-3.3,-5.1,-5.7,41.5,42.5,46.3,50.5,52.8,51.7,48.0,43.4,37.7,40.0,43.4,47.9,52.1,55.4,57.6,55.8,52.9,49.2,45.1,40.9,45.4,47.3,48.9,49.4,48.4,46.5,44.9,44.4,-39.5,-43.9,-46.0,-44.6,-40.4,-35.7,-33.9,-35.4,-37.3,-39.7,-41.4,-42.5,-42.1,-40.5,-38.1,-36.3,-35.4,-34.8,-34.8,-35.6,-37.9,-37.2,-38.2,-40.1,-41.9,-42.5,-41.6,-39.7,-45.0,-49.4,-51.7,-50.5,-46.5,-42.1,-39.8,-40.7,-41.8,-44.8,-47.2,-48.6,-48.4,-47.4,-45.3,-43.0,-41.6,-40.7,-40.5,-40.6,-43.6,-43.0,-44.0,-46.0,-47.7,-48.3,-47.3,-45.3,515.9,516.5,516.8,516.6,516.0,515.7,515.2,515.4,520.0,517.5,515.2,514.2,514.8,516.3,517.9,516.2,514.6,514.2,515.2,517.4,516.5,516.5,516.6,516.8,517.1,517.1,517.0,516.8,532.1,533.3,535.0,536.1,536.2,535.0,533.4,532.3,532.5,531.8,531.7,532.7,535.3,538.7,542.0,538.6,535.3,532.8,531.7,531.8,534.1,534.6,535.3,535.8,535.8,535.3,534.5,534.0,29.8,-12.0,655.7,0.12,-0.184,-0.061,219.5,220.8,223.2,226.5,231.8,239.6,248.9,259.7,270.4,278.9,284.9,290.1,294.6,297.5,299.1,299.9,299.6,229.0,235.0,243.5,252.2,260.2,275.3,281.6,287.9,294.1,298.2,268.6,270.2,271.9,273.6,262.7,267.3,271.9,275.8,279.1,238.9,243.9,250.1,255.3,250.3,244.2,277.6,282.2,287.7,291.6,288.6,283.1,254.5,261.9,268.2,271.9,275.7,280.3,284.2,280.9,276.5,272.4,268.3,261.9,257.5,268.0,271.9,275.7,282.1,275.8,271.9,268.0,161.7,173.2,184.6,195.4,205.3,213.7,220.2,224.7,225.2,222.8,216.6,208.7,199.5,189.1,178.2,167.0,155.8,151.9,146.4,144.2,144.6,146.7,145.2,141.8,140.3,141.0,145.3,155.2,162.5,169.8,177.3,184.0,185.0,185.8,184.3,182.6,159.4,156.0,155.6,158.9,160.6,161.2,156.9,152.6,152.2,154.8,157.3,157.8,200.5,197.1,194.9,195.7,194.3,195.7,197.9,203.0,205.3,206.0,206.0,204.6,200.5,198.8,198.8,198.1,198.3,199.6,200.4,200.3,-53.4,-51.3,-47.3,-41.6,-32.2,-18.4,-1.9,16.8,35.0,50.4,62.2,72.9,81.6,87.1,89.9,91.4,91.0,-35.2,-24.9,-10.8,3.6,16.7,41.8,52.9,64.3,75.9,84.2,30.8,33.0,35.4,37.7,20.9,28.3,35.8,42.4,48.2,-18.7,-10.1,0.1,8.9,0.5,-9.7,46.8,54.8,64.5,71.9,66.0,56.4,7.5,19.7,29.9,36.1,42.4,50.8,58.4,51.8,44.0,37.0,30.2,19.7,12.5,29.7,36.1,42.6,54.5,42.7,36.2,29.7,-45.3,-25.1,-5.2,13.9,31.5,46.0,57.0,64.1,64.9,61.6,52.0,38.6,22.0,2.9,-17.1,-37.5,-58.1,-59.6,-68.4,-71.5,-70.5,-66.9,-70.1,-76.5,-80.2,-80.0,-73.6,-53.3,-40.8,-28.6,-16.3,-5.8,-4.0,-2.7,-5.2,-8.1,-47.0,-52.6,-53.3,-47.8,-44.8,-43.7,-51.8,-59.4,-60.4,-56.5,-51.7,-50.6,21.9,15.8,12.2,13.5,11.2,13.7,17.7,25.9,29.4,30.6,30.6,28.4,21.7,18.6,18.7,17.5,18.4,20.0,21.3,21.2,685.2,687.2,690.0,691.7,690.5,687.1,680.7,672.3,671.7,681.0,696.5,709.4,715.6,716.4,715.9,715.4,716.0,655.0,649.5,645.2,641.5,639.6,646.8,654.4,663.3,672.6,681.9,644.5,638.0,631.1,624.6,640.0,638.8,638.4,641.9,646.1,654.0,651.2,651.8,652.8,651.5,651.0,662.2,664.9,668.9,674.9,668.8,664.9,655.4,645.4,641.9,642.9,645.2,654.0,667.3,655.3,647.7,645.0,644.1,647.2,653.3,644.5,645.2,647.9,663.4,647.8,645.1,644.6,0.59,0.115,-0.245,-0.054,267.71,180.218,-8.286,4.745,-12.643,16.96,4.159,0.569,-4.46,2.42,2.428,-1.841,-1.305,1.296,0.129,-1.511,-0.875,-0.481,-0.018,0.94,-1.531,-0.738,0.414,-0.418,0.05,-0.366,0.011,-0.022,0.041,0.001,-0.1,-0.023,-0.028,0.002,-0.0,-0.006,0.67,0.44,0.0,0.8,0.0,0.0,0.0,0.0,0.0,0.06,0.0,0.0,0.0,0.0,0.0,0.0,0.0,1.0,1.0,0.0,1.0,0.0,0.0,0.0,0.0,0.0,0.0,0.0,0.0,0.0,0.0,0.0,0.0,1.0,0.0
PP133,g1,4347,0,0.975,0.207836,0.1192,-0.970874,0.054218,0.131067,-0.98989,0.133,0.127,242.9,243.9,247.0,250.2,251.8,251.0,247.8,244.5,238.8,240.6,243.4,246.8,250.3,253.0,254.9,253.0,250.1,246.9,243.8,240.9,246.1,247.6,248.9,249.3,248.6,247.2,245.9,245.4,280.1,280.8,283.4,286.5,288.1,287.5,284.8,281.6,277.4,279.1,281.6,284.8,287.7,289.8,291.2,290.2,288.3,285.8,282.8,279.8,282.9,284.3,285.4,285.7,285.0,283.6,282.5,282.2,157.7,154.4,152.8,153.8,156.9,160.4,161.8,160.8,159.6,157.6,156.2,155.3,155.6,156.8,158.7,160.0,160.6,161.1,161.2,160.8,158.9,159.4,158.7,157.2,155.9,155.4,156.1,157.6,154.2,151.0,149.5,150.4,153.3,156.5,158.1,157.4,156.6,154.3,152.6,151.6,151.9,152.9,154.6,156.0,156.8,157.3,157.5,157.4,155.4,155.8,155.1,153.7,152.4,152.0,152.7,154.1,-9.3,-8.0,-4.0,0.3,2.4,1.4,-2.9,-7.2,-14.9,-12.4,-8.8,-4.3,0.3,3.9,6.5,3.9,0.1,-4.0,-8.2,-12.0,-5.1,-3.2,-1.5,-0.9,-1.8,-3.7,-5.5,-6.0,41.2,42.2,45.9,50.2,52.5,51.4,47.7,43.1,37.4,39.7,43.1,47.5,51.8,55.0,57.2,55.5,52.6,49.0,44.8,40.6,45.1,47.0,48.6,49.1,48.1,46.2,44.6,44.1,-39.4,-43.8,-46.0,-44.6,-40.5,-35.7,-33.9,-35.3,-37.1,-39.6,-41.3,-42.4,-42.1,-40.5,-38.2,-36.3,-35.4,-34.7,-34.7,-35.4,-37.8,-37.2,-38.1,-40.1,-41.9,-42.5,-41.5,-39.6,-45.5,-49.9,-52.2,-51.0,-47.0,-42.6,-40.3,-41.1,-42.2,-45.3,-47.6,-49.1,-48.9,-47.9,-45.8,-43.6,-42.1,-41.3,-41.0,-41.0,-44.1,-43.5,-44.5,-46.5,-48.2,-48.7,-47.7,-45.8,516.0,516.6,516.8,516.6,516.1,515.7,515.2,515.4,520.0,517.5,515.3,514.2,514.8,516.3,517.9,516.2,514.6,514.2,515.2,517.4,516.6,516.5,516.6,516.8,517.1,517.2,517.1,516.8,533.4,534.6,536.2,537.4,537.4,536.3,534.6,533.5,533.6,533.0,532.9,534.0,536.6,540.0,543.2,539.8,536.5,534.0,532.9,533.0,535.3,535.8,536.5,537.0,537.0,536.5,535.8,535.3,29.8,-12.0,654.5,0.1,-0.19,-0.07,219.5,220.9,223.4,226.7,232.0,239.8,249.2,260.1,270.7,279.2,285.0,290.1,294.5,297.3,298.9,299.7,299.3,228.8,234.8,243.2,251.9,259.8,274.9,281.2,287.4,293.6,297.8,268.3,270.0,271.8,273.6,262.8,267.4,272.0,275.9,279.2,238.6,243.6,249.8,255.1,250.1,244.0,277.3,281.8,287.3,291.3,288.3,282.9,254.9,262.3,268.5,272.2,276.0,280.6,284.4,281.3,277.0,272.9,268.8,262.4,257.9,268.3,272.2,276.0,282.4,276.1,272.3,268.3,162.3,173.8,185.1,195.9,205.8,214.2,220.8,225.2,225.7,223.4,217.3,209.5,200.2,189.6,178.5,167.2,155.8,152.1,146.5,144.3,144.5,146.5,144.9,141.5,140.0,140.7,145.0,154.9,162.2,169.4,176.9,183.8,184.8,185.6,184.1,182.3,159.6,156.0,155.6,158.8,160.6,161.3,156.7,152.3,151.9,154.5,157.0,157.5,200.8,197.1,194.8,195.5,194.1,195.5,197.8,202.9,205.1,206.0,206.0,204.7,200.6,198.7,198.6,197.9,198.3,199.5,200.3,200.3,-53.3,-51.0,-46.9,-41.1,-31.6,-17.9,-1.5,17.3,35.5,50.8,62.3,72.7,81.3,86.7,89.5,90.9,90.3,-35.5,-25.3,-11.3,3.1,16.1,41.2,52.2,63.5,75.0,83.4,30.2,32.7,35.2,37.7,21.0,28.5,36.0,42.5,48.2,-19.0,-10.6,-0.4,8.5,0.1,-10.1,46.3,54.2,63.9,71.3,65.5,55.9,8.2,20.2,30.3,36.5,42.8,51.2,58.6,52.3,44.7,37.7,30.9,20.5,13.2,30.2,36.6,43.1,54.8,43.2,36.7,30.2,-44.0,-23.9,-4.2,14.8,32.3,46.8,57.7,64.7,65.5,62.3,53.0,39.8,23.2,3.9,-16.4,-37.2,-58.1,-59.2,-68.2,-71.4,-70.5,-67.1,-70.6,-77.0,-80.7,-80.5,-74.1,-53.7,-41.3,-29.1,-16.9,-6.0,-4.3,-3.1,-5.6,-8.6,-46.7,-52.4,-53.3,-47.9,-44.8,-43.6,-52.2,-59.8,-60.9,-57.0,-52.2,-51.0,22.2,15.8,11.9,13.1,10.8,13.4,17.6,25.7,29.2,30.4,30.4,28.4,21.9,18.4,18.4,17.2,18.3,19.8,21.1,21.0,683.3,684.9,687.6,689.2,688.0,684.5,678.1,669.8,669.4,678.8,694.5,707.8,714.5,715.7,715.4,714.9,715.6,654.2,649.0,644.8,641.3,639.5,646.7,654.3,663.3,672.5,681.7,644.1,637.4,630.4,623.8,638.8,637.6,637.2,640.8,645.2,653.3,650.7,651.3,652.4,650.9,650.4,661.7,664.6,668.6,674.5,668.4,664.4,653.6,643.6,640.4,641.5,643.8,652.5,665.6,653.6,646.0,643.4,642.4,645.3,651.4,642.9,643.6,646.4,661.6,646.3,643.5,643.0,0.591,0.096,-0.253,-0.064,267.731,180.244,-9.498,2.864,-12.94,18.108,3.045,0.868,-3.908,2.96,2.69,-2.59,-1.383,1.044,-0.162,-1.635,-0.614,-0.6,-0.235,0.836,-1.4,-0.818,0.407,-0.3,-0.05,-0.418,0.011,0.057,0.095,-0.019,-0.092,-0.018,-0.028,-0.003,0.003,-0.009,0.65,0.46,0.0,1.05,0.0,0.0,0.0,0.0,0.0,0.0,0.0,0.0,0.0,0.0,0.0,0.04,0.0,1.0,1.0,0.0,1.0,0.0,0.0,0.0,0.0,0.0,0.0,0.0,0.0,0.0,0.0,0.0,0.0,1.0,0.0
PP133,g1,4353,0,0.975,0.206581,0.113348,-0.971842,0.055632,0.124944,-0.990603,0.133,0.121,242.8,243.8,246.8,250.1,251.7,250.9,247.7,244.4,238.7,240.5,243.2,246.6,250.1,252.8,254.8,252.9,250.0,246.8,243.7,240.8,246.0,247.4,248.8,249.2,248.5,247.1,245.8,245.3,280.1,280.7,283.3,286.4,288.0,287.4,284.8,281.5,277.3,279.0,281.5,284.7,287.6,289.7,291.1,290.1,288.2,285.7,282.8,279.7,282.8,284.2,285.3,285.6,284.9,283.5,282.4,282.1,157.4,154.1,152.5,153.5,156.6,160.1,161.5,160.5,159.3,157.3,155.9,155.0,155.3,156.5,158.4,159.7,160.3,160.8,160.9,160.5,158.6,159.1,158.3,156.9,155.6,155.1,155.8,157.3,153.9,150.7,149.2,150.1,153.0,156.2,157.8,157.1,156.3,154.0,152.3,151.3,151.6,152.6,154.3,155.7,156.5,157.0,157.2,157.1,155.1,155.5,154.8,153.4,152.1,151.7,152.4,153.8,-9.5,-8.2,-4.2,0.1,2.2,1.2,-3.1,-7.4,-15.1,-12.6,-8.9,-4.4,0.2,3.8,6.4,3.8,-0.0,-4.2,-8.4,-12.2,-5.3,-3.4,-1.6,-1.1,-2.0,-3.9,-5.6,-6.2,41.0,42.0,45.7,50.0,52.3,51.3,47.5,43.0,37.2,39.6,43.0,47.4,51.6,54.9,57.1,55.3,52.5,48.8,44.7,40.5,45.0,46.8,48.5,48.9,47.9,46.1,44.4,44.0,-39.8,-44.2,-46.4,-45.0,-40.9,-36.2,-34.3,-35.7,-37.5,-40.0,-41.7,-42.8,-42.5,-41.0,-38.6,-36.8,-35.8,-35.1,-35.1,-35.8,-38.2,-37.6,-38.6,-40.5,-42.3,-42.9,-41.9,-40.0,-45.9,-50.3,-52.6,-51.4,-47.4,-43.0,-40.7,-41.5,-42.6,-45.7,-48.0,-49.5,-49.3,-48.2,-46.1,-43.9,-42.5,-41.7,-41.4,-41.5,-44.4,-43.9,-44.9,-46.9,-48.6,-49.1,-48.1,-46.2,516.0,516.6,516.9,516.6,516.1,515.7,515.2,515.4,520.0,517.5,515.3,514.2,514.9,516.3,517.9,516.2,514.6,514.2,515.2,517.4,516.6,516.5,516.6,516.9,517.1,517.2,517.1,516.8,533.1,534.3,536.0,537.2,537.2,536.0,534.3,533.2,533.4,532.7,532.7,533.7,536.4,539.8,543.0,539.6,536.2,533.8,532.6,532.7,535.0,535.5,536.3,536.8,536.8,536.3,535.5,535.0,29.7,-12.3,652.6,0.089,-0.19,-0.071,219.4,220.8,223.3,226.7,232.0,239.8,249.1,260.1,270.8,279.4,285.2,290.2,294.5,297.3,298.8,299.6,299.2,228.7,234.6,243.0,251.7,259.7,274.8,281.1,287.3,293.5,297.7,268.2,269.9,271.7,273.5,262.7,267.4,272.0,275.9,279.2,238.5,243.5,249.6,255.0,250.0,243.8,277.2,281.8,287.2,291.2,288.2,282.8,255.0,262.3,268.5,272.3,276.0,280.6,284.4,281.3,277.1,273.0,268.8,262.5,258.1,268.4,272.2,276.0,282.3,276.1,272.3,268.4,162.2,173.8,185.1,196.0,206.0,214.4,221.0,225.5,225.9,223.6,217.6,209.7,200.4,189.8,178.6,167.1,155.7,151.9,146.2,143.9,144.2,146.1,144.5,141.2,139.6,140.4,144.8,154.5,161.8,169.0,176.5,183.5,184.5,185.3,183.7,182.0,159.3,155.7,155.2,158.5,160.3,161.0,156.3,152.0,151.6,154.2,156.7,157.2,200.7,196.9,194.5,195.3,193.8,195.3,197.7,202.7,204.9,205.7,205.8,204.5,200.5,198.4,198.4,197.6,198.2,199.2,200.1,200.1,-53.4,-51.1,-46.9,-41.0,-31.6,-17.9,-1.5,17.3,35.6,50.8,62.3,72.6,81.1,86.4,89.1,90.5,89.9,-35.7,-25.6,-11.5,2.9,15.8,40.9,51.9,63.2,74.7,83.1,29.9,32.4,35.0,37.5,20.8,28.3,35.8,42.3,48.1,-19.1,-10.8,-0.6,8.3,-0.1,-10.2,46.0,53.9,63.6,71.0,65.2,55.7,8.3,20.3,30.2,36.4,42.7,51.0,58.4,52.2,44.6,37.7,30.9,20.6,13.4,30.1,36.5,42.9,54.6,43.1,36.6,30.1,-44.2,-24.0,-4.2,14.9,32.4,46.9,57.9,64.8,65.5,62.4,53.3,40.1,23.5,4.1,-16.3,-37.2,-58.1,-59.4,-68.5,-71.8,-71.0,-67.6,-71.0,-77.5,-81.2,-80.9,-74.4,-54.3,-41.8,-29.7,-17.5,-6.5,-4.8,-3.6,-6.2,-9.1,-47.1,-52.8,-53.7,-48.4,-45.2,-44.0,-52.7,-60.2,-61.2,-57.3,-52.6,-51.4,22.0,15.4,11.5,12.7,10.4,13.0,17.4,25.3,28.7,29.9,29.9,28.0,21.6,17.9,17.9,16.7,18.0,19.4,20.7,20.6,681.7,683.3,685.7,687.2,685.8,682.2,675.8,667.4,666.8,676.4,692.1,705.6,712.4,713.7,713.5,713.0,713.8,653.0,647.8,643.7,640.2,638.5,645.6,653.2,662.2,671.4,680.6,642.8,636.0,628.8,622.1,637.0,635.7,635.3,639.0,643.4,651.9,649.4,650.0,651.0,649.6,649.0,660.4,663.3,667.3,673.2,667.0,663.1,651.4,641.5,638.4,639.5,641.8,650.4,663.4,651.3,643.7,641.1,640.1,643.0,649.2,640.8,641.5,644.3,659.4,644.2,641.4,640.9,0.593,0.085,-0.253,-0.066,267.689,180.065,-9.871,3.072,-13.254,18.888,2.25,1.078,-3.81,2.83,2.862,-3.08,-1.552,0.933,-0.392,-1.646,-0.401,-0.605,-0.262,0.906,-1.459,-0.638,0.423,-0.186,-0.102,-0.65,0.097,0.105,0.1,-0.016,-0.089,-0.023,-0.028,-0.005,0.001,-0.009,0.32,0.36,0.0,1.0,0.0,0.0,0.0,0.0,0.0,0.0,0.0,0.0,0.0,0.0,0.0,0.0,0.0,1.0,1.0,0.0,1.0,0.0,0.0,0.0,0.0,0.0,0.0,0.0,0.0,0.0,0.0,0.0,1.0,1.0,0.0
PP133,g1,4359,0,0.975,0.20541,0.113525,-0.972069,0.054576,0.124858,-0.990672,0.132,0.121,242.3,243.3,246.3,249.6,251.2,250.4,247.1,243.9,238.2,240.0,242.7,246.1,249.6,252.3,254.3,252.3,249.5,246.3,243.1,240.3,245.5,246.9,248.2,248.7,248.0,246.6,245.2,244.8,279.5,280.2,282.8,285.8,287.5,286.8,284.2,280.9,276.7,278.4,280.9,284.1,287.0,289.2,290.5,289.5,287.7,285.2,282.2,279.1,282.3,283.6,284.7,285.0,284.3,283.0,281.8,281.5,157.4,154.0,152.4,153.4,156.5,160.1,161.4,160.4,159.3,157.3,155.8,154.9,155.2,156.4,158.3,159.6,160.3,160.8,160.8,160.4,158.6,159.0,158.3,156.9,155.5,155.1,155.8,157.2,153.8,150.6,149.1,150.0,152.9,156.1,157.7,157.0,156.2,153.9,152.2,151.2,151.5,152.5,154.2,155.6,156.4,156.9,157.1,157.0,155.0,155.4,154.7,153.3,152.0,151.6,152.3,153.7,-10.2,-8.9,-4.9,-0.6,1.5,0.5,-3.8,-8.1,-15.8,-13.3,-9.6,-5.1,-0.5,3.1,5.7,3.1,-0.7,-4.9,-9.0,-12.8,-6.0,-4.1,-2.3,-1.8,-2.7,-4.6,-6.3,-6.9,40.2,41.2,44.9,49.2,51.5,50.5,46.8,42.2,36.4,38.8,42.1,46.6,50.8,54.1,56.2,54.5,51.7,48.1,43.9,39.7,44.2,46.0,47.7,48.1,47.1,45.2,43.6,43.2,-39.9,-44.3,-46.5,-45.1,-41.0,-36.3,-34.4,-35.8,-37.6,-40.1,-41.9,-43.0,-42.6,-41.1,-38.7,-36.9,-35.9,-35.2,-35.2,-35.9,-38.3,-37.7,-38.7,-40.6,-42.4,-43.0,-42.1,-40.1,-46.0,-50.4,-52.7,-51.5,-47.5,-43.1,-40.8,-41.6,-42.7,-45.7,-48.1,-49.6,-49.4,-48.4,-46.2,-44.0,-42.6,-41.7,-41.5,-41.5,-44.5,-44.0,-45.0,-47.0,-48.7,-49.2,-48.2,-46.3,516.7,517.3,517.5,517.3,516.7,516.3,515.8,516.1,520.7,518.2,516.0,514.9,515.5,516.9,518.5,516.8,515.2,514.8,515.9,518.1,517.2,517.1,517.2,517.5,517.7,517.9,517.7,517.5,532.7,533.9,535.6,536.8,536.8,535.6,533.9,532.8,532.9,532.3,532.3,533.3,536.0,539.4,542.6,539.2,535.8,533.4,532.2,532.3,534.6,535.1,535.9,536.4,536.4,535.9,535.1,534.6,28.8,-12.2,653.4,0.092,-0.189,-0.071,219.1,220.4,222.9,226.3,231.6,239.4,248.7,259.6,270.2,278.7,284.5,289.6,293.9,296.8,298.3,299.1,298.7,228.2,234.2,242.5,251.2,259.0,274.2,280.5,286.7,292.8,297.1,267.6,269.3,271.1,272.9,262.2,266.8,271.4,275.3,278.6,238.0,243.0,249.1,254.5,249.4,243.3,276.7,281.2,286.7,290.6,287.6,282.2,254.3,261.7,267.8,271.6,275.4,280.0,283.8,280.7,276.4,272.3,268.2,261.8,257.4,267.7,271.6,275.4,281.8,275.5,271.7,267.7,162.2,173.8,185.2,196.0,206.0,214.4,221.0,225.5,225.9,223.6,217.7,209.9,200.5,189.9,178.6,167.1,155.6,151.8,146.2,144.0,144.2,146.1,144.5,141.1,139.6,140.4,144.7,154.5,161.8,169.2,176.7,183.6,184.6,185.4,183.8,182.1,159.3,155.7,155.2,158.4,160.3,161.0,156.3,151.9,151.5,154.1,156.6,157.1,200.7,197.0,194.7,195.4,194.0,195.4,197.7,202.7,204.9,205.7,205.8,204.5,200.5,198.5,198.5,197.7,198.2,199.3,200.1,200.1,-54.1,-51.8,-47.6,-41.7,-32.3,-18.6,-2.3,16.4,34.6,49.8,61.2,71.5,80.1,85.5,88.3,89.7,89.1,-36.4,-26.2,-12.3,1.9,14.8,40.1,51.0,62.2,73.6,82.1,29.0,31.5,34.1,36.5,19.9,27.4,34.9,41.4,47.1,-20.0,-11.7,-1.5,7.4,-0.9,-11.1,45.1,53.0,62.7,70.1,64.3,54.8,7.2,19.2,29.2,35.4,41.7,50.0,57.5,51.2,43.6,36.7,29.8,19.5,12.3,29.1,35.5,42.0,53.7,42.1,35.6,29.1,-44.2,-24.0,-4.1,15.0,32.6,47.1,58.1,65.0,65.7,62.6,53.5,40.4,23.7,4.3,-16.2,-37.2,-58.3,-59.7,-68.6,-71.8,-71.0,-67.7,-71.2,-77.6,-81.2,-81.1,-74.7,-54.4,-41.8,-29.6,-17.2,-6.4,-4.7,-3.4,-6.0,-8.9,-47.2,-53.0,-53.8,-48.5,-45.3,-44.1,-52.8,-60.4,-61.5,-57.5,-52.8,-51.6,22.0,15.6,11.7,13.0,10.7,13.2,17.4,25.4,28.8,29.9,30.0,28.0,21.7,18.1,18.1,16.9,18.1,19.5,20.8,20.7,682.3,683.9,686.4,688.0,686.6,683.0,676.6,668.2,667.6,677.0,692.6,706.1,712.9,714.3,714.0,713.4,714.1,653.6,648.5,644.5,641.0,639.2,646.3,653.9,662.6,671.6,680.7,643.5,636.8,629.6,623.0,637.9,636.6,636.1,639.8,644.2,652.7,650.2,650.7,651.7,650.3,649.7,660.9,663.8,667.7,673.5,667.4,663.5,652.5,642.7,639.6,640.6,642.9,651.5,664.3,652.3,644.8,642.1,641.2,644.1,650.3,641.9,642.6,645.3,660.4,645.2,642.5,642.0,0.592,0.088,-0.251,-0.065,267.128,180.091,-11.638,2.472,-13.254,18.977,2.532,2.309,-3.369,2.843,2.749,-3.003,-1.43,1.283,-0.302,-1.75,-0.467,-0.611,-0.181,0.994,-1.475,-0.714,0.309,-0.162,-0.14,-0.52,0.057,0.091,0.095,-0.009,-0.086,-0.019,-0.025,-0.003,0.005,-0.007,0.39,0.36,0.0,1.15,0.0,0.0,0.0,0.0,0.0,0.0,0.05,0.0,0.0,0.0,0.0,0.27,0.0,1.0,1.0,0.0,1.0,0.0,0.0,0.0,0.0,0.0,0.0,0.0,0.0,0.0,0.0,0.0,1.0,1.0,0.0
PP133,g1,4365,0,0.975,0.207981,0.114568,-0.9714,0.054669,0.124865,-0.990667,0.133,0.121,242.2,243.2,246.3,249.5,251.1,250.3,247.0,243.8,238.0,239.9,242.6,246.0,249.5,252.3,254.2,252.3,249.4,246.2,243.0,240.2,245.4,246.8,248.2,248.6,247.9,246.5,245.2,244.7,279.5,280.2,282.8,285.8,287.5,286.8,284.2,280.9,276.7,278.4,280.9,284.1,287.1,289.2,290.5,289.5,287.7,285.2,282.2,279.1,282.3,283.6,284.8,285.1,284.3,283.0,281.8,281.6,156.8,153.5,151.9,152.9,156.0,159.6,160.9,159.9,158.7,156.7,155.2,154.3,154.7,155.9,157.9,159.1,159.8,160.2,160.3,159.9,158.0,158.5,157.8,156.3,155.0,154.5,155.2,156.7,153.4,150.2,148.7,149.6,152.6,155.7,157.3,156.6,155.8,153.6,151.8,150.8,151.1,152.1,153.9,155.3,156.1,156.6,156.7,156.7,154.6,155.0,154.3,152.9,151.7,151.2,151.9,153.3,-10.3,-8.9,-4.9,-0.6,1.5,0.4,-3.9,-8.2,-15.9,-13.4,-9.7,-5.2,-0.6,3.0,5.6,3.0,-0.8,-5.0,-9.2,-13.0,-6.1,-4.2,-2.4,-1.8,-2.8,-4.6,-6.4,-7.0,40.0,41.0,44.7,49.0,51.3,50.3,46.5,42.0,36.2,38.6,42.0,46.4,50.6,53.9,56.0,54.3,51.5,47.8,43.7,39.5,44.0,45.8,47.5,47.9,46.9,45.0,43.4,43.0,-40.4,-44.9,-47.0,-45.6,-41.5,-36.8,-34.9,-36.3,-38.2,-40.7,-42.4,-43.5,-43.1,-41.6,-39.2,-37.3,-36.4,-35.8,-35.8,-36.5,-38.9,-38.2,-39.2,-41.1,-42.9,-43.5,-42.6,-40.7,-46.2,-50.7,-53.0,-51.8,-47.8,-43.3,-41.1,-41.9,-43.0,-46.0,-48.4,-49.9,-49.7,-48.6,-46.5,-44.3,-42.9,-42.0,-41.7,-41.8,-44.8,-44.3,-45.3,-47.2,-49.0,-49.5,-48.5,-46.6,514.3,514.9,515.2,514.9,514.3,514.0,513.5,513.7,518.3,515.8,513.6,512.5,513.1,514.6,516.2,514.5,512.8,512.4,513.5,515.7,514.8,514.7,514.9,515.1,515.4,515.5,515.4,515.1,530.1,531.3,533.0,534.2,534.2,533.0,531.3,530.2,530.3,529.7,529.7,530.7,533.4,536.8,540.0,536.6,533.2,530.7,529.6,529.7,532.0,532.5,533.3,533.8,533.8,533.3,532.5,532.0,28.5,-13.2,653.6,0.095,-0.189,-0.067,218.7,220.1,222.6,226.0,231.3,239.0,248.3,259.2,269.8,278.3,284.2,289.3,293.7,296.6,298.1,299.0,298.6,228.0,234.0,242.4,251.2,259.1,274.2,280.5,286.7,292.9,297.2,267.6,269.3,271.1,272.8,261.9,266.6,271.2,275.1,278.5,237.9,242.9,249.1,254.4,249.3,243.2,276.6,281.2,286.7,290.7,287.7,282.2,253.9,261.3,267.5,271.3,275.1,279.7,283.6,280.4,276.1,272.0,267.8,261.4,256.9,267.4,271.3,275.1,281.5,275.2,271.4,267.4,161.5,173.2,184.6,195.4,205.4,213.8,220.3,224.6,225.1,222.8,216.8,209.1,199.8,189.2,178.1,166.8,155.3,151.3,145.6,143.4,143.7,145.6,144.0,140.7,139.2,140.0,144.4,154.0,161.4,168.7,176.3,183.1,184.2,184.9,183.4,181.7,158.7,155.1,154.6,158.0,159.8,160.4,155.9,151.6,151.2,153.8,156.3,156.8,200.0,196.4,194.1,194.9,193.5,194.9,197.2,202.1,204.3,205.0,205.1,203.8,199.9,198.0,198.0,197.2,197.7,198.6,199.4,199.4,-54.7,-52.4,-48.2,-42.4,-33.0,-19.3,-2.9,15.7,33.9,49.1,60.6,71.1,79.7,85.2,88.0,89.5,89.0,-36.8,-26.5,-12.5,1.9,14.9,40.1,51.1,62.4,73.9,82.3,29.0,31.5,34.0,36.4,19.5,27.1,34.6,41.2,46.9,-20.2,-11.8,-1.5,7.3,-1.1,-11.3,45.1,53.0,62.8,70.2,64.4,54.8,6.5,18.7,28.7,35.0,41.3,49.6,57.1,50.7,43.0,36.1,29.2,18.8,11.6,28.6,35.0,41.5,53.3,41.7,35.1,28.6,-45.4,-25.1,-5.2,14.0,31.5,45.9,56.8,63.6,64.2,61.2,52.0,39.0,22.4,3.2,-17.1,-37.9,-58.9,-60.5,-69.5,-72.8,-71.9,-68.5,-71.9,-78.3,-81.9,-81.7,-75.2,-55.2,-42.6,-30.3,-17.9,-7.2,-5.4,-4.2,-6.7,-9.6,-48.2,-54.0,-54.7,-49.3,-46.2,-45.0,-53.5,-61.1,-62.1,-58.1,-53.4,-52.2,20.9,14.6,10.9,12.1,9.9,12.4,16.5,24.3,27.7,28.8,28.8,26.9,20.6,17.2,17.3,16.1,17.2,18.4,19.6,19.6,683.0,684.5,687.0,688.4,687.0,683.4,677.0,668.5,667.8,677.2,692.9,706.4,713.2,714.5,714.5,714.1,715.0,654.0,648.8,644.7,641.1,639.2,646.5,654.1,662.9,672.0,681.1,643.7,636.9,629.8,623.1,638.1,636.7,636.3,639.9,644.3,652.8,650.2,650.8,651.8,650.3,649.8,661.1,664.0,668.0,673.9,667.7,663.8,652.8,643.0,639.8,640.8,643.1,651.7,664.7,652.5,644.8,642.1,641.2,644.3,650.6,642.1,642.8,645.5,660.7,645.2,642.5,642.0,0.592,0.089,-0.25,-0.061,266.935,179.544,-9.858,3.036,-13.094,18.019,3.486,2.311,-4.138,2.333,2.409,-2.418,-1.358,1.578,-0.011,-1.34,-0.667,-0.538,-0.035,1.099,-1.384,-0.644,0.475,-0.314,-0.086,-0.488,0.074,-0.009,0.086,0.005,-0.088,-0.021,-0.011,-0.002,0.0,-0.013,0.58,0.51,0.0,1.02,0.0,0.0,0.08,0.0,0.0,0.0,0.0,0.0,0.0,0.0,0.0,0.15,0.0,1.0,1.0,0.0,1.0,0.0,0.0,0.0,0.0,0.0,0.0,0.0,0.0,0.0,0.0,0.0,1.0,1.0,0.0
PP133,g1,4371,0,0.975,0.203786,0.125464,-0.970943,0.048939,0.135208,-0.989608,0.128,0.132,241.8,242.8,245.9,249.1,250.7,249.9,246.6,243.3,237.6,239.5,242.2,245.6,249.1,251.9,253.8,251.8,248.9,245.8,242.6,239.8,245.0,246.4,247.7,248.2,247.5,246.1,244.8,244.3,279.1,279.8,282.5,285.5,287.2,286.5,283.9,280.6,276.3,278.1,280.6,283.8,286.8,288.9,290.2,289.2,287.4,284.9,281.8,278.7,281.9,283.3,284.4,284.7,284.0,282.7,281.5,281.2,156.6,153.3,151.7,152.8,155.9,159.4,160.8,159.7,158.5,156.5,155.0,154.2,154.5,155.8,157.7,159.0,159.6,160.1,160.1,159.7,157.8,158.3,157.6,156.2,154.8,154.3,155.0,156.5,153.3,150.1,148.5,149.5,152.4,155.6,157.2,156.5,155.7,153.4,151.6,150.6,150.9,151.9,153.7,155.1,155.9,156.4,156.6,156.5,154.4,154.9,154.2,152.8,151.5,151.1,151.8,153.2,-10.8,-9.5,-5.4,-1.1,0.9,-0.1,-4.5,-8.8,-16.4,-13.9,-10.2,-5.7,-1.1,2.5,5.0,2.4,-1.4,-5.6,-9.7,-13.5,-6.6,-4.7,-3.0,-2.4,-3.3,-5.2,-6.9,-7.5,39.4,40.4,44.1,48.4,50.7,49.7,45.9,41.4,35.6,37.9,41.3,45.8,50.0,53.3,55.4,53.7,50.8,47.2,43.0,38.9,43.4,45.2,46.9,47.3,46.3,44.4,42.8,42.4,-40.7,-45.1,-47.2,-45.8,-41.7,-37.0,-35.2,-36.6,-38.5,-40.9,-42.7,-43.7,-43.3,-41.8,-39.3,-37.5,-36.6,-36.0,-36.0,-36.8,-39.1,-38.5,-39.4,-41.3,-43.1,-43.7,-42.8,-40.9,-46.3,-50.7,-53.0,-51.8,-47.8,-43.4,-41.1,-42.0,-43.0,-46.1,-48.5,-49.9,-49.8,-48.7,-46.6,-44.4,-42.9,-42.1,-41.8,-41.9,-44.9,-44.3,-45.3,-47.3,-49.0,-49.6,-48.6,-46.6,514.3,514.8,515.1,514.9,514.3,513.9,513.4,513.7,518.3,515.8,513.5,512.5,513.1,514.5,516.1,514.4,512.8,512.4,513.5,515.7,514.8,514.7,514.8,515.1,515.3,515.4,515.3,515.1,528.3,529.5,531.2,532.4,532.4,531.2,529.5,528.4,528.6,528.0,527.9,528.9,531.5,534.9,538.1,534.8,531.4,529.0,527.8,528.0,530.2,530.7,531.5,532.0,532.0,531.5,530.7,530.2,27.8,-13.6,654.5,0.114,-0.18,-0.067,218.3,219.7,222.2,225.6,230.9,238.7,248.0,258.8,269.4,278.0,284.0,289.2,293.6,296.5,298.1,298.9,298.5,227.6,233.6,242.0,250.8,258.8,273.8,280.1,286.4,292.7,297.0,267.2,268.8,270.5,272.2,261.4,266.0,270.7,274.6,277.9,237.5,242.5,248.7,254.0,248.9,242.8,276.3,280.9,286.4,290.4,287.3,281.9,253.2,260.6,266.9,270.7,274.5,279.2,283.1,279.8,275.4,271.3,267.1,260.7,256.2,266.8,270.7,274.5,281.1,274.6,270.7,266.8,161.1,172.7,184.0,194.9,204.8,213.2,219.6,224.1,224.5,222.0,215.9,207.9,198.7,188.2,177.3,166.1,154.9,151.2,145.5,143.3,143.6,145.7,144.1,140.7,139.2,140.0,144.3,154.0,161.4,168.8,176.3,183.0,184.1,184.9,183.4,181.6,158.4,154.9,154.5,157.8,159.6,160.2,155.8,151.4,151.0,153.6,156.1,156.6,199.6,196.1,193.9,194.7,193.3,194.7,196.8,201.9,204.2,205.0,205.0,203.6,199.6,197.8,197.8,197.1,197.3,198.5,199.4,199.3,-55.6,-53.3,-49.1,-43.2,-33.7,-19.9,-3.4,15.2,33.3,48.7,60.5,71.1,79.8,85.2,87.9,89.3,88.7,-37.6,-27.3,-13.2,1.3,14.4,39.3,50.4,61.8,73.4,81.8,28.4,30.7,33.1,35.5,18.7,26.2,33.7,40.4,46.1,-20.9,-12.5,-2.2,6.6,-1.8,-12.0,44.5,52.4,62.2,69.7,63.8,54.1,5.4,17.6,27.7,34.0,40.4,48.8,56.5,49.9,42.0,35.0,28.1,17.7,10.4,27.6,34.1,40.6,52.6,40.7,34.2,27.6,-46.4,-26.1,-6.1,13.1,30.6,45.0,55.9,62.8,63.4,60.1,50.4,37.0,20.4,1.3,-18.7,-39.1,-59.7,-60.8,-69.8,-73.0,-72.0,-68.4,-71.8,-78.2,-81.9,-81.7,-75.3,-55.2,-42.5,-30.2,-17.8,-7.3,-5.6,-4.3,-6.8,-9.7,-48.6,-54.3,-55.1,-49.5,-46.5,-45.4,-53.7,-61.4,-62.4,-58.4,-53.7,-52.5,20.3,14.3,10.6,11.9,9.6,12.0,15.9,24.1,27.6,28.8,28.8,26.7,20.1,17.0,17.0,15.8,16.7,18.2,19.6,19.5,685.0,686.8,689.5,691.0,689.7,686.0,679.4,670.8,670.0,679.2,694.6,707.6,713.9,714.9,714.5,714.1,714.8,654.8,649.2,644.9,641.1,639.1,646.1,653.5,662.4,671.5,680.7,643.6,637.0,630.0,623.4,638.9,637.6,637.1,640.6,644.8,653.5,650.7,651.1,652.1,650.8,650.3,661.2,663.9,667.7,673.7,667.6,663.8,654.5,644.4,640.8,641.8,644.0,652.8,665.9,653.9,646.3,643.6,642.8,646.0,652.3,643.3,644.0,646.7,662.0,646.5,643.8,643.3,0.591,0.107,-0.238,-0.061,266.503,179.274,-8.652,4.755,-12.19,17.195,4.15,1.742,-4.273,2.154,2.426,-1.758,-0.984,1.504,0.286,-1.2,-0.886,-0.54,0.091,1.121,-1.203,-0.576,0.36,-0.379,0.02,-0.323,0.113,-0.101,0.083,0.0,-0.088,-0.024,-0.016,0.006,0.001,-0.009,0.66,0.44,0.0,1.0,0.0,0.0,0.0,0.0,0.0,0.0,0.0,0.0,0.0,0.0,0.0,0.04,0.0,1.0,1.0,0.0,1.0,0.0,0.0,0.0,0.0,0.0,0.0,0.0,0.0,0.0,0.0,0.0,1.0,1.0,0.0
PP133,g1,4377,0,0.975,0.206421,0.121354,-0.970909,0.050844,0.131598,-0.989998,0.13,0.128,242.1,243.1,246.2,249.4,251.0,250.2,246.9,243.7,237.9,239.8,242.5,246.0,249.5,252.2,254.1,252.2,249.3,246.1,242.9,240.1,245.3,246.7,248.1,248.5,247.8,246.4,245.1,244.6,279.5,280.1,282.8,285.8,287.5,286.8,284.2,280.9,276.7,278.4,280.9,284.1,287.1,289.2,290.6,289.6,287.7,285.2,282.2,279.1,282.3,283.6,284.8,285.1,284.3,283.0,281.8,281.5,156.8,153.5,151.9,153.0,156.1,159.6,161.0,159.9,158.7,156.7,155.3,154.4,154.7,156.0,158.0,159.2,159.9,160.3,160.3,159.9,158.1,158.5,157.8,156.4,155.0,154.6,155.3,156.7,153.4,150.2,148.7,149.6,152.5,155.7,157.3,156.6,155.9,153.6,151.8,150.8,151.0,152.1,153.8,155.2,156.1,156.6,156.7,156.7,154.6,155.0,154.3,152.9,151.6,151.2,151.9,153.3,-10.4,-9.0,-5.0,-0.7,1.3,0.3,-4.0,-8.3,-16.0,-13.5,-9.8,-5.3,-0.7,2.9,5.5,2.8,-1.0,-5.1,-9.3,-13.1,-6.2,-4.3,-2.6,-2.0,-2.9,-4.8,-6.5,-7.1,39.9,40.9,44.6,48.9,51.2,50.2,46.4,41.9,36.1,38.4,41.8,46.2,50.5,53.7,55.9,54.2,51.3,47.7,43.5,39.4,43.9,45.7,47.3,47.8,46.8,44.9,43.3,42.9,-40.3,-44.7,-46.8,-45.4,-41.3,-36.6,-34.8,-36.2,-38.1,-40.5,-42.3,-43.4,-43.0,-41.4,-38.9,-37.1,-36.2,-35.6,-35.6,-36.4,-38.7,-38.1,-39.0,-40.9,-42.7,-43.4,-42.4,-40.5,-46.1,-50.6,-52.9,-51.7,-47.7,-43.3,-41.0,-41.8,-42.8,-45.9,-48.3,-49.8,-49.7,-48.6,-46.4,-44.2,-42.8,-41.9,-41.6,-41.7,-44.7,-44.2,-45.2,-47.1,-48.9,-49.4,-48.4,-46.5,513.1,513.7,513.9,513.7,513.1,512.7,512.2,512.5,517.1,514.6,512.4,511.3,511.9,513.3,514.9,513.2,511.6,511.2,512.3,514.5,513.6,513.5,513.6,513.9,514.2,514.3,514.2,513.9,528.8,530.0,531.7,532.9,532.9,531.7,530.0,528.9,529.1,528.4,528.4,529.4,532.0,535.4,538.6,535.3,531.9,529.5,528.3,528.4,530.7,531.2,532.0,532.5,532.5,532.0,531.2,530.7,28.4,-13.3,654.6,0.11,-0.186,-0.067,218.7,220.1,222.5,225.9,231.2,239.0,248.3,259.2,269.8,278.4,284.3,289.4,293.8,296.7,298.3,299.1,298.7,227.9,234.0,242.4,251.1,259.1,274.2,280.5,286.7,293.0,297.2,267.6,269.2,271.0,272.7,261.9,266.5,271.2,275.1,278.4,237.8,242.8,249.0,254.3,249.3,243.1,276.6,281.2,286.7,290.7,287.7,282.2,253.7,261.2,267.4,271.2,275.0,279.7,283.6,280.3,276.0,271.8,267.7,261.2,256.8,267.3,271.2,275.1,281.5,275.1,271.3,267.3,161.5,173.0,184.3,195.1,205.0,213.2,219.7,224.1,224.5,222.2,216.1,208.4,199.2,188.7,177.8,166.6,155.3,151.3,145.7,143.5,143.8,145.9,144.2,140.9,139.3,140.1,144.3,154.2,161.6,168.9,176.5,183.2,184.3,185.1,183.5,181.8,158.7,155.1,154.7,158.1,159.8,160.5,156.0,151.5,151.1,153.7,156.2,156.8,199.9,196.4,194.1,194.9,193.5,194.8,197.0,202.1,204.4,205.2,205.2,203.9,199.8,198.0,198.0,197.2,197.5,198.7,199.5,199.5,-54.9,-52.6,-48.4,-42.6,-33.1,-19.3,-2.9,15.8,34.0,49.3,60.9,71.4,80.1,85.6,88.4,89.8,89.2,-36.9,-26.6,-12.5,1.8,14.9,40.0,51.0,62.3,73.9,82.3,29.0,31.4,33.9,36.3,19.4,27.0,34.5,41.1,46.9,-20.4,-12.0,-1.7,7.2,-1.2,-11.5,45.1,53.0,62.8,70.2,64.4,54.8,6.2,18.4,28.6,34.9,41.2,49.6,57.3,50.7,43.0,36.0,29.1,18.6,11.3,28.5,34.9,41.5,53.4,41.6,35.0,28.5,-45.6,-25.5,-5.7,13.4,30.8,45.2,56.0,62.8,63.5,60.3,50.9,37.8,21.3,2.3,-17.8,-38.3,-59.0,-60.6,-69.4,-72.5,-71.6,-68.1,-71.6,-78.0,-81.7,-81.6,-75.3,-54.8,-42.2,-29.9,-17.6,-7.0,-5.2,-4.0,-6.5,-9.5,-48.2,-53.9,-54.7,-49.2,-46.1,-45.0,-53.4,-61.2,-62.3,-58.3,-53.5,-52.2,20.8,14.6,10.9,12.2,9.9,12.3,16.2,24.4,27.9,29.1,29.1,27.0,20.6,17.3,17.3,16.1,17.0,18.5,19.8,19.8,684.2,685.9,688.5,690.1,688.9,685.4,678.9,670.3,669.6,678.9,694.5,707.7,714.3,715.5,715.2,714.8,715.5,654.3,648.9,644.7,641.0,639.0,646.2,653.8,662.7,671.8,681.1,643.7,637.1,630.1,623.5,638.9,637.5,637.1,640.6,644.9,653.3,650.6,651.1,652.1,650.8,650.3,661.3,664.1,668.1,674.1,667.9,664.0,654.2,644.2,640.7,641.7,644.0,652.8,666.0,653.9,646.2,643.6,642.7,645.9,652.0,643.2,643.9,646.6,662.1,646.5,643.7,643.3,0.591,0.104,-0.246,-0.061,266.895,179.48,-8.602,3.434,-12.489,17.238,4.396,1.794,-4.162,3.227,2.62,-1.543,-0.87,1.594,0.208,-1.32,-0.805,-0.429,0.145,1.094,-1.229,-0.65,0.433,-0.258,-0.016,-0.319,0.1,-0.041,0.071,0.001,-0.083,-0.017,-0.017,0.006,-0.001,-0.01,0.75,0.56,0.0,1.08,0.0,0.0,0.0,0.0,0.0,0.15,0.0,0.0,0.0,0.0,0.0,0.16,0.0,1.0,1.0,0.0,1.0,0.0,0.0,0.0,0.0,0.0,0.0,0.0,0.0,0.0,0.0,0.0,0.0,1.0,0.0
PP133,g1,4383,0,0.975,0.207215,0.125447,-0.970219,0.052019,0.135049,-0.989472,0.132,0.132,242.4,243.4,246.5,249.8,251.3,250.5,247.2,243.9,238.2,240.1,242.8,246.3,249.8,252.5,254.4,252.4,249.5,246.4,243.2,240.3,245.6,247.0,248.3,248.8,248.1,246.7,245.4,244.9,279.7,280.4,283.0,286.1,287.8,287.1,284.4,281.2,276.9,278.7,281.2,284.4,287.3,289.4,290.8,289.8,287.9,285.4,282.4,279.3,282.5,283.9,285.0,285.3,284.6,283.2,282.1,281.8,157.1,153.8,152.2,153.3,156.4,159.9,161.3,160.2,159.0,157.0,155.5,154.7,155.0,156.3,158.3,159.6,160.2,160.6,160.6,160.2,158.4,158.8,158.1,156.7,155.3,154.9,155.6,157.0,153.9,150.7,149.1,150.1,153.0,156.2,157.8,157.1,156.3,154.0,152.2,151.2,151.5,152.6,154.3,155.7,156.6,157.1,157.2,157.1,155.0,155.5,154.8,153.4,152.1,151.7,152.4,153.8,-10.0,-8.6,-4.6,-0.3,1.7,0.7,-3.7,-8.0,-15.6,-13.1,-9.4,-4.9,-0.3,3.3,5.8,3.2,-0.6,-4.8,-8.9,-12.7,-5.8,-3.9,-2.2,-1.6,-2.5,-4.4,-6.1,-6.7,40.3,41.3,45.0,49.3,51.6,50.5,46.8,42.2,36.5,38.8,42.2,46.6,50.9,54.1,56.3,54.6,51.7,48.1,43.9,39.7,44.2,46.1,47.7,48.2,47.2,45.3,43.7,43.2,-40.0,-44.4,-46.5,-45.0,-40.9,-36.2,-34.4,-35.9,-37.8,-40.2,-42.0,-43.0,-42.6,-41.0,-38.5,-36.8,-35.8,-35.2,-35.3,-36.0,-38.4,-37.7,-38.7,-40.6,-42.4,-43.0,-42.1,-40.2,-45.6,-50.0,-52.3,-51.1,-47.1,-42.6,-40.4,-41.2,-42.3,-45.4,-47.8,-49.2,-49.0,-47.9,-45.8,-43.6,-42.2,-41.3,-41.0,-41.1,-44.1,-43.6,-44.6,-46.5,-48.3,-48.8,-47.8,-45.9,513.6,514.2,514.5,514.3,513.7,513.3,512.8,513.0,517.6,515.1,512.9,511.9,512.5,513.9,515.5,513.8,512.2,511.8,512.8,515.0,514.2,514.1,514.2,514.5,514.7,514.8,514.7,514.4,529.3,530.5,532.2,533.4,533.4,532.3,530.6,529.5,529.6,529.0,528.9,529.9,532.6,536.0,539.2,535.8,532.5,530.0,528.9,529.0,531.2,531.8,532.5,533.0,533.0,532.5,531.8,531.2,28.6,-12.5,654.4,0.116,-0.188,-0.061,218.8,220.1,222.6,225.9,231.2,238.9,248.2,259.1,269.7,278.2,284.1,289.3,293.7,296.7,298.3,299.2,298.9,228.2,234.3,242.8,251.5,259.5,274.5,280.8,287.1,293.3,297.5,267.9,269.5,271.2,272.9,262.0,266.6,271.3,275.2,278.5,238.1,243.1,249.3,254.6,249.5,243.4,276.9,281.4,286.9,290.9,287.9,282.4,253.8,261.3,267.5,271.3,275.0,279.7,283.5,280.2,275.9,271.8,267.7,261.3,256.9,267.4,271.2,275.0,281.4,275.1,271.3,267.3,161.5,173.1,184.4,195.3,205.2,213.6,220.1,224.6,225.1,222.7,216.7,208.9,199.6,189.2,178.2,166.9,155.6,151.6,146.0,143.9,144.2,146.3,144.7,141.4,139.8,140.6,144.9,154.7,162.1,169.4,177.0,183.7,184.7,185.5,184.0,182.3,158.9,155.4,155.0,158.4,160.2,160.8,156.4,152.0,151.6,154.2,156.7,157.2,200.3,196.8,194.6,195.4,194.0,195.4,197.6,202.7,205.0,205.7,205.7,204.4,200.2,198.5,198.5,197.8,198.1,199.3,200.1,200.0,-54.5,-52.4,-48.3,-42.6,-33.2,-19.5,-3.1,15.5,33.7,49.0,60.6,71.2,79.9,85.5,88.4,90.0,89.5,-36.4,-26.1,-12.0,2.5,15.5,40.5,51.6,62.9,74.5,82.8,29.4,31.8,34.2,36.5,19.7,27.2,34.7,41.3,47.0,-19.9,-11.4,-1.2,7.7,-0.8,-11.0,45.5,53.4,63.1,70.6,64.7,55.1,6.4,18.6,28.7,35.0,41.3,49.6,57.1,50.6,42.9,35.9,29.1,18.7,11.5,28.6,35.0,41.4,53.3,41.6,35.0,28.5,-45.5,-25.3,-5.4,13.7,31.2,45.7,56.7,63.7,64.4,61.3,51.9,38.7,22.2,3.1,-17.1,-37.7,-58.5,-60.0,-68.9,-71.9,-71.0,-67.4,-70.7,-77.1,-80.8,-80.6,-74.2,-54.1,-41.4,-29.1,-16.7,-6.3,-4.5,-3.2,-5.7,-8.6,-47.7,-53.4,-54.1,-48.6,-45.5,-44.5,-52.6,-60.3,-61.4,-57.4,-52.6,-51.4,21.5,15.4,11.7,13.0,10.7,13.2,17.2,25.4,28.9,30.0,30.0,27.9,21.3,18.1,18.1,17.0,18.0,19.5,20.8,20.7,683.5,685.3,688.1,689.8,688.6,685.2,678.8,670.4,669.8,679.1,694.6,707.7,714.2,715.4,715.0,714.4,715.0,653.7,648.3,644.1,640.4,638.5,645.7,653.3,662.2,671.4,680.7,643.2,636.7,629.8,623.3,638.6,637.3,636.9,640.4,644.7,652.7,650.0,650.5,651.6,650.2,649.7,660.9,663.6,667.6,673.6,667.4,663.5,654.0,644.0,640.6,641.6,643.9,652.6,665.8,653.9,646.3,643.7,642.8,645.8,651.8,643.2,643.8,646.5,661.9,646.5,643.7,643.3,0.591,0.11,-0.248,-0.055,267.008,179.92,-9.098,3.535,-12.583,17.616,4.394,1.679,-3.68,2.621,2.858,-1.978,-0.932,1.411,0.323,-1.451,-0.752,-0.347,0.191,1.022,-1.261,-0.506,0.429,-0.289,-0.032,-0.303,0.118,-0.04,0.078,-0.008,-0.081,-0.014,-0.021,0.004,0.001,-0.005,0.64,0.3,0.0,1.09,0.0,0.0,0.0,0.0,0.0,0.05,0.0,0.0,0.0,0.0,0.0,0.0,0.0,1.0,1.0,0.0,1.0,0.0,0.0,0.0,0.0,0.0,0.0,0.0,0.0,0.0,0.0,0.0,0.0,1.0,0.0
PP133,g1,4387,0,0.975,0.203572,0.122856,-0.971321,0.050084,0.132458,-0.989922,0.129,0.129,242.3,243.4,246.4,249.7,251.2,250.4,247.1,243.9,238.1,240.0,242.8,246.2,249.7,252.4,254.4,252.4,249.5,246.3,243.1,240.3,245.5,246.9,248.3,248.7,248.1,246.6,245.3,244.8,279.6,280.3,283.0,286.0,287.7,287.0,284.4,281.1,276.8,278.6,281.1,284.3,287.2,289.4,290.7,289.7,287.8,285.3,282.3,279.2,282.4,283.8,284.9,285.2,284.5,283.2,282.0,281.7,157.5,154.1,152.6,153.6,156.8,160.3,161.6,160.6,159.4,157.3,155.9,155.0,155.4,156.7,158.7,159.9,160.5,161.0,161.0,160.5,158.7,159.2,158.5,157.1,155.7,155.2,155.9,157.4,154.3,151.1,149.5,150.5,153.4,156.6,158.2,157.5,156.7,154.4,152.6,151.6,152.0,153.0,154.7,156.1,157.0,157.5,157.6,157.5,155.5,155.9,155.2,153.8,152.5,152.1,152.8,154.2,-10.1,-8.7,-4.7,-0.4,1.6,0.5,-3.8,-8.1,-15.7,-13.2,-9.5,-5.0,-0.4,3.2,5.7,3.1,-0.7,-4.9,-9.0,-12.8,-5.9,-4.0,-2.3,-1.7,-2.6,-4.4,-6.2,-6.8,40.2,41.2,44.9,49.2,51.4,50.4,46.6,42.1,36.3,38.7,42.1,46.5,50.8,54.0,56.2,54.4,51.6,47.9,43.8,39.6,44.1,46.0,47.6,48.0,47.1,45.2,43.6,43.1,-39.5,-43.9,-46.0,-44.6,-40.4,-35.7,-34.0,-35.4,-37.3,-39.8,-41.5,-42.6,-42.1,-40.5,-38.1,-36.3,-35.4,-34.8,-34.8,-35.6,-37.9,-37.3,-38.2,-40.1,-41.9,-42.5,-41.6,-39.7,-45.0,-49.4,-51.7,-50.5,-46.5,-42.1,-39.8,-40.7,-41.7,-44.8,-47.2,-48.6,-48.4,-47.3,-45.2,-43.0,-41.6,-40.7,-40.4,-40.5,-43.6,-43.0,-44.0,-46.0,-47.7,-48.2,-47.2,-45.3,513.7,514.3,514.6,514.3,513.7,513.4,512.9,513.1,517.8,515.3,513.0,511.9,512.5,513.9,515.5,513.8,512.2,511.9,512.9,515.2,514.3,514.2,514.3,514.5,514.8,514.9,514.8,514.5,529.1,530.3,532.0,533.2,533.2,532.0,530.3,529.2,529.4,528.7,528.6,529.7,532.3,535.7,538.9,535.6,532.2,529.8,528.6,528.7,531.0,531.5,532.3,532.8,532.8,532.2,531.5,531.0,28.5,-11.7,654.5,0.112,-0.183,-0.061,219.0,220.3,222.7,226.0,231.3,239.0,248.2,259.0,269.6,278.2,284.1,289.3,293.7,296.7,298.3,299.2,298.9,228.3,234.3,242.7,251.4,259.3,274.4,280.8,287.0,293.3,297.5,267.8,269.4,271.1,272.7,261.9,266.5,271.1,275.0,278.4,238.0,243.0,249.2,254.5,249.4,243.3,276.8,281.4,286.9,290.9,287.8,282.4,253.8,261.2,267.4,271.2,274.9,279.6,283.4,280.1,275.8,271.7,267.6,261.2,256.9,267.2,271.1,274.9,281.3,275.0,271.2,267.2,162.0,173.6,184.9,195.8,205.8,214.1,220.7,225.2,225.7,223.4,217.3,209.4,200.2,189.7,178.7,167.4,156.1,151.9,146.3,144.2,144.6,146.7,145.2,141.8,140.3,141.0,145.3,155.0,162.5,169.9,177.5,184.1,185.2,186.0,184.5,182.7,159.3,155.8,155.4,158.8,160.5,161.1,156.8,152.4,152.0,154.7,157.1,157.6,200.9,197.3,195.1,195.9,194.5,195.9,198.2,203.2,205.5,206.2,206.2,204.9,200.8,199.0,199.0,198.3,198.7,199.7,200.6,200.5,-54.3,-52.2,-48.1,-42.4,-33.0,-19.3,-3.1,15.5,33.6,49.0,60.6,71.2,79.9,85.4,88.4,89.9,89.5,-36.4,-26.1,-12.0,2.3,15.2,40.4,51.5,62.8,74.3,82.7,29.3,31.6,34.0,36.3,19.5,27.0,34.4,41.1,46.8,-20.0,-11.6,-1.3,7.5,-0.9,-11.2,45.3,53.3,63.0,70.5,64.6,55.0,6.4,18.5,28.5,34.8,41.1,49.4,56.9,50.4,42.7,35.7,28.9,18.6,11.5,28.4,34.8,41.3,53.1,41.4,34.9,28.3,-44.7,-24.5,-4.5,14.6,32.2,46.7,57.7,64.8,65.5,62.4,53.0,39.7,23.2,4.0,-16.1,-36.7,-57.5,-59.6,-68.3,-71.4,-70.4,-66.8,-70.0,-76.4,-80.1,-79.9,-73.4,-53.5,-40.8,-28.4,-15.9,-5.5,-3.7,-2.4,-4.9,-7.9,-47.2,-52.9,-53.6,-48.0,-44.9,-43.9,-52.0,-59.7,-60.7,-56.6,-51.9,-50.7,22.4,16.2,12.5,13.8,11.5,14.0,18.2,26.3,29.7,30.9,30.8,28.7,22.2,18.9,18.9,17.8,18.9,20.3,21.5,21.4,683.8,685.8,688.6,690.3,689.0,685.5,679.0,670.5,669.7,679.0,694.5,707.6,714.1,715.1,714.6,713.9,714.5,654.1,648.7,644.5,640.8,638.9,646.1,653.6,662.3,671.4,680.7,643.6,637.0,630.1,623.6,638.9,637.5,637.1,640.6,644.9,653.2,650.4,650.9,651.9,650.6,650.2,661.1,663.8,667.7,673.7,667.6,663.7,654.1,644.1,640.7,641.7,644.0,652.6,665.6,653.8,646.3,643.7,642.9,645.9,651.9,643.3,643.9,646.6,661.7,646.5,643.8,643.4,0.591,0.108,-0.243,-0.055,266.948,180.389,-10.069,3.912,-13.126,18.332,3.954,1.894,-3.721,2.749,2.801,-2.245,-0.694,1.403,0.261,-1.348,-0.457,-0.481,0.24,1.0,-1.131,-0.608,0.38,-0.267,-0.023,-0.371,0.058,-0.006,0.087,-0.007,-0.081,-0.017,-0.017,0.004,0.003,-0.007,0.54,0.28,0.0,0.92,0.0,0.0,0.0,0.0,0.0,0.35,0.0,0.0,0.0,0.0,0.0,0.0,0.0,1.0,1.0,0.0,1.0,0.0,0.0,0.0,0.0,0.0,0.0,0.0,0.0,0.0,0.0,0.0,0.0,1.0,0.0
PP133,g1,4392,0,0.975,0.202895,0.129195,-0.97064,0.049919,0.138836,-0.989057,0.128,0.136,242.5,243.6,246.7,249.9,251.5,250.6,247.3,244.1,238.4,240.2,243.0,246.4,249.9,252.6,254.6,252.6,249.7,246.5,243.3,240.5,245.7,247.2,248.5,249.0,248.3,246.9,245.5,245.1,279.9,280.6,283.2,286.3,287.9,287.2,284.6,281.3,277.1,278.8,281.3,284.6,287.5,289.6,290.9,289.9,288.1,285.6,282.6,279.5,282.7,284.0,285.2,285.5,284.7,283.4,282.3,282.0,157.6,154.3,152.8,153.8,156.9,160.5,161.8,160.8,159.5,157.5,156.1,155.2,155.6,156.9,158.9,160.1,160.7,161.2,161.2,160.7,158.9,159.4,158.7,157.2,155.9,155.4,156.1,157.5,154.4,151.3,149.7,150.6,153.6,156.8,158.3,157.7,156.9,154.6,152.8,151.8,152.1,153.1,154.9,156.3,157.2,157.7,157.8,157.7,155.6,156.0,155.3,154.0,152.7,152.2,152.9,154.3,-9.8,-8.4,-4.4,-0.1,1.9,0.8,-3.5,-7.8,-15.4,-12.9,-9.2,-4.7,-0.1,3.5,6.0,3.4,-0.4,-4.6,-8.7,-12.5,-5.6,-3.7,-2.0,-1.4,-2.3,-4.1,-5.9,-6.5,40.5,41.5,45.2,49.5,51.7,50.7,46.9,42.4,36.6,39.0,42.4,46.8,51.1,54.3,56.5,54.7,51.9,48.2,44.1,39.9,44.4,46.3,47.9,48.3,47.4,45.5,43.9,43.4,-39.3,-43.7,-45.8,-44.3,-40.2,-35.5,-33.7,-35.1,-37.1,-39.5,-41.3,-42.3,-41.9,-40.3,-37.8,-36.0,-35.1,-34.5,-34.5,-35.3,-37.6,-37.0,-37.9,-39.8,-41.7,-42.3,-41.4,-39.4,-44.7,-49.2,-51.5,-50.3,-46.2,-41.8,-39.5,-40.4,-41.5,-44.5,-46.9,-48.4,-48.2,-47.1,-45.0,-42.8,-41.3,-40.4,-40.2,-40.3,-43.3,-42.8,-43.8,-45.7,-47.5,-48.0,-47.0,-45.1,513.6,514.1,514.4,514.1,513.6,513.2,512.8,513.0,517.6,515.1,512.9,511.8,512.4,513.8,515.4,513.7,512.1,511.7,512.8,515.0,514.1,514.0,514.1,514.4,514.6,514.7,514.6,514.4,528.6,529.8,531.5,532.7,532.7,531.6,529.9,528.8,528.9,528.3,528.2,529.2,531.9,535.3,538.5,535.2,531.8,529.4,528.2,528.3,530.6,531.1,531.8,532.3,532.3,531.8,531.1,530.5,28.9,-11.4,654.6,0.122,-0.183,-0.061,219.2,220.5,222.9,226.2,231.5,239.2,248.4,259.2,269.8,278.4,284.3,289.5,293.9,296.9,298.5,299.4,299.2,228.5,234.5,242.9,251.6,259.5,274.7,281.1,287.3,293.5,297.7,268.0,269.6,271.3,272.9,262.1,266.7,271.3,275.2,278.5,238.2,243.3,249.4,254.7,249.7,243.5,277.0,281.6,287.1,291.1,288.1,282.6,254.1,261.5,267.6,271.4,275.1,279.7,283.5,280.2,275.9,271.9,267.8,261.5,257.2,267.5,271.3,275.1,281.4,275.1,271.3,267.4,161.9,173.5,184.9,195.7,205.8,214.2,220.8,225.3,225.8,223.4,217.2,209.2,199.9,189.5,178.5,167.3,155.9,152.1,146.5,144.5,144.9,146.9,145.4,142.1,140.5,141.2,145.5,155.3,162.8,170.1,177.8,184.4,185.4,186.2,184.7,183.0,159.5,155.9,155.5,158.9,160.7,161.3,157.0,152.6,152.1,154.8,157.3,157.8,201.1,197.6,195.4,196.2,194.8,196.2,198.4,203.5,205.8,206.6,206.6,205.2,201.0,199.2,199.3,198.5,198.9,200.1,200.9,200.9,-53.9,-51.9,-47.8,-42.0,-32.7,-19.0,-2.7,15.8,34.0,49.4,61.1,71.6,80.3,85.8,88.7,90.3,89.8,-36.0,-25.7,-11.6,2.7,15.6,40.9,51.9,63.3,74.8,83.1,29.7,31.9,34.3,36.6,19.9,27.3,34.8,41.4,47.1,-19.6,-11.2,-0.9,7.9,-0.5,-10.8,45.7,53.7,63.4,70.8,65.0,55.4,6.9,18.9,28.9,35.1,41.3,49.6,57.1,50.6,42.9,36.1,29.3,19.0,12.0,28.8,35.1,41.5,53.2,41.6,35.2,28.7,-44.8,-24.5,-4.6,14.6,32.2,46.8,57.9,65.0,65.8,62.5,52.9,39.4,22.7,3.6,-16.4,-37.0,-57.7,-59.3,-68.0,-70.9,-69.9,-66.3,-69.6,-76.0,-79.7,-79.5,-73.2,-53.0,-40.3,-28.0,-15.5,-5.1,-3.4,-2.0,-4.5,-7.5,-46.8,-52.5,-53.2,-47.6,-44.6,-43.5,-51.7,-59.4,-60.4,-56.4,-51.6,-50.4,22.8,16.7,12.9,14.3,12.0,14.5,18.6,26.8,30.3,31.5,31.4,29.3,22.6,19.4,19.4,18.3,19.3,20.9,22.1,22.0,683.6,685.8,688.8,690.6,689.5,686.1,679.8,671.4,670.6,679.8,695.1,708.0,714.3,715.0,714.3,713.5,713.8,653.6,648.1,643.9,640.2,638.4,645.6,653.1,661.8,670.9,680.2,643.2,636.7,629.9,623.5,638.9,637.6,637.2,640.7,644.9,652.8,650.1,650.5,651.6,650.4,649.9,660.8,663.4,667.4,673.4,667.3,663.4,654.4,644.4,641.0,642.0,644.2,652.9,665.8,654.2,646.8,644.3,643.4,646.3,652.2,643.6,644.3,646.9,661.9,646.9,644.3,643.8,0.591,0.118,-0.242,-0.054,267.162,180.558,-10.361,4.552,-13.354,18.632,4.097,1.304,-3.824,2.558,3.214,-2.327,-0.572,1.39,0.304,-1.666,-0.47,-0.433,0.313,1.046,-1.235,-0.493,0.427,-0.215,-0.131,-0.4,0.096,-0.012,0.1,0.005,-0.087,-0.015,-0.019,0.004,0.005,-0.004,0.48,0.26,0.0,1.16,0.0,0.0,0.0,0.0,0.0,0.32,0.0,0.0,0.0,0.0,0.0,0.0,0.0,1.0,1.0,0.0,1.0,0.0,0.0,0.0,0.0,0.0,0.0,0.0,0.0,0.0,0.0,0.0,0.0,1.0,0.0
PP133,g1,4396,0,0.975,0.203842,0.130238,-0.970302,0.051127,0.139467,-0.988906,0.129,0.137,242.4,243.4,246.5,249.8,251.3,250.5,247.2,243.9,238.2,240.1,242.8,246.3,249.8,252.5,254.4,252.4,249.5,246.3,243.2,240.3,245.6,247.0,248.3,248.8,248.1,246.7,245.4,244.9,279.8,280.5,283.1,286.1,287.8,287.1,284.5,281.2,276.9,278.7,281.2,284.4,287.4,289.5,290.8,289.8,287.9,285.4,282.4,279.3,282.5,283.9,285.0,285.3,284.6,283.3,282.1,281.8,157.7,154.3,152.8,153.9,157.0,160.5,161.9,160.8,159.5,157.5,156.1,155.2,155.6,156.9,158.9,160.2,160.8,161.2,161.2,160.7,158.9,159.4,158.7,157.3,155.9,155.4,156.1,157.6,154.5,151.3,149.8,150.7,153.7,156.9,158.4,157.7,157.0,154.7,152.9,151.9,152.2,153.2,155.0,156.4,157.3,157.7,157.9,157.8,155.7,156.1,155.4,154.0,152.8,152.3,153.0,154.4,-10.0,-8.6,-4.6,-0.3,1.7,0.6,-3.7,-8.0,-15.6,-13.1,-9.4,-4.9,-0.3,3.3,5.8,3.2,-0.6,-4.8,-8.9,-12.7,-5.8,-3.9,-2.2,-1.6,-2.5,-4.3,-6.1,-6.7,40.3,41.3,45.0,49.3,51.6,50.5,46.8,42.2,36.5,38.8,42.2,46.6,50.9,54.1,56.3,54.5,51.7,48.0,43.9,39.7,44.2,46.1,47.7,48.2,47.2,45.3,43.7,43.2,-39.2,-43.6,-45.7,-44.2,-40.1,-35.4,-33.6,-35.1,-37.0,-39.5,-41.2,-42.3,-41.8,-40.2,-37.7,-35.9,-35.0,-34.4,-34.5,-35.3,-37.6,-36.9,-37.9,-39.8,-41.6,-42.2,-41.3,-39.4,-44.6,-49.1,-51.3,-50.1,-46.1,-41.7,-39.4,-40.3,-41.4,-44.4,-46.8,-48.3,-48.1,-47.0,-44.9,-42.6,-41.2,-40.3,-40.1,-40.2,-43.2,-42.7,-43.7,-45.6,-47.4,-47.9,-46.9,-45.0,513.3,513.9,514.1,513.8,513.3,512.9,512.5,512.7,517.4,514.8,512.6,511.5,512.1,513.5,515.1,513.4,511.8,511.5,512.5,514.8,513.8,513.7,513.8,514.1,514.3,514.4,514.3,514.1,528.8,530.0,531.7,532.9,532.9,531.8,530.1,529.0,529.1,528.5,528.4,529.4,532.1,535.5,538.7,535.4,532.0,529.5,528.4,528.5,530.7,531.3,532.0,532.5,532.5,532.0,531.2,530.7,28.6,-11.3,654.0,0.122,-0.185,-0.059,219.0,220.2,222.6,225.9,231.2,238.9,248.2,259.0,269.6,278.2,284.1,289.3,293.7,296.7,298.3,299.3,299.0,228.4,234.4,242.9,251.5,259.4,274.6,280.9,287.2,293.4,297.6,267.9,269.5,271.1,272.8,262.0,266.6,271.2,275.1,278.4,238.1,243.1,249.3,254.6,249.5,243.3,276.9,281.5,287.0,290.9,287.9,282.5,254.0,261.3,267.5,271.2,274.9,279.6,283.3,280.1,275.8,271.7,267.6,261.3,257.0,267.3,271.2,274.9,281.3,275.0,271.2,267.3,161.8,173.4,184.8,195.6,205.7,214.1,220.8,225.4,225.9,223.5,217.3,209.3,200.1,189.6,178.6,167.4,156.1,152.0,146.5,144.4,144.9,147.0,145.5,142.1,140.6,141.3,145.5,155.4,162.8,170.2,177.8,184.4,185.5,186.3,184.8,183.0,159.5,156.0,155.6,159.0,160.8,161.4,157.0,152.6,152.2,154.9,157.4,157.9,201.2,197.7,195.5,196.2,194.8,196.3,198.5,203.6,205.9,206.6,206.6,205.3,201.1,199.3,199.3,198.6,199.0,200.2,201.0,200.9,-54.2,-52.2,-48.2,-42.5,-33.2,-19.5,-3.2,15.4,33.6,49.0,60.7,71.2,79.9,85.4,88.3,89.9,89.5,-36.2,-25.8,-11.8,2.5,15.4,40.6,51.6,62.9,74.4,82.8,29.4,31.7,34.0,36.3,19.6,27.0,34.5,41.1,46.8,-19.9,-11.4,-1.2,7.6,-0.8,-11.1,45.5,53.4,63.1,70.5,64.7,55.1,6.6,18.7,28.7,34.8,41.1,49.3,56.8,50.4,42.7,35.8,29.0,18.7,11.7,28.5,34.9,41.3,52.9,41.4,34.9,28.5,-44.9,-24.7,-4.8,14.3,32.0,46.7,57.8,65.0,65.8,62.6,53.0,39.6,22.9,3.8,-16.2,-36.7,-57.4,-59.3,-68.0,-70.9,-69.8,-66.2,-69.4,-75.8,-79.5,-79.3,-73.0,-52.9,-40.2,-27.9,-15.5,-5.1,-3.3,-2.0,-4.4,-7.4,-46.8,-52.4,-53.1,-47.5,-44.5,-43.4,-51.5,-59.2,-60.2,-56.2,-51.4,-50.2,22.9,16.8,13.0,14.4,12.1,14.6,18.7,26.9,30.4,31.5,31.5,29.3,22.7,19.5,19.5,18.4,19.5,20.9,22.2,22.1,682.9,685.1,688.1,690.0,688.9,685.5,679.2,670.8,670.0,679.3,694.6,707.6,713.9,714.6,713.9,713.0,713.3,652.9,647.4,643.2,639.6,637.8,645.0,652.4,661.2,670.3,679.6,642.6,636.1,629.2,622.8,638.3,637.0,636.6,640.1,644.3,652.2,649.4,649.9,651.0,649.7,649.2,660.2,662.9,666.8,672.9,666.8,662.9,653.7,643.6,640.3,641.3,643.5,652.2,665.3,653.6,646.2,643.6,642.7,645.6,651.5,642.9,643.6,646.3,661.3,646.3,643.6,643.1,0.592,0.119,-0.244,-0.052,267.004,180.602,-9.723,4.574,-13.516,18.611,3.711,1.131,-3.743,3.019,3.192,-2.241,-0.684,1.434,0.103,-1.698,-0.627,-0.443,0.163,0.98,-1.17,-0.542,0.433,-0.19,-0.168,-0.399,0.087,-0.001,0.101,0.003,-0.09,-0.018,-0.024,0.006,0.003,-0.004,0.42,0.17,0.0,0.63,0.0,0.0,0.0,0.0,0.0,0.26,0.0,0.0,0.0,0.0,0.0,0.0,0.0,1.0,1.0,0.0,1.0,0.0,0.0,0.0,0.0,0.0,0.0,0.0,0.0,0.0,0.0,0.0,0.0,1.0,0.0
PP133,g1,4400,0,0.975,0.202194,0.12976,-0.970711,0.049207,0.13879,-0.989099,0.128,0.136,242.3,243.4,246.5,249.7,251.3,250.5,247.1,243.9,238.2,240.0,242.8,246.2,249.7,252.5,254.4,252.4,249.5,246.3,243.1,240.3,245.5,247.0,248.3,248.8,248.1,246.7,245.3,244.9,279.8,280.5,283.1,286.2,287.8,287.1,284.5,281.2,276.9,278.7,281.2,284.4,287.4,289.5,290.8,289.8,288.0,285.5,282.4,279.3,282.6,283.9,285.0,285.4,284.6,283.3,282.1,281.8,157.8,154.5,152.9,154.0,157.1,160.6,162.0,160.9,159.6,157.6,156.2,155.3,155.7,157.0,159.0,160.3,160.9,161.3,161.3,160.8,159.0,159.5,158.8,157.4,156.0,155.5,156.2,157.7,154.6,151.4,149.9,150.9,153.8,157.0,158.6,157.9,157.1,154.8,153.0,152.0,152.3,153.3,155.1,156.5,157.4,157.9,158.0,157.9,155.8,156.2,155.6,154.2,152.9,152.4,153.1,154.5,-10.1,-8.7,-4.6,-0.3,1.7,0.6,-3.7,-8.0,-15.6,-13.1,-9.5,-4.9,-0.3,3.2,5.8,3.2,-0.7,-4.8,-9.0,-12.8,-5.9,-4.0,-2.2,-1.6,-2.5,-4.4,-6.1,-6.7,40.2,41.2,44.9,49.2,51.5,50.4,46.6,42.1,36.4,38.7,42.1,46.5,50.8,54.0,56.2,54.4,51.6,47.9,43.8,39.6,44.1,46.0,47.6,48.1,47.1,45.2,43.6,43.1,-39.0,-43.4,-45.5,-44.0,-39.9,-35.2,-33.4,-34.9,-36.8,-39.3,-41.0,-42.0,-41.6,-40.0,-37.5,-35.7,-34.8,-34.2,-34.3,-35.1,-37.4,-36.7,-37.6,-39.6,-41.4,-42.0,-41.1,-39.2,-44.4,-48.8,-51.1,-49.9,-45.9,-41.4,-39.2,-40.0,-41.1,-44.2,-46.6,-48.0,-47.8,-46.7,-44.6,-42.4,-40.9,-40.1,-39.8,-39.9,-42.9,-42.4,-43.4,-45.3,-47.1,-47.6,-46.6,-44.7,512.3,512.9,513.1,512.9,512.3,512.0,511.5,511.8,516.4,513.9,511.6,510.5,511.1,512.5,514.1,512.5,510.9,510.5,511.6,513.8,512.9,512.8,512.9,513.1,513.4,513.5,513.4,513.1,527.5,528.6,530.3,531.5,531.6,530.4,528.7,527.6,527.8,527.1,527.0,528.1,530.7,534.1,537.3,534.0,530.6,528.2,527.0,527.2,529.4,529.9,530.7,531.2,531.1,530.6,529.9,529.4,28.5,-11.1,653.7,0.122,-0.181,-0.06,218.9,220.2,222.7,226.0,231.3,239.0,248.3,259.1,269.6,278.2,284.1,289.4,293.8,296.7,298.4,299.3,299.0,228.2,234.3,242.8,251.5,259.5,274.5,280.9,287.2,293.4,297.6,267.9,269.5,271.1,272.8,261.9,266.5,271.1,275.1,278.4,238.0,243.1,249.3,254.6,249.5,243.3,276.9,281.5,287.0,291.0,287.9,282.5,253.9,261.2,267.4,271.2,274.9,279.5,283.3,280.1,275.7,271.7,267.6,261.2,256.9,267.3,271.1,274.9,281.3,275.0,271.1,267.2,161.9,173.6,185.0,195.9,205.9,214.3,220.9,225.5,226.0,223.6,217.4,209.4,200.1,189.7,178.7,167.5,156.2,152.2,146.6,144.6,145.0,147.1,145.6,142.3,140.7,141.4,145.7,155.5,162.9,170.3,178.0,184.6,185.6,186.5,185.0,183.2,159.6,156.1,155.7,159.1,160.9,161.5,157.2,152.8,152.4,155.0,157.5,158.0,201.3,197.8,195.6,196.4,195.0,196.4,198.6,203.7,206.0,206.8,206.8,205.4,201.2,199.5,199.5,198.8,199.1,200.3,201.1,201.0,-54.3,-52.2,-48.2,-42.4,-33.0,-19.3,-3.0,15.5,33.7,49.0,60.7,71.3,79.9,85.4,88.4,90.0,89.5,-36.4,-26.0,-11.9,2.5,15.4,40.5,51.6,63.0,74.5,82.8,29.4,31.7,34.0,36.3,19.5,27.0,34.4,41.0,46.8,-20.0,-11.5,-1.2,7.6,-0.8,-11.1,45.4,53.4,63.1,70.6,64.7,55.0,6.4,18.5,28.5,34.7,41.0,49.3,56.8,50.3,42.5,35.7,28.9,18.5,11.5,28.4,34.7,41.2,52.9,41.3,34.8,28.4,-44.7,-24.4,-4.4,14.8,32.4,47.0,58.1,65.2,66.0,62.7,53.1,39.7,23.1,4.0,-16.0,-36.5,-57.1,-59.0,-67.7,-70.7,-69.6,-65.9,-69.1,-75.5,-79.2,-79.0,-72.7,-52.7,-40.0,-27.6,-15.2,-4.8,-3.0,-1.7,-4.2,-7.1,-46.6,-52.3,-52.9,-47.3,-44.3,-43.2,-51.3,-58.9,-60.0,-55.9,-51.1,-50.0,23.1,17.0,13.3,14.6,12.4,14.9,18.9,27.1,30.6,31.7,31.7,29.5,22.9,19.7,19.8,18.6,19.6,21.1,22.4,22.3,683.2,685.4,688.4,690.2,689.0,685.5,679.1,670.7,669.9,679.1,694.4,707.3,713.4,714.1,713.5,712.7,713.1,653.0,647.4,643.1,639.3,637.4,644.6,652.0,660.9,670.1,679.5,642.2,635.7,628.8,622.4,638.0,636.7,636.2,639.7,643.9,652.1,649.3,649.7,650.8,649.6,649.1,659.9,662.6,666.5,672.6,666.5,662.6,653.7,643.6,640.1,641.1,643.3,652.0,665.1,653.4,646.0,643.4,642.5,645.5,651.4,642.8,643.4,646.1,661.2,646.0,643.3,642.9,0.592,0.119,-0.24,-0.053,266.988,180.738,-9.424,5.053,-13.005,18.834,4.36,1.474,-3.919,2.784,3.182,-2.158,-0.621,1.336,0.163,-1.538,-0.684,-0.378,0.193,1.011,-1.199,-0.512,0.454,-0.294,-0.094,-0.343,0.057,-0.019,0.097,-0.007,-0.086,-0.018,-0.023,0.002,0.004,-0.007,0.57,0.22,0.0,0.72,0.0,0.0,0.0,0.0,0.0,0.0,0.0,0.0,0.0,0.0,0.0,0.0,0.0,1.0,1.0,0.0,1.0,0.0,0.0,0.0,0.0,0.0,0.0,0.0,0.0,0.0,0.0,0.0,0.0,1.0,0.0
PP133,g1,4405,0,0.975,0.202121,0.135958,-0.969878,0.048802,0.144777,-0.98826,0.127,0.142,242.6,243.7,246.8,250.0,251.6,250.7,247.4,244.1,238.4,240.3,243.1,246.5,250.0,252.7,254.7,252.7,249.7,246.5,243.4,240.6,245.8,247.2,248.6,249.0,248.4,246.9,245.6,245.1,280.0,280.7,283.4,286.4,288.1,287.4,284.7,281.4,277.2,278.9,281.5,284.7,287.6,289.8,291.1,290.1,288.2,285.7,282.7,279.6,282.8,284.1,285.3,285.6,284.9,283.5,282.4,282.1,157.8,154.5,153.0,154.1,157.2,160.7,162.1,161.0,159.7,157.7,156.3,155.4,155.8,157.1,159.1,160.4,161.0,161.4,161.4,160.9,159.1,159.6,158.9,157.5,156.1,155.6,156.3,157.7,154.8,151.6,150.0,151.0,153.9,157.1,158.7,158.0,157.2,154.9,153.1,152.1,152.4,153.4,155.2,156.6,157.5,158.0,158.1,158.1,155.9,156.4,155.7,154.3,153.0,152.6,153.2,154.6,-9.7,-8.3,-4.3,0.0,2.0,0.9,-3.4,-7.7,-15.3,-12.8,-9.1,-4.6,0.0,3.6,6.1,3.5,-0.3,-4.5,-8.7,-12.4,-5.5,-3.6,-1.9,-1.3,-2.1,-4.0,-5.8,-6.4,40.5,41.5,45.3,49.5,51.8,50.7,47.0,42.4,36.7,39.0,42.4,46.9,51.1,54.3,56.5,54.8,51.9,48.3,44.1,39.9,44.4,46.3,47.9,48.4,47.4,45.6,43.9,43.5,-38.9,-43.3,-45.4,-43.9,-39.8,-35.1,-33.3,-34.8,-36.8,-39.2,-40.9,-42.0,-41.5,-39.9,-37.4,-35.6,-34.7,-34.1,-34.2,-35.0,-37.3,-36.7,-37.6,-39.5,-41.3,-41.9,-41.0,-39.1,-44.2,-48.6,-50.9,-49.7,-45.7,-41.2,-39.0,-39.8,-40.9,-44.0,-46.4,-47.8,-47.6,-46.6,-44.4,-42.2,-40.7,-39.9,-39.6,-39.7,-42.8,-42.2,-43.2,-45.2,-46.9,-47.4,-46.4,-44.5,512.6,513.1,513.4,513.1,512.6,512.3,511.8,512.0,516.7,514.1,511.9,510.8,511.4,512.8,514.4,512.7,511.1,510.8,511.8,514.1,513.2,513.0,513.1,513.4,513.6,513.7,513.6,513.4,527.3,528.4,530.1,531.3,531.4,530.2,528.6,527.5,527.6,526.9,526.8,527.8,530.5,533.9,537.2,533.8,530.5,528.0,526.9,527.0,529.2,529.7,530.5,531.0,530.9,530.4,529.7,529.2,28.8,-11.0,654.3,0.132,-0.181,-0.057,219.2,220.4,222.8,226.1,231.3,239.0,248.3,259.0,269.6,278.2,284.2,289.5,293.9,296.9,298.6,299.5,299.3,228.6,234.7,243.2,251.9,259.8,274.8,281.2,287.5,293.7,297.9,268.1,269.7,271.3,272.9,262.1,266.7,271.2,275.2,278.5,238.3,243.3,249.5,254.8,249.7,243.5,277.1,281.7,287.3,291.2,288.2,282.7,254.0,261.4,267.5,271.3,275.0,279.6,283.4,280.1,275.8,271.7,267.6,261.3,257.0,267.4,271.2,275.0,281.3,275.0,271.2,267.3,161.7,173.3,184.7,195.6,205.6,214.1,220.8,225.4,225.9,223.5,217.3,209.3,199.9,189.5,178.6,167.4,156.1,152.2,146.7,144.7,145.1,147.3,145.8,142.4,140.8,141.6,145.8,155.7,163.1,170.6,178.2,184.7,185.8,186.6,185.1,183.4,159.6,156.1,155.8,159.2,161.0,161.5,157.3,152.9,152.5,155.1,157.7,158.2,201.4,197.9,195.8,196.6,195.2,196.5,198.7,203.8,206.1,206.9,206.9,205.5,201.3,199.6,199.7,198.9,199.2,200.4,201.2,201.1,-53.9,-52.0,-48.0,-42.3,-33.0,-19.3,-3.0,15.5,33.7,49.1,60.9,71.5,80.3,85.8,88.8,90.4,90.0,-35.8,-25.4,-11.2,3.1,16.0,40.9,52.1,63.5,75.0,83.3,29.8,32.0,34.3,36.5,19.8,27.2,34.6,41.2,47.0,-19.5,-11.1,-0.8,8.0,-0.4,-10.7,45.8,53.8,63.6,71.0,65.1,55.5,6.7,18.7,28.8,34.9,41.2,49.5,57.0,50.4,42.7,35.8,29.1,18.8,11.7,28.6,34.9,41.3,53.1,41.5,35.0,28.6,-45.1,-24.8,-4.9,14.3,32.1,46.7,58.0,65.2,66.0,62.7,53.0,39.4,22.8,3.7,-16.3,-36.7,-57.3,-59.1,-67.6,-70.5,-69.3,-65.6,-68.8,-75.2,-78.9,-78.8,-72.5,-52.4,-39.7,-27.3,-14.8,-4.5,-2.7,-1.4,-3.9,-6.8,-46.6,-52.2,-52.8,-47.2,-44.1,-43.1,-51.1,-58.7,-59.8,-55.8,-50.9,-49.8,23.2,17.2,13.6,14.9,12.6,15.1,19.1,27.3,30.8,32.0,31.9,29.7,23.0,20.0,20.0,18.9,19.8,21.4,22.6,22.5,683.4,685.7,688.9,690.8,689.8,686.4,680.1,671.8,671.0,680.2,695.5,708.2,714.3,714.8,714.0,713.0,713.2,653.0,647.4,643.1,639.4,637.5,644.5,651.9,660.8,670.0,679.4,642.4,636.1,629.3,623.0,638.6,637.3,636.9,640.4,644.5,652.3,649.4,649.9,651.0,649.8,649.4,660.1,662.6,666.6,672.7,666.6,662.8,654.4,644.3,640.8,641.8,644.0,652.7,665.7,654.1,646.8,644.3,643.4,646.3,652.2,643.5,644.2,646.8,661.8,646.8,644.1,643.6,0.591,0.129,-0.24,-0.049,267.154,180.797,-9.388,4.911,-13.398,18.521,4.133,1.248,-3.797,2.604,3.091,-2.135,-0.493,1.214,0.007,-1.546,-0.686,-0.325,0.168,1.031,-1.038,-0.486,0.547,-0.234,-0.095,-0.264,0.074,-0.068,0.113,-0.013,-0.086,-0.02,-0.022,0.002,0.009,-0.006,0.54,0.47,0.0,1.04,0.0,0.0,0.0,0.0,0.0,0.28,0.0,0.0,0.0,0.0,0.0,0.0,0.0,1.0,1.0,0.0,1.0,0.0,0.0,0.0,0.0,0.0,0.0,0.0,0.0,0.0,0.0,0.0,0.0,1.0,0.0
PP133,g1,4409,0,0.975,0.20328,0.137447,-0.969425,0.048817,0.146609,-0.987989,0.128,0.144,242.6,243.7,246.8,250.1,251.6,250.7,247.4,244.2,238.5,240.3,243.1,246.5,250.0,252.8,254.7,252.7,249.8,246.6,243.4,240.6,245.8,247.3,248.6,249.1,248.4,247.0,245.6,245.2,280.1,280.8,283.4,286.5,288.1,287.4,284.8,281.5,277.2,279.0,281.5,284.7,287.7,289.8,291.1,290.1,288.3,285.8,282.7,279.6,282.9,284.2,285.4,285.7,284.9,283.6,282.4,282.1,158.0,154.7,153.1,154.2,157.3,160.9,162.2,161.1,159.8,157.8,156.4,155.6,156.0,157.3,159.3,160.5,161.1,161.5,161.5,161.0,159.3,159.7,159.1,157.6,156.2,155.8,156.4,157.9,154.9,151.7,150.2,151.1,154.1,157.3,158.9,158.1,157.4,155.1,153.3,152.3,152.6,153.6,155.3,156.8,157.7,158.2,158.3,158.2,156.1,156.5,155.8,154.4,153.1,152.7,153.4,154.8,-9.7,-8.2,-4.2,0.1,2.1,1.0,-3.4,-7.6,-15.3,-12.7,-9.0,-4.5,0.1,3.6,6.2,3.5,-0.3,-4.5,-8.6,-12.4,-5.5,-3.6,-1.8,-1.2,-2.1,-4.0,-5.7,-6.4,40.6,41.7,45.4,49.6,51.9,50.8,47.1,42.6,36.8,39.1,42.5,47.0,51.2,54.5,56.6,54.9,52.0,48.4,44.2,40.0,44.6,46.4,48.1,48.5,47.5,45.7,44.0,43.6,-38.7,-43.1,-45.2,-43.7,-39.6,-34.9,-33.1,-34.6,-36.6,-39.1,-40.7,-41.7,-41.3,-39.7,-37.2,-35.4,-34.5,-33.9,-34.0,-34.8,-37.1,-36.5,-37.4,-39.3,-41.1,-41.7,-40.8,-38.9,-44.0,-48.4,-50.7,-49.5,-45.5,-41.1,-38.8,-39.7,-40.7,-43.8,-46.2,-47.6,-47.5,-46.4,-44.3,-42.0,-40.6,-39.7,-39.4,-39.6,-42.6,-42.0,-43.0,-45.0,-46.7,-47.3,-46.3,-44.3,512.6,513.2,513.4,513.2,512.6,512.3,511.8,512.1,516.7,514.2,511.9,510.8,511.4,512.8,514.4,512.8,511.2,510.8,511.9,514.1,513.2,513.1,513.2,513.4,513.7,513.8,513.7,513.4,527.7,528.8,530.5,531.7,531.8,530.7,529.0,527.9,528.0,527.4,527.2,528.3,530.9,534.3,537.6,534.3,530.9,528.5,527.3,527.4,529.6,530.2,530.9,531.4,531.4,530.8,530.1,529.6,28.9,-10.8,654.9,0.134,-0.182,-0.056,219.2,220.4,222.8,226.1,231.3,238.9,248.2,258.9,269.5,278.1,284.1,289.4,293.8,296.9,298.5,299.5,299.3,228.6,234.7,243.2,251.9,259.8,274.9,281.3,287.6,293.8,298.0,268.2,269.7,271.3,272.9,262.1,266.7,271.3,275.2,278.5,238.3,243.4,249.6,254.9,249.8,243.6,277.2,281.8,287.3,291.3,288.2,282.8,253.9,261.3,267.5,271.3,275.0,279.6,283.5,280.1,275.8,271.7,267.6,261.3,257.0,267.3,271.2,275.0,281.4,275.0,271.2,267.3,161.9,173.4,184.8,195.6,205.6,214.0,220.7,225.3,225.9,223.5,217.3,209.3,200.0,189.6,178.7,167.5,156.2,152.3,146.9,144.9,145.4,147.5,146.0,142.6,141.0,141.7,146.0,155.9,163.3,170.8,178.4,184.9,186.0,186.8,185.3,183.5,159.8,156.3,155.9,159.4,161.1,161.7,157.4,153.0,152.6,155.3,157.8,158.3,201.4,198.0,195.9,196.7,195.3,196.6,198.8,203.9,206.2,207.0,207.0,205.5,201.3,199.7,199.8,199.0,199.3,200.5,201.3,201.2,-53.9,-51.9,-48.0,-42.4,-33.1,-19.5,-3.2,15.4,33.6,49.0,60.8,71.4,80.3,85.8,88.8,90.5,90.2,-35.8,-25.4,-11.3,3.1,16.0,41.1,52.2,63.6,75.2,83.5,29.9,32.1,34.4,36.6,19.8,27.3,34.7,41.3,47.1,-19.5,-11.0,-0.7,8.1,-0.4,-10.7,46.0,54.0,63.7,71.2,65.3,55.6,6.6,18.7,28.7,35.0,41.3,49.6,57.1,50.5,42.7,35.8,29.0,18.6,11.6,28.6,34.9,41.4,53.2,41.5,35.0,28.5,-44.8,-24.7,-4.8,14.3,32.0,46.6,57.8,65.1,66.0,62.7,53.0,39.5,22.9,3.8,-16.2,-36.6,-57.3,-58.8,-67.4,-70.2,-69.0,-65.3,-68.5,-74.9,-78.7,-78.6,-72.3,-52.1,-39.4,-27.0,-14.5,-4.3,-2.5,-1.2,-3.6,-6.6,-46.4,-51.9,-52.6,-46.9,-43.9,-42.9,-50.8,-58.5,-59.5,-55.6,-50.7,-49.5,23.3,17.3,13.7,15.1,12.8,15.3,19.3,27.5,31.0,32.1,32.1,29.8,23.1,20.1,20.2,19.1,20.0,21.5,22.7,22.6,683.7,686.0,689.2,691.2,690.3,687.0,680.7,672.4,671.6,680.8,696.1,708.9,715.1,715.7,714.9,713.8,714.0,653.4,647.7,643.4,639.7,637.9,645.0,652.4,661.2,670.4,679.8,642.8,636.5,629.8,623.5,639.1,637.8,637.5,640.9,645.1,652.7,649.8,650.3,651.4,650.2,649.7,660.5,663.1,667.0,673.1,667.1,663.2,655.0,644.8,641.3,642.3,644.5,653.3,666.4,654.7,647.4,644.8,643.9,646.9,652.7,644.1,644.7,647.3,662.5,647.3,644.6,644.2,0.591,0.131,-0.241,-0.048,267.156,180.898,-8.875,4.268,-13.273,18.047,4.274,1.258,-4.047,2.631,3.058,-2.024,-0.436,1.244,0.333,-1.447,-0.741,-0.278,0.364,1.029,-1.119,-0.629,0.358,-0.308,-0.031,-0.362,0.087,-0.043,0.07,0.004,-0.082,-0.018,-0.015,0.001,0.001,-0.004,0.32,0.08,0.0,0.88,0.0,0.0,0.0,0.0,0.0,0.05,0.0,0.0,0.0,0.0,0.0,0.0,0.0,1.0,1.0,0.0,1.0,0.0,0.0,0.0,0.0,0.0,0.0,0.0,0.0,0.0,0.0,0.0,0.0,1.0,0.0
PP133,g1,4413,0,0.975,0.202847,0.142792,-0.968743,0.047963,0.151836,-0.987241,0.128,0.15,242.5,243.6,246.7,249.9,251.5,250.6,247.3,244.0,238.3,240.2,243.0,246.4,249.9,252.6,254.6,252.6,249.7,246.5,243.3,240.5,245.7,247.1,248.5,249.0,248.3,246.9,245.5,245.0,280.0,280.7,283.3,286.4,288.0,287.3,284.7,281.4,277.1,278.9,281.4,284.6,287.6,289.7,291.1,290.0,288.2,285.6,282.6,279.5,282.8,284.1,285.3,285.6,284.8,283.5,282.4,282.0,158.1,154.7,153.2,154.3,157.4,161.0,162.3,161.2,159.9,157.9,156.5,155.7,156.1,157.4,159.4,160.6,161.2,161.6,161.6,161.1,159.3,159.8,159.2,157.7,156.3,155.8,156.5,158.0,155.0,151.8,150.2,151.2,154.2,157.4,159.0,158.3,157.5,155.2,153.4,152.4,152.7,153.7,155.4,156.9,157.8,158.3,158.4,158.3,156.2,156.6,155.9,154.5,153.2,152.8,153.5,154.9,-9.8,-8.4,-4.4,-0.1,1.9,0.8,-3.5,-7.8,-15.4,-12.9,-9.2,-4.7,-0.1,3.5,6.0,3.4,-0.4,-4.6,-8.8,-12.6,-5.6,-3.8,-2.0,-1.4,-2.2,-4.1,-5.9,-6.5,40.5,41.5,45.3,49.5,51.8,50.7,46.9,42.4,36.6,39.0,42.4,46.9,51.1,54.3,56.5,54.8,51.9,48.2,44.1,39.9,44.4,46.3,47.9,48.4,47.4,45.5,43.9,43.4,-38.6,-43.0,-45.1,-43.6,-39.5,-34.8,-33.0,-34.5,-36.5,-38.9,-40.6,-41.6,-41.1,-39.5,-37.1,-35.3,-34.4,-33.8,-33.9,-34.7,-37.0,-36.3,-37.2,-39.2,-41.0,-41.6,-40.7,-38.8,-43.9,-48.3,-50.6,-49.4,-45.4,-40.9,-38.7,-39.5,-40.6,-43.7,-46.0,-47.5,-47.3,-46.2,-44.1,-41.9,-40.4,-39.6,-39.3,-39.4,-42.4,-41.9,-42.9,-44.8,-46.6,-47.1,-46.1,-44.2,512.5,513.0,513.2,513.0,512.4,512.2,511.7,511.9,516.5,514.0,511.7,510.6,511.2,512.7,514.3,512.6,511.0,510.7,511.7,513.9,513.0,512.9,513.0,513.3,513.5,513.6,513.5,513.3,527.7,528.8,530.4,531.6,531.7,530.6,529.0,527.9,528.0,527.3,527.2,528.2,530.8,534.3,537.5,534.2,530.9,528.4,527.3,527.4,529.6,530.1,530.9,531.3,531.3,530.8,530.0,529.6,28.7,-10.8,654.7,0.14,-0.181,-0.055,219.0,220.3,222.6,225.9,231.1,238.7,248.0,258.8,269.4,278.0,284.0,289.3,293.8,296.8,298.5,299.5,299.3,228.4,234.6,243.1,251.8,259.7,274.8,281.2,287.5,293.7,297.9,268.1,269.6,271.2,272.8,262.0,266.5,271.1,275.1,278.4,238.2,243.3,249.5,254.7,249.6,243.5,277.1,281.7,287.2,291.2,288.1,282.6,253.8,261.2,267.4,271.1,274.9,279.5,283.3,280.0,275.6,271.5,267.4,261.1,256.8,267.2,271.0,274.8,281.2,274.9,271.1,267.1,161.7,173.3,184.6,195.4,205.5,213.9,220.7,225.3,225.9,223.4,217.2,209.1,199.9,189.5,178.5,167.3,156.1,152.3,146.9,145.0,145.5,147.7,146.2,142.8,141.1,141.8,146.0,156.0,163.5,170.9,178.6,185.0,186.1,186.9,185.4,183.6,159.8,156.4,156.0,159.5,161.2,161.8,157.5,153.1,152.7,155.3,157.9,158.4,201.5,198.1,196.0,196.8,195.4,196.7,198.8,203.9,206.3,207.0,207.0,205.6,201.4,199.8,199.9,199.1,199.4,200.5,201.4,201.3,-54.2,-52.2,-48.3,-42.7,-33.4,-19.8,-3.4,15.2,33.4,48.9,60.7,71.4,80.2,85.7,88.7,90.4,90.0,-36.0,-25.5,-11.4,3.0,15.9,40.9,52.0,63.4,75.0,83.4,29.7,31.9,34.2,36.4,19.6,27.0,34.5,41.1,46.9,-19.7,-11.2,-0.9,7.9,-0.6,-10.9,45.8,53.8,63.5,71.0,65.1,55.4,6.4,18.4,28.5,34.7,41.0,49.3,56.8,50.2,42.5,35.6,28.7,18.4,11.4,28.3,34.7,41.2,52.9,41.3,34.8,28.3,-45.2,-25.0,-5.1,14.1,31.8,46.5,57.8,65.1,66.0,62.7,52.9,39.3,22.6,3.6,-16.4,-36.8,-57.4,-58.8,-67.3,-70.0,-68.8,-65.0,-68.1,-74.6,-78.4,-78.4,-72.2,-51.8,-39.1,-26.7,-14.2,-4.2,-2.3,-1.0,-3.4,-6.4,-46.2,-51.7,-52.4,-46.7,-43.7,-42.8,-50.6,-58.3,-59.3,-55.4,-50.5,-49.3,23.4,17.5,13.9,15.3,13.0,15.4,19.3,27.6,31.1,32.2,32.2,29.9,23.2,20.3,20.4,19.3,20.1,21.6,22.9,22.7,683.7,686.1,689.4,691.4,690.6,687.3,681.0,672.7,671.9,681.1,696.3,709.1,715.1,715.5,714.5,713.4,713.4,653.0,647.3,642.9,639.1,637.3,644.3,651.7,660.5,669.7,679.3,642.3,636.1,629.4,623.2,639.0,637.7,637.3,640.7,644.8,652.4,649.4,649.9,651.0,649.8,649.4,660.1,662.6,666.6,672.7,666.7,662.8,655.0,644.8,641.2,642.3,644.4,653.2,666.3,654.7,647.3,644.8,643.9,646.9,652.7,644.0,644.6,647.3,662.4,647.2,644.6,644.1,0.591,0.137,-0.239,-0.047,267.037,180.941,-8.264,4.806,-13.445,17.858,4.174,1.13,-4.098,2.711,3.093,-2.157,-0.515,1.244,0.081,-1.356,-0.765,-0.261,0.254,0.996,-1.294,-0.633,0.379,-0.249,-0.09,-0.368,0.044,-0.04,0.079,0.004,-0.079,-0.018,-0.014,0.002,0.001,-0.007,0.44,0.19,0.0,0.69,0.0,0.0,0.0,0.0,0.0,0.12,0.0,0.0,0.0,0.0,0.0,0.0,0.0,1.0,1.0,0.0,1.0,0.0,0.0,0.0,0.0,0.0,0.0,0.0,0.0,0.0,0.0,0.0,0.0,1.0,0.0
PP133,g1,4418,0,0.975,0.201473,0.147344,-0.968348,0.04585,0.155887,-0.98671,0.126,0.154,242.5,243.6,246.7,250.0,251.5,250.6,247.3,244.1,238.4,240.2,243.0,246.5,250.0,252.7,254.6,252.6,249.7,246.5,243.3,240.5,245.7,247.2,248.5,249.0,248.3,246.9,245.6,245.1,280.0,280.7,283.4,286.4,288.1,287.4,284.7,281.4,277.1,278.9,281.5,284.7,287.6,289.8,291.1,290.1,288.2,285.7,282.7,279.6,282.8,284.1,285.3,285.6,284.9,283.6,282.4,282.1,158.4,155.1,153.5,154.6,157.8,161.3,162.6,161.5,160.2,158.2,156.8,156.0,156.4,157.7,159.7,161.0,161.6,162.0,161.9,161.4,159.7,160.2,159.5,158.0,156.7,156.2,156.8,158.3,155.5,152.3,150.7,151.7,154.6,157.8,159.4,158.7,157.9,155.6,153.8,152.9,153.2,154.2,155.9,157.3,158.2,158.7,158.8,158.7,156.6,157.1,156.4,155.0,153.7,153.3,153.9,155.3,-9.8,-8.4,-4.3,-0.0,2.0,0.8,-3.5,-7.8,-15.4,-12.9,-9.2,-4.6,-0.1,3.5,6.1,3.4,-0.4,-4.6,-8.8,-12.5,-5.6,-3.7,-2.0,-1.3,-2.2,-4.1,-5.8,-6.5,40.6,41.6,45.4,49.6,51.9,50.8,47.0,42.5,36.7,39.1,42.5,46.9,51.2,54.4,56.6,54.8,51.9,48.3,44.1,39.9,44.5,46.3,48.0,48.5,47.5,45.6,44.0,43.5,-38.2,-42.6,-44.7,-43.2,-39.0,-34.3,-32.6,-34.1,-36.2,-38.6,-40.2,-41.2,-40.7,-39.1,-36.6,-34.8,-33.9,-33.4,-33.5,-34.4,-36.6,-35.9,-36.8,-38.7,-40.5,-41.2,-40.3,-38.4,-43.3,-47.7,-50.0,-48.8,-44.8,-40.3,-38.1,-39.0,-40.1,-43.1,-45.5,-46.9,-46.7,-45.6,-43.5,-41.3,-39.8,-39.0,-38.7,-38.9,-41.9,-41.3,-42.3,-44.3,-46.0,-46.6,-45.6,-43.6,512.7,513.2,513.4,513.1,512.6,512.4,511.9,512.1,516.7,514.2,511.9,510.8,511.4,512.8,514.5,512.8,511.2,510.9,511.9,514.2,513.2,513.1,513.2,513.4,513.7,513.8,513.7,513.5,528.0,529.1,530.8,532.0,532.1,531.0,529.4,528.3,528.4,527.7,527.5,528.5,531.2,534.6,537.9,534.5,531.2,528.8,527.7,527.8,530.0,530.5,531.2,531.7,531.7,531.1,530.4,529.9,28.6,-10.3,655.2,0.146,-0.179,-0.051,219.1,220.3,222.6,225.8,231.0,238.6,247.8,258.6,269.2,277.8,283.8,289.2,293.7,296.8,298.5,299.5,299.3,228.4,234.5,243.0,251.8,259.8,274.8,281.2,287.6,293.9,298.0,268.1,269.6,271.2,272.7,261.9,266.4,271.0,275.0,278.3,238.2,243.3,249.5,254.8,249.7,243.5,277.1,281.7,287.3,291.3,288.1,282.7,253.7,261.1,267.3,271.0,274.7,279.3,283.2,279.8,275.4,271.4,267.3,261.0,256.7,267.1,270.9,274.7,281.1,274.7,270.9,267.0,161.7,173.2,184.5,195.3,205.4,213.8,220.6,225.3,226.0,223.5,217.3,209.3,200.0,189.7,178.8,167.7,156.4,152.7,147.2,145.2,145.8,148.0,146.6,143.2,141.6,142.3,146.5,156.4,163.9,171.3,179.0,185.3,186.4,187.3,185.8,184.0,160.1,156.7,156.4,159.8,161.5,162.1,158.0,153.6,153.2,155.8,158.4,158.9,201.7,198.4,196.3,197.2,195.8,197.1,199.1,204.3,206.6,207.4,207.3,205.9,201.6,200.2,200.2,199.5,199.7,200.9,201.7,201.6,-54.2,-52.2,-48.4,-42.8,-33.7,-20.1,-3.8,14.8,33.0,48.5,60.3,71.2,80.1,85.7,88.8,90.5,90.2,-36.1,-25.7,-11.5,2.9,16.0,40.9,52.1,63.6,75.2,83.5,29.8,31.9,34.1,36.3,19.4,26.9,34.3,41.0,46.8,-19.7,-11.1,-0.9,7.9,-0.6,-10.8,45.8,53.9,63.6,71.1,65.1,55.4,6.1,18.3,28.4,34.5,40.8,49.1,56.6,50.0,42.2,35.3,28.5,18.2,11.2,28.2,34.5,40.9,52.8,41.0,34.6,28.1,-45.2,-25.1,-5.2,13.9,31.6,46.4,57.7,65.2,66.3,62.9,53.1,39.6,23.0,4.0,-15.9,-36.2,-56.8,-58.3,-66.8,-69.6,-68.3,-64.4,-67.4,-73.9,-77.7,-77.6,-71.3,-51.1,-38.4,-26.0,-13.6,-3.6,-1.8,-0.4,-2.8,-5.8,-45.8,-51.2,-51.8,-46.2,-43.2,-42.3,-49.9,-57.5,-58.5,-54.6,-49.7,-48.6,23.8,18.1,14.5,15.9,13.6,16.1,19.9,28.2,31.7,32.8,32.8,30.4,23.6,20.9,21.0,19.9,20.6,22.2,23.5,23.3,684.4,686.8,690.2,692.3,691.5,688.3,682.0,673.7,672.9,682.0,697.2,709.9,715.9,716.2,715.2,714.0,714.1,653.6,647.7,643.1,639.2,637.3,644.3,651.7,660.6,669.9,679.5,642.5,636.2,629.6,623.4,639.3,638.1,637.7,641.1,645.1,652.8,649.8,650.2,651.4,650.2,649.8,660.3,662.8,666.8,673.0,666.9,663.0,655.7,645.4,641.7,642.8,644.9,653.7,667.0,655.3,647.9,645.4,644.5,647.6,653.4,644.6,645.2,647.8,663.1,647.7,645.1,644.7,0.591,0.144,-0.237,-0.043,266.97,181.236,-6.881,4.58,-13.144,18.036,4.487,0.785,-4.277,2.952,3.235,-1.874,-0.9,1.25,0.297,-1.582,-0.998,-0.317,0.286,0.92,-1.354,-0.548,0.46,-0.335,-0.012,-0.364,0.048,0.004,0.046,-0.0,-0.089,-0.016,-0.025,0.001,-0.002,-0.006,0.63,0.33,0.0,0.98,0.0,0.0,0.0,0.0,0.0,0.09,0.0,0.0,0.0,0.0,0.0,0.0,0.0,1.0,1.0,0.0,1.0,0.0,0.0,0.0,0.0,0.0,0.0,0.0,0.0,0.0,0.0,0.0,0.0,1.0,0.0
PP133,g1,4422,0,0.975,0.20365,0.150434,-0.967417,0.047867,0.158692,-0.986167,0.128,0.157,242.9,244.0,247.0,250.3,251.8,250.9,247.6,244.4,238.7,240.6,243.3,246.8,250.2,252.9,254.8,252.8,250.0,246.8,243.6,240.8,246.0,247.4,248.8,249.3,248.6,247.2,245.9,245.4,280.1,280.9,283.5,286.5,288.1,287.4,284.8,281.5,277.3,279.1,281.6,284.8,287.7,289.8,291.1,290.1,288.2,285.7,282.8,279.7,282.9,284.2,285.4,285.7,285.0,283.7,282.5,282.2,158.6,155.3,153.8,154.9,158.0,161.6,162.8,161.7,160.4,158.5,157.1,156.3,156.7,158.0,159.9,161.2,161.8,162.2,162.1,161.6,159.9,160.4,159.7,158.3,156.9,156.4,157.1,158.5,155.8,152.6,151.0,152.0,155.0,158.1,159.7,159.0,158.1,155.9,154.2,153.2,153.5,154.5,156.2,157.6,158.5,159.0,159.1,159.0,156.9,157.4,156.7,155.3,154.0,153.6,154.3,155.7,-9.4,-8.0,-3.9,0.3,2.3,1.2,-3.2,-7.4,-15.1,-12.5,-8.8,-4.3,0.3,3.9,6.4,3.7,-0.1,-4.3,-8.4,-12.2,-5.2,-3.4,-1.6,-1.0,-1.8,-3.7,-5.5,-6.1,41.1,42.2,45.9,50.2,52.4,51.3,47.5,43.0,37.2,39.6,43.0,47.5,51.8,55.0,57.2,55.4,52.5,48.8,44.6,40.5,45.0,46.9,48.5,49.0,48.0,46.2,44.5,44.1,-38.2,-42.6,-44.7,-43.2,-39.0,-34.3,-32.6,-34.1,-36.2,-38.5,-40.2,-41.1,-40.7,-39.1,-36.6,-34.8,-33.9,-33.4,-33.5,-34.4,-36.6,-35.9,-36.8,-38.7,-40.5,-41.2,-40.3,-38.4,-43.3,-47.7,-50.0,-48.8,-44.7,-40.3,-38.0,-38.9,-40.1,-43.1,-45.4,-46.8,-46.6,-45.6,-43.5,-41.3,-39.8,-38.9,-38.7,-38.9,-41.8,-41.3,-42.3,-44.2,-46.0,-46.5,-45.5,-43.6,516.8,517.3,517.5,517.3,516.8,516.5,516.1,516.3,520.8,518.3,516.0,514.9,515.6,517.0,518.7,517.0,515.4,515.0,516.1,518.3,517.4,517.3,517.4,517.6,517.8,517.9,517.8,517.6,532.8,533.9,535.5,536.8,536.9,535.8,534.2,533.1,533.2,532.5,532.3,533.3,535.9,539.4,542.6,539.3,536.0,533.6,532.5,532.6,534.8,535.3,536.0,536.5,536.4,535.9,535.2,534.7,29.0,-10.1,657.4,0.147,-0.181,-0.051,219.3,220.5,222.7,226.0,231.2,238.8,248.1,258.8,269.4,278.0,284.0,289.3,293.8,296.8,298.5,299.5,299.3,228.9,234.9,243.4,252.1,260.0,275.1,281.4,287.7,293.9,298.0,268.3,269.8,271.4,272.9,262.1,266.7,271.2,275.1,278.5,238.6,243.6,249.8,255.0,249.9,243.8,277.2,281.9,287.4,291.3,288.2,282.8,253.9,261.3,267.5,271.2,274.9,279.5,283.3,279.9,275.6,271.6,267.5,261.2,256.9,267.3,271.1,274.9,281.2,274.9,271.1,267.2,161.8,173.3,184.6,195.5,205.5,213.9,220.6,225.3,225.9,223.5,217.1,209.2,200.0,189.7,178.9,167.9,156.7,152.7,147.3,145.3,145.9,148.1,146.7,143.4,141.8,142.5,146.7,156.7,164.1,171.5,179.1,185.4,186.5,187.4,185.9,184.1,160.3,157.0,156.6,160.0,161.8,162.3,158.2,153.9,153.6,156.1,158.6,159.1,201.7,198.5,196.4,197.2,195.8,197.1,199.2,204.3,206.7,207.4,207.4,205.9,201.7,200.2,200.3,199.5,199.7,201.0,201.8,201.7,-54.0,-52.1,-48.3,-42.8,-33.5,-19.7,-3.3,15.3,33.5,49.0,60.9,71.6,80.5,86.0,89.0,90.7,90.4,-35.5,-25.1,-10.9,3.4,16.4,41.5,52.6,64.0,75.5,83.7,30.3,32.4,34.6,36.7,19.9,27.3,34.8,41.4,47.2,-19.2,-10.6,-0.4,8.4,-0.1,-10.3,46.2,54.3,64.0,71.4,65.4,55.8,6.6,18.7,28.8,35.0,41.2,49.5,57.0,50.4,42.6,35.8,29.0,18.6,11.6,28.6,34.9,41.4,53.1,41.5,35.0,28.5,-45.2,-25.0,-5.1,14.1,31.9,46.7,58.0,65.4,66.4,63.0,53.1,39.5,22.9,4.0,-15.8,-36.0,-56.4,-58.4,-66.9,-69.7,-68.3,-64.4,-67.5,-73.9,-77.6,-77.5,-71.3,-50.9,-38.2,-25.9,-13.5,-3.5,-1.6,-0.2,-2.7,-5.6,-45.6,-50.9,-51.5,-46.0,-43.0,-42.1,-49.7,-57.1,-58.1,-54.3,-49.4,-48.3,23.9,18.2,14.6,16.0,13.8,16.2,20.0,28.3,31.9,33.0,32.9,30.6,23.8,21.0,21.1,20.0,20.8,22.4,23.7,23.5,686.4,689.0,692.4,694.5,693.7,690.4,684.0,675.8,675.1,684.4,699.6,712.2,718.0,718.1,717.1,716.0,716.1,655.3,649.5,645.0,641.3,639.4,646.5,654.0,662.9,672.2,681.8,644.7,638.5,631.9,625.7,641.5,640.4,640.0,643.4,647.5,654.7,651.7,652.1,653.4,652.2,651.7,662.5,665.1,669.0,675.3,669.2,665.3,657.7,647.4,643.8,644.9,647.1,656.0,669.3,657.6,650.2,647.6,646.7,649.6,655.5,646.7,647.4,650.1,665.4,650.0,647.3,646.8,0.589,0.145,-0.239,-0.043,267.158,181.341,-7.289,5.818,-13.374,17.606,4.464,0.36,-4.231,3.146,2.68,-1.706,-1.145,1.15,0.196,-1.633,-0.975,-0.289,-0.099,0.764,-1.423,-0.718,0.517,-0.257,0.03,-0.449,0.083,0.017,0.041,0.022,-0.091,-0.008,-0.026,-0.002,-0.0,-0.004,0.66,0.34,0.0,0.94,0.0,0.0,0.09,0.0,0.0,0.0,0.0,0.0,0.0,0.0,0.0,0.0,0.0,1.0,1.0,0.0,1.0,0.0,0.0,0.0,0.0,0.0,0.0,0.0,0.0,0.0,0.0,0.0,0.0,1.0,0.0
PP133,g1,4427,0,0.975,0.204083,0.149825,-0.967421,0.047791,0.157594,-0.986347,0.128,0.156,243.1,244.2,247.3,250.5,252.0,251.1,247.8,244.6,238.9,240.7,243.5,247.0,250.5,253.1,255.0,253.0,250.1,247.0,243.8,241.0,246.2,247.6,249.0,249.5,248.8,247.4,246.1,245.6,280.4,281.2,283.8,286.9,288.5,287.7,285.1,281.8,277.6,279.4,281.9,285.1,288.0,290.1,291.5,290.4,288.5,286.0,283.0,280.0,283.2,284.5,285.7,286.0,285.3,284.0,282.8,282.5,158.6,155.3,153.8,154.9,158.1,161.6,162.9,161.8,160.4,158.4,157.1,156.3,156.7,158.0,160.0,161.2,161.8,162.2,162.1,161.6,159.9,160.4,159.8,158.3,156.9,156.5,157.1,158.6,156.0,152.8,151.2,152.2,155.2,158.4,159.9,159.2,158.3,156.1,154.4,153.4,153.7,154.7,156.4,157.9,158.7,159.2,159.3,159.2,157.1,157.6,156.9,155.5,154.2,153.8,154.5,155.9,-9.2,-7.7,-3.6,0.6,2.6,1.4,-2.9,-7.2,-14.8,-12.2,-8.5,-4.0,0.6,4.1,6.7,4.0,0.2,-4.0,-8.2,-11.9,-5.0,-3.1,-1.3,-0.7,-1.6,-3.4,-5.2,-5.8,41.4,42.5,46.3,50.5,52.7,51.6,47.8,43.3,37.5,39.9,43.3,47.8,52.1,55.3,57.4,55.7,52.8,49.1,44.9,40.7,45.3,47.2,48.8,49.3,48.4,46.5,44.8,44.4,-38.1,-42.5,-44.5,-43.0,-38.8,-34.1,-32.4,-33.9,-36.1,-38.4,-40.0,-41.0,-40.5,-38.8,-36.4,-34.6,-33.7,-33.2,-33.4,-34.2,-36.4,-35.7,-36.6,-38.5,-40.4,-41.0,-40.1,-38.2,-42.9,-47.3,-49.6,-48.3,-44.3,-39.9,-37.6,-38.6,-39.7,-42.7,-45.0,-46.4,-46.2,-45.2,-43.1,-40.8,-39.4,-38.5,-38.3,-38.5,-41.5,-40.9,-41.9,-43.8,-45.6,-46.1,-45.2,-43.2,515.0,515.5,515.7,515.5,515.0,514.7,514.3,514.5,519.0,516.5,514.2,513.1,513.8,515.2,516.9,515.2,513.6,513.2,514.3,516.5,515.6,515.5,515.6,515.8,516.0,516.1,516.0,515.8,531.5,532.5,534.2,535.4,535.5,534.4,532.8,531.7,531.8,531.1,531.0,532.0,534.6,538.0,541.3,538.0,534.7,532.2,531.1,531.2,533.4,533.9,534.7,535.1,535.1,534.5,533.8,533.4,29.2,-9.9,657.0,0.147,-0.182,-0.046,219.5,220.6,222.8,226.0,231.1,238.8,248.0,258.7,269.3,277.8,283.8,289.2,293.8,296.8,298.6,299.7,299.6,229.1,235.2,243.7,252.4,260.4,275.4,281.8,288.1,294.3,298.4,268.6,270.1,271.6,273.1,262.2,266.8,271.3,275.3,278.6,238.7,243.8,250.0,255.2,250.1,244.0,277.5,282.2,287.7,291.6,288.5,283.0,253.9,261.3,267.5,271.2,275.0,279.6,283.3,280.0,275.6,271.6,267.5,261.2,256.9,267.3,271.1,274.9,281.2,275.0,271.2,267.3,161.8,173.3,184.7,195.5,205.5,213.9,220.6,225.4,226.0,223.6,217.4,209.5,200.3,190.0,179.2,168.2,157.0,152.6,147.2,145.3,145.9,148.2,146.9,143.5,141.9,142.7,146.9,156.8,164.2,171.6,179.2,185.5,186.6,187.5,186.0,184.3,160.3,157.0,156.7,160.1,161.8,162.3,158.4,154.1,153.8,156.3,158.9,159.4,201.8,198.6,196.5,197.3,196.0,197.3,199.4,204.5,206.8,207.6,207.5,206.0,201.7,200.3,200.4,199.7,199.9,201.1,201.9,201.8,-53.6,-51.8,-48.2,-42.7,-33.5,-19.8,-3.4,15.1,33.3,48.7,60.6,71.4,80.4,86.1,89.2,91.0,90.8,-35.1,-24.6,-10.4,4.0,16.9,42.0,53.2,64.7,76.2,84.4,30.7,32.8,34.9,37.0,20.1,27.5,35.0,41.6,47.4,-18.9,-10.3,-0.0,8.7,0.2,-10.1,46.7,54.8,64.5,71.9,65.9,56.3,6.5,18.7,28.9,35.1,41.3,49.6,57.1,50.4,42.6,35.7,28.9,18.6,11.6,28.6,35.0,41.4,53.2,41.5,35.0,28.6,-45.1,-24.9,-5.0,14.2,31.9,46.7,58.0,65.5,66.5,63.3,53.5,40.0,23.5,4.6,-15.2,-35.4,-55.9,-58.5,-66.9,-69.6,-68.2,-64.3,-67.2,-73.6,-77.3,-77.1,-70.8,-50.6,-38.0,-25.7,-13.2,-3.3,-1.4,0.0,-2.4,-5.3,-45.6,-50.9,-51.4,-45.8,-42.9,-42.0,-49.3,-56.8,-57.7,-53.8,-49.0,-47.9,24.0,18.3,14.8,16.2,14.0,16.5,20.4,28.6,32.1,33.2,33.1,30.7,23.9,21.2,21.4,20.3,21.1,22.7,23.9,23.7,685.8,688.3,691.7,693.8,693.0,689.7,683.4,675.2,674.6,683.9,699.1,711.8,717.6,717.9,716.9,715.8,715.9,654.9,649.1,644.6,640.9,639.0,646.0,653.6,662.6,672.0,681.6,644.3,638.1,631.5,625.3,641.0,639.9,639.6,643.0,647.1,654.3,651.3,651.8,653.0,651.8,651.3,662.2,664.8,668.8,675.0,668.9,665.0,657.2,647.0,643.4,644.5,646.7,655.5,668.9,657.2,649.7,647.1,646.2,649.2,655.0,646.2,646.9,649.6,665.0,649.6,646.9,646.4,0.589,0.144,-0.241,-0.037,267.286,181.475,-7.187,5.355,-13.311,17.488,4.87,0.388,-4.488,3.094,2.546,-1.777,-0.915,0.946,0.222,-1.7,-0.967,-0.227,-0.041,0.717,-1.44,-0.667,0.472,-0.225,0.003,-0.429,0.088,0.024,0.057,0.001,-0.086,-0.007,-0.022,-0.001,0.0,-0.004,0.77,0.47,0.0,0.54,0.0,0.0,0.16,0.0,0.0,0.15,0.0,0.0,0.0,0.0,0.0,0.0,0.0,1.0,1.0,0.0,0.0,0.0,0.0,0.0,0.0,0.0,0.0,0.0,0.0,0.0,0.0,0.0,0.0,1.0,0.0
PP133,g1,4431,0,0.975,0.205586,0.153081,-0.966592,0.048792,0.160127,-0.98589,0.13,0.159,243.6,244.7,247.8,251.0,252.5,251.6,248.3,245.0,239.4,241.3,244.0,247.5,251.0,253.6,255.5,253.5,250.6,247.4,244.3,241.5,246.7,248.1,249.5,250.0,249.3,247.9,246.6,246.1,280.9,281.6,284.3,287.3,288.9,288.1,285.5,282.2,278.0,279.8,282.3,285.6,288.5,290.6,291.9,290.8,288.9,286.4,283.5,280.4,283.6,284.9,286.1,286.4,285.7,284.4,283.3,282.9,158.6,155.3,153.8,155.0,158.1,161.7,162.9,161.8,160.3,158.4,157.1,156.3,156.8,158.1,160.1,161.3,161.9,162.2,162.1,161.6,159.9,160.5,159.8,158.4,157.0,156.5,157.1,158.6,156.2,153.0,151.5,152.5,155.4,158.6,160.1,159.4,158.5,156.3,154.6,153.7,154.0,155.0,156.7,158.1,159.0,159.4,159.5,159.4,157.3,157.8,157.1,155.7,154.4,154.0,154.7,156.1,-8.5,-7.0,-2.9,1.3,3.3,2.1,-2.3,-6.6,-14.2,-11.6,-7.9,-3.3,1.3,4.8,7.3,4.6,0.8,-3.4,-7.5,-11.3,-4.3,-2.5,-0.7,-0.0,-0.9,-2.8,-4.5,-5.2,42.1,43.2,47.0,51.3,53.5,52.3,48.5,44.0,38.2,40.6,44.1,48.6,52.8,56.0,58.2,56.4,53.5,49.8,45.6,41.5,46.0,47.9,49.6,50.0,49.1,47.2,45.6,45.1,-38.2,-42.5,-44.5,-43.0,-38.8,-34.1,-32.4,-34.0,-36.2,-38.5,-40.1,-41.0,-40.5,-38.9,-36.4,-34.6,-33.8,-33.3,-33.5,-34.3,-36.4,-35.8,-36.6,-38.6,-40.4,-41.1,-40.2,-38.3,-42.8,-47.2,-49.4,-48.2,-44.1,-39.7,-37.5,-38.4,-39.6,-42.6,-44.9,-46.2,-46.0,-44.9,-42.9,-40.6,-39.2,-38.4,-38.2,-38.3,-41.3,-40.7,-41.7,-43.6,-45.4,-46.0,-45.0,-43.1,516.2,516.7,516.9,516.7,516.2,516.0,515.5,515.7,520.2,517.7,515.4,514.4,515.0,516.5,518.1,516.5,514.8,514.4,515.5,517.7,516.8,516.7,516.8,517.0,517.3,517.3,517.2,517.0,532.9,534.0,535.6,536.9,537.0,535.9,534.3,533.2,533.3,532.6,532.4,533.4,536.1,539.5,542.8,539.5,536.2,533.7,532.6,532.7,534.9,535.4,536.1,536.6,536.6,536.0,535.3,534.8,29.8,-9.8,657.9,0.15,-0.184,-0.041,219.8,220.9,223.0,226.1,231.2,238.9,248.2,258.9,269.4,278.0,284.0,289.4,293.9,297.1,298.9,300.0,299.9,229.6,235.8,244.3,253.0,260.9,276.0,282.3,288.6,294.7,298.8,269.1,270.5,272.0,273.5,262.6,267.1,271.7,275.6,278.9,239.2,244.3,250.5,255.7,250.6,244.5,278.0,282.6,288.1,292.0,288.9,283.5,254.1,261.5,267.8,271.5,275.3,279.8,283.6,280.2,275.9,271.8,267.7,261.4,257.1,267.6,271.4,275.2,281.5,275.2,271.4,267.5,161.7,173.3,184.6,195.4,205.4,213.9,220.6,225.4,226.0,223.6,217.4,209.4,200.3,190.1,179.3,168.3,157.3,152.4,147.1,145.3,146.0,148.3,147.1,143.8,142.2,142.9,147.1,157.0,164.4,171.8,179.4,185.6,186.7,187.6,186.2,184.5,160.3,157.0,156.7,160.2,161.9,162.3,158.6,154.3,154.0,156.6,159.1,159.5,201.7,198.6,196.5,197.4,196.0,197.4,199.5,204.6,207.0,207.7,207.6,206.0,201.7,200.4,200.5,199.8,200.0,201.2,202.0,201.9,-53.0,-51.4,-47.8,-42.5,-33.3,-19.6,-3.2,15.4,33.6,49.1,61.0,71.8,80.8,86.6,89.8,91.6,91.5,-34.2,-23.6,-9.4,4.9,17.9,43.0,54.2,65.5,77.0,85.2,31.6,33.6,35.7,37.7,20.7,28.1,35.6,42.2,48.0,-18.1,-9.4,0.8,9.5,1.0,-9.3,47.5,55.6,65.3,72.7,66.7,57.1,6.9,19.1,29.3,35.6,41.9,50.2,57.6,50.9,43.1,36.1,29.3,18.9,11.9,29.1,35.5,42.0,53.7,42.0,35.5,29.0,-45.3,-25.1,-5.2,14.0,31.8,46.6,58.0,65.5,66.7,63.4,53.5,40.0,23.5,4.7,-15.0,-35.1,-55.5,-58.8,-67.1,-69.7,-68.2,-64.1,-67.0,-73.3,-77.0,-76.8,-70.6,-50.4,-37.8,-25.5,-13.0,-3.1,-1.2,0.2,-2.1,-5.0,-45.6,-50.9,-51.4,-45.7,-42.8,-42.0,-49.1,-56.5,-57.4,-53.5,-48.7,-47.6,24.0,18.3,14.9,16.3,14.2,16.7,20.6,28.9,32.4,33.5,33.3,30.9,23.9,21.4,21.5,20.5,21.3,22.9,24.1,23.8,686.3,688.9,692.4,694.6,693.8,690.5,684.2,676.1,675.6,685.0,700.2,712.8,718.6,718.7,717.6,716.6,716.7,655.2,649.5,645.1,641.5,639.7,646.9,654.5,663.4,672.8,682.4,645.2,639.1,632.5,626.4,642.0,641.0,640.7,644.1,648.1,654.8,651.8,652.4,653.7,652.4,651.9,663.1,665.6,669.7,676.0,669.8,665.9,658.1,647.9,644.3,645.5,647.7,656.6,670.0,658.3,650.9,648.2,647.2,650.1,655.9,647.2,647.9,650.7,666.1,650.7,647.9,647.3,0.588,0.148,-0.243,-0.032,267.616,181.552,-7.822,6.008,-13.404,16.794,4.844,0.236,-4.537,3.15,2.264,-1.553,-0.622,0.896,0.163,-1.599,-0.98,-0.324,-0.016,0.758,-1.423,-0.8,0.405,-0.28,0.005,-0.442,0.069,0.025,0.048,0.006,-0.084,-0.014,-0.021,-0.002,0.002,-0.004,0.66,0.55,0.0,0.77,0.0,0.0,0.0,0.0,0.0,0.24,0.0,0.0,0.0,0.0,0.0,0.0,0.0,1.0,1.0,0.0,1.0,0.0,0.0,0.0,0.0,0.0,0.0,0.0,0.0,0.0,0.0,0.0,0.0,1.0,0.0
PP133,g1,4435,0,0.975,0.207695,0.152001,-0.966312,0.050553,0.157896,-0.986161,0.132,0.157,244.4,245.5,248.6,251.8,253.3,252.4,249.0,245.8,240.1,242.1,244.9,248.3,251.8,254.4,256.3,254.3,251.4,248.2,245.1,242.3,247.5,248.9,250.3,250.8,250.1,248.7,247.4,246.9,281.7,282.5,285.1,288.1,289.7,288.9,286.2,283.0,278.8,280.6,283.2,286.4,289.3,291.3,292.6,291.6,289.7,287.2,284.2,281.2,284.4,285.7,286.9,287.2,286.5,285.2,284.1,283.7,158.6,155.3,153.8,155.0,158.1,161.6,162.9,161.7,160.3,158.4,157.1,156.3,156.8,158.1,160.1,161.3,161.9,162.2,162.1,161.5,159.9,160.4,159.8,158.3,157.0,156.5,157.1,158.5,156.4,153.2,151.7,152.7,155.7,158.8,160.3,159.6,158.7,156.5,154.8,153.9,154.2,155.2,157.0,158.4,159.2,159.7,159.7,159.6,157.6,158.0,157.4,156.0,154.7,154.2,154.9,156.3,-7.4,-5.9,-1.8,2.4,4.3,3.1,-1.3,-5.5,-13.1,-10.5,-6.8,-2.2,2.4,5.9,8.4,5.7,1.9,-2.3,-6.5,-10.3,-3.3,-1.4,0.4,1.0,0.2,-1.7,-3.5,-4.1,43.3,44.5,48.3,52.5,54.6,53.5,49.7,45.1,39.4,41.8,45.3,49.8,54.0,57.2,59.3,57.5,54.6,51.0,46.8,42.6,47.2,49.1,50.7,51.2,50.3,48.4,46.8,46.3,-38.2,-42.6,-44.6,-43.0,-38.8,-34.2,-32.5,-34.0,-36.3,-38.6,-40.2,-41.1,-40.5,-38.9,-36.4,-34.6,-33.8,-33.3,-33.5,-34.4,-36.5,-35.8,-36.7,-38.6,-40.4,-41.1,-40.2,-38.3,-42.6,-47.0,-49.2,-47.9,-43.8,-39.4,-37.2,-38.2,-39.4,-42.4,-44.7,-46.0,-45.8,-44.6,-42.5,-40.3,-38.9,-38.1,-37.9,-38.1,-41.1,-40.5,-41.4,-43.4,-45.2,-45.7,-44.8,-42.8,516.2,516.7,516.9,516.8,516.3,516.0,515.5,515.7,520.2,517.7,515.4,514.4,515.0,516.5,518.2,516.5,514.9,514.4,515.5,517.6,516.8,516.7,516.8,517.1,517.3,517.4,517.2,517.0,534.0,535.1,536.7,537.9,538.1,537.0,535.3,534.2,534.3,533.6,533.5,534.5,537.1,540.6,543.9,540.6,537.2,534.8,533.6,533.7,535.9,536.5,537.2,537.7,537.6,537.1,536.4,535.9,30.8,-9.5,657.6,0.148,-0.188,-0.033,220.4,221.4,223.4,226.5,231.6,239.2,248.5,259.2,269.7,278.2,284.2,289.5,294.1,297.4,299.3,300.4,300.5,230.4,236.6,245.2,254.0,261.9,276.9,283.3,289.5,295.7,299.6,270.0,271.4,272.9,274.4,263.3,267.8,272.4,276.3,279.6,240.0,245.2,251.3,256.5,251.4,245.3,278.8,283.4,288.9,292.8,289.7,284.2,254.6,262.1,268.4,272.1,275.8,280.3,284.0,280.6,276.3,272.3,268.2,261.9,257.6,268.1,271.9,275.7,281.9,275.7,271.9,268.0,161.6,173.2,184.5,195.3,205.4,213.9,220.6,225.4,226.2,223.9,217.7,209.9,200.8,190.6,179.8,168.8,157.7,152.5,147.2,145.3,146.0,148.4,147.2,144.0,142.5,143.3,147.6,157.0,164.5,171.9,179.5,185.6,186.8,187.7,186.3,184.6,160.2,156.9,156.7,160.2,161.8,162.3,158.8,154.5,154.3,156.9,159.4,159.8,201.8,198.7,196.7,197.6,196.3,197.7,199.8,204.8,207.1,207.7,207.6,206.0,201.8,200.5,200.6,200.0,200.3,201.4,202.1,201.9,-52.0,-50.5,-47.0,-41.7,-32.7,-19.0,-2.6,15.8,34.0,49.4,61.2,72.1,81.2,87.2,90.5,92.6,92.7,-32.9,-22.3,-8.0,6.5,19.5,44.5,55.7,67.2,78.7,86.7,33.0,35.0,37.0,39.0,21.8,29.2,36.7,43.3,49.1,-16.8,-8.1,2.2,10.8,2.3,-7.9,48.8,57.0,66.7,74.0,68.0,58.4,7.7,20.1,30.3,36.5,42.8,51.0,58.3,51.6,43.8,36.9,30.1,19.8,12.8,30.0,36.3,42.8,54.4,42.8,36.3,29.9,-45.5,-25.3,-5.3,13.9,31.7,46.5,57.9,65.6,66.8,63.7,54.1,40.8,24.4,5.6,-14.1,-34.3,-54.8,-58.7,-67.0,-69.6,-68.1,-64.0,-66.6,-72.9,-76.5,-76.2,-69.8,-50.3,-37.6,-25.3,-12.9,-3.1,-1.1,0.4,-1.9,-4.7,-45.7,-51.0,-51.4,-45.7,-42.8,-42.1,-48.8,-56.1,-57.0,-53.0,-48.2,-47.3,24.0,18.5,15.2,16.6,14.5,17.1,21.1,29.2,32.6,33.6,33.3,30.8,24.0,21.5,21.8,20.8,21.7,23.1,24.2,23.9,685.7,688.1,691.5,693.6,692.8,689.6,683.3,675.3,675.0,684.5,699.8,712.5,718.5,718.9,718.0,717.1,717.3,654.8,649.1,644.8,641.2,639.4,646.8,654.5,663.6,673.1,682.9,644.9,638.7,632.1,626.0,641.4,640.4,640.2,643.7,647.8,654.3,651.4,652.0,653.3,652.0,651.4,662.9,665.6,669.7,676.0,669.9,665.8,657.4,647.4,644.0,645.1,647.4,656.3,669.7,657.9,650.4,647.7,646.7,649.6,655.3,646.8,647.6,650.3,665.7,650.3,647.5,646.9,0.589,0.146,-0.25,-0.024,268.225,181.691,-7.017,5.652,-13.247,16.852,5.459,0.585,-4.377,2.649,2.72,-1.591,-0.772,0.84,0.305,-1.626,-1.072,-0.234,-0.007,0.837,-1.505,-0.685,0.424,-0.352,0.066,-0.475,0.041,0.02,0.021,0.011,-0.088,-0.01,-0.028,0.001,0.001,-0.002,0.44,0.36,0.0,0.53,0.0,0.0,0.0,0.0,0.0,0.24,0.0,0.0,0.0,0.0,0.0,0.0,0.0,1.0,1.0,0.0,1.0,0.0,0.0,0.0,0.0,0.0,0.0,0.0,0.0,0.0,0.0,0.0,0.0,1.0,0.0
PP133,g1,4440,0,0.975,0.209686,0.155479,-0.965328,0.052797,0.16044,-0.985632,0.134,0.161,244.9,246.1,249.2,252.4,253.8,252.8,249.5,246.3,240.6,242.6,245.4,248.8,252.3,254.9,256.8,254.8,251.9,248.7,245.6,242.7,248.0,249.4,250.8,251.3,250.7,249.3,247.9,247.4,282.1,282.9,285.6,288.5,290.1,289.3,286.6,283.4,279.2,281.1,283.6,286.8,289.7,291.8,293.0,292.0,290.1,287.6,284.7,281.6,284.8,286.1,287.3,287.6,287.0,285.7,284.5,284.2,158.4,155.1,153.7,154.9,158.0,161.5,162.7,161.5,160.1,158.2,156.9,156.2,156.6,158.0,160.0,161.2,161.7,162.0,161.9,161.3,159.7,160.3,159.6,158.2,156.8,156.3,156.9,158.4,156.4,153.3,151.8,152.8,155.8,158.9,160.4,159.6,158.7,156.5,154.9,154.0,154.3,155.4,157.1,158.5,159.3,159.8,159.8,159.6,157.6,158.1,157.5,156.1,154.8,154.3,155.0,156.4,-6.8,-5.2,-1.1,3.1,5.0,3.8,-0.6,-4.9,-12.5,-9.8,-6.1,-1.5,3.0,6.5,9.0,6.3,2.5,-1.7,-5.8,-9.6,-2.6,-0.8,1.0,1.7,0.9,-1.0,-2.8,-3.5,44.0,45.2,49.0,53.2,55.3,54.1,50.3,45.8,40.1,42.5,46.0,50.5,54.7,57.9,60.0,58.2,55.3,51.6,47.5,43.3,47.9,49.7,51.4,51.9,51.0,49.2,47.5,47.0,-38.5,-42.9,-44.8,-43.2,-39.0,-34.4,-32.7,-34.3,-36.6,-38.9,-40.5,-41.3,-40.7,-39.1,-36.6,-34.8,-34.0,-33.6,-33.8,-34.7,-36.8,-36.1,-36.9,-38.8,-40.7,-41.4,-40.5,-38.6,-42.6,-47.0,-49.2,-47.8,-43.8,-39.3,-37.2,-38.2,-39.5,-42.4,-44.7,-46.0,-45.7,-44.6,-42.4,-40.2,-38.8,-38.1,-37.9,-38.2,-41.1,-40.5,-41.4,-43.3,-45.1,-45.7,-44.8,-42.8,516.8,517.3,517.6,517.5,517.0,516.7,516.2,516.3,520.8,518.3,516.1,515.0,515.7,517.2,518.9,517.2,515.6,515.1,516.1,518.3,517.5,517.4,517.5,517.8,518.0,518.0,517.9,517.7,535.2,536.3,537.9,539.2,539.3,538.2,536.6,535.4,535.5,534.8,534.7,535.7,538.4,541.8,545.1,541.8,538.5,536.0,534.8,535.0,537.1,537.7,538.4,538.9,538.8,538.3,537.6,537.1,31.3,-9.6,657.4,0.151,-0.193,-0.025,220.8,221.6,223.6,226.5,231.5,239.0,248.3,259.0,269.6,278.1,284.1,289.5,294.2,297.4,299.4,300.7,300.8,231.0,237.3,245.8,254.5,262.4,277.4,283.8,290.0,296.1,300.0,270.5,271.8,273.3,274.7,263.6,268.1,272.7,276.6,279.9,240.5,245.7,251.8,257.0,251.9,245.7,279.2,283.9,289.3,293.2,290.1,284.7,254.8,262.4,268.7,272.4,276.1,280.6,284.2,280.8,276.5,272.5,268.5,262.2,257.9,268.4,272.2,275.9,282.1,276.0,272.2,268.3,161.2,172.7,184.0,194.9,204.9,213.5,220.4,225.4,226.2,223.9,217.8,210.0,201.0,190.7,180.0,168.9,157.8,152.1,146.9,145.1,145.9,148.3,147.3,144.1,142.6,143.4,147.7,157.0,164.5,171.9,179.5,185.6,186.8,187.7,186.4,184.7,160.0,156.8,156.6,160.1,161.7,162.1,158.8,154.6,154.4,157.0,159.5,159.8,201.7,198.6,196.7,197.6,196.3,197.7,199.8,204.9,207.1,207.7,207.6,206.0,201.7,200.5,200.6,200.0,200.3,201.4,202.1,201.9,-51.3,-49.9,-46.7,-41.7,-32.8,-19.4,-3.0,15.6,33.8,49.3,61.1,72.0,81.2,87.3,90.9,93.1,93.3,-31.8,-21.1,-6.9,7.4,20.3,45.4,56.6,68.0,79.4,87.4,33.8,35.7,37.7,39.6,22.3,29.7,37.2,43.8,49.6,-15.9,-7.2,3.1,11.6,3.1,-7.1,49.5,57.7,67.4,74.7,68.7,59.1,8.1,20.6,30.8,37.0,43.2,51.3,58.6,51.9,44.2,37.3,30.6,20.2,13.2,30.5,36.8,43.2,54.7,43.2,36.8,30.4,-46.2,-26.1,-6.2,13.0,30.9,45.9,57.6,65.4,66.8,63.9,54.3,41.1,24.8,6.0,-13.8,-34.1,-54.6,-59.3,-67.4,-69.9,-68.3,-64.1,-66.6,-72.8,-76.3,-75.9,-69.5,-50.3,-37.6,-25.3,-12.8,-3.2,-1.1,0.4,-1.9,-4.7,-46.0,-51.2,-51.6,-45.8,-43.0,-42.4,-48.7,-56.0,-56.8,-52.7,-48.0,-47.1,23.8,18.4,15.1,16.6,14.5,17.2,21.2,29.3,32.6,33.6,33.3,30.8,23.8,21.5,21.8,20.8,21.8,23.1,24.2,23.9,684.5,687.0,690.5,692.7,692.0,689.0,682.9,675.0,674.8,684.4,699.8,712.6,718.7,719.1,718.1,717.1,717.2,653.8,648.3,644.1,640.7,639.1,646.6,654.3,663.4,672.8,682.4,644.6,638.5,632.0,625.9,641.1,640.2,640.0,643.5,647.7,653.6,650.8,651.4,652.8,651.4,650.8,662.7,665.3,669.5,675.8,669.6,665.6,657.0,647.0,643.6,644.9,647.1,656.1,669.6,657.7,650.1,647.4,646.4,649.2,654.9,646.5,647.3,650.0,665.6,650.0,647.1,646.5,0.589,0.15,-0.256,-0.016,268.523,181.651,-7.099,5.152,-13.679,16.566,4.558,0.368,-4.102,3.029,2.518,-1.683,-0.997,1.035,0.221,-1.897,-1.031,-0.265,0.022,0.751,-1.311,-0.692,0.554,-0.311,-0.075,-0.481,0.014,0.079,0.027,0.01,-0.094,-0.008,-0.023,0.001,-0.001,-0.002,0.66,0.43,0.0,0.62,0.0,0.0,0.22,0.0,0.0,0.38,0.0,0.0,0.0,0.0,0.0,0.0,0.0,1.0,1.0,0.0,1.0,0.0,0.0,0.0,0.0,0.0,0.0,0.0,0.0,0.0,0.0,0.0,0.0,1.0,0.0
PP133,g1,4444,0,0.975,0.210661,0.147775,-0.966325,0.055257,0.15176,-0.986872,0.135,0.152,245.2,246.4,249.5,252.7,254.2,253.2,249.9,246.7,241.0,242.9,245.8,249.2,252.7,255.3,257.2,255.1,252.3,249.1,245.9,243.1,248.4,249.8,251.1,251.6,251.0,249.6,248.3,247.7,282.5,283.3,286.0,288.9,290.5,289.7,287.0,283.8,279.6,281.4,284.0,287.2,290.1,292.1,293.4,292.3,290.5,288.0,285.0,282.0,285.2,286.5,287.7,288.0,287.4,286.1,284.9,284.5,158.2,155.0,153.5,154.7,157.9,161.4,162.6,161.4,159.9,158.0,156.7,156.0,156.5,157.9,159.9,161.1,161.6,161.9,161.8,161.2,159.6,160.1,159.5,158.1,156.7,156.2,156.8,158.2,156.5,153.3,151.9,152.9,155.9,159.0,160.5,159.7,158.8,156.6,154.9,154.0,154.4,155.5,157.2,158.6,159.4,159.8,159.9,159.7,157.7,158.2,157.5,156.2,154.9,154.4,155.0,156.4,-6.3,-4.7,-0.6,3.6,5.5,4.2,-0.2,-4.4,-12.0,-9.4,-5.6,-1.0,3.5,7.0,9.5,6.8,3.0,-1.2,-5.4,-9.2,-2.2,-0.3,1.5,2.2,1.4,-0.5,-2.3,-3.0,44.5,45.7,49.5,53.7,55.8,54.6,50.8,46.3,40.5,43.0,46.5,51.0,55.2,58.4,60.4,58.6,55.7,52.1,47.9,43.7,48.3,50.2,51.9,52.4,51.5,49.6,48.0,47.4,-38.7,-43.0,-44.9,-43.3,-39.1,-34.5,-32.8,-34.4,-36.7,-39.1,-40.6,-41.5,-40.9,-39.1,-36.6,-34.9,-34.1,-33.7,-33.9,-34.9,-36.9,-36.2,-37.0,-38.9,-40.8,-41.5,-40.6,-38.7,-42.5,-46.8,-49.0,-47.7,-43.6,-39.2,-37.0,-38.1,-39.3,-42.3,-44.6,-45.8,-45.5,-44.4,-42.2,-40.0,-38.6,-37.9,-37.8,-38.0,-40.9,-40.3,-41.2,-43.2,-44.9,-45.5,-44.6,-42.7,515.6,516.2,516.5,516.3,515.8,515.5,515.0,515.1,519.6,517.1,514.9,513.9,514.6,516.0,517.7,516.0,514.3,513.9,514.9,517.1,516.3,516.2,516.3,516.6,516.8,516.8,516.7,516.5,534.3,535.4,537.1,538.4,538.5,537.4,535.7,534.5,534.6,533.9,533.8,534.9,537.6,541.0,544.3,541.0,537.6,535.1,533.9,534.0,536.3,536.8,537.6,538.1,538.0,537.5,536.7,536.2,31.7,-9.3,656.4,0.141,-0.198,-0.019,221.1,221.9,223.8,226.7,231.6,239.1,248.3,259.0,269.5,278.0,283.9,289.2,294.0,297.4,299.4,300.8,301.0,231.4,237.7,246.3,255.0,262.8,277.9,284.3,290.5,296.5,300.5,270.9,272.2,273.7,275.1,263.9,268.5,273.0,276.9,280.3,240.8,246.1,252.2,257.3,252.2,246.1,279.6,284.3,289.7,293.5,290.4,285.1,255.0,262.6,268.9,272.6,276.3,280.8,284.3,281.0,276.7,272.7,268.6,262.3,258.0,268.6,272.4,276.2,282.3,276.2,272.4,268.5,161.2,172.8,184.2,195.1,205.2,213.9,220.8,225.8,226.7,224.6,218.6,210.9,201.9,191.6,180.7,169.5,158.2,152.0,146.8,145.1,145.9,148.3,147.3,144.2,142.8,143.7,148.0,157.0,164.5,171.9,179.6,185.6,186.9,187.8,186.5,184.8,159.8,156.6,156.4,160.0,161.6,161.9,158.8,154.7,154.5,157.2,159.6,159.9,201.7,198.7,196.7,197.7,196.4,197.9,200.1,205.1,207.3,207.9,207.7,206.1,201.8,200.5,200.7,200.1,200.6,201.5,202.2,202.0,-50.6,-49.4,-46.2,-41.3,-32.5,-19.2,-2.9,15.6,33.7,48.9,60.6,71.4,80.8,87.1,90.8,93.2,93.6,-31.1,-20.4,-6.2,8.1,21.0,46.2,57.4,68.7,80.1,88.1,34.4,36.3,38.3,40.2,22.8,30.2,37.6,44.3,50.1,-15.3,-6.6,3.7,12.2,3.7,-6.5,50.1,58.4,68.1,75.2,69.3,59.7,8.3,20.9,31.1,37.3,43.6,51.6,58.7,52.1,44.4,37.5,30.7,20.4,13.4,30.7,37.0,43.5,54.9,43.5,37.0,30.5,-45.9,-25.8,-5.9,13.4,31.3,46.4,58.1,66.0,67.5,64.8,55.6,42.6,26.4,7.5,-12.4,-32.9,-53.7,-59.3,-67.5,-69.9,-68.3,-64.1,-66.5,-72.6,-75.9,-75.5,-69.0,-50.3,-37.6,-25.2,-12.7,-3.1,-1.1,0.6,-1.7,-4.5,-46.2,-51.4,-51.8,-45.9,-43.2,-42.6,-48.6,-55.9,-56.6,-52.5,-47.8,-47.0,23.9,18.4,15.2,16.7,14.7,17.4,21.6,29.6,32.8,33.7,33.4,30.8,23.9,21.6,21.9,21.0,22.2,23.3,24.3,24.0,682.9,685.3,688.6,690.7,690.0,686.9,680.8,673.0,672.9,682.5,698.1,711.2,717.5,718.3,717.5,716.5,716.6,652.9,647.5,643.5,640.3,638.7,646.4,654.1,663.2,672.6,682.2,644.0,637.8,631.2,625.0,640.0,639.0,638.9,642.5,646.8,652.6,650.0,650.7,652.1,650.6,649.9,662.0,664.8,669.0,675.3,669.1,665.0,655.6,645.8,642.5,643.7,646.1,655.0,668.4,656.5,648.8,646.1,645.0,647.8,653.5,645.2,646.1,648.9,664.3,648.8,646.0,645.3,0.59,0.14,-0.262,-0.01,268.761,181.822,-8.366,4.304,-13.283,17.066,4.48,1.368,-3.82,2.968,2.763,-2.364,-0.753,1.071,0.389,-1.788,-0.842,-0.272,0.115,0.882,-1.25,-0.647,0.338,-0.361,-0.05,-0.496,0.079,0.075,0.063,-0.008,-0.085,-0.005,-0.017,-0.002,0.0,0.0,0.22,0.54,0.0,0.19,0.0,0.0,0.0,0.0,0.0,0.26,0.0,0.0,0.0,0.0,0.0,0.0,0.0,0.0,1.0,0.0,0.0,0.0,0.0,0.0,0.0,0.0,0.0,0.0,0.0,0.0,0.0,0.0,0.0,1.0,0.0
PP133,g1,4449,0,0.975,0.208138,0.147912,-0.966851,0.055576,0.151167,-0.986945,0.134,0.152,245.6,246.8,249.9,253.1,254.6,253.6,250.3,247.0,241.4,243.3,246.1,249.6,253.1,255.7,257.6,255.5,252.6,249.4,246.3,243.5,248.8,250.2,251.5,252.0,251.4,250.0,248.7,248.1,282.9,283.7,286.4,289.3,290.9,290.1,287.4,284.2,280.0,281.8,284.4,287.6,290.5,292.5,293.8,292.7,290.9,288.4,285.4,282.4,285.6,286.9,288.1,288.4,287.8,286.5,285.3,284.9,158.2,154.9,153.5,154.7,157.9,161.4,162.6,161.4,159.9,158.0,156.7,156.0,156.5,157.9,159.9,161.1,161.6,161.9,161.8,161.2,159.6,160.1,159.5,158.1,156.7,156.2,156.8,158.2,156.5,153.4,151.9,153.0,156.0,159.1,160.6,159.7,158.8,156.6,154.9,154.1,154.5,155.5,157.3,158.7,159.5,159.9,159.9,159.7,157.8,158.2,157.6,156.2,154.9,154.5,155.1,156.5,-5.8,-4.2,-0.1,4.1,6.0,4.7,0.3,-3.9,-11.5,-8.8,-5.1,-0.5,4.0,7.5,10.0,7.3,3.5,-0.7,-4.9,-8.6,-1.6,0.2,2.0,2.7,1.9,0.0,-1.8,-2.5,44.9,46.1,49.9,54.1,56.2,55.0,51.2,46.7,40.9,43.4,46.9,51.4,55.6,58.8,60.8,59.0,56.1,52.5,48.3,44.1,48.8,50.6,52.3,52.8,51.9,50.0,48.4,47.8,-38.6,-43.0,-44.9,-43.3,-39.1,-34.4,-32.8,-34.4,-36.7,-39.0,-40.6,-41.4,-40.8,-39.1,-36.5,-34.9,-34.1,-33.7,-33.9,-34.8,-36.8,-36.1,-37.0,-38.9,-40.7,-41.4,-40.6,-38.7,-42.3,-46.7,-48.8,-47.5,-43.4,-39.0,-36.8,-37.9,-39.2,-42.1,-44.4,-45.6,-45.3,-44.1,-42.0,-39.8,-38.4,-37.7,-37.6,-37.9,-40.7,-40.1,-41.0,-43.0,-44.8,-45.4,-44.4,-42.5,515.0,515.5,515.8,515.6,515.1,514.8,514.3,514.5,519.0,516.5,514.3,513.2,513.9,515.3,517.0,515.3,513.7,513.2,514.3,516.4,515.6,515.5,515.6,515.9,516.1,516.2,516.1,515.8,532.9,534.0,535.7,537.0,537.1,536.0,534.3,533.1,533.2,532.5,532.5,533.5,536.2,539.7,543.0,539.6,536.3,533.8,532.6,532.6,534.9,535.5,536.2,536.7,536.6,536.1,535.3,534.8,32.2,-9.0,654.5,0.141,-0.197,-0.018,221.4,222.2,224.1,227.0,232.0,239.4,248.6,259.4,269.9,278.4,284.3,289.6,294.3,297.6,299.8,301.2,301.4,231.7,238.0,246.6,255.3,263.2,278.4,284.7,290.9,297.0,300.8,271.3,272.7,274.2,275.6,264.3,268.8,273.4,277.3,280.7,241.2,246.4,252.6,257.7,252.6,246.5,280.0,284.7,290.1,293.9,290.8,285.4,255.4,263.0,269.3,273.0,276.7,281.1,284.7,281.4,277.1,273.1,269.0,262.7,258.4,269.0,272.8,276.5,282.6,276.6,272.8,268.9,161.2,172.8,184.3,195.2,205.5,214.2,221.3,226.3,227.2,225.0,219.0,211.2,202.1,191.8,180.9,169.7,158.4,152.1,146.8,145.1,145.9,148.4,147.4,144.3,142.9,143.8,148.2,157.0,164.6,172.1,179.8,185.8,187.1,188.1,186.7,185.0,159.8,156.6,156.4,160.0,161.6,161.9,158.9,154.7,154.5,157.2,159.7,160.0,202.0,198.9,197.0,198.0,196.7,198.2,200.4,205.4,207.5,208.1,208.0,206.4,202.1,200.8,201.0,200.4,200.9,201.8,202.5,202.2,-49.8,-48.7,-45.5,-40.6,-31.8,-18.5,-2.4,16.1,34.2,49.5,61.1,71.9,81.1,87.4,91.1,93.6,93.9,-30.5,-19.8,-5.6,8.7,21.5,46.8,58.0,69.3,80.7,88.6,35.0,36.9,38.9,40.8,23.3,30.7,38.2,44.8,50.6,-14.6,-5.9,4.3,12.9,4.4,-5.9,50.6,58.9,68.6,75.7,69.8,60.2,9.0,21.4,31.6,37.8,44.1,52.1,59.1,52.6,44.9,38.0,31.2,21.0,14.0,31.2,37.5,44.0,55.4,44.0,37.5,31.1,-45.9,-25.7,-5.7,13.7,31.7,46.9,58.7,66.6,68.1,65.4,56.1,43.0,26.7,7.8,-12.1,-32.5,-53.2,-59.0,-67.2,-69.6,-67.9,-63.8,-66.1,-72.1,-75.5,-75.0,-68.5,-50.1,-37.3,-24.8,-12.3,-2.8,-0.7,0.9,-1.3,-4.1,-46.1,-51.3,-51.6,-45.8,-43.1,-42.4,-48.4,-55.7,-56.3,-52.2,-47.6,-46.8,24.2,18.8,15.6,17.2,15.1,17.9,22.0,29.9,33.2,34.0,33.7,31.2,24.3,22.0,22.3,21.4,22.6,23.7,24.7,24.3,681.2,683.7,687.0,689.2,688.4,685.3,679.2,671.3,671.1,680.7,696.3,709.4,715.7,716.3,715.4,714.3,714.4,651.1,645.6,641.7,638.4,636.9,644.6,652.4,661.4,670.8,680.4,642.2,635.9,629.2,622.9,638.1,637.0,636.8,640.5,644.8,650.7,648.1,648.8,650.2,648.7,648.0,660.3,663.1,667.2,673.5,667.3,663.2,653.7,643.9,640.7,641.9,644.2,653.2,666.4,654.5,647.0,644.2,643.1,645.8,651.6,643.4,644.2,647.0,662.4,646.9,644.1,643.4,0.592,0.141,-0.261,-0.009,269.141,182.006,-8.273,5.226,-13.319,18.084,3.985,1.858,-3.83,2.932,3.103,-2.575,-0.694,1.204,0.462,-1.786,-0.65,-0.388,0.123,1.033,-1.273,-0.655,0.375,-0.393,-0.126,-0.521,0.05,0.096,0.069,0.009,-0.095,-0.009,-0.021,-0.007,0.002,-0.001,0.27,0.15,0.0,0.7,0.0,0.0,0.17,0.0,0.0,0.04,0.0,0.0,0.0,0.0,0.0,0.0,0.0,0.0,1.0,0.0,1.0,0.0,0.0,0.0,0.0,0.0,0.0,0.0,0.0,0.0,0.0,0.0,0.0,1.0,0.0
PP133,g1,4453,0,0.975,0.208476,0.151831,-0.96617,0.055867,0.153801,-0.986521,0.135,0.155,246.0,247.2,250.3,253.5,254.9,253.9,250.6,247.4,241.7,243.7,246.5,250.0,253.5,256.1,257.9,255.9,253.0,249.8,246.6,243.8,249.1,250.5,251.9,252.4,251.8,250.4,249.0,248.5,283.3,284.1,286.8,289.7,291.2,290.4,287.7,284.5,280.3,282.2,284.8,288.0,290.9,292.9,294.1,293.1,291.2,288.7,285.8,282.7,286.0,287.2,288.4,288.8,288.1,286.8,285.7,285.3,158.1,154.8,153.4,154.6,157.8,161.3,162.5,161.2,159.7,157.8,156.6,155.9,156.4,157.8,159.8,161.0,161.5,161.8,161.6,161.0,159.5,160.0,159.4,158.0,156.6,156.0,156.7,158.1,156.6,153.5,152.0,153.1,156.1,159.3,160.7,159.9,158.9,156.7,155.1,154.2,154.7,155.7,157.5,158.9,159.7,160.1,160.1,159.9,157.9,158.4,157.8,156.4,155.1,154.6,155.2,156.6,-5.3,-3.7,0.4,4.6,6.5,5.2,0.8,-3.4,-11.0,-8.4,-4.6,-0.0,4.5,8.0,10.5,7.8,3.9,-0.3,-4.4,-8.2,-1.2,0.7,2.5,3.2,2.4,0.5,-1.3,-2.0,45.4,46.6,50.4,54.6,56.7,55.4,51.6,47.1,41.4,43.9,47.4,51.9,56.1,59.3,61.3,59.5,56.6,52.9,48.8,44.6,49.2,51.1,52.7,53.3,52.4,50.5,48.9,48.3,-38.8,-43.1,-45.0,-43.4,-39.1,-34.5,-32.9,-34.6,-36.9,-39.2,-40.7,-41.6,-40.9,-39.2,-36.6,-34.9,-34.2,-33.8,-34.1,-35.0,-37.0,-36.3,-37.1,-39.0,-40.8,-41.6,-40.7,-38.8,-42.1,-46.5,-48.6,-47.2,-43.1,-38.7,-36.6,-37.7,-39.0,-42.0,-44.2,-45.4,-45.1,-43.9,-41.7,-39.5,-38.2,-37.5,-37.4,-37.7,-40.5,-39.9,-40.8,-42.8,-44.6,-45.2,-44.2,-42.3,515.0,515.5,515.8,515.6,515.1,514.8,514.3,514.4,519.0,516.5,514.2,513.2,513.9,515.3,517.0,515.3,513.6,513.2,514.2,516.4,515.6,515.5,515.6,515.9,516.1,516.2,516.0,515.8,532.9,534.0,535.7,537.0,537.2,536.0,534.3,533.1,533.2,532.5,532.5,533.6,536.3,539.7,543.0,539.7,536.3,533.8,532.6,532.6,534.9,535.5,536.2,536.7,536.7,536.1,535.3,534.9,32.5,-9.0,654.9,0.146,-0.197,-0.011,221.7,222.4,224.2,227.0,231.9,239.4,248.5,259.3,269.8,278.3,284.2,289.6,294.3,297.7,299.9,301.4,301.6,232.2,238.6,247.2,255.9,263.8,278.8,285.2,291.4,297.4,301.2,271.7,273.0,274.4,275.8,264.4,269.0,273.6,277.5,280.8,241.6,246.8,253.0,258.1,253.0,246.8,280.3,285.1,290.5,294.2,291.2,285.8,255.3,263.1,269.4,273.0,276.8,281.2,284.7,281.4,277.1,273.0,269.0,262.7,258.4,269.0,272.8,276.6,282.7,276.6,272.8,268.9,160.8,172.4,183.9,195.0,205.3,214.1,221.1,226.2,227.1,225.0,218.9,211.1,202.0,191.8,181.0,169.8,158.6,151.7,146.6,145.0,145.9,148.4,147.6,144.5,143.1,144.0,148.4,157.1,164.6,172.1,179.9,185.8,187.1,188.1,186.8,185.1,159.6,156.4,156.3,159.9,161.5,161.8,159.0,154.8,154.7,157.4,159.8,160.1,201.9,198.9,197.0,198.0,196.8,198.3,200.5,205.4,207.6,208.2,208.0,206.3,202.0,200.9,201.1,200.5,201.0,201.8,202.5,202.2,-49.4,-48.4,-45.4,-40.6,-31.9,-18.7,-2.5,15.9,34.1,49.4,61.1,71.9,81.2,87.5,91.4,93.9,94.4,-29.7,-18.8,-4.6,9.7,22.5,47.5,58.7,70.0,81.4,89.3,35.7,37.5,39.4,41.2,23.6,31.0,38.4,45.1,50.9,-14.0,-5.3,5.0,13.4,4.9,-5.3,51.2,59.5,69.2,76.3,70.4,60.8,8.9,21.5,31.8,37.9,44.2,52.2,59.2,52.6,44.9,38.0,31.2,21.0,14.0,31.3,37.6,44.1,55.4,44.1,37.6,31.2,-46.6,-26.4,-6.2,13.2,31.3,46.6,58.5,66.5,68.1,65.4,56.1,43.0,26.7,7.8,-12.0,-32.3,-52.9,-59.6,-67.6,-69.9,-68.0,-63.8,-65.9,-71.9,-75.2,-74.7,-68.2,-50.1,-37.3,-24.8,-12.1,-2.8,-0.6,1.0,-1.2,-3.9,-46.4,-51.5,-51.8,-45.9,-43.2,-42.6,-48.2,-55.4,-56.1,-51.9,-47.3,-46.5,24.2,18.8,15.7,17.3,15.3,18.0,22.3,30.1,33.2,34.1,33.8,31.1,24.2,22.0,22.4,21.5,22.9,23.7,24.7,24.3,681.4,683.9,687.4,689.5,688.8,685.7,679.6,671.8,671.6,681.3,696.9,709.9,716.0,716.5,715.6,714.5,714.6,651.0,645.6,641.7,638.5,637.1,644.8,652.5,661.6,671.1,680.8,642.4,636.2,629.6,623.4,638.5,637.5,637.3,641.0,645.3,650.8,648.2,649.0,650.4,648.9,648.1,660.6,663.4,667.5,673.9,667.7,663.5,654.0,644.2,641.1,642.3,644.7,653.6,666.9,655.0,647.4,644.6,643.5,646.2,651.9,643.8,644.6,647.5,662.9,647.4,644.4,643.8,0.591,0.145,-0.261,-0.002,269.318,182.004,-8.503,5.933,-13.565,17.824,3.972,1.784,-3.922,2.721,2.786,-2.499,-0.421,1.148,0.033,-1.653,-0.739,-0.239,0.044,1.047,-1.129,-0.674,0.448,-0.324,-0.12,-0.541,0.019,0.052,0.085,0.004,-0.092,-0.013,-0.015,-0.004,0.005,-0.004,0.69,0.31,0.0,1.03,0.0,0.0,0.0,0.0,0.0,0.0,0.0,0.0,0.0,0.0,0.0,0.0,0.0,1.0,1.0,0.0,1.0,0.0,0.0,0.0,0.0,0.0,0.0,0.0,0.0,0.0,0.0,0.0,0.0,1.0,0.0
PP133,g1,4457,0,0.975,0.20774,0.149729,-0.966657,0.055669,0.151376,-0.986907,0.134,0.153,246.0,247.2,250.4,253.6,254.9,254.0,250.6,247.4,241.7,243.7,246.5,250.0,253.5,256.1,257.9,255.9,253.0,249.8,246.6,243.8,249.1,250.5,251.9,252.4,251.8,250.4,249.1,248.5,283.3,284.1,286.8,289.7,291.2,290.4,287.8,284.6,280.4,282.2,284.8,288.0,290.9,292.9,294.1,293.1,291.2,288.8,285.8,282.7,286.0,287.3,288.4,288.8,288.1,286.8,285.7,285.3,157.9,154.6,153.2,154.4,157.6,161.1,162.3,161.0,159.5,157.6,156.3,155.6,156.2,157.6,159.7,160.8,161.3,161.6,161.4,160.8,159.3,159.8,159.2,157.8,156.4,155.8,156.5,157.9,156.4,153.3,151.8,152.9,155.9,159.1,160.5,159.7,158.7,156.5,154.9,154.0,154.4,155.5,157.3,158.7,159.5,159.9,159.9,159.7,157.7,158.2,157.6,156.2,154.9,154.4,155.0,156.4,-5.3,-3.7,0.5,4.7,6.5,5.2,0.8,-3.4,-11.0,-8.3,-4.6,0.0,4.6,8.1,10.5,7.8,3.9,-0.3,-4.4,-8.2,-1.1,0.7,2.5,3.2,2.4,0.6,-1.2,-1.9,45.3,46.6,50.4,54.6,56.6,55.4,51.6,47.1,41.4,43.8,47.4,51.9,56.1,59.2,61.2,59.4,56.5,52.9,48.7,44.6,49.2,51.0,52.7,53.2,52.3,50.5,48.8,48.3,-39.0,-43.4,-45.3,-43.6,-39.4,-34.7,-33.2,-34.8,-37.1,-39.5,-41.0,-41.8,-41.1,-39.4,-36.8,-35.1,-34.4,-34.0,-34.3,-35.2,-37.2,-36.5,-37.3,-39.2,-41.1,-41.8,-41.0,-39.1,-42.3,-46.7,-48.8,-47.5,-43.3,-39.0,-36.9,-37.9,-39.2,-42.2,-44.4,-45.7,-45.3,-44.1,-41.9,-39.7,-38.4,-37.7,-37.6,-37.9,-40.7,-40.1,-41.0,-43.0,-44.8,-45.4,-44.4,-42.5,514.4,515.0,515.2,515.0,514.5,514.2,513.7,513.9,518.4,515.9,513.7,512.6,513.3,514.7,516.4,514.7,513.1,512.6,513.7,515.8,515.0,514.9,515.0,515.3,515.5,515.6,515.5,515.2,532.2,533.3,535.1,536.3,536.5,535.3,533.6,532.4,532.4,531.8,531.7,532.8,535.6,539.0,542.3,539.0,535.6,533.1,531.8,531.9,534.2,534.7,535.5,536.0,536.0,535.4,534.6,534.1,32.5,-9.1,654.7,0.145,-0.197,-0.01,221.8,222.4,224.3,227.1,232.0,239.4,248.6,259.2,269.8,278.3,284.2,289.5,294.2,297.7,299.9,301.4,301.6,232.2,238.6,247.2,255.9,263.7,278.8,285.2,291.4,297.4,301.2,271.7,273.0,274.5,275.9,264.5,269.0,273.6,277.5,280.9,241.6,246.8,253.0,258.1,253.0,246.8,280.3,285.1,290.5,294.3,291.2,285.8,255.4,263.1,269.4,273.1,276.8,281.2,284.7,281.4,277.1,273.1,269.0,262.7,258.4,269.0,272.8,276.6,282.7,276.6,272.8,268.9,160.7,172.4,183.9,194.9,205.2,214.0,221.1,226.2,227.1,225.0,219.0,211.2,202.1,191.9,181.0,169.9,158.6,151.6,146.5,144.9,145.8,148.3,147.5,144.4,143.1,143.9,148.3,156.9,164.5,172.1,179.9,185.7,187.0,188.1,186.7,185.0,159.4,156.2,156.1,159.8,161.3,161.6,158.8,154.6,154.5,157.2,159.6,159.9,201.8,198.8,197.0,197.9,196.7,198.2,200.4,205.4,207.5,208.1,208.0,206.3,201.9,200.8,201.0,200.4,200.9,201.8,202.4,202.2,-49.2,-48.2,-45.2,-40.4,-31.7,-18.6,-2.5,15.9,34.0,49.3,61.0,71.8,81.0,87.4,91.3,93.9,94.4,-29.7,-18.8,-4.5,9.7,22.4,47.6,58.8,70.1,81.4,89.3,35.7,37.5,39.4,41.2,23.6,31.0,38.5,45.2,51.0,-14.0,-5.2,5.0,13.5,5.0,-5.3,51.3,59.5,69.2,76.3,70.4,60.8,9.0,21.6,31.8,37.9,44.2,52.2,59.3,52.7,44.9,38.1,31.3,21.0,14.1,31.4,37.7,44.1,55.5,44.1,37.7,31.2,-46.7,-26.5,-6.4,13.0,31.2,46.5,58.5,66.5,68.1,65.5,56.2,43.1,26.8,8.0,-11.9,-32.2,-52.8,-59.8,-67.7,-69.9,-68.1,-63.8,-66.0,-71.9,-75.3,-74.8,-68.3,-50.3,-37.4,-24.8,-12.2,-2.9,-0.8,0.9,-1.3,-4.1,-46.7,-51.9,-52.1,-46.2,-43.5,-43.0,-48.5,-55.8,-56.4,-52.2,-47.6,-46.8,24.0,18.7,15.5,17.1,15.1,17.9,22.1,30.0,33.2,34.0,33.7,31.1,24.1,21.9,22.2,21.3,22.7,23.6,24.6,24.2,681.0,683.6,687.0,689.2,688.5,685.4,679.4,671.5,671.3,680.9,696.5,709.5,715.8,716.3,715.4,714.2,714.3,650.7,645.3,641.5,638.3,636.8,644.7,652.4,661.4,670.8,680.5,642.2,635.9,629.2,623.1,638.2,637.1,636.9,640.6,645.0,650.6,648.0,648.7,650.1,648.6,647.9,660.3,663.1,667.3,673.6,667.4,663.3,653.9,644.1,640.9,642.1,644.5,653.4,666.7,654.8,647.2,644.5,643.4,646.1,651.8,643.6,644.5,647.3,662.7,647.2,644.3,643.6,0.592,0.145,-0.262,-0.001,269.341,181.928,-8.963,5.707,-13.145,18.169,3.948,2.257,-3.646,3.118,3.223,-2.643,-0.213,1.401,0.187,-1.687,-0.512,-0.337,0.218,1.117,-1.001,-0.579,0.446,-0.371,-0.143,-0.478,0.049,0.08,0.105,0.004,-0.093,-0.014,-0.013,0.001,0.006,-0.003,0.36,0.23,0.0,0.68,0.0,0.0,0.15,0.0,0.0,0.11,0.0,0.0,0.0,0.0,0.0,0.07,0.0,1.0,1.0,0.0,0.0,0.0,0.0,0.0,0.0,0.0,0.0,0.0,0.0,0.0,0.0,0.0,1.0,1.0,0.0
PP133,g1,4462,0,0.975,0.206453,0.145764,-0.967538,0.056268,0.147167,-0.98751,0.134,0.149,246.1,247.3,250.4,253.6,255.0,254.0,250.7,247.5,241.8,243.8,246.6,250.1,253.6,256.2,258.0,256.0,253.1,249.9,246.7,243.9,249.2,250.6,252.0,252.5,251.9,250.5,249.1,248.6,283.4,284.2,286.9,289.8,291.3,290.5,287.8,284.6,280.4,282.3,284.9,288.1,291.0,293.0,294.2,293.2,291.3,288.9,285.9,282.8,286.1,287.4,288.5,288.9,288.2,286.9,285.8,285.4,157.9,154.6,153.2,154.4,157.6,161.1,162.3,161.0,159.5,157.6,156.3,155.6,156.2,157.6,159.6,160.8,161.3,161.6,161.4,160.8,159.3,159.8,159.2,157.8,156.4,155.8,156.5,157.9,156.4,153.3,151.8,152.9,155.9,159.1,160.5,159.7,158.7,156.5,154.8,154.0,154.4,155.5,157.3,158.7,159.5,159.9,159.9,159.7,157.7,158.2,157.6,156.2,154.9,154.4,155.0,156.4,-5.2,-3.6,0.6,4.8,6.6,5.3,0.9,-3.3,-10.8,-8.2,-4.5,0.1,4.7,8.2,10.6,7.9,4.0,-0.2,-4.3,-8.0,-1.0,0.8,2.6,3.3,2.5,0.7,-1.1,-1.8,45.3,46.5,50.3,54.5,56.6,55.4,51.5,47.1,41.3,43.8,47.3,51.8,56.0,59.2,61.2,59.4,56.5,52.9,48.7,44.5,49.2,51.0,52.7,53.2,52.3,50.5,48.8,48.3,-38.9,-43.3,-45.2,-43.5,-39.3,-34.7,-33.1,-34.7,-37.1,-39.4,-40.9,-41.7,-41.1,-39.3,-36.7,-35.1,-34.3,-33.9,-34.2,-35.1,-37.1,-36.4,-37.2,-39.1,-41.0,-41.7,-40.9,-39.0,-42.2,-46.6,-48.7,-47.3,-43.2,-38.8,-36.7,-37.8,-39.1,-42.1,-44.3,-45.5,-45.2,-44.0,-41.8,-39.6,-38.3,-37.6,-37.5,-37.8,-40.6,-40.0,-40.9,-42.8,-44.6,-45.2,-44.3,-42.4,513.3,513.9,514.1,513.9,513.4,513.1,512.6,512.8,517.3,514.8,512.6,511.5,512.2,513.6,515.3,513.6,511.9,511.5,512.6,514.8,513.9,513.8,513.9,514.2,514.4,514.5,514.4,514.1,530.5,531.7,533.4,534.7,534.8,533.7,532.0,530.8,530.8,530.2,530.1,531.2,533.9,537.4,540.7,537.3,534.0,531.4,530.2,530.3,532.5,533.1,533.9,534.4,534.3,533.8,533.0,532.5,32.7,-9.0,654.3,0.14,-0.196,-0.013,221.8,222.5,224.4,227.3,232.3,239.8,248.9,259.6,270.1,278.6,284.5,289.7,294.4,297.8,299.9,301.4,301.7,232.2,238.6,247.3,256.0,263.8,278.9,285.3,291.5,297.5,301.3,271.8,273.2,274.6,276.0,264.6,269.2,273.8,277.7,281.0,241.7,246.9,253.1,258.2,253.1,246.9,280.4,285.2,290.6,294.4,291.3,285.9,255.6,263.3,269.5,273.2,277.0,281.3,284.8,281.5,277.3,273.3,269.2,262.9,258.7,269.2,273.0,276.8,282.8,276.8,273.0,269.1,160.8,172.5,184.1,195.2,205.5,214.3,221.4,226.4,227.3,225.2,219.1,211.3,202.2,191.9,181.1,169.9,158.6,151.7,146.5,144.9,145.8,148.3,147.5,144.4,143.1,144.0,148.3,156.9,164.5,172.1,179.9,185.7,187.0,188.1,186.7,185.0,159.5,156.2,156.1,159.7,161.3,161.6,158.8,154.6,154.5,157.3,159.7,159.9,201.9,198.9,197.0,198.0,196.7,198.3,200.5,205.3,207.4,208.0,207.9,206.2,202.0,200.8,201.0,200.4,200.9,201.7,202.4,202.1,-49.2,-48.1,-45.0,-40.0,-31.2,-17.9,-1.9,16.5,34.6,49.8,61.4,72.1,81.3,87.5,91.4,94.0,94.4,-29.7,-18.8,-4.5,9.8,22.5,47.8,59.0,70.3,81.6,89.4,35.9,37.7,39.6,41.4,23.8,31.3,38.7,45.4,51.2,-13.9,-5.1,5.1,13.6,5.1,-5.2,51.4,59.7,69.4,76.5,70.6,60.9,9.4,21.9,32.0,38.1,44.5,52.4,59.4,52.8,45.2,38.3,31.6,21.4,14.5,31.6,37.9,44.3,55.6,44.3,37.9,31.5,-46.6,-26.2,-6.0,13.6,31.8,47.0,58.9,66.8,68.2,65.6,56.3,43.2,26.9,8.0,-11.8,-32.2,-52.8,-59.6,-67.7,-69.9,-68.1,-63.9,-66.0,-71.9,-75.2,-74.8,-68.2,-50.4,-37.5,-24.9,-12.2,-2.9,-0.7,1.0,-1.3,-4.1,-46.7,-51.9,-52.2,-46.2,-43.5,-42.9,-48.5,-55.8,-56.4,-52.2,-47.6,-46.8,24.1,18.8,15.6,17.2,15.2,18.0,22.2,29.9,33.0,33.8,33.5,31.0,24.2,21.9,22.3,21.4,22.8,23.5,24.5,24.1,681.3,683.8,687.2,689.1,688.2,685.0,678.9,670.9,670.6,680.3,696.0,709.0,715.3,715.7,714.8,713.7,713.8,650.8,645.4,641.5,638.2,636.7,644.6,652.4,661.4,670.9,680.7,642.1,635.7,628.9,622.6,637.9,636.7,636.5,640.2,644.6,650.5,647.9,648.7,650.1,648.5,647.8,660.3,663.1,667.3,673.6,667.4,663.2,653.4,643.6,640.5,641.7,644.1,653.0,666.1,654.1,646.6,643.8,642.7,645.4,651.2,643.2,644.0,646.9,662.0,646.7,643.7,643.1,0.592,0.14,-0.26,-0.004,269.482,181.967,-8.602,6.739,-13.557,18.633,4.1,2.772,-3.947,2.772,3.239,-3.073,-0.219,1.204,0.134,-1.555,-0.38,-0.393,0.251,1.133,-1.092,-0.574,0.388,-0.3,-0.262,-0.566,0.108,0.07,0.111,0.009,-0.088,-0.015,-0.014,-0.004,0.007,-0.006,0.3,0.04,0.0,0.96,0.0,0.0,0.0,0.0,0.0,0.09,0.0,0.0,0.0,0.0,0.0,0.1,0.0,1.0,1.0,0.0,1.0,0.0,0.0,0.0,0.0,0.0,0.0,0.0,0.0,0.0,0.0,0.0,1.0,1.0,0.0
PP133,g1,4467,0,0.975,0.207084,0.145521,-0.96744,0.057078,0.147375,-0.987432,0.134,0.149,246.1,247.3,250.4,253.6,255.0,254.0,250.7,247.5,241.8,243.7,246.6,250.1,253.5,256.2,258.0,256.0,253.1,249.9,246.7,243.9,249.2,250.6,252.0,252.5,251.9,250.5,249.1,248.6,283.3,284.2,286.8,289.8,291.3,290.5,287.8,284.6,280.4,282.3,284.8,288.1,291.0,293.0,294.2,293.2,291.3,288.8,285.9,282.8,286.0,287.3,288.5,288.9,288.2,286.9,285.7,285.4,158.0,154.8,153.3,154.6,157.8,161.3,162.5,161.2,159.7,157.8,156.5,155.8,156.3,157.8,159.8,161.0,161.5,161.8,161.6,161.0,159.4,160.0,159.4,157.9,156.5,156.0,156.6,158.1,156.5,153.4,152.0,153.0,156.0,159.2,160.6,159.8,158.9,156.6,155.0,154.1,154.5,155.6,157.4,158.8,159.6,160.0,160.0,159.8,157.8,158.3,157.7,156.3,155.0,154.5,155.1,156.5,-5.2,-3.6,0.5,4.7,6.6,5.3,0.9,-3.3,-10.9,-8.3,-4.5,0.1,4.6,8.1,10.6,7.9,4.0,-0.2,-4.3,-8.1,-1.1,0.8,2.6,3.3,2.5,0.6,-1.2,-1.9,45.3,46.5,50.3,54.5,56.6,55.4,51.6,47.1,41.4,43.8,47.3,51.8,56.0,59.2,61.2,59.4,56.5,52.9,48.7,44.6,49.2,51.0,52.7,53.2,52.3,50.5,48.8,48.3,-38.7,-43.1,-45.0,-43.3,-39.1,-34.5,-32.9,-34.5,-36.8,-39.2,-40.7,-41.5,-40.9,-39.1,-36.6,-34.9,-34.1,-33.7,-34.0,-34.9,-36.9,-36.2,-37.0,-38.9,-40.8,-41.5,-40.7,-38.8,-42.1,-46.5,-48.6,-47.2,-43.1,-38.7,-36.6,-37.7,-39.0,-41.9,-44.2,-45.4,-45.1,-43.9,-41.7,-39.5,-38.2,-37.4,-37.4,-37.6,-40.5,-39.9,-40.8,-42.7,-44.5,-45.1,-44.2,-42.3,513.7,514.3,514.5,514.3,513.8,513.5,513.0,513.2,517.7,515.2,513.0,511.9,512.6,514.0,515.6,514.0,512.3,511.9,513.0,515.2,514.3,514.2,514.3,514.6,514.8,514.9,514.8,514.5,531.0,532.2,533.9,535.2,535.3,534.2,532.5,531.3,531.3,530.7,530.6,531.7,534.4,537.9,541.2,537.8,534.5,531.9,530.7,530.8,533.0,533.6,534.4,534.9,534.8,534.3,533.5,533.0,32.8,-8.8,654.0,0.139,-0.197,-0.014,221.8,222.5,224.4,227.3,232.2,239.7,248.9,259.6,270.2,278.6,284.5,289.8,294.4,297.8,299.9,301.4,301.7,232.2,238.6,247.2,255.9,263.8,278.9,285.3,291.5,297.5,301.3,271.8,273.1,274.6,276.0,264.6,269.2,273.8,277.7,281.0,241.7,246.9,253.1,258.2,253.1,246.9,280.4,285.1,290.6,294.3,291.3,285.9,255.7,263.3,269.6,273.3,277.0,281.4,284.9,281.6,277.4,273.3,269.3,263.0,258.7,269.3,273.0,276.8,282.8,276.8,273.1,269.2,161.0,172.8,184.3,195.4,205.7,214.5,221.6,226.6,227.5,225.3,219.3,211.5,202.3,192.0,181.2,170.0,158.7,151.8,146.7,145.1,146.0,148.5,147.6,144.5,143.2,144.0,148.4,157.0,164.6,172.2,180.0,185.9,187.2,188.3,186.9,185.2,159.6,156.4,156.3,159.9,161.5,161.8,158.9,154.7,154.6,157.4,159.8,160.0,202.1,199.1,197.2,198.1,196.9,198.4,200.7,205.5,207.6,208.2,208.0,206.4,202.2,201.0,201.2,200.6,201.1,201.8,202.5,202.3,-49.2,-48.1,-45.0,-40.0,-31.3,-18.1,-2.0,16.5,34.6,49.9,61.5,72.2,81.3,87.5,91.4,93.9,94.4,-29.7,-18.8,-4.5,9.7,22.4,47.7,58.9,70.2,81.5,89.3,35.8,37.6,39.6,41.4,23.9,31.3,38.7,45.4,51.2,-13.9,-5.2,5.1,13.6,5.1,-5.2,51.3,59.6,69.3,76.4,70.5,60.9,9.5,22.0,32.1,38.2,44.5,52.4,59.4,52.9,45.3,38.4,31.7,21.5,14.6,31.7,38.0,44.4,55.6,44.4,38.0,31.6,-46.1,-25.8,-5.6,13.9,32.0,47.3,59.2,67.1,68.6,65.9,56.6,43.5,27.2,8.3,-11.6,-31.9,-52.6,-59.4,-67.4,-69.6,-67.8,-63.6,-65.8,-71.7,-75.1,-74.6,-68.1,-50.1,-37.2,-24.6,-11.9,-2.6,-0.5,1.2,-1.0,-3.8,-46.4,-51.6,-51.9,-45.9,-43.2,-42.6,-48.3,-55.6,-56.2,-52.0,-47.4,-46.6,24.4,19.1,15.9,17.4,15.4,18.2,22.4,30.1,33.2,34.1,33.8,31.2,24.5,22.2,22.5,21.6,23.0,23.7,24.7,24.3,680.8,683.3,686.7,688.7,687.9,684.7,678.6,670.6,670.3,680.1,695.8,708.9,715.2,715.7,714.7,713.5,713.5,650.4,645.0,641.2,638.0,636.5,644.4,652.1,661.2,670.6,680.3,641.9,635.5,628.8,622.5,637.7,636.6,636.4,640.1,644.5,650.2,647.7,648.4,649.8,648.3,647.6,660.0,662.9,667.1,673.4,667.1,663.0,653.1,643.3,640.3,641.5,643.9,652.8,665.9,653.9,646.4,643.6,642.5,645.1,651.0,642.9,643.8,646.7,661.8,646.4,643.5,642.8,0.592,0.139,-0.262,-0.005,269.491,182.123,-8.804,6.309,-13.811,18.52,3.757,2.757,-3.908,2.901,3.141,-3.066,-0.13,1.151,0.046,-1.705,-0.222,-0.374,0.217,1.13,-1.034,-0.513,0.425,-0.322,-0.297,-0.592,0.089,0.111,0.099,0.011,-0.095,-0.019,-0.014,-0.004,0.007,-0.005,0.58,0.22,0.0,1.03,0.0,0.0,0.0,0.0,0.0,0.13,0.05,0.0,0.0,0.0,0.0,0.06,0.0,1.0,1.0,0.0,1.0,0.0,0.0,0.0,0.0,0.0,0.0,0.0,0.0,0.0,0.0,0.0,1.0,1.0,0.0
PP133,g1,4471,0,0.975,0.204896,0.146398,-0.967773,0.056786,0.14845,-0.987288,0.133,0.15,246.2,247.4,250.5,253.7,255.1,254.2,250.8,247.6,241.9,243.9,246.7,250.2,253.6,256.3,258.2,256.1,253.2,250.0,246.8,244.0,249.3,250.7,252.1,252.6,252.0,250.6,249.2,248.7,283.4,284.3,286.9,289.9,291.4,290.6,287.9,284.7,280.5,282.4,285.0,288.2,291.1,293.1,294.3,293.3,291.4,289.0,286.0,282.9,286.2,287.5,288.6,289.0,288.3,287.0,285.8,285.5,158.2,155.0,153.5,154.8,157.9,161.5,162.7,161.4,159.9,158.0,156.7,156.0,156.5,157.9,160.0,161.2,161.7,162.0,161.8,161.2,159.6,160.2,159.6,158.1,156.7,156.2,156.8,158.3,156.7,153.5,152.1,153.1,156.1,159.3,160.8,159.9,159.0,156.8,155.1,154.2,154.7,155.7,157.5,158.9,159.7,160.1,160.1,159.9,157.9,158.4,157.8,156.4,155.1,154.6,155.3,156.6,-5.0,-3.4,0.7,4.9,6.7,5.5,1.1,-3.2,-10.7,-8.1,-4.3,0.2,4.8,8.3,10.8,8.0,4.2,-0.0,-4.2,-7.9,-0.9,0.9,2.7,3.4,2.6,0.8,-1.0,-1.7,45.4,46.6,50.4,54.6,56.7,55.5,51.6,47.2,41.4,43.9,47.4,51.9,56.1,59.3,61.3,59.5,56.6,53.0,48.8,44.6,49.3,51.1,52.8,53.3,52.4,50.5,48.9,48.3,-38.4,-42.8,-44.7,-43.1,-38.9,-34.2,-32.6,-34.2,-36.5,-38.9,-40.4,-41.3,-40.6,-38.9,-36.3,-34.6,-33.8,-33.4,-33.7,-34.6,-36.6,-35.9,-36.8,-38.7,-40.5,-41.2,-40.4,-38.5,-41.9,-46.2,-48.4,-47.0,-42.9,-38.5,-36.4,-37.4,-38.7,-41.7,-44.0,-45.2,-44.9,-43.7,-41.5,-39.3,-38.0,-37.2,-37.1,-37.4,-40.3,-39.7,-40.6,-42.5,-44.3,-44.9,-44.0,-42.1,513.4,513.9,514.1,513.9,513.4,513.1,512.6,512.8,517.4,514.9,512.6,511.6,512.2,513.6,515.3,513.6,512.0,511.6,512.6,514.8,514.0,513.9,514.0,514.2,514.4,514.5,514.4,514.2,530.2,531.3,533.1,534.4,534.5,533.3,531.6,530.4,530.4,529.8,529.7,530.9,533.6,537.1,540.3,537.0,533.6,531.1,529.8,529.9,532.2,532.8,533.5,534.0,534.0,533.4,532.6,532.1,33.0,-8.5,653.0,0.139,-0.194,-0.018,221.9,222.6,224.6,227.6,232.6,240.1,249.3,260.0,270.6,279.0,284.9,290.2,294.7,298.0,300.1,301.6,301.8,232.2,238.6,247.2,256.0,263.8,279.0,285.4,291.6,297.6,301.4,271.9,273.3,274.7,276.2,264.8,269.4,274.0,277.9,281.2,241.8,247.0,253.2,258.3,253.2,247.0,280.5,285.2,290.7,294.5,291.4,286.0,256.0,263.6,269.9,273.5,277.2,281.6,285.1,281.8,277.6,273.6,269.6,263.4,259.1,269.5,273.3,277.0,283.0,277.1,273.3,269.5,161.1,172.9,184.5,195.7,206.0,214.8,221.9,226.9,227.8,225.6,219.4,211.5,202.3,192.0,181.1,169.9,158.6,152.2,146.9,145.3,146.1,148.6,147.8,144.7,143.3,144.1,148.5,157.2,164.8,172.4,180.2,186.1,187.4,188.4,187.0,185.3,159.9,156.6,156.4,160.1,161.7,162.0,159.1,154.9,154.7,157.4,159.9,160.2,202.4,199.3,197.4,198.3,197.1,198.6,200.8,205.7,207.8,208.4,208.3,206.7,202.4,201.2,201.3,200.7,201.3,202.1,202.8,202.5,-49.0,-47.8,-44.6,-39.5,-30.7,-17.4,-1.3,17.1,35.3,50.5,62.1,72.8,81.8,87.9,91.6,94.1,94.5,-29.6,-18.8,-4.5,9.7,22.5,47.8,58.9,70.3,81.6,89.4,35.9,37.8,39.8,41.6,24.1,31.5,39.0,45.6,51.4,-13.6,-5.0,5.3,13.8,5.3,-5.0,51.4,59.7,69.4,76.5,70.6,61.0,10.0,22.4,32.5,38.6,44.8,52.7,59.7,53.2,45.7,38.8,32.1,22.0,15.1,32.1,38.4,44.7,55.9,44.8,38.4,32.0,-45.9,-25.5,-5.2,14.4,32.6,47.9,59.8,67.6,69.0,66.3,56.8,43.6,27.1,8.2,-11.7,-32.0,-52.6,-58.7,-66.9,-69.2,-67.4,-63.2,-65.4,-71.4,-74.7,-74.3,-67.8,-49.8,-36.9,-24.3,-11.6,-2.3,-0.2,1.5,-0.8,-3.6,-46.0,-51.2,-51.5,-45.6,-42.8,-42.2,-48.0,-55.3,-55.9,-51.7,-47.1,-46.3,24.8,19.4,16.2,17.8,15.7,18.5,22.7,30.4,33.5,34.4,34.1,31.6,24.8,22.5,22.8,21.9,23.3,24.1,25.1,24.7,680.2,682.9,686.3,688.3,687.4,684.2,678.0,670.0,669.7,679.5,695.1,708.1,714.3,714.6,713.5,712.2,712.2,649.7,644.2,640.2,637.0,635.4,643.3,651.1,660.1,669.6,679.4,640.8,634.4,627.6,621.3,636.6,635.5,635.3,639.0,643.4,649.3,646.7,647.5,648.9,647.4,646.6,659.0,661.9,666.0,672.4,666.1,662.0,652.2,642.3,639.3,640.5,642.9,651.7,664.9,652.9,645.4,642.6,641.5,644.1,650.0,641.9,642.8,645.7,660.7,645.5,642.5,641.9,0.593,0.14,-0.259,-0.009,269.695,182.299,-8.24,7.3,-13.704,19.258,3.42,2.55,-3.936,2.731,3.338,-3.472,-0.396,1.038,0.101,-1.767,-0.207,-0.506,0.244,1.089,-1.125,-0.439,0.424,-0.264,-0.357,-0.642,0.14,0.146,0.102,0.007,-0.096,-0.02,-0.019,-0.007,0.005,-0.003,0.77,0.25,0.0,1.17,0.0,0.0,0.0,0.0,0.0,0.27,0.0,0.0,0.0,0.0,0.0,0.0,0.0,1.0,1.0,0.0,1.0,0.0,0.0,0.0,0.0,0.0,0.0,0.0,0.0,0.0,0.0,0.0,0.0,1.0,0.0
PP133,g1,4475,0,0.975,0.208642,0.148966,-0.96658,0.059098,0.150151,-0.986895,0.136,0.152,246.7,248.0,251.1,254.3,255.7,254.7,251.3,248.1,242.5,244.4,247.3,250.7,254.2,256.9,258.7,256.6,253.7,250.5,247.4,244.6,249.9,251.3,252.6,253.2,252.6,251.2,249.8,249.3,284.0,284.8,287.5,290.4,291.9,291.1,288.5,285.3,281.0,282.9,285.5,288.7,291.6,293.6,294.8,293.8,291.9,289.5,286.5,283.4,286.7,288.0,289.1,289.5,288.8,287.5,286.4,286.0,158.2,155.0,153.6,154.8,158.0,161.5,162.7,161.4,159.9,158.0,156.7,156.0,156.6,158.0,160.0,161.2,161.7,162.0,161.8,161.2,159.7,160.2,159.6,158.2,156.8,156.2,156.8,158.3,156.8,153.7,152.2,153.3,156.3,159.5,160.9,160.1,159.1,156.9,155.2,154.4,154.8,155.9,157.7,159.1,159.9,160.3,160.3,160.1,158.1,158.6,157.9,156.6,155.3,154.8,155.4,156.8,-4.3,-2.7,1.4,5.6,7.5,6.2,1.8,-2.4,-10.0,-7.4,-3.6,1.0,5.5,9.0,11.5,8.7,4.9,0.7,-3.4,-7.2,-0.2,1.7,3.5,4.2,3.4,1.5,-0.3,-1.0,46.2,47.4,51.2,55.4,57.5,56.2,52.4,47.9,42.2,44.7,48.2,52.7,56.9,60.0,62.0,60.3,57.4,53.7,49.6,45.4,50.0,51.8,53.5,54.1,53.1,51.3,49.7,49.1,-38.5,-42.8,-44.7,-43.1,-38.8,-34.2,-32.6,-34.3,-36.6,-38.9,-40.5,-41.3,-40.6,-38.8,-36.3,-34.6,-33.8,-33.4,-33.7,-34.7,-36.7,-35.9,-36.8,-38.7,-40.5,-41.2,-40.4,-38.5,-41.7,-46.1,-48.2,-46.8,-42.7,-38.3,-36.2,-37.3,-38.6,-41.6,-43.8,-45.0,-44.7,-43.5,-41.3,-39.1,-37.8,-37.1,-37.0,-37.3,-40.1,-39.5,-40.4,-42.3,-44.1,-44.7,-43.8,-41.9,513.7,514.3,514.6,514.4,513.9,513.5,513.0,513.2,517.7,515.2,513.0,512.0,512.6,514.1,515.7,514.0,512.4,512.0,513.0,515.2,514.4,514.3,514.4,514.6,514.9,514.9,514.8,514.6,530.8,532.0,533.7,535.0,535.2,534.0,532.3,531.0,531.0,530.4,530.4,531.5,534.3,537.8,541.0,537.7,534.3,531.7,530.5,530.5,532.8,533.4,534.2,534.7,534.6,534.1,533.3,532.8,33.7,-8.4,653.5,0.145,-0.2,-0.011,222.3,223.0,224.8,227.7,232.6,240.0,249.2,260.0,270.6,279.1,284.9,290.2,294.8,298.2,300.4,301.9,302.1,232.8,239.3,247.9,256.7,264.6,279.6,286.0,292.2,298.2,301.9,272.5,273.9,275.3,276.7,265.3,269.8,274.4,278.3,281.6,242.3,247.6,253.8,258.8,253.7,247.5,281.0,285.8,291.2,294.9,291.9,286.5,256.2,263.9,270.2,273.9,277.6,282.0,285.4,282.2,278.0,273.9,269.8,263.6,259.2,269.8,273.6,277.4,283.4,277.4,273.6,269.8,161.0,172.7,184.3,195.4,205.7,214.5,221.7,226.8,227.7,225.6,219.5,211.6,202.4,192.1,181.3,170.2,158.9,152.1,147.0,145.4,146.3,148.8,148.0,144.9,143.5,144.4,148.8,157.3,165.0,172.5,180.3,186.2,187.5,188.5,187.2,185.5,159.8,156.6,156.5,160.1,161.7,162.0,159.2,155.0,154.8,157.6,160.0,160.3,202.3,199.3,197.5,198.4,197.2,198.7,200.9,205.8,207.9,208.5,208.4,206.7,202.4,201.2,201.4,200.8,201.3,202.2,202.9,202.6,-48.3,-47.2,-44.2,-39.3,-30.6,-17.5,-1.4,17.1,35.3,50.6,62.2,72.9,82.0,88.3,92.1,94.7,95.2,-28.6,-17.7,-3.4,10.9,23.7,48.8,60.0,71.3,82.6,90.4,36.9,38.8,40.7,42.5,24.9,32.3,39.7,46.4,52.2,-12.7,-4.0,6.2,14.7,6.2,-4.1,52.4,60.7,70.3,77.4,71.5,61.9,10.3,22.9,33.1,39.2,45.5,53.4,60.3,53.8,46.2,39.4,32.6,22.4,15.4,32.6,38.9,45.3,56.6,45.4,38.9,32.5,-46.1,-25.8,-5.7,13.8,32.0,47.4,59.4,67.4,69.0,66.3,56.9,43.7,27.3,8.5,-11.3,-31.6,-52.2,-58.8,-66.8,-69.0,-67.2,-62.9,-65.1,-71.0,-74.4,-73.9,-67.4,-49.5,-36.6,-24.1,-11.4,-2.2,-0.0,1.7,-0.5,-3.3,-46.0,-51.2,-51.4,-45.4,-42.8,-42.2,-47.8,-55.1,-55.7,-51.5,-46.9,-46.1,24.7,19.4,16.3,17.9,15.9,18.6,22.8,30.6,33.7,34.6,34.3,31.7,24.8,22.6,22.9,22.1,23.4,24.3,25.3,24.9,679.8,682.4,685.8,687.9,687.2,684.2,678.2,670.3,670.1,680.0,695.7,708.8,715.0,715.5,714.5,713.2,713.2,649.4,643.9,640.0,636.9,635.5,643.4,651.3,660.4,670.1,680.0,640.9,634.6,627.9,621.7,636.9,635.9,635.7,639.4,643.8,649.2,646.6,647.5,649.0,647.4,646.6,659.3,662.2,666.4,672.8,666.5,662.3,652.5,642.8,639.7,641.0,643.4,652.4,665.6,653.6,646.0,643.2,642.1,644.7,650.4,642.4,643.3,646.2,661.5,646.0,643.1,642.4,0.593,0.146,-0.267,-0.002,270.072,182.362,-7.974,6.476,-13.2,18.488,3.657,2.516,-3.941,2.728,3.548,-2.945,-0.264,1.04,-0.037,-1.641,-0.214,-0.383,0.253,1.229,-1.052,-0.498,0.49,-0.293,-0.324,-0.552,0.193,0.067,0.118,0.015,-0.093,-0.019,-0.02,-0.005,0.008,-0.006,0.53,0.21,0.0,0.81,0.0,0.0,0.05,0.0,0.0,0.41,0.0,0.0,0.0,0.0,0.0,0.0,0.0,1.0,1.0,0.0,1.0,0.0,0.0,0.0,0.0,0.0,0.0,0.0,0.0,0.0,0.0,0.0,1.0,1.0,0.0
PP133,g1,4480,0,0.975,0.20918,0.155752,-0.965394,0.056525,0.156622,-0.98604,0.135,0.159,246.7,248.0,251.1,254.3,255.7,254.7,251.3,248.1,242.4,244.4,247.3,250.8,254.2,256.8,258.6,256.6,253.7,250.5,247.4,244.5,249.8,251.2,252.6,253.2,252.5,251.2,249.8,249.2,284.0,284.8,287.5,290.4,291.9,291.1,288.4,285.2,281.0,282.9,285.5,288.7,291.6,293.6,294.8,293.7,291.9,289.4,286.5,283.4,286.6,287.9,289.1,289.5,288.8,287.5,286.4,286.0,158.5,155.2,153.8,155.1,158.3,161.8,162.9,161.7,160.1,158.2,156.9,156.3,156.8,158.3,160.3,161.5,162.0,162.2,162.1,161.4,159.9,160.5,159.8,158.4,157.0,156.5,157.1,158.5,157.2,154.0,152.6,153.7,156.7,159.8,161.3,160.4,159.5,157.2,155.6,154.8,155.2,156.2,158.0,159.4,160.2,160.6,160.6,160.4,158.4,158.9,158.3,156.9,155.6,155.1,155.7,157.1,-4.3,-2.7,1.5,5.7,7.5,6.1,1.7,-2.5,-10.0,-7.4,-3.6,1.0,5.5,9.0,11.4,8.7,4.9,0.7,-3.5,-7.2,-0.2,1.6,3.4,4.2,3.4,1.5,-0.3,-1.0,46.2,47.4,51.2,55.4,57.5,56.2,52.4,47.9,42.2,44.7,48.2,52.7,56.9,60.0,62.1,60.3,57.4,53.7,49.6,45.4,50.0,51.9,53.5,54.1,53.2,51.3,49.7,49.1,-38.2,-42.5,-44.4,-42.7,-38.5,-33.9,-32.3,-34.0,-36.4,-38.7,-40.2,-41.0,-40.3,-38.5,-35.9,-34.2,-33.5,-33.1,-33.4,-34.4,-36.4,-35.6,-36.5,-38.3,-40.2,-40.9,-40.1,-38.2,-41.3,-45.6,-47.8,-46.4,-42.3,-37.9,-35.8,-36.8,-38.2,-41.1,-43.4,-44.6,-44.3,-43.1,-40.9,-38.7,-37.3,-36.6,-36.5,-36.8,-39.7,-39.1,-40.0,-41.9,-43.7,-44.3,-43.4,-41.5,514.2,514.8,515.1,514.9,514.4,514.1,513.6,513.7,518.2,515.7,513.5,512.5,513.2,514.6,516.3,514.6,512.9,512.5,513.5,515.7,514.9,514.8,514.9,515.2,515.4,515.4,515.3,515.1,531.3,532.4,534.1,535.4,535.6,534.5,532.7,531.5,531.5,530.9,530.8,531.9,534.7,538.2,541.5,538.1,534.7,532.2,531.0,531.0,533.3,533.9,534.6,535.1,535.0,534.5,533.7,533.2,33.5,-8.1,655.9,0.156,-0.198,-0.007,222.3,222.9,224.7,227.5,232.4,239.9,249.0,259.7,270.2,278.6,284.6,289.9,294.7,298.1,300.3,301.9,302.2,232.9,239.5,248.1,256.8,264.6,279.7,286.1,292.2,298.2,301.9,272.5,273.8,275.1,276.5,265.1,269.6,274.2,278.1,281.4,242.3,247.6,253.8,258.8,253.7,247.5,281.0,285.8,291.2,294.9,291.9,286.5,255.8,263.6,269.9,273.5,277.3,281.6,285.1,281.8,277.5,273.5,269.4,263.1,258.9,269.5,273.3,277.0,283.1,277.0,273.3,269.4,161.1,172.8,184.3,195.3,205.6,214.4,221.5,226.6,227.5,225.4,219.2,211.4,202.3,192.1,181.3,170.3,159.1,152.1,147.1,145.6,146.5,149.1,148.3,145.2,143.8,144.6,148.9,157.7,165.3,172.9,180.7,186.4,187.8,188.8,187.5,185.8,160.0,156.8,156.8,160.4,162.0,162.2,159.5,155.4,155.2,158.0,160.4,160.7,202.3,199.5,197.7,198.6,197.4,198.9,201.0,206.0,208.2,208.8,208.6,206.8,202.5,201.4,201.7,201.1,201.5,202.4,203.1,202.9,-48.3,-47.4,-44.5,-39.7,-31.0,-17.8,-1.7,16.7,34.8,50.1,61.8,72.7,82.0,88.4,92.3,94.9,95.5,-28.5,-17.4,-3.2,11.0,23.7,49.0,60.3,71.5,82.8,90.6,37.0,38.7,40.6,42.3,24.7,32.1,39.5,46.1,51.9,-12.8,-4.0,6.2,14.7,6.1,-4.1,52.5,60.8,70.5,77.6,71.6,62.0,9.8,22.4,32.7,38.8,45.1,53.0,60.0,53.4,45.6,38.8,32.0,21.8,14.8,32.2,38.5,44.9,56.2,44.9,38.4,32.0,-46.0,-25.8,-5.7,13.8,31.9,47.3,59.3,67.4,69.0,66.2,56.7,43.4,27.1,8.4,-11.3,-31.5,-52.0,-59.0,-66.8,-68.9,-67.0,-62.6,-64.7,-70.7,-74.1,-73.7,-67.3,-49.0,-36.2,-23.6,-10.9,-1.8,0.4,2.1,-0.0,-2.8,-45.8,-50.9,-51.1,-45.1,-42.4,-41.9,-47.3,-54.6,-55.3,-51.0,-46.4,-45.6,24.9,19.8,16.7,18.3,16.4,19.1,23.1,31.1,34.3,35.2,34.8,32.1,25.0,23.0,23.4,22.5,23.8,24.8,25.8,25.4,681.8,684.5,688.1,690.4,689.7,686.8,680.9,673.2,673.1,682.8,698.2,711.0,717.0,717.3,716.3,715.1,715.0,651.0,645.6,641.8,638.6,637.2,645.1,652.9,662.0,671.6,681.4,642.8,636.7,630.1,624.1,639.3,638.3,638.2,641.8,646.1,651.1,648.5,649.3,650.8,649.3,648.5,661.1,663.8,668.1,674.5,668.3,664.1,655.2,645.5,642.3,643.6,645.9,654.9,668.2,656.4,648.9,646.1,645.0,647.6,653.2,645.1,645.9,648.8,664.1,648.7,645.8,645.1,0.591,0.157,-0.263,0.003,269.901,182.526,-9.218,6.589,-13.232,17.713,4.914,2.088,-3.946,2.523,3.04,-2.441,0.119,1.162,-0.025,-1.808,-0.338,-0.377,0.217,1.224,-1.111,-0.64,0.422,-0.405,-0.226,-0.384,0.186,0.015,0.143,-0.003,-0.088,-0.019,-0.017,0.005,0.01,-0.008,0.65,0.11,0.0,0.92,0.0,0.0,0.0,0.0,0.0,0.32,0.0,0.0,0.0,0.0,0.0,0.0,0.0,1.0,1.0,0.0,1.0,0.0,0.0,0.0,0.0,0.0,0.0,0.0,0.0,0.0,0.0,0.0,0.0,1.0,0.0
PP133,g1,4484,0,0.975,0.209646,0.166026,-0.963579,0.053802,0.166635,-0.98455,0.134,0.169,246.6,247.8,251.0,254.2,255.5,254.5,251.1,247.9,242.3,244.2,247.1,250.6,254.1,256.7,258.5,256.5,253.5,250.3,247.2,244.3,249.7,251.1,252.5,253.0,252.4,251.0,249.6,249.1,283.9,284.7,287.4,290.4,291.9,291.0,288.4,285.2,280.9,282.8,285.4,288.6,291.5,293.5,294.7,293.7,291.9,289.4,286.4,283.3,286.6,287.9,289.1,289.4,288.8,287.5,286.3,285.9,158.7,155.5,154.1,155.4,158.6,162.1,163.2,161.9,160.3,158.4,157.2,156.5,157.1,158.6,160.6,161.8,162.3,162.5,162.3,161.7,160.2,160.7,160.1,158.7,157.3,156.7,157.3,158.8,157.4,154.3,152.8,153.9,156.9,160.1,161.5,160.7,159.7,157.5,155.9,155.0,155.4,156.5,158.2,159.7,160.5,160.9,160.9,160.7,158.7,159.2,158.5,157.2,155.8,155.4,156.0,157.4,-4.5,-2.9,1.3,5.5,7.3,5.9,1.5,-2.7,-10.3,-7.6,-3.8,0.8,5.3,8.8,11.2,8.5,4.6,0.4,-3.7,-7.5,-0.4,1.4,3.2,4.0,3.2,1.3,-0.5,-1.2,46.0,47.3,51.1,55.3,57.4,56.1,52.3,47.8,42.1,44.5,48.0,52.5,56.8,59.9,61.9,60.1,57.2,53.6,49.4,45.3,49.9,51.7,53.4,53.9,53.0,51.2,49.5,49.0,-37.8,-42.1,-44.0,-42.3,-38.0,-33.4,-31.9,-33.6,-36.0,-38.3,-39.8,-40.5,-39.8,-38.0,-35.4,-33.8,-33.1,-32.7,-33.0,-34.0,-35.9,-35.2,-36.0,-37.9,-39.8,-40.5,-39.7,-37.8,-40.9,-45.2,-47.4,-46.0,-41.9,-37.5,-35.4,-36.4,-37.7,-40.7,-43.0,-44.2,-43.9,-42.7,-40.5,-38.3,-36.9,-36.2,-36.1,-36.4,-39.3,-38.7,-39.6,-41.5,-43.3,-43.9,-43.0,-41.1,513.0,513.6,513.8,513.7,513.2,512.9,512.4,512.5,517.0,514.5,512.3,511.3,512.0,513.4,515.1,513.4,511.8,511.3,512.3,514.5,513.7,513.6,513.7,514.0,514.2,514.2,514.1,513.9,530.8,531.8,533.5,534.9,535.0,534.0,532.3,531.0,531.1,530.4,530.3,531.4,534.1,537.6,540.9,537.6,534.2,531.7,530.5,530.6,532.8,533.4,534.1,534.6,534.5,533.9,533.2,532.7,33.3,-7.9,656.1,0.172,-0.197,-0.004,222.1,222.7,224.5,227.2,232.1,239.5,248.7,259.3,269.9,278.3,284.3,289.7,294.5,298.1,300.3,301.8,302.2,232.7,239.2,247.8,256.5,264.4,279.6,286.0,292.2,298.1,301.9,272.4,273.6,275.0,276.3,264.9,269.4,274.0,277.9,281.2,242.1,247.4,253.6,258.7,253.5,247.3,280.9,285.7,291.2,294.9,291.8,286.4,255.5,263.3,269.7,273.3,277.1,281.5,284.9,281.6,277.3,273.2,269.2,262.9,258.6,269.3,273.1,276.8,282.9,276.8,273.1,269.2,160.8,172.4,183.8,194.8,205.1,213.8,221.0,226.1,227.2,225.0,218.8,211.0,202.0,191.9,181.2,170.2,159.1,152.2,147.3,145.8,146.8,149.4,148.6,145.5,144.0,144.8,149.0,158.1,165.7,173.3,181.1,186.7,188.1,189.1,187.8,186.1,160.2,157.1,157.0,160.7,162.2,162.5,159.8,155.6,155.4,158.2,160.6,160.9,202.4,199.6,197.9,198.8,197.6,199.0,201.0,206.1,208.3,209.0,208.8,207.0,202.5,201.6,201.9,201.3,201.5,202.6,203.3,203.0,-48.6,-47.8,-45.0,-40.3,-31.7,-18.5,-2.3,16.1,34.3,49.6,61.4,72.4,81.8,88.3,92.3,95.0,95.5,-28.7,-17.8,-3.5,10.7,23.4,48.9,60.1,71.4,82.7,90.4,36.8,38.5,40.3,42.0,24.4,31.7,39.1,45.8,51.6,-13.1,-4.3,6.0,14.4,5.9,-4.4,52.3,60.6,70.3,77.4,71.4,61.8,9.3,22.0,32.4,38.5,44.8,52.8,59.8,53.1,45.3,38.5,31.7,21.4,14.4,31.9,38.2,44.6,56.0,44.6,38.1,31.8,-46.5,-26.4,-6.5,12.9,31.0,46.4,58.4,66.7,68.5,65.6,56.0,42.8,26.6,8.1,-11.5,-31.6,-52.0,-58.7,-66.4,-68.4,-66.4,-62.0,-64.1,-70.1,-73.6,-73.2,-67.0,-48.3,-35.4,-22.9,-10.2,-1.3,0.9,2.6,0.4,-2.3,-45.4,-50.5,-50.6,-44.6,-41.9,-41.5,-46.8,-54.1,-54.8,-50.6,-45.9,-45.1,24.9,20.1,17.1,18.7,16.7,19.3,23.1,31.3,34.7,35.5,35.2,32.3,25.1,23.4,23.7,22.9,23.8,25.1,26.1,25.7,681.6,684.5,688.3,690.9,690.6,687.8,682.1,674.4,674.3,683.9,699.2,712.0,717.9,718.0,716.8,715.5,715.2,650.4,644.9,640.9,637.6,636.2,644.2,651.9,661.0,670.6,680.5,642.1,636.2,629.8,623.9,639.3,638.4,638.3,641.9,646.1,650.7,647.9,648.6,650.3,648.8,648.0,660.5,663.2,667.4,674.0,667.7,663.5,655.8,645.9,642.5,643.8,646.1,655.2,668.8,657.0,649.4,646.6,645.5,648.2,653.8,645.4,646.3,649.1,664.8,649.1,646.2,645.5,0.59,0.172,-0.262,0.007,269.726,182.609,-7.233,5.96,-12.971,16.892,5.307,1.502,-4.04,3.524,2.948,-2.022,-0.317,1.52,0.411,-1.947,-0.622,-0.247,0.221,1.122,-1.133,-0.559,0.535,-0.449,-0.177,-0.309,0.204,0.031,0.093,-0.004,-0.099,-0.011,-0.017,0.012,0.005,0.002,0.5,0.08,0.0,0.55,0.0,0.0,0.0,0.0,0.0,0.19,0.0,0.0,0.0,0.0,0.0,0.0,0.0,1.0,1.0,0.0,1.0,0.0,0.0,0.0,0.0,0.0,0.0,0.0,0.0,0.0,0.0,0.0,0.0,1.0,0.0
PP133,g1,4488,0,0.975,0.20994,0.164694,-0.963743,0.054056,0.165681,-0.984697,0.135,0.168,246.5,247.7,250.9,254.1,255.5,254.4,251.1,247.9,242.2,244.2,247.0,250.5,254.0,256.6,258.5,256.4,253.5,250.3,247.1,244.3,249.6,251.0,252.4,252.9,252.3,250.9,249.6,249.0,283.8,284.7,287.4,290.3,291.8,291.0,288.3,285.1,280.9,282.8,285.3,288.6,291.5,293.5,294.7,293.7,291.8,289.3,286.4,283.3,286.5,287.8,289.0,289.4,288.7,287.4,286.2,285.9,158.7,155.5,154.1,155.3,158.6,162.1,163.2,161.9,160.3,158.5,157.2,156.5,157.1,158.6,160.6,161.8,162.3,162.5,162.4,161.7,160.2,160.7,160.1,158.7,157.3,156.7,157.4,158.8,157.4,154.2,152.7,153.8,156.8,160.0,161.5,160.6,159.7,157.5,155.8,154.9,155.3,156.4,158.2,159.6,160.4,160.9,160.9,160.7,158.6,159.1,158.5,157.1,155.8,155.3,155.9,157.3,-4.6,-3.0,1.2,5.4,7.2,5.8,1.4,-2.8,-10.3,-7.7,-3.9,0.7,5.3,8.7,11.1,8.4,4.6,0.4,-3.8,-7.5,-0.5,1.3,3.1,3.9,3.1,1.2,-0.6,-1.3,45.9,47.1,50.9,55.1,57.2,56.0,52.1,47.6,41.9,44.4,47.9,52.4,56.6,59.7,61.8,60.0,57.1,53.4,49.3,45.1,49.7,51.6,53.2,53.8,52.9,51.0,49.4,48.8,-37.7,-42.0,-43.8,-42.2,-37.9,-33.3,-31.8,-33.4,-35.9,-38.2,-39.6,-40.4,-39.7,-37.9,-35.3,-33.7,-32.9,-32.6,-32.9,-33.9,-35.8,-35.1,-35.9,-37.8,-39.6,-40.4,-39.6,-37.7,-40.8,-45.2,-47.4,-46.0,-41.9,-37.5,-35.4,-36.4,-37.7,-40.7,-43.0,-44.2,-43.9,-42.7,-40.5,-38.3,-36.9,-36.2,-36.1,-36.4,-39.3,-38.7,-39.6,-41.5,-43.3,-43.9,-43.0,-41.1,511.6,512.1,512.4,512.3,511.8,511.5,511.0,511.1,515.6,513.1,510.9,509.8,510.5,512.0,513.7,512.0,510.3,509.9,510.9,513.1,512.3,512.2,512.3,512.5,512.7,512.8,512.7,512.5,529.7,530.7,532.4,533.8,533.9,532.9,531.2,530.0,530.0,529.3,529.2,530.3,533.0,536.5,539.8,536.5,533.1,530.6,529.4,529.5,531.7,532.3,533.0,533.5,533.4,532.8,532.1,531.6,33.3,-8.0,656.1,0.173,-0.198,-0.005,222.0,222.7,224.5,227.2,232.1,239.5,248.8,259.4,270.0,278.4,284.4,289.8,294.6,298.1,300.3,301.8,302.1,232.6,239.1,247.7,256.5,264.4,279.5,285.9,292.1,298.1,301.9,272.3,273.6,275.0,276.3,264.9,269.5,274.0,277.9,281.2,242.0,247.3,253.5,258.6,253.5,247.3,280.9,285.6,291.1,294.9,291.8,286.3,255.7,263.4,269.8,273.4,277.1,281.5,285.0,281.6,277.3,273.3,269.3,263.0,258.7,269.4,273.1,276.9,282.9,276.9,273.1,269.3,160.9,172.4,183.8,194.7,204.9,213.6,220.7,225.9,226.9,224.7,218.5,210.8,201.8,191.8,181.1,170.2,159.1,152.4,147.4,145.9,146.8,149.5,148.6,145.5,144.0,144.8,149.1,158.1,165.7,173.3,181.0,186.7,188.0,189.0,187.7,186.0,160.3,157.1,157.0,160.8,162.3,162.5,159.8,155.6,155.4,158.1,160.6,160.9,202.4,199.6,197.9,198.8,197.6,199.0,201.0,206.1,208.3,208.9,208.7,207.0,202.5,201.6,201.8,201.2,201.5,202.6,203.2,203.0,-48.8,-47.9,-45.0,-40.3,-31.7,-18.5,-2.2,16.3,34.5,49.8,61.5,72.5,82.0,88.4,92.4,95.0,95.5,-29.0,-18.0,-3.8,10.6,23.4,48.7,59.9,71.3,82.6,90.4,36.7,38.4,40.3,42.0,24.4,31.8,39.2,45.8,51.6,-13.3,-4.4,5.9,14.3,5.8,-4.5,52.2,60.5,70.3,77.4,71.4,61.7,9.5,22.2,32.5,38.6,44.8,52.8,59.9,53.1,45.4,38.6,31.9,21.6,14.6,32.0,38.3,44.6,56.0,44.6,38.3,31.9,-46.4,-26.4,-6.6,12.7,30.7,46.0,58.0,66.3,68.0,65.2,55.6,42.5,26.3,7.8,-11.7,-31.8,-52.1,-58.5,-66.3,-68.3,-66.3,-61.9,-64.1,-70.1,-73.6,-73.3,-67.0,-48.3,-35.4,-22.9,-10.3,-1.3,0.8,2.5,0.3,-2.4,-45.4,-50.5,-50.6,-44.5,-41.9,-41.4,-46.8,-54.2,-54.9,-50.8,-46.0,-45.2,25.0,20.1,17.0,18.6,16.6,19.3,23.1,31.2,34.6,35.4,35.1,32.3,25.1,23.3,23.7,22.8,23.8,25.0,26.0,25.6,681.8,684.7,688.5,691.0,690.7,687.9,682.2,674.5,674.3,683.9,699.3,712.1,718.1,718.4,717.2,715.9,715.7,650.6,644.9,640.8,637.5,636.1,644.0,651.8,661.0,670.7,680.7,642.0,636.1,629.7,623.8,639.3,638.4,638.3,641.8,646.0,650.8,647.9,648.6,650.3,648.8,648.1,660.5,663.2,667.5,674.1,667.8,663.6,655.7,645.8,642.4,643.7,646.0,655.1,668.8,657.0,649.4,646.7,645.6,648.2,653.7,645.4,646.2,649.1,664.7,649.0,646.2,645.5,0.59,0.173,-0.263,0.006,269.731,182.563,-5.831,5.721,-13.163,16.936,5.662,1.08,-4.006,3.767,3.414,-1.688,-0.319,1.424,0.542,-1.857,-0.71,-0.255,0.345,1.147,-1.092,-0.508,0.506,-0.413,-0.22,-0.305,0.179,0.01,0.077,0.005,-0.097,-0.008,-0.023,0.013,0.003,0.002,0.31,0.08,0.0,0.97,0.0,0.0,0.0,0.0,0.0,0.13,0.0,0.0,0.0,0.0,0.0,0.0,0.0,1.0,1.0,0.0,1.0,0.0,0.0,0.0,0.0,0.0,0.0,0.0,0.0,0.0,0.0,0.0,0.0,1.0,0.0
PP133,g1,4493,0,0.975,0.212352,0.163915,-0.963348,0.056154,0.164788,-0.984729,0.137,0.167,246.6,247.8,251.0,254.2,255.6,254.5,251.2,248.0,242.3,244.3,247.1,250.6,254.1,256.7,258.5,256.5,253.6,250.4,247.2,244.4,249.7,251.1,252.5,253.0,252.4,251.0,249.7,249.1,283.9,284.7,287.4,290.4,291.9,291.1,288.4,285.2,281.0,282.8,285.4,288.6,291.5,293.5,294.7,293.7,291.9,289.4,286.4,283.4,286.6,287.9,289.1,289.4,288.8,287.5,286.3,285.9,158.5,155.2,153.8,155.1,158.3,161.8,163.0,161.7,160.1,158.2,156.9,156.3,156.8,158.3,160.4,161.6,162.0,162.3,162.1,161.4,159.9,160.5,159.9,158.4,157.0,156.5,157.1,158.5,157.1,154.0,152.5,153.6,156.6,159.7,161.2,160.4,159.4,157.2,155.5,154.7,155.0,156.1,157.9,159.3,160.2,160.6,160.6,160.4,158.4,158.8,158.2,156.8,155.5,155.0,155.7,157.1,-4.5,-2.8,1.3,5.5,7.3,6.0,1.5,-2.7,-10.2,-7.5,-3.7,0.8,5.4,8.8,11.2,8.5,4.7,0.5,-3.7,-7.4,-0.4,1.5,3.3,4.0,3.2,1.4,-0.5,-1.2,46.1,47.3,51.1,55.3,57.4,56.1,52.3,47.8,42.1,44.6,48.1,52.6,56.8,59.9,61.9,60.2,57.3,53.6,49.5,45.3,49.9,51.8,53.4,54.0,53.0,51.2,49.6,49.0,-38.1,-42.4,-44.2,-42.6,-38.3,-33.7,-32.1,-33.8,-36.2,-38.5,-40.0,-40.8,-40.1,-38.3,-35.7,-34.0,-33.3,-33.0,-33.3,-34.3,-36.2,-35.5,-36.3,-38.2,-40.0,-40.8,-40.0,-38.1,-41.3,-45.7,-47.8,-46.5,-42.4,-38.0,-35.8,-36.9,-38.1,-41.1,-43.4,-44.7,-44.4,-43.2,-41.0,-38.8,-37.4,-36.6,-36.5,-36.8,-39.7,-39.1,-40.1,-42.0,-43.8,-44.4,-43.4,-41.5,512.2,512.8,513.0,512.9,512.4,512.1,511.6,511.7,516.2,513.7,511.5,510.5,511.2,512.7,514.3,512.6,511.0,510.5,511.5,513.7,512.9,512.8,512.9,513.2,513.4,513.4,513.3,513.1,530.7,531.8,533.5,534.8,535.0,533.9,532.2,531.0,531.0,530.3,530.2,531.3,534.1,537.6,540.9,537.6,534.2,531.7,530.4,530.5,532.7,533.3,534.1,534.5,534.5,533.9,533.1,532.7,33.4,-8.4,656.4,0.172,-0.201,-0.005,222.0,222.7,224.5,227.2,232.1,239.6,248.8,259.5,270.1,278.5,284.4,289.8,294.6,298.1,300.3,301.8,302.1,232.7,239.3,247.9,256.7,264.6,279.6,286.0,292.2,298.1,301.9,272.4,273.7,275.1,276.5,265.1,269.6,274.1,278.0,281.3,242.1,247.4,253.6,258.7,253.6,247.4,281.0,285.7,291.2,294.9,291.8,286.4,255.8,263.6,269.9,273.5,277.2,281.6,285.1,281.7,277.5,273.5,269.4,263.2,258.9,269.5,273.3,277.0,283.0,277.0,273.3,269.4,160.7,172.3,183.6,194.5,204.7,213.4,220.5,225.6,226.6,224.5,218.3,210.6,201.6,191.6,181.0,170.0,158.9,152.1,147.1,145.6,146.6,149.3,148.4,145.2,143.8,144.6,148.8,157.9,165.5,173.0,180.7,186.4,187.7,188.8,187.4,185.8,160.0,156.8,156.7,160.5,162.0,162.3,159.6,155.3,155.1,157.8,160.3,160.6,202.2,199.4,197.6,198.5,197.3,198.7,200.7,205.8,208.0,208.7,208.5,206.7,202.3,201.3,201.5,200.9,201.2,202.3,203.0,202.8,-48.8,-47.9,-45.0,-40.3,-31.6,-18.4,-2.0,16.5,34.7,50.0,61.7,72.6,82.0,88.5,92.4,95.0,95.6,-28.7,-17.7,-3.4,10.9,23.7,48.8,60.1,71.4,82.7,90.5,36.9,38.6,40.5,42.3,24.7,32.0,39.4,46.0,51.8,-13.1,-4.2,6.1,14.5,5.9,-4.4,52.4,60.7,70.4,77.5,71.5,61.9,9.8,22.4,32.8,38.8,45.1,53.0,60.0,53.4,45.7,38.9,32.1,21.8,14.9,32.3,38.5,44.9,56.2,44.9,38.5,32.1,-46.7,-26.7,-6.9,12.3,30.3,45.6,57.6,65.9,67.6,64.7,55.1,42.0,25.9,7.5,-12.0,-32.1,-52.4,-59.0,-66.7,-68.7,-66.7,-62.3,-64.5,-70.6,-74.0,-73.7,-67.5,-48.7,-35.9,-23.4,-10.8,-1.8,0.4,2.0,-0.1,-2.9,-45.8,-50.9,-51.1,-45.0,-42.4,-41.9,-47.3,-54.7,-55.4,-51.3,-46.5,-45.7,24.6,19.6,16.6,18.2,16.2,18.8,22.7,30.8,34.2,35.0,34.7,31.9,24.7,22.9,23.2,22.3,23.3,24.7,25.7,25.2,681.8,684.7,688.4,690.9,690.6,687.8,682.1,674.5,674.4,684.1,699.5,712.3,718.4,718.7,717.6,716.4,716.2,650.5,644.9,640.9,637.7,636.3,644.3,652.1,661.4,671.1,681.1,642.3,636.4,630.0,624.0,639.5,638.6,638.5,642.1,646.3,650.8,648.0,648.8,650.5,649.0,648.2,660.9,663.5,667.9,674.5,668.2,663.9,655.8,645.9,642.6,643.9,646.2,655.4,669.0,657.3,649.8,647.0,645.9,648.4,653.8,645.5,646.4,649.3,664.9,649.4,646.5,645.8,0.59,0.172,-0.266,0.006,269.828,182.313,-6.026,5.732,-13.121,16.728,5.815,0.948,-3.633,3.987,3.576,-1.492,-0.049,1.314,0.335,-1.851,-0.728,-0.198,0.278,1.16,-1.005,-0.543,0.57,-0.335,-0.255,-0.301,0.245,0.005,0.085,0.011,-0.084,-0.01,-0.026,0.012,0.009,0.002,0.55,0.1,0.0,1.08,0.0,0.0,0.0,0.0,0.0,0.29,0.0,0.0,0.0,0.0,0.0,0.0,0.0,1.0,1.0,0.0,1.0,0.0,0.0,0.0,0.0,0.0,0.0,0.0,0.0,0.0,0.0,0.0,0.0,1.0,0.0
PP133,g1,4497,0,0.975,0.211504,0.161461,-0.963948,0.055886,0.162515,-0.985122,0.136,0.165,246.3,247.6,250.7,253.9,255.3,254.3,250.9,247.7,242.0,244.0,246.9,250.4,253.9,256.5,258.3,256.2,253.3,250.1,246.9,244.1,249.4,250.8,252.2,252.8,252.2,250.8,249.4,248.8,283.7,284.5,287.2,290.1,291.7,290.8,288.2,285.0,280.7,282.6,285.2,288.4,291.3,293.3,294.5,293.5,291.7,289.2,286.2,283.1,286.4,287.7,288.9,289.2,288.5,287.2,286.1,285.7,158.3,155.1,153.7,154.9,158.2,161.7,162.8,161.6,160.0,158.1,156.8,156.1,156.7,158.2,160.3,161.4,161.9,162.2,162.0,161.3,159.8,160.4,159.7,158.3,156.9,156.3,157.0,158.4,157.0,153.8,152.4,153.4,156.4,159.6,161.1,160.3,159.3,157.1,155.4,154.5,154.9,156.0,157.8,159.2,160.1,160.5,160.5,160.3,158.3,158.7,158.1,156.7,155.4,154.9,155.6,156.9,-4.8,-3.2,0.9,5.1,6.9,5.6,1.2,-3.0,-10.6,-7.9,-4.1,0.5,5.0,8.5,10.9,8.2,4.3,0.1,-4.0,-7.8,-0.7,1.1,2.9,3.6,2.8,1.0,-0.8,-1.5,45.7,46.9,50.7,54.9,56.9,55.7,51.9,47.4,41.7,44.1,47.6,52.1,56.3,59.5,61.5,59.7,56.8,53.2,49.0,44.9,49.5,51.3,53.0,53.5,52.6,50.8,49.1,48.6,-38.1,-42.4,-44.3,-42.6,-38.4,-33.8,-32.2,-33.9,-36.3,-38.6,-40.1,-40.9,-40.2,-38.4,-35.8,-34.1,-33.4,-33.0,-33.3,-34.3,-36.3,-35.5,-36.4,-38.2,-40.1,-40.8,-40.0,-38.1,-41.4,-45.7,-47.9,-46.5,-42.4,-38.0,-35.9,-37.0,-38.2,-41.2,-43.5,-44.8,-44.5,-43.3,-41.1,-38.8,-37.5,-36.7,-36.6,-36.9,-39.8,-39.2,-40.1,-42.1,-43.8,-44.4,-43.5,-41.6,510.9,511.4,511.7,511.5,511.0,510.7,510.2,510.4,514.8,512.4,510.1,509.1,509.8,511.3,512.9,511.2,509.6,509.2,510.2,512.3,511.5,511.4,511.6,511.8,512.0,512.1,511.9,511.7,529.5,530.6,532.3,533.7,533.8,532.7,531.0,529.8,529.8,529.2,529.1,530.2,532.9,536.4,539.7,536.4,533.0,530.5,529.3,529.3,531.6,532.1,532.9,533.4,533.3,532.7,532.0,531.5,33.0,-8.6,655.8,0.168,-0.2,-0.006,221.8,222.5,224.3,227.1,232.0,239.5,248.7,259.4,269.9,278.3,284.2,289.6,294.4,297.9,300.1,301.6,301.9,232.4,238.9,247.6,256.4,264.3,279.4,285.7,291.9,297.9,301.7,272.2,273.5,274.9,276.2,264.8,269.3,273.9,277.8,281.1,241.9,247.2,253.4,258.5,253.3,247.1,280.7,285.5,291.0,294.7,291.6,286.2,255.7,263.4,269.7,273.3,277.0,281.3,284.8,281.5,277.2,273.2,269.2,263.0,258.8,269.3,273.1,276.8,282.8,276.8,273.0,269.2,160.7,172.3,183.7,194.6,204.8,213.5,220.6,225.6,226.6,224.5,218.3,210.6,201.7,191.6,181.0,170.0,158.8,152.0,147.0,145.4,146.4,149.1,148.2,145.1,143.6,144.4,148.7,157.7,165.3,172.9,180.6,186.3,187.6,188.7,187.3,185.7,159.9,156.7,156.6,160.4,161.9,162.2,159.4,155.1,154.9,157.7,160.2,160.5,202.1,199.3,197.5,198.5,197.2,198.7,200.7,205.7,207.9,208.5,208.4,206.6,202.2,201.3,201.5,200.9,201.2,202.2,202.9,202.6,-49.2,-48.2,-45.3,-40.4,-31.8,-18.5,-2.2,16.2,34.4,49.6,61.2,72.1,81.5,88.0,91.9,94.6,95.1,-29.3,-18.3,-4.0,10.4,23.2,48.4,59.6,71.0,82.3,90.1,36.4,38.2,40.1,41.8,24.2,31.6,39.0,45.6,51.4,-13.6,-4.7,5.6,14.1,5.5,-4.8,51.9,60.2,70.0,77.1,71.1,61.4,9.6,22.1,32.4,38.4,44.6,52.5,59.5,52.9,45.2,38.5,31.8,21.6,14.7,31.9,38.1,44.4,55.7,44.4,38.1,31.8,-46.8,-26.7,-6.8,12.5,30.5,45.8,57.7,65.8,67.5,64.7,55.2,42.1,26.1,7.6,-12.0,-32.1,-52.5,-59.1,-66.9,-69.0,-67.0,-62.6,-64.7,-70.8,-74.3,-74.0,-67.7,-48.9,-36.1,-23.6,-11.0,-1.9,0.2,1.9,-0.3,-3.0,-46.0,-51.1,-51.3,-45.2,-42.5,-42.0,-47.5,-54.9,-55.6,-51.4,-46.7,-45.8,24.5,19.5,16.4,18.0,16.0,18.7,22.6,30.6,33.9,34.8,34.4,31.7,24.6,22.7,23.1,22.2,23.3,24.4,25.4,25.0,681.6,684.4,688.1,690.5,690.1,687.3,681.5,673.8,673.7,683.3,698.8,711.6,717.8,718.1,717.1,715.8,715.7,650.4,644.8,640.8,637.4,636.0,644.0,651.8,661.0,670.7,680.8,642.0,636.0,629.5,623.6,639.0,638.1,638.0,641.5,645.7,650.6,647.8,648.5,650.2,648.7,647.9,660.4,663.2,667.5,674.1,667.8,663.5,655.2,645.3,642.0,643.4,645.7,654.8,668.2,656.5,649.0,646.3,645.2,647.7,653.1,645.0,645.9,648.7,664.2,648.7,645.8,645.1,0.591,0.167,-0.265,0.004,269.603,182.242,-5.981,5.776,-13.528,17.256,6.019,1.343,-3.626,3.886,3.457,-1.893,-0.089,1.303,0.475,-1.795,-0.651,-0.257,0.364,1.072,-1.088,-0.4,0.524,-0.404,-0.24,-0.37,0.248,0.067,0.07,0.013,-0.083,-0.008,-0.02,0.007,0.006,0.002,0.05,0.0,0.0,0.79,0.0,0.0,0.0,0.0,0.0,0.29,0.0,0.0,0.0,0.0,0.0,0.0,0.0,0.0,1.0,0.0,1.0,0.0,0.0,0.0,0.0,0.0,0.0,0.0,0.0,0.0,0.0,0.0,0.0,1.0,0.0
PP133,g1,4502,0,0.975,0.210614,0.165233,-0.963504,0.055039,0.166476,-0.984508,0.136,0.169,246.4,247.7,250.8,254.0,255.4,254.4,251.0,247.8,242.1,244.1,247.0,250.5,253.9,256.5,258.4,256.3,253.4,250.2,247.0,244.2,249.5,250.9,252.3,252.9,252.2,250.9,249.5,248.9,283.7,284.5,287.2,290.1,291.6,290.8,288.1,284.9,280.7,282.6,285.2,288.4,291.3,293.3,294.5,293.5,291.6,289.1,286.2,283.1,286.4,287.7,288.8,289.2,288.5,287.2,286.1,285.7,158.6,155.3,153.9,155.2,158.4,161.9,163.0,161.8,160.2,158.3,157.0,156.4,156.9,158.4,160.5,161.6,162.1,162.4,162.2,161.5,160.0,160.6,160.0,158.5,157.1,156.6,157.2,158.6,157.2,154.1,152.6,153.7,156.7,159.8,161.3,160.5,159.5,157.3,155.6,154.8,155.2,156.2,158.0,159.4,160.3,160.7,160.7,160.5,158.5,159.0,158.3,156.9,155.6,155.2,155.8,157.2,-4.7,-3.1,1.1,5.3,7.1,5.7,1.3,-2.9,-10.4,-7.8,-4.0,0.6,5.1,8.6,11.0,8.3,4.5,0.3,-3.9,-7.6,-0.6,1.2,3.0,3.8,3.0,1.1,-0.7,-1.4,45.8,47.1,50.9,55.0,57.1,55.9,52.1,47.6,41.9,44.3,47.8,52.3,56.5,59.7,61.7,59.9,57.0,53.4,49.2,45.0,49.7,51.5,53.2,53.7,52.8,51.0,49.3,48.8,-38.0,-42.3,-44.2,-42.5,-38.2,-33.6,-32.1,-33.7,-36.2,-38.5,-40.0,-40.7,-40.0,-38.3,-35.7,-34.0,-33.3,-32.9,-33.2,-34.2,-36.1,-35.4,-36.2,-38.1,-40.0,-40.7,-39.9,-38.0,-41.2,-45.6,-47.7,-46.4,-42.3,-37.9,-35.8,-36.8,-38.1,-41.1,-43.3,-44.6,-44.3,-43.1,-40.9,-38.7,-37.3,-36.5,-36.4,-36.7,-39.6,-39.0,-40.0,-41.9,-43.7,-44.3,-43.3,-41.4,513.0,513.5,513.7,513.6,513.1,512.9,512.3,512.5,517.0,514.5,512.2,511.2,511.9,513.4,515.1,513.4,511.7,511.3,512.3,514.4,513.6,513.6,513.7,513.9,514.1,514.2,514.0,513.8,531.6,532.6,534.3,535.7,535.8,534.8,533.1,531.9,531.9,531.2,531.1,532.2,534.9,538.4,541.7,538.4,535.0,532.5,531.3,531.4,533.6,534.2,534.9,535.4,535.3,534.7,534.0,533.5,33.1,-8.4,656.8,0.171,-0.198,-0.007,221.9,222.6,224.4,227.2,232.1,239.6,248.8,259.5,270.0,278.4,284.4,289.7,294.5,298.0,300.2,301.7,302.0,232.6,239.1,247.7,256.5,264.3,279.4,285.7,291.9,297.9,301.7,272.2,273.5,274.9,276.2,264.9,269.4,273.9,277.8,281.1,242.0,247.3,253.5,258.5,253.4,247.2,280.7,285.5,290.9,294.7,291.6,286.2,255.7,263.4,269.7,273.3,277.0,281.4,284.8,281.5,277.2,273.2,269.2,263.0,258.8,269.3,273.1,276.8,282.8,276.8,273.1,269.2,160.7,172.3,183.7,194.7,204.9,213.6,220.7,225.8,226.7,224.5,218.3,210.6,201.6,191.5,180.9,169.9,158.8,152.1,147.1,145.6,146.6,149.2,148.4,145.2,143.8,144.6,148.8,157.9,165.5,173.0,180.7,186.4,187.7,188.8,187.4,185.8,160.1,156.9,156.9,160.6,162.1,162.4,159.6,155.4,155.2,157.9,160.4,160.7,202.3,199.4,197.6,198.6,197.3,198.8,200.9,205.9,208.1,208.7,208.5,206.8,202.4,201.4,201.6,201.0,201.3,202.4,203.0,202.8,-49.1,-48.2,-45.2,-40.4,-31.7,-18.4,-2.1,16.4,34.5,49.8,61.6,72.5,81.9,88.3,92.2,94.7,95.3,-29.0,-18.0,-3.7,10.6,23.3,48.5,59.7,71.0,82.3,90.1,36.6,38.3,40.1,41.9,24.4,31.7,39.1,45.7,51.5,-13.4,-4.5,5.7,14.2,5.6,-4.7,52.0,60.3,70.0,77.2,71.2,61.5,9.6,22.2,32.5,38.5,44.7,52.6,59.7,53.0,45.3,38.5,31.8,21.6,14.7,32.0,38.2,44.5,55.8,44.5,38.2,31.8,-46.8,-26.7,-6.7,12.7,30.7,46.0,57.9,66.1,67.8,64.9,55.3,42.1,25.9,7.4,-12.2,-32.2,-52.6,-59.0,-66.8,-68.8,-66.8,-62.4,-64.5,-70.6,-74.1,-73.8,-67.5,-48.7,-35.9,-23.5,-10.9,-1.7,0.4,2.0,-0.1,-2.9,-45.7,-50.8,-50.9,-44.9,-42.2,-41.8,-47.2,-54.6,-55.2,-51.1,-46.3,-45.5,24.8,19.7,16.6,18.2,16.2,18.9,22.9,31.0,34.3,35.2,34.8,32.0,24.9,23.0,23.3,22.5,23.5,24.7,25.7,25.3,682.6,685.5,689.3,691.8,691.4,688.5,682.7,675.1,675.0,684.6,700.0,712.8,718.6,718.8,717.6,716.3,716.1,651.2,645.6,641.6,638.4,637.0,644.9,652.7,661.9,671.5,681.5,642.9,637.0,630.6,624.6,640.0,639.2,639.1,642.6,646.8,651.5,648.7,649.4,651.1,649.6,648.9,661.4,664.0,668.3,674.9,668.7,664.4,656.3,646.3,643.0,644.4,646.7,655.8,669.3,657.6,650.1,647.3,646.2,648.8,654.2,646.0,646.9,649.7,665.3,649.7,646.9,646.1,0.59,0.17,-0.263,0.004,269.644,182.364,-6.479,6.558,-13.624,17.137,5.453,0.725,-3.772,3.598,3.149,-1.921,-0.204,1.22,0.244,-1.96,-0.872,-0.124,0.314,0.955,-1.132,-0.628,0.474,-0.363,-0.204,-0.337,0.156,0.041,0.065,0.006,-0.093,-0.007,-0.023,0.006,0.003,0.003,0.5,0.36,0.0,0.81,0.0,0.0,0.0,0.0,0.0,0.19,0.0,0.0,0.0,0.0,0.0,0.0,0.0,1.0,1.0,0.0,1.0,0.0,0.0,0.0,0.0,0.0,0.0,0.0,0.0,0.0,0.0,0.0,0.0,1.0,0.0
PP133,g1,4507,0,0.975,0.212276,0.161415,-0.963786,0.057155,0.162027,-0.98513,0.137,0.164,246.6,247.9,251.0,254.2,255.6,254.6,251.2,248.0,242.3,244.3,247.2,250.7,254.2,256.8,258.6,256.5,253.6,250.4,247.3,244.4,249.8,251.2,252.5,253.1,252.5,251.1,249.7,249.2,283.8,284.7,287.3,290.3,291.8,291.0,288.3,285.1,280.9,282.8,285.3,288.6,291.4,293.4,294.6,293.6,291.8,289.3,286.3,283.3,286.5,287.8,289.0,289.3,288.7,287.4,286.2,285.9,158.6,155.4,154.0,155.2,158.4,161.9,163.1,161.8,160.2,158.3,157.1,156.4,157.0,158.5,160.5,161.7,162.2,162.4,162.2,161.5,160.1,160.6,160.0,158.6,157.2,156.6,157.2,158.7,157.4,154.3,152.8,153.9,156.9,160.0,161.5,160.6,159.7,157.5,155.8,155.0,155.4,156.5,158.2,159.7,160.5,160.9,160.9,160.7,158.7,159.1,158.5,157.1,155.8,155.3,156.0,157.4,-4.4,-2.8,1.4,5.6,7.4,6.0,1.6,-2.6,-10.2,-7.5,-3.7,0.9,5.4,8.9,11.3,8.6,4.7,0.5,-3.6,-7.4,-0.3,1.5,3.3,4.0,3.3,1.4,-0.4,-1.1,46.1,47.4,51.2,55.4,57.4,56.2,52.3,47.9,42.1,44.6,48.1,52.6,56.8,60.0,62.0,60.2,57.3,53.7,49.5,45.3,50.0,51.8,53.5,54.0,53.1,51.3,49.6,49.1,-38.0,-42.3,-44.1,-42.5,-38.2,-33.6,-32.1,-33.7,-36.2,-38.5,-39.9,-40.7,-40.0,-38.2,-35.6,-33.9,-33.2,-32.9,-33.2,-34.2,-36.1,-35.4,-36.2,-38.1,-39.9,-40.7,-39.9,-38.0,-41.0,-45.4,-47.5,-46.2,-42.1,-37.7,-35.6,-36.6,-37.9,-40.9,-43.1,-44.4,-44.1,-42.9,-40.6,-38.4,-37.1,-36.3,-36.3,-36.6,-39.5,-38.8,-39.8,-41.7,-43.5,-44.1,-43.2,-41.2,513.4,513.9,514.2,514.1,513.6,513.3,512.8,512.9,517.4,514.9,512.6,511.6,512.3,513.8,515.5,513.8,512.1,511.7,512.7,514.8,514.0,514.0,514.1,514.3,514.5,514.6,514.5,514.2,532.5,533.6,535.3,536.6,536.8,535.7,534.0,532.7,532.8,532.1,532.0,533.1,535.8,539.3,542.6,539.3,535.9,533.4,532.2,532.3,534.5,535.1,535.8,536.3,536.2,535.6,534.9,534.4,33.3,-8.1,656.8,0.165,-0.202,-0.003,222.1,222.7,224.5,227.2,232.0,239.5,248.7,259.3,269.9,278.3,284.2,289.6,294.4,297.9,300.1,301.7,302.0,232.8,239.3,247.9,256.7,264.5,279.6,286.0,292.1,298.1,301.8,272.4,273.7,275.1,276.4,265.0,269.5,274.0,277.9,281.2,242.2,247.5,253.7,258.7,253.6,247.4,280.9,285.6,291.1,294.8,291.7,286.3,255.8,263.5,269.9,273.5,277.1,281.5,284.9,281.6,277.3,273.4,269.4,263.1,258.9,269.5,273.2,276.9,282.8,276.9,273.2,269.4,160.8,172.4,183.8,194.7,204.9,213.7,220.8,226.0,227.0,224.9,218.7,211.0,202.0,192.0,181.3,170.4,159.3,152.2,147.1,145.7,146.7,149.3,148.6,145.4,144.0,144.9,149.2,158.0,165.6,173.0,180.7,186.5,187.8,188.8,187.5,185.9,160.1,157.0,156.9,160.6,162.1,162.4,159.8,155.6,155.4,158.2,160.6,160.9,202.3,199.5,197.7,198.6,197.4,198.9,201.0,206.0,208.2,208.8,208.6,206.9,202.4,201.5,201.7,201.1,201.5,202.5,203.1,202.9,-48.8,-47.9,-45.0,-40.3,-31.8,-18.6,-2.3,16.1,34.3,49.6,61.3,72.3,81.7,88.2,92.1,94.8,95.4,-28.7,-17.7,-3.4,10.9,23.7,48.9,60.2,71.5,82.7,90.5,36.9,38.7,40.5,42.2,24.6,32.0,39.3,45.9,51.7,-13.0,-4.2,6.1,14.5,6.0,-4.3,52.3,60.6,70.3,77.4,71.4,61.8,9.8,22.4,32.7,38.7,44.9,52.8,59.7,53.1,45.5,38.7,32.0,21.8,14.9,32.2,38.4,44.7,55.9,44.7,38.4,32.0,-46.6,-26.5,-6.6,12.7,30.8,46.1,58.2,66.4,68.2,65.4,56.0,42.9,26.8,8.2,-11.4,-31.4,-51.8,-58.9,-66.7,-68.8,-66.8,-62.3,-64.3,-70.3,-73.7,-73.3,-67.0,-48.5,-35.8,-23.4,-10.8,-1.7,0.5,2.2,0.0,-2.7,-45.7,-50.7,-50.9,-44.8,-42.2,-41.7,-46.9,-54.3,-54.9,-50.7,-46.0,-45.2,24.9,19.8,16.7,18.3,16.4,19.1,23.2,31.2,34.5,35.3,34.9,32.1,25.0,23.1,23.4,22.6,23.8,24.9,25.9,25.4,682.5,685.3,688.9,691.3,690.9,688.1,682.3,674.7,674.6,684.3,699.8,712.7,718.8,719.1,718.1,716.9,716.7,651.4,645.8,641.9,638.7,637.3,645.3,653.2,662.5,672.2,682.2,643.2,637.2,630.7,624.7,640.0,639.2,639.1,642.7,646.9,651.6,648.8,649.6,651.3,649.8,649.0,661.8,664.5,668.8,675.4,669.1,664.8,656.0,646.1,642.9,644.2,646.6,655.7,669.2,657.5,649.9,647.2,646.0,648.5,654.0,645.9,646.7,649.6,665.2,649.6,646.7,646.0,0.59,0.165,-0.267,0.008,269.754,182.508,-6.223,6.151,-13.471,17.28,5.171,0.696,-3.731,3.65,3.383,-2.014,-0.307,1.335,0.272,-1.913,-0.547,-0.304,0.295,0.951,-1.134,-0.547,0.505,-0.416,-0.213,-0.318,0.197,0.062,0.092,0.01,-0.091,-0.012,-0.021,0.007,0.005,-0.001,0.72,0.17,0.0,1.14,0.0,0.0,0.0,0.0,0.0,0.09,0.0,0.0,0.0,0.0,0.0,0.0,0.0,1.0,1.0,0.0,1.0,0.0,0.0,0.0,0.0,0.0,0.0,0.0,0.0,0.0,0.0,0.0,0.0,1.0,0.0
PP133,g1,4511,0,0.975,0.211002,0.153579,-0.965345,0.061118,0.154373,-0.986121,0.139,0.157,246.5,247.7,250.9,254.1,255.5,254.4,251.1,247.9,242.2,244.2,247.0,250.5,254.0,256.6,258.4,256.4,253.5,250.3,247.1,244.3,249.6,251.0,252.4,252.9,252.3,250.9,249.6,249.0,283.7,284.6,287.2,290.2,291.7,290.8,288.1,285.0,280.8,282.6,285.2,288.5,291.3,293.3,294.5,293.5,291.6,289.2,286.2,283.1,286.4,287.7,288.8,289.2,288.6,287.3,286.1,285.7,158.7,155.4,154.0,155.3,158.5,162.0,163.1,161.9,160.3,158.4,157.1,156.5,157.0,158.5,160.5,161.7,162.2,162.5,162.3,161.6,160.1,160.7,160.1,158.6,157.2,156.7,157.3,158.7,157.5,154.3,152.9,154.0,157.0,160.1,161.6,160.7,159.7,157.5,155.9,155.1,155.5,156.6,158.4,159.8,160.6,161.0,160.9,160.7,158.7,159.2,158.6,157.2,155.9,155.4,156.1,157.4,-4.6,-3.0,1.2,5.4,7.2,5.8,1.4,-2.8,-10.3,-7.7,-3.9,0.7,5.3,8.7,11.2,8.4,4.6,0.4,-3.8,-7.5,-0.5,1.4,3.2,3.9,3.1,1.2,-0.6,-1.3,45.9,47.2,51.0,55.2,57.2,56.0,52.1,47.7,41.9,44.4,48.0,52.5,56.7,59.8,61.8,60.0,57.1,53.5,49.3,45.1,49.8,51.6,53.3,53.8,52.9,51.1,49.4,48.9,-37.9,-42.2,-44.1,-42.4,-38.2,-33.5,-32.0,-33.7,-36.1,-38.4,-39.9,-40.6,-40.0,-38.2,-35.6,-33.9,-33.2,-32.8,-33.1,-34.1,-36.0,-35.3,-36.1,-38.0,-39.9,-40.6,-39.8,-37.9,-40.9,-45.3,-47.4,-46.0,-41.9,-37.5,-35.4,-36.5,-37.8,-40.8,-43.0,-44.2,-43.9,-42.7,-40.5,-38.3,-36.9,-36.2,-36.2,-36.5,-39.3,-38.7,-39.6,-41.5,-43.3,-44.0,-43.0,-41.1,513.6,514.1,514.4,514.2,513.7,513.4,512.9,513.1,517.6,515.1,512.9,511.8,512.5,514.0,515.6,513.9,512.3,511.9,512.9,515.1,514.2,514.2,514.3,514.5,514.7,514.8,514.7,514.5,532.2,533.3,535.1,536.4,536.6,535.4,533.7,532.5,532.5,531.8,531.8,532.9,535.7,539.2,542.5,539.1,535.7,533.2,531.9,532.0,534.3,534.8,535.6,536.1,536.0,535.4,534.7,534.2,33.1,-7.6,654.7,0.15,-0.204,-0.005,222.1,222.7,224.5,227.3,232.1,239.5,248.7,259.4,269.9,278.3,284.2,289.5,294.2,297.6,299.9,301.4,301.8,232.7,239.2,247.8,256.5,264.4,279.5,285.9,292.0,297.9,301.6,272.3,273.6,275.0,276.4,265.0,269.5,274.0,277.9,281.2,242.1,247.3,253.5,258.6,253.5,247.3,280.7,285.5,291.0,294.6,291.6,286.2,255.8,263.6,269.8,273.5,277.1,281.4,284.8,281.6,277.4,273.4,269.4,263.2,258.9,269.4,273.2,276.9,282.8,276.9,273.2,269.4,161.2,172.9,184.4,195.5,205.8,214.7,221.9,227.0,228.0,225.9,219.8,211.9,202.8,192.6,181.8,170.7,159.5,152.3,147.2,145.7,146.7,149.3,148.5,145.5,144.1,145.0,149.3,157.9,165.5,173.1,180.8,186.6,188.0,189.0,187.7,186.0,160.2,157.0,157.0,160.6,162.2,162.4,159.8,155.7,155.5,158.3,160.7,161.0,202.7,199.8,197.9,198.9,197.7,199.2,201.5,206.4,208.5,209.1,208.9,207.2,202.8,201.7,201.9,201.4,201.9,202.7,203.4,203.1,-48.7,-47.8,-44.9,-40.1,-31.5,-18.3,-2.3,16.1,34.3,49.5,61.1,71.8,81.0,87.4,91.3,94.0,94.6,-28.8,-17.9,-3.6,10.7,23.4,48.7,59.9,71.1,82.3,90.0,36.6,38.4,40.3,42.1,24.4,31.8,39.2,45.8,51.6,-13.2,-4.4,5.9,14.3,5.8,-4.5,52.0,60.3,70.0,77.0,71.1,61.5,9.8,22.3,32.6,38.6,44.8,52.6,59.4,53.0,45.4,38.6,31.9,21.8,14.9,32.0,38.3,44.6,55.6,44.6,38.3,31.9,-45.8,-25.5,-5.4,14.1,32.3,47.7,59.8,68.0,69.7,67.0,57.6,44.4,28.1,9.3,-10.5,-30.7,-51.2,-58.6,-66.5,-68.6,-66.6,-62.3,-64.3,-70.2,-73.5,-73.1,-66.6,-48.6,-35.8,-23.2,-10.6,-1.4,0.8,2.5,0.3,-2.4,-45.4,-50.5,-50.7,-44.7,-42.0,-41.5,-46.8,-54.0,-54.6,-50.4,-45.8,-45.1,25.5,20.2,17.1,18.7,16.8,19.6,23.8,31.7,34.8,35.6,35.3,32.6,25.6,23.5,23.8,23.0,24.4,25.3,26.2,25.8,680.4,683.1,686.7,688.9,688.3,685.3,679.5,671.9,671.8,681.6,697.3,710.2,716.3,716.6,715.6,714.3,714.2,649.9,644.5,640.7,637.6,636.3,644.3,652.2,661.5,671.1,681.0,641.9,635.7,629.1,622.9,638.0,637.1,637.0,640.7,645.0,650.0,647.4,648.3,649.8,648.2,647.4,660.4,663.2,667.5,674.0,667.7,663.4,653.6,643.8,640.8,642.1,644.5,653.5,666.8,654.9,647.4,644.6,643.4,645.9,651.5,643.6,644.5,647.4,662.7,647.3,644.4,643.6,0.592,0.152,-0.269,0.005,269.694,182.819,-8.185,6.782,-13.743,18.823,3.965,1.662,-4.012,3.086,3.28,-3.073,-0.244,1.081,0.025,-1.948,-0.25,-0.537,0.166,0.98,-1.149,-0.548,0.428,-0.306,-0.264,-0.479,0.146,0.114,0.114,0.017,-0.102,-0.018,-0.025,-0.004,0.01,-0.003,0.4,0.01,0.0,0.97,0.0,0.0,0.0,0.0,0.0,0.0,0.0,0.0,0.0,0.0,0.0,0.0,0.0,0.0,1.0,0.0,1.0,0.0,0.0,0.0,0.0,0.0,0.0,0.0,0.0,0.0,0.0,0.0,0.0,1.0,0.0
PP133,g1,4515,0,0.975,0.208346,0.152199,-0.966141,0.062411,0.153324,-0.986203,0.138,0.155,246.5,247.8,250.9,254.1,255.5,254.5,251.1,247.9,242.3,244.2,247.1,250.5,254.0,256.6,258.5,256.4,253.5,250.3,247.2,244.4,249.7,251.1,252.4,253.0,252.4,251.0,249.6,249.1,283.7,284.5,287.2,290.1,291.6,290.8,288.1,284.9,280.7,282.6,285.2,288.4,291.3,293.3,294.4,293.4,291.6,289.1,286.2,283.1,286.3,287.6,288.8,289.2,288.5,287.2,286.1,285.7,158.8,155.6,154.2,155.4,158.6,162.1,163.3,162.0,160.5,158.6,157.3,156.6,157.1,158.6,160.6,161.8,162.3,162.6,162.4,161.8,160.2,160.8,160.2,158.7,157.4,156.8,157.4,158.9,157.5,154.3,152.9,154.0,157.0,160.1,161.6,160.7,159.7,157.6,155.9,155.1,155.5,156.6,158.4,159.8,160.6,161.0,160.9,160.7,158.8,159.2,158.6,157.2,155.9,155.4,156.1,157.4,-4.6,-3.0,1.2,5.4,7.2,5.9,1.5,-2.7,-10.2,-7.6,-3.9,0.7,5.3,8.7,11.2,8.5,4.6,0.4,-3.7,-7.5,-0.4,1.4,3.2,3.9,3.1,1.3,-0.5,-1.2,45.9,47.1,50.9,55.1,57.2,55.9,52.1,47.6,41.9,44.4,47.9,52.4,56.6,59.7,61.7,59.9,57.1,53.4,49.3,45.1,49.7,51.5,53.2,53.8,52.9,51.0,49.4,48.8,-37.8,-42.1,-44.0,-42.3,-38.1,-33.5,-31.9,-33.5,-35.9,-38.2,-39.7,-40.5,-39.9,-38.1,-35.5,-33.8,-33.1,-32.7,-33.0,-34.0,-35.9,-35.2,-36.0,-37.9,-39.8,-40.5,-39.7,-37.8,-40.9,-45.3,-47.4,-46.0,-41.9,-37.5,-35.4,-36.5,-37.8,-40.8,-43.0,-44.2,-43.9,-42.7,-40.5,-38.3,-37.0,-36.2,-36.2,-36.5,-39.3,-38.7,-39.6,-41.5,-43.3,-44.0,-43.0,-41.1,514.5,515.0,515.2,515.0,514.5,514.2,513.8,514.0,518.5,516.0,513.7,512.6,513.3,514.7,516.4,514.7,513.1,512.7,513.8,516.0,515.1,515.0,515.1,515.3,515.5,515.6,515.5,515.3,532.4,533.5,535.2,536.6,536.8,535.6,533.9,532.6,532.6,532.0,531.9,533.1,535.8,539.4,542.7,539.3,535.9,533.4,532.1,532.1,534.4,535.0,535.8,536.3,536.2,535.6,534.8,534.4,33.3,-7.2,652.8,0.145,-0.202,-0.011,222.1,222.7,224.6,227.5,232.5,239.9,249.1,259.8,270.4,278.9,284.7,289.9,294.5,297.8,300.0,301.5,301.8,232.7,239.2,247.8,256.5,264.2,279.5,285.8,291.9,297.8,301.5,272.3,273.6,275.1,276.5,265.1,269.6,274.2,278.1,281.4,242.2,247.4,253.5,258.6,253.5,247.3,280.7,285.5,290.9,294.6,291.5,286.2,256.2,263.8,270.1,273.7,277.4,281.6,285.0,281.8,277.7,273.7,269.7,263.5,259.3,269.7,273.4,277.1,283.0,277.2,273.5,269.6,161.4,173.2,184.9,196.0,206.5,215.4,222.7,227.8,228.7,226.5,220.2,212.2,203.0,192.6,181.8,170.7,159.5,152.4,147.3,145.7,146.7,149.3,148.5,145.5,144.1,144.9,149.2,157.9,165.6,173.2,181.0,186.8,188.2,189.2,187.8,186.1,160.4,157.2,157.1,160.7,162.3,162.6,159.8,155.7,155.5,158.3,160.7,161.0,203.2,200.1,198.2,199.2,197.9,199.5,201.8,206.7,208.8,209.4,209.3,207.6,203.3,202.0,202.2,201.6,202.2,203.0,203.7,203.5,-48.5,-47.6,-44.5,-39.6,-30.8,-17.6,-1.6,16.8,35.0,50.2,61.8,72.4,81.3,87.4,91.2,93.8,94.3,-28.7,-17.8,-3.6,10.5,23.1,48.5,59.6,70.8,81.9,89.5,36.5,38.4,40.3,42.2,24.6,31.9,39.3,45.9,51.7,-13.0,-4.4,5.9,14.3,5.8,-4.4,51.8,60.1,69.7,76.7,70.8,61.3,10.4,22.7,32.8,38.8,45.0,52.8,59.5,53.2,45.7,39.0,32.3,22.3,15.4,32.4,38.6,44.9,55.7,44.9,38.6,32.3,-45.3,-24.9,-4.6,15.0,33.4,48.9,61.0,69.1,70.7,67.9,58.3,44.8,28.3,9.4,-10.4,-30.6,-51.0,-58.3,-66.2,-68.3,-66.4,-62.1,-64.1,-70.0,-73.4,-73.0,-66.5,-48.5,-35.6,-23.0,-10.4,-1.1,1.1,2.8,0.6,-2.2,-45.0,-50.1,-50.3,-44.4,-41.7,-41.2,-46.7,-53.9,-54.5,-50.3,-45.7,-44.9,26.2,20.7,17.5,19.1,17.1,19.9,24.3,32.1,35.2,36.1,35.8,33.2,26.2,23.9,24.2,23.3,24.9,25.7,26.7,26.3,678.7,681.7,685.4,687.6,686.8,683.7,677.8,670.0,669.9,679.8,695.4,708.3,714.2,714.2,712.9,711.4,711.3,648.1,642.8,639.0,636.0,634.7,642.8,650.7,659.8,669.4,679.2,640.4,634.0,627.3,621.1,636.3,635.3,635.2,638.8,643.3,648.2,645.7,646.5,648.1,646.5,645.7,658.7,661.6,665.9,672.3,666.0,661.8,651.6,641.8,638.9,640.3,642.7,651.6,664.7,652.9,645.5,642.7,641.5,643.8,649.5,641.7,642.6,645.6,660.5,645.5,642.5,641.7,0.593,0.148,-0.267,-0.002,269.843,183.046,-9.553,8.524,-14.343,20.138,2.871,1.74,-3.788,3.117,3.26,-3.609,-0.229,1.027,-0.248,-1.991,0.071,-0.687,0.038,0.891,-1.195,-0.635,0.389,-0.189,-0.405,-0.625,0.142,0.194,0.149,0.019,-0.1,-0.021,-0.021,-0.006,0.012,-0.008,0.55,0.24,0.0,1.07,0.0,0.0,0.0,0.0,0.0,0.21,0.0,0.0,0.0,0.0,0.0,0.0,0.0,1.0,1.0,0.0,1.0,0.0,0.0,0.0,0.0,0.0,0.0,0.0,0.0,0.0,0.0,0.0,1.0,1.0,0.0
PP133,g1,4521,0,0.975,0.210339,0.164982,-0.963607,0.060543,0.164431,-0.984529,0.138,0.168,246.7,247.9,251.1,254.2,255.6,254.6,251.2,248.0,242.4,244.4,247.2,250.7,254.2,256.8,258.6,256.5,253.6,250.4,247.3,244.4,249.8,251.2,252.5,253.1,252.5,251.1,249.7,249.2,283.8,284.7,287.3,290.3,291.8,290.9,288.3,285.1,280.9,282.7,285.3,288.6,291.4,293.4,294.6,293.6,291.7,289.3,286.3,283.2,286.5,287.8,289.0,289.3,288.7,287.4,286.2,285.8,158.6,155.4,154.0,155.3,158.5,162.0,163.1,161.8,160.2,158.3,157.1,156.4,157.0,158.5,160.6,161.7,162.2,162.4,162.2,161.5,160.1,160.6,160.0,158.6,157.2,156.7,157.3,158.7,157.5,154.3,152.9,154.0,157.0,160.2,161.6,160.7,159.8,157.6,155.9,155.1,155.5,156.6,158.4,159.8,160.6,161.0,161.0,160.7,158.8,159.3,158.6,157.3,155.9,155.4,156.1,157.5,-4.4,-2.7,1.4,5.6,7.4,6.0,1.6,-2.6,-10.1,-7.5,-3.7,0.9,5.5,8.9,11.3,8.6,4.7,0.5,-3.6,-7.3,-0.3,1.5,3.3,4.1,3.3,1.5,-0.4,-1.1,46.0,47.3,51.1,55.3,57.3,56.0,52.2,47.8,42.0,44.5,48.1,52.6,56.8,59.9,61.8,60.1,57.2,53.5,49.4,45.2,49.9,51.7,53.4,53.9,53.0,51.2,49.5,49.0,-38.1,-42.4,-44.2,-42.5,-38.2,-33.6,-32.1,-33.8,-36.3,-38.5,-40.0,-40.8,-40.1,-38.3,-35.6,-34.0,-33.3,-32.9,-33.3,-34.3,-36.2,-35.4,-36.2,-38.1,-40.0,-40.7,-39.9,-38.0,-40.9,-45.2,-47.3,-45.9,-41.8,-37.4,-35.4,-36.4,-37.8,-40.7,-42.9,-44.2,-43.8,-42.6,-40.4,-38.2,-36.9,-36.1,-36.1,-36.4,-39.3,-38.6,-39.6,-41.5,-43.3,-43.9,-43.0,-41.1,514.6,515.1,515.4,515.2,514.7,514.4,513.9,514.1,518.6,516.1,513.8,512.8,513.5,514.9,516.6,514.9,513.3,512.9,513.9,516.0,515.2,515.1,515.2,515.5,515.7,515.8,515.6,515.4,531.7,532.8,534.5,535.9,536.1,535.0,533.2,532.0,531.9,531.3,531.2,532.4,535.1,538.7,542.0,538.6,535.2,532.7,531.4,531.5,533.7,534.3,535.1,535.6,535.5,534.9,534.1,533.7,33.0,-7.4,654.4,0.169,-0.202,-0.0,222.1,222.6,224.3,227.1,231.9,239.4,248.5,259.1,269.7,278.2,284.1,289.4,294.1,297.6,299.9,301.5,301.9,232.9,239.5,248.1,256.8,264.5,279.7,286.0,292.1,298.0,301.7,272.5,273.7,275.1,276.4,264.9,269.4,274.0,277.9,281.2,242.3,247.5,253.7,258.7,253.6,247.4,280.9,285.6,291.1,294.7,291.7,286.3,255.6,263.3,269.6,273.3,277.0,281.3,284.6,281.3,277.1,273.1,269.0,262.8,258.6,269.2,273.0,276.7,282.6,276.7,272.9,269.1,160.7,172.5,184.1,195.2,205.7,214.6,221.9,227.1,228.1,225.9,219.6,211.6,202.4,192.2,181.5,170.5,159.4,152.1,147.2,145.8,146.8,149.5,148.8,145.7,144.3,145.1,149.3,158.1,165.8,173.4,181.3,186.9,188.3,189.4,188.0,186.3,160.1,157.0,156.9,160.7,162.2,162.4,159.9,155.7,155.5,158.3,160.8,161.0,202.9,200.0,198.2,199.2,198.0,199.5,201.7,206.7,208.9,209.5,209.3,207.5,203.0,202.0,202.3,201.7,202.1,203.1,203.8,203.5,-48.6,-47.9,-45.1,-40.5,-31.9,-18.7,-2.6,15.7,33.9,49.2,60.9,71.7,80.9,87.2,91.3,94.0,94.6,-28.3,-17.2,-3.0,11.1,23.6,48.9,60.0,71.2,82.3,89.9,36.9,38.6,40.3,42.1,24.3,31.7,39.0,45.7,51.4,-12.9,-4.1,6.1,14.5,6.0,-4.3,52.1,60.4,70.1,77.0,71.1,61.5,9.3,21.9,32.2,38.2,44.5,52.3,59.1,52.6,44.9,38.1,31.4,21.2,14.4,31.7,37.9,44.3,55.3,44.2,37.9,31.5,-46.5,-26.2,-6.0,13.7,32.1,47.7,59.9,68.2,69.9,67.0,57.2,43.7,27.3,8.6,-10.9,-31.0,-51.3,-58.8,-66.4,-68.3,-66.2,-61.8,-63.8,-69.7,-73.0,-72.7,-66.5,-48.3,-35.3,-22.6,-9.9,-1.0,1.3,3.0,0.9,-1.9,-45.5,-50.5,-50.6,-44.6,-42.0,-41.5,-46.6,-53.9,-54.5,-50.3,-45.6,-44.9,25.8,20.7,17.6,19.3,17.3,20.1,24.2,32.2,35.5,36.3,35.9,33.1,25.9,24.0,24.4,23.5,24.8,25.9,26.9,26.4,679.3,682.5,686.5,689.1,688.6,685.8,680.0,672.4,672.3,682.0,697.4,710.0,715.7,715.6,714.2,712.6,712.3,648.1,642.7,639.0,636.0,634.9,643.1,650.9,659.9,669.4,679.3,640.7,634.7,628.3,622.4,637.7,636.7,636.6,640.2,644.5,648.5,645.9,646.8,648.5,646.9,646.1,659.2,661.9,666.1,672.6,666.4,662.2,653.7,643.9,640.8,642.1,644.6,653.6,666.8,655.2,647.8,645.0,643.8,646.2,651.6,643.7,644.6,647.6,662.8,647.5,644.6,643.8,0.592,0.17,-0.266,0.011,269.652,182.917,-10.005,8.439,-13.731,18.715,4.067,1.957,-3.663,2.935,3.379,-2.582,0.333,1.484,0.045,-1.838,-0.274,-0.235,0.252,1.187,-1.1,-0.653,0.451,-0.361,-0.274,-0.412,0.139,0.04,0.149,0.027,-0.094,-0.01,-0.01,0.003,0.006,-0.005,0.55,0.22,0.0,0.98,0.0,0.0,0.07,0.0,0.0,0.35,0.0,0.0,0.0,0.0,0.0,0.13,0.0,1.0,1.0,0.0,1.0,0.0,0.0,0.0,0.0,0.0,0.0,0.0,0.0,0.0,0.0,0.0,1.0,1.0,0.0
PP133,g1,4527,0,0.975,0.209151,0.168572,-0.963244,0.053632,0.167705,-0.984377,0.134,0.171,246.5,247.7,250.9,254.1,255.5,254.4,251.0,247.8,242.1,244.1,247.0,250.5,254.0,256.6,258.4,256.4,253.4,250.2,247.0,244.2,249.6,251.0,252.4,252.9,252.3,250.9,249.5,249.0,283.8,284.6,287.3,290.3,291.8,291.0,288.3,285.0,280.8,282.7,285.3,288.5,291.4,293.5,294.7,293.6,291.8,289.3,286.3,283.2,286.5,287.8,289.0,289.3,288.7,287.4,286.2,285.8,158.5,155.2,153.9,155.2,158.4,161.9,163.0,161.7,160.1,158.2,156.9,156.3,156.9,158.4,160.5,161.7,162.1,162.4,162.1,161.4,160.0,160.6,160.0,158.5,157.1,156.5,157.1,158.6,157.4,154.3,152.8,153.9,156.9,160.1,161.6,160.7,159.8,157.5,155.8,155.0,155.4,156.5,158.3,159.7,160.5,161.0,161.0,160.7,158.7,159.2,158.6,157.2,155.9,155.4,156.0,157.4,-4.6,-3.0,1.2,5.4,7.1,5.7,1.3,-2.9,-10.4,-7.7,-3.9,0.7,5.2,8.7,11.1,8.3,4.5,0.3,-3.9,-7.6,-0.6,1.3,3.1,3.8,3.1,1.2,-0.6,-1.3,45.7,46.9,50.7,54.9,57.0,55.7,51.9,47.4,41.7,44.2,47.7,52.2,56.4,59.5,61.5,59.7,56.8,53.2,49.0,44.9,49.5,51.3,53.0,53.6,52.7,50.8,49.2,48.6,-37.9,-42.2,-44.0,-42.3,-38.1,-33.5,-32.0,-33.7,-36.2,-38.5,-39.9,-40.6,-39.9,-38.1,-35.4,-33.8,-33.1,-32.8,-33.1,-34.2,-36.0,-35.3,-36.1,-38.0,-39.8,-40.6,-39.8,-37.9,-40.6,-45.0,-47.2,-45.8,-41.7,-37.3,-35.2,-36.2,-37.5,-40.5,-42.8,-44.0,-43.7,-42.5,-40.3,-38.1,-36.7,-35.9,-35.9,-36.2,-39.1,-38.5,-39.4,-41.3,-43.1,-43.7,-42.8,-40.9,510.9,511.4,511.7,511.5,511.0,510.7,510.2,510.4,514.9,512.4,510.1,509.1,509.8,511.2,512.9,511.2,509.6,509.2,510.2,512.3,511.5,511.4,511.5,511.8,512.0,512.1,511.9,511.7,528.1,529.2,530.9,532.3,532.4,531.4,529.7,528.4,528.4,527.8,527.7,528.8,531.5,535.0,538.3,535.0,531.6,529.1,527.9,527.9,530.2,530.8,531.5,532.0,531.9,531.3,530.6,530.1,32.9,-8.0,656.4,0.179,-0.196,0.002,222.0,222.5,224.3,227.0,231.8,239.2,248.4,259.0,269.5,277.9,283.9,289.4,294.2,297.8,300.1,301.6,302.0,232.7,239.3,247.9,256.6,264.4,279.6,286.0,292.2,298.1,301.9,272.3,273.5,274.8,276.1,264.7,269.2,273.7,277.6,281.0,242.0,247.3,253.5,258.6,253.4,247.2,280.8,285.6,291.1,294.8,291.7,286.3,255.2,263.0,269.4,273.0,276.8,281.2,284.6,281.2,276.9,272.9,268.8,262.5,258.2,269.0,272.8,276.5,282.6,276.5,272.7,268.9,160.4,172.0,183.5,194.5,204.7,213.6,220.7,225.9,226.9,224.8,218.5,210.7,201.8,191.8,181.2,170.3,159.3,151.9,147.0,145.7,146.8,149.5,148.8,145.6,144.2,145.0,149.2,158.2,165.8,173.4,181.2,186.7,188.1,189.2,187.8,186.2,160.0,156.8,156.8,160.6,162.1,162.3,159.9,155.6,155.4,158.2,160.7,161.0,202.3,199.6,197.9,198.8,197.6,199.0,201.1,206.2,208.5,209.1,208.9,207.0,202.4,201.7,201.9,201.3,201.5,202.7,203.4,203.1,-48.9,-48.2,-45.4,-40.8,-32.2,-19.0,-2.8,15.5,33.7,48.9,60.7,71.8,81.3,87.8,91.9,94.6,95.2,-28.9,-17.7,-3.5,10.8,23.5,48.8,60.0,71.3,82.6,90.3,36.7,38.3,40.0,41.7,24.0,31.4,38.7,45.4,51.2,-13.3,-4.4,5.9,14.3,5.7,-4.7,52.1,60.5,70.2,77.3,71.3,61.6,8.7,21.5,31.9,38.0,44.3,52.3,59.3,52.5,44.7,37.9,31.1,20.7,13.8,31.4,37.7,44.1,55.5,44.1,37.6,31.2,-47.3,-27.1,-7.1,12.3,30.5,45.9,58.0,66.4,68.2,65.3,55.6,42.4,26.3,7.9,-11.5,-31.4,-51.6,-59.2,-66.8,-68.6,-66.5,-61.9,-63.9,-69.9,-73.3,-73.0,-66.8,-48.2,-35.3,-22.8,-10.1,-1.2,1.0,2.7,0.6,-2.2,-45.8,-50.9,-50.9,-44.7,-42.2,-41.8,-46.7,-54.2,-54.8,-50.6,-45.8,-45.0,24.8,20.0,17.1,18.7,16.7,19.4,23.2,31.5,34.9,35.7,35.4,32.4,25.0,23.4,23.8,22.9,23.9,25.3,26.3,25.8,681.9,685.1,689.0,691.6,691.3,688.6,682.8,675.1,674.9,684.5,699.8,712.4,718.1,718.1,716.8,715.4,715.1,650.3,644.7,640.7,637.4,636.1,644.1,651.8,661.0,670.6,680.6,642.1,636.3,629.9,624.0,639.6,638.7,638.6,642.1,646.3,650.8,647.9,648.6,650.3,648.8,648.1,660.7,663.3,667.6,674.2,667.9,663.7,656.3,646.2,642.8,644.1,646.5,655.7,669.3,657.7,650.1,647.3,646.1,648.8,654.2,645.9,646.8,649.6,665.3,649.6,646.7,646.0,0.59,0.18,-0.26,0.013,269.512,182.564,-7.215,7.003,-12.798,17.117,5.761,1.372,-4.078,4.03,3.155,-1.766,0.186,1.519,0.36,-1.7,-0.717,-0.163,0.345,1.118,-0.936,-0.586,0.589,-0.501,-0.33,-0.19,0.23,-0.033,0.109,0.009,-0.089,-0.008,-0.016,0.013,0.003,-0.002,0.42,0.0,0.0,0.97,0.0,0.0,0.0,0.0,0.0,0.3,0.0,0.0,0.0,0.0,0.0,0.0,0.0,1.0,1.0,0.0,1.0,0.0,0.0,0.0,0.0,0.0,0.0,0.0,0.0,0.0,0.0,0.0,0.0,1.0,0.0
PP133,g1,4533,0,0.975,0.208782,0.167328,-0.963541,0.054776,0.166004,-0.984603,0.134,0.169,246.7,248.0,251.2,254.3,255.7,254.6,251.2,248.1,242.4,244.4,247.3,250.8,254.3,256.9,258.7,256.6,253.7,250.4,247.3,244.5,249.8,251.2,252.6,253.2,252.6,251.2,249.8,249.2,284.0,284.8,287.5,290.4,291.9,291.1,288.4,285.2,281.0,282.9,285.5,288.7,291.6,293.6,294.8,293.8,291.9,289.4,286.5,283.4,286.7,287.9,289.1,289.5,288.8,287.5,286.4,286.0,158.3,155.1,153.7,155.0,158.3,161.8,162.9,161.6,159.9,158.0,156.8,156.1,156.8,158.3,160.4,161.5,162.0,162.2,162.0,161.3,159.8,160.4,159.8,158.4,157.0,156.4,157.0,158.4,157.3,154.1,152.7,153.8,156.8,160.0,161.4,160.6,159.6,157.4,155.7,154.8,155.3,156.4,158.2,159.6,160.4,160.8,160.8,160.6,158.6,159.1,158.4,157.0,155.7,155.2,155.9,157.3,-4.3,-2.6,1.5,5.7,7.5,6.1,1.6,-2.5,-10.0,-7.4,-3.6,1.0,5.6,9.0,11.4,8.6,4.8,0.6,-3.6,-7.3,-0.2,1.6,3.4,4.1,3.4,1.5,-0.3,-1.0,46.0,47.2,51.0,55.2,57.2,56.0,52.2,47.7,42.0,44.4,47.9,52.5,56.6,59.8,61.8,60.0,57.1,53.5,49.3,45.2,49.8,51.6,53.3,53.8,52.9,51.1,49.4,48.9,-38.2,-42.5,-44.3,-42.6,-38.3,-33.7,-32.2,-33.9,-36.4,-38.7,-40.2,-40.9,-40.2,-38.3,-35.6,-34.0,-33.3,-33.0,-33.4,-34.4,-36.3,-35.5,-36.3,-38.2,-40.1,-40.8,-40.0,-38.2,-40.9,-45.3,-47.4,-46.0,-41.9,-37.5,-35.4,-36.5,-37.7,-40.7,-43.0,-44.2,-43.9,-42.7,-40.5,-38.3,-36.9,-36.2,-36.1,-36.4,-39.3,-38.7,-39.6,-41.5,-43.3,-43.9,-43.0,-41.1,511.5,512.0,512.3,512.1,511.6,511.3,510.8,511.0,515.5,513.0,510.8,509.7,510.4,511.9,513.5,511.8,510.2,509.8,510.8,513.0,512.1,512.1,512.2,512.4,512.6,512.7,512.6,512.4,528.7,529.8,531.5,532.8,533.0,531.9,530.2,529.0,529.0,528.3,528.2,529.3,532.1,535.6,538.9,535.6,532.2,529.7,528.4,528.5,530.7,531.3,532.1,532.5,532.5,531.9,531.1,530.6,33.3,-8.3,657.2,0.179,-0.197,0.002,222.2,222.7,224.4,227.2,232.0,239.5,248.7,259.3,269.8,278.2,284.1,289.5,294.3,297.9,300.2,301.7,302.1,233.0,239.6,248.2,256.9,264.7,279.8,286.2,292.4,298.3,302.0,272.6,273.8,275.1,276.4,264.9,269.4,273.9,277.8,281.2,242.3,247.6,253.8,258.8,253.7,247.4,281.0,285.8,291.2,294.9,291.8,286.4,255.5,263.3,269.7,273.3,276.9,281.3,284.7,281.4,277.1,273.1,269.1,262.8,258.6,269.2,273.0,276.7,282.7,276.7,273.0,269.2,160.3,171.9,183.3,194.3,204.5,213.3,220.5,225.6,226.7,224.5,218.3,210.5,201.6,191.6,181.1,170.3,159.2,151.8,146.9,145.6,146.7,149.4,148.7,145.6,144.1,144.9,149.1,158.0,165.7,173.3,181.1,186.6,187.9,189.0,187.7,186.0,159.8,156.7,156.7,160.5,162.0,162.2,159.7,155.5,155.3,158.1,160.6,160.9,202.2,199.5,197.8,198.7,197.5,199.0,201.0,206.0,208.2,208.8,208.6,206.8,202.3,201.5,201.8,201.2,201.4,202.5,203.1,202.9,-48.7,-47.9,-45.1,-40.4,-31.8,-18.6,-2.3,16.0,34.2,49.5,61.2,72.2,81.6,88.1,92.2,94.9,95.5,-28.4,-17.2,-3.0,11.3,24.0,49.2,60.5,71.8,83.0,90.7,37.1,38.7,40.5,42.2,24.5,31.8,39.2,45.8,51.6,-12.9,-4.0,6.3,14.7,6.1,-4.3,52.5,60.8,70.6,77.7,71.6,62.0,9.3,22.0,32.4,38.4,44.6,52.6,59.6,52.8,45.1,38.3,31.6,21.3,14.4,31.9,38.1,44.4,55.7,44.4,38.1,31.7,-47.6,-27.5,-7.4,12.0,30.2,45.6,57.7,66.0,67.7,64.9,55.2,42.1,26.0,7.6,-11.7,-31.6,-51.8,-59.5,-67.0,-68.8,-66.7,-62.1,-64.1,-70.1,-73.5,-73.2,-66.9,-48.5,-35.6,-23.0,-10.3,-1.5,0.7,2.5,0.3,-2.4,-46.1,-51.2,-51.3,-45.0,-42.5,-42.1,-47.0,-54.5,-55.1,-50.9,-46.1,-45.3,24.7,19.9,16.9,18.6,16.6,19.3,23.1,31.2,34.5,35.3,34.9,32.1,24.9,23.2,23.6,22.8,23.8,24.9,25.9,25.4,682.9,686.1,689.9,692.5,692.1,689.3,683.5,675.8,675.6,685.2,700.6,713.4,719.1,719.2,717.8,716.4,716.1,651.0,645.4,641.5,638.2,636.9,644.9,652.7,661.9,671.6,681.6,642.9,637.1,630.7,624.8,640.4,639.5,639.4,642.9,647.1,651.5,648.6,649.4,651.1,649.6,648.9,661.5,664.1,668.5,675.2,668.8,664.6,657.0,647.0,643.6,645.0,647.3,656.5,670.1,658.3,650.7,648.0,646.8,649.4,654.9,646.6,647.5,650.4,666.0,650.3,647.4,646.7,0.59,0.179,-0.261,0.013,269.731,182.416,-6.451,7.458,-13.363,17.235,5.87,1.648,-3.862,4.095,3.378,-1.653,0.201,1.479,0.303,-1.932,-0.692,0.003,0.485,1.19,-0.869,-0.549,0.526,-0.291,-0.319,-0.157,0.23,-0.037,0.102,0.005,-0.088,-0.003,-0.018,0.011,0.003,-0.001,0.53,0.14,0.0,1.53,0.0,0.0,0.0,0.0,0.0,0.17,0.0,0.0,0.0,0.0,0.0,0.0,0.0,1.0,1.0,0.0,1.0,0.0,0.0,0.0,0.0,0.0,0.0,0.0,0.0,0.0,0.0,0.0,0.0,1.0,0.0
PP133,g1,4539,0,0.975,0.209857,0.16225,-0.964176,0.054746,0.161827,-0.985299,0.135,0.165,246.5,247.7,250.9,254.1,255.5,254.4,251.0,247.8,242.1,244.1,247.0,250.5,254.0,256.6,258.4,256.4,253.5,250.2,247.1,244.2,249.6,251.0,252.4,252.9,252.3,250.9,249.6,249.0,283.8,284.6,287.3,290.2,291.7,290.9,288.2,285.0,280.8,282.7,285.2,288.5,291.4,293.4,294.6,293.6,291.7,289.2,286.3,283.2,286.5,287.7,288.9,289.3,288.6,287.3,286.2,285.8,158.2,155.0,153.6,154.9,158.1,161.6,162.8,161.5,159.8,157.9,156.7,156.0,156.6,158.1,160.2,161.4,161.9,162.1,161.9,161.2,159.7,160.3,159.7,158.3,156.8,156.3,156.9,158.3,157.1,153.9,152.5,153.6,156.6,159.7,161.2,160.4,159.4,157.2,155.5,154.6,155.0,156.1,157.9,159.4,160.2,160.6,160.6,160.4,158.4,158.8,158.2,156.8,155.5,155.0,155.7,157.0,-4.6,-3.0,1.2,5.4,7.1,5.8,1.3,-2.8,-10.4,-7.7,-3.9,0.7,5.2,8.7,11.1,8.3,4.5,0.3,-3.8,-7.6,-0.5,1.3,3.1,3.8,3.1,1.2,-0.6,-1.3,45.7,46.9,50.7,54.9,57.0,55.7,51.9,47.4,41.7,44.2,47.7,52.2,56.4,59.5,61.5,59.7,56.9,53.2,49.1,44.9,49.5,51.4,53.0,53.6,52.7,50.8,49.2,48.6,-38.3,-42.6,-44.4,-42.7,-38.4,-33.8,-32.3,-34.0,-36.5,-38.8,-40.3,-41.0,-40.3,-38.4,-35.8,-34.1,-33.4,-33.1,-33.4,-34.5,-36.4,-35.6,-36.4,-38.3,-40.2,-40.9,-40.1,-38.2,-41.2,-45.5,-47.7,-46.3,-42.2,-37.8,-35.7,-36.8,-38.0,-41.0,-43.3,-44.6,-44.2,-43.0,-40.8,-38.6,-37.2,-36.5,-36.4,-36.7,-39.6,-39.0,-39.9,-41.8,-43.6,-44.2,-43.3,-41.4,510.8,511.4,511.6,511.5,511.0,510.7,510.2,510.3,514.8,512.3,510.1,509.1,509.8,511.2,512.9,511.2,509.6,509.1,510.1,512.3,511.5,511.4,511.5,511.7,512.0,512.0,511.9,511.7,528.8,529.9,531.6,532.9,533.1,532.0,530.3,529.1,529.1,528.4,528.3,529.5,532.2,535.7,539.0,535.7,532.3,529.8,528.6,528.6,530.8,531.4,532.2,532.7,532.6,532.0,531.2,530.8,33.1,-8.5,657.4,0.172,-0.198,-0.001,222.0,222.6,224.4,227.2,232.1,239.5,248.7,259.3,269.7,278.1,284.0,289.4,294.2,297.7,300.0,301.6,302.0,232.7,239.2,247.9,256.6,264.5,279.5,285.8,292.0,298.0,301.8,272.3,273.5,274.9,276.2,264.8,269.3,273.8,277.7,281.0,242.0,247.3,253.6,258.6,253.5,247.2,280.8,285.5,291.0,294.7,291.7,286.2,255.6,263.3,269.6,273.2,276.8,281.1,284.6,281.2,277.0,273.0,269.0,262.8,258.7,269.2,272.9,276.6,282.5,276.6,272.9,269.1,160.5,172.1,183.5,194.4,204.7,213.4,220.5,225.6,226.6,224.4,218.3,210.6,201.7,191.7,181.1,170.2,159.1,151.9,146.9,145.5,146.5,149.2,148.5,145.3,143.9,144.7,148.9,157.8,165.4,172.9,180.7,186.4,187.7,188.7,187.4,185.8,159.8,156.6,156.5,160.4,161.8,162.1,159.5,155.2,155.1,157.9,160.4,160.7,202.1,199.4,197.6,198.5,197.3,198.8,200.9,205.9,208.1,208.7,208.5,206.7,202.3,201.3,201.5,201.0,201.4,202.3,203.0,202.7,-49.0,-48.1,-45.2,-40.4,-31.7,-18.5,-2.3,16.0,34.1,49.3,61.0,71.9,81.4,87.9,92.0,94.7,95.3,-28.9,-17.8,-3.5,10.8,23.6,48.7,59.9,71.3,82.6,90.4,36.7,38.4,40.2,41.9,24.3,31.6,39.0,45.6,51.4,-13.3,-4.4,5.9,14.3,5.7,-4.6,52.2,60.5,70.3,77.4,71.4,61.7,9.5,22.0,32.3,38.3,44.4,52.3,59.3,52.6,44.9,38.2,31.5,21.3,14.5,31.8,38.0,44.2,55.5,44.2,37.9,31.6,-47.3,-27.1,-7.1,12.3,30.4,45.7,57.7,65.9,67.6,64.8,55.3,42.3,26.2,7.8,-11.7,-31.8,-52.1,-59.5,-67.2,-69.1,-67.0,-62.5,-64.5,-70.5,-74.0,-73.7,-67.4,-48.9,-36.1,-23.5,-10.9,-1.8,0.3,2.0,-0.1,-2.9,-46.3,-51.4,-51.5,-45.3,-42.7,-42.3,-47.4,-54.9,-55.6,-51.3,-46.5,-45.7,24.6,19.7,16.6,18.2,16.3,19.0,23.0,31.0,34.3,35.1,34.7,31.9,24.8,22.9,23.3,22.4,23.6,24.7,25.7,25.2,683.1,686.1,689.9,692.3,691.9,689.0,683.2,675.6,675.4,684.9,700.3,713.0,719.0,719.3,718.2,717.0,716.7,651.7,646.1,642.1,638.8,637.4,645.4,653.2,662.4,672.1,682.1,643.4,637.4,631.0,625.0,640.5,639.6,639.5,643.0,647.2,652.0,649.2,649.9,651.6,650.1,649.4,661.9,664.5,668.9,675.5,669.2,665.0,656.9,647.0,643.7,645.0,647.3,656.4,669.8,658.2,650.8,648.1,647.0,649.5,654.8,646.6,647.5,650.3,665.7,650.4,647.6,646.9,0.589,0.171,-0.262,0.009,269.586,182.3,-6.822,6.503,-13.535,17.725,6.318,1.363,-3.308,3.876,3.757,-1.922,0.307,1.457,0.356,-1.829,-0.783,-0.116,0.503,1.163,-1.017,-0.351,0.526,-0.435,-0.276,-0.233,0.31,0.004,0.09,0.011,-0.082,-0.008,-0.021,0.01,0.008,0.002,0.52,0.04,0.0,0.93,0.0,0.0,0.0,0.0,0.0,0.33,0.0,0.0,0.0,0.0,0.0,0.0,0.0,1.0,1.0,0.0,1.0,0.0,0.0,0.0,0.0,0.0,0.0,0.0,0.0,0.0,0.0,0.0,0.0,1.0,0.0
PP133,g1,4545,0,0.975,0.209653,0.16074,-0.964473,0.055496,0.160249,-0.985515,0.135,0.163,246.5,247.8,250.9,254.1,255.5,254.4,251.1,247.9,242.2,244.2,247.1,250.6,254.1,256.7,258.5,256.4,253.5,250.3,247.1,244.3,249.6,251.0,252.4,253.0,252.4,251.0,249.6,249.0,283.8,284.6,287.3,290.3,291.8,290.9,288.2,285.0,280.8,282.7,285.3,288.5,291.4,293.4,294.6,293.6,291.7,289.3,286.3,283.2,286.5,287.8,288.9,289.3,288.6,287.3,286.2,285.8,158.2,155.0,153.6,154.9,158.1,161.6,162.7,161.4,159.8,157.9,156.6,156.0,156.6,158.1,160.2,161.4,161.8,162.0,161.8,161.2,159.7,160.2,159.6,158.2,156.8,156.2,156.8,158.3,157.1,153.9,152.5,153.6,156.6,159.8,161.2,160.4,159.4,157.2,155.5,154.6,155.1,156.2,158.0,159.4,160.2,160.6,160.6,160.4,158.4,158.9,158.2,156.8,155.5,155.0,155.7,157.1,-4.6,-2.9,1.2,5.4,7.2,5.8,1.4,-2.8,-10.3,-7.6,-3.8,0.7,5.3,8.7,11.1,8.4,4.5,0.3,-3.8,-7.5,-0.5,1.3,3.1,3.9,3.1,1.3,-0.5,-1.3,45.8,47.0,50.8,55.0,57.0,55.8,51.9,47.5,41.8,44.2,47.7,52.2,56.4,59.6,61.6,59.8,56.9,53.3,49.1,45.0,49.6,51.4,53.1,53.6,52.7,50.9,49.2,48.7,-38.4,-42.7,-44.5,-42.8,-38.5,-33.9,-32.4,-34.1,-36.6,-38.9,-40.4,-41.1,-40.4,-38.5,-35.9,-34.2,-33.5,-33.2,-33.6,-34.6,-36.5,-35.7,-36.5,-38.4,-40.3,-41.0,-40.2,-38.3,-41.2,-45.6,-47.7,-46.3,-42.2,-37.8,-35.7,-36.8,-38.0,-41.1,-43.3,-44.6,-44.2,-43.0,-40.8,-38.6,-37.2,-36.5,-36.4,-36.7,-39.6,-39.0,-39.9,-41.8,-43.6,-44.2,-43.3,-41.4,511.5,512.0,512.3,512.1,511.6,511.3,510.8,511.0,515.5,513.0,510.7,509.7,510.4,511.8,513.5,511.8,510.2,509.7,510.8,512.9,512.1,512.0,512.1,512.4,512.6,512.7,512.5,512.3,529.0,530.2,531.9,533.2,533.4,532.3,530.6,529.3,529.3,528.7,528.6,529.7,532.5,536.0,539.3,535.9,532.6,530.0,528.8,528.8,531.1,531.7,532.4,532.9,532.8,532.3,531.5,531.0,33.1,-8.4,657.2,0.169,-0.199,0.0,222.1,222.7,224.4,227.2,232.1,239.5,248.6,259.2,269.6,278.0,283.9,289.3,294.1,297.7,300.0,301.6,301.9,232.8,239.4,248.0,256.6,264.4,279.6,285.9,292.1,298.0,301.8,272.3,273.5,274.9,276.2,264.8,269.3,273.8,277.7,281.0,242.1,247.4,253.6,258.6,253.5,247.2,280.8,285.6,291.1,294.7,291.7,286.3,255.5,263.2,269.5,273.1,276.8,281.1,284.6,281.2,277.0,273.0,269.0,262.7,258.5,269.1,272.9,276.6,282.6,276.6,272.8,269.0,160.5,172.1,183.6,194.6,204.8,213.6,220.7,225.8,226.8,224.7,218.6,210.9,201.9,191.9,181.2,170.3,159.1,151.7,146.8,145.4,146.5,149.1,148.4,145.3,143.9,144.7,148.9,157.7,165.4,172.9,180.7,186.4,187.7,188.8,187.4,185.8,159.7,156.5,156.5,160.3,161.8,162.0,159.5,155.2,155.1,157.9,160.4,160.6,202.1,199.3,197.6,198.5,197.3,198.8,200.9,205.9,208.1,208.7,208.5,206.7,202.3,201.3,201.5,201.0,201.4,202.4,203.0,202.7,-48.7,-48.0,-45.1,-40.4,-31.8,-18.6,-2.5,15.8,33.9,49.1,60.8,71.7,81.1,87.7,91.8,94.6,95.3,-28.7,-17.6,-3.4,10.8,23.5,48.9,60.1,71.4,82.7,90.4,36.8,38.4,40.2,41.9,24.2,31.6,38.9,45.6,51.4,-13.2,-4.4,6.0,14.4,5.8,-4.6,52.2,60.5,70.3,77.4,71.4,61.7,9.2,21.9,32.2,38.2,44.4,52.3,59.3,52.6,44.9,38.1,31.4,21.2,14.3,31.7,37.9,44.2,55.5,44.2,37.8,31.5,-47.2,-27.0,-6.9,12.5,30.7,46.0,58.0,66.2,67.9,65.2,55.7,42.7,26.6,8.1,-11.5,-31.6,-52.0,-59.7,-67.3,-69.1,-67.1,-62.6,-64.6,-70.6,-74.0,-73.6,-67.3,-49.0,-36.1,-23.5,-10.8,-1.9,0.3,2.1,-0.1,-2.8,-46.4,-51.5,-51.6,-45.3,-42.8,-42.4,-47.4,-54.9,-55.5,-51.2,-46.5,-45.7,24.6,19.6,16.6,18.2,16.3,19.0,23.0,31.1,34.3,35.1,34.7,31.9,24.7,22.9,23.3,22.4,23.6,24.8,25.7,25.2,682.7,685.7,689.4,691.9,691.4,688.6,682.8,675.2,675.0,684.6,700.0,712.8,718.8,719.0,717.9,716.6,716.4,651.5,646.0,642.2,639.0,637.6,645.6,653.4,662.5,672.1,682.0,643.4,637.5,631.0,625.0,640.4,639.5,639.4,642.9,647.2,651.9,649.1,649.9,651.6,650.1,649.3,661.9,664.5,668.9,675.4,669.2,664.9,656.8,646.9,643.6,644.9,647.2,656.3,669.7,658.1,650.6,647.8,646.7,649.3,654.7,646.5,647.4,650.2,665.7,650.2,647.4,646.7,0.589,0.169,-0.263,0.011,269.576,182.332,-7.987,6.354,-13.289,17.763,5.869,1.824,-3.572,3.688,3.434,-2.17,0.361,1.524,0.375,-1.968,-0.67,-0.132,0.531,1.151,-0.972,-0.474,0.491,-0.377,-0.333,-0.247,0.272,0.017,0.1,0.005,-0.086,-0.007,-0.018,0.008,0.006,0.001,0.29,0.0,0.0,0.75,0.0,0.0,0.04,0.0,0.0,0.05,0.0,0.0,0.0,0.0,0.0,0.0,0.0,1.0,1.0,0.0,1.0,0.0,0.0,0.0,0.0,0.0,0.0,0.0,0.0,0.0,0.0,0.0,0.0,1.0,0.0
PP133,g1,4551,0,0.975,0.206249,0.153273,-0.966421,0.058271,0.153381,-0.986448,0.135,0.156,246.3,247.5,250.7,253.9,255.3,254.3,250.9,247.7,242.0,244.0,246.8,250.3,253.8,256.5,258.3,256.2,253.3,250.1,246.9,244.1,249.4,250.8,252.2,252.8,252.2,250.8,249.4,248.8,283.6,284.4,287.1,290.1,291.6,290.7,288.1,284.8,280.6,282.5,285.1,288.3,291.2,293.2,294.4,293.4,291.6,289.1,286.1,283.0,286.3,287.6,288.8,289.1,288.5,287.2,286.0,285.6,158.5,155.2,153.8,155.1,158.3,161.8,162.9,161.7,160.1,158.2,156.9,156.2,156.8,158.3,160.4,161.5,162.0,162.3,162.1,161.4,159.9,160.5,159.8,158.4,157.0,156.5,157.1,158.5,157.2,154.1,152.6,153.7,156.7,159.9,161.4,160.5,159.5,157.3,155.6,154.8,155.2,156.3,158.1,159.5,160.4,160.8,160.7,160.5,158.5,159.0,158.4,157.0,155.7,155.2,155.8,157.2,-4.8,-3.2,0.9,5.1,6.9,5.6,1.1,-3.0,-10.5,-7.9,-4.1,0.4,5.0,8.5,10.9,8.1,4.3,0.1,-4.0,-7.8,-0.7,1.1,2.9,3.6,2.8,1.0,-0.8,-1.5,45.4,46.6,50.4,54.6,56.6,55.4,51.5,47.1,41.4,43.8,47.4,51.9,56.0,59.2,61.2,59.4,56.5,52.9,48.7,44.5,49.2,51.0,52.7,53.2,52.3,50.5,48.8,48.3,-37.9,-42.3,-44.1,-42.4,-38.2,-33.6,-32.0,-33.7,-36.1,-38.4,-40.0,-40.7,-40.0,-38.2,-35.6,-33.9,-33.2,-32.8,-33.2,-34.2,-36.1,-35.4,-36.2,-38.1,-39.9,-40.7,-39.8,-38.0,-40.9,-45.3,-47.4,-46.0,-41.9,-37.5,-35.4,-36.5,-37.8,-40.8,-43.0,-44.2,-43.9,-42.7,-40.4,-38.2,-36.9,-36.2,-36.1,-36.4,-39.3,-38.7,-39.6,-41.5,-43.3,-43.9,-43.0,-41.1,510.5,511.0,511.2,511.0,510.5,510.2,509.8,510.0,514.5,512.0,509.7,508.7,509.3,510.7,512.4,510.7,509.1,508.7,509.8,512.0,511.1,511.0,511.1,511.3,511.5,511.6,511.5,511.3,527.5,528.6,530.4,531.7,531.9,530.7,529.0,527.8,527.7,527.1,527.1,528.2,530.9,534.5,537.8,534.4,531.0,528.5,527.2,527.3,529.5,530.1,530.9,531.4,531.3,530.7,530.0,529.5,32.9,-7.7,653.5,0.154,-0.198,-0.007,221.9,222.6,224.5,227.3,232.2,239.6,248.7,259.4,270.0,278.4,284.3,289.6,294.2,297.6,299.9,301.4,301.8,232.4,238.9,247.6,256.3,264.2,279.3,285.7,291.9,297.9,301.6,272.1,273.4,274.8,276.2,264.8,269.3,273.9,277.8,281.1,241.9,247.1,253.4,258.4,253.3,247.0,280.6,285.4,290.9,294.6,291.5,286.1,255.8,263.4,269.7,273.3,277.0,281.3,284.7,281.4,277.2,273.2,269.2,263.0,258.8,269.3,273.0,276.7,282.7,276.8,273.0,269.2,160.9,172.7,184.3,195.4,205.8,214.7,221.9,227.0,228.0,225.8,219.6,211.7,202.6,192.4,181.6,170.5,159.3,152.2,147.1,145.7,146.7,149.3,148.6,145.5,144.1,144.9,149.2,157.8,165.5,173.1,180.9,186.7,188.0,189.1,187.7,186.0,160.0,156.8,156.7,160.5,162.0,162.3,159.6,155.4,155.2,158.1,160.5,160.8,202.8,199.9,198.0,199.0,197.7,199.3,201.5,206.4,208.5,209.1,209.0,207.3,202.9,201.8,202.0,201.4,201.9,202.8,203.4,203.2,-48.9,-47.9,-44.9,-40.0,-31.3,-18.2,-2.2,16.2,34.3,49.5,61.1,71.8,80.9,87.2,91.1,93.8,94.4,-29.2,-18.2,-3.9,10.3,23.1,48.3,59.5,70.8,82.0,89.7,36.3,38.0,39.9,41.7,24.1,31.4,38.8,45.4,51.2,-13.5,-4.7,5.6,14.0,5.5,-4.9,51.6,60.0,69.7,76.7,70.8,61.1,9.6,22.1,32.2,38.2,44.4,52.2,59.1,52.6,45.1,38.3,31.6,21.5,14.7,31.8,37.9,44.2,55.3,44.3,37.9,31.6,-46.3,-25.9,-5.7,13.9,32.2,47.7,59.8,67.9,69.5,66.8,57.3,44.0,27.6,8.9,-10.8,-30.9,-51.4,-58.6,-66.5,-68.5,-66.5,-62.1,-64.1,-70.0,-73.4,-73.0,-66.5,-48.7,-35.8,-23.2,-10.5,-1.4,0.8,2.5,0.4,-2.4,-45.7,-50.8,-51.0,-44.9,-42.2,-41.7,-47.0,-54.4,-55.0,-50.7,-46.0,-45.3,25.6,20.3,17.2,18.8,16.8,19.6,23.8,31.7,34.8,35.7,35.3,32.6,25.7,23.5,23.9,23.0,24.4,25.2,26.2,25.8,679.9,682.8,686.5,688.7,688.0,685.0,679.1,671.2,670.9,680.7,696.2,709.1,715.1,715.2,713.9,712.5,712.3,648.9,643.3,639.4,636.2,634.8,642.8,650.6,659.8,669.4,679.4,640.4,634.2,627.5,621.3,636.8,635.8,635.6,639.2,643.6,648.9,646.3,647.0,648.6,647.1,646.3,659.0,661.7,666.0,672.5,666.2,662.0,652.8,642.9,639.7,641.0,643.4,652.3,665.6,653.8,646.3,643.6,642.5,645.0,650.6,642.6,643.4,646.4,661.4,646.2,643.3,642.6,0.593,0.156,-0.262,0.003,269.584,182.764,-7.753,7.806,-13.724,19.767,4.098,2.195,-3.885,3.331,3.926,-3.256,0.092,1.151,0.015,-1.819,-0.219,-0.384,0.434,1.147,-0.964,-0.45,0.466,-0.306,-0.437,-0.408,0.172,0.084,0.133,0.013,-0.095,-0.022,-0.024,-0.004,0.009,-0.006,0.67,0.18,0.0,1.22,0.0,0.0,0.0,0.0,0.0,0.0,0.0,0.0,0.0,0.0,0.0,0.0,0.0,1.0,1.0,0.0,1.0,0.0,0.0,0.0,0.0,0.0,0.0,0.0,0.0,0.0,0.0,0.0,0.0,1.0,0.0
PP133,g1,4557,0,0.975,0.20888,0.166038,-0.963743,0.056555,0.165708,-0.984552,0.135,0.169,246.5,247.8,250.9,254.1,255.5,254.4,251.0,247.9,242.2,244.2,247.1,250.6,254.0,256.7,258.5,256.4,253.5,250.2,247.1,244.3,249.6,251.0,252.4,252.9,252.4,251.0,249.6,249.0,283.8,284.7,287.3,290.3,291.8,291.0,288.3,285.1,280.8,282.7,285.3,288.6,291.5,293.5,294.6,293.6,291.8,289.3,286.3,283.2,286.5,287.8,289.0,289.3,288.7,287.4,286.2,285.8,158.8,155.5,154.1,155.4,158.7,162.2,163.3,162.0,160.4,158.5,157.2,156.6,157.2,158.7,160.8,161.9,162.4,162.6,162.4,161.7,160.2,160.8,160.2,158.8,157.4,156.8,157.4,158.8,157.6,154.5,153.0,154.1,157.1,160.3,161.8,160.9,159.9,157.7,156.0,155.2,155.6,156.7,158.5,159.9,160.7,161.2,161.1,160.9,158.9,159.4,158.8,157.4,156.0,155.6,156.2,157.6,-4.6,-2.9,1.2,5.4,7.2,5.8,1.4,-2.8,-10.3,-7.6,-3.9,0.7,5.3,8.7,11.1,8.4,4.5,0.3,-3.8,-7.5,-0.5,1.3,3.1,3.9,3.1,1.3,-0.6,-1.3,45.7,47.0,50.8,54.9,57.0,55.7,51.9,47.5,41.7,44.2,47.7,52.2,56.4,59.5,61.5,59.8,56.9,53.2,49.1,44.9,49.6,51.4,53.1,53.6,52.7,50.9,49.2,48.7,-37.6,-41.9,-43.8,-42.1,-37.8,-33.2,-31.7,-33.4,-35.8,-38.1,-39.6,-40.4,-39.6,-37.8,-35.2,-33.5,-32.8,-32.5,-32.8,-33.9,-35.8,-35.0,-35.8,-37.7,-39.5,-40.3,-39.5,-37.6,-40.4,-44.8,-46.9,-45.5,-41.4,-37.0,-34.9,-36.0,-37.3,-40.3,-42.5,-43.7,-43.4,-42.2,-40.0,-37.8,-36.4,-35.7,-35.6,-35.9,-38.8,-38.2,-39.1,-41.1,-42.8,-43.5,-42.5,-40.6,511.7,512.3,512.5,512.3,511.8,511.5,511.1,511.2,515.7,513.2,511.0,509.9,510.6,512.1,513.7,512.0,510.4,510.0,511.0,513.2,512.3,512.3,512.4,512.6,512.8,512.9,512.8,512.6,528.3,529.4,531.1,532.5,532.7,531.6,529.9,528.6,528.6,527.9,527.9,529.0,531.7,535.3,538.6,535.2,531.9,529.3,528.1,528.1,530.4,531.0,531.7,532.2,532.1,531.5,530.8,530.3,32.9,-7.3,655.5,0.175,-0.198,-0.0,222.0,222.6,224.4,227.1,231.9,239.4,248.5,259.0,269.6,278.0,284.0,289.4,294.2,297.7,300.0,301.6,302.0,232.7,239.3,247.9,256.6,264.4,279.6,286.0,292.2,298.1,301.8,272.4,273.6,274.9,276.2,264.7,269.3,273.8,277.7,281.0,242.1,247.4,253.6,258.6,253.5,247.2,280.8,285.6,291.1,294.8,291.7,286.3,255.4,263.1,269.5,273.1,276.8,281.1,284.6,281.2,276.9,272.9,268.9,262.6,258.5,269.0,272.8,276.5,282.5,276.5,272.8,268.9,160.9,172.5,184.1,195.1,205.5,214.3,221.5,226.7,227.7,225.5,219.2,211.3,202.2,192.1,181.4,170.4,159.3,152.4,147.5,146.1,147.1,149.8,149.0,145.9,144.5,145.3,149.5,158.3,166.0,173.7,181.5,187.1,188.4,189.5,188.2,186.5,160.3,157.1,157.1,160.9,162.4,162.6,160.0,155.8,155.6,158.4,160.9,161.2,202.9,200.1,198.3,199.3,198.1,199.6,201.6,206.7,208.9,209.5,209.3,207.5,203.0,202.1,202.3,201.8,202.1,203.1,203.8,203.5,-48.7,-48.0,-45.2,-40.5,-31.9,-18.7,-2.7,15.6,33.7,49.0,60.8,71.7,81.1,87.5,91.6,94.3,95.0,-28.7,-17.7,-3.4,10.8,23.4,48.8,60.0,71.3,82.5,90.2,36.7,38.3,40.1,41.8,24.1,31.4,38.8,45.5,51.3,-13.2,-4.4,5.9,14.3,5.7,-4.6,52.1,60.4,70.2,77.2,71.2,61.6,9.1,21.7,32.0,38.0,44.3,52.2,59.1,52.5,44.7,37.9,31.2,20.9,14.1,31.4,37.7,44.1,55.3,44.1,37.6,31.3,-46.4,-26.2,-6.1,13.5,31.7,47.2,59.3,67.6,69.3,66.5,56.7,43.3,27.0,8.4,-11.1,-31.2,-51.5,-58.4,-66.0,-67.9,-65.8,-61.4,-63.4,-69.3,-72.7,-72.4,-66.2,-47.9,-34.9,-22.3,-9.6,-0.7,1.5,3.3,1.1,-1.7,-45.3,-50.3,-50.4,-44.3,-41.7,-41.3,-46.4,-53.8,-54.4,-50.2,-45.4,-44.7,25.8,20.8,17.8,19.5,17.5,20.2,24.2,32.3,35.5,36.4,36.0,33.1,25.9,24.1,24.5,23.7,24.8,25.9,26.9,26.4,680.7,683.9,687.9,690.5,690.2,687.4,681.7,674.1,673.9,683.5,698.7,711.3,717.1,717.0,715.7,714.1,713.8,649.5,643.9,640.0,636.8,635.5,643.6,651.4,660.4,669.9,679.9,641.4,635.5,629.1,623.2,638.7,637.8,637.7,641.2,645.4,649.8,647.0,647.8,649.5,648.0,647.2,659.9,662.5,666.8,673.3,667.1,662.9,655.2,645.3,642.0,643.3,645.7,654.8,668.1,656.5,649.1,646.3,645.2,647.7,653.1,645.0,645.8,648.7,664.1,648.7,645.8,645.1,0.591,0.177,-0.261,0.011,269.554,182.962,-8.432,7.335,-13.402,18.178,5.122,1.804,-4.004,2.865,3.609,-2.365,0.44,1.563,0.493,-1.814,-0.592,-0.176,0.507,1.196,-0.983,-0.644,0.459,-0.386,-0.334,-0.343,0.265,-0.043,0.124,0.034,-0.096,-0.005,-0.015,0.007,0.002,-0.001,0.27,0.0,0.0,0.61,0.0,0.0,0.0,0.0,0.0,0.09,0.0,0.0,0.0,0.0,0.0,0.0,0.0,1.0,1.0,0.0,1.0,0.0,0.0,0.0,0.0,0.0,0.0,0.0,0.0,0.0,0.0,0.0,0.0,1.0,0.0
PP133,g1,4563,0,0.975,0.208535,0.168462,-0.963397,0.053017,0.16791,-0.984376,0.133,0.171,246.4,247.6,250.8,254.0,255.4,254.3,250.9,247.7,242.0,244.0,246.9,250.4,253.9,256.6,258.4,256.3,253.4,250.1,247.0,244.1,249.5,250.9,252.3,252.8,252.2,250.8,249.5,248.9,283.7,284.6,287.3,290.2,291.8,290.9,288.2,285.0,280.8,282.6,285.2,288.5,291.4,293.4,294.6,293.6,291.7,289.2,286.2,283.2,286.4,287.7,288.9,289.3,288.6,287.3,286.2,285.8,158.9,155.6,154.2,155.5,158.7,162.3,163.4,162.1,160.4,158.5,157.3,156.7,157.3,158.8,160.9,162.0,162.5,162.7,162.5,161.8,160.3,160.9,160.3,158.9,157.5,156.9,157.5,158.9,157.7,154.5,153.1,154.2,157.2,160.4,161.8,161.0,160.0,157.8,156.1,155.3,155.7,156.7,158.5,160.0,160.8,161.2,161.2,161.0,159.0,159.5,158.8,157.4,156.1,155.6,156.3,157.7,-4.7,-3.1,1.1,5.3,7.0,5.6,1.2,-3.0,-10.5,-7.8,-4.0,0.6,5.1,8.6,11.0,8.2,4.4,0.2,-4.0,-7.7,-0.7,1.2,3.0,3.7,2.9,1.1,-0.7,-1.4,45.6,46.9,50.7,54.8,56.9,55.7,51.8,47.4,41.6,44.1,47.6,52.1,56.3,59.5,61.5,59.7,56.8,53.1,49.0,44.8,49.5,51.3,53.0,53.5,52.6,50.8,49.1,48.6,-37.4,-41.7,-43.6,-41.8,-37.6,-33.0,-31.5,-33.2,-35.7,-37.9,-39.4,-40.2,-39.4,-37.6,-34.9,-33.3,-32.6,-32.3,-32.6,-33.7,-35.5,-34.8,-35.6,-37.5,-39.3,-40.1,-39.3,-37.4,-40.3,-44.6,-46.8,-45.4,-41.3,-36.9,-34.8,-35.9,-37.1,-40.1,-42.4,-43.6,-43.3,-42.1,-39.9,-37.7,-36.3,-35.6,-35.5,-35.8,-38.7,-38.1,-39.0,-40.9,-42.7,-43.3,-42.4,-40.5,510.3,510.8,511.1,510.9,510.4,510.2,509.7,509.8,514.3,511.8,509.6,508.5,509.2,510.7,512.3,510.7,509.0,508.6,509.6,511.8,510.9,510.9,511.0,511.2,511.4,511.5,511.4,511.2,528.1,529.2,530.9,532.2,532.4,531.4,529.7,528.5,528.5,527.8,527.7,528.8,531.5,535.0,538.3,535.0,531.6,529.1,527.9,528.0,530.2,530.8,531.5,532.0,531.9,531.3,530.6,530.1,32.9,-7.5,656.4,0.18,-0.195,-0.001,221.9,222.5,224.3,227.0,231.9,239.3,248.5,259.1,269.6,278.1,284.0,289.5,294.3,297.8,300.1,301.7,302.0,232.5,239.0,247.7,256.5,264.4,279.5,285.9,292.1,298.1,301.8,272.3,273.5,274.8,276.1,264.7,269.2,273.7,277.7,281.0,241.9,247.2,253.5,258.5,253.4,247.1,280.8,285.5,291.0,294.8,291.6,286.2,255.4,263.1,269.5,273.1,276.8,281.1,284.6,281.2,276.9,272.9,268.9,262.7,258.4,269.1,272.8,276.5,282.5,276.5,272.8,269.0,160.8,172.3,183.7,194.7,204.9,213.7,220.8,226.0,227.0,224.8,218.6,210.8,201.8,191.8,181.3,170.5,159.4,152.5,147.5,146.1,147.2,149.9,149.2,146.0,144.6,145.4,149.6,158.5,166.2,173.7,181.5,187.1,188.4,189.4,188.1,186.5,160.3,157.2,157.2,161.0,162.5,162.7,160.2,155.9,155.7,158.5,161.0,161.3,202.6,200.0,198.2,199.2,198.0,199.4,201.3,206.4,208.6,209.2,209.0,207.2,202.8,202.0,202.2,201.6,201.8,202.9,203.6,203.3,-49.2,-48.3,-45.4,-40.7,-32.1,-18.8,-2.6,15.8,33.9,49.2,61.0,72.1,81.5,88.0,92.0,94.7,95.3,-29.2,-18.1,-3.8,10.6,23.4,48.6,59.9,71.3,82.6,90.3,36.6,38.3,40.0,41.7,24.1,31.4,38.8,45.4,51.3,-13.5,-4.6,5.7,14.2,5.6,-4.8,52.0,60.4,70.1,77.3,71.2,61.5,9.1,21.7,32.1,38.1,44.3,52.2,59.3,52.5,44.8,38.0,31.3,21.0,14.1,31.6,37.8,44.1,55.4,44.1,37.7,31.4,-46.7,-26.6,-6.6,12.7,30.9,46.2,58.2,66.6,68.3,65.4,55.7,42.5,26.4,8.0,-11.4,-31.2,-51.4,-58.4,-66.0,-67.8,-65.7,-61.2,-63.1,-69.2,-72.6,-72.3,-66.1,-47.6,-34.8,-22.2,-9.6,-0.7,1.5,3.2,1.0,-1.7,-45.3,-50.3,-50.4,-44.2,-41.6,-41.2,-46.2,-53.7,-54.4,-50.1,-45.4,-44.6,25.4,20.6,17.7,19.3,17.3,19.9,23.7,31.8,35.1,36.0,35.6,32.8,25.6,23.9,24.3,23.5,24.4,25.6,26.6,26.1,682.5,685.7,689.6,692.1,691.8,689.0,683.2,675.4,675.1,684.7,700.1,712.8,718.6,718.6,717.2,715.8,715.5,650.6,644.8,640.7,637.3,635.8,643.9,651.7,660.9,670.7,680.8,642.0,636.1,629.6,623.7,639.5,638.6,638.5,642.0,646.1,650.9,647.9,648.6,650.4,648.9,648.2,660.7,663.3,667.6,674.3,668.0,663.8,656.3,646.3,642.8,644.1,646.4,655.6,669.3,657.5,650.0,647.3,646.1,648.8,654.2,645.9,646.8,649.6,665.2,649.5,646.7,646.0,0.59,0.181,-0.259,0.01,269.523,182.837,-5.025,7.252,-13.103,17.227,6.078,1.293,-4.199,3.913,3.841,-1.77,0.18,1.544,0.54,-1.872,-0.702,-0.177,0.522,1.021,-1.012,-0.501,0.523,-0.447,-0.305,-0.218,0.239,-0.016,0.079,0.028,-0.095,-0.002,-0.02,0.01,0.001,0.0,0.54,0.4,0.0,0.56,0.0,0.0,0.0,0.0,0.0,0.42,0.0,0.0,0.0,0.0,0.0,0.0,0.0,1.0,1.0,0.0,1.0,0.0,0.0,0.0,0.0,0.0,0.0,0.0,0.0,0.0,0.0,0.0,0.0,1.0,0.0
PP133,g1,4569,0,0.975,0.20924,0.16827,-0.963278,0.054225,0.168094,-0.984278,0.134,0.171,246.2,247.5,250.6,253.9,255.2,254.2,250.8,247.6,241.9,243.9,246.8,250.3,253.8,256.4,258.2,256.1,253.2,250.0,246.8,244.0,249.3,250.7,252.1,252.7,252.1,250.7,249.3,248.7,283.6,284.4,287.1,290.1,291.6,290.7,288.0,284.8,280.6,282.5,285.1,288.3,291.2,293.2,294.4,293.4,291.5,289.0,286.1,283.0,286.3,287.6,288.7,289.1,288.4,287.1,286.0,285.6,158.9,155.7,154.3,155.6,158.8,162.3,163.5,162.2,160.5,158.6,157.4,156.7,157.3,158.8,160.9,162.1,162.6,162.8,162.6,161.9,160.4,161.0,160.4,158.9,157.5,157.0,157.6,159.0,157.7,154.6,153.1,154.2,157.2,160.4,161.8,161.0,160.1,157.8,156.1,155.3,155.7,156.7,158.5,160.0,160.8,161.2,161.3,161.0,159.0,159.5,158.8,157.4,156.1,155.6,156.3,157.7,-5.0,-3.3,0.8,5.0,6.8,5.4,1.0,-3.2,-10.7,-8.0,-4.2,0.4,4.9,8.4,10.8,8.0,4.2,-0.0,-4.2,-7.9,-0.9,1.0,2.8,3.5,2.7,0.9,-0.9,-1.7,45.3,46.6,50.4,54.5,56.6,55.4,51.6,47.1,41.4,43.8,47.3,51.8,56.0,59.2,61.2,59.4,56.5,52.9,48.7,44.5,49.2,51.0,52.7,53.2,52.3,50.5,48.8,48.3,-37.3,-41.6,-43.4,-41.7,-37.5,-32.8,-31.3,-33.0,-35.5,-37.8,-39.3,-40.0,-39.3,-37.5,-34.8,-33.2,-32.5,-32.1,-32.5,-33.5,-35.4,-34.7,-35.5,-37.3,-39.2,-40.0,-39.2,-37.3,-40.2,-44.6,-46.7,-45.4,-41.3,-36.9,-34.8,-35.8,-37.1,-40.1,-42.3,-43.6,-43.3,-42.1,-39.9,-37.7,-36.3,-35.5,-35.4,-35.7,-38.7,-38.0,-39.0,-40.9,-42.7,-43.3,-42.4,-40.4,509.9,510.4,510.7,510.5,510.0,509.8,509.3,509.5,513.9,511.4,509.2,508.1,508.8,510.3,512.0,510.3,508.6,508.2,509.3,511.4,510.6,510.5,510.6,510.8,511.0,511.1,511.0,510.8,527.8,528.8,530.5,531.9,532.1,531.0,529.3,528.1,528.1,527.4,527.3,528.4,531.1,534.6,538.0,534.6,531.3,528.8,527.6,527.6,529.8,530.4,531.1,531.6,531.5,530.9,530.2,529.7,32.7,-7.4,656.0,0.18,-0.197,-0.002,221.7,222.3,224.2,226.9,231.8,239.3,248.4,259.0,269.5,277.9,283.9,289.3,294.1,297.6,299.9,301.5,301.8,232.3,238.9,247.6,256.3,264.2,279.3,285.7,291.9,297.9,301.6,272.1,273.3,274.7,276.0,264.6,269.1,273.6,277.5,280.9,241.7,247.1,253.3,258.4,253.2,246.9,280.6,285.4,290.9,294.6,291.5,286.0,255.3,263.0,269.4,273.0,276.7,281.0,284.5,281.1,276.9,272.9,268.9,262.6,258.4,269.0,272.7,276.4,282.5,276.5,272.7,268.9,160.8,172.4,183.9,194.8,205.1,213.9,221.0,226.2,227.2,225.0,218.8,211.0,202.0,192.0,181.4,170.4,159.3,152.6,147.6,146.2,147.3,150.0,149.3,146.1,144.6,145.4,149.6,158.6,166.2,173.8,181.6,187.1,188.5,189.5,188.2,186.5,160.4,157.3,157.2,161.0,162.5,162.8,160.2,155.9,155.7,158.4,161.0,161.3,202.7,200.1,198.3,199.3,198.0,199.4,201.4,206.5,208.7,209.3,209.2,207.4,202.9,202.1,202.3,201.7,201.9,203.0,203.7,203.4,-49.4,-48.5,-45.6,-40.8,-32.2,-18.9,-2.7,15.6,33.7,49.0,60.7,71.7,81.1,87.6,91.6,94.3,94.8,-29.5,-18.3,-4.0,10.4,23.2,48.2,59.5,70.9,82.2,90.0,36.3,38.0,39.8,41.5,23.8,31.2,38.6,45.2,51.0,-13.7,-4.9,5.5,13.9,5.3,-5.1,51.7,60.0,69.8,76.9,70.9,61.2,8.9,21.6,31.9,37.9,44.1,52.1,59.1,52.4,44.7,37.9,31.2,20.9,14.0,31.4,37.6,44.0,55.2,44.0,37.6,31.2,-46.6,-26.4,-6.4,13.0,31.1,46.5,58.6,66.9,68.6,65.7,56.0,42.8,26.6,8.2,-11.3,-31.3,-51.5,-58.1,-65.7,-67.6,-65.5,-60.9,-63.0,-69.0,-72.6,-72.3,-66.1,-47.5,-34.6,-22.1,-9.4,-0.6,1.6,3.3,1.1,-1.6,-45.1,-50.1,-50.2,-44.0,-41.5,-41.0,-46.2,-53.6,-54.3,-50.1,-45.3,-44.5,25.6,20.8,17.8,19.4,17.4,20.0,23.8,32.0,35.3,36.2,35.8,33.0,25.8,24.0,24.4,23.5,24.5,25.7,26.7,26.3,681.9,685.1,689.0,691.6,691.3,688.6,682.8,675.1,674.8,684.4,699.8,712.5,718.2,718.3,716.9,715.4,715.1,650.2,644.3,640.2,636.9,635.5,643.4,651.2,660.5,670.3,680.5,641.6,635.7,629.3,623.3,639.1,638.2,638.0,641.6,645.8,650.5,647.5,648.2,650.0,648.5,647.8,660.2,662.8,667.1,673.8,667.5,663.3,655.9,645.8,642.4,643.7,646.0,655.2,668.8,657.1,649.6,646.9,645.8,648.4,653.8,645.5,646.3,649.2,664.7,649.1,646.3,645.6,0.591,0.181,-0.26,0.009,269.393,182.923,-5.193,6.925,-12.927,17.688,5.773,1.443,-3.898,3.89,3.758,-2.169,0.142,1.399,0.351,-1.698,-0.744,-0.14,0.474,0.971,-0.959,-0.552,0.561,-0.41,-0.302,-0.226,0.271,-0.001,0.094,0.019,-0.089,-0.003,-0.02,0.007,0.003,-0.002,0.45,0.14,0.0,0.81,0.0,0.0,0.0,0.0,0.0,0.07,0.0,0.0,0.0,0.0,0.0,0.0,0.0,1.0,1.0,0.0,1.0,0.0,0.0,0.0,0.0,0.0,0.0,0.0,0.0,0.0,0.0,0.0,0.0,1.0,0.0
PP133,g1,4575,0,0.975,0.205716,0.166644,-0.964319,0.054073,0.166208,-0.984607,0.133,0.169,246.3,247.6,250.7,253.9,255.3,254.2,250.8,247.6,242.0,244.0,246.8,250.3,253.8,256.5,258.3,256.2,253.3,250.0,246.9,244.0,249.4,250.8,252.2,252.8,252.2,250.8,249.4,248.8,283.6,284.5,287.2,290.1,291.7,290.8,288.1,284.9,280.7,282.5,285.1,288.4,291.3,293.3,294.5,293.5,291.6,289.1,286.1,283.0,286.3,287.6,288.8,289.2,288.5,287.2,286.0,285.7,159.2,155.9,154.5,155.8,159.0,162.5,163.7,162.4,160.7,158.8,157.6,156.9,157.5,159.0,161.1,162.3,162.8,163.0,162.8,162.1,160.6,161.2,160.6,159.1,157.7,157.2,157.8,159.2,157.9,154.7,153.3,154.4,157.4,160.6,162.0,161.2,160.3,158.0,156.3,155.5,155.9,156.9,158.7,160.2,161.0,161.4,161.5,161.2,159.2,159.7,159.0,157.6,156.3,155.8,156.5,157.9,-4.9,-3.2,0.9,5.1,6.9,5.5,1.1,-3.1,-10.6,-7.9,-4.1,0.4,5.0,8.5,10.9,8.1,4.3,0.1,-4.1,-7.8,-0.8,1.1,2.9,3.6,2.8,1.0,-0.8,-1.5,45.3,46.6,50.4,54.5,56.6,55.4,51.5,47.1,41.3,43.8,47.3,51.8,56.0,59.1,61.2,59.4,56.5,52.8,48.7,44.5,49.2,51.0,52.7,53.2,52.3,50.5,48.8,48.3,-37.0,-41.3,-43.1,-41.4,-37.2,-32.6,-31.1,-32.8,-35.2,-37.5,-39.0,-39.7,-39.0,-37.2,-34.6,-32.9,-32.2,-31.8,-32.2,-33.2,-35.1,-34.4,-35.2,-37.1,-38.9,-39.7,-38.9,-37.0,-39.9,-44.3,-46.4,-45.0,-40.9,-36.5,-34.4,-35.5,-36.7,-39.7,-42.0,-43.3,-42.9,-41.8,-39.6,-37.3,-35.9,-35.2,-35.1,-35.4,-38.3,-37.7,-38.6,-40.6,-42.3,-42.9,-42.0,-40.1,509.8,510.3,510.6,510.4,509.9,509.6,509.2,509.4,513.9,511.4,509.1,508.0,508.6,510.1,511.8,510.1,508.5,508.1,509.2,511.3,510.4,510.4,510.5,510.7,510.9,511.0,510.9,510.7,526.6,527.6,529.4,530.7,530.9,529.8,528.1,526.9,526.9,526.2,526.1,527.2,530.0,533.5,536.8,533.5,530.1,527.6,526.4,526.4,528.6,529.2,530.0,530.4,530.4,529.8,529.0,528.5,32.8,-6.8,655.1,0.178,-0.194,-0.004,221.9,222.5,224.4,227.2,232.1,239.5,248.6,259.2,269.8,278.2,284.2,289.5,294.3,297.7,300.0,301.6,301.9,232.4,239.0,247.6,256.4,264.2,279.4,285.7,292.0,298.0,301.7,272.2,273.4,274.8,276.1,264.7,269.2,273.7,277.7,281.0,241.9,247.1,253.4,258.4,253.3,247.0,280.6,285.4,290.9,294.7,291.6,286.1,255.5,263.2,269.5,273.1,276.8,281.1,284.6,281.2,277.0,273.0,269.0,262.7,258.5,269.1,272.8,276.5,282.5,276.6,272.8,269.0,161.1,172.7,184.2,195.3,205.6,214.5,221.7,226.9,227.9,225.6,219.3,211.4,202.3,192.2,181.6,170.7,159.6,152.8,147.9,146.5,147.6,150.3,149.5,146.3,144.8,145.6,149.7,158.7,166.4,174.1,182.0,187.5,188.8,189.9,188.5,186.8,160.7,157.5,157.4,161.2,162.7,163.0,160.4,156.1,155.9,158.6,161.2,161.5,203.2,200.5,198.7,199.7,198.4,199.8,201.8,206.9,209.1,209.7,209.6,207.8,203.3,202.4,202.7,202.1,202.3,203.4,204.1,203.8,-49.0,-48.2,-45.2,-40.4,-31.7,-18.5,-2.4,16.0,34.1,49.4,61.1,72.0,81.3,87.6,91.6,94.2,94.8,-29.2,-18.1,-3.9,10.4,23.1,48.3,59.5,70.8,82.2,89.9,36.4,38.1,39.9,41.6,24.0,31.3,38.7,45.4,51.2,-13.5,-4.7,5.6,14.0,5.4,-4.9,51.7,60.1,69.8,76.9,70.9,61.2,9.2,21.7,32.0,38.0,44.2,52.1,59.2,52.5,44.8,38.0,31.3,21.1,14.2,31.5,37.7,44.0,55.3,44.1,37.7,31.4,-46.1,-25.9,-5.7,13.8,32.0,47.5,59.6,67.9,69.6,66.7,56.9,43.5,27.2,8.7,-10.8,-30.7,-51.0,-57.7,-65.3,-67.2,-65.0,-60.5,-62.6,-68.6,-72.1,-71.9,-65.7,-47.2,-34.2,-21.6,-8.8,-0.0,2.2,3.9,1.7,-1.1,-44.6,-49.7,-49.8,-43.6,-41.0,-40.6,-45.8,-53.3,-53.9,-49.7,-44.9,-44.1,26.3,21.4,18.4,20.0,18.0,20.7,24.5,32.6,35.9,36.8,36.4,33.6,26.5,24.7,25.0,24.2,25.2,26.3,27.3,26.9,681.3,684.5,688.5,691.0,690.7,687.9,682.1,674.3,673.9,683.5,698.8,711.4,717.1,716.9,715.4,713.8,713.3,649.4,643.6,639.5,636.2,634.8,642.7,650.5,659.6,669.3,679.4,640.8,634.8,628.4,622.5,638.4,637.4,637.2,640.7,644.9,649.7,646.8,647.5,649.2,647.7,647.0,659.4,662.0,666.3,672.9,666.7,662.5,655.1,645.0,641.6,643.0,645.3,654.3,667.8,656.1,648.6,645.9,644.8,647.4,652.9,644.7,645.5,648.4,663.7,648.3,645.4,644.7,0.591,0.18,-0.257,0.007,269.509,183.259,-6.341,7.925,-13.303,18.564,5.125,1.975,-3.987,3.799,3.842,-2.464,0.257,1.491,0.202,-1.76,-0.548,-0.288,0.584,1.16,-1.062,-0.501,0.435,-0.324,-0.356,-0.258,0.202,0.028,0.104,0.021,-0.094,-0.011,-0.018,0.004,0.005,-0.004,0.66,0.12,0.0,0.84,0.0,0.0,0.0,0.0,0.0,0.02,0.0,0.0,0.0,0.0,0.0,0.0,0.0,1.0,1.0,0.0,1.0,0.0,0.0,0.0,0.0,0.0,0.0,0.0,0.0,0.0,0.0,0.0,0.0,1.0,0.0
PP133,g1,4581,0,0.975,0.201283,0.165844,-0.965392,0.054464,0.165726,-0.984667,0.13,0.168,246.4,247.7,250.8,254.0,255.4,254.4,251.0,247.8,242.2,244.1,246.9,250.4,253.9,256.6,258.4,256.3,253.4,250.2,247.0,244.2,249.5,250.9,252.3,252.9,252.3,250.9,249.5,248.9,283.6,284.5,287.2,290.1,291.7,290.8,288.1,284.9,280.7,282.5,285.2,288.4,291.3,293.3,294.5,293.5,291.6,289.1,286.2,283.1,286.4,287.7,288.8,289.2,288.5,287.2,286.1,285.7,159.4,156.2,154.7,156.0,159.2,162.7,163.9,162.6,161.0,159.1,157.8,157.2,157.8,159.2,161.3,162.5,163.0,163.2,163.0,162.4,160.9,161.4,160.8,159.4,158.0,157.4,158.0,159.5,158.1,154.9,153.4,154.5,157.5,160.7,162.2,161.4,160.4,158.2,156.5,155.6,156.0,157.1,158.9,160.3,161.2,161.6,161.6,161.4,159.3,159.8,159.2,157.8,156.5,156.0,156.6,158.0,-4.7,-3.1,1.1,5.3,7.1,5.7,1.3,-2.9,-10.4,-7.8,-4.0,0.6,5.1,8.6,11.0,8.3,4.4,0.2,-3.9,-7.6,-0.6,1.2,3.0,3.8,3.0,1.1,-0.7,-1.4,45.4,46.6,50.4,54.6,56.7,55.4,51.6,47.1,41.4,43.9,47.4,51.9,56.1,59.2,61.2,59.5,56.6,52.9,48.8,44.6,49.2,51.1,52.7,53.3,52.4,50.5,48.9,48.3,-36.8,-41.1,-43.0,-41.3,-37.0,-32.4,-30.9,-32.6,-35.0,-37.3,-38.8,-39.6,-38.9,-37.1,-34.4,-32.8,-32.0,-31.7,-32.0,-33.0,-34.9,-34.2,-35.0,-36.9,-38.8,-39.5,-38.7,-36.8,-39.7,-44.1,-46.2,-44.9,-40.8,-36.4,-34.3,-35.3,-36.6,-39.6,-41.8,-43.1,-42.7,-41.6,-39.4,-37.2,-35.8,-35.0,-35.0,-35.3,-38.1,-37.5,-38.5,-40.4,-42.2,-42.8,-41.8,-39.9,511.7,512.2,512.4,512.2,511.7,511.4,511.0,511.2,515.8,513.3,511.0,509.9,510.5,511.9,513.5,511.9,510.3,510.0,511.1,513.3,512.3,512.2,512.3,512.5,512.7,512.8,512.7,512.5,527.1,528.2,529.9,531.2,531.4,530.4,528.7,527.4,527.4,526.7,526.6,527.7,530.5,534.0,537.3,534.0,530.6,528.1,526.9,526.9,529.2,529.7,530.5,531.0,530.9,530.3,529.5,529.1,33.1,-6.3,653.7,0.174,-0.191,-0.009,222.1,222.7,224.6,227.4,232.4,239.8,249.0,259.7,270.3,278.8,284.7,290.0,294.6,298.0,300.2,301.7,302.0,232.6,239.0,247.7,256.3,264.1,279.4,285.8,292.0,297.9,301.7,272.2,273.5,274.9,276.2,264.8,269.4,273.9,277.8,281.2,242.0,247.2,253.5,258.5,253.4,247.2,280.7,285.5,291.0,294.7,291.6,286.1,255.8,263.5,269.7,273.4,277.1,281.4,284.9,281.6,277.4,273.4,269.3,263.1,258.9,269.4,273.1,276.9,282.8,276.9,273.2,269.3,161.3,173.0,184.5,195.7,206.1,215.1,222.4,227.6,228.6,226.3,219.9,211.8,202.6,192.4,181.8,170.8,159.6,153.2,148.2,146.8,147.8,150.5,149.7,146.5,145.0,145.8,150.0,158.9,166.7,174.4,182.3,187.8,189.1,190.2,188.8,187.1,160.9,157.7,157.7,161.4,163.0,163.2,160.5,156.2,156.1,158.8,161.3,161.6,203.6,200.8,199.1,200.0,198.7,200.1,202.1,207.2,209.4,210.0,209.9,208.2,203.7,202.8,203.0,202.4,202.6,203.6,204.3,204.1,-48.7,-47.8,-44.7,-39.9,-31.1,-17.9,-1.8,16.7,34.9,50.3,62.0,72.7,81.7,87.8,91.6,94.2,94.6,-29.0,-18.0,-3.8,10.3,23.0,48.3,59.5,70.7,82.0,89.6,36.4,38.1,39.9,41.7,24.2,31.5,38.9,45.6,51.3,-13.2,-4.6,5.7,14.2,5.6,-4.7,51.7,60.0,69.7,76.8,70.8,61.2,9.8,22.2,32.4,38.4,44.6,52.5,59.5,53.0,45.3,38.5,31.9,21.7,14.8,31.9,38.1,44.5,55.6,44.5,38.2,31.8,-45.7,-25.4,-5.2,14.4,32.8,48.5,60.8,69.1,70.8,67.8,57.8,44.2,27.7,9.0,-10.5,-30.5,-50.7,-57.0,-64.7,-66.6,-64.5,-60.0,-62.1,-68.1,-71.6,-71.3,-65.1,-46.8,-33.8,-21.1,-8.3,0.5,2.7,4.4,2.1,-0.7,-44.1,-49.2,-49.3,-43.3,-40.6,-40.1,-45.5,-52.9,-53.5,-49.4,-44.6,-43.8,27.0,22.0,18.9,20.5,18.5,21.1,25.0,33.0,36.3,37.2,36.9,34.2,27.1,25.2,25.6,24.6,25.7,26.7,27.8,27.3,680.3,683.7,687.8,690.3,689.9,686.9,681.0,673.0,672.7,682.3,697.8,710.4,716.0,715.5,713.7,711.7,711.0,648.3,642.4,638.4,635.1,633.8,641.7,649.3,658.4,667.9,678.0,639.7,633.6,627.1,621.1,637.2,636.1,635.8,639.3,643.6,648.4,645.6,646.3,648.0,646.6,645.9,658.2,660.8,665.0,671.6,665.4,661.2,653.7,643.5,640.2,641.6,643.9,652.9,666.3,654.5,647.1,644.3,643.2,645.8,651.5,643.2,644.1,647.0,662.1,646.8,643.9,643.2,0.592,0.177,-0.254,0.002,269.713,183.565,-6.306,9.025,-13.672,19.475,3.237,2.5,-3.946,4.022,3.925,-3.251,-0.105,1.232,0.104,-1.949,-0.237,-0.396,0.483,1.193,-0.926,-0.62,0.366,-0.233,-0.503,-0.361,0.221,0.08,0.125,0.017,-0.101,-0.014,-0.023,-0.008,0.005,-0.004,0.53,0.08,0.0,0.91,0.0,0.0,0.0,0.0,0.0,0.2,0.0,0.0,0.0,0.0,0.0,0.0,0.0,1.0,1.0,0.0,1.0,0.0,0.0,0.0,0.0,0.0,0.0,0.0,0.0,0.0,0.0,0.0,0.0,1.0,0.0
PP133,g1,4587,0,0.975,0.197909,0.165895,-0.96608,0.051623,0.165498,-0.984858,0.127,0.168,246.5,247.7,250.9,254.1,255.4,254.4,251.0,247.8,242.2,244.1,247.0,250.5,254.0,256.6,258.5,256.4,253.4,250.2,247.1,244.3,249.6,251.0,252.4,252.9,252.3,250.9,249.5,249.0,283.8,284.6,287.3,290.3,291.8,291.0,288.3,285.0,280.8,282.7,285.3,288.5,291.4,293.5,294.7,293.6,291.8,289.3,286.3,283.2,286.5,287.8,289.0,289.3,288.7,287.4,286.2,285.8,159.8,156.5,155.1,156.4,159.6,163.1,164.3,163.0,161.4,159.5,158.2,157.6,158.1,159.6,161.7,162.9,163.4,163.6,163.4,162.7,161.2,161.8,161.2,159.7,158.3,157.8,158.4,159.8,158.5,155.3,153.8,154.9,157.9,161.1,162.6,161.8,160.8,158.6,156.9,156.0,156.4,157.5,159.3,160.7,161.6,162.0,162.0,161.8,159.7,160.2,159.6,158.2,156.9,156.4,157.0,158.4,-4.6,-3.0,1.1,5.3,7.1,5.8,1.3,-2.8,-10.3,-7.7,-3.9,0.6,5.2,8.7,11.1,8.3,4.5,0.3,-3.8,-7.5,-0.5,1.3,3.1,3.8,3.0,1.2,-0.6,-1.3,45.4,46.7,50.5,54.6,56.7,55.5,51.6,47.2,41.4,43.9,47.4,51.9,56.1,59.3,61.3,59.5,56.6,53.0,48.8,44.6,49.3,51.1,52.8,53.3,52.4,50.6,48.9,48.4,-36.3,-40.6,-42.4,-40.7,-36.5,-31.9,-30.3,-32.0,-34.4,-36.8,-38.3,-39.0,-38.3,-36.5,-33.9,-32.2,-31.5,-31.1,-31.4,-32.5,-34.4,-33.7,-34.5,-36.4,-38.2,-38.9,-38.1,-36.3,-39.1,-43.4,-45.6,-44.2,-40.1,-35.7,-33.6,-34.7,-35.9,-38.9,-41.2,-42.4,-42.1,-40.9,-38.7,-36.5,-35.1,-34.4,-34.3,-34.6,-37.5,-36.9,-37.8,-39.7,-41.5,-42.1,-41.2,-39.3,510.9,511.4,511.6,511.3,510.8,510.6,510.2,510.4,515.1,512.5,510.2,509.0,509.6,511.0,512.7,511.1,509.5,509.2,510.3,512.5,511.5,511.4,511.5,511.7,511.9,512.0,511.9,511.7,525.6,526.7,528.4,529.7,529.9,528.9,527.2,525.9,525.9,525.2,525.1,526.2,529.0,532.5,535.8,532.5,529.1,526.6,525.4,525.4,527.7,528.2,529.0,529.5,529.4,528.8,528.0,527.6,33.2,-5.6,653.4,0.175,-0.186,-0.009,222.1,222.8,224.7,227.6,232.6,240.0,249.2,259.8,270.4,278.9,284.9,290.2,294.8,298.2,300.3,301.9,302.2,232.5,239.0,247.7,256.4,264.3,279.5,285.9,292.1,298.1,301.8,272.3,273.5,274.9,276.2,264.8,269.4,273.9,277.9,281.2,242.1,247.3,253.5,258.6,253.4,247.2,280.8,285.6,291.1,294.8,291.7,286.3,255.9,263.5,269.7,273.4,277.1,281.4,284.9,281.6,277.3,273.3,269.3,263.1,258.9,269.4,273.1,276.9,282.8,276.9,273.1,269.3,161.6,173.3,184.9,196.1,206.5,215.5,222.8,228.0,229.0,226.7,220.2,212.1,202.9,192.7,182.1,171.1,160.0,153.6,148.6,147.1,148.3,151.0,150.2,147.0,145.5,146.2,150.5,159.3,167.1,174.8,182.8,188.2,189.6,190.7,189.3,187.5,161.3,158.1,158.0,161.8,163.3,163.6,160.9,156.6,156.4,159.2,161.7,162.0,204.0,201.3,199.5,200.5,199.2,200.6,202.6,207.6,209.9,210.5,210.3,208.6,204.2,203.2,203.4,202.8,203.1,204.1,204.8,204.6,-48.6,-47.6,-44.5,-39.6,-30.8,-17.5,-1.4,16.9,35.1,50.5,62.3,73.1,82.1,88.1,91.9,94.4,94.9,-29.0,-18.1,-3.8,10.4,23.2,48.3,59.6,70.9,82.3,89.9,36.5,38.2,40.0,41.7,24.2,31.6,39.0,45.6,51.4,-13.2,-4.5,5.8,14.3,5.7,-4.6,51.8,60.2,69.9,77.0,71.0,61.3,9.8,22.2,32.3,38.3,44.6,52.5,59.6,52.9,45.3,38.5,31.8,21.7,14.9,31.9,38.1,44.5,55.7,44.5,38.1,31.8,-45.2,-24.8,-4.6,15.1,33.6,49.2,61.5,69.8,71.4,68.4,58.4,44.7,28.2,9.5,-9.9,-29.8,-50.1,-56.2,-64.0,-65.9,-63.8,-59.3,-61.3,-67.3,-70.8,-70.5,-64.2,-46.1,-33.1,-20.3,-7.5,1.2,3.4,5.1,2.9,0.0,-43.5,-48.6,-48.7,-42.6,-40.0,-39.5,-44.8,-52.2,-52.8,-48.6,-43.9,-43.1,27.6,22.7,19.7,21.3,19.3,21.9,25.7,33.7,37.0,37.9,37.6,34.9,27.8,25.9,26.3,25.4,26.4,27.5,28.5,28.1,680.6,684.1,688.2,690.6,690.1,687.1,681.1,673.0,672.6,682.2,697.6,710.1,715.5,714.9,713.0,711.0,710.3,648.4,642.4,638.2,634.8,633.3,641.1,648.8,657.8,667.4,677.6,639.2,633.2,626.7,620.7,636.9,635.8,635.4,638.9,643.2,648.3,645.4,646.1,647.7,646.3,645.7,657.8,660.3,664.5,671.1,664.9,660.8,653.6,643.3,640.0,641.3,643.6,652.6,665.9,654.2,646.9,644.1,643.1,645.7,651.4,643.0,643.9,646.8,661.8,646.6,643.7,643.0,0.593,0.18,-0.249,0.002,269.789,183.975,-6.042,9.689,-13.541,19.772,3.602,2.549,-4.048,3.688,4.112,-3.284,-0.051,1.034,0.198,-1.705,-0.256,-0.363,0.511,1.27,-0.955,-0.503,0.327,-0.186,-0.431,-0.381,0.241,0.053,0.13,0.033,-0.102,-0.019,-0.015,-0.007,0.005,-0.001,0.62,0.05,0.0,0.98,0.0,0.0,0.0,0.0,0.0,0.22,0.0,0.0,0.0,0.0,0.0,0.0,0.0,1.0,1.0,0.0,1.0,0.0,0.0,0.0,0.0,0.0,0.0,0.0,0.0,0.0,0.0,0.0,0.0,1.0,0.0
PP133,g1,4593,0,0.975,0.199726,0.170688,-0.96487,0.052215,0.170485,-0.983976,0.129,0.173,246.6,247.8,251.0,254.2,255.5,254.5,251.1,247.9,242.3,244.3,247.1,250.6,254.1,256.7,258.5,256.5,253.5,250.3,247.2,244.4,249.7,251.1,252.5,253.0,252.4,251.0,249.7,249.1,283.8,284.7,287.4,290.3,291.8,291.0,288.3,285.1,280.8,282.7,285.3,288.6,291.5,293.5,294.7,293.6,291.8,289.3,286.3,283.2,286.5,287.8,289.0,289.4,288.7,287.4,286.2,285.9,159.9,156.6,155.2,156.5,159.7,163.2,164.4,163.1,161.5,159.6,158.3,157.7,158.3,159.7,161.8,163.0,163.5,163.7,163.5,162.8,161.3,161.9,161.3,159.9,158.5,157.9,158.5,159.9,158.6,155.4,154.0,155.1,158.1,161.3,162.7,161.9,160.9,158.7,157.0,156.2,156.6,157.6,159.4,160.9,161.7,162.1,162.1,161.9,159.9,160.4,159.7,158.3,157.0,156.5,157.2,158.6,-4.5,-2.8,1.3,5.5,7.3,5.9,1.5,-2.7,-10.2,-7.5,-3.8,0.8,5.3,8.8,11.2,8.5,4.6,0.4,-3.7,-7.4,-0.4,1.4,3.2,4.0,3.2,1.4,-0.5,-1.2,45.7,46.9,50.8,54.9,57.0,55.7,51.9,47.4,41.7,44.2,47.7,52.2,56.4,59.5,61.6,59.8,56.9,53.2,49.1,44.9,49.5,51.4,53.0,53.6,52.7,50.9,49.2,48.6,-36.3,-40.6,-42.4,-40.7,-36.5,-31.9,-30.3,-32.0,-34.5,-36.8,-38.2,-39.0,-38.3,-36.5,-33.9,-32.2,-31.5,-31.1,-31.5,-32.5,-34.4,-33.7,-34.5,-36.3,-38.2,-38.9,-38.1,-36.3,-39.0,-43.4,-45.6,-44.2,-40.1,-35.7,-33.6,-34.6,-35.9,-38.9,-41.1,-42.4,-42.0,-40.9,-38.7,-36.5,-35.1,-34.4,-34.3,-34.6,-37.5,-36.9,-37.8,-39.7,-41.5,-42.1,-41.2,-39.3,512.9,513.4,513.6,513.3,512.9,512.6,512.2,512.4,517.0,514.5,512.1,511.0,511.6,513.1,514.7,513.1,511.5,511.2,512.2,514.5,513.5,513.4,513.5,513.7,513.9,514.0,513.9,513.7,527.9,528.9,530.6,532.0,532.2,531.2,529.5,528.2,528.2,527.5,527.4,528.5,531.3,534.8,538.1,534.8,531.4,528.9,527.7,527.7,530.0,530.6,531.3,531.8,531.7,531.1,530.3,529.9,33.2,-5.5,654.3,0.18,-0.187,-0.007,222.2,222.8,224.7,227.5,232.5,239.9,249.1,259.7,270.3,278.8,284.8,290.1,294.8,298.1,300.3,301.9,302.2,232.7,239.2,247.9,256.6,264.4,279.6,286.0,292.2,298.2,301.9,272.4,273.6,274.9,276.2,264.8,269.4,273.9,277.8,281.2,242.2,247.4,253.6,258.7,253.5,247.3,280.8,285.6,291.1,294.8,291.7,286.3,255.9,263.4,269.7,273.3,277.0,281.3,284.8,281.5,277.2,273.2,269.2,263.1,258.9,269.3,273.1,276.8,282.7,276.8,273.1,269.3,161.5,173.3,184.9,196.1,206.5,215.5,222.8,228.0,229.0,226.6,220.1,212.0,202.8,192.6,182.0,171.1,160.0,153.6,148.7,147.2,148.4,151.1,150.3,147.1,145.6,146.3,150.5,159.5,167.2,174.9,182.8,188.3,189.6,190.7,189.3,187.6,161.4,158.2,158.2,161.9,163.4,163.7,161.0,156.8,156.6,159.3,161.9,162.1,204.1,201.3,199.6,200.5,199.3,200.7,202.7,207.8,210.0,210.6,210.4,208.7,204.2,203.3,203.5,202.9,203.2,204.2,204.9,204.7,-48.5,-47.7,-44.6,-39.7,-31.0,-17.7,-1.6,16.7,35.0,50.4,62.2,73.0,82.0,88.1,92.0,94.6,95.0,-28.7,-17.8,-3.5,10.7,23.4,48.5,59.8,71.1,82.4,90.1,36.6,38.3,40.0,41.7,24.2,31.6,39.0,45.6,51.4,-13.0,-4.3,6.0,14.4,5.8,-4.4,51.9,60.3,70.0,77.1,71.1,61.4,9.8,22.2,32.3,38.3,44.5,52.4,59.4,52.8,45.1,38.4,31.7,21.6,14.8,31.9,38.1,44.4,55.5,44.4,38.1,31.7,-45.3,-24.9,-4.6,15.2,33.6,49.3,61.6,70.0,71.6,68.4,58.3,44.5,28.0,9.4,-10.1,-29.9,-50.1,-56.3,-63.9,-65.8,-63.7,-59.1,-61.2,-67.1,-70.6,-70.4,-64.2,-45.9,-32.9,-20.2,-7.4,1.3,3.5,5.3,3.0,0.2,-43.4,-48.4,-48.5,-42.5,-39.8,-39.4,-44.6,-51.9,-52.6,-48.4,-43.7,-42.9,27.8,22.8,19.8,21.4,19.4,22.0,25.9,34.0,37.3,38.2,37.8,35.1,27.9,26.1,26.4,25.5,26.6,27.7,28.8,28.3,681.0,684.7,688.9,691.4,691.0,688.1,682.1,674.2,673.8,683.4,698.6,710.9,716.2,715.5,713.6,711.7,711.0,648.8,642.9,638.7,635.4,634.0,641.7,649.4,658.4,668.1,678.3,639.9,634.0,627.6,621.7,637.8,636.7,636.4,639.9,644.1,648.9,646.0,646.7,648.4,647.0,646.3,658.5,661.0,665.2,671.7,665.6,661.5,654.5,644.3,641.0,642.4,644.6,653.6,666.9,655.3,648.0,645.3,644.2,646.7,652.3,644.0,644.9,647.8,662.8,647.7,644.8,644.1,0.592,0.185,-0.249,0.004,269.781,184.04,-6.821,9.99,-13.669,19.509,3.851,2.173,-3.9,3.155,3.953,-3.192,0.124,1.06,0.082,-1.835,-0.204,-0.28,0.405,1.23,-1.033,-0.496,0.436,-0.228,-0.424,-0.464,0.203,0.058,0.132,0.025,-0.1,-0.018,-0.021,-0.002,0.008,-0.0,0.57,0.07,0.0,0.53,0.0,0.0,0.0,0.0,0.0,0.0,0.0,0.0,0.0,0.0,0.0,0.0,0.0,1.0,1.0,0.0,1.0,0.0,0.0,0.0,0.0,0.0,0.0,0.0,0.0,0.0,0.0,0.0,0.0,1.0,0.0
PP133,g1,4599,0,0.975,0.200531,0.170733,-0.964696,0.051392,0.169822,-0.984134,0.129,0.173,246.5,247.8,251.0,254.2,255.5,254.5,251.1,247.9,242.3,244.2,247.1,250.6,254.1,256.7,258.5,256.5,253.5,250.3,247.1,244.3,249.7,251.1,252.5,253.0,252.4,251.0,249.6,249.1,283.9,284.8,287.5,290.4,291.9,291.1,288.4,285.2,280.9,282.8,285.4,288.7,291.6,293.6,294.8,293.8,291.9,289.4,286.4,283.3,286.6,287.9,289.1,289.5,288.8,287.5,286.3,286.0,159.9,156.7,155.3,156.6,159.8,163.3,164.4,163.1,161.5,159.6,158.4,157.7,158.3,159.8,161.9,163.1,163.5,163.8,163.6,162.9,161.4,162.0,161.3,159.9,158.5,157.9,158.6,160.0,158.8,155.6,154.1,155.2,158.3,161.5,162.9,162.1,161.1,158.9,157.2,156.4,156.8,157.8,159.6,161.1,161.9,162.3,162.3,162.1,160.1,160.6,159.9,158.5,157.2,156.7,157.3,158.7,-4.5,-2.8,1.3,5.5,7.2,5.9,1.4,-2.8,-10.2,-7.6,-3.8,0.8,5.3,8.8,11.2,8.4,4.6,0.4,-3.8,-7.5,-0.4,1.4,3.2,3.9,3.2,1.3,-0.5,-1.2,45.7,46.9,50.8,54.9,57.0,55.7,51.9,47.4,41.7,44.2,47.7,52.2,56.4,59.5,61.5,59.7,56.8,53.2,49.0,44.9,49.5,51.3,53.0,53.6,52.7,50.8,49.2,48.6,-36.1,-40.4,-42.2,-40.5,-36.2,-31.6,-30.1,-31.8,-34.3,-36.6,-38.1,-38.8,-38.1,-36.2,-33.6,-32.0,-31.3,-30.9,-31.3,-32.3,-34.2,-33.5,-34.2,-36.1,-38.0,-38.7,-37.9,-36.1,-38.7,-43.1,-45.2,-43.8,-39.7,-35.3,-33.2,-34.3,-35.6,-38.6,-40.8,-42.0,-41.7,-40.5,-38.3,-36.1,-34.7,-34.0,-33.9,-34.2,-37.1,-36.5,-37.4,-39.3,-41.1,-41.7,-40.8,-38.9,511.0,511.5,511.7,511.5,511.0,510.7,510.3,510.5,515.1,512.5,510.2,509.1,509.8,511.2,512.9,511.2,509.6,509.3,510.3,512.5,511.6,511.5,511.6,511.8,512.0,512.1,512.0,511.8,526.4,527.4,529.1,530.5,530.7,529.6,527.9,526.7,526.7,526.0,525.9,527.0,529.7,533.3,536.6,533.3,529.9,527.4,526.2,526.2,528.4,529.0,529.8,530.2,530.1,529.5,528.8,528.3,33.1,-5.3,654.1,0.183,-0.188,-0.001,222.2,222.8,224.6,227.4,232.2,239.6,248.7,259.3,269.8,278.4,284.4,289.8,294.5,298.0,300.3,301.9,302.3,232.6,239.2,247.9,256.7,264.6,279.6,286.0,292.3,298.4,302.1,272.4,273.6,274.9,276.2,264.7,269.3,273.8,277.8,281.1,242.1,247.4,253.6,258.7,253.5,247.3,280.9,285.7,291.2,294.9,291.8,286.4,255.5,263.2,269.5,273.1,276.9,281.2,284.7,281.3,277.0,273.0,269.0,262.8,258.6,269.1,272.9,276.6,282.6,276.6,272.9,269.0,161.5,173.2,184.7,195.8,206.2,215.2,222.6,227.9,228.9,226.7,220.2,212.2,203.0,192.9,182.3,171.4,160.2,153.7,148.7,147.3,148.5,151.2,150.5,147.3,145.8,146.6,150.8,159.6,167.4,175.1,183.1,188.4,189.8,190.9,189.5,187.8,161.4,158.3,158.2,162.0,163.5,163.7,161.2,157.0,156.8,159.5,162.1,162.3,204.0,201.4,199.7,200.7,199.4,200.8,202.8,207.8,210.0,210.7,210.5,208.7,204.2,203.4,203.6,203.0,203.3,204.3,205.0,204.7,-48.5,-47.7,-44.8,-40.0,-31.5,-18.4,-2.3,16.0,34.2,49.6,61.5,72.4,81.6,87.9,91.9,94.6,95.2,-28.9,-17.8,-3.5,10.8,23.6,48.6,59.9,71.3,82.7,90.4,36.7,38.3,40.0,41.7,24.0,31.4,38.8,45.5,51.3,-13.1,-4.3,6.0,14.4,5.8,-4.5,52.0,60.4,70.2,77.3,71.2,61.6,9.3,21.8,32.0,38.0,44.3,52.2,59.3,52.5,44.8,38.0,31.3,21.2,14.3,31.5,37.8,44.1,55.4,44.1,37.7,31.4,-45.3,-25.0,-4.9,14.7,33.1,48.8,61.2,69.7,71.5,68.5,58.5,44.9,28.5,9.9,-9.5,-29.4,-49.6,-56.1,-63.8,-65.7,-63.5,-58.8,-60.8,-66.8,-70.2,-70.0,-63.7,-45.6,-32.6,-19.9,-7.1,1.5,3.7,5.5,3.3,0.5,-43.3,-48.3,-48.4,-42.3,-39.7,-39.3,-44.3,-51.6,-52.3,-48.1,-43.3,-42.6,27.7,22.9,20.0,21.7,19.7,22.3,26.1,34.1,37.4,38.3,37.9,35.1,27.9,26.2,26.6,25.7,26.8,27.9,28.9,28.4,680.7,684.1,688.2,690.8,690.5,687.7,681.9,673.9,673.5,683.1,698.4,710.8,716.2,715.8,714.1,712.2,711.6,648.7,642.6,638.4,635.0,633.5,641.3,649.0,658.1,667.8,678.1,639.5,633.6,627.2,621.4,637.5,636.4,636.1,639.7,643.9,648.6,645.7,646.4,648.1,646.7,646.1,658.2,660.7,664.9,671.5,665.3,661.2,654.4,644.2,640.8,642.1,644.4,653.4,666.9,655.2,647.8,645.1,644.0,646.6,652.2,643.8,644.7,647.6,662.8,647.4,644.6,643.9,0.592,0.187,-0.251,0.01,269.681,184.137,-5.834,8.633,-13.141,19.067,4.393,2.285,-4.135,3.275,4.144,-2.749,0.024,1.199,0.187,-1.543,-0.33,-0.309,0.445,1.293,-1.003,-0.387,0.404,-0.26,-0.341,-0.431,0.184,-0.001,0.136,0.027,-0.097,-0.013,-0.015,0.002,0.01,-0.003,0.46,0.09,0.0,0.46,0.0,0.0,0.0,0.0,0.0,0.04,0.0,0.0,0.0,0.0,0.0,0.0,0.0,1.0,1.0,0.0,1.0,0.0,0.0,0.0,0.0,0.0,0.0,0.0,0.0,0.0,0.0,0.0,1.0,1.0,0.0
PP133,g1,4605,0,0.975,0.205651,0.180654,-0.961807,0.052111,0.179438,-0.982388,0.132,0.183,247.0,248.3,251.4,254.6,255.9,254.9,251.5,248.3,242.7,244.7,247.6,251.0,254.5,257.1,258.9,256.8,253.9,250.7,247.6,244.7,250.1,251.5,252.9,253.4,252.8,251.4,250.1,249.5,284.3,285.1,287.8,290.8,292.2,291.4,288.7,285.5,281.3,283.2,285.8,289.0,291.9,293.9,295.1,294.0,292.2,289.7,286.7,283.7,286.9,288.2,289.4,289.8,289.1,287.9,286.7,286.3,159.8,156.6,155.2,156.5,159.7,163.2,164.3,163.0,161.3,159.5,158.3,157.7,158.3,159.7,161.8,163.0,163.4,163.6,163.4,162.7,161.3,161.8,161.2,159.8,158.4,157.9,158.4,159.9,158.8,155.6,154.2,155.3,158.3,161.4,162.9,162.0,161.1,158.9,157.2,156.4,156.8,157.8,159.6,161.0,161.9,162.3,162.3,162.0,160.0,160.5,159.9,158.5,157.2,156.7,157.3,158.7,-4.0,-2.3,1.9,6.1,7.8,6.4,2.0,-2.2,-9.7,-7.0,-3.2,1.4,5.9,9.4,11.7,9.0,5.1,0.9,-3.2,-6.9,0.1,1.9,3.8,4.5,3.7,1.9,0.1,-0.7,46.5,47.8,51.6,55.7,57.8,56.5,52.7,48.2,42.5,45.0,48.5,53.0,57.2,60.3,62.3,60.5,57.6,54.0,49.8,45.7,50.3,52.1,53.8,54.4,53.5,51.7,50.0,49.4,-36.5,-40.8,-42.6,-40.8,-36.6,-32.0,-30.5,-32.2,-34.7,-37.0,-38.4,-39.1,-38.4,-36.5,-33.9,-32.3,-31.6,-31.3,-31.7,-32.7,-34.6,-33.8,-34.6,-36.5,-38.3,-39.1,-38.3,-36.4,-39.0,-43.4,-45.5,-44.1,-40.0,-35.6,-33.5,-34.6,-35.9,-38.8,-41.1,-42.3,-41.9,-40.8,-38.6,-36.4,-35.0,-34.3,-34.2,-34.5,-37.4,-36.8,-37.7,-39.6,-41.4,-42.0,-41.1,-39.2,514.0,514.5,514.7,514.6,514.1,513.9,513.4,513.5,518.0,515.5,513.2,512.2,512.9,514.4,516.1,514.4,512.7,512.3,513.3,515.5,514.6,514.6,514.7,514.9,515.1,515.2,515.1,514.8,530.1,531.1,532.8,534.1,534.4,533.4,531.7,530.4,530.4,529.7,529.6,530.7,533.4,536.9,540.3,537.0,533.6,531.1,529.9,529.9,532.1,532.7,533.5,533.9,533.8,533.2,532.5,532.0,33.5,-5.8,656.8,0.196,-0.192,0.006,222.4,222.9,224.6,227.3,232.1,239.4,248.5,259.1,269.6,278.1,284.2,289.7,294.5,298.1,300.4,302.1,302.5,233.2,239.8,248.5,257.2,265.1,280.0,286.5,292.7,298.7,302.4,272.8,274.0,275.2,276.4,265.0,269.5,274.0,277.9,281.3,242.6,247.9,254.0,259.0,253.9,247.7,281.3,286.1,291.6,295.2,292.1,286.7,255.5,263.2,269.6,273.2,276.9,281.2,284.7,281.2,276.9,272.9,268.9,262.7,258.6,269.1,272.9,276.6,282.6,276.6,272.8,269.0,161.1,172.7,184.2,195.2,205.6,214.5,221.8,227.2,228.3,226.0,219.5,211.5,202.4,192.4,181.8,171.0,159.9,153.4,148.6,147.3,148.4,151.2,150.5,147.3,145.8,146.5,150.7,159.6,167.4,175.1,182.9,188.2,189.6,190.7,189.4,187.7,161.2,158.2,158.2,161.9,163.4,163.6,161.2,157.0,156.8,159.5,162.0,162.3,203.6,201.1,199.4,200.4,199.2,200.6,202.5,207.6,209.8,210.4,210.1,208.3,203.8,203.1,203.4,202.8,203.0,204.1,204.7,204.5,-48.2,-47.6,-44.9,-40.3,-31.8,-18.7,-2.6,15.7,34.0,49.4,61.4,72.5,81.9,88.4,92.5,95.3,96.0,-28.0,-16.8,-2.5,11.8,24.5,49.5,60.8,72.2,83.5,91.2,37.5,39.0,40.7,42.3,24.5,31.9,39.2,45.9,51.7,-12.4,-3.5,6.7,15.0,6.5,-3.8,52.8,61.2,71.0,78.0,72.0,62.3,9.3,21.9,32.2,38.3,44.6,52.5,59.5,52.6,44.9,38.0,31.3,21.1,14.3,31.7,37.9,44.3,55.6,44.3,37.8,31.5,-46.1,-25.9,-5.8,13.7,32.1,47.7,60.1,68.8,70.6,67.6,57.5,43.9,27.5,9.0,-10.4,-30.2,-50.4,-56.8,-64.2,-66.0,-63.7,-59.1,-61.0,-67.0,-70.5,-70.2,-64.1,-45.8,-32.8,-20.1,-7.3,1.2,3.4,5.3,3.1,0.3,-43.7,-48.6,-48.7,-42.5,-40.0,-39.7,-44.5,-51.8,-52.4,-48.3,-43.5,-42.8,27.1,22.5,19.7,21.4,19.4,22.0,25.7,33.8,37.1,38.0,37.5,34.6,27.4,25.9,26.3,25.5,26.4,27.6,28.6,28.1,682.2,685.8,690.1,692.9,692.7,690.1,684.5,676.9,676.7,686.2,701.4,713.6,719.0,718.6,716.9,715.0,714.3,650.1,644.2,640.2,636.9,635.6,643.5,651.2,660.2,669.9,680.1,641.7,636.1,629.9,624.3,640.2,639.2,639.1,642.6,646.7,650.4,647.5,648.3,650.0,648.6,647.9,660.4,662.8,667.0,673.7,667.6,663.4,657.2,647.2,643.8,645.1,647.4,656.5,669.9,658.5,651.1,648.3,647.3,649.8,655.1,646.8,647.7,650.6,665.9,650.5,647.7,646.9,0.59,0.199,-0.255,0.018,269.833,183.873,-6.713,8.125,-13.359,17.251,5.235,1.827,-3.966,2.508,3.917,-2.184,0.294,1.369,0.306,-1.595,-0.606,-0.154,0.41,1.325,-1.093,-0.622,0.319,-0.309,-0.158,-0.327,0.189,-0.099,0.123,0.045,-0.097,-0.006,-0.01,0.006,0.008,-0.002,0.47,0.04,0.0,0.66,0.0,0.0,0.0,0.0,0.0,0.18,0.0,0.0,0.0,0.0,0.0,0.0,0.0,0.0,1.0,0.0,1.0,0.0,0.0,0.0,0.0,0.0,0.0,0.0,0.0,0.0,0.0,0.0,0.0,1.0,0.0
PP133,g1,4611,0,0.975,0.206722,0.181305,-0.961454,0.051247,0.179891,-0.982351,0.132,0.184,246.9,248.2,251.4,254.5,255.9,254.8,251.4,248.2,242.6,244.6,247.5,251.0,254.4,257.0,258.8,256.7,253.8,250.6,247.5,244.6,250.0,251.4,252.8,253.3,252.8,251.4,250.0,249.4,284.2,285.0,287.7,290.7,292.1,291.3,288.6,285.4,281.2,283.1,285.7,288.9,291.8,293.8,295.0,293.9,292.1,289.6,286.6,283.5,286.8,288.1,289.3,289.7,289.0,287.8,286.6,286.2,159.7,156.5,155.1,156.4,159.6,163.1,164.2,162.9,161.2,159.4,158.2,157.6,158.2,159.7,161.8,162.9,163.4,163.6,163.3,162.6,161.2,161.8,161.2,159.7,158.3,157.8,158.4,159.8,158.7,155.6,154.1,155.2,158.2,161.4,162.9,162.0,161.0,158.8,157.2,156.3,156.7,157.8,159.5,161.0,161.8,162.3,162.3,162.0,160.0,160.5,159.8,158.5,157.1,156.7,157.3,158.7,-4.1,-2.4,1.8,6.0,7.7,6.3,1.8,-2.3,-9.8,-7.1,-3.3,1.3,5.8,9.2,11.6,8.9,5.0,0.8,-3.3,-7.1,-0.0,1.8,3.6,4.4,3.6,1.8,-0.0,-0.8,46.4,47.6,51.4,55.6,57.7,56.4,52.5,48.1,42.3,44.8,48.4,52.9,57.1,60.2,62.2,60.4,57.5,53.8,49.7,45.5,50.2,52.0,53.7,54.2,53.4,51.5,49.9,49.3,-36.5,-40.8,-42.6,-40.9,-36.6,-32.0,-30.5,-32.3,-34.8,-37.1,-38.5,-39.2,-38.4,-36.6,-34.0,-32.3,-31.7,-31.4,-31.7,-32.8,-34.6,-33.9,-34.7,-36.5,-38.4,-39.2,-38.4,-36.5,-39.0,-43.4,-45.5,-44.1,-40.0,-35.6,-33.5,-34.6,-36.0,-38.9,-41.1,-42.3,-42.0,-40.8,-38.7,-36.4,-35.0,-34.3,-34.2,-34.6,-37.5,-36.8,-37.8,-39.7,-41.5,-42.1,-41.2,-39.3,513.3,513.8,514.1,513.9,513.5,513.2,512.7,512.9,517.3,514.8,512.6,511.5,512.2,513.7,515.4,513.7,512.1,511.7,512.7,514.8,514.0,513.9,514.0,514.3,514.5,514.5,514.4,514.2,530.1,531.1,532.8,534.1,534.4,533.4,531.7,530.4,530.4,529.7,529.6,530.7,533.4,536.9,540.3,537.0,533.6,531.1,529.9,530.0,532.1,532.7,533.5,533.9,533.8,533.2,532.5,532.0,33.3,-6.1,657.1,0.197,-0.193,0.007,222.3,222.8,224.5,227.1,231.9,239.2,248.3,258.9,269.4,277.9,284.0,289.5,294.4,298.0,300.3,302.0,302.5,233.0,239.6,248.3,257.1,265.0,279.9,286.4,292.6,298.7,302.3,272.7,273.9,275.1,276.3,264.8,269.3,273.9,277.8,281.1,242.5,247.8,254.0,259.0,253.8,247.6,281.2,286.0,291.5,295.1,292.0,286.6,255.4,263.2,269.5,273.1,276.8,281.1,284.6,281.2,276.9,272.8,268.8,262.6,258.5,269.0,272.8,276.5,282.5,276.5,272.8,268.9,160.9,172.5,183.9,194.9,205.2,214.1,221.3,226.7,227.8,225.6,219.3,211.4,202.4,192.4,181.8,171.0,159.9,153.3,148.4,147.1,148.3,151.1,150.4,147.2,145.7,146.5,150.6,159.6,167.3,174.9,182.8,188.1,189.5,190.6,189.3,187.6,161.1,158.1,158.1,161.9,163.3,163.5,161.1,156.9,156.8,159.5,162.0,162.3,203.4,200.9,199.3,200.3,199.1,200.4,202.3,207.4,209.6,210.1,209.9,208.1,203.6,203.0,203.2,202.7,202.8,203.9,204.5,204.2,-48.5,-47.8,-45.1,-40.6,-32.2,-19.1,-2.9,15.4,33.6,49.1,61.0,72.2,81.8,88.3,92.5,95.3,96.1,-28.3,-17.1,-2.7,11.6,24.4,49.3,60.7,72.1,83.5,91.1,37.3,38.8,40.5,42.1,24.3,31.7,39.0,45.7,51.6,-12.6,-3.7,6.6,14.9,6.3,-4.0,52.7,61.1,70.8,77.9,71.8,62.1,9.1,21.8,32.1,38.1,44.4,52.3,59.4,52.5,44.8,37.9,31.2,21.0,14.2,31.5,37.8,44.2,55.5,44.2,37.7,31.4,-46.5,-26.4,-6.4,13.1,31.3,46.9,59.3,68.0,69.9,67.0,57.1,43.6,27.4,9.0,-10.4,-30.3,-50.5,-57.0,-64.5,-66.2,-63.9,-59.3,-61.2,-67.2,-70.7,-70.4,-64.2,-45.8,-32.9,-20.3,-7.5,1.0,3.2,5.0,2.9,0.1,-44.0,-48.8,-48.8,-42.7,-40.2,-39.8,-44.6,-51.9,-52.5,-48.4,-43.6,-42.9,26.8,22.3,19.5,21.1,19.2,21.8,25.4,33.5,36.8,37.6,37.2,34.2,27.0,25.7,26.1,25.3,26.1,27.3,28.2,27.7,682.6,686.0,690.2,693.0,692.9,690.4,684.7,677.1,676.9,686.4,701.6,714.0,719.6,719.3,717.7,716.0,715.3,650.5,644.5,640.3,637.0,635.6,643.5,651.2,660.3,670.1,680.4,641.9,636.2,630.1,624.4,640.4,639.4,639.3,642.8,646.8,650.7,647.8,648.5,650.3,648.9,648.2,660.5,663.0,667.2,673.9,667.8,663.6,657.4,647.3,643.9,645.3,647.5,656.7,670.2,658.6,651.2,648.5,647.4,650.0,655.3,647.0,647.9,650.7,666.2,650.6,647.8,647.1,0.59,0.2,-0.256,0.02,269.727,183.712,-5.123,7.243,-13.371,16.911,5.609,1.66,-3.815,3.099,3.851,-1.763,-0.125,1.377,0.318,-1.594,-0.735,-0.079,0.417,1.15,-1.083,-0.632,0.474,-0.363,-0.214,-0.288,0.201,-0.068,0.083,0.03,-0.091,0.0,-0.016,0.013,0.006,-0.002,0.36,0.04,0.0,0.63,0.0,0.0,0.0,0.0,0.0,0.03,0.0,0.0,0.0,0.0,0.0,0.0,0.0,1.0,1.0,0.0,1.0,0.0,0.0,0.0,0.0,0.0,0.0,0.0,0.0,0.0,0.0,0.0,0.0,1.0,0.0
PP133,g1,4617,0,0.975,0.208586,0.177926,-0.961683,0.053894,0.177031,-0.982729,0.134,0.181,246.8,248.1,251.3,254.4,255.8,254.7,251.3,248.1,242.5,244.5,247.4,250.9,254.4,257.0,258.7,256.7,253.8,250.5,247.4,244.6,249.9,251.3,252.7,253.3,252.7,251.3,249.9,249.3,284.1,284.9,287.6,290.6,292.0,291.2,288.5,285.3,281.1,282.9,285.6,288.8,291.7,293.7,294.9,293.8,292.0,289.5,286.5,283.4,286.7,288.0,289.2,289.6,288.9,287.6,286.5,286.1,159.9,156.6,155.3,156.6,159.8,163.3,164.4,163.1,161.4,159.5,158.3,157.7,158.3,159.8,161.9,163.1,163.5,163.7,163.5,162.8,161.3,161.9,161.3,159.9,158.5,157.9,158.5,159.9,158.8,155.7,154.2,155.3,158.3,161.5,163.0,162.1,161.1,158.9,157.3,156.4,156.8,157.9,159.6,161.1,162.0,162.4,162.4,162.1,160.1,160.6,160.0,158.6,157.3,156.8,157.4,158.8,-4.2,-2.5,1.7,5.8,7.6,6.2,1.7,-2.4,-9.9,-7.2,-3.4,1.2,5.7,9.1,11.5,8.8,4.9,0.7,-3.4,-7.2,-0.1,1.7,3.5,4.3,3.5,1.7,-0.1,-0.9,46.2,47.4,51.2,55.4,57.5,56.2,52.3,47.9,42.2,44.6,48.2,52.7,56.9,60.0,62.0,60.2,57.3,53.7,49.5,45.3,50.0,51.8,53.5,54.1,53.2,51.3,49.7,49.1,-36.3,-40.5,-42.4,-40.6,-36.3,-31.7,-30.3,-32.0,-34.5,-36.8,-38.2,-38.9,-38.2,-36.3,-33.7,-32.1,-31.4,-31.1,-31.5,-32.5,-34.4,-33.6,-34.4,-36.3,-38.1,-38.9,-38.1,-36.2,-38.9,-43.2,-45.4,-44.0,-39.9,-35.5,-33.4,-34.4,-35.8,-38.7,-40.9,-42.2,-41.9,-40.7,-38.5,-36.3,-34.9,-34.1,-34.1,-34.4,-37.3,-36.7,-37.6,-39.5,-41.3,-41.9,-41.0,-39.1,512.4,512.9,513.1,513.0,512.5,512.3,511.8,511.9,516.4,513.9,511.6,510.6,511.3,512.8,514.5,512.8,511.1,510.7,511.7,513.9,513.0,513.0,513.1,513.3,513.5,513.5,513.4,513.2,529.7,530.7,532.4,533.7,534.0,533.0,531.3,530.0,530.0,529.3,529.2,530.3,533.0,536.5,539.9,536.6,533.2,530.7,529.5,529.5,531.7,532.3,533.1,533.5,533.4,532.8,532.1,531.6,33.3,-5.8,657.2,0.193,-0.196,0.005,222.2,222.7,224.4,227.1,231.9,239.3,248.5,259.0,269.5,278.0,284.0,289.5,294.3,297.9,300.2,301.8,302.3,232.9,239.5,248.2,257.0,264.9,279.9,286.3,292.5,298.5,302.2,272.7,273.8,275.1,276.3,264.9,269.4,273.9,277.8,281.1,242.4,247.7,253.9,258.9,253.7,247.5,281.1,285.9,291.3,295.0,291.9,286.5,255.5,263.3,269.6,273.2,276.8,281.2,284.6,281.2,276.9,272.9,268.9,262.7,258.6,269.2,272.9,276.6,282.5,276.6,272.8,269.1,161.2,172.8,184.2,195.2,205.5,214.4,221.6,226.9,228.0,225.8,219.4,211.5,202.5,192.5,181.9,171.1,160.0,153.4,148.6,147.2,148.4,151.1,150.4,147.3,145.8,146.5,150.7,159.7,167.4,175.0,182.8,188.2,189.5,190.6,189.3,187.6,161.3,158.2,158.2,162.0,163.5,163.7,161.3,157.0,156.9,159.6,162.1,162.4,203.6,201.0,199.3,200.3,199.1,200.5,202.4,207.5,209.7,210.3,210.1,208.3,203.8,203.1,203.3,202.7,202.9,204.0,204.7,204.4,-48.6,-47.9,-45.2,-40.6,-32.1,-18.9,-2.7,15.6,33.8,49.2,61.1,72.2,81.6,88.1,92.2,95.0,95.7,-28.4,-17.3,-2.9,11.4,24.2,49.3,60.6,72.0,83.3,90.9,37.2,38.8,40.5,42.1,24.4,31.8,39.1,45.7,51.6,-12.7,-3.8,6.5,14.8,6.2,-4.1,52.5,60.9,70.7,77.7,71.7,62.0,9.3,22.0,32.3,38.3,44.5,52.4,59.3,52.6,44.9,38.1,31.4,21.2,14.4,31.7,37.9,44.3,55.5,44.2,37.9,31.6,-45.9,-25.8,-5.7,13.7,32.0,47.5,59.8,68.4,70.2,67.3,57.3,43.9,27.6,9.2,-10.2,-30.1,-50.3,-56.8,-64.3,-66.1,-63.8,-59.2,-61.1,-67.1,-70.6,-70.3,-64.1,-45.7,-32.8,-20.2,-7.5,1.1,3.3,5.1,2.9,0.2,-43.7,-48.6,-48.6,-42.4,-39.9,-39.5,-44.4,-51.8,-52.4,-48.2,-43.4,-42.7,27.1,22.4,19.5,21.2,19.2,21.8,25.6,33.7,37.0,37.9,37.5,34.5,27.3,25.8,26.2,25.3,26.3,27.5,28.5,28.0,682.6,686.1,690.2,693.0,692.8,690.3,684.7,677.1,677.0,686.5,701.8,714.2,719.7,719.4,717.8,716.1,715.5,650.6,644.7,640.6,637.3,635.9,643.9,651.6,660.9,670.7,681.0,642.2,636.5,630.3,624.6,640.4,639.5,639.4,642.9,647.0,650.9,648.0,648.7,650.6,649.1,648.4,660.9,663.4,667.7,674.5,668.2,664.0,657.3,647.3,643.9,645.2,647.5,656.7,670.3,658.7,651.2,648.5,647.4,649.9,655.3,647.0,647.9,650.7,666.2,650.7,647.8,647.1,0.59,0.196,-0.259,0.017,269.71,183.843,-5.262,7.694,-13.344,17.307,5.618,1.141,-3.954,3.128,3.749,-2.18,-0.006,1.291,0.341,-1.752,-0.607,-0.166,0.45,1.036,-1.075,-0.531,0.465,-0.397,-0.258,-0.258,0.234,-0.04,0.089,0.034,-0.098,-0.005,-0.02,0.008,0.002,0.001,0.27,0.0,0.0,0.37,0.0,0.0,0.0,0.0,0.0,0.0,0.0,0.0,0.0,0.0,0.0,0.0,0.0,1.0,1.0,0.0,1.0,0.0,0.0,0.0,0.0,0.0,0.0,0.0,0.0,0.0,0.0,0.0,0.0,1.0,0.0
PP133,g1,4623,0,0.975,0.202931,0.169387,-0.964431,0.053271,0.169372,-0.984111,0.131,0.172,246.2,247.5,250.6,253.8,255.2,254.2,250.8,247.6,241.9,243.9,246.7,250.2,253.7,256.4,258.2,256.1,253.2,250.0,246.8,244.0,249.3,250.7,252.1,252.7,252.1,250.7,249.3,248.7,283.5,284.4,287.1,290.0,291.6,290.7,288.0,284.8,280.5,282.4,285.0,288.3,291.2,293.2,294.4,293.4,291.5,289.0,286.0,282.9,286.2,287.5,288.7,289.1,288.4,287.1,285.9,285.6,160.2,156.9,155.5,156.8,160.1,163.6,164.7,163.4,161.8,159.9,158.7,158.0,158.6,160.1,162.2,163.3,163.8,164.1,163.9,163.2,161.7,162.2,161.6,160.2,158.8,158.2,158.8,160.3,158.9,155.8,154.3,155.4,158.4,161.6,163.1,162.2,161.3,159.0,157.4,156.5,156.9,157.9,159.7,161.2,162.0,162.5,162.5,162.2,160.2,160.7,160.0,158.7,157.3,156.8,157.5,158.9,-5.0,-3.3,0.8,5.0,6.8,5.4,1.0,-3.2,-10.7,-8.0,-4.3,0.3,4.9,8.3,10.8,8.0,4.1,-0.1,-4.2,-7.9,-0.9,1.0,2.8,3.5,2.7,0.9,-0.9,-1.7,45.2,46.4,50.2,54.4,56.5,55.2,51.4,46.9,41.2,43.7,47.2,51.7,55.9,59.0,61.0,59.3,56.4,52.7,48.6,44.4,49.0,50.9,52.5,53.1,52.2,50.4,48.7,48.1,-35.6,-39.9,-41.8,-40.1,-35.8,-31.2,-29.7,-31.4,-33.9,-36.2,-37.6,-38.4,-37.7,-35.9,-33.2,-31.6,-30.8,-30.5,-30.8,-31.9,-33.8,-33.0,-33.8,-35.7,-37.6,-38.3,-37.5,-35.6,-38.5,-42.9,-45.0,-43.7,-39.6,-35.2,-33.0,-34.1,-35.4,-38.4,-40.6,-41.9,-41.5,-40.4,-38.2,-36.0,-34.6,-33.8,-33.7,-34.0,-36.9,-36.3,-37.3,-39.2,-41.0,-41.6,-40.6,-38.7,510.3,510.7,510.9,510.7,510.2,510.0,509.6,509.8,514.4,511.8,509.5,508.4,509.0,510.5,512.1,510.5,508.9,508.5,509.6,511.8,510.9,510.8,510.9,511.1,511.3,511.4,511.3,511.1,526.7,527.8,529.5,530.8,531.1,530.0,528.3,527.1,527.1,526.4,526.3,527.4,530.1,533.6,537.0,533.7,530.3,527.8,526.6,526.6,528.8,529.4,530.1,530.6,530.5,529.9,529.2,528.7,32.7,-5.2,655.0,0.18,-0.191,-0.005,221.9,222.5,224.4,227.2,232.1,239.5,248.6,259.3,269.8,278.3,284.3,289.6,294.3,297.7,299.9,301.5,301.9,232.3,238.8,247.5,256.3,264.2,279.2,285.7,291.9,297.9,301.6,272.1,273.3,274.6,276.0,264.6,269.1,273.6,277.5,280.9,241.8,247.0,253.3,258.4,253.2,246.9,280.5,285.3,290.8,294.6,291.5,286.0,255.6,263.2,269.4,273.0,276.7,281.0,284.5,281.2,276.9,273.0,269.0,262.8,258.6,269.1,272.8,276.5,282.4,276.5,272.8,269.0,161.9,173.5,185.0,196.1,206.4,215.4,222.6,227.9,228.9,226.6,220.2,212.2,203.1,193.0,182.3,171.4,160.3,153.9,148.9,147.5,148.6,151.4,150.6,147.4,145.8,146.6,150.8,159.8,167.5,175.2,183.0,188.5,189.9,190.9,189.6,187.8,161.7,158.5,158.5,162.3,163.8,164.1,161.4,157.1,156.9,159.6,162.2,162.5,204.3,201.6,199.8,200.8,199.5,200.9,202.9,207.9,210.1,210.8,210.6,208.8,204.4,203.6,203.7,203.1,203.4,204.4,205.1,204.8,-49.1,-48.2,-45.2,-40.4,-31.7,-18.5,-2.4,16.0,34.2,49.6,61.3,72.2,81.3,87.5,91.4,94.1,94.6,-29.4,-18.4,-4.1,10.2,23.0,48.1,59.3,70.7,82.1,89.7,36.2,37.8,39.6,41.3,23.8,31.2,38.5,45.2,50.9,-13.7,-4.9,5.4,13.9,5.3,-5.1,51.5,59.9,69.6,76.7,70.7,61.0,9.3,21.8,31.9,37.9,44.1,51.9,59.0,52.3,44.7,38.0,31.3,21.2,14.4,31.5,37.6,43.9,55.1,43.9,37.6,31.4,-44.7,-24.5,-4.4,15.2,33.5,49.1,61.4,69.8,71.5,68.5,58.5,45.0,28.6,10.0,-9.4,-29.4,-49.6,-55.9,-63.5,-65.4,-63.3,-58.7,-60.7,-66.8,-70.3,-70.1,-63.8,-45.4,-32.5,-19.8,-7.1,1.7,3.9,5.6,3.4,0.6,-42.9,-47.9,-48.0,-41.9,-39.3,-38.8,-44.1,-51.5,-52.1,-48.0,-43.2,-42.4,28.2,23.3,20.2,21.8,19.8,22.5,26.3,34.3,37.6,38.5,38.1,35.4,28.3,26.5,26.9,26.0,27.0,28.0,29.0,28.6,681.4,684.9,689.0,691.5,691.2,688.4,682.6,674.8,674.4,684.0,699.3,711.8,717.3,716.8,715.1,713.2,712.6,649.4,643.4,639.2,635.8,634.4,642.2,649.9,659.1,668.9,679.1,640.5,634.6,628.2,622.3,638.3,637.3,637.1,640.6,644.8,649.6,646.7,647.4,649.1,647.7,647.0,659.2,661.7,666.0,672.7,666.4,662.3,655.1,644.9,641.6,642.9,645.2,654.2,667.6,655.9,648.6,645.9,644.8,647.4,652.9,644.6,645.5,648.4,663.5,648.2,645.3,644.6,0.591,0.185,-0.253,0.006,269.455,184.259,-5.488,8.509,-13.919,19.259,4.519,1.685,-4.202,3.749,4.018,-2.934,-0.07,1.097,-0.017,-1.844,-0.477,-0.249,0.424,1.161,-1.046,-0.462,0.441,-0.314,-0.36,-0.368,0.166,0.048,0.124,0.021,-0.097,-0.017,-0.024,-0.005,0.01,-0.005,0.6,0.16,0.0,1.02,0.0,0.0,0.0,0.0,0.0,0.08,0.0,0.0,0.0,0.0,0.0,0.0,0.0,1.0,1.0,0.0,1.0,0.0,0.0,0.0,0.0,0.0,0.0,0.0,0.0,0.0,0.0,0.0,0.0,1.0,0.0
PP133,g1,4629,0,0.975,0.201413,0.174092,-0.963911,0.051252,0.173777,-0.98345,0.129,0.177,246.4,247.7,250.9,254.1,255.4,254.4,251.0,247.8,242.2,244.1,247.0,250.5,254.0,256.6,258.4,256.3,253.4,250.2,247.0,244.2,249.6,251.0,252.3,252.9,252.3,250.9,249.5,249.0,283.8,284.6,287.3,290.3,291.8,291.0,288.3,285.0,280.8,282.7,285.3,288.6,291.5,293.5,294.7,293.6,291.8,289.3,286.3,283.2,286.5,287.8,289.0,289.3,288.7,287.4,286.2,285.8,160.4,157.1,155.7,157.0,160.3,163.8,164.9,163.6,161.9,160.1,158.8,158.2,158.8,160.3,162.4,163.5,164.0,164.3,164.0,163.3,161.9,162.4,161.8,160.4,159.0,158.4,159.0,160.4,159.2,156.0,154.5,155.6,158.6,161.8,163.3,162.4,161.5,159.2,157.6,156.7,157.1,158.2,159.9,161.4,162.2,162.7,162.7,162.5,160.4,160.9,160.3,158.9,157.5,157.1,157.7,159.1,-4.7,-3.0,1.2,5.3,7.1,5.7,1.3,-2.9,-10.3,-7.7,-3.9,0.6,5.2,8.7,11.1,8.3,4.4,0.2,-3.9,-7.6,-0.6,1.3,3.1,3.8,3.0,1.2,-0.6,-1.3,45.6,46.8,50.6,54.8,56.9,55.6,51.8,47.3,41.6,44.1,47.6,52.1,56.3,59.4,61.4,59.6,56.7,53.1,48.9,44.8,49.4,51.2,52.9,53.5,52.6,50.7,49.1,48.5,-35.5,-39.8,-41.6,-39.9,-35.6,-31.0,-29.5,-31.2,-33.7,-36.0,-37.4,-38.2,-37.5,-35.6,-33.0,-31.4,-30.6,-30.3,-30.7,-31.7,-33.6,-32.8,-33.6,-35.5,-37.4,-38.1,-37.3,-35.5,-38.2,-42.6,-44.8,-43.4,-39.3,-34.9,-32.8,-33.8,-35.1,-38.1,-40.3,-41.6,-41.3,-40.1,-37.9,-35.7,-34.3,-33.6,-33.5,-33.8,-36.7,-36.1,-37.0,-38.9,-40.7,-41.3,-40.4,-38.5,511.1,511.5,511.7,511.5,511.1,510.8,510.4,510.6,515.2,512.6,510.3,509.2,509.8,511.3,512.9,511.3,509.7,509.4,510.4,512.6,511.7,511.6,511.7,511.9,512.1,512.2,512.1,511.9,527.1,528.1,529.8,531.1,531.4,530.3,528.7,527.4,527.4,526.7,526.6,527.7,530.4,533.9,537.3,534.0,530.6,528.1,526.9,526.9,529.1,529.7,530.5,530.9,530.8,530.2,529.5,529.0,33.0,-4.8,654.9,0.186,-0.189,-0.003,222.1,222.7,224.5,227.3,232.2,239.6,248.7,259.4,269.9,278.5,284.5,289.9,294.6,298.0,300.2,301.8,302.2,232.6,239.1,247.8,256.5,264.4,279.5,285.9,292.2,298.2,301.9,272.3,273.5,274.8,276.1,264.7,269.2,273.8,277.7,281.0,242.0,247.3,253.5,258.6,253.4,247.2,280.8,285.6,291.1,294.8,291.7,286.2,255.6,263.3,269.5,273.1,276.8,281.2,284.6,281.3,277.0,273.0,269.0,262.8,258.7,269.1,272.9,276.6,282.6,276.6,272.9,269.0,161.8,173.5,185.0,196.1,206.5,215.4,222.8,228.1,229.1,226.7,220.3,212.2,203.1,193.0,182.4,171.5,160.4,154.0,149.1,147.7,148.9,151.6,150.9,147.6,146.1,146.8,150.9,160.1,167.8,175.5,183.4,188.8,190.1,191.2,189.8,188.1,161.9,158.7,158.7,162.5,164.0,164.2,161.6,157.3,157.1,159.8,162.4,162.7,204.5,201.8,200.0,201.0,199.7,201.1,203.1,208.2,210.4,211.0,210.9,209.1,204.6,203.8,204.0,203.4,203.6,204.6,205.3,205.1,-48.7,-47.9,-45.0,-40.2,-31.5,-18.3,-2.2,16.2,34.4,49.8,61.7,72.6,81.8,88.0,91.9,94.5,95.1,-29.0,-17.9,-3.6,10.6,23.4,48.5,59.7,71.1,82.4,90.1,36.6,38.2,39.9,41.6,24.0,31.4,38.7,45.4,51.2,-13.3,-4.5,5.8,14.2,5.6,-4.7,51.9,60.3,70.0,77.1,71.1,61.4,9.5,21.9,32.1,38.1,44.3,52.2,59.2,52.5,44.8,38.0,31.4,21.3,14.5,31.6,37.8,44.1,55.3,44.1,37.8,31.4,-44.8,-24.6,-4.4,15.2,33.6,49.3,61.6,70.1,71.8,68.7,58.7,45.0,28.6,10.0,-9.3,-29.2,-49.3,-55.6,-63.2,-65.0,-62.8,-58.2,-60.2,-66.3,-69.8,-69.6,-63.5,-44.9,-32.0,-19.4,-6.6,2.1,4.3,6.0,3.8,1.0,-42.6,-47.6,-47.7,-41.6,-39.0,-38.5,-43.7,-51.1,-51.7,-47.6,-42.8,-42.0,28.4,23.6,20.6,22.2,20.2,22.8,26.7,34.8,38.1,38.9,38.6,35.8,28.6,26.8,27.2,26.3,27.4,28.4,29.5,29.0,681.2,684.8,689.1,691.8,691.5,688.7,682.9,675.1,674.7,684.3,699.5,711.8,717.1,716.5,714.6,712.6,711.9,649.0,643.0,638.8,635.4,634.0,641.8,649.5,658.5,668.2,678.5,640.1,634.3,628.0,622.2,638.3,637.3,637.1,640.6,644.7,649.2,646.3,646.9,648.6,647.3,646.7,658.8,661.3,665.5,672.1,666.0,661.8,655.2,644.9,641.5,642.9,645.2,654.2,667.6,656.1,648.8,646.1,645.0,647.5,653.0,644.7,645.5,648.4,663.5,648.3,645.4,644.7,0.592,0.192,-0.25,0.008,269.633,184.447,-5.914,9.047,-13.842,18.909,4.339,1.488,-4.114,3.665,3.976,-2.88,0.091,1.145,0.077,-1.611,-0.453,-0.189,0.394,1.244,-1.132,-0.535,0.374,-0.289,-0.279,-0.389,0.205,-0.008,0.132,0.021,-0.094,-0.015,-0.02,-0.002,0.01,-0.004,0.41,0.07,0.0,0.91,0.0,0.0,0.0,0.0,0.0,0.06,0.0,0.0,0.0,0.0,0.0,0.0,0.0,0.0,1.0,0.0,1.0,0.0,0.0,0.0,0.0,0.0,0.0,0.0,0.0,0.0,0.0,0.0,0.0,1.0,0.0
PP133,g1,4635,0,0.975,0.201411,0.175297,-0.963693,0.050952,0.174755,-0.983293,0.129,0.178,246.9,248.2,251.4,254.6,255.9,254.8,251.5,248.3,242.6,244.6,247.5,251.0,254.5,257.1,258.9,256.8,253.9,250.7,247.5,244.7,250.0,251.4,252.8,253.4,252.8,251.4,250.0,249.5,284.2,285.1,287.8,290.7,292.2,291.4,288.7,285.5,281.2,283.1,285.7,289.0,291.9,293.9,295.1,294.0,292.2,289.7,286.7,283.6,286.9,288.2,289.4,289.8,289.1,287.8,286.6,286.3,160.1,156.9,155.5,156.8,160.0,163.5,164.7,163.4,161.7,159.8,158.6,158.0,158.6,160.0,162.1,163.3,163.8,164.0,163.8,163.1,161.6,162.2,161.6,160.2,158.8,158.2,158.8,160.2,159.0,155.8,154.4,155.5,158.5,161.7,163.1,162.3,161.3,159.1,157.4,156.6,157.0,158.0,159.8,161.3,162.1,162.6,162.5,162.3,160.3,160.8,160.1,158.7,157.4,156.9,157.6,159.0,-4.0,-2.3,1.8,6.0,7.7,6.3,1.9,-2.3,-9.7,-7.1,-3.3,1.3,5.8,9.3,11.7,8.9,5.1,0.9,-3.3,-7.0,0.1,1.9,3.7,4.4,3.7,1.8,0.0,-0.7,46.2,47.5,51.3,55.5,57.5,56.2,52.4,47.9,42.2,44.7,48.2,52.7,56.9,60.1,62.1,60.3,57.4,53.7,49.5,45.4,50.1,51.9,53.5,54.1,53.2,51.4,49.7,49.2,-35.8,-40.1,-42.0,-40.2,-36.0,-31.4,-29.9,-31.6,-34.1,-36.4,-37.8,-38.6,-37.8,-36.0,-33.4,-31.7,-31.0,-30.7,-31.0,-32.1,-34.0,-33.2,-34.0,-35.9,-37.7,-38.5,-37.7,-35.8,-38.5,-42.9,-45.0,-43.6,-39.5,-35.1,-33.0,-34.1,-35.4,-38.3,-40.6,-41.8,-41.5,-40.3,-38.1,-35.9,-34.5,-33.8,-33.7,-34.0,-36.9,-36.3,-37.2,-39.1,-40.9,-41.5,-40.6,-38.7,511.9,512.4,512.6,512.4,511.9,511.7,511.3,511.5,516.0,513.4,511.1,510.0,510.7,512.1,513.8,512.2,510.6,510.2,511.3,513.5,512.5,512.4,512.5,512.7,512.9,513.0,512.9,512.7,527.6,528.6,530.3,531.6,531.9,530.9,529.2,527.9,527.9,527.2,527.1,528.2,530.9,534.5,537.8,534.5,531.1,528.6,527.4,527.4,529.6,530.2,531.0,531.4,531.3,530.7,530.0,529.5,33.6,-5.1,655.2,0.188,-0.188,-0.001,222.5,223.0,224.8,227.6,232.5,239.9,249.0,259.6,270.1,278.6,284.7,290.1,294.8,298.3,300.6,302.2,302.6,233.1,239.7,248.4,257.1,264.9,279.9,286.4,292.6,298.6,302.3,272.7,273.9,275.2,276.4,265.1,269.6,274.1,278.0,281.3,242.5,247.8,254.0,259.0,253.9,247.6,281.2,286.0,291.5,295.2,292.1,286.7,256.0,263.6,269.8,273.4,277.1,281.4,284.9,281.5,277.2,273.3,269.3,263.1,259.0,269.4,273.1,276.8,282.8,276.8,273.1,269.3,161.6,173.3,184.8,195.9,206.3,215.3,222.6,227.9,228.9,226.6,220.2,212.1,203.0,192.9,182.3,171.3,160.2,153.7,148.8,147.5,148.7,151.5,150.7,147.5,146.0,146.7,150.9,159.9,167.6,175.3,183.2,188.6,190.0,191.1,189.7,188.0,161.6,158.5,158.5,162.3,163.8,164.0,161.4,157.2,157.0,159.7,162.3,162.6,204.3,201.6,199.9,200.9,199.6,201.0,203.0,208.1,210.3,210.9,210.7,208.9,204.5,203.6,203.8,203.3,203.5,204.5,205.2,204.9,-48.0,-47.3,-44.4,-39.7,-31.0,-17.9,-1.8,16.6,34.8,50.2,62.1,73.1,82.3,88.6,92.6,95.3,96.0,-28.0,-16.9,-2.6,11.6,24.2,49.2,60.5,71.9,83.2,90.9,37.3,38.8,40.5,42.2,24.7,32.0,39.3,45.9,51.7,-12.4,-3.7,6.6,15.0,6.4,-3.9,52.7,61.0,70.8,77.8,71.8,62.1,10.0,22.5,32.6,38.6,44.8,52.6,59.6,52.9,45.3,38.5,31.8,21.8,15.1,32.1,38.3,44.6,55.7,44.6,38.2,32.0,-45.2,-24.9,-4.7,14.9,33.4,49.0,61.4,69.9,71.6,68.6,58.5,44.9,28.4,9.8,-9.6,-29.5,-49.7,-56.1,-63.7,-65.4,-63.1,-58.5,-60.5,-66.5,-70.0,-69.8,-63.7,-45.3,-32.3,-19.6,-6.9,1.8,4.0,5.8,3.6,0.8,-43.0,-48.0,-48.1,-41.9,-39.3,-39.0,-44.0,-51.3,-52.0,-47.8,-43.0,-42.3,28.2,23.3,20.4,22.0,20.0,22.7,26.6,34.6,37.8,38.7,38.3,35.5,28.4,26.6,27.0,26.2,27.2,28.2,29.2,28.8,681.2,684.9,689.1,691.8,691.6,688.8,683.0,675.3,675.0,684.6,699.7,712.0,717.3,716.7,714.9,712.9,712.0,649.1,643.1,639.0,635.8,634.4,642.2,649.7,658.8,668.4,678.6,640.5,634.7,628.5,622.7,638.7,637.7,637.5,641.0,645.1,649.4,646.5,647.2,648.9,647.5,646.9,659.0,661.4,665.7,672.3,666.2,662.0,655.5,645.4,642.0,643.4,645.7,654.6,667.9,656.4,649.2,646.5,645.4,647.9,653.3,645.1,646.0,648.8,663.8,648.7,645.9,645.2,0.591,0.193,-0.251,0.011,269.99,184.293,-6.847,8.884,-14.269,18.73,4.43,1.72,-3.687,3.057,3.889,-2.909,0.269,1.071,-0.06,-1.75,-0.481,-0.145,0.434,1.201,-1.011,-0.521,0.433,-0.287,-0.34,-0.339,0.2,-0.003,0.129,0.025,-0.093,-0.016,-0.016,-0.003,0.012,-0.001,0.25,0.0,0.0,0.66,0.0,0.0,0.0,0.0,0.0,0.1,0.0,0.0,0.0,0.0,0.0,0.0,0.0,0.0,1.0,0.0,1.0,0.0,0.0,0.0,0.0,0.0,0.0,0.0,0.0,0.0,0.0,0.0,0.0,1.0,0.0
PP133,g1,4641,0,0.975,0.199595,0.176755,-0.963805,0.049619,0.175677,-0.983197,0.127,0.179,247.1,248.4,251.6,254.8,256.1,255.0,251.6,248.4,242.8,244.8,247.7,251.2,254.6,257.3,259.1,257.0,254.1,250.8,247.7,244.9,250.2,251.6,253.0,253.6,253.0,251.6,250.2,249.6,284.5,285.3,288.0,291.0,292.5,291.6,288.9,285.7,281.5,283.4,286.0,289.3,292.1,294.2,295.3,294.3,292.4,289.9,286.9,283.8,287.2,288.5,289.6,290.0,289.4,288.1,286.9,286.5,160.2,157.0,155.6,156.9,160.1,163.6,164.8,163.4,161.7,159.9,158.7,158.0,158.7,160.1,162.2,163.4,163.9,164.1,163.9,163.1,161.7,162.3,161.7,160.2,158.8,158.3,158.9,160.3,159.1,156.0,154.5,155.6,158.7,161.8,163.3,162.4,161.5,159.2,157.6,156.7,157.1,158.2,160.0,161.4,162.3,162.7,162.7,162.4,160.4,160.9,160.3,158.9,157.6,157.1,157.7,159.1,-3.8,-2.1,2.1,6.2,8.0,6.6,2.1,-2.0,-9.5,-6.8,-3.1,1.5,6.1,9.5,11.9,9.2,5.3,1.1,-3.0,-6.7,0.3,2.1,3.9,4.7,3.9,2.1,0.3,-0.5,46.4,47.7,51.5,55.7,57.7,56.4,52.6,48.1,42.4,44.9,48.4,52.9,57.1,60.3,62.3,60.5,57.6,53.9,49.7,45.6,50.3,52.1,53.8,54.3,53.4,51.6,49.9,49.4,-35.7,-40.0,-41.8,-40.1,-35.8,-31.2,-29.7,-31.5,-34.0,-36.3,-37.7,-38.4,-37.7,-35.8,-33.2,-31.5,-30.8,-30.5,-30.9,-32.0,-33.8,-33.1,-33.9,-35.7,-37.6,-38.4,-37.6,-35.7,-38.2,-42.6,-44.7,-43.3,-39.2,-34.8,-32.7,-33.8,-35.1,-38.1,-40.3,-41.5,-41.2,-40.0,-37.8,-35.6,-34.2,-33.5,-33.4,-33.7,-36.6,-36.0,-36.9,-38.8,-40.6,-41.2,-40.3,-38.4,511.3,511.7,511.9,511.7,511.2,511.0,510.6,510.8,515.3,512.8,510.5,509.4,510.0,511.5,513.1,511.5,509.9,509.5,510.6,512.8,511.9,511.8,511.9,512.1,512.3,512.3,512.3,512.1,526.3,527.3,529.0,530.3,530.6,529.6,527.9,526.6,526.6,525.9,525.8,526.9,529.6,533.2,536.5,533.2,529.8,527.3,526.1,526.1,528.3,528.9,529.7,530.1,530.0,529.4,528.7,528.2,33.8,-4.8,654.6,0.191,-0.186,0.002,222.6,223.2,225.0,227.7,232.5,239.9,249.0,259.6,270.2,278.7,284.8,290.2,295.0,298.5,300.8,302.4,302.9,233.2,239.8,248.5,257.2,265.1,280.2,286.7,293.0,299.0,302.7,273.0,274.1,275.4,276.6,265.2,269.7,274.2,278.2,281.5,242.7,248.0,254.2,259.2,254.1,247.8,281.4,286.3,291.8,295.5,292.4,286.9,256.0,263.6,269.9,273.5,277.2,281.5,285.0,281.6,277.3,273.3,269.3,263.2,259.0,269.5,273.2,276.9,282.9,277.0,273.2,269.4,161.5,173.2,184.8,195.9,206.3,215.3,222.7,228.0,229.1,226.8,220.3,212.2,203.1,193.0,182.4,171.4,160.3,153.9,149.0,147.7,148.9,151.6,150.9,147.7,146.2,146.9,151.1,160.0,167.8,175.6,183.5,188.8,190.2,191.3,190.0,188.2,161.7,158.6,158.6,162.4,163.8,164.1,161.6,157.3,157.2,159.9,162.4,162.7,204.4,201.8,200.1,201.1,199.8,201.2,203.2,208.2,210.4,211.0,210.8,209.0,204.5,203.8,204.0,203.4,203.7,204.6,205.3,205.0,-47.8,-47.0,-44.2,-39.5,-30.9,-17.8,-1.7,16.6,34.8,50.3,62.3,73.3,82.5,88.8,92.8,95.6,96.3,-27.9,-16.7,-2.4,11.8,24.5,49.6,60.9,72.4,83.7,91.4,37.6,39.1,40.8,42.4,24.8,32.1,39.5,46.2,52.0,-12.1,-3.4,6.9,15.3,6.7,-3.6,53.0,61.4,71.2,78.2,72.2,62.5,10.0,22.5,32.6,38.7,44.9,52.8,59.8,53.1,45.4,38.6,31.9,21.8,15.0,32.1,38.4,44.7,55.9,44.7,38.3,32.0,-45.3,-25.0,-4.8,14.9,33.3,49.0,61.5,70.0,71.8,68.8,58.7,45.1,28.6,10.0,-9.4,-29.3,-49.5,-55.8,-63.3,-65.1,-62.8,-58.2,-60.1,-66.1,-69.5,-69.3,-63.1,-45.0,-31.9,-19.2,-6.3,2.1,4.4,6.2,4.0,1.2,-42.9,-47.9,-47.9,-41.7,-39.2,-38.8,-43.7,-51.0,-51.6,-47.5,-42.7,-42.0,28.3,23.6,20.7,22.4,20.4,23.0,26.8,34.7,37.9,38.8,38.4,35.6,28.5,26.9,27.3,26.5,27.4,28.4,29.4,28.9,680.7,684.4,688.7,691.4,691.1,688.4,682.6,674.7,674.4,684.0,699.2,711.5,716.8,716.1,714.2,712.1,711.3,648.5,642.4,638.3,634.9,633.5,641.3,648.9,658.0,667.6,677.9,639.6,633.9,627.7,622.0,638.0,637.0,636.8,640.3,644.4,648.6,645.7,646.4,648.1,646.7,646.1,658.2,660.7,664.9,671.5,665.4,661.3,655.0,644.9,641.5,642.9,645.1,654.1,667.4,655.8,648.5,645.8,644.7,647.3,652.8,644.6,645.4,648.3,663.3,648.0,645.2,644.5,0.592,0.196,-0.249,0.014,270.133,184.429,-6.248,8.985,-14.025,18.433,4.481,2.429,-4.152,2.891,4.037,-2.884,0.088,1.108,0.132,-1.626,-0.391,-0.176,0.583,1.321,-1.039,-0.54,0.353,-0.242,-0.381,-0.39,0.145,-0.021,0.127,0.021,-0.09,-0.012,-0.018,-0.004,0.01,-0.008,0.34,0.0,0.0,0.69,0.0,0.0,0.0,0.0,0.0,0.27,0.0,0.0,0.0,0.0,0.0,0.0,0.0,0.0,1.0,0.0,1.0,0.0,0.0,0.0,0.0,0.0,0.0,0.0,0.0,0.0,0.0,0.0,0.0,1.0,0.0
PP133,g1,4646,0,0.975,0.196129,0.179875,-0.963939,0.04651,0.178734,-0.982798,0.124,0.182,246.8,248.1,251.2,254.4,255.8,254.7,251.3,248.1,242.5,244.5,247.3,250.8,254.3,256.9,258.8,256.7,253.7,250.5,247.3,244.5,249.9,251.3,252.7,253.2,252.6,251.3,249.9,249.3,284.2,285.0,287.7,290.7,292.2,291.4,288.6,285.4,281.2,283.1,285.7,289.0,291.9,293.9,295.1,294.0,292.2,289.6,286.6,283.5,286.9,288.2,289.4,289.7,289.1,287.8,286.6,286.2,160.4,157.1,155.7,157.0,160.3,163.8,164.9,163.6,161.9,160.0,158.8,158.2,158.8,160.3,162.4,163.6,164.0,164.2,164.0,163.3,161.8,162.4,161.8,160.4,159.0,158.4,159.0,160.4,159.3,156.1,154.6,155.7,158.7,161.9,163.4,162.6,161.6,159.3,157.7,156.8,157.2,158.3,160.0,161.5,162.4,162.8,162.8,162.6,160.5,161.0,160.4,159.0,157.6,157.2,157.8,159.2,-4.2,-2.5,1.6,5.8,7.5,6.1,1.7,-2.5,-9.9,-7.3,-3.5,1.1,5.6,9.1,11.5,8.7,4.8,0.6,-3.5,-7.2,-0.1,1.7,3.5,4.2,3.5,1.6,-0.2,-0.9,45.9,47.2,51.0,55.2,57.2,56.0,52.1,47.6,41.9,44.4,47.9,52.4,56.6,59.8,61.8,60.0,57.1,53.4,49.3,45.1,49.8,51.6,53.3,53.8,52.9,51.1,49.4,48.9,-35.5,-39.8,-41.6,-39.9,-35.6,-31.0,-29.5,-31.2,-33.8,-36.0,-37.5,-38.2,-37.4,-35.6,-33.0,-31.3,-30.6,-30.3,-30.7,-31.8,-33.6,-32.9,-33.6,-35.5,-37.4,-38.1,-37.4,-35.5,-38.0,-42.4,-44.5,-43.1,-39.0,-34.6,-32.5,-33.6,-34.9,-37.8,-40.1,-41.3,-41.0,-39.8,-37.6,-35.4,-34.0,-33.3,-33.2,-33.5,-36.4,-35.8,-36.7,-38.6,-40.4,-41.0,-40.1,-38.2,510.8,511.2,511.4,511.2,510.7,510.5,510.1,510.3,514.9,512.4,510.0,508.9,509.5,511.0,512.6,511.0,509.4,509.1,510.2,512.4,511.4,511.3,511.4,511.6,511.8,511.9,511.8,511.6,525.2,526.2,527.9,529.3,529.5,528.5,526.9,525.6,525.6,524.9,524.7,525.8,528.5,532.1,535.4,532.1,528.8,526.3,525.1,525.1,527.3,527.9,528.6,529.1,529.0,528.4,527.6,527.2,33.4,-4.6,654.7,0.197,-0.181,-0.0,222.4,223.0,224.8,227.6,232.5,239.9,248.9,259.5,270.0,278.6,284.7,290.1,294.9,298.3,300.6,302.3,302.7,232.8,239.4,248.1,256.9,264.8,279.8,286.3,292.7,298.7,302.4,272.6,273.8,275.0,276.2,264.8,269.3,273.9,277.8,281.2,242.4,247.6,253.9,258.9,253.7,247.5,281.1,286.0,291.5,295.2,292.1,286.6,255.7,263.3,269.5,273.1,276.8,281.2,284.7,281.2,276.9,273.0,269.0,262.8,258.7,269.1,272.9,276.6,282.6,276.6,272.9,269.1,161.5,173.3,184.8,196.0,206.4,215.4,222.8,228.1,229.1,226.7,220.2,212.1,202.9,192.8,182.3,171.4,160.3,154.1,149.2,147.8,149.0,151.8,151.1,147.9,146.4,147.1,151.2,160.2,168.0,175.8,183.8,189.0,190.4,191.5,190.2,188.4,161.8,158.7,158.7,162.5,164.0,164.2,161.7,157.4,157.3,160.0,162.5,162.8,204.5,202.0,200.3,201.3,200.0,201.4,203.3,208.3,210.5,211.1,210.9,209.1,204.7,204.0,204.2,203.6,203.8,204.8,205.5,205.2,-48.2,-47.4,-44.5,-39.7,-31.1,-17.9,-1.8,16.4,34.6,50.1,62.1,73.1,82.3,88.6,92.5,95.3,95.9,-28.5,-17.4,-3.1,11.2,24.0,49.0,60.3,71.8,83.2,90.9,37.1,38.6,40.2,41.8,24.2,31.5,38.9,45.6,51.5,-12.7,-3.9,6.4,14.7,6.2,-4.2,52.4,60.9,70.6,77.7,71.7,62.0,9.5,21.9,32.1,38.1,44.3,52.2,59.3,52.5,44.8,38.0,31.3,21.3,14.6,31.6,37.8,44.1,55.4,44.1,37.8,31.5,-45.3,-25.0,-4.7,15.0,33.5,49.2,61.7,70.2,71.9,68.8,58.6,44.8,28.3,9.7,-9.6,-29.4,-49.5,-55.5,-63.1,-64.8,-62.5,-57.9,-59.8,-65.8,-69.3,-69.1,-62.9,-44.7,-31.6,-18.8,-5.9,2.4,4.7,6.5,4.3,1.5,-42.7,-47.6,-47.7,-41.5,-38.9,-38.6,-43.5,-50.8,-51.5,-47.3,-42.5,-41.8,28.5,23.9,21.0,22.7,20.7,23.3,26.9,35.0,38.2,39.0,38.7,35.8,28.7,27.2,27.6,26.7,27.6,28.6,29.7,29.2,681.5,685.4,689.7,692.4,692.2,689.4,683.5,675.6,675.1,684.5,699.6,711.7,716.7,715.9,713.9,711.8,710.9,648.9,642.7,638.3,634.8,633.3,641.0,648.6,657.6,667.2,677.6,639.5,633.8,627.6,621.9,638.2,637.1,636.9,640.3,644.3,648.9,645.9,646.5,648.2,646.9,646.3,658.1,660.5,664.6,671.2,665.2,661.1,655.5,645.3,641.8,643.2,645.4,654.3,667.6,656.1,648.9,646.2,645.2,647.8,653.3,644.9,645.8,648.6,663.5,648.3,645.5,644.9,0.592,0.201,-0.242,0.012,269.848,184.54,-5.873,9.778,-13.865,18.898,4.898,2.519,-4.171,2.788,4.108,-2.882,0.162,1.209,0.236,-1.597,-0.402,-0.191,0.567,1.357,-1.078,-0.396,0.311,-0.256,-0.31,-0.402,0.095,-0.027,0.12,0.036,-0.097,-0.008,-0.018,-0.002,0.012,-0.005,0.62,0.0,0.0,1.13,0.0,0.0,0.0,0.0,0.0,0.05,0.0,0.0,0.0,0.0,0.0,0.0,0.0,0.0,1.0,0.0,1.0,0.0,0.0,0.0,0.0,0.0,0.0,0.0,0.0,0.0,0.0,0.0,0.0,1.0,0.0
PP133,g1,4652,0,0.975,0.194395,0.181462,-0.963993,0.044938,0.180439,-0.982559,0.122,0.184,246.6,247.9,251.1,254.3,255.6,254.5,251.1,247.9,242.3,244.3,247.2,250.7,254.2,256.8,258.6,256.5,253.6,250.3,247.2,244.4,249.7,251.1,252.5,253.1,252.5,251.1,249.7,249.2,284.0,284.9,287.6,290.6,292.1,291.2,288.5,285.3,281.0,282.9,285.5,288.8,291.7,293.8,295.0,293.9,292.0,289.5,286.5,283.4,286.7,288.1,289.2,289.6,289.0,287.7,286.5,286.1,160.5,157.2,155.8,157.1,160.4,163.9,165.0,163.7,162.0,160.1,158.9,158.3,158.9,160.4,162.5,163.7,164.1,164.4,164.1,163.4,161.9,162.5,161.9,160.5,159.1,158.5,159.1,160.5,159.3,156.1,154.7,155.8,158.8,162.0,163.5,162.6,161.7,159.4,157.8,156.9,157.3,158.4,160.1,161.6,162.5,162.9,162.9,162.7,160.6,161.1,160.5,159.1,157.7,157.2,157.9,159.3,-4.4,-2.7,1.4,5.6,7.3,5.9,1.5,-2.7,-10.1,-7.5,-3.7,0.9,5.4,8.9,11.3,8.5,4.6,0.4,-3.7,-7.4,-0.3,1.5,3.3,4.0,3.3,1.4,-0.4,-1.1,45.7,46.9,50.8,54.9,57.0,55.7,51.9,47.4,41.7,44.2,47.7,52.2,56.4,59.5,61.6,59.7,56.8,53.2,49.0,44.9,49.5,51.4,53.0,53.6,52.7,50.9,49.2,48.6,-35.4,-39.7,-41.5,-39.7,-35.5,-30.9,-29.4,-31.1,-33.7,-35.9,-37.4,-38.1,-37.3,-35.5,-32.8,-31.2,-30.5,-30.2,-30.6,-31.6,-33.5,-32.7,-33.5,-35.4,-37.3,-38.0,-37.2,-35.3,-37.8,-42.2,-44.3,-42.9,-38.8,-34.4,-32.3,-33.4,-34.7,-37.7,-39.9,-41.1,-40.8,-39.6,-37.5,-35.2,-33.9,-33.1,-33.0,-33.4,-36.2,-35.6,-36.5,-38.5,-40.3,-40.9,-39.9,-38.0,511.0,511.5,511.6,511.4,510.9,510.7,510.4,510.6,515.2,512.6,510.3,509.1,509.7,511.2,512.8,511.2,509.7,509.3,510.4,512.6,511.6,511.5,511.6,511.8,512.0,512.1,512.0,511.8,524.5,525.5,527.2,528.5,528.8,527.8,526.1,524.9,524.9,524.1,524.0,525.1,527.8,531.4,534.7,531.4,528.1,525.6,524.4,524.4,526.6,527.2,527.9,528.3,528.2,527.6,526.9,526.5,33.1,-4.4,654.8,0.2,-0.178,-0.001,222.3,222.9,224.7,227.5,232.4,239.8,248.9,259.4,269.9,278.5,284.6,290.1,294.8,298.3,300.6,302.3,302.7,232.8,239.4,248.0,256.7,264.5,279.7,286.2,292.5,298.6,302.3,272.4,273.6,274.8,276.0,264.6,269.1,273.7,277.6,281.0,242.2,247.5,253.7,258.7,253.6,247.3,281.0,285.9,291.4,295.1,292.0,286.5,255.5,263.1,269.3,273.0,276.7,281.1,284.6,281.2,276.8,272.8,268.8,262.6,258.5,268.9,272.7,276.5,282.5,276.5,272.7,268.9,161.6,173.3,184.9,196.0,206.5,215.5,222.9,228.3,229.3,226.9,220.3,212.1,203.0,192.9,182.3,171.5,160.4,154.1,149.3,148.0,149.2,152.0,151.2,148.0,146.4,147.1,151.2,160.3,168.2,176.0,184.0,189.1,190.5,191.7,190.3,188.5,161.9,158.8,158.8,162.6,164.1,164.3,161.8,157.5,157.3,160.0,162.6,162.9,204.6,202.1,200.4,201.4,200.1,201.5,203.3,208.5,210.7,211.4,211.2,209.3,204.8,204.1,204.3,203.7,203.9,205.0,205.7,205.4,-48.2,-47.5,-44.6,-39.9,-31.2,-18.0,-2.0,16.2,34.4,49.9,62.0,73.0,82.3,88.5,92.4,95.1,95.8,-28.6,-17.5,-3.2,10.9,23.6,48.7,60.1,71.5,82.9,90.6,36.7,38.2,39.8,41.4,23.9,31.2,38.6,45.3,51.1,-12.9,-4.2,6.1,14.5,5.9,-4.5,52.2,60.6,70.4,77.5,71.4,61.7,9.2,21.6,31.8,37.8,44.1,52.1,59.2,52.4,44.6,37.7,31.0,20.9,14.2,31.3,37.5,43.9,55.3,43.9,37.5,31.1,-45.2,-24.9,-4.7,15.1,33.6,49.4,62.0,70.5,72.2,69.1,58.8,44.9,28.4,9.9,-9.4,-29.2,-49.3,-55.5,-62.9,-64.6,-62.3,-57.6,-59.5,-65.5,-69.1,-68.9,-62.9,-44.5,-31.4,-18.5,-5.6,2.7,5.0,6.8,4.6,1.7,-42.5,-47.5,-47.5,-41.3,-38.7,-38.4,-43.3,-50.7,-51.3,-47.2,-42.4,-41.6,28.7,24.1,21.2,22.9,20.8,23.4,27.1,35.3,38.6,39.5,39.1,36.2,28.9,27.4,27.8,26.9,27.8,29.0,30.1,29.6,681.4,685.3,689.8,692.7,692.5,689.7,683.8,675.9,675.4,684.8,699.7,711.7,716.7,715.7,713.5,711.2,710.2,648.7,642.5,638.2,634.8,633.3,640.9,648.3,657.2,666.7,677.0,639.4,633.8,627.6,622.0,638.4,637.3,637.0,640.4,644.5,648.9,645.9,646.4,648.2,646.9,646.3,657.9,660.2,664.3,670.9,664.9,660.9,655.8,645.5,642.0,643.3,645.5,654.4,667.7,656.3,649.2,646.5,645.5,648.1,653.6,645.1,645.9,648.8,663.7,648.6,645.8,645.2,0.592,0.205,-0.239,0.012,269.712,184.657,-7.024,9.76,-13.701,18.821,4.509,2.408,-4.079,3.189,3.952,-2.98,0.278,1.093,0.181,-1.578,-0.446,-0.11,0.53,1.468,-0.927,-0.515,0.352,-0.269,-0.376,-0.412,0.198,-0.05,0.133,0.024,-0.095,-0.014,-0.02,-0.003,0.013,-0.003,0.41,0.0,0.0,1.17,0.0,0.0,0.0,0.0,0.0,0.14,0.0,0.0,0.0,0.0,0.0,0.0,0.0,0.0,1.0,0.0,1.0,0.0,0.0,0.0,0.0,0.0,0.0,0.0,0.0,0.0,0.0,0.0,0.0,1.0,0.0
PP133,g1,4658,0,0.975,0.19491,0.173066,-0.965432,0.049099,0.172444,-0.983795,0.125,0.175,247.0,248.3,251.4,254.6,256.0,254.9,251.5,248.3,242.7,244.7,247.5,251.0,254.5,257.2,259.0,256.9,253.9,250.7,247.5,244.7,250.1,251.5,252.9,253.5,252.9,251.5,250.1,249.5,284.4,285.2,288.0,290.9,292.4,291.6,288.9,285.6,281.4,283.3,285.9,289.2,292.1,294.1,295.3,294.2,292.4,289.9,286.9,283.8,287.1,288.4,289.6,289.9,289.3,288.0,286.8,286.4,160.9,157.6,156.2,157.5,160.8,164.3,165.4,164.1,162.4,160.6,159.3,158.7,159.3,160.8,162.9,164.0,164.5,164.8,164.5,163.8,162.3,162.9,162.3,160.9,159.5,158.9,159.5,160.9,159.7,156.5,155.1,156.2,159.2,162.4,163.9,163.0,162.0,159.8,158.2,157.3,157.7,158.8,160.5,162.0,162.9,163.3,163.3,163.0,161.0,161.5,160.9,159.5,158.1,157.6,158.3,159.7,-4.0,-2.3,1.9,6.0,7.8,6.4,2.0,-2.2,-9.6,-7.0,-3.2,1.3,5.9,9.4,11.8,9.0,5.1,0.9,-3.2,-6.9,0.1,2.0,3.8,4.5,3.7,1.9,0.1,-0.6,46.2,47.4,51.3,55.4,57.5,56.2,52.4,47.9,42.2,44.7,48.2,52.7,56.9,60.0,62.1,60.2,57.3,53.7,49.5,45.4,50.0,51.8,53.5,54.1,53.2,51.4,49.7,49.1,-34.8,-39.1,-40.9,-39.2,-34.9,-30.3,-28.8,-30.5,-33.0,-35.3,-36.7,-37.5,-36.7,-34.9,-32.3,-30.6,-29.9,-29.6,-30.0,-31.0,-32.9,-32.1,-32.9,-34.8,-36.7,-37.4,-36.6,-34.7,-37.3,-41.7,-43.8,-42.4,-38.3,-33.9,-31.8,-32.9,-34.2,-37.2,-39.4,-40.6,-40.3,-39.1,-36.9,-34.7,-33.3,-32.6,-32.5,-32.9,-35.7,-35.1,-36.0,-38.0,-39.8,-40.4,-39.4,-37.5,510.0,510.4,510.5,510.3,509.8,509.6,509.3,509.5,514.1,511.5,509.2,508.0,508.6,510.0,511.7,510.1,508.6,508.2,509.3,511.6,510.5,510.4,510.5,510.7,510.9,511.0,510.9,510.8,524.9,526.0,527.6,529.0,529.2,528.2,526.5,525.3,525.3,524.6,524.4,525.5,528.3,531.8,535.1,531.8,528.5,526.0,524.7,524.8,527.0,527.6,528.3,528.8,528.7,528.1,527.3,526.9,33.8,-3.6,652.5,0.185,-0.184,-0.002,222.7,223.3,225.2,227.9,232.8,240.1,249.2,259.8,270.4,279.0,285.0,290.4,295.1,298.5,300.8,302.5,302.9,233.1,239.6,248.3,257.0,264.9,280.1,286.6,292.9,298.9,302.6,272.8,274.0,275.3,276.6,265.2,269.7,274.3,278.2,281.6,242.6,247.8,254.1,259.1,253.9,247.7,281.3,286.2,291.7,295.4,292.3,286.8,256.3,263.9,270.1,273.7,277.4,281.7,285.2,281.9,277.6,273.6,269.6,263.5,259.3,269.7,273.4,277.2,283.1,277.2,273.5,269.6,162.1,173.9,185.4,196.6,207.0,216.1,223.7,229.1,230.2,227.9,221.4,213.2,204.0,193.8,183.1,172.1,160.9,154.6,149.6,148.3,149.5,152.3,151.5,148.3,146.8,147.5,151.8,160.7,168.5,176.3,184.3,189.5,190.9,192.0,190.6,188.9,162.3,159.2,159.2,163.0,164.5,164.7,162.2,157.9,157.7,160.5,163.0,163.3,205.2,202.6,200.8,201.8,200.5,201.9,203.9,208.9,211.1,211.7,211.5,209.8,205.4,204.6,204.8,204.1,204.4,205.3,206.0,205.8,-47.5,-46.7,-43.7,-38.9,-30.4,-17.4,-1.5,16.9,35.2,50.7,62.6,73.4,82.6,88.7,92.6,95.3,96.0,-28.1,-17.1,-2.8,11.4,24.1,49.3,60.6,72.0,83.4,91.0,37.3,38.9,40.6,42.2,24.7,32.1,39.4,46.1,51.9,-12.3,-3.6,6.7,15.1,6.5,-3.8,52.7,61.1,70.8,77.9,71.9,62.2,10.5,22.8,32.8,38.8,45.1,52.9,60.0,53.3,45.7,38.9,32.3,22.3,15.5,32.4,38.6,44.9,56.0,45.0,38.6,32.3,-44.1,-23.9,-3.7,16.0,34.5,50.4,63.0,71.7,73.5,70.5,60.5,46.8,30.2,11.5,-8.0,-28.0,-48.2,-54.5,-62.1,-63.9,-61.6,-57.0,-58.9,-64.9,-68.4,-68.1,-61.8,-43.8,-30.8,-18.0,-5.2,3.3,5.6,7.4,5.1,2.2,-41.7,-46.7,-46.7,-40.6,-38.0,-37.6,-42.6,-49.9,-50.5,-46.4,-41.6,-40.9,29.6,24.8,21.8,23.5,21.5,24.1,27.9,35.8,39.0,39.9,39.5,36.8,29.8,28.0,28.4,27.5,28.6,29.5,30.5,30.0,679.2,682.9,687.2,689.8,689.6,686.8,680.9,673.0,672.5,682.1,697.4,709.9,715.2,714.4,712.3,710.0,709.0,647.1,640.9,636.6,633.2,631.8,639.4,647.0,656.0,665.7,676.1,637.8,631.9,625.5,619.7,636.0,634.9,634.6,638.1,642.4,647.1,644.2,644.8,646.5,645.2,644.6,656.4,658.9,663.1,669.7,663.6,659.5,652.9,642.6,639.3,640.6,642.8,651.8,665.2,653.4,646.1,643.4,642.4,644.9,650.7,642.4,643.2,646.0,660.9,645.7,642.9,642.3,0.594,0.192,-0.247,0.01,270.202,185.149,-5.068,8.959,-14.017,20.027,3.019,2.519,-4.223,3.837,4.268,-3.831,-0.416,0.898,-0.12,-1.725,-0.034,-0.435,0.452,1.199,-0.935,-0.412,0.342,-0.113,-0.43,-0.538,0.234,0.081,0.146,0.021,-0.099,-0.021,-0.021,-0.012,0.012,-0.003,0.43,0.08,0.0,1.14,0.0,0.0,0.0,0.0,0.0,0.36,0.0,0.0,0.0,0.0,0.0,0.06,0.0,0.0,1.0,0.0,1.0,0.0,0.0,0.0,0.0,0.0,0.0,0.0,0.0,0.0,0.0,0.0,1.0,1.0,0.0
PP133,g1,4664,0,0.975,0.196219,0.175358,-0.964753,0.051329,0.174329,-0.983349,0.126,0.178,247.3,248.5,251.7,254.9,256.3,255.2,251.8,248.6,243.0,244.9,247.8,251.3,254.8,257.5,259.3,257.2,254.2,251.0,247.8,245.0,250.4,251.8,253.2,253.7,253.1,251.7,250.4,249.8,284.6,285.5,288.2,291.2,292.7,291.8,289.1,285.9,281.6,283.5,286.2,289.4,292.3,294.3,295.5,294.5,292.6,290.1,287.1,284.0,287.3,288.6,289.8,290.2,289.5,288.2,287.0,286.7,160.9,157.6,156.2,157.5,160.7,164.3,165.4,164.1,162.4,160.5,159.3,158.7,159.3,160.7,162.8,164.0,164.5,164.7,164.5,163.8,162.3,162.9,162.3,160.9,159.4,158.9,159.5,160.9,159.7,156.5,155.1,156.2,159.2,162.4,163.9,163.0,162.0,159.8,158.2,157.3,157.7,158.8,160.5,162.0,162.9,163.3,163.3,163.0,161.0,161.5,160.9,159.5,158.1,157.6,158.3,159.7,-3.6,-1.9,2.2,6.4,8.2,6.8,2.4,-1.8,-9.2,-6.6,-2.9,1.7,6.3,9.7,12.2,9.4,5.5,1.3,-2.8,-6.5,0.5,2.3,4.2,4.9,4.1,2.3,0.5,-0.3,46.5,47.8,51.6,55.8,57.8,56.5,52.7,48.2,42.5,45.0,48.5,53.0,57.2,60.4,62.4,60.6,57.7,54.0,49.8,45.7,50.4,52.2,53.8,54.4,53.5,51.7,50.0,49.5,-34.8,-39.1,-40.9,-39.2,-34.9,-30.3,-28.8,-30.5,-33.0,-35.3,-36.8,-37.5,-36.8,-34.9,-32.3,-30.7,-29.9,-29.6,-30.0,-31.0,-32.9,-32.2,-33.0,-34.8,-36.7,-37.4,-36.7,-34.8,-37.3,-41.7,-43.8,-42.4,-38.3,-33.9,-31.8,-32.9,-34.2,-37.2,-39.4,-40.6,-40.3,-39.1,-37.0,-34.7,-33.3,-32.6,-32.5,-32.9,-35.7,-35.1,-36.0,-38.0,-39.8,-40.4,-39.4,-37.5,510.0,510.4,510.5,510.3,509.8,509.6,509.3,509.5,514.1,511.5,509.2,508.0,508.6,510.0,511.7,510.1,508.5,508.2,509.3,511.5,510.5,510.4,510.5,510.7,510.9,511.0,510.9,510.7,524.9,525.9,527.6,529.0,529.3,528.3,526.6,525.3,525.3,524.5,524.4,525.5,528.3,531.8,535.2,531.9,528.5,526.0,524.8,524.8,527.0,527.6,528.4,528.8,528.7,528.1,527.3,526.9,34.2,-3.6,651.8,0.187,-0.186,-0.002,222.8,223.4,225.2,228.0,232.9,240.3,249.4,260.1,270.7,279.3,285.3,290.6,295.3,298.6,300.9,302.6,303.0,233.3,239.8,248.6,257.4,265.3,280.4,286.8,293.1,299.2,302.8,273.2,274.4,275.7,277.0,265.5,270.0,274.6,278.5,281.9,242.9,248.1,254.3,259.4,254.2,248.0,281.6,286.5,292.0,295.7,292.5,287.1,256.5,264.1,270.3,273.9,277.6,282.0,285.4,282.1,277.9,273.9,269.9,263.7,259.5,270.0,273.7,277.4,283.3,277.4,273.7,269.9,162.0,173.8,185.4,196.5,207.1,216.2,223.8,229.3,230.3,227.9,221.3,213.1,203.8,193.7,183.0,172.1,160.9,154.7,149.7,148.3,149.5,152.4,151.6,148.4,146.9,147.6,151.8,160.7,168.5,176.3,184.3,189.5,190.9,192.1,190.7,188.9,162.3,159.2,159.2,163.0,164.5,164.7,162.2,157.9,157.7,160.5,163.0,163.3,205.2,202.6,200.9,201.9,200.6,202.0,203.9,209.0,211.2,211.8,211.7,209.9,205.4,204.6,204.8,204.2,204.4,205.4,206.1,205.9,-47.2,-46.5,-43.5,-38.7,-30.2,-17.1,-1.1,17.3,35.6,51.1,63.0,73.8,82.8,88.9,92.7,95.5,96.1,-27.7,-16.7,-2.3,12.0,24.7,49.6,60.9,72.4,83.7,91.3,37.8,39.4,41.1,42.7,25.2,32.5,39.9,46.6,52.4,-11.8,-3.1,7.2,15.6,7.0,-3.3,53.0,61.5,71.2,78.2,72.2,62.5,10.8,23.2,33.3,39.2,45.4,53.3,60.2,53.6,46.0,39.3,32.6,22.6,15.9,32.8,39.0,45.3,56.3,45.3,39.0,32.7,-44.3,-24.0,-3.8,16.0,34.6,50.5,63.2,71.9,73.7,70.6,60.4,46.5,29.9,11.3,-8.2,-28.0,-48.2,-54.3,-62.0,-63.8,-61.4,-56.7,-58.6,-64.6,-68.2,-68.0,-61.7,-43.7,-30.7,-18.0,-5.1,3.3,5.6,7.4,5.1,2.3,-41.7,-46.6,-46.7,-40.6,-38.0,-37.6,-42.6,-49.9,-50.5,-46.3,-41.6,-40.8,29.6,24.8,21.9,23.5,21.5,24.1,27.9,35.9,39.2,40.0,39.7,36.9,29.8,28.1,28.5,27.6,28.6,29.6,30.6,30.2,678.4,682.2,686.5,689.2,688.9,686.2,680.4,672.5,672.1,681.7,697.0,709.3,714.5,713.6,711.5,709.2,708.2,646.1,639.9,635.6,632.2,630.9,638.6,646.2,655.4,665.2,675.7,637.0,631.1,624.7,618.9,635.2,634.2,633.9,637.4,641.6,646.1,643.2,643.9,645.7,644.3,643.7,655.8,658.3,662.5,669.1,663.0,658.9,652.1,641.8,638.5,639.9,642.2,651.1,664.5,652.8,645.6,642.9,641.8,644.2,649.9,641.6,642.5,645.4,660.3,645.2,642.3,641.6,0.594,0.194,-0.249,0.01,270.446,185.172,-4.826,10.062,-13.75,20.296,2.96,2.259,-4.165,3.565,4.512,-3.846,-0.186,0.812,-0.338,-1.612,-0.005,-0.426,0.342,1.34,-0.974,-0.323,0.345,-0.241,-0.438,-0.537,0.179,0.075,0.16,0.031,-0.103,-0.028,-0.023,-0.014,0.012,-0.006,0.45,0.0,0.0,1.04,0.0,0.0,0.0,0.0,0.0,0.16,0.0,0.0,0.0,0.0,0.0,0.0,0.0,0.0,1.0,0.0,1.0,0.0,0.0,0.0,0.0,0.0,0.0,0.0,0.0,0.0,0.0,0.0,0.0,1.0,0.0
PP133,g1,4670,0,0.975,0.200581,0.189377,-0.961199,0.047809,0.187765,-0.98105,0.127,0.192,247.4,248.7,251.9,255.1,256.4,255.3,251.9,248.7,243.1,245.1,248.0,251.5,255.0,257.6,259.4,257.3,254.3,251.1,247.9,245.1,250.5,251.9,253.3,253.9,253.3,251.9,250.5,249.9,284.9,285.8,288.5,291.4,292.9,292.0,289.3,286.1,281.8,283.8,286.4,289.7,292.6,294.6,295.8,294.7,292.8,290.3,287.3,284.2,287.6,288.9,290.1,290.4,289.8,288.5,287.3,286.9,160.8,157.5,156.2,157.5,160.8,164.3,165.4,164.1,162.3,160.4,159.3,158.7,159.3,160.8,162.9,164.1,164.5,164.7,164.5,163.7,162.3,162.9,162.3,160.9,159.5,158.9,159.5,160.9,159.9,156.7,155.3,156.4,159.4,162.6,164.1,163.2,162.2,160.0,158.4,157.5,157.9,159.0,160.7,162.2,163.1,163.5,163.5,163.2,161.2,161.7,161.1,159.7,158.3,157.8,158.5,159.9,-3.4,-1.7,2.5,6.7,8.4,6.9,2.5,-1.7,-9.1,-6.4,-2.6,1.9,6.5,9.9,12.3,9.5,5.7,1.4,-2.7,-6.4,0.7,2.5,4.3,5.1,4.3,2.5,0.7,-0.1,46.9,48.2,52.0,56.2,58.2,56.9,53.0,48.6,42.8,45.4,48.9,53.4,57.6,60.7,62.7,60.9,58.0,54.3,50.2,46.0,50.7,52.5,54.2,54.8,53.9,52.1,50.4,49.8,-34.8,-39.1,-40.9,-39.1,-34.8,-30.2,-28.8,-30.5,-33.2,-35.4,-36.8,-37.4,-36.7,-34.8,-32.2,-30.5,-29.9,-29.6,-30.0,-31.1,-32.9,-32.1,-32.9,-34.8,-36.6,-37.4,-36.6,-34.8,-37.1,-41.4,-43.6,-42.2,-38.0,-33.6,-31.6,-32.6,-34.0,-36.9,-39.1,-40.3,-40.0,-38.9,-36.7,-34.5,-33.1,-32.3,-32.3,-32.6,-35.5,-34.9,-35.8,-37.7,-39.5,-40.1,-39.2,-37.3,509.5,509.9,510.1,509.9,509.5,509.3,508.8,509.0,513.5,511.0,508.7,507.6,508.2,509.7,511.4,509.8,508.2,507.8,508.8,511.0,510.1,510.0,510.1,510.3,510.5,510.6,510.5,510.3,525.1,526.1,527.8,529.2,529.5,528.5,526.8,525.6,525.5,524.8,524.6,525.7,528.5,532.0,535.4,532.1,528.8,526.3,525.0,525.1,527.2,527.8,528.6,529.0,528.9,528.3,527.5,527.1,34.0,-3.6,653.9,0.21,-0.187,0.012,223.0,223.4,225.0,227.7,232.4,239.6,248.6,259.1,269.6,278.2,284.3,289.9,294.8,298.5,301.0,302.8,303.3,233.6,240.3,249.0,257.7,265.6,280.7,287.2,293.5,299.5,303.2,273.3,274.4,275.6,276.8,265.3,269.8,274.3,278.2,281.6,242.9,248.3,254.5,259.5,254.3,248.1,281.8,286.7,292.2,295.9,292.8,287.3,255.8,263.5,269.9,273.5,277.2,281.5,285.0,281.5,277.1,273.1,269.1,262.9,258.8,269.4,273.1,276.9,282.9,276.8,273.1,269.3,161.7,173.3,184.8,195.9,206.4,215.5,223.0,228.5,229.7,227.4,220.9,212.7,203.5,193.4,182.8,171.9,160.7,154.2,149.5,148.3,149.6,152.5,151.8,148.6,147.0,147.7,151.8,160.9,168.8,176.6,184.6,189.6,191.1,192.2,190.9,189.2,162.2,159.2,159.2,163.1,164.5,164.7,162.4,158.1,157.9,160.6,163.2,163.5,205.0,202.6,201.0,202.0,200.7,202.1,203.9,209.1,211.4,212.0,211.7,209.8,205.2,204.6,204.9,204.3,204.4,205.6,206.3,206.0,-46.9,-46.4,-43.9,-39.5,-31.2,-18.3,-2.5,15.7,33.9,49.4,61.4,72.6,82.2,88.9,93.1,96.1,96.9,-27.1,-15.9,-1.6,12.6,25.2,50.2,61.6,73.0,84.4,92.1,38.1,39.5,41.1,42.6,24.9,32.2,39.5,46.2,52.1,-11.7,-2.8,7.5,15.8,7.2,-3.2,53.5,61.9,71.7,78.7,72.7,63.0,9.7,22.3,32.6,38.6,44.8,52.7,59.7,52.9,45.1,38.3,31.6,21.4,14.7,32.0,38.2,44.5,55.8,44.5,38.1,31.8,-44.9,-24.8,-4.7,14.9,33.4,49.3,62.0,70.9,72.9,69.9,59.7,45.9,29.4,10.9,-8.6,-28.5,-48.7,-55.1,-62.3,-63.8,-61.4,-56.7,-58.5,-64.5,-68.0,-67.8,-61.8,-43.4,-30.3,-17.5,-4.6,3.5,5.8,7.7,5.5,2.7,-41.9,-46.7,-46.7,-40.5,-38.0,-37.7,-42.3,-49.6,-50.2,-46.1,-41.2,-40.5,29.3,24.8,22.1,23.8,21.8,24.4,28.0,36.3,39.6,40.4,40.0,37.0,29.6,28.3,28.7,27.9,28.8,30.0,31.0,30.4,678.5,682.4,687.0,690.2,690.4,688.1,682.8,675.3,674.9,684.3,699.1,711.1,716.2,715.5,713.4,711.1,710.0,646.4,640.3,636.2,632.9,631.7,639.4,647.0,656.0,665.7,676.1,638.0,632.5,626.5,621.1,637.2,636.2,636.1,639.5,643.6,647.1,644.0,644.7,646.5,645.2,644.6,656.6,658.9,663.1,669.8,663.8,659.6,654.8,644.6,641.1,642.4,644.6,653.7,667.2,655.8,648.6,645.9,644.9,647.4,652.7,644.3,645.1,647.9,663.2,647.8,645.0,644.4,0.593,0.216,-0.25,0.025,270.233,185.118,-7.281,7.782,-13.431,18.626,4.972,1.934,-4.115,2.59,3.88,-2.872,0.384,1.54,-0.032,-1.828,-0.394,-0.113,0.517,1.112,-0.972,-0.52,0.414,-0.418,-0.25,-0.278,0.12,-0.042,0.148,0.035,-0.104,-0.01,-0.009,0.004,0.013,-0.003,0.22,0.0,0.0,0.8,0.0,0.0,0.0,0.0,0.0,0.55,0.0,0.0,0.0,0.0,0.0,0.16,0.0,0.0,1.0,0.0,1.0,0.0,0.0,0.0,0.0,0.0,0.0,0.0,0.0,0.0,0.0,0.0,1.0,1.0,0.0
PP133,g1,4676,0,0.975,0.200139,0.195091,-0.960148,0.043942,0.19403,-0.980011,0.125,0.198,247.5,248.8,252.0,255.2,256.5,255.4,252.0,248.8,243.2,245.2,248.1,251.6,255.1,257.7,259.5,257.4,254.4,251.2,248.1,245.3,250.6,252.0,253.4,254.0,253.4,252.0,250.6,250.1,284.9,285.8,288.5,291.5,292.9,292.1,289.3,286.1,281.9,283.8,286.4,289.7,292.6,294.6,295.8,294.7,292.9,290.3,287.4,284.3,287.6,288.9,290.1,290.5,289.8,288.5,287.3,287.0,161.2,157.9,156.6,157.9,161.1,164.6,165.7,164.4,162.6,160.8,159.6,159.1,159.7,161.2,163.3,164.4,164.9,165.1,164.8,164.0,162.6,163.2,162.6,161.2,159.8,159.2,159.8,161.2,160.2,157.0,155.5,156.6,159.7,162.8,164.3,163.5,162.5,160.3,158.6,157.8,158.2,159.2,160.9,162.4,163.3,163.7,163.7,163.5,161.5,161.9,161.3,159.9,158.6,158.1,158.7,160.1,-3.2,-1.5,2.7,6.8,8.5,7.1,2.6,-1.5,-9.0,-6.3,-2.5,2.1,6.6,10.1,12.5,9.7,5.8,1.6,-2.5,-6.2,0.8,2.6,4.5,5.2,4.5,2.7,0.8,0.1,47.2,48.5,52.3,56.5,58.6,57.3,53.4,48.9,43.2,45.7,49.2,53.7,58.0,61.1,63.1,61.3,58.4,54.7,50.5,46.4,51.1,52.9,54.6,55.1,54.3,52.4,50.7,50.2,-34.5,-38.8,-40.6,-38.8,-34.5,-30.0,-28.5,-30.3,-32.9,-35.1,-36.5,-37.2,-36.4,-34.5,-31.9,-30.3,-29.6,-29.3,-29.7,-30.8,-32.6,-31.8,-32.6,-34.5,-36.4,-37.1,-36.4,-34.5,-36.9,-41.3,-43.5,-42.1,-38.0,-33.6,-31.5,-32.5,-33.9,-36.8,-39.0,-40.2,-39.9,-38.8,-36.7,-34.4,-33.0,-32.2,-32.1,-32.5,-35.4,-34.8,-35.7,-37.6,-39.4,-40.0,-39.1,-37.2,512.1,512.5,512.7,512.5,512.1,512.0,511.5,511.7,516.2,513.6,511.3,510.2,510.9,512.4,514.1,512.4,510.8,510.5,511.5,513.6,512.7,512.7,512.8,512.9,513.1,513.2,513.1,512.9,528.5,529.5,531.1,532.5,532.8,531.9,530.2,529.0,529.0,528.2,528.0,529.0,531.8,535.3,538.7,535.4,532.1,529.7,528.4,528.5,530.6,531.2,531.9,532.3,532.2,531.6,530.9,530.5,34.4,-3.7,658.0,0.218,-0.184,0.009,223.2,223.6,225.3,227.9,232.7,240.0,249.0,259.5,269.9,278.4,284.6,290.2,295.2,298.8,301.2,302.9,303.5,233.9,240.5,249.1,257.8,265.6,280.7,287.2,293.5,299.5,303.2,273.4,274.4,275.6,276.7,265.4,269.8,274.3,278.2,281.6,243.1,248.4,254.6,259.6,254.4,248.2,281.9,286.7,292.2,295.9,292.8,287.3,256.1,263.7,270.0,273.6,277.2,281.6,285.0,281.5,277.2,273.3,269.3,263.2,259.1,269.6,273.3,276.9,283.0,276.9,273.2,269.5,161.8,173.4,184.7,195.7,206.1,215.0,222.4,227.8,229.0,226.7,220.1,212.1,203.0,193.1,182.6,171.8,160.8,154.4,149.8,148.6,149.9,152.7,152.0,148.8,147.2,147.8,151.8,161.3,169.0,176.7,184.6,189.7,191.1,192.2,190.9,189.2,162.5,159.5,159.6,163.4,164.8,165.0,162.6,158.4,158.2,160.8,163.4,163.8,204.9,202.5,200.9,201.9,200.6,202.0,203.7,209.0,211.2,211.8,211.6,209.7,205.1,204.6,204.8,204.3,204.3,205.5,206.1,205.8,-46.8,-46.4,-43.8,-39.3,-30.8,-17.7,-1.7,16.5,34.7,50.2,62.3,73.6,83.3,89.9,94.1,96.9,97.7,-26.8,-15.6,-1.4,12.7,25.3,50.6,61.9,73.4,84.7,92.5,38.4,39.8,41.3,42.8,25.3,32.5,39.8,46.5,52.4,-11.5,-2.6,7.7,16.0,7.4,-3.0,53.9,62.3,72.1,79.2,73.1,63.4,10.2,22.8,33.1,39.0,45.2,53.1,60.2,53.3,45.5,38.7,32.1,22.0,15.3,32.5,38.7,44.9,56.3,44.9,38.6,32.3,-44.9,-24.9,-4.9,14.6,33.0,48.8,61.3,70.2,72.2,69.1,58.8,45.0,28.6,10.3,-9.0,-28.7,-48.8,-55.1,-62.2,-63.7,-61.2,-56.5,-58.4,-64.5,-68.1,-68.0,-62.1,-43.1,-30.1,-17.4,-4.6,3.6,5.9,7.7,5.6,2.8,-41.6,-46.4,-46.3,-40.2,-37.7,-37.4,-42.1,-49.4,-50.0,-46.0,-41.1,-40.3,29.3,24.9,22.1,23.8,21.8,24.4,27.9,36.2,39.6,40.5,40.0,37.0,29.6,28.4,28.8,28.0,28.7,30.0,31.0,30.5,682.8,686.8,691.6,694.8,695.0,692.7,687.3,679.9,679.6,688.8,703.6,715.5,720.4,719.5,717.3,715.1,713.9,650.1,644.0,639.8,636.5,635.2,642.8,650.4,659.3,669.0,679.3,641.7,636.3,630.5,625.2,641.3,640.5,640.4,643.7,647.7,651.0,647.8,648.5,650.3,649.1,648.5,660.3,662.5,666.7,673.5,667.5,663.3,659.1,648.8,645.2,646.6,648.7,657.8,671.4,660.1,652.9,650.3,649.2,651.8,656.9,648.5,649.4,652.1,667.4,652.0,649.3,648.6,0.589,0.224,-0.246,0.023,270.364,185.09,-6.347,7.945,-14.05,17.486,5.811,1.017,-4.066,3.272,3.539,-2.407,0.311,1.505,0.154,-2.062,-0.675,-0.014,0.409,1.045,-1.017,-0.594,0.46,-0.399,-0.08,-0.244,0.187,-0.05,0.122,0.031,-0.102,-0.002,-0.01,0.005,0.007,0.006,0.67,0.28,0.0,1.28,0.0,0.0,0.0,0.0,0.0,0.44,0.0,0.0,0.0,0.0,0.0,0.0,0.0,0.0,1.0,0.0,1.0,0.0,0.0,0.0,0.0,0.0,0.0,0.0,0.0,0.0,0.0,0.0,0.0,1.0,0.0
PP133,g1,4682,0,0.975,0.199221,0.190577,-0.961245,0.043618,0.189443,-0.980922,0.124,0.193,247.3,248.6,251.8,255.0,256.3,255.2,251.8,248.6,243.0,245.0,247.9,251.4,254.8,257.5,259.2,257.2,254.2,251.0,247.9,245.0,250.4,251.8,253.2,253.8,253.2,251.8,250.4,249.8,284.6,285.5,288.2,291.2,292.7,291.8,289.1,285.9,281.6,283.5,286.2,289.4,292.3,294.3,295.5,294.5,292.6,290.1,287.1,284.0,287.3,288.6,289.8,290.2,289.6,288.3,287.1,286.7,160.8,157.5,156.2,157.5,160.7,164.2,165.3,164.0,162.2,160.4,159.2,158.7,159.3,160.8,162.8,164.0,164.5,164.7,164.4,163.7,162.3,162.8,162.2,160.8,159.4,158.8,159.4,160.8,159.8,156.6,155.1,156.2,159.3,162.5,163.9,163.1,162.1,159.9,158.2,157.4,157.8,158.8,160.5,162.0,162.9,163.3,163.3,163.1,161.1,161.5,160.9,159.5,158.2,157.7,158.3,159.7,-3.5,-1.8,2.4,6.5,8.2,6.8,2.4,-1.8,-9.3,-6.6,-2.8,1.8,6.3,9.8,12.2,9.4,5.5,1.3,-2.8,-6.5,0.5,2.4,4.2,4.9,4.2,2.4,0.5,-0.2,46.9,48.1,52.0,56.2,58.2,56.9,53.0,48.6,42.9,45.3,48.9,53.4,57.6,60.8,62.8,61.0,58.0,54.3,50.2,46.0,50.7,52.5,54.2,54.8,53.9,52.1,50.4,49.8,-35.1,-39.3,-41.1,-39.4,-35.1,-30.5,-29.0,-30.8,-33.4,-35.6,-37.0,-37.7,-36.9,-35.1,-32.4,-30.8,-30.1,-29.8,-30.2,-31.4,-33.1,-32.4,-33.2,-35.0,-36.9,-37.7,-36.9,-35.0,-37.5,-41.9,-44.0,-42.6,-38.5,-34.1,-32.0,-33.1,-34.4,-37.3,-39.5,-40.8,-40.5,-39.3,-37.2,-34.9,-33.5,-32.8,-32.7,-33.0,-35.9,-35.3,-36.2,-38.1,-39.9,-40.6,-39.6,-37.7,512.1,512.5,512.7,512.6,512.2,512.0,511.5,511.7,516.2,513.6,511.3,510.2,510.9,512.4,514.1,512.5,510.9,510.5,511.5,513.7,512.8,512.7,512.8,513.0,513.1,513.2,513.1,512.9,528.5,529.4,531.1,532.4,532.7,531.8,530.1,528.9,528.9,528.1,527.9,529.0,531.7,535.2,538.6,535.3,532.0,529.6,528.3,528.4,530.5,531.1,531.9,532.3,532.1,531.6,530.8,530.4,34.2,-4.5,658.2,0.211,-0.182,0.006,223.0,223.5,225.2,227.9,232.6,240.0,249.1,259.5,270.0,278.5,284.7,290.3,295.2,298.8,301.1,302.7,303.2,233.5,240.1,248.8,257.5,265.4,280.4,286.9,293.2,299.2,302.9,273.1,274.2,275.4,276.6,265.2,269.7,274.2,278.1,281.5,242.9,248.2,254.4,259.4,254.2,248.0,281.6,286.5,292.0,295.7,292.5,287.1,256.0,263.6,269.9,273.5,277.1,281.5,285.0,281.5,277.2,273.2,269.2,263.1,259.0,269.5,273.2,276.9,282.9,276.9,273.1,269.4,161.5,173.1,184.4,195.4,205.7,214.6,221.9,227.3,228.5,226.1,219.6,211.6,202.6,192.7,182.3,171.5,160.6,154.1,149.4,148.1,149.4,152.2,151.5,148.3,146.7,147.4,151.5,160.8,168.5,176.2,184.0,189.2,190.6,191.7,190.3,188.7,162.1,159.1,159.2,163.0,164.4,164.6,162.2,158.0,157.8,160.4,163.0,163.4,204.4,202.0,200.3,201.3,200.1,201.4,203.2,208.3,210.6,211.2,211.0,209.1,204.6,204.0,204.3,203.7,203.7,204.9,205.6,205.3,-47.4,-46.7,-44.0,-39.4,-30.9,-17.7,-1.6,16.6,34.8,50.3,62.4,73.8,83.3,89.8,93.9,96.7,97.4,-27.5,-16.4,-2.0,12.3,25.0,50.1,61.5,73.0,84.4,92.1,38.0,39.5,41.0,42.5,25.0,32.3,39.6,46.3,52.2,-11.9,-3.0,7.3,15.6,7.0,-3.3,53.5,61.9,71.7,78.9,72.7,63.0,10.1,22.6,32.9,38.8,45.1,53.1,60.2,53.2,45.4,38.6,32.0,21.9,15.1,32.3,38.5,44.9,56.2,44.9,38.5,32.2,-45.5,-25.4,-5.4,14.0,32.4,48.1,60.6,69.3,71.3,68.1,57.8,44.2,27.9,9.6,-9.6,-29.3,-49.3,-55.7,-63.0,-64.6,-62.2,-57.4,-59.3,-65.3,-68.9,-68.7,-62.7,-43.9,-30.9,-18.3,-5.6,2.8,5.0,6.8,4.7,1.9,-42.3,-47.1,-47.1,-40.9,-38.4,-38.1,-42.8,-50.1,-50.7,-46.7,-41.8,-41.0,28.5,24.0,21.2,22.9,20.9,23.4,27.0,35.2,38.6,39.5,39.0,36.1,28.7,27.5,27.9,27.0,27.7,29.0,30.0,29.5,684.2,688.0,692.5,695.5,695.5,693.0,687.3,679.7,679.4,688.8,703.6,715.6,720.6,719.8,717.9,715.9,714.9,651.4,645.1,640.7,637.2,635.8,643.3,650.9,660.1,669.9,680.3,642.3,636.8,630.8,625.3,641.6,640.7,640.5,643.9,647.8,651.8,648.6,649.2,651.1,649.8,649.2,660.9,663.2,667.5,674.3,668.2,664.0,659.1,648.8,645.2,646.6,648.8,657.9,671.5,660.1,652.8,650.2,649.1,651.7,657.0,648.5,649.4,652.2,667.4,652.1,649.3,648.6,0.589,0.216,-0.244,0.019,270.223,184.622,-4.65,8.401,-13.748,17.399,6.004,0.862,-4.243,3.505,3.597,-2.038,-0.104,1.17,0.094,-1.754,-0.697,-0.196,0.249,0.965,-1.06,-0.583,0.424,-0.364,-0.181,-0.273,0.178,-0.059,0.105,0.024,-0.094,-0.008,-0.023,0.01,0.01,0.001,0.63,0.16,0.0,1.36,0.0,0.0,0.0,0.0,0.0,0.3,0.0,0.0,0.0,0.0,0.0,0.0,0.0,1.0,1.0,0.0,1.0,0.0,0.0,0.0,0.0,0.0,0.0,0.0,0.0,0.0,0.0,0.0,0.0,1.0,0.0
PP133,g1,4688,0,0.975,0.196625,0.183613,-0.963133,0.043193,0.183489,-0.982072,0.123,0.187,247.0,248.3,251.5,254.7,256.0,254.9,251.5,248.4,242.7,244.7,247.6,251.1,254.6,257.2,259.0,256.9,254.0,250.7,247.6,244.8,250.1,251.5,252.9,253.5,252.9,251.5,250.1,249.6,284.3,285.2,287.9,290.9,292.4,291.5,288.8,285.6,281.4,283.2,285.9,289.1,292.0,294.1,295.3,294.2,292.3,289.8,286.8,283.7,287.1,288.4,289.5,289.9,289.3,288.0,286.8,286.4,160.7,157.5,156.1,157.4,160.6,164.1,165.3,164.0,162.2,160.4,159.2,158.6,159.2,160.7,162.7,163.9,164.4,164.6,164.4,163.6,162.2,162.8,162.2,160.7,159.3,158.8,159.4,160.8,159.6,156.4,155.0,156.1,159.1,162.3,163.8,162.9,161.9,159.7,158.1,157.2,157.6,158.6,160.4,161.8,162.7,163.2,163.2,162.9,160.9,161.4,160.7,159.3,158.0,157.5,158.2,159.6,-3.9,-2.2,1.9,6.1,7.9,6.5,2.0,-2.1,-9.6,-6.9,-3.2,1.4,6.0,9.4,11.8,9.1,5.2,1.0,-3.2,-6.9,0.2,2.0,3.8,4.6,3.8,2.0,0.2,-0.6,46.4,47.7,51.5,55.7,57.7,56.5,52.6,48.1,42.4,44.9,48.4,52.9,57.1,60.3,62.3,60.5,57.6,53.9,49.7,45.6,50.3,52.1,53.8,54.3,53.4,51.6,49.9,49.4,-35.1,-39.4,-41.2,-39.4,-35.2,-30.6,-29.1,-30.8,-33.4,-35.6,-37.0,-37.7,-37.0,-35.2,-32.6,-30.9,-30.2,-29.9,-30.3,-31.4,-33.2,-32.4,-33.2,-35.1,-37.0,-37.7,-36.9,-35.1,-37.7,-42.0,-44.2,-42.8,-38.7,-34.3,-32.2,-33.2,-34.6,-37.5,-39.7,-40.9,-40.6,-39.5,-37.4,-35.1,-33.7,-33.0,-32.9,-33.2,-36.1,-35.5,-36.4,-38.3,-40.1,-40.7,-39.8,-37.9,511.6,512.1,512.2,512.0,511.6,511.4,511.0,511.2,515.8,513.2,510.9,509.7,510.4,511.8,513.5,511.9,510.3,510.0,511.0,513.2,512.3,512.2,512.3,512.4,512.6,512.7,512.6,512.4,527.8,528.7,530.4,531.7,532.0,531.0,529.4,528.1,528.2,527.4,527.2,528.3,531.0,534.5,537.9,534.6,531.3,528.8,527.6,527.7,529.8,530.4,531.1,531.5,531.4,530.8,530.1,529.7,33.9,-4.5,657.2,0.2,-0.18,0.001,222.9,223.5,225.2,228.0,232.8,240.2,249.2,259.6,270.0,278.5,284.6,290.2,295.0,298.6,300.9,302.6,303.0,233.2,239.7,248.4,257.1,265.0,280.1,286.6,292.9,298.9,302.6,272.8,273.9,275.1,276.3,265.0,269.5,274.0,278.0,281.3,242.6,247.9,254.1,259.1,254.0,247.7,281.3,286.2,291.7,295.4,292.3,286.8,255.9,263.5,269.8,273.4,277.1,281.4,285.0,281.5,277.2,273.2,269.2,263.1,258.9,269.4,273.1,276.8,282.9,276.8,273.1,269.3,161.7,173.3,184.8,195.8,206.2,215.1,222.4,227.8,228.9,226.6,220.2,212.1,203.1,193.0,182.4,171.5,160.4,154.2,149.3,148.0,149.2,152.0,151.3,148.1,146.5,147.2,151.4,160.6,168.3,175.9,183.8,189.1,190.5,191.5,190.2,188.5,162.1,159.1,159.1,162.8,164.3,164.5,162.0,157.8,157.6,160.3,162.9,163.2,204.5,202.0,200.3,201.3,200.0,201.4,203.2,208.4,210.7,211.3,211.1,209.2,204.7,204.0,204.2,203.6,203.8,204.9,205.6,205.3,-47.5,-46.7,-43.9,-39.1,-30.6,-17.4,-1.5,16.7,34.8,50.2,62.2,73.4,82.9,89.4,93.4,96.1,96.8,-28.0,-16.9,-2.6,11.6,24.4,49.5,60.9,72.4,83.8,91.6,37.4,38.9,40.5,42.1,24.6,32.0,39.3,46.0,51.9,-12.3,-3.5,6.8,15.2,6.6,-3.8,53.0,61.4,71.2,78.3,72.2,62.5,10.0,22.4,32.6,38.6,44.9,52.9,60.0,53.1,45.4,38.5,31.8,21.7,15.0,32.1,38.3,44.7,56.1,44.7,38.3,32.0,-45.1,-24.9,-4.8,14.8,33.2,48.9,61.3,70.0,71.8,68.8,58.7,45.1,28.7,10.1,-9.3,-29.2,-49.5,-55.5,-63.0,-64.7,-62.4,-57.7,-59.6,-65.7,-69.2,-69.0,-62.9,-44.2,-31.3,-18.6,-5.9,2.6,4.8,6.6,4.4,1.6,-42.3,-47.1,-47.2,-41.1,-38.5,-38.1,-43.0,-50.3,-51.0,-46.9,-42.1,-41.3,28.6,24.0,21.1,22.7,20.7,23.3,27.0,35.2,38.6,39.5,39.1,36.2,28.9,27.3,27.7,26.8,27.7,29.0,30.0,29.5,683.5,687.2,691.6,694.4,694.3,691.7,686.0,678.3,677.9,687.2,702.2,714.2,719.3,718.5,716.6,714.6,713.7,651.2,644.9,640.5,637.0,635.5,642.9,650.5,659.6,669.4,679.8,641.8,636.1,630.0,624.4,640.6,639.6,639.4,642.8,646.8,651.4,648.3,648.9,650.6,649.3,648.8,660.2,662.6,666.8,673.5,667.4,663.3,658.1,647.7,644.1,645.4,647.6,656.6,670.1,658.7,651.4,648.8,647.8,650.5,655.9,647.3,648.1,650.9,666.1,650.8,648.1,647.5,0.59,0.205,-0.242,0.013,270.071,184.65,-5.802,8.112,-13.446,18.717,5.329,1.302,-4.153,3.38,3.612,-2.948,-0.38,1.061,0.004,-1.741,-0.6,-0.105,0.323,0.897,-1.167,-0.651,0.456,-0.293,-0.273,-0.359,0.12,0.008,0.116,0.019,-0.092,-0.007,-0.022,0.001,0.013,-0.005,0.43,0.0,0.0,1.1,0.0,0.0,0.0,0.0,0.0,0.1,0.0,0.0,0.0,0.0,0.0,0.0,0.0,0.0,1.0,0.0,1.0,0.0,0.0,0.0,0.0,0.0,0.0,0.0,0.0,0.0,0.0,0.0,0.0,1.0,0.0
PP133,g1,4694,0,0.975,0.197823,0.176313,-0.964251,0.049377,0.175868,-0.983175,0.126,0.179,247.4,248.7,251.8,255.0,256.4,255.3,251.9,248.7,243.1,245.1,247.9,251.4,254.9,257.5,259.3,257.3,254.3,251.1,248.0,245.2,250.5,251.9,253.3,253.8,253.2,251.9,250.5,249.9,284.6,285.5,288.2,291.1,292.6,291.8,289.1,285.9,281.6,283.5,286.1,289.4,292.3,294.3,295.5,294.4,292.6,290.1,287.1,284.0,287.3,288.6,289.8,290.2,289.5,288.2,287.0,286.7,160.6,157.4,156.0,157.3,160.5,164.0,165.1,163.8,162.1,160.3,159.1,158.4,159.0,160.5,162.6,163.7,164.2,164.4,164.2,163.5,162.1,162.6,162.0,160.6,159.2,158.6,159.2,160.7,159.5,156.3,154.8,155.9,159.0,162.1,163.6,162.7,161.8,159.6,157.9,157.1,157.5,158.5,160.3,161.7,162.6,163.0,163.0,162.7,160.7,161.2,160.6,159.2,157.9,157.4,158.0,159.4,-3.4,-1.7,2.4,6.6,8.4,7.0,2.5,-1.6,-9.1,-6.5,-2.7,1.9,6.4,9.9,12.3,9.6,5.7,1.5,-2.7,-6.4,0.7,2.5,4.3,5.1,4.3,2.4,0.6,-0.1,46.9,48.2,52.0,56.2,58.2,57.0,53.1,48.6,42.9,45.4,48.9,53.5,57.7,60.8,62.8,61.0,58.1,54.4,50.3,46.1,50.8,52.6,54.3,54.8,53.9,52.1,50.4,49.9,-35.4,-39.7,-41.5,-39.8,-35.5,-30.9,-29.4,-31.1,-33.6,-35.9,-37.3,-38.1,-37.3,-35.5,-32.9,-31.3,-30.6,-30.2,-30.6,-31.6,-33.5,-32.7,-33.5,-35.4,-37.3,-38.0,-37.2,-35.4,-38.0,-42.4,-44.5,-43.1,-39.0,-34.6,-32.5,-33.6,-34.9,-37.9,-40.1,-41.3,-41.0,-39.8,-37.6,-35.4,-34.0,-33.3,-33.2,-33.6,-36.4,-35.8,-36.7,-38.6,-40.4,-41.1,-40.1,-38.2,513.7,514.1,514.3,514.1,513.6,513.4,513.0,513.2,517.8,515.2,512.9,511.8,512.4,513.8,515.5,513.9,512.3,511.9,513.0,515.2,514.3,514.2,514.2,514.4,514.6,514.7,514.6,514.5,529.6,530.6,532.3,533.6,533.9,532.9,531.2,530.0,529.9,529.2,529.1,530.2,532.9,536.4,539.8,536.5,533.1,530.6,529.4,529.5,531.7,532.3,533.0,533.4,533.3,532.7,532.0,531.6,34.5,-4.5,656.0,0.188,-0.186,-0.001,223.2,223.7,225.5,228.2,233.1,240.4,249.5,260.1,270.6,279.2,285.2,290.6,295.3,298.7,301.0,302.6,303.0,233.6,240.1,248.8,257.5,265.3,280.3,286.8,293.0,299.0,302.7,273.1,274.3,275.6,276.9,265.5,270.0,274.5,278.5,281.8,243.0,248.2,254.4,259.5,254.3,248.1,281.6,286.4,291.9,295.6,292.5,287.1,256.5,264.1,270.3,273.9,277.6,282.0,285.4,282.1,277.8,273.8,269.8,263.7,259.5,269.9,273.7,277.4,283.4,277.4,273.7,269.9,161.9,173.5,185.0,196.0,206.5,215.4,222.8,228.2,229.3,227.0,220.5,212.4,203.3,193.2,182.6,171.7,160.7,154.2,149.3,147.9,149.1,151.8,151.1,147.9,146.4,147.2,151.4,160.3,168.0,175.7,183.6,189.0,190.3,191.4,190.1,188.3,162.0,159.0,158.9,162.7,164.2,164.4,161.9,157.7,157.5,160.2,162.7,163.0,204.6,202.0,200.3,201.2,200.0,201.4,203.3,208.4,210.6,211.3,211.1,209.3,204.8,204.0,204.2,203.6,203.8,204.9,205.6,205.3,-46.9,-46.1,-43.3,-38.6,-30.0,-16.9,-0.9,17.5,35.7,51.2,63.1,74.0,83.2,89.5,93.4,96.1,96.7,-27.2,-16.3,-2.0,12.2,24.9,49.9,61.2,72.6,84.0,91.6,38.0,39.6,41.3,42.9,25.4,32.7,40.1,46.8,52.6,-11.6,-2.9,7.4,15.8,7.2,-3.1,53.4,61.8,71.5,78.6,72.5,62.9,10.9,23.3,33.4,39.5,45.7,53.7,60.7,54.0,46.3,39.5,32.8,22.7,15.9,33.0,39.2,45.6,56.8,45.6,39.2,32.8,-44.8,-24.6,-4.4,15.2,33.6,49.4,61.9,70.5,72.3,69.3,59.2,45.5,29.0,10.5,-8.9,-28.8,-49.0,-55.4,-63.0,-64.9,-62.6,-58.0,-59.9,-65.9,-69.4,-69.1,-62.9,-44.6,-31.6,-19.0,-6.2,2.4,4.6,6.4,4.2,1.4,-42.4,-47.3,-47.4,-41.3,-38.7,-38.3,-43.3,-50.6,-51.2,-47.1,-42.3,-41.6,28.8,24.0,21.0,22.6,20.6,23.3,27.1,35.2,38.5,39.4,39.0,36.2,29.0,27.3,27.7,26.8,27.8,28.9,29.9,29.5,682.1,685.8,690.1,692.9,692.6,689.9,684.0,676.3,675.9,685.6,700.7,713.1,718.4,717.7,715.7,713.6,712.8,650.1,644.0,639.8,636.4,635.1,642.8,650.4,659.5,669.2,679.5,641.2,635.3,629.0,623.2,639.4,638.4,638.1,641.6,645.8,650.3,647.3,648.0,649.7,648.4,647.8,659.8,662.3,666.5,673.1,667.0,662.8,656.3,645.9,642.6,644.0,646.2,655.3,668.8,657.2,649.8,647.1,646.0,648.5,654.1,645.7,646.6,649.5,664.6,649.3,646.5,645.8,0.591,0.193,-0.25,0.011,270.47,184.662,-5.809,8.876,-13.814,19.493,3.69,1.543,-4.143,3.76,3.911,-2.854,-0.257,0.942,-0.03,-1.852,-0.598,-0.173,0.237,1.045,-0.984,-0.667,0.443,-0.194,-0.358,-0.5,0.174,0.033,0.106,0.031,-0.107,-0.012,-0.028,-0.006,0.008,0.0,0.58,0.24,0.0,0.98,0.0,0.0,0.0,0.0,0.0,0.13,0.0,0.0,0.0,0.0,0.0,0.0,0.0,0.0,1.0,0.0,1.0,0.0,0.0,0.0,0.0,0.0,0.0,0.0,0.0,0.0,0.0,0.0,0.0,1.0,0.0
PP133,g1,4700,0,0.975,0.198149,0.181183,-0.963281,0.046955,0.180554,-0.982444,0.125,0.184,247.0,248.3,251.5,254.7,256.0,254.9,251.5,248.3,242.7,244.7,247.6,251.1,254.5,257.2,259.0,256.9,253.9,250.7,247.6,244.8,250.1,251.5,252.9,253.5,252.9,251.5,250.1,249.5,284.3,285.2,287.9,290.9,292.4,291.5,288.8,285.6,281.3,283.2,285.8,289.1,292.0,294.0,295.2,294.2,292.3,289.8,286.8,283.7,287.0,288.3,289.5,289.9,289.2,287.9,286.8,286.4,160.6,157.4,156.0,157.3,160.5,164.0,165.2,163.8,162.1,160.3,159.1,158.5,159.1,160.6,162.6,163.8,164.3,164.5,164.2,163.5,162.1,162.7,162.1,160.6,159.2,158.7,159.2,160.7,159.6,156.4,155.0,156.1,159.1,162.3,163.8,162.9,161.9,159.7,158.1,157.2,157.6,158.7,160.4,161.9,162.7,163.2,163.1,162.9,160.9,161.4,160.7,159.4,158.0,157.5,158.2,159.6,-3.9,-2.2,1.9,6.1,7.8,6.4,2.0,-2.2,-9.6,-7.0,-3.2,1.4,5.9,9.4,11.8,9.0,5.2,0.9,-3.2,-6.9,0.2,2.0,3.8,4.5,3.8,2.0,0.1,-0.6,46.4,47.7,51.5,55.7,57.7,56.4,52.6,48.1,42.4,44.9,48.4,52.9,57.1,60.3,62.3,60.5,57.5,53.9,49.7,45.6,50.2,52.1,53.7,54.3,53.4,51.6,49.9,49.4,-35.2,-39.5,-41.3,-39.6,-35.3,-30.7,-29.2,-31.0,-33.5,-35.8,-37.2,-37.9,-37.1,-35.3,-32.7,-31.1,-30.4,-30.1,-30.5,-31.5,-33.3,-32.6,-33.4,-35.2,-37.1,-37.9,-37.1,-35.2,-37.7,-42.1,-44.2,-42.8,-38.7,-34.3,-32.2,-33.3,-34.6,-37.6,-39.8,-41.0,-40.6,-39.5,-37.3,-35.1,-33.7,-33.0,-32.9,-33.3,-36.1,-35.5,-36.4,-38.3,-40.1,-40.7,-39.8,-37.9,511.8,512.2,512.4,512.2,511.8,511.6,511.2,511.4,515.9,513.3,511.0,509.9,510.5,512.0,513.7,512.0,510.5,510.1,511.2,513.4,512.4,512.3,512.4,512.6,512.8,512.9,512.8,512.6,528.2,529.2,530.8,532.2,532.4,531.4,529.8,528.5,528.5,527.8,527.7,528.7,531.4,535.0,538.3,535.0,531.7,529.2,528.0,528.1,530.2,530.8,531.5,532.0,531.9,531.3,530.6,530.1,33.7,-4.3,656.0,0.196,-0.184,0.004,222.8,223.3,225.1,227.8,232.6,239.9,248.9,259.4,269.8,278.3,284.4,289.9,294.7,298.3,300.6,302.3,302.8,233.2,239.7,248.4,257.2,265.0,280.0,286.5,292.8,298.9,302.5,272.8,273.9,275.2,276.4,265.0,269.5,274.0,278.0,281.3,242.6,247.9,254.1,259.1,253.9,247.7,281.3,286.2,291.7,295.4,292.2,286.8,255.8,263.4,269.7,273.3,277.0,281.4,284.8,281.4,277.1,273.1,269.1,262.9,258.9,269.3,273.0,276.7,282.7,276.8,273.0,269.2,161.7,173.4,184.9,195.9,206.3,215.3,222.7,228.1,229.2,227.0,220.5,212.4,203.3,193.3,182.7,171.7,160.6,154.1,149.3,148.0,149.2,152.0,151.3,148.1,146.6,147.4,151.5,160.5,168.3,176.0,183.9,189.1,190.5,191.6,190.3,188.5,162.0,159.0,159.0,162.8,164.2,164.4,162.0,157.8,157.7,160.3,162.9,163.2,204.6,202.1,200.4,201.4,200.1,201.5,203.5,208.6,210.8,211.4,211.2,209.3,204.8,204.1,204.3,203.7,204.0,205.0,205.7,205.4,-47.5,-46.8,-44.0,-39.4,-30.9,-17.8,-1.9,16.3,34.4,49.8,61.7,72.8,82.2,88.7,92.8,95.6,96.3,-28.0,-16.9,-2.6,11.7,24.4,49.4,60.8,72.2,83.7,91.4,37.4,38.9,40.5,42.1,24.5,31.8,39.2,45.9,51.8,-12.3,-3.5,6.8,15.2,6.5,-3.8,52.8,61.3,71.0,78.1,72.0,62.3,9.8,22.2,32.4,38.4,44.7,52.6,59.6,52.9,45.1,38.3,31.6,21.5,14.8,31.9,38.1,44.5,55.7,44.5,38.1,31.7,-45.0,-24.8,-4.6,15.0,33.4,49.2,61.7,70.4,72.3,69.3,59.2,45.5,29.1,10.6,-8.9,-28.8,-49.0,-55.5,-63.0,-64.7,-62.4,-57.7,-59.5,-65.5,-69.0,-68.7,-62.5,-44.3,-31.3,-18.6,-5.8,2.6,4.9,6.7,4.5,1.7,-42.4,-47.3,-47.3,-41.1,-38.6,-38.3,-43.0,-50.3,-50.9,-46.8,-42.0,-41.3,28.8,24.1,21.2,22.9,20.9,23.5,27.3,35.5,38.8,39.6,39.2,36.3,29.0,27.4,27.9,27.0,28.0,29.2,30.2,29.6,682.1,685.8,690.2,693.0,692.9,690.3,684.6,676.8,676.5,685.9,700.9,713.1,718.3,717.6,715.7,713.6,712.8,650.0,643.8,639.5,636.1,634.6,642.2,649.9,659.0,668.8,679.1,640.8,635.1,628.9,623.2,639.4,638.4,638.1,641.6,645.7,650.2,647.2,647.8,649.5,648.2,647.6,659.4,661.8,666.0,672.7,666.6,662.5,656.7,646.4,642.9,644.2,646.4,655.5,668.9,657.4,650.2,647.5,646.5,649.1,654.5,646.1,646.9,649.7,664.8,649.6,646.8,646.2,0.591,0.201,-0.246,0.016,269.982,184.743,-5.948,8.441,-13.407,19.364,4.823,1.659,-4.07,3.26,3.867,-3.054,-0.069,1.072,0.161,-1.662,-0.554,-0.195,0.363,0.926,-1.059,-0.636,0.415,-0.319,-0.275,-0.475,0.13,0.044,0.107,0.027,-0.101,-0.006,-0.025,0.0,0.009,-0.003,0.66,0.25,0.0,1.02,0.0,0.0,0.0,0.0,0.0,0.14,0.0,0.0,0.0,0.0,0.0,0.0,0.0,1.0,1.0,0.0,1.0,0.0,0.0,0.0,0.0,0.0,0.0,0.0,0.0,0.0,0.0,0.0,0.0,1.0,0.0
PP133,g1,4706,0,0.975,0.198806,0.192185,-0.961011,0.044374,0.191567,-0.980476,0.125,0.195,246.9,248.2,251.4,254.5,255.9,254.8,251.4,248.2,242.6,244.6,247.5,251.0,254.4,257.0,258.8,256.7,253.8,250.6,247.4,244.6,250.0,251.4,252.8,253.3,252.8,251.4,250.0,249.4,284.2,285.1,287.8,290.7,292.2,291.3,288.6,285.4,281.2,283.1,285.7,288.9,291.8,293.9,295.1,294.0,292.1,289.6,286.6,283.5,286.9,288.2,289.3,289.7,289.1,287.8,286.6,286.2,160.3,157.1,155.8,157.1,160.3,163.8,164.9,163.6,161.8,160.0,158.8,158.2,158.9,160.3,162.4,163.6,164.0,164.2,164.0,163.2,161.8,162.4,161.8,160.4,159.0,158.4,159.0,160.4,159.4,156.2,154.8,155.9,158.9,162.1,163.5,162.7,161.7,159.5,157.9,157.0,157.4,158.4,160.2,161.6,162.5,162.9,162.9,162.7,160.7,161.1,160.5,159.1,157.8,157.3,157.9,159.3,-4.1,-2.4,1.8,6.0,7.7,6.3,1.8,-2.3,-9.8,-7.1,-3.3,1.3,5.8,9.2,11.6,8.9,5.0,0.8,-3.4,-7.1,-0.0,1.8,3.6,4.4,3.6,1.8,-0.0,-0.8,46.3,47.6,51.5,55.6,57.7,56.4,52.5,48.0,42.3,44.8,48.3,52.9,57.1,60.2,62.3,60.4,57.5,53.8,49.6,45.5,50.2,52.0,53.7,54.2,53.4,51.5,49.9,49.3,-35.7,-40.0,-41.8,-40.0,-35.7,-31.2,-29.7,-31.4,-34.1,-36.3,-37.6,-38.3,-37.6,-35.7,-33.1,-31.5,-30.8,-30.5,-30.9,-32.0,-33.8,-33.0,-33.8,-35.7,-37.6,-38.3,-37.5,-35.7,-38.1,-42.5,-44.6,-43.2,-39.1,-34.7,-32.6,-33.7,-35.1,-38.0,-40.2,-41.4,-41.0,-39.9,-37.8,-35.5,-34.1,-33.4,-33.3,-33.7,-36.5,-35.9,-36.8,-38.8,-40.6,-41.2,-40.2,-38.3,513.7,514.1,514.3,514.1,513.7,513.5,513.1,513.2,517.7,515.2,512.9,511.8,512.4,513.9,515.6,514.0,512.4,512.0,513.1,515.2,514.3,514.2,514.3,514.5,514.7,514.7,514.7,514.5,529.6,530.6,532.2,533.6,533.9,532.9,531.3,530.1,530.1,529.3,529.1,530.1,532.9,536.4,539.8,536.5,533.2,530.7,529.5,529.6,531.7,532.3,533.0,533.4,533.3,532.7,532.0,531.6,33.3,-5.0,658.4,0.211,-0.182,0.007,222.7,223.2,224.9,227.5,232.3,239.6,248.5,258.9,269.3,277.8,284.0,289.6,294.5,298.2,300.6,302.3,302.8,233.2,239.7,248.4,257.0,264.9,279.9,286.4,292.7,298.7,302.4,272.6,273.7,274.9,276.0,264.7,269.2,273.6,277.6,281.0,242.5,247.8,254.0,259.0,253.8,247.6,281.2,286.0,291.5,295.2,292.0,286.6,255.4,263.0,269.3,272.9,276.6,280.9,284.4,280.9,276.6,272.6,268.6,262.5,258.4,268.9,272.6,276.3,282.4,276.3,272.5,268.8,161.2,172.8,184.2,195.2,205.5,214.5,221.9,227.3,228.5,226.2,219.7,211.6,202.5,192.4,181.9,171.1,160.0,153.7,149.0,147.7,149.0,151.8,151.1,147.9,146.4,147.1,151.1,160.4,168.1,175.8,183.7,188.8,190.2,191.3,190.0,188.3,161.7,158.7,158.8,162.5,164.0,164.2,161.8,157.6,157.4,160.1,162.7,162.9,204.0,201.6,200.0,201.0,199.8,201.1,202.9,208.1,210.4,211.0,210.7,208.8,204.3,203.7,204.0,203.4,203.4,204.6,205.3,205.0,-47.8,-47.2,-44.6,-40.0,-31.5,-18.5,-2.6,15.5,33.6,49.1,61.2,72.5,82.1,88.7,92.9,95.7,96.5,-28.1,-17.0,-2.7,11.5,24.2,49.3,60.7,72.2,83.6,91.3,37.2,38.7,40.2,41.7,24.1,31.4,38.8,45.5,51.4,-12.6,-3.7,6.6,14.9,6.3,-4.0,52.7,61.1,70.9,78.0,71.9,62.2,9.1,21.6,31.9,37.9,44.2,52.1,59.2,52.3,44.5,37.6,30.9,20.8,14.1,31.3,37.6,43.9,55.3,43.9,37.5,31.2,-46.1,-25.9,-5.9,13.7,32.1,47.9,60.5,69.3,71.3,68.2,57.9,44.1,27.6,9.1,-10.3,-30.1,-50.3,-56.4,-63.6,-65.2,-62.9,-58.2,-60.0,-66.0,-69.5,-69.3,-63.3,-44.7,-31.6,-18.9,-6.1,2.1,4.5,6.3,4.1,1.3,-43.0,-47.8,-47.8,-41.6,-39.1,-38.8,-43.5,-50.7,-51.4,-47.3,-42.5,-41.8,27.9,23.5,20.7,22.4,20.4,22.9,26.5,34.9,38.3,39.1,38.6,35.6,28.2,26.9,27.4,26.5,27.2,28.6,29.6,29.1,683.9,687.8,692.4,695.4,695.4,693.0,687.5,679.9,679.6,688.8,703.6,715.5,720.4,719.6,717.5,715.4,714.4,651.5,645.3,641.0,637.6,636.2,643.7,651.3,660.3,669.9,680.2,642.5,637.0,631.0,625.6,641.8,640.8,640.6,644.0,648.0,651.9,648.8,649.4,651.2,649.9,649.3,661.0,663.3,667.4,674.1,668.1,664.0,659.5,649.2,645.6,646.9,649.1,658.1,671.6,660.3,653.0,650.4,649.4,652.0,657.3,648.8,649.6,652.4,667.6,652.3,649.5,648.9,0.589,0.215,-0.243,0.02,269.709,184.316,-6.875,8.141,-13.428,18.131,5.478,1.451,-4.213,2.658,3.503,-2.61,-0.062,1.357,0.167,-1.864,-0.622,-0.28,0.349,0.905,-1.118,-0.686,0.361,-0.413,-0.167,-0.308,0.056,-0.022,0.129,0.019,-0.104,-0.003,-0.019,0.008,0.012,-0.003,0.71,0.18,0.0,0.71,0.0,0.0,0.0,0.0,0.0,0.23,0.0,0.0,0.0,0.0,0.0,0.0,0.0,0.0,1.0,0.0,1.0,0.0,0.0,0.0,0.0,0.0,0.0,0.0,0.0,0.0,0.0,0.0,0.0,1.0,0.0
PP133,g1,4712,0,0.975,0.199205,0.187492,-0.961855,0.044068,0.186801,-0.981409,0.125,0.19,246.9,248.2,251.4,254.6,255.9,254.8,251.4,248.3,242.6,244.6,247.5,251.0,254.5,257.1,258.9,256.8,253.8,250.6,247.5,244.7,250.0,251.4,252.8,253.4,252.8,251.4,250.0,249.5,284.2,285.1,287.8,290.8,292.2,291.4,288.7,285.5,281.2,283.1,285.7,289.0,291.9,293.9,295.1,294.0,292.2,289.7,286.7,283.6,286.9,288.2,289.4,289.8,289.1,287.8,286.7,286.3,160.3,157.0,155.7,157.0,160.2,163.7,164.8,163.5,161.8,159.9,158.7,158.2,158.8,160.3,162.4,163.5,164.0,164.2,163.9,163.2,161.8,162.3,161.8,160.3,158.9,158.3,158.9,160.4,159.3,156.1,154.7,155.8,158.8,162.0,163.4,162.6,161.6,159.4,157.7,156.9,157.3,158.3,160.1,161.5,162.4,162.8,162.8,162.6,160.6,161.0,160.4,159.0,157.7,157.2,157.9,159.2,-4.0,-2.3,1.8,6.0,7.7,6.3,1.9,-2.3,-9.7,-7.1,-3.3,1.3,5.8,9.3,11.7,8.9,5.0,0.8,-3.3,-7.0,0.0,1.9,3.7,4.4,3.7,1.9,0.0,-0.7,46.3,47.6,51.4,55.6,57.6,56.3,52.5,48.0,42.3,44.8,48.3,52.8,57.0,60.2,62.2,60.4,57.5,53.8,49.6,45.5,50.2,52.0,53.7,54.2,53.3,51.5,49.8,49.3,-35.7,-40.0,-41.8,-40.0,-35.8,-31.2,-29.7,-31.5,-34.1,-36.3,-37.7,-38.4,-37.6,-35.8,-33.1,-31.5,-30.8,-30.5,-30.9,-32.0,-33.8,-33.1,-33.8,-35.7,-37.6,-38.3,-37.6,-35.7,-38.2,-42.5,-44.7,-43.3,-39.2,-34.8,-32.7,-33.8,-35.1,-38.0,-40.2,-41.5,-41.2,-40.0,-37.9,-35.6,-34.2,-33.4,-33.4,-33.7,-36.6,-36.0,-36.9,-38.8,-40.6,-41.2,-40.3,-38.4,512.7,513.1,513.3,513.1,512.7,512.5,512.1,512.3,516.8,514.2,511.9,510.8,511.5,512.9,514.6,513.0,511.4,511.0,512.1,514.2,513.3,513.2,513.3,513.5,513.7,513.8,513.7,513.5,528.7,529.6,531.3,532.6,532.9,531.9,530.3,529.1,529.1,528.3,528.2,529.2,531.9,535.4,538.8,535.5,532.2,529.7,528.5,528.6,530.7,531.3,532.0,532.5,532.4,531.8,531.0,530.6,33.5,-5.2,658.9,0.207,-0.182,0.006,222.7,223.2,224.9,227.6,232.4,239.7,248.7,259.2,269.6,278.1,284.2,289.8,294.7,298.3,300.7,302.3,302.8,233.2,239.8,248.4,257.1,264.9,280.0,286.4,292.7,298.7,302.5,272.7,273.8,275.0,276.1,264.8,269.3,273.7,277.7,281.1,242.5,247.8,254.0,259.0,253.8,247.6,281.2,286.0,291.6,295.3,292.1,286.6,255.5,263.2,269.4,273.0,276.7,281.1,284.6,281.1,276.8,272.8,268.8,262.6,258.6,269.0,272.7,276.5,282.5,276.4,272.7,268.9,161.2,172.8,184.2,195.1,205.4,214.3,221.6,227.0,228.1,225.8,219.4,211.5,202.4,192.5,181.9,171.1,160.0,153.7,148.9,147.7,148.9,151.7,151.0,147.8,146.2,147.0,151.1,160.3,168.0,175.6,183.5,188.7,190.1,191.2,189.8,188.2,161.7,158.6,158.7,162.5,163.9,164.1,161.7,157.5,157.3,160.0,162.6,162.9,204.0,201.5,199.8,200.8,199.6,201.0,202.8,207.9,210.2,210.8,210.5,208.7,204.2,203.6,203.8,203.2,203.3,204.4,205.1,204.8,-47.9,-47.2,-44.5,-39.9,-31.4,-18.3,-2.2,16.0,34.1,49.5,61.6,72.9,82.5,89.1,93.2,96.0,96.7,-28.0,-16.9,-2.6,11.6,24.3,49.4,60.8,72.3,83.7,91.5,37.3,38.8,40.4,41.9,24.3,31.6,39.0,45.7,51.6,-12.5,-3.7,6.7,15.0,6.4,-4.0,52.9,61.3,71.1,78.2,72.1,62.4,9.4,21.9,32.1,38.1,44.4,52.4,59.5,52.6,44.8,37.9,31.2,21.1,14.4,31.6,37.8,44.2,55.6,44.2,37.8,31.4,-46.0,-25.9,-5.9,13.6,31.9,47.6,60.1,68.7,70.6,67.6,57.5,43.9,27.6,9.2,-10.2,-30.1,-50.3,-56.5,-63.8,-65.4,-63.1,-58.4,-60.3,-66.3,-69.8,-69.6,-63.5,-44.9,-31.9,-19.2,-6.4,1.9,4.2,6.0,3.9,1.1,-43.2,-48.0,-48.0,-41.8,-39.2,-38.9,-43.7,-51.0,-51.6,-47.6,-42.7,-41.9,27.8,23.3,20.4,22.1,20.1,22.7,26.4,34.6,37.9,38.7,38.3,35.3,28.1,26.7,27.1,26.3,27.1,28.3,29.3,28.8,684.7,688.5,693.0,695.9,695.9,693.4,687.7,680.0,679.7,689.0,703.9,716.0,721.1,720.5,718.5,716.4,715.5,652.2,646.1,641.8,638.4,636.9,644.5,652.0,661.0,670.7,680.9,643.3,637.7,631.7,626.2,642.4,641.5,641.3,644.6,648.6,652.7,649.5,650.1,651.9,650.6,650.1,661.7,664.0,668.2,674.9,668.8,664.7,659.8,649.6,646.0,647.3,649.5,658.5,672.0,660.7,653.4,650.8,649.7,652.4,657.7,649.2,650.0,652.8,668.0,652.7,649.9,649.3,0.588,0.211,-0.244,0.018,269.808,184.193,-6.004,7.779,-13.89,17.551,5.708,1.325,-4.015,3.203,3.47,-2.245,0.015,1.238,0.335,-1.744,-0.923,0.04,0.531,0.967,-1.052,-0.768,0.286,-0.293,-0.235,-0.298,0.129,-0.048,0.093,0.016,-0.087,0.001,-0.013,0.006,0.005,0.001,0.37,0.04,0.0,1.14,0.0,0.0,0.0,0.0,0.0,0.18,0.0,0.0,0.0,0.0,0.0,0.0,0.0,0.0,1.0,0.0,1.0,0.0,0.0,0.0,0.0,0.0,0.0,0.0,0.0,0.0,0.0,0.0,0.0,1.0,0.0
PP133,g1,4718,0,0.975,0.197239,0.186183,-0.962514,0.043689,0.185451,-0.981682,0.123,0.189,246.9,248.2,251.3,254.5,255.8,254.7,251.4,248.2,242.6,244.6,247.4,250.9,254.4,257.0,258.8,256.7,253.8,250.6,247.4,244.6,250.0,251.4,252.7,253.3,252.7,251.3,250.0,249.4,284.1,285.0,287.7,290.7,292.2,291.3,288.6,285.4,281.1,283.0,285.6,288.9,291.8,293.8,295.0,294.0,292.1,289.6,286.6,283.5,286.8,288.1,289.3,289.7,289.0,287.7,286.6,286.2,160.1,156.8,155.5,156.8,160.0,163.5,164.6,163.3,161.6,159.8,158.6,158.0,158.6,160.1,162.1,163.3,163.8,164.0,163.7,163.0,161.6,162.1,161.6,160.1,158.7,158.2,158.7,160.2,159.1,155.9,154.5,155.6,158.6,161.8,163.2,162.4,161.4,159.2,157.5,156.7,157.1,158.1,159.9,161.4,162.2,162.6,162.6,162.4,160.4,160.9,160.2,158.8,157.5,157.0,157.7,159.0,-4.1,-2.4,1.8,5.9,7.7,6.2,1.8,-2.4,-9.8,-7.2,-3.4,1.2,5.7,9.2,11.6,8.8,4.9,0.7,-3.4,-7.1,-0.0,1.8,3.6,4.3,3.6,1.8,-0.1,-0.8,46.2,47.4,51.3,55.4,57.5,56.2,52.3,47.9,42.1,44.6,48.2,52.7,56.9,60.0,62.1,60.2,57.3,53.6,49.5,45.3,50.0,51.8,53.5,54.1,53.2,51.3,49.7,49.1,-36.0,-40.3,-42.1,-40.3,-36.1,-31.5,-30.0,-31.7,-34.3,-36.5,-38.0,-38.6,-37.9,-36.0,-33.4,-31.8,-31.1,-30.8,-31.2,-32.3,-34.1,-33.3,-34.1,-36.0,-37.9,-38.6,-37.8,-36.0,-38.4,-42.8,-44.9,-43.5,-39.4,-35.0,-32.9,-34.0,-35.3,-38.3,-40.5,-41.7,-41.4,-40.2,-38.1,-35.8,-34.4,-33.7,-33.6,-34.0,-36.8,-36.2,-37.1,-39.1,-40.8,-41.5,-40.5,-38.6,512.9,513.4,513.6,513.4,512.9,512.7,512.3,512.5,517.0,514.5,512.2,511.1,511.7,513.2,514.8,513.2,511.6,511.2,512.3,514.5,513.6,513.5,513.6,513.7,513.9,514.0,513.9,513.7,528.3,529.3,530.9,532.3,532.5,531.5,529.9,528.7,528.7,527.9,527.8,528.8,531.5,535.1,538.4,535.1,531.8,529.3,528.1,528.2,530.4,530.9,531.7,532.1,532.0,531.4,530.7,530.2,33.4,-5.4,658.2,0.205,-0.181,0.005,222.7,223.2,224.9,227.6,232.4,239.7,248.7,259.1,269.6,278.1,284.2,289.7,294.6,298.2,300.6,302.3,302.7,233.1,239.6,248.3,257.0,264.8,279.8,286.3,292.7,298.7,302.4,272.6,273.7,274.9,276.0,264.7,269.2,273.7,277.6,281.0,242.5,247.7,253.9,258.9,253.8,247.6,281.1,286.0,291.5,295.2,292.0,286.5,255.5,263.1,269.4,273.0,276.7,281.0,284.6,281.1,276.7,272.7,268.7,262.6,258.5,268.9,272.7,276.4,282.5,276.4,272.6,268.8,161.1,172.7,184.1,195.1,205.4,214.4,221.7,227.1,228.3,226.0,219.5,211.5,202.4,192.4,181.9,171.0,159.9,153.7,148.9,147.6,148.8,151.6,150.9,147.7,146.2,146.9,151.1,160.1,167.8,175.5,183.4,188.5,189.9,191.0,189.7,188.0,161.5,158.5,158.5,162.3,163.7,163.9,161.5,157.3,157.1,159.8,162.4,162.7,203.8,201.4,199.7,200.7,199.5,200.9,202.7,207.9,210.1,210.7,210.5,208.6,204.1,203.4,203.7,203.1,203.2,204.4,205.1,204.8,-47.9,-47.2,-44.5,-39.8,-31.3,-18.2,-2.3,15.9,34.0,49.4,61.5,72.8,82.3,88.8,92.9,95.7,96.5,-28.3,-17.2,-2.9,11.4,24.1,49.2,60.6,72.1,83.6,91.3,37.2,38.6,40.2,41.7,24.2,31.5,38.8,45.5,51.4,-12.6,-3.8,6.5,14.9,6.3,-4.1,52.6,61.1,70.9,78.0,71.9,62.1,9.3,21.7,32.0,38.0,44.3,52.3,59.4,52.5,44.7,37.8,31.1,21.0,14.3,31.5,37.7,44.1,55.5,44.0,37.6,31.3,-46.3,-26.1,-6.0,13.5,31.9,47.7,60.2,68.9,70.8,67.8,57.6,43.9,27.5,9.0,-10.3,-30.2,-50.4,-56.5,-63.9,-65.6,-63.2,-58.5,-60.4,-66.4,-69.9,-69.6,-63.5,-45.1,-32.1,-19.4,-6.6,1.7,4.0,5.8,3.6,0.8,-43.4,-48.3,-48.3,-42.1,-39.6,-39.2,-44.0,-51.3,-51.9,-47.8,-43.0,-42.2,27.6,23.0,20.2,21.9,19.9,22.5,26.1,34.4,37.8,38.7,38.2,35.2,27.8,26.4,26.9,26.0,26.9,28.2,29.2,28.7,684.4,688.2,692.6,695.5,695.4,692.8,687.1,679.4,679.0,688.3,703.2,715.2,720.3,719.6,717.6,715.5,714.6,652.0,645.7,641.4,637.9,636.4,643.9,651.5,660.5,670.2,680.6,642.6,637.0,630.9,625.3,641.6,640.6,640.4,643.8,647.8,652.2,649.1,649.7,651.4,650.1,649.6,661.1,663.4,667.6,674.2,668.2,664.1,659.2,648.9,645.3,646.6,648.7,657.8,671.3,659.9,652.7,650.1,649.1,651.7,657.1,648.5,649.3,652.1,667.3,652.0,649.2,648.6,0.589,0.209,-0.242,0.017,269.746,184.103,-6.068,8.2,-13.203,18.37,5.402,1.525,-4.009,2.99,3.972,-2.666,-0.095,1.094,0.304,-1.729,-0.716,-0.06,0.523,1.058,-0.994,-0.641,0.414,-0.418,-0.228,-0.277,0.14,-0.043,0.107,0.015,-0.095,-0.003,-0.019,0.003,0.008,-0.0,0.42,0.0,0.0,0.88,0.0,0.0,0.0,0.0,0.0,0.23,0.0,0.0,0.0,0.0,0.0,0.0,0.0,0.0,1.0,0.0,1.0,0.0,0.0,0.0,0.0,0.0,0.0,0.0,0.0,0.0,0.0,0.0,0.0,1.0,0.0
PP133,g1,4724,0,0.975,0.194721,0.1753,-0.965067,0.045069,0.174915,-0.983551,0.122,0.178,246.4,247.7,250.9,254.1,255.4,254.3,250.9,247.8,242.1,244.1,247.0,250.4,253.9,256.6,258.4,256.3,253.4,250.1,247.0,244.2,249.5,250.9,252.3,252.9,252.3,250.9,249.5,248.9,283.7,284.6,287.3,290.3,291.8,290.9,288.2,285.0,280.7,282.6,285.2,288.5,291.4,293.5,294.7,293.6,291.7,289.2,286.2,283.1,286.4,287.7,288.9,289.3,288.7,287.4,286.2,285.8,160.1,156.8,155.4,156.7,160.0,163.5,164.6,163.3,161.6,159.7,158.5,157.9,158.5,160.0,162.1,163.2,163.7,163.9,163.7,163.0,161.5,162.1,161.5,160.1,158.7,158.1,158.7,160.1,159.0,155.8,154.3,155.4,158.5,161.7,163.1,162.3,161.3,159.1,157.4,156.6,157.0,158.0,159.8,161.3,162.1,162.5,162.5,162.3,160.3,160.7,160.1,158.7,157.4,156.9,157.5,158.9,-4.7,-3.0,1.1,5.3,7.1,5.7,1.2,-2.9,-10.4,-7.7,-4.0,0.6,5.1,8.6,11.0,8.3,4.4,0.2,-3.9,-7.6,-0.6,1.2,3.0,3.8,3.0,1.2,-0.6,-1.4,45.5,46.7,50.6,54.7,56.8,55.5,51.6,47.2,41.5,43.9,47.5,52.0,56.2,59.3,61.4,59.5,56.6,53.0,48.8,44.6,49.3,51.1,52.8,53.4,52.5,50.6,49.0,48.4,-35.9,-40.2,-42.0,-40.3,-36.0,-31.4,-29.9,-31.7,-34.2,-36.5,-37.9,-38.6,-37.9,-36.0,-33.4,-31.8,-31.1,-30.7,-31.1,-32.2,-34.0,-33.3,-34.1,-36.0,-37.8,-38.6,-37.8,-35.9,-38.5,-42.8,-44.9,-43.5,-39.4,-35.0,-33.0,-34.0,-35.4,-38.3,-40.5,-41.7,-41.4,-40.2,-38.1,-35.8,-34.5,-33.7,-33.7,-34.0,-36.9,-36.2,-37.2,-39.1,-40.9,-41.5,-40.6,-38.7,511.3,511.7,511.9,511.7,511.2,511.0,510.6,510.8,515.4,512.9,510.5,509.4,510.0,511.4,513.1,511.4,509.9,509.6,510.7,512.9,511.9,511.8,511.8,512.0,512.2,512.3,512.3,512.1,526.6,527.6,529.3,530.6,530.8,529.8,528.1,526.9,526.9,526.2,526.1,527.1,529.8,533.4,536.7,533.4,530.1,527.6,526.4,526.4,528.6,529.2,529.9,530.4,530.3,529.7,529.0,528.5,32.9,-5.2,655.8,0.188,-0.18,-0.0,222.3,222.9,224.8,227.5,232.4,239.7,248.7,259.1,269.6,278.1,284.2,289.7,294.5,298.0,300.3,302.0,302.4,232.6,239.1,247.7,256.4,264.3,279.4,285.8,292.2,298.2,302.0,272.1,273.3,274.5,275.8,264.5,269.0,273.5,277.4,280.8,242.0,247.3,253.5,258.5,253.4,247.1,280.7,285.6,291.1,294.8,291.7,286.2,255.5,263.0,269.2,272.8,276.5,280.9,284.4,281.0,276.7,272.7,268.7,262.6,258.5,268.9,272.6,276.3,282.3,276.3,272.6,268.8,161.3,173.0,184.5,195.6,206.0,215.0,222.4,227.8,228.9,226.6,220.2,212.2,203.1,193.0,182.3,171.3,160.1,153.7,148.8,147.5,148.7,151.4,150.7,147.5,146.0,146.8,150.9,159.8,167.6,175.3,183.2,188.5,189.9,191.0,189.6,187.9,161.5,158.4,158.4,162.2,163.7,163.9,161.4,157.2,157.0,159.7,162.3,162.5,204.2,201.5,199.8,200.8,199.6,201.0,202.9,208.0,210.2,210.8,210.6,208.8,204.3,203.5,203.8,203.2,203.4,204.4,205.1,204.8,-48.3,-47.5,-44.6,-39.9,-31.3,-18.3,-2.4,15.8,33.9,49.3,61.3,72.4,81.7,88.1,92.1,94.9,95.6,-29.0,-18.0,-3.7,10.5,23.2,48.3,59.7,71.1,82.6,90.4,36.3,37.9,39.5,41.1,23.7,31.0,38.3,45.0,50.9,-13.3,-4.5,5.8,14.2,5.6,-4.8,51.8,60.3,70.0,77.2,71.1,61.4,9.3,21.6,31.7,37.7,43.9,51.8,58.9,52.2,44.4,37.6,31.0,21.0,14.3,31.2,37.4,43.7,55.0,43.7,37.4,31.1,-45.7,-25.5,-5.3,14.4,32.9,48.6,61.1,69.7,71.5,68.6,58.7,45.1,28.7,10.0,-9.5,-29.6,-49.9,-56.3,-63.8,-65.6,-63.3,-58.7,-60.6,-66.5,-70.0,-69.7,-63.5,-45.4,-32.4,-19.7,-6.9,1.6,3.9,5.7,3.5,0.7,-43.3,-48.2,-48.3,-42.1,-39.6,-39.2,-44.1,-51.4,-52.0,-47.9,-43.1,-42.3,28.0,23.2,20.3,21.9,20.0,22.6,26.4,34.4,37.7,38.5,38.1,35.3,28.2,26.5,26.9,26.1,27.1,28.1,29.1,28.6,682.8,686.4,690.6,693.2,692.9,690.1,684.2,676.3,675.8,685.2,700.3,712.6,717.9,717.3,715.4,713.3,712.4,650.7,644.5,640.2,636.6,635.1,642.6,650.2,659.1,668.7,679.0,641.1,635.2,628.9,623.1,639.4,638.3,638.0,641.4,645.5,650.7,647.7,648.3,649.9,648.6,648.1,659.5,662.0,666.1,672.7,666.6,662.5,656.5,646.2,642.7,644.0,646.2,655.1,668.4,656.8,649.7,647.1,646.1,648.7,654.2,645.8,646.6,649.4,664.3,649.2,646.4,645.8,0.591,0.193,-0.241,0.011,269.515,184.221,-6.019,8.183,-13.874,19.686,4.277,2.144,-3.88,3.464,4.211,-3.4,-0.289,1.098,0.069,-1.697,-0.541,-0.234,0.479,1.079,-1.137,-0.604,0.322,-0.292,-0.384,-0.386,0.147,0.032,0.098,0.022,-0.098,-0.013,-0.025,-0.008,0.009,-0.003,0.5,0.07,0.0,1.21,0.0,0.0,0.0,0.0,0.0,0.11,0.0,0.0,0.0,0.0,0.0,0.0,0.0,0.0,1.0,0.0,1.0,0.0,0.0,0.0,0.0,0.0,0.0,0.0,0.0,0.0,0.0,0.0,0.0,1.0,0.0
PP133,g1,4730,0,0.975,0.194328,0.171289,-0.965866,0.046386,0.170976,-0.984183,0.123,0.174,246.1,247.4,250.6,253.8,255.1,254.1,250.7,247.5,241.9,243.8,246.7,250.2,253.7,256.3,258.2,256.1,253.1,249.9,246.7,243.9,249.3,250.7,252.1,252.6,252.0,250.6,249.2,248.7,283.5,284.3,287.1,290.1,291.6,290.7,288.0,284.7,280.5,282.4,285.0,288.3,291.2,293.2,294.4,293.4,291.5,289.0,286.0,282.9,286.2,287.5,288.7,289.1,288.4,287.1,285.9,285.5,160.2,157.0,155.6,156.9,160.1,163.6,164.7,163.4,161.8,159.9,158.7,158.0,158.6,160.1,162.2,163.4,163.8,164.1,163.9,163.2,161.7,162.2,161.6,160.2,158.8,158.2,158.8,160.3,159.0,155.9,154.4,155.5,158.5,161.7,163.2,162.4,161.4,159.1,157.5,156.6,157.0,158.1,159.9,161.3,162.2,162.6,162.6,162.3,160.3,160.8,160.2,158.8,157.4,157.0,157.6,159.0,-5.1,-3.4,0.8,4.9,6.7,5.3,0.9,-3.3,-10.7,-8.1,-4.3,0.2,4.8,8.3,10.7,7.9,4.0,-0.2,-4.3,-8.0,-1.0,0.9,2.7,3.4,2.6,0.8,-1.0,-1.7,45.0,46.3,50.1,54.3,56.3,55.1,51.2,46.7,41.0,43.5,47.0,51.5,55.7,58.9,60.9,59.1,56.2,52.5,48.4,44.2,48.9,50.7,52.4,52.9,52.0,50.2,48.5,48.0,-35.7,-40.0,-41.8,-40.1,-35.8,-31.2,-29.7,-31.4,-33.9,-36.2,-37.6,-38.4,-37.6,-35.8,-33.2,-31.5,-30.8,-30.5,-30.9,-31.9,-33.8,-33.0,-33.8,-35.7,-37.6,-38.3,-37.5,-35.6,-38.3,-42.6,-44.8,-43.4,-39.3,-34.9,-32.8,-33.8,-35.2,-38.1,-40.3,-41.6,-41.2,-40.1,-37.9,-35.7,-34.3,-33.6,-33.5,-33.8,-36.7,-36.1,-37.0,-38.9,-40.7,-41.3,-40.4,-38.5,510.6,511.0,511.1,510.9,510.4,510.2,509.8,510.1,514.7,512.1,509.8,508.6,509.2,510.6,512.3,510.7,509.1,508.8,509.9,512.1,511.1,511.0,511.1,511.3,511.5,511.6,511.5,511.3,525.2,526.3,528.0,529.3,529.5,528.5,526.8,525.6,525.6,524.9,524.8,525.8,528.5,532.1,535.4,532.1,528.7,526.3,525.0,525.1,527.3,527.9,528.6,529.1,529.0,528.4,527.7,527.2,32.6,-5.0,655.0,0.183,-0.18,-0.004,222.1,222.7,224.6,227.4,232.3,239.6,248.7,259.2,269.7,278.2,284.3,289.7,294.5,297.9,300.1,301.8,302.1,232.3,238.8,247.5,256.2,264.0,279.1,285.6,291.9,298.0,301.7,271.9,273.1,274.3,275.6,264.3,268.8,273.3,277.3,280.7,241.8,247.0,253.2,258.3,253.1,246.9,280.5,285.3,290.8,294.6,291.4,286.0,255.4,262.9,269.1,272.8,276.5,280.8,284.4,281.0,276.7,272.7,268.7,262.5,258.4,268.8,272.5,276.2,282.3,276.3,272.5,268.7,161.6,173.3,184.9,196.0,206.4,215.4,222.8,228.1,229.1,226.8,220.4,212.3,203.2,193.0,182.4,171.4,160.3,153.9,148.9,147.6,148.7,151.5,150.7,147.6,146.0,146.8,151.0,159.9,167.6,175.3,183.2,188.6,190.0,191.1,189.7,188.0,161.7,158.6,158.5,162.3,163.8,164.1,161.5,157.2,157.1,159.8,162.3,162.6,204.4,201.7,200.0,200.9,199.7,201.1,203.1,208.1,210.3,211.0,210.8,209.0,204.6,203.7,203.9,203.3,203.6,204.6,205.2,205.0,-48.7,-47.9,-44.9,-40.0,-31.4,-18.3,-2.4,15.9,34.0,49.5,61.4,72.4,81.6,87.8,91.7,94.4,94.9,-29.5,-18.5,-4.2,10.0,22.8,47.8,59.1,70.6,82.0,89.8,35.9,37.5,39.1,40.8,23.4,30.7,38.1,44.8,50.6,-13.7,-5.0,5.3,13.8,5.2,-5.2,51.4,59.8,69.6,76.7,70.6,60.9,9.1,21.4,31.5,37.5,43.7,51.7,58.7,52.0,44.3,37.5,30.8,20.8,14.1,31.0,37.2,43.6,54.8,43.6,37.2,30.9,-45.2,-24.9,-4.6,15.1,33.6,49.3,61.7,70.2,71.9,68.9,58.9,45.2,28.7,10.1,-9.3,-29.3,-49.5,-55.9,-63.6,-65.4,-63.1,-58.5,-60.4,-66.4,-69.9,-69.6,-63.4,-45.3,-32.3,-19.6,-6.8,1.9,4.1,5.9,3.7,0.8,-43.0,-48.0,-48.0,-41.9,-39.3,-38.9,-43.9,-51.3,-51.9,-47.7,-42.9,-42.2,28.4,23.5,20.5,22.1,20.1,22.8,26.7,34.7,37.9,38.8,38.4,35.7,28.5,26.7,27.1,26.2,27.3,28.3,29.3,28.9,682.3,685.9,690.1,692.7,692.3,689.4,683.4,675.4,674.8,684.2,699.4,711.7,716.9,716.2,714.3,712.2,711.4,650.2,644.0,639.6,636.1,634.6,642.0,649.6,658.6,668.2,678.4,640.5,634.5,628.1,622.2,638.6,637.5,637.1,640.6,644.7,650.1,647.1,647.7,649.3,648.0,647.5,658.9,661.4,665.5,672.1,666.0,661.9,655.5,645.1,641.7,643.0,645.2,654.1,667.4,655.8,648.6,646.0,645.0,647.6,653.2,644.8,645.6,648.4,663.3,648.2,645.4,644.8,0.591,0.188,-0.24,0.007,269.372,184.375,-5.926,9.045,-13.917,20.095,3.871,1.897,-4.134,3.538,4.046,-3.347,-0.125,1.007,0.014,-1.659,-0.499,-0.22,0.41,1.109,-0.974,-0.593,0.393,-0.232,-0.426,-0.411,0.194,0.006,0.114,0.016,-0.098,-0.022,-0.029,-0.007,0.009,-0.002,0.57,0.17,0.0,1.09,0.0,0.0,0.0,0.0,0.0,0.08,0.0,0.0,0.0,0.0,0.0,0.0,0.0,0.0,1.0,0.0,1.0,0.0,0.0,0.0,0.0,0.0,0.0,0.0,0.0,0.0,0.0,0.0,0.0,1.0,0.0
PP133,g1,4736,0,0.975,0.194281,0.177822,-0.964694,0.043732,0.178048,-0.98305,0.122,0.181,245.5,246.8,250.0,253.2,254.5,253.5,250.1,246.9,241.2,243.2,246.1,249.6,253.1,255.7,257.6,255.5,252.5,249.3,246.1,243.3,248.7,250.1,251.4,252.0,251.4,250.0,248.6,248.1,283.0,283.9,286.6,289.6,291.1,290.3,287.5,284.3,280.0,281.9,284.5,287.8,290.7,292.8,294.0,293.0,291.1,288.5,285.5,282.4,285.7,287.0,288.2,288.6,288.0,286.6,285.4,285.1,160.3,157.0,155.6,156.9,160.1,163.7,164.8,163.5,161.8,160.0,158.7,158.1,158.7,160.2,162.2,163.4,163.9,164.1,163.9,163.2,161.7,162.3,161.7,160.3,158.8,158.3,158.9,160.3,159.0,155.8,154.3,155.4,158.5,161.7,163.2,162.3,161.4,159.1,157.4,156.6,157.0,158.0,159.8,161.2,162.1,162.6,162.6,162.3,160.3,160.8,160.1,158.7,157.4,156.9,157.6,159.0,-5.9,-4.2,-0.0,4.1,5.9,4.5,0.1,-4.1,-11.5,-8.9,-5.1,-0.6,4.0,7.5,9.9,7.1,3.2,-1.0,-5.1,-8.8,-1.8,0.1,1.9,2.6,1.8,0.0,-1.8,-2.5,44.2,45.4,49.2,53.4,55.5,54.2,50.4,45.9,40.2,42.7,46.2,50.7,54.9,58.1,60.1,58.3,55.3,51.7,47.5,43.4,48.0,49.9,51.5,52.1,51.2,49.3,47.7,47.1,-35.5,-39.8,-41.6,-39.9,-35.6,-31.0,-29.5,-31.2,-33.7,-36.0,-37.4,-38.2,-37.5,-35.6,-33.0,-31.4,-30.7,-30.3,-30.7,-31.7,-33.6,-32.9,-33.7,-35.5,-37.4,-38.2,-37.4,-35.5,-38.1,-42.5,-44.7,-43.3,-39.2,-34.8,-32.7,-33.7,-35.0,-38.0,-40.2,-41.4,-41.1,-40.0,-37.9,-35.6,-34.2,-33.5,-33.4,-33.7,-36.6,-36.0,-36.9,-38.8,-40.6,-41.2,-40.3,-38.4,509.0,509.4,509.6,509.3,508.9,508.7,508.3,508.5,513.2,510.6,508.2,507.1,507.7,509.1,510.7,509.1,507.6,507.3,508.4,510.6,509.6,509.5,509.5,509.7,509.9,510.0,510.0,509.8,523.1,524.1,525.7,527.0,527.3,526.3,524.6,523.4,523.4,522.7,522.6,523.6,526.3,529.8,533.1,529.9,526.5,524.1,522.9,522.9,525.1,525.7,526.4,526.8,526.7,526.2,525.4,525.0,31.6,-5.0,654.4,0.194,-0.177,-0.005,221.5,222.2,224.0,226.9,231.8,239.1,248.2,258.6,269.1,277.6,283.7,289.2,294.0,297.5,299.8,301.4,301.8,231.5,238.0,246.7,255.5,263.4,278.5,285.1,291.5,297.6,301.4,271.3,272.5,273.7,275.0,263.6,268.2,272.7,276.7,280.1,241.1,246.4,252.6,257.7,252.5,246.2,280.0,284.8,290.4,294.2,291.0,285.5,254.6,262.2,268.5,272.1,275.8,280.3,283.9,280.4,276.0,272.0,268.0,261.8,257.6,268.1,271.9,275.6,281.8,275.6,271.9,268.0,161.5,173.2,184.8,195.9,206.3,215.3,222.6,228.0,229.0,226.6,220.1,212.0,202.8,192.7,182.0,171.0,159.9,154.1,149.1,147.7,148.9,151.6,150.8,147.6,146.0,146.8,151.0,160.0,167.8,175.5,183.5,188.7,190.1,191.2,189.8,188.1,161.7,158.6,158.6,162.4,163.9,164.1,161.5,157.2,157.0,159.7,162.3,162.6,204.2,201.7,200.0,201.0,199.7,201.0,202.9,208.1,210.3,211.0,210.8,209.0,204.4,203.7,203.9,203.3,203.4,204.6,205.3,205.0,-49.8,-48.9,-45.8,-41.0,-32.3,-19.2,-3.2,14.9,33.0,48.4,60.4,71.5,80.8,87.1,91.0,93.7,94.3,-30.7,-19.8,-5.4,8.9,21.7,46.8,58.2,69.7,81.3,89.1,34.9,36.5,38.1,39.7,22.3,29.6,37.0,43.8,49.6,-14.8,-6.0,4.3,12.8,4.2,-6.2,50.4,58.9,68.7,75.9,69.7,60.0,7.7,20.1,30.3,36.4,42.6,50.7,57.9,51.0,43.2,36.4,29.7,19.5,12.7,29.9,36.1,42.5,54.0,42.5,36.1,29.7,-45.4,-25.0,-4.8,14.9,33.3,49.0,61.5,70.0,71.7,68.6,58.4,44.6,28.1,9.5,-10.0,-30.0,-50.3,-55.6,-63.2,-65.0,-62.8,-58.2,-60.2,-66.2,-69.8,-69.5,-63.3,-45.0,-32.0,-19.2,-6.4,2.0,4.3,6.1,3.8,1.0,-42.8,-47.8,-47.9,-41.7,-39.1,-38.7,-43.8,-51.2,-51.9,-47.8,-42.9,-42.2,28.1,23.4,20.5,22.2,20.2,22.7,26.3,34.5,37.9,38.8,38.4,35.6,28.3,26.7,27.1,26.2,27.0,28.3,29.4,28.9,681.9,685.5,689.8,692.5,692.2,689.5,683.6,675.6,675.0,684.3,699.2,711.2,716.3,715.6,713.6,711.5,710.6,649.6,643.2,638.6,634.9,633.3,640.6,648.2,657.2,666.8,677.2,639.3,633.5,627.2,621.4,638.0,636.8,636.5,639.9,644.0,649.3,646.2,646.8,648.3,647.1,646.7,657.8,660.1,664.2,670.8,664.7,660.7,655.6,645.2,641.5,642.8,644.9,653.8,667.3,655.7,648.5,645.9,644.9,647.7,653.4,644.6,645.4,648.1,663.2,648.0,645.2,644.7,0.592,0.198,-0.236,0.006,268.792,184.338,-5.634,8.566,-12.85,19.444,4.798,2.285,-4.481,2.901,4.086,-3.406,-0.288,1.043,0.237,-1.544,-0.595,-0.219,0.506,1.161,-1.062,-0.498,0.369,-0.421,-0.397,-0.363,0.104,-0.023,0.129,0.006,-0.098,-0.012,-0.023,-0.002,0.006,-0.005,0.33,0.0,0.0,0.83,0.0,0.0,0.0,0.0,0.0,0.22,0.0,0.0,0.0,0.0,0.0,0.0,0.0,0.0,1.0,0.0,1.0,0.0,0.0,0.0,0.0,0.0,0.0,0.0,0.0,0.0,0.0,0.0,0.0,1.0,0.0
PP133,g1,4742,0,0.975,0.195212,0.177087,-0.964641,0.043686,0.177243,-0.983197,0.122,0.18,245.3,246.6,249.7,252.9,254.3,253.2,249.8,246.6,241.0,243.0,245.8,249.3,252.8,255.5,257.3,255.2,252.3,249.0,245.9,243.1,248.4,249.8,251.2,251.8,251.2,249.8,248.4,247.8,282.7,283.6,286.3,289.3,290.8,290.0,287.2,284.0,279.7,281.6,284.2,287.5,290.5,292.5,293.7,292.7,290.8,288.2,285.2,282.1,285.5,286.8,288.0,288.3,287.7,286.4,285.2,284.8,160.0,156.7,155.4,156.7,159.9,163.4,164.5,163.2,161.5,159.7,158.5,157.8,158.4,159.9,162.0,163.2,163.6,163.9,163.6,162.9,161.5,162.0,161.4,160.0,158.6,158.0,158.6,160.1,158.8,155.6,154.1,155.2,158.2,161.4,162.9,162.1,161.1,158.9,157.2,156.4,156.7,157.8,159.5,161.0,161.9,162.3,162.3,162.1,160.1,160.5,159.9,158.5,157.2,156.7,157.3,158.7,-6.2,-4.5,-0.3,3.9,5.6,4.2,-0.2,-4.4,-11.8,-9.2,-5.4,-0.9,3.7,7.2,9.6,6.8,2.9,-1.3,-5.4,-9.1,-2.1,-0.2,1.6,2.3,1.5,-0.3,-2.1,-2.8,44.0,45.2,49.0,53.2,55.3,54.0,50.2,45.7,40.0,42.5,46.0,50.5,54.7,57.9,59.9,58.1,55.2,51.5,47.3,43.2,47.8,49.7,51.3,51.9,51.0,49.2,47.5,46.9,-36.0,-40.3,-42.1,-40.4,-36.1,-31.5,-30.0,-31.7,-34.2,-36.5,-37.9,-38.7,-37.9,-36.1,-33.5,-31.9,-31.1,-30.8,-31.2,-32.2,-34.1,-33.3,-34.1,-36.0,-37.9,-38.6,-37.8,-36.0,-38.6,-43.0,-45.1,-43.7,-39.6,-35.2,-33.1,-34.2,-35.5,-38.4,-40.7,-41.9,-41.6,-40.4,-38.3,-36.1,-34.7,-33.9,-33.8,-34.2,-37.0,-36.4,-37.3,-39.3,-41.1,-41.7,-40.7,-38.8,511.0,511.5,511.6,511.4,510.9,510.7,510.3,510.5,515.2,512.6,510.2,509.1,509.7,511.1,512.8,511.2,509.6,509.3,510.4,512.6,511.6,511.5,511.6,511.8,512.0,512.1,512.0,511.8,524.9,525.9,527.6,528.9,529.1,528.1,526.4,525.2,525.3,524.5,524.4,525.4,528.1,531.6,535.0,531.7,528.4,525.9,524.7,524.8,526.9,527.5,528.2,528.7,528.6,528.0,527.3,526.8,31.2,-5.6,656.1,0.192,-0.177,-0.005,221.3,221.9,223.8,226.6,231.5,238.9,248.0,258.4,268.9,277.4,283.5,289.1,293.9,297.4,299.6,301.2,301.5,231.5,237.9,246.6,255.2,263.1,278.3,284.8,291.2,297.3,301.0,271.1,272.2,273.5,274.7,263.4,267.9,272.4,276.4,279.8,240.9,246.1,252.4,257.4,252.3,246.0,279.7,284.6,290.1,293.9,290.7,285.2,254.2,261.8,268.1,271.8,275.5,280.0,283.6,280.1,275.7,271.7,267.6,261.4,257.2,267.8,271.5,275.3,281.5,275.3,271.5,267.7,161.3,173.0,184.6,195.7,206.1,215.0,222.3,227.5,228.5,226.2,219.7,211.6,202.4,192.3,181.7,170.8,159.7,153.7,148.8,147.4,148.5,151.2,150.4,147.2,145.7,146.5,150.7,159.7,167.4,175.1,183.0,188.4,189.7,190.8,189.4,187.7,161.5,158.4,158.3,162.1,163.6,163.8,161.2,157.0,156.8,159.5,162.0,162.3,203.8,201.2,199.5,200.5,199.3,200.6,202.5,207.7,209.9,210.6,210.4,208.5,204.0,203.3,203.5,202.9,203.0,204.2,204.9,204.6,-50.3,-49.4,-46.4,-41.6,-32.8,-19.6,-3.6,14.6,32.7,48.1,60.1,71.2,80.6,86.9,90.8,93.4,94.0,-30.9,-19.9,-5.6,8.5,21.3,46.6,58.0,69.4,80.9,88.7,34.6,36.1,37.8,39.4,21.9,29.3,36.7,43.4,49.3,-15.2,-6.4,3.9,12.4,3.8,-6.6,50.2,58.6,68.4,75.6,69.4,59.7,7.1,19.6,29.8,35.9,42.3,50.4,57.6,50.7,42.8,35.9,29.1,18.9,12.1,29.4,35.7,42.1,53.6,42.1,35.6,29.2,-45.8,-25.4,-5.2,14.5,33.0,48.6,61.0,69.4,71.1,67.9,57.7,43.9,27.4,8.8,-10.6,-30.5,-50.7,-56.4,-63.9,-65.8,-63.6,-59.0,-61.0,-67.0,-70.5,-70.2,-64.0,-45.7,-32.7,-19.9,-7.1,1.4,3.6,5.4,3.2,0.4,-43.4,-48.3,-48.4,-42.3,-39.7,-39.3,-44.4,-51.7,-52.4,-48.3,-43.5,-42.7,27.5,22.8,19.8,21.5,19.5,22.0,25.7,34.0,37.4,38.2,37.9,35.0,27.7,26.1,26.5,25.6,26.5,27.7,28.8,28.3,683.6,687.3,691.5,694.2,693.8,691.0,685.1,677.1,676.5,685.8,700.6,712.6,717.6,716.8,714.9,712.9,712.1,651.1,644.9,640.5,636.9,635.3,642.7,650.3,659.1,668.6,678.8,641.2,635.5,629.2,623.5,639.8,638.7,638.4,641.8,645.8,651.1,648.0,648.5,650.1,648.8,648.4,659.6,661.9,666.0,672.5,666.5,662.5,657.4,646.9,643.2,644.5,646.6,655.6,669.1,657.5,650.2,647.6,646.6,649.5,655.1,646.4,647.1,649.9,665.0,649.7,647.0,646.4,0.59,0.196,-0.235,0.006,268.525,183.987,-6.853,9.06,-12.922,18.531,4.917,1.986,-4.655,2.739,3.593,-3.119,-0.149,1.282,0.357,-1.631,-0.711,-0.105,0.477,1.211,-0.955,-0.723,0.237,-0.304,-0.34,-0.395,0.095,-0.081,0.131,0.027,-0.099,-0.016,-0.011,-0.002,0.006,-0.002,0.54,0.23,0.0,0.91,0.0,0.0,0.0,0.0,0.0,0.36,0.0,0.0,0.0,0.0,0.0,0.0,0.0,0.0,1.0,0.0,1.0,0.0,0.0,0.0,0.0,0.0,0.0,0.0,0.0,0.0,0.0,0.0,0.0,1.0,0.0
PP133,g1,4748,0,0.975,0.195845,0.176651,-0.964593,0.041673,0.177176,-0.983296,0.121,0.18,244.9,246.2,249.3,252.5,253.9,252.8,249.4,246.2,240.6,242.6,245.4,248.9,252.4,255.1,256.9,254.8,251.8,248.6,245.4,242.6,248.0,249.4,250.8,251.3,250.8,249.4,248.0,247.4,282.3,283.2,285.9,288.9,290.5,289.6,286.9,283.6,279.3,281.2,283.9,287.1,290.1,292.1,293.4,292.3,290.4,287.9,284.8,281.7,285.1,286.4,287.6,288.0,287.3,286.0,284.8,284.4,160.0,156.7,155.3,156.6,159.9,163.4,164.5,163.2,161.5,159.7,158.4,157.8,158.4,159.9,162.0,163.1,163.6,163.8,163.6,162.9,161.4,162.0,161.4,160.0,158.6,158.0,158.6,160.0,158.7,155.5,154.0,155.1,158.2,161.4,162.9,162.0,161.1,158.8,157.2,156.3,156.7,157.7,159.5,161.0,161.8,162.3,162.3,162.0,160.0,160.5,159.8,158.4,157.1,156.6,157.3,158.7,-6.7,-5.0,-0.9,3.3,5.1,3.7,-0.8,-4.9,-12.4,-9.8,-6.0,-1.4,3.1,6.6,9.0,6.3,2.4,-1.8,-5.9,-9.6,-2.6,-0.8,1.0,1.8,1.0,-0.8,-2.7,-3.4,43.4,44.7,48.5,52.7,54.8,53.5,49.6,45.2,39.4,41.9,45.4,49.9,54.1,57.3,59.4,57.5,54.6,50.9,46.8,42.6,47.3,49.1,50.8,51.3,50.4,48.6,46.9,46.4,-36.0,-40.3,-42.1,-40.4,-36.1,-31.5,-30.0,-31.7,-34.2,-36.5,-38.0,-38.7,-37.9,-36.1,-33.5,-31.9,-31.1,-30.8,-31.2,-32.2,-34.1,-33.4,-34.1,-36.0,-37.9,-38.6,-37.8,-36.0,-38.6,-43.0,-45.1,-43.8,-39.7,-35.3,-33.2,-34.2,-35.5,-38.5,-40.7,-41.9,-41.6,-40.5,-38.4,-36.1,-34.7,-34.0,-33.9,-34.2,-37.1,-36.5,-37.4,-39.3,-41.1,-41.7,-40.8,-38.8,510.7,511.2,511.3,511.1,510.6,510.4,510.0,510.2,514.8,512.3,509.9,508.8,509.4,510.9,512.5,510.9,509.3,509.0,510.1,512.3,511.3,511.2,511.3,511.5,511.7,511.8,511.7,511.5,524.5,525.6,527.2,528.5,528.7,527.7,526.1,524.9,524.9,524.2,524.0,525.1,527.7,531.3,534.6,531.3,528.0,525.5,524.3,524.4,526.6,527.1,527.9,528.3,528.2,527.6,526.9,526.5,30.6,-5.7,657.4,0.193,-0.174,-0.005,221.0,221.6,223.5,226.3,231.2,238.6,247.6,258.0,268.4,276.9,283.1,288.7,293.6,297.1,299.3,300.9,301.3,231.0,237.6,246.2,254.9,262.7,277.8,284.4,290.7,296.9,300.7,270.6,271.7,272.9,274.1,262.9,267.4,271.9,275.9,279.3,240.5,245.7,252.0,257.0,251.8,245.6,279.3,284.2,289.7,293.5,290.3,284.8,253.8,261.3,267.6,271.3,275.1,279.5,283.2,279.6,275.2,271.1,267.1,260.9,256.8,267.3,271.0,274.9,281.1,274.8,271.0,267.1,161.5,173.2,184.7,195.7,206.0,214.9,222.1,227.3,228.2,225.9,219.5,211.5,202.4,192.3,181.7,170.7,159.6,153.6,148.7,147.4,148.5,151.2,150.4,147.2,145.7,146.4,150.5,159.7,167.4,175.1,183.0,188.3,189.7,190.8,189.4,187.7,161.4,158.3,158.3,162.1,163.6,163.8,161.2,156.9,156.7,159.4,162.0,162.3,203.7,201.1,199.4,200.4,199.2,200.5,202.4,207.6,209.8,210.5,210.3,208.4,203.9,203.2,203.4,202.8,202.9,204.1,204.8,204.5,-50.9,-50.0,-47.0,-42.2,-33.4,-20.2,-4.2,13.9,31.9,47.3,59.4,70.7,80.1,86.5,90.4,93.1,93.7,-31.7,-20.6,-6.3,8.0,20.7,45.9,57.3,68.8,80.3,88.2,33.9,35.4,37.0,38.6,21.2,28.5,35.9,42.7,48.5,-15.9,-7.1,3.2,11.7,3.1,-7.3,49.6,58.0,67.8,75.0,68.9,59.2,6.4,18.8,29.1,35.2,41.6,49.7,57.0,50.0,42.1,35.1,28.3,18.1,11.4,28.6,34.9,41.4,53.0,41.4,34.9,28.4,-45.6,-25.2,-5.0,14.6,33.0,48.5,60.7,69.1,70.7,67.6,57.5,43.8,27.3,8.7,-10.7,-30.7,-50.9,-56.6,-64.2,-65.9,-63.7,-59.2,-61.2,-67.2,-70.7,-70.5,-64.4,-45.8,-32.8,-20.0,-7.2,1.3,3.6,5.3,3.1,0.3,-43.5,-48.5,-48.6,-42.4,-39.8,-39.4,-44.5,-51.9,-52.6,-48.5,-43.6,-42.8,27.3,22.6,19.7,21.4,19.3,21.9,25.6,33.9,37.3,38.2,37.8,34.8,27.6,26.0,26.4,25.5,26.3,27.6,28.7,28.2,684.9,688.5,692.8,695.4,695.1,692.3,686.3,678.3,677.7,686.8,701.6,713.5,718.5,717.9,716.1,714.2,713.5,652.6,646.4,641.9,638.2,636.5,643.8,651.2,660.0,669.5,679.7,642.5,636.7,630.5,624.9,641.2,640.0,639.7,643.1,647.1,652.5,649.4,649.9,651.4,650.2,649.8,660.7,662.9,667.0,673.5,667.5,663.5,658.8,648.4,644.7,645.8,648.0,656.9,670.2,658.9,651.7,649.1,648.2,651.0,656.5,647.8,648.5,651.2,666.3,651.1,648.4,647.9,0.589,0.196,-0.231,0.006,268.107,183.917,-7.545,8.238,-12.886,18.039,5.839,2.056,-4.48,2.504,3.384,-2.755,0.319,1.094,0.334,-1.456,-0.786,-0.092,0.484,1.09,-1.012,-0.704,0.295,-0.364,-0.335,-0.278,0.137,-0.105,0.124,0.002,-0.085,-0.013,-0.016,0.005,0.006,-0.002,0.64,0.2,0.0,0.77,0.0,0.0,0.0,0.0,0.0,0.22,0.0,0.0,0.0,0.0,0.0,0.0,0.0,0.0,1.0,0.0,1.0,0.0,0.0,0.0,0.0,0.0,0.0,0.0,0.0,0.0,0.0,0.0,0.0,1.0,0.0
PP133,g1,4754,0,0.975,0.196735,0.172385,-0.965183,0.04229,0.173441,-0.983936,0.122,0.176,244.8,246.1,249.2,252.4,253.8,252.8,249.4,246.2,240.5,242.5,245.3,248.8,252.3,255.0,256.8,254.7,251.8,248.6,245.4,242.6,247.9,249.3,250.7,251.3,250.7,249.3,247.9,247.3,282.3,283.2,285.9,288.9,290.4,289.6,286.9,283.6,279.3,281.2,283.8,287.1,290.1,292.1,293.4,292.3,290.4,287.9,284.8,281.7,285.1,286.4,287.6,287.9,287.3,286.0,284.8,284.4,159.7,156.4,155.0,156.3,159.5,163.0,164.2,162.9,161.2,159.4,158.1,157.5,158.0,159.5,161.6,162.8,163.3,163.5,163.3,162.6,161.1,161.7,161.1,159.6,158.2,157.7,158.3,159.7,158.3,155.1,153.6,154.7,157.7,160.9,162.4,161.6,160.6,158.4,156.7,155.8,156.2,157.3,159.0,160.5,161.4,161.8,161.8,161.6,159.6,160.0,159.4,158.0,156.7,156.2,156.8,158.2,-6.8,-5.1,-1.0,3.2,5.0,3.6,-0.8,-5.0,-12.5,-9.8,-6.1,-1.5,3.0,6.5,8.9,6.2,2.3,-1.9,-6.0,-9.7,-2.7,-0.9,0.9,1.7,0.9,-0.9,-2.8,-3.5,43.4,44.6,48.4,52.6,54.7,53.5,49.6,45.2,39.4,41.9,45.4,49.9,54.1,57.3,59.3,57.5,54.6,50.9,46.8,42.6,47.3,49.1,50.8,51.3,50.4,48.6,46.9,46.4,-36.4,-40.7,-42.5,-40.8,-36.6,-31.9,-30.4,-32.1,-34.6,-36.9,-38.3,-39.1,-38.4,-36.6,-33.9,-32.3,-31.6,-31.2,-31.6,-32.6,-34.5,-33.7,-34.6,-36.4,-38.3,-39.0,-38.2,-36.3,-39.2,-43.6,-45.7,-44.4,-40.3,-35.9,-33.8,-34.8,-36.1,-39.1,-41.3,-42.6,-42.3,-41.1,-39.0,-36.7,-35.3,-34.6,-34.5,-34.8,-37.7,-37.0,-38.0,-39.9,-41.7,-42.3,-41.4,-39.4,510.0,510.4,510.6,510.4,509.9,509.7,509.3,509.5,514.1,511.5,509.2,508.1,508.7,510.1,511.8,510.1,508.6,508.2,509.3,511.5,510.5,510.4,510.5,510.7,510.9,511.0,510.9,510.7,524.6,525.6,527.2,528.5,528.7,527.7,526.1,524.9,525.0,524.2,524.1,525.1,527.8,531.3,534.6,531.3,528.0,525.5,524.3,524.4,526.6,527.1,527.9,528.3,528.2,527.7,526.9,526.5,30.6,-6.4,657.0,0.187,-0.176,-0.008,221.0,221.7,223.6,226.4,231.3,238.7,247.7,258.1,268.5,277.0,283.1,288.7,293.5,297.1,299.3,300.9,301.2,230.9,237.3,245.9,254.7,262.6,277.8,284.3,290.7,296.8,300.7,270.6,271.7,273.0,274.2,263.0,267.5,272.0,276.0,279.4,240.4,245.6,251.9,257.0,251.8,245.5,279.3,284.1,289.7,293.5,290.3,284.8,253.9,261.5,267.8,271.4,275.1,279.6,283.3,279.7,275.3,271.3,267.3,261.1,256.9,267.4,271.2,274.9,281.2,274.9,271.2,267.3,161.4,173.0,184.5,195.5,205.8,214.6,221.7,226.9,227.8,225.6,219.2,211.3,202.2,192.1,181.4,170.5,159.3,153.5,148.5,147.0,148.1,150.7,149.9,146.7,145.1,145.9,150.1,159.2,166.9,174.6,182.5,187.9,189.2,190.3,188.9,187.2,161.1,158.0,158.0,161.7,163.2,163.5,160.8,156.5,156.3,159.0,161.5,161.8,203.4,200.8,199.1,200.0,198.8,200.1,202.0,207.1,209.4,210.0,209.8,208.0,203.5,202.8,203.0,202.4,202.5,203.6,204.3,204.1,-50.9,-49.9,-46.8,-41.9,-33.2,-20.0,-4.0,14.0,32.0,47.4,59.4,70.6,80.1,86.5,90.4,93.0,93.6,-32.0,-21.0,-6.7,7.6,20.5,45.8,57.2,68.7,80.3,88.2,33.8,35.4,37.1,38.7,21.3,28.6,36.1,42.8,48.7,-16.0,-7.2,3.1,11.6,3.0,-7.4,49.6,57.9,67.8,75.0,68.9,59.1,6.6,19.0,29.3,35.4,41.7,49.8,57.1,50.1,42.2,35.4,28.6,18.4,11.6,28.8,35.1,41.5,53.2,41.5,35.1,28.7,-45.8,-25.5,-5.3,14.2,32.5,47.9,60.0,68.3,69.9,66.8,56.9,43.4,27.0,8.4,-11.1,-31.2,-51.6,-56.9,-64.6,-66.6,-64.4,-59.9,-62.0,-68.1,-71.6,-71.3,-65.0,-46.6,-33.5,-20.8,-8.0,0.6,2.8,4.6,2.3,-0.5,-44.0,-49.0,-49.2,-43.0,-40.4,-39.9,-45.2,-52.7,-53.3,-49.2,-44.4,-43.6,26.7,22.0,19.0,20.7,18.7,21.2,24.8,33.1,36.5,37.3,37.0,34.1,26.9,25.3,25.7,24.8,25.6,26.9,27.9,27.4,684.6,688.0,692.0,694.6,694.3,691.4,685.4,677.5,676.8,685.9,700.8,713.0,718.3,717.9,716.2,714.5,713.9,652.7,646.5,641.9,638.2,636.4,643.7,651.2,660.1,669.7,679.8,642.3,636.4,630.1,624.3,640.6,639.4,639.1,642.5,646.6,652.4,649.3,649.7,651.2,650.0,649.6,660.5,662.9,666.9,673.4,667.4,663.4,658.2,647.8,644.1,645.2,647.3,656.3,669.7,658.2,650.9,648.3,647.4,650.4,655.9,647.1,647.8,650.5,665.7,650.4,647.7,647.2,0.59,0.189,-0.234,0.003,268.134,183.537,-6.652,7.225,-12.843,18.391,6.122,2.14,-4.642,2.608,3.635,-2.712,-0.084,1.285,0.711,-1.607,-0.872,-0.125,0.559,1.086,-1.116,-0.47,0.334,-0.482,-0.205,-0.325,0.142,-0.062,0.097,0.001,-0.096,-0.002,-0.015,0.005,0.002,0.002,0.5,0.26,0.0,0.87,0.0,0.0,0.08,0.0,0.0,0.37,0.0,0.0,0.0,0.0,0.0,0.0,0.0,0.0,1.0,0.0,1.0,0.0,0.0,0.0,0.0,0.0,0.0,0.0,0.0,0.0,0.0,0.0,0.0,1.0,0.0
PP133,g1,4760,0,0.975,0.19549,0.169381,-0.965968,0.040552,0.170638,-0.984499,0.12,0.173,244.8,246.0,249.2,252.4,253.8,252.7,249.3,246.1,240.5,242.5,245.3,248.8,252.3,254.9,256.8,254.7,251.7,248.5,245.4,242.6,247.9,249.3,250.7,251.2,250.6,249.2,247.9,247.3,282.2,283.0,285.7,288.7,290.3,289.4,286.7,283.4,279.2,281.1,283.7,286.9,289.9,292.0,293.2,292.1,290.2,287.7,284.7,281.6,284.9,286.2,287.4,287.8,287.1,285.8,284.6,284.2,159.5,156.2,154.8,156.1,159.3,162.8,164.0,162.7,161.0,159.2,157.9,157.3,157.8,159.3,161.4,162.6,163.0,163.3,163.1,162.4,160.9,161.5,160.9,159.4,158.0,157.5,158.1,159.5,158.1,154.9,153.4,154.5,157.6,160.8,162.2,161.4,160.4,158.2,156.5,155.7,156.1,157.1,158.9,160.3,161.2,161.6,161.6,161.4,159.4,159.9,159.2,157.8,156.5,156.0,156.7,158.1,-6.9,-5.2,-1.1,3.1,4.9,3.6,-0.9,-5.1,-12.5,-9.9,-6.1,-1.6,3.0,6.5,8.9,6.1,2.3,-1.9,-6.1,-9.8,-2.8,-0.9,0.9,1.6,0.8,-1.0,-2.8,-3.5,43.3,44.5,48.4,52.6,54.6,53.4,49.5,45.1,39.3,41.8,45.3,49.8,54.0,57.2,59.3,57.5,54.5,50.8,46.7,42.5,47.2,49.0,50.7,51.2,50.3,48.5,46.8,46.3,-36.7,-41.0,-42.9,-41.2,-36.9,-32.3,-30.8,-32.5,-34.9,-37.2,-38.7,-39.4,-38.7,-36.9,-34.3,-32.7,-31.9,-31.6,-31.9,-33.0,-34.9,-34.1,-34.9,-36.8,-38.7,-39.4,-38.6,-36.7,-39.6,-44.0,-46.1,-44.7,-40.6,-36.2,-34.1,-35.2,-36.5,-39.4,-41.7,-42.9,-42.6,-41.4,-39.3,-37.1,-35.7,-34.9,-34.8,-35.1,-38.0,-37.4,-38.3,-40.3,-42.0,-42.6,-41.7,-39.8,511.4,511.8,512.0,511.8,511.3,511.1,510.7,510.9,515.5,512.9,510.6,509.5,510.1,511.5,513.2,511.5,510.0,509.6,510.7,512.9,512.0,511.9,511.9,512.1,512.3,512.4,512.4,512.2,526.1,527.1,528.7,530.0,530.2,529.1,527.5,526.4,526.5,525.7,525.5,526.6,529.2,532.7,536.0,532.7,529.4,526.9,525.8,525.9,528.1,528.6,529.3,529.8,529.7,529.1,528.4,528.0,30.6,-6.9,657.7,0.181,-0.174,-0.01,220.9,221.7,223.6,226.5,231.4,238.8,247.8,258.2,268.6,277.1,283.2,288.8,293.7,297.2,299.4,300.9,301.2,230.8,237.2,245.8,254.5,262.4,277.7,284.2,290.5,296.7,300.5,270.4,271.6,272.9,274.1,262.9,267.4,272.0,275.9,279.3,240.4,245.6,251.8,256.9,251.7,245.5,279.2,284.0,289.5,293.4,290.2,284.7,253.9,261.4,267.7,271.4,275.2,279.7,283.3,279.8,275.4,271.3,267.2,261.0,256.9,267.4,271.2,275.0,281.2,275.0,271.2,267.3,161.2,172.9,184.3,195.3,205.6,214.3,221.5,226.6,227.6,225.3,219.0,211.1,202.0,191.9,181.3,170.3,159.2,153.2,148.2,146.6,147.7,150.3,149.5,146.3,144.8,145.7,149.9,158.9,166.6,174.2,182.0,187.5,188.8,189.9,188.5,186.8,161.0,157.8,157.8,161.5,163.0,163.3,160.6,156.3,156.1,158.8,161.3,161.7,203.0,200.3,198.6,199.6,198.3,199.7,201.6,206.8,209.0,209.7,209.5,207.6,203.2,202.3,202.5,201.9,202.1,203.3,204.0,203.7,-51.1,-50.0,-46.8,-41.9,-33.1,-19.9,-3.9,14.2,32.2,47.6,59.6,70.9,80.4,86.7,90.6,93.1,93.7,-32.1,-21.2,-6.9,7.4,20.3,45.7,57.1,68.6,80.2,88.1,33.7,35.3,36.9,38.6,21.2,28.6,36.0,42.7,48.6,-16.1,-7.3,3.0,11.5,2.9,-7.5,49.4,57.8,67.6,74.9,68.7,59.0,6.6,19.0,29.3,35.4,41.7,49.9,57.2,50.2,42.4,35.4,28.6,18.4,11.6,28.8,35.1,41.6,53.3,41.6,35.1,28.7,-46.2,-25.8,-5.6,13.9,32.1,47.5,59.6,67.9,69.5,66.4,56.5,43.1,26.7,8.1,-11.4,-31.4,-51.8,-57.5,-65.2,-67.3,-65.2,-60.7,-62.8,-68.8,-72.2,-71.9,-65.5,-47.1,-34.2,-21.5,-8.8,-0.0,2.1,3.9,1.7,-1.1,-44.4,-49.4,-49.6,-43.4,-40.8,-40.4,-45.6,-53.0,-53.7,-49.6,-44.8,-44.0,26.2,21.3,18.3,20.0,17.9,20.5,24.2,32.5,35.9,36.8,36.4,33.6,26.3,24.6,25.0,24.1,25.0,26.3,27.4,26.9,686.1,689.3,693.2,695.6,695.0,692.1,686.0,677.9,677.2,686.4,701.3,713.5,718.7,718.4,716.8,715.2,714.9,654.0,647.8,643.1,639.3,637.5,644.7,652.3,661.3,670.9,681.0,643.4,637.5,631.1,625.2,641.5,640.3,640.0,643.3,647.3,653.5,650.4,650.9,652.3,651.1,650.7,661.5,664.0,668.0,674.5,668.4,664.4,658.8,648.4,644.7,645.8,648.0,656.9,670.4,658.8,651.4,648.9,648.0,650.9,656.6,647.7,648.4,651.1,666.4,651.0,648.3,647.8,0.589,0.182,-0.232,0.001,268.103,183.244,-6.598,7.587,-12.569,18.11,5.994,1.639,-4.657,2.904,3.408,-2.582,-0.645,1.204,0.469,-1.521,-0.73,-0.204,0.467,0.868,-1.2,-0.733,0.28,-0.425,-0.316,-0.333,0.115,-0.063,0.091,0.006,-0.086,-0.008,-0.018,0.007,0.002,-0.002,0.67,0.46,0.0,0.54,0.0,0.0,0.01,0.0,0.0,0.19,0.0,0.0,0.0,0.0,0.0,0.0,0.0,1.0,1.0,0.0,1.0,0.0,0.0,0.0,0.0,0.0,0.0,0.0,0.0,0.0,0.0,0.0,0.0,1.0,0.0
PP133,g1,4766,0,0.975,0.197919,0.168686,-0.965595,0.04402,0.169642,-0.984522,0.123,0.172,245.1,246.3,249.5,252.7,254.0,253.0,249.6,246.4,240.8,242.8,245.6,249.1,252.6,255.2,257.0,254.9,252.0,248.8,245.7,242.9,248.2,249.6,251.0,251.5,250.9,249.5,248.1,247.6,282.3,283.2,285.9,288.9,290.4,289.5,286.8,283.6,279.4,281.3,283.9,287.1,290.0,292.1,293.3,292.2,290.3,287.8,284.8,281.8,285.1,286.4,287.5,287.9,287.3,286.0,284.8,284.4,159.4,156.2,154.8,156.1,159.2,162.7,163.9,162.6,161.0,159.1,157.9,157.2,157.8,159.3,161.3,162.5,163.0,163.2,163.0,162.4,160.9,161.4,160.8,159.4,158.0,157.4,158.0,159.5,158.1,154.9,153.5,154.6,157.6,160.7,162.2,161.4,160.4,158.2,156.5,155.7,156.1,157.1,158.9,160.3,161.2,161.6,161.6,161.4,159.4,159.9,159.2,157.8,156.5,156.0,156.7,158.1,-6.5,-4.8,-0.7,3.5,5.3,3.9,-0.5,-4.7,-12.2,-9.5,-5.8,-1.2,3.4,6.8,9.3,6.5,2.7,-1.6,-5.7,-9.4,-2.4,-0.5,1.3,2.0,1.2,-0.6,-2.4,-3.2,43.8,45.1,48.9,53.1,55.2,53.9,50.1,45.6,39.9,42.3,45.8,50.3,54.6,57.7,59.8,58.0,55.0,51.4,47.2,43.0,47.7,49.5,51.2,51.8,50.9,49.0,47.3,46.8,-37.0,-41.3,-43.1,-41.4,-37.2,-32.6,-31.0,-32.7,-35.2,-37.5,-38.9,-39.7,-39.0,-37.2,-34.6,-32.9,-32.2,-31.9,-32.2,-33.2,-35.1,-34.4,-35.2,-37.1,-38.9,-39.7,-38.9,-37.0,-39.8,-44.2,-46.4,-45.0,-40.9,-36.5,-34.4,-35.4,-36.7,-39.7,-41.9,-43.2,-42.8,-41.7,-39.5,-37.3,-35.9,-35.2,-35.1,-35.4,-38.3,-37.7,-38.6,-40.5,-42.3,-42.9,-42.0,-40.1,514.4,514.9,515.1,514.9,514.4,514.2,513.7,513.9,518.5,516.0,513.7,512.6,513.2,514.6,516.3,514.6,513.0,512.7,513.8,516.0,515.0,514.9,515.0,515.2,515.4,515.5,515.4,515.2,529.5,530.6,532.2,533.5,533.7,532.6,531.0,529.8,529.9,529.2,529.0,530.0,532.7,536.2,539.5,536.2,532.9,530.4,529.2,529.3,531.5,532.1,532.8,533.2,533.2,532.6,531.9,531.4,30.9,-6.9,658.3,0.178,-0.179,-0.008,221.2,221.8,223.7,226.5,231.4,238.9,247.9,258.3,268.7,277.2,283.3,288.8,293.7,297.1,299.4,300.9,301.2,231.3,237.6,246.2,254.9,262.7,277.9,284.4,290.7,296.8,300.5,270.7,271.9,273.2,274.4,263.2,267.7,272.2,276.2,279.6,240.7,245.9,252.1,257.2,252.0,245.8,279.4,284.2,289.7,293.4,290.3,284.8,254.1,261.7,268.0,271.6,275.4,279.8,283.4,280.0,275.6,271.5,267.5,261.2,257.1,267.6,271.4,275.2,281.4,275.2,271.4,267.5,161.3,172.9,184.4,195.4,205.6,214.4,221.6,226.7,227.7,225.4,219.1,211.2,202.2,192.1,181.4,170.5,159.4,153.1,148.1,146.6,147.6,150.2,149.4,146.3,144.8,145.7,149.9,158.8,166.5,174.1,181.9,187.4,188.7,189.8,188.4,186.8,160.9,157.8,157.7,161.4,162.9,163.2,160.5,156.3,156.1,158.8,161.3,161.6,203.0,200.3,198.6,199.6,198.3,199.7,201.7,206.8,209.0,209.7,209.5,207.6,203.2,202.3,202.5,201.9,202.2,203.3,204.0,203.8,-50.6,-49.7,-46.7,-41.8,-33.0,-19.7,-3.7,14.4,32.4,47.8,59.8,70.9,80.4,86.8,90.7,93.2,93.7,-31.4,-20.5,-6.3,8.0,20.7,46.1,57.5,69.0,80.4,88.2,34.1,35.7,37.5,39.1,21.7,29.0,36.4,43.2,49.0,-15.6,-6.8,3.5,11.9,3.4,-7.0,49.8,58.1,67.9,75.1,69.0,59.3,7.0,19.4,29.7,35.8,42.1,50.2,57.5,50.6,42.7,35.8,29.0,18.8,12.0,29.2,35.5,42.0,53.6,42.0,35.5,29.0,-46.1,-25.8,-5.6,14.0,32.3,47.7,59.8,68.1,69.7,66.7,56.8,43.3,27.0,8.4,-11.2,-31.2,-51.6,-57.6,-65.4,-67.4,-65.4,-61.0,-63.0,-69.0,-72.4,-71.9,-65.6,-47.3,-34.3,-21.7,-9.0,-0.2,2.0,3.8,1.6,-1.2,-44.5,-49.5,-49.6,-43.6,-41.0,-40.5,-45.8,-53.1,-53.7,-49.6,-44.9,-44.1,26.2,21.3,18.3,19.9,17.9,20.5,24.3,32.6,36.0,36.8,36.5,33.6,26.4,24.6,25.0,24.1,25.0,26.4,27.4,27.0,686.0,689.2,693.2,695.6,695.0,692.1,686.0,678.1,677.5,686.8,701.7,714.0,719.3,719.0,717.5,715.9,715.6,654.1,648.1,643.7,640.1,638.4,645.8,653.4,662.3,671.8,681.7,644.1,638.2,631.8,625.9,642.0,640.9,640.5,644.0,648.0,653.8,650.8,651.3,652.8,651.5,651.0,662.3,664.7,668.8,675.2,669.1,665.2,659.1,648.8,645.2,646.4,648.5,657.5,671.0,659.4,652.0,649.4,648.4,651.3,656.9,648.2,648.9,651.7,667.0,651.6,648.9,648.3,0.588,0.18,-0.238,0.002,268.289,183.248,-7.64,7.683,-12.72,18.211,5.523,1.677,-4.313,2.822,3.361,-2.412,-0.562,1.331,0.549,-1.792,-0.763,-0.169,0.313,0.944,-1.162,-0.789,0.301,-0.357,-0.22,-0.325,0.099,-0.055,0.1,0.01,-0.099,-0.003,-0.019,0.007,0.004,0.002,0.51,0.29,0.0,0.92,0.0,0.0,0.12,0.0,0.0,0.14,0.0,0.0,0.0,0.0,0.0,0.0,0.0,0.0,1.0,0.0,1.0,0.0,0.0,0.0,0.0,0.0,0.0,0.0,0.0,0.0,0.0,0.0,0.0,1.0,0.0
PP133,g1,4772,0,0.975,0.197923,0.16532,-0.966176,0.045901,0.165894,-0.985075,0.124,0.168,245.0,246.3,249.4,252.6,254.0,253.0,249.6,246.4,240.8,242.7,245.6,249.0,252.5,255.2,257.0,254.9,252.0,248.8,245.6,242.8,248.1,249.5,250.9,251.5,250.9,249.5,248.1,247.5,282.4,283.2,286.0,288.9,290.5,289.6,286.9,283.7,279.4,281.3,283.9,287.2,290.1,292.1,293.4,292.3,290.4,287.9,284.9,281.8,285.1,286.4,287.6,288.0,287.3,286.0,284.8,284.5,159.1,155.8,154.4,155.7,158.9,162.4,163.6,162.3,160.7,158.8,157.6,156.9,157.5,158.9,161.0,162.2,162.6,162.9,162.7,162.0,160.5,161.1,160.5,159.1,157.7,157.1,157.7,159.1,157.8,154.6,153.1,154.2,157.3,160.4,161.9,161.1,160.1,157.9,156.2,155.4,155.8,156.8,158.6,160.0,160.9,161.3,161.3,161.1,159.1,159.5,158.9,157.5,156.2,155.7,156.4,157.7,-6.5,-4.9,-0.8,3.4,5.2,3.9,-0.5,-4.7,-12.2,-9.6,-5.8,-1.3,3.3,6.8,9.2,6.5,2.6,-1.6,-5.7,-9.5,-2.4,-0.6,1.2,1.9,1.1,-0.7,-2.5,-3.2,43.7,45.0,48.8,53.0,55.1,53.8,50.0,45.5,39.8,42.2,45.7,50.2,54.5,57.6,59.7,57.8,54.9,51.3,47.1,42.9,47.6,49.4,51.1,51.6,50.7,48.9,47.2,46.7,-37.3,-41.6,-43.4,-41.7,-37.5,-32.9,-31.3,-33.0,-35.5,-37.7,-39.2,-40.0,-39.3,-37.5,-34.9,-33.2,-32.5,-32.2,-32.5,-33.5,-35.4,-34.7,-35.5,-37.4,-39.2,-40.0,-39.1,-37.3,-40.1,-44.5,-46.6,-45.2,-41.1,-36.7,-34.6,-35.7,-37.0,-40.0,-42.2,-43.4,-43.1,-41.9,-39.8,-37.6,-36.2,-35.5,-35.4,-35.7,-38.5,-37.9,-38.8,-40.8,-42.6,-43.2,-42.2,-40.3,512.5,513.0,513.2,512.9,512.4,512.2,511.7,512.0,516.6,514.0,511.7,510.6,511.2,512.6,514.3,512.6,511.1,510.7,511.8,514.0,513.1,513.0,513.0,513.2,513.5,513.6,513.5,513.3,527.3,528.4,530.0,531.3,531.5,530.4,528.7,527.6,527.6,526.9,526.8,527.9,530.5,534.0,537.3,534.0,530.7,528.2,527.0,527.1,529.3,529.9,530.6,531.1,531.0,530.4,529.7,529.2,30.9,-7.1,656.4,0.173,-0.181,-0.008,221.1,221.8,223.7,226.5,231.4,238.8,247.8,258.3,268.7,277.2,283.3,288.7,293.6,297.0,299.3,300.8,301.1,231.2,237.6,246.2,254.9,262.7,277.9,284.4,290.7,296.8,300.6,270.7,271.9,273.2,274.5,263.2,267.7,272.3,276.3,279.7,240.6,245.9,252.1,257.1,252.0,245.8,279.4,284.2,289.7,293.5,290.4,284.9,254.0,261.7,268.0,271.7,275.5,279.9,283.6,280.1,275.7,271.6,267.5,261.2,257.1,267.6,271.4,275.3,281.5,275.3,271.4,267.5,161.0,172.8,184.3,195.3,205.7,214.5,221.8,226.9,227.9,225.7,219.4,211.4,202.3,192.1,181.4,170.4,159.2,152.9,147.9,146.4,147.4,150.0,149.2,146.1,144.6,145.4,149.7,158.5,166.2,173.9,181.7,187.2,188.6,189.7,188.3,186.6,160.6,157.5,157.4,161.1,162.6,162.9,160.2,156.0,155.8,158.5,161.0,161.3,202.9,200.2,198.5,199.4,198.2,199.6,201.6,206.7,209.0,209.6,209.4,207.6,203.1,202.2,202.4,201.8,202.1,203.2,203.9,203.6,-50.6,-49.6,-46.5,-41.7,-32.9,-19.7,-3.8,14.3,32.3,47.7,59.6,70.6,80.0,86.4,90.3,92.9,93.4,-31.4,-20.5,-6.2,8.0,20.8,46.0,57.4,68.8,80.3,88.1,34.1,35.7,37.4,39.1,21.6,29.0,36.4,43.2,49.1,-15.6,-6.9,3.4,11.9,3.3,-7.0,49.7,58.1,67.9,75.1,69.0,59.3,6.8,19.3,29.6,35.8,42.2,50.3,57.5,50.6,42.7,35.8,29.0,18.7,11.8,29.2,35.5,42.0,53.6,42.0,35.5,29.0,-46.3,-25.9,-5.7,13.9,32.3,47.8,60.0,68.2,69.9,66.9,57.1,43.6,27.2,8.5,-11.1,-31.2,-51.6,-57.8,-65.6,-67.6,-65.5,-61.1,-63.1,-69.1,-72.5,-72.2,-65.9,-47.7,-34.7,-22.0,-9.2,-0.4,1.8,3.5,1.3,-1.5,-44.9,-49.9,-50.1,-44.0,-41.4,-40.9,-46.2,-53.5,-54.2,-50.0,-45.3,-44.5,26.0,21.0,18.0,19.7,17.7,20.3,24.1,32.3,35.7,36.6,36.2,33.4,26.1,24.3,24.7,23.8,24.8,26.1,27.2,26.7,683.9,687.1,691.0,693.4,692.8,689.9,683.9,675.8,675.2,684.5,699.6,712.0,717.4,717.1,715.6,714.0,713.6,652.3,646.3,642.0,638.4,636.7,644.2,651.8,660.7,670.2,680.1,642.4,636.4,629.9,623.9,640.1,638.8,638.5,642.0,646.1,652.0,649.1,649.6,651.1,649.8,649.2,660.6,663.1,667.2,673.6,667.5,663.5,657.1,646.8,643.2,644.4,646.6,655.6,669.0,657.4,649.9,647.3,646.3,649.2,654.9,646.2,646.9,649.7,665.0,649.6,646.8,646.3,0.59,0.175,-0.24,0.002,268.305,183.125,-8.18,7.616,-12.316,18.766,4.922,2.374,-4.418,2.974,3.632,-2.878,-0.228,1.39,0.286,-1.546,-0.778,-0.19,0.378,1.155,-1.05,-0.717,0.333,-0.366,-0.244,-0.425,0.164,-0.043,0.114,0.013,-0.095,-0.014,-0.018,0.005,0.005,-0.005,0.41,0.27,0.0,0.72,0.0,0.0,0.0,0.0,0.0,0.12,0.0,0.0,0.0,0.0,0.0,0.0,0.0,0.0,1.0,0.0,1.0,0.0,0.0,0.0,0.0,0.0,0.0,0.0,0.0,0.0,0.0,0.0,0.0,1.0,0.0
PP133,g1,4778,0,0.975,0.196779,0.164788,-0.9665,0.046538,0.165362,-0.985134,0.124,0.168,244.7,246.0,249.2,252.4,253.7,252.7,249.3,246.1,240.5,242.4,245.3,248.8,252.3,254.9,256.8,254.7,251.7,248.5,245.4,242.5,247.9,249.3,250.7,251.2,250.6,249.2,247.8,247.3,282.1,283.0,285.7,288.7,290.2,289.4,286.6,283.4,279.1,281.0,283.6,286.9,289.8,291.9,293.1,292.1,290.2,287.6,284.6,281.5,284.8,286.2,287.3,287.7,287.1,285.7,284.6,284.2,159.2,155.9,154.5,155.8,159.0,162.5,163.6,162.4,160.7,158.9,157.6,156.9,157.5,159.0,161.1,162.2,162.7,163.0,162.8,162.1,160.6,161.2,160.5,159.1,157.7,157.2,157.8,159.2,157.8,154.7,153.2,154.3,157.3,160.5,162.0,161.1,160.2,157.9,156.3,155.4,155.8,156.9,158.7,160.1,160.9,161.4,161.4,161.1,159.1,159.6,159.0,157.6,156.2,155.8,156.4,157.8,-6.9,-5.2,-1.1,3.1,4.9,3.5,-0.9,-5.1,-12.5,-9.9,-6.2,-1.6,3.0,6.4,8.9,6.1,2.3,-2.0,-6.1,-9.8,-2.8,-0.9,0.9,1.6,0.8,-1.0,-2.8,-3.6,43.2,44.4,48.3,52.4,54.5,53.3,49.4,44.9,39.2,41.7,45.2,49.7,53.9,57.1,59.1,57.3,54.4,50.7,46.6,42.4,47.1,48.9,50.6,51.1,50.2,48.4,46.7,46.2,-37.1,-41.4,-43.3,-41.6,-37.3,-32.7,-31.2,-32.9,-35.3,-37.6,-39.1,-39.9,-39.2,-37.3,-34.7,-33.1,-32.3,-32.0,-32.3,-33.3,-35.3,-34.5,-35.3,-37.2,-39.1,-39.8,-39.0,-37.1,-39.9,-44.3,-46.4,-45.0,-40.9,-36.5,-34.4,-35.5,-36.8,-39.8,-42.0,-43.2,-42.9,-41.7,-39.6,-37.3,-36.0,-35.2,-35.2,-35.5,-38.3,-37.7,-38.6,-40.6,-42.4,-43.0,-42.0,-40.1,511.3,511.8,512.0,511.8,511.2,511.0,510.6,510.8,515.5,512.9,510.6,509.5,510.0,511.5,513.1,511.5,509.9,509.6,510.7,512.9,511.9,511.8,511.9,512.1,512.3,512.4,512.3,512.1,525.6,526.6,528.3,529.6,529.8,528.7,527.0,525.8,525.9,525.2,525.1,526.1,528.8,532.3,535.6,532.3,529.0,526.5,525.3,525.4,527.6,528.1,528.9,529.3,529.3,528.7,528.0,527.5,30.4,-6.9,655.8,0.174,-0.18,-0.009,220.8,221.5,223.5,226.4,231.3,238.7,247.7,258.1,268.6,277.1,283.1,288.6,293.3,296.8,299.0,300.5,300.9,230.8,237.2,245.8,254.6,262.5,277.6,284.1,290.5,296.6,300.4,270.5,271.7,273.0,274.2,262.9,267.5,272.0,276.0,279.4,240.4,245.6,251.8,256.9,251.7,245.5,279.1,283.9,289.5,293.3,290.1,284.6,253.9,261.5,267.8,271.4,275.2,279.6,283.2,279.8,275.4,271.4,267.3,261.1,256.9,267.4,271.2,275.0,281.2,275.0,271.2,267.3,161.0,172.8,184.4,195.5,205.8,214.7,221.9,227.1,228.0,225.8,219.4,211.4,202.3,192.1,181.4,170.4,159.2,153.1,148.0,146.4,147.4,150.1,149.3,146.1,144.7,145.5,149.8,158.6,166.3,174.0,181.9,187.3,188.7,189.8,188.4,186.7,160.7,157.5,157.4,161.2,162.7,163.0,160.3,156.0,155.8,158.6,161.1,161.4,203.1,200.3,198.6,199.5,198.3,199.7,201.7,206.8,209.1,209.7,209.5,207.7,203.2,202.3,202.5,201.9,202.2,203.3,204.0,203.8,-51.1,-50.1,-46.9,-42.0,-33.2,-20.0,-4.0,14.0,32.1,47.4,59.3,70.3,79.5,85.8,89.7,92.3,92.8,-32.1,-21.2,-6.8,7.5,20.3,45.5,56.9,68.4,79.8,87.6,33.6,35.3,37.0,38.7,21.2,28.6,36.0,42.7,48.6,-16.1,-7.3,3.0,11.5,2.9,-7.5,49.2,57.6,67.4,74.5,68.5,58.7,6.6,19.0,29.2,35.3,41.7,49.7,56.9,50.1,42.3,35.4,28.6,18.4,11.6,28.8,35.1,41.5,53.0,41.5,35.0,28.6,-46.3,-25.8,-5.5,14.2,32.5,48.0,60.2,68.4,70.0,67.0,57.2,43.6,27.1,8.4,-11.1,-31.2,-51.6,-57.5,-65.4,-67.4,-65.4,-60.9,-63.0,-68.9,-72.3,-71.9,-65.5,-47.5,-34.5,-21.8,-9.0,-0.3,2.0,3.7,1.5,-1.4,-44.7,-49.8,-50.0,-43.8,-41.2,-40.8,-46.0,-53.4,-54.0,-49.8,-45.1,-44.3,26.2,21.2,18.2,19.9,17.8,20.5,24.3,32.5,35.8,36.7,36.4,33.5,26.3,24.4,24.8,23.9,25.0,26.3,27.3,26.9,683.8,687.0,690.9,693.2,692.6,689.6,683.6,675.5,674.8,684.1,699.2,711.5,716.8,716.4,714.9,713.2,712.8,652.0,645.9,641.4,637.7,636.0,643.5,651.1,660.1,669.6,679.7,641.8,635.7,629.2,623.2,639.4,638.2,637.8,641.3,645.4,651.5,648.5,649.1,650.5,649.2,648.7,660.0,662.5,666.6,673.0,666.9,662.9,656.5,646.2,642.6,643.8,646.0,654.9,668.2,656.6,649.3,646.6,645.7,648.5,654.3,645.6,646.3,649.1,664.2,649.0,646.2,645.7,0.59,0.176,-0.238,0.001,268.063,183.209,-7.474,8.388,-12.485,19.456,5.04,2.35,-4.362,2.731,3.773,-3.148,-0.421,1.157,0.489,-1.487,-0.585,-0.3,0.494,1.157,-1.103,-0.579,0.3,-0.332,-0.338,-0.433,0.142,-0.026,0.114,0.017,-0.096,-0.01,-0.027,0.003,0.005,-0.005,0.95,0.56,0.0,1.45,0.0,0.0,0.0,0.0,0.0,0.04,0.0,0.0,0.0,0.0,0.0,0.0,0.0,1.0,1.0,0.0,1.0,0.0,0.0,0.0,0.0,0.0,0.0,0.0,0.0,0.0,0.0,0.0,0.0,1.0,0.0
PP133,g1,4784,0,0.975,0.191852,0.161092,-0.968113,0.043892,0.162428,-0.985744,0.12,0.164,244.2,245.4,248.6,251.8,253.2,252.2,248.8,245.6,240.0,241.9,244.7,248.2,251.7,254.4,256.2,254.2,251.2,248.0,244.8,242.0,247.4,248.8,250.1,250.7,250.1,248.7,247.3,246.8,281.6,282.4,285.1,288.2,289.7,288.8,286.1,282.9,278.6,280.5,283.1,286.4,289.3,291.4,292.6,291.6,289.7,287.1,284.1,281.0,284.3,285.6,286.8,287.2,286.5,285.2,284.0,283.7,159.5,156.2,154.8,156.1,159.3,162.8,164.0,162.7,161.1,159.2,157.9,157.3,157.8,159.3,161.3,162.5,163.0,163.3,163.1,162.5,160.9,161.5,160.9,159.4,158.0,157.5,158.1,159.5,158.0,154.8,153.3,154.4,157.4,160.6,162.1,161.3,160.3,158.1,156.4,155.6,155.9,157.0,158.8,160.2,161.1,161.5,161.5,161.3,159.3,159.8,159.1,157.7,156.4,155.9,156.6,157.9,-7.6,-6.0,-1.8,2.4,4.2,2.9,-1.6,-5.8,-13.2,-10.6,-6.9,-2.3,2.2,5.7,8.2,5.4,1.6,-2.6,-6.8,-10.5,-3.5,-1.6,0.2,0.9,0.1,-1.7,-3.5,-4.3,42.4,43.6,47.4,51.6,53.7,52.5,48.7,44.2,38.4,40.9,44.4,48.9,53.1,56.3,58.3,56.5,53.6,50.0,45.8,41.6,46.3,48.1,49.8,50.3,49.4,47.6,45.9,45.4,-36.6,-41.0,-42.8,-41.2,-36.9,-32.3,-30.7,-32.4,-34.8,-37.1,-38.6,-39.4,-38.7,-37.0,-34.4,-32.7,-31.9,-31.5,-31.8,-32.8,-34.8,-34.1,-34.9,-36.8,-38.6,-39.4,-38.5,-36.7,-39.6,-44.0,-46.1,-44.8,-40.7,-36.3,-34.2,-35.2,-36.5,-39.5,-41.7,-43.0,-42.7,-41.5,-39.3,-37.1,-35.7,-35.0,-34.9,-35.2,-38.0,-37.4,-38.4,-40.3,-42.1,-42.7,-41.8,-39.8,511.2,511.6,511.7,511.5,511.0,510.7,510.4,510.7,515.3,512.8,510.4,509.2,509.8,511.2,512.8,511.2,509.7,509.4,510.5,512.7,511.7,511.6,511.6,511.8,512.1,512.2,512.1,511.9,524.6,525.7,527.3,528.6,528.8,527.7,526.1,524.9,525.0,524.3,524.1,525.2,527.9,531.3,534.6,531.3,528.0,525.5,524.3,524.4,526.6,527.2,527.9,528.4,528.3,527.7,527.0,526.5,29.9,-6.4,655.1,0.167,-0.173,-0.016,220.5,221.3,223.4,226.3,231.3,238.7,247.7,258.2,268.6,277.1,283.2,288.6,293.3,296.7,298.8,300.3,300.6,230.3,236.6,245.2,253.9,261.8,277.0,283.5,289.8,296.0,299.8,269.8,271.1,272.4,273.7,262.5,267.1,271.6,275.6,279.0,239.9,245.0,251.2,256.4,251.2,245.0,278.6,283.4,289.0,292.8,289.6,284.1,253.8,261.3,267.5,271.2,274.9,279.4,283.1,279.6,275.3,271.2,267.2,261.0,256.8,267.2,271.0,274.7,281.0,274.8,271.0,267.2,161.5,173.3,184.9,196.0,206.4,215.3,222.5,227.7,228.6,226.3,219.9,211.8,202.6,192.4,181.6,170.6,159.4,153.5,148.3,146.7,147.7,150.3,149.5,146.3,144.8,145.6,149.9,158.8,166.5,174.2,182.1,187.6,189.0,190.0,188.6,186.9,161.0,157.8,157.7,161.4,163.0,163.3,160.4,156.2,156.0,158.7,161.2,161.5,203.5,200.7,198.9,199.9,198.6,200.0,201.9,207.0,209.3,209.9,209.7,208.0,203.6,202.6,202.8,202.2,202.4,203.5,204.2,204.0,-51.6,-50.4,-47.1,-42.0,-33.1,-19.9,-4.0,14.1,32.1,47.5,59.4,70.3,79.4,85.5,89.2,91.7,92.1,-33.0,-22.2,-7.9,6.4,19.2,44.4,55.7,67.2,78.7,86.6,32.6,34.3,36.0,37.8,20.5,27.9,35.3,42.0,47.9,-16.9,-8.3,2.1,10.6,2.0,-8.3,48.2,56.6,66.4,73.6,67.6,57.8,6.4,18.7,28.8,34.8,41.1,49.2,56.5,49.7,41.9,35.1,28.4,18.2,11.4,28.4,34.7,41.1,52.6,41.1,34.7,28.3,-45.5,-25.0,-4.6,15.1,33.5,49.0,61.2,69.4,70.9,67.8,57.9,44.3,27.7,9.0,-10.7,-30.8,-51.2,-56.8,-64.8,-66.9,-64.9,-60.5,-62.6,-68.6,-72.0,-71.7,-65.3,-47.2,-34.2,-21.4,-8.6,0.2,2.4,4.1,1.8,-1.0,-44.1,-49.3,-49.4,-43.4,-40.7,-40.2,-45.7,-53.1,-53.7,-49.6,-44.8,-44.0,26.8,21.8,18.7,20.3,18.3,20.9,24.7,32.8,36.1,37.0,36.7,34.0,27.0,25.0,25.3,24.4,25.4,26.5,27.6,27.2,684.0,687.3,691.2,693.4,692.6,689.4,683.2,674.9,674.2,683.4,698.5,710.7,716.0,715.6,713.9,712.1,711.6,652.2,646.0,641.4,637.7,635.9,643.0,650.5,659.4,668.9,678.9,641.4,635.2,628.6,622.5,639.0,637.6,637.1,640.6,644.8,651.6,648.6,649.0,650.4,649.2,648.8,659.5,662.0,666.0,672.3,666.3,662.4,656.0,645.5,641.9,643.1,645.3,654.1,667.3,655.6,648.3,645.7,644.8,647.7,653.7,644.9,645.6,648.3,663.2,648.1,645.4,644.9,0.591,0.17,-0.23,-0.007,267.747,183.504,-7.176,8.583,-12.932,20.349,4.114,2.781,-4.345,3.128,3.742,-3.715,-0.63,1.101,0.103,-1.65,-0.436,-0.508,0.318,1.098,-1.031,-0.528,0.328,-0.387,-0.382,-0.406,0.136,0.042,0.114,0.012,-0.104,-0.023,-0.026,-0.007,0.008,-0.005,0.77,0.36,0.0,1.37,0.0,0.0,0.0,0.0,0.0,0.18,0.0,0.0,0.0,0.0,0.0,0.0,0.0,1.0,1.0,0.0,1.0,0.0,0.0,0.0,0.0,0.0,0.0,0.0,0.0,0.0,0.0,0.0,0.0,1.0,0.0
PP133,g1,4790,0,0.975,0.193516,0.159932,-0.967974,0.046409,0.161509,-0.985779,0.122,0.163,244.5,245.7,248.9,252.1,253.5,252.5,249.1,245.9,240.3,242.2,245.0,248.5,252.0,254.6,256.5,254.4,251.5,248.3,245.1,242.3,247.6,249.0,250.4,251.0,250.3,248.9,247.6,247.0,281.8,282.7,285.4,288.4,289.9,289.1,286.4,283.1,278.8,280.7,283.3,286.6,289.5,291.6,292.8,291.8,289.9,287.4,284.3,281.2,284.6,285.9,287.1,287.4,286.7,285.4,284.2,283.9,159.8,156.5,155.1,156.3,159.5,163.0,164.2,163.0,161.4,159.5,158.2,157.5,158.1,159.5,161.6,162.8,163.3,163.6,163.4,162.7,161.2,161.7,161.1,159.7,158.3,157.7,158.4,159.8,158.2,155.0,153.5,154.6,157.7,160.9,162.3,161.5,160.5,158.3,156.6,155.8,156.2,157.2,159.0,160.4,161.3,161.7,161.7,161.5,159.5,160.0,159.3,157.9,156.6,156.1,156.8,158.2,-7.2,-5.6,-1.5,2.7,4.5,3.2,-1.2,-5.4,-12.8,-10.3,-6.5,-2.0,2.6,6.1,8.6,5.8,1.9,-2.3,-6.4,-10.1,-3.1,-1.3,0.5,1.3,0.5,-1.4,-3.2,-3.9,42.9,44.1,47.9,52.1,54.2,52.9,49.1,44.6,38.9,41.4,44.9,49.4,53.6,56.7,58.8,57.0,54.1,50.4,46.2,42.1,46.7,48.6,50.2,50.8,49.9,48.0,46.3,45.8,-36.4,-40.7,-42.6,-40.9,-36.7,-32.1,-30.5,-32.1,-34.5,-36.8,-38.4,-39.2,-38.5,-36.7,-34.1,-32.4,-31.7,-31.3,-31.6,-32.6,-34.6,-33.8,-34.7,-36.5,-38.4,-39.1,-38.3,-36.4,-39.4,-43.8,-46.0,-44.6,-40.5,-36.1,-34.0,-35.0,-36.3,-39.3,-41.5,-42.8,-42.5,-41.3,-39.1,-36.9,-35.6,-34.8,-34.7,-35.0,-37.9,-37.3,-38.2,-40.1,-41.9,-42.5,-41.6,-39.7,512.3,512.7,512.9,512.6,512.1,511.9,511.5,511.8,516.5,513.9,511.5,510.3,510.9,512.3,513.9,512.3,510.8,510.5,511.6,513.9,512.8,512.7,512.8,513.0,513.2,513.3,513.2,513.0,526.3,527.3,529.0,530.3,530.5,529.4,527.7,526.5,526.6,525.9,525.8,526.8,529.5,533.0,536.3,533.0,529.6,527.2,526.0,526.1,528.3,528.8,529.6,530.0,530.0,529.4,528.7,528.2,30.3,-6.0,654.8,0.165,-0.177,-0.017,220.7,221.5,223.5,226.5,231.4,238.9,247.9,258.5,269.0,277.5,283.6,289.0,293.6,296.9,299.0,300.5,300.7,230.6,236.9,245.5,254.2,262.1,277.2,283.7,290.0,296.2,300.0,270.1,271.4,272.7,274.1,262.9,267.4,272.0,276.0,279.3,240.2,245.3,251.5,256.6,251.5,245.3,278.8,283.6,289.2,293.0,289.8,284.3,254.2,261.7,267.9,271.5,275.3,279.7,283.4,280.0,275.7,271.6,267.6,261.4,257.2,267.6,271.4,275.1,281.2,275.2,271.4,267.6,161.8,173.6,185.2,196.3,206.7,215.6,222.8,228.0,228.9,226.5,220.1,212.0,202.8,192.6,181.8,170.8,159.6,153.7,148.6,147.0,148.0,150.6,149.7,146.6,145.1,145.9,150.1,159.0,166.7,174.4,182.3,187.9,189.2,190.3,188.8,187.1,161.3,158.1,158.0,161.7,163.2,163.6,160.6,156.4,156.2,158.9,161.4,161.7,203.8,201.0,199.1,200.1,198.8,200.2,202.2,207.3,209.5,210.2,210.0,208.3,203.9,202.9,203.0,202.4,202.7,203.7,204.5,204.2,-51.3,-50.1,-46.8,-41.7,-32.9,-19.6,-3.6,14.6,32.8,48.2,60.1,70.9,79.9,85.9,89.5,92.0,92.3,-32.4,-21.6,-7.3,6.9,19.7,44.8,56.1,67.6,79.1,86.9,33.1,34.8,36.6,38.3,21.1,28.4,35.9,42.6,48.4,-16.4,-7.8,2.5,11.1,2.5,-7.9,48.6,57.0,66.8,74.0,67.9,58.2,7.1,19.3,29.4,35.5,41.7,49.7,57.0,50.3,42.6,35.7,29.0,18.9,12.1,29.0,35.3,41.7,53.0,41.7,35.3,29.0,-44.9,-24.5,-4.1,15.6,34.0,49.5,61.7,69.9,71.3,68.3,58.3,44.6,28.1,9.3,-10.3,-30.4,-50.7,-56.4,-64.3,-66.5,-64.5,-60.0,-62.2,-68.2,-71.6,-71.3,-64.9,-46.8,-33.8,-21.1,-8.3,0.6,2.8,4.5,2.2,-0.7,-43.7,-48.8,-49.0,-43.0,-40.3,-39.7,-45.3,-52.7,-53.4,-49.2,-44.5,-43.7,27.4,22.2,19.1,20.7,18.6,21.2,25.2,33.2,36.5,37.4,37.2,34.5,27.5,25.4,25.7,24.7,25.8,26.9,28.0,27.6,683.5,686.8,690.7,693.0,692.3,689.0,682.8,674.5,673.8,683.2,698.3,710.7,716.1,715.5,713.8,711.9,711.3,651.6,645.5,641.1,637.5,635.8,643.0,650.5,659.4,668.9,678.8,641.3,635.1,628.5,622.4,638.7,637.4,637.0,640.5,644.7,651.1,648.2,648.7,650.1,648.9,648.4,659.5,662.0,666.0,672.3,666.3,662.3,655.4,645.0,641.5,642.8,644.9,653.7,667.0,655.3,648.0,645.4,644.4,647.2,653.2,644.5,645.3,648.0,662.9,647.8,645.0,644.5,0.591,0.169,-0.234,-0.008,268.043,183.752,-7.058,9.024,-13.428,20.197,3.374,2.413,-4.222,3.302,3.789,-3.705,-0.418,0.948,0.109,-1.663,-0.296,-0.395,0.347,1.083,-0.951,-0.451,0.411,-0.269,-0.384,-0.454,0.103,0.075,0.123,0.006,-0.099,-0.019,-0.019,-0.012,0.003,-0.004,0.51,0.25,0.0,1.01,0.0,0.0,0.0,0.0,0.0,0.0,0.0,0.0,0.0,0.0,0.0,0.0,0.0,1.0,1.0,0.0,1.0,0.0,0.0,0.0,0.0,0.0,0.0,0.0,0.0,0.0,0.0,0.0,0.0,1.0,0.0
PP133,g1,4796,0,0.975,0.191144,0.163747,-0.967807,0.042806,0.165524,-0.985276,0.119,0.167,244.2,245.5,248.6,251.8,253.2,252.2,248.8,245.6,240.0,241.9,244.7,248.2,251.7,254.4,256.2,254.2,251.2,248.0,244.8,242.0,247.4,248.8,250.1,250.7,250.1,248.7,247.3,246.8,281.6,282.5,285.2,288.2,289.8,288.9,286.2,282.9,278.7,280.5,283.2,286.4,289.4,291.4,292.7,291.6,289.7,287.2,284.2,281.1,284.4,285.7,286.9,287.3,286.6,285.3,284.1,283.7,160.0,156.7,155.3,156.5,159.7,163.2,164.4,163.2,161.6,159.7,158.4,157.8,158.3,159.7,161.8,163.0,163.5,163.8,163.6,162.9,161.4,161.9,161.3,159.9,158.5,157.9,158.6,160.0,158.4,155.2,153.7,154.8,157.8,161.0,162.5,161.7,160.7,158.5,156.8,156.0,156.3,157.4,159.1,160.6,161.4,161.9,161.9,161.7,159.7,160.2,159.5,158.1,156.8,156.3,157.0,158.3,-7.6,-6.0,-1.8,2.4,4.2,2.9,-1.6,-5.8,-13.2,-10.6,-6.9,-2.4,2.2,5.7,8.2,5.4,1.6,-2.6,-6.8,-10.5,-3.5,-1.6,0.2,0.9,0.1,-1.7,-3.6,-4.3,42.5,43.8,47.6,51.8,53.9,52.6,48.8,44.3,38.6,41.0,44.5,49.0,53.3,56.4,58.5,56.7,53.8,50.1,45.9,41.8,46.4,48.2,49.9,50.5,49.5,47.7,46.0,45.5,-36.1,-40.4,-42.3,-40.6,-36.4,-31.8,-30.2,-31.9,-34.2,-36.6,-38.1,-38.8,-38.2,-36.4,-33.8,-32.2,-31.4,-31.0,-31.3,-32.3,-34.3,-33.5,-34.4,-36.2,-38.1,-38.8,-38.0,-36.1,-39.1,-43.5,-45.7,-44.3,-40.2,-35.8,-33.7,-34.7,-36.0,-39.0,-41.2,-42.4,-42.1,-41.0,-38.9,-36.6,-35.3,-34.5,-34.4,-34.7,-37.6,-37.0,-37.9,-39.8,-41.6,-42.2,-41.3,-39.3,512.1,512.5,512.7,512.4,511.9,511.7,511.3,511.6,516.3,513.7,511.3,510.1,510.7,512.1,513.7,512.1,510.6,510.3,511.4,513.7,512.6,512.5,512.6,512.8,513.0,513.1,513.0,512.8,525.3,526.3,528.0,529.3,529.4,528.4,526.7,525.6,525.7,524.9,524.8,525.8,528.5,532.0,535.3,532.0,528.6,526.2,525.0,525.1,527.3,527.8,528.6,529.0,528.9,528.4,527.7,527.2,29.9,-5.7,654.6,0.17,-0.172,-0.017,220.5,221.3,223.3,226.3,231.3,238.7,247.7,258.2,268.7,277.3,283.4,288.9,293.6,296.9,299.0,300.5,300.7,230.3,236.6,245.2,253.9,261.8,277.0,283.5,289.9,296.1,299.9,269.9,271.1,272.4,273.7,262.5,267.1,271.7,275.6,279.0,239.9,245.0,251.2,256.4,251.2,245.0,278.6,283.5,289.0,292.9,289.7,284.2,253.9,261.3,267.5,271.2,275.0,279.5,283.2,279.7,275.3,271.3,267.2,261.0,256.9,267.2,271.0,274.8,281.0,274.9,271.0,267.2,161.8,173.6,185.2,196.3,206.7,215.6,222.9,228.1,229.0,226.6,220.2,212.0,202.8,192.6,181.8,170.8,159.6,153.9,148.8,147.2,148.2,150.9,150.0,146.8,145.3,146.0,150.3,159.2,167.0,174.7,182.6,188.1,189.4,190.5,189.1,187.3,161.5,158.3,158.2,161.9,163.5,163.8,160.8,156.6,156.4,159.1,161.6,161.9,203.9,201.1,199.3,200.2,198.9,200.3,202.4,207.5,209.7,210.4,210.2,208.5,204.1,203.0,203.2,202.6,202.9,204.0,204.7,204.5,-51.6,-50.5,-47.2,-42.1,-33.2,-20.0,-4.0,14.2,32.3,47.8,59.8,70.7,79.8,85.8,89.5,91.9,92.3,-32.9,-22.1,-7.8,6.4,19.2,44.4,55.7,67.3,78.8,86.6,32.6,34.3,36.0,37.7,20.5,27.9,35.3,42.0,47.9,-16.9,-8.2,2.1,10.6,2.0,-8.3,48.3,56.7,66.4,73.7,67.6,57.9,6.5,18.7,28.8,34.9,41.2,49.3,56.6,49.8,42.1,35.1,28.4,18.3,11.5,28.4,34.7,41.2,52.7,41.2,34.7,28.3,-44.9,-24.5,-4.1,15.6,34.0,49.6,61.8,70.1,71.6,68.4,58.4,44.6,28.0,9.3,-10.4,-30.4,-50.8,-56.0,-63.9,-66.0,-64.0,-59.6,-61.7,-67.8,-71.2,-70.9,-64.6,-46.3,-33.4,-20.7,-7.9,0.9,3.1,4.9,2.6,-0.3,-43.3,-48.4,-48.6,-42.6,-39.9,-39.4,-45.0,-52.3,-53.0,-48.9,-44.1,-43.3,27.6,22.5,19.4,21.0,18.9,21.5,25.4,33.5,36.9,37.8,37.5,34.8,27.7,25.6,26.0,25.0,26.1,27.3,28.4,28.0,683.5,686.9,690.8,693.2,692.5,689.3,683.1,674.8,674.0,683.3,698.3,710.5,715.7,715.1,713.2,711.3,710.7,651.5,645.3,640.7,637.0,635.2,642.4,649.8,658.6,668.0,678.0,640.8,634.7,628.1,622.1,638.6,637.3,636.8,640.2,644.4,650.9,647.9,648.4,649.7,648.6,648.2,658.9,661.3,665.2,671.6,665.6,661.7,655.6,645.0,641.5,642.6,644.8,653.6,666.8,655.2,648.0,645.4,644.5,647.4,653.3,644.5,645.2,647.9,662.8,647.7,645.0,644.5,0.591,0.175,-0.228,-0.008,267.794,183.908,-7.064,8.806,-13.033,19.784,3.515,2.252,-4.395,3.103,3.821,-3.694,-0.525,0.907,0.186,-1.493,-0.413,-0.347,0.326,1.18,-1.004,-0.545,0.346,-0.224,-0.312,-0.496,0.146,0.005,0.133,0.011,-0.098,-0.02,-0.018,-0.01,0.005,-0.002,0.44,0.2,0.0,1.11,0.0,0.0,0.04,0.0,0.0,0.2,0.0,0.0,0.0,0.0,0.0,0.0,0.0,1.0,1.0,0.0,1.0,0.0,0.0,0.0,0.0,0.0,0.0,0.0,0.0,0.0,0.0,0.0,0.0,1.0,0.0
PP133,g1,4802,0,0.975,0.194604,0.163401,-0.967176,0.045995,0.164889,-0.985239,0.123,0.167,244.5,245.7,248.9,252.1,253.5,252.5,249.1,245.9,240.3,242.2,245.0,248.5,252.0,254.6,256.5,254.4,251.5,248.3,245.1,242.3,247.6,249.0,250.4,251.0,250.4,249.0,247.6,247.0,281.9,282.7,285.4,288.4,289.9,289.1,286.4,283.1,278.9,280.8,283.4,286.6,289.6,291.6,292.9,291.8,289.9,287.4,284.4,281.3,284.6,285.9,287.1,287.4,286.8,285.5,284.3,283.9,159.8,156.5,155.1,156.4,159.6,163.1,164.3,163.0,161.4,159.5,158.3,157.6,158.1,159.6,161.6,162.8,163.3,163.6,163.4,162.8,161.2,161.8,161.2,159.7,158.3,157.8,158.4,159.8,158.3,155.1,153.7,154.8,157.8,161.0,162.4,161.6,160.6,158.4,156.8,155.9,156.3,157.3,159.1,160.5,161.4,161.8,161.8,161.6,159.6,160.1,159.4,158.0,156.7,156.2,156.9,158.3,-7.2,-5.6,-1.5,2.7,4.6,3.2,-1.2,-5.4,-12.9,-10.3,-6.5,-2.0,2.6,6.1,8.6,5.8,1.9,-2.3,-6.4,-10.1,-3.1,-1.3,0.5,1.3,0.5,-1.4,-3.2,-3.9,43.0,44.2,48.0,52.2,54.3,53.0,49.2,44.7,39.0,41.5,45.0,49.5,53.7,56.8,58.9,57.1,54.2,50.5,46.3,42.2,46.8,48.6,50.3,50.9,50.0,48.1,46.4,45.9,-36.3,-40.6,-42.5,-40.9,-36.6,-32.0,-30.4,-32.1,-34.5,-36.8,-38.3,-39.1,-38.4,-36.6,-34.0,-32.4,-31.6,-31.2,-31.5,-32.6,-34.5,-33.8,-34.6,-36.5,-38.3,-39.1,-38.2,-36.3,-39.3,-43.7,-45.9,-44.5,-40.4,-36.0,-33.9,-34.9,-36.2,-39.2,-41.4,-42.7,-42.4,-41.2,-39.0,-36.8,-35.5,-34.7,-34.6,-34.9,-37.8,-37.2,-38.1,-40.0,-41.8,-42.4,-41.5,-39.6,512.4,512.9,513.0,512.8,512.3,512.0,511.7,511.9,516.6,514.0,511.6,510.5,511.1,512.5,514.1,512.5,510.9,510.6,511.8,514.0,513.0,512.9,512.9,513.1,513.3,513.4,513.4,513.2,526.8,527.9,529.5,530.8,531.0,529.9,528.3,527.1,527.2,526.5,526.3,527.4,530.1,533.5,536.8,533.5,530.2,527.7,526.5,526.6,528.8,529.4,530.1,530.6,530.5,529.9,529.2,528.8,30.3,-6.0,655.4,0.169,-0.177,-0.015,220.7,221.5,223.4,226.4,231.3,238.7,247.8,258.3,268.7,277.3,283.4,288.8,293.5,296.8,299.0,300.5,300.7,230.7,237.0,245.6,254.3,262.1,277.3,283.8,290.1,296.2,300.0,270.2,271.4,272.7,274.0,262.8,267.4,271.9,275.9,279.3,240.2,245.3,251.5,256.6,251.5,245.3,278.8,283.7,289.2,293.0,289.8,284.4,254.0,261.5,267.8,271.4,275.1,279.6,283.2,279.8,275.5,271.4,267.4,261.2,257.1,267.4,271.2,275.0,281.1,275.0,271.2,267.4,161.8,173.5,185.1,196.2,206.6,215.5,222.7,227.9,228.8,226.5,220.1,212.0,202.8,192.6,181.9,170.8,159.6,153.6,148.5,147.0,148.0,150.6,149.8,146.6,145.1,145.9,150.1,159.1,166.8,174.5,182.4,187.9,189.3,190.3,188.9,187.2,161.3,158.1,158.1,161.7,163.3,163.6,160.7,156.5,156.3,159.0,161.5,161.8,203.8,201.0,199.2,200.1,198.8,200.3,202.3,207.4,209.6,210.2,210.1,208.3,203.9,202.9,203.1,202.5,202.8,203.8,204.5,204.3,-51.2,-50.2,-47.0,-41.9,-33.1,-19.9,-3.9,14.3,32.4,47.8,59.7,70.6,79.7,85.8,89.5,92.0,92.4,-32.3,-21.4,-7.2,7.0,19.7,45.0,56.2,67.7,79.1,87.0,33.1,34.8,36.6,38.3,21.0,28.4,35.8,42.5,48.3,-16.4,-7.8,2.5,11.1,2.5,-7.9,48.7,57.1,66.9,74.0,68.0,58.3,6.8,19.1,29.2,35.3,41.6,49.6,56.8,50.1,42.3,35.5,28.7,18.6,11.8,28.8,35.1,41.5,52.9,41.5,35.1,28.7,-45.0,-24.6,-4.2,15.5,33.9,49.4,61.6,69.8,71.3,68.3,58.3,44.6,28.1,9.3,-10.3,-30.4,-50.7,-56.6,-64.4,-66.5,-64.4,-60.0,-62.1,-68.1,-71.6,-71.3,-65.0,-46.7,-33.7,-20.9,-8.1,0.7,2.9,4.6,2.4,-0.5,-43.6,-48.7,-48.9,-42.9,-40.2,-39.7,-45.2,-52.5,-53.2,-49.0,-44.3,-43.5,27.4,22.3,19.2,20.8,18.7,21.4,25.3,33.4,36.7,37.6,37.3,34.6,27.5,25.5,25.8,24.9,26.0,27.0,28.1,27.7,683.6,686.9,690.9,693.3,692.7,689.5,683.3,675.1,674.4,683.8,698.9,711.2,716.5,716.0,714.2,712.3,711.7,651.7,645.7,641.3,637.7,636.0,643.4,650.9,659.7,669.0,678.9,641.7,635.6,629.0,623.0,639.3,638.0,637.6,641.1,645.2,651.4,648.5,648.9,650.4,649.1,648.7,659.8,662.3,666.3,672.6,666.6,662.6,656.0,645.7,642.2,643.4,645.6,654.4,667.6,655.9,648.7,646.0,645.1,647.9,653.8,645.2,645.9,648.7,663.6,648.4,645.6,645.1,0.591,0.173,-0.235,-0.005,267.974,183.786,-7.729,8.692,-13.551,19.789,3.725,2.436,-4.324,3.183,3.421,-3.497,-0.302,1.118,0.167,-1.664,-0.472,-0.398,0.381,1.041,-1.034,-0.611,0.335,-0.275,-0.277,-0.438,0.055,0.068,0.11,0.011,-0.102,-0.017,-0.017,-0.009,0.003,-0.003,0.75,0.37,0.0,0.91,0.0,0.0,0.04,0.0,0.0,0.28,0.0,0.0,0.0,0.0,0.0,0.0,0.0,0.0,1.0,0.0,1.0,0.0,0.0,0.0,0.0,0.0,0.0,0.0,0.0,0.0,0.0,0.0,0.0,1.0,0.0
PP133,g1,4808,0,0.975,0.191938,0.161349,-0.968053,0.041949,0.162931,-0.985745,0.119,0.164,243.7,245.0,248.1,251.3,252.7,251.7,248.3,245.1,239.5,241.4,244.2,247.7,251.2,253.9,255.7,253.7,250.7,247.5,244.3,241.5,246.9,248.3,249.6,250.2,249.6,248.2,246.8,246.3,281.1,281.9,284.7,287.7,289.2,288.4,285.6,282.4,278.1,280.0,282.6,285.9,288.8,290.9,292.2,291.1,289.2,286.7,283.6,280.5,283.9,285.2,286.4,286.7,286.1,284.7,283.5,283.2,160.1,156.8,155.4,156.6,159.8,163.3,164.5,163.3,161.7,159.8,158.5,157.9,158.4,159.8,161.9,163.1,163.6,163.9,163.7,163.0,161.5,162.0,161.4,160.0,158.6,158.0,158.7,160.1,158.6,155.4,153.9,155.0,158.0,161.2,162.7,161.9,160.9,158.7,157.0,156.1,156.5,157.6,159.3,160.8,161.6,162.0,162.1,161.8,159.8,160.3,159.7,158.3,156.9,156.5,157.1,158.5,-8.2,-6.6,-2.5,1.7,3.5,2.2,-2.2,-6.4,-13.9,-11.3,-7.5,-3.0,1.6,5.1,7.6,4.8,0.9,-3.3,-7.4,-11.1,-4.1,-2.3,-0.5,0.2,-0.5,-2.4,-4.2,-4.9,41.9,43.1,46.9,51.1,53.2,52.0,48.1,43.6,37.9,40.4,43.9,48.4,52.6,55.8,57.8,56.0,53.1,49.4,45.2,41.1,45.7,47.6,49.2,49.8,48.9,47.0,45.4,44.8,-36.0,-40.3,-42.2,-40.5,-36.2,-31.6,-30.1,-31.7,-34.1,-36.4,-37.9,-38.7,-38.0,-36.3,-33.7,-32.0,-31.2,-30.9,-31.2,-32.2,-34.1,-33.4,-34.2,-36.1,-38.0,-38.7,-37.9,-36.0,-39.0,-43.3,-45.5,-44.1,-40.0,-35.6,-33.5,-34.5,-35.8,-38.8,-41.0,-42.3,-42.0,-40.8,-38.7,-36.4,-35.1,-34.3,-34.2,-34.5,-37.4,-36.8,-37.7,-39.6,-41.4,-42.0,-41.1,-39.2,511.9,512.4,512.5,512.2,511.7,511.5,511.2,511.4,516.1,513.5,511.1,510.0,510.5,511.9,513.6,512.0,510.4,510.1,511.3,513.5,512.5,512.3,512.4,512.6,512.8,512.9,512.9,512.7,525.8,526.8,528.5,529.7,529.9,528.9,527.2,526.1,526.2,525.4,525.3,526.3,529.0,532.4,535.7,532.4,529.1,526.6,525.5,525.6,527.8,528.3,529.0,529.5,529.4,528.9,528.2,527.7,29.1,-5.7,655.7,0.166,-0.171,-0.017,220.1,220.9,222.9,225.9,230.8,238.3,247.3,257.7,268.2,276.7,282.9,288.3,293.1,296.4,298.6,300.0,300.2,229.9,236.2,244.8,253.4,261.3,276.5,283.0,289.4,295.5,299.4,269.4,270.6,271.9,273.1,262.0,266.6,271.1,275.1,278.5,239.4,244.5,250.7,255.9,250.7,244.5,278.1,282.9,288.5,292.3,289.1,283.6,253.3,260.8,267.0,270.7,274.4,278.9,282.6,279.1,274.8,270.7,266.6,260.5,256.3,266.7,270.5,274.3,280.5,274.3,270.5,266.6,162.0,173.7,185.3,196.4,206.8,215.6,222.8,227.9,228.8,226.6,220.2,212.2,203.0,192.8,182.1,171.0,159.9,153.8,148.7,147.2,148.2,150.8,149.9,146.7,145.2,146.0,150.3,159.3,167.0,174.6,182.5,188.1,189.4,190.4,189.0,187.3,161.6,158.4,158.3,162.0,163.6,163.9,161.0,156.7,156.5,159.2,161.8,162.1,203.9,201.1,199.3,200.2,198.9,200.3,202.4,207.5,209.7,210.3,210.2,208.5,204.0,203.0,203.2,202.6,202.9,203.9,204.7,204.4,-52.4,-51.3,-48.0,-42.9,-34.0,-20.7,-4.8,13.4,31.4,46.8,58.8,69.8,79.0,85.1,88.8,91.2,91.6,-33.7,-22.8,-8.6,5.6,18.3,43.7,55.0,66.5,78.0,85.9,31.8,33.5,35.2,36.9,19.7,27.1,34.5,41.2,47.1,-17.7,-9.1,1.2,9.8,1.2,-9.2,47.5,55.9,65.7,72.9,66.8,57.1,5.6,17.8,27.9,34.0,40.4,48.5,55.8,49.0,41.2,34.3,27.5,17.4,10.6,27.6,33.9,40.3,51.8,40.3,33.9,27.5,-44.7,-24.2,-3.9,15.9,34.2,49.7,61.8,69.9,71.4,68.4,58.5,44.9,28.4,9.7,-9.9,-30.0,-50.4,-56.3,-64.2,-66.3,-64.3,-59.9,-62.0,-68.0,-71.4,-71.1,-64.7,-46.4,-33.4,-20.8,-8.0,0.9,3.1,4.8,2.5,-0.3,-43.3,-48.4,-48.5,-42.5,-39.8,-39.3,-44.8,-52.2,-52.8,-48.7,-43.9,-43.2,27.6,22.5,19.4,21.0,18.9,21.5,25.4,33.6,36.9,37.8,37.5,34.8,27.7,25.7,26.0,25.1,26.1,27.3,28.4,28.0,684.9,688.2,692.0,694.3,693.5,690.3,684.0,675.6,674.8,684.0,699.0,711.3,716.5,716.0,714.3,712.5,712.1,652.9,646.8,642.2,638.4,636.6,643.6,651.1,659.9,669.4,679.4,642.1,636.0,629.4,623.4,639.8,638.5,638.0,641.4,645.5,652.4,649.3,649.8,651.1,649.9,649.5,660.1,662.6,666.6,672.9,666.8,662.9,656.7,646.2,642.6,643.7,645.8,654.7,667.9,656.2,649.0,646.4,645.5,648.5,654.4,645.5,646.2,648.9,663.9,648.8,646.0,645.6,0.59,0.171,-0.227,-0.007,267.282,183.936,-7.407,8.665,-13.181,19.667,4.21,2.1,-4.464,3.333,3.249,-3.447,-0.647,1.088,0.005,-1.602,-0.455,-0.224,0.226,0.937,-1.193,-0.679,0.268,-0.262,-0.313,-0.411,0.095,0.013,0.113,0.011,-0.097,-0.015,-0.018,-0.007,0.005,-0.004,0.54,0.61,0.0,0.44,0.0,0.0,0.0,0.0,0.0,0.15,0.0,0.0,0.0,0.0,0.0,0.0,0.0,1.0,1.0,0.0,1.0,0.0,0.0,0.0,0.0,0.0,0.0,0.0,0.0,0.0,0.0,0.0,0.0,1.0,0.0
PP133,g1,4814,0,0.975,0.193458,0.163901,-0.967321,0.042982,0.165698,-0.98524,0.121,0.167,243.8,245.0,248.1,251.4,252.7,251.7,248.4,245.2,239.6,241.5,244.3,247.8,251.2,253.9,255.8,253.7,250.8,247.5,244.4,241.6,246.9,248.3,249.7,250.2,249.6,248.2,246.8,246.3,281.1,282.0,284.7,287.7,289.2,288.4,285.7,282.4,278.2,280.0,282.7,285.9,288.9,290.9,292.2,291.1,289.2,286.7,283.7,280.6,283.9,285.2,286.4,286.8,286.1,284.8,283.6,283.2,160.1,156.8,155.4,156.6,159.8,163.3,164.5,163.3,161.7,159.8,158.5,157.9,158.4,159.8,161.8,163.1,163.6,163.8,163.7,163.0,161.5,162.0,161.4,160.0,158.6,158.0,158.6,160.1,158.5,155.3,153.8,154.9,158.0,161.1,162.6,161.8,160.8,158.6,157.0,156.1,156.5,157.5,159.3,160.7,161.5,162.0,162.0,161.8,159.8,160.3,159.6,158.2,156.9,156.4,157.1,158.5,-8.2,-6.6,-2.4,1.8,3.6,2.3,-2.1,-6.3,-13.8,-11.2,-7.5,-2.9,1.6,5.1,7.6,4.9,1.0,-3.2,-7.3,-11.1,-4.1,-2.2,-0.4,0.3,-0.5,-2.3,-4.1,-4.9,42.0,43.2,47.0,51.2,53.3,52.1,48.3,43.8,38.0,40.5,44.0,48.5,52.7,55.9,58.0,56.2,53.2,49.6,45.4,41.2,45.9,47.7,49.4,49.9,49.0,47.2,45.5,45.0,-36.0,-40.3,-42.2,-40.5,-36.3,-31.7,-30.1,-31.8,-34.2,-36.5,-38.0,-38.7,-38.1,-36.3,-33.8,-32.1,-31.3,-30.9,-31.2,-32.2,-34.2,-33.5,-34.3,-36.2,-38.0,-38.8,-37.9,-36.0,-39.1,-43.5,-45.6,-44.3,-40.2,-35.8,-33.6,-34.7,-36.0,-38.9,-41.2,-42.4,-42.1,-41.0,-38.8,-36.6,-35.2,-34.5,-34.4,-34.7,-37.5,-36.9,-37.9,-39.8,-41.6,-42.2,-41.2,-39.3,512.5,512.9,513.0,512.8,512.3,512.1,511.7,512.0,516.7,514.1,511.7,510.5,511.1,512.5,514.1,512.5,511.0,510.7,511.8,514.1,513.0,512.9,513.0,513.2,513.4,513.5,513.4,513.2,527.0,528.0,529.7,530.9,531.1,530.0,528.4,527.3,527.4,526.6,526.5,527.5,530.1,533.6,536.9,533.6,530.3,527.8,526.7,526.8,529.0,529.5,530.2,530.7,530.6,530.1,529.4,528.9,29.2,-5.8,655.9,0.168,-0.173,-0.017,220.1,220.9,222.9,225.9,230.9,238.3,247.4,257.8,268.3,276.8,282.9,288.4,293.1,296.4,298.5,300.0,300.2,229.9,236.2,244.8,253.4,261.3,276.6,283.1,289.4,295.5,299.4,269.4,270.6,271.9,273.2,262.1,266.6,271.2,275.2,278.6,239.4,244.6,250.8,255.9,250.8,244.5,278.1,283.0,288.5,292.3,289.2,283.7,253.4,260.9,267.1,270.8,274.5,279.0,282.7,279.2,274.8,270.8,266.8,260.6,256.4,266.8,270.6,274.3,280.6,274.4,270.6,266.7,161.9,173.7,185.2,196.3,206.7,215.6,222.7,227.8,228.7,226.4,220.0,211.9,202.8,192.6,181.9,170.9,159.8,153.8,148.7,147.1,148.1,150.7,149.8,146.7,145.2,146.0,150.2,159.3,166.9,174.5,182.4,188.0,189.3,190.4,189.0,187.2,161.6,158.4,158.3,162.0,163.5,163.8,160.9,156.7,156.5,159.2,161.7,162.0,203.9,201.0,199.2,200.1,198.9,200.3,202.3,207.4,209.6,210.3,210.1,208.4,204.0,203.0,203.1,202.5,202.8,203.9,204.6,204.4,-52.4,-51.3,-48.0,-42.9,-34.0,-20.6,-4.6,13.5,31.6,47.0,58.9,69.9,79.1,85.1,88.8,91.2,91.5,-33.6,-22.8,-8.6,5.6,18.3,43.9,55.1,66.6,78.0,85.9,31.9,33.6,35.4,37.1,19.8,27.2,34.6,41.4,47.2,-17.7,-9.0,1.3,9.9,1.3,-9.1,47.6,55.9,65.7,73.0,66.9,57.1,5.7,18.0,28.1,34.2,40.5,48.6,55.9,49.1,41.3,34.4,27.7,17.5,10.7,27.8,34.0,40.4,52.0,40.5,34.0,27.7,-44.9,-24.4,-4.0,15.7,34.1,49.6,61.7,69.8,71.3,68.2,58.2,44.5,28.0,9.3,-10.3,-30.3,-50.6,-56.4,-64.3,-66.4,-64.4,-60.0,-62.1,-68.1,-71.5,-71.2,-64.9,-46.4,-33.5,-20.9,-8.2,0.8,3.0,4.7,2.4,-0.5,-43.3,-48.4,-48.6,-42.6,-39.9,-39.3,-44.9,-52.2,-52.9,-48.8,-44.1,-43.3,27.5,22.4,19.2,20.8,18.8,21.4,25.3,33.4,36.8,37.7,37.4,34.7,27.6,25.6,25.9,25.0,26.0,27.2,28.3,27.9,684.9,688.2,692.2,694.5,693.7,690.5,684.2,676.0,675.2,684.4,699.4,711.7,716.8,716.1,714.4,712.6,712.2,652.8,646.7,642.1,638.4,636.6,643.7,651.3,660.2,669.6,679.6,642.2,636.1,629.6,623.5,639.9,638.7,638.2,641.6,645.7,652.4,649.3,649.8,651.1,649.9,649.5,660.3,662.8,666.8,673.2,667.1,663.2,656.9,646.4,642.7,643.9,646.0,654.9,668.3,656.5,649.2,646.6,645.7,648.7,654.6,645.8,646.5,649.2,664.2,649.0,646.2,645.7,0.59,0.172,-0.229,-0.008,267.334,183.859,-7.342,9.116,-13.155,19.566,4.203,1.836,-4.726,3.399,3.23,-3.539,-0.721,1.197,0.068,-1.788,-0.488,-0.238,0.217,0.901,-1.212,-0.709,0.338,-0.336,-0.27,-0.439,0.047,0.054,0.102,0.012,-0.108,-0.017,-0.019,-0.006,0.003,-0.003,0.71,0.32,0.0,0.66,0.0,0.0,0.06,0.0,0.0,0.1,0.0,0.0,0.0,0.0,0.0,0.0,0.0,1.0,1.0,0.0,1.0,0.0,0.0,0.0,0.0,0.0,0.0,0.0,0.0,0.0,0.0,0.0,0.0,1.0,0.0
PP133,g1,4820,0,0.975,0.194473,0.162945,-0.967279,0.042599,0.164971,-0.985378,0.121,0.166,243.7,244.9,248.1,251.3,252.6,251.6,248.3,245.1,239.5,241.4,244.2,247.7,251.1,253.8,255.7,253.6,250.7,247.4,244.3,241.5,246.8,248.2,249.6,250.1,249.5,248.1,246.8,246.2,281.0,281.9,284.6,287.6,289.1,288.3,285.5,282.3,278.1,279.9,282.5,285.8,288.7,290.8,292.1,291.0,289.1,286.5,283.5,280.4,283.8,285.1,286.3,286.6,286.0,284.6,283.5,283.1,160.1,156.8,155.4,156.7,159.9,163.4,164.5,163.3,161.7,159.8,158.6,157.9,158.5,159.9,161.9,163.1,163.6,163.9,163.7,163.0,161.5,162.1,161.4,160.0,158.6,158.1,158.7,160.1,158.6,155.4,154.0,155.1,158.1,161.3,162.7,161.9,160.9,158.7,157.1,156.2,156.6,157.7,159.4,160.8,161.7,162.1,162.1,161.9,159.9,160.4,159.7,158.3,157.0,156.5,157.2,158.6,-8.3,-6.7,-2.6,1.6,3.5,2.1,-2.3,-6.5,-14.0,-11.4,-7.6,-3.1,1.5,5.0,7.5,4.7,0.9,-3.4,-7.5,-11.2,-4.2,-2.3,-0.5,0.2,-0.6,-2.5,-4.3,-5.0,41.9,43.2,47.0,51.2,53.3,52.0,48.2,43.7,38.0,40.4,43.9,48.5,52.7,55.9,57.9,56.1,53.2,49.5,45.3,41.1,45.8,47.6,49.3,49.9,49.0,47.1,45.4,44.9,-36.0,-40.3,-42.2,-40.6,-36.3,-31.7,-30.1,-31.8,-34.2,-36.5,-38.0,-38.7,-38.1,-36.3,-33.8,-32.1,-31.3,-31.0,-31.3,-32.3,-34.2,-33.5,-34.3,-36.2,-38.0,-38.8,-37.9,-36.0,-39.0,-43.4,-45.6,-44.2,-40.1,-35.7,-33.6,-34.6,-36.0,-38.9,-41.1,-42.3,-42.0,-40.9,-38.7,-36.5,-35.2,-34.4,-34.3,-34.6,-37.5,-36.9,-37.8,-39.7,-41.5,-42.1,-41.2,-39.3,513.4,513.8,514.0,513.7,513.3,513.1,512.7,512.9,517.5,515.0,512.6,511.5,512.0,513.5,515.1,513.5,511.9,511.6,512.7,515.0,514.0,513.8,513.9,514.1,514.3,514.4,514.4,514.2,528.2,529.2,530.8,532.1,532.3,531.2,529.6,528.5,528.6,527.8,527.7,528.7,531.3,534.8,538.1,534.8,531.5,529.0,527.9,528.0,530.1,530.7,531.4,531.9,531.8,531.2,530.5,530.1,29.0,-5.9,656.7,0.165,-0.173,-0.015,220.0,220.8,222.8,225.7,230.7,238.1,247.1,257.5,268.0,276.5,282.6,288.1,292.9,296.3,298.4,299.9,300.1,229.7,236.0,244.6,253.3,261.2,276.4,282.9,289.3,295.5,299.3,269.3,270.5,271.8,273.0,261.9,266.5,271.0,275.0,278.4,239.3,244.5,250.7,255.8,250.7,244.4,278.0,282.8,288.4,292.2,289.0,283.5,253.2,260.7,266.9,270.6,274.3,278.8,282.5,279.0,274.7,270.6,266.5,260.3,256.2,266.6,270.4,274.2,280.4,274.2,270.4,266.5,162.0,173.7,185.2,196.3,206.6,215.4,222.6,227.7,228.7,226.4,220.0,212.1,202.9,192.7,182.0,171.0,159.9,153.9,148.7,147.1,148.1,150.7,149.9,146.7,145.2,146.1,150.4,159.3,167.0,174.5,182.3,188.0,189.3,190.3,188.9,187.2,161.6,158.5,158.4,162.0,163.6,163.9,161.0,156.8,156.6,159.3,161.8,162.1,203.7,200.9,199.1,200.1,198.8,200.2,202.2,207.3,209.5,210.1,210.0,208.3,203.8,202.9,203.0,202.4,202.7,203.7,204.5,204.2,-52.7,-51.5,-48.3,-43.2,-34.3,-21.0,-5.1,13.0,31.1,46.4,58.4,69.5,78.8,85.0,88.7,91.2,91.6,-34.0,-23.2,-8.8,5.5,18.3,43.6,55.0,66.5,78.0,85.9,31.7,33.4,35.1,36.8,19.6,26.9,34.4,41.1,47.0,-17.9,-9.2,1.1,9.7,1.1,-9.2,47.4,55.8,65.6,72.8,66.7,57.0,5.4,17.7,27.8,33.9,40.3,48.4,55.7,48.8,41.0,34.1,27.4,17.2,10.4,27.4,33.7,40.2,51.7,40.2,33.7,27.3,-44.8,-24.4,-4.1,15.6,34.0,49.4,61.5,69.7,71.2,68.2,58.3,44.8,28.3,9.6,-10.0,-30.1,-50.5,-56.3,-64.3,-66.5,-64.5,-60.0,-62.1,-68.1,-71.5,-71.1,-64.7,-46.4,-33.5,-20.9,-8.2,0.7,2.9,4.6,2.3,-0.5,-43.3,-48.3,-48.5,-42.6,-39.9,-39.4,-44.8,-52.1,-52.7,-48.6,-43.9,-43.1,27.3,22.2,19.1,20.7,18.7,21.3,25.2,33.3,36.6,37.5,37.2,34.5,27.4,25.4,25.8,24.8,25.8,27.0,28.1,27.7,686.0,689.1,692.9,695.1,694.3,691.1,684.8,676.5,675.8,685.1,700.1,712.3,717.6,717.1,715.6,714.0,713.7,654.1,647.9,643.2,639.4,637.5,644.5,652.1,661.1,670.6,680.7,643.2,637.0,630.5,624.4,640.7,639.5,639.0,642.4,646.6,653.4,650.4,650.8,652.1,650.9,650.5,661.2,663.8,667.7,674.0,668.0,664.1,657.6,647.1,643.5,644.6,646.8,655.6,669.0,657.2,649.9,647.3,646.4,649.4,655.3,646.5,647.2,649.9,664.9,649.7,646.9,646.5,0.589,0.169,-0.229,-0.006,267.166,183.852,-6.562,8.228,-12.9,19.142,4.564,1.825,-4.625,3.084,3.114,-3.498,-1.044,0.955,0.017,-1.496,-0.398,-0.441,-0.003,0.852,-1.245,-0.688,0.375,-0.428,-0.208,-0.477,0.06,0.043,0.11,0.003,-0.102,-0.017,-0.025,-0.005,0.009,-0.008,0.46,0.29,0.0,0.96,0.0,0.0,0.0,0.0,0.0,0.22,0.0,0.0,0.0,0.0,0.0,0.0,0.0,1.0,1.0,0.0,1.0,0.0,0.0,0.0,0.0,0.0,0.0,0.0,0.0,0.0,0.0,0.0,0.0,1.0,0.0
PP133,g1,4826,0,0.975,0.194839,0.165212,-0.966821,0.044617,0.166833,-0.984975,0.122,0.169,244.2,245.4,248.5,251.7,253.1,252.1,248.7,245.6,240.0,241.9,244.7,248.1,251.6,254.3,256.1,254.0,251.1,247.9,244.8,242.0,247.3,248.7,250.1,250.6,250.0,248.6,247.2,246.7,281.4,282.3,285.0,288.0,289.5,288.6,285.9,282.7,278.5,280.3,282.9,286.2,289.1,291.1,292.4,291.3,289.4,286.9,283.9,280.8,284.1,285.4,286.6,287.0,286.3,285.0,283.8,283.5,159.8,156.6,155.2,156.4,159.6,163.1,164.3,163.0,161.4,159.6,158.3,157.7,158.2,159.6,161.6,162.8,163.3,163.6,163.4,162.7,161.2,161.8,161.2,159.7,158.4,157.8,158.4,159.8,158.4,155.2,153.8,154.9,157.9,161.0,162.5,161.7,160.7,158.5,156.9,156.0,156.4,157.5,159.2,160.6,161.4,161.9,161.9,161.6,159.7,160.2,159.5,158.1,156.8,156.3,157.0,158.4,-7.7,-6.1,-1.9,2.3,4.1,2.8,-1.7,-5.9,-13.4,-10.7,-7.0,-2.4,2.1,5.6,8.1,5.3,1.5,-2.7,-6.9,-10.6,-3.6,-1.7,0.1,0.8,-0.0,-1.9,-3.7,-4.4,42.7,43.9,47.8,52.0,54.0,52.8,48.9,44.4,38.7,41.2,44.7,49.2,53.4,56.6,58.7,56.8,53.9,50.2,46.1,41.9,46.6,48.4,50.1,50.6,49.7,47.9,46.2,45.7,-36.6,-40.9,-42.8,-41.1,-36.9,-32.2,-30.7,-32.3,-34.8,-37.0,-38.5,-39.3,-38.6,-36.9,-34.3,-32.6,-31.9,-31.5,-31.8,-32.8,-34.8,-34.0,-34.8,-36.7,-38.6,-39.3,-38.5,-36.6,-39.5,-43.9,-46.1,-44.7,-40.6,-36.2,-34.1,-35.1,-36.5,-39.4,-41.6,-42.8,-42.5,-41.3,-39.2,-37.0,-35.6,-34.9,-34.8,-35.1,-38.0,-37.3,-38.3,-40.2,-42.0,-42.6,-41.7,-39.8,516.3,516.8,516.9,516.7,516.2,516.0,515.6,515.8,520.4,517.9,515.5,514.4,515.0,516.4,518.1,516.4,514.9,514.5,515.6,517.9,516.9,516.8,516.8,517.0,517.3,517.4,517.3,517.1,530.9,532.0,533.6,534.9,535.0,534.0,532.4,531.2,531.3,530.6,530.4,531.4,534.1,537.6,540.9,537.6,534.2,531.8,530.6,530.7,532.9,533.5,534.2,534.6,534.6,534.0,533.3,532.8,29.6,-6.1,656.8,0.167,-0.175,-0.014,220.4,221.1,223.1,226.0,230.9,238.3,247.3,257.8,268.2,276.8,282.9,288.4,293.1,296.5,298.6,300.1,300.4,230.3,236.6,245.2,253.8,261.7,276.9,283.3,289.7,295.8,299.6,269.7,270.9,272.2,273.5,262.3,266.9,271.4,275.4,278.8,239.8,245.0,251.2,256.2,251.1,244.9,278.4,283.2,288.7,292.5,289.4,283.9,253.5,261.0,267.3,270.9,274.7,279.1,282.8,279.3,275.0,270.9,266.9,260.7,256.5,266.9,270.7,274.5,280.7,274.5,270.7,266.9,161.7,173.5,185.0,196.1,206.5,215.3,222.5,227.7,228.6,226.3,220.0,211.9,202.7,192.6,181.9,170.9,159.7,153.6,148.4,146.9,147.9,150.5,149.7,146.5,145.1,145.9,150.2,159.1,166.8,174.4,182.2,187.8,189.1,190.2,188.8,187.1,161.3,158.2,158.1,161.7,163.3,163.6,160.8,156.6,156.5,159.1,161.6,161.9,203.6,200.8,199.0,200.0,198.7,200.1,202.1,207.2,209.4,210.1,209.9,208.2,203.7,202.8,203.0,202.4,202.6,203.7,204.4,204.1,-51.9,-50.9,-47.7,-42.7,-33.9,-20.6,-4.7,13.5,31.6,47.0,59.0,70.0,79.2,85.3,89.1,91.6,92.0,-32.9,-22.2,-8.0,6.3,19.0,44.4,55.7,67.1,78.6,86.4,32.5,34.1,35.9,37.6,20.2,27.6,35.0,41.8,47.6,-17.0,-8.3,1.9,10.4,1.8,-8.4,48.1,56.5,66.2,73.4,67.3,57.6,6.0,18.3,28.4,34.5,40.9,48.9,56.2,49.4,41.6,34.7,27.9,17.8,11.0,28.0,34.3,40.8,52.2,40.8,34.3,27.9,-45.2,-24.7,-4.4,15.3,33.7,49.2,61.4,69.6,71.2,68.1,58.2,44.5,28.0,9.3,-10.3,-30.4,-50.7,-56.8,-64.7,-66.9,-64.8,-60.4,-62.4,-68.4,-71.8,-71.4,-65.0,-46.8,-33.8,-21.2,-8.4,0.5,2.7,4.4,2.1,-0.7,-43.7,-48.8,-48.9,-43.0,-40.4,-39.8,-45.2,-52.4,-53.1,-49.0,-44.3,-43.6,27.1,22.1,19.0,20.6,18.6,21.2,25.1,33.2,36.5,37.4,37.1,34.4,27.2,25.3,25.7,24.7,25.8,26.9,28.0,27.6,685.4,688.7,692.6,694.9,694.1,690.9,684.6,676.4,675.7,685.1,700.1,712.4,717.7,717.2,715.5,713.7,713.3,653.6,647.6,643.1,639.4,637.7,644.9,652.4,661.2,670.6,680.5,643.3,637.1,630.6,624.6,640.8,639.5,639.1,642.6,646.7,653.1,650.1,650.6,652.0,650.7,650.3,661.3,663.8,667.7,674.0,668.0,664.1,657.5,647.2,643.7,644.8,647.0,655.8,669.1,657.4,650.1,647.5,646.5,649.4,655.3,646.6,647.4,650.1,665.1,649.9,647.1,646.6,0.589,0.171,-0.232,-0.004,267.53,183.701,-7.949,8.712,-13.352,19.31,3.951,2.224,-4.414,2.999,3.229,-3.16,-0.781,0.992,0.197,-1.727,-0.452,-0.434,0.065,0.888,-1.231,-0.706,0.411,-0.433,-0.208,-0.526,0.061,0.095,0.098,0.004,-0.098,-0.012,-0.018,-0.003,0.006,-0.005,0.73,0.34,0.0,0.57,0.0,0.0,0.0,0.0,0.0,0.22,0.0,0.0,0.0,0.0,0.0,0.0,0.0,0.0,1.0,0.0,1.0,0.0,0.0,0.0,0.0,0.0,0.0,0.0,0.0,0.0,0.0,0.0,0.0,1.0,0.0
PP133,g1,4832,0,0.975,0.192809,0.164736,-0.967309,0.042555,0.165601,-0.985274,0.12,0.168,244.1,245.4,248.5,251.7,253.1,252.0,248.7,245.5,239.9,241.8,244.6,248.1,251.6,254.2,256.1,254.0,251.1,247.9,244.7,241.9,247.3,248.6,250.0,250.6,250.0,248.6,247.2,246.7,281.5,282.3,285.1,288.1,289.6,288.7,286.0,282.7,278.5,280.4,283.0,286.3,289.2,291.3,292.5,291.4,289.5,287.0,284.0,280.9,284.2,285.5,286.7,287.1,286.4,285.1,283.9,283.6,159.8,156.5,155.1,156.4,159.6,163.1,164.2,163.0,161.3,159.5,158.2,157.6,158.2,159.6,161.6,162.8,163.3,163.6,163.4,162.7,161.2,161.8,161.1,159.7,158.3,157.8,158.4,159.8,158.5,155.3,153.8,154.9,158.0,161.2,162.6,161.8,160.8,158.6,156.9,156.1,156.5,157.6,159.3,160.7,161.6,162.0,162.0,161.7,159.8,160.2,159.6,158.2,156.9,156.4,157.0,158.4,-7.7,-6.1,-2.0,2.2,4.0,2.7,-1.7,-5.9,-13.4,-10.8,-7.0,-2.5,2.1,5.6,8.0,5.3,1.4,-2.8,-6.9,-10.6,-3.6,-1.8,0.0,0.7,-0.0,-1.9,-3.7,-4.4,42.5,43.8,47.6,51.8,53.9,52.6,48.8,44.3,38.5,41.0,44.6,49.1,53.3,56.5,58.5,56.7,53.7,50.1,45.9,41.7,46.4,48.2,49.9,50.5,49.6,47.7,46.1,45.5,-36.5,-40.8,-42.7,-41.0,-36.7,-32.1,-30.6,-32.2,-34.7,-37.0,-38.4,-39.2,-38.5,-36.7,-34.1,-32.5,-31.7,-31.4,-31.7,-32.7,-34.6,-33.9,-34.7,-36.6,-38.5,-39.2,-38.4,-36.5,-39.2,-43.6,-45.7,-44.3,-40.2,-35.8,-33.7,-34.8,-36.2,-39.1,-41.3,-42.5,-42.2,-41.0,-38.8,-36.6,-35.3,-34.6,-34.5,-34.8,-37.6,-37.0,-37.9,-39.9,-41.7,-42.3,-41.3,-39.4,513.9,514.3,514.5,514.2,513.7,513.5,513.1,513.4,518.0,515.4,513.1,511.9,512.5,513.9,515.6,513.9,512.4,512.1,513.2,515.4,514.4,514.3,514.4,514.6,514.8,514.9,514.8,514.6,527.9,528.9,530.6,531.9,532.0,531.0,529.3,528.2,528.3,527.5,527.4,528.4,531.1,534.5,537.8,534.5,531.2,528.8,527.6,527.7,529.9,530.4,531.2,531.6,531.5,531.0,530.3,529.8,29.5,-6.0,656.0,0.168,-0.172,-0.011,220.4,221.1,223.0,225.9,230.8,238.3,247.3,257.7,268.1,276.7,282.9,288.4,293.1,296.5,298.7,300.2,300.5,230.3,236.7,245.2,253.8,261.7,277.0,283.5,289.8,295.9,299.7,269.8,270.9,272.2,273.4,262.2,266.8,271.3,275.3,278.7,239.8,245.0,251.1,256.2,251.1,244.9,278.5,283.3,288.8,292.7,289.5,284.0,253.4,260.9,267.1,270.8,274.5,279.0,282.7,279.2,274.8,270.7,266.7,260.5,256.4,266.8,270.6,274.4,280.6,274.4,270.6,266.7,161.6,173.4,185.0,196.1,206.5,215.4,222.6,227.8,228.7,226.4,220.0,212.0,202.8,192.6,182.0,171.0,159.9,153.5,148.4,146.9,148.0,150.6,149.8,146.7,145.3,146.1,150.3,159.1,166.8,174.5,182.3,187.9,189.2,190.3,188.9,187.2,161.3,158.1,158.1,161.7,163.3,163.5,160.9,156.7,156.5,159.2,161.7,162.0,203.7,200.9,199.1,200.1,198.8,200.2,202.3,207.4,209.5,210.2,210.0,208.2,203.8,202.8,203.1,202.5,202.8,203.8,204.5,204.2,-52.0,-51.0,-47.9,-42.9,-34.0,-20.7,-4.8,13.3,31.3,46.8,58.9,69.9,79.1,85.3,89.1,91.6,92.1,-33.0,-22.1,-7.9,6.3,19.0,44.5,55.8,67.3,78.7,86.5,32.5,34.1,35.8,37.4,20.1,27.4,34.8,41.6,47.4,-17.1,-8.4,1.9,10.4,1.8,-8.5,48.1,56.5,66.3,73.5,67.4,57.7,5.7,18.0,28.2,34.3,40.6,48.7,55.9,49.0,41.2,34.3,27.6,17.4,10.7,27.7,34.0,40.5,52.0,40.5,34.0,27.6,-45.4,-24.9,-4.5,15.3,33.8,49.3,61.5,69.6,71.2,68.2,58.3,44.6,28.1,9.4,-10.1,-30.1,-50.4,-56.9,-64.7,-66.8,-64.7,-60.2,-62.2,-68.1,-71.4,-71.1,-64.7,-46.7,-33.7,-21.0,-8.2,0.6,2.8,4.6,2.3,-0.5,-43.8,-48.8,-49.0,-42.9,-40.3,-39.8,-45.1,-52.3,-52.9,-48.7,-44.1,-43.3,27.2,22.1,19.1,20.7,18.7,21.4,25.3,33.4,36.7,37.5,37.2,34.4,27.3,25.4,25.8,24.9,26.0,27.0,28.1,27.6,685.1,688.4,692.3,694.6,693.8,690.5,684.2,675.8,675.1,684.4,699.5,711.7,716.8,716.2,714.5,712.7,712.3,653.0,646.9,642.4,638.7,636.9,644.2,651.7,660.5,669.8,679.7,642.5,636.4,629.9,623.8,640.1,638.8,638.4,641.8,645.9,652.5,649.5,649.9,651.3,650.1,649.6,660.6,663.0,667.0,673.3,667.2,663.4,656.9,646.6,643.0,644.1,646.3,655.1,668.3,656.7,649.4,646.8,645.9,648.8,654.6,645.9,646.6,649.4,664.3,649.2,646.4,645.9,0.59,0.172,-0.228,-0.002,267.483,183.766,-7.824,9.365,-13.322,19.218,4.109,2.175,-4.557,2.875,3.272,-3.462,-0.41,1.106,0.307,-1.64,-0.495,-0.343,0.228,1.019,-1.22,-0.721,0.345,-0.324,-0.255,-0.444,0.077,0.039,0.113,0.008,-0.098,-0.018,-0.015,-0.006,0.003,-0.003,0.46,0.4,0.0,1.04,0.0,0.0,0.04,0.0,0.0,0.02,0.0,0.0,0.0,0.0,0.0,0.0,0.0,1.0,1.0,0.0,1.0,0.0,0.0,0.0,0.0,0.0,0.0,0.0,0.0,0.0,0.0,0.0,0.0,1.0,0.0
PP133,g1,4838,0,0.975,0.193054,0.165056,-0.967206,0.042656,0.166138,-0.985179,0.12,0.168,244.5,245.8,248.9,252.1,253.5,252.5,249.1,245.9,240.3,242.2,245.1,248.5,252.0,254.7,256.5,254.4,251.5,248.3,245.1,242.3,247.7,249.1,250.4,251.0,250.4,249.0,247.6,247.1,282.0,282.8,285.6,288.6,290.1,289.2,286.5,283.2,279.0,280.9,283.5,286.8,289.7,291.8,293.0,291.9,290.0,287.5,284.5,281.4,284.7,286.0,287.2,287.6,286.9,285.6,284.4,284.0,159.7,156.5,155.0,156.3,159.5,163.0,164.2,162.9,161.3,159.4,158.2,157.5,158.1,159.5,161.6,162.8,163.3,163.5,163.3,162.7,161.2,161.7,161.1,159.7,158.3,157.7,158.3,159.8,158.4,155.2,153.7,154.8,157.9,161.0,162.5,161.7,160.7,158.5,156.8,156.0,156.4,157.4,159.2,160.6,161.4,161.9,161.9,161.6,159.7,160.1,159.5,158.1,156.8,156.3,156.9,158.3,-7.2,-5.5,-1.4,2.8,4.6,3.2,-1.2,-5.4,-12.8,-10.2,-6.5,-1.9,2.6,6.1,8.6,5.8,2.0,-2.3,-6.4,-10.1,-3.1,-1.2,0.6,1.3,0.5,-1.3,-3.1,-3.9,43.1,44.4,48.2,52.4,54.5,53.2,49.3,44.9,39.1,41.6,45.1,49.6,53.9,57.0,59.1,57.3,54.3,50.6,46.5,42.3,47.0,48.8,50.5,51.0,50.1,48.3,46.6,46.1,-36.5,-40.8,-42.6,-41.0,-36.7,-32.1,-30.6,-32.2,-34.7,-36.9,-38.4,-39.2,-38.5,-36.7,-34.1,-32.5,-31.7,-31.4,-31.7,-32.7,-34.6,-33.9,-34.7,-36.6,-38.4,-39.2,-38.4,-36.5,-39.3,-43.7,-45.8,-44.4,-40.3,-35.9,-33.8,-34.9,-36.2,-39.1,-41.3,-42.6,-42.2,-41.1,-38.9,-36.7,-35.4,-34.6,-34.6,-34.9,-37.7,-37.1,-38.0,-39.9,-41.7,-42.3,-41.4,-39.5,512.7,513.2,513.4,513.1,512.6,512.4,512.0,512.2,516.9,514.3,512.0,510.8,511.4,512.8,514.5,512.8,511.3,511.0,512.1,514.3,513.3,513.2,513.3,513.5,513.7,513.8,513.7,513.5,526.8,527.8,529.5,530.7,530.9,529.9,528.2,527.0,527.1,526.4,526.3,527.3,530.0,533.4,536.7,533.4,530.1,527.6,526.5,526.6,528.8,529.3,530.0,530.5,530.4,529.9,529.1,528.7,30.2,-5.9,654.7,0.171,-0.173,-0.011,220.7,221.4,223.4,226.2,231.2,238.6,247.6,258.1,268.6,277.2,283.3,288.8,293.5,297.0,299.2,300.7,301.0,230.6,237.0,245.6,254.3,262.2,277.4,283.9,290.3,296.4,300.3,270.2,271.4,272.7,273.9,262.7,267.3,271.8,275.8,279.2,240.2,245.4,251.6,256.7,251.5,245.3,279.0,283.8,289.3,293.2,290.0,284.5,253.8,261.3,267.6,271.3,275.0,279.5,283.2,279.7,275.3,271.2,267.1,261.0,256.8,267.2,271.1,274.9,281.1,274.9,271.0,267.2,161.7,173.4,185.0,196.1,206.5,215.4,222.7,227.9,228.8,226.5,220.1,212.0,202.8,192.6,181.9,170.9,159.8,153.6,148.5,147.0,148.1,150.7,149.9,146.8,145.3,146.1,150.3,159.1,166.9,174.6,182.5,188.0,189.3,190.4,189.0,187.3,161.2,158.1,158.0,161.7,163.2,163.5,160.8,156.6,156.4,159.1,161.6,161.9,203.7,201.0,199.2,200.2,198.9,200.3,202.3,207.4,209.7,210.3,210.1,208.4,203.9,203.0,203.2,202.6,202.8,203.9,204.6,204.3,-51.3,-50.3,-47.1,-42.1,-33.3,-20.1,-4.1,14.0,32.0,47.5,59.5,70.6,79.8,86.0,89.8,92.3,92.8,-32.3,-21.4,-7.1,7.0,19.8,45.1,56.5,68.0,79.4,87.3,33.2,34.8,36.5,38.1,20.8,28.1,35.6,42.3,48.2,-16.4,-7.7,2.6,11.1,2.5,-7.8,48.9,57.2,67.0,74.2,68.1,58.4,6.4,18.7,28.9,35.0,41.4,49.4,56.7,49.8,42.0,35.1,28.3,18.2,11.4,28.5,34.8,41.3,52.8,41.3,34.8,28.3,-45.2,-24.7,-4.4,15.3,33.7,49.3,61.5,69.7,71.2,68.2,58.3,44.6,28.1,9.4,-10.2,-30.2,-50.5,-56.6,-64.4,-66.4,-64.3,-59.8,-61.9,-67.8,-71.2,-70.9,-64.5,-46.5,-33.5,-20.8,-8.0,0.7,3.0,4.7,2.5,-0.4,-43.8,-48.8,-49.0,-42.9,-40.3,-39.8,-45.1,-52.4,-53.0,-48.8,-44.1,-43.4,27.3,22.3,19.2,20.9,18.8,21.5,25.4,33.5,36.8,37.7,37.3,34.6,27.4,25.5,25.9,25.0,26.0,27.2,28.2,27.8,683.3,686.7,690.7,693.1,692.3,689.1,682.8,674.5,673.8,683.1,698.2,710.5,715.7,715.2,713.4,711.5,711.0,651.4,645.2,640.7,637.1,635.3,642.6,650.1,658.9,668.3,678.2,640.9,634.8,628.3,622.3,638.7,637.4,636.9,640.4,644.5,650.8,647.9,648.3,649.7,648.5,648.1,659.0,661.5,665.4,671.7,665.7,661.8,655.7,645.3,641.7,642.8,645.0,653.9,667.0,655.5,648.3,645.6,644.7,647.6,653.4,644.7,645.4,648.1,663.0,648.0,645.2,644.7,0.591,0.175,-0.23,-0.002,267.943,183.815,-7.695,8.876,-12.981,19.168,4.221,2.568,-4.366,2.868,3.813,-3.343,-0.05,1.017,0.407,-1.545,-0.464,-0.307,0.352,1.089,-0.994,-0.713,0.401,-0.344,-0.296,-0.456,0.081,0.021,0.117,0.011,-0.097,-0.012,-0.016,-0.002,0.006,-0.001,0.49,0.32,0.0,0.9,0.0,0.0,0.0,0.0,0.0,0.17,0.0,0.0,0.0,0.0,0.0,0.0,0.0,1.0,1.0,0.0,1.0,0.0,0.0,0.0,0.0,0.0,0.0,0.0,0.0,0.0,0.0,0.0,0.0,1.0,0.0
PP133,g1,4844,0,0.975,0.193064,0.167625,-0.966762,0.043315,0.167733,-0.984881,0.121,0.17,244.8,246.1,249.2,252.4,253.8,252.7,249.3,246.2,240.6,242.5,245.3,248.8,252.3,254.9,256.8,254.7,251.8,248.5,245.4,242.6,247.9,249.3,250.7,251.3,250.7,249.3,247.9,247.3,282.2,283.1,285.8,288.8,290.3,289.5,286.7,283.5,279.2,281.1,283.8,287.0,290.0,292.0,293.2,292.2,290.3,287.7,284.7,281.6,285.0,286.3,287.5,287.8,287.2,285.9,284.7,284.3,159.7,156.4,155.0,156.3,159.5,163.0,164.2,162.9,161.2,159.4,158.1,157.5,158.1,159.5,161.6,162.8,163.2,163.5,163.3,162.6,161.1,161.7,161.1,159.7,158.2,157.7,158.3,159.7,158.4,155.3,153.8,154.9,158.0,161.1,162.6,161.7,160.8,158.5,156.9,156.1,156.5,157.5,159.3,160.7,161.5,162.0,162.0,161.7,159.7,160.2,159.6,158.2,156.9,156.4,157.0,158.4,-6.8,-5.2,-1.0,3.2,4.9,3.6,-0.9,-5.0,-12.5,-9.9,-6.1,-1.6,3.0,6.5,8.9,6.2,2.3,-1.9,-6.0,-9.7,-2.7,-0.9,0.9,1.6,0.9,-1.0,-2.8,-3.5,43.4,44.7,48.5,52.7,54.7,53.5,49.6,45.1,39.4,41.9,45.4,49.9,54.1,57.3,59.4,57.5,54.6,50.9,46.7,42.6,47.3,49.1,50.8,51.3,50.4,48.6,46.9,46.4,-36.5,-40.8,-42.7,-41.0,-36.7,-32.1,-30.6,-32.3,-34.7,-37.0,-38.5,-39.2,-38.5,-36.7,-34.1,-32.5,-31.8,-31.4,-31.7,-32.8,-34.7,-33.9,-34.7,-36.6,-38.5,-39.2,-38.4,-36.5,-39.1,-43.5,-45.6,-44.2,-40.1,-35.7,-33.6,-34.7,-36.0,-39.0,-41.2,-42.4,-42.1,-40.9,-38.7,-36.5,-35.2,-34.5,-34.4,-34.7,-37.5,-36.9,-37.8,-39.8,-41.5,-42.2,-41.2,-39.3,512.7,513.2,513.3,513.1,512.6,512.3,511.9,512.2,516.8,514.3,511.9,510.8,511.4,512.8,514.4,512.8,511.2,510.9,512.0,514.2,513.2,513.1,513.2,513.4,513.6,513.7,513.7,513.5,526.1,527.1,528.8,530.1,530.3,529.2,527.5,526.4,526.4,525.7,525.6,526.6,529.3,532.8,536.1,532.8,529.4,527.0,525.8,525.9,528.1,528.6,529.4,529.8,529.8,529.2,528.5,528.0,30.4,-5.8,654.5,0.176,-0.174,-0.007,220.8,221.5,223.4,226.2,231.2,238.6,247.6,258.1,268.5,277.1,283.3,288.8,293.6,297.0,299.2,300.8,301.1,230.9,237.4,246.0,254.7,262.6,277.7,284.2,290.6,296.8,300.5,270.5,271.7,272.9,274.2,262.9,267.4,272.0,276.0,279.4,240.4,245.6,251.8,256.9,251.8,245.5,279.2,284.1,289.6,293.4,290.2,284.7,253.7,261.3,267.6,271.3,275.1,279.6,283.3,279.8,275.4,271.2,267.1,260.9,256.7,267.3,271.1,274.9,281.2,274.9,271.1,267.2,161.4,173.2,184.8,196.0,206.4,215.4,222.6,227.9,228.9,226.6,220.1,212.0,202.8,192.6,181.9,170.9,159.7,153.5,148.5,147.0,148.1,150.8,150.0,146.9,145.4,146.2,150.6,159.2,166.9,174.6,182.6,188.0,189.4,190.5,189.1,187.4,161.2,158.0,158.0,161.7,163.2,163.5,160.9,156.7,156.5,159.2,161.7,162.0,203.7,201.0,199.3,200.2,199.0,200.4,202.4,207.6,209.8,210.4,210.2,208.4,203.9,203.0,203.2,202.6,202.9,204.0,204.7,204.5,-51.0,-50.1,-47.0,-42.1,-33.3,-20.1,-4.2,13.9,32.0,47.4,59.4,70.5,79.8,86.0,89.9,92.5,93.0,-31.8,-20.8,-6.6,7.7,20.4,45.5,56.9,68.4,79.9,87.7,33.7,35.2,36.9,38.5,21.0,28.4,35.8,42.6,48.5,-15.9,-7.2,3.0,11.5,2.9,-7.4,49.2,57.7,67.4,74.6,68.5,58.8,6.3,18.7,29.0,35.1,41.5,49.6,56.9,50.0,42.1,35.1,28.3,18.1,11.3,28.5,34.9,41.4,52.9,41.4,34.8,28.4,-45.6,-25.2,-4.8,15.0,33.5,49.1,61.4,69.7,71.3,68.3,58.3,44.6,28.1,9.4,-10.1,-30.2,-50.5,-56.6,-64.4,-66.3,-64.2,-59.7,-61.7,-67.6,-71.0,-70.5,-64.1,-46.4,-33.4,-20.7,-7.8,0.8,3.1,4.9,2.6,-0.2,-43.8,-48.8,-49.0,-42.9,-40.3,-39.8,-44.9,-52.2,-52.8,-48.6,-43.9,-43.2,27.2,22.3,19.3,21.0,19.0,21.6,25.5,33.7,37.0,37.9,37.5,34.6,27.4,25.6,26.0,25.1,26.2,27.4,28.5,28.0,682.8,686.2,690.2,692.6,692.0,688.9,682.7,674.5,673.9,683.2,698.2,710.3,715.5,714.9,713.1,711.2,710.7,650.7,644.6,640.2,636.5,634.8,642.2,649.6,658.5,667.9,677.9,640.4,634.4,627.9,622.0,638.3,637.0,636.6,640.1,644.2,650.2,647.3,647.8,649.2,648.0,647.5,658.6,661.0,665.0,671.3,665.3,661.4,655.6,645.1,641.5,642.7,644.9,653.8,667.1,655.5,648.2,645.5,644.6,647.5,653.3,644.5,645.2,648.0,663.1,647.9,645.1,644.5,0.592,0.18,-0.231,0.003,268.08,183.847,-7.935,9.173,-12.346,19.07,4.248,2.569,-4.356,2.503,3.826,-3.221,-0.19,1.024,0.354,-1.561,-0.777,-0.104,0.417,1.189,-0.898,-0.663,0.279,-0.293,-0.257,-0.432,0.093,-0.052,0.12,0.01,-0.096,-0.011,-0.016,-0.003,0.005,-0.001,0.34,0.11,0.0,0.78,0.0,0.0,0.05,0.0,0.0,0.25,0.0,0.0,0.0,0.0,0.0,0.0,0.0,0.0,1.0,0.0,1.0,0.0,0.0,0.0,0.0,0.0,0.0,0.0,0.0,0.0,0.0,0.0,0.0,1.0,0.0
PP133,g1,4850,0,0.975,0.192683,0.167099,-0.966929,0.042287,0.167528,-0.98496,0.12,0.17,244.7,246.0,249.1,252.3,253.7,252.7,249.3,246.1,240.4,242.4,245.2,248.7,252.2,254.9,256.7,254.6,251.7,248.4,245.3,242.5,247.8,249.2,250.6,251.2,250.6,249.2,247.8,247.2,282.2,283.1,285.8,288.8,290.3,289.5,286.7,283.5,279.2,281.1,283.7,287.0,289.9,292.0,293.3,292.2,290.3,287.7,284.7,281.6,284.9,286.3,287.4,287.8,287.2,285.8,284.6,284.3,160.0,156.7,155.3,156.6,159.8,163.4,164.5,163.2,161.6,159.7,158.5,157.8,158.4,159.8,161.9,163.1,163.6,163.8,163.6,163.0,161.5,162.0,161.4,160.0,158.6,158.0,158.6,160.0,158.7,155.5,154.1,155.2,158.2,161.4,162.9,162.0,161.1,158.8,157.2,156.3,156.7,157.8,159.6,161.0,161.8,162.3,162.3,162.0,160.0,160.5,159.9,158.5,157.1,156.7,157.3,158.7,-6.9,-5.3,-1.1,3.0,4.8,3.5,-1.0,-5.2,-12.6,-10.0,-6.2,-1.7,2.9,6.4,8.8,6.0,2.2,-2.0,-6.2,-9.9,-2.8,-1.0,0.8,1.5,0.8,-1.1,-2.9,-3.6,43.2,44.5,48.3,52.5,54.6,53.3,49.5,45.0,39.2,41.7,45.2,49.8,54.0,57.1,59.2,57.4,54.4,50.8,46.6,42.4,47.1,48.9,50.6,51.2,50.3,48.4,46.7,46.2,-36.0,-40.3,-42.1,-40.4,-36.2,-31.6,-30.0,-31.7,-34.2,-36.5,-38.0,-38.7,-38.0,-36.2,-33.6,-31.9,-31.2,-30.9,-31.2,-32.2,-34.1,-33.4,-34.2,-36.1,-37.9,-38.7,-37.9,-36.0,-38.6,-43.0,-45.1,-43.7,-39.6,-35.2,-33.1,-34.2,-35.5,-38.5,-40.7,-41.9,-41.6,-40.4,-38.2,-36.0,-34.7,-34.0,-33.9,-34.2,-37.0,-36.4,-37.3,-39.3,-41.1,-41.7,-40.7,-38.8,511.2,511.7,511.8,511.6,511.1,510.8,510.4,510.7,515.3,512.8,510.4,509.3,509.9,511.3,512.9,511.3,509.7,509.4,510.5,512.7,511.7,511.6,511.7,511.9,512.1,512.2,512.2,512.0,524.6,525.6,527.3,528.6,528.7,527.7,526.0,524.9,525.0,524.2,524.1,525.1,527.8,531.3,534.6,531.3,527.9,525.5,524.3,524.4,526.6,527.2,527.9,528.3,528.3,527.7,527.0,526.5,30.3,-5.4,654.1,0.177,-0.174,-0.008,220.8,221.5,223.4,226.3,231.2,238.6,247.7,258.1,268.6,277.1,283.3,288.8,293.6,297.0,299.3,300.8,301.2,230.7,237.1,245.7,254.4,262.3,277.7,284.2,290.6,296.8,300.6,270.5,271.6,272.9,274.1,262.8,267.4,272.0,276.0,279.4,240.3,245.5,251.8,256.9,251.7,245.4,279.2,284.0,289.6,293.4,290.2,284.7,253.7,261.3,267.6,271.3,275.1,279.6,283.3,279.8,275.4,271.2,267.1,260.9,256.7,267.3,271.1,274.9,281.2,274.9,271.1,267.2,161.7,173.5,185.1,196.3,206.7,215.6,222.9,228.1,229.1,226.8,220.4,212.3,203.1,192.9,182.2,171.2,160.0,153.9,148.8,147.3,148.3,151.0,150.2,147.1,145.6,146.5,150.7,159.5,167.3,175.0,182.9,188.3,189.7,190.8,189.4,187.7,161.5,158.4,158.3,162.0,163.6,163.8,161.2,156.9,156.8,159.5,162.0,162.3,204.0,201.3,199.6,200.5,199.3,200.7,202.6,207.8,210.1,210.7,210.5,208.7,204.1,203.3,203.5,202.9,203.2,204.3,205.0,204.8,-51.1,-50.1,-47.0,-42.0,-33.3,-20.0,-4.1,14.0,32.0,47.4,59.4,70.5,79.8,86.1,89.9,92.5,93.0,-32.1,-21.2,-7.0,7.2,20.0,45.5,56.9,68.4,79.9,87.7,33.5,35.1,36.8,38.4,20.9,28.3,35.8,42.5,48.4,-16.1,-7.4,2.9,11.4,2.8,-7.6,49.1,57.6,67.4,74.5,68.4,58.7,6.3,18.6,28.9,35.1,41.5,49.6,56.8,49.9,42.1,35.1,28.3,18.0,11.3,28.5,34.8,41.3,52.9,41.3,34.8,28.3,-45.1,-24.6,-4.2,15.5,34.0,49.6,61.8,70.1,71.7,68.7,58.7,45.1,28.6,9.9,-9.7,-29.7,-50.1,-56.0,-63.8,-65.8,-63.7,-59.3,-61.3,-67.2,-70.5,-70.1,-63.7,-45.9,-32.8,-20.1,-7.3,1.3,3.6,5.4,3.1,0.3,-43.2,-48.3,-48.4,-42.3,-39.7,-39.2,-44.4,-51.7,-52.3,-48.1,-43.4,-42.7,27.6,22.7,19.8,21.4,19.4,22.0,25.8,34.1,37.5,38.4,38.0,35.1,27.8,26.0,26.4,25.5,26.6,27.9,28.9,28.5,682.5,685.9,689.9,692.3,691.6,688.6,682.4,674.3,673.6,682.8,697.8,709.9,715.1,714.5,712.7,710.8,710.3,650.4,644.2,639.7,636.0,634.2,641.7,649.2,658.0,667.4,677.3,639.9,633.9,627.5,621.6,637.9,636.7,636.2,639.6,643.8,649.8,646.8,647.3,648.8,647.5,647.1,658.1,660.6,664.5,670.9,664.9,661.0,655.2,644.8,641.1,642.3,644.5,653.4,666.7,655.1,647.8,645.2,644.2,647.2,653.0,644.1,644.8,647.6,662.7,647.5,644.7,644.2,0.592,0.181,-0.231,0.002,268.05,184.13,-7.759,8.964,-12.271,18.983,4.616,2.531,-4.666,2.782,3.823,-3.404,-0.54,1.165,0.683,-1.541,-0.59,-0.273,0.501,1.196,-1.107,-0.662,0.238,-0.349,-0.341,-0.454,0.124,-0.026,0.117,0.016,-0.095,-0.013,-0.017,0.001,0.003,-0.002,0.43,0.12,0.0,1.1,0.0,0.0,0.0,0.0,0.0,0.19,0.0,0.0,0.0,0.0,0.0,0.0,0.0,0.0,1.0,0.0,1.0,0.0,0.0,0.0,0.0,0.0,0.0,0.0,0.0,0.0,0.0,0.0,0.0,1.0,0.0
PP133,g1,4856,0,0.975,0.194236,0.170682,-0.965992,0.042966,0.170894,-0.984352,0.121,0.173,244.9,246.2,249.3,252.5,253.9,252.9,249.5,246.3,240.7,242.6,245.5,248.9,252.4,255.1,256.9,254.8,251.9,248.7,245.5,242.7,248.0,249.4,250.8,251.4,250.8,249.4,248.0,247.4,282.4,283.2,286.0,289.0,290.5,289.6,286.9,283.6,279.4,281.3,283.9,287.2,290.1,292.2,293.4,292.3,290.4,287.9,284.9,281.8,285.1,286.4,287.6,288.0,287.3,286.0,284.8,284.4,159.9,156.7,155.3,156.6,159.8,163.3,164.5,163.2,161.5,159.7,158.4,157.8,158.4,159.8,161.9,163.1,163.5,163.8,163.6,162.9,161.4,162.0,161.4,159.9,158.5,158.0,158.6,160.0,158.7,155.5,154.1,155.2,158.2,161.4,162.9,162.0,161.0,158.8,157.2,156.3,156.7,157.8,159.5,161.0,161.8,162.2,162.2,162.0,160.0,160.5,159.9,158.5,157.1,156.7,157.3,158.7,-6.7,-5.0,-0.9,3.3,5.1,3.7,-0.7,-4.9,-12.3,-9.7,-6.0,-1.4,3.2,6.6,9.1,6.3,2.5,-1.8,-5.9,-9.6,-2.6,-0.7,1.1,1.8,1.0,-0.8,-2.6,-3.3,43.6,44.9,48.7,52.9,54.9,53.7,49.8,45.3,39.6,42.1,45.6,50.1,54.3,57.5,59.6,57.7,54.8,51.1,46.9,42.8,47.5,49.3,51.0,51.5,50.6,48.8,47.1,46.6,-36.1,-40.4,-42.3,-40.6,-36.3,-31.7,-30.2,-31.9,-34.4,-36.6,-38.1,-38.8,-38.1,-36.3,-33.7,-32.1,-31.3,-31.0,-31.3,-32.4,-34.3,-33.5,-34.3,-36.2,-38.1,-38.8,-38.0,-36.1,-38.8,-43.1,-45.3,-43.9,-39.7,-35.4,-33.3,-34.3,-35.7,-38.6,-40.8,-42.0,-41.7,-40.5,-38.4,-36.2,-34.8,-34.1,-34.0,-34.3,-37.2,-36.5,-37.5,-39.4,-41.2,-41.8,-40.9,-39.0,512.1,512.6,512.8,512.5,512.0,511.8,511.4,511.6,516.3,513.7,511.4,510.2,510.8,512.2,513.9,512.3,510.7,510.4,511.5,513.7,512.7,512.6,512.7,512.9,513.1,513.2,513.1,512.9,526.2,527.3,528.9,530.2,530.4,529.4,527.7,526.5,526.6,525.9,525.7,526.8,529.4,532.9,536.2,532.9,529.6,527.1,526.0,526.1,528.2,528.8,529.5,530.0,529.9,529.3,528.6,528.2,30.6,-5.5,655.0,0.18,-0.175,-0.006,220.9,221.6,223.5,226.3,231.3,238.7,247.7,258.1,268.6,277.1,283.3,288.8,293.6,297.1,299.3,300.9,301.3,231.0,237.4,246.1,254.8,262.8,277.8,284.4,290.7,296.9,300.7,270.7,271.8,273.1,274.3,263.0,267.5,272.1,276.1,279.5,240.5,245.8,252.0,257.0,251.9,245.6,279.3,284.2,289.7,293.5,290.3,284.8,253.9,261.4,267.8,271.4,275.2,279.7,283.4,279.8,275.4,271.3,267.3,261.0,256.9,267.4,271.2,275.0,281.2,275.0,271.2,267.3,161.5,173.3,184.9,196.0,206.4,215.4,222.7,227.9,228.9,226.6,220.2,212.1,202.9,192.8,182.1,171.1,159.9,153.8,148.7,147.3,148.4,151.1,150.3,147.2,145.7,146.5,150.7,159.5,167.3,175.0,182.9,188.2,189.6,190.7,189.3,187.6,161.4,158.3,158.3,162.0,163.5,163.7,161.1,156.9,156.8,159.5,162.0,162.3,203.9,201.2,199.5,200.5,199.2,200.6,202.6,207.7,210.0,210.6,210.4,208.6,204.0,203.2,203.4,202.8,203.1,204.2,204.9,204.6,-50.9,-49.9,-46.9,-42.0,-33.2,-20.0,-4.1,14.0,32.1,47.5,59.6,70.7,80.0,86.3,90.1,92.8,93.3,-31.7,-20.8,-6.4,7.9,20.7,45.7,57.1,68.7,80.2,88.1,33.9,35.4,37.1,38.7,21.2,28.6,36.0,42.8,48.7,-15.8,-7.0,3.3,11.7,3.1,-7.2,49.5,57.9,67.7,74.9,68.7,59.0,6.5,18.9,29.2,35.3,41.7,49.8,57.0,50.1,42.2,35.3,28.5,18.3,11.5,28.7,35.1,41.5,53.1,41.5,35.0,28.6,-45.4,-25.0,-4.6,15.1,33.6,49.2,61.5,69.9,71.5,68.5,58.5,44.8,28.3,9.7,-9.9,-29.9,-50.2,-56.2,-64.0,-65.9,-63.8,-59.2,-61.1,-67.1,-70.5,-70.2,-63.9,-45.9,-32.9,-20.2,-7.3,1.2,3.5,5.3,3.0,0.2,-43.4,-48.4,-48.5,-42.4,-39.8,-39.4,-44.5,-51.7,-52.4,-48.2,-43.5,-42.8,27.5,22.6,19.7,21.4,19.3,21.9,25.8,34.0,37.3,38.2,37.8,35.0,27.7,25.9,26.3,25.4,26.5,27.7,28.8,28.3,683.2,686.6,690.7,693.1,692.6,689.6,683.4,675.3,674.7,683.9,698.9,711.0,716.2,715.6,713.8,711.9,711.4,651.1,644.9,640.4,636.7,635.0,642.3,649.8,658.7,668.2,678.4,640.7,634.8,628.4,622.5,638.8,637.6,637.2,640.6,644.8,650.6,647.7,648.2,649.6,648.4,647.9,659.0,661.4,665.4,671.8,665.8,661.9,656.1,645.7,642.1,643.3,645.5,654.4,667.7,656.1,648.8,646.2,645.3,648.1,653.9,645.1,645.8,648.6,663.7,648.5,645.7,645.2,0.591,0.184,-0.232,0.004,268.183,184.051,-7.288,8.894,-12.404,18.88,4.658,2.386,-4.434,2.632,3.809,-3.272,-0.204,0.97,0.177,-1.378,-0.669,-0.177,0.344,1.164,-1.112,-0.512,0.34,-0.407,-0.238,-0.482,0.108,-0.023,0.125,0.01,-0.087,-0.014,-0.011,-0.002,0.006,-0.004,0.5,0.0,0.0,0.6,0.0,0.0,0.0,0.0,0.0,0.15,0.0,0.0,0.0,0.0,0.0,0.0,0.0,0.0,1.0,0.0,1.0,0.0,0.0,0.0,0.0,0.0,0.0,0.0,0.0,0.0,0.0,0.0,0.0,1.0,0.0
PP133,g1,4862,0,0.975,0.193797,0.166164,-0.966867,0.042156,0.166558,-0.98513,0.12,0.169,244.7,246.0,249.2,252.4,253.7,252.7,249.3,246.1,240.5,242.4,245.3,248.8,252.3,254.9,256.8,254.7,251.7,248.5,245.3,242.5,247.9,249.3,250.6,251.2,250.6,249.2,247.8,247.3,282.2,283.1,285.8,288.8,290.4,289.5,286.8,283.5,279.2,281.1,283.8,287.1,290.0,292.1,293.3,292.2,290.3,287.8,284.7,281.6,285.0,286.3,287.5,287.9,287.2,285.9,284.7,284.3,160.2,157.0,155.6,156.9,160.1,163.6,164.7,163.5,161.8,159.9,158.7,158.0,158.6,160.1,162.2,163.4,163.8,164.1,163.9,163.2,161.7,162.3,161.6,160.2,158.8,158.2,158.8,160.3,159.0,155.8,154.4,155.5,158.5,161.7,163.2,162.3,161.3,159.1,157.5,156.6,157.0,158.1,159.9,161.3,162.1,162.6,162.6,162.3,160.3,160.8,160.2,158.8,157.4,156.9,157.6,159.0,-6.9,-5.2,-1.1,3.1,4.9,3.5,-0.9,-5.1,-12.6,-9.9,-6.2,-1.6,2.9,6.4,8.9,6.1,2.2,-2.0,-6.1,-9.8,-2.8,-1.0,0.8,1.6,0.8,-1.0,-2.8,-3.6,43.3,44.5,48.3,52.5,54.6,53.3,49.5,45.0,39.3,41.7,45.3,49.8,54.0,57.2,59.2,57.4,54.4,50.8,46.6,42.4,47.1,48.9,50.6,51.2,50.3,48.4,46.8,46.2,-35.6,-39.9,-41.7,-40.0,-35.8,-31.2,-29.7,-31.4,-33.8,-36.1,-37.6,-38.3,-37.6,-35.8,-33.2,-31.5,-30.8,-30.5,-30.8,-31.9,-33.7,-33.0,-33.8,-35.7,-37.5,-38.3,-37.5,-35.6,-38.2,-42.6,-44.7,-43.3,-39.2,-34.8,-32.7,-33.8,-35.1,-38.1,-40.3,-41.5,-41.2,-40.0,-37.8,-35.6,-34.2,-33.5,-33.4,-33.8,-36.6,-36.0,-36.9,-38.8,-40.6,-41.2,-40.3,-38.4,509.9,510.4,510.5,510.3,509.8,509.6,509.2,509.4,514.0,511.5,509.1,508.0,508.6,510.0,511.6,510.0,508.5,508.1,509.2,511.5,510.5,510.4,510.4,510.6,510.8,510.9,510.9,510.7,524.1,525.2,526.8,528.1,528.3,527.3,525.6,524.4,524.5,523.8,523.6,524.7,527.3,530.8,534.1,530.8,527.5,525.0,523.9,524.0,526.1,526.7,527.4,527.9,527.8,527.2,526.5,526.1,30.4,-5.1,655.0,0.175,-0.173,-0.007,220.8,221.5,223.4,226.3,231.2,238.6,247.6,258.1,268.5,277.0,283.2,288.7,293.6,297.0,299.3,300.8,301.2,230.8,237.3,245.9,254.7,262.6,277.7,284.3,290.7,296.8,300.6,270.5,271.6,272.9,274.1,262.8,267.4,271.9,275.9,279.3,240.3,245.6,251.8,256.9,251.7,245.5,279.2,284.1,289.6,293.4,290.2,284.7,253.8,261.4,267.7,271.3,275.1,279.6,283.2,279.7,275.3,271.2,267.2,261.0,256.8,267.3,271.1,274.9,281.1,274.9,271.1,267.2,162.0,173.7,185.3,196.4,206.8,215.7,222.9,228.1,229.1,226.8,220.4,212.4,203.3,193.1,182.4,171.5,160.3,153.9,148.9,147.5,148.5,151.2,150.5,147.3,145.9,146.7,151.0,159.8,167.5,175.2,183.1,188.5,189.9,191.0,189.6,187.9,161.7,158.6,158.5,162.3,163.8,164.0,161.5,157.2,157.1,159.8,162.3,162.6,204.1,201.4,199.7,200.7,199.4,200.9,202.8,207.9,210.2,210.8,210.6,208.8,204.3,203.4,203.7,203.1,203.3,204.4,205.1,204.8,-51.1,-50.1,-47.0,-42.0,-33.3,-20.0,-4.1,13.9,31.9,47.3,59.3,70.5,79.8,86.2,90.0,92.7,93.3,-32.1,-21.1,-6.7,7.6,20.4,45.6,57.0,68.6,80.1,88.0,33.6,35.2,36.8,38.4,21.0,28.4,35.8,42.5,48.4,-16.1,-7.4,3.0,11.5,2.8,-7.6,49.3,57.7,67.5,74.8,68.6,58.9,6.4,18.8,29.0,35.1,41.5,49.5,56.8,49.9,42.0,35.1,28.4,18.2,11.4,28.6,34.9,41.3,52.9,41.3,34.8,28.4,-44.7,-24.2,-3.9,15.9,34.2,49.7,61.9,70.2,71.8,68.8,58.9,45.4,28.9,10.3,-9.2,-29.2,-49.6,-56.0,-63.8,-65.7,-63.6,-59.0,-60.9,-66.8,-70.2,-69.8,-63.4,-45.5,-32.5,-19.9,-7.1,1.6,3.9,5.6,3.4,0.6,-43.0,-48.0,-48.1,-41.9,-39.4,-38.9,-44.0,-51.3,-51.9,-47.7,-43.0,-42.2,27.9,23.1,20.1,21.7,19.7,22.4,26.2,34.3,37.6,38.5,38.1,35.3,28.1,26.3,26.7,25.8,26.9,28.1,29.1,28.6,683.6,686.9,690.9,693.2,692.5,689.5,683.3,675.2,674.5,683.8,698.8,710.9,716.0,715.5,713.9,712.2,711.8,651.6,645.3,640.8,637.0,635.2,642.4,650.0,659.0,668.5,678.7,641.0,634.9,628.5,622.5,638.8,637.6,637.2,640.7,644.8,651.1,648.1,648.5,649.9,648.7,648.3,659.2,661.7,665.7,672.1,666.0,662.1,656.1,645.7,642.0,643.2,645.4,654.3,667.6,656.0,648.6,646.0,645.1,648.1,653.8,645.0,645.8,648.5,663.6,648.3,645.6,645.1,0.591,0.18,-0.231,0.003,268.07,184.306,-6.899,8.614,-12.655,19.008,5.275,2.223,-4.698,2.637,3.461,-3.236,-0.238,0.95,0.161,-1.551,-0.634,-0.332,0.359,1.005,-1.042,-0.577,0.373,-0.34,-0.342,-0.375,0.065,-0.009,0.119,0.003,-0.096,-0.02,-0.023,-0.002,0.008,-0.005,0.24,0.16,0.0,0.59,0.0,0.0,0.02,0.0,0.0,0.27,0.0,0.0,0.0,0.0,0.0,0.0,0.0,0.0,1.0,0.0,1.0,0.0,0.0,0.0,0.0,0.0,0.0,0.0,0.0,0.0,0.0,0.0,0.0,1.0,0.0
PP133,g1,4868,0,0.975,0.194256,0.171929,-0.965767,0.043124,0.171826,-0.984183,0.121,0.174,245.0,246.3,249.4,252.6,254.0,252.9,249.5,246.4,240.8,242.7,245.5,249.0,252.5,255.2,257.0,254.9,252.0,248.7,245.6,242.8,248.1,249.5,250.9,251.5,250.9,249.5,248.1,247.5,282.4,283.3,286.0,289.0,290.5,289.6,286.9,283.6,279.4,281.3,283.9,287.2,290.1,292.2,293.4,292.3,290.4,287.9,284.9,281.8,285.1,286.4,287.6,288.0,287.3,286.0,284.8,284.5,160.2,156.9,155.5,156.8,160.0,163.5,164.7,163.4,161.7,159.9,158.6,158.0,158.6,160.0,162.1,163.3,163.8,164.0,163.8,163.1,161.6,162.2,161.6,160.2,158.8,158.2,158.8,160.2,159.0,155.8,154.4,155.5,158.5,161.7,163.2,162.3,161.3,159.1,157.5,156.6,157.0,158.1,159.8,161.3,162.1,162.5,162.5,162.3,160.3,160.8,160.2,158.8,157.4,156.9,157.6,159.0,-6.6,-4.9,-0.7,3.5,5.2,3.8,-0.6,-4.8,-12.2,-9.6,-5.8,-1.3,3.3,6.8,9.2,6.4,2.6,-1.7,-5.8,-9.5,-2.5,-0.6,1.2,1.9,1.1,-0.7,-2.5,-3.2,43.7,45.0,48.8,53.0,55.0,53.7,49.9,45.4,39.7,42.2,45.7,50.2,54.4,57.6,59.6,57.8,54.9,51.2,47.0,42.9,47.5,49.4,51.1,51.6,50.7,48.9,47.2,46.7,-35.9,-40.2,-42.0,-40.3,-36.0,-31.4,-29.9,-31.6,-34.1,-36.4,-37.8,-38.6,-37.8,-36.0,-33.4,-31.8,-31.1,-30.7,-31.1,-32.1,-34.0,-33.3,-34.1,-35.9,-37.8,-38.5,-37.7,-35.9,-38.4,-42.8,-44.9,-43.5,-39.4,-35.0,-32.9,-34.0,-35.4,-38.3,-40.5,-41.7,-41.4,-40.2,-38.0,-35.8,-34.5,-33.7,-33.7,-34.0,-36.8,-36.2,-37.1,-39.0,-40.8,-41.5,-40.5,-38.6,512.6,513.0,513.2,513.0,512.5,512.3,511.9,512.1,516.7,514.2,511.8,510.7,511.3,512.7,514.4,512.7,511.2,510.9,512.0,514.2,513.2,513.1,513.1,513.3,513.5,513.6,513.6,513.4,527.0,528.1,529.7,531.0,531.2,530.2,528.5,527.3,527.4,526.7,526.5,527.6,530.2,533.7,537.0,533.8,530.4,528.0,526.8,526.9,529.0,529.6,530.3,530.8,530.7,530.1,529.4,529.0,30.7,-5.2,655.7,0.18,-0.175,-0.005,221.0,221.6,223.5,226.3,231.2,238.7,247.7,258.1,268.6,277.1,283.3,288.8,293.6,297.1,299.3,300.9,301.3,231.2,237.7,246.3,255.0,262.8,277.9,284.4,290.7,296.9,300.7,270.7,271.8,273.1,274.3,263.0,267.6,272.1,276.1,279.5,240.6,245.9,252.1,257.1,251.9,245.7,279.4,284.2,289.8,293.5,290.3,284.9,254.0,261.6,267.8,271.5,275.2,279.6,283.3,279.7,275.4,271.4,267.3,261.1,257.0,267.5,271.2,275.0,281.2,275.0,271.2,267.4,161.7,173.4,185.0,196.2,206.6,215.5,222.8,228.0,229.0,226.7,220.3,212.3,203.1,193.0,182.3,171.3,160.2,153.7,148.8,147.4,148.5,151.3,150.5,147.4,145.9,146.7,150.9,159.7,167.5,175.1,183.0,188.4,189.8,190.9,189.5,187.8,161.6,158.5,158.5,162.2,163.7,164.0,161.4,157.2,157.1,159.8,162.3,162.6,204.1,201.4,199.7,200.7,199.4,200.8,202.8,207.9,210.1,210.7,210.6,208.7,204.2,203.4,203.6,203.0,203.3,204.4,205.1,204.8,-50.8,-49.9,-46.9,-42.0,-33.3,-20.0,-4.1,14.1,32.1,47.6,59.6,70.8,80.1,86.4,90.2,92.9,93.5,-31.4,-20.3,-6.1,8.1,20.9,45.9,57.3,68.8,80.2,88.1,34.0,35.5,37.2,38.8,21.4,28.7,36.1,42.8,48.7,-15.6,-6.9,3.4,11.9,3.2,-7.1,49.6,58.0,67.8,75.0,68.8,59.1,6.7,19.1,29.4,35.4,41.6,49.7,56.9,50.0,42.2,35.4,28.7,18.5,11.7,28.9,35.1,41.5,53.0,41.5,35.1,28.8,-45.3,-24.8,-4.4,15.4,33.9,49.5,61.8,70.1,71.8,68.7,58.8,45.1,28.7,10.0,-9.5,-29.5,-49.8,-56.3,-64.0,-65.8,-63.6,-59.0,-60.9,-66.8,-70.2,-69.9,-63.7,-45.6,-32.6,-19.9,-7.1,1.5,3.8,5.6,3.4,0.5,-43.1,-48.1,-48.2,-42.1,-39.5,-39.1,-44.1,-51.3,-51.9,-47.8,-43.0,-42.3,27.8,23.0,20.1,21.7,19.7,22.4,26.2,34.4,37.6,38.5,38.1,35.3,28.0,26.3,26.7,25.8,26.9,28.1,29.1,28.6,683.9,687.4,691.4,693.9,693.3,690.3,684.2,676.1,675.5,684.8,699.8,711.9,717.0,716.3,714.4,712.6,711.9,651.5,645.5,641.1,637.5,635.8,643.0,650.5,659.4,668.8,678.9,641.5,635.6,629.2,623.3,639.5,638.4,638.0,641.4,645.6,651.4,648.4,648.9,650.3,649.1,648.6,659.7,662.1,666.2,672.6,666.6,662.6,656.8,646.4,642.8,644.0,646.2,655.1,668.4,656.7,649.5,646.8,645.9,648.8,654.5,645.8,646.5,649.3,664.4,649.1,646.4,645.8,0.59,0.185,-0.232,0.005,268.216,184.235,-7.338,9.219,-13.169,18.864,4.464,2.12,-4.208,2.772,3.333,-3.312,-0.148,1.054,-0.086,-1.817,-0.807,-0.218,0.357,1.054,-1.206,-0.532,0.341,-0.325,-0.286,-0.372,0.062,0.056,0.106,0.002,-0.098,-0.017,-0.018,-0.008,0.006,-0.002,0.31,0.05,0.0,0.54,0.0,0.0,0.09,0.0,0.0,0.22,0.0,0.0,0.0,0.0,0.0,0.0,0.0,0.0,1.0,0.0,1.0,0.0,0.0,0.0,0.0,0.0,0.0,0.0,0.0,0.0,0.0,0.0,0.0,1.0,0.0
PP133,g1,4874,0,0.975,0.194739,0.171016,-0.965832,0.043943,0.171042,-0.984283,0.122,0.174,244.8,246.1,249.3,252.5,253.8,252.8,249.4,246.2,240.6,242.5,245.4,248.9,252.3,255.0,256.8,254.7,251.8,248.6,245.4,242.6,248.0,249.4,250.7,251.3,250.7,249.3,247.9,247.4,282.3,283.1,285.9,288.9,290.4,289.5,286.7,283.5,279.3,281.2,283.8,287.1,290.0,292.0,293.3,292.2,290.3,287.8,284.7,281.6,285.0,286.3,287.5,287.9,287.2,285.9,284.7,284.3,160.2,156.9,155.6,156.9,160.1,163.6,164.7,163.4,161.8,159.9,158.7,158.0,158.6,160.1,162.2,163.3,163.8,164.1,163.8,163.1,161.7,162.2,161.6,160.2,158.8,158.2,158.8,160.3,159.1,155.9,154.4,155.5,158.6,161.8,163.2,162.4,161.4,159.2,157.5,156.7,157.1,158.1,159.9,161.4,162.2,162.6,162.6,162.3,160.4,160.8,160.2,158.8,157.5,157.0,157.6,159.0,-6.8,-5.1,-1.0,3.2,5.0,3.6,-0.8,-5.0,-12.5,-9.8,-6.1,-1.5,3.1,6.5,9.0,6.2,2.3,-1.9,-6.0,-9.7,-2.7,-0.8,1.0,1.7,0.9,-0.9,-2.7,-3.5,43.4,44.7,48.6,52.7,54.8,53.5,49.6,45.2,39.4,41.9,45.5,50.0,54.2,57.4,59.4,57.5,54.6,50.9,46.8,42.6,47.3,49.1,50.8,51.4,50.5,48.6,47.0,46.4,-35.8,-40.1,-41.9,-40.2,-35.9,-31.3,-29.8,-31.5,-34.0,-36.3,-37.7,-38.4,-37.7,-35.9,-33.3,-31.7,-30.9,-30.6,-31.0,-32.0,-33.9,-33.1,-33.9,-35.8,-37.7,-38.4,-37.6,-35.7,-38.3,-42.7,-44.8,-43.4,-39.3,-34.9,-32.8,-33.9,-35.2,-38.1,-40.3,-41.5,-41.2,-40.0,-37.9,-35.7,-34.3,-33.6,-33.5,-33.9,-36.7,-36.1,-37.0,-38.9,-40.7,-41.3,-40.4,-38.5,511.8,512.2,512.4,512.1,511.6,511.4,511.0,511.3,515.9,513.3,511.0,509.8,510.4,511.9,513.5,511.9,510.3,510.0,511.1,513.3,512.3,512.2,512.3,512.5,512.7,512.8,512.7,512.5,526.1,527.1,528.8,530.1,530.3,529.3,527.6,526.4,526.5,525.8,525.6,526.6,529.3,532.8,536.1,532.8,529.5,527.0,525.9,526.0,528.1,528.7,529.4,529.9,529.8,529.2,528.5,528.0,30.4,-5.0,654.7,0.18,-0.176,-0.004,220.8,221.4,223.3,226.1,231.0,238.4,247.5,257.9,268.4,277.0,283.1,288.7,293.5,296.9,299.2,300.8,301.2,230.9,237.4,246.0,254.7,262.6,277.8,284.3,290.7,296.8,300.6,270.6,271.7,273.0,274.2,262.9,267.4,272.0,275.9,279.3,240.4,245.7,251.9,257.0,251.8,245.6,279.2,284.1,289.6,293.4,290.2,284.7,253.8,261.4,267.7,271.3,275.1,279.6,283.2,279.7,275.3,271.2,267.2,261.0,256.9,267.3,271.1,274.9,281.1,274.9,271.1,267.2,161.7,173.4,185.0,196.2,206.6,215.5,222.8,228.1,229.1,226.8,220.4,212.3,203.2,193.0,182.4,171.4,160.3,153.9,148.9,147.5,148.6,151.3,150.6,147.4,146.0,146.8,151.1,159.8,167.6,175.2,183.1,188.5,189.9,191.0,189.6,187.9,161.7,158.6,158.5,162.3,163.8,164.0,161.5,157.3,157.1,159.8,162.3,162.6,204.2,201.5,199.8,200.8,199.5,200.9,202.9,208.0,210.2,210.9,210.7,208.9,204.3,203.5,203.7,203.1,203.4,204.5,205.2,204.9,-51.1,-50.2,-47.2,-42.3,-33.6,-20.4,-4.4,13.7,31.8,47.3,59.3,70.4,79.7,86.0,89.9,92.5,93.1,-31.8,-20.8,-6.5,7.7,20.5,45.7,57.1,68.6,80.1,87.8,33.7,35.3,36.9,38.5,21.1,28.4,35.8,42.5,48.4,-15.9,-7.2,3.1,11.6,3.0,-7.4,49.3,57.7,67.5,74.7,68.5,58.8,6.5,18.8,29.1,35.1,41.4,49.5,56.7,49.8,42.0,35.1,28.4,18.2,11.5,28.6,34.9,41.3,52.7,41.3,34.9,28.5,-45.1,-24.7,-4.4,15.4,33.8,49.5,61.8,70.2,71.9,68.8,58.8,45.2,28.7,10.1,-9.3,-29.3,-49.5,-56.0,-63.7,-65.6,-63.4,-58.8,-60.7,-66.6,-70.0,-69.6,-63.3,-45.4,-32.4,-19.7,-6.9,1.7,3.9,5.7,3.5,0.7,-43.0,-47.9,-48.0,-41.9,-39.3,-38.9,-43.9,-51.2,-51.7,-47.6,-42.9,-42.2,28.0,23.1,20.2,21.8,19.8,22.5,26.3,34.5,37.8,38.6,38.3,35.4,28.2,26.4,26.8,26.0,27.0,28.2,29.2,28.7,682.9,686.4,690.5,692.9,692.4,689.3,683.2,675.1,674.5,683.8,698.9,711.0,716.1,715.4,713.6,711.7,711.2,650.7,644.5,640.0,636.3,634.6,642.0,649.6,658.5,668.0,678.1,640.5,634.5,628.1,622.2,638.5,637.4,637.0,640.4,644.5,650.3,647.3,647.8,649.3,648.1,647.6,658.8,661.2,665.2,671.7,665.6,661.7,655.7,645.3,641.7,642.9,645.1,654.0,667.4,655.8,648.5,645.8,644.9,647.7,653.5,644.7,645.5,648.3,663.3,648.1,645.3,644.8,0.591,0.185,-0.233,0.006,268.072,184.316,-6.647,9.209,-13.022,18.937,4.513,1.972,-4.464,2.918,3.662,-3.248,-0.439,0.991,0.214,-1.614,-0.541,-0.268,0.325,1.076,-1.031,-0.617,0.398,-0.332,-0.324,-0.45,0.069,-0.002,0.128,0.005,-0.095,-0.017,-0.022,-0.003,0.008,-0.004,0.42,0.08,0.0,0.97,0.0,0.0,0.1,0.0,0.0,0.13,0.0,0.0,0.0,0.0,0.0,0.0,0.0,0.0,1.0,0.0,1.0,0.0,0.0,0.0,0.0,0.0,0.0,0.0,0.0,0.0,0.0,0.0,0.0,1.0,0.0
PP133,g1,4880,0,0.975,0.194148,0.172814,-0.96563,0.04229,0.172826,-0.984044,0.121,0.175,244.9,246.2,249.3,252.5,253.8,252.8,249.4,246.2,240.6,242.6,245.4,248.9,252.4,255.0,256.8,254.8,251.8,248.6,245.5,242.7,248.0,249.4,250.8,251.3,250.7,249.4,248.0,247.4,282.2,283.1,285.8,288.8,290.3,289.4,286.7,283.4,279.2,281.1,283.7,287.0,289.9,292.0,293.2,292.1,290.2,287.7,284.7,281.6,284.9,286.2,287.4,287.8,287.2,285.9,284.7,284.3,160.7,157.4,156.0,157.3,160.5,164.0,165.2,163.9,162.2,160.4,159.1,158.5,159.1,160.5,162.6,163.8,164.2,164.5,164.2,163.5,162.1,162.7,162.1,160.6,159.2,158.7,159.3,160.7,159.6,156.4,154.9,156.1,159.1,162.3,163.7,162.9,161.8,159.7,158.0,157.2,157.6,158.7,160.4,161.8,162.7,163.1,163.1,162.8,160.9,161.3,160.7,159.3,158.0,157.5,158.1,159.5,-6.7,-5.0,-0.9,3.3,5.1,3.7,-0.8,-4.9,-12.4,-9.8,-6.0,-1.4,3.1,6.6,9.0,6.3,2.4,-1.8,-6.0,-9.7,-2.6,-0.8,1.0,1.8,1.0,-0.9,-2.7,-3.4,43.7,44.9,48.8,53.0,55.0,53.7,49.8,45.4,39.7,42.2,45.7,50.2,54.4,57.6,59.7,57.8,54.8,51.2,47.0,42.8,47.5,49.3,51.0,51.6,50.7,48.9,47.2,46.6,-35.3,-39.7,-41.5,-39.8,-35.5,-30.9,-29.4,-31.1,-33.6,-35.8,-37.3,-38.0,-37.3,-35.5,-32.9,-31.3,-30.6,-30.2,-30.6,-31.6,-33.5,-32.7,-33.5,-35.4,-37.3,-38.0,-37.2,-35.3,-37.9,-42.2,-44.3,-42.9,-38.8,-34.4,-32.3,-33.4,-34.8,-37.7,-39.9,-41.1,-40.7,-39.6,-37.4,-35.2,-33.9,-33.2,-33.1,-33.5,-36.3,-35.6,-36.5,-38.5,-40.3,-40.9,-40.0,-38.1,514.2,514.7,514.8,514.6,514.1,514.0,513.6,513.8,518.4,515.8,513.4,512.3,512.9,514.3,516.0,514.4,512.8,512.5,513.6,515.8,514.8,514.7,514.8,515.0,515.2,515.3,515.2,515.0,529.5,530.6,532.2,533.5,533.6,532.6,531.0,529.9,529.9,529.2,529.0,530.0,532.7,536.2,539.5,536.2,532.9,530.4,529.3,529.4,531.5,532.1,532.8,533.2,533.2,532.6,531.9,531.5,30.5,-4.7,656.5,0.178,-0.174,-0.004,220.9,221.5,223.4,226.2,231.1,238.5,247.5,258.0,268.4,277.0,283.2,288.7,293.6,297.0,299.2,300.8,301.1,231.0,237.4,246.1,254.8,262.6,277.8,284.3,290.7,296.8,300.5,270.6,271.7,272.9,274.1,262.9,267.4,271.9,275.9,279.3,240.5,245.7,251.9,257.0,251.8,245.6,279.2,284.1,289.6,293.4,290.1,284.7,253.8,261.4,267.7,271.3,275.1,279.6,283.2,279.7,275.3,271.2,267.2,261.0,256.8,267.3,271.1,274.9,281.1,274.9,271.1,267.3,161.9,173.6,185.2,196.3,206.7,215.6,222.9,228.2,229.2,226.9,220.5,212.5,203.4,193.3,182.7,171.8,160.7,154.1,149.1,147.7,148.8,151.5,150.8,147.7,146.3,147.1,151.4,160.2,167.9,175.4,183.3,188.7,190.1,191.2,189.8,188.1,162.1,159.0,159.0,162.7,164.2,164.4,161.9,157.8,157.7,160.3,162.8,163.1,204.3,201.6,199.9,200.9,199.7,201.1,203.0,208.2,210.4,211.0,210.8,209.0,204.5,203.7,203.9,203.3,203.5,204.6,205.3,205.0,-51.0,-50.2,-47.2,-42.4,-33.6,-20.3,-4.3,13.8,31.9,47.4,59.5,70.7,80.0,86.3,90.1,92.8,93.3,-31.7,-20.8,-6.5,7.8,20.6,45.9,57.3,68.8,80.2,88.0,33.9,35.4,37.0,38.6,21.1,28.5,35.9,42.6,48.5,-15.8,-7.1,3.2,11.6,3.0,-7.3,49.4,57.8,67.6,74.8,68.6,58.9,6.4,18.9,29.1,35.2,41.5,49.6,56.9,49.9,42.1,35.2,28.5,18.3,11.4,28.7,35.0,41.4,52.9,41.4,35.0,28.6,-44.9,-24.4,-4.1,15.7,34.1,49.8,62.1,70.5,72.2,69.2,59.2,45.6,29.1,10.6,-8.8,-28.7,-48.9,-55.8,-63.5,-65.5,-63.3,-58.7,-60.5,-66.4,-69.7,-69.3,-62.9,-44.9,-32.0,-19.4,-6.8,2.0,4.2,6.0,3.8,1.0,-42.4,-47.3,-47.4,-41.4,-38.8,-38.4,-43.3,-50.4,-51.0,-46.9,-42.2,-41.5,28.3,23.4,20.5,22.1,20.1,22.8,26.6,34.8,38.1,38.9,38.6,35.7,28.4,26.8,27.2,26.3,27.3,28.5,29.5,29.0,685.2,688.6,692.6,695.0,694.3,691.2,685.0,676.9,676.4,685.7,700.7,712.8,717.8,717.1,715.3,713.6,713.1,652.7,646.6,642.0,638.3,636.5,643.7,651.4,660.5,670.1,680.2,642.4,636.4,630.0,624.1,640.4,639.3,638.9,642.3,646.4,652.3,649.3,649.8,651.3,650.0,649.5,660.7,663.2,667.3,673.7,667.6,663.6,657.5,647.0,643.3,644.6,646.8,655.7,669.3,657.5,650.1,647.4,646.4,649.3,655.2,646.4,647.2,650.0,665.2,649.8,646.9,646.4,0.59,0.183,-0.231,0.006,268.082,184.549,-6.003,9.631,-12.994,18.539,4.448,1.308,-4.921,3.166,3.035,-3.092,-1.009,0.982,-0.048,-1.773,-0.637,-0.282,0.011,0.866,-1.287,-0.769,0.358,-0.334,-0.212,-0.457,-0.051,0.042,0.09,0.006,-0.107,-0.02,-0.026,-0.003,0.006,-0.003,0.58,0.18,0.0,0.92,0.0,0.0,0.0,0.0,0.0,0.1,0.0,0.0,0.0,0.0,0.0,0.0,0.0,1.0,1.0,0.0,1.0,0.0,0.0,0.0,0.0,0.0,0.0,0.0,0.0,0.0,0.0,0.0,0.0,1.0,0.0
PP133,g1,4886,0,0.975,0.194348,0.173897,-0.965396,0.042348,0.173574,-0.98391,0.121,0.176,245.1,246.3,249.5,252.7,254.0,253.0,249.6,246.4,240.8,242.8,245.6,249.1,252.6,255.2,257.0,254.9,252.0,248.8,245.6,242.8,248.2,249.6,250.9,251.5,250.9,249.5,248.1,247.6,282.4,283.3,286.0,289.0,290.5,289.6,286.8,283.6,279.4,281.3,283.9,287.2,290.1,292.2,293.4,292.3,290.4,287.8,284.8,281.8,285.1,286.4,287.6,288.0,287.3,286.0,284.8,284.4,160.6,157.3,155.9,157.2,160.4,163.9,165.1,163.8,162.1,160.2,159.0,158.4,159.0,160.5,162.5,163.7,164.2,164.4,164.2,163.5,162.0,162.6,162.0,160.6,159.2,158.6,159.2,160.6,159.5,156.3,154.9,156.0,159.1,162.2,163.7,162.8,161.8,159.6,158.0,157.2,157.6,158.6,160.4,161.8,162.6,163.0,163.0,162.8,160.8,161.3,160.7,159.3,157.9,157.5,158.1,159.5,-6.5,-4.8,-0.7,3.5,5.3,3.9,-0.5,-4.7,-12.2,-9.5,-5.8,-1.2,3.3,6.8,9.2,6.5,2.6,-1.6,-5.7,-9.4,-2.4,-0.6,1.2,2.0,1.2,-0.6,-2.4,-3.2,43.8,45.1,48.9,53.1,55.2,53.8,50.0,45.5,39.8,42.3,45.8,50.4,54.6,57.7,59.8,57.9,55.0,51.3,47.1,42.9,47.7,49.5,51.2,51.7,50.8,49.0,47.3,46.8,-35.4,-39.7,-41.5,-39.8,-35.6,-30.9,-29.4,-31.2,-33.7,-35.9,-37.3,-38.1,-37.3,-35.5,-33.0,-31.3,-30.6,-30.3,-30.6,-31.7,-33.5,-32.8,-33.6,-35.5,-37.3,-38.1,-37.3,-35.4,-37.8,-42.2,-44.3,-42.9,-38.8,-34.4,-32.3,-33.4,-34.8,-37.7,-39.9,-41.1,-40.7,-39.5,-37.4,-35.2,-33.9,-33.1,-33.1,-33.4,-36.2,-35.6,-36.5,-38.4,-40.2,-40.9,-40.0,-38.0,513.4,513.8,514.0,513.7,513.3,513.1,512.7,512.9,517.5,514.9,512.6,511.5,512.1,513.5,515.2,513.6,512.0,511.7,512.8,515.0,514.0,513.9,514.0,514.1,514.3,514.4,514.4,514.2,528.4,529.4,531.0,532.3,532.5,531.5,529.9,528.7,528.8,528.0,527.9,528.9,531.6,535.0,538.4,535.1,531.8,529.3,528.1,528.3,530.4,531.0,531.7,532.1,532.0,531.5,530.8,530.3,30.7,-4.8,656.6,0.179,-0.174,-0.003,221.1,221.7,223.5,226.3,231.2,238.6,247.6,258.0,268.5,277.0,283.2,288.8,293.6,297.1,299.3,300.9,301.3,231.2,237.6,246.3,255.0,262.8,278.0,284.5,290.9,296.9,300.7,270.7,271.9,273.1,274.3,263.0,267.5,272.0,276.0,279.4,240.7,245.9,252.1,257.2,252.0,245.8,279.3,284.2,289.8,293.5,290.3,284.8,253.9,261.5,267.8,271.4,275.2,279.6,283.2,279.7,275.4,271.3,267.3,261.1,256.9,267.4,271.2,275.0,281.1,275.0,271.2,267.3,161.8,173.5,185.1,196.2,206.6,215.6,222.8,228.1,229.1,226.8,220.4,212.4,203.3,193.2,182.6,171.7,160.6,154.0,149.0,147.5,148.7,151.4,150.7,147.6,146.2,147.0,151.3,160.1,167.8,175.4,183.2,188.7,190.0,191.2,189.8,188.1,162.0,158.9,158.9,162.6,164.1,164.3,161.9,157.8,157.6,160.3,162.8,163.0,204.2,201.6,199.9,200.9,199.7,201.1,203.0,208.1,210.3,210.9,210.7,208.9,204.4,203.6,203.9,203.3,203.5,204.6,205.2,205.0,-50.8,-49.9,-46.9,-42.1,-33.4,-20.2,-4.2,13.9,32.0,47.5,59.6,70.8,80.1,86.4,90.3,92.9,93.6,-31.5,-20.5,-6.2,8.1,20.9,46.2,57.6,69.1,80.5,88.3,34.1,35.6,37.2,38.8,21.3,28.7,36.1,42.8,48.7,-15.6,-6.8,3.5,11.9,3.3,-7.0,49.6,58.1,67.9,75.1,68.9,59.2,6.6,19.1,29.3,35.4,41.7,49.7,57.0,50.0,42.2,35.3,28.6,18.4,11.6,28.8,35.1,41.5,53.0,41.5,35.1,28.7,-45.2,-24.7,-4.3,15.5,34.0,49.7,62.0,70.3,72.0,69.0,59.1,45.5,29.1,10.5,-8.9,-28.8,-49.0,-56.0,-63.8,-65.7,-63.4,-58.8,-60.6,-66.5,-69.8,-69.5,-63.1,-45.0,-32.1,-19.5,-6.8,1.9,4.2,6.0,3.8,1.0,-42.6,-47.5,-47.5,-41.5,-38.9,-38.5,-43.3,-50.5,-51.1,-47.0,-42.2,-41.5,28.2,23.4,20.4,22.1,20.1,22.8,26.6,34.7,38.0,38.8,38.4,35.6,28.4,26.7,27.1,26.3,27.3,28.4,29.4,28.9,685.1,688.5,692.6,695.0,694.3,691.3,685.0,676.9,676.4,685.8,700.8,712.9,717.9,717.1,715.3,713.6,713.1,652.8,646.6,642.0,638.3,636.5,643.7,651.3,660.4,670.0,680.2,642.5,636.5,630.1,624.2,640.5,639.4,639.0,642.4,646.5,652.4,649.3,649.8,651.3,650.1,649.6,660.7,663.2,667.3,673.7,667.6,663.7,657.5,647.1,643.5,644.7,646.9,655.8,669.3,657.5,650.2,647.5,646.5,649.4,655.3,646.5,647.3,650.1,665.2,649.9,647.0,646.5,0.59,0.184,-0.231,0.008,268.198,184.485,-6.233,9.5,-13.334,18.681,4.655,1.497,-4.939,3.014,2.833,-3.163,-0.951,0.835,-0.133,-1.605,-0.672,-0.223,0.031,0.889,-1.453,-0.709,0.384,-0.396,-0.243,-0.443,0.034,0.042,0.086,0.007,-0.1,-0.016,-0.02,-0.006,0.003,-0.003,0.34,0.18,0.0,0.63,0.0,0.0,0.0,0.0,0.0,0.3,0.0,0.0,0.0,0.0,0.0,0.0,0.0,0.0,1.0,0.0,1.0,0.0,0.0,0.0,0.0,0.0,0.0,0.0,0.0,0.0,0.0,0.0,0.0,1.0,0.0
PP133,g1,4892,0,0.975,0.193197,0.174433,-0.96553,0.04363,0.173453,-0.983875,0.121,0.177,245.3,246.5,249.7,252.9,254.2,253.1,249.8,246.6,241.0,243.0,245.8,249.3,252.8,255.4,257.2,255.1,252.2,249.0,245.8,243.0,248.4,249.8,251.1,251.7,251.1,249.7,248.3,247.8,282.6,283.5,286.2,289.2,290.7,289.8,287.1,283.8,279.6,281.5,284.1,287.4,290.3,292.4,293.6,292.5,290.6,288.1,285.1,282.0,285.3,286.6,287.8,288.2,287.6,286.3,285.1,284.7,160.2,157.0,155.6,156.9,160.1,163.6,164.7,163.4,161.7,159.9,158.7,158.1,158.7,160.1,162.2,163.4,163.8,164.0,163.8,163.1,161.7,162.2,161.6,160.2,158.8,158.2,158.8,160.3,159.2,156.0,154.6,155.7,158.8,161.9,163.4,162.5,161.5,159.3,157.7,156.9,157.3,158.3,160.1,161.5,162.4,162.8,162.7,162.5,160.5,161.0,160.4,159.0,157.7,157.2,157.8,159.2,-6.2,-4.5,-0.4,3.8,5.5,4.1,-0.3,-4.5,-11.9,-9.3,-5.5,-0.9,3.6,7.1,9.5,6.7,2.8,-1.4,-5.5,-9.2,-2.1,-0.3,1.5,2.2,1.5,-0.4,-2.2,-2.9,44.0,45.3,49.2,53.3,55.4,54.1,50.2,45.7,40.0,42.5,46.1,50.6,54.8,57.9,60.0,58.1,55.2,51.5,47.3,43.2,47.9,49.7,51.4,52.0,51.1,49.2,47.6,47.0,-35.9,-40.2,-42.0,-40.3,-36.0,-31.4,-29.9,-31.6,-34.2,-36.4,-37.8,-38.6,-37.8,-36.0,-33.4,-31.7,-31.0,-30.7,-31.1,-32.2,-34.0,-33.2,-34.0,-35.9,-37.8,-38.5,-37.7,-35.9,-38.2,-42.6,-44.7,-43.2,-39.1,-34.7,-32.7,-33.8,-35.1,-38.1,-40.2,-41.4,-41.1,-39.9,-37.7,-35.5,-34.2,-33.5,-33.4,-33.8,-36.6,-35.9,-36.9,-38.8,-40.6,-41.2,-40.3,-38.4,513.5,513.9,514.1,513.9,513.4,513.2,512.8,513.0,517.6,515.1,512.7,511.6,512.2,513.6,515.2,513.6,512.1,511.7,512.8,515.1,514.1,514.0,514.0,514.2,514.4,514.5,514.5,514.3,527.5,528.5,530.2,531.5,531.7,530.6,529.0,527.8,527.9,527.1,527.0,528.0,530.7,534.2,537.5,534.2,530.9,528.4,527.2,527.3,529.5,530.1,530.8,531.2,531.2,530.6,529.9,529.4,30.8,-4.8,655.0,0.184,-0.175,-0.001,221.2,221.7,223.6,226.3,231.2,238.6,247.6,258.1,268.6,277.2,283.3,288.9,293.6,297.1,299.4,301.0,301.4,231.4,237.9,246.5,255.2,263.0,278.2,284.7,291.0,297.1,300.9,271.0,272.1,273.3,274.5,263.2,267.7,272.2,276.2,279.6,240.9,246.1,252.3,257.3,252.2,246.0,279.6,284.5,290.0,293.7,290.5,285.1,254.1,261.6,267.9,271.5,275.3,279.7,283.3,279.8,275.4,271.4,267.3,261.2,257.1,267.5,271.3,275.1,281.2,275.1,271.3,267.4,161.5,173.3,184.9,196.1,206.6,215.6,222.9,228.2,229.3,227.0,220.5,212.4,203.3,193.2,182.5,171.6,160.5,153.8,148.9,147.5,148.7,151.5,150.8,147.7,146.2,147.0,151.2,160.0,167.7,175.4,183.3,188.7,190.1,191.2,189.8,188.1,161.6,158.6,158.6,162.3,163.8,164.0,161.6,157.4,157.3,160.0,162.5,162.8,204.3,201.7,200.0,201.0,199.8,201.2,203.2,208.3,210.4,211.1,210.8,209.0,204.5,203.7,204.0,203.4,203.7,204.7,205.4,205.1,-50.4,-49.7,-46.8,-42.0,-33.3,-20.1,-4.2,14.0,32.1,47.6,59.6,70.8,80.0,86.3,90.2,93.0,93.6,-31.0,-20.0,-5.7,8.5,21.2,46.3,57.7,69.2,80.6,88.3,34.4,35.9,37.4,39.0,21.5,28.8,36.2,42.9,48.8,-15.2,-6.5,3.8,12.2,3.6,-6.7,49.9,58.3,68.1,75.2,69.1,59.4,6.8,19.2,29.4,35.5,41.8,49.8,57.0,50.1,42.2,35.4,28.6,18.5,11.8,28.9,35.2,41.6,53.0,41.6,35.2,28.8,-45.4,-25.0,-4.6,15.2,33.8,49.6,62.0,70.4,72.2,69.1,59.1,45.4,28.9,10.4,-9.1,-28.9,-49.1,-56.1,-63.7,-65.5,-63.2,-58.5,-60.3,-66.2,-69.6,-69.2,-62.9,-45.2,-32.2,-19.5,-6.6,1.9,4.2,6.0,3.8,1.0,-43.1,-47.9,-48.0,-41.9,-39.3,-39.0,-43.7,-50.9,-51.4,-47.3,-42.6,-41.9,28.2,23.4,20.5,22.2,20.3,22.9,26.8,34.9,38.1,39.0,38.6,35.7,28.4,26.8,27.2,26.4,27.4,28.5,29.5,29.0,683.1,686.7,690.9,693.5,692.9,689.8,683.6,675.4,674.9,684.2,699.3,711.4,716.5,715.7,713.6,711.6,710.9,650.6,644.5,640.0,636.5,634.9,642.3,649.7,658.6,668.0,678.1,640.6,634.7,628.3,622.4,638.8,637.6,637.3,640.7,644.8,650.4,647.4,647.9,649.4,648.2,647.7,658.9,661.3,665.4,671.8,665.8,661.8,656.0,645.6,642.0,643.3,645.5,654.4,667.7,656.1,648.9,646.2,645.3,648.0,653.7,645.1,645.9,648.7,663.6,648.5,645.7,645.1,0.591,0.189,-0.232,0.01,268.337,184.448,-7.075,9.936,-13.357,19.212,4.087,2.285,-4.235,2.981,3.831,-3.167,-0.13,0.977,0.197,-1.764,-0.743,-0.212,0.381,1.111,-1.117,-0.647,0.378,-0.41,-0.348,-0.478,0.164,0.046,0.089,0.013,-0.095,-0.017,-0.02,-0.004,0.005,0.001,0.49,0.06,0.0,0.52,0.0,0.0,0.0,0.0,0.0,0.17,0.0,0.0,0.0,0.0,0.0,0.0,0.0,1.0,1.0,0.0,1.0,0.0,0.0,0.0,0.0,0.0,0.0,0.0,0.0,0.0,0.0,0.0,0.0,1.0,0.0
PP133,g1,4898,0,0.975,0.192414,0.172912,-0.96596,0.043314,0.171806,-0.984178,0.12,0.175,245.4,246.7,249.9,253.1,254.4,253.3,249.9,246.7,241.1,243.1,245.9,249.4,252.9,255.6,257.4,255.3,252.3,249.1,245.9,243.1,248.5,249.9,251.3,251.9,251.3,249.9,248.5,247.9,282.9,283.8,286.5,289.5,291.0,290.1,287.4,284.1,279.9,281.8,284.4,287.7,290.6,292.7,293.9,292.8,290.9,288.4,285.4,282.2,285.6,286.9,288.1,288.5,287.8,286.5,285.3,284.9,160.1,156.9,155.5,156.8,160.0,163.6,164.7,163.4,161.7,159.8,158.6,158.0,158.6,160.1,162.2,163.3,163.8,164.0,163.8,163.1,161.6,162.2,161.6,160.2,158.7,158.2,158.8,160.2,159.1,155.9,154.5,155.6,158.7,161.9,163.3,162.5,161.4,159.2,157.6,156.8,157.2,158.2,160.0,161.5,162.3,162.7,162.7,162.4,160.4,160.9,160.3,158.9,157.6,157.1,157.7,159.1,-6.0,-4.3,-0.2,4.0,5.7,4.3,-0.1,-4.3,-11.7,-9.1,-5.3,-0.7,3.8,7.3,9.7,6.9,3.0,-1.2,-5.3,-9.0,-1.9,-0.1,1.7,2.4,1.7,-0.1,-2.0,-2.7,44.1,45.4,49.2,53.4,55.4,54.1,50.3,45.8,40.1,42.6,46.1,50.6,54.8,58.0,60.0,58.2,55.2,51.6,47.4,43.3,47.9,49.8,51.5,52.0,51.1,49.3,47.6,47.1,-35.8,-40.1,-41.9,-40.1,-35.9,-31.3,-29.8,-31.5,-34.0,-36.3,-37.7,-38.4,-37.7,-35.9,-33.2,-31.6,-30.9,-30.6,-31.0,-32.0,-33.9,-33.1,-33.9,-35.8,-37.6,-38.4,-37.6,-35.7,-38.0,-42.4,-44.5,-43.1,-39.0,-34.6,-32.5,-33.6,-35.0,-37.9,-40.1,-41.3,-40.9,-39.8,-37.6,-35.4,-34.0,-33.3,-33.3,-33.6,-36.4,-35.8,-36.7,-38.6,-40.4,-41.1,-40.1,-38.2,510.3,510.8,510.9,510.7,510.2,509.9,509.6,509.8,514.4,511.9,509.5,508.4,509.0,510.4,512.0,510.4,508.8,508.5,509.6,511.9,510.9,510.7,510.8,511.0,511.2,511.3,511.3,511.1,524.1,525.1,526.8,528.1,528.3,527.2,525.6,524.4,524.4,523.7,523.6,524.6,527.3,530.8,534.1,530.8,527.5,525.0,523.8,523.9,526.1,526.7,527.4,527.8,527.8,527.2,526.5,526.0,31.1,-4.8,653.7,0.185,-0.175,0.0,221.3,221.9,223.8,226.6,231.4,238.8,247.8,258.2,268.7,277.3,283.4,288.9,293.7,297.3,299.6,301.2,301.7,231.4,238.0,246.7,255.4,263.3,278.4,285.0,291.4,297.5,301.3,271.2,272.3,273.5,274.7,263.3,267.9,272.4,276.4,279.9,241.0,246.2,252.5,257.5,252.3,246.1,279.8,284.7,290.3,294.0,290.8,285.3,254.1,261.7,268.1,271.7,275.5,280.0,283.6,280.0,275.6,271.6,267.5,261.3,257.2,267.7,271.5,275.3,281.5,275.3,271.5,267.6,161.5,173.3,184.9,196.1,206.6,215.6,223.0,228.3,229.3,227.1,220.6,212.5,203.4,193.2,182.6,171.6,160.4,153.9,148.9,147.5,148.7,151.5,150.8,147.7,146.2,147.0,151.3,159.9,167.7,175.5,183.5,188.7,190.1,191.3,189.9,188.2,161.6,158.5,158.5,162.3,163.7,164.0,161.6,157.3,157.2,159.9,162.5,162.7,204.3,201.7,200.1,201.1,199.8,201.2,203.2,208.3,210.5,211.1,210.9,209.0,204.5,203.8,204.0,203.4,203.7,204.7,205.4,205.1,-50.0,-49.2,-46.3,-41.5,-32.9,-19.8,-3.9,14.2,32.2,47.7,59.7,70.8,80.1,86.4,90.4,93.2,93.9,-30.8,-19.8,-5.4,8.8,21.6,46.6,58.1,69.6,81.1,88.9,34.7,36.2,37.8,39.3,21.8,29.1,36.5,43.3,49.2,-15.0,-6.2,4.1,12.5,3.9,-6.5,50.2,58.7,68.5,75.6,69.5,59.7,7.0,19.4,29.6,35.7,42.1,50.1,57.3,50.3,42.5,35.6,28.8,18.7,12.0,29.1,35.4,41.9,53.3,41.9,35.4,29.0,-45.4,-25.0,-4.6,15.2,33.7,49.5,61.9,70.4,72.2,69.2,59.2,45.5,29.0,10.5,-9.0,-28.9,-49.2,-55.8,-63.5,-65.3,-63.0,-58.4,-60.2,-66.1,-69.4,-69.1,-62.7,-45.1,-32.0,-19.3,-6.4,2.0,4.3,6.2,4.0,1.1,-43.1,-48.0,-48.0,-41.9,-39.3,-39.0,-43.7,-51.0,-51.5,-47.3,-42.6,-41.9,28.1,23.5,20.6,22.3,20.3,22.9,26.7,34.9,38.1,39.0,38.6,35.7,28.4,26.8,27.2,26.4,27.4,28.5,29.6,29.1,681.7,685.3,689.5,692.0,691.5,688.5,682.4,674.2,673.6,683.0,698.0,710.1,715.2,714.5,712.6,710.6,709.9,649.5,643.1,638.6,635.0,633.3,640.7,648.3,657.2,666.8,677.0,639.1,633.2,626.8,620.9,637.4,636.2,635.8,639.2,643.4,649.0,646.0,646.6,648.1,646.8,646.3,657.5,660.0,664.0,670.5,664.4,660.5,654.8,644.4,640.8,642.0,644.2,653.2,666.5,654.9,647.6,645.0,644.0,646.8,652.6,643.8,644.6,647.4,662.4,647.2,644.4,643.9,0.592,0.19,-0.233,0.011,268.537,184.469,-6.641,9.446,-12.66,19.563,4.6,2.721,-4.538,2.821,4.127,-3.254,-0.114,0.979,0.291,-1.506,-0.664,-0.171,0.474,1.201,-1.012,-0.567,0.347,-0.344,-0.356,-0.421,0.097,-0.021,0.126,0.01,-0.095,-0.012,-0.023,-0.0,0.008,-0.005,0.69,0.24,0.0,1.06,0.0,0.0,0.02,0.0,0.0,0.25,0.0,0.0,0.0,0.0,0.0,0.0,0.0,0.0,1.0,0.0,1.0,0.0,0.0,0.0,0.0,0.0,0.0,0.0,0.0,0.0,0.0,0.0,0.0,1.0,0.0
PP133,g1,4904,0,0.975,0.191798,0.174972,-0.965711,0.04299,0.173679,-0.983864,0.12,0.177,245.2,246.5,249.7,252.9,254.2,253.1,249.7,246.5,240.9,242.9,245.7,249.2,252.7,255.4,257.2,255.1,252.1,248.9,245.7,242.9,248.3,249.7,251.1,251.7,251.1,249.7,248.3,247.7,282.7,283.6,286.3,289.3,290.8,289.9,287.2,283.9,279.6,281.6,284.2,287.5,290.4,292.5,293.7,292.6,290.7,288.2,285.1,282.0,285.4,286.7,287.9,288.3,287.6,286.3,285.1,284.7,160.3,157.0,155.6,156.9,160.2,163.7,164.8,163.5,161.8,159.9,158.7,158.1,158.7,160.2,162.3,163.5,163.9,164.1,163.9,163.2,161.7,162.3,161.7,160.3,158.9,158.3,158.9,160.3,159.3,156.1,154.7,155.8,158.8,162.0,163.5,162.6,161.6,159.4,157.8,156.9,157.3,158.4,160.2,161.6,162.5,162.9,162.9,162.6,160.6,161.1,160.5,159.1,157.7,157.2,157.9,159.3,-6.3,-4.6,-0.4,3.7,5.5,4.0,-0.4,-4.6,-12.0,-9.3,-5.6,-1.0,3.5,7.0,9.4,6.6,2.8,-1.5,-5.6,-9.3,-2.2,-0.4,1.4,2.2,1.4,-0.4,-2.2,-3.0,43.8,45.1,48.9,53.1,55.1,53.8,50.0,45.5,39.8,42.3,45.8,50.3,54.6,57.7,59.7,57.9,54.9,51.3,47.1,42.9,47.6,49.5,51.2,51.7,50.8,49.0,47.3,46.8,-35.6,-39.9,-41.7,-39.9,-35.7,-31.1,-29.6,-31.3,-33.9,-36.1,-37.5,-38.2,-37.5,-35.6,-33.0,-31.4,-30.7,-30.4,-30.8,-31.9,-33.7,-32.9,-33.7,-35.6,-37.4,-38.2,-37.4,-35.5,-37.8,-42.2,-44.3,-42.9,-38.7,-34.3,-32.3,-33.4,-34.7,-37.7,-39.9,-41.0,-40.7,-39.5,-37.3,-35.1,-33.8,-33.1,-33.0,-33.4,-36.2,-35.6,-36.5,-38.4,-40.2,-40.8,-39.9,-38.0,510.1,510.5,510.6,510.4,509.9,509.7,509.3,509.6,514.2,511.6,509.3,508.1,508.7,510.1,511.7,510.1,508.6,508.3,509.4,511.7,510.6,510.5,510.6,510.8,511.0,511.1,511.0,510.8,523.9,524.9,526.5,527.9,528.1,527.0,525.4,524.2,524.2,523.5,523.4,524.4,527.1,530.6,533.9,530.6,527.3,524.8,523.6,523.7,525.9,526.5,527.2,527.6,527.5,527.0,526.2,525.8,30.8,-4.5,653.5,0.187,-0.174,0.001,221.2,221.8,223.6,226.4,231.2,238.6,247.5,258.0,268.5,277.1,283.2,288.8,293.6,297.1,299.4,301.1,301.5,231.4,237.9,246.6,255.3,263.1,278.2,284.7,291.1,297.3,301.0,271.0,272.1,273.3,274.4,263.1,267.6,272.2,276.2,279.6,240.8,246.0,252.3,257.3,252.1,245.9,279.6,284.5,290.1,293.8,290.6,285.1,254.0,261.6,267.9,271.5,275.3,279.8,283.4,279.8,275.4,271.4,267.3,261.1,257.0,267.5,271.3,275.1,281.2,275.1,271.3,267.4,161.5,173.3,185.0,196.2,206.7,215.7,223.1,228.5,229.6,227.3,220.8,212.7,203.5,193.4,182.7,171.8,160.6,153.8,148.9,147.7,148.9,151.7,151.1,147.9,146.4,147.1,151.4,160.1,167.9,175.7,183.7,188.9,190.3,191.5,190.1,188.4,161.7,158.6,158.6,162.4,163.9,164.1,161.7,157.5,157.4,160.1,162.6,162.9,204.5,201.9,200.2,201.2,200.0,201.4,203.4,208.5,210.7,211.4,211.1,209.3,204.7,204.0,204.2,203.6,203.9,204.9,205.6,205.3,-50.3,-49.5,-46.6,-41.9,-33.2,-20.1,-4.3,13.8,31.8,47.3,59.4,70.5,79.8,86.1,90.1,92.9,93.5,-30.9,-19.8,-5.5,8.6,21.3,46.2,57.6,69.1,80.6,88.4,34.3,35.8,37.3,38.9,21.4,28.7,36.1,42.9,48.7,-15.3,-6.6,3.7,12.2,3.5,-6.8,49.8,58.3,68.1,75.2,69.1,59.4,6.7,19.1,29.3,35.4,41.7,49.7,56.9,50.0,42.2,35.3,28.5,18.4,11.7,28.8,35.1,41.5,53.0,41.5,35.1,28.7,-45.3,-24.9,-4.5,15.4,33.9,49.7,62.2,70.8,72.6,69.6,59.5,45.8,29.3,10.7,-8.7,-28.6,-48.8,-55.9,-63.4,-65.1,-62.7,-58.0,-59.7,-65.7,-69.1,-68.8,-62.6,-44.8,-31.7,-18.9,-6.1,2.3,4.6,6.5,4.3,1.4,-42.9,-47.8,-47.8,-41.6,-39.1,-38.7,-43.4,-50.6,-51.2,-47.0,-42.3,-41.6,28.5,23.7,20.9,22.6,20.6,23.2,27.0,35.2,38.5,39.4,39.0,36.0,28.7,27.1,27.6,26.7,27.7,28.9,29.9,29.4,681.4,685.1,689.4,692.0,691.6,688.6,682.4,674.3,673.7,683.0,698.0,710.1,715.0,714.2,712.1,710.0,709.2,649.0,642.7,638.3,634.7,633.1,640.3,647.8,656.7,666.2,676.4,638.9,633.0,626.6,620.7,637.3,636.0,635.7,639.1,643.2,648.9,645.8,646.3,647.9,646.6,646.2,657.3,659.6,663.7,670.1,664.1,660.1,654.7,644.1,640.5,641.8,644.0,652.9,666.2,654.7,647.5,644.8,643.9,646.7,652.4,643.7,644.4,647.2,662.2,647.0,644.2,643.7,0.593,0.193,-0.231,0.011,268.341,184.636,-6.95,9.638,-12.941,19.755,4.029,2.529,-4.208,3.244,3.768,-3.466,0.237,0.925,-0.135,-1.587,-0.681,-0.277,0.399,1.096,-0.876,-0.622,0.388,-0.292,-0.327,-0.351,0.16,0.025,0.124,0.009,-0.096,-0.022,-0.022,-0.009,0.009,-0.004,0.35,0.0,0.0,0.72,0.0,0.0,0.0,0.0,0.0,0.27,0.0,0.0,0.0,0.0,0.0,0.0,0.0,0.0,1.0,0.0,1.0,0.0,0.0,0.0,0.0,0.0,0.0,0.0,0.0,0.0,0.0,0.0,0.0,1.0,0.0
PP133,g1,4910,0,0.975,0.192022,0.173567,-0.96592,0.042533,0.172536,-0.984084,0.12,0.176,245.1,246.4,249.6,252.8,254.1,253.0,249.6,246.4,240.8,242.8,245.6,249.1,252.6,255.3,257.1,255.0,252.0,248.8,245.6,242.8,248.2,249.6,251.0,251.6,251.0,249.6,248.2,247.6,282.6,283.5,286.3,289.3,290.7,289.9,287.1,283.9,279.6,281.5,284.2,287.5,290.4,292.4,293.7,292.6,290.7,288.1,285.1,282.0,285.3,286.7,287.9,288.3,287.6,286.3,285.1,284.7,160.6,157.3,155.9,157.2,160.5,164.0,165.1,163.8,162.1,160.2,159.0,158.4,159.0,160.5,162.6,163.8,164.2,164.4,164.2,163.5,162.0,162.6,162.0,160.6,159.2,158.6,159.2,160.6,159.6,156.4,154.9,156.1,159.1,162.3,163.8,162.9,161.9,159.7,158.0,157.2,157.6,158.7,160.4,161.9,162.7,163.2,163.1,162.9,160.9,161.4,160.7,159.3,158.0,157.5,158.2,159.6,-6.4,-4.7,-0.6,3.6,5.4,3.9,-0.5,-4.7,-12.1,-9.4,-5.7,-1.1,3.4,6.9,9.3,6.5,2.7,-1.6,-5.7,-9.4,-2.3,-0.5,1.3,2.1,1.3,-0.5,-2.4,-3.1,43.7,45.0,48.8,53.0,55.1,53.7,49.9,45.4,39.7,42.2,45.7,50.3,54.5,57.6,59.6,57.8,54.9,51.2,47.0,42.9,47.6,49.4,51.1,51.6,50.7,48.9,47.2,46.7,-35.1,-39.4,-41.2,-39.5,-35.2,-30.6,-29.1,-30.9,-33.4,-35.7,-37.1,-37.8,-37.0,-35.2,-32.6,-30.9,-30.3,-30.0,-30.3,-31.4,-33.2,-32.5,-33.3,-35.1,-37.0,-37.8,-37.0,-35.1,-37.4,-41.8,-43.9,-42.5,-38.3,-33.9,-31.9,-33.0,-34.4,-37.3,-39.5,-40.6,-40.3,-39.1,-36.9,-34.7,-33.4,-32.7,-32.6,-33.0,-35.8,-35.2,-36.1,-38.0,-39.8,-40.4,-39.5,-37.6,509.3,509.7,509.8,509.6,509.1,508.9,508.5,508.8,513.4,510.8,508.5,507.3,507.9,509.3,510.9,509.3,507.8,507.5,508.6,510.9,509.8,509.7,509.8,510.0,510.2,510.3,510.2,510.0,523.5,524.5,526.2,527.5,527.7,526.7,525.0,523.9,523.9,523.2,523.0,524.1,526.7,530.2,533.6,530.3,526.9,524.5,523.3,523.4,525.5,526.1,526.8,527.3,527.2,526.6,525.9,525.5,30.7,-4.1,653.9,0.185,-0.173,-0.001,221.1,221.7,223.6,226.4,231.3,238.7,247.6,258.1,268.5,277.1,283.3,288.8,293.6,297.1,299.4,301.1,301.4,231.2,237.7,246.4,255.1,262.9,278.2,284.8,291.1,297.2,301.0,270.9,272.0,273.2,274.4,263.1,267.6,272.2,276.2,279.6,240.7,245.9,252.2,257.3,252.0,245.8,279.6,284.5,290.0,293.8,290.6,285.1,253.9,261.5,267.9,271.5,275.3,279.7,283.4,279.8,275.4,271.4,267.3,261.1,256.9,267.5,271.3,275.1,281.2,275.1,271.3,267.4,161.9,173.7,185.3,196.5,207.0,216.0,223.3,228.6,229.7,227.4,220.9,212.8,203.6,193.5,182.9,172.0,160.9,154.1,149.2,147.9,149.1,151.9,151.2,148.1,146.6,147.4,151.6,160.4,168.2,175.9,183.9,189.1,190.5,191.7,190.3,188.6,162.0,158.9,158.9,162.7,164.2,164.4,162.0,157.8,157.6,160.4,162.9,163.2,204.7,202.1,200.4,201.4,200.2,201.6,203.5,208.7,210.9,211.6,211.3,209.5,204.9,204.2,204.4,203.8,204.0,205.1,205.8,205.5,-50.4,-49.6,-46.6,-41.8,-33.1,-20.0,-4.1,13.9,32.0,47.4,59.5,70.6,79.9,86.2,90.1,92.8,93.5,-31.3,-20.2,-5.9,8.3,21.0,46.3,57.7,69.2,80.6,88.4,34.3,35.7,37.3,38.8,21.3,28.7,36.1,42.9,48.8,-15.5,-6.7,3.6,12.1,3.4,-7.0,49.8,58.3,68.1,75.2,69.1,59.3,6.6,19.0,29.3,35.4,41.7,49.7,56.9,50.0,42.2,35.3,28.5,18.4,11.6,28.8,35.1,41.5,53.0,41.6,35.1,28.7,-44.8,-24.3,-3.9,15.9,34.5,50.2,62.6,71.0,72.8,69.7,59.7,45.9,29.5,10.9,-8.4,-28.3,-48.4,-55.5,-63.1,-64.8,-62.5,-57.8,-59.5,-65.4,-68.8,-68.5,-62.3,-44.4,-31.4,-18.6,-5.8,2.6,4.9,6.8,4.6,1.8,-42.4,-47.3,-47.3,-41.1,-38.6,-38.3,-42.9,-50.2,-50.8,-46.6,-41.9,-41.2,28.9,24.1,21.2,22.9,20.9,23.5,27.4,35.5,38.9,39.7,39.3,36.4,29.1,27.5,27.9,27.0,28.1,29.2,30.2,29.7,682.1,685.7,690.0,692.5,692.0,689.0,682.8,674.6,674.0,683.3,698.3,710.4,715.3,714.3,712.3,710.3,709.6,649.5,643.2,638.7,635.0,633.3,640.8,648.4,657.3,666.8,676.9,639.3,633.3,626.9,621.0,637.6,636.4,636.0,639.4,643.5,649.3,646.2,646.7,648.3,647.0,646.6,657.7,660.2,664.2,670.7,664.6,660.7,655.1,644.5,640.8,642.1,644.3,653.3,666.7,655.1,647.7,645.1,644.1,647.0,652.8,644.0,644.7,647.5,662.6,647.3,644.5,643.9,0.592,0.191,-0.23,0.009,268.314,184.85,-6.666,10.147,-12.87,19.622,4.515,2.237,-5.002,3.383,3.75,-3.437,0.049,1.067,0.143,-1.693,-0.664,-0.319,0.55,0.985,-1.039,-0.665,0.401,-0.347,-0.423,-0.49,0.16,0.051,0.105,0.024,-0.097,-0.02,-0.016,-0.009,0.007,-0.005,0.42,0.07,0.0,1.01,0.0,0.0,0.04,0.0,0.0,0.27,0.0,0.0,0.0,0.0,0.0,0.0,0.0,0.0,1.0,0.0,1.0,0.0,0.0,0.0,0.0,0.0,0.0,0.0,0.0,0.0,0.0,0.0,0.0,1.0,0.0
PP133,g1,4916,0,0.975,0.193175,0.175729,-0.965299,0.043974,0.174657,-0.983647,0.121,0.178,245.2,246.5,249.7,252.9,254.2,253.1,249.7,246.5,240.9,242.9,245.7,249.2,252.8,255.4,257.2,255.1,252.1,248.9,245.8,243.0,248.3,249.7,251.1,251.7,251.1,249.7,248.3,247.7,282.7,283.6,286.3,289.3,290.8,289.9,287.2,283.9,279.7,281.6,284.2,287.5,290.5,292.5,293.7,292.6,290.7,288.2,285.2,282.1,285.4,286.7,287.9,288.3,287.7,286.4,285.2,284.8,160.4,157.1,155.8,157.1,160.3,163.8,165.0,163.6,161.9,160.1,158.8,158.2,158.9,160.3,162.4,163.6,164.1,164.3,164.0,163.3,161.9,162.5,161.9,160.4,159.0,158.4,159.0,160.5,159.5,156.3,154.8,155.9,159.0,162.2,163.7,162.8,161.8,159.5,157.9,157.1,157.5,158.6,160.3,161.8,162.6,163.0,163.0,162.8,160.8,161.3,160.6,159.2,157.9,157.4,158.0,159.4,-6.3,-4.6,-0.4,3.8,5.5,4.1,-0.4,-4.5,-11.9,-9.3,-5.5,-1.0,3.6,7.0,9.5,6.7,2.8,-1.4,-5.5,-9.2,-2.2,-0.4,1.5,2.2,1.4,-0.4,-2.2,-2.9,43.9,45.1,49.0,53.1,55.2,53.9,50.0,45.5,39.8,42.3,45.9,50.4,54.6,57.7,59.8,57.9,55.0,51.3,47.2,43.0,47.7,49.5,51.2,51.8,50.9,49.0,47.4,46.8,-35.4,-39.7,-41.5,-39.7,-35.4,-30.8,-29.4,-31.1,-33.7,-35.9,-37.3,-38.0,-37.3,-35.4,-32.8,-31.2,-30.5,-30.2,-30.6,-31.6,-33.5,-32.7,-33.5,-35.4,-37.2,-38.0,-37.2,-35.3,-37.6,-42.0,-44.1,-42.6,-38.5,-34.1,-32.1,-33.2,-34.5,-37.5,-39.6,-40.8,-40.5,-39.3,-37.1,-34.9,-33.6,-32.9,-32.8,-33.2,-36.0,-35.4,-36.3,-38.2,-40.0,-40.6,-39.7,-37.8,509.7,510.1,510.3,510.0,509.5,509.3,509.0,509.2,513.9,511.3,508.9,507.8,508.3,509.7,511.4,509.8,508.3,507.9,509.1,511.3,510.3,510.2,510.2,510.4,510.6,510.7,510.7,510.5,523.8,524.8,526.5,527.8,528.0,527.0,525.4,524.2,524.2,523.5,523.3,524.4,527.1,530.6,533.9,530.6,527.3,524.8,523.6,523.7,525.8,526.4,527.1,527.6,527.5,526.9,526.2,525.8,30.8,-4.4,653.9,0.189,-0.176,0.002,221.2,221.8,223.6,226.3,231.2,238.5,247.5,257.9,268.4,277.0,283.2,288.7,293.5,297.0,299.4,301.1,301.5,231.4,237.9,246.5,255.2,263.0,278.4,284.9,291.3,297.3,301.1,271.0,272.1,273.3,274.5,263.1,267.7,272.2,276.2,279.6,240.8,246.1,252.3,257.4,252.2,245.9,279.6,284.6,290.1,293.9,290.7,285.2,254.0,261.6,267.9,271.6,275.3,279.8,283.4,279.9,275.5,271.4,267.3,261.1,257.0,267.5,271.3,275.1,281.3,275.1,271.3,267.4,161.6,173.4,185.0,196.1,206.6,215.6,223.0,228.5,229.6,227.3,220.8,212.7,203.5,193.4,182.8,171.8,160.7,154.0,149.1,147.8,149.0,151.8,151.1,148.0,146.5,147.3,151.5,160.3,168.1,175.8,183.8,189.0,190.4,191.6,190.2,188.5,161.8,158.7,158.8,162.6,164.0,164.2,161.9,157.7,157.5,160.2,162.8,163.0,204.6,202.0,200.3,201.3,200.1,201.5,203.4,208.6,210.8,211.5,211.2,209.4,204.8,204.1,204.3,203.7,203.9,205.0,205.7,205.4,-50.2,-49.5,-46.6,-41.9,-33.3,-20.3,-4.4,13.7,31.8,47.3,59.3,70.4,79.7,86.1,90.1,92.9,93.5,-31.0,-19.9,-5.7,8.5,21.1,46.6,57.9,69.4,80.8,88.5,34.4,35.9,37.4,39.0,21.5,28.8,36.2,42.9,48.8,-15.3,-6.5,3.8,12.2,3.6,-6.8,49.9,58.4,68.2,75.3,69.2,59.4,6.7,19.1,29.4,35.4,41.8,49.8,57.0,50.1,42.3,35.4,28.6,18.4,11.7,28.9,35.2,41.6,53.0,41.6,35.1,28.7,-45.1,-24.8,-4.5,15.2,33.8,49.6,62.1,70.8,72.6,69.6,59.5,45.8,29.3,10.8,-8.6,-28.5,-48.7,-55.7,-63.2,-64.9,-62.6,-57.9,-59.6,-65.5,-68.9,-68.6,-62.4,-44.5,-31.5,-18.7,-5.9,2.5,4.8,6.7,4.5,1.6,-42.6,-47.5,-47.6,-41.4,-38.8,-38.5,-43.1,-50.4,-51.0,-46.8,-42.1,-41.4,28.6,23.9,21.1,22.7,20.7,23.4,27.2,35.4,38.7,39.6,39.2,36.2,28.9,27.3,27.7,26.9,27.9,29.1,30.1,29.6,681.5,685.2,689.4,692.1,691.7,688.8,682.8,674.7,674.1,683.4,698.5,710.6,715.6,714.7,712.6,710.5,709.7,649.1,642.8,638.4,634.8,633.1,640.6,648.2,657.1,666.6,676.8,639.1,633.2,626.8,621.0,637.5,636.4,636.0,639.4,643.6,649.0,645.9,646.5,648.1,646.8,646.3,657.6,660.0,664.1,670.6,664.5,660.5,655.0,644.5,640.8,642.1,644.3,653.3,666.7,655.2,647.8,645.2,644.2,647.0,652.7,644.0,644.8,647.6,662.7,647.4,644.6,644.0,0.592,0.195,-0.234,0.013,268.354,184.721,-6.616,9.394,-12.887,19.564,4.216,2.187,-4.857,3.526,3.94,-3.359,-0.055,1.012,0.191,-1.736,-0.501,-0.282,0.501,1.076,-0.926,-0.749,0.392,-0.319,-0.461,-0.443,0.167,0.016,0.126,0.017,-0.096,-0.015,-0.024,-0.005,0.009,-0.005,0.51,0.15,0.0,1.14,0.0,0.0,0.03,0.0,0.0,0.26,0.0,0.0,0.0,0.0,0.0,0.0,0.0,0.0,1.0,0.0,1.0,0.0,0.0,0.0,0.0,0.0,0.0,0.0,0.0,0.0,0.0,0.0,0.0,1.0,0.0
PP133,g1,4922,0,0.975,0.190989,0.174159,-0.966018,0.041435,0.172908,-0.984066,0.119,0.176,244.9,246.2,249.4,252.6,253.9,252.8,249.4,246.2,240.6,242.6,245.4,248.9,252.4,255.1,256.9,254.8,251.8,248.6,245.4,242.7,248.0,249.4,250.8,251.4,250.8,249.4,248.0,247.4,282.4,283.3,286.1,289.1,290.6,289.7,286.9,283.7,279.4,281.3,284.0,287.3,290.2,292.3,293.5,292.4,290.5,287.9,284.9,281.8,285.2,286.5,287.7,288.1,287.4,286.1,284.9,284.5,160.5,157.2,155.9,157.2,160.4,164.0,165.1,163.8,162.0,160.2,159.0,158.4,159.0,160.5,162.6,163.7,164.2,164.4,164.2,163.4,162.0,162.6,162.0,160.5,159.1,158.6,159.2,160.6,159.6,156.4,154.9,156.1,159.1,162.3,163.8,162.9,161.9,159.7,158.0,157.2,157.6,158.7,160.5,161.9,162.8,163.2,163.1,162.9,160.9,161.4,160.8,159.4,158.0,157.5,158.2,159.6,-6.7,-5.0,-0.8,3.4,5.1,3.7,-0.8,-4.9,-12.3,-9.7,-5.9,-1.4,3.2,6.6,9.1,6.3,2.4,-1.8,-5.9,-9.6,-2.6,-0.8,1.1,1.8,1.0,-0.8,-2.6,-3.4,43.5,44.8,48.6,52.8,54.8,53.5,49.6,45.2,39.5,42.0,45.5,50.0,54.2,57.4,59.4,57.6,54.6,50.9,46.8,42.6,47.3,49.1,50.8,51.4,50.5,48.7,47.0,46.4,-35.2,-39.5,-41.3,-39.6,-35.3,-30.7,-29.2,-31.0,-33.5,-35.8,-37.2,-37.9,-37.1,-35.3,-32.7,-31.0,-30.4,-30.1,-30.5,-31.5,-33.3,-32.6,-33.4,-35.2,-37.1,-37.9,-37.1,-35.2,-37.4,-41.8,-43.9,-42.5,-38.3,-34.0,-31.9,-33.0,-34.4,-37.3,-39.5,-40.7,-40.3,-39.1,-37.0,-34.7,-33.4,-32.7,-32.7,-33.0,-35.8,-35.2,-36.1,-38.0,-39.8,-40.4,-39.5,-37.6,510.1,510.6,510.7,510.4,510.0,509.8,509.4,509.7,514.3,511.7,509.3,508.2,508.7,510.2,511.8,510.2,508.7,508.4,509.5,511.7,510.7,510.6,510.6,510.8,511.0,511.1,511.1,510.9,523.9,524.9,526.5,527.8,528.0,527.0,525.4,524.2,524.3,523.5,523.4,524.4,527.1,530.6,533.9,530.6,527.3,524.8,523.6,523.7,525.9,526.5,527.2,527.6,527.5,527.0,526.2,525.8,30.4,-4.2,654.2,0.186,-0.172,0.001,221.0,221.6,223.4,226.2,231.0,238.3,247.3,257.7,268.2,276.8,283.0,288.6,293.4,296.9,299.2,300.9,301.3,231.0,237.5,246.2,254.9,262.7,278.0,284.6,290.9,297.1,300.8,270.7,271.8,273.0,274.1,262.8,267.3,271.9,275.9,279.3,240.5,245.7,252.0,257.1,251.8,245.6,279.4,284.3,289.8,293.6,290.4,284.9,253.7,261.2,267.5,271.2,275.0,279.5,283.1,279.5,275.1,271.1,267.0,260.8,256.7,267.2,271.0,274.8,281.0,274.8,270.9,267.1,161.8,173.5,185.1,196.3,206.8,215.8,223.2,228.6,229.6,227.4,220.9,212.8,203.6,193.5,182.9,172.0,160.9,154.1,149.2,147.8,149.1,151.9,151.2,148.1,146.6,147.4,151.6,160.4,168.2,175.9,183.9,189.1,190.5,191.7,190.3,188.6,161.9,158.9,158.9,162.7,164.1,164.3,162.0,157.8,157.7,160.4,162.9,163.2,204.6,202.0,200.4,201.4,200.1,201.5,203.5,208.6,210.9,211.5,211.3,209.4,204.8,204.1,204.4,203.8,204.0,205.1,205.8,205.5,-50.7,-49.9,-47.0,-42.2,-33.7,-20.6,-4.7,13.3,31.4,47.0,59.1,70.2,79.6,85.9,89.8,92.6,93.3,-31.6,-20.5,-6.2,7.9,20.6,46.0,57.4,68.9,80.4,88.1,33.9,35.3,36.9,38.4,20.9,28.3,35.7,42.4,48.3,-15.8,-7.0,3.3,11.7,3.0,-7.3,49.5,58.0,67.8,74.9,68.8,59.0,6.1,18.6,28.8,34.9,41.2,49.3,56.5,49.6,41.7,34.8,28.0,17.9,11.1,28.3,34.6,41.1,52.5,41.1,34.6,28.2,-44.9,-24.5,-4.2,15.6,34.1,49.9,62.4,71.0,72.7,69.7,59.7,46.0,29.5,11.0,-8.3,-28.2,-48.3,-55.6,-63.2,-64.9,-62.5,-57.8,-59.5,-65.4,-68.8,-68.5,-62.2,-44.4,-31.4,-18.6,-5.8,2.6,4.9,6.8,4.6,1.8,-42.5,-47.4,-47.4,-41.2,-38.7,-38.4,-43.0,-50.2,-50.8,-46.6,-41.9,-41.2,28.7,24.0,21.2,22.8,20.9,23.5,27.3,35.4,38.7,39.6,39.2,36.3,29.0,27.4,27.8,27.0,28.0,29.1,30.1,29.6,682.5,686.2,690.4,692.9,692.4,689.4,683.2,675.0,674.3,683.6,698.6,710.7,715.6,714.7,712.6,710.6,709.9,650.0,643.7,639.1,635.4,633.7,641.1,648.6,657.5,667.0,677.1,639.6,633.7,627.3,621.4,638.0,636.8,636.4,639.8,643.9,649.7,646.7,647.1,648.6,647.4,647.0,658.0,660.4,664.4,670.9,664.9,660.9,655.4,644.9,641.2,642.5,644.6,653.6,667.0,655.3,648.0,645.4,644.5,647.3,653.1,644.3,645.1,647.8,662.9,647.7,644.9,644.3,0.592,0.192,-0.228,0.011,268.07,184.814,-6.588,9.732,-12.943,19.391,4.357,2.291,-4.937,3.385,3.763,-3.301,-0.066,1.07,0.121,-1.583,-0.489,-0.333,0.483,1.16,-1.089,-0.657,0.346,-0.313,-0.367,-0.509,0.161,0.017,0.119,0.025,-0.095,-0.019,-0.018,-0.007,0.009,-0.007,0.47,0.04,0.0,0.98,0.0,0.0,0.0,0.0,0.0,0.32,0.0,0.0,0.0,0.0,0.0,0.0,0.0,1.0,1.0,0.0,1.0,0.0,0.0,0.0,0.0,0.0,0.0,0.0,0.0,0.0,0.0,0.0,0.0,1.0,0.0
PP133,g1,4928,0,0.975,0.192849,0.179408,-0.964688,0.041629,0.178684,-0.983026,0.12,0.182,245.1,246.4,249.6,252.7,254.1,253.0,249.6,246.5,240.9,242.9,245.7,249.1,252.6,255.2,257.0,255.0,252.0,248.8,245.7,242.9,248.2,249.6,251.0,251.6,251.0,249.6,248.2,247.7,282.4,283.3,286.0,289.0,290.5,289.6,286.9,283.6,279.4,281.3,284.0,287.2,290.1,292.2,293.4,292.3,290.4,287.9,284.9,281.8,285.1,286.4,287.6,288.0,287.4,286.1,284.9,284.5,161.1,157.9,156.5,157.8,161.0,164.5,165.6,164.3,162.6,160.8,159.6,159.0,159.6,161.1,163.1,164.3,164.7,164.9,164.7,164.0,162.6,163.1,162.6,161.1,159.7,159.2,159.8,161.2,160.2,157.0,155.5,156.7,159.7,162.9,164.3,163.4,162.4,160.2,158.6,157.8,158.2,159.3,161.0,162.4,163.3,163.7,163.6,163.4,161.4,161.9,161.3,159.9,158.6,158.1,158.7,160.1,-6.4,-4.7,-0.6,3.6,5.4,4.0,-0.5,-4.7,-12.1,-9.5,-5.7,-1.1,3.4,6.9,9.3,6.5,2.7,-1.5,-5.7,-9.4,-2.3,-0.5,1.3,2.1,1.3,-0.5,-2.3,-3.1,44.0,45.3,49.2,53.3,55.4,54.0,50.2,45.7,40.0,42.5,46.0,50.6,54.8,58.0,60.0,58.1,55.2,51.5,47.3,43.1,47.9,49.7,51.4,51.9,51.1,49.2,47.5,47.0,-34.8,-39.1,-40.9,-39.2,-34.9,-30.3,-28.8,-30.6,-33.1,-35.3,-36.7,-37.4,-36.7,-34.9,-32.3,-30.7,-30.0,-29.7,-30.0,-31.1,-32.9,-32.2,-33.0,-34.8,-36.7,-37.5,-36.7,-34.8,-37.1,-41.5,-43.6,-42.2,-38.0,-33.6,-31.6,-32.7,-34.1,-37.0,-39.1,-40.3,-39.9,-38.8,-36.7,-34.5,-33.1,-32.4,-32.4,-32.7,-35.5,-34.9,-35.8,-37.7,-39.5,-40.1,-39.2,-37.3,515.5,515.9,516.0,515.8,515.3,515.2,514.8,515.0,519.6,517.0,514.7,513.5,514.1,515.6,517.2,515.6,514.1,513.7,514.8,517.0,516.0,515.9,516.0,516.2,516.4,516.5,516.4,516.2,530.2,531.2,532.8,534.1,534.3,533.3,531.7,530.5,530.6,529.8,529.7,530.7,533.3,536.8,540.2,536.9,533.6,531.1,530.0,530.1,532.2,532.8,533.5,533.9,533.8,533.2,532.5,532.1,30.7,-3.7,656.8,0.187,-0.173,-0.0,221.1,221.7,223.5,226.3,231.1,238.5,247.5,257.9,268.4,277.0,283.2,288.8,293.6,297.0,299.3,300.9,301.3,231.4,237.8,246.4,255.1,262.9,278.1,284.5,290.9,296.9,300.7,270.8,271.9,273.0,274.2,262.9,267.5,272.0,276.0,279.4,240.8,246.0,252.2,257.2,252.0,245.8,279.4,284.3,289.8,293.5,290.3,284.9,253.9,261.4,267.7,271.4,275.1,279.6,283.2,279.7,275.3,271.2,267.2,261.0,256.9,267.3,271.1,274.9,281.1,274.9,271.1,267.3,162.1,173.8,185.4,196.5,207.0,216.0,223.4,228.7,229.8,227.5,221.0,212.9,203.7,193.6,183.1,172.3,161.2,154.5,149.6,148.2,149.5,152.3,151.6,148.5,147.0,147.7,151.9,160.9,168.6,176.2,184.1,189.4,190.8,191.9,190.5,188.8,162.5,159.5,159.5,163.2,164.7,164.9,162.5,158.4,158.3,160.9,163.4,163.7,204.9,202.3,200.6,201.6,200.4,201.8,203.7,208.9,211.1,211.7,211.5,209.7,205.1,204.3,204.6,204.0,204.2,205.3,206.0,205.7,-50.6,-49.9,-47.0,-42.3,-33.6,-20.4,-4.5,13.7,31.9,47.5,59.7,70.9,80.2,86.4,90.2,92.9,93.6,-31.1,-20.1,-5.9,8.3,21.0,46.2,57.6,69.1,80.5,88.2,34.2,35.6,37.2,38.7,21.2,28.6,36.0,42.7,48.6,-15.4,-6.7,3.6,12.0,3.4,-6.9,49.7,58.2,67.9,75.1,68.9,59.2,6.5,18.9,29.2,35.3,41.6,49.7,56.9,50.0,42.1,35.2,28.4,18.3,11.5,28.7,35.0,41.5,52.9,41.5,35.0,28.6,-44.5,-24.1,-3.7,16.1,34.7,50.5,62.9,71.5,73.3,70.2,60.1,46.3,29.8,11.3,-8.0,-27.8,-47.9,-55.1,-62.7,-64.5,-62.1,-57.4,-59.1,-65.0,-68.4,-68.1,-61.9,-43.8,-30.9,-18.2,-5.5,3.1,5.4,7.2,5.0,2.2,-41.7,-46.5,-46.5,-40.5,-38.0,-37.6,-42.3,-49.4,-49.9,-45.8,-41.2,-40.5,29.3,24.5,21.6,23.3,21.3,23.9,27.8,36.0,39.3,40.2,39.8,36.9,29.5,27.9,28.3,27.5,28.5,29.7,30.7,30.2,685.0,688.7,693.0,695.6,695.1,692.0,685.8,677.7,677.2,686.5,701.5,713.5,718.3,717.2,715.0,713.0,712.4,652.2,646.1,641.5,637.9,636.3,643.5,651.1,660.0,669.5,679.6,642.3,636.4,630.1,624.3,640.8,639.6,639.3,642.6,646.7,652.2,649.1,649.6,651.2,649.9,649.5,660.6,663.0,667.0,673.5,667.5,663.5,658.0,647.4,643.8,645.1,647.3,656.2,669.7,658.1,650.7,648.1,647.1,649.9,655.7,646.9,647.7,650.5,665.6,650.4,647.5,646.9,0.59,0.194,-0.229,0.01,268.184,185.129,-6.781,10.236,-13.338,18.649,3.882,1.463,-4.743,3.417,3.162,-3.184,-0.591,0.857,-0.292,-1.694,-0.648,-0.283,0.163,0.91,-1.331,-0.79,0.452,-0.34,-0.224,-0.556,0.131,0.082,0.081,0.012,-0.097,-0.02,-0.022,-0.01,0.004,-0.004,0.62,0.25,0.0,0.73,0.0,0.0,0.0,0.0,0.0,0.41,0.0,0.0,0.0,0.0,0.0,0.0,0.0,1.0,1.0,0.0,1.0,0.0,0.0,0.0,0.0,0.0,0.0,0.0,0.0,0.0,0.0,0.0,0.0,1.0,0.0
PP133,g1,4934,0,0.975,0.19385,0.179557,-0.964459,0.042386,0.178201,-0.983081,0.121,0.182,245.3,246.6,249.8,252.9,254.2,253.2,249.8,246.6,241.1,243.0,245.9,249.3,252.8,255.4,257.2,255.1,252.2,249.0,245.9,243.1,248.4,249.8,251.2,251.7,251.2,249.8,248.4,247.8,282.6,283.5,286.2,289.2,290.7,289.7,287.0,283.8,279.6,281.5,284.1,287.4,290.3,292.3,293.5,292.4,290.5,288.0,285.0,281.9,285.3,286.6,287.8,288.2,287.5,286.2,285.0,284.7,161.1,157.9,156.6,157.9,161.1,164.6,165.7,164.4,162.6,160.8,159.6,159.1,159.7,161.1,163.2,164.3,164.8,165.0,164.7,164.0,162.6,163.2,162.6,161.2,159.8,159.2,159.8,161.2,160.3,157.2,155.7,156.9,159.9,163.1,164.5,163.6,162.5,160.4,158.8,158.0,158.4,159.5,161.2,162.6,163.5,163.9,163.8,163.5,161.6,162.1,161.5,160.1,158.8,158.3,158.9,160.3,-6.2,-4.5,-0.3,3.9,5.6,4.2,-0.3,-4.4,-11.9,-9.2,-5.4,-0.9,3.7,7.1,9.5,6.8,2.9,-1.3,-5.5,-9.2,-2.1,-0.3,1.5,2.3,1.5,-0.3,-2.1,-2.9,44.2,45.5,49.4,53.6,55.6,54.2,50.3,45.9,40.2,42.7,46.2,50.8,55.0,58.2,60.2,58.3,55.3,51.7,47.5,43.3,48.0,49.9,51.6,52.1,51.3,49.4,47.7,47.2,-34.8,-39.1,-40.9,-39.1,-34.8,-30.2,-28.7,-30.5,-33.1,-35.3,-36.7,-37.4,-36.6,-34.8,-32.2,-30.6,-29.9,-29.6,-30.0,-31.1,-32.9,-32.1,-32.9,-34.8,-36.6,-37.4,-36.6,-34.7,-36.9,-41.2,-43.3,-41.9,-37.7,-33.3,-31.3,-32.4,-33.9,-36.7,-38.9,-40.0,-39.7,-38.5,-36.3,-34.2,-32.8,-32.1,-32.1,-32.5,-35.2,-34.6,-35.5,-37.4,-39.2,-39.9,-39.0,-37.0,515.1,515.5,515.7,515.5,515.0,514.9,514.5,514.7,519.3,516.7,514.3,513.2,513.8,515.3,516.9,515.3,513.8,513.4,514.5,516.7,515.7,515.6,515.7,515.9,516.1,516.2,516.1,515.9,529.8,530.8,532.4,533.7,533.9,532.9,531.3,530.1,530.2,529.4,529.3,530.3,533.0,536.5,539.8,536.5,533.2,530.7,529.6,529.7,531.8,532.4,533.1,533.5,533.4,532.9,532.2,531.7,30.8,-3.6,656.8,0.187,-0.174,0.003,221.2,221.7,223.5,226.2,231.0,238.4,247.4,257.8,268.3,276.9,283.1,288.7,293.6,297.0,299.3,300.9,301.4,231.4,237.9,246.6,255.3,263.1,278.3,284.8,291.2,297.2,300.9,271.0,272.1,273.2,274.4,263.0,267.6,272.1,276.1,279.5,240.9,246.2,252.3,257.4,252.2,246.0,279.5,284.5,290.0,293.7,290.5,285.0,253.8,261.4,267.7,271.4,275.2,279.6,283.2,279.7,275.3,271.2,267.2,261.0,256.8,267.4,271.1,274.9,281.1,274.9,271.1,267.3,162.0,173.7,185.3,196.4,206.9,215.9,223.3,228.7,229.7,227.4,220.9,212.9,203.8,193.7,183.2,172.4,161.4,154.6,149.6,148.2,149.4,152.3,151.7,148.6,147.1,148.0,152.2,161.0,168.7,176.3,184.1,189.4,190.8,192.0,190.6,188.9,162.5,159.5,159.6,163.3,164.7,164.9,162.7,158.6,158.5,161.1,163.6,163.8,204.8,202.3,200.6,201.6,200.4,201.8,203.7,208.9,211.1,211.7,211.5,209.6,205.0,204.3,204.6,204.0,204.2,205.4,206.0,205.8,-50.6,-49.8,-47.0,-42.4,-33.7,-20.5,-4.6,13.6,31.7,47.3,59.5,70.8,80.1,86.4,90.3,93.1,93.8,-31.0,-20.0,-5.7,8.6,21.4,46.6,58.0,69.6,81.0,88.6,34.5,35.9,37.4,38.9,21.4,28.7,36.1,42.9,48.8,-15.2,-6.4,3.9,12.3,3.6,-6.6,50.0,58.5,68.2,75.4,69.2,59.5,6.5,19.0,29.2,35.3,41.7,49.7,56.9,50.0,42.1,35.2,28.4,18.3,11.4,28.8,35.1,41.5,53.0,41.5,35.0,28.6,-44.7,-24.3,-3.9,15.9,34.5,50.3,62.8,71.4,73.2,70.2,60.1,46.4,30.0,11.5,-7.8,-27.5,-47.6,-55.0,-62.7,-64.5,-62.1,-57.3,-59.0,-64.9,-68.2,-67.8,-61.4,-43.6,-30.7,-18.1,-5.4,3.1,5.4,7.3,5.1,2.3,-41.7,-46.4,-46.4,-40.4,-37.9,-37.6,-42.0,-49.1,-49.6,-45.5,-40.8,-40.2,29.1,24.5,21.7,23.4,21.4,24.0,27.8,36.0,39.3,40.2,39.7,36.8,29.4,27.9,28.4,27.5,28.5,29.7,30.7,30.2,685.1,688.8,692.9,695.4,694.9,691.9,685.7,677.6,677.2,686.6,701.6,713.6,718.4,717.4,715.4,713.5,712.9,652.4,646.2,641.5,637.9,636.2,643.5,651.1,660.1,669.8,680.0,642.3,636.4,630.1,624.3,640.7,639.6,639.2,642.6,646.7,652.1,649.1,649.6,651.2,649.9,649.4,660.7,663.1,667.2,673.7,667.6,663.6,657.9,647.4,643.8,645.1,647.3,656.3,669.8,658.1,650.7,648.0,647.0,649.9,655.7,646.9,647.7,650.5,665.7,650.4,647.5,646.9,0.59,0.194,-0.231,0.014,268.259,185.169,-5.872,10.3,-12.938,18.32,4.362,1.351,-5.011,3.158,3.151,-3.005,-0.943,0.668,-0.166,-1.642,-0.628,-0.329,0.086,0.95,-1.355,-0.671,0.464,-0.372,-0.257,-0.536,0.107,0.054,0.086,0.008,-0.098,-0.022,-0.022,-0.008,0.005,-0.004,0.18,0.18,0.0,0.91,0.0,0.0,0.0,0.0,0.0,0.31,0.0,0.0,0.0,0.0,0.0,0.0,0.0,0.0,1.0,0.0,1.0,0.0,0.0,0.0,0.0,0.0,0.0,0.0,0.0,0.0,0.0,0.0,0.0,1.0,0.0
PP133,g1,4940,0,0.975,0.194099,0.176678,-0.964941,0.042728,0.175522,-0.983548,0.121,0.179,244.8,246.1,249.3,252.5,253.8,252.7,249.3,246.2,240.6,242.5,245.4,248.9,252.3,255.0,256.8,254.7,251.8,248.5,245.4,242.6,247.9,249.3,250.7,251.3,250.7,249.3,247.9,247.4,282.3,283.2,285.9,288.9,290.3,289.4,286.7,283.5,279.2,281.2,283.8,287.1,290.0,292.0,293.3,292.2,290.2,287.7,284.7,281.6,285.0,286.3,287.5,287.9,287.2,285.9,284.7,284.3,160.7,157.4,156.1,157.4,160.6,164.1,165.2,163.9,162.2,160.4,159.2,158.6,159.2,160.7,162.7,163.9,164.3,164.6,164.3,163.6,162.2,162.7,162.2,160.7,159.3,158.7,159.3,160.8,159.8,156.6,155.2,156.3,159.4,162.6,164.0,163.1,162.1,159.9,158.3,157.5,157.9,159.0,160.7,162.1,163.0,163.4,163.3,163.1,161.1,161.6,161.0,159.6,158.3,157.8,158.4,159.8,-6.8,-5.1,-0.9,3.3,5.0,3.6,-0.9,-5.0,-12.5,-9.8,-6.0,-1.5,3.1,6.5,8.9,6.2,2.3,-1.9,-6.0,-9.7,-2.7,-0.9,1.0,1.7,0.9,-0.9,-2.7,-3.5,43.6,44.9,48.7,52.9,54.9,53.6,49.7,45.3,39.5,42.1,45.6,50.1,54.4,57.5,59.5,57.7,54.7,51.0,46.9,42.7,47.4,49.2,50.9,51.5,50.6,48.8,47.1,46.5,-35.2,-39.5,-41.3,-39.5,-35.3,-30.7,-29.2,-30.9,-33.5,-35.7,-37.1,-37.8,-37.1,-35.2,-32.6,-31.0,-30.3,-30.0,-30.4,-31.5,-33.3,-32.5,-33.3,-35.2,-37.1,-37.8,-37.0,-35.2,-37.4,-41.8,-43.8,-42.4,-38.3,-33.9,-31.8,-32.9,-34.4,-37.3,-39.4,-40.6,-40.2,-39.0,-36.9,-34.7,-33.4,-32.7,-32.6,-33.0,-35.8,-35.1,-36.0,-38.0,-39.8,-40.4,-39.5,-37.6,512.9,513.3,513.5,513.2,512.8,512.6,512.2,512.4,517.0,514.5,512.1,511.0,511.6,513.0,514.7,513.0,511.5,511.2,512.3,514.5,513.5,513.4,513.4,513.6,513.8,513.9,513.9,513.7,527.7,528.7,530.3,531.6,531.8,530.8,529.2,528.0,528.1,527.3,527.2,528.2,530.9,534.4,537.7,534.4,531.1,528.6,527.5,527.6,529.7,530.3,531.0,531.4,531.3,530.8,530.1,529.6,30.2,-4.2,655.9,0.185,-0.174,0.002,220.8,221.3,223.1,225.9,230.8,238.2,247.2,257.6,268.0,276.6,282.8,288.4,293.2,296.7,299.0,300.7,301.1,231.0,237.5,246.2,254.9,262.7,277.9,284.4,290.8,296.9,300.6,270.6,271.7,272.9,274.0,262.7,267.2,271.7,275.7,279.1,240.4,245.7,251.9,256.9,251.7,245.5,279.2,284.1,289.6,293.4,290.2,284.7,253.5,261.1,267.4,271.1,274.8,279.3,282.9,279.3,274.9,270.9,266.8,260.6,256.5,267.0,270.8,274.6,280.8,274.6,270.8,266.9,161.8,173.6,185.2,196.4,206.8,215.8,223.1,228.5,229.5,227.2,220.7,212.7,203.6,193.5,183.0,172.1,161.1,154.1,149.2,147.9,149.1,151.9,151.3,148.2,146.7,147.5,151.7,160.5,168.2,175.9,183.8,189.1,190.5,191.6,190.3,188.6,162.1,159.1,159.1,162.8,164.3,164.5,162.2,158.1,157.9,160.6,163.1,163.4,204.5,202.0,200.3,201.3,200.1,201.5,203.5,208.6,210.8,211.4,211.2,209.3,204.7,204.0,204.3,203.7,204.0,205.0,205.7,205.4,-51.2,-50.4,-47.6,-42.8,-34.2,-20.9,-4.9,13.1,31.2,46.7,58.8,70.0,79.4,85.7,89.7,92.4,93.1,-31.7,-20.6,-6.3,7.9,20.6,45.9,57.3,68.8,80.2,87.9,33.8,35.3,36.8,38.3,20.8,28.1,35.5,42.3,48.2,-15.9,-7.1,3.1,11.5,2.9,-7.4,49.3,57.8,67.6,74.8,68.6,58.9,5.9,18.4,28.6,34.7,41.1,49.1,56.3,49.3,41.5,34.6,27.8,17.6,10.9,28.2,34.4,40.9,52.3,40.9,34.4,28.0,-44.9,-24.5,-4.1,15.7,34.3,50.0,62.5,70.9,72.7,69.7,59.6,45.9,29.5,11.0,-8.3,-28.1,-48.2,-55.7,-63.3,-65.0,-62.7,-57.9,-59.6,-65.5,-68.8,-68.5,-62.2,-44.3,-31.4,-18.7,-5.9,2.6,4.9,6.7,4.5,1.8,-42.3,-47.2,-47.2,-41.1,-38.5,-38.2,-42.8,-49.9,-50.4,-46.3,-41.6,-41.0,28.7,23.9,21.1,22.8,20.8,23.5,27.3,35.5,38.8,39.6,39.2,36.3,28.9,27.4,27.8,26.9,28.0,29.1,30.1,29.6,684.1,687.8,692.0,694.5,693.9,690.8,684.6,676.5,676.0,685.4,700.3,712.3,717.2,716.3,714.2,712.4,711.8,651.4,645.3,640.8,637.1,635.5,642.8,650.4,659.3,668.8,679.0,641.4,635.5,629.1,623.3,639.7,638.5,638.2,641.6,645.7,651.3,648.2,648.7,650.3,649.0,648.5,659.8,662.2,666.3,672.7,666.7,662.7,656.9,646.5,642.8,644.1,646.3,655.3,668.7,657.1,649.7,647.0,646.1,648.9,654.7,645.9,646.7,649.5,664.7,649.4,646.5,645.9,0.59,0.191,-0.23,0.012,267.914,184.839,-6.668,10.281,-13.003,18.546,4.575,1.732,-4.896,3.194,3.219,-3.248,-0.266,0.926,0.01,-1.675,-0.68,-0.315,0.17,1.013,-1.182,-0.679,0.374,-0.368,-0.252,-0.5,0.08,0.046,0.115,0.012,-0.096,-0.023,-0.018,-0.007,0.01,-0.007,0.55,0.17,0.0,0.85,0.0,0.0,0.03,0.0,0.0,0.33,0.0,0.0,0.0,0.0,0.0,0.0,0.0,0.0,1.0,0.0,1.0,0.0,0.0,0.0,0.0,0.0,0.0,0.0,0.0,0.0,0.0,0.0,0.0,1.0,0.0
PP133,g1,4946,0,0.975,0.191928,0.17679,-0.965354,0.041358,0.175749,-0.983566,0.119,0.179,244.4,245.7,248.8,252.0,253.4,252.3,248.9,245.7,240.1,242.1,244.9,248.4,251.9,254.5,256.4,254.3,251.3,248.1,244.9,242.1,247.5,248.9,250.3,250.8,250.3,248.9,247.5,246.9,281.8,282.7,285.5,288.5,290.0,289.1,286.3,283.1,278.8,280.7,283.4,286.7,289.6,291.7,292.9,291.8,289.9,287.3,284.3,281.2,284.6,285.9,287.1,287.5,286.8,285.5,284.3,283.9,160.8,157.5,156.1,157.5,160.7,164.2,165.3,164.0,162.3,160.4,159.2,158.6,159.2,160.7,162.8,164.0,164.4,164.6,164.4,163.7,162.2,162.8,162.2,160.8,159.4,158.8,159.4,160.8,159.8,156.6,155.2,156.3,159.4,162.6,164.0,163.2,162.1,159.9,158.3,157.5,157.9,159.0,160.7,162.2,163.0,163.4,163.4,163.1,161.1,161.6,161.0,159.6,158.3,157.8,158.4,159.8,-7.4,-5.7,-1.5,2.7,4.4,3.0,-1.5,-5.6,-13.1,-10.4,-6.7,-2.1,2.5,5.9,8.3,5.6,1.7,-2.5,-6.6,-10.3,-3.3,-1.5,0.3,1.1,0.3,-1.5,-3.3,-4.1,42.8,44.1,47.9,52.1,54.1,52.8,49.0,44.5,38.8,41.3,44.8,49.3,53.6,56.7,58.7,56.9,53.9,50.3,46.1,41.9,46.6,48.5,50.1,50.7,49.8,48.0,46.3,45.8,-35.0,-39.3,-41.1,-39.3,-35.1,-30.5,-29.0,-30.7,-33.3,-35.5,-36.9,-37.6,-36.9,-35.0,-32.4,-30.8,-30.1,-29.8,-30.2,-31.3,-33.1,-32.3,-33.1,-35.0,-36.9,-37.6,-36.8,-35.0,-37.2,-41.5,-43.6,-42.2,-38.1,-33.7,-31.6,-32.7,-34.1,-37.0,-39.2,-40.4,-40.0,-38.8,-36.7,-34.5,-33.1,-32.4,-32.4,-32.8,-35.5,-34.9,-35.8,-37.7,-39.5,-40.2,-39.3,-37.3,511.1,511.5,511.7,511.4,511.0,510.8,510.4,510.6,515.3,512.7,510.3,509.2,509.7,511.2,512.8,511.2,509.7,509.4,510.5,512.7,511.7,511.6,511.6,511.8,512.0,512.1,512.1,511.9,524.9,525.9,527.5,528.8,529.0,528.0,526.4,525.2,525.3,524.5,524.3,525.4,528.0,531.5,534.8,531.6,528.2,525.8,524.6,524.7,526.9,527.4,528.2,528.6,528.5,527.9,527.2,526.8,29.4,-4.0,654.8,0.188,-0.171,0.0,220.4,221.0,222.8,225.6,230.5,237.9,246.9,257.2,267.7,276.3,282.5,288.1,293.0,296.5,298.7,300.4,300.8,230.4,236.9,245.6,254.3,262.2,277.5,284.0,290.4,296.6,300.3,270.2,271.2,272.4,273.5,262.2,266.7,271.3,275.3,278.7,240.0,245.2,251.4,256.5,251.3,245.1,278.8,283.7,289.3,293.1,289.8,284.3,253.1,260.7,266.9,270.6,274.4,278.9,282.5,279.0,274.6,270.5,266.4,260.2,256.1,266.6,270.4,274.2,280.4,274.2,270.4,266.5,161.8,173.6,185.2,196.4,206.9,215.9,223.2,228.6,229.6,227.3,220.8,212.7,203.6,193.5,182.9,172.0,161.0,154.4,149.4,148.0,149.2,152.1,151.4,148.3,146.8,147.6,151.9,160.6,168.4,176.1,184.0,189.2,190.7,191.8,190.4,188.7,162.2,159.1,159.2,162.9,164.4,164.6,162.2,158.1,157.9,160.6,163.1,163.4,204.7,202.2,200.5,201.5,200.3,201.6,203.6,208.7,211.0,211.6,211.4,209.5,204.9,204.2,204.5,203.9,204.1,205.2,205.9,205.6,-51.8,-51.0,-48.1,-43.3,-34.6,-21.4,-5.5,12.5,30.6,46.1,58.2,69.4,78.8,85.1,89.0,91.7,92.4,-32.6,-21.6,-7.2,7.0,19.8,45.1,56.5,68.1,79.6,87.3,33.0,34.4,36.0,37.5,20.0,27.3,34.7,41.5,47.4,-16.7,-7.9,2.4,10.8,2.1,-8.2,48.5,57.0,66.8,74.0,67.8,58.1,5.2,17.6,27.8,33.9,40.3,48.4,55.6,48.6,40.8,33.8,27.1,16.9,10.2,27.4,33.7,40.2,51.6,40.2,33.7,27.2,-44.9,-24.5,-4.0,15.8,34.4,50.1,62.6,71.1,72.8,69.8,59.6,45.9,29.5,11.0,-8.4,-28.2,-48.3,-55.2,-62.8,-64.6,-62.3,-57.5,-59.3,-65.1,-68.5,-68.1,-61.8,-44.1,-31.1,-18.3,-5.5,2.8,5.1,7.0,4.8,2.0,-42.1,-47.0,-47.0,-40.9,-38.3,-38.0,-42.6,-49.8,-50.3,-46.2,-41.5,-40.8,28.9,24.2,21.4,23.1,21.1,23.7,27.5,35.6,38.9,39.8,39.4,36.5,29.1,27.6,28.0,27.2,28.2,29.3,30.4,29.8,683.5,687.2,691.4,693.9,693.4,690.3,684.1,675.8,675.2,684.5,699.4,711.4,716.2,715.2,713.1,711.1,710.5,650.8,644.4,639.7,635.9,634.1,641.4,648.9,657.9,667.5,677.8,640.1,634.2,627.8,622.0,638.6,637.4,637.0,640.4,644.4,650.3,647.2,647.7,649.2,648.0,647.6,658.5,660.9,664.9,671.4,665.3,661.4,656.1,645.5,641.8,643.1,645.2,654.2,667.6,656.0,648.7,646.1,645.1,648.0,653.8,644.9,645.7,648.5,663.5,648.3,645.5,645.0,0.591,0.194,-0.226,0.011,267.514,184.947,-5.864,10.285,-12.78,19.078,4.658,1.996,-5.056,3.044,3.627,-3.395,-0.405,0.832,0.221,-1.476,-0.55,-0.199,0.328,1.026,-1.147,-0.706,0.381,-0.329,-0.345,-0.525,0.143,-0.002,0.12,0.013,-0.09,-0.016,-0.016,-0.005,0.006,-0.007,0.3,0.08,0.0,0.64,0.0,0.0,0.0,0.0,0.0,0.27,0.0,0.0,0.0,0.0,0.0,0.0,0.0,0.0,1.0,0.0,1.0,0.0,0.0,0.0,0.0,0.0,0.0,0.0,0.0,0.0,0.0,0.0,0.0,1.0,0.0
PP133,g1,4952,0,0.975,0.191478,0.177624,-0.965291,0.040914,0.176841,-0.983389,0.119,0.18,244.0,245.3,248.4,251.6,253.0,251.9,248.5,245.3,239.7,241.7,244.5,248.0,251.5,254.2,256.0,253.9,250.9,247.7,244.5,241.7,247.1,248.5,249.9,250.4,249.9,248.5,247.1,246.5,281.5,282.4,285.1,288.2,289.6,288.8,286.0,282.7,278.5,280.4,283.0,286.3,289.3,291.4,292.6,291.5,289.6,287.0,284.0,280.9,284.2,285.6,286.8,287.1,286.5,285.2,284.0,283.6,161.0,157.7,156.3,157.7,160.9,164.4,165.5,164.2,162.5,160.7,159.4,158.8,159.5,160.9,163.0,164.2,164.6,164.9,164.6,163.9,162.5,163.0,162.4,161.0,159.6,159.0,159.6,161.0,160.0,156.8,155.3,156.4,159.5,162.7,164.2,163.3,162.3,160.1,158.4,157.6,158.0,159.1,160.8,162.3,163.1,163.5,163.5,163.3,161.3,161.8,161.1,159.7,158.4,157.9,158.5,159.9,-7.9,-6.2,-2.0,2.1,3.9,2.5,-2.0,-6.1,-13.6,-10.9,-7.2,-2.6,2.0,5.4,7.8,5.1,1.2,-3.0,-7.2,-10.8,-3.8,-2.0,-0.2,0.6,-0.2,-2.0,-3.8,-4.6,42.2,43.5,47.4,51.5,53.6,52.3,48.4,43.9,38.2,40.7,44.3,48.8,53.0,56.1,58.2,56.3,53.4,49.7,45.5,41.4,46.1,47.9,49.6,50.2,49.3,47.4,45.8,45.2,-34.6,-38.9,-40.7,-39.0,-34.7,-30.1,-28.6,-30.4,-32.9,-35.2,-36.6,-37.3,-36.5,-34.7,-32.1,-30.4,-29.8,-29.5,-29.8,-30.9,-32.7,-32.0,-32.8,-34.6,-36.5,-37.3,-36.5,-34.6,-36.9,-41.3,-43.4,-42.0,-37.8,-33.4,-31.4,-32.5,-33.8,-36.7,-38.9,-40.1,-39.8,-38.6,-36.5,-34.3,-32.9,-32.2,-32.1,-32.5,-35.3,-34.7,-35.6,-37.5,-39.3,-39.9,-39.0,-37.1,510.0,510.4,510.5,510.3,509.8,509.6,509.3,509.5,514.2,511.6,509.2,508.0,508.6,510.0,511.7,510.1,508.5,508.2,509.4,511.6,510.6,510.4,510.5,510.7,510.9,511.0,510.9,510.8,523.7,524.7,526.3,527.6,527.8,526.8,525.2,524.0,524.1,523.3,523.2,524.2,526.8,530.3,533.7,530.4,527.1,524.6,523.5,523.6,525.7,526.3,527.0,527.4,527.3,526.7,526.0,525.6,28.9,-3.7,654.6,0.191,-0.17,-0.002,220.1,220.7,222.6,225.4,230.3,237.7,246.6,257.0,267.5,276.1,282.3,287.9,292.7,296.2,298.5,300.1,300.5,230.0,236.5,245.2,253.9,261.8,277.1,283.6,290.0,296.2,300.0,269.8,270.8,272.0,273.2,261.9,266.4,271.0,275.0,278.4,239.6,244.8,251.0,256.1,250.9,244.7,278.4,283.4,288.9,292.7,289.5,284.0,252.8,260.4,266.7,270.3,274.1,278.6,282.3,278.7,274.3,270.2,266.1,259.9,255.8,266.3,270.1,273.9,280.1,273.9,270.1,266.2,162.0,173.8,185.4,196.6,207.0,216.0,223.4,228.8,229.8,227.5,220.9,212.8,203.6,193.6,183.0,172.1,161.0,154.6,149.6,148.3,149.5,152.3,151.6,148.5,147.0,147.7,151.9,160.8,168.6,176.4,184.4,189.5,190.9,192.1,190.7,188.9,162.4,159.4,159.4,163.1,164.6,164.8,162.4,158.2,158.0,160.7,163.3,163.5,204.9,202.4,200.7,201.7,200.5,201.8,203.7,208.9,211.2,211.8,211.6,209.7,205.1,204.4,204.7,204.1,204.3,205.4,206.1,205.8,-52.4,-51.5,-48.5,-43.7,-35.0,-21.8,-5.9,12.1,30.2,45.7,57.8,69.0,78.3,84.6,88.5,91.2,91.8,-33.2,-22.2,-7.9,6.4,19.2,44.4,55.8,67.4,78.9,86.6,32.4,33.8,35.4,36.9,19.4,26.8,34.2,41.0,46.9,-17.4,-8.6,1.7,10.2,1.5,-8.9,47.9,56.4,66.2,73.4,67.2,57.5,4.8,17.1,27.4,33.5,39.8,47.9,55.1,48.2,40.3,33.4,26.6,16.5,9.8,26.9,33.2,39.7,51.1,39.7,33.2,26.8,-44.6,-24.1,-3.7,16.1,34.7,50.4,62.9,71.4,73.1,70.0,59.8,46.1,29.6,11.1,-8.2,-28.0,-48.1,-54.8,-62.4,-64.2,-61.8,-57.1,-58.9,-64.8,-68.2,-67.9,-61.6,-43.7,-30.6,-17.9,-5.0,3.3,5.6,7.4,5.2,2.4,-41.8,-46.6,-46.6,-40.5,-38.0,-37.6,-42.3,-49.5,-50.1,-46.0,-41.2,-40.6,29.3,24.6,21.7,23.4,21.4,24.0,27.7,35.9,39.3,40.2,39.8,36.8,29.5,28.0,28.4,27.5,28.5,29.6,30.7,30.2,683.3,687.1,691.4,693.9,693.5,690.5,684.2,676.0,675.3,684.5,699.4,711.3,716.1,715.0,712.8,710.8,710.1,650.5,644.0,639.3,635.5,633.7,640.9,648.4,657.3,666.9,677.2,639.8,633.9,627.6,621.8,638.5,637.2,636.8,640.1,644.2,650.1,646.9,647.4,648.9,647.7,647.3,658.1,660.5,664.5,671.0,664.9,661.0,656.1,645.5,641.7,642.9,645.1,654.0,667.4,655.9,648.6,646.0,645.1,648.0,653.8,644.9,645.6,648.4,663.4,648.2,645.4,644.9,0.591,0.197,-0.224,0.009,267.206,185.137,-5.754,10.17,-12.827,19.258,4.7,2.125,-4.967,3.313,3.571,-3.459,-0.297,0.923,0.238,-1.346,-0.503,-0.367,0.368,1.008,-1.087,-0.661,0.403,-0.257,-0.309,-0.49,0.135,0.013,0.114,0.022,-0.095,-0.018,-0.013,-0.004,0.006,-0.004,0.53,0.36,0.0,0.84,0.0,0.0,0.0,0.0,0.0,0.51,0.0,0.0,0.0,0.0,0.0,0.0,0.0,0.0,1.0,0.0,1.0,0.0,0.0,0.0,0.0,0.0,0.0,0.0,0.0,0.0,0.0,0.0,0.0,1.0,0.0
PP133,g1,4958,0,0.975,0.189836,0.181485,-0.964897,0.039537,0.180488,-0.982782,0.117,0.184,244.0,245.3,248.4,251.6,252.9,251.9,248.5,245.3,239.7,241.7,244.5,248.0,251.5,254.1,255.9,253.8,250.9,247.6,244.5,241.7,247.1,248.5,249.9,250.4,249.8,248.5,247.1,246.5,281.4,282.3,285.1,288.1,289.6,288.7,285.9,282.7,278.4,280.3,283.0,286.3,289.2,291.3,292.5,291.4,289.5,286.9,283.9,280.8,284.2,285.5,286.7,287.1,286.4,285.1,283.9,283.5,161.1,157.8,156.5,157.8,161.0,164.5,165.7,164.3,162.6,160.8,159.6,159.0,159.6,161.1,163.1,164.3,164.8,165.0,164.7,164.0,162.6,163.2,162.6,161.1,159.7,159.1,159.7,161.2,160.2,157.0,155.5,156.6,159.7,162.9,164.3,163.5,162.4,160.2,158.6,157.8,158.2,159.3,161.0,162.4,163.3,163.7,163.7,163.4,161.5,161.9,161.3,159.9,158.6,158.1,158.7,160.1,-7.9,-6.2,-2.1,2.1,3.9,2.4,-2.0,-6.2,-13.6,-11.0,-7.2,-2.6,1.9,5.4,7.8,5.0,1.1,-3.1,-7.2,-10.9,-3.8,-2.0,-0.2,0.6,-0.2,-2.0,-3.8,-4.6,42.3,43.6,47.4,51.6,53.6,52.3,48.5,44.0,38.3,40.8,44.3,48.8,53.1,56.2,58.3,56.4,53.4,49.8,45.6,41.4,46.1,48.0,49.7,50.2,49.3,47.5,45.8,45.3,-34.6,-38.9,-40.7,-38.9,-34.7,-30.1,-28.6,-30.3,-32.9,-35.1,-36.5,-37.2,-36.5,-34.6,-32.0,-30.4,-29.7,-29.4,-29.8,-30.9,-32.7,-31.9,-32.7,-34.6,-36.5,-37.2,-36.4,-34.6,-36.8,-41.1,-43.2,-41.8,-37.7,-33.3,-31.2,-32.3,-33.7,-36.6,-38.8,-40.0,-39.6,-38.5,-36.3,-34.1,-32.8,-32.1,-32.0,-32.4,-35.2,-34.5,-35.4,-37.4,-39.2,-39.8,-38.9,-37.0,511.9,512.3,512.4,512.2,511.7,511.6,511.2,511.5,516.1,513.5,511.1,510.0,510.5,511.9,513.6,512.0,510.5,510.2,511.3,513.6,512.5,512.4,512.4,512.6,512.8,512.9,512.9,512.7,525.4,526.4,528.0,529.3,529.5,528.5,526.9,525.8,525.9,525.1,524.9,525.9,528.5,532.0,535.4,532.1,528.8,526.3,525.2,525.3,527.4,528.0,528.7,529.1,529.0,528.5,527.8,527.3,28.8,-3.4,655.2,0.195,-0.168,-0.0,220.1,220.7,222.6,225.4,230.2,237.6,246.6,256.9,267.4,276.0,282.2,287.8,292.7,296.2,298.4,300.1,300.5,230.1,236.6,245.2,253.9,261.8,277.0,283.6,290.0,296.1,299.9,269.7,270.7,271.9,273.0,261.8,266.3,270.8,274.9,278.3,239.6,244.8,251.0,256.1,250.9,244.7,278.4,283.3,288.9,292.7,289.4,283.9,252.8,260.3,266.5,270.2,274.0,278.4,282.1,278.5,274.1,270.0,266.0,259.8,255.7,266.2,269.9,273.7,280.0,273.8,269.9,266.1,162.0,173.8,185.4,196.5,207.0,216.0,223.4,228.8,229.9,227.5,221.0,212.8,203.7,193.6,183.1,172.2,161.2,154.6,149.8,148.4,149.7,152.5,151.8,148.7,147.2,147.9,152.1,161.0,168.8,176.6,184.6,189.7,191.1,192.3,190.9,189.1,162.5,159.5,159.5,163.2,164.7,164.9,162.5,158.4,158.2,160.9,163.4,163.7,205.1,202.6,201.0,202.0,200.7,202.1,203.9,209.1,211.3,211.9,211.7,209.9,205.3,204.6,204.9,204.3,204.4,205.5,206.2,206.0,-52.4,-51.6,-48.6,-43.8,-35.1,-21.9,-6.0,11.9,30.0,45.6,57.8,69.0,78.3,84.5,88.4,91.2,91.9,-33.2,-22.1,-7.8,6.4,19.2,44.3,55.7,67.3,78.8,86.5,32.3,33.7,35.2,36.7,19.2,26.6,34.0,40.8,46.7,-17.4,-8.6,1.7,10.1,1.5,-8.9,47.8,56.4,66.1,73.3,67.1,57.4,4.6,17.0,27.2,33.2,39.6,47.7,54.9,47.9,40.1,33.2,26.4,16.3,9.6,26.7,33.0,39.5,50.9,39.5,33.0,26.6,-44.7,-24.2,-3.8,16.1,34.7,50.5,63.0,71.6,73.3,70.2,60.0,46.2,29.7,11.2,-8.1,-27.8,-47.8,-54.7,-62.3,-64.0,-61.6,-56.8,-58.5,-64.4,-67.8,-67.5,-61.3,-43.4,-30.3,-17.5,-4.7,3.6,5.9,7.8,5.6,2.7,-41.6,-46.4,-46.4,-40.3,-37.8,-37.5,-42.1,-49.2,-49.8,-45.7,-41.0,-40.3,29.6,25.0,22.1,23.8,21.8,24.4,28.1,36.2,39.6,40.5,40.1,37.1,29.8,28.3,28.8,27.9,28.8,30.0,31.0,30.5,684.0,687.8,692.3,694.9,694.4,691.3,685.0,676.8,676.1,685.3,700.2,712.0,716.7,715.5,713.2,711.0,710.2,650.9,644.5,639.7,635.9,634.1,641.2,648.7,657.6,667.1,677.4,640.2,634.4,628.1,622.3,639.1,637.9,637.4,640.7,644.8,650.6,647.4,647.8,649.3,648.2,647.8,658.5,660.8,664.7,671.2,665.2,661.4,656.8,646.2,642.5,643.7,645.8,654.7,668.1,656.5,649.4,646.8,645.9,648.7,654.5,645.6,646.4,649.1,664.0,648.9,646.1,645.6,0.591,0.202,-0.221,0.01,267.126,185.279,-5.93,10.553,-13.165,19.321,4.588,2.313,-4.762,3.31,3.653,-3.31,-0.259,0.846,0.126,-1.519,-0.611,-0.275,0.304,1.029,-1.093,-0.728,0.509,-0.214,-0.295,-0.485,0.074,0.044,0.087,0.014,-0.099,-0.013,-0.021,-0.005,0.007,-0.002,0.36,0.05,0.0,0.7,0.0,0.0,0.0,0.0,0.0,0.32,0.0,0.0,0.0,0.0,0.0,0.0,0.0,0.0,1.0,0.0,1.0,0.0,0.0,0.0,0.0,0.0,0.0,0.0,0.0,0.0,0.0,0.0,0.0,1.0,0.0
PP133,g1,4964,0,0.975,0.192424,0.181687,-0.964346,0.04168,0.180691,-0.982656,0.12,0.184,244.2,245.5,248.7,251.9,253.2,252.1,248.7,245.6,240.0,241.9,244.8,248.3,251.8,254.4,256.2,254.1,251.2,247.9,244.8,242.0,247.4,248.7,250.1,250.7,250.1,248.7,247.3,246.8,281.8,282.6,285.4,288.4,289.9,289.0,286.2,283.0,278.7,280.6,283.3,286.6,289.5,291.6,292.8,291.7,289.8,287.2,284.2,281.1,284.5,285.8,287.0,287.4,286.7,285.4,284.2,283.8,161.2,157.9,156.6,157.9,161.1,164.6,165.7,164.4,162.7,160.9,159.7,159.1,159.7,161.1,163.2,164.4,164.8,165.1,164.8,164.1,162.7,163.2,162.6,161.2,159.8,159.2,159.8,161.2,160.3,157.1,155.6,156.7,159.8,163.0,164.4,163.6,162.5,160.3,158.7,157.9,158.3,159.4,161.1,162.5,163.4,163.8,163.8,163.5,161.6,162.0,161.4,160.0,158.7,158.2,158.8,160.2,-7.6,-5.8,-1.7,2.5,4.2,2.8,-1.6,-5.8,-13.2,-10.6,-6.8,-2.3,2.3,5.8,8.2,5.4,1.5,-2.7,-6.8,-10.5,-3.5,-1.6,0.2,0.9,0.2,-1.7,-3.5,-4.2,42.7,44.0,47.9,52.1,54.1,52.8,48.9,44.4,38.7,41.2,44.8,49.3,53.5,56.7,58.7,56.8,53.9,50.2,46.0,41.9,46.6,48.4,50.1,50.7,49.8,48.0,46.3,45.7,-34.5,-38.8,-40.6,-38.8,-34.6,-30.0,-28.5,-30.2,-32.8,-35.0,-36.4,-37.1,-36.3,-34.5,-31.9,-30.3,-29.6,-29.3,-29.7,-30.8,-32.6,-31.8,-32.6,-34.5,-36.4,-37.1,-36.3,-34.5,-36.7,-41.0,-43.1,-41.7,-37.6,-33.2,-31.1,-32.2,-33.6,-36.5,-38.7,-39.9,-39.5,-38.4,-36.2,-34.0,-32.7,-32.0,-31.9,-32.3,-35.1,-34.4,-35.3,-37.3,-39.1,-39.7,-38.8,-36.9,511.9,512.3,512.4,512.2,511.7,511.5,511.2,511.4,516.0,513.4,511.1,509.9,510.5,511.9,513.6,512.0,510.4,510.1,511.2,513.5,512.4,512.3,512.4,512.6,512.8,512.9,512.8,512.6,525.8,526.8,528.4,529.7,530.0,529.0,527.4,526.2,526.3,525.5,525.3,526.3,529.0,532.5,535.8,532.5,529.2,526.8,525.6,525.7,527.9,528.4,529.1,529.6,529.5,528.9,528.2,527.8,29.2,-3.3,655.1,0.195,-0.172,0.002,220.3,220.9,222.7,225.5,230.3,237.6,246.6,257.0,267.5,276.1,282.3,287.9,292.8,296.3,298.6,300.3,300.7,230.4,236.9,245.5,254.2,262.1,277.4,283.9,290.3,296.5,300.2,270.0,271.1,272.3,273.4,262.1,266.6,271.2,275.2,278.6,239.8,245.1,251.3,256.4,251.2,244.9,278.7,283.6,289.2,292.9,289.7,284.2,252.9,260.5,266.8,270.5,274.3,278.7,282.4,278.8,274.4,270.3,266.3,260.1,255.9,266.4,270.2,274.0,280.3,274.1,270.2,266.4,162.1,173.8,185.4,196.5,207.0,216.0,223.4,228.8,229.9,227.6,221.0,212.9,203.7,193.7,183.1,172.3,161.2,154.7,149.8,148.5,149.8,152.6,151.9,148.8,147.3,148.0,152.2,161.1,168.9,176.6,184.6,189.7,191.1,192.3,190.9,189.2,162.6,159.6,159.6,163.3,164.8,165.0,162.6,158.5,158.3,161.0,163.5,163.8,205.1,202.6,201.0,202.0,200.7,202.1,203.9,209.1,211.3,211.9,211.7,209.8,205.3,204.7,204.9,204.3,204.4,205.6,206.3,206.0,-51.9,-51.2,-48.3,-43.6,-35.0,-21.9,-6.0,12.1,30.3,45.8,58.0,69.2,78.5,84.8,88.8,91.5,92.2,-32.7,-21.7,-7.3,6.9,19.6,45.0,56.4,67.9,79.4,87.1,32.8,34.2,35.8,37.3,19.7,27.1,34.5,41.3,47.2,-16.9,-8.1,2.2,10.6,1.9,-8.4,48.4,56.9,66.7,73.8,67.6,57.9,4.9,17.4,27.6,33.7,40.1,48.2,55.4,48.4,40.6,33.6,26.9,16.7,9.9,27.2,33.5,39.9,51.5,40.0,33.4,27.0,-44.5,-24.1,-3.8,16.0,34.6,50.4,62.9,71.6,73.4,70.3,60.1,46.3,29.8,11.3,-8.0,-27.8,-47.8,-54.6,-62.1,-63.8,-61.4,-56.7,-58.4,-64.3,-67.7,-67.4,-61.2,-43.3,-30.2,-17.5,-4.6,3.6,5.9,7.8,5.6,2.8,-41.5,-46.3,-46.3,-40.2,-37.7,-37.3,-41.9,-49.1,-49.6,-45.5,-40.8,-40.1,29.5,25.0,22.2,23.9,21.9,24.4,28.1,36.2,39.6,40.5,40.0,37.1,29.8,28.4,28.8,27.9,28.8,30.0,31.0,30.5,683.3,687.1,691.5,694.2,693.8,690.9,684.7,676.5,675.9,685.2,700.2,712.1,716.9,715.7,713.5,711.3,710.5,650.6,644.1,639.5,635.7,634.0,641.2,648.8,657.7,667.3,677.6,640.1,634.2,627.9,622.2,638.9,637.7,637.3,640.7,644.7,650.3,647.2,647.6,649.2,648.0,647.6,658.5,660.8,664.8,671.4,665.3,661.4,656.6,646.0,642.3,643.5,645.7,654.7,668.2,656.5,649.2,646.5,645.6,648.5,654.3,645.4,646.2,649.0,664.1,648.7,645.9,645.4,0.591,0.202,-0.226,0.012,267.377,185.321,-5.617,9.946,-12.851,18.83,4.447,2.192,-5.307,3.215,3.638,-3.256,-0.349,0.92,0.139,-1.69,-0.575,-0.232,0.288,1.008,-1.137,-0.737,0.446,-0.23,-0.342,-0.536,0.088,0.027,0.095,0.022,-0.101,-0.019,-0.019,-0.007,0.006,-0.002,0.62,0.27,0.0,0.72,0.0,0.0,0.0,0.0,0.0,0.62,0.0,0.0,0.0,0.0,0.0,0.0,0.0,0.0,1.0,0.0,1.0,0.0,0.0,0.0,0.0,0.0,1.0,0.0,0.0,0.0,0.0,0.0,0.0,1.0,0.0
PP133,g1,4970,0,0.975,0.193444,0.18133,-0.964209,0.042905,0.179837,-0.98276,0.121,0.183,244.5,245.8,249.0,252.2,253.5,252.4,249.0,245.8,240.2,242.2,245.0,248.5,252.0,254.7,256.5,254.4,251.4,248.2,245.0,242.2,247.6,249.0,250.4,251.0,250.4,249.0,247.6,247.0,282.0,282.9,285.6,288.6,290.1,289.2,286.4,283.2,278.9,280.8,283.5,286.8,289.7,291.8,293.0,291.9,290.0,287.4,284.4,281.3,284.7,286.0,287.2,287.6,286.9,285.6,284.4,284.0,161.1,157.8,156.5,157.8,161.1,164.6,165.7,164.3,162.6,160.8,159.6,159.0,159.6,161.1,163.2,164.3,164.8,165.0,164.7,164.0,162.6,163.2,162.6,161.1,159.7,159.1,159.7,161.2,160.2,157.1,155.6,156.7,159.8,163.0,164.4,163.6,162.5,160.3,158.7,157.9,158.3,159.4,161.1,162.5,163.4,163.8,163.8,163.5,161.5,162.0,161.4,160.0,158.7,158.2,158.8,160.2,-7.2,-5.5,-1.3,2.8,4.6,3.1,-1.3,-5.5,-12.9,-10.3,-6.5,-1.9,2.6,6.1,8.5,5.7,1.8,-2.4,-6.5,-10.2,-3.1,-1.3,0.5,1.3,0.5,-1.3,-3.1,-3.9,43.0,44.3,48.2,52.4,54.4,53.1,49.2,44.7,39.0,41.5,45.1,49.6,53.8,57.0,59.0,57.1,54.2,50.5,46.3,42.2,46.9,48.7,50.4,51.0,50.1,48.3,46.6,46.0,-34.6,-38.9,-40.7,-38.9,-34.6,-30.0,-28.5,-30.3,-32.9,-35.1,-36.5,-37.2,-36.4,-34.6,-32.0,-30.4,-29.7,-29.4,-29.8,-30.9,-32.7,-31.9,-32.7,-34.5,-36.4,-37.2,-36.4,-34.5,-36.7,-41.1,-43.2,-41.8,-37.6,-33.2,-31.2,-32.3,-33.7,-36.6,-38.7,-39.9,-39.6,-38.4,-36.3,-34.0,-32.7,-32.0,-32.0,-32.3,-35.1,-34.5,-35.4,-37.3,-39.1,-39.7,-38.8,-36.9,511.4,511.8,511.9,511.7,511.2,511.1,510.7,510.9,515.6,512.9,510.6,509.4,510.0,511.4,513.1,511.5,510.0,509.6,510.8,513.0,512.0,511.9,511.9,512.1,512.3,512.4,512.3,512.2,526.2,527.2,528.8,530.1,530.4,529.4,527.7,526.6,526.6,525.9,525.7,526.7,529.4,532.9,536.2,532.9,529.6,527.2,526.0,526.1,528.2,528.8,529.5,529.9,529.8,529.3,528.6,528.1,29.6,-3.4,654.6,0.193,-0.173,0.003,220.4,221.0,222.8,225.6,230.4,237.8,246.8,257.2,267.7,276.3,282.5,288.1,292.9,296.4,298.7,300.4,300.8,230.6,237.1,245.8,254.6,262.5,277.5,284.1,290.5,296.7,300.4,270.3,271.4,272.6,273.7,262.3,266.9,271.4,275.4,278.9,240.1,245.3,251.6,256.6,251.4,245.2,278.9,283.8,289.4,293.1,289.9,284.4,253.2,260.8,267.1,270.7,274.5,278.9,282.5,279.0,274.6,270.5,266.5,260.3,256.1,266.7,270.5,274.2,280.4,274.3,270.5,266.6,162.0,173.7,185.4,196.5,207.0,216.0,223.4,228.8,229.9,227.5,221.0,212.8,203.7,193.7,183.1,172.3,161.3,154.6,149.7,148.4,149.7,152.5,151.9,148.8,147.3,148.1,152.3,161.1,168.8,176.6,184.5,189.6,191.1,192.2,190.9,189.1,162.5,159.5,159.5,163.3,164.7,164.9,162.6,158.5,158.3,161.0,163.5,163.8,205.0,202.5,200.9,201.9,200.7,202.0,203.9,209.1,211.3,211.9,211.7,209.8,205.2,204.6,204.9,204.3,204.4,205.5,206.2,206.0,-51.8,-51.0,-48.1,-43.4,-34.7,-21.5,-5.6,12.5,30.6,46.1,58.2,69.4,78.7,85.0,88.9,91.7,92.4,-32.3,-21.2,-6.8,7.5,20.3,45.2,56.6,68.2,79.7,87.4,33.3,34.7,36.2,37.7,20.1,27.5,34.9,41.7,47.6,-16.5,-7.7,2.6,11.0,2.3,-8.0,48.7,57.2,67.0,74.1,67.9,58.2,5.3,17.8,28.0,34.1,40.4,48.4,55.6,48.7,40.8,34.0,27.2,17.1,10.3,27.6,33.8,40.3,51.6,40.3,33.8,27.4,-44.7,-24.2,-3.8,16.1,34.7,50.4,62.9,71.5,73.2,70.1,59.9,46.2,29.7,11.3,-7.9,-27.6,-47.6,-54.7,-62.3,-64.0,-61.5,-56.7,-58.4,-64.3,-67.7,-67.4,-61.1,-43.3,-30.3,-17.6,-4.7,3.5,5.8,7.7,5.5,2.7,-41.6,-46.4,-46.4,-40.2,-37.8,-37.4,-41.9,-49.1,-49.6,-45.5,-40.8,-40.1,29.4,24.9,22.0,23.7,21.8,24.4,28.1,36.2,39.6,40.4,40.0,37.1,29.7,28.2,28.7,27.8,28.8,29.9,31.0,30.5,683.1,686.9,691.3,693.9,693.5,690.5,684.2,676.0,675.4,684.8,699.8,711.7,716.5,715.4,713.2,711.2,710.5,650.1,643.7,639.0,635.2,633.5,640.8,648.4,657.5,667.2,677.7,639.6,633.8,627.4,621.6,638.3,637.1,636.7,640.1,644.2,649.8,646.7,647.1,648.7,647.5,647.1,658.2,660.6,664.6,671.2,665.1,661.1,656.0,645.4,641.6,642.9,645.1,654.1,667.7,656.0,648.7,646.0,645.0,647.9,653.7,644.8,645.6,648.4,663.6,648.2,645.4,644.8,0.591,0.2,-0.228,0.013,267.59,185.289,-4.681,10.805,-12.645,19.232,4.653,1.972,-4.882,3.204,3.573,-3.197,-0.118,0.862,0.039,-1.494,-0.669,-0.156,0.265,0.878,-1.122,-0.584,0.466,-0.276,-0.249,-0.528,0.036,0.073,0.095,0.019,-0.096,-0.015,-0.013,-0.007,0.006,-0.002,0.67,0.06,0.0,0.74,0.0,0.0,0.0,0.0,0.0,0.47,0.0,0.0,0.0,0.0,0.0,0.0,0.0,0.0,1.0,0.0,1.0,0.0,0.0,0.0,0.0,0.0,0.0,0.0,0.0,0.0,0.0,0.0,0.0,1.0,0.0
PP133,g1,4976,0,0.975,0.192003,0.183648,-0.964058,0.04121,0.182309,-0.982377,0.119,0.186,244.6,245.9,249.0,252.2,253.5,252.5,249.1,245.9,240.3,242.3,245.1,248.6,252.1,254.7,256.5,254.4,251.5,248.2,245.1,242.3,247.7,249.1,250.5,251.0,250.4,249.1,247.7,247.1,282.0,282.9,285.7,288.7,290.1,289.2,286.5,283.3,279.0,280.9,283.6,286.9,289.8,291.8,293.1,292.0,290.0,287.5,284.5,281.4,284.8,286.1,287.3,287.7,287.0,285.7,284.5,284.1,161.1,157.9,156.5,157.8,161.1,164.6,165.7,164.4,162.6,160.8,159.6,159.0,159.6,161.1,163.2,164.3,164.8,165.0,164.7,164.0,162.6,163.2,162.6,161.2,159.8,159.2,159.8,161.2,160.3,157.1,155.6,156.7,159.8,163.0,164.4,163.6,162.5,160.3,158.7,157.9,158.3,159.4,161.1,162.5,163.4,163.8,163.8,163.5,161.6,162.0,161.4,160.0,158.7,158.2,158.8,160.2,-7.1,-5.4,-1.3,2.9,4.6,3.2,-1.2,-5.4,-12.8,-10.2,-6.4,-1.8,2.7,6.2,8.6,5.8,1.9,-2.3,-6.4,-10.1,-3.1,-1.2,0.6,1.3,0.6,-1.2,-3.1,-3.8,43.2,44.5,48.3,52.5,54.5,53.2,49.3,44.9,39.1,41.7,45.2,49.7,54.0,57.1,59.2,57.3,54.3,50.6,46.5,42.3,47.0,48.8,50.5,51.1,50.2,48.4,46.7,46.1,-34.6,-38.9,-40.6,-38.9,-34.6,-30.0,-28.5,-30.3,-32.9,-35.1,-36.5,-37.1,-36.4,-34.6,-32.0,-30.4,-29.7,-29.4,-29.8,-30.9,-32.6,-31.9,-32.7,-34.5,-36.4,-37.2,-36.4,-34.5,-36.7,-41.1,-43.2,-41.8,-37.6,-33.2,-31.2,-32.3,-33.7,-36.6,-38.7,-39.9,-39.6,-38.4,-36.3,-34.1,-32.7,-32.0,-32.0,-32.3,-35.1,-34.5,-35.4,-37.3,-39.1,-39.7,-38.8,-36.9,511.8,512.2,512.3,512.0,511.6,511.4,511.1,511.3,515.9,513.3,511.0,509.8,510.4,511.8,513.5,511.9,510.3,510.0,511.1,513.4,512.3,512.2,512.3,512.5,512.7,512.8,512.7,512.5,526.6,527.6,529.2,530.5,530.7,529.7,528.1,526.9,527.0,526.2,526.0,527.0,529.7,533.2,536.6,533.3,530.0,527.5,526.4,526.5,528.6,529.2,529.9,530.3,530.2,529.6,528.9,528.5,29.7,-3.4,654.5,0.196,-0.172,0.003,220.5,221.1,222.9,225.7,230.6,237.9,246.9,257.3,267.8,276.4,282.6,288.2,293.0,296.5,298.9,300.5,301.0,230.7,237.2,245.9,254.7,262.5,277.6,284.2,290.6,296.7,300.5,270.4,271.4,272.6,273.7,262.4,266.9,271.5,275.5,278.9,240.2,245.4,251.6,256.7,251.5,245.2,279.0,283.9,289.4,293.2,290.0,284.5,253.2,260.8,267.1,270.8,274.5,279.0,282.6,279.1,274.7,270.6,266.6,260.4,256.2,266.8,270.5,274.3,280.5,274.3,270.5,266.7,161.9,173.7,185.3,196.5,207.0,216.0,223.4,228.8,229.9,227.6,221.0,212.9,203.8,193.7,183.2,172.3,161.3,154.6,149.7,148.4,149.7,152.6,152.0,148.8,147.3,148.0,152.2,161.1,168.9,176.7,184.6,189.7,191.1,192.3,190.9,189.2,162.5,159.5,159.6,163.3,164.7,164.9,162.6,158.5,158.4,161.0,163.5,163.8,205.1,202.6,201.0,202.0,200.7,202.1,203.9,209.1,211.3,212.0,211.8,209.9,205.3,204.7,204.9,204.3,204.5,205.6,206.3,206.0,-51.5,-50.8,-47.9,-43.2,-34.5,-21.3,-5.4,12.6,30.7,46.2,58.4,69.5,78.9,85.2,89.2,91.9,92.6,-32.2,-21.1,-6.7,7.6,20.3,45.3,56.7,68.3,79.8,87.5,33.3,34.7,36.3,37.7,20.2,27.6,35.0,41.8,47.7,-16.4,-7.6,2.7,11.1,2.4,-7.9,48.8,57.3,67.1,74.2,68.0,58.3,5.5,17.9,28.2,34.2,40.5,48.5,55.8,48.8,41.0,34.1,27.4,17.2,10.4,27.7,33.9,40.4,51.8,40.4,33.9,27.6,-44.7,-24.3,-3.9,16.0,34.6,50.4,62.9,71.5,73.3,70.2,60.0,46.3,29.8,11.3,-7.9,-27.6,-47.7,-54.7,-62.2,-63.9,-61.4,-56.6,-58.3,-64.2,-67.6,-67.4,-61.1,-43.2,-30.2,-17.4,-4.6,3.6,5.9,7.8,5.6,2.8,-41.6,-46.3,-46.3,-40.2,-37.7,-37.4,-41.9,-49.0,-49.5,-45.5,-40.8,-40.1,29.5,25.0,22.2,23.8,21.9,24.4,28.1,36.3,39.6,40.5,40.1,37.1,29.8,28.3,28.8,27.9,28.8,30.0,31.0,30.5,683.0,686.8,691.2,693.9,693.5,690.6,684.3,676.1,675.5,684.8,699.8,711.7,716.4,715.3,713.1,711.0,710.2,650.0,643.5,638.8,635.1,633.3,640.5,648.1,657.1,666.8,677.2,639.4,633.6,627.3,621.5,638.2,637.0,636.6,640.0,644.1,649.7,646.6,647.0,648.6,647.4,647.0,657.9,660.3,664.3,670.9,664.8,660.8,656.0,645.4,641.7,642.9,645.1,654.1,667.6,655.9,648.6,646.0,645.0,647.9,653.7,644.8,645.6,648.4,663.5,648.2,645.4,644.8,0.592,0.203,-0.226,0.013,267.67,185.315,-4.833,10.451,-12.726,19.316,4.574,2.204,-4.759,3.393,3.533,-3.325,-0.199,0.874,-0.048,-1.591,-0.604,-0.21,0.193,0.843,-1.144,-0.595,0.517,-0.286,-0.243,-0.542,0.037,0.115,0.08,0.018,-0.1,-0.017,-0.019,-0.009,0.009,-0.002,0.48,0.05,0.0,0.53,0.0,0.0,0.0,0.0,0.0,0.22,0.0,0.0,0.0,0.0,0.0,0.0,0.0,0.0,1.0,0.0,1.0,0.0,0.0,0.0,0.0,0.0,0.0,0.0,0.0,0.0,0.0,0.0,0.0,1.0,0.0
PP133,g1,4982,0,0.975,0.193137,0.183639,-0.963833,0.042334,0.182705,-0.982256,0.12,0.186,244.5,245.8,249.0,252.2,253.5,252.5,249.1,245.9,240.3,242.2,245.1,248.6,252.1,254.7,256.5,254.4,251.5,248.2,245.1,242.3,247.7,249.1,250.4,251.0,250.4,249.0,247.7,247.1,282.0,282.9,285.7,288.7,290.1,289.2,286.5,283.3,279.0,280.9,283.6,286.9,289.8,291.8,293.1,292.0,290.0,287.5,284.5,281.4,284.7,286.1,287.3,287.6,287.0,285.7,284.5,284.1,161.3,158.0,156.6,158.0,161.2,164.7,165.8,164.5,162.7,160.9,159.8,159.2,159.8,161.2,163.3,164.5,164.9,165.1,164.9,164.2,162.7,163.3,162.7,161.3,159.9,159.3,159.9,161.3,160.3,157.1,155.7,156.8,159.8,163.0,164.5,163.6,162.6,160.4,158.8,158.0,158.4,159.4,161.1,162.6,163.4,163.8,163.8,163.6,161.6,162.1,161.5,160.1,158.7,158.2,158.9,160.3,-7.2,-5.4,-1.3,2.9,4.6,3.2,-1.2,-5.4,-12.8,-10.2,-6.4,-1.9,2.7,6.2,8.6,5.8,1.9,-2.3,-6.4,-10.1,-3.1,-1.2,0.6,1.3,0.6,-1.3,-3.1,-3.8,43.2,44.5,48.3,52.5,54.5,53.2,49.4,44.9,39.2,41.7,45.2,49.7,54.0,57.1,59.2,57.3,54.3,50.7,46.5,42.3,47.0,48.9,50.6,51.1,50.2,48.4,46.7,46.2,-34.4,-38.7,-40.5,-38.7,-34.5,-29.9,-28.4,-30.1,-32.7,-34.9,-36.3,-37.0,-36.2,-34.4,-31.8,-30.2,-29.5,-29.2,-29.6,-30.7,-32.5,-31.7,-32.5,-34.4,-36.2,-37.0,-36.2,-34.3,-36.7,-41.0,-43.1,-41.7,-37.6,-33.2,-31.1,-32.2,-33.6,-36.5,-38.7,-39.8,-39.5,-38.4,-36.3,-34.0,-32.7,-32.0,-31.9,-32.3,-35.1,-34.4,-35.3,-37.3,-39.1,-39.7,-38.8,-36.9,511.9,512.3,512.4,512.2,511.7,511.6,511.2,511.5,516.1,513.4,511.1,509.9,510.5,511.9,513.6,512.0,510.5,510.2,511.3,513.5,512.5,512.4,512.4,512.6,512.8,512.9,512.8,512.7,526.8,527.8,529.4,530.7,531.0,530.0,528.4,527.2,527.3,526.5,526.3,527.3,530.0,533.5,536.8,533.5,530.2,527.8,526.6,526.7,528.8,529.4,530.1,530.5,530.4,529.9,529.2,528.7,29.8,-3.2,654.6,0.195,-0.174,0.001,220.6,221.1,222.9,225.7,230.6,238.0,247.0,257.4,267.9,276.5,282.7,288.2,293.0,296.5,298.9,300.5,300.9,230.7,237.2,245.9,254.6,262.4,277.6,284.2,290.6,296.7,300.4,270.3,271.4,272.6,273.8,262.4,267.0,271.5,275.5,279.0,240.1,245.4,251.6,256.7,251.5,245.2,279.0,283.9,289.4,293.2,290.0,284.5,253.4,261.0,267.3,270.9,274.6,279.1,282.7,279.2,274.8,270.8,266.8,260.6,256.4,266.9,270.6,274.4,280.6,274.4,270.7,266.8,162.1,173.9,185.4,196.6,207.1,216.1,223.5,228.9,230.0,227.6,221.1,212.9,203.8,193.7,183.2,172.3,161.3,154.7,149.9,148.6,149.8,152.7,152.0,148.8,147.3,148.0,152.2,161.2,169.0,176.7,184.7,189.8,191.2,192.4,191.0,189.2,162.7,159.7,159.7,163.4,164.9,165.1,162.7,158.6,158.4,161.0,163.6,163.8,205.2,202.8,201.1,202.1,200.9,202.2,204.0,209.2,211.4,212.0,211.8,210.0,205.4,204.8,205.1,204.4,204.5,205.6,206.3,206.1,-51.4,-50.7,-47.9,-43.1,-34.5,-21.3,-5.3,12.8,30.9,46.4,58.5,69.6,79.0,85.3,89.2,91.9,92.6,-32.1,-21.1,-6.7,7.4,20.2,45.3,56.7,68.2,79.7,87.4,33.3,34.7,36.3,37.8,20.3,27.7,35.1,41.8,47.7,-16.4,-7.6,2.7,11.1,2.4,-7.9,48.8,57.3,67.1,74.2,68.0,58.3,5.7,18.1,28.4,34.4,40.7,48.7,55.9,49.0,41.2,34.4,27.7,17.5,10.7,27.9,34.1,40.5,51.9,40.5,34.1,27.8,-44.4,-24.0,-3.6,16.2,34.7,50.5,63.0,71.6,73.4,70.3,60.1,46.3,29.9,11.4,-7.9,-27.6,-47.7,-54.5,-62.0,-63.7,-61.2,-56.5,-58.2,-64.1,-67.6,-67.3,-61.2,-43.1,-30.1,-17.3,-4.5,3.8,6.1,8.0,5.7,2.9,-41.3,-46.1,-46.1,-40.0,-37.5,-37.1,-41.8,-48.9,-49.5,-45.4,-40.7,-40.0,29.8,25.2,22.4,24.0,22.1,24.6,28.2,36.4,39.7,40.6,40.2,37.3,30.0,28.6,29.0,28.1,28.9,30.1,31.1,30.6,682.6,686.5,690.9,693.7,693.4,690.4,684.2,676.1,675.5,684.8,699.8,711.8,716.6,715.5,713.2,711.0,710.1,649.8,643.4,638.7,635.0,633.3,640.5,648.1,657.1,666.7,677.0,639.5,633.6,627.3,621.5,638.2,637.1,636.7,640.1,644.2,649.7,646.5,647.0,648.6,647.4,646.9,657.9,660.3,664.3,670.9,664.8,660.8,656.0,645.3,641.6,642.9,645.1,654.1,667.6,655.9,648.6,645.9,645.0,647.9,653.7,644.8,645.6,648.4,663.5,648.1,645.3,644.7,0.592,0.203,-0.229,0.012,267.713,185.399,-4.858,10.088,-13.193,19.261,4.292,2.177,-4.846,3.627,3.481,-3.351,-0.24,0.933,-0.003,-1.903,-0.691,-0.18,0.159,0.823,-1.045,-0.662,0.618,-0.333,-0.317,-0.54,0.08,0.121,0.069,0.008,-0.11,-0.017,-0.028,-0.009,0.008,0.002,0.41,0.0,0.0,0.36,0.0,0.0,0.0,0.0,0.0,0.39,0.0,0.0,0.0,0.0,0.0,0.0,0.0,0.0,1.0,0.0,1.0,0.0,0.0,0.0,0.0,0.0,0.0,0.0,0.0,0.0,0.0,0.0,0.0,1.0,0.0
PP133,g1,4988,0,0.975,0.193372,0.185798,-0.963372,0.04286,0.1845,-0.981898,0.121,0.188,244.8,246.1,249.3,252.4,253.8,252.7,249.3,246.1,240.6,242.5,245.4,248.8,252.3,254.9,256.7,254.7,251.7,248.5,245.4,242.6,247.9,249.3,250.7,251.3,250.7,249.3,247.9,247.3,282.2,283.1,285.8,288.8,290.3,289.4,286.7,283.4,279.2,281.1,283.7,287.0,289.9,292.0,293.2,292.1,290.2,287.7,284.7,281.6,284.9,286.2,287.4,287.8,287.2,285.9,284.7,284.3,161.3,158.1,156.7,158.1,161.3,164.8,165.9,164.6,162.8,161.0,159.8,159.3,159.9,161.3,163.4,164.5,165.0,165.2,164.9,164.2,162.8,163.4,162.8,161.4,160.0,159.4,160.0,161.4,160.4,157.2,155.8,156.9,159.9,163.1,164.5,163.7,162.6,160.5,158.9,158.1,158.5,159.5,161.2,162.6,163.5,163.9,163.9,163.6,161.7,162.2,161.5,160.1,158.8,158.3,159.0,160.3,-6.8,-5.1,-1.0,3.2,5.0,3.5,-0.9,-5.1,-12.5,-9.9,-6.1,-1.5,3.0,6.5,8.9,6.1,2.3,-2.0,-6.1,-9.8,-2.7,-0.9,0.9,1.7,0.9,-0.9,-2.8,-3.5,43.6,44.9,48.7,52.9,55.0,53.6,49.8,45.3,39.6,42.1,45.6,50.2,54.4,57.5,59.6,57.7,54.8,51.1,46.9,42.7,47.4,49.3,51.0,51.5,50.6,48.8,47.1,46.6,-34.4,-38.7,-40.5,-38.8,-34.5,-29.9,-28.4,-30.2,-32.8,-35.0,-36.4,-37.0,-36.3,-34.5,-31.9,-30.3,-29.6,-29.3,-29.7,-30.7,-32.5,-31.8,-32.6,-34.4,-36.3,-37.1,-36.3,-34.4,-36.7,-41.1,-43.2,-41.8,-37.6,-33.2,-31.2,-32.3,-33.7,-36.6,-38.7,-39.9,-39.6,-38.4,-36.3,-34.1,-32.7,-32.0,-32.0,-32.3,-35.1,-34.5,-35.4,-37.3,-39.1,-39.7,-38.8,-36.9,514.3,514.7,514.9,514.6,514.2,514.0,513.7,513.9,518.5,515.9,513.5,512.4,513.0,514.4,516.1,514.5,512.9,512.6,513.7,515.9,514.9,514.8,514.9,515.1,515.2,515.3,515.3,515.1,528.8,529.8,531.4,532.7,533.0,532.0,530.4,529.2,529.2,528.5,528.3,529.3,532.0,535.5,538.8,535.5,532.2,529.8,528.6,528.7,530.8,531.4,532.1,532.5,532.4,531.9,531.2,530.7,30.1,-3.1,655.4,0.198,-0.174,0.002,220.7,221.3,223.0,225.8,230.7,238.1,247.1,257.6,268.1,276.7,282.8,288.4,293.2,296.6,299.0,300.6,301.0,231.0,237.5,246.1,254.8,262.6,277.9,284.4,290.7,296.8,300.5,270.6,271.6,272.8,273.9,262.6,267.1,271.7,275.7,279.1,240.4,245.7,251.8,256.9,251.7,245.5,279.2,284.1,289.6,293.3,290.1,284.6,253.5,261.1,267.4,271.0,274.8,279.2,282.8,279.3,274.9,270.9,266.8,260.7,256.5,267.0,270.8,274.6,280.7,274.6,270.8,266.9,162.1,173.8,185.4,196.6,207.0,216.1,223.5,228.9,229.9,227.6,221.0,212.9,203.7,193.7,183.2,172.4,161.4,154.8,149.9,148.6,149.9,152.7,152.0,148.9,147.4,148.1,152.2,161.2,169.1,176.8,184.8,189.9,191.3,192.5,191.1,189.3,162.7,159.8,159.8,163.5,164.9,165.1,162.8,158.6,158.5,161.1,163.6,163.9,205.2,202.8,201.2,202.2,200.9,202.2,204.1,209.2,211.4,212.1,211.9,210.0,205.5,204.9,205.1,204.5,204.6,205.7,206.4,206.1,-51.2,-50.5,-47.7,-43.0,-34.3,-21.0,-5.0,13.1,31.3,46.8,58.9,70.0,79.3,85.5,89.5,92.2,92.8,-31.6,-20.6,-6.3,7.8,20.5,45.8,57.1,68.6,80.0,87.6,33.7,35.1,36.7,38.2,20.6,28.0,35.4,42.2,48.1,-15.9,-7.2,3.1,11.4,2.8,-7.4,49.2,57.6,67.4,74.5,68.3,58.7,5.8,18.3,28.6,34.6,41.0,49.0,56.2,49.3,41.5,34.6,27.8,17.7,10.8,28.1,34.4,40.8,52.3,40.8,34.4,28.0,-44.5,-24.1,-3.7,16.1,34.7,50.6,63.1,71.7,73.5,70.3,60.1,46.3,29.8,11.4,-7.8,-27.5,-47.6,-54.4,-61.9,-63.6,-61.2,-56.5,-58.2,-64.2,-67.6,-67.3,-61.1,-43.0,-30.0,-17.2,-4.3,3.9,6.2,8.1,5.9,3.0,-41.2,-46.0,-46.0,-39.9,-37.4,-37.1,-41.7,-48.8,-49.4,-45.4,-40.6,-40.0,29.8,25.3,22.5,24.2,22.2,24.7,28.3,36.5,39.8,40.7,40.3,37.4,30.1,28.7,29.2,28.3,29.1,30.2,31.2,30.7,683.1,687.1,691.7,694.5,694.2,691.2,685.0,676.9,676.3,685.7,700.7,712.7,717.4,716.2,713.8,711.5,710.6,650.1,643.8,639.3,635.7,634.1,641.4,648.9,657.8,667.3,677.6,640.2,634.5,628.2,622.5,639.2,638.0,637.6,641.0,645.1,650.1,647.0,647.5,649.1,647.9,647.4,658.6,660.9,665.0,671.5,665.5,661.5,656.8,646.2,642.6,643.9,646.1,655.1,668.7,656.9,649.6,646.9,645.9,648.8,654.6,645.8,646.6,649.4,664.6,649.1,646.2,645.6,0.591,0.206,-0.23,0.013,267.875,185.441,-5.692,10.558,-13.401,18.79,4.178,2.387,-4.773,3.676,3.315,-3.08,-0.433,1.064,0.215,-1.874,-0.751,0.054,0.144,1.04,-1.047,-0.766,0.514,-0.305,-0.208,-0.619,0.092,0.089,0.058,0.022,-0.109,-0.011,-0.022,-0.01,0.004,0.005,0.5,0.0,0.0,0.6,0.0,0.0,0.0,0.0,0.0,0.31,0.0,0.0,0.0,0.0,0.0,0.0,0.0,0.0,1.0,0.0,1.0,0.0,0.0,0.0,0.0,0.0,0.0,0.0,0.0,0.0,0.0,0.0,0.0,1.0,0.0
PP133,g1,4994,0,0.975,0.192554,0.182692,-0.96413,0.0422,0.182239,-0.982348,0.12,0.185,244.6,245.8,249.0,252.2,253.5,252.5,249.1,245.9,240.3,242.3,245.1,248.6,252.1,254.7,256.5,254.4,251.5,248.3,245.1,242.3,247.7,249.1,250.4,251.0,250.4,249.0,247.7,247.1,282.0,282.9,285.6,288.6,290.1,289.2,286.4,283.2,279.0,280.9,283.5,286.8,289.7,291.8,293.0,291.9,290.0,287.4,284.4,281.3,284.7,286.0,287.2,287.6,286.9,285.6,284.4,284.0,161.3,158.1,156.7,158.0,161.2,164.7,165.8,164.5,162.8,161.0,159.8,159.2,159.8,161.3,163.3,164.5,164.9,165.2,164.9,164.2,162.8,163.4,162.8,161.3,159.9,159.4,160.0,161.4,160.3,157.1,155.6,156.7,159.8,163.0,164.4,163.6,162.5,160.4,158.8,157.9,158.3,159.4,161.1,162.5,163.4,163.8,163.8,163.5,161.6,162.0,161.4,160.0,158.7,158.2,158.8,160.2,-7.2,-5.5,-1.3,2.9,4.6,3.2,-1.2,-5.4,-12.8,-10.2,-6.4,-1.9,2.7,6.2,8.6,5.8,1.9,-2.3,-6.4,-10.1,-3.1,-1.2,0.6,1.3,0.6,-1.3,-3.1,-3.8,43.2,44.5,48.3,52.5,54.6,53.3,49.4,44.9,39.2,41.7,45.2,49.8,54.0,57.1,59.2,57.3,54.4,50.7,46.5,42.3,47.1,48.9,50.6,51.1,50.2,48.4,46.7,46.2,-34.4,-38.7,-40.5,-38.8,-34.5,-29.9,-28.4,-30.1,-32.7,-34.9,-36.3,-37.0,-36.3,-34.5,-31.9,-30.3,-29.6,-29.3,-29.6,-30.7,-32.5,-31.7,-32.5,-34.4,-36.3,-37.1,-36.3,-34.4,-36.8,-41.2,-43.3,-41.9,-37.7,-33.3,-31.3,-32.4,-33.8,-36.6,-38.8,-40.0,-39.7,-38.5,-36.4,-34.2,-32.8,-32.1,-32.0,-32.4,-35.2,-34.6,-35.5,-37.4,-39.2,-39.8,-38.9,-37.0,513.2,513.6,513.7,513.5,513.0,512.9,512.5,512.7,517.4,514.7,512.4,511.2,511.8,513.2,514.9,513.3,511.8,511.4,512.6,514.8,513.8,513.7,513.7,513.9,514.1,514.2,514.1,513.9,527.7,528.7,530.3,531.6,531.9,530.9,529.3,528.1,528.2,527.4,527.2,528.2,530.9,534.4,537.7,534.4,531.1,528.7,527.5,527.6,529.8,530.3,531.0,531.5,531.4,530.8,530.1,529.7,29.8,-3.2,655.1,0.195,-0.173,-0.002,220.6,221.2,223.1,225.9,230.8,238.2,247.2,257.6,268.0,276.6,282.8,288.3,293.1,296.6,298.9,300.5,300.9,230.6,237.1,245.8,254.5,262.4,277.5,284.1,290.5,296.6,300.3,270.3,271.4,272.6,273.8,262.4,267.0,271.6,275.6,279.0,240.2,245.4,251.6,256.7,251.5,245.3,278.9,283.8,289.4,293.1,289.9,284.4,253.4,261.0,267.3,270.9,274.7,279.2,282.8,279.3,274.9,270.8,266.8,260.6,256.4,266.9,270.7,274.5,280.7,274.5,270.7,266.8,162.2,174.0,185.6,196.7,207.2,216.2,223.6,228.9,230.0,227.6,221.0,212.8,203.7,193.6,183.1,172.2,161.2,154.9,150.0,148.6,149.8,152.6,151.9,148.8,147.2,148.0,152.2,161.1,169.0,176.7,184.7,189.8,191.2,192.4,191.0,189.2,162.7,159.7,159.7,163.4,164.9,165.1,162.6,158.5,158.4,161.0,163.5,163.8,205.2,202.7,201.1,202.1,200.8,202.1,203.9,209.1,211.4,212.0,211.8,210.0,205.4,204.8,205.0,204.4,204.5,205.6,206.3,206.0,-51.4,-50.6,-47.7,-42.9,-34.1,-20.8,-4.9,13.1,31.2,46.7,58.7,69.8,79.1,85.4,89.3,91.9,92.6,-32.2,-21.3,-6.9,7.3,20.1,45.2,56.6,68.2,79.7,87.3,33.3,34.7,36.3,37.8,20.3,27.7,35.2,42.0,47.9,-16.4,-7.6,2.6,11.1,2.5,-7.8,48.8,57.2,67.0,74.2,68.0,58.3,5.7,18.1,28.4,34.5,40.8,48.9,56.1,49.2,41.4,34.5,27.7,17.5,10.7,27.9,34.2,40.7,52.2,40.7,34.2,27.8,-44.2,-23.7,-3.4,16.4,35.0,50.7,63.2,71.8,73.5,70.3,60.0,46.2,29.7,11.2,-8.1,-27.8,-47.9,-54.2,-61.9,-63.7,-61.3,-56.6,-58.4,-64.3,-67.8,-67.5,-61.2,-43.2,-30.1,-17.3,-4.5,3.8,6.1,7.9,5.7,2.8,-41.2,-46.0,-46.0,-40.0,-37.5,-37.1,-41.9,-49.0,-49.6,-45.6,-40.9,-40.2,29.7,25.2,22.3,24.0,22.0,24.5,28.1,36.3,39.7,40.6,40.2,37.3,30.0,28.5,29.0,28.0,28.8,30.0,31.1,30.6,683.3,687.2,691.7,694.4,694.0,691.0,684.7,676.6,676.0,685.4,700.3,712.2,717.0,715.8,713.6,711.4,710.6,650.6,644.1,639.3,635.6,633.9,641.1,648.7,657.7,667.3,677.7,640.0,634.1,627.8,622.0,638.8,637.6,637.2,640.6,644.7,650.2,647.1,647.5,649.1,647.9,647.5,658.4,660.8,664.8,671.3,665.3,661.3,656.6,645.9,642.2,643.5,645.6,654.7,668.2,656.6,649.2,646.5,645.6,648.5,654.3,645.4,646.2,649.0,664.1,648.7,645.9,645.3,0.591,0.202,-0.228,0.008,267.741,185.385,-5.156,10.334,-12.719,19.444,4.515,2.388,-4.914,3.352,3.463,-3.233,-0.49,0.812,0.246,-1.648,-0.693,-0.195,0.109,0.792,-0.943,-0.77,0.579,-0.335,-0.254,-0.632,0.062,0.1,0.07,0.019,-0.104,-0.014,-0.023,-0.006,0.008,-0.0,0.54,0.01,0.0,0.58,0.0,0.0,0.0,0.0,0.0,0.38,0.0,0.0,0.0,0.0,0.0,0.0,0.0,0.0,1.0,0.0,1.0,0.0,0.0,0.0,0.0,0.0,0.0,0.0,0.0,0.0,0.0,0.0,0.0,1.0,0.0
PP133,g1,5000,0,0.975,0.193673,0.184255,-0.963608,0.043061,0.184146,-0.981955,0.121,0.187,244.7,246.0,249.1,252.3,253.7,252.6,249.2,246.0,240.4,242.4,245.2,248.7,252.2,254.8,256.7,254.6,251.6,248.4,245.2,242.5,247.8,249.2,250.6,251.1,250.6,249.2,247.8,247.2,282.1,283.0,285.7,288.7,290.2,289.3,286.6,283.3,279.1,281.0,283.6,286.9,289.8,291.9,293.1,292.0,290.1,287.6,284.6,281.5,284.8,286.1,287.3,287.7,287.1,285.8,284.6,284.2,161.4,158.1,156.8,158.1,161.3,164.8,165.9,164.6,162.9,161.1,159.9,159.3,159.9,161.3,163.3,164.5,165.0,165.2,165.0,164.3,162.9,163.4,162.8,161.4,160.0,159.4,160.0,161.4,160.3,157.1,155.6,156.7,159.7,162.9,164.4,163.5,162.5,160.4,158.7,157.9,158.3,159.3,161.0,162.5,163.3,163.8,163.7,163.5,161.5,162.0,161.4,160.0,158.6,158.2,158.8,160.2,-7.0,-5.3,-1.1,3.0,4.8,3.4,-1.0,-5.2,-12.7,-10.0,-6.3,-1.7,2.9,6.3,8.8,6.0,2.1,-2.1,-6.2,-9.9,-2.9,-1.1,0.8,1.5,0.7,-1.1,-2.9,-3.7,43.3,44.6,48.5,52.6,54.7,53.4,49.5,45.1,39.3,41.8,45.4,49.9,54.1,57.3,59.3,57.5,54.5,50.8,46.7,42.5,47.2,49.0,50.7,51.3,50.4,48.6,46.9,46.3,-34.2,-38.5,-40.4,-38.6,-34.4,-29.8,-28.3,-30.0,-32.5,-34.7,-36.1,-36.9,-36.1,-34.3,-31.8,-30.1,-29.4,-29.1,-29.5,-30.5,-32.4,-31.6,-32.4,-34.3,-36.1,-36.9,-36.1,-34.2,-36.8,-41.2,-43.3,-41.9,-37.8,-33.4,-31.3,-32.4,-33.8,-36.6,-38.8,-40.0,-39.7,-38.6,-36.5,-34.2,-32.9,-32.1,-32.1,-32.4,-35.2,-34.6,-35.5,-37.4,-39.2,-39.9,-38.9,-37.0,512.2,512.6,512.8,512.5,512.1,511.9,511.6,511.8,516.4,513.8,511.4,510.3,510.9,512.3,514.0,512.4,510.8,510.5,511.6,513.9,512.8,512.7,512.8,512.9,513.1,513.2,513.2,513.0,527.5,528.5,530.1,531.4,531.6,530.7,529.0,527.9,527.9,527.1,527.0,528.0,530.6,534.1,537.5,534.2,530.9,528.5,527.3,527.4,529.5,530.1,530.8,531.2,531.1,530.5,529.8,529.4,30.2,-3.2,655.0,0.197,-0.175,-0.004,220.7,221.4,223.2,226.0,230.9,238.3,247.3,257.8,268.3,276.8,283.0,288.5,293.3,296.7,299.0,300.6,301.0,230.8,237.3,245.9,254.7,262.5,277.7,284.2,290.6,296.7,300.4,270.4,271.5,272.8,274.0,262.6,267.2,271.8,275.8,279.2,240.3,245.5,251.7,256.8,251.6,245.4,279.1,284.0,289.5,293.3,290.0,284.6,253.7,261.3,267.6,271.2,275.0,279.4,283.0,279.5,275.2,271.1,267.1,260.9,256.7,267.2,271.0,274.8,280.9,274.8,271.0,267.2,162.3,174.0,185.5,196.7,207.1,216.1,223.5,228.9,229.9,227.5,220.9,212.8,203.6,193.5,183.0,172.1,161.1,154.9,150.0,148.6,149.9,152.7,152.0,148.8,147.2,147.9,152.1,161.2,169.0,176.8,184.7,189.9,191.3,192.4,191.0,189.2,162.8,159.8,159.8,163.5,165.0,165.2,162.6,158.5,158.3,160.9,163.5,163.8,205.3,202.8,201.1,202.1,200.8,202.1,203.9,209.1,211.4,212.0,211.9,210.0,205.5,204.8,205.0,204.4,204.4,205.6,206.3,206.1,-51.1,-50.3,-47.4,-42.6,-33.9,-20.7,-4.7,13.5,31.6,47.1,59.1,70.2,79.4,85.6,89.5,92.1,92.7,-32.0,-21.0,-6.7,7.6,20.3,45.4,56.7,68.3,79.7,87.5,33.5,35.0,36.6,38.2,20.7,28.1,35.5,42.3,48.2,-16.2,-7.4,2.8,11.3,2.7,-7.6,49.0,57.4,67.2,74.3,68.2,58.5,6.2,18.6,28.8,34.9,41.2,49.3,56.5,49.6,41.9,35.0,28.3,18.1,11.2,28.4,34.7,41.1,52.5,41.2,34.7,28.3,-44.1,-23.8,-3.5,16.3,34.8,50.6,63.1,71.7,73.4,70.3,60.0,46.1,29.6,11.1,-8.2,-28.0,-48.0,-54.2,-61.8,-63.5,-61.2,-56.4,-58.3,-64.3,-67.8,-67.6,-61.5,-43.1,-30.0,-17.3,-4.4,3.9,6.2,8.0,5.7,2.8,-41.1,-45.9,-45.9,-39.9,-37.4,-37.0,-41.9,-49.1,-49.7,-45.7,-40.9,-40.2,29.9,25.2,22.4,24.0,22.0,24.4,28.0,36.3,39.7,40.6,40.3,37.4,30.1,28.6,29.0,28.0,28.8,30.0,31.1,30.7,682.7,686.7,691.1,694.0,693.7,690.8,684.7,676.6,676.0,685.4,700.3,712.3,717.1,715.9,713.6,711.3,710.4,650.0,643.5,638.8,635.1,633.5,640.7,648.3,657.3,667.0,677.4,639.7,633.9,627.6,621.9,638.6,637.5,637.1,640.5,644.6,649.9,646.7,647.2,648.8,647.6,647.2,658.1,660.5,664.6,671.1,665.1,661.1,656.3,645.7,642.0,643.3,645.4,654.4,668.1,656.4,649.0,646.4,645.4,648.3,654.1,645.2,646.0,648.8,664.0,648.5,645.7,645.1,0.591,0.204,-0.231,0.007,267.928,185.383,-4.874,9.93,-13.007,19.47,4.114,2.094,-4.924,3.883,3.394,-3.303,-0.485,0.909,-0.078,-1.664,-0.57,-0.196,0.096,0.725,-0.945,-0.665,0.631,-0.343,-0.261,-0.6,0.037,0.133,0.092,0.013,-0.103,-0.016,-0.014,-0.009,0.01,-0.001,0.41,0.0,0.0,0.51,0.0,0.0,0.0,0.0,0.0,0.26,0.0,0.0,0.0,0.0,0.0,0.0,0.0,0.0,1.0,0.0,1.0,0.0,0.0,0.0,0.0,0.0,0.0,0.0,0.0,0.0,0.0,0.0,0.0,1.0,0.0
PP133,g1,5006,0,0.975,0.195201,0.193718,-0.961442,0.041992,0.192834,-0.980332,0.122,0.197,244.7,246.0,249.2,252.4,253.7,252.6,249.2,246.1,240.5,242.4,245.3,248.8,252.2,254.9,256.7,254.6,251.6,248.4,245.3,242.5,247.8,249.2,250.6,251.2,250.6,249.2,247.8,247.3,282.1,283.0,285.7,288.7,290.2,289.3,286.6,283.3,279.1,281.0,283.6,286.9,289.8,291.9,293.1,292.0,290.1,287.6,284.6,281.5,284.8,286.1,287.3,287.7,287.1,285.8,284.6,284.2,161.0,157.8,156.4,157.8,161.0,164.5,165.6,164.2,162.5,160.7,159.5,159.0,159.6,161.0,163.1,164.2,164.7,164.9,164.6,163.9,162.5,163.1,162.5,161.1,159.7,159.1,159.7,161.1,160.1,156.9,155.4,156.5,159.6,162.8,164.2,163.4,162.3,160.2,158.6,157.8,158.1,159.1,160.8,162.3,163.2,163.6,163.6,163.3,161.4,161.8,161.2,159.8,158.5,158.0,158.6,160.0,-6.9,-5.2,-1.0,3.1,4.9,3.4,-1.0,-5.2,-12.6,-10.0,-6.2,-1.6,2.9,6.4,8.8,6.0,2.1,-2.1,-6.2,-9.9,-2.9,-1.0,0.8,1.6,0.8,-1.0,-2.9,-3.6,43.4,44.7,48.6,52.7,54.8,53.5,49.6,45.1,39.4,41.9,45.5,50.0,54.2,57.4,59.4,57.5,54.6,50.9,46.7,42.6,47.3,49.1,50.8,51.4,50.5,48.7,47.0,46.4,-34.9,-39.1,-40.9,-39.2,-34.9,-30.3,-28.8,-30.6,-33.2,-35.4,-36.8,-37.4,-36.7,-34.9,-32.3,-30.6,-30.0,-29.7,-30.1,-31.2,-32.9,-32.2,-33.0,-34.8,-36.7,-37.5,-36.7,-34.8,-37.1,-41.5,-43.6,-42.2,-38.0,-33.6,-31.6,-32.7,-34.1,-36.9,-39.1,-40.3,-40.0,-38.8,-36.7,-34.5,-33.1,-32.4,-32.3,-32.7,-35.5,-34.9,-35.8,-37.7,-39.5,-40.1,-39.2,-37.3,514.2,514.6,514.8,514.6,514.1,514.0,513.6,513.8,518.4,515.8,513.4,512.3,512.9,514.3,516.0,514.4,512.9,512.5,513.6,515.8,514.8,514.7,514.8,515.0,515.2,515.2,515.2,515.0,528.3,529.2,530.9,532.2,532.4,531.5,529.9,528.7,528.8,528.0,527.8,528.8,531.4,534.9,538.3,535.0,531.7,529.3,528.1,528.2,530.3,530.9,531.6,532.0,531.9,531.3,530.6,530.2,29.8,-3.9,657.2,0.211,-0.175,0.004,220.8,221.3,223.0,225.7,230.5,237.8,246.8,257.1,267.5,276.2,282.4,288.0,293.0,296.5,298.8,300.5,300.9,231.0,237.5,246.1,254.8,262.6,277.7,284.3,290.6,296.7,300.5,270.4,271.5,272.6,273.7,262.4,266.9,271.5,275.5,278.9,240.3,245.6,251.8,256.8,251.6,245.4,279.1,284.0,289.5,293.3,290.0,284.5,253.1,260.7,267.1,270.7,274.5,279.0,282.7,279.0,274.6,270.5,266.4,260.2,256.0,266.7,270.5,274.3,280.5,274.3,270.5,266.6,161.6,173.3,184.8,195.8,206.3,215.2,222.7,228.1,229.2,226.9,220.2,212.1,202.9,192.9,182.4,171.6,160.6,154.4,149.6,148.3,149.6,152.4,151.7,148.6,147.0,147.7,151.8,161.0,168.8,176.6,184.5,189.5,191.0,192.1,190.7,189.0,162.4,159.4,159.5,163.2,164.6,164.8,162.5,158.3,158.2,160.8,163.3,163.6,204.6,202.3,200.7,201.7,200.4,201.7,203.4,208.8,211.1,211.7,211.5,209.5,204.9,204.4,204.6,204.0,204.0,205.3,206.0,205.7,-51.2,-50.6,-47.9,-43.3,-34.8,-21.6,-5.7,12.4,30.5,46.1,58.3,69.6,79.1,85.5,89.5,92.2,92.9,-31.7,-20.7,-6.4,7.8,20.5,45.6,57.0,68.5,79.9,87.6,33.6,35.0,36.5,37.9,20.3,27.7,35.1,41.9,47.9,-16.1,-7.3,2.9,11.3,2.7,-7.6,49.1,57.6,67.3,74.5,68.3,58.6,5.2,17.8,28.2,34.3,40.7,48.8,56.1,49.0,41.1,34.1,27.3,17.0,10.2,27.6,34.0,40.5,52.1,40.5,33.9,27.5,-45.3,-25.0,-4.8,14.9,33.4,49.2,61.9,70.7,72.5,69.3,58.9,45.0,28.4,10.0,-9.3,-29.0,-49.0,-55.2,-62.6,-64.2,-61.8,-57.0,-58.8,-64.8,-68.3,-68.0,-62.0,-43.5,-30.4,-17.6,-4.7,3.3,5.7,7.6,5.3,2.5,-41.9,-46.6,-46.5,-40.5,-38.0,-37.7,-42.3,-49.4,-50.0,-46.0,-41.3,-40.6,28.8,24.5,21.8,23.5,21.5,23.9,27.4,35.9,39.4,40.3,39.8,36.7,29.2,28.0,28.5,27.6,28.2,29.7,30.8,30.2,684.1,688.1,692.8,695.8,695.8,693.1,687.2,679.3,678.8,688.0,702.8,714.5,719.1,717.8,715.5,713.2,712.2,651.3,644.9,640.3,636.7,635.1,642.4,649.8,658.7,668.2,678.4,641.4,635.8,629.8,624.3,640.9,639.8,639.5,642.8,646.9,651.4,648.2,648.7,650.3,649.1,648.7,659.7,662.0,666.0,672.5,666.6,662.7,658.9,648.3,644.5,645.8,648.0,657.0,670.7,659.2,651.8,649.2,648.2,651.1,656.7,647.8,648.6,651.3,666.7,651.2,648.4,647.8,0.589,0.217,-0.229,0.016,267.673,184.976,-6.405,9.383,-12.62,18.151,4.694,1.862,-4.983,3.013,2.947,-2.63,-0.343,1.042,0.288,-1.615,-0.914,-0.219,0.23,0.921,-1.081,-0.786,0.496,-0.404,-0.175,-0.458,0.069,0.026,0.08,0.014,-0.102,-0.015,-0.017,-0.001,0.004,-0.001,0.63,0.28,0.0,0.53,0.0,0.0,0.0,0.0,0.0,0.59,0.0,0.0,0.0,0.0,0.0,0.0,0.0,0.0,1.0,0.0,1.0,0.0,0.0,0.0,0.0,0.0,1.0,0.0,0.0,0.0,0.0,0.0,0.0,1.0,0.0
PP133,g1,5012,0,0.975,0.196725,0.19201,-0.961474,0.041644,0.191909,-0.980529,0.122,0.195,244.4,245.7,248.9,252.1,253.4,252.3,248.9,245.8,240.2,242.1,245.0,248.5,251.9,254.6,256.4,254.3,251.3,248.1,245.0,242.2,247.5,248.9,250.3,250.9,250.3,248.9,247.5,247.0,281.8,282.7,285.4,288.4,289.9,289.0,286.3,283.0,278.8,280.7,283.3,286.6,289.5,291.6,292.8,291.7,289.8,287.3,284.3,281.2,284.5,285.8,287.0,287.4,286.8,285.5,284.3,283.9,160.6,157.3,156.0,157.3,160.5,164.0,165.1,163.8,162.0,160.2,159.1,158.5,159.1,160.5,162.6,163.7,164.2,164.4,164.1,163.4,162.0,162.6,162.0,160.6,159.2,158.6,159.2,160.6,159.5,156.3,154.8,155.9,159.0,162.2,163.6,162.8,161.8,159.6,158.0,157.2,157.5,158.5,160.2,161.7,162.6,163.0,163.0,162.7,160.8,161.2,160.6,159.2,157.9,157.4,158.0,159.4,-7.3,-5.6,-1.5,2.7,4.5,3.1,-1.4,-5.6,-13.0,-10.4,-6.6,-2.0,2.5,6.0,8.4,5.6,1.8,-2.4,-6.6,-10.3,-3.2,-1.4,0.4,1.2,0.4,-1.4,-3.3,-4.0,43.1,44.4,48.2,52.4,54.4,53.1,49.3,44.8,39.1,41.6,45.1,49.6,53.8,57.0,59.1,57.2,54.2,50.6,46.4,42.2,46.9,48.8,50.5,51.0,50.1,48.3,46.6,46.0,-35.5,-39.8,-41.6,-39.8,-35.6,-31.0,-29.5,-31.2,-33.8,-36.0,-37.4,-38.1,-37.3,-35.5,-33.0,-31.3,-30.6,-30.3,-30.7,-31.8,-33.6,-32.8,-33.6,-35.5,-37.4,-38.1,-37.3,-35.4,-37.9,-42.3,-44.4,-43.0,-38.9,-34.5,-32.4,-33.5,-34.9,-37.8,-39.9,-41.1,-40.8,-39.7,-37.6,-35.4,-34.0,-33.3,-33.2,-33.5,-36.4,-35.7,-36.7,-38.6,-40.4,-41.0,-40.1,-38.1,514.2,514.6,514.8,514.6,514.2,514.0,513.6,513.8,518.3,515.7,513.4,512.3,512.9,514.4,516.1,514.5,512.9,512.5,513.6,515.8,514.8,514.7,514.8,515.0,515.2,515.3,515.2,515.0,529.0,529.9,531.5,532.8,533.1,532.1,530.6,529.4,529.5,528.6,528.4,529.4,532.1,535.6,538.9,535.7,532.4,530.0,528.8,528.9,531.0,531.6,532.3,532.7,532.6,532.0,531.3,530.9,29.5,-5.0,658.4,0.209,-0.175,0.001,220.5,221.1,222.8,225.5,230.4,237.8,246.8,257.1,267.5,276.0,282.2,287.9,292.8,296.4,298.7,300.3,300.7,230.5,237.0,245.6,254.3,262.3,277.4,283.9,290.3,296.4,300.2,270.1,271.2,272.4,273.5,262.2,266.7,271.3,275.3,278.7,240.0,245.3,251.5,256.5,251.3,245.1,278.8,283.7,289.2,293.0,289.7,284.2,253.0,260.6,266.9,270.6,274.3,278.8,282.4,278.8,274.4,270.4,266.3,260.1,256.0,266.5,270.3,274.1,280.3,274.1,270.3,266.4,161.3,172.9,184.4,195.4,205.7,214.7,222.0,227.3,228.4,226.0,219.4,211.4,202.3,192.3,181.8,171.0,160.0,154.1,149.2,147.8,149.0,151.8,151.1,147.9,146.4,147.1,151.2,160.4,168.2,175.9,183.8,188.9,190.3,191.4,190.0,188.3,161.9,159.0,159.0,162.7,164.1,164.3,161.9,157.7,157.6,160.1,162.7,163.0,203.9,201.6,200.0,201.0,199.7,201.0,202.7,208.0,210.3,210.9,210.7,208.8,204.2,203.7,203.9,203.3,203.3,204.5,205.2,205.0,-51.8,-51.1,-48.3,-43.6,-35.0,-21.7,-5.7,12.4,30.4,45.9,58.1,69.4,78.9,85.4,89.3,92.0,92.7,-32.5,-21.6,-7.2,7.1,20.0,45.2,56.6,68.1,79.6,87.4,33.1,34.6,36.1,37.6,20.1,27.4,34.9,41.6,47.6,-16.7,-7.8,2.5,10.9,2.2,-8.1,48.7,57.2,66.9,74.1,67.9,58.2,5.1,17.6,28.0,34.1,40.4,48.5,55.8,48.7,40.9,33.9,27.1,16.9,10.1,27.5,33.8,40.3,51.9,40.2,33.7,27.3,-46.0,-25.8,-5.6,14.1,32.5,48.3,60.7,69.4,71.2,67.9,57.5,43.7,27.3,8.8,-10.5,-30.2,-50.3,-55.9,-63.4,-65.2,-62.8,-58.1,-60.0,-66.0,-69.5,-69.3,-63.1,-44.5,-31.5,-18.8,-5.9,2.2,4.5,6.4,4.1,1.3,-42.7,-47.4,-47.5,-41.4,-38.9,-38.6,-43.4,-50.5,-51.2,-47.2,-42.4,-41.6,27.8,23.4,20.6,22.3,20.3,22.7,26.2,34.6,38.1,39.0,38.6,35.5,28.1,26.8,27.3,26.4,26.9,28.4,29.5,29.0,685.7,689.6,694.2,697.1,696.9,694.2,688.2,680.3,679.8,689.0,703.7,715.5,720.2,719.2,717.0,714.9,714.1,653.1,646.6,641.9,638.1,636.4,643.7,651.2,660.1,669.8,680.1,642.7,637.1,631.0,625.5,642.0,641.0,640.6,644.0,648.0,652.9,649.6,650.1,651.7,650.6,650.1,661.1,663.4,667.4,674.0,668.0,664.0,660.0,649.5,645.7,646.9,649.0,658.1,671.7,660.2,652.9,650.2,649.3,652.2,657.8,648.9,649.7,652.4,667.7,652.2,649.5,648.9,0.588,0.212,-0.229,0.012,267.456,184.333,-5.397,9.004,-12.635,17.789,5.488,1.63,-5.061,2.819,3.109,-2.708,-0.597,1.082,0.537,-1.57,-0.826,-0.222,0.094,0.882,-1.191,-0.657,0.462,-0.533,-0.16,-0.472,0.029,0.011,0.098,0.013,-0.1,-0.01,-0.016,0.004,0.007,-0.002,0.65,0.12,0.0,0.19,0.0,0.0,0.13,0.0,0.0,0.22,0.0,0.0,0.0,0.0,0.0,0.0,0.0,0.0,1.0,0.0,1.0,0.0,0.0,0.0,0.0,0.0,0.0,0.0,0.0,0.0,0.0,0.0,0.0,1.0,0.0
PP133,g1,5018,0,0.975,0.195743,0.187279,-0.962607,0.040557,0.187008,-0.981521,0.121,0.19,244.1,245.4,248.5,251.7,253.0,251.9,248.6,245.4,239.8,241.8,244.6,248.1,251.6,254.2,256.0,253.9,251.0,247.8,244.6,241.8,247.2,248.6,249.9,250.5,249.9,248.5,247.2,246.6,281.4,282.3,285.0,288.0,289.5,288.6,285.9,282.6,278.4,280.3,282.9,286.2,289.1,291.2,292.4,291.3,289.4,286.9,283.9,280.8,284.1,285.4,286.6,287.0,286.4,285.1,283.9,283.5,160.5,157.2,155.9,157.2,160.4,163.9,165.0,163.7,161.9,160.1,159.0,158.4,159.0,160.4,162.5,163.6,164.1,164.3,164.0,163.3,161.9,162.5,161.9,160.5,159.1,158.5,159.1,160.5,159.4,156.2,154.8,155.9,158.9,162.1,163.5,162.7,161.7,159.5,157.9,157.1,157.4,158.5,160.2,161.6,162.5,162.9,162.9,162.7,160.7,161.2,160.5,159.1,157.8,157.3,158.0,159.4,-7.8,-6.1,-2.0,2.2,4.0,2.6,-1.9,-6.1,-13.5,-10.9,-7.1,-2.5,2.0,5.5,7.9,5.1,1.3,-2.9,-7.1,-10.8,-3.7,-1.9,-0.1,0.7,-0.1,-1.9,-3.8,-4.5,42.6,43.8,47.7,51.9,53.9,52.6,48.8,44.3,38.6,41.1,44.6,49.1,53.3,56.5,58.6,56.7,53.7,50.1,45.9,41.7,46.4,48.3,49.9,50.5,49.6,47.8,46.1,45.5,-35.6,-39.9,-41.7,-40.0,-35.7,-31.1,-29.6,-31.4,-34.0,-36.2,-37.6,-38.2,-37.5,-35.7,-33.1,-31.5,-30.8,-30.5,-30.9,-32.0,-33.7,-33.0,-33.8,-35.6,-37.5,-38.3,-37.5,-35.6,-38.1,-42.4,-44.6,-43.2,-39.1,-34.7,-32.6,-33.6,-35.0,-37.9,-40.1,-41.3,-41.0,-39.8,-37.7,-35.5,-34.1,-33.4,-33.3,-33.7,-36.5,-35.9,-36.8,-38.7,-40.5,-41.1,-40.2,-38.3,514.8,515.2,515.3,515.1,514.7,514.5,514.1,514.3,518.9,516.3,514.0,512.8,513.5,514.9,516.6,515.0,513.4,513.1,514.2,516.4,515.4,515.3,515.4,515.5,515.7,515.8,515.8,515.6,529.5,530.4,532.0,533.3,533.5,532.6,531.0,529.8,529.9,529.1,528.9,529.9,532.6,536.0,539.4,536.1,532.8,530.4,529.2,529.4,531.5,532.0,532.7,533.2,533.0,532.5,531.8,531.4,28.9,-5.2,659.3,0.203,-0.173,0.001,220.2,220.8,222.6,225.3,230.1,237.5,246.5,256.8,267.2,275.7,281.9,287.6,292.5,296.0,298.3,299.9,300.4,230.2,236.6,245.2,253.9,261.9,277.0,283.5,289.9,296.0,299.8,269.7,270.8,271.9,273.1,261.8,266.3,270.9,274.9,278.3,239.7,244.9,251.1,256.1,251.0,244.8,278.4,283.3,288.8,292.6,289.3,283.8,252.7,260.2,266.5,270.2,273.9,278.4,282.1,278.4,274.0,270.0,266.0,259.8,255.6,266.2,269.9,273.7,279.9,273.7,269.9,266.1,161.3,172.9,184.4,195.4,205.7,214.6,221.9,227.2,228.3,225.9,219.4,211.4,202.4,192.5,182.0,171.2,160.2,154.0,149.1,147.7,148.9,151.7,151.0,147.8,146.3,147.1,151.2,160.3,168.0,175.7,183.6,188.7,190.1,191.2,189.9,188.1,161.8,158.9,158.9,162.6,164.0,164.2,161.8,157.7,157.5,160.1,162.6,162.9,203.8,201.4,199.8,200.8,199.6,200.9,202.6,207.8,210.1,210.7,210.5,208.6,204.0,203.5,203.7,203.1,203.1,204.4,205.1,204.8,-52.5,-51.7,-48.8,-44.1,-35.5,-22.2,-6.2,11.9,29.9,45.4,57.6,68.9,78.4,84.8,88.8,91.5,92.2,-33.2,-22.2,-7.9,6.5,19.3,44.5,56.0,67.5,79.0,86.8,32.5,33.9,35.5,37.0,19.4,26.8,34.3,41.0,47.0,-17.3,-8.5,1.8,10.2,1.6,-8.7,48.1,56.6,66.4,73.6,67.3,57.6,4.5,17.0,27.4,33.5,39.8,47.9,55.2,48.1,40.2,33.3,26.6,16.3,9.5,26.9,33.2,39.6,51.3,39.6,33.1,26.7,-46.1,-25.8,-5.6,14.1,32.5,48.2,60.6,69.2,71.0,67.8,57.5,43.9,27.5,9.1,-10.1,-29.9,-50.0,-56.1,-63.7,-65.5,-63.2,-58.4,-60.3,-66.2,-69.7,-69.4,-63.3,-44.8,-31.8,-19.0,-6.2,2.0,4.3,6.1,3.9,1.1,-43.0,-47.7,-47.7,-41.7,-39.2,-38.8,-43.6,-50.8,-51.4,-47.4,-42.6,-41.9,27.6,23.2,20.4,22.1,20.1,22.5,26.0,34.4,37.8,38.7,38.3,35.3,27.9,26.6,27.0,26.1,26.8,28.2,29.3,28.8,687.3,691.1,695.4,698.2,697.9,695.1,689.0,681.0,680.4,689.5,704.3,716.1,720.9,720.0,718.0,716.1,715.4,654.6,648.1,643.4,639.5,637.7,644.9,652.4,661.4,671.0,681.3,643.9,638.3,632.1,626.5,643.1,641.9,641.6,644.9,648.9,654.2,651.0,651.5,653.0,651.9,651.5,662.2,664.6,668.6,675.1,669.1,665.2,661.0,650.5,646.6,647.8,649.9,658.9,672.5,661.0,653.7,651.1,650.2,653.1,658.8,649.8,650.5,653.2,668.5,653.1,650.4,649.9,0.587,0.206,-0.227,0.011,267.088,184.25,-5.276,8.877,-12.547,17.833,5.806,1.765,-4.821,3.095,3.244,-2.522,-0.625,1.154,0.548,-1.494,-0.725,-0.23,0.126,1.019,-1.219,-0.508,0.566,-0.477,-0.146,-0.477,-0.003,0.025,0.083,0.004,-0.099,-0.011,-0.019,0.006,0.006,0.001,0.18,0.0,0.0,0.24,0.0,0.0,0.0,0.0,0.0,0.23,0.0,0.0,0.0,0.0,0.0,0.0,0.0,0.0,1.0,0.0,1.0,0.0,0.0,0.0,0.0,0.0,0.0,0.0,0.0,0.0,0.0,0.0,0.0,1.0,0.0
PP133,g1,5024,0,0.975,0.191289,0.181116,-0.964679,0.041626,0.181126,-0.982579,0.119,0.184,244.0,245.3,248.5,251.6,253.0,251.9,248.6,245.4,239.8,241.7,244.6,248.0,251.5,254.2,256.0,253.9,251.0,247.7,244.6,241.8,247.1,248.5,249.9,250.5,249.9,248.5,247.1,246.6,281.4,282.3,285.0,288.0,289.5,288.6,285.9,282.6,278.4,280.3,282.9,286.2,289.1,291.2,292.4,291.3,289.4,286.9,283.9,280.8,284.1,285.4,286.6,287.0,286.4,285.0,283.9,283.5,160.8,157.6,156.2,157.5,160.7,164.2,165.3,164.0,162.3,160.5,159.3,158.7,159.3,160.7,162.8,163.9,164.4,164.6,164.4,163.7,162.3,162.8,162.2,160.8,159.4,158.8,159.4,160.9,159.7,156.5,155.0,156.1,159.1,162.3,163.8,162.9,161.9,159.8,158.1,157.3,157.7,158.7,160.4,161.9,162.7,163.2,163.1,162.9,160.9,161.4,160.8,159.4,158.0,157.6,158.2,159.6,-7.9,-6.2,-2.0,2.2,3.9,2.5,-1.9,-6.1,-13.5,-10.9,-7.1,-2.6,2.0,5.5,7.9,5.1,1.3,-3.0,-7.1,-10.8,-3.8,-1.9,-0.1,0.6,-0.1,-2.0,-3.8,-4.5,42.4,43.6,47.5,51.7,53.7,52.4,48.6,44.1,38.4,40.9,44.4,48.9,53.1,56.3,58.3,56.5,53.6,49.9,45.7,41.5,46.2,48.1,49.7,50.3,49.4,47.6,45.9,45.3,-35.1,-39.4,-41.2,-39.5,-35.2,-30.6,-29.1,-30.8,-33.4,-35.6,-37.0,-37.7,-37.0,-35.2,-32.6,-31.0,-30.3,-29.9,-30.3,-31.4,-33.2,-32.5,-33.3,-35.1,-37.0,-37.8,-37.0,-35.1,-37.6,-42.0,-44.1,-42.7,-38.6,-34.2,-32.1,-33.2,-34.5,-37.4,-39.6,-40.8,-40.5,-39.4,-37.2,-35.0,-33.7,-32.9,-32.9,-33.2,-36.0,-35.4,-36.3,-38.2,-40.0,-40.6,-39.7,-37.8,513.4,513.8,513.9,513.7,513.2,513.0,512.7,512.9,517.6,515.0,512.6,511.4,512.0,513.4,515.1,513.5,511.9,511.6,512.8,515.0,514.0,513.8,513.9,514.1,514.3,514.4,514.3,514.2,527.3,528.3,529.9,531.2,531.4,530.4,528.8,527.6,527.7,526.9,526.7,527.7,530.4,533.9,537.2,534.0,530.6,528.2,527.0,527.1,529.3,529.8,530.6,531.0,530.9,530.3,529.6,529.2,29.1,-4.2,656.0,0.193,-0.171,-0.004,220.3,220.9,222.8,225.6,230.5,237.9,246.8,257.2,267.6,276.2,282.4,287.9,292.7,296.2,298.4,300.0,300.4,230.2,236.6,245.2,253.9,261.7,277.0,283.5,289.9,296.0,299.7,269.7,270.8,272.0,273.2,261.9,266.5,271.0,275.1,278.5,239.7,244.9,251.1,256.1,251.0,244.7,278.4,283.3,288.8,292.6,289.3,283.9,252.9,260.5,266.8,270.4,274.2,278.7,282.4,278.8,274.4,270.3,266.3,260.1,255.9,266.4,270.2,274.0,280.2,274.0,270.2,266.3,161.9,173.6,185.2,196.3,206.7,215.7,223.1,228.5,229.6,227.2,220.6,212.5,203.3,193.2,182.6,171.7,160.6,154.4,149.5,148.1,149.2,152.0,151.3,148.1,146.6,147.3,151.5,160.5,168.3,176.1,184.1,189.2,190.6,191.8,190.4,188.6,162.2,159.2,159.2,162.9,164.4,164.6,162.0,157.9,157.7,160.3,162.9,163.2,204.6,202.1,200.4,201.4,200.1,201.5,203.3,208.6,210.9,211.5,211.3,209.5,204.8,204.1,204.3,203.7,203.8,205.1,205.8,205.6,-52.0,-51.2,-48.2,-43.4,-34.7,-21.5,-5.6,12.4,30.5,46.0,58.1,69.1,78.4,84.6,88.5,91.1,91.7,-33.1,-22.2,-7.9,6.3,19.1,44.3,55.7,67.2,78.6,86.4,32.3,33.8,35.4,37.0,19.6,26.9,34.4,41.1,47.0,-17.2,-8.5,1.8,10.2,1.6,-8.7,47.9,56.3,66.1,73.2,67.1,57.4,5.0,17.4,27.6,33.7,40.0,48.1,55.4,48.5,40.6,33.7,27.0,16.8,10.0,27.2,33.5,39.9,51.5,39.9,33.5,27.0,-44.9,-24.5,-4.2,15.6,34.2,50.0,62.5,71.1,72.9,69.7,59.4,45.6,29.0,10.4,-8.9,-28.8,-48.9,-55.2,-62.8,-64.7,-62.4,-57.7,-59.5,-65.5,-69.0,-68.8,-62.5,-44.3,-31.1,-18.3,-5.4,2.8,5.1,7.0,4.7,1.8,-42.1,-47.0,-47.0,-41.0,-38.4,-38.0,-43.0,-50.2,-50.8,-46.7,-42.0,-41.3,28.8,24.2,21.3,23.0,20.9,23.4,27.0,35.4,38.9,39.8,39.4,36.5,29.0,27.5,27.9,27.0,27.8,29.3,30.3,29.9,684.1,688.0,692.4,695.1,694.7,691.7,685.6,677.5,676.8,686.0,700.8,712.7,717.4,716.3,714.1,711.9,711.1,651.6,645.2,640.5,636.7,634.9,642.1,649.5,658.4,668.0,678.2,641.0,635.1,628.8,623.1,639.8,638.6,638.1,641.5,645.6,651.3,648.2,648.6,650.1,648.9,648.6,659.2,661.6,665.6,672.0,666.0,662.1,657.6,646.9,643.2,644.4,646.5,655.4,668.9,657.4,650.1,647.5,646.6,649.5,655.3,646.3,647.1,649.8,664.9,649.7,646.9,646.4,0.59,0.199,-0.225,0.006,267.246,184.835,-6.762,9.68,-12.528,19.777,4.292,2.336,-4.692,3.578,3.43,-3.366,-0.597,0.885,0.027,-1.628,-0.416,-0.39,0.16,0.995,-1.151,-0.596,0.438,-0.347,-0.197,-0.487,0.026,0.1,0.111,0.01,-0.1,-0.016,-0.02,-0.007,0.011,-0.005,0.72,0.35,0.0,0.69,0.0,0.0,0.01,0.0,0.0,0.34,0.0,0.0,0.0,0.0,0.0,0.0,0.0,0.0,1.0,0.0,1.0,0.0,0.0,0.0,0.0,0.0,0.0,0.0,0.0,0.0,0.0,0.0,0.0,1.0,0.0
PP133,g1,5030,0,0.975,0.193959,0.189122,-0.962607,0.042999,0.189462,-0.980946,0.121,0.192,244.6,245.9,249.0,252.2,253.6,252.5,249.1,245.9,240.3,242.3,245.1,248.6,252.1,254.7,256.6,254.5,251.5,248.3,245.2,242.4,247.7,249.1,250.5,251.0,250.5,249.1,247.7,247.1,282.0,282.9,285.6,288.6,290.1,289.2,286.5,283.2,279.0,280.9,283.5,286.8,289.7,291.8,293.0,291.9,290.0,287.5,284.5,281.4,284.7,286.0,287.2,287.6,286.9,285.6,284.4,284.1,161.3,158.0,156.7,158.0,161.2,164.7,165.8,164.5,162.8,161.0,159.8,159.2,159.8,161.2,163.2,164.4,164.9,165.1,164.9,164.2,162.7,163.3,162.7,161.3,159.9,159.3,159.9,161.3,160.1,156.9,155.4,156.5,159.5,162.7,164.2,163.4,162.4,160.2,158.6,157.7,158.1,159.1,160.8,162.2,163.1,163.6,163.6,163.3,161.3,161.8,161.2,159.8,158.5,158.0,158.6,160.0,-7.1,-5.4,-1.3,2.9,4.7,3.3,-1.2,-5.3,-12.8,-10.2,-6.4,-1.8,2.7,6.2,8.6,5.9,2.0,-2.2,-6.3,-10.0,-3.0,-1.2,0.6,1.4,0.6,-1.2,-3.0,-3.8,43.3,44.5,48.4,52.5,54.6,53.3,49.5,45.0,39.2,41.7,45.3,49.8,54.0,57.2,59.2,57.4,54.4,50.8,46.6,42.4,47.1,48.9,50.6,51.2,50.3,48.5,46.8,46.2,-34.5,-38.8,-40.6,-38.9,-34.6,-30.0,-28.5,-30.2,-32.8,-35.0,-36.4,-37.1,-36.4,-34.6,-32.0,-30.4,-29.7,-29.3,-29.7,-30.8,-32.6,-31.8,-32.6,-34.5,-36.4,-37.1,-36.3,-34.5,-37.1,-41.5,-43.6,-42.2,-38.1,-33.7,-31.6,-32.7,-34.0,-36.9,-39.1,-40.3,-40.0,-38.9,-36.8,-34.6,-33.2,-32.4,-32.4,-32.7,-35.5,-34.9,-35.8,-37.8,-39.5,-40.2,-39.2,-37.3,513.7,514.1,514.2,514.0,513.6,513.4,513.0,513.3,517.9,515.2,512.9,511.7,512.3,513.8,515.4,513.8,512.3,512.0,513.1,515.3,514.3,514.2,514.2,514.4,514.6,514.7,514.6,514.5,528.3,529.2,530.8,532.1,532.4,531.4,529.8,528.7,528.7,527.9,527.7,528.7,531.4,534.9,538.3,535.0,531.7,529.2,528.1,528.2,530.3,530.9,531.6,532.0,531.9,531.3,530.6,530.2,29.9,-3.5,655.5,0.204,-0.175,-0.003,220.7,221.3,223.2,225.9,230.8,238.1,247.1,257.6,268.1,276.7,282.8,288.4,293.2,296.6,298.9,300.5,300.9,230.7,237.2,245.8,254.5,262.4,277.5,284.0,290.4,296.5,300.3,270.3,271.4,272.6,273.8,262.5,267.1,271.6,275.7,279.1,240.2,245.4,251.6,256.7,251.5,245.3,278.9,283.8,289.4,293.1,289.9,284.4,253.4,261.1,267.4,271.0,274.8,279.3,282.9,279.4,275.0,271.0,266.9,260.6,256.5,267.0,270.8,274.6,280.8,274.6,270.8,266.9,162.1,173.7,185.2,196.3,206.8,215.8,223.2,228.7,229.8,227.4,220.7,212.5,203.3,193.2,182.6,171.7,160.7,154.9,150.0,148.6,149.8,152.6,151.8,148.6,147.0,147.7,151.8,161.1,168.9,176.6,184.6,189.7,191.1,192.3,190.8,189.0,162.7,159.7,159.7,163.3,164.8,165.1,162.5,158.3,158.1,160.7,163.3,163.6,205.0,202.6,200.9,201.9,200.6,201.9,203.6,209.0,211.3,212.0,211.8,209.9,205.3,204.6,204.8,204.2,204.2,205.5,206.3,206.0,-51.2,-50.4,-47.5,-42.8,-34.2,-21.0,-5.1,13.1,31.3,46.8,58.9,70.0,79.3,85.5,89.4,92.0,92.6,-32.1,-21.1,-6.9,7.4,20.1,45.2,56.5,68.0,79.5,87.2,33.3,34.8,36.4,38.0,20.5,27.9,35.3,42.1,48.0,-16.3,-7.6,2.7,11.1,2.5,-7.8,48.8,57.2,67.0,74.1,68.0,58.3,5.8,18.3,28.6,34.7,41.0,49.1,56.4,49.5,41.6,34.7,27.9,17.7,10.8,28.1,34.4,40.9,52.4,40.9,34.4,28.0,-44.4,-24.2,-4.0,15.7,34.2,50.1,62.7,71.5,73.3,70.0,59.6,45.5,28.9,10.4,-9.0,-28.7,-48.8,-54.3,-61.9,-63.6,-61.3,-56.6,-58.5,-64.6,-68.1,-68.0,-61.9,-43.3,-30.2,-17.5,-4.6,3.6,5.9,7.8,5.5,2.5,-41.3,-46.0,-46.1,-40.1,-37.6,-37.2,-42.2,-49.3,-50.0,-46.0,-41.3,-40.5,29.5,25.0,22.1,23.8,21.7,24.1,27.6,36.1,39.6,40.6,40.2,37.3,29.8,28.3,28.7,27.8,28.4,30.0,31.1,30.6,682.7,686.7,691.3,694.3,694.2,691.5,685.5,677.5,677.0,686.2,701.0,712.9,717.5,716.3,713.9,711.6,710.6,650.2,643.7,639.0,635.3,633.7,640.9,648.3,657.3,666.9,677.3,639.9,634.2,628.0,622.4,639.1,638.0,637.6,641.0,645.1,650.0,646.9,647.4,649.0,647.8,647.4,658.3,660.6,664.6,671.1,665.2,661.2,657.1,646.4,642.6,643.9,646.1,655.1,668.8,657.2,649.9,647.3,646.3,649.1,654.9,645.9,646.7,649.4,664.7,649.3,646.5,645.9,0.591,0.211,-0.23,0.008,267.791,185.206,-5.785,9.356,-12.483,19.38,3.957,1.839,-4.853,3.509,3.506,-3.118,-0.55,0.945,0.007,-1.707,-0.69,-0.251,0.098,0.881,-1.075,-0.695,0.587,-0.381,-0.224,-0.563,0.016,0.093,0.088,0.024,-0.107,-0.015,-0.02,-0.006,0.012,0.001,0.49,0.14,0.0,0.54,0.0,0.0,0.0,0.0,0.0,0.4,0.0,0.0,0.0,0.0,0.0,0.0,0.0,0.0,1.0,0.0,1.0,0.0,0.0,0.0,0.0,0.0,0.0,0.0,0.0,0.0,0.0,0.0,0.0,1.0,0.0
PP133,g1,5036,0,0.975,0.193438,0.194965,-0.961546,0.037273,0.194927,-0.980109,0.118,0.198,244.2,245.5,248.7,251.9,253.2,252.1,248.7,245.5,240.0,241.9,244.8,248.3,251.7,254.4,256.2,254.1,251.1,247.9,244.8,242.0,247.3,248.7,250.1,250.7,250.1,248.7,247.3,246.8,281.7,282.6,285.4,288.3,289.8,289.0,286.2,283.0,278.7,280.6,283.3,286.5,289.5,291.5,292.8,291.7,289.8,287.2,284.2,281.1,284.5,285.8,287.0,287.4,286.7,285.4,284.2,283.8,161.1,157.9,156.5,157.8,161.1,164.6,165.7,164.4,162.6,160.8,159.6,159.1,159.7,161.1,163.2,164.3,164.8,165.0,164.7,164.0,162.6,163.2,162.6,161.2,159.8,159.2,159.8,161.2,160.0,156.8,155.4,156.5,159.5,162.7,164.2,163.3,162.3,160.1,158.5,157.7,158.0,159.0,160.7,162.2,163.1,163.5,163.6,163.3,161.3,161.8,161.1,159.7,158.4,157.9,158.6,160.0,-7.6,-5.9,-1.7,2.5,4.2,2.8,-1.7,-5.8,-13.3,-10.6,-6.8,-2.3,2.3,5.7,8.1,5.4,1.5,-2.7,-6.9,-10.6,-3.5,-1.7,0.1,0.9,0.1,-1.7,-3.5,-4.3,42.8,44.1,47.9,52.1,54.2,52.9,49.0,44.5,38.8,41.3,44.8,49.3,53.6,56.8,58.8,57.0,54.0,50.3,46.1,42.0,46.7,48.5,50.2,50.8,49.9,48.0,46.3,45.8,-34.6,-38.9,-40.7,-39.0,-34.7,-30.1,-28.6,-30.4,-33.0,-35.2,-36.5,-37.2,-36.5,-34.7,-32.1,-30.4,-29.8,-29.5,-29.9,-30.9,-32.7,-32.0,-32.7,-34.6,-36.5,-37.3,-36.5,-34.6,-37.1,-41.4,-43.6,-42.2,-38.1,-33.7,-31.6,-32.6,-34.0,-36.9,-39.1,-40.3,-40.0,-38.9,-36.8,-34.6,-33.1,-32.4,-32.3,-32.6,-35.5,-34.9,-35.8,-37.7,-39.5,-40.1,-39.2,-37.3,512.8,513.2,513.4,513.2,512.8,512.6,512.2,512.4,517.0,514.4,512.0,510.9,511.5,513.0,514.7,513.1,511.5,511.2,512.3,514.5,513.5,513.4,513.4,513.6,513.8,513.9,513.8,513.6,527.2,528.1,529.7,531.0,531.2,530.3,528.7,527.6,527.6,526.8,526.6,527.6,530.2,533.7,537.1,533.8,530.5,528.1,527.0,527.1,529.2,529.7,530.4,530.8,530.7,530.2,529.5,529.1,29.3,-4.0,658.1,0.216,-0.169,0.0,220.4,221.0,222.8,225.5,230.4,237.8,246.7,257.0,267.4,276.0,282.2,287.9,292.9,296.4,298.8,300.4,300.8,230.4,236.8,245.5,254.2,262.1,277.3,283.8,290.3,296.4,300.2,270.0,271.0,272.1,273.2,262.0,266.5,271.0,275.0,278.5,239.8,245.1,251.3,256.3,251.1,244.9,278.7,283.6,289.1,292.9,289.7,284.2,252.9,260.4,266.7,270.4,274.1,278.6,282.3,278.7,274.2,270.2,266.1,259.9,255.8,266.3,270.1,273.9,280.2,273.9,270.1,266.2,161.7,173.3,184.8,195.8,206.1,215.0,222.3,227.8,228.8,226.4,219.8,211.7,202.7,192.7,182.2,171.5,160.5,154.6,149.8,148.5,149.8,152.6,151.8,148.6,147.0,147.7,151.7,161.1,168.9,176.6,184.6,189.5,191.0,192.1,190.7,188.9,162.5,159.5,159.6,163.3,164.7,164.9,162.5,158.3,158.1,160.6,163.2,163.6,204.6,202.2,200.7,201.6,200.4,201.6,203.3,208.6,211.0,211.6,211.4,209.5,204.8,204.3,204.6,203.9,203.9,205.2,205.9,205.7,-52.0,-51.2,-48.4,-43.7,-35.0,-21.8,-5.8,12.2,30.3,45.9,58.1,69.5,79.0,85.5,89.4,92.1,92.8,-32.8,-21.8,-7.4,6.8,19.7,44.8,56.3,67.9,79.5,87.3,32.8,34.2,35.7,37.2,19.7,27.1,34.5,41.3,47.2,-17.0,-8.2,2.1,10.5,1.9,-8.4,48.5,57.0,66.8,74.0,67.7,58.0,4.8,17.3,27.6,33.7,40.1,48.2,55.6,48.5,40.5,33.6,26.8,16.6,9.8,27.2,33.5,39.9,51.6,39.9,33.4,27.0,-45.2,-25.0,-4.9,14.8,33.2,48.9,61.4,70.1,72.0,68.7,58.2,44.3,27.9,9.6,-9.6,-29.3,-49.3,-54.9,-62.3,-64.0,-61.6,-56.8,-58.7,-64.7,-68.3,-68.2,-62.2,-43.3,-30.3,-17.5,-4.7,3.4,5.7,7.5,5.3,2.4,-41.8,-46.5,-46.5,-40.4,-37.9,-37.6,-42.3,-49.6,-50.2,-46.3,-41.4,-40.6,28.9,24.5,21.7,23.4,21.4,23.8,27.2,35.7,39.3,40.2,39.8,36.7,29.2,27.9,28.4,27.5,28.0,29.6,30.7,30.2,685.6,689.7,694.3,697.4,697.4,694.7,688.7,680.7,680.1,689.1,703.7,715.3,719.9,718.7,716.3,714.1,713.1,652.7,646.0,641.2,637.4,635.6,642.7,650.1,659.0,668.6,679.0,642.0,636.5,630.5,625.1,641.8,640.7,640.4,643.7,647.6,652.6,649.3,649.6,651.3,650.2,649.8,660.3,662.5,666.5,673.1,667.1,663.2,660.2,649.5,645.6,646.8,648.8,657.9,671.5,660.2,653.0,650.4,649.5,652.5,657.9,648.9,649.6,652.3,667.5,652.2,649.5,649.0,0.589,0.221,-0.223,0.012,267.336,184.918,-5.416,8.904,-12.609,17.86,5.94,1.472,-4.936,3.231,3.379,-2.62,-0.224,0.959,0.447,-1.531,-0.769,-0.072,0.223,0.926,-1.13,-0.609,0.539,-0.463,-0.072,-0.439,0.111,-0.003,0.085,0.014,-0.092,-0.011,-0.018,0.003,0.007,0.002,0.46,0.0,0.0,1.11,0.0,0.0,0.0,0.0,0.0,0.26,0.0,0.0,0.0,0.0,0.0,0.0,0.0,0.0,1.0,0.0,1.0,0.0,0.0,0.0,0.0,0.0,0.0,0.0,0.0,0.0,0.0,0.0,0.0,1.0,0.0
PP133,g1,5042,0,0.975,0.195269,0.190783,-0.962015,0.038814,0.191528,-0.980719,0.12,0.194,244.4,245.7,248.9,252.1,253.4,252.4,249.0,245.8,240.2,242.2,245.0,248.5,252.0,254.6,256.4,254.3,251.4,248.2,245.0,242.2,247.6,249.0,250.3,250.9,250.3,248.9,247.5,247.0,281.9,282.8,285.5,288.5,290.0,289.1,286.4,283.2,278.9,280.8,283.4,286.7,289.6,291.7,292.9,291.8,289.9,287.4,284.4,281.3,284.6,285.9,287.1,287.5,286.9,285.5,284.4,284.0,160.6,157.4,156.0,157.3,160.6,164.1,165.2,163.9,162.1,160.3,159.1,158.5,159.1,160.6,162.6,163.8,164.3,164.5,164.3,163.5,162.1,162.7,162.1,160.7,159.3,158.7,159.3,160.7,159.5,156.3,154.8,155.9,158.9,162.1,163.6,162.7,161.8,159.6,157.9,157.1,157.4,158.4,160.1,161.6,162.5,162.9,163.0,162.7,160.7,161.2,160.5,159.1,157.8,157.3,158.0,159.4,-7.3,-5.6,-1.4,2.7,4.5,3.1,-1.3,-5.5,-13.0,-10.3,-6.5,-2.0,2.6,6.0,8.5,5.7,1.8,-2.4,-6.5,-10.2,-3.2,-1.4,0.5,1.2,0.4,-1.4,-3.2,-4.0,43.1,44.4,48.2,52.4,54.5,53.2,49.3,44.8,39.1,41.6,45.1,49.6,53.8,57.0,59.1,57.2,54.3,50.6,46.4,42.3,47.0,48.8,50.5,51.0,50.1,48.3,46.6,46.1,-35.2,-39.5,-41.3,-39.6,-35.3,-30.7,-29.2,-31.0,-33.5,-35.8,-37.2,-37.8,-37.1,-35.3,-32.7,-31.1,-30.4,-30.1,-30.5,-31.5,-33.3,-32.6,-33.4,-35.3,-37.1,-37.9,-37.1,-35.2,-37.9,-42.3,-44.4,-43.1,-39.0,-34.5,-32.4,-33.5,-34.8,-37.7,-39.9,-41.2,-40.9,-39.8,-37.7,-35.4,-34.0,-33.2,-33.1,-33.5,-36.3,-35.7,-36.7,-38.6,-40.4,-41.0,-40.1,-38.1,512.5,512.9,513.0,512.8,512.4,512.2,511.8,512.0,516.6,514.0,511.7,510.5,511.1,512.6,514.3,512.7,511.1,510.8,511.8,514.0,513.1,513.0,513.0,513.2,513.4,513.5,513.4,513.2,527.8,528.7,530.3,531.6,531.8,530.9,529.3,528.2,528.2,527.4,527.2,528.2,530.8,534.3,537.7,534.4,531.2,528.7,527.6,527.7,529.8,530.4,531.1,531.5,531.3,530.8,530.1,529.7,29.9,-5.0,659.1,0.212,-0.173,-0.002,220.7,221.3,223.1,225.9,230.7,238.1,247.1,257.4,267.8,276.3,282.5,288.1,293.1,296.6,298.9,300.5,300.9,230.6,237.0,245.7,254.4,262.3,277.4,283.9,290.4,296.5,300.3,270.2,271.2,272.4,273.6,262.4,266.9,271.4,275.4,278.8,240.0,245.3,251.5,256.6,251.4,245.2,278.9,283.7,289.3,293.1,289.8,284.3,253.4,260.9,267.2,270.8,274.5,279.0,282.7,279.1,274.7,270.7,266.6,260.5,256.4,266.8,270.5,274.3,280.5,274.3,270.5,266.7,161.5,173.0,184.4,195.3,205.5,214.4,221.6,227.0,228.0,225.7,219.2,211.2,202.2,192.2,181.8,171.0,160.0,154.3,149.4,148.1,149.3,152.1,151.3,148.1,146.4,147.1,151.3,160.6,168.3,176.0,183.9,188.9,190.3,191.4,190.0,188.3,162.0,159.0,159.0,162.8,164.2,164.4,161.9,157.7,157.5,160.0,162.6,163.0,204.1,201.7,200.1,201.0,199.8,201.0,202.7,208.0,210.3,210.9,210.7,208.9,204.3,203.7,204.0,203.3,203.3,204.6,205.3,205.0,-51.6,-50.7,-47.8,-43.0,-34.4,-21.2,-5.1,13.0,31.0,46.5,58.6,69.9,79.5,85.9,89.9,92.6,93.2,-32.5,-21.5,-7.1,7.2,20.1,45.1,56.6,68.2,79.8,87.7,33.2,34.7,36.2,37.8,20.3,27.7,35.1,41.9,47.8,-16.7,-7.8,2.5,11.0,2.3,-8.0,48.9,57.3,67.2,74.4,68.2,58.4,5.7,18.2,28.4,34.5,40.8,48.9,56.2,49.2,41.3,34.4,27.7,17.5,10.8,27.9,34.2,40.7,52.3,40.7,34.2,27.8,-45.7,-25.6,-5.6,13.9,32.2,47.8,60.2,68.9,70.7,67.4,57.1,43.4,27.1,8.7,-10.6,-30.3,-50.4,-55.6,-63.1,-64.8,-62.4,-57.7,-59.7,-65.8,-69.4,-69.2,-63.2,-44.3,-31.3,-18.6,-5.8,2.4,4.6,6.4,4.2,1.3,-42.6,-47.4,-47.4,-41.3,-38.8,-38.4,-43.4,-50.7,-51.4,-47.4,-42.5,-41.7,28.1,23.6,20.8,22.4,20.4,22.8,26.2,34.6,38.2,39.1,38.7,35.7,28.3,27.0,27.4,26.5,27.0,28.5,29.6,29.1,686.6,690.5,695.0,698.0,698.0,695.3,689.3,681.3,680.7,689.8,704.5,716.4,721.3,720.4,718.2,716.1,715.1,653.9,647.3,642.4,638.6,636.8,643.9,651.4,660.4,670.1,680.6,643.1,637.6,631.5,626.0,642.7,641.6,641.3,644.6,648.5,653.8,650.4,650.8,652.5,651.4,651.0,661.5,663.8,667.8,674.5,668.5,664.5,660.9,650.3,646.4,647.6,649.6,658.7,672.4,661.0,653.8,651.3,650.3,653.3,658.7,649.7,650.4,653.1,668.4,653.0,650.3,649.8,0.588,0.215,-0.228,0.009,267.635,184.351,-4.021,7.936,-12.848,18.078,6.153,1.321,-4.679,3.509,3.87,-2.424,-0.198,0.926,0.617,-1.56,-0.976,0.033,0.338,0.788,-0.974,-0.677,0.576,-0.427,-0.172,-0.457,0.119,-0.006,0.068,0.011,-0.089,-0.0,-0.017,0.005,0.006,0.005,0.54,0.09,0.0,0.85,0.0,0.0,0.0,0.0,0.0,0.25,0.0,0.0,0.0,0.0,0.0,0.0,0.0,0.0,1.0,0.0,1.0,0.0,0.0,0.0,0.0,0.0,0.0,0.0,0.0,0.0,0.0,0.0,0.0,1.0,0.0
PP133,g1,5048,0,0.925,0.194363,0.183204,-0.96367,0.03935,0.183336,-0.982262,0.12,0.186,244.0,245.3,248.4,251.6,252.9,251.9,248.5,245.3,239.7,241.7,244.5,248.0,251.5,254.1,255.9,253.8,250.9,247.7,244.6,241.8,247.1,248.5,249.9,250.4,249.9,248.5,247.1,246.5,281.3,282.2,284.9,287.9,289.4,288.5,285.8,282.6,278.3,280.2,282.8,286.1,289.0,291.1,292.3,291.2,289.3,286.8,283.8,280.7,284.0,285.3,286.5,286.9,286.3,284.9,283.8,283.4,159.8,156.6,155.2,156.5,159.7,163.2,164.3,163.0,161.3,159.5,158.3,157.7,158.3,159.8,161.8,163.0,163.5,163.7,163.4,162.7,161.3,161.9,161.3,159.9,158.4,157.9,158.5,159.9,158.7,155.6,154.1,155.2,158.2,161.4,162.9,162.0,161.0,158.8,157.2,156.3,156.7,157.8,159.5,160.9,161.8,162.2,162.2,162.0,160.0,160.5,159.8,158.4,157.1,156.6,157.3,158.7,-7.9,-6.2,-2.0,2.1,3.9,2.5,-2.0,-6.1,-13.6,-10.9,-7.2,-2.6,2.0,5.4,7.8,5.1,1.2,-3.0,-7.2,-10.9,-3.8,-2.0,-0.2,0.6,-0.2,-2.0,-3.8,-4.6,42.3,43.6,47.4,51.6,53.7,52.4,48.5,44.1,38.3,40.8,44.3,48.8,53.1,56.3,58.3,56.5,53.5,49.8,45.7,41.5,46.2,48.0,49.7,50.3,49.4,47.5,45.9,45.3,-36.4,-40.7,-42.5,-40.7,-36.5,-31.9,-30.4,-32.1,-34.7,-36.9,-38.3,-39.0,-38.3,-36.5,-33.9,-32.2,-31.5,-31.2,-31.6,-32.7,-34.5,-33.7,-34.5,-36.4,-38.3,-39.0,-38.2,-36.4,-38.9,-43.3,-45.4,-44.0,-39.9,-35.5,-33.4,-34.5,-35.8,-38.8,-41.0,-42.2,-41.9,-40.7,-38.6,-36.4,-35.0,-34.2,-34.1,-34.5,-37.3,-36.7,-37.6,-39.6,-41.4,-42.0,-41.0,-39.1,513.6,514.0,514.1,513.9,513.4,513.3,512.9,513.1,517.7,515.1,512.8,511.6,512.2,513.7,515.3,513.7,512.2,511.8,512.9,515.1,514.1,514.0,514.1,514.3,514.5,514.6,514.5,514.3,528.3,529.3,530.9,532.2,532.4,531.4,529.8,528.6,528.7,527.9,527.8,528.7,531.4,534.9,538.2,535.0,531.6,529.2,528.1,528.2,530.3,530.9,531.6,532.0,531.9,531.3,530.6,530.2,29.0,-6.2,660.5,0.202,-0.172,-0.002,220.3,220.9,222.8,225.6,230.4,237.8,246.7,257.0,267.3,275.8,282.0,287.6,292.5,296.0,298.3,299.9,300.3,230.2,236.6,245.2,253.9,261.8,276.8,283.4,289.8,295.9,299.7,269.6,270.7,271.8,273.0,261.8,266.3,270.8,274.8,278.2,239.6,244.8,251.0,256.1,250.9,244.7,278.3,283.1,288.7,292.5,289.2,283.8,252.8,260.3,266.6,270.2,273.9,278.4,282.1,278.5,274.1,270.0,266.0,259.8,255.8,266.2,270.0,273.7,280.0,273.7,269.9,266.1,161.0,172.6,184.0,194.9,205.2,214.0,221.2,226.5,227.5,225.2,218.8,210.9,201.9,192.0,181.5,170.7,159.7,153.5,148.6,147.3,148.4,151.2,150.4,147.3,145.8,146.5,150.7,159.7,167.4,175.1,183.0,188.1,189.5,190.6,189.2,187.5,161.2,158.2,158.2,162.0,163.4,163.6,161.2,156.9,156.8,159.4,162.0,162.3,203.3,200.8,199.2,200.2,198.9,200.2,202.1,207.3,209.6,210.2,210.0,208.1,203.5,202.9,203.1,202.5,202.6,203.8,204.5,204.2,-52.4,-51.5,-48.6,-43.7,-35.0,-21.8,-5.8,12.2,30.2,45.6,57.7,68.9,78.5,84.9,88.9,91.6,92.3,-33.3,-22.2,-7.9,6.5,19.3,44.4,55.8,67.5,79.0,86.8,32.4,33.8,35.4,36.9,19.5,26.8,34.2,41.0,46.9,-17.4,-8.6,1.7,10.2,1.5,-8.9,48.0,56.5,66.3,73.5,67.3,57.6,4.8,17.2,27.5,33.5,39.9,48.0,55.3,48.3,40.4,33.5,26.7,16.5,9.8,27.0,33.3,39.7,51.3,39.7,33.3,26.8,-46.8,-26.5,-6.3,13.3,31.7,47.3,59.6,68.1,69.8,66.7,56.5,42.9,26.6,8.2,-11.0,-30.8,-50.9,-57.1,-64.7,-66.4,-64.1,-59.4,-61.3,-67.3,-70.8,-70.5,-64.3,-45.9,-32.9,-20.1,-7.3,1.0,3.3,5.1,2.8,-0.0,-44.1,-48.9,-49.0,-42.8,-40.3,-39.9,-44.7,-52.1,-52.7,-48.6,-43.8,-43.1,26.8,22.3,19.4,21.1,19.0,21.5,25.1,33.5,37.0,37.9,37.5,34.5,27.1,25.6,26.0,25.1,25.9,27.3,28.4,27.9,688.5,692.3,696.6,699.4,699.1,696.1,690.0,682.0,681.3,690.4,705.1,717.0,721.9,721.1,719.1,717.2,716.5,655.8,649.3,644.6,640.7,638.9,646.0,653.5,662.5,672.2,682.5,645.1,639.3,633.1,627.5,644.1,643.0,642.6,645.9,649.9,655.6,652.3,652.7,654.3,653.2,652.8,663.3,665.6,669.6,676.2,670.2,666.2,662.1,651.5,647.7,648.8,650.9,659.9,673.5,662.2,654.9,652.4,651.5,654.4,659.9,650.9,651.6,654.3,669.5,654.3,651.6,651.1,0.586,0.204,-0.225,0.009,267.094,183.668,-5.692,8.616,-12.483,18.468,6.379,1.711,-4.376,3.499,3.719,-2.453,-0.126,1.009,0.565,-1.501,-0.767,0.022,0.315,0.865,-0.864,-0.661,0.565,-0.348,-0.257,-0.366,0.042,-0.01,0.081,0.003,-0.086,-0.006,-0.023,0.012,0.009,0.002,0.44,0.07,0.0,0.49,0.0,0.0,0.02,0.0,0.0,0.24,0.0,0.0,0.0,0.0,0.0,0.0,0.0,0.0,1.0,0.0,1.0,0.0,0.0,0.0,0.0,0.0,0.0,0.0,0.0,0.0,0.0,0.0,0.0,1.0,0.0
PP133,g1,5054,0,0.975,0.190115,0.17998,-0.965124,0.03711,0.180252,-0.98292,0.116,0.183,243.6,244.9,248.0,251.2,252.5,251.5,248.1,244.9,239.4,241.3,244.1,247.6,251.1,253.7,255.5,253.4,250.5,247.3,244.1,241.4,246.7,248.1,249.5,250.0,249.4,248.1,246.7,246.1,280.9,281.8,284.5,287.5,289.0,288.2,285.4,282.2,277.9,279.8,282.4,285.7,288.7,290.7,292.0,290.9,289.0,286.4,283.4,280.3,283.7,285.0,286.2,286.5,285.9,284.6,283.4,283.0,160.0,156.8,155.4,156.7,159.9,163.4,164.5,163.2,161.5,159.7,158.5,157.9,158.5,159.9,162.0,163.2,163.6,163.9,163.6,162.9,161.5,162.1,161.5,160.0,158.6,158.1,158.7,160.1,158.9,155.7,154.2,155.3,158.4,161.6,163.0,162.2,161.2,159.0,157.3,156.5,156.9,157.9,159.7,161.1,162.0,162.4,162.4,162.2,160.2,160.7,160.0,158.6,157.3,156.8,157.4,158.8,-8.4,-6.8,-2.6,1.6,3.3,1.9,-2.5,-6.7,-14.1,-11.5,-7.7,-3.2,1.4,4.9,7.3,4.5,0.6,-3.6,-7.7,-11.4,-4.3,-2.5,-0.7,0.0,-0.7,-2.6,-4.4,-5.1,41.8,43.0,46.9,51.0,53.1,51.8,48.0,43.5,37.8,40.2,43.8,48.3,52.5,55.7,57.7,55.9,52.9,49.3,45.1,40.9,45.6,47.4,49.1,49.7,48.8,47.0,45.3,44.7,-36.1,-40.4,-42.2,-40.5,-36.2,-31.6,-30.1,-31.9,-34.4,-36.7,-38.1,-38.8,-38.1,-36.2,-33.6,-32.0,-31.3,-31.0,-31.3,-32.4,-34.2,-33.5,-34.3,-36.2,-38.0,-38.8,-38.0,-36.1,-38.6,-43.0,-45.1,-43.7,-39.6,-35.2,-33.1,-34.2,-35.6,-38.5,-40.7,-41.9,-41.6,-40.4,-38.3,-36.1,-34.7,-33.9,-33.9,-34.2,-37.0,-36.4,-37.4,-39.3,-41.1,-41.7,-40.8,-38.8,513.6,514.1,514.2,513.9,513.4,513.3,512.9,513.2,517.8,515.2,512.8,511.7,512.2,513.6,515.3,513.7,512.2,511.9,513.0,515.2,514.2,514.1,514.1,514.3,514.5,514.6,514.6,514.4,527.5,528.5,530.1,531.4,531.6,530.6,529.0,527.8,527.9,527.1,526.9,527.9,530.6,534.1,537.4,534.1,530.8,528.4,527.2,527.4,529.5,530.0,530.7,531.2,531.1,530.5,529.8,529.4,28.4,-5.7,659.7,0.196,-0.166,-0.004,220.0,220.7,222.6,225.5,230.3,237.7,246.6,256.8,267.1,275.7,281.9,287.5,292.3,295.8,298.1,299.7,300.1,229.8,236.1,244.7,253.4,261.2,276.4,283.0,289.4,295.5,299.3,269.2,270.2,271.4,272.5,261.4,265.9,270.4,274.4,277.8,239.2,244.4,250.6,255.7,250.5,244.3,277.9,282.8,288.3,292.1,288.9,283.4,252.6,260.0,266.2,269.8,273.5,278.0,281.7,278.1,273.7,269.6,265.6,259.5,255.5,265.8,269.6,273.3,279.5,273.3,269.5,265.7,161.3,172.9,184.4,195.4,205.7,214.6,221.8,227.0,228.0,225.7,219.3,211.3,202.3,192.3,181.8,171.0,160.0,153.7,148.8,147.4,148.5,151.3,150.5,147.4,145.8,146.6,150.8,159.8,167.5,175.2,183.1,188.3,189.7,190.8,189.4,187.7,161.5,158.4,158.4,162.1,163.6,163.8,161.3,157.1,156.9,159.6,162.1,162.4,203.7,201.2,199.5,200.5,199.2,200.6,202.5,207.7,209.9,210.5,210.3,208.5,203.9,203.2,203.4,202.8,203.0,204.2,204.9,204.6,-52.8,-51.9,-48.8,-43.9,-35.2,-21.9,-6.0,11.9,29.9,45.3,57.4,68.6,78.0,84.4,88.3,91.0,91.7,-33.9,-23.0,-8.7,5.5,18.4,43.6,55.1,66.7,78.2,86.1,31.7,33.1,34.6,36.1,18.8,26.1,33.5,40.3,46.2,-18.1,-9.3,1.0,9.5,0.8,-9.5,47.3,55.8,65.6,72.8,66.6,56.9,4.4,16.6,26.8,32.8,39.1,47.2,54.5,47.5,39.6,32.8,26.0,15.9,9.4,26.4,32.6,39.0,50.5,39.0,32.5,26.2,-46.3,-25.9,-5.6,14.2,32.6,48.2,60.5,68.9,70.6,67.4,57.3,43.6,27.2,8.8,-10.4,-30.3,-50.4,-56.7,-64.4,-66.2,-63.9,-59.2,-61.1,-67.1,-70.6,-70.3,-64.1,-45.7,-32.7,-19.9,-7.1,1.3,3.6,5.4,3.2,0.3,-43.7,-48.6,-48.6,-42.5,-39.9,-39.5,-44.4,-51.8,-52.4,-48.3,-43.5,-42.7,27.5,22.8,19.9,21.6,19.6,22.1,25.8,34.1,37.5,38.4,38.0,35.1,27.7,26.1,26.5,25.6,26.6,27.9,28.9,28.4,688.5,692.2,696.5,699.2,698.7,695.6,689.4,681.2,680.3,689.3,704.0,715.8,720.6,719.7,717.7,715.7,715.0,655.7,649.2,644.4,640.5,638.6,645.7,653.1,661.9,671.4,681.7,644.6,638.8,632.5,626.8,643.6,642.3,641.9,645.1,649.1,655.3,652.1,652.4,653.8,652.8,652.5,662.7,665.0,669.0,675.5,669.5,665.6,661.4,650.9,647.0,648.1,650.2,659.0,672.4,661.1,654.0,651.5,650.7,653.6,659.1,650.2,650.8,653.5,668.4,653.5,650.8,650.4,0.587,0.199,-0.219,0.006,266.752,183.947,-6.793,9.306,-13.104,19.437,6.179,1.778,-4.387,3.327,3.874,-2.711,-0.207,1.054,0.613,-1.634,-0.743,0.034,0.436,1.018,-1.158,-0.594,0.394,-0.411,-0.187,-0.482,0.073,0.016,0.083,0.012,-0.087,0.0,-0.022,0.006,0.006,0.001,0.31,0.0,0.0,0.51,0.0,0.0,0.0,0.0,0.0,0.03,0.0,0.0,0.0,0.0,0.0,0.0,0.0,0.0,1.0,0.0,1.0,0.0,0.0,0.0,0.0,0.0,0.0,0.0,0.0,0.0,0.0,0.0,0.0,1.0,0.0
PP133,g1,5060,0,0.975,0.191609,0.176506,-0.96547,0.040095,0.176996,-0.983395,0.118,0.179,244.1,245.4,248.5,251.7,253.1,252.0,248.6,245.5,239.9,241.8,244.6,248.1,251.6,254.2,256.1,254.0,251.0,247.8,244.7,241.9,247.2,248.6,250.0,250.6,250.0,248.6,247.2,246.6,281.4,282.3,285.0,288.0,289.5,288.7,285.9,282.7,278.5,280.3,283.0,286.2,289.2,291.2,292.5,291.4,289.5,286.9,283.9,280.8,284.2,285.5,286.7,287.1,286.4,285.1,283.9,283.5,160.2,157.0,155.6,156.9,160.1,163.6,164.7,163.4,161.8,159.9,158.7,158.1,158.7,160.1,162.2,163.3,163.8,164.1,163.8,163.1,161.7,162.2,161.6,160.2,158.8,158.2,158.8,160.3,159.0,155.8,154.3,155.4,158.5,161.7,163.1,162.3,161.3,159.1,157.4,156.6,157.0,158.0,159.8,161.2,162.1,162.5,162.5,162.3,160.3,160.8,160.1,158.7,157.4,156.9,157.6,159.0,-7.7,-6.1,-1.9,2.3,4.0,2.6,-1.8,-6.0,-13.4,-10.8,-7.0,-2.5,2.1,5.6,8.0,5.2,1.4,-2.9,-7.0,-10.7,-3.6,-1.8,-0.0,0.7,-0.0,-1.9,-3.7,-4.4,42.4,43.7,47.5,51.7,53.8,52.5,48.6,44.1,38.4,40.9,44.4,48.9,53.2,56.3,58.4,56.5,53.6,49.9,45.8,41.6,46.3,48.1,49.8,50.3,49.4,47.6,45.9,45.4,-35.8,-40.1,-42.0,-40.2,-36.0,-31.4,-29.9,-31.6,-34.1,-36.3,-37.8,-38.5,-37.8,-36.0,-33.4,-31.7,-31.0,-30.7,-31.0,-32.1,-34.0,-33.2,-34.0,-35.9,-37.8,-38.5,-37.7,-35.8,-38.4,-42.8,-45.0,-43.6,-39.5,-35.1,-33.0,-34.0,-35.4,-38.3,-40.5,-41.7,-41.4,-40.3,-38.1,-35.9,-34.5,-33.8,-33.7,-34.0,-36.9,-36.3,-37.2,-39.1,-40.9,-41.5,-40.6,-38.7,513.1,513.5,513.7,513.4,512.9,512.8,512.4,512.6,517.3,514.7,512.3,511.2,511.7,513.1,514.8,513.2,511.7,511.4,512.5,514.7,513.7,513.6,513.6,513.8,514.0,514.1,514.1,513.9,527.0,528.0,529.6,530.9,531.1,530.1,528.5,527.3,527.4,526.6,526.5,527.5,530.1,533.6,536.9,533.7,530.3,527.9,526.7,526.9,529.0,529.6,530.3,530.7,530.6,530.0,529.3,528.9,29.3,-5.4,659.2,0.191,-0.17,-0.006,220.5,221.2,223.1,225.9,230.8,238.2,247.1,257.4,267.8,276.3,282.4,288.0,292.8,296.3,298.5,300.1,300.4,230.3,236.6,245.2,253.9,261.8,276.9,283.5,289.9,296.0,299.8,269.7,270.8,272.0,273.2,262.1,266.6,271.1,275.1,278.5,239.7,244.9,251.1,256.2,251.0,244.8,278.4,283.3,288.8,292.6,289.4,283.9,253.2,260.6,266.9,270.5,274.2,278.7,282.3,278.8,274.4,270.4,266.4,260.2,256.2,266.5,270.3,274.0,280.2,274.0,270.2,266.4,161.5,173.2,184.7,195.7,206.0,214.9,222.2,227.4,228.4,226.1,219.6,211.6,202.5,192.5,181.9,171.1,160.1,154.0,149.0,147.6,148.7,151.4,150.6,147.5,146.0,146.7,150.9,159.9,167.6,175.3,183.2,188.5,189.8,190.9,189.5,187.8,161.7,158.6,158.6,162.3,163.8,164.0,161.4,157.2,157.0,159.7,162.2,162.5,203.9,201.3,199.6,200.6,199.4,200.7,202.6,207.7,210.0,210.6,210.4,208.6,204.1,203.3,203.6,202.9,203.1,204.2,205.0,204.7,-51.9,-51.0,-47.9,-43.0,-34.2,-21.0,-5.1,12.9,30.9,46.3,58.4,69.6,78.9,85.2,89.1,91.7,92.3,-33.1,-22.2,-7.9,6.4,19.3,44.5,56.0,67.5,79.1,86.9,32.6,34.0,35.6,37.2,19.9,27.2,34.6,41.4,47.3,-17.2,-8.4,1.9,10.4,1.7,-8.6,48.2,56.6,66.5,73.7,67.5,57.8,5.4,17.7,27.9,34.0,40.3,48.3,55.6,48.7,40.8,34.0,27.2,17.1,10.4,27.5,33.7,40.1,51.7,40.1,33.7,27.3,-45.7,-25.3,-5.0,14.7,33.1,48.8,61.1,69.5,71.1,68.0,57.8,44.1,27.6,9.1,-10.2,-30.0,-50.2,-56.2,-63.9,-65.8,-63.6,-59.0,-60.9,-66.9,-70.4,-70.1,-63.8,-45.5,-32.5,-19.7,-6.9,1.6,3.8,5.6,3.4,0.5,-43.3,-48.2,-48.3,-42.2,-39.6,-39.2,-44.2,-51.6,-52.2,-48.1,-43.3,-42.5,27.8,23.0,20.1,21.7,19.7,22.3,25.9,34.2,37.6,38.5,38.2,35.3,28.0,26.3,26.7,25.8,26.7,28.0,29.0,28.6,687.6,691.3,695.6,698.2,697.7,694.7,688.5,680.4,679.6,688.7,703.5,715.4,720.3,719.4,717.5,715.5,714.8,655.2,648.7,644.0,640.1,638.3,645.5,653.0,661.9,671.4,681.6,644.3,638.4,632.1,626.3,642.9,641.7,641.3,644.6,648.6,654.7,651.6,651.9,653.4,652.3,652.0,662.5,664.9,668.8,675.3,669.3,665.4,660.6,650.1,646.3,647.5,649.6,658.5,671.8,660.4,653.3,650.7,649.8,652.7,658.3,649.5,650.2,652.8,667.8,652.7,650.0,649.5,0.588,0.195,-0.224,0.004,267.331,184.116,-6.483,9.19,-12.957,19.485,5.517,1.91,-4.748,3.173,3.868,-3.015,-0.298,1.035,0.5,-1.541,-0.569,-0.217,0.295,1.062,-1.072,-0.539,0.444,-0.4,-0.246,-0.425,0.089,-0.02,0.127,0.014,-0.093,-0.01,-0.017,0.001,0.009,-0.001,0.48,0.13,0.0,0.59,0.0,0.0,0.0,0.0,0.0,0.18,0.0,0.0,0.0,0.0,0.0,0.0,0.0,1.0,1.0,0.0,1.0,0.0,0.0,0.0,0.0,0.0,0.0,0.0,0.0,0.0,0.0,0.0,0.0,1.0,0.0
PP133,g1,5066,0,0.975,0.19135,0.173702,-0.966029,0.03879,0.173537,-0.984063,0.117,0.176,244.6,245.8,249.0,252.2,253.5,252.5,249.1,245.9,240.3,242.3,245.1,248.6,252.1,254.7,256.5,254.4,251.5,248.3,245.1,242.3,247.7,249.1,250.4,251.0,250.4,249.0,247.7,247.1,281.9,282.8,285.5,288.5,290.0,289.1,286.4,283.1,278.9,280.8,283.4,286.7,289.6,291.7,292.9,291.8,289.9,287.4,284.4,281.3,284.6,285.9,287.1,287.5,286.9,285.6,284.4,284.0,159.9,156.6,155.2,156.5,159.8,163.3,164.4,163.1,161.4,159.5,158.3,157.7,158.3,159.8,161.9,163.0,163.5,163.7,163.5,162.8,161.3,161.9,161.3,159.9,158.5,157.9,158.5,159.9,158.8,155.7,154.2,155.3,158.4,161.5,163.0,162.1,161.1,158.9,157.3,156.5,156.9,157.9,159.7,161.1,162.0,162.4,162.4,162.1,160.1,160.6,160.0,158.6,157.3,156.8,157.4,158.8,-7.1,-5.5,-1.3,2.9,4.6,3.2,-1.2,-5.4,-12.8,-10.2,-6.4,-1.9,2.7,6.2,8.6,5.8,1.9,-2.3,-6.4,-10.1,-3.1,-1.2,0.6,1.3,0.6,-1.3,-3.1,-3.8,43.1,44.3,48.2,52.4,54.4,53.1,49.3,44.8,39.1,41.6,45.1,49.6,53.8,57.0,59.0,57.2,54.2,50.6,46.4,42.2,46.9,48.8,50.4,51.0,50.1,48.3,46.6,46.0,-36.3,-40.6,-42.4,-40.7,-36.4,-31.8,-30.3,-32.0,-34.6,-36.8,-38.3,-39.0,-38.2,-36.4,-33.8,-32.1,-31.4,-31.1,-31.5,-32.6,-34.4,-33.7,-34.4,-36.3,-38.2,-39.0,-38.2,-36.3,-38.7,-43.1,-45.2,-43.8,-39.7,-35.3,-33.2,-34.3,-35.6,-38.6,-40.8,-42.0,-41.6,-40.4,-38.3,-36.1,-34.7,-34.0,-33.9,-34.3,-37.1,-36.5,-37.4,-39.3,-41.1,-41.7,-40.8,-38.9,513.0,513.4,513.6,513.3,512.8,512.6,512.3,512.5,517.1,514.6,512.2,511.0,511.6,513.0,514.7,513.1,511.5,511.2,512.3,514.6,513.5,513.4,513.5,513.7,513.9,514.0,513.9,513.8,527.4,528.4,530.0,531.3,531.5,530.5,528.9,527.7,527.8,527.0,526.9,527.9,530.5,534.0,537.3,534.1,530.7,528.3,527.1,527.3,529.4,530.0,530.7,531.1,531.0,530.5,529.8,529.3,29.9,-5.7,659.4,0.187,-0.17,-0.001,221.0,221.6,223.5,226.2,231.1,238.3,247.2,257.5,267.8,276.4,282.5,288.1,293.0,296.5,298.8,300.5,300.9,230.8,237.2,245.8,254.5,262.3,277.4,284.0,290.4,296.5,300.3,270.2,271.2,272.4,273.6,262.4,266.9,271.4,275.4,278.8,240.2,245.4,251.6,256.7,251.5,245.3,278.9,283.7,289.3,293.1,289.8,284.4,253.4,260.9,267.1,270.8,274.5,279.0,282.6,279.1,274.7,270.6,266.6,260.5,256.4,266.8,270.5,274.3,280.5,274.3,270.5,266.7,161.3,173.0,184.5,195.5,205.8,214.7,221.9,227.1,228.2,226.0,219.6,211.7,202.7,192.6,182.1,171.2,160.2,153.5,148.6,147.3,148.4,151.2,150.5,147.4,145.9,146.7,150.9,159.6,167.4,175.0,182.9,188.2,189.6,190.7,189.3,187.6,161.3,158.2,158.2,162.0,163.5,163.7,161.2,157.0,156.9,159.6,162.1,162.4,203.6,201.1,199.4,200.4,199.1,200.5,202.5,207.5,209.7,210.4,210.1,208.3,203.8,203.1,203.3,202.7,203.0,204.0,204.7,204.4,-51.1,-50.2,-47.3,-42.5,-33.8,-20.7,-4.9,13.0,31.0,46.5,58.6,69.8,79.3,85.7,89.7,92.5,93.2,-32.3,-21.3,-6.9,7.3,20.1,45.4,56.9,68.5,80.0,87.9,33.3,34.7,36.3,37.8,20.4,27.7,35.1,41.9,47.8,-16.5,-7.7,2.7,11.1,2.5,-7.9,49.0,57.5,67.3,74.5,68.3,58.6,5.8,18.1,28.4,34.4,40.8,48.9,56.2,49.2,41.3,34.4,27.6,17.5,10.8,27.9,34.2,40.6,52.2,40.6,34.2,27.7,-46.1,-25.7,-5.4,14.3,32.7,48.3,60.6,69.0,70.8,67.8,57.8,44.3,28.0,9.5,-9.9,-29.8,-50.1,-57.0,-64.6,-66.3,-64.1,-59.4,-61.2,-67.1,-70.5,-70.2,-63.9,-46.0,-32.9,-20.2,-7.3,1.1,3.4,5.2,3.0,0.2,-43.9,-48.9,-48.9,-42.7,-40.2,-39.8,-44.6,-51.9,-52.4,-48.3,-43.5,-42.8,27.3,22.6,19.7,21.4,19.4,22.0,25.7,33.9,37.2,38.1,37.7,34.8,27.5,25.9,26.4,25.5,26.4,27.5,28.6,28.1,687.8,691.4,695.5,698.1,697.5,694.5,688.3,680.1,679.3,688.4,703.4,715.4,720.5,719.9,718.0,716.1,715.5,655.6,649.2,644.6,640.7,638.9,646.1,653.6,662.5,672.0,682.3,644.7,638.8,632.5,626.6,643.2,641.9,641.5,644.9,649.0,655.2,652.1,652.5,654.0,652.8,652.4,663.0,665.4,669.4,675.8,669.8,665.9,660.7,650.3,646.5,647.7,649.8,658.7,672.0,660.5,653.3,650.8,649.9,652.8,658.4,649.6,650.3,653.0,668.0,652.8,650.1,649.6,0.587,0.19,-0.225,0.009,267.675,183.92,-6.638,8.484,-12.95,19.268,5.613,2.342,-4.726,3.218,3.957,-2.987,-0.004,1.023,0.372,-1.539,-0.597,-0.084,0.396,0.949,-0.961,-0.703,0.521,-0.426,-0.314,-0.413,0.095,-0.004,0.099,0.012,-0.089,-0.009,-0.018,0.003,0.008,-0.003,0.57,0.2,0.0,0.75,0.0,0.0,0.0,0.0,0.0,0.38,0.0,0.0,0.0,0.0,0.0,0.0,0.0,1.0,1.0,0.0,1.0,0.0,0.0,0.0,0.0,0.0,0.0,0.0,0.0,0.0,0.0,0.0,0.0,1.0,0.0
PP133,g1,5072,0,0.975,0.189559,0.176168,-0.965936,0.037633,0.176253,-0.983625,0.116,0.179,244.2,245.5,248.6,251.8,253.1,252.1,248.7,245.5,240.0,241.9,244.7,248.2,251.7,254.3,256.1,254.1,251.1,247.9,244.8,242.0,247.3,248.7,250.1,250.6,250.1,248.7,247.3,246.7,281.6,282.5,285.2,288.2,289.7,288.8,286.1,282.8,278.6,280.5,283.1,286.4,289.3,291.4,292.6,291.5,289.6,287.1,284.1,281.0,284.3,285.6,286.8,287.2,286.5,285.2,284.0,283.7,159.9,156.6,155.3,156.6,159.8,163.3,164.4,163.1,161.4,159.6,158.4,157.7,158.3,159.8,161.9,163.0,163.5,163.7,163.5,162.8,161.3,161.9,161.3,159.9,158.5,157.9,158.5,159.9,158.8,155.6,154.1,155.3,158.3,161.5,163.0,162.1,161.1,158.9,157.2,156.4,156.8,157.9,159.6,161.1,161.9,162.3,162.3,162.1,160.1,160.6,159.9,158.5,157.2,156.7,157.4,158.8,-7.6,-6.0,-1.8,2.4,4.1,2.7,-1.7,-5.9,-13.3,-10.7,-6.9,-2.4,2.2,5.7,8.1,5.3,1.5,-2.8,-6.9,-10.6,-3.5,-1.7,0.1,0.8,0.1,-1.8,-3.6,-4.3,42.6,43.8,47.7,51.9,53.9,52.6,48.8,44.3,38.6,41.1,44.6,49.1,53.3,56.5,58.6,56.7,53.8,50.1,45.9,41.7,46.4,48.3,49.9,50.5,49.6,47.8,46.1,45.5,-36.3,-40.6,-42.4,-40.7,-36.4,-31.8,-30.3,-32.0,-34.6,-36.8,-38.2,-39.0,-38.2,-36.4,-33.8,-32.2,-31.4,-31.1,-31.5,-32.6,-34.4,-33.7,-34.4,-36.3,-38.2,-38.9,-38.2,-36.3,-38.7,-43.1,-45.2,-43.8,-39.7,-35.3,-33.2,-34.3,-35.6,-38.6,-40.8,-41.9,-41.6,-40.5,-38.3,-36.1,-34.7,-34.0,-33.9,-34.3,-37.1,-36.5,-37.4,-39.3,-41.1,-41.7,-40.8,-38.9,513.2,513.7,513.8,513.5,513.1,512.9,512.5,512.8,517.4,514.8,512.4,511.3,511.8,513.3,514.9,513.3,511.8,511.5,512.6,514.8,513.8,513.7,513.7,513.9,514.1,514.2,514.2,514.0,526.7,527.7,529.4,530.6,530.8,529.8,528.2,527.1,527.2,526.4,526.2,527.2,529.9,533.4,536.7,533.4,530.1,527.6,526.5,526.6,528.7,529.3,530.0,530.4,530.4,529.8,529.1,528.6,29.4,-5.8,658.5,0.189,-0.167,-0.004,220.6,221.2,223.1,225.9,230.8,238.1,247.0,257.3,267.7,276.3,282.5,288.0,292.9,296.4,298.7,300.3,300.7,230.4,236.8,245.4,254.0,261.8,277.1,283.6,290.0,296.2,300.0,269.8,270.9,272.0,273.2,262.0,266.5,271.0,275.0,278.5,239.8,245.0,251.2,256.3,251.1,244.9,278.5,283.4,289.0,292.8,289.5,284.0,253.1,260.6,266.8,270.4,274.2,278.7,282.4,278.8,274.4,270.3,266.3,260.1,256.1,266.4,270.2,274.0,280.2,274.0,270.2,266.4,161.2,172.9,184.4,195.5,205.8,214.7,222.0,227.2,228.2,225.9,219.5,211.5,202.5,192.4,181.9,171.0,160.0,153.5,148.6,147.2,148.4,151.1,150.4,147.3,145.8,146.6,150.8,159.6,167.3,175.0,182.9,188.2,189.6,190.7,189.3,187.6,161.3,158.3,158.2,162.0,163.5,163.7,161.2,157.0,156.8,159.5,162.1,162.3,203.7,201.1,199.4,200.4,199.1,200.5,202.4,207.6,209.8,210.4,210.2,208.4,203.8,203.1,203.3,202.7,202.9,204.0,204.7,204.4,-51.7,-50.8,-47.9,-43.0,-34.3,-21.1,-5.2,12.8,30.8,46.3,58.4,69.6,79.0,85.3,89.3,92.0,92.6,-32.9,-21.9,-7.7,6.5,19.3,44.8,56.2,67.8,79.3,87.1,32.6,34.1,35.6,37.1,19.8,27.1,34.5,41.3,47.2,-17.0,-8.3,2.0,10.5,1.9,-8.5,48.4,56.8,66.7,73.9,67.7,57.9,5.2,17.5,27.8,33.8,40.2,48.3,55.6,48.6,40.7,33.8,27.0,16.9,10.2,27.3,33.6,40.1,51.7,40.1,33.6,27.2,-46.2,-25.8,-5.5,14.3,32.7,48.4,60.7,69.1,70.8,67.7,57.6,44.0,27.6,9.1,-10.3,-30.1,-50.3,-56.9,-64.5,-66.3,-64.1,-59.4,-61.3,-67.2,-70.6,-70.3,-64.1,-46.0,-32.9,-20.2,-7.3,1.1,3.4,5.2,3.0,0.2,-43.8,-48.8,-48.8,-42.7,-40.1,-39.7,-44.6,-51.8,-52.4,-48.3,-43.5,-42.8,27.3,22.6,19.7,21.3,19.3,21.9,25.7,33.9,37.3,38.1,37.7,34.8,27.5,25.9,26.3,25.4,26.4,27.6,28.6,28.2,687.2,690.8,695.1,697.6,697.1,694.0,687.7,679.5,678.6,687.8,702.6,714.5,719.4,718.6,716.6,714.6,714.0,654.7,648.4,643.6,639.8,637.9,645.0,652.5,661.3,670.7,680.9,643.8,637.9,631.5,625.7,642.3,641.1,640.7,644.0,648.0,654.3,651.2,651.5,653.0,651.8,651.5,661.9,664.3,668.2,674.6,668.6,664.8,660.0,649.4,645.6,646.8,648.9,657.7,671.1,659.6,652.5,649.9,649.0,652.0,657.7,648.7,649.4,652.1,667.1,652.0,649.3,648.8,0.588,0.192,-0.221,0.006,267.367,183.895,-6.91,9.188,-12.998,19.213,5.324,2.079,-4.774,3.224,3.695,-3.034,-0.151,1.018,0.501,-1.699,-0.674,-0.051,0.363,1.097,-1.06,-0.71,0.446,-0.43,-0.321,-0.491,0.105,-0.004,0.106,0.009,-0.095,-0.009,-0.017,0.004,0.008,0.001,0.54,0.29,0.0,0.6,0.0,0.0,0.0,0.0,0.0,0.37,0.0,0.0,0.0,0.0,0.0,0.0,0.0,0.0,1.0,0.0,1.0,0.0,0.0,0.0,0.0,0.0,0.0,0.0,0.0,0.0,0.0,0.0,0.0,1.0,0.0
PP133,g1,5078,0,0.975,0.192723,0.182344,-0.964162,0.038744,0.182213,-0.982495,0.118,0.185,244.2,245.5,248.7,251.9,253.2,252.1,248.7,245.6,240.0,241.9,244.8,248.3,251.7,254.4,256.2,254.1,251.1,247.9,244.8,242.0,247.3,248.7,250.1,250.7,250.1,248.7,247.3,246.8,281.6,282.5,285.3,288.3,289.7,288.9,286.1,282.9,278.6,280.5,283.2,286.4,289.4,291.4,292.7,291.6,289.7,287.1,284.1,281.0,284.4,285.7,286.9,287.3,286.6,285.3,284.1,283.7,160.3,157.0,155.7,157.0,160.2,163.7,164.8,163.5,161.8,159.9,158.7,158.1,158.7,160.2,162.3,163.5,163.9,164.1,163.9,163.2,161.7,162.3,161.7,160.3,158.9,158.3,158.9,160.3,159.2,156.0,154.5,155.6,158.7,161.8,163.3,162.5,161.5,159.3,157.6,156.8,157.2,158.2,159.9,161.4,162.3,162.7,162.7,162.5,160.4,160.9,160.3,158.9,157.6,157.1,157.7,159.1,-7.6,-5.9,-1.7,2.4,4.2,2.8,-1.7,-5.8,-13.3,-10.6,-6.8,-2.3,2.3,5.7,8.1,5.4,1.5,-2.7,-6.8,-10.5,-3.5,-1.7,0.1,0.9,0.1,-1.7,-3.5,-4.3,42.6,43.9,47.7,51.9,54.0,52.7,48.8,44.3,38.6,41.1,44.6,49.2,53.4,56.5,58.6,56.7,53.8,50.1,46.0,41.8,46.5,48.3,50.0,50.6,49.7,47.8,46.2,45.6,-35.7,-40.0,-41.8,-40.1,-35.8,-31.2,-29.7,-31.5,-34.0,-36.3,-37.7,-38.4,-37.6,-35.8,-33.2,-31.5,-30.8,-30.5,-30.9,-32.0,-33.8,-33.1,-33.9,-35.7,-37.6,-38.4,-37.6,-35.7,-38.2,-42.5,-44.7,-43.3,-39.2,-34.8,-32.7,-33.7,-35.1,-38.0,-40.2,-41.4,-41.1,-40.0,-37.8,-35.6,-34.2,-33.5,-33.4,-33.7,-36.6,-36.0,-36.9,-38.8,-40.6,-41.2,-40.3,-38.4,512.5,512.9,513.0,512.8,512.3,512.1,511.8,512.0,516.6,514.0,511.7,510.5,511.1,512.5,514.2,512.6,511.0,510.7,511.8,514.0,513.0,512.9,513.0,513.2,513.4,513.5,513.4,513.2,526.3,527.3,528.9,530.2,530.4,529.5,527.9,526.7,526.8,526.0,525.8,526.8,529.5,533.0,536.3,533.0,529.7,527.3,526.1,526.2,528.3,528.9,529.6,530.0,529.9,529.4,528.7,528.2,29.4,-5.3,659.1,0.2,-0.169,-0.002,220.4,221.1,222.9,225.7,230.6,238.0,247.0,257.2,267.6,276.1,282.3,287.9,292.8,296.4,298.6,300.3,300.7,230.4,236.9,245.5,254.2,262.0,277.1,283.7,290.1,296.3,300.0,269.9,271.0,272.1,273.2,262.1,266.6,271.1,275.1,278.5,239.8,245.1,251.3,256.3,251.2,244.9,278.6,283.5,289.0,292.8,289.6,284.1,253.1,260.5,266.8,270.4,274.1,278.6,282.3,278.6,274.2,270.2,266.2,260.1,256.0,266.4,270.2,273.9,280.1,273.9,270.1,266.3,161.3,173.0,184.5,195.6,205.9,214.7,222.0,227.2,228.2,225.9,219.4,211.4,202.3,192.3,181.8,171.0,160.0,153.9,149.0,147.7,148.8,151.6,150.8,147.7,146.2,146.9,151.1,160.1,167.8,175.5,183.4,188.6,190.0,191.1,189.7,188.0,161.7,158.6,158.6,162.4,163.9,164.1,161.6,157.4,157.2,159.9,162.4,162.7,203.9,201.4,199.8,200.8,199.5,200.9,202.7,207.8,210.1,210.7,210.5,208.6,204.1,203.5,203.7,203.1,203.2,204.3,205.0,204.8,-52.0,-51.2,-48.2,-43.3,-34.6,-21.3,-5.3,12.6,30.6,46.1,58.2,69.5,79.0,85.4,89.3,92.0,92.7,-32.8,-21.8,-7.5,6.8,19.7,44.8,56.3,67.9,79.4,87.3,32.8,34.2,35.8,37.3,19.9,27.2,34.6,41.4,47.3,-17.0,-8.2,2.1,10.6,1.9,-8.5,48.5,56.9,66.8,74.0,67.8,58.0,5.2,17.5,27.8,33.8,40.1,48.2,55.5,48.4,40.5,33.7,26.9,16.8,10.2,27.3,33.5,40.0,51.5,39.9,33.5,27.1,-46.1,-25.7,-5.3,14.4,32.9,48.5,60.8,69.2,70.8,67.7,57.5,43.7,27.4,8.9,-10.4,-30.2,-50.3,-56.2,-63.8,-65.6,-63.3,-58.7,-60.6,-66.5,-70.0,-69.7,-63.5,-45.2,-32.2,-19.4,-6.6,1.8,4.1,5.9,3.7,0.8,-43.2,-48.1,-48.1,-41.9,-39.4,-39.0,-43.9,-51.2,-51.9,-47.8,-42.9,-42.2,27.8,23.2,20.3,22.0,20.0,22.6,26.2,34.4,37.8,38.6,38.2,35.3,28.0,26.5,27.0,26.1,26.9,28.1,29.2,28.7,687.4,691.1,695.5,698.2,697.8,694.9,688.7,680.7,680.0,689.0,703.7,715.5,720.3,719.4,717.4,715.4,714.7,654.6,648.1,643.4,639.6,637.8,645.0,652.4,661.3,670.8,681.0,643.8,638.1,631.9,626.3,642.9,641.7,641.3,644.6,648.6,654.3,651.0,651.4,652.9,651.8,651.5,662.1,664.3,668.3,674.9,668.9,665.0,660.8,650.3,646.4,647.6,649.7,658.6,672.0,660.6,653.5,650.9,650.0,653.0,658.5,649.6,650.3,653.0,668.0,652.8,650.2,649.7,0.588,0.203,-0.223,0.009,267.348,184.166,-6.312,9.332,-13.256,18.506,6.143,1.805,-4.652,2.617,3.669,-2.784,-0.147,1.204,0.603,-1.577,-0.992,0.056,0.408,1.083,-1.061,-0.596,0.413,-0.332,-0.197,-0.382,0.055,-0.082,0.108,0.003,-0.094,-0.004,-0.019,0.007,0.004,0.001,0.66,0.17,0.0,0.64,0.0,0.0,0.01,0.0,0.0,0.28,0.0,0.0,0.0,0.0,0.0,0.0,0.0,1.0,1.0,0.0,1.0,0.0,0.0,0.0,0.0,0.0,0.0,0.0,0.0,0.0,0.0,0.0,0.0,1.0,0.0
PP133,g1,5084,0,0.975,0.191547,0.181807,-0.964498,0.037548,0.181603,-0.982655,0.117,0.185,243.9,245.1,248.3,251.5,252.8,251.8,248.4,245.2,239.6,241.6,244.4,247.9,251.4,254.0,255.8,253.7,250.8,247.6,244.4,241.6,247.0,248.4,249.7,250.3,249.7,248.3,247.0,246.4,281.3,282.1,284.9,287.9,289.4,288.5,285.8,282.5,278.3,280.2,282.8,286.1,289.0,291.1,292.3,291.2,289.3,286.8,283.8,280.7,284.0,285.3,286.5,286.9,286.2,284.9,283.7,283.4,160.1,156.9,155.5,156.8,160.0,163.5,164.6,163.3,161.6,159.8,158.6,158.0,158.6,160.0,162.1,163.3,163.8,164.0,163.7,163.0,161.6,162.2,161.6,160.1,158.7,158.2,158.8,160.2,159.0,155.8,154.3,155.4,158.5,161.7,163.1,162.3,161.3,159.1,157.4,156.6,157.0,158.0,159.8,161.2,162.1,162.5,162.5,162.3,160.3,160.7,160.1,158.7,157.4,156.9,157.5,158.9,-8.1,-6.4,-2.2,2.0,3.7,2.3,-2.1,-6.3,-13.8,-11.1,-7.3,-2.8,1.8,5.2,7.7,4.9,1.0,-3.2,-7.3,-11.0,-4.0,-2.2,-0.3,0.4,-0.4,-2.2,-4.0,-4.8,42.2,43.4,47.3,51.4,53.5,52.2,48.4,43.9,38.2,40.6,44.2,48.7,52.9,56.1,58.1,56.3,53.3,49.7,45.5,41.3,46.0,47.8,49.5,50.1,49.2,47.4,45.7,45.1,-36.0,-40.3,-42.1,-40.4,-36.1,-31.5,-30.0,-31.7,-34.3,-36.5,-37.9,-38.6,-37.9,-36.1,-33.5,-31.8,-31.1,-30.8,-31.2,-32.3,-34.1,-33.3,-34.1,-36.0,-37.9,-38.6,-37.8,-36.0,-38.4,-42.8,-44.9,-43.6,-39.4,-35.0,-32.9,-34.0,-35.4,-38.3,-40.5,-41.7,-41.4,-40.3,-38.1,-35.9,-34.5,-33.7,-33.7,-34.0,-36.9,-36.2,-37.2,-39.1,-40.9,-41.5,-40.6,-38.7,513.3,513.7,513.9,513.6,513.2,513.0,512.6,512.8,517.4,514.9,512.5,511.4,511.9,513.4,515.0,513.4,511.9,511.5,512.6,514.9,513.9,513.8,513.8,514.0,514.2,514.3,514.3,514.1,526.6,527.6,529.2,530.5,530.7,529.7,528.1,527.0,527.1,526.3,526.1,527.1,529.7,533.2,536.6,533.3,530.0,527.5,526.4,526.5,528.6,529.2,529.9,530.3,530.2,529.7,529.0,528.5,28.8,-5.5,659.3,0.2,-0.167,-0.003,220.2,220.8,222.7,225.5,230.4,237.7,246.7,256.9,267.3,275.8,282.1,287.7,292.6,296.1,298.4,300.0,300.4,230.1,236.5,245.1,253.8,261.6,276.7,283.3,289.7,295.9,299.7,269.5,270.5,271.7,272.8,261.7,266.2,270.7,274.7,278.1,239.5,244.7,250.9,255.9,250.8,244.6,278.2,283.1,288.7,292.5,289.2,283.7,252.7,260.2,266.4,270.0,273.7,278.2,282.0,278.3,273.9,269.9,265.8,259.7,255.7,266.0,269.8,273.5,279.8,273.5,269.8,265.9,161.3,172.9,184.4,195.4,205.7,214.5,221.7,227.0,228.0,225.7,219.2,211.2,202.2,192.2,181.8,171.0,159.9,153.9,149.0,147.6,148.7,151.5,150.7,147.5,146.0,146.8,151.0,159.9,167.7,175.4,183.3,188.5,189.8,190.9,189.6,187.9,161.5,158.5,158.5,162.2,163.7,163.9,161.4,157.2,157.0,159.7,162.2,162.5,203.8,201.3,199.7,200.6,199.4,200.7,202.5,207.7,209.9,210.5,210.3,208.5,204.0,203.3,203.6,203.0,203.1,204.2,204.9,204.6,-52.5,-51.7,-48.7,-43.8,-35.1,-21.8,-5.9,12.1,30.1,45.6,57.7,69.0,78.5,84.9,88.9,91.6,92.2,-33.4,-22.5,-8.1,6.2,19.0,44.1,55.6,67.2,78.8,86.6,32.2,33.6,35.1,36.6,19.2,26.6,34.0,40.7,46.7,-17.6,-8.8,1.5,9.9,1.3,-9.1,47.9,56.3,66.1,73.4,67.2,57.4,4.6,16.9,27.1,33.2,39.5,47.6,55.0,47.9,40.0,33.1,26.3,16.2,9.6,26.7,32.9,39.4,51.0,39.4,32.9,26.5,-46.2,-25.9,-5.6,14.1,32.5,48.1,60.4,68.8,70.5,67.3,57.1,43.5,27.1,8.7,-10.5,-30.3,-50.4,-56.4,-64.0,-65.8,-63.5,-58.8,-60.7,-66.7,-70.2,-69.9,-63.7,-45.5,-32.4,-19.6,-6.7,1.6,3.8,5.7,3.4,0.6,-43.5,-48.4,-48.4,-42.2,-39.7,-39.3,-44.2,-51.6,-52.2,-48.1,-43.3,-42.5,27.5,23.0,20.1,21.8,19.8,22.3,25.9,34.1,37.5,38.4,38.0,35.1,27.8,26.3,26.7,25.9,26.6,27.9,29.0,28.5,687.8,691.5,695.9,698.6,698.2,695.2,689.1,680.9,680.1,689.1,703.8,715.6,720.4,719.6,717.6,715.7,715.0,655.0,648.5,643.7,639.8,638.0,645.1,652.5,661.3,670.8,681.0,643.9,638.2,632.0,626.3,643.0,641.8,641.4,644.7,648.6,654.6,651.4,651.7,653.2,652.1,651.8,662.1,664.4,668.3,674.8,668.8,665.0,661.1,650.5,646.6,647.8,649.8,658.8,672.2,660.8,653.7,651.2,650.3,653.3,658.8,649.8,650.5,653.1,668.2,653.0,650.4,649.9,0.587,0.203,-0.22,0.008,266.999,184.026,-5.956,8.919,-12.925,18.616,6.26,2.014,-4.433,2.852,3.943,-2.356,-0.032,1.249,0.675,-1.603,-0.957,0.083,0.465,1.199,-0.99,-0.588,0.467,-0.354,-0.146,-0.419,0.132,-0.071,0.079,0.009,-0.096,-0.005,-0.024,0.011,0.004,0.005,0.36,0.02,0.0,0.32,0.0,0.0,0.0,0.0,0.0,0.28,0.0,0.0,0.0,0.0,0.0,0.0,0.0,0.0,1.0,0.0,1.0,0.0,0.0,0.0,0.0,0.0,0.0,0.0,0.0,0.0,0.0,0.0,0.0,1.0,0.0
PP133,g1,5090,0,0.975,0.189167,0.17993,-0.965319,0.03592,0.180246,-0.982965,0.115,0.183,243.4,244.7,247.8,251.0,252.4,251.3,247.9,244.7,239.1,241.1,243.9,247.4,250.9,253.6,255.4,253.3,250.3,247.1,243.9,241.2,246.5,247.9,249.3,249.9,249.3,247.9,246.5,245.9,280.9,281.8,284.6,287.6,289.1,288.2,285.5,282.2,277.9,279.8,282.5,285.8,288.7,290.8,292.1,291.0,289.0,286.5,283.4,280.3,283.7,285.0,286.2,286.6,285.9,284.6,283.4,283.0,160.4,157.1,155.7,157.0,160.2,163.8,164.9,163.6,161.9,160.0,158.8,158.2,158.8,160.2,162.3,163.5,164.0,164.2,164.0,163.3,161.8,162.4,161.8,160.4,158.9,158.4,159.0,160.4,159.1,155.9,154.4,155.5,158.6,161.8,163.3,162.4,161.4,159.2,157.5,156.7,157.1,158.1,159.8,161.3,162.2,162.6,162.7,162.4,160.4,160.9,160.2,158.8,157.5,157.0,157.6,159.1,-8.7,-7.0,-2.8,1.3,3.1,1.7,-2.7,-6.9,-14.3,-11.7,-7.9,-3.4,1.2,4.6,7.1,4.3,0.4,-3.8,-7.9,-11.6,-4.6,-2.7,-0.9,-0.2,-1.0,-2.8,-4.6,-5.3,41.5,42.7,46.6,50.8,52.8,51.5,47.7,43.2,37.5,40.0,43.5,48.0,52.2,55.4,57.5,55.6,52.7,49.0,44.8,40.7,45.3,47.2,48.9,49.4,48.5,46.7,45.0,44.4,-35.5,-39.8,-41.6,-39.9,-35.6,-31.0,-29.5,-31.2,-33.7,-36.0,-37.4,-38.1,-37.4,-35.6,-33.0,-31.3,-30.6,-30.3,-30.7,-31.7,-33.6,-32.8,-33.6,-35.5,-37.4,-38.1,-37.3,-35.4,-38.1,-42.4,-44.6,-43.2,-39.1,-34.7,-32.6,-33.6,-35.0,-37.9,-40.1,-41.3,-41.0,-39.9,-37.8,-35.5,-34.1,-33.4,-33.3,-33.6,-36.5,-35.9,-36.8,-38.7,-40.5,-41.1,-40.2,-38.3,510.3,510.7,510.8,510.6,510.1,509.9,509.6,509.8,514.5,511.9,509.5,508.3,508.9,510.3,512.0,510.4,508.9,508.6,509.7,511.9,510.9,510.8,510.8,511.0,511.2,511.3,511.2,511.1,523.6,524.6,526.2,527.4,527.7,526.7,525.1,523.9,524.0,523.2,523.0,524.0,526.7,530.2,533.5,530.2,526.9,524.5,523.4,523.5,525.6,526.1,526.8,527.3,527.2,526.6,525.9,525.5,28.2,-5.1,657.4,0.198,-0.164,-0.007,219.9,220.6,222.5,225.4,230.3,237.6,246.5,256.8,267.2,275.7,282.0,287.6,292.5,296.0,298.2,299.8,300.2,229.5,235.9,244.5,253.2,261.1,276.3,283.0,289.4,295.6,299.5,269.1,270.2,271.3,272.5,261.4,265.9,270.4,274.4,277.8,239.0,244.2,250.4,255.5,250.3,244.1,277.9,282.8,288.4,292.2,289.0,283.4,252.5,259.9,266.2,269.8,273.5,278.0,281.8,278.1,273.7,269.7,265.6,259.5,255.4,265.8,269.6,273.3,279.6,273.3,269.5,265.7,161.6,173.2,184.7,195.7,206.1,214.9,222.2,227.4,228.4,226.1,219.6,211.5,202.4,192.4,181.9,171.1,160.0,154.1,149.2,147.8,148.9,151.6,150.8,147.6,146.1,146.8,151.0,160.1,167.8,175.6,183.5,188.7,190.1,191.2,189.8,188.1,161.8,158.7,158.7,162.5,164.0,164.2,161.6,157.3,157.1,159.8,162.4,162.7,204.1,201.7,200.0,201.0,199.7,201.0,202.8,208.0,210.2,210.9,210.7,208.8,204.3,203.7,203.9,203.3,203.3,204.5,205.2,204.9,-53.0,-52.0,-48.9,-43.9,-35.2,-22.0,-6.1,11.8,29.8,45.3,57.5,68.7,78.2,84.5,88.4,91.0,91.6,-34.4,-23.4,-9.1,5.2,18.1,43.4,54.9,66.6,78.2,86.0,31.4,32.9,34.4,36.0,18.7,26.0,33.4,40.2,46.1,-18.4,-9.6,0.7,9.2,0.6,-9.8,47.2,55.6,65.5,72.8,66.5,56.7,4.2,16.5,26.7,32.7,39.0,47.1,54.5,47.4,39.5,32.7,26.0,15.8,9.1,26.3,32.5,38.9,50.6,38.9,32.4,26.1,-45.6,-25.2,-5.0,14.7,33.1,48.7,61.0,69.4,71.1,67.9,57.6,43.8,27.4,9.0,-10.3,-30.0,-50.1,-55.8,-63.5,-65.3,-63.1,-58.4,-60.4,-66.4,-69.9,-69.6,-63.4,-45.1,-32.0,-19.2,-6.4,2.0,4.3,6.1,3.8,1.0,-43.0,-47.9,-48.0,-41.8,-39.2,-38.8,-43.9,-51.2,-51.9,-47.8,-42.9,-42.2,28.1,23.5,20.6,22.3,20.3,22.7,26.2,34.5,37.9,38.8,38.5,35.6,28.3,26.8,27.2,26.3,27.0,28.3,29.4,28.9,686.4,690.1,694.4,697.0,696.6,693.6,687.5,679.3,678.3,687.2,701.8,713.6,718.4,717.4,715.4,713.5,712.7,653.7,647.0,642.1,638.1,636.1,643.1,650.6,659.5,669.0,679.3,642.1,636.3,630.0,624.2,641.2,639.9,639.5,642.7,646.7,653.1,649.8,650.1,651.6,650.5,650.3,660.4,662.6,666.5,673.1,667.1,663.2,659.4,648.8,644.8,645.9,647.9,656.8,670.2,658.8,651.7,649.2,648.4,651.5,657.0,648.0,648.7,651.3,666.3,651.1,648.5,648.0,0.589,0.202,-0.217,0.004,266.732,184.275,-5.89,9.079,-12.905,19.358,6.374,1.982,-5.145,2.939,4.228,-2.609,-0.216,1.258,0.487,-1.701,-0.784,-0.043,0.421,1.109,-1.051,-0.54,0.473,-0.432,-0.141,-0.318,0.038,-0.096,0.114,0.004,-0.099,-0.004,-0.023,0.006,0.007,-0.002,0.44,0.15,0.0,0.96,0.0,0.0,0.0,0.0,0.0,0.2,0.0,0.0,0.0,0.0,0.0,0.0,0.0,0.0,1.0,0.0,1.0,0.0,0.0,0.0,0.0,0.0,0.0,0.0,0.0,0.0,0.0,0.0,0.0,1.0,0.0
PP133,g1,5096,0,0.975,0.191409,0.186221,-0.963683,0.039127,0.18622,-0.981729,0.118,0.189,244.0,245.3,248.5,251.6,253.0,251.9,248.5,245.3,239.8,241.7,244.6,248.0,251.5,254.2,256.0,253.9,250.9,247.7,244.6,241.8,247.1,248.5,249.9,250.5,249.9,248.5,247.1,246.5,281.5,282.3,285.1,288.1,289.6,288.7,286.0,282.7,278.5,280.3,283.0,286.3,289.2,291.3,292.5,291.4,289.5,287.0,283.9,280.8,284.2,285.5,286.7,287.1,286.4,285.1,283.9,283.5,160.7,157.4,156.1,157.4,160.6,164.1,165.2,163.9,162.2,160.4,159.2,158.6,159.1,160.6,162.7,163.9,164.3,164.5,164.3,163.6,162.1,162.7,162.1,160.7,159.3,158.7,159.3,160.7,159.5,156.3,154.8,155.9,159.0,162.2,163.7,162.8,161.8,159.6,158.0,157.1,157.5,158.5,160.3,161.7,162.6,163.0,163.0,162.8,160.8,161.3,160.6,159.2,157.9,157.4,158.1,159.5,-7.9,-6.2,-2.0,2.2,3.9,2.5,-1.9,-6.1,-13.5,-10.9,-7.1,-2.6,2.0,5.5,7.9,5.1,1.2,-3.0,-7.1,-10.8,-3.8,-1.9,-0.1,0.6,-0.2,-2.0,-3.8,-4.5,42.4,43.6,47.5,51.6,53.7,52.4,48.6,44.1,38.3,40.8,44.4,48.9,53.1,56.3,58.3,56.5,53.5,49.8,45.7,41.5,46.2,48.0,49.7,50.3,49.4,47.6,45.9,45.3,-35.2,-39.5,-41.3,-39.6,-35.3,-30.7,-29.2,-30.9,-33.5,-35.7,-37.1,-37.8,-37.1,-35.3,-32.7,-31.0,-30.3,-30.0,-30.4,-31.5,-33.3,-32.5,-33.3,-35.2,-37.1,-37.8,-37.0,-35.2,-37.7,-42.1,-44.2,-42.8,-38.7,-34.3,-32.2,-33.3,-34.6,-37.5,-39.7,-40.9,-40.6,-39.5,-37.4,-35.1,-33.7,-33.0,-32.9,-33.2,-36.1,-35.5,-36.4,-38.3,-40.1,-40.7,-39.8,-37.9,512.5,512.9,513.0,512.7,512.3,512.1,511.8,512.0,516.6,514.0,511.7,510.5,511.1,512.5,514.1,512.6,511.0,510.7,511.8,514.1,513.0,512.9,513.0,513.1,513.3,513.5,513.4,513.2,526.0,526.9,528.6,529.9,530.1,529.1,527.5,526.3,526.4,525.6,525.4,526.4,529.1,532.6,535.9,532.7,529.4,526.9,525.8,525.9,528.0,528.6,529.3,529.7,529.6,529.0,528.3,527.9,29.0,-4.5,657.7,0.206,-0.169,-0.003,220.3,221.0,222.8,225.6,230.5,237.9,246.8,257.1,267.4,276.0,282.2,287.8,292.7,296.2,298.5,300.1,300.5,230.2,236.5,245.2,253.8,261.7,277.0,283.5,289.9,296.1,299.9,269.7,270.8,272.0,273.1,261.9,266.4,270.9,274.9,278.4,239.6,244.9,251.1,256.1,250.9,244.7,278.4,283.3,288.9,292.7,289.4,283.9,252.9,260.4,266.6,270.3,274.0,278.5,282.2,278.6,274.2,270.1,266.1,259.9,255.8,266.3,270.0,273.8,280.1,273.8,270.0,266.2,161.6,173.3,184.7,195.8,206.1,215.1,222.4,227.8,228.8,226.4,219.8,211.7,202.6,192.6,182.1,171.3,160.2,154.4,149.5,148.2,149.3,152.1,151.3,148.1,146.6,147.3,151.5,160.5,168.3,176.1,184.0,189.1,190.5,191.6,190.3,188.5,162.1,159.1,159.1,162.8,164.3,164.5,162.0,157.7,157.5,160.2,162.8,163.1,204.4,202.0,200.4,201.3,200.1,201.4,203.1,208.4,210.7,211.3,211.1,209.2,204.6,204.0,204.3,203.6,203.7,204.9,205.7,205.4,-52.1,-51.3,-48.3,-43.5,-34.8,-21.6,-5.7,12.3,30.3,45.8,57.9,69.2,78.6,84.9,88.8,91.5,92.1,-33.2,-22.3,-8.0,6.3,19.1,44.4,55.8,67.4,78.9,86.7,32.4,33.9,35.4,36.9,19.5,26.9,34.3,41.1,47.0,-17.3,-8.6,1.8,10.2,1.6,-8.8,48.0,56.5,66.3,73.5,67.3,57.6,4.8,17.2,27.5,33.5,39.9,48.0,55.3,48.3,40.4,33.5,26.7,16.5,9.8,27.0,33.3,39.7,51.3,39.7,33.3,26.8,-45.5,-25.2,-4.9,14.8,33.2,49.0,61.5,70.1,71.8,68.6,58.2,44.3,27.8,9.3,-9.9,-29.7,-49.8,-55.3,-62.8,-64.6,-62.3,-57.6,-59.5,-65.5,-69.1,-68.8,-62.7,-44.3,-31.2,-18.4,-5.5,2.7,4.9,6.8,4.5,1.6,-42.4,-47.3,-47.3,-41.2,-38.7,-38.3,-43.2,-50.5,-51.1,-47.1,-42.3,-41.5,28.6,24.1,21.2,22.9,20.9,23.3,26.8,35.3,38.7,39.6,39.2,36.2,28.8,27.4,27.8,26.9,27.6,29.1,30.2,29.7,685.7,689.6,694.2,697.0,696.7,694.0,687.9,679.9,679.1,688.1,702.8,714.5,719.2,718.1,715.8,713.6,712.7,652.9,646.3,641.5,637.7,635.9,643.2,650.6,659.4,669.0,679.3,642.0,636.3,630.1,624.5,641.4,640.2,639.8,643.1,647.0,652.6,649.3,649.7,651.3,650.2,649.8,660.4,662.6,666.6,673.1,667.1,663.3,659.6,649.0,645.0,646.3,648.3,657.3,670.9,659.5,652.3,649.7,648.8,651.8,657.3,648.3,649.0,651.7,666.9,651.6,648.9,648.4,0.589,0.211,-0.223,0.008,267.19,184.62,-6.016,9.421,-12.58,19.296,5.529,1.942,-4.938,3.098,4.124,-2.851,-0.262,1.239,0.693,-1.707,-0.841,-0.049,0.473,1.056,-1.002,-0.727,0.417,-0.397,-0.209,-0.484,0.126,-0.044,0.099,0.025,-0.104,-0.003,-0.022,0.004,0.005,0.0,0.25,0.0,0.0,0.89,0.0,0.0,0.0,0.0,0.0,0.16,0.0,0.0,0.0,0.0,0.0,0.0,0.0,0.0,1.0,0.0,1.0,0.0,0.0,0.0,0.0,0.0,0.0,0.0,0.0,0.0,0.0,0.0,0.0,1.0,0.0
PP133,g1,5102,0,0.975,0.188628,0.183213,-0.964807,0.037327,0.182569,-0.982484,0.116,0.186,243.7,245.0,248.2,251.4,252.7,251.6,248.2,245.0,239.4,241.4,244.2,247.7,251.2,253.9,255.7,253.6,250.6,247.4,244.2,241.5,246.8,248.2,249.6,250.2,249.6,248.2,246.8,246.2,281.2,282.1,284.8,287.8,289.3,288.5,285.7,282.4,278.2,280.1,282.7,286.0,289.0,291.0,292.3,291.2,289.3,286.7,283.7,280.6,283.9,285.2,286.5,286.8,286.2,284.9,283.7,283.3,160.7,157.4,156.1,157.4,160.6,164.1,165.2,163.9,162.2,160.4,159.1,158.6,159.2,160.6,162.7,163.9,164.4,164.6,164.3,163.6,162.2,162.7,162.1,160.7,159.3,158.7,159.3,160.7,159.6,156.4,155.0,156.1,159.1,162.3,163.8,163.0,162.0,159.7,158.1,157.3,157.6,158.7,160.4,161.9,162.8,163.2,163.2,162.9,160.9,161.4,160.8,159.4,158.0,157.5,158.2,159.6,-8.2,-6.5,-2.4,1.8,3.5,2.1,-2.3,-6.5,-13.9,-11.3,-7.5,-3.0,1.6,5.1,7.5,4.7,0.8,-3.4,-7.5,-11.2,-4.2,-2.3,-0.5,0.2,-0.5,-2.4,-4.2,-4.9,41.8,43.1,46.9,51.1,53.2,51.9,48.0,43.5,37.8,40.3,43.8,48.3,52.6,55.7,57.8,55.9,53.0,49.3,45.1,41.0,45.7,47.5,49.2,49.8,48.9,47.0,45.3,44.8,-35.1,-39.3,-41.1,-39.4,-35.1,-30.5,-29.0,-30.8,-33.4,-35.6,-37.0,-37.7,-36.9,-35.1,-32.5,-30.9,-30.2,-29.9,-30.3,-31.3,-33.2,-32.4,-33.2,-35.1,-36.9,-37.7,-36.9,-35.0,-37.3,-41.7,-43.8,-42.4,-38.3,-33.9,-31.8,-32.9,-34.3,-37.2,-39.4,-40.6,-40.3,-39.1,-37.0,-34.8,-33.4,-32.6,-32.6,-32.9,-35.8,-35.1,-36.1,-38.0,-39.8,-40.4,-39.5,-37.6,510.6,511.0,511.1,510.8,510.3,510.2,509.8,510.1,514.8,512.2,509.8,508.6,509.1,510.5,512.2,510.6,509.1,508.8,509.9,512.2,511.1,511.0,511.0,511.2,511.4,511.5,511.5,511.3,523.8,524.8,526.4,527.7,527.9,526.9,525.3,524.2,524.3,523.5,523.3,524.3,526.9,530.4,533.8,530.5,527.2,524.7,523.6,523.7,525.8,526.4,527.1,527.5,527.4,526.9,526.2,525.7,28.5,-4.3,657.0,0.202,-0.166,-0.001,220.2,220.8,222.7,225.5,230.3,237.6,246.5,256.7,267.1,275.6,281.8,287.5,292.4,295.9,298.2,299.9,300.3,229.8,236.3,244.9,253.6,261.5,276.6,283.2,289.7,295.9,299.7,269.4,270.5,271.6,272.7,261.5,266.0,270.6,274.6,278.0,239.3,244.5,250.8,255.9,250.6,244.4,278.1,283.0,288.6,292.4,289.2,283.6,252.5,260.0,266.3,269.9,273.6,278.2,281.9,278.2,273.8,269.7,265.7,259.5,255.5,265.9,269.7,273.4,279.7,273.4,269.6,265.8,161.6,173.3,184.8,195.9,206.3,215.2,222.6,228.0,229.0,226.7,220.2,212.1,203.0,193.0,182.4,171.6,160.5,154.4,149.5,148.1,149.3,152.1,151.4,148.2,146.7,147.5,151.7,160.6,168.4,176.1,184.1,189.2,190.6,191.8,190.4,188.6,162.1,159.1,159.1,162.8,164.3,164.5,162.1,157.8,157.7,160.3,162.9,163.2,204.5,202.1,200.5,201.5,200.2,201.6,203.4,208.6,210.9,211.5,211.3,209.4,204.8,204.2,204.4,203.8,203.9,205.1,205.8,205.5,-52.4,-51.5,-48.6,-43.7,-35.1,-22.0,-6.2,11.6,29.6,45.1,57.2,68.5,77.9,84.3,88.3,91.0,91.7,-33.7,-22.7,-8.4,5.9,18.8,43.8,55.3,67.0,78.6,86.3,31.9,33.3,34.8,36.3,18.9,26.2,33.7,40.4,46.4,-17.8,-9.1,1.3,9.8,1.1,-9.3,47.5,56.0,65.9,73.1,66.9,57.1,4.2,16.6,26.8,32.9,39.2,47.3,54.7,47.6,39.6,32.8,26.0,15.8,9.2,26.4,32.6,39.0,50.7,39.0,32.6,26.2,-45.4,-25.0,-4.7,15.0,33.5,49.3,61.8,70.4,72.1,69.0,58.7,44.9,28.5,10.0,-9.3,-29.1,-49.2,-55.3,-62.9,-64.6,-62.3,-57.5,-59.3,-65.3,-68.8,-68.5,-62.2,-44.2,-31.1,-18.3,-5.4,2.8,5.1,7.0,4.7,1.9,-42.4,-47.3,-47.3,-41.1,-38.6,-38.2,-42.9,-50.3,-50.9,-46.8,-41.9,-41.2,28.8,24.3,21.4,23.1,21.1,23.7,27.2,35.6,39.0,39.9,39.5,36.5,29.0,27.6,28.0,27.2,28.0,29.4,30.4,29.9,685.5,689.4,693.8,696.6,696.2,693.4,687.3,679.1,678.2,687.2,701.9,713.6,718.3,717.2,715.0,712.9,712.1,652.8,646.2,641.3,637.3,635.4,642.5,649.9,658.8,668.5,678.9,641.4,635.6,629.3,623.6,640.7,639.4,638.9,642.2,646.2,652.4,649.1,649.4,650.9,649.9,649.6,659.8,662.1,666.0,672.5,666.6,662.7,659.0,648.3,644.3,645.5,647.5,656.5,670.0,658.6,651.4,648.9,648.1,651.1,656.7,647.5,648.2,650.9,666.0,650.8,648.1,647.7,0.589,0.207,-0.219,0.01,266.883,184.767,-5.932,9.4,-12.326,20.174,5.717,2.079,-4.913,3.08,4.172,-2.906,-0.176,1.122,0.423,-1.661,-0.96,-0.02,0.475,0.986,-1.085,-0.637,0.41,-0.387,-0.221,-0.368,0.079,-0.039,0.097,0.014,-0.103,-0.004,-0.022,0.002,0.005,-0.001,0.59,0.12,0.0,0.99,0.0,0.0,0.0,0.0,0.0,0.1,0.0,0.0,0.0,0.0,0.0,0.0,0.0,0.0,1.0,0.0,1.0,0.0,0.0,0.0,0.0,0.0,0.0,0.0,0.0,0.0,0.0,0.0,0.0,1.0,0.0
PP133,g1,5108,0,0.975,0.19235,0.185373,-0.963659,0.040542,0.185123,-0.981879,0.119,0.188,244.0,245.3,248.4,251.6,253.0,251.9,248.5,245.3,239.7,241.7,244.5,248.0,251.5,254.2,256.0,253.9,250.9,247.7,244.6,241.8,247.1,248.5,249.9,250.5,249.9,248.5,247.1,246.5,281.5,282.4,285.1,288.1,289.6,288.7,286.0,282.7,278.5,280.4,283.0,286.3,289.2,291.3,292.5,291.4,289.5,287.0,284.0,280.9,284.2,285.5,286.7,287.1,286.4,285.1,283.9,283.6,160.7,157.4,156.0,157.3,160.6,164.1,165.2,163.9,162.2,160.4,159.2,158.5,159.1,160.6,162.7,163.8,164.3,164.5,164.3,163.6,162.1,162.7,162.1,160.7,159.3,158.7,159.3,160.7,159.5,156.3,154.8,155.9,159.0,162.2,163.7,162.8,161.8,159.6,158.0,157.1,157.5,158.5,160.3,161.7,162.6,163.0,163.0,162.8,160.8,161.3,160.6,159.2,157.9,157.4,158.1,159.5,-7.9,-6.2,-2.0,2.1,3.9,2.5,-1.9,-6.1,-13.6,-10.9,-7.1,-2.6,2.0,5.4,7.9,5.1,1.2,-3.0,-7.1,-10.8,-3.8,-2.0,-0.1,0.6,-0.2,-2.0,-3.8,-4.6,42.3,43.6,47.4,51.6,53.7,52.4,48.5,44.0,38.3,40.8,44.3,48.8,53.1,56.2,58.3,56.4,53.5,49.8,45.6,41.5,46.2,48.0,49.7,50.3,49.4,47.5,45.8,45.3,-35.1,-39.4,-41.2,-39.5,-35.2,-30.6,-29.1,-30.9,-33.4,-35.6,-37.0,-37.8,-37.0,-35.2,-32.6,-31.0,-30.3,-30.0,-30.3,-31.4,-33.2,-32.5,-33.3,-35.2,-37.0,-37.8,-37.0,-35.1,-37.6,-42.0,-44.2,-42.8,-38.7,-34.3,-32.1,-33.2,-34.6,-37.5,-39.7,-40.9,-40.6,-39.5,-37.3,-35.1,-33.7,-33.0,-32.9,-33.2,-36.1,-35.5,-36.4,-38.3,-40.1,-40.7,-39.8,-37.9,511.4,511.8,511.9,511.7,511.2,511.0,510.7,510.9,515.5,512.9,510.6,509.4,510.0,511.4,513.1,511.5,509.9,509.6,510.7,513.0,511.9,511.8,511.9,512.1,512.3,512.4,512.3,512.1,525.3,526.3,527.9,529.2,529.5,528.5,526.9,525.7,525.8,525.0,524.8,525.8,528.5,532.0,535.3,532.0,528.7,526.3,525.1,525.3,527.4,527.9,528.6,529.1,529.0,528.4,527.7,527.3,29.0,-4.5,656.5,0.203,-0.171,-0.003,220.3,220.9,222.8,225.6,230.5,237.8,246.8,257.1,267.5,276.0,282.2,287.8,292.6,296.2,298.4,300.0,300.4,230.1,236.5,245.2,254.0,261.9,276.9,283.5,290.0,296.2,299.9,269.8,270.8,272.0,273.2,261.9,266.5,271.0,275.0,278.4,239.6,244.8,251.0,256.1,250.9,244.7,278.4,283.3,288.9,292.7,289.4,283.9,252.9,260.4,266.7,270.3,274.1,278.6,282.3,278.7,274.2,270.2,266.2,260.0,255.8,266.4,270.1,273.9,280.1,273.9,270.1,266.3,161.6,173.3,184.8,195.9,206.3,215.2,222.5,227.8,228.9,226.5,220.0,211.8,202.7,192.7,182.1,171.3,160.2,154.4,149.5,148.1,149.3,152.1,151.3,148.1,146.5,147.3,151.5,160.5,168.3,176.0,184.0,189.1,190.5,191.6,190.3,188.5,162.1,159.1,159.0,162.8,164.3,164.5,161.9,157.7,157.5,160.2,162.7,163.0,204.4,202.0,200.4,201.4,200.1,201.4,203.1,208.4,210.7,211.4,211.2,209.3,204.7,204.1,204.3,203.7,203.7,205.0,205.7,205.4,-52.1,-51.2,-48.2,-43.4,-34.7,-21.6,-5.7,12.3,30.3,45.8,57.8,69.0,78.4,84.7,88.6,91.3,91.9,-33.3,-22.3,-7.9,6.4,19.3,44.3,55.7,67.4,78.9,86.7,32.4,33.9,35.5,37.0,19.6,26.9,34.3,41.1,47.0,-17.3,-8.6,1.7,10.2,1.6,-8.8,48.0,56.5,66.3,73.5,67.3,57.5,4.8,17.3,27.5,33.6,39.9,48.0,55.3,48.3,40.4,33.5,26.8,16.6,9.8,27.1,33.3,39.7,51.4,39.8,33.3,26.9,-45.4,-25.0,-4.8,14.9,33.4,49.1,61.5,70.1,71.8,68.6,58.3,44.5,28.0,9.5,-9.8,-29.6,-49.7,-55.2,-62.8,-64.6,-62.3,-57.6,-59.5,-65.5,-69.1,-68.8,-62.6,-44.3,-31.2,-18.5,-5.6,2.6,4.9,6.8,4.5,1.6,-42.4,-47.2,-47.3,-41.2,-38.6,-38.2,-43.1,-50.4,-51.1,-47.0,-42.2,-41.5,28.5,24.1,21.3,23.0,21.0,23.4,26.8,35.2,38.7,39.6,39.2,36.2,28.8,27.4,27.9,26.9,27.6,29.1,30.2,29.7,684.6,688.4,692.8,695.6,695.4,692.6,686.5,678.5,677.7,686.8,701.6,713.4,718.1,717.1,714.9,712.9,712.0,652.0,645.4,640.5,636.6,634.7,641.9,649.4,658.4,668.1,678.6,640.8,635.0,628.8,623.0,640.0,638.8,638.4,641.7,645.8,651.6,648.3,648.7,650.2,649.1,648.8,659.3,661.7,665.6,672.2,666.2,662.3,658.3,647.7,643.8,645.0,647.1,656.1,669.7,658.2,650.9,648.4,647.5,650.4,656.0,647.0,647.7,650.4,665.7,650.3,647.6,647.1,0.59,0.208,-0.225,0.008,267.217,184.643,-5.267,9.251,-12.28,19.839,5.721,2.104,-5.049,2.958,4.134,-2.669,-0.271,1.004,0.332,-1.731,-0.998,-0.059,0.32,0.965,-1.201,-0.585,0.542,-0.402,-0.199,-0.393,0.057,-0.009,0.068,0.018,-0.106,-0.007,-0.032,0.003,0.008,0.001,0.52,0.1,0.0,0.62,0.0,0.0,0.0,0.0,0.0,0.11,0.0,0.0,0.0,0.0,0.0,0.0,0.0,0.0,1.0,0.0,1.0,0.0,0.0,0.0,0.0,0.0,0.0,0.0,0.0,0.0,0.0,0.0,0.0,1.0,0.0
PP133,g1,5114,0,0.925,0.189056,0.18044,-0.965246,0.038528,0.180149,-0.982885,0.116,0.183,243.7,245.0,248.2,251.4,252.7,251.7,248.2,245.0,239.4,241.4,244.2,247.7,251.2,253.9,255.8,253.6,250.7,247.4,244.3,241.5,246.8,248.2,249.6,250.2,249.6,248.2,246.8,246.2,281.3,282.1,284.9,287.9,289.4,288.5,285.8,282.5,278.2,280.1,282.8,286.1,289.1,291.1,292.4,291.3,289.4,286.8,283.8,280.6,284.0,285.3,286.5,286.9,286.3,284.9,283.7,283.4,160.4,157.2,155.8,157.1,160.3,163.9,165.0,163.7,162.0,160.1,158.9,158.3,158.9,160.4,162.5,163.6,164.1,164.3,164.1,163.4,161.9,162.5,161.9,160.5,159.0,158.5,159.1,160.5,159.3,156.1,154.6,155.7,158.8,162.0,163.5,162.6,161.6,159.4,157.7,156.9,157.3,158.3,160.1,161.6,162.4,162.9,162.9,162.6,160.6,161.1,160.4,159.0,157.7,157.2,157.8,159.2,-8.2,-6.5,-2.4,1.8,3.5,2.1,-2.3,-6.5,-13.9,-11.3,-7.5,-2.9,1.6,5.1,7.5,4.7,0.9,-3.4,-7.5,-11.2,-4.1,-2.3,-0.5,0.3,-0.5,-2.3,-4.2,-4.9,41.8,43.0,46.9,51.0,53.1,51.8,48.0,43.5,37.8,40.2,43.8,48.3,52.5,55.7,57.7,55.9,52.9,49.2,45.1,40.9,45.6,47.4,49.1,49.7,48.8,47.0,45.3,44.7,-35.3,-39.5,-41.4,-39.6,-35.4,-30.8,-29.3,-31.0,-33.5,-35.8,-37.2,-37.9,-37.2,-35.4,-32.7,-31.1,-30.4,-30.1,-30.5,-31.5,-33.4,-32.6,-33.4,-35.3,-37.1,-37.9,-37.1,-35.2,-37.7,-42.1,-44.2,-42.8,-38.7,-34.3,-32.2,-33.3,-34.6,-37.5,-39.7,-41.0,-40.6,-39.5,-37.3,-35.1,-33.7,-33.0,-32.9,-33.2,-36.1,-35.5,-36.4,-38.3,-40.1,-40.7,-39.8,-37.9,508.9,509.3,509.4,509.2,508.7,508.5,508.2,508.4,513.1,510.5,508.1,506.9,507.5,508.9,510.5,508.9,507.4,507.1,508.3,510.5,509.5,509.3,509.4,509.6,509.8,509.9,509.9,509.7,521.8,522.8,524.4,525.7,525.9,524.9,523.3,522.1,522.2,521.5,521.3,522.3,525.0,528.5,531.8,528.5,525.2,522.7,521.6,521.7,523.8,524.4,525.1,525.5,525.4,524.9,524.2,523.7,28.5,-4.4,654.9,0.2,-0.168,-0.003,220.2,220.8,222.7,225.5,230.4,237.7,246.6,256.8,267.2,275.8,282.0,287.6,292.4,296.0,298.3,299.9,300.3,229.9,236.3,244.9,253.6,261.5,276.8,283.3,289.7,295.9,299.7,269.5,270.6,271.7,272.9,261.6,266.1,270.7,274.7,278.1,239.3,244.5,250.8,255.9,250.7,244.4,278.2,283.1,288.7,292.5,289.3,283.7,252.4,259.9,266.3,270.0,273.7,278.3,282.0,278.3,273.8,269.8,265.7,259.4,255.4,266.0,269.7,273.5,279.8,273.5,269.7,265.8,161.6,173.4,185.0,196.2,206.6,215.6,222.9,228.2,229.3,226.9,220.4,212.2,203.0,192.9,182.4,171.5,160.4,154.1,149.1,147.8,148.9,151.6,150.9,147.7,146.2,147.0,151.1,160.2,168.0,175.7,183.7,189.0,190.4,191.5,190.2,188.4,161.9,158.8,158.8,162.6,164.1,164.3,161.7,157.5,157.3,160.0,162.6,162.9,204.7,202.2,200.5,201.5,200.2,201.6,203.5,208.9,211.3,211.9,211.7,209.7,204.9,204.2,204.4,203.8,204.0,205.4,206.1,205.8,-52.0,-51.2,-48.3,-43.4,-34.8,-21.7,-6.0,11.8,29.8,45.2,57.2,68.3,77.7,84.0,88.0,90.7,91.3,-33.5,-22.6,-8.3,5.9,18.6,43.9,55.3,66.8,78.3,86.1,31.9,33.3,34.9,36.4,19.0,26.3,33.7,40.5,46.4,-17.8,-9.0,1.3,9.8,1.1,-9.3,47.5,55.9,65.8,73.0,66.8,57.0,4.1,16.5,26.9,32.9,39.2,47.4,54.7,47.6,39.6,32.8,26.0,15.7,9.1,26.4,32.7,39.0,50.7,39.0,32.6,26.2,-45.2,-24.8,-4.4,15.4,33.9,49.7,62.1,70.6,72.3,69.1,58.8,44.9,28.4,9.9,-9.3,-29.1,-49.3,-55.7,-63.2,-65.0,-62.8,-58.2,-60.1,-66.0,-69.5,-69.2,-63.0,-44.7,-31.7,-18.9,-6.0,2.5,4.8,6.6,4.4,1.5,-42.6,-47.5,-47.6,-41.4,-38.8,-38.5,-43.4,-50.7,-51.3,-47.2,-42.4,-41.6,28.9,24.3,21.3,23.0,21.0,23.6,27.3,36.0,39.5,40.4,40.0,36.9,29.2,27.6,28.0,27.1,28.1,29.8,30.8,30.3,682.5,686.4,690.9,693.7,693.3,690.6,684.7,676.7,675.8,684.7,699.1,710.7,715.2,714.0,711.9,709.9,709.2,650.2,643.8,639.0,635.1,633.3,640.6,648.1,657.0,666.4,676.6,639.3,633.5,627.2,621.5,638.4,637.2,636.8,640.1,644.1,650.0,646.8,647.2,648.6,647.6,647.2,657.6,659.9,663.9,670.4,664.4,660.5,656.9,646.2,642.2,643.4,645.4,654.4,667.9,656.7,649.7,647.2,646.3,649.2,654.6,645.5,646.1,648.8,664.0,649.0,646.3,645.8,0.591,0.205,-0.221,0.008,266.947,184.685,-9.831,9.837,-12.081,21.288,6.191,1.585,-5.041,3.038,4.385,-2.378,-0.013,1.245,0.418,-2.003,-1.289,0.344,0.686,1.187,-1.233,-0.714,0.564,-0.547,-0.311,-0.318,-0.067,-0.072,0.094,0.019,-0.102,0.006,-0.025,0.009,0.009,-0.005,0.47,0.2,0.0,0.95,0.0,0.0,0.0,0.0,0.0,0.0,0.0,0.0,0.0,0.0,0.0,0.0,0.0,0.0,1.0,0.0,1.0,0.0,0.0,0.0,0.0,0.0,0.0,0.0,0.0,0.0,0.0,0.0,0.0,1.0,0.0
PP133,g1,5120,0,0.925,0.184609,0.183088,-0.965608,0.03472,0.184084,-0.982297,0.112,0.186,244.1,245.4,248.6,251.8,253.1,252.0,248.6,245.4,239.8,241.8,244.7,248.2,251.7,254.3,256.1,254.0,251.0,247.8,244.6,241.8,247.2,248.6,250.0,250.6,250.0,248.6,247.2,246.7,281.5,282.4,285.2,288.2,289.7,288.8,286.0,282.8,278.5,280.4,283.1,286.4,289.3,291.4,292.7,291.5,289.6,287.0,284.0,280.9,284.3,285.6,286.8,287.2,286.5,285.2,284.0,283.6,159.9,156.6,155.3,156.7,159.9,163.4,164.5,163.2,161.4,159.6,158.4,157.8,158.4,160.0,162.1,163.2,163.6,163.8,163.5,162.8,161.4,162.0,161.4,160.0,158.6,158.0,158.6,160.0,159.2,156.0,154.5,155.6,158.7,161.9,163.4,162.5,161.5,159.2,157.6,156.8,157.2,158.3,160.1,161.5,162.4,162.8,162.7,162.5,160.5,161.0,160.3,158.9,157.6,157.1,157.7,159.1,-7.7,-5.9,-1.8,2.4,4.1,2.6,-1.8,-6.0,-13.4,-10.7,-6.9,-2.4,2.2,5.6,8.0,5.2,1.3,-2.9,-7.0,-10.7,-3.6,-1.8,0.0,0.8,0.0,-1.8,-3.6,-4.4,42.1,43.4,47.3,51.4,53.5,52.1,48.3,43.8,38.1,40.6,44.1,48.6,52.9,56.0,58.1,56.2,53.2,49.6,45.4,41.2,46.0,47.8,49.5,50.0,49.2,47.3,45.7,45.1,-36.0,-40.2,-42.0,-40.2,-35.9,-31.3,-29.9,-31.7,-34.2,-36.5,-37.9,-38.6,-37.8,-35.9,-33.2,-31.6,-31.0,-30.8,-31.2,-32.3,-34.0,-33.2,-34.0,-35.9,-37.7,-38.5,-37.7,-35.9,-37.9,-42.2,-44.3,-42.9,-38.7,-34.4,-32.3,-33.4,-34.8,-37.7,-39.9,-41.1,-40.7,-39.5,-37.3,-35.1,-33.8,-33.1,-33.1,-33.4,-36.2,-35.6,-36.5,-38.4,-40.2,-40.9,-40.0,-38.0,509.0,509.5,509.6,509.3,508.7,508.4,508.1,508.4,513.2,510.6,508.2,507.0,507.6,508.9,510.5,508.9,507.3,507.1,508.2,510.5,509.5,509.3,509.4,509.6,509.9,510.0,509.9,509.7,521.9,522.9,524.5,525.8,526.0,525.0,523.4,522.2,522.3,521.5,521.4,522.4,525.0,528.5,531.8,528.5,525.2,522.8,521.6,521.8,523.9,524.4,525.2,525.6,525.5,524.9,524.2,523.8,28.4,-4.2,652.6,0.211,-0.164,0.009,220.5,221.1,222.9,225.8,230.6,237.8,246.4,256.4,266.8,275.4,281.6,287.3,292.2,295.9,298.4,300.1,300.6,230.5,236.9,245.4,254.1,261.9,277.2,283.7,290.2,296.3,299.9,269.9,270.8,271.9,272.9,261.7,266.2,270.6,274.7,278.1,239.7,245.0,251.2,256.3,251.0,244.8,278.4,283.4,289.0,292.8,289.5,283.9,252.2,259.4,266.1,269.8,273.6,278.3,281.7,278.0,273.2,269.1,264.9,258.6,255.2,265.7,269.5,273.3,279.4,273.0,269.2,265.2,160.9,172.9,184.7,196.0,206.6,215.9,223.5,229.1,230.3,227.9,221.1,212.7,203.5,193.4,182.8,171.8,160.7,153.5,148.5,147.1,148.3,151.2,150.6,147.5,146.0,146.9,151.2,159.9,167.6,175.3,183.2,188.5,189.9,191.0,189.7,188.0,161.4,158.3,158.3,162.2,163.6,163.7,161.6,157.4,157.2,160.0,162.5,162.7,204.7,201.5,199.6,200.7,199.5,201.2,203.9,210.5,213.3,213.9,213.6,211.0,204.9,203.5,203.7,203.3,204.4,207.2,207.8,207.5,-51.2,-50.6,-47.7,-42.8,-34.3,-21.5,-6.3,11.1,29.0,44.3,56.3,67.4,76.8,83.3,87.5,90.4,91.2,-32.3,-21.5,-7.4,6.7,19.2,44.4,55.7,67.3,78.6,86.0,32.4,33.7,35.0,36.4,19.1,26.3,33.5,40.3,46.1,-17.1,-8.3,2.0,10.4,1.7,-8.6,47.7,56.1,66.0,73.1,66.9,57.1,3.7,15.6,26.4,32.5,38.7,47.2,54.0,47.1,38.7,31.7,24.7,14.3,8.7,25.8,32.1,38.5,49.9,38.2,31.7,25.2,-46.1,-25.5,-4.9,15.0,33.8,49.9,62.9,71.9,73.9,70.6,60.0,45.7,29.0,10.6,-8.5,-28.3,-48.4,-56.2,-63.9,-65.7,-63.4,-58.6,-60.3,-66.2,-69.4,-69.0,-62.6,-45.0,-32.1,-19.5,-6.8,1.6,3.8,5.7,3.6,0.9,-43.3,-48.2,-48.1,-41.8,-39.5,-39.2,-43.4,-50.7,-51.2,-47.0,-42.3,-41.7,28.8,23.0,19.9,21.6,19.7,22.9,27.9,38.6,43.0,43.8,43.2,39.0,29.0,26.3,26.8,26.1,28.6,32.6,33.6,33.0,678.5,682.8,687.6,690.6,690.4,688.1,683.0,675.8,675.0,683.3,696.6,707.0,710.5,708.9,706.6,705.0,704.4,646.3,640.3,635.7,632.0,630.5,638.1,645.5,654.2,663.7,673.6,636.4,630.8,624.8,619.3,635.8,634.6,634.3,637.5,641.4,646.6,643.6,644.1,645.4,644.6,644.1,654.5,656.8,660.7,667.2,661.3,657.4,655.0,643.6,639.1,640.2,642.2,651.5,665.1,656.0,649.7,647.4,646.4,648.6,653.0,642.8,643.3,645.9,661.8,648.6,646.1,645.5,0.594,0.216,-0.215,0.019,266.958,184.741,-19.243,12.029,-6.963,24.7,6.366,-4.498,-1.839,3.365,5.457,-3.431,0.7,0.32,1.285,-1.474,-1.108,0.387,1.654,1.482,-1.634,-0.367,0.388,-0.432,0.022,-0.27,-0.105,0.124,0.244,-0.001,-0.059,0.021,-0.031,0.013,0.001,0.003,0.24,0.23,0.0,0.77,0.0,0.0,0.0,0.0,0.0,0.02,0.0,0.0,0.0,0.0,0.29,0.0,0.0,0.0,1.0,0.0,1.0,0.0,0.0,0.0,0.0,0.0,0.0,0.0,0.0,0.0,0.0,1.0,1.0,1.0,0.0
PP133,g1,5126,0,0.975,0.17971,0.18093,-0.966938,0.033306,0.178088,-0.983451,0.109,0.182,244.0,245.3,248.5,251.6,252.9,251.8,248.4,245.3,239.7,241.7,244.5,248.0,251.5,254.1,255.9,253.8,250.8,247.6,244.5,241.7,247.1,248.4,249.8,250.4,249.8,248.5,247.1,246.5,281.4,282.4,285.1,288.1,289.6,288.7,285.9,282.6,278.4,280.3,283.0,286.3,289.3,291.3,292.5,291.4,289.5,286.9,283.9,280.8,284.2,285.5,286.7,287.1,286.5,285.1,283.9,283.5,159.4,156.2,154.8,156.2,159.4,162.9,164.0,162.6,160.9,159.1,157.9,157.3,157.9,159.4,161.5,162.7,163.1,163.3,163.0,162.3,160.9,161.5,160.9,159.5,158.1,157.5,158.1,159.5,158.7,155.6,154.1,155.3,158.4,161.6,163.0,162.1,161.0,158.8,157.2,156.4,156.9,158.0,159.8,161.2,162.0,162.4,162.3,162.0,160.1,160.6,160.0,158.6,157.2,156.7,157.3,158.7,-7.9,-6.2,-2.0,2.1,3.8,2.4,-2.1,-6.2,-13.6,-11.0,-7.2,-2.6,1.9,5.4,7.8,5.0,1.1,-3.1,-7.2,-10.9,-3.9,-2.0,-0.2,0.5,-0.2,-2.0,-3.9,-4.6,42.1,43.4,47.3,51.5,53.5,52.1,48.2,43.7,38.0,40.6,44.1,48.7,52.9,56.0,58.0,56.2,53.2,49.5,45.3,41.2,45.9,47.7,49.4,50.0,49.2,47.3,45.7,45.1,-36.9,-41.2,-43.0,-41.2,-36.9,-32.3,-30.9,-32.7,-35.2,-37.5,-38.9,-39.6,-38.8,-36.9,-34.3,-32.7,-32.0,-31.7,-32.2,-33.2,-35.0,-34.2,-35.0,-36.9,-38.7,-39.5,-38.7,-36.9,-38.5,-42.9,-44.9,-43.5,-39.3,-34.9,-32.9,-34.1,-35.5,-38.4,-40.5,-41.6,-41.2,-40.0,-37.9,-35.7,-34.4,-33.7,-33.7,-34.1,-36.9,-36.2,-37.1,-39.0,-40.8,-41.5,-40.6,-38.7,513.6,514.0,514.1,513.8,513.3,513.1,512.7,513.0,517.8,515.2,512.8,511.6,512.1,513.5,515.1,513.5,512.0,511.7,512.9,515.2,514.1,513.9,514.0,514.2,514.4,514.5,514.5,514.3,523.2,524.3,525.9,527.2,527.3,526.3,524.7,523.5,523.6,522.9,522.7,523.7,526.4,529.9,533.2,529.9,526.6,524.1,523.0,523.1,525.2,525.8,526.5,526.9,526.9,526.3,525.6,525.1,28.2,-5.3,653.8,0.195,-0.155,0.007,220.5,221.0,222.8,225.5,230.3,237.5,246.2,256.3,266.7,275.5,281.9,287.6,292.4,296.0,298.4,300.1,300.5,230.2,236.6,245.2,253.9,261.8,276.9,283.5,290.0,296.2,299.9,269.7,270.6,271.7,272.7,261.3,265.8,270.4,274.5,278.0,239.6,244.8,251.0,256.0,250.8,244.6,278.3,283.3,288.9,292.7,289.4,283.8,251.8,259.3,265.7,269.5,273.4,278.0,281.7,277.9,273.2,269.0,264.8,258.6,254.7,265.3,269.2,273.1,279.6,273.0,269.1,265.1,160.5,172.4,184.2,195.5,206.1,215.3,222.8,228.3,229.4,227.1,220.4,212.1,202.8,192.7,182.2,171.3,160.2,153.1,148.1,146.7,147.9,150.8,150.2,147.1,145.8,146.7,151.0,159.3,167.2,175.0,183.1,188.2,189.7,190.9,189.6,187.9,160.8,157.8,157.8,161.6,163.0,163.2,161.1,157.0,156.9,159.7,162.2,162.3,203.9,201.4,199.8,200.9,199.7,201.1,203.1,208.6,210.9,211.5,211.2,209.0,204.1,203.5,203.8,203.3,203.7,205.1,205.8,205.4,-51.6,-50.9,-48.1,-43.5,-34.9,-22.0,-6.7,10.9,28.9,44.6,56.9,68.1,77.5,83.8,87.8,90.7,91.4,-33.0,-22.1,-7.9,6.3,19.1,44.1,55.6,67.2,78.8,86.3,32.2,33.4,34.7,36.0,18.5,25.8,33.2,40.1,46.0,-17.3,-8.6,1.7,10.0,1.4,-8.9,47.6,56.2,66.0,73.1,66.9,57.2,3.0,15.3,25.8,32.0,38.5,46.8,54.2,46.8,38.6,31.5,24.5,14.3,7.9,25.3,31.7,38.3,50.1,38.2,31.5,24.9,-47.2,-26.5,-5.9,14.2,33.0,49.1,61.8,70.5,72.3,69.2,58.8,44.7,28.0,9.5,-9.6,-29.3,-49.4,-57.3,-65.0,-66.8,-64.3,-59.5,-61.1,-66.9,-70.1,-69.6,-63.2,-46.1,-32.9,-20.0,-7.0,1.2,3.6,5.6,3.5,0.6,-44.3,-49.2,-49.1,-42.9,-40.5,-40.2,-44.4,-51.5,-51.9,-47.6,-43.0,-42.5,27.5,22.9,20.2,22.0,20.1,22.8,26.7,35.4,38.9,39.7,39.1,35.7,27.8,26.4,26.9,26.1,27.4,29.2,30.2,29.6,682.8,686.7,691.2,693.7,692.9,689.8,683.6,675.3,674.2,683.0,697.4,708.7,712.8,711.6,709.4,707.5,707.0,650.4,643.9,639.0,635.0,633.1,640.4,647.6,656.3,665.6,675.7,638.7,632.8,626.4,620.5,637.8,636.3,635.7,639.0,643.0,649.5,646.4,646.8,648.1,647.0,646.7,656.9,659.2,662.9,669.1,663.3,659.6,656.1,645.4,641.3,642.4,644.6,653.4,666.6,655.6,648.7,646.0,645.2,648.2,653.7,644.4,645.0,647.8,662.9,648.2,645.4,644.9,0.592,0.199,-0.206,0.017,266.813,184.134,-12.432,12.018,-10.95,21.889,5.338,2.358,-5.061,1.726,4.457,-2.048,0.013,0.884,0.402,-1.334,-1.233,0.147,0.597,1.568,-1.544,-0.901,0.153,-0.566,-0.075,-0.454,0.018,-0.155,0.101,0.015,-0.088,0.003,-0.036,0.012,0.006,-0.007,0.61,0.3,0.0,0.91,0.0,0.0,0.0,0.0,0.0,0.18,0.0,0.0,0.0,0.0,0.0,0.0,0.0,0.0,1.0,0.0,1.0,0.0,0.0,0.0,0.0,0.0,0.0,0.0,0.0,0.0,0.0,0.0,0.0,1.0,0.0
PP133,g1,5132,0,0.925,0.178927,0.17533,-0.968114,0.030534,0.174406,-0.9842,0.107,0.177,243.7,245.0,248.2,251.4,252.7,251.6,248.2,245.0,239.5,241.4,244.3,247.7,251.2,253.9,255.7,253.5,250.6,247.3,244.2,241.5,246.8,248.2,249.6,250.2,249.6,248.2,246.8,246.2,281.1,282.1,284.8,287.8,289.3,288.4,285.6,282.3,278.1,280.0,282.7,286.0,289.0,291.0,292.3,291.1,289.2,286.6,283.6,280.5,283.9,285.2,286.4,286.8,286.2,284.8,283.6,283.2,159.1,155.9,154.6,155.9,159.1,162.6,163.7,162.4,160.6,158.8,157.6,157.0,157.6,159.2,161.3,162.4,162.8,163.0,162.8,162.0,160.6,161.2,160.6,159.2,157.8,157.2,157.8,159.2,158.5,155.3,153.9,155.0,158.1,161.3,162.8,161.8,160.7,158.6,157.0,156.2,156.6,157.7,159.5,161.0,161.8,162.1,162.1,161.8,159.8,160.3,159.7,158.3,157.0,156.5,157.1,158.5,-8.3,-6.5,-2.3,1.8,3.5,2.1,-2.4,-6.5,-13.9,-11.3,-7.5,-3.0,1.6,5.1,7.5,4.6,0.8,-3.5,-7.6,-11.2,-4.2,-2.4,-0.5,0.2,-0.5,-2.3,-4.2,-4.9,41.7,43.0,46.9,51.0,53.0,51.7,47.8,43.3,37.6,40.2,43.7,48.2,52.5,55.6,57.6,55.7,52.8,49.1,44.9,40.8,45.5,47.3,49.0,49.6,48.7,46.9,45.2,44.6,-37.2,-41.5,-43.2,-41.5,-37.2,-32.6,-31.2,-32.9,-35.5,-37.8,-39.2,-39.8,-39.0,-37.2,-34.5,-32.9,-32.3,-32.0,-32.4,-33.5,-35.3,-34.5,-35.3,-37.1,-39.0,-39.8,-39.0,-37.1,-38.8,-43.2,-45.2,-43.8,-39.6,-35.2,-33.2,-34.4,-35.8,-38.7,-40.9,-42.0,-41.6,-40.4,-38.2,-36.0,-34.7,-34.0,-34.0,-34.4,-37.2,-36.5,-37.4,-39.3,-41.1,-41.8,-40.9,-39.0,512.1,512.6,512.7,512.4,511.8,511.6,511.3,511.6,516.4,513.8,511.4,510.2,510.7,512.0,513.6,512.0,510.5,510.3,511.4,513.7,512.6,512.5,512.5,512.7,513.0,513.1,513.1,512.9,523.0,524.0,525.6,526.9,527.0,526.0,524.4,523.3,523.4,522.6,522.4,523.4,526.1,529.6,532.9,529.6,526.3,523.8,522.7,522.8,524.9,525.5,526.2,526.6,526.6,526.0,525.3,524.9,27.9,-5.7,655.2,0.189,-0.152,0.006,220.3,220.9,222.7,225.5,230.4,237.7,246.2,256.2,266.5,275.2,281.5,287.3,292.2,295.8,298.2,299.9,300.4,230.1,236.6,245.1,253.6,261.3,276.7,283.3,289.7,295.9,299.6,269.4,270.2,271.2,272.2,261.1,265.6,270.0,274.1,277.5,239.4,244.6,250.8,255.8,250.6,244.3,278.0,283.0,288.6,292.4,289.1,283.5,251.9,259.1,265.5,269.2,273.0,277.6,281.2,277.5,272.8,268.7,264.6,258.4,254.8,265.1,268.9,272.7,279.0,272.6,268.7,264.8,160.4,172.4,184.3,195.7,206.4,215.5,223.0,228.3,229.3,227.1,220.5,212.2,202.9,192.8,182.3,171.3,160.2,152.6,147.7,146.4,147.6,150.4,149.8,146.8,145.5,146.4,150.6,159.0,166.8,174.5,182.5,187.8,189.2,190.4,189.1,187.5,160.6,157.5,157.5,161.4,162.8,162.9,160.9,156.7,156.6,159.4,161.9,162.1,203.8,200.9,199.2,200.2,199.0,200.7,203.1,208.7,211.1,211.7,211.4,209.2,204.0,203.0,203.3,202.8,203.6,205.1,205.7,205.4,-51.9,-51.3,-48.4,-43.5,-34.8,-21.8,-6.6,10.8,28.6,44.1,56.4,67.7,77.0,83.4,87.6,90.5,91.3,-33.2,-22.2,-8.1,5.9,18.4,44.0,55.4,66.9,78.4,86.0,31.7,32.9,34.2,35.4,18.2,25.4,32.7,39.5,45.4,-17.7,-9.0,1.3,9.7,1.0,-9.4,47.3,55.8,65.7,72.8,66.6,56.8,3.2,15.1,25.5,31.6,38.0,46.2,53.3,46.2,38.0,31.0,24.1,14.0,8.1,25.0,31.3,37.7,49.3,37.6,31.0,24.6,-47.4,-26.5,-5.7,14.6,33.5,49.5,62.2,70.6,72.4,69.3,58.9,44.8,28.1,9.6,-9.5,-29.3,-49.4,-58.1,-65.7,-67.4,-65.1,-60.4,-62.0,-67.6,-70.8,-70.3,-63.9,-46.8,-33.7,-20.9,-7.9,0.5,2.8,4.8,2.7,-0.1,-44.9,-49.8,-49.7,-43.4,-41.0,-40.8,-44.9,-52.0,-52.5,-48.2,-43.5,-43.0,27.5,22.2,19.2,21.0,19.1,22.1,26.7,35.7,39.3,40.1,39.5,36.0,27.7,25.6,26.1,25.4,27.4,29.2,30.2,29.6,684.1,688.1,692.6,695.1,694.2,691.0,684.9,676.8,675.8,684.3,698.3,709.2,713.2,711.8,709.6,707.9,707.4,651.5,645.5,640.9,637.0,635.2,642.4,649.7,658.1,667.2,676.9,640.7,634.8,628.5,622.7,639.4,637.9,637.4,640.6,644.6,651.2,648.1,648.5,649.6,648.7,648.4,658.4,660.7,664.4,670.6,664.8,661.1,657.3,646.5,642.4,643.4,645.5,654.2,667.1,656.8,650.4,647.9,647.1,649.8,655.0,645.7,646.3,648.9,663.5,649.7,647.1,646.7,0.591,0.193,-0.202,0.015,266.567,183.932,-16.062,12.704,-11.405,22.687,5.538,0.188,-3.696,1.851,4.136,-3.716,0.652,0.946,0.797,-1.3,-0.689,0.237,0.94,1.582,-1.381,-0.89,0.235,-0.561,-0.002,-0.356,-0.112,-0.054,0.224,-0.006,-0.083,-0.005,-0.014,0.01,0.0,-0.006,0.61,0.44,0.0,1.06,0.0,0.0,0.0,0.0,0.0,0.0,0.0,0.0,0.0,0.0,0.01,0.2,0.0,0.0,1.0,0.0,1.0,0.0,0.0,0.0,0.0,0.0,0.0,0.0,0.0,0.0,0.0,1.0,1.0,1.0,0.0
PP133,g1,5138,0,0.975,0.184967,0.17371,-0.96727,0.036163,0.171932,-0.984445,0.113,0.175,244.2,245.5,248.7,251.9,253.2,252.1,248.7,245.5,240.0,241.9,244.8,248.3,251.7,254.4,256.2,254.1,251.1,247.9,244.8,242.0,247.3,248.7,250.1,250.7,250.1,248.7,247.3,246.8,281.7,282.6,285.4,288.4,289.8,288.9,286.2,282.9,278.7,280.6,283.3,286.6,289.5,291.6,292.8,291.7,289.7,287.2,284.1,281.1,284.4,285.7,286.9,287.4,286.7,285.4,284.2,283.8,158.7,155.5,154.1,155.4,158.7,162.1,163.2,161.9,160.2,158.4,157.2,156.6,157.2,158.7,160.8,161.9,162.3,162.5,162.3,161.6,160.2,160.8,160.2,158.8,157.3,156.8,157.4,158.8,158.0,154.8,153.4,154.6,157.7,160.8,162.3,161.3,160.3,158.1,156.5,155.7,156.2,157.3,159.0,160.5,161.2,161.6,161.6,161.3,159.3,159.9,159.2,157.8,156.5,156.0,156.6,158.0,-7.6,-5.9,-1.7,2.5,4.2,2.8,-1.7,-5.8,-13.3,-10.6,-6.8,-2.3,2.3,5.7,8.1,5.4,1.5,-2.8,-6.9,-10.5,-3.5,-1.7,0.1,0.9,0.1,-1.7,-3.5,-4.3,42.6,43.9,47.8,52.0,54.0,52.6,48.7,44.3,38.6,41.1,44.7,49.2,53.4,56.6,58.6,56.7,53.7,50.0,45.9,41.7,46.4,48.3,50.0,50.6,49.7,47.9,46.2,45.6,-37.8,-42.1,-43.9,-42.1,-37.9,-33.3,-31.8,-33.6,-36.1,-38.4,-39.8,-40.5,-39.7,-37.8,-35.2,-33.6,-32.9,-32.7,-33.1,-34.1,-35.9,-35.1,-35.9,-37.8,-39.7,-40.4,-39.7,-37.8,-39.6,-44.0,-46.1,-44.6,-40.4,-36.1,-34.0,-35.2,-36.6,-39.5,-41.6,-42.8,-42.4,-41.2,-39.0,-36.8,-35.5,-34.8,-34.8,-35.2,-38.0,-37.3,-38.2,-40.1,-41.9,-42.6,-41.7,-39.8,513.0,513.5,513.6,513.3,512.8,512.6,512.2,512.5,517.2,514.6,512.2,511.1,511.6,513.0,514.6,513.0,511.5,511.2,512.3,514.6,513.5,513.4,513.5,513.7,513.9,514.0,514.0,513.8,525.0,526.0,527.7,528.9,529.1,528.1,526.4,525.3,525.4,524.6,524.5,525.5,528.2,531.6,534.9,531.6,528.3,525.8,524.7,524.8,527.0,527.5,528.2,528.7,528.6,528.1,527.4,526.9,28.9,-6.8,655.1,0.182,-0.162,0.007,220.7,221.2,223.0,225.7,230.5,237.7,246.4,256.6,267.0,275.7,282.0,287.7,292.6,296.2,298.6,300.3,300.8,230.5,237.0,245.6,254.2,262.0,277.2,283.8,290.2,296.4,300.2,269.9,270.9,272.0,273.0,261.7,266.3,270.8,274.9,278.3,239.9,245.1,251.3,256.3,251.1,244.9,278.6,283.6,289.2,292.9,289.7,284.1,252.4,259.9,266.2,270.0,273.8,278.4,282.1,278.4,273.8,269.6,265.5,259.3,255.4,265.8,269.7,273.6,279.9,273.5,269.6,265.7,160.1,172.0,183.7,194.9,205.4,214.5,221.9,227.3,228.4,226.2,219.8,211.7,202.5,192.4,181.7,170.8,159.6,152.3,147.3,146.0,147.1,149.9,149.4,146.3,145.0,145.9,150.2,158.5,166.3,174.0,182.0,187.3,188.7,189.9,188.6,186.9,160.1,157.1,157.1,160.9,162.3,162.5,160.4,156.3,156.2,159.0,161.4,161.6,203.1,200.4,198.7,199.8,198.6,200.1,202.3,207.5,209.7,210.3,210.0,208.0,203.3,202.5,202.8,202.3,202.8,203.9,204.5,204.2,-51.3,-50.6,-47.8,-43.2,-34.6,-21.7,-6.3,11.4,29.4,44.9,57.2,68.5,77.9,84.4,88.5,91.4,92.2,-32.5,-21.6,-7.3,6.8,19.5,44.8,56.3,67.8,79.4,87.0,32.7,34.0,35.4,36.7,19.2,26.5,33.9,40.8,46.7,-16.9,-8.2,2.1,10.5,1.9,-8.5,48.3,56.9,66.7,73.8,67.6,57.8,4.0,16.3,26.7,32.9,39.4,47.6,54.8,47.7,39.6,32.5,25.6,15.4,9.0,26.1,32.6,39.2,50.8,39.1,32.4,25.9,-48.0,-27.4,-6.8,13.1,31.8,47.7,60.3,68.8,70.6,67.7,57.7,44.0,27.4,8.9,-10.5,-30.4,-50.6,-58.7,-66.4,-68.2,-65.8,-61.2,-62.8,-68.5,-71.7,-71.1,-64.7,-47.6,-34.5,-21.7,-8.8,-0.4,2.0,3.9,1.8,-1.0,-45.6,-50.5,-50.5,-44.3,-41.8,-41.5,-45.8,-52.9,-53.3,-49.1,-44.5,-43.9,26.1,21.3,18.5,20.3,18.4,21.2,25.3,33.6,36.9,37.7,37.2,34.0,26.4,24.8,25.3,24.5,25.9,27.2,28.1,27.5,683.9,687.4,691.6,694.0,693.2,690.0,683.8,675.5,674.6,683.6,698.3,710.0,714.7,713.9,712.0,710.2,709.9,651.9,645.7,641.1,637.2,635.4,642.6,650.0,658.7,668.0,677.9,640.9,634.8,628.3,622.4,639.1,637.7,637.2,640.6,644.6,651.2,648.2,648.6,649.9,648.8,648.4,658.9,661.3,665.1,671.4,665.5,661.7,656.6,646.0,642.2,643.3,645.5,654.3,667.4,656.2,649.2,646.6,645.7,648.7,654.3,645.2,645.9,648.7,663.6,648.8,646.0,645.5,0.591,0.185,-0.216,0.016,267.157,183.291,-11.001,10.159,-12.102,20.858,4.936,2.104,-4.874,2.088,3.99,-2.784,0.031,1.057,0.489,-1.331,-1.083,0.082,0.481,1.343,-1.284,-1.063,0.246,-0.423,-0.131,-0.528,0.061,-0.119,0.108,0.016,-0.089,-0.009,-0.023,0.006,0.002,-0.006,0.45,0.35,0.0,0.82,0.0,0.0,0.22,0.0,0.0,0.07,0.0,0.0,0.0,0.0,0.0,0.0,0.0,1.0,1.0,0.0,1.0,0.0,0.0,0.0,0.0,0.0,0.0,0.0,0.0,0.0,0.0,0.0,0.0,1.0,0.0
PP133,g1,5144,0,0.925,0.179657,0.180425,-0.967042,0.026785,0.180023,-0.983298,0.105,0.183,244.3,245.6,248.8,252.0,253.3,252.1,248.7,245.6,240.0,242.0,244.8,248.3,251.8,254.4,256.3,254.1,251.1,247.9,244.8,242.0,247.4,248.8,250.2,250.8,250.2,248.8,247.4,246.8,281.7,282.7,285.5,288.5,289.9,289.0,286.2,282.9,278.7,280.6,283.3,286.6,289.6,291.7,292.9,291.8,289.8,287.2,284.2,281.1,284.5,285.8,287.0,287.4,286.8,285.5,284.2,283.8,158.9,155.7,154.3,155.7,159.0,162.4,163.5,162.1,160.4,158.6,157.4,156.8,157.5,159.0,161.1,162.2,162.6,162.8,162.5,161.8,160.4,161.0,160.4,159.0,157.6,157.0,157.6,159.0,158.4,155.2,153.8,155.0,158.1,161.3,162.7,161.8,160.7,158.5,156.9,156.1,156.6,157.7,159.5,160.9,161.7,162.0,162.0,161.7,159.8,160.3,159.7,158.3,156.9,156.4,157.0,158.4,-7.5,-5.7,-1.5,2.6,4.3,2.8,-1.7,-5.8,-13.2,-10.5,-6.7,-2.2,2.4,5.8,8.2,5.4,1.5,-2.7,-6.8,-10.5,-3.4,-1.6,0.2,1.0,0.3,-1.6,-3.4,-4.2,42.5,43.9,47.8,51.9,53.9,52.5,48.6,44.2,38.5,41.0,44.6,49.1,53.3,56.5,58.6,56.6,53.6,49.9,45.8,41.6,46.4,48.2,49.9,50.5,49.6,47.8,46.1,45.5,-37.5,-41.8,-43.5,-41.7,-37.4,-32.8,-31.4,-33.2,-35.8,-38.0,-39.4,-40.1,-39.2,-37.3,-34.7,-33.1,-32.5,-32.3,-32.7,-33.8,-35.5,-34.7,-35.5,-37.3,-39.2,-40.0,-39.2,-37.4,-39.0,-43.3,-45.4,-43.9,-39.7,-35.4,-33.3,-34.5,-36.0,-38.8,-41.0,-42.1,-41.7,-40.5,-38.3,-36.1,-34.8,-34.2,-34.2,-34.6,-37.3,-36.6,-37.5,-39.5,-41.3,-41.9,-41.0,-39.1,511.7,512.2,512.4,512.1,511.5,511.2,510.8,511.1,515.9,513.3,511.0,509.8,510.3,511.7,513.2,511.6,510.1,509.8,510.9,513.2,512.2,512.1,512.1,512.4,512.6,512.8,512.7,512.5,523.4,524.5,526.1,527.3,527.4,526.4,524.8,523.7,523.8,523.1,522.9,523.9,526.5,529.9,533.2,529.9,526.6,524.2,523.1,523.3,525.4,525.9,526.6,527.1,527.0,526.5,525.8,525.3,28.6,-6.0,654.8,0.202,-0.152,0.011,220.8,221.3,223.1,225.9,230.8,238.0,246.6,256.5,266.7,275.4,281.7,287.5,292.6,296.3,298.8,300.5,301.0,230.8,237.2,245.7,254.3,262.0,277.4,283.9,290.4,296.5,300.2,270.0,270.8,271.8,272.7,261.5,266.0,270.5,274.6,278.1,239.9,245.2,251.4,256.4,251.1,244.9,278.6,283.6,289.2,293.0,289.7,284.1,251.9,259.2,265.9,269.6,273.4,278.2,281.8,278.0,273.1,268.9,264.7,258.3,254.8,265.4,269.3,273.2,279.5,272.9,269.0,265.0,160.0,172.1,183.9,195.3,205.9,215.1,222.6,228.0,229.2,226.9,220.2,212.0,202.7,192.7,182.2,171.3,160.2,152.3,147.4,146.0,147.2,150.0,149.6,146.5,145.2,146.2,150.5,158.9,166.6,174.2,182.1,187.3,188.8,190.0,188.7,187.0,160.3,157.3,157.4,161.2,162.6,162.7,160.8,156.7,156.6,159.4,161.8,162.0,203.3,200.2,198.4,199.5,198.3,200.1,202.8,209.2,211.9,212.5,212.2,209.6,203.6,202.3,202.6,202.1,203.2,205.8,206.5,206.1,-51.1,-50.5,-47.6,-42.8,-34.1,-21.2,-6.0,11.2,29.0,44.5,56.7,68.0,77.6,84.2,88.5,91.4,92.3,-32.0,-21.1,-7.0,7.0,19.5,44.9,56.3,67.9,79.3,86.8,32.7,33.8,35.0,36.2,18.9,26.1,33.4,40.3,46.2,-16.8,-8.0,2.3,10.6,1.9,-8.4,48.2,56.8,66.6,73.8,67.5,57.7,3.2,15.1,26.1,32.3,38.7,47.2,54.3,47.1,38.5,31.4,24.3,13.8,8.1,25.5,31.9,38.4,50.2,38.2,31.5,24.8,-48.0,-27.1,-6.3,13.8,32.7,48.8,61.6,70.2,72.2,69.0,58.5,44.3,27.8,9.4,-9.6,-29.4,-49.4,-58.5,-66.2,-67.9,-65.6,-60.8,-62.3,-68.0,-71.1,-70.5,-64.0,-46.9,-33.9,-21.3,-8.6,-0.3,2.1,4.0,1.9,-0.8,-45.2,-50.0,-49.9,-43.6,-41.3,-41.2,-44.9,-52.1,-52.5,-48.2,-43.6,-43.1,26.7,21.0,17.9,19.8,17.9,21.1,26.1,36.5,40.8,41.6,41.0,36.7,26.9,24.4,24.9,24.2,26.7,30.5,31.5,30.8,682.5,686.5,691.0,693.7,693.1,690.4,684.9,677.3,676.4,684.7,698.0,708.3,711.7,710.2,708.1,706.9,706.7,649.8,644.0,639.4,635.5,633.8,641.1,648.5,657.0,666.2,675.9,639.4,633.8,627.7,622.1,638.4,637.2,636.7,639.9,643.8,649.9,646.8,647.3,648.4,647.5,647.2,657.2,659.5,663.3,669.5,663.7,660.0,657.6,646.2,641.6,642.6,644.7,653.8,667.3,657.9,651.4,649.0,648.1,650.7,655.5,645.1,645.6,648.2,664.0,650.6,648.0,647.5,0.592,0.204,-0.203,0.021,267.013,183.73,-19.986,12.721,-6.787,22.699,6.883,-3.533,-2.513,2.539,4.235,-3.307,0.643,0.585,1.205,-1.279,-1.328,0.36,1.417,1.516,-1.552,-0.578,0.39,-0.356,0.056,-0.409,-0.121,0.063,0.224,0.014,-0.068,0.011,-0.015,0.01,-0.005,-0.002,0.53,0.49,0.0,1.01,0.0,0.0,0.0,0.0,0.0,0.0,0.01,0.0,0.0,0.0,0.31,0.0,0.0,1.0,1.0,0.0,1.0,0.0,0.0,0.0,0.0,0.0,0.0,0.0,0.0,0.0,0.0,1.0,1.0,1.0,0.0
PP133,g1,5150,0,0.975,0.182132,0.173512,-0.967844,0.030553,0.171329,-0.98474,0.108,0.175,244.8,246.1,249.3,252.5,253.8,252.6,249.2,246.1,240.5,242.5,245.3,248.8,252.3,254.9,256.7,254.6,251.6,248.4,245.3,242.5,247.9,249.3,250.7,251.2,250.7,249.3,247.9,247.3,282.2,283.2,285.9,288.9,290.4,289.4,286.7,283.4,279.2,281.1,283.8,287.1,290.0,292.1,293.3,292.2,290.2,287.7,284.6,281.5,284.9,286.2,287.5,287.9,287.2,285.9,284.7,284.3,159.1,155.9,154.5,155.9,159.1,162.6,163.7,162.4,160.6,158.8,157.6,157.0,157.7,159.2,161.3,162.4,162.8,163.0,162.7,162.0,160.6,161.2,160.6,159.2,157.8,157.2,157.8,159.2,158.6,155.4,154.0,155.2,158.3,161.5,162.9,162.0,160.9,158.7,157.1,156.3,156.8,157.9,159.7,161.1,161.9,162.3,162.2,161.9,160.0,160.5,159.9,158.5,157.1,156.6,157.2,158.6,-6.9,-5.1,-0.9,3.2,4.9,3.5,-1.0,-5.2,-12.5,-9.9,-6.1,-1.5,3.0,6.5,8.8,6.0,2.1,-2.1,-6.2,-9.9,-2.8,-1.0,0.9,1.6,0.9,-0.9,-2.8,-3.5,43.2,44.5,48.4,52.6,54.6,53.2,49.3,44.8,39.1,41.7,45.2,49.8,54.0,57.2,59.2,57.3,54.3,50.6,46.4,42.3,47.0,48.8,50.5,51.1,50.3,48.5,46.8,46.2,-37.2,-41.5,-43.2,-41.4,-37.2,-32.6,-31.1,-32.9,-35.5,-37.8,-39.1,-39.8,-39.0,-37.1,-34.5,-32.9,-32.2,-32.0,-32.4,-33.5,-35.3,-34.5,-35.2,-37.1,-39.0,-39.8,-39.0,-37.1,-38.7,-43.1,-45.1,-43.6,-39.5,-35.1,-33.1,-34.3,-35.8,-38.6,-40.7,-41.8,-41.4,-40.2,-38.0,-35.8,-34.5,-33.9,-33.9,-34.3,-37.1,-36.4,-37.3,-39.2,-41.0,-41.7,-40.8,-38.9,511.9,512.4,512.5,512.2,511.7,511.5,511.1,511.4,516.1,513.5,511.1,510.0,510.5,511.9,513.5,511.9,510.4,510.1,511.2,513.5,512.4,512.3,512.4,512.6,512.8,512.9,512.9,512.7,523.9,524.9,526.5,527.8,527.9,526.9,525.3,524.1,524.3,523.5,523.3,524.3,527.0,530.4,533.7,530.4,527.1,524.7,523.6,523.7,525.8,526.4,527.1,527.5,527.5,526.9,526.2,525.8,29.7,-6.1,657.0,0.183,-0.155,0.009,221.2,221.7,223.4,226.2,231.0,238.3,247.1,257.1,267.4,276.0,282.4,288.1,293.1,296.7,299.1,300.9,301.4,231.1,237.6,246.1,254.7,262.5,277.8,284.4,290.8,297.0,300.7,270.5,271.4,272.4,273.4,262.2,266.6,271.1,275.2,278.6,240.4,245.6,251.8,256.9,251.6,245.4,279.1,284.1,289.7,293.5,290.2,284.6,252.7,260.2,266.6,270.3,274.1,278.7,282.4,278.6,274.0,269.8,265.7,259.5,255.7,266.2,270.0,273.8,280.2,273.7,269.9,266.0,160.4,172.3,184.1,195.4,205.9,214.9,222.2,227.4,228.5,226.3,219.9,211.9,202.8,192.7,182.2,171.3,160.3,152.5,147.6,146.3,147.5,150.3,149.8,146.9,145.5,146.5,150.8,159.0,166.7,174.4,182.4,187.6,189.1,190.2,189.0,187.3,160.5,157.5,157.6,161.4,162.8,162.9,161.0,156.9,156.8,159.6,162.1,162.2,203.3,200.6,198.9,200.0,198.8,200.4,202.7,208.0,210.2,210.8,210.5,208.4,203.5,202.7,203.0,202.5,203.1,204.3,204.9,204.6,-50.7,-50.0,-47.2,-42.5,-33.8,-20.7,-5.2,12.4,30.2,45.7,58.0,69.5,79.0,85.5,89.7,92.6,93.5,-31.6,-20.6,-6.4,7.7,20.4,45.9,57.4,69.0,80.5,88.2,33.7,34.8,36.1,37.4,20.0,27.2,34.6,41.4,47.4,-16.1,-7.3,3.1,11.5,2.7,-7.6,49.2,57.9,67.8,74.9,68.6,58.8,4.6,16.8,27.3,33.5,39.9,48.2,55.5,48.2,40.0,32.9,26.0,15.8,9.5,26.8,33.1,39.7,51.4,39.5,33.0,26.5,-47.7,-26.9,-6.1,14.0,32.7,48.6,61.0,69.3,71.1,68.1,58.1,44.4,28.0,9.6,-9.6,-29.4,-49.5,-58.5,-66.1,-67.8,-65.5,-60.7,-62.1,-67.8,-70.9,-70.3,-63.8,-46.9,-33.8,-21.1,-8.2,0.2,2.6,4.5,2.4,-0.2,-45.1,-50.0,-49.9,-43.6,-41.1,-40.9,-44.9,-52.0,-52.4,-48.1,-43.5,-43.0,26.6,21.7,18.8,20.6,18.7,21.7,26.0,34.5,37.9,38.7,38.1,34.8,26.9,25.2,25.8,25.0,26.6,28.0,28.9,28.3,686.4,690.0,694.2,696.5,695.6,692.3,685.9,677.7,676.8,685.7,700.2,711.7,716.1,715.0,713.1,711.5,711.1,653.7,647.7,643.0,639.2,637.3,644.4,651.8,660.5,669.7,679.5,642.8,636.9,630.5,624.6,641.1,639.8,639.3,642.6,646.6,653.2,650.2,650.6,651.8,650.7,650.4,660.7,663.0,666.9,673.1,667.2,663.4,658.8,648.1,644.1,645.1,647.3,656.1,669.3,658.3,651.2,648.7,647.9,650.9,656.5,647.2,647.9,650.6,665.5,650.8,648.1,647.6,0.589,0.187,-0.209,0.018,267.586,183.683,-11.815,11.535,-11.876,20.116,5.767,1.154,-4.762,2.091,3.188,-3.197,0.247,0.868,0.725,-1.325,-1.209,0.233,0.818,1.335,-1.204,-0.923,0.249,-0.656,-0.019,-0.327,-0.053,-0.068,0.134,-0.001,-0.085,-0.006,-0.006,-0.002,-0.008,-0.011,0.52,0.43,0.0,1.03,0.0,0.0,0.07,0.0,0.0,0.06,0.0,0.0,0.0,0.0,0.0,0.18,0.0,0.0,1.0,0.0,1.0,0.0,0.0,0.0,0.0,0.0,0.0,0.0,0.0,0.0,0.0,1.0,1.0,1.0,0.0
PP133,g1,5156,0,0.925,0.17894,0.181181,-0.967033,0.025559,0.180647,-0.983216,0.104,0.183,245.0,246.4,249.6,252.7,254.0,252.9,249.5,246.3,240.7,242.7,245.6,249.1,252.5,255.2,257.0,254.9,251.9,248.6,245.5,242.7,248.1,249.5,250.9,251.5,250.9,249.5,248.1,247.5,282.5,283.4,286.2,289.2,290.7,289.8,287.0,283.7,279.4,281.4,284.1,287.4,290.4,292.5,293.7,292.6,290.6,288.0,284.9,281.8,285.3,286.6,287.8,288.2,287.6,286.2,285.0,284.6,159.3,156.0,154.7,156.1,159.3,162.8,163.9,162.5,160.8,159.0,157.8,157.2,157.8,159.4,161.5,162.6,162.9,163.1,162.8,162.1,160.8,161.4,160.8,159.4,158.0,157.4,158.0,159.4,158.7,155.5,154.1,155.2,158.3,161.5,163.0,162.1,161.0,158.8,157.2,156.4,156.8,157.9,159.7,161.1,161.9,162.3,162.2,162.0,160.1,160.6,159.9,158.5,157.2,156.7,157.3,158.7,-6.6,-4.8,-0.6,3.6,5.2,3.8,-0.7,-4.9,-12.2,-9.6,-5.8,-1.2,3.3,6.8,9.2,6.4,2.5,-1.8,-5.9,-9.6,-2.5,-0.7,1.2,1.9,1.2,-0.6,-2.4,-3.2,43.5,44.8,48.7,52.9,54.9,53.5,49.6,45.1,39.4,41.9,45.5,50.0,54.3,57.5,59.6,57.6,54.6,50.9,46.7,42.6,47.3,49.2,50.9,51.5,50.6,48.7,47.0,46.5,-37.0,-41.2,-43.0,-41.2,-36.9,-32.3,-30.9,-32.7,-35.2,-37.5,-38.9,-39.5,-38.7,-36.8,-34.2,-32.6,-32.1,-31.8,-32.2,-33.3,-35.0,-34.2,-35.0,-36.8,-38.7,-39.5,-38.7,-36.9,-38.5,-42.9,-44.9,-43.5,-39.3,-34.9,-32.9,-34.1,-35.5,-38.4,-40.5,-41.6,-41.2,-40.0,-37.9,-35.7,-34.4,-33.8,-33.8,-34.1,-36.9,-36.2,-37.1,-39.0,-40.8,-41.5,-40.6,-38.7,511.3,511.8,512.0,511.7,511.1,510.7,510.3,510.7,515.4,512.9,510.6,509.4,509.9,511.3,512.8,511.2,509.6,509.3,510.5,512.8,511.8,511.6,511.7,511.9,512.2,512.4,512.3,512.0,522.5,523.5,525.1,526.4,526.5,525.4,523.8,522.7,522.9,522.2,522.0,522.9,525.5,529.0,532.3,529.0,525.7,523.2,522.1,522.3,524.4,525.0,525.7,526.1,526.1,525.5,524.8,524.4,29.8,-5.3,652.3,0.204,-0.152,0.008,221.3,221.8,223.7,226.5,231.4,238.7,247.3,257.3,267.7,276.4,282.7,288.5,293.6,297.2,299.7,301.3,301.7,231.3,237.7,246.3,254.9,262.7,278.1,284.7,291.2,297.4,301.0,270.8,271.7,272.7,273.7,262.4,266.9,271.4,275.5,279.0,240.6,245.9,252.1,257.1,251.9,245.6,279.4,284.4,290.0,293.9,290.5,284.9,252.3,259.7,266.7,270.5,274.4,279.3,282.8,279.0,274.0,269.7,265.4,258.8,255.2,266.3,270.2,274.1,280.5,273.8,269.8,265.8,160.2,172.3,184.3,195.7,206.4,215.6,223.2,228.7,229.9,227.4,220.6,212.2,202.9,192.8,182.3,171.4,160.3,152.9,147.9,146.5,147.6,150.5,150.0,146.9,145.6,146.6,150.9,159.2,166.9,174.5,182.4,187.6,189.0,190.2,188.9,187.2,160.7,157.7,157.7,161.6,162.9,163.0,161.1,157.0,156.9,159.6,162.1,162.2,203.5,200.3,198.6,199.7,198.5,200.2,202.8,209.7,212.7,213.3,213.0,210.2,203.7,202.4,202.7,202.2,203.3,206.5,207.2,206.8,-50.0,-49.3,-46.4,-41.6,-32.9,-20.0,-4.7,12.7,30.5,46.1,58.3,69.6,79.1,85.5,89.7,92.5,93.2,-31.0,-20.1,-6.1,8.0,20.6,46.0,57.4,69.1,80.5,87.9,34.0,35.1,36.3,37.5,20.1,27.4,34.7,41.6,47.6,-15.6,-6.8,3.4,11.8,3.1,-7.2,49.3,57.9,67.7,74.9,68.6,58.8,3.9,16.1,27.3,33.6,40.1,48.8,55.9,48.7,39.9,32.7,25.5,14.7,8.8,26.8,33.2,39.8,51.8,39.6,32.8,26.1,-47.5,-26.6,-5.7,14.6,33.5,49.6,62.5,71.2,73.2,69.8,59.1,44.7,28.0,9.6,-9.4,-29.0,-49.0,-57.3,-65.1,-66.9,-64.6,-59.8,-61.3,-67.1,-70.2,-69.6,-63.1,-46.1,-33.3,-20.8,-8.2,0.2,2.5,4.4,2.3,-0.4,-44.4,-49.2,-49.1,-42.8,-40.6,-40.4,-44.2,-51.4,-51.8,-47.6,-43.1,-42.5,26.9,21.2,18.1,19.9,18.1,21.1,26.1,37.3,41.8,42.7,42.1,37.6,27.1,24.5,25.0,24.3,26.8,31.6,32.6,32.0,680.1,684.2,688.7,691.4,690.9,688.4,683.1,675.4,674.6,682.8,696.1,706.1,709.3,707.6,705.3,704.2,704.1,647.3,641.4,636.7,632.9,631.2,638.7,646.2,654.8,664.1,673.9,636.8,631.0,624.9,619.3,635.7,634.5,634.0,637.2,641.1,647.1,644.2,644.7,645.8,644.9,644.5,654.8,657.1,660.9,667.1,661.3,657.5,655.6,643.9,638.9,640.0,642.1,651.6,665.6,656.1,649.4,647.0,646.0,648.7,653.7,642.5,643.0,645.7,662.4,648.5,645.9,645.4,0.594,0.208,-0.204,0.019,267.809,184.084,-20.038,13.909,-3.683,22.423,6.26,-4.57,-2.936,2.328,4.767,-3.536,0.591,0.606,1.292,-1.368,-1.426,0.541,1.664,1.579,-1.755,-0.325,0.462,-0.414,-0.005,-0.322,-0.143,0.055,0.264,0.021,-0.075,0.02,-0.009,0.008,-0.01,-0.0,0.77,0.32,0.0,1.39,0.0,0.0,0.0,0.0,0.0,0.02,0.0,0.0,0.0,0.0,0.59,0.0,0.0,1.0,1.0,0.0,1.0,0.0,0.0,0.0,0.0,0.0,0.0,0.0,0.0,0.0,0.0,1.0,1.0,1.0,0.0
PP133,g1,5162,0,0.975,0.180472,0.176174,-0.967674,0.027528,0.175832,-0.984035,0.106,0.178,245.1,246.5,249.7,252.8,254.1,253.0,249.6,246.4,240.9,242.8,245.7,249.2,252.7,255.3,257.1,255.0,252.0,248.8,245.6,242.9,248.2,249.6,251.0,251.6,251.0,249.7,248.3,247.7,282.5,283.5,286.2,289.2,290.7,289.8,287.0,283.8,279.5,281.4,284.1,287.4,290.4,292.5,293.7,292.6,290.6,288.0,285.0,281.9,285.3,286.6,287.8,288.2,287.6,286.3,285.0,284.6,159.1,155.9,154.6,155.9,159.2,162.6,163.7,162.4,160.7,158.8,157.6,157.0,157.7,159.2,161.3,162.4,162.8,162.9,162.7,162.0,160.7,161.2,160.7,159.3,157.8,157.2,157.8,159.2,158.5,155.3,153.9,155.1,158.1,161.3,162.8,161.9,160.8,158.6,157.0,156.2,156.7,157.8,159.5,160.9,161.7,162.1,162.1,161.8,159.9,160.4,159.7,158.4,157.0,156.5,157.1,158.5,-6.4,-4.6,-0.4,3.7,5.4,3.9,-0.5,-4.7,-12.1,-9.4,-5.6,-1.1,3.5,6.9,9.3,6.5,2.6,-1.6,-5.7,-9.4,-2.3,-0.5,1.3,2.1,1.4,-0.5,-2.3,-3.1,43.7,45.0,48.9,53.1,55.1,53.7,49.8,45.3,39.6,42.2,45.7,50.2,54.5,57.7,59.7,57.8,54.8,51.1,46.9,42.8,47.5,49.4,51.1,51.6,50.8,48.9,47.2,46.7,-37.2,-41.4,-43.2,-41.4,-37.1,-32.5,-31.1,-32.9,-35.4,-37.7,-39.1,-39.8,-38.9,-37.1,-34.4,-32.9,-32.3,-32.0,-32.4,-33.5,-35.2,-34.4,-35.2,-37.1,-38.9,-39.7,-38.9,-37.1,-38.9,-43.2,-45.3,-43.8,-39.7,-35.3,-33.3,-34.4,-35.8,-38.7,-40.9,-42.0,-41.6,-40.4,-38.2,-36.1,-34.8,-34.1,-34.1,-34.5,-37.2,-36.6,-37.5,-39.4,-41.2,-41.8,-40.9,-39.0,511.7,512.2,512.4,512.1,511.5,511.2,510.8,511.1,515.8,513.3,511.0,509.8,510.3,511.7,513.2,511.6,510.0,509.7,510.9,513.2,512.2,512.0,512.1,512.3,512.6,512.8,512.7,512.4,524.1,525.2,526.8,528.0,528.1,527.1,525.5,524.4,524.5,523.8,523.6,524.6,527.2,530.6,533.9,530.6,527.3,524.9,523.8,523.9,526.1,526.6,527.3,527.8,527.7,527.2,526.5,526.0,30.2,-5.7,653.0,0.195,-0.155,0.007,221.4,222.0,223.8,226.7,231.6,238.9,247.5,257.6,267.9,276.5,282.9,288.6,293.7,297.3,299.7,301.4,301.8,231.4,237.9,246.4,255.1,262.9,278.1,284.7,291.2,297.3,301.0,270.9,271.8,272.8,273.9,262.6,267.1,271.6,275.7,279.2,240.7,246.0,252.2,257.3,252.0,245.8,279.5,284.4,290.0,293.9,290.5,285.0,252.9,260.3,267.1,270.8,274.6,279.4,283.0,279.2,274.4,270.2,266.0,259.4,255.8,266.7,270.5,274.4,280.7,274.1,270.2,266.2,160.3,172.4,184.3,195.6,206.3,215.5,223.0,228.5,229.7,227.3,220.7,212.3,203.1,192.9,182.3,171.4,160.3,152.8,147.8,146.4,147.5,150.4,149.9,146.8,145.5,146.4,150.8,159.1,166.7,174.2,182.0,187.4,188.8,189.9,188.6,187.0,160.6,157.5,157.6,161.4,162.8,162.9,160.9,156.8,156.7,159.5,161.9,162.1,203.3,200.1,198.3,199.4,198.2,199.9,202.6,209.3,212.2,212.8,212.5,209.8,203.5,202.1,202.4,201.9,203.0,206.1,206.8,206.4,-49.9,-49.1,-46.2,-41.2,-32.5,-19.6,-4.4,13.1,30.9,46.4,58.6,69.9,79.4,85.9,90.0,92.8,93.6,-30.8,-19.9,-5.8,8.3,20.9,46.0,57.5,69.1,80.6,88.1,34.1,35.3,36.6,37.9,20.5,27.8,35.2,42.0,47.9,-15.4,-6.6,3.6,12.0,3.3,-7.0,49.5,58.0,67.9,75.1,68.8,59.0,4.8,16.9,28.0,34.1,40.5,49.2,56.3,49.1,40.5,33.4,26.4,15.7,9.7,27.5,33.8,40.3,52.1,40.1,33.4,26.8,-47.4,-26.5,-5.7,14.4,33.3,49.3,62.1,70.9,72.9,69.7,59.2,45.0,28.3,9.9,-9.3,-29.1,-49.2,-57.6,-65.4,-67.2,-64.9,-60.0,-61.6,-67.4,-70.5,-69.9,-63.4,-46.4,-33.7,-21.3,-8.7,-0.2,2.1,4.0,1.8,-0.9,-44.6,-49.5,-49.4,-43.2,-40.9,-40.7,-44.6,-51.8,-52.2,-48.0,-43.5,-42.9,26.6,20.8,17.8,19.5,17.6,20.7,25.7,36.6,41.0,41.9,41.3,37.0,26.8,24.1,24.6,23.9,26.4,30.9,31.9,31.3,681.1,684.9,689.2,691.7,691.2,688.6,683.2,675.6,674.8,683.1,696.5,707.0,710.6,709.1,707.1,706.0,705.9,648.4,642.5,637.9,634.1,632.4,639.7,647.2,655.9,665.4,675.2,637.8,632.0,625.8,620.0,636.3,635.1,634.6,637.9,641.8,648.3,645.3,645.8,647.0,646.1,645.6,655.9,658.3,662.2,668.4,662.5,658.7,655.8,644.2,639.4,640.5,642.6,652.0,665.9,656.2,649.5,647.1,646.1,648.7,653.9,642.9,643.4,646.1,662.6,648.8,646.1,645.6,0.593,0.199,-0.209,0.017,268.003,183.9,-18.092,12.699,-4.3,22.456,5.8,-4.2,-2.23,2.761,4.876,-4.015,0.523,0.564,0.755,-1.565,-1.159,0.081,1.479,1.351,-1.671,-0.139,0.446,-0.324,-0.031,-0.274,-0.022,0.159,0.255,0.022,-0.075,0.003,-0.023,-0.001,-0.003,-0.002,0.5,0.23,0.0,1.06,0.0,0.0,0.0,0.0,0.0,0.0,0.0,0.0,0.0,0.0,0.61,0.0,0.0,0.0,1.0,0.0,1.0,0.0,0.0,0.0,0.0,0.0,0.0,0.0,0.0,0.0,0.0,1.0,1.0,1.0,0.0
PP133,g1,5168,0,0.975,0.183072,0.162443,-0.969586,0.03138,0.160664,-0.98651,0.109,0.164,244.9,246.1,249.3,252.5,253.8,252.7,249.4,246.2,240.6,242.6,245.4,248.9,252.3,255.0,256.8,254.7,251.7,248.5,245.4,242.6,248.0,249.3,250.7,251.3,250.7,249.3,247.9,247.4,282.3,283.2,285.9,288.9,290.4,289.5,286.7,283.5,279.3,281.2,283.8,287.1,290.0,292.1,293.4,292.2,290.3,287.8,284.7,281.6,285.0,286.3,287.5,287.9,287.3,285.9,284.7,284.3,158.8,155.6,154.2,155.5,158.7,162.2,163.3,162.0,160.4,158.5,157.3,156.7,157.3,158.8,160.8,162.0,162.4,162.6,162.4,161.7,160.3,160.9,160.3,158.8,157.4,156.9,157.5,158.9,157.9,154.8,153.3,154.5,157.5,160.7,162.1,161.3,160.2,158.0,156.4,155.6,156.1,157.2,158.9,160.3,161.1,161.5,161.4,161.2,159.3,159.8,159.2,157.8,156.4,155.9,156.6,157.9,-6.8,-5.1,-0.9,3.2,5.0,3.6,-0.9,-5.0,-12.5,-9.8,-6.1,-1.5,3.1,6.5,9.0,6.2,2.3,-1.9,-6.0,-9.7,-2.7,-0.9,1.0,1.7,0.9,-0.9,-2.7,-3.5,43.5,44.8,48.7,52.9,54.9,53.6,49.7,45.2,39.5,42.0,45.5,50.1,54.3,57.5,59.6,57.7,54.7,51.0,46.8,42.6,47.4,49.2,50.9,51.5,50.6,48.7,47.1,46.5,-37.8,-42.1,-43.9,-42.2,-37.9,-33.3,-31.8,-33.6,-36.1,-38.3,-39.7,-40.5,-39.7,-37.9,-35.3,-33.7,-33.0,-32.7,-33.0,-34.1,-35.9,-35.2,-35.9,-37.8,-39.7,-40.5,-39.7,-37.8,-39.8,-44.2,-46.3,-44.8,-40.7,-36.3,-34.3,-35.4,-36.8,-39.7,-41.9,-43.0,-42.6,-41.4,-39.2,-37.1,-35.8,-35.1,-35.1,-35.5,-38.2,-37.6,-38.5,-40.4,-42.2,-42.8,-41.9,-40.0,515.0,515.4,515.6,515.3,514.8,514.5,514.2,514.4,519.1,516.5,514.2,513.0,513.6,515.0,516.6,515.0,513.4,513.1,514.2,516.5,515.5,515.4,515.4,515.6,515.9,516.0,515.9,515.7,526.7,527.8,529.4,530.7,530.8,529.7,528.0,526.9,527.1,526.4,526.2,527.2,529.8,533.3,536.5,533.2,529.9,527.5,526.3,526.5,528.6,529.2,529.9,530.4,530.3,529.8,529.1,528.6,30.3,-7.1,657.1,0.165,-0.157,-0.002,221.2,221.9,223.7,226.5,231.4,238.8,247.6,257.9,268.3,276.9,283.2,288.8,293.7,297.3,299.5,301.1,301.5,231.0,237.5,246.0,254.6,262.4,277.7,284.3,290.7,296.9,300.7,270.5,271.5,272.6,273.7,262.5,267.1,271.6,275.7,279.1,240.5,245.7,251.9,256.9,251.7,245.6,279.2,284.1,289.7,293.5,290.2,284.7,253.1,260.7,267.2,270.9,274.7,279.3,283.1,279.4,274.8,270.7,266.6,260.3,256.1,266.8,270.6,274.5,281.0,274.5,270.6,266.7,160.6,172.5,184.2,195.4,205.8,214.7,221.9,227.1,228.1,225.9,219.6,211.7,202.6,192.4,181.8,170.9,159.8,152.6,147.6,146.1,147.2,149.9,149.3,146.3,145.0,145.9,150.2,158.4,166.1,173.8,181.6,187.0,188.4,189.6,188.3,186.6,160.3,157.2,157.2,160.9,162.4,162.6,160.3,156.2,156.1,158.9,161.3,161.5,202.5,199.9,198.3,199.3,198.1,199.5,201.5,206.7,208.8,209.4,209.2,207.3,202.7,202.0,202.3,201.7,202.0,203.1,203.8,203.5,-50.6,-49.7,-46.7,-41.8,-33.0,-19.9,-4.1,13.7,31.6,47.1,59.4,70.8,80.3,86.7,90.6,93.3,94.0,-31.8,-20.8,-6.6,7.6,20.3,45.9,57.4,69.0,80.6,88.4,33.8,35.1,36.6,38.0,20.6,27.9,35.4,42.2,48.2,-15.9,-7.2,3.1,11.6,2.9,-7.4,49.5,58.0,67.9,75.1,68.8,59.1,5.3,17.8,28.3,34.5,40.9,49.2,56.8,49.4,41.3,34.3,27.4,17.1,10.2,27.8,34.2,40.8,52.8,40.7,34.1,27.6,-47.3,-26.6,-5.9,14.1,32.6,48.2,60.4,68.5,70.2,67.3,57.5,44.0,27.6,9.1,-10.4,-30.3,-50.6,-58.5,-66.3,-68.2,-66.1,-61.5,-63.2,-68.9,-72.1,-71.5,-65.0,-48.0,-35.0,-22.2,-9.4,-0.8,1.5,3.4,1.2,-1.5,-45.6,-50.5,-50.6,-44.4,-41.9,-41.6,-46.1,-53.2,-53.7,-49.4,-44.9,-44.3,25.3,20.6,17.8,19.5,17.6,20.2,24.1,32.3,35.5,36.3,35.9,32.9,25.6,24.0,24.5,23.6,24.8,26.0,27.0,26.4,687.9,691.0,694.6,696.6,695.5,692.1,685.4,676.8,675.8,684.8,699.8,711.8,716.9,716.4,714.8,713.3,713.2,655.5,649.3,644.7,640.7,638.6,645.6,653.1,661.8,671.1,680.9,643.8,637.6,630.8,624.7,641.3,639.8,639.2,642.6,646.7,654.4,651.5,651.8,653.0,651.8,651.4,661.8,664.3,668.1,674.2,668.2,664.4,658.9,648.3,644.4,645.4,647.6,656.4,669.8,657.9,650.4,647.8,647.0,650.4,656.6,647.2,647.8,650.6,665.9,650.3,647.6,647.2,0.589,0.168,-0.213,0.007,267.955,183.103,-8.597,10.017,-11.048,18.506,5.019,3.423,-5.194,2.001,3.341,-3.148,-0.187,1.426,0.246,-1.671,-0.817,-0.035,0.433,1.407,-1.271,-0.703,0.246,-0.488,-0.115,-0.331,0.008,-0.068,0.112,-0.007,-0.106,-0.014,-0.012,0.004,-0.001,-0.007,0.94,0.42,0.0,1.08,0.0,0.0,0.0,0.0,0.0,0.22,0.0,0.0,0.0,0.0,0.0,0.1,0.0,1.0,1.0,0.0,1.0,0.0,0.0,0.0,0.0,0.0,0.0,0.0,0.0,0.0,0.0,0.0,0.0,1.0,0.0
PP133,g1,5174,0,0.975,0.18368,0.156203,-0.970496,0.031625,0.155129,-0.987388,0.11,0.158,244.5,245.8,248.9,252.1,253.4,252.4,249.0,245.9,240.3,242.2,245.0,248.5,251.9,254.6,256.4,254.3,251.4,248.2,245.1,242.3,247.6,249.0,250.4,250.9,250.3,248.9,247.6,247.0,281.9,282.8,285.5,288.5,290.0,289.1,286.4,283.2,278.9,280.8,283.4,286.7,289.7,291.7,293.0,291.9,290.0,287.4,284.4,281.3,284.6,285.9,287.1,287.5,286.9,285.6,284.4,284.0,159.2,156.0,154.6,155.9,159.1,162.5,163.7,162.4,160.8,159.0,157.7,157.1,157.6,159.1,161.1,162.3,162.7,163.0,162.8,162.1,160.7,161.2,160.6,159.2,157.8,157.2,157.8,159.3,158.1,155.0,153.5,154.7,157.7,160.9,162.3,161.4,160.4,158.2,156.6,155.8,156.2,157.3,159.1,160.5,161.2,161.6,161.6,161.4,159.4,159.9,159.3,157.9,156.6,156.1,156.7,158.1,-7.3,-5.6,-1.5,2.7,4.5,3.2,-1.3,-5.5,-12.9,-10.3,-6.6,-2.0,2.6,6.1,8.5,5.7,1.9,-2.4,-6.5,-10.2,-3.2,-1.3,0.5,1.2,0.4,-1.4,-3.2,-3.9,43.1,44.4,48.3,52.5,54.5,53.2,49.3,44.8,39.1,41.6,45.2,49.7,53.9,57.1,59.2,57.3,54.3,50.6,46.5,42.3,47.0,48.8,50.5,51.1,50.2,48.4,46.7,46.1,-37.4,-41.7,-43.6,-41.9,-37.6,-33.0,-31.5,-33.2,-35.6,-37.9,-39.3,-40.1,-39.4,-37.6,-35.0,-33.4,-32.7,-32.3,-32.7,-33.7,-35.5,-34.8,-35.6,-37.5,-39.3,-40.1,-39.3,-37.4,-39.7,-44.1,-46.2,-44.7,-40.6,-36.2,-34.2,-35.3,-36.7,-39.6,-41.7,-42.9,-42.5,-41.3,-39.1,-37.0,-35.7,-35.1,-35.0,-35.3,-38.1,-37.4,-38.3,-40.3,-42.1,-42.7,-41.8,-39.9,516.5,517.0,517.2,516.9,516.4,516.1,515.7,516.0,520.7,518.1,515.8,514.6,515.2,516.6,518.2,516.6,515.0,514.7,515.8,518.1,517.1,517.0,517.0,517.2,517.5,517.6,517.5,517.3,528.2,529.3,530.9,532.1,532.2,531.1,529.5,528.4,528.5,527.8,527.7,528.7,531.3,534.7,538.0,534.7,531.3,528.9,527.8,527.9,530.1,530.6,531.3,531.8,531.8,531.3,530.5,530.1,30.0,-6.9,658.1,0.154,-0.156,-0.009,221.0,221.7,223.6,226.5,231.4,238.8,247.7,258.0,268.3,276.9,283.2,288.8,293.7,297.2,299.4,300.9,301.2,230.6,237.0,245.6,254.2,262.1,277.2,283.8,290.2,296.5,300.4,270.1,271.2,272.3,273.5,262.3,266.9,271.4,275.5,278.9,240.2,245.3,251.5,256.6,251.4,245.2,278.9,283.8,289.3,293.1,289.9,284.4,253.1,260.7,267.0,270.7,274.6,279.2,283.1,279.3,274.8,270.7,266.6,260.3,256.0,266.7,270.5,274.4,281.0,274.4,270.5,266.6,161.3,173.1,184.7,195.9,206.3,215.1,222.2,227.2,228.2,226.0,219.8,212.0,202.9,192.7,182.0,171.0,159.8,153.2,148.1,146.6,147.6,150.2,149.5,146.5,145.1,146.0,150.4,158.6,166.2,173.9,181.7,187.2,188.6,189.7,188.3,186.6,160.7,157.6,157.6,161.2,162.7,162.9,160.5,156.4,156.3,159.0,161.4,161.6,202.5,200.0,198.4,199.4,198.2,199.6,201.5,206.4,208.4,209.0,208.8,207.0,202.7,202.0,202.3,201.7,201.9,202.8,203.5,203.2,-51.3,-50.2,-47.0,-42.0,-33.2,-19.9,-4.1,13.8,31.7,47.3,59.5,70.9,80.4,86.7,90.6,93.2,93.7,-32.7,-21.7,-7.4,6.9,19.8,45.1,56.6,68.3,80.0,88.1,33.2,34.6,36.1,37.6,20.2,27.7,35.1,42.0,48.0,-16.5,-7.8,2.5,11.0,2.3,-8.0,49.0,57.5,67.3,74.6,68.4,58.6,5.2,17.8,28.1,34.3,40.8,49.1,56.8,49.4,41.4,34.3,27.4,17.2,10.2,27.7,34.1,40.7,52.8,40.7,34.1,27.5,-46.3,-25.6,-4.9,15.0,33.4,48.9,60.9,68.9,70.4,67.6,58.0,44.6,28.3,9.5,-10.1,-30.2,-50.7,-57.7,-65.7,-67.7,-65.6,-61.1,-62.9,-68.7,-71.9,-71.4,-64.8,-47.8,-34.8,-22.0,-9.2,-0.6,1.7,3.6,1.4,-1.4,-45.0,-50.0,-50.1,-44.1,-41.5,-41.1,-45.9,-53.0,-53.5,-49.3,-44.8,-44.1,25.4,20.8,18.1,19.7,17.8,20.3,24.0,31.8,34.9,35.7,35.3,32.5,25.7,24.1,24.6,23.7,24.6,25.5,26.5,26.1,689.9,692.6,696.0,697.8,696.5,693.0,686.1,677.2,676.2,685.3,700.6,712.9,718.2,718.0,716.7,715.3,715.3,657.7,651.4,646.7,642.6,640.4,647.1,654.6,663.3,672.7,682.6,645.3,638.9,632.1,625.8,642.4,640.8,640.2,643.6,647.8,656.3,653.3,653.6,654.7,653.4,653.2,663.3,665.8,669.6,675.6,669.6,665.9,659.8,649.4,645.5,646.5,648.7,657.4,670.7,658.4,650.8,648.2,647.5,651.0,657.5,648.1,648.7,651.5,666.7,651.0,648.2,647.8,0.588,0.157,-0.212,-0.0,267.758,183.259,-6.386,8.916,-11.244,17.708,4.786,4.608,-5.381,1.482,3.224,-3.421,-0.404,1.343,-0.04,-1.497,-0.75,-0.257,0.088,1.377,-1.433,-0.592,0.093,-0.453,-0.091,-0.393,0.074,-0.086,0.086,0.0,-0.106,-0.017,-0.019,-0.002,0.002,-0.006,0.6,0.43,0.0,0.43,0.0,0.0,0.0,0.0,0.0,0.0,0.0,0.0,0.0,0.0,0.0,0.0,0.0,0.0,1.0,0.0,1.0,0.0,0.0,0.0,0.0,0.0,0.0,0.0,0.0,0.0,0.0,0.0,0.0,1.0,0.0
PP133,g1,5180,0,0.975,0.185704,0.156941,-0.969992,0.03271,0.155969,-0.98722,0.111,0.159,244.7,246.0,249.1,252.3,253.6,252.6,249.2,246.1,240.5,242.4,245.2,248.7,252.1,254.8,256.6,254.5,251.6,248.4,245.3,242.5,247.8,249.2,250.6,251.1,250.5,249.1,247.8,247.2,282.1,283.0,285.7,288.7,290.2,289.3,286.6,283.3,279.1,281.0,283.6,286.9,289.8,291.9,293.1,292.0,290.1,287.6,284.6,281.5,284.8,286.1,287.3,287.7,287.0,285.7,284.5,284.2,159.6,156.4,155.0,156.3,159.5,163.0,164.1,162.8,161.2,159.4,158.2,157.5,158.1,159.5,161.5,162.7,163.1,163.4,163.2,162.5,161.1,161.6,161.0,159.6,158.2,157.7,158.3,159.7,158.6,155.4,154.0,155.1,158.1,161.3,162.7,161.9,160.8,158.7,157.1,156.3,156.7,157.8,159.5,160.9,161.7,162.0,162.0,161.8,159.9,160.4,159.7,158.4,157.0,156.5,157.2,158.6,-7.0,-5.4,-1.2,3.0,4.8,3.4,-1.0,-5.2,-12.7,-10.1,-6.3,-1.7,2.8,6.3,8.8,6.0,2.1,-2.1,-6.2,-9.9,-2.9,-1.1,0.7,1.5,0.7,-1.1,-3.0,-3.7,43.5,44.8,48.7,52.9,54.9,53.6,49.7,45.2,39.5,42.0,45.6,50.1,54.3,57.5,59.6,57.7,54.7,51.0,46.9,42.7,47.4,49.2,50.9,51.5,50.6,48.8,47.1,46.5,-36.9,-41.2,-43.1,-41.4,-37.1,-32.5,-31.0,-32.7,-35.1,-37.4,-38.8,-39.6,-38.9,-37.1,-34.5,-32.9,-32.2,-31.9,-32.2,-33.2,-35.1,-34.3,-35.1,-37.0,-38.9,-39.6,-38.8,-36.9,-39.3,-43.6,-45.7,-44.3,-40.1,-35.8,-33.7,-34.8,-36.2,-39.1,-41.3,-42.4,-42.1,-40.9,-38.7,-36.6,-35.3,-34.6,-34.6,-34.9,-37.6,-37.0,-37.9,-39.8,-41.6,-42.2,-41.3,-39.4,517.8,518.3,518.4,518.2,517.7,517.4,517.0,517.3,521.9,519.3,517.0,515.9,516.5,517.9,519.5,517.9,516.3,516.0,517.1,519.3,518.3,518.2,518.3,518.5,518.7,518.9,518.8,518.6,530.0,531.1,532.7,534.0,534.0,533.0,531.3,530.2,530.4,529.7,529.5,530.5,533.1,536.6,539.8,536.5,533.2,530.7,529.6,529.8,531.9,532.5,533.2,533.7,533.6,533.1,532.4,531.9,30.3,-6.5,659.4,0.154,-0.159,-0.008,221.0,221.8,223.7,226.5,231.4,238.7,247.6,258.0,268.4,277.0,283.3,289.0,293.9,297.3,299.5,301.0,301.4,230.7,237.1,245.7,254.3,262.3,277.5,284.1,290.5,296.7,300.6,270.3,271.4,272.6,273.7,262.5,267.1,271.7,275.7,279.1,240.4,245.5,251.7,256.7,251.6,245.4,279.0,283.9,289.5,293.3,290.0,284.6,253.4,261.0,267.3,270.9,274.8,279.3,283.2,279.5,275.0,270.9,266.9,260.6,256.3,266.9,270.7,274.6,281.1,274.6,270.8,266.9,161.6,173.3,184.8,195.9,206.2,215.0,222.1,227.3,228.2,226.1,219.9,212.1,203.0,192.9,182.2,171.2,160.1,153.8,148.7,147.1,148.2,150.8,150.1,147.1,145.7,146.6,151.0,159.1,166.7,174.3,182.2,187.5,188.9,190.0,188.7,187.0,161.1,158.1,158.0,161.6,163.1,163.4,160.9,156.8,156.7,159.4,161.8,162.0,202.7,200.3,198.7,199.7,198.5,199.8,201.6,206.3,208.3,208.9,208.7,207.0,202.9,202.3,202.5,201.9,202.0,202.8,203.4,203.2,-51.3,-50.1,-46.9,-42.0,-33.3,-20.1,-4.2,13.9,31.9,47.5,59.9,71.3,80.9,87.3,91.1,93.7,94.3,-32.6,-21.6,-7.2,7.2,20.1,45.6,57.2,68.9,80.7,88.7,33.6,35.0,36.6,38.1,20.6,28.1,35.6,42.4,48.4,-16.2,-7.5,2.8,11.3,2.7,-7.6,49.4,58.0,67.8,75.1,68.8,59.1,5.7,18.3,28.6,34.7,41.2,49.4,57.1,49.7,41.8,34.8,28.0,17.8,10.6,28.2,34.5,41.1,53.2,41.1,34.5,28.1,-45.9,-25.2,-4.7,15.1,33.5,48.9,61.0,69.1,70.7,67.9,58.3,45.0,28.7,9.9,-9.8,-29.9,-50.4,-56.9,-64.9,-66.9,-64.8,-60.3,-62.2,-67.9,-71.1,-70.5,-63.9,-47.1,-34.1,-21.3,-8.5,-0.0,2.3,4.2,1.9,-0.9,-44.4,-49.3,-49.5,-43.4,-40.9,-40.4,-45.3,-52.4,-52.9,-48.7,-44.1,-43.5,25.7,21.2,18.6,20.2,18.3,20.7,24.2,31.7,34.7,35.5,35.1,32.5,25.9,24.5,25.0,24.1,24.9,25.5,26.5,26.0,691.4,694.1,697.4,699.1,697.9,694.4,687.6,678.6,677.6,686.9,702.4,714.8,720.4,720.3,719.0,717.5,717.5,659.2,652.8,648.0,643.9,641.6,648.4,656.0,664.8,674.2,684.3,646.7,640.3,633.5,627.2,643.8,642.2,641.6,645.0,649.2,657.6,654.7,655.0,656.1,654.8,654.5,664.8,667.3,671.1,677.2,671.2,667.4,661.1,650.7,646.9,647.9,650.1,658.9,672.1,659.6,651.8,649.2,648.5,652.1,658.7,649.5,650.1,652.9,668.0,652.1,649.3,649.0,0.586,0.158,-0.216,0.001,267.931,183.527,-3.626,8.19,-11.706,16.435,4.526,4.997,-5.894,1.138,3.482,-3.723,-0.768,1.451,-0.056,-1.593,-0.235,-0.623,0.035,1.35,-1.44,-0.463,0.085,-0.33,-0.102,-0.403,0.083,-0.088,0.111,0.006,-0.116,-0.017,-0.015,-0.002,-0.002,-0.007,0.6,0.27,0.0,0.42,0.0,0.0,0.0,0.0,0.0,0.17,0.0,0.0,0.0,0.0,0.0,0.0,0.0,0.0,1.0,0.0,1.0,0.0,0.0,0.0,0.0,0.0,0.0,0.0,0.0,0.0,0.0,0.0,0.0,1.0,0.0
PP133,g1,5186,0,0.975,0.189483,0.158354,-0.969031,0.036239,0.156648,-0.986989,0.115,0.16,245.5,246.8,249.9,253.1,254.4,253.4,250.0,246.9,241.3,243.2,246.1,249.5,253.0,255.6,257.4,255.3,252.4,249.2,246.1,243.3,248.6,250.0,251.4,251.9,251.3,250.0,248.6,248.0,282.8,283.7,286.4,289.4,290.9,290.0,287.3,284.0,279.8,281.7,284.4,287.6,290.5,292.6,293.8,292.7,290.8,288.3,285.3,282.2,285.5,286.8,288.0,288.4,287.8,286.5,285.3,284.9,159.6,156.4,155.0,156.3,159.5,162.9,164.1,162.8,161.1,159.3,158.1,157.5,158.1,159.5,161.5,162.7,163.1,163.3,163.1,162.5,161.0,161.6,161.0,159.6,158.2,157.7,158.3,159.7,158.7,155.6,154.2,155.3,158.3,161.5,162.9,162.0,161.0,158.8,157.2,156.5,156.9,158.0,159.7,161.1,161.9,162.2,162.2,161.9,160.1,160.5,159.9,158.6,157.2,156.7,157.4,158.7,-5.9,-4.3,-0.1,4.1,5.9,4.5,0.0,-4.2,-11.7,-9.0,-5.2,-0.6,3.9,7.4,9.8,7.0,3.2,-1.0,-5.2,-8.9,-1.8,-0.0,1.8,2.5,1.8,-0.1,-1.9,-2.6,44.6,45.9,49.8,54.0,56.0,54.7,50.8,46.3,40.6,43.1,46.7,51.2,55.4,58.6,60.7,58.8,55.8,52.1,47.9,43.8,48.5,50.3,52.0,52.6,51.7,49.9,48.2,47.6,-37.1,-41.4,-43.2,-41.5,-37.2,-32.6,-31.1,-32.8,-35.3,-37.5,-39.0,-39.7,-39.0,-37.2,-34.6,-33.0,-32.3,-32.0,-32.3,-33.3,-35.2,-34.4,-35.2,-37.1,-39.0,-39.7,-38.9,-37.0,-39.1,-43.5,-45.6,-44.1,-40.0,-35.6,-33.5,-34.7,-36.1,-39.0,-41.1,-42.3,-41.9,-40.7,-38.5,-36.4,-35.1,-34.4,-34.4,-34.8,-37.5,-36.8,-37.7,-39.6,-41.5,-42.1,-41.2,-39.3,518.6,519.1,519.3,519.1,518.6,518.3,517.9,518.1,522.7,520.2,517.9,516.8,517.4,518.8,520.4,518.8,517.2,516.8,517.9,520.1,519.2,519.1,519.2,519.4,519.6,519.7,519.6,519.4,531.3,532.4,534.0,535.3,535.4,534.3,532.6,531.5,531.6,530.9,530.8,531.8,534.5,537.9,541.2,537.8,534.5,532.0,530.9,531.0,533.2,533.8,534.5,535.0,534.9,534.4,533.7,533.2,31.4,-6.4,660.3,0.155,-0.165,-0.001,221.6,222.3,224.1,226.8,231.6,238.9,247.8,258.2,268.6,277.2,283.5,289.2,294.1,297.6,299.8,301.4,301.8,231.6,238.1,246.7,255.3,263.1,278.3,284.9,291.2,297.4,301.3,271.1,272.1,273.3,274.5,263.2,267.7,272.3,276.3,279.7,241.2,246.4,252.5,257.5,252.4,246.2,279.8,284.7,290.2,294.0,290.7,285.3,253.8,261.5,267.8,271.5,275.4,279.9,283.7,280.0,275.6,271.5,267.4,261.1,256.8,267.5,271.3,275.2,281.6,275.2,271.3,267.4,161.4,173.1,184.6,195.7,206.0,214.9,222.1,227.2,228.3,226.2,220.1,212.3,203.2,193.1,182.4,171.4,160.2,153.6,148.6,147.1,148.2,150.9,150.2,147.3,145.9,146.9,151.2,159.2,166.8,174.4,182.2,187.5,188.9,190.1,188.7,187.1,161.1,158.0,158.0,161.7,163.1,163.3,161.1,157.0,156.9,159.6,162.0,162.2,202.5,200.1,198.6,199.6,198.4,199.8,201.6,206.3,208.3,208.9,208.6,206.9,202.7,202.2,202.5,201.9,202.0,202.8,203.4,203.1,-50.2,-49.2,-46.3,-41.5,-32.9,-19.8,-3.8,14.3,32.3,48.0,60.3,71.8,81.4,88.0,91.9,94.6,95.4,-31.0,-19.9,-5.5,8.7,21.6,47.1,58.7,70.3,82.0,89.9,34.9,36.4,37.9,39.3,21.7,29.2,36.7,43.5,49.5,-14.9,-6.1,4.2,12.6,4.0,-6.3,50.7,59.3,69.1,76.3,70.1,60.4,6.5,19.2,29.6,35.8,42.3,50.5,58.1,50.7,42.8,35.7,28.9,18.6,11.4,29.1,35.5,42.2,54.1,42.2,35.5,29.0,-46.1,-25.6,-5.1,14.7,33.1,48.7,60.9,69.1,70.8,68.1,58.6,45.4,29.1,10.3,-9.4,-29.6,-50.2,-57.3,-65.1,-67.0,-64.8,-60.3,-62.0,-67.7,-70.8,-70.3,-63.6,-47.0,-34.0,-21.3,-8.5,-0.0,2.3,4.2,2.0,-0.7,-44.5,-49.4,-49.5,-43.4,-40.9,-40.6,-45.1,-52.2,-52.6,-48.4,-43.9,-43.3,25.4,21.0,18.4,20.1,18.2,20.7,24.3,31.8,34.8,35.6,35.1,32.4,25.7,24.4,24.9,24.1,24.9,25.6,26.5,26.0,691.3,693.9,697.2,699.0,698.0,694.7,688.0,679.2,678.4,687.8,703.4,715.9,721.7,721.6,720.3,718.8,718.7,659.2,653.0,648.5,644.6,642.5,649.4,657.0,665.8,675.2,685.3,647.6,641.3,634.5,628.3,644.5,643.1,642.5,646.1,650.3,658.0,655.1,655.5,656.7,655.3,654.9,665.7,668.3,672.1,678.2,672.2,668.4,661.6,651.3,647.6,648.7,650.9,659.8,673.1,660.5,652.7,650.0,649.2,652.7,659.3,650.2,650.9,653.7,669.0,652.9,650.1,649.7,0.586,0.159,-0.224,0.008,268.518,183.548,-3.946,7.707,-11.496,15.642,3.919,4.79,-5.682,1.126,2.987,-3.945,-0.562,1.406,-0.13,-1.582,-0.253,-0.635,0.032,1.411,-1.304,-0.524,0.037,-0.269,-0.192,-0.422,0.151,-0.082,0.119,0.002,-0.116,-0.029,-0.014,-0.004,0.004,-0.007,0.3,0.14,0.0,0.67,0.0,0.0,0.0,0.0,0.0,0.38,0.0,0.0,0.0,0.0,0.0,0.0,0.0,0.0,1.0,0.0,1.0,0.0,0.0,0.0,0.0,0.0,0.0,0.0,0.0,0.0,0.0,0.0,0.0,1.0,0.0
PP133,g1,5192,0,0.975,0.191161,0.162719,-0.967977,0.036584,0.160918,-0.98629,0.116,0.164,245.5,246.7,249.9,253.0,254.4,253.3,249.9,246.8,241.2,243.2,246.0,249.5,252.9,255.5,257.3,255.2,252.3,249.1,246.0,243.2,248.5,249.9,251.3,251.9,251.3,249.9,248.5,248.0,282.8,283.7,286.4,289.4,290.8,289.9,287.2,284.0,279.8,281.7,284.3,287.6,290.5,292.5,293.8,292.7,290.8,288.2,285.2,282.2,285.5,286.8,288.0,288.4,287.7,286.4,285.2,284.8,159.8,156.6,155.2,156.5,159.7,163.2,164.3,163.0,161.3,159.5,158.3,157.7,158.3,159.8,161.8,162.9,163.3,163.5,163.3,162.6,161.2,161.8,161.2,159.8,158.4,157.9,158.4,159.9,159.0,155.9,154.5,155.6,158.6,161.8,163.2,162.3,161.2,159.1,157.5,156.8,157.2,158.3,160.0,161.4,162.2,162.5,162.5,162.2,160.3,160.8,160.2,158.9,157.5,157.0,157.6,159.0,-6.0,-4.3,-0.2,4.0,5.8,4.4,-0.1,-4.3,-11.8,-9.1,-5.3,-0.7,3.8,7.3,9.7,6.9,3.1,-1.1,-5.3,-9.0,-1.9,-0.1,1.7,2.5,1.7,-0.1,-2.0,-2.7,44.6,45.9,49.8,54.0,56.0,54.6,50.7,46.3,40.5,43.1,46.6,51.2,55.4,58.6,60.6,58.7,55.8,52.1,47.9,43.7,48.4,50.3,52.0,52.6,51.7,49.8,48.1,47.6,-36.8,-41.1,-42.9,-41.1,-36.9,-32.3,-30.8,-32.5,-35.0,-37.3,-38.7,-39.4,-38.6,-36.8,-34.2,-32.6,-32.0,-31.7,-32.0,-33.1,-34.9,-34.1,-34.9,-36.8,-38.6,-39.4,-38.6,-36.7,-38.7,-43.1,-45.2,-43.7,-39.5,-35.2,-33.1,-34.3,-35.7,-38.6,-40.7,-41.8,-41.4,-40.2,-38.1,-35.9,-34.7,-34.0,-34.0,-34.4,-37.1,-36.4,-37.3,-39.2,-41.0,-41.7,-40.8,-38.9,518.2,518.7,518.9,518.7,518.2,517.9,517.5,517.7,522.2,519.7,517.4,516.3,516.9,518.4,520.0,518.4,516.8,516.4,517.5,519.7,518.8,518.7,518.8,519.0,519.2,519.3,519.2,519.0,531.2,532.3,534.0,535.2,535.3,534.2,532.6,531.5,531.6,530.9,530.7,531.7,534.4,537.8,541.1,537.8,534.5,532.0,530.9,531.0,533.2,533.7,534.4,534.9,534.9,534.3,533.6,533.1,31.1,-6.0,659.8,0.162,-0.166,0.003,221.5,222.1,223.8,226.5,231.3,238.6,247.5,257.9,268.3,277.0,283.2,288.9,293.9,297.5,299.7,301.3,301.8,231.6,238.1,246.7,255.3,263.2,278.3,284.9,291.3,297.4,301.3,271.0,272.1,273.2,274.3,263.0,267.6,272.1,276.2,279.6,241.1,246.3,252.4,257.5,252.3,246.2,279.7,284.7,290.1,293.9,290.7,285.2,253.6,261.3,267.6,271.4,275.3,279.7,283.5,279.8,275.4,271.2,267.1,260.8,256.5,267.3,271.1,275.0,281.4,275.0,271.1,267.2,161.5,173.2,184.7,195.8,206.1,215.0,222.2,227.4,228.5,226.4,220.2,212.4,203.4,193.2,182.5,171.6,160.4,153.6,148.7,147.3,148.5,151.2,150.6,147.6,146.2,147.2,151.5,159.5,167.1,174.8,182.6,187.8,189.2,190.4,189.1,187.4,161.2,158.2,158.2,161.9,163.3,163.5,161.3,157.3,157.2,159.9,162.3,162.5,202.8,200.4,198.9,199.9,198.7,200.0,201.9,206.7,208.8,209.4,209.1,207.3,203.0,202.5,202.8,202.2,202.4,203.2,203.9,203.5,-50.4,-49.5,-46.7,-42.0,-33.5,-20.3,-4.3,13.8,31.8,47.4,59.8,71.3,81.0,87.6,91.6,94.4,95.2,-31.1,-19.9,-5.4,8.8,21.6,47.0,58.6,70.2,81.9,89.8,34.8,36.2,37.7,39.1,21.5,28.9,36.4,43.2,49.2,-15.0,-6.2,4.1,12.5,3.9,-6.4,50.6,59.2,69.0,76.2,69.9,60.2,6.0,18.8,29.2,35.4,42.0,50.2,57.7,50.4,42.4,35.3,28.4,18.1,11.0,28.7,35.2,41.9,53.8,41.8,35.1,28.6,-45.9,-25.4,-4.9,14.9,33.3,48.9,61.1,69.4,71.2,68.4,58.9,45.6,29.3,10.5,-9.1,-29.3,-49.7,-57.1,-64.8,-66.6,-64.3,-59.7,-61.3,-67.0,-70.2,-69.7,-63.1,-46.4,-33.4,-20.7,-7.9,0.4,2.8,4.8,2.6,-0.2,-44.2,-49.0,-49.1,-43.0,-40.5,-40.2,-44.5,-51.6,-52.0,-47.8,-43.3,-42.7,25.8,21.4,18.8,20.5,18.6,21.2,24.8,32.5,35.6,36.4,35.9,33.1,26.1,24.9,25.4,24.6,25.4,26.3,27.2,26.7,690.3,693.1,696.5,698.4,697.6,694.3,687.7,679.0,678.3,687.7,703.2,715.6,721.2,721.1,719.6,718.1,717.9,658.1,651.9,647.4,643.6,641.5,648.5,656.0,664.9,674.3,684.4,646.7,640.5,633.9,627.8,643.9,642.5,642.1,645.6,649.8,657.0,654.2,654.6,655.9,654.5,654.1,664.9,667.4,671.3,677.4,671.4,667.6,661.2,650.8,647.1,648.2,650.4,659.3,672.7,660.3,652.5,649.8,649.0,652.4,658.9,649.7,650.4,653.3,668.7,652.7,649.8,649.4,0.586,0.166,-0.225,0.012,268.379,183.808,-4.384,7.863,-11.204,15.43,4.087,4.282,-5.576,1.127,2.879,-3.738,-0.13,1.16,-0.029,-1.428,-0.352,-0.502,0.084,1.26,-1.257,-0.597,0.109,-0.319,-0.227,-0.443,0.147,-0.072,0.111,0.006,-0.108,-0.025,-0.012,-0.004,0.001,-0.006,0.41,0.24,0.0,0.7,0.0,0.0,0.06,0.0,0.0,0.22,0.0,0.0,0.0,0.0,0.0,0.0,0.0,0.0,1.0,0.0,1.0,0.0,0.0,0.0,0.0,0.0,0.0,0.0,0.0,0.0,0.0,0.0,0.0,1.0,0.0
PP133,g1,5198,0,0.975,0.190519,0.168956,-0.967035,0.036164,0.167231,-0.985254,0.116,0.171,245.4,246.7,249.8,252.9,254.3,253.2,249.8,246.7,241.1,243.1,245.9,249.4,252.8,255.4,257.2,255.1,252.2,249.0,245.9,243.2,248.5,249.8,251.2,251.8,251.2,249.8,248.4,247.9,282.7,283.6,286.4,289.3,290.8,289.9,287.1,283.9,279.7,281.6,284.3,287.5,290.4,292.5,293.7,292.6,290.7,288.2,285.2,282.1,285.4,286.7,287.9,288.3,287.7,286.4,285.2,284.8,160.2,157.0,155.7,157.0,160.1,163.6,164.7,163.4,161.7,159.9,158.7,158.2,158.7,160.2,162.2,163.3,163.8,164.0,163.8,163.1,161.7,162.3,161.7,160.3,158.9,158.3,158.9,160.3,159.4,156.3,154.8,156.0,159.0,162.2,163.6,162.7,161.6,159.5,157.9,157.2,157.6,158.6,160.4,161.8,162.5,162.9,162.9,162.6,160.7,161.2,160.6,159.2,157.9,157.4,158.0,159.4,-6.1,-4.4,-0.3,3.9,5.7,4.2,-0.2,-4.4,-11.9,-9.2,-5.4,-0.8,3.7,7.2,9.6,6.8,3.0,-1.3,-5.4,-9.1,-2.0,-0.2,1.6,2.3,1.6,-0.2,-2.1,-2.8,44.5,45.8,49.7,53.9,55.9,54.6,50.7,46.2,40.5,43.0,46.6,51.1,55.3,58.5,60.6,58.7,55.7,52.0,47.8,43.6,48.4,50.2,51.9,52.5,51.6,49.8,48.1,47.5,-36.2,-40.5,-42.3,-40.5,-36.3,-31.7,-30.2,-31.9,-34.5,-36.7,-38.1,-38.8,-38.0,-36.2,-33.7,-32.0,-31.4,-31.1,-31.4,-32.5,-34.3,-33.5,-34.3,-36.2,-38.1,-38.8,-38.0,-36.1,-38.2,-42.6,-44.6,-43.2,-39.0,-34.6,-32.6,-33.7,-35.2,-38.1,-40.2,-41.3,-40.9,-39.7,-37.6,-35.4,-34.1,-33.5,-33.5,-33.8,-36.5,-35.9,-36.8,-38.7,-40.5,-41.2,-40.3,-38.4,518.0,518.5,518.7,518.5,518.0,517.8,517.4,517.6,522.1,519.6,517.3,516.2,516.8,518.2,519.9,518.2,516.7,516.3,517.4,519.6,518.6,518.5,518.6,518.8,519.0,519.1,519.1,518.8,531.3,532.4,534.0,535.2,535.4,534.3,532.7,531.6,531.7,531.0,530.8,531.8,534.4,537.9,541.2,537.9,534.6,532.1,531.0,531.1,533.3,533.8,534.5,535.0,534.9,534.4,533.7,533.2,31.0,-5.3,659.3,0.171,-0.166,0.003,221.4,222.0,223.8,226.4,231.2,238.5,247.5,257.8,268.2,276.9,283.2,288.9,293.8,297.4,299.7,301.3,301.7,231.5,237.9,246.6,255.2,263.1,278.3,284.9,291.2,297.4,301.2,271.0,272.0,273.2,274.3,263.0,267.5,272.1,276.1,279.5,241.0,246.2,252.4,257.4,252.2,246.1,279.7,284.6,290.1,293.9,290.6,285.2,253.5,261.2,267.6,271.3,275.1,279.6,283.4,279.7,275.2,271.1,267.0,260.8,256.5,267.2,271.0,274.9,281.3,274.9,271.0,267.1,161.7,173.4,184.9,196.0,206.3,215.2,222.5,227.7,228.8,226.7,220.4,212.5,203.4,193.3,182.7,171.8,160.7,154.0,149.1,147.7,148.8,151.5,150.9,147.9,146.6,147.5,151.7,160.0,167.6,175.3,183.1,188.3,189.7,190.9,189.6,187.9,161.6,158.7,158.7,162.3,163.8,163.9,161.7,157.7,157.6,160.3,162.7,162.9,203.3,200.9,199.4,200.4,199.2,200.6,202.4,207.3,209.4,210.0,209.7,207.9,203.5,203.0,203.3,202.7,202.9,203.8,204.5,204.2,-50.4,-49.6,-46.7,-42.1,-33.5,-20.4,-4.5,13.6,31.7,47.3,59.7,71.2,80.9,87.4,91.4,94.2,94.9,-31.2,-20.1,-5.7,8.6,21.4,46.9,58.4,70.1,81.7,89.6,34.7,36.1,37.6,39.0,21.3,28.8,36.2,43.1,49.1,-15.1,-6.3,3.9,12.4,3.7,-6.6,50.4,59.0,68.8,76.0,69.7,60.0,6.0,18.7,29.1,35.3,41.8,50.0,57.5,50.2,42.2,35.1,28.2,18.0,10.9,28.6,35.0,41.6,53.5,41.6,34.9,28.4,-45.6,-25.1,-4.7,15.1,33.6,49.2,61.6,70.0,71.8,68.9,59.2,45.8,29.4,10.7,-8.9,-28.9,-49.3,-56.3,-64.0,-65.9,-63.6,-59.0,-60.6,-66.4,-69.6,-69.0,-62.5,-45.5,-32.5,-19.8,-7.0,1.3,3.7,5.6,3.4,0.6,-43.4,-48.2,-48.3,-42.2,-39.7,-39.4,-43.8,-50.8,-51.3,-47.1,-42.6,-42.0,26.7,22.4,19.8,21.5,19.5,22.1,25.6,33.5,36.6,37.4,37.0,34.1,27.0,25.8,26.3,25.5,26.3,27.3,28.2,27.7,689.4,692.4,696.1,698.2,697.4,694.2,687.8,679.2,678.5,687.8,703.1,715.4,720.7,720.3,718.7,717.1,716.8,657.1,650.8,646.2,642.4,640.3,647.4,655.0,663.8,673.3,683.4,645.8,639.7,633.1,627.1,643.5,642.1,641.6,645.1,649.2,656.1,653.1,653.6,654.9,653.5,653.1,664.0,666.5,670.3,676.6,670.6,666.7,660.9,650.5,646.7,647.9,650.1,659.0,672.4,660.2,652.5,649.8,649.0,652.3,658.6,649.5,650.2,653.0,668.4,652.5,649.7,649.2,0.587,0.176,-0.224,0.013,268.297,184.212,-4.915,8.4,-11.487,16.013,4.435,3.733,-5.675,1.349,3.166,-3.482,-0.455,1.308,0.123,-1.587,-0.404,-0.524,0.112,1.247,-1.379,-0.645,0.121,-0.335,-0.113,-0.443,0.116,-0.073,0.113,0.007,-0.111,-0.02,-0.019,-0.003,0.005,-0.007,0.45,0.0,0.0,0.68,0.0,0.0,0.0,0.0,0.0,0.3,0.0,0.0,0.0,0.0,0.0,0.0,0.0,0.0,1.0,0.0,1.0,0.0,0.0,0.0,0.0,0.0,0.0,0.0,0.0,0.0,0.0,0.0,0.0,1.0,0.0
PP133,g1,5204,0,0.975,0.192329,0.168706,-0.96672,0.037879,0.167305,-0.985177,0.117,0.17,245.2,246.5,249.7,252.8,254.2,253.1,249.7,246.6,241.0,242.9,245.8,249.3,252.7,255.3,257.1,255.0,252.1,248.9,245.8,243.0,248.3,249.7,251.1,251.7,251.1,249.7,248.3,247.8,282.6,283.5,286.3,289.3,290.7,289.8,287.1,283.9,279.7,281.6,284.2,287.5,290.4,292.4,293.7,292.6,290.6,288.1,285.1,282.0,285.4,286.7,287.9,288.3,287.6,286.3,285.1,284.7,160.4,157.2,155.8,157.1,160.3,163.8,164.9,163.6,161.9,160.1,158.9,158.3,158.9,160.4,162.4,163.6,164.0,164.2,164.0,163.3,161.9,162.5,161.9,160.5,159.1,158.5,159.1,160.5,159.6,156.4,155.0,156.1,159.2,162.3,163.7,162.9,161.8,159.7,158.1,157.3,157.7,158.8,160.5,161.9,162.7,163.1,163.0,162.8,160.9,161.4,160.8,159.4,158.0,157.5,158.2,159.6,-6.3,-4.6,-0.4,3.8,5.5,4.1,-0.4,-4.5,-12.0,-9.3,-5.6,-1.0,3.6,7.0,9.4,6.7,2.8,-1.4,-5.6,-9.3,-2.2,-0.4,1.4,2.2,1.4,-0.4,-2.2,-3.0,44.3,45.6,49.4,53.6,55.7,54.3,50.4,46.0,40.2,42.8,46.3,50.9,55.1,58.3,60.3,58.4,55.5,51.8,47.6,43.4,48.1,50.0,51.7,52.2,51.4,49.5,47.8,47.3,-35.8,-40.1,-41.9,-40.1,-35.9,-31.3,-29.8,-31.5,-34.1,-36.3,-37.7,-38.4,-37.6,-35.8,-33.3,-31.6,-31.0,-30.7,-31.0,-32.1,-33.9,-33.1,-33.9,-35.8,-37.7,-38.4,-37.6,-35.7,-37.9,-42.2,-44.3,-42.9,-38.7,-34.4,-32.3,-33.4,-34.9,-37.7,-39.9,-41.0,-40.7,-39.5,-37.3,-35.2,-33.9,-33.2,-33.2,-33.5,-36.2,-35.6,-36.5,-38.4,-40.2,-40.9,-40.0,-38.0,516.1,516.6,516.8,516.6,516.1,515.8,515.4,515.6,520.2,517.6,515.3,514.2,514.8,516.3,518.0,516.3,514.7,514.4,515.4,517.6,516.7,516.6,516.7,516.9,517.1,517.2,517.1,516.9,529.8,530.8,532.4,533.7,533.8,532.8,531.2,530.0,530.1,529.4,529.2,530.3,532.9,536.4,539.7,536.4,533.0,530.6,529.4,529.6,531.7,532.3,533.0,533.5,533.4,532.8,532.1,531.7,30.8,-4.9,658.9,0.173,-0.169,0.002,221.3,221.9,223.7,226.3,231.1,238.4,247.4,257.8,268.2,276.8,283.0,288.7,293.7,297.3,299.5,301.2,301.6,231.4,237.9,246.5,255.2,263.0,278.2,284.8,291.2,297.3,301.1,270.9,272.0,273.1,274.2,262.9,267.5,272.0,276.0,279.5,240.8,246.1,252.2,257.3,252.1,245.9,279.6,284.5,290.0,293.8,290.6,285.1,253.5,261.2,267.6,271.2,275.1,279.6,283.3,279.7,275.2,271.1,267.0,260.7,256.4,267.2,271.0,274.9,281.2,274.9,271.0,267.1,161.9,173.6,185.1,196.2,206.5,215.4,222.7,227.9,229.0,226.8,220.5,212.7,203.6,193.5,182.8,171.9,160.8,154.2,149.3,147.9,149.1,151.8,151.1,148.1,146.7,147.6,151.8,160.2,167.8,175.5,183.4,188.5,190.0,191.1,189.8,188.1,161.8,158.8,158.8,162.5,164.0,164.2,161.9,157.8,157.7,160.4,162.8,163.1,203.6,201.2,199.7,200.7,199.4,200.8,202.6,207.6,209.7,210.3,210.1,208.2,203.8,203.3,203.5,203.0,203.1,204.1,204.8,204.5,-50.5,-49.7,-46.9,-42.2,-33.7,-20.5,-4.6,13.5,31.6,47.1,59.4,70.9,80.5,87.1,91.1,93.8,94.6,-31.3,-20.1,-5.8,8.5,21.3,46.7,58.3,69.9,81.5,89.4,34.5,35.9,37.4,38.9,21.3,28.7,36.1,43.0,48.9,-15.4,-6.5,3.8,12.2,3.5,-6.8,50.3,58.8,68.6,75.8,69.6,59.9,5.9,18.6,29.1,35.2,41.7,49.9,57.4,50.1,42.1,35.1,28.2,17.9,10.8,28.5,34.9,41.5,53.4,41.5,34.9,28.4,-45.1,-24.6,-4.2,15.5,34.0,49.6,61.9,70.3,72.1,69.2,59.5,46.0,29.7,11.0,-8.6,-28.6,-48.9,-56.0,-63.6,-65.4,-63.1,-58.5,-60.2,-66.0,-69.2,-68.8,-62.3,-45.1,-32.2,-19.4,-6.6,1.7,4.0,5.9,3.7,1.0,-43.0,-47.9,-47.9,-41.8,-39.3,-39.0,-43.5,-50.6,-51.0,-46.9,-42.3,-41.7,27.2,22.7,20.1,21.8,19.9,22.4,26.0,33.9,37.1,38.0,37.5,34.6,27.5,26.2,26.7,25.8,26.7,27.7,28.7,28.2,688.4,691.5,695.2,697.4,696.8,693.7,687.4,678.9,678.2,687.5,702.8,715.1,720.4,720.0,718.3,716.6,716.3,656.2,649.9,645.4,641.7,639.7,646.8,654.4,663.2,672.7,682.8,645.2,639.1,632.6,626.6,642.9,641.6,641.2,644.6,648.8,655.4,652.5,652.9,654.3,652.9,652.5,663.5,665.9,669.8,676.1,670.1,666.2,660.4,650.0,646.2,647.4,649.6,658.6,672.0,659.9,652.2,649.5,648.7,651.9,658.2,649.0,649.8,652.6,668.0,652.1,649.3,648.8,0.587,0.178,-0.227,0.012,268.229,184.423,-5.169,8.191,-11.431,16.224,4.504,3.489,-5.689,1.66,3.138,-3.596,-0.17,1.253,0.12,-1.609,-0.478,-0.435,0.151,1.265,-1.237,-0.589,0.274,-0.312,-0.165,-0.376,0.093,-0.068,0.131,-0.002,-0.114,-0.021,-0.018,-0.001,0.002,-0.006,0.29,0.13,0.0,0.54,0.0,0.0,0.0,0.0,0.0,0.23,0.0,0.0,0.0,0.0,0.0,0.0,0.0,0.0,1.0,0.0,1.0,0.0,0.0,0.0,0.0,0.0,0.0,0.0,0.0,0.0,0.0,0.0,0.0,1.0,0.0
PP133,g1,5210,0,0.975,0.18955,0.16916,-0.96719,0.03595,0.167786,-0.985168,0.115,0.171,244.7,246.0,249.2,252.4,253.7,252.6,249.3,246.1,240.5,242.5,245.3,248.8,252.2,254.9,256.7,254.6,251.7,248.4,245.3,242.5,247.9,249.2,250.6,251.2,250.6,249.2,247.8,247.3,282.2,283.1,285.9,288.9,290.4,289.5,286.7,283.5,279.2,281.1,283.8,287.1,290.0,292.1,293.3,292.2,290.3,287.7,284.7,281.6,285.0,286.3,287.5,287.9,287.2,285.9,284.7,284.3,160.5,157.3,155.9,157.2,160.4,163.9,165.0,163.7,162.0,160.2,159.0,158.4,159.0,160.4,162.5,163.6,164.1,164.3,164.1,163.4,162.0,162.5,161.9,160.5,159.1,158.5,159.1,160.6,159.6,156.4,155.0,156.1,159.1,162.3,163.8,162.9,161.8,159.7,158.1,157.3,157.7,158.7,160.5,161.9,162.7,163.1,163.1,162.8,160.9,161.4,160.8,159.4,158.0,157.5,158.2,159.6,-6.9,-5.2,-1.1,3.1,4.9,3.5,-1.0,-5.2,-12.6,-10.0,-6.2,-1.6,2.9,6.4,8.8,6.1,2.2,-2.0,-6.2,-9.9,-2.8,-1.0,0.8,1.6,0.8,-1.0,-2.9,-3.6,43.5,44.8,48.7,52.8,54.9,53.6,49.7,45.2,39.5,42.0,45.5,50.1,54.3,57.5,59.5,57.7,54.7,51.0,46.8,42.6,47.4,49.2,50.9,51.5,50.6,48.7,47.0,46.5,-35.6,-39.9,-41.7,-39.9,-35.7,-31.1,-29.6,-31.3,-33.8,-36.1,-37.5,-38.2,-37.4,-35.6,-33.0,-31.4,-30.7,-30.4,-30.8,-31.9,-33.7,-32.9,-33.7,-35.6,-37.4,-38.2,-37.4,-35.5,-37.7,-42.0,-44.1,-42.7,-38.6,-34.2,-32.1,-33.2,-34.7,-37.5,-39.7,-40.8,-40.5,-39.3,-37.1,-35.0,-33.7,-33.0,-33.0,-33.3,-36.0,-35.4,-36.3,-38.2,-40.0,-40.7,-39.8,-37.8,514.4,514.8,515.0,514.8,514.3,514.1,513.7,513.9,518.5,515.9,513.6,512.5,513.1,514.5,516.1,514.5,512.9,512.6,513.7,515.9,514.9,514.8,514.9,515.1,515.3,515.4,515.4,515.2,527.1,528.2,529.8,531.0,531.2,530.2,528.5,527.4,527.5,526.8,526.6,527.6,530.2,533.7,537.0,533.7,530.4,527.9,526.8,526.9,529.1,529.6,530.3,530.8,530.7,530.2,529.5,529.0,30.2,-4.8,657.7,0.174,-0.165,-0.0,220.9,221.6,223.4,226.1,230.9,238.2,247.2,257.5,268.0,276.6,282.9,288.6,293.5,297.1,299.3,300.9,301.3,230.8,237.3,246.0,254.7,262.5,277.7,284.3,290.8,297.0,300.8,270.4,271.5,272.6,273.8,262.5,267.0,271.6,275.6,279.1,240.4,245.6,251.8,256.8,251.6,245.5,279.2,284.1,289.6,293.5,290.2,284.7,253.1,260.8,267.1,270.9,274.7,279.3,283.1,279.4,274.9,270.7,266.6,260.3,256.1,266.8,270.6,274.5,280.9,274.5,270.6,266.7,161.9,173.6,185.2,196.3,206.6,215.5,222.8,228.1,229.2,226.9,220.6,212.7,203.6,193.4,182.8,171.9,160.8,154.3,149.3,148.0,149.1,151.9,151.2,148.1,146.7,147.5,151.8,160.2,167.9,175.6,183.5,188.6,190.1,191.2,189.9,188.2,161.9,158.9,158.9,162.6,164.1,164.2,161.9,157.8,157.7,160.4,162.8,163.1,203.8,201.4,199.8,200.8,199.6,200.9,202.7,207.7,209.9,210.5,210.2,208.4,204.0,203.4,203.7,203.1,203.2,204.2,204.9,204.6,-51.2,-50.2,-47.3,-42.6,-34.0,-20.9,-5.0,13.1,31.2,46.8,59.1,70.6,80.1,86.6,90.5,93.2,93.9,-32.2,-21.1,-6.6,7.6,20.5,45.8,57.4,69.1,80.7,88.6,33.7,35.1,36.6,38.0,20.5,27.9,35.4,42.2,48.2,-16.2,-7.3,3.0,11.4,2.8,-7.6,49.5,58.0,67.8,75.1,68.8,59.1,5.3,17.9,28.3,34.5,41.0,49.2,56.8,49.5,41.5,34.4,27.5,17.2,10.2,27.8,34.2,40.9,52.8,40.9,34.2,27.7,-45.1,-24.6,-4.2,15.6,34.1,49.7,62.1,70.5,72.2,69.3,59.5,46.0,29.6,10.9,-8.6,-28.6,-48.9,-55.8,-63.4,-65.2,-62.9,-58.2,-60.0,-65.8,-69.1,-68.7,-62.3,-44.9,-32.0,-19.3,-6.5,1.9,4.2,6.1,3.9,1.1,-42.8,-47.7,-47.7,-41.6,-39.1,-38.8,-43.3,-50.5,-51.0,-46.8,-42.2,-41.6,27.5,23.0,20.3,22.0,20.1,22.6,26.2,34.1,37.3,38.1,37.7,34.8,27.7,26.4,26.9,26.0,26.8,27.9,28.9,28.3,687.8,691.0,694.7,696.9,696.2,693.1,686.7,678.1,677.2,686.5,701.7,713.9,719.1,718.5,716.8,715.1,714.7,655.4,649.0,644.3,640.4,638.4,645.3,652.8,661.7,671.3,681.5,643.9,637.8,631.3,625.3,641.8,640.5,640.0,643.4,647.5,654.6,651.5,651.9,653.2,652.0,651.6,662.2,664.6,668.5,674.8,668.8,664.9,659.5,648.9,645.1,646.2,648.4,657.3,670.8,658.6,651.0,648.4,647.5,650.9,657.2,647.9,648.6,651.4,666.7,650.9,648.1,647.7,0.588,0.18,-0.221,0.01,267.864,184.505,-4.699,8.51,-11.473,16.811,4.508,3.483,-5.896,1.777,3.269,-3.575,-0.252,1.155,-0.179,-1.404,-0.429,-0.329,0.137,1.306,-1.279,-0.669,0.206,-0.341,-0.195,-0.447,0.163,-0.107,0.131,0.004,-0.101,-0.024,-0.016,-0.006,0.003,-0.008,0.2,0.1,0.0,0.49,0.0,0.0,0.0,0.0,0.0,0.0,0.0,0.0,0.0,0.0,0.0,0.0,0.0,0.0,1.0,0.0,1.0,0.0,0.0,0.0,0.0,0.0,0.0,0.0,0.0,0.0,0.0,0.0,0.0,1.0,0.0
PP133,g1,5216,0,0.975,0.190398,0.171736,-0.966569,0.037775,0.171128,-0.984524,0.116,0.174,244.7,246.0,249.1,252.3,253.6,252.6,249.2,246.0,240.5,242.4,245.2,248.7,252.2,254.8,256.6,254.5,251.6,248.4,245.3,242.5,247.8,249.2,250.6,251.1,250.5,249.2,247.8,247.2,282.1,283.0,285.8,288.7,290.2,289.4,286.6,283.4,279.2,281.0,283.7,286.9,289.9,291.9,293.2,292.1,290.2,287.6,284.6,281.5,284.9,286.2,287.4,287.8,287.1,285.8,284.6,284.2,160.5,157.2,155.8,157.1,160.3,163.8,164.9,163.7,162.0,160.2,159.0,158.4,158.9,160.4,162.4,163.5,164.0,164.2,164.0,163.3,161.9,162.5,161.9,160.5,159.1,158.5,159.1,160.5,159.4,156.2,154.7,155.9,158.9,162.1,163.5,162.7,161.6,159.5,157.8,157.0,157.4,158.5,160.2,161.6,162.4,162.8,162.8,162.6,160.7,161.1,160.5,159.1,157.8,157.3,157.9,159.3,-7.0,-5.3,-1.2,3.0,4.8,3.4,-1.0,-5.2,-12.7,-10.0,-6.3,-1.7,2.9,6.3,8.8,6.0,2.1,-2.1,-6.2,-9.9,-2.9,-1.1,0.8,1.5,0.7,-1.1,-2.9,-3.7,43.5,44.8,48.6,52.8,54.9,53.6,49.7,45.2,39.5,42.0,45.5,50.0,54.3,57.5,59.5,57.6,54.7,51.0,46.8,42.6,47.4,49.2,50.9,51.4,50.5,48.7,47.0,46.5,-35.7,-40.0,-41.8,-40.1,-35.8,-31.2,-29.7,-31.4,-33.9,-36.2,-37.6,-38.3,-37.6,-35.8,-33.2,-31.6,-30.9,-30.6,-30.9,-32.0,-33.8,-33.0,-33.9,-35.7,-37.6,-38.4,-37.5,-35.7,-38.1,-42.4,-44.6,-43.1,-39.0,-34.6,-32.5,-33.6,-35.0,-37.9,-40.1,-41.3,-40.9,-39.8,-37.6,-35.4,-34.1,-33.4,-33.4,-33.7,-36.5,-35.8,-36.7,-38.7,-40.5,-41.1,-40.2,-38.3,515.3,515.8,516.0,515.7,515.2,515.0,514.6,514.9,519.5,516.9,514.6,513.4,514.0,515.4,517.1,515.5,513.9,513.6,514.7,516.9,515.9,515.8,515.9,516.1,516.3,516.4,516.3,516.1,528.6,529.6,531.2,532.5,532.6,531.6,530.0,528.8,529.0,528.2,528.0,529.0,531.7,535.2,538.5,535.2,531.8,529.4,528.3,528.4,530.5,531.1,531.8,532.3,532.2,531.6,530.9,530.5,30.2,-4.9,657.5,0.179,-0.168,-0.003,220.9,221.6,223.4,226.2,231.0,238.4,247.3,257.7,268.2,276.8,283.0,288.6,293.5,297.0,299.2,300.8,301.2,230.8,237.2,245.9,254.6,262.5,277.6,284.2,290.6,296.8,300.6,270.4,271.5,272.7,273.8,262.5,267.1,271.7,275.7,279.1,240.3,245.5,251.7,256.8,251.6,245.4,279.1,284.0,289.5,293.3,290.1,284.6,253.3,260.9,267.3,271.0,274.8,279.3,283.1,279.4,275.0,270.9,266.8,260.5,256.3,266.9,270.7,274.6,281.0,274.6,270.7,266.8,161.9,173.6,185.1,196.2,206.5,215.5,222.8,228.0,229.1,226.8,220.4,212.4,203.3,193.2,182.5,171.6,160.4,154.3,149.4,148.0,149.1,151.8,151.1,148.0,146.5,147.3,151.6,160.1,167.8,175.5,183.5,188.6,190.1,191.2,189.8,188.1,161.9,158.9,158.8,162.5,164.0,164.2,161.7,157.6,157.5,160.1,162.6,162.8,203.8,201.4,199.8,200.8,199.6,200.9,202.7,207.7,209.9,210.5,210.3,208.4,204.0,203.4,203.7,203.1,203.2,204.2,204.9,204.6,-51.2,-50.3,-47.3,-42.5,-33.8,-20.7,-4.7,13.4,31.5,47.0,59.2,70.5,80.0,86.4,90.3,93.0,93.6,-32.2,-21.2,-6.8,7.5,20.4,45.6,57.1,68.7,80.3,88.3,33.6,35.0,36.6,38.1,20.6,28.0,35.5,42.3,48.3,-16.2,-7.4,2.8,11.3,2.7,-7.6,49.3,57.8,67.6,74.8,68.6,58.9,5.6,18.2,28.5,34.7,41.2,49.3,56.8,49.6,41.7,34.6,27.8,17.5,10.5,28.0,34.4,41.0,52.9,41.0,34.4,27.9,-45.1,-24.6,-4.3,15.5,33.9,49.6,61.9,70.4,72.1,69.1,59.2,45.6,29.1,10.5,-9.1,-29.1,-49.5,-55.6,-63.3,-65.1,-62.9,-58.3,-60.1,-66.0,-69.4,-69.0,-62.6,-45.1,-32.1,-19.3,-6.5,1.8,4.2,6.1,3.8,1.0,-42.8,-47.7,-47.8,-41.8,-39.2,-38.8,-43.6,-50.8,-51.3,-47.2,-42.6,-41.9,27.6,23.1,20.4,22.0,20.1,22.5,26.0,34.0,37.3,38.1,37.7,34.9,27.8,26.4,26.9,26.0,26.7,27.8,28.9,28.4,687.0,690.3,694.2,696.5,695.9,692.8,686.5,678.0,677.2,686.5,701.7,713.8,719.0,718.4,716.6,714.8,714.3,654.7,648.3,643.6,639.7,637.8,644.8,652.3,661.2,670.7,681.0,643.3,637.3,630.8,624.9,641.5,640.1,639.6,643.1,647.2,653.9,650.8,651.3,652.6,651.4,651.0,661.6,664.0,667.9,674.2,668.2,664.4,659.2,648.6,644.9,646.0,648.2,657.1,670.5,658.5,651.0,648.3,647.5,650.7,656.9,647.7,648.4,651.2,666.5,650.8,648.0,647.6,0.589,0.184,-0.224,0.007,267.88,184.422,-4.918,8.467,-11.672,17.404,4.465,3.641,-5.382,2.025,3.682,-3.5,-0.374,1.111,-0.007,-1.501,-0.517,-0.209,0.135,1.313,-1.211,-0.677,0.223,-0.278,-0.147,-0.473,0.054,-0.068,0.103,0.009,-0.108,-0.017,-0.021,-0.005,0.004,-0.003,0.15,0.03,0.0,0.49,0.0,0.0,0.0,0.0,0.0,0.28,0.0,0.0,0.0,0.0,0.0,0.0,0.0,0.0,1.0,0.0,1.0,0.0,0.0,0.0,0.0,0.0,0.0,0.0,0.0,0.0,0.0,0.0,0.0,1.0,0.0
PP133,g1,5222,0,0.975,0.190912,0.172186,-0.966388,0.039609,0.171221,-0.984436,0.118,0.174,244.5,245.7,248.9,252.1,253.4,252.3,249.0,245.8,240.2,242.2,245.0,248.5,251.9,254.6,256.4,254.3,251.4,248.2,245.0,242.3,247.6,249.0,250.3,250.9,250.3,248.9,247.5,247.0,281.9,282.7,285.5,288.5,290.0,289.1,286.3,283.1,278.9,280.8,283.4,286.7,289.6,291.7,292.9,291.8,289.9,287.3,284.3,281.2,284.6,285.9,287.1,287.5,286.8,285.5,284.3,283.9,160.3,157.0,155.7,157.0,160.2,163.7,164.8,163.5,161.8,160.0,158.8,158.2,158.7,160.2,162.2,163.4,163.9,164.1,163.9,163.2,161.7,162.3,161.7,160.3,158.9,158.3,158.9,160.3,159.3,156.1,154.7,155.8,158.8,162.0,163.5,162.6,161.5,159.4,157.8,157.0,157.4,158.4,160.2,161.6,162.4,162.8,162.8,162.5,160.6,161.1,160.5,159.1,157.7,157.2,157.9,159.3,-7.3,-5.6,-1.5,2.7,4.5,3.1,-1.4,-5.5,-13.0,-10.3,-6.6,-2.0,2.6,6.0,8.4,5.7,1.8,-2.4,-6.5,-10.2,-3.2,-1.4,0.4,1.2,0.4,-1.4,-3.2,-4.0,43.0,44.3,48.2,52.4,54.4,53.1,49.2,44.7,39.0,41.5,45.1,49.6,53.8,57.0,59.0,57.2,54.2,50.5,46.3,42.2,46.9,48.7,50.4,51.0,50.1,48.3,46.6,46.0,-35.9,-40.2,-42.0,-40.3,-36.0,-31.4,-29.9,-31.6,-34.2,-36.4,-37.8,-38.5,-37.8,-36.0,-33.4,-31.8,-31.1,-30.8,-31.1,-32.2,-34.0,-33.2,-34.0,-35.9,-37.8,-38.5,-37.7,-35.9,-38.1,-42.5,-44.6,-43.2,-39.0,-34.6,-32.6,-33.7,-35.1,-38.0,-40.1,-41.3,-40.9,-39.8,-37.6,-35.4,-34.1,-33.4,-33.4,-33.7,-36.5,-35.9,-36.8,-38.7,-40.5,-41.1,-40.2,-38.3,514.8,515.3,515.4,515.2,514.7,514.5,514.1,514.4,519.0,516.4,514.1,512.9,513.5,514.9,516.6,515.0,513.4,513.1,514.2,516.4,515.4,515.3,515.4,515.6,515.8,515.9,515.8,515.6,527.8,528.8,530.4,531.7,531.9,530.8,529.2,528.1,528.2,527.4,527.2,528.3,530.9,534.4,537.7,534.4,531.1,528.6,527.5,527.6,529.8,530.3,531.0,531.5,531.4,530.8,530.1,529.7,29.6,-5.0,657.0,0.179,-0.169,-0.001,220.6,221.2,223.1,225.8,230.6,238.0,246.9,257.3,267.7,276.3,282.6,288.2,293.1,296.6,298.8,300.5,300.9,230.5,237.0,245.7,254.4,262.3,277.4,284.0,290.4,296.5,300.3,270.1,271.2,272.4,273.5,262.2,266.8,271.3,275.4,278.8,240.1,245.3,251.5,256.5,251.4,245.2,278.8,283.7,289.2,293.0,289.8,284.3,253.0,260.6,266.9,270.6,274.4,278.9,282.7,279.0,274.6,270.5,266.4,260.2,256.0,266.6,270.4,274.2,280.6,274.2,270.4,266.5,161.6,173.4,184.9,196.0,206.4,215.4,222.7,228.1,229.1,226.9,220.5,212.4,203.3,193.1,182.5,171.5,160.4,154.1,149.2,147.8,148.9,151.6,150.9,147.9,146.4,147.3,151.6,160.0,167.7,175.4,183.3,188.5,190.0,191.1,189.7,188.0,161.7,158.7,158.7,162.4,163.8,164.0,161.7,157.5,157.4,160.1,162.6,162.8,203.8,201.4,199.8,200.8,199.6,200.9,202.7,207.7,209.9,210.5,210.3,208.4,204.0,203.4,203.7,203.1,203.2,204.2,204.9,204.6,-51.7,-50.8,-47.8,-43.1,-34.4,-21.3,-5.5,12.6,30.7,46.2,58.4,69.7,79.2,85.6,89.5,92.2,92.9,-32.6,-21.6,-7.2,7.1,20.0,45.1,56.7,68.3,79.9,87.7,33.1,34.6,36.1,37.6,20.1,27.5,34.9,41.7,47.6,-16.6,-7.8,2.5,10.9,2.3,-8.0,48.8,57.3,67.1,74.2,68.0,58.3,5.0,17.6,27.9,34.1,40.5,48.6,56.0,48.9,41.0,34.0,27.2,16.9,10.0,27.4,33.8,40.3,52.1,40.3,33.8,27.3,-45.4,-25.0,-4.6,15.2,33.7,49.4,61.9,70.4,72.1,69.2,59.2,45.5,29.0,10.4,-9.2,-29.2,-49.5,-55.9,-63.6,-65.4,-63.1,-58.5,-60.3,-66.2,-69.5,-69.0,-62.6,-45.3,-32.3,-19.5,-6.7,1.7,4.0,5.9,3.7,0.9,-43.1,-48.0,-48.0,-42.0,-39.5,-39.1,-43.8,-50.9,-51.4,-47.3,-42.6,-42.0,27.5,23.0,20.3,22.0,20.0,22.5,26.1,34.1,37.3,38.2,37.7,34.8,27.7,26.4,26.9,26.0,26.8,27.9,28.9,28.4,686.5,689.8,693.6,695.9,695.2,692.2,685.9,677.5,676.8,686.0,701.2,713.2,718.4,717.8,716.0,714.1,713.6,654.2,647.7,643.0,639.2,637.2,644.3,651.8,660.8,670.3,680.6,642.8,636.8,630.3,624.3,640.9,639.6,639.1,642.6,646.7,653.3,650.3,650.7,652.1,650.8,650.4,661.2,663.6,667.5,673.8,667.8,664.0,658.6,648.1,644.4,645.5,647.7,656.6,669.9,658.0,650.5,647.9,647.0,650.2,656.3,647.2,648.0,650.7,665.9,650.3,647.5,647.0,0.589,0.184,-0.224,0.009,267.554,184.355,-5.354,8.814,-11.859,18.044,4.418,3.472,-5.302,1.801,3.803,-3.48,-0.446,1.019,-0.131,-1.623,-0.503,-0.368,0.205,1.288,-1.23,-0.685,0.235,-0.357,-0.213,-0.395,0.048,-0.058,0.119,0.0,-0.109,-0.018,-0.025,-0.0,0.004,-0.009,0.54,0.16,0.0,0.69,0.0,0.0,0.0,0.0,0.0,0.0,0.0,0.0,0.0,0.0,0.0,0.0,0.0,0.0,1.0,0.0,1.0,0.0,0.0,0.0,0.0,0.0,0.0,0.0,0.0,0.0,0.0,0.0,0.0,1.0,0.0
PP133,g1,5228,0,0.975,0.189954,0.173348,-0.966368,0.0397,0.172355,-0.984234,0.117,0.175,244.2,245.5,248.6,251.8,253.1,252.1,248.7,245.6,240.0,241.9,244.7,248.2,251.7,254.3,256.1,254.0,251.1,247.9,244.8,242.0,247.3,248.7,250.1,250.6,250.0,248.7,247.3,246.7,281.5,282.4,285.1,288.1,289.6,288.7,286.0,282.8,278.5,280.4,283.1,286.3,289.3,291.3,292.5,291.4,289.5,287.0,284.0,280.9,284.2,285.5,286.7,287.1,286.5,285.2,284.0,283.6,160.2,157.0,155.6,156.9,160.1,163.6,164.7,163.4,161.8,160.0,158.7,158.1,158.7,160.1,162.2,163.3,163.8,164.0,163.8,163.1,161.7,162.3,161.7,160.2,158.8,158.3,158.9,160.3,159.2,156.0,154.6,155.7,158.8,161.9,163.4,162.5,161.5,159.3,157.7,156.9,157.3,158.3,160.1,161.5,162.3,162.7,162.7,162.4,160.5,161.0,160.4,159.0,157.6,157.2,157.8,159.2,-7.7,-6.0,-1.8,2.4,4.1,2.7,-1.7,-5.9,-13.3,-10.7,-6.9,-2.4,2.2,5.7,8.1,5.3,1.5,-2.8,-6.9,-10.6,-3.6,-1.7,0.1,0.8,0.1,-1.8,-3.6,-4.3,42.7,44.0,47.8,52.0,54.0,52.7,48.9,44.4,38.7,41.2,44.7,49.2,53.5,56.6,58.7,56.8,53.9,50.2,46.0,41.8,46.5,48.4,50.1,50.6,49.7,47.9,46.2,45.7,-36.1,-40.4,-42.2,-40.5,-36.2,-31.6,-30.1,-31.8,-34.3,-36.5,-38.0,-38.7,-38.0,-36.2,-33.6,-32.0,-31.3,-30.9,-31.3,-32.3,-34.2,-33.4,-34.2,-36.1,-38.0,-38.7,-37.9,-36.0,-38.3,-42.7,-44.8,-43.4,-39.2,-34.8,-32.8,-33.9,-35.3,-38.2,-40.3,-41.5,-41.1,-40.0,-37.8,-35.7,-34.3,-33.6,-33.6,-33.9,-36.7,-36.1,-37.0,-38.9,-40.7,-41.3,-40.4,-38.5,516.6,517.0,517.2,517.0,516.5,516.3,515.9,516.1,520.8,518.2,515.8,514.7,515.3,516.7,518.3,516.7,515.2,514.8,515.9,518.2,517.2,517.1,517.1,517.3,517.5,517.6,517.6,517.4,528.9,529.9,531.6,532.8,533.0,532.0,530.4,529.2,529.3,528.6,528.4,529.4,532.1,535.5,538.9,535.6,532.2,529.8,528.6,528.7,530.9,531.5,532.2,532.6,532.5,532.0,531.3,530.8,29.2,-5.1,657.8,0.18,-0.167,-0.002,220.4,221.0,222.9,225.7,230.5,237.8,246.8,257.1,267.5,276.2,282.4,288.0,292.8,296.3,298.5,300.1,300.5,230.3,236.7,245.4,254.1,262.0,277.0,283.6,290.0,296.2,299.9,269.8,270.9,272.1,273.2,261.9,266.5,271.0,275.1,278.5,239.9,245.0,251.2,256.2,251.1,244.9,278.5,283.4,288.9,292.7,289.4,284.0,252.7,260.3,266.6,270.3,274.1,278.6,282.4,278.7,274.3,270.2,266.1,259.9,255.7,266.3,270.1,273.9,280.2,273.9,270.0,266.2,161.6,173.3,184.9,196.0,206.5,215.4,222.7,228.0,229.1,226.8,220.4,212.3,203.2,193.0,182.4,171.4,160.3,154.1,149.1,147.7,148.8,151.6,150.8,147.7,146.3,147.1,151.4,159.9,167.6,175.4,183.3,188.5,189.9,191.1,189.7,188.0,161.7,158.6,158.6,162.3,163.8,164.0,161.6,157.5,157.3,160.0,162.5,162.7,203.7,201.3,199.8,200.8,199.6,200.9,202.7,207.7,209.8,210.4,210.2,208.4,204.0,203.4,203.7,203.1,203.2,204.2,204.9,204.6,-52.1,-51.2,-48.2,-43.4,-34.7,-21.6,-5.7,12.4,30.4,46.0,58.2,69.4,78.8,85.1,89.0,91.7,92.4,-33.0,-22.0,-7.6,6.7,19.5,44.6,56.1,67.7,79.3,87.1,32.6,34.1,35.7,37.2,19.6,27.0,34.5,41.3,47.2,-17.0,-8.3,2.0,10.4,1.8,-8.4,48.3,56.8,66.5,73.7,67.5,57.8,4.6,17.2,27.5,33.6,40.0,48.1,55.5,48.4,40.4,33.5,26.7,16.5,9.6,27.0,33.3,39.8,51.6,39.8,33.3,26.8,-45.6,-25.0,-4.6,15.2,33.8,49.5,62.0,70.4,72.1,69.1,59.1,45.4,28.8,10.1,-9.4,-29.4,-49.7,-56.0,-63.7,-65.6,-63.4,-58.7,-60.5,-66.4,-69.8,-69.4,-63.0,-45.5,-32.4,-19.6,-6.7,1.6,4.0,5.9,3.6,0.8,-43.2,-48.1,-48.2,-42.1,-39.6,-39.2,-44.0,-51.1,-51.6,-47.5,-42.8,-42.2,27.4,23.0,20.3,22.0,20.0,22.5,26.0,34.0,37.2,38.1,37.6,34.8,27.7,26.4,26.8,25.9,26.7,27.8,28.8,28.3,687.4,690.7,694.7,697.0,696.2,693.1,686.8,678.3,677.6,686.8,701.9,713.9,719.0,718.3,716.5,714.5,714.0,655.0,648.6,643.9,640.1,638.1,645.1,652.5,661.4,670.9,681.2,643.6,637.6,631.1,625.2,641.8,640.5,639.9,643.4,647.5,654.1,651.1,651.6,652.9,651.7,651.3,661.9,664.3,668.1,674.4,668.5,664.6,659.5,649.0,645.3,646.4,648.6,657.4,670.7,658.7,651.3,648.7,647.9,651.0,657.1,648.1,648.8,651.6,666.7,651.2,648.4,647.9,0.588,0.184,-0.222,0.007,267.267,184.294,-6.028,9.235,-12.165,18.348,4.394,3.837,-5.126,1.696,3.616,-3.363,-0.47,0.893,-0.131,-1.59,-0.578,-0.284,0.177,1.448,-1.365,-0.586,0.199,-0.393,-0.106,-0.445,0.026,-0.023,0.093,-0.006,-0.105,-0.023,-0.025,-0.005,0.006,-0.007,0.39,0.25,0.0,0.81,0.0,0.0,0.0,0.0,0.0,0.3,0.0,0.0,0.0,0.0,0.0,0.0,0.0,0.0,1.0,0.0,1.0,0.0,0.0,0.0,0.0,0.0,0.0,0.0,0.0,0.0,0.0,0.0,0.0,1.0,0.0
PP133,g1,5234,0,0.975,0.186767,0.166865,-0.968129,0.037151,0.165379,-0.98553,0.114,0.168,243.8,245.1,248.2,251.4,252.7,251.7,248.3,245.2,239.6,241.6,244.4,247.8,251.3,253.9,255.7,253.6,250.7,247.5,244.4,241.6,246.9,248.3,249.7,250.2,249.6,248.3,246.9,246.3,281.1,282.0,284.7,287.7,289.2,288.3,285.6,282.3,278.1,280.0,282.7,285.9,288.8,290.9,292.1,291.0,289.1,286.6,283.6,280.5,283.8,285.1,286.3,286.7,286.1,284.8,283.6,283.2,160.2,157.0,155.7,156.9,160.1,163.6,164.7,163.4,161.8,160.0,158.8,158.1,158.7,160.2,162.2,163.3,163.8,164.0,163.8,163.1,161.7,162.3,161.7,160.3,158.9,158.3,158.9,160.3,159.3,156.1,154.7,155.8,158.9,162.0,163.5,162.6,161.5,159.4,157.8,157.0,157.4,158.5,160.2,161.6,162.4,162.8,162.8,162.5,160.6,161.1,160.5,159.1,157.8,157.3,157.9,159.3,-8.2,-6.5,-2.3,1.8,3.6,2.2,-2.2,-6.4,-13.9,-11.2,-7.5,-2.9,1.7,5.1,7.6,4.8,0.9,-3.3,-7.4,-11.1,-4.1,-2.3,-0.4,0.3,-0.5,-2.3,-4.1,-4.9,42.2,43.5,47.3,51.5,53.6,52.2,48.4,43.9,38.2,40.7,44.2,48.8,53.0,56.2,58.2,56.3,53.4,49.7,45.5,41.3,46.0,47.9,49.6,50.1,49.3,47.4,45.7,45.2,-36.1,-40.5,-42.3,-40.5,-36.3,-31.7,-30.2,-31.9,-34.4,-36.6,-38.1,-38.8,-38.1,-36.3,-33.7,-32.0,-31.4,-31.0,-31.4,-32.4,-34.3,-33.5,-34.3,-36.2,-38.1,-38.8,-38.0,-36.1,-38.2,-42.6,-44.7,-43.2,-39.1,-34.7,-32.7,-33.8,-35.2,-38.1,-40.2,-41.4,-41.0,-39.8,-37.7,-35.5,-34.2,-33.5,-33.5,-33.9,-36.6,-36.0,-36.9,-38.8,-40.6,-41.2,-40.3,-38.4,518.1,518.6,518.7,518.4,517.9,517.7,517.4,517.6,522.3,519.7,517.3,516.2,516.7,518.1,519.8,518.2,516.6,516.3,517.4,519.7,518.7,518.5,518.6,518.8,519.0,519.1,519.1,518.9,529.7,530.8,532.4,533.7,533.8,532.7,531.1,530.0,530.1,529.4,529.2,530.2,532.9,536.3,539.6,536.3,533.0,530.5,529.4,529.5,531.7,532.2,533.0,533.4,533.4,532.8,532.1,531.6,28.6,-5.1,658.9,0.17,-0.162,-0.003,220.2,220.8,222.7,225.4,230.3,237.6,246.5,256.8,267.2,275.9,282.1,287.8,292.6,296.0,298.2,299.8,300.3,230.0,236.4,245.0,253.6,261.4,276.6,283.2,289.6,295.7,299.6,269.3,270.4,271.5,272.7,261.5,266.0,270.6,274.6,278.0,239.5,244.7,250.8,255.8,250.7,244.5,278.1,283.0,288.5,292.3,289.0,283.6,252.3,259.9,266.2,269.8,273.6,278.2,282.0,278.3,273.9,269.8,265.7,259.5,255.3,265.8,269.6,273.5,279.9,273.5,269.6,265.8,161.8,173.5,185.1,196.2,206.6,215.6,222.9,228.1,229.2,226.9,220.6,212.6,203.5,193.4,182.7,171.8,160.7,154.1,149.1,147.8,148.9,151.6,150.9,147.9,146.5,147.3,151.6,159.9,167.6,175.3,183.3,188.4,189.9,191.0,189.7,187.9,161.7,158.7,158.6,162.3,163.8,164.0,161.6,157.6,157.5,160.2,162.6,162.8,203.7,201.2,199.7,200.7,199.5,200.8,202.6,207.5,209.6,210.2,210.0,208.2,203.9,203.3,203.6,203.0,203.1,204.0,204.7,204.4,-52.7,-51.7,-48.7,-43.9,-35.3,-22.1,-6.2,11.8,29.9,45.6,57.8,69.1,78.5,84.8,88.6,91.3,92.0,-33.7,-22.6,-8.3,5.9,18.7,44.0,55.5,67.1,78.7,86.6,32.0,33.4,34.9,36.4,18.9,26.3,33.7,40.6,46.5,-17.6,-8.9,1.3,9.8,1.2,-9.1,47.7,56.2,66.0,73.2,66.9,57.3,4.0,16.5,26.8,32.9,39.3,47.5,55.0,47.8,39.8,32.9,26.1,15.9,8.9,26.3,32.6,39.2,51.0,39.2,32.6,26.2,-45.4,-24.8,-4.3,15.6,34.2,49.9,62.3,70.6,72.3,69.4,59.5,46.0,29.5,10.8,-8.8,-28.7,-49.1,-56.2,-63.9,-65.7,-63.5,-58.8,-60.5,-66.3,-69.6,-69.2,-62.7,-45.6,-32.5,-19.7,-6.8,1.5,3.9,5.8,3.6,0.7,-43.3,-48.2,-48.3,-42.2,-39.7,-39.3,-43.9,-51.0,-51.5,-47.3,-42.8,-42.2,27.3,22.9,20.2,21.9,19.9,22.4,26.0,33.8,36.9,37.7,37.3,34.5,27.6,26.2,26.7,25.8,26.7,27.5,28.6,28.1,689.7,692.9,696.6,698.7,697.8,694.4,687.8,679.0,678.2,687.4,702.7,714.8,720.0,719.3,717.5,715.6,715.2,657.2,650.8,646.1,642.2,640.1,646.9,654.3,663.1,672.5,682.6,645.4,639.2,632.6,626.5,643.2,641.7,641.1,644.6,648.7,656.1,653.2,653.5,654.8,653.5,653.2,663.5,665.9,669.7,675.9,670.0,666.2,660.7,650.2,646.5,647.6,649.7,658.5,671.7,659.6,652.1,649.5,648.7,652.0,658.3,649.2,649.9,652.6,667.7,652.1,649.3,648.9,0.587,0.175,-0.216,0.006,266.887,184.336,-5.696,9.46,-12.154,17.924,3.893,4.435,-5.306,1.898,3.489,-3.685,-0.357,1.041,-0.255,-1.745,-0.299,-0.401,0.137,1.49,-1.317,-0.52,0.207,-0.292,-0.219,-0.5,0.087,-0.003,0.106,-0.013,-0.107,-0.025,-0.026,-0.006,0.009,-0.007,0.43,0.12,0.0,0.69,0.0,0.0,0.0,0.0,0.0,0.5,0.0,0.0,0.0,0.0,0.0,0.0,0.0,0.0,1.0,0.0,1.0,0.0,0.0,0.0,0.0,0.0,0.0,0.0,0.0,0.0,0.0,0.0,0.0,1.0,0.0
PP133,g1,5240,0,0.975,0.185404,0.167313,-0.968314,0.036315,0.166014,-0.985455,0.113,0.169,244.3,245.5,248.7,251.8,253.2,252.1,248.8,245.6,240.1,242.0,244.8,248.2,251.7,254.3,256.1,254.1,251.1,248.0,244.8,242.1,247.4,248.8,250.1,250.7,250.1,248.7,247.3,246.8,281.6,282.5,285.2,288.2,289.7,288.8,286.0,282.8,278.6,280.5,283.1,286.4,289.3,291.4,292.6,291.5,289.6,287.0,284.0,280.9,284.3,285.6,286.8,287.2,286.5,285.2,284.0,283.6,160.3,157.1,155.7,157.0,160.2,163.7,164.8,163.5,161.9,160.1,158.8,158.2,158.8,160.2,162.3,163.4,163.9,164.1,163.9,163.2,161.8,162.3,161.7,160.3,158.9,158.4,159.0,160.4,159.4,156.2,154.8,155.9,159.0,162.1,163.5,162.7,161.6,159.5,157.9,157.1,157.5,158.6,160.3,161.7,162.5,162.9,162.8,162.6,160.7,161.2,160.6,159.2,157.8,157.3,158.0,159.4,-7.6,-5.9,-1.8,2.4,4.2,2.8,-1.6,-5.8,-13.3,-10.6,-6.9,-2.3,2.2,5.7,8.2,5.4,1.5,-2.7,-6.8,-10.5,-3.5,-1.7,0.2,0.9,0.1,-1.7,-3.5,-4.3,42.8,44.1,47.9,52.1,54.2,52.8,48.9,44.5,38.8,41.3,44.8,49.4,53.6,56.8,58.8,56.9,54.0,50.3,46.1,41.9,46.6,48.5,50.2,50.7,49.8,48.0,46.3,45.8,-36.0,-40.3,-42.1,-40.4,-36.2,-31.5,-30.0,-31.8,-34.3,-36.5,-37.9,-38.6,-37.9,-36.1,-33.6,-31.9,-31.2,-30.9,-31.3,-32.3,-34.1,-33.4,-34.2,-36.1,-37.9,-38.7,-37.9,-36.0,-38.1,-42.5,-44.6,-43.1,-39.0,-34.6,-32.5,-33.7,-35.1,-38.0,-40.1,-41.3,-40.9,-39.7,-37.6,-35.4,-34.1,-33.4,-33.4,-33.7,-36.5,-35.8,-36.7,-38.7,-40.5,-41.1,-40.2,-38.3,517.8,518.2,518.3,518.1,517.6,517.4,517.0,517.3,522.0,519.4,517.0,515.8,516.4,517.8,519.4,517.8,516.3,516.0,517.1,519.4,518.3,518.2,518.3,518.5,518.7,518.8,518.7,518.5,529.3,530.4,532.0,533.3,533.4,532.4,530.7,529.6,529.7,529.0,528.8,529.8,532.5,536.0,539.2,535.9,532.6,530.2,529.0,529.2,531.3,531.9,532.6,533.0,533.0,532.4,531.7,531.3,29.3,-5.0,658.4,0.169,-0.161,-0.003,220.6,221.2,223.1,225.8,230.7,238.0,246.9,257.3,267.7,276.4,282.7,288.3,293.1,296.5,298.7,300.3,300.7,230.4,236.9,245.4,254.0,261.8,277.0,283.6,290.0,296.2,300.0,269.8,270.9,272.0,273.1,261.9,266.5,271.0,275.1,278.5,239.9,245.1,251.2,256.3,251.1,245.0,278.5,283.4,288.9,292.8,289.5,284.0,252.8,260.4,266.7,270.3,274.2,278.7,282.5,278.8,274.4,270.3,266.2,260.1,255.8,266.4,270.1,274.0,280.4,274.0,270.2,266.3,161.8,173.5,185.1,196.2,206.7,215.6,223.0,228.3,229.3,227.1,220.7,212.7,203.6,193.4,182.8,171.8,160.7,154.2,149.3,147.9,149.0,151.7,151.1,148.0,146.6,147.4,151.7,160.0,167.7,175.4,183.3,188.5,189.9,191.1,189.7,188.0,161.8,158.7,158.7,162.4,163.8,164.1,161.7,157.7,157.5,160.2,162.6,162.9,203.7,201.3,199.7,200.7,199.5,200.8,202.6,207.6,209.7,210.2,210.0,208.3,203.9,203.3,203.6,203.0,203.1,204.0,204.7,204.4,-51.9,-51.0,-48.0,-43.2,-34.5,-21.4,-5.5,12.7,30.8,46.4,58.7,70.0,79.4,85.6,89.5,92.1,92.8,-32.9,-21.9,-7.6,6.6,19.4,44.8,56.2,67.9,79.4,87.3,32.7,34.1,35.6,37.1,19.7,27.1,34.5,41.3,47.3,-16.9,-8.2,2.1,10.5,1.9,-8.4,48.4,57.0,66.7,73.9,67.7,58.0,4.8,17.3,27.6,33.7,40.1,48.3,55.8,48.6,40.7,33.7,26.9,16.8,9.8,27.2,33.5,40.0,51.9,40.0,33.5,27.0,-45.4,-24.8,-4.3,15.6,34.2,50.0,62.4,70.9,72.6,69.6,59.8,46.2,29.6,10.9,-8.7,-28.7,-49.1,-55.9,-63.7,-65.5,-63.2,-58.6,-60.3,-66.1,-69.4,-68.9,-62.5,-45.4,-32.3,-19.5,-6.7,1.6,4.0,5.9,3.7,0.8,-43.2,-48.0,-48.1,-42.1,-39.5,-39.2,-43.8,-50.8,-51.3,-47.2,-42.6,-42.0,27.4,22.9,20.2,21.9,19.9,22.4,26.0,33.8,36.9,37.8,37.4,34.6,27.6,26.3,26.7,25.8,26.7,27.6,28.6,28.1,689.2,692.4,696.2,698.2,697.4,694.0,687.4,678.6,677.8,687.1,702.4,714.6,719.8,719.1,717.2,715.2,714.6,656.6,650.2,645.6,641.7,639.6,646.4,653.8,662.6,671.9,682.0,644.9,638.7,632.1,626.0,642.7,641.2,640.6,644.1,648.3,655.6,652.7,653.0,654.3,653.0,652.7,663.1,665.5,669.3,675.4,669.5,665.7,660.2,649.6,645.9,647.0,649.1,657.9,671.1,658.9,651.4,648.8,648.0,651.3,657.8,648.6,649.3,652.0,667.1,651.4,648.7,648.3,0.588,0.175,-0.216,0.006,267.362,184.402,-5.009,9.426,-12.158,17.787,3.178,4.339,-5.26,2.046,3.416,-4.169,-0.488,0.973,-0.289,-1.763,-0.253,-0.486,0.14,1.542,-1.276,-0.504,0.207,-0.265,-0.219,-0.448,0.065,0.03,0.124,-0.017,-0.112,-0.033,-0.022,-0.013,0.001,-0.006,0.29,0.2,0.0,0.83,0.0,0.0,0.0,0.0,0.0,0.43,0.0,0.0,0.0,0.0,0.0,0.0,0.0,0.0,1.0,0.0,1.0,0.0,0.0,0.0,0.0,0.0,0.0,0.0,0.0,0.0,0.0,0.0,0.0,1.0,0.0
PP133,g1,5246,0,0.975,0.187684,0.174354,-0.966631,0.037885,0.172664,-0.984252,0.115,0.176,244.9,246.2,249.4,252.5,253.9,252.8,249.4,246.3,240.7,242.6,245.5,248.9,252.4,255.0,256.8,254.8,251.8,248.6,245.5,242.7,248.0,249.4,250.8,251.4,250.8,249.4,248.0,247.4,282.4,283.3,286.0,289.0,290.5,289.6,286.8,283.6,279.4,281.3,283.9,287.2,290.1,292.2,293.4,292.3,290.4,287.9,284.8,281.8,285.1,286.4,287.6,288.0,287.4,286.1,284.9,284.5,160.4,157.1,155.8,157.1,160.3,163.7,164.9,163.6,161.9,160.1,158.9,158.3,158.8,160.3,162.3,163.5,164.0,164.2,163.9,163.2,161.8,162.4,161.8,160.4,159.0,158.4,159.0,160.4,159.4,156.2,154.8,155.9,159.0,162.2,163.6,162.7,161.7,159.5,157.9,157.1,157.5,158.6,160.3,161.8,162.6,163.0,162.9,162.7,160.7,161.2,160.6,159.2,157.9,157.4,158.0,159.4,-6.7,-5.0,-0.8,3.3,5.1,3.7,-0.8,-4.9,-12.4,-9.7,-6.0,-1.4,3.2,6.6,9.1,6.3,2.4,-1.8,-5.9,-9.6,-2.6,-0.8,1.0,1.8,1.0,-0.8,-2.6,-3.4,43.7,45.0,48.9,53.0,55.1,53.7,49.9,45.4,39.7,42.2,45.8,50.3,54.5,57.7,59.7,57.8,54.9,51.2,47.0,42.8,47.6,49.4,51.1,51.7,50.8,48.9,47.2,46.7,-35.8,-40.1,-41.9,-40.2,-35.9,-31.3,-29.8,-31.5,-34.0,-36.3,-37.7,-38.4,-37.7,-35.9,-33.3,-31.6,-30.9,-30.6,-31.0,-32.1,-33.9,-33.1,-33.9,-35.8,-37.7,-38.4,-37.6,-35.7,-37.9,-42.3,-44.4,-42.9,-38.8,-34.4,-32.3,-33.5,-34.9,-37.8,-39.9,-41.1,-40.7,-39.5,-37.4,-35.2,-33.9,-33.2,-33.2,-33.5,-36.3,-35.6,-36.5,-38.5,-40.3,-40.9,-40.0,-38.1,514.8,515.2,515.4,515.1,514.6,514.4,514.1,514.3,518.9,516.3,514.0,512.8,513.4,514.8,516.5,514.9,513.3,513.0,514.1,516.4,515.3,515.2,515.3,515.5,515.7,515.8,515.7,515.6,527.2,528.2,529.9,531.1,531.3,530.3,528.7,527.5,527.6,526.9,526.7,527.7,530.4,533.9,537.2,533.9,530.5,528.1,526.9,527.0,529.2,529.8,530.5,530.9,530.8,530.3,529.6,529.1,30.3,-4.6,655.6,0.181,-0.166,0.001,221.1,221.7,223.5,226.2,231.0,238.3,247.2,257.6,268.2,276.8,283.1,288.7,293.5,297.0,299.3,301.0,301.4,231.0,237.5,246.2,254.9,262.7,277.9,284.5,290.8,297.0,300.8,270.6,271.7,272.9,274.0,262.7,267.2,271.8,275.8,279.2,240.6,245.8,251.9,257.0,251.8,245.6,279.3,284.3,289.8,293.6,290.3,284.8,253.4,261.0,267.3,271.0,274.8,279.3,283.1,279.4,274.9,270.8,266.8,260.5,256.4,266.9,270.7,274.6,280.9,274.6,270.7,266.9,161.7,173.4,185.0,196.2,206.6,215.7,223.1,228.4,229.5,227.2,220.8,212.7,203.5,193.4,182.8,171.8,160.7,154.1,149.1,147.8,149.0,151.7,151.1,147.9,146.5,147.3,151.5,160.1,167.9,175.6,183.6,188.8,190.2,191.4,190.0,188.3,161.8,158.8,158.8,162.4,163.9,164.1,161.8,157.7,157.5,160.2,162.7,162.9,204.2,201.8,200.2,201.2,200.0,201.3,203.2,208.2,210.3,210.9,210.7,208.8,204.4,203.8,204.1,203.5,203.7,204.7,205.3,205.0,-50.7,-49.8,-47.0,-42.3,-33.7,-20.6,-4.8,13.2,31.4,47.0,59.3,70.5,79.9,86.2,90.1,92.9,93.6,-31.7,-20.6,-6.3,7.9,20.7,45.9,57.4,68.9,80.5,88.3,33.9,35.3,36.8,38.2,20.8,28.1,35.5,42.3,48.3,-15.8,-7.0,3.2,11.6,3.0,-7.3,49.5,58.1,67.8,75.0,68.8,59.1,5.7,18.2,28.5,34.6,41.0,49.1,56.6,49.4,41.4,34.5,27.7,17.5,10.7,28.0,34.3,40.9,52.6,40.8,34.3,27.9,-45.3,-24.8,-4.4,15.4,34.0,49.8,62.3,70.8,72.6,69.6,59.6,45.9,29.4,10.8,-8.7,-28.6,-48.8,-55.8,-63.4,-65.2,-62.9,-58.2,-60.0,-65.8,-69.2,-68.8,-62.5,-45.0,-31.9,-19.1,-6.2,2.1,4.5,6.4,4.2,1.3,-42.9,-47.7,-47.8,-41.7,-39.2,-38.8,-43.4,-50.5,-51.1,-46.9,-42.3,-41.7,28.1,23.6,20.9,22.6,20.7,23.2,26.8,34.8,38.0,38.8,38.3,35.5,28.3,27.0,27.5,26.6,27.5,28.5,29.5,29.0,684.8,688.2,692.3,694.7,694.0,690.9,684.5,676.1,675.3,684.5,699.6,711.7,716.7,715.9,714.0,712.0,711.4,652.4,646.1,641.4,637.6,635.7,642.8,650.3,659.1,668.5,678.7,641.3,635.2,628.8,622.8,639.6,638.2,637.7,641.1,645.3,651.7,648.7,649.2,650.5,649.3,648.9,659.6,662.0,665.9,672.2,666.2,662.4,657.2,646.7,643.0,644.2,646.4,655.2,668.5,656.6,649.2,646.6,645.7,648.8,654.8,645.9,646.6,649.4,664.4,649.0,646.2,645.7,0.59,0.187,-0.222,0.011,267.997,184.597,-6.667,9.446,-12.592,18.706,4.258,3.591,-5.289,2.174,3.876,-2.967,-0.197,1.095,-0.188,-1.728,-0.694,-0.218,0.217,1.523,-1.452,-0.654,0.286,-0.403,-0.157,-0.454,0.035,-0.044,0.075,0.009,-0.108,-0.015,-0.029,-0.005,0.006,-0.005,0.31,0.12,0.0,0.68,0.0,0.0,0.0,0.0,0.0,0.0,0.0,0.0,0.0,0.0,0.0,0.0,0.0,0.0,1.0,0.0,1.0,0.0,0.0,0.0,0.0,0.0,0.0,0.0,0.0,0.0,0.0,0.0,0.0,1.0,0.0
PP133,g1,5252,0,0.925,0.179056,0.187599,-0.965788,0.028773,0.187598,-0.981824,0.106,0.19,245.5,246.9,250.1,253.2,254.5,253.4,250.0,246.8,241.2,243.2,246.1,249.6,253.1,255.7,257.5,255.4,252.4,249.2,246.0,243.2,248.6,250.0,251.4,252.0,251.4,250.1,248.7,248.1,283.0,283.9,286.7,289.7,291.2,290.3,287.5,284.2,279.9,281.9,284.5,287.9,290.8,292.9,294.1,293.0,291.1,288.5,285.4,282.3,285.7,287.0,288.3,288.7,288.0,286.7,285.5,285.1,160.6,157.3,156.0,157.4,160.6,164.1,165.2,163.8,162.1,160.2,159.0,158.5,159.1,160.7,162.8,163.9,164.3,164.5,164.2,163.5,162.1,162.7,162.1,160.7,159.3,158.7,159.3,160.7,159.9,156.7,155.3,156.4,159.5,162.7,164.2,163.3,162.2,160.0,158.4,157.6,158.0,159.1,160.9,162.3,163.2,163.6,163.5,163.3,161.3,161.8,161.1,159.7,158.4,157.9,158.5,159.9,-5.9,-4.1,0.1,4.2,5.9,4.4,-0.0,-4.2,-11.5,-8.9,-5.1,-0.6,4.0,7.5,9.8,7.0,3.1,-1.1,-5.2,-8.9,-1.8,0.0,1.8,2.6,1.9,0.1,-1.8,-2.5,44.0,45.3,49.2,53.4,55.4,54.0,50.2,45.7,40.0,42.5,46.0,50.6,54.8,58.0,60.0,58.1,55.1,51.4,47.3,43.1,47.9,49.7,51.4,52.0,51.1,49.3,47.6,47.0,-35.1,-39.4,-41.1,-39.3,-35.0,-30.5,-29.1,-30.9,-33.4,-35.7,-37.1,-37.7,-36.9,-35.0,-32.3,-30.8,-30.2,-29.9,-30.4,-31.4,-33.2,-32.4,-33.1,-35.0,-36.9,-37.7,-36.9,-35.0,-36.8,-41.1,-43.2,-41.8,-37.6,-33.3,-31.2,-32.3,-33.7,-36.6,-38.8,-40.0,-39.6,-38.4,-36.2,-34.0,-32.7,-32.0,-32.0,-32.4,-35.1,-34.5,-35.4,-37.3,-39.1,-39.8,-38.9,-37.0,509.6,510.1,510.2,509.9,509.3,509.1,508.7,509.0,513.8,511.2,508.8,507.6,508.2,509.5,511.1,509.5,508.0,507.7,508.8,511.1,510.1,509.9,510.0,510.2,510.5,510.6,510.5,510.3,521.4,522.4,524.0,525.3,525.5,524.5,522.9,521.7,521.8,521.0,520.8,521.8,524.5,528.0,531.3,528.0,524.7,522.3,521.1,521.3,523.4,523.9,524.6,525.1,525.0,524.4,523.7,523.3,30.7,-3.1,650.9,0.216,-0.155,0.008,221.6,222.1,224.0,226.9,231.9,239.2,247.8,257.9,268.3,277.0,283.3,289.0,294.0,297.6,300.0,301.7,302.2,231.9,238.3,246.9,255.6,263.3,278.7,285.3,291.7,297.8,301.4,271.4,272.3,273.3,274.3,263.1,267.5,272.0,276.0,279.4,241.1,246.4,252.6,257.7,252.4,246.1,279.9,284.9,290.5,294.3,291.0,285.4,253.6,260.8,267.5,271.1,274.8,279.6,283.0,279.3,274.5,270.4,266.2,259.9,256.5,267.1,270.8,274.6,280.7,274.3,270.5,266.6,161.2,173.2,185.1,196.6,207.3,216.6,224.3,229.9,231.1,228.6,221.7,213.2,203.8,193.8,183.3,172.4,161.3,154.1,149.1,147.8,149.0,152.0,151.4,148.3,146.8,147.7,151.9,160.7,168.4,176.0,183.9,189.1,190.5,191.7,190.4,188.7,162.0,158.9,159.0,162.9,164.3,164.4,162.4,158.2,158.0,160.8,163.3,163.5,205.2,202.0,200.2,201.3,200.1,201.8,204.5,211.3,214.2,214.8,214.5,211.7,205.4,204.0,204.3,203.8,205.0,208.0,208.7,208.4,-49.3,-48.7,-45.7,-40.8,-32.0,-19.1,-3.8,13.7,31.5,47.1,59.3,70.5,79.8,86.1,90.2,93.0,93.7,-29.9,-19.1,-5.1,9.0,21.4,46.8,58.1,69.7,81.0,88.3,34.7,35.9,37.1,38.4,21.3,28.4,35.6,42.3,48.2,-14.7,-5.9,4.3,12.6,4.0,-6.3,49.9,58.5,68.3,75.4,69.2,59.4,5.9,17.7,28.5,34.5,40.7,49.2,56.1,49.1,40.6,33.7,26.8,16.4,10.8,28.0,34.2,40.5,52.0,40.3,33.8,27.3,-45.7,-24.9,-4.1,16.0,35.0,51.2,64.2,73.2,75.2,71.7,60.9,46.4,29.6,11.3,-7.6,-27.2,-47.1,-55.2,-62.8,-64.5,-62.1,-57.2,-58.7,-64.6,-67.9,-67.4,-61.2,-43.6,-30.8,-18.4,-5.7,2.6,4.9,6.8,4.7,2.0,-42.1,-46.9,-46.8,-40.5,-38.2,-38.0,-42.0,-49.2,-49.7,-45.5,-40.8,-40.2,29.7,23.9,20.8,22.6,20.7,23.8,28.8,39.8,44.3,45.1,44.6,40.2,29.9,27.1,27.6,26.9,29.5,34.1,35.1,34.4,677.8,682.3,687.2,690.0,689.8,687.4,682.2,675.0,674.3,682.6,695.7,705.6,708.7,706.7,704.1,702.6,702.0,644.5,638.6,633.9,630.2,628.7,636.1,643.6,652.3,661.7,671.7,634.6,629.0,623.1,617.6,634.1,633.1,632.7,635.8,639.6,644.9,641.8,642.3,643.7,642.8,642.4,652.8,655.0,658.9,665.4,659.5,655.7,653.8,642.2,637.5,638.7,640.8,650.0,663.8,654.7,648.5,646.2,645.2,647.3,651.8,641.2,641.8,644.4,660.5,647.5,644.9,644.3,0.595,0.222,-0.208,0.02,268.358,185.407,-18.946,14.495,-6.101,23.945,6.249,-5.473,-1.5,3.122,5.439,-3.87,0.659,0.177,0.942,-1.923,-1.098,0.185,1.696,1.615,-2.003,-0.104,0.375,-0.201,-0.052,-0.229,0.064,0.162,0.294,0.002,-0.061,0.007,-0.04,0.003,0.005,0.004,0.56,0.3,0.0,0.87,0.0,0.0,0.0,0.0,0.0,0.0,0.0,0.0,0.0,0.0,0.38,0.0,0.0,0.0,1.0,0.0,1.0,0.0,0.0,0.0,0.0,0.0,0.0,1.0,0.0,0.0,0.0,1.0,1.0,1.0,0.0
PP133,g1,5258,0,0.975,0.185072,0.177384,-0.966583,0.038688,0.175107,-0.983789,0.114,0.179,246.4,247.8,250.9,254.1,255.4,254.3,250.9,247.7,242.2,244.2,247.0,250.5,253.9,256.6,258.4,256.3,253.3,250.1,247.0,244.2,249.5,250.9,252.3,252.9,252.3,250.9,249.5,249.0,283.8,284.8,287.5,290.5,291.9,291.0,288.2,285.0,280.8,282.7,285.4,288.7,291.6,293.6,294.8,293.7,291.8,289.3,286.2,283.2,286.5,287.8,289.0,289.4,288.8,287.5,286.3,285.9,160.7,157.4,156.1,157.4,160.7,164.1,165.2,163.9,162.2,160.3,159.2,158.6,159.2,160.7,162.8,163.9,164.3,164.5,164.3,163.5,162.2,162.8,162.2,160.8,159.3,158.8,159.3,160.8,160.1,157.0,155.6,156.7,159.8,163.0,164.4,163.5,162.3,160.2,158.6,157.9,158.3,159.4,161.2,162.6,163.4,163.8,163.7,163.4,161.5,162.0,161.4,160.0,158.6,158.1,158.7,160.1,-4.7,-2.9,1.2,5.4,7.1,5.6,1.2,-3.0,-10.4,-7.7,-3.9,0.6,5.2,8.6,11.0,8.2,4.3,0.1,-4.0,-7.7,-0.6,1.2,3.0,3.8,3.1,1.2,-0.6,-1.4,45.6,47.0,50.9,55.0,57.0,55.6,51.7,47.2,41.5,44.1,47.7,52.2,56.4,59.6,61.6,59.7,56.7,53.0,48.8,44.7,49.4,51.2,53.0,53.6,52.7,50.9,49.2,48.6,-35.3,-39.6,-41.3,-39.6,-35.3,-30.7,-29.2,-31.0,-33.6,-35.8,-37.2,-37.9,-37.1,-35.3,-32.6,-31.0,-30.4,-30.1,-30.5,-31.6,-33.4,-32.6,-33.4,-35.2,-37.1,-37.9,-37.1,-35.2,-36.9,-41.2,-43.3,-41.8,-37.6,-33.3,-31.3,-32.4,-33.9,-36.8,-38.9,-40.0,-39.6,-38.4,-36.2,-34.0,-32.7,-32.1,-32.1,-32.5,-35.2,-34.6,-35.4,-37.4,-39.2,-39.8,-38.9,-37.0,513.8,514.3,514.4,514.2,513.7,513.5,513.1,513.3,518.0,515.4,513.1,511.9,512.5,513.9,515.5,513.9,512.4,512.1,513.2,515.4,514.4,514.3,514.4,514.5,514.8,514.9,514.8,514.6,526.6,527.6,529.3,530.6,530.8,529.7,528.1,526.9,526.9,526.2,526.1,527.1,529.8,533.3,536.6,533.3,530.0,527.5,526.3,526.4,528.6,529.2,529.9,530.3,530.3,529.7,529.0,528.5,32.1,-3.1,652.5,0.186,-0.167,0.013,222.3,222.8,224.5,227.2,232.0,239.2,247.9,258.2,268.7,277.4,283.7,289.3,294.2,297.8,300.2,302.1,302.7,232.7,239.2,247.9,256.6,264.4,279.6,286.2,292.5,298.6,302.3,272.2,273.2,274.3,275.3,263.9,268.4,272.9,276.9,280.4,242.1,247.3,253.5,258.5,253.3,247.1,280.8,285.7,291.3,295.0,291.7,286.2,254.5,262.0,268.3,272.0,275.8,280.2,283.7,280.1,275.6,271.6,267.5,261.4,257.5,267.9,271.7,275.5,281.6,275.4,271.6,267.7,161.6,173.6,185.4,196.7,207.4,216.7,224.3,229.9,231.0,228.8,222.3,214.0,204.7,194.5,183.9,172.8,161.6,154.3,149.3,148.0,149.3,152.2,151.7,148.6,147.3,148.1,152.5,160.7,168.5,176.3,184.3,189.5,191.0,192.2,190.9,189.2,162.1,159.1,159.1,162.9,164.3,164.5,162.5,158.4,158.3,161.1,163.5,163.7,205.3,202.6,201.0,202.1,200.9,202.4,204.7,209.9,212.1,212.7,212.4,210.3,205.5,204.7,205.0,204.5,205.1,206.3,206.9,206.5,-48.1,-47.6,-44.9,-40.3,-31.9,-19.0,-3.6,14.2,32.2,47.8,60.0,71.2,80.6,87.1,91.3,94.3,95.3,-28.8,-17.7,-3.5,10.6,23.3,48.4,59.9,71.4,82.9,90.4,36.3,37.5,38.9,40.2,22.7,29.9,37.2,44.0,49.9,-13.2,-4.4,5.8,14.1,5.5,-4.8,51.7,60.2,70.0,77.0,70.8,61.1,7.6,19.8,30.0,36.1,42.4,50.4,57.4,50.4,42.5,35.6,28.8,18.8,12.6,29.5,35.7,42.1,53.5,42.0,35.5,29.2,-45.0,-24.4,-3.8,16.3,35.2,51.3,64.2,73.0,75.0,72.1,62.0,48.1,31.5,12.8,-6.6,-26.6,-46.9,-55.1,-62.7,-64.4,-61.9,-57.2,-58.7,-64.4,-67.6,-67.1,-60.6,-43.8,-30.7,-17.9,-5.0,3.2,5.6,7.6,5.5,2.8,-42.1,-46.9,-46.9,-40.7,-38.3,-38.1,-42.1,-49.1,-49.5,-45.2,-40.6,-40.2,29.8,24.9,22.1,23.9,22.1,24.9,29.2,37.6,40.8,41.5,40.9,37.7,30.0,28.3,28.9,28.2,29.8,31.0,32.0,31.3,680.1,683.9,688.2,690.8,690.1,687.2,681.2,673.3,672.7,681.9,696.6,708.2,712.8,711.8,709.7,707.6,706.9,648.0,641.9,637.4,633.9,632.3,639.7,647.2,655.9,665.4,675.6,637.9,632.0,625.7,619.9,636.3,635.1,634.6,638.1,642.2,647.6,644.8,645.4,646.7,645.5,645.0,656.2,658.6,662.5,668.8,662.9,659.1,653.7,643.3,639.7,640.9,643.1,651.8,664.9,653.8,647.0,644.3,643.4,646.0,651.4,642.7,643.5,646.2,661.0,646.5,643.7,643.2,0.594,0.194,-0.226,0.024,269.141,185.492,-11.239,10.983,-12.445,21.228,3.996,1.881,-3.865,1.715,4.545,-3.949,-0.006,0.628,0.086,-1.587,-0.436,-0.063,0.577,1.666,-1.548,-0.689,0.134,-0.396,0.009,-0.529,0.029,0.011,0.184,-0.009,-0.083,-0.012,-0.023,-0.004,0.003,-0.008,0.13,0.14,0.0,1.17,0.0,0.0,0.0,0.0,0.0,0.01,0.0,0.0,0.0,0.0,0.0,0.06,0.0,0.0,1.0,0.0,1.0,0.0,0.0,0.0,0.0,0.0,0.0,0.0,0.0,0.0,0.0,0.0,1.0,1.0,0.0
PP133,g1,5264,0,0.975,0.178188,0.187116,-0.966042,0.02944,0.185712,-0.982163,0.106,0.189,246.4,247.8,251.0,254.1,255.4,254.3,250.9,247.7,242.2,244.2,247.0,250.5,254.0,256.6,258.4,256.2,253.3,250.1,246.9,244.2,249.5,250.9,252.3,252.9,252.3,251.0,249.6,249.0,283.8,284.8,287.6,290.5,292.0,291.1,288.3,285.0,280.8,282.7,285.4,288.7,291.7,293.7,294.9,293.8,291.8,289.3,286.3,283.2,286.6,287.9,289.1,289.5,288.9,287.6,286.3,285.9,160.5,157.3,155.9,157.3,160.5,164.0,165.1,163.7,162.0,160.1,159.0,158.4,159.1,160.6,162.7,163.8,164.2,164.3,164.0,163.3,162.0,162.6,162.0,160.6,159.2,158.6,159.2,160.6,160.0,156.8,155.4,156.6,159.7,162.8,164.3,163.3,162.2,160.1,158.5,157.7,158.2,159.3,161.0,162.4,163.2,163.6,163.5,163.3,161.3,161.9,161.2,159.8,158.5,158.0,158.6,160.0,-4.7,-2.9,1.3,5.4,7.1,5.6,1.2,-3.0,-10.4,-7.7,-3.9,0.6,5.2,8.6,11.0,8.2,4.3,0.1,-4.0,-7.7,-0.6,1.2,3.0,3.8,3.1,1.3,-0.6,-1.3,45.5,46.8,50.7,54.9,56.9,55.5,51.6,47.1,41.4,43.9,47.5,52.1,56.3,59.5,61.5,59.6,56.6,52.9,48.7,44.5,49.3,51.1,52.8,53.4,52.6,50.8,49.0,48.4,-35.6,-39.8,-41.6,-39.7,-35.4,-30.9,-29.5,-31.3,-33.9,-36.1,-37.5,-38.1,-37.3,-35.4,-32.7,-31.2,-30.6,-30.4,-30.8,-31.9,-33.6,-32.8,-33.5,-35.4,-37.3,-38.1,-37.3,-35.5,-36.9,-41.3,-43.3,-41.9,-37.7,-33.3,-31.3,-32.5,-34.0,-36.8,-38.9,-40.0,-39.6,-38.4,-36.2,-34.1,-32.8,-32.1,-32.2,-32.6,-35.3,-34.6,-35.5,-37.4,-39.2,-39.9,-39.0,-37.1,513.7,514.2,514.4,514.1,513.5,513.3,512.9,513.2,517.9,515.3,513.0,511.8,512.4,513.7,515.3,513.7,512.2,511.9,513.0,515.3,514.3,514.1,514.2,514.4,514.7,514.8,514.7,514.5,524.8,525.8,527.4,528.7,528.9,527.9,526.3,525.1,525.2,524.4,524.3,525.3,527.9,531.4,534.7,531.4,528.1,525.7,524.5,524.7,526.8,527.4,528.1,528.5,528.4,527.9,527.2,526.7,31.9,-3.1,651.9,0.208,-0.155,0.013,222.5,222.9,224.7,227.4,232.3,239.5,248.2,258.3,268.7,277.4,283.8,289.6,294.5,298.1,300.6,302.4,302.9,232.9,239.4,247.9,256.5,264.3,279.7,286.2,292.6,298.7,302.3,272.3,273.1,274.1,275.1,263.8,268.2,272.7,276.8,280.2,242.1,247.3,253.5,258.5,253.3,247.1,280.7,285.7,291.3,295.1,291.8,286.2,253.9,261.3,268.0,271.7,275.6,280.3,283.8,280.0,275.2,271.0,266.8,260.4,256.8,267.6,271.4,275.3,281.5,275.0,271.1,267.1,161.1,173.2,185.1,196.6,207.4,216.8,224.5,230.1,231.4,228.9,222.0,213.5,204.1,194.0,183.5,172.5,161.4,153.9,149.0,147.8,149.1,152.0,151.5,148.4,147.1,147.9,152.2,160.6,168.4,176.1,184.1,189.2,190.6,191.9,190.6,188.9,161.9,158.9,159.0,162.8,164.1,164.2,162.4,158.3,158.2,161.0,163.4,163.6,205.0,202.0,200.3,201.4,200.3,201.9,204.4,210.8,213.6,214.1,213.8,211.2,205.2,204.1,204.4,203.9,204.9,207.5,208.2,207.8,-47.8,-47.3,-44.6,-39.9,-31.3,-18.4,-3.2,14.3,32.3,48.0,60.3,71.6,80.9,87.3,91.4,94.3,95.1,-28.3,-17.4,-3.4,10.6,23.0,48.4,59.8,71.3,82.7,90.0,36.3,37.3,38.5,39.7,22.4,29.6,36.8,43.7,49.6,-13.1,-4.4,5.8,14.1,5.4,-4.8,51.5,60.1,69.9,76.9,70.7,61.0,6.5,18.6,29.4,35.6,42.0,50.5,57.5,50.3,41.8,34.7,27.7,17.3,11.4,28.9,35.2,41.8,53.4,41.5,34.8,28.2,-45.9,-25.0,-4.2,16.1,35.2,51.5,64.7,73.7,75.7,72.4,61.6,47.0,30.2,11.7,-7.3,-27.0,-46.9,-55.5,-63.0,-64.6,-62.2,-57.3,-58.8,-64.5,-67.7,-67.2,-60.9,-43.8,-30.9,-18.2,-5.4,2.7,5.1,7.1,5.0,2.2,-42.4,-47.1,-47.0,-40.8,-38.5,-38.4,-42.1,-49.1,-49.5,-45.3,-40.8,-40.3,29.3,23.9,21.0,22.8,21.0,24.0,28.8,39.1,43.3,44.1,43.5,39.3,29.6,27.3,27.9,27.2,29.5,33.1,34.1,33.5,678.9,683.2,688.0,690.9,690.4,687.9,682.5,674.9,674.2,682.8,696.4,706.7,710.0,708.0,705.4,703.7,703.1,645.8,640.0,635.5,632.0,630.4,637.9,645.3,653.9,663.2,673.1,636.2,630.5,624.6,619.1,635.5,634.3,633.9,637.1,641.0,646.0,643.2,643.7,645.0,644.0,643.6,654.3,656.6,660.4,666.7,660.9,657.1,654.5,643.2,638.9,640.0,642.2,651.3,664.8,655.1,648.6,646.1,645.1,647.5,652.5,642.3,642.9,645.7,661.4,647.8,645.1,644.5,0.594,0.215,-0.21,0.025,269.07,185.412,-18.717,14.279,-7.159,22.454,4.79,-2.546,-2.796,2.043,4.655,-4.073,0.69,0.343,0.569,-1.502,-0.709,0.171,1.249,1.826,-1.785,-0.542,0.247,-0.284,0.107,-0.326,-0.052,0.05,0.302,-0.019,-0.068,-0.004,-0.023,0.002,0.003,-0.001,0.63,0.35,0.0,0.75,0.0,0.0,0.0,0.0,0.0,0.0,0.0,0.0,0.0,0.0,0.31,0.0,0.0,0.0,1.0,0.0,1.0,0.0,0.0,0.0,0.0,0.0,0.0,0.0,0.0,0.0,0.0,1.0,1.0,1.0,0.0
PP133,g1,5270,0,0.975,0.184943,0.172578,-0.967478,0.037231,0.170979,-0.984571,0.113,0.174,246.5,247.8,251.0,254.1,255.5,254.4,251.0,247.8,242.3,244.2,247.1,250.5,254.0,256.6,258.4,256.3,253.4,250.2,247.0,244.3,249.6,251.0,252.4,252.9,252.4,251.0,249.6,249.0,283.9,284.8,287.5,290.5,291.9,291.0,288.3,285.0,280.8,282.8,285.4,288.7,291.6,293.6,294.8,293.7,291.8,289.3,286.3,283.2,286.6,287.9,289.1,289.5,288.8,287.5,286.3,285.9,160.3,157.0,155.7,157.0,160.2,163.7,164.8,163.5,161.8,160.0,158.8,158.2,158.8,160.3,162.3,163.5,163.9,164.1,163.9,163.2,161.8,162.3,161.7,160.3,158.9,158.4,158.9,160.4,159.6,156.4,155.0,156.2,159.2,162.4,163.8,162.9,161.8,159.7,158.1,157.3,157.8,158.8,160.6,162.0,162.8,163.2,163.1,162.8,160.9,161.4,160.8,159.4,158.1,157.6,158.2,159.6,-4.6,-2.9,1.3,5.5,7.2,5.7,1.3,-2.9,-10.3,-7.6,-3.9,0.7,5.2,8.7,11.1,8.3,4.4,0.2,-3.9,-7.6,-0.5,1.3,3.1,3.9,3.1,1.3,-0.5,-1.3,45.7,47.0,50.9,55.1,57.1,55.7,51.8,47.3,41.6,44.2,47.8,52.3,56.5,59.7,61.7,59.8,56.8,53.1,48.9,44.8,49.5,51.3,53.0,53.6,52.8,51.0,49.2,48.7,-35.9,-40.1,-41.9,-40.2,-35.9,-31.3,-29.8,-31.6,-34.2,-36.4,-37.8,-38.5,-37.7,-35.9,-33.2,-31.6,-31.0,-30.7,-31.1,-32.2,-33.9,-33.2,-33.9,-35.8,-37.7,-38.5,-37.7,-35.8,-37.7,-42.0,-44.1,-42.6,-38.4,-34.1,-32.1,-33.2,-34.7,-37.5,-39.7,-40.8,-40.4,-39.2,-37.0,-34.8,-33.5,-32.9,-32.9,-33.3,-36.0,-35.4,-36.2,-38.2,-40.0,-40.6,-39.7,-37.8,514.4,514.8,515.0,514.7,514.2,514.0,513.7,513.9,518.6,516.0,513.6,512.5,513.0,514.4,516.1,514.5,512.9,512.6,513.7,516.0,514.9,514.8,514.9,515.1,515.3,515.4,515.4,515.2,527.2,528.2,529.9,531.2,531.4,530.3,528.7,527.5,527.6,526.9,526.7,527.7,530.4,533.9,537.2,533.9,530.6,528.1,526.9,527.0,529.2,529.8,530.5,531.0,530.9,530.3,529.6,529.1,32.5,-4.2,654.6,0.178,-0.165,0.007,222.5,223.0,224.8,227.5,232.3,239.5,248.4,258.7,269.2,277.9,284.2,289.8,294.6,298.1,300.5,302.2,302.7,232.8,239.3,247.9,256.5,264.3,279.5,286.1,292.4,298.5,302.2,272.2,273.2,274.3,275.4,264.1,268.6,273.1,277.1,280.5,242.1,247.4,253.5,258.6,253.4,247.2,280.8,285.7,291.3,295.0,291.8,286.3,254.8,262.3,268.6,272.3,276.1,280.5,284.1,280.5,276.1,272.0,267.9,261.7,257.8,268.2,272.0,275.8,282.0,275.8,271.9,268.0,161.4,173.3,185.1,196.4,207.0,216.2,223.7,229.1,230.2,227.9,221.5,213.2,204.0,193.8,183.1,172.1,161.0,153.9,149.0,147.7,148.9,151.6,151.1,148.1,146.7,147.6,151.8,160.1,167.8,175.5,183.5,188.8,190.2,191.4,190.1,188.4,161.7,158.7,158.7,162.4,163.9,164.0,161.9,157.9,157.8,160.5,163.0,163.1,204.6,201.8,200.2,201.2,200.0,201.6,203.8,209.0,211.1,211.7,211.4,209.5,204.8,203.9,204.2,203.7,204.3,205.3,205.9,205.6,-48.1,-47.4,-44.6,-39.9,-31.4,-18.5,-2.9,15.1,33.2,48.9,61.2,72.4,81.7,88.0,92.0,94.9,95.8,-28.7,-17.7,-3.4,10.6,23.3,48.6,60.0,71.6,83.0,90.7,36.4,37.7,39.1,40.5,23.0,30.3,37.7,44.5,50.4,-13.1,-4.4,5.9,14.2,5.6,-4.7,51.9,60.5,70.3,77.4,71.1,61.4,8.0,20.3,30.6,36.7,43.1,51.1,58.3,51.2,43.3,36.3,29.5,19.4,13.0,30.0,36.4,42.8,54.3,42.8,36.2,29.8,-45.7,-25.0,-4.3,15.8,34.6,50.6,63.3,71.8,73.7,70.7,60.7,46.8,30.2,11.5,-8.0,-27.9,-48.2,-56.0,-63.6,-65.3,-63.0,-58.3,-59.9,-65.6,-68.8,-68.3,-61.9,-45.0,-31.9,-19.2,-6.4,2.0,4.4,6.3,4.2,1.5,-43.0,-47.8,-47.8,-41.7,-39.2,-38.9,-43.2,-50.2,-50.6,-46.4,-41.8,-41.3,28.7,23.7,20.8,22.5,20.6,23.5,27.9,36.0,39.2,40.0,39.5,36.4,28.9,27.1,27.6,26.8,28.5,29.5,30.4,29.8,683.1,686.7,690.9,693.3,692.5,689.5,683.3,675.1,674.4,683.6,698.6,710.4,715.1,714.0,711.9,710.0,709.4,650.8,644.7,640.4,636.8,635.1,642.5,650.0,658.7,668.1,678.1,640.6,634.7,628.3,622.4,638.7,637.4,637.0,640.4,644.5,650.4,647.5,648.1,649.4,648.2,647.7,658.9,661.3,665.2,671.5,665.6,661.7,655.8,645.3,641.7,642.9,645.1,653.9,667.0,655.6,648.5,645.9,645.0,647.8,653.5,644.7,645.4,648.2,663.0,648.2,645.4,644.9,0.591,0.185,-0.224,0.017,269.348,184.823,-9.983,11.234,-12.744,20.079,3.302,1.664,-4.561,1.691,3.98,-4.111,0.064,0.885,-0.004,-1.409,-0.508,0.073,0.656,1.532,-1.424,-0.856,0.199,-0.292,-0.122,-0.573,-0.006,-0.047,0.186,-0.004,-0.087,-0.015,-0.004,-0.009,-0.003,-0.014,0.38,0.21,0.0,1.14,0.0,0.0,0.0,0.0,0.0,0.35,0.0,0.0,0.0,0.0,0.0,0.21,0.0,0.0,1.0,0.0,1.0,0.0,0.0,0.0,0.0,0.0,0.0,0.0,0.0,0.0,0.0,1.0,1.0,1.0,0.0
PP133,g1,5276,0,0.925,0.17969,0.179064,-0.967289,0.031329,0.177902,-0.983549,0.108,0.181,245.9,247.3,250.5,253.6,254.9,253.8,250.4,247.2,241.7,243.7,246.5,250.0,253.5,256.1,257.9,255.7,252.8,249.6,246.4,243.7,249.0,250.4,251.8,252.4,251.8,250.5,249.1,248.5,283.3,284.2,287.0,289.9,291.4,290.5,287.7,284.5,280.2,282.1,284.8,288.1,291.0,293.1,294.3,293.2,291.2,288.7,285.7,282.6,286.0,287.3,288.5,288.9,288.3,287.0,285.7,285.3,159.6,156.4,155.1,156.4,159.7,163.1,164.2,162.8,161.1,159.3,158.1,157.5,158.2,159.7,161.8,162.9,163.3,163.5,163.2,162.5,161.1,161.7,161.2,159.8,158.3,157.7,158.3,159.7,159.2,156.0,154.6,155.8,158.8,162.0,163.4,162.5,161.4,159.2,157.6,156.9,157.3,158.4,160.2,161.6,162.4,162.8,162.7,162.4,160.5,161.0,160.4,159.0,157.7,157.2,157.8,159.2,-5.3,-3.6,0.6,4.8,6.4,5.0,0.5,-3.7,-11.0,-8.4,-4.6,-0.0,4.5,8.0,10.4,7.5,3.6,-0.6,-4.7,-8.3,-1.3,0.5,2.4,3.1,2.4,0.6,-1.2,-2.0,44.8,46.1,50.0,54.2,56.1,54.8,50.9,46.4,40.7,43.2,46.8,51.3,55.6,58.7,60.7,58.8,55.9,52.2,48.0,43.8,48.6,50.4,52.1,52.7,51.8,50.0,48.3,47.7,-36.7,-40.9,-42.7,-40.9,-36.6,-32.0,-30.6,-32.4,-35.0,-37.2,-38.6,-39.3,-38.5,-36.5,-33.9,-32.3,-31.7,-31.5,-31.9,-33.0,-34.7,-33.9,-34.7,-36.5,-38.4,-39.2,-38.4,-36.6,-38.1,-42.5,-44.5,-43.0,-38.9,-34.5,-32.5,-33.7,-35.1,-38.0,-40.1,-41.3,-40.8,-39.6,-37.4,-35.2,-33.9,-33.3,-33.3,-33.7,-36.5,-35.8,-36.7,-38.6,-40.4,-41.1,-40.2,-38.3,513.6,514.2,514.3,514.0,513.4,513.1,512.7,513.1,517.8,515.2,512.9,511.7,512.3,513.6,515.2,513.5,512.0,511.7,512.9,515.2,514.1,514.0,514.1,514.3,514.5,514.7,514.6,514.4,525.7,526.8,528.4,529.7,529.8,528.8,527.2,526.0,526.1,525.4,525.2,526.2,528.9,532.4,535.7,532.4,529.0,526.6,525.4,525.5,527.7,528.3,529.0,529.4,529.4,528.8,528.1,527.6,31.1,-4.5,652.1,0.198,-0.158,0.012,222.0,222.5,224.3,227.1,231.9,239.0,247.7,257.8,268.3,277.1,283.5,289.2,294.1,297.7,300.1,301.8,302.3,232.4,238.9,247.4,256.0,263.7,279.0,285.5,291.9,298.0,301.6,271.7,272.6,273.6,274.6,263.3,267.8,272.3,276.3,279.7,241.6,246.8,253.0,258.0,252.8,246.6,280.2,285.1,290.7,294.4,291.2,285.6,253.8,261.1,267.7,271.4,275.2,279.8,283.2,279.6,274.8,270.7,266.5,260.2,256.7,267.3,271.1,274.9,281.0,274.6,270.7,266.8,160.6,172.6,184.5,195.9,206.7,216.0,223.7,229.2,230.5,228.1,221.4,213.0,203.6,193.5,183.0,172.0,160.9,153.1,148.1,146.8,148.1,151.0,150.6,147.5,146.2,147.1,151.4,159.7,167.4,175.0,182.8,188.1,189.5,190.8,189.5,187.8,161.1,158.0,158.1,161.9,163.3,163.4,161.5,157.4,157.4,160.2,162.6,162.7,204.4,201.1,199.4,200.4,199.3,201.0,203.8,210.1,212.8,213.4,213.1,210.5,204.5,203.1,203.4,203.0,204.2,206.8,207.5,207.1,-48.7,-48.2,-45.3,-40.5,-32.0,-19.3,-4.1,13.5,31.6,47.3,59.6,70.9,80.1,86.5,90.6,93.5,94.3,-29.1,-18.3,-4.3,9.7,22.1,47.5,58.8,70.3,81.6,89.0,35.4,36.5,37.7,39.0,21.7,28.9,36.1,42.9,48.8,-14.0,-5.2,4.9,13.2,4.6,-5.7,50.6,59.1,68.9,76.0,69.7,60.0,6.4,18.2,28.9,35.0,41.3,49.7,56.5,49.6,41.2,34.2,27.3,16.9,11.2,28.4,34.7,41.1,52.4,40.8,34.2,27.8,-46.8,-26.0,-5.3,14.9,33.9,50.1,63.1,72.1,74.1,71.0,60.4,46.1,29.4,10.9,-8.2,-27.9,-47.9,-57.0,-64.6,-66.3,-63.8,-59.0,-60.4,-66.1,-69.3,-68.7,-62.3,-45.4,-32.5,-20.1,-7.4,1.0,3.3,5.3,3.2,0.5,-43.8,-48.6,-48.5,-42.3,-40.0,-39.8,-43.5,-50.6,-51.0,-46.7,-42.2,-41.7,28.3,22.5,19.4,21.2,19.3,22.5,27.7,37.9,42.0,42.8,42.2,38.1,28.4,25.7,26.2,25.6,28.3,32.0,33.0,32.3,679.6,683.6,688.1,690.7,690.1,687.5,682.0,674.4,673.6,682.2,695.9,706.5,710.2,708.5,706.2,704.7,704.3,646.6,640.9,636.4,632.8,631.3,638.9,646.4,655.0,664.3,674.0,636.9,631.2,625.0,619.3,635.6,634.5,634.0,637.2,641.1,646.8,643.9,644.5,645.8,644.8,644.3,655.1,657.4,661.3,667.6,661.7,657.9,654.3,642.9,638.7,639.8,642.0,651.1,664.6,654.9,648.5,646.0,645.0,647.3,652.2,642.0,642.6,645.4,661.1,647.8,645.1,644.5,0.594,0.203,-0.213,0.023,268.61,184.59,-18.213,13.723,-7.491,23.06,4.704,-3.886,-1.914,2.785,5.26,-3.655,0.617,0.409,0.569,-1.751,-0.8,0.103,1.655,1.574,-1.934,-0.39,0.287,0.014,-0.12,-0.48,0.098,0.157,0.284,0.029,-0.046,0.002,-0.017,-0.003,0.003,-0.002,0.31,0.26,0.0,0.86,0.0,0.0,0.0,0.0,0.0,0.0,0.15,0.0,0.0,0.0,0.27,0.0,0.0,0.0,1.0,0.0,1.0,0.0,0.0,0.0,0.0,0.0,0.0,0.0,0.0,0.0,0.0,1.0,1.0,1.0,0.0
PP133,g1,5282,0,0.975,0.183453,0.178814,-0.966629,0.032577,0.177917,-0.983506,0.11,0.181,245.3,246.6,249.8,252.9,254.2,253.1,249.7,246.6,241.0,243.0,245.8,249.3,252.7,255.4,257.1,255.0,252.1,248.9,245.8,243.0,248.4,249.7,251.1,251.7,251.1,249.8,248.4,247.8,282.6,283.5,286.2,289.2,290.6,289.7,287.0,283.8,279.5,281.5,284.1,287.4,290.3,292.3,293.6,292.4,290.5,288.0,285.0,281.9,285.3,286.6,287.8,288.2,287.5,286.2,285.0,284.6,159.7,156.5,155.1,156.5,159.7,163.1,164.2,162.9,161.2,159.3,158.2,157.6,158.2,159.7,161.8,162.9,163.3,163.5,163.2,162.5,161.2,161.7,161.2,159.8,158.4,157.8,158.4,159.8,159.1,155.9,154.5,155.7,158.7,161.9,163.3,162.4,161.3,159.2,157.6,156.8,157.3,158.3,160.1,161.5,162.3,162.7,162.6,162.3,160.4,160.9,160.3,158.9,157.6,157.1,157.7,159.1,-6.2,-4.5,-0.3,3.8,5.5,4.1,-0.4,-4.5,-11.9,-9.3,-5.5,-0.9,3.6,7.1,9.5,6.7,2.8,-1.4,-5.6,-9.2,-2.2,-0.3,1.5,2.2,1.5,-0.3,-2.1,-2.9,44.1,45.4,49.3,53.4,55.4,54.1,50.2,45.7,40.0,42.5,46.1,50.6,54.9,58.0,60.1,58.2,55.2,51.5,47.3,43.2,47.9,49.7,51.4,52.0,51.1,49.3,47.6,47.0,-36.8,-41.1,-42.9,-41.1,-36.8,-32.2,-30.8,-32.5,-35.1,-37.3,-38.7,-39.4,-38.6,-36.7,-34.1,-32.5,-31.9,-31.6,-32.0,-33.1,-34.9,-34.1,-34.8,-36.7,-38.6,-39.4,-38.6,-36.7,-38.5,-42.8,-44.9,-43.4,-39.2,-34.9,-32.8,-34.0,-35.5,-38.3,-40.5,-41.6,-41.2,-40.0,-37.8,-35.6,-34.3,-33.7,-33.7,-34.1,-36.8,-36.1,-37.0,-38.9,-40.8,-41.4,-40.5,-38.6,516.5,517.0,517.2,516.9,516.4,516.1,515.7,516.0,520.7,518.1,515.8,514.6,515.2,516.6,518.2,516.5,515.0,514.7,515.8,518.0,517.0,516.9,517.0,517.2,517.5,517.6,517.5,517.3,528.7,529.7,531.4,532.6,532.8,531.8,530.1,529.0,529.1,528.4,528.2,529.2,531.9,535.3,538.6,535.3,532.0,529.6,528.4,528.5,530.7,531.3,532.0,532.4,532.3,531.8,531.1,530.6,30.2,-5.1,656.3,0.194,-0.159,0.01,221.4,221.9,223.7,226.5,231.3,238.5,247.2,257.3,267.7,276.4,282.7,288.5,293.4,297.0,299.4,301.1,301.6,231.7,238.2,246.7,255.3,263.0,278.2,284.8,291.1,297.2,300.9,270.9,271.8,272.8,273.8,262.6,267.1,271.6,275.6,279.0,240.9,246.1,252.3,257.3,252.1,245.9,279.5,284.4,290.0,293.7,290.4,285.0,253.2,260.5,267.0,270.7,274.5,279.1,282.6,279.0,274.3,270.1,266.0,259.8,256.1,266.6,270.4,274.2,280.4,274.1,270.2,266.2,160.8,172.7,184.5,195.7,206.4,215.5,223.1,228.5,229.7,227.4,220.8,212.6,203.3,193.2,182.7,171.7,160.6,153.2,148.3,147.0,148.2,151.0,150.5,147.5,146.1,147.0,151.3,159.6,167.3,175.0,182.8,188.0,189.4,190.6,189.3,187.7,161.1,158.1,158.1,161.9,163.3,163.4,161.4,157.4,157.3,160.0,162.4,162.6,203.8,200.9,199.2,200.2,199.1,200.7,203.2,209.1,211.6,212.2,211.9,209.5,204.0,202.9,203.2,202.7,203.6,205.7,206.4,206.0,-50.0,-49.4,-46.6,-41.8,-33.2,-20.3,-4.9,12.7,30.7,46.4,58.7,70.0,79.4,85.9,90.0,92.9,93.8,-30.5,-19.6,-5.4,8.6,21.1,46.5,57.9,69.4,80.8,88.4,34.3,35.5,36.8,38.0,20.7,27.9,35.2,42.1,48.0,-15.2,-6.4,3.8,12.1,3.5,-6.8,49.8,58.3,68.1,75.2,68.9,59.3,5.3,17.4,28.0,34.1,40.6,48.9,55.9,48.8,40.5,33.5,26.5,16.3,10.2,27.5,33.8,40.3,51.8,40.1,33.5,27.0,-46.8,-26.1,-5.4,14.7,33.5,49.6,62.4,71.2,73.1,70.0,59.7,45.6,28.9,10.4,-8.8,-28.7,-48.8,-57.2,-64.8,-66.5,-64.1,-59.4,-60.9,-66.6,-69.8,-69.3,-62.9,-45.8,-32.8,-20.2,-7.5,0.8,3.2,5.1,3.0,0.3,-44.0,-48.9,-48.8,-42.6,-40.2,-40.0,-44.0,-51.1,-51.5,-47.2,-42.7,-42.2,27.6,22.2,19.2,21.0,19.1,22.1,26.8,36.4,40.2,41.0,40.4,36.7,27.8,25.5,26.0,25.3,27.5,30.4,31.3,30.7,684.2,688.0,692.4,694.9,694.3,691.6,685.8,678.0,677.2,685.9,700.0,710.9,714.9,713.6,711.5,709.9,709.5,651.5,645.6,641.2,637.5,635.8,643.2,650.6,659.2,668.5,678.3,641.4,635.7,629.5,623.8,640.1,638.8,638.4,641.7,645.6,651.4,648.5,649.0,650.3,649.3,648.8,659.4,661.7,665.6,671.9,666.0,662.2,658.4,647.4,643.3,644.4,646.6,655.5,668.8,658.6,651.9,649.4,648.5,651.0,656.2,646.5,647.1,649.8,665.3,651.4,648.7,648.2,0.59,0.198,-0.214,0.02,267.954,184.29,-15.656,11.96,-8.916,20.898,5.127,-1.427,-2.796,2.126,4.418,-3.699,0.412,0.591,0.471,-1.519,-0.667,0.023,1.101,1.599,-1.776,-0.491,0.247,-0.076,-0.089,-0.575,0.064,0.089,0.233,0.013,-0.058,-0.002,-0.014,0.002,0.003,-0.004,0.4,0.31,0.0,0.95,0.0,0.0,0.0,0.0,0.0,0.0,0.0,0.0,0.0,0.0,0.17,0.03,0.0,0.0,1.0,0.0,1.0,0.0,0.0,0.0,0.0,0.0,0.0,0.0,0.0,0.0,0.0,1.0,1.0,1.0,0.0
PP133,g1,5288,0,0.975,0.192673,0.159781,-0.968167,0.039105,0.158774,-0.98654,0.118,0.162,244.7,246.0,249.1,252.2,253.6,252.5,249.2,246.0,240.4,242.4,245.2,248.7,252.1,254.7,256.5,254.5,251.6,248.4,245.2,242.5,247.8,249.2,250.5,251.1,250.5,249.1,247.7,247.2,282.0,282.9,285.6,288.6,290.0,289.1,286.4,283.2,279.0,280.9,283.5,286.8,289.7,291.7,293.0,291.8,289.9,287.4,284.4,281.4,284.7,286.0,287.2,287.6,286.9,285.6,284.4,284.0,160.0,156.8,155.4,156.7,159.9,163.4,164.5,163.2,161.5,159.7,158.6,158.0,158.5,160.0,162.0,163.1,163.6,163.8,163.6,162.9,161.5,162.0,161.5,160.0,158.7,158.1,158.7,160.1,159.2,156.1,154.7,155.8,158.8,162.0,163.4,162.5,161.4,159.3,157.7,157.0,157.4,158.5,160.2,161.6,162.4,162.7,162.7,162.4,160.5,161.0,160.4,159.0,157.7,157.2,157.8,159.2,-7.0,-5.4,-1.2,3.0,4.7,3.3,-1.1,-5.3,-12.8,-10.1,-6.3,-1.7,2.8,6.3,8.7,5.9,2.1,-2.2,-6.3,-10.0,-3.0,-1.1,0.7,1.4,0.7,-1.2,-3.0,-3.7,43.5,44.9,48.7,52.9,54.9,53.6,49.7,45.2,39.5,42.1,45.6,50.1,54.4,57.5,59.6,57.7,54.7,51.0,46.8,42.7,47.4,49.2,50.9,51.5,50.6,48.8,47.1,46.5,-36.4,-40.7,-42.6,-40.8,-36.6,-31.9,-30.4,-32.2,-34.7,-36.9,-38.3,-39.0,-38.3,-36.5,-33.9,-32.3,-31.6,-31.3,-31.7,-32.7,-34.5,-33.8,-34.6,-36.5,-38.3,-39.1,-38.3,-36.4,-38.5,-42.9,-44.9,-43.5,-39.3,-35.0,-32.9,-34.1,-35.5,-38.4,-40.5,-41.6,-41.2,-40.0,-37.9,-35.7,-34.4,-33.8,-33.8,-34.2,-36.9,-36.2,-37.1,-39.0,-40.8,-41.5,-40.6,-38.7,517.9,518.4,518.6,518.4,517.9,517.6,517.2,517.4,522.0,519.4,517.1,516.0,516.6,518.1,519.7,518.1,516.5,516.1,517.2,519.4,518.5,518.4,518.5,518.7,518.9,519.0,518.9,518.7,532.0,533.0,534.7,535.9,536.0,535.0,533.3,532.2,532.3,531.6,531.4,532.5,535.1,538.5,541.8,538.5,535.2,532.7,531.6,531.7,533.9,534.5,535.2,535.6,535.6,535.0,534.3,533.9,29.9,-5.6,660.1,0.156,-0.169,0.002,220.8,221.4,223.2,225.9,230.7,238.0,246.9,257.3,267.7,276.3,282.5,288.1,293.0,296.6,298.8,300.5,301.0,230.8,237.3,245.9,254.5,262.3,277.5,284.1,290.4,296.6,300.4,270.2,271.3,272.5,273.6,262.3,266.8,271.4,275.4,278.8,240.3,245.5,251.7,256.7,251.5,245.4,278.9,283.8,289.3,293.1,289.9,284.4,253.1,260.7,266.9,270.6,274.5,278.9,282.7,279.0,274.7,270.5,266.4,260.3,256.0,266.6,270.4,274.3,280.6,274.3,270.4,266.5,161.8,173.5,185.0,196.1,206.4,215.3,222.5,227.7,228.8,226.7,220.6,212.8,203.8,193.6,182.9,171.9,160.8,153.8,148.9,147.5,148.7,151.3,150.7,147.7,146.4,147.3,151.6,159.6,167.3,174.9,182.7,188.0,189.4,190.5,189.2,187.6,161.5,158.5,158.4,162.1,163.5,163.7,161.5,157.5,157.4,160.1,162.5,162.7,203.3,200.7,199.2,200.2,199.0,200.4,202.4,207.1,209.1,209.6,209.4,207.6,203.5,202.8,203.1,202.5,202.9,203.4,204.1,203.8,-51.6,-50.7,-47.8,-43.1,-34.5,-21.4,-5.5,12.6,30.7,46.2,58.5,69.8,79.4,86.0,90.0,92.9,93.7,-32.4,-21.2,-6.8,7.4,20.3,45.8,57.3,68.9,80.5,88.5,33.5,35.0,36.5,37.9,20.3,27.7,35.2,42.0,48.0,-16.3,-7.5,2.8,11.2,2.6,-7.7,49.3,57.9,67.6,74.8,68.6,58.9,5.2,17.8,28.1,34.3,40.8,48.9,56.3,49.1,41.2,34.2,27.3,17.1,10.2,27.6,34.0,40.6,52.3,40.6,34.0,27.4,-45.4,-24.9,-4.4,15.4,33.8,49.5,61.7,69.9,71.7,69.0,59.6,46.4,30.1,11.3,-8.4,-28.6,-49.2,-56.8,-64.5,-66.3,-64.1,-59.5,-61.2,-66.9,-70.0,-69.5,-63.0,-46.2,-33.2,-20.5,-7.8,0.8,3.1,5.0,2.8,0.1,-43.8,-48.7,-48.7,-42.7,-40.2,-39.8,-44.3,-51.3,-51.7,-47.5,-43.0,-42.4,26.7,22.1,19.3,21.0,19.1,21.8,25.7,33.1,36.0,36.8,36.3,33.6,27.0,25.5,26.0,25.2,26.3,26.6,27.6,27.0,690.4,693.2,696.6,698.5,697.6,694.2,687.6,679.0,678.2,687.6,703.2,715.7,721.4,721.2,719.8,718.2,718.1,658.5,652.4,647.9,644.2,642.1,649.2,656.8,665.6,675.0,685.0,647.3,641.1,634.4,628.4,644.4,643.1,642.6,646.1,650.3,657.5,654.7,655.2,656.4,655.0,654.6,665.5,668.0,672.0,678.1,672.1,668.2,661.2,650.9,647.3,648.4,650.7,659.4,672.6,660.3,652.7,650.0,649.2,652.5,658.8,650.0,650.7,653.5,668.5,652.8,650.0,649.5,0.586,0.161,-0.226,0.011,267.629,184.072,-5.176,7.843,-12.696,16.388,3.967,4.013,-5.562,1.466,3.268,-4.087,-0.283,1.197,-0.154,-1.318,-0.302,-0.33,0.206,1.42,-1.423,-0.829,0.083,-0.425,-0.136,-0.617,0.065,-0.028,0.111,0.01,-0.098,-0.023,0.001,-0.009,0.001,-0.012,0.41,0.3,0.0,0.6,0.0,0.0,0.0,0.0,0.0,0.0,0.0,0.0,0.0,0.0,0.0,0.15,0.0,0.0,1.0,0.0,1.0,0.0,0.0,0.0,0.0,0.0,0.0,0.0,0.0,0.0,0.0,0.0,1.0,1.0,0.0
PP133,g1,5294,0,0.975,0.193252,0.158968,-0.968185,0.039066,0.158699,-0.986554,0.118,0.161,244.4,245.7,248.8,252.0,253.3,252.3,248.9,245.8,240.2,242.1,244.9,248.4,251.8,254.5,256.3,254.2,251.3,248.1,245.0,242.2,247.5,248.9,250.3,250.8,250.2,248.8,247.5,246.9,281.8,282.7,285.4,288.4,289.8,289.0,286.2,283.0,278.8,280.7,283.3,286.6,289.5,291.6,292.8,291.7,289.8,287.2,284.2,281.2,284.5,285.8,287.0,287.4,286.7,285.4,284.2,283.9,160.4,157.2,155.8,157.1,160.2,163.7,164.9,163.6,161.9,160.1,158.9,158.3,158.9,160.3,162.3,163.4,163.9,164.1,163.9,163.3,161.8,162.4,161.8,160.4,159.0,158.4,159.0,160.4,159.4,156.3,154.9,156.0,159.0,162.2,163.6,162.7,161.6,159.5,157.9,157.2,157.6,158.6,160.4,161.7,162.5,162.9,162.8,162.6,160.7,161.2,160.6,159.2,157.9,157.4,158.0,159.4,-7.4,-5.7,-1.6,2.6,4.4,3.0,-1.4,-5.6,-13.1,-10.5,-6.7,-2.1,2.4,5.9,8.3,5.6,1.7,-2.5,-6.6,-10.4,-3.3,-1.5,0.3,1.1,0.3,-1.5,-3.4,-4.1,43.3,44.6,48.5,52.7,54.7,53.4,49.5,45.0,39.3,41.8,45.4,49.9,54.1,57.3,59.4,57.5,54.5,50.8,46.6,42.4,47.2,49.0,50.7,51.3,50.4,48.5,46.8,46.3,-35.9,-40.3,-42.1,-40.4,-36.1,-31.5,-30.0,-31.7,-34.2,-36.4,-37.8,-38.5,-37.9,-36.1,-33.6,-31.9,-31.2,-30.9,-31.2,-32.2,-34.1,-33.3,-34.1,-36.0,-37.9,-38.6,-37.8,-35.9,-38.3,-42.6,-44.7,-43.2,-39.1,-34.7,-32.7,-33.8,-35.3,-38.1,-40.2,-41.4,-41.0,-39.8,-37.7,-35.5,-34.2,-33.6,-33.6,-33.9,-36.6,-36.0,-36.9,-38.8,-40.6,-41.2,-40.3,-38.4,517.9,518.4,518.6,518.4,517.9,517.6,517.2,517.4,522.0,519.4,517.1,516.0,516.6,518.1,519.8,518.1,516.5,516.1,517.2,519.4,518.5,518.4,518.5,518.7,518.9,519.0,518.9,518.7,532.1,533.2,534.8,536.0,536.1,535.1,533.4,532.3,532.5,531.7,531.6,532.6,535.2,538.7,541.9,538.6,535.3,532.9,531.7,531.9,534.0,534.6,535.3,535.8,535.7,535.2,534.5,534.0,29.7,-5.3,660.4,0.154,-0.169,-0.002,220.6,221.2,223.1,225.8,230.6,237.9,246.9,257.3,267.8,276.4,282.6,288.2,293.1,296.6,298.8,300.4,300.8,230.5,237.0,245.6,254.3,262.1,277.3,283.8,290.2,296.4,300.3,270.0,271.1,272.3,273.4,262.2,266.7,271.3,275.3,278.7,240.0,245.3,251.4,256.4,251.3,245.1,278.7,283.7,289.1,292.9,289.7,284.3,252.9,260.6,266.9,270.6,274.5,278.9,282.7,279.1,274.7,270.5,266.4,260.2,255.9,266.5,270.4,274.2,280.6,274.3,270.4,266.5,162.1,173.8,185.3,196.3,206.7,215.5,222.7,227.9,228.9,226.8,220.6,212.8,203.8,193.6,182.9,172.0,160.8,154.3,149.3,148.0,149.1,151.7,151.0,148.0,146.6,147.5,151.8,159.9,167.5,175.0,182.8,188.1,189.5,190.7,189.3,187.7,161.8,158.8,158.8,162.4,163.9,164.1,161.7,157.7,157.6,160.3,162.7,162.9,203.4,200.8,199.2,200.2,199.0,200.4,202.4,207.1,209.1,209.6,209.4,207.7,203.6,202.9,203.1,202.6,202.8,203.5,204.1,203.8,-52.1,-51.1,-48.1,-43.4,-34.7,-21.6,-5.5,12.8,30.9,46.5,58.7,70.1,79.6,86.1,90.0,92.7,93.5,-32.9,-21.7,-7.2,7.1,20.0,45.3,56.9,68.5,80.2,88.2,33.2,34.7,36.2,37.7,20.1,27.6,35.1,41.9,47.8,-16.8,-8.0,2.3,10.8,2.2,-8.1,49.0,57.6,67.4,74.6,68.3,58.7,5.0,17.7,28.0,34.2,40.7,48.9,56.4,49.2,41.3,34.2,27.3,17.1,10.0,27.5,33.9,40.6,52.4,40.6,33.9,27.4,-44.9,-24.3,-3.9,15.8,34.2,49.8,62.0,70.3,71.9,69.2,59.7,46.4,30.1,11.3,-8.4,-28.6,-49.1,-56.0,-63.8,-65.6,-63.4,-58.9,-60.7,-66.4,-69.7,-69.2,-62.7,-45.7,-32.9,-20.3,-7.6,1.0,3.4,5.2,3.0,0.3,-43.2,-48.1,-48.2,-42.2,-39.7,-39.3,-44.0,-51.0,-51.4,-47.3,-42.8,-42.2,26.9,22.2,19.4,21.1,19.2,21.8,25.6,33.1,36.1,36.9,36.5,33.8,27.1,25.6,26.1,25.2,26.2,26.7,27.6,27.2,691.2,693.9,697.3,699.1,698.2,694.9,688.3,679.5,678.7,688.2,703.8,716.4,722.0,721.8,720.4,718.9,718.8,659.2,653.0,648.5,644.7,642.5,649.5,657.1,666.0,675.5,685.7,647.7,641.4,634.7,628.6,644.8,643.4,642.9,646.4,650.6,658.2,655.3,655.8,657.0,655.6,655.2,666.0,668.6,672.5,678.6,672.6,668.7,661.6,651.2,647.6,648.7,651.0,659.7,673.0,660.6,652.9,650.3,649.5,652.8,659.3,650.3,651.0,653.8,668.9,653.0,650.2,649.8,0.586,0.16,-0.226,0.007,267.518,184.232,-3.66,7.801,-12.015,15.709,3.636,3.717,-6.0,1.405,3.323,-4.416,-0.167,1.016,-0.408,-1.23,-0.294,-0.315,-0.025,1.597,-1.41,-0.721,0.138,-0.313,-0.099,-0.607,-0.009,-0.064,0.14,0.005,-0.103,-0.033,-0.004,-0.014,0.001,-0.013,0.23,0.36,0.0,0.49,0.0,0.0,0.05,0.0,0.0,0.29,0.0,0.0,0.0,0.0,0.0,0.15,0.0,0.0,1.0,0.0,1.0,0.0,0.0,0.0,0.0,0.0,0.0,0.0,0.0,0.0,0.0,0.0,1.0,1.0,0.0
PP133,g1,5300,0,0.975,0.196006,0.160666,-0.967351,0.041918,0.160018,-0.986224,0.121,0.163,244.4,245.7,248.8,252.0,253.3,252.3,248.9,245.8,240.2,242.1,245.0,248.4,251.9,254.5,256.3,254.2,251.3,248.1,245.0,242.2,247.5,248.9,250.3,250.8,250.2,248.9,247.5,246.9,281.7,282.6,285.4,288.3,289.8,288.9,286.2,283.0,278.8,280.7,283.3,286.6,289.5,291.5,292.7,291.6,289.7,287.2,284.2,281.1,284.5,285.8,286.9,287.3,286.7,285.4,284.2,283.8,160.5,157.2,155.9,157.2,160.4,163.8,164.9,163.7,162.0,160.2,159.0,158.4,159.0,160.4,162.4,163.5,164.0,164.2,164.0,163.3,161.9,162.5,161.9,160.5,159.1,158.5,159.1,160.5,159.5,156.4,155.0,156.1,159.1,162.3,163.7,162.8,161.7,159.6,158.0,157.2,157.7,158.7,160.5,161.8,162.6,163.0,163.0,162.7,160.8,161.3,160.7,159.3,158.0,157.5,158.1,159.5,-7.4,-5.7,-1.6,2.6,4.4,3.0,-1.4,-5.6,-13.1,-10.5,-6.7,-2.1,2.5,5.9,8.4,5.6,1.7,-2.5,-6.6,-10.3,-3.3,-1.5,0.4,1.1,0.3,-1.5,-3.3,-4.1,43.2,44.5,48.4,52.6,54.6,53.3,49.4,44.9,39.2,41.7,45.3,49.8,54.0,57.2,59.2,57.4,54.4,50.7,46.5,42.4,47.1,48.9,50.6,51.2,50.3,48.5,46.8,46.2,-35.8,-40.1,-42.0,-40.2,-36.0,-31.4,-29.8,-31.6,-34.0,-36.3,-37.7,-38.4,-37.7,-35.9,-33.4,-31.8,-31.1,-30.7,-31.1,-32.1,-33.9,-33.2,-34.0,-35.9,-37.7,-38.5,-37.7,-35.8,-38.1,-42.5,-44.5,-43.1,-39.0,-34.6,-32.5,-33.6,-35.1,-37.9,-40.1,-41.2,-40.8,-39.7,-37.5,-35.4,-34.1,-33.4,-33.4,-33.7,-36.4,-35.8,-36.7,-38.6,-40.4,-41.1,-40.2,-38.2,517.5,518.0,518.2,518.0,517.5,517.3,516.9,517.1,521.6,519.1,516.8,515.7,516.3,517.8,519.4,517.8,516.2,515.8,516.9,519.1,518.1,518.1,518.1,518.4,518.6,518.7,518.6,518.4,531.7,532.8,534.4,535.7,535.8,534.8,533.1,532.0,532.1,531.4,531.2,532.3,534.9,538.4,541.6,538.3,535.0,532.5,531.4,531.5,533.7,534.2,535.0,535.4,535.4,534.8,534.1,533.6,29.6,-5.0,659.8,0.158,-0.173,-0.001,220.4,221.1,222.9,225.6,230.4,237.7,246.7,257.2,267.6,276.2,282.4,288.0,292.9,296.4,298.6,300.2,300.7,230.5,237.0,245.7,254.3,262.2,277.3,283.8,290.2,296.3,300.2,270.0,271.1,272.3,273.5,262.2,266.7,271.3,275.3,278.7,240.0,245.3,251.4,256.4,251.3,245.2,278.7,283.6,289.1,292.9,289.7,284.2,252.9,260.6,266.9,270.6,274.4,278.9,282.7,279.0,274.7,270.5,266.4,260.2,255.9,266.5,270.4,274.2,280.6,274.3,270.4,266.5,162.2,173.8,185.3,196.4,206.7,215.6,222.8,228.0,229.1,226.9,220.8,212.9,203.9,193.7,183.0,172.0,160.9,154.4,149.4,148.1,149.2,151.9,151.2,148.2,146.8,147.6,151.9,160.1,167.7,175.2,183.0,188.3,189.7,190.9,189.5,187.9,161.9,158.9,158.9,162.5,164.0,164.2,161.8,157.8,157.7,160.4,162.8,163.0,203.5,201.0,199.4,200.4,199.2,200.6,202.5,207.3,209.3,209.9,209.7,207.9,203.7,203.0,203.3,202.7,203.0,203.7,204.3,204.1,-52.2,-51.3,-48.4,-43.7,-35.1,-21.9,-5.8,12.5,30.6,46.2,58.4,69.7,79.3,85.7,89.6,92.4,93.1,-32.8,-21.6,-7.2,7.1,20.0,45.3,56.8,68.4,80.0,88.0,33.2,34.7,36.2,37.8,20.1,27.6,35.0,41.8,47.8,-16.8,-7.9,2.3,10.8,2.2,-8.1,48.9,57.5,67.2,74.4,68.2,58.5,4.9,17.7,28.0,34.2,40.7,48.8,56.2,49.1,41.2,34.2,27.3,17.0,9.9,27.5,33.9,40.5,52.3,40.5,33.9,27.4,-44.8,-24.3,-3.9,15.9,34.3,49.9,62.2,70.5,72.2,69.4,59.9,46.6,30.3,11.5,-8.3,-28.4,-48.9,-55.8,-63.5,-65.3,-63.1,-58.6,-60.3,-66.1,-69.4,-68.9,-62.4,-45.4,-32.5,-19.9,-7.2,1.3,3.7,5.5,3.3,0.6,-43.0,-47.9,-48.0,-42.0,-39.4,-39.0,-43.7,-50.7,-51.2,-47.1,-42.5,-41.9,27.1,22.5,19.7,21.4,19.4,22.0,25.8,33.4,36.4,37.2,36.8,34.1,27.3,25.8,26.3,25.5,26.4,27.0,28.0,27.5,689.9,692.7,696.2,698.1,697.3,694.2,687.6,679.0,678.3,687.8,703.4,716.0,721.7,721.5,719.9,718.3,718.1,657.9,651.7,647.3,643.6,641.6,648.6,656.2,665.1,674.7,684.9,646.8,640.7,634.0,627.9,644.0,642.7,642.2,645.8,650.0,657.0,654.2,654.7,656.0,654.6,654.1,665.2,667.7,671.7,677.9,671.8,667.9,660.9,650.5,646.9,648.1,650.3,659.2,672.5,660.1,652.4,649.8,648.9,652.2,658.6,649.6,650.4,653.2,668.4,652.5,649.7,649.2,0.586,0.164,-0.23,0.008,267.475,184.371,-3.796,7.75,-11.967,15.684,3.426,3.712,-5.657,1.522,3.299,-4.402,-0.16,1.067,-0.344,-1.36,-0.241,-0.319,0.106,1.468,-1.3,-0.627,0.18,-0.333,-0.143,-0.517,0.116,-0.066,0.165,-0.004,-0.104,-0.027,-0.001,-0.013,0.001,-0.013,0.41,0.16,0.0,0.69,0.0,0.0,0.0,0.0,0.0,0.19,0.01,0.0,0.0,0.0,0.0,0.14,0.0,0.0,1.0,0.0,1.0,0.0,0.0,0.0,0.0,0.0,0.0,0.0,0.0,0.0,0.0,0.0,1.0,1.0,0.0
PP133,g1,5306,0,0.975,0.197604,0.163022,-0.966632,0.043421,0.162313,-0.985783,0.123,0.165,244.5,245.8,248.9,252.1,253.4,252.4,249.0,245.9,240.2,242.2,245.0,248.5,252.0,254.6,256.4,254.3,251.4,248.2,245.1,242.3,247.6,249.0,250.4,250.9,250.3,248.9,247.6,247.0,281.8,282.7,285.4,288.4,289.9,289.0,286.3,283.1,278.9,280.8,283.4,286.6,289.5,291.6,292.8,291.7,289.8,287.3,284.3,281.2,284.5,285.8,287.0,287.4,286.8,285.5,284.3,283.9,160.6,157.4,156.0,157.3,160.5,164.0,165.1,163.8,162.1,160.3,159.1,158.5,159.1,160.5,162.5,163.7,164.1,164.4,164.2,163.5,162.1,162.6,162.0,160.6,159.2,158.7,159.3,160.7,159.6,156.5,155.0,156.2,159.2,162.3,163.8,162.9,161.9,159.7,158.1,157.3,157.8,158.8,160.5,161.9,162.7,163.1,163.1,162.8,160.9,161.4,160.8,159.4,158.1,157.6,158.2,159.6,-7.3,-5.6,-1.4,2.8,4.5,3.1,-1.3,-5.5,-13.0,-10.3,-6.5,-2.0,2.6,6.1,8.5,5.7,1.9,-2.4,-6.5,-10.2,-3.2,-1.3,0.5,1.2,0.4,-1.4,-3.2,-4.0,43.3,44.6,48.5,52.6,54.7,53.4,49.5,45.0,39.3,41.8,45.4,49.9,54.1,57.3,59.3,57.5,54.5,50.8,46.6,42.5,47.2,49.0,50.7,51.3,50.4,48.5,46.9,46.3,-35.6,-39.9,-41.7,-40.0,-35.7,-31.1,-29.6,-31.3,-33.8,-36.0,-37.5,-38.2,-37.5,-35.7,-33.2,-31.5,-30.8,-30.5,-30.9,-31.9,-33.7,-33.0,-33.8,-35.6,-37.5,-38.3,-37.5,-35.6,-37.9,-42.3,-44.4,-42.9,-38.8,-34.4,-32.4,-33.5,-34.9,-37.8,-39.9,-41.1,-40.7,-39.5,-37.4,-35.2,-33.9,-33.3,-33.2,-33.6,-36.3,-35.6,-36.6,-38.5,-40.3,-40.9,-40.0,-38.1,516.9,517.4,517.6,517.4,516.9,516.7,516.2,516.4,521.0,518.4,516.1,515.0,515.7,517.1,518.8,517.1,515.5,515.2,516.2,518.4,517.5,517.4,517.5,517.7,517.9,518.0,517.9,517.7,531.5,532.6,534.2,535.5,535.6,534.5,532.9,531.8,531.9,531.2,531.0,532.0,534.7,538.1,541.4,538.1,534.8,532.3,531.2,531.3,533.5,534.0,534.7,535.2,535.1,534.6,533.9,533.4,29.8,-4.9,659.2,0.162,-0.175,-0.002,220.4,221.1,222.9,225.6,230.4,237.8,246.8,257.3,267.8,276.4,282.6,288.2,293.0,296.5,298.7,300.3,300.7,230.5,237.0,245.7,254.4,262.2,277.4,284.0,290.3,296.4,300.3,270.2,271.3,272.5,273.7,262.3,266.9,271.5,275.5,278.9,240.1,245.4,251.5,256.5,251.4,245.2,278.8,283.7,289.2,293.0,289.7,284.3,253.0,260.8,267.1,270.8,274.6,279.1,282.8,279.2,274.9,270.7,266.7,260.4,256.0,266.8,270.6,274.4,280.7,274.4,270.6,266.7,162.2,173.9,185.4,196.5,206.8,215.7,222.9,228.1,229.1,226.9,220.7,212.8,203.7,193.6,182.9,172.0,160.9,154.5,149.5,148.1,149.2,151.9,151.2,148.2,146.8,147.7,151.9,160.2,167.8,175.4,183.2,188.5,189.9,191.0,189.7,188.0,162.1,159.0,159.0,162.6,164.1,164.3,161.9,157.9,157.8,160.5,162.9,163.1,203.6,201.1,199.6,200.5,199.3,200.6,202.5,207.3,209.4,210.0,209.8,208.1,203.8,203.2,203.4,202.8,203.0,203.8,204.5,204.2,-52.2,-51.3,-48.3,-43.6,-34.9,-21.7,-5.6,12.7,30.9,46.4,58.6,69.9,79.4,85.8,89.7,92.4,93.1,-32.8,-21.6,-7.1,7.2,20.1,45.5,57.0,68.6,80.1,88.0,33.4,34.9,36.5,38.0,20.3,27.8,35.3,42.1,48.0,-16.6,-7.8,2.5,11.0,2.3,-8.0,49.0,57.5,67.3,74.5,68.3,58.6,5.1,17.9,28.3,34.5,40.9,49.0,56.4,49.3,41.5,34.5,27.7,17.4,10.1,27.8,34.2,40.8,52.5,40.8,34.2,27.8,-44.6,-24.1,-3.7,16.1,34.5,50.1,62.3,70.6,72.3,69.4,59.7,46.4,30.0,11.2,-8.4,-28.5,-48.9,-55.5,-63.3,-65.2,-63.0,-58.4,-60.2,-65.9,-69.2,-68.8,-62.3,-45.1,-32.2,-19.6,-6.9,1.6,3.9,5.8,3.6,0.8,-42.7,-47.6,-47.7,-41.7,-39.2,-38.8,-43.5,-50.5,-51.0,-46.9,-42.3,-41.7,27.2,22.7,19.9,21.6,19.6,22.2,25.8,33.5,36.5,37.4,37.0,34.3,27.5,26.0,26.5,25.6,26.4,27.2,28.2,27.7,689.2,692.2,695.7,697.6,696.9,693.7,687.3,678.7,678.1,687.6,703.2,715.7,721.3,720.9,719.4,717.8,717.6,657.1,650.8,646.3,642.7,640.7,647.8,655.5,664.5,674.1,684.3,646.1,639.9,633.3,627.2,643.3,642.0,641.6,645.2,649.4,656.2,653.3,653.8,655.1,653.7,653.2,664.5,667.1,671.1,677.3,671.2,667.3,660.4,650.0,646.4,647.6,649.8,658.8,672.3,659.7,651.9,649.2,648.4,651.7,658.2,649.1,649.9,652.7,668.1,652.0,649.1,648.6,0.587,0.167,-0.232,0.007,267.594,184.451,-3.252,8.314,-11.783,15.641,3.673,3.681,-5.912,1.584,3.067,-4.293,-0.446,1.251,-0.295,-1.511,-0.142,-0.575,0.041,1.276,-1.206,-0.52,0.318,-0.353,-0.191,-0.48,0.065,-0.027,0.151,0.0,-0.114,-0.032,-0.004,-0.009,0.003,-0.012,0.1,0.0,0.0,0.64,0.0,0.0,0.08,0.0,0.0,0.2,0.0,0.0,0.0,0.0,0.0,0.0,0.0,0.0,1.0,0.0,1.0,0.0,0.0,0.0,0.0,0.0,0.0,0.0,0.0,0.0,0.0,0.0,0.0,1.0,0.0
PP133,g1,5312,0,0.975,0.196206,0.163706,-0.966801,0.042114,0.16292,-0.98574,0.121,0.166,244.3,245.5,248.7,251.8,253.2,252.1,248.8,245.6,240.0,242.0,244.8,248.2,251.7,254.3,256.1,254.1,251.1,247.9,244.8,242.0,247.3,248.7,250.1,250.7,250.1,248.7,247.3,246.8,281.6,282.5,285.2,288.2,289.6,288.8,286.0,282.8,278.6,280.5,283.1,286.4,289.3,291.3,292.6,291.5,289.6,287.0,284.0,281.0,284.3,285.6,286.8,287.2,286.5,285.2,284.0,283.6,160.7,157.4,156.1,157.4,160.5,164.0,165.1,163.8,162.2,160.4,159.2,158.6,159.2,160.6,162.6,163.7,164.2,164.4,164.2,163.5,162.1,162.7,162.1,160.7,159.3,158.7,159.3,160.7,159.7,156.5,155.1,156.2,159.3,162.4,163.8,163.0,161.9,159.8,158.2,157.4,157.8,158.9,160.6,162.0,162.8,163.1,163.1,162.9,161.0,161.5,160.9,159.5,158.2,157.7,158.3,159.7,-7.6,-5.9,-1.8,2.4,4.2,2.8,-1.7,-5.8,-13.4,-10.7,-6.9,-2.3,2.2,5.7,8.1,5.4,1.5,-2.7,-6.9,-10.6,-3.5,-1.7,0.1,0.9,0.1,-1.7,-3.6,-4.3,43.0,44.3,48.1,52.3,54.4,53.0,49.2,44.7,39.0,41.5,45.0,49.6,53.8,56.9,59.0,57.1,54.2,50.5,46.3,42.1,46.8,48.7,50.4,50.9,50.0,48.2,46.5,45.9,-35.6,-39.9,-41.7,-40.0,-35.7,-31.1,-29.6,-31.3,-33.8,-36.0,-37.4,-38.2,-37.5,-35.7,-33.1,-31.5,-30.8,-30.5,-30.8,-31.9,-33.7,-32.9,-33.7,-35.6,-37.5,-38.2,-37.4,-35.5,-37.8,-42.2,-44.3,-42.9,-38.7,-34.3,-32.3,-33.4,-34.8,-37.7,-39.8,-41.0,-40.6,-39.4,-37.3,-35.2,-33.9,-33.2,-33.2,-33.5,-36.2,-35.6,-36.5,-38.4,-40.2,-40.8,-39.9,-38.0,517.5,518.0,518.2,518.0,517.5,517.3,516.8,517.0,521.6,519.1,516.8,515.7,516.3,517.7,519.4,517.7,516.1,515.8,516.8,519.0,518.1,518.0,518.1,518.3,518.5,518.6,518.5,518.3,531.6,532.7,534.3,535.5,535.7,534.6,533.0,531.9,532.0,531.2,531.1,532.1,534.7,538.2,541.5,538.2,534.8,532.4,531.3,531.4,533.6,534.1,534.8,535.3,535.2,534.7,534.0,533.5,29.4,-4.8,659.6,0.164,-0.173,-0.002,220.3,220.9,222.7,225.4,230.2,237.6,246.6,257.1,267.5,276.1,282.3,288.0,292.8,296.3,298.5,300.1,300.5,230.3,236.8,245.5,254.1,262.0,277.1,283.7,290.0,296.2,300.0,269.9,271.0,272.2,273.4,262.0,266.6,271.2,275.2,278.6,239.9,245.1,251.2,256.3,251.1,245.0,278.5,283.4,288.9,292.7,289.5,284.1,252.7,260.4,266.8,270.5,274.3,278.8,282.6,278.9,274.6,270.4,266.3,260.0,255.6,266.4,270.2,274.1,280.5,274.2,270.3,266.3,162.3,174.0,185.5,196.6,206.9,215.8,223.0,228.2,229.2,227.0,220.7,212.9,203.8,193.6,183.0,172.1,160.9,154.5,149.6,148.2,149.4,152.0,151.3,148.3,146.9,147.7,152.0,160.3,167.9,175.5,183.4,188.6,190.0,191.1,189.8,188.1,162.1,159.1,159.1,162.7,164.1,164.4,162.0,158.0,157.9,160.5,162.9,163.1,203.6,201.2,199.6,200.6,199.4,200.7,202.5,207.4,209.5,210.1,209.9,208.1,203.8,203.2,203.5,202.9,203.0,203.9,204.6,204.3,-52.5,-51.6,-48.6,-43.9,-35.3,-22.0,-6.0,12.3,30.5,46.0,58.2,69.6,79.1,85.5,89.4,92.1,92.8,-33.2,-21.9,-7.5,6.8,19.7,45.0,56.5,68.1,79.7,87.6,32.9,34.4,36.0,37.5,19.8,27.3,34.8,41.6,47.6,-17.0,-8.2,2.1,10.5,1.9,-8.4,48.6,57.1,66.9,74.1,67.9,58.2,4.5,17.3,27.8,33.9,40.5,48.6,56.1,48.9,41.0,34.0,27.1,16.7,9.5,27.3,33.7,40.3,52.2,40.4,33.7,27.2,-44.5,-24.0,-3.6,16.2,34.6,50.2,62.5,70.8,72.5,69.6,59.9,46.5,30.1,11.3,-8.3,-28.4,-48.8,-55.5,-63.2,-65.0,-62.8,-58.2,-60.0,-65.8,-69.0,-68.6,-62.2,-45.0,-32.1,-19.4,-6.7,1.7,4.1,6.0,3.7,0.9,-42.7,-47.5,-47.6,-41.6,-39.1,-38.7,-43.4,-50.4,-50.9,-46.8,-42.3,-41.6,27.2,22.7,20.1,21.7,19.8,22.2,25.8,33.6,36.7,37.6,37.2,34.4,27.5,26.1,26.6,25.7,26.5,27.4,28.4,27.9,689.7,692.7,696.2,698.2,697.5,694.4,687.9,679.2,678.5,688.0,703.6,716.0,721.5,721.1,719.5,717.9,717.6,657.5,651.2,646.7,643.0,641.0,648.0,655.7,664.6,674.2,684.4,646.4,640.2,633.6,627.5,643.7,642.4,641.9,645.5,649.7,656.6,653.7,654.2,655.5,654.1,653.7,664.8,667.3,671.2,677.5,671.4,667.5,661.0,650.6,646.9,648.0,650.3,659.2,672.7,660.3,652.5,649.8,648.9,652.2,658.7,649.6,650.3,653.2,668.6,652.5,649.6,649.2,0.587,0.169,-0.229,0.007,267.329,184.523,-3.718,8.343,-11.252,15.606,3.68,3.919,-5.901,1.605,3.073,-4.19,-0.206,1.163,-0.311,-1.424,-0.174,-0.526,0.006,1.28,-1.229,-0.56,0.262,-0.306,-0.241,-0.487,0.058,-0.041,0.153,-0.001,-0.112,-0.028,-0.007,-0.007,0.003,-0.01,0.37,0.0,0.0,0.84,0.0,0.0,0.0,0.0,0.0,0.0,0.0,0.0,0.0,0.0,0.0,0.0,0.0,0.0,1.0,0.0,1.0,0.0,0.0,0.0,0.0,0.0,0.0,0.0,0.0,0.0,0.0,0.0,0.0,1.0,0.0
PP133,g1,5318,0,0.975,0.196335,0.167574,-0.966112,0.042038,0.166643,-0.985121,0.122,0.17,244.3,245.5,248.7,251.8,253.1,252.1,248.7,245.6,240.0,242.0,244.8,248.2,251.7,254.3,256.1,254.0,251.1,247.9,244.8,242.0,247.3,248.7,250.1,250.6,250.1,248.7,247.3,246.8,281.6,282.5,285.2,288.1,289.6,288.7,286.0,282.8,278.6,280.5,283.1,286.4,289.3,291.3,292.5,291.4,289.5,287.0,284.0,281.0,284.3,285.6,286.8,287.2,286.5,285.2,284.0,283.6,160.6,157.4,156.1,157.4,160.5,164.0,165.1,163.8,162.1,160.4,159.2,158.6,159.2,160.6,162.6,163.7,164.2,164.4,164.2,163.5,162.1,162.7,162.1,160.7,159.3,158.7,159.3,160.7,159.7,156.6,155.1,156.3,159.3,162.4,163.9,163.0,161.9,159.8,158.2,157.5,157.9,158.9,160.6,162.0,162.8,163.2,163.2,162.9,161.0,161.5,160.9,159.5,158.2,157.7,158.3,159.7,-7.6,-5.9,-1.8,2.4,4.2,2.8,-1.7,-5.9,-13.4,-10.7,-6.9,-2.3,2.2,5.7,8.1,5.4,1.5,-2.7,-6.9,-10.6,-3.5,-1.7,0.1,0.9,0.1,-1.7,-3.6,-4.3,43.0,44.3,48.2,52.4,54.4,53.1,49.2,44.7,39.0,41.5,45.1,49.6,53.8,57.0,59.1,57.2,54.2,50.5,46.3,42.2,46.9,48.7,50.4,51.0,50.1,48.3,46.6,46.0,-35.6,-39.9,-41.8,-40.0,-35.8,-31.2,-29.7,-31.4,-33.9,-36.1,-37.5,-38.2,-37.5,-35.7,-33.2,-31.6,-30.9,-30.6,-30.9,-31.9,-33.8,-33.0,-33.8,-35.7,-37.5,-38.3,-37.5,-35.6,-37.9,-42.2,-44.3,-42.9,-38.7,-34.4,-32.3,-33.4,-34.9,-37.7,-39.8,-41.0,-40.6,-39.5,-37.3,-35.2,-33.9,-33.2,-33.2,-33.5,-36.2,-35.6,-36.5,-38.4,-40.2,-40.9,-39.9,-38.0,518.4,518.8,519.0,518.8,518.4,518.1,517.7,517.9,522.4,519.9,517.6,516.5,517.1,518.6,520.2,518.6,517.0,516.6,517.7,519.9,519.0,518.9,519.0,519.2,519.4,519.5,519.4,519.2,532.5,533.5,535.1,536.4,536.5,535.5,533.9,532.7,532.8,532.1,531.9,533.0,535.6,539.1,542.4,539.1,535.7,533.3,532.1,532.3,534.4,535.0,535.7,536.2,536.1,535.5,534.8,534.4,29.3,-4.8,660.0,0.169,-0.173,0.0,220.3,220.9,222.6,225.3,230.1,237.5,246.4,256.9,267.4,276.0,282.2,287.8,292.7,296.2,298.5,300.1,300.5,230.4,237.0,245.6,254.1,262.0,277.2,283.7,290.0,296.1,300.0,269.9,271.0,272.1,273.3,262.0,266.5,271.1,275.1,278.5,239.9,245.1,251.2,256.3,251.1,245.0,278.5,283.4,288.9,292.7,289.5,284.0,252.6,260.3,266.7,270.4,274.2,278.7,282.4,278.8,274.4,270.3,266.2,259.9,255.6,266.3,270.1,274.0,280.4,274.0,270.2,266.3,162.2,173.8,185.3,196.4,206.7,215.6,222.8,228.1,229.2,227.0,220.7,212.8,203.7,193.6,182.9,172.0,160.9,154.4,149.5,148.2,149.4,152.1,151.4,148.4,147.0,147.7,152.0,160.3,168.0,175.6,183.5,188.6,190.0,191.2,189.8,188.1,162.1,159.1,159.1,162.7,164.1,164.3,162.0,158.0,157.9,160.5,162.9,163.2,203.6,201.2,199.7,200.6,199.4,200.7,202.5,207.4,209.6,210.1,209.9,208.1,203.8,203.3,203.5,202.9,203.0,203.9,204.6,204.3,-52.5,-51.6,-48.8,-44.1,-35.5,-22.3,-6.3,12.0,30.2,45.8,58.0,69.4,78.9,85.4,89.3,92.0,92.8,-33.0,-21.7,-7.4,6.8,19.6,45.1,56.6,68.1,79.6,87.6,32.9,34.4,35.9,37.4,19.7,27.2,34.7,41.5,47.4,-17.0,-8.2,2.1,10.5,1.9,-8.4,48.6,57.1,66.9,74.1,67.8,58.2,4.4,17.2,27.6,33.8,40.3,48.4,55.9,48.7,40.8,33.8,26.9,16.6,9.4,27.2,33.5,40.2,52.0,40.2,33.5,27.0,-44.7,-24.2,-3.9,15.9,34.3,50.0,62.3,70.7,72.5,69.6,59.8,46.4,30.0,11.2,-8.4,-28.4,-48.8,-55.7,-63.3,-65.0,-62.8,-58.2,-59.9,-65.7,-69.0,-68.6,-62.3,-44.9,-32.0,-19.3,-6.5,1.8,4.2,6.1,3.8,1.0,-42.7,-47.6,-47.6,-41.6,-39.1,-38.8,-43.3,-50.4,-50.9,-46.7,-42.2,-41.6,27.2,22.8,20.1,21.8,19.8,22.3,25.9,33.7,36.9,37.7,37.3,34.5,27.5,26.2,26.7,25.8,26.6,27.5,28.5,28.0,689.7,692.8,696.4,698.5,697.9,694.8,688.4,679.8,679.1,688.6,704.1,716.5,721.9,721.5,719.8,718.0,717.7,657.4,651.2,646.8,643.1,641.1,648.2,655.8,664.6,674.1,684.3,646.5,640.5,633.9,627.9,644.1,642.8,642.4,645.9,650.1,656.7,653.8,654.3,655.7,654.3,653.8,664.9,667.4,671.3,677.5,671.5,667.6,661.4,651.0,647.3,648.5,650.7,659.7,673.2,660.8,653.0,650.3,649.4,652.7,659.2,650.1,650.8,653.6,669.1,653.0,650.2,649.7,0.586,0.174,-0.229,0.01,267.269,184.52,-4.215,8.187,-11.491,15.445,3.604,3.869,-5.754,1.751,2.943,-4.099,-0.057,1.217,-0.353,-1.644,-0.122,-0.601,0.025,1.332,-1.248,-0.582,0.268,-0.258,-0.202,-0.466,0.057,-0.005,0.133,0.005,-0.119,-0.03,-0.011,-0.007,0.006,-0.006,0.38,0.06,0.0,0.69,0.0,0.0,0.1,0.0,0.0,0.02,0.0,0.0,0.0,0.0,0.0,0.0,0.0,0.0,1.0,0.0,1.0,0.0,0.0,0.0,0.0,0.0,0.0,0.0,0.0,0.0,0.0,0.0,0.0,1.0,0.0
PP133,g1,5324,0,0.975,0.196596,0.166914,-0.966173,0.043085,0.165592,-0.985253,0.122,0.169,244.3,245.6,248.7,251.9,253.2,252.1,248.8,245.6,240.1,242.0,244.9,248.3,251.7,254.3,256.1,254.1,251.2,248.0,244.9,242.1,247.4,248.8,250.1,250.7,250.1,248.7,247.4,246.8,281.5,282.4,285.1,288.1,289.6,288.7,286.0,282.8,278.6,280.5,283.1,286.3,289.2,291.3,292.5,291.4,289.5,287.0,284.0,280.9,284.2,285.5,286.7,287.1,286.5,285.2,284.0,283.6,160.4,157.1,155.8,157.1,160.3,163.7,164.8,163.5,161.9,160.1,158.9,158.3,158.9,160.3,162.3,163.4,163.9,164.1,163.9,163.2,161.8,162.4,161.8,160.4,159.0,158.4,159.0,160.4,159.5,156.3,154.9,156.0,159.1,162.2,163.6,162.7,161.7,159.6,158.0,157.2,157.6,158.7,160.4,161.8,162.6,162.9,162.9,162.7,160.8,161.3,160.6,159.3,158.0,157.5,158.1,159.5,-7.6,-5.9,-1.7,2.5,4.2,2.8,-1.6,-5.8,-13.3,-10.6,-6.8,-2.3,2.3,5.8,8.2,5.4,1.6,-2.7,-6.8,-10.5,-3.5,-1.6,0.2,0.9,0.1,-1.7,-3.5,-4.3,43.0,44.3,48.2,52.4,54.4,53.1,49.2,44.7,39.0,41.6,45.1,49.6,53.8,57.0,59.1,57.2,54.2,50.5,46.3,42.2,46.9,48.7,50.4,51.0,50.1,48.3,46.6,46.0,-36.1,-40.4,-42.2,-40.5,-36.2,-31.6,-30.1,-31.8,-34.4,-36.6,-38.0,-38.7,-38.0,-36.2,-33.6,-32.0,-31.3,-31.0,-31.4,-32.4,-34.2,-33.5,-34.3,-36.1,-38.0,-38.8,-38.0,-36.1,-38.3,-42.6,-44.7,-43.3,-39.1,-34.7,-32.7,-33.8,-35.3,-38.1,-40.2,-41.4,-41.0,-39.8,-37.7,-35.5,-34.2,-33.6,-33.6,-33.9,-36.6,-36.0,-36.9,-38.8,-40.6,-41.2,-40.3,-38.4,519.6,520.1,520.3,520.1,519.6,519.4,519.0,519.2,523.7,521.2,518.9,517.8,518.4,519.9,521.5,519.9,518.3,517.9,519.0,521.1,520.2,520.2,520.2,520.5,520.7,520.7,520.7,520.4,533.2,534.3,535.9,537.2,537.3,536.3,534.6,533.5,533.6,532.9,532.7,533.7,536.4,539.8,543.1,539.8,536.5,534.0,532.9,533.0,535.2,535.7,536.5,536.9,536.9,536.3,535.6,535.1,29.2,-5.2,660.2,0.167,-0.174,0.001,220.3,220.9,222.6,225.3,230.0,237.4,246.4,256.8,267.3,275.9,282.2,287.8,292.6,296.2,298.4,300.0,300.4,230.4,237.0,245.6,254.2,262.0,277.2,283.7,290.0,296.1,299.9,269.9,271.0,272.1,273.3,262.0,266.5,271.1,275.1,278.5,239.9,245.2,251.3,256.3,251.2,245.0,278.5,283.4,288.9,292.6,289.4,284.0,252.5,260.3,266.6,270.3,274.2,278.6,282.4,278.7,274.4,270.2,266.2,259.9,255.5,266.3,270.1,274.0,280.3,274.0,270.1,266.2,161.9,173.6,185.1,196.1,206.4,215.3,222.6,227.9,228.9,226.7,220.5,212.6,203.5,193.4,182.7,171.8,160.7,154.2,149.3,147.9,149.1,151.8,151.1,148.1,146.7,147.6,151.8,160.1,167.7,175.3,183.2,188.3,189.8,190.9,189.6,187.9,161.8,158.8,158.8,162.4,163.9,164.1,161.8,157.8,157.7,160.3,162.7,162.9,203.3,200.9,199.4,200.4,199.2,200.5,202.3,207.2,209.3,209.9,209.6,207.8,203.5,203.0,203.3,202.7,202.8,203.7,204.3,204.1,-52.5,-51.7,-48.9,-44.3,-35.7,-22.5,-6.4,11.9,30.1,45.7,58.0,69.3,78.8,85.3,89.2,91.9,92.6,-32.9,-21.7,-7.4,6.9,19.7,45.1,56.5,68.1,79.6,87.5,32.9,34.4,36.0,37.5,19.7,27.2,34.7,41.5,47.4,-16.9,-8.1,2.1,10.5,1.9,-8.3,48.5,57.1,66.8,74.0,67.8,58.1,4.3,17.2,27.6,33.8,40.3,48.4,55.8,48.6,40.7,33.7,26.9,16.5,9.3,27.1,33.5,40.1,51.9,40.1,33.5,27.0,-45.2,-24.7,-4.4,15.4,33.9,49.5,61.9,70.3,72.0,69.2,59.4,46.0,29.6,10.8,-8.8,-28.8,-49.2,-56.1,-63.7,-65.5,-63.3,-58.7,-60.4,-66.2,-69.4,-69.0,-62.6,-45.4,-32.5,-19.8,-7.0,1.3,3.7,5.6,3.4,0.6,-43.2,-48.1,-48.1,-42.1,-39.6,-39.3,-43.8,-50.8,-51.3,-47.1,-42.6,-42.0,26.8,22.4,19.7,21.4,19.5,21.9,25.5,33.3,36.4,37.2,36.8,34.0,27.0,25.8,26.3,25.4,26.2,27.0,28.0,27.5,690.0,693.0,696.6,698.7,698.0,694.9,688.4,679.8,679.2,688.7,704.2,716.7,722.2,721.8,720.2,718.4,718.0,657.8,651.6,647.1,643.5,641.5,648.6,656.2,665.1,674.6,684.7,646.9,640.8,634.2,628.2,644.3,643.0,642.6,646.1,650.3,656.9,654.1,654.6,656.0,654.5,654.1,665.2,667.7,671.6,677.8,671.8,668.0,661.6,651.2,647.6,648.7,651.0,659.9,673.4,661.0,653.2,650.4,649.6,652.9,659.4,650.3,651.0,653.9,669.3,653.2,650.3,649.9,0.586,0.172,-0.23,0.011,267.235,184.265,-4.13,8.28,-11.562,15.431,3.392,4.082,-5.643,1.559,3.047,-3.838,-0.219,1.19,-0.273,-1.685,-0.186,-0.542,0.065,1.384,-1.257,-0.6,0.222,-0.323,-0.219,-0.422,0.073,-0.021,0.132,-0.006,-0.113,-0.03,-0.008,-0.008,0.004,-0.008,0.26,0.08,0.0,0.8,0.0,0.0,0.0,0.0,0.0,0.28,0.0,0.0,0.0,0.0,0.0,0.0,0.0,0.0,1.0,0.0,1.0,0.0,0.0,0.0,0.0,0.0,0.0,0.0,0.0,0.0,0.0,0.0,0.0,1.0,0.0
PP133,g1,5330,0,0.975,0.199492,0.169431,-0.96514,0.045778,0.167893,-0.984742,0.125,0.171,244.8,246.1,249.2,252.4,253.7,252.6,249.3,246.1,240.5,242.5,245.4,248.8,252.3,254.8,256.6,254.6,251.7,248.5,245.4,242.6,247.9,249.3,250.6,251.2,250.6,249.2,247.9,247.3,282.1,282.9,285.7,288.6,290.1,289.2,286.5,283.3,279.1,281.0,283.6,286.9,289.7,291.8,293.0,291.9,290.0,287.5,284.5,281.4,284.7,286.0,287.2,287.6,287.0,285.7,284.5,284.1,160.3,157.1,155.7,157.0,160.2,163.7,164.8,163.5,161.8,160.0,158.8,158.3,158.8,160.3,162.3,163.4,163.9,164.1,163.8,163.2,161.8,162.3,161.7,160.3,158.9,158.4,159.0,160.4,159.5,156.3,154.9,156.0,159.0,162.2,163.6,162.7,161.7,159.5,158.0,157.2,157.6,158.7,160.4,161.8,162.6,162.9,162.9,162.6,160.8,161.3,160.6,159.3,157.9,157.4,158.1,159.4,-6.9,-5.2,-1.0,3.2,4.9,3.5,-0.9,-5.1,-12.6,-9.9,-6.1,-1.6,3.0,6.4,8.8,6.1,2.2,-2.0,-6.1,-9.9,-2.8,-1.0,0.9,1.6,0.8,-1.0,-2.8,-3.6,43.7,45.0,48.9,53.1,55.1,53.8,49.9,45.4,39.7,42.2,45.8,50.3,54.5,57.7,59.7,57.9,54.9,51.2,47.0,42.9,47.6,49.4,51.1,51.7,50.8,49.0,47.3,46.7,-36.1,-40.4,-42.2,-40.5,-36.2,-31.6,-30.1,-31.8,-34.4,-36.6,-38.0,-38.7,-38.0,-36.2,-33.6,-32.0,-31.3,-31.0,-31.3,-32.4,-34.2,-33.4,-34.2,-36.1,-38.0,-38.7,-37.9,-36.1,-38.3,-42.6,-44.7,-43.3,-39.1,-34.7,-32.7,-33.8,-35.3,-38.1,-40.2,-41.4,-41.0,-39.8,-37.7,-35.5,-34.2,-33.6,-33.5,-33.9,-36.6,-36.0,-36.9,-38.8,-40.6,-41.2,-40.3,-38.4,518.4,518.9,519.1,518.9,518.5,518.2,517.7,517.9,522.4,519.9,517.6,516.5,517.2,518.7,520.4,518.7,517.1,516.7,517.7,519.9,519.0,518.9,519.0,519.2,519.5,519.5,519.4,519.2,532.9,533.9,535.6,536.9,537.0,536.0,534.3,533.2,533.3,532.5,532.4,533.4,536.1,539.6,542.9,539.6,536.2,533.7,532.6,532.7,534.9,535.4,536.2,536.6,536.6,536.0,535.3,534.8,30.0,-5.1,658.3,0.17,-0.179,0.003,220.6,221.1,222.8,225.5,230.3,237.6,246.6,257.2,267.6,276.3,282.5,288.1,293.0,296.5,298.8,300.4,300.8,230.9,237.5,246.1,254.8,262.6,277.7,284.2,290.5,296.6,300.4,270.5,271.6,272.8,273.9,262.5,267.1,271.6,275.6,279.0,240.4,245.7,251.8,256.8,251.7,245.5,279.0,283.9,289.4,293.1,289.9,284.5,253.1,260.9,267.2,270.9,274.7,279.1,282.8,279.2,274.9,270.8,266.7,260.4,256.0,266.8,270.6,274.5,280.8,274.5,270.7,266.8,161.8,173.4,185.0,196.1,206.5,215.4,222.7,228.0,229.1,226.9,220.6,212.7,203.5,193.4,182.7,171.8,160.7,154.0,149.2,147.9,149.1,151.8,151.1,148.1,146.7,147.5,151.8,160.1,167.7,175.3,183.2,188.4,189.8,191.0,189.6,187.9,161.7,158.8,158.8,162.4,163.8,164.0,161.8,157.8,157.6,160.3,162.7,162.9,203.5,201.1,199.6,200.5,199.3,200.6,202.4,207.3,209.4,210.0,209.8,208.0,203.7,203.2,203.4,202.8,202.9,203.8,204.5,204.2,-51.8,-51.0,-48.3,-43.7,-35.2,-22.0,-5.9,12.4,30.6,46.2,58.4,69.7,79.3,85.8,89.7,92.5,93.2,-32.0,-20.8,-6.4,7.9,20.7,45.9,57.3,68.8,80.3,88.2,33.8,35.2,36.8,38.3,20.6,28.0,35.5,42.3,48.2,-16.1,-7.2,3.0,11.4,2.8,-7.5,49.3,57.8,67.5,74.6,68.5,58.8,5.2,18.1,28.5,34.6,41.1,49.1,56.4,49.3,41.5,34.5,27.7,17.4,10.2,28.0,34.3,40.9,52.6,40.9,34.3,27.9,-45.2,-24.8,-4.5,15.3,33.8,49.5,61.8,70.3,72.2,69.3,59.5,46.0,29.6,10.9,-8.8,-28.8,-49.1,-56.1,-63.7,-65.4,-63.1,-58.5,-60.2,-66.0,-69.3,-68.8,-62.5,-45.3,-32.4,-19.7,-7.0,1.4,3.8,5.7,3.5,0.7,-43.2,-48.0,-48.0,-42.0,-39.5,-39.2,-43.7,-50.7,-51.2,-47.1,-42.5,-41.9,26.9,22.5,19.9,21.6,19.6,22.1,25.7,33.5,36.6,37.4,37.0,34.2,27.2,26.0,26.5,25.6,26.3,27.2,28.2,27.7,687.4,690.5,694.1,696.3,695.7,692.7,686.4,677.9,677.4,687.0,702.5,714.9,720.5,720.1,718.5,716.8,716.4,655.2,649.0,644.7,641.1,639.3,646.5,654.2,663.2,672.8,683.0,644.8,638.7,632.1,626.1,642.2,641.0,640.6,644.2,648.4,654.6,651.7,652.3,653.8,652.3,651.7,663.3,665.8,669.8,676.1,670.0,666.0,659.4,649.1,645.6,646.8,649.1,658.0,671.5,659.1,651.4,648.6,647.7,650.9,657.2,648.3,649.1,652.0,667.4,651.3,648.4,647.9,0.588,0.175,-0.236,0.013,267.72,184.312,-3.98,8.3,-11.685,15.771,3.362,3.786,-5.362,1.513,3.247,-3.791,-0.144,1.306,-0.485,-1.782,-0.169,-0.545,-0.07,1.212,-1.178,-0.617,0.368,-0.402,-0.291,-0.383,0.082,-0.028,0.139,0.002,-0.12,-0.03,-0.019,-0.005,0.009,-0.008,0.32,0.07,0.0,0.71,0.0,0.0,0.16,0.0,0.0,0.29,0.0,0.0,0.0,0.0,0.0,0.0,0.0,0.0,1.0,0.0,1.0,0.0,0.0,0.0,0.0,0.0,0.0,0.0,0.0,0.0,0.0,0.0,0.0,1.0,0.0
PP133,g1,5336,0,0.975,0.19675,0.171416,-0.965353,0.043243,0.16958,-0.984567,0.122,0.173,245.0,246.3,249.4,252.6,253.9,252.8,249.5,246.3,240.7,242.7,245.5,249.0,252.4,255.0,256.8,254.7,251.8,248.7,245.5,242.8,248.1,249.4,250.8,251.4,250.8,249.4,248.0,247.5,282.3,283.2,285.9,288.9,290.3,289.4,286.7,283.5,279.3,281.2,283.8,287.1,290.0,292.0,293.2,292.1,290.2,287.7,284.7,281.7,285.0,286.3,287.5,287.9,287.2,285.9,284.7,284.3,160.8,157.6,156.3,157.6,160.8,164.2,165.3,164.0,162.3,160.5,159.4,158.8,159.4,160.8,162.8,164.0,164.4,164.6,164.4,163.7,162.3,162.9,162.3,160.9,159.5,158.9,159.5,160.9,160.0,156.9,155.4,156.6,159.6,162.8,164.2,163.3,162.2,160.1,158.5,157.8,158.2,159.2,160.9,162.3,163.1,163.5,163.5,163.2,161.3,161.8,161.2,159.8,158.5,158.0,158.6,160.0,-6.7,-5.0,-0.8,3.4,5.1,3.7,-0.7,-4.9,-12.4,-9.7,-5.9,-1.3,3.2,6.7,9.1,6.3,2.4,-1.8,-5.9,-9.6,-2.6,-0.7,1.1,1.8,1.1,-0.8,-2.6,-3.3,44.0,45.3,49.2,53.4,55.4,54.0,50.2,45.7,40.0,42.5,46.1,50.6,54.8,58.0,60.0,58.1,55.2,51.5,47.3,43.1,47.9,49.7,51.4,52.0,51.1,49.2,47.5,47.0,-35.4,-39.7,-41.5,-39.8,-35.5,-30.9,-29.4,-31.1,-33.7,-35.9,-37.3,-38.0,-37.3,-35.5,-32.9,-31.3,-30.6,-30.3,-30.7,-31.7,-33.5,-32.7,-33.5,-35.4,-37.3,-38.0,-37.2,-35.4,-37.5,-41.8,-43.9,-42.4,-38.3,-33.9,-31.9,-33.0,-34.5,-37.3,-39.4,-40.6,-40.2,-39.0,-36.9,-34.7,-33.4,-32.8,-32.7,-33.1,-35.8,-35.2,-36.1,-38.0,-39.8,-40.4,-39.5,-37.6,518.4,518.9,519.1,518.9,518.5,518.2,517.8,518.0,522.5,520.0,517.7,516.6,517.2,518.7,520.4,518.7,517.1,516.7,517.8,520.0,519.1,519.0,519.1,519.3,519.5,519.6,519.5,519.3,532.4,533.4,535.1,536.3,536.5,535.5,533.8,532.7,532.8,532.0,531.9,532.9,535.6,539.0,542.3,539.0,535.7,533.2,532.1,532.2,534.4,534.9,535.6,536.1,536.0,535.5,534.8,534.3,30.2,-4.2,658.3,0.174,-0.175,0.003,220.7,221.3,223.0,225.7,230.5,237.9,246.9,257.4,267.9,276.5,282.7,288.3,293.2,296.7,299.0,300.7,301.1,231.1,237.6,246.2,254.9,262.7,278.0,284.5,290.8,296.9,300.7,270.7,271.7,272.9,274.0,262.6,267.2,271.7,275.7,279.2,240.6,245.8,252.0,257.0,251.8,245.7,279.2,284.2,289.6,293.4,290.1,284.7,253.2,260.9,267.3,271.0,274.8,279.2,282.9,279.3,274.9,270.8,266.8,260.5,256.1,266.9,270.7,274.6,280.8,274.6,270.7,266.9,162.2,173.9,185.5,196.6,207.0,216.0,223.3,228.5,229.6,227.3,221.0,213.0,203.9,193.8,183.2,172.3,161.2,154.6,149.7,148.4,149.6,152.3,151.7,148.7,147.3,148.1,152.3,160.6,168.3,176.0,183.9,189.0,190.5,191.6,190.3,188.6,162.2,159.3,159.3,162.9,164.4,164.5,162.3,158.3,158.2,160.9,163.3,163.5,204.0,201.7,200.2,201.2,200.0,201.3,203.1,208.0,210.1,210.7,210.4,208.6,204.3,203.8,204.1,203.5,203.6,204.5,205.1,204.8,-51.5,-50.8,-48.0,-43.4,-34.7,-21.5,-5.4,12.8,31.0,46.6,58.9,70.2,79.7,86.1,90.1,92.9,93.6,-31.8,-20.5,-6.2,8.0,20.8,46.3,57.8,69.3,80.7,88.5,34.1,35.5,37.0,38.5,20.8,28.2,35.7,42.5,48.4,-15.8,-6.9,3.3,11.6,3.1,-7.2,49.6,58.2,67.9,75.0,68.8,59.2,5.4,18.2,28.6,34.7,41.2,49.2,56.6,49.5,41.6,34.6,27.8,17.5,10.3,28.1,34.4,41.0,52.7,41.0,34.4,28.0,-44.6,-24.1,-3.6,16.2,34.8,50.5,62.9,71.3,73.0,70.1,60.2,46.7,30.2,11.6,-7.9,-27.8,-48.1,-55.2,-62.7,-64.5,-62.2,-57.5,-59.2,-64.9,-68.2,-67.8,-61.5,-44.3,-31.3,-18.6,-5.8,2.5,4.9,6.8,4.6,1.8,-42.3,-47.1,-47.1,-41.1,-38.6,-38.3,-42.7,-49.7,-50.2,-46.1,-41.5,-40.9,27.9,23.6,21.0,22.6,20.7,23.2,26.7,34.5,37.6,38.5,38.0,35.2,28.2,27.0,27.5,26.6,27.4,28.3,29.3,28.8,687.6,690.8,694.7,696.9,696.2,693.1,686.8,678.3,677.7,687.2,702.7,715.0,720.3,719.7,717.9,716.0,715.6,655.0,648.8,644.4,640.9,639.0,646.3,654.0,662.8,672.3,682.4,644.6,638.5,632.0,626.1,642.3,641.1,640.7,644.2,648.4,654.4,651.5,652.0,653.5,652.1,651.6,663.0,665.5,669.5,675.7,669.7,665.8,659.7,649.3,645.7,646.9,649.2,658.2,671.6,659.3,651.6,648.8,647.9,651.1,657.5,648.5,649.3,652.2,667.5,651.5,648.6,648.1,0.588,0.181,-0.232,0.013,267.878,184.874,-4.595,9.378,-11.924,15.689,3.754,3.935,-5.588,1.578,3.316,-3.859,-0.128,1.39,-0.101,-1.765,-0.144,-0.49,0.097,1.357,-1.244,-0.624,0.363,-0.372,-0.297,-0.543,0.114,-0.021,0.127,0.013,-0.121,-0.023,-0.016,-0.005,0.006,-0.005,0.6,0.06,0.0,0.72,0.0,0.0,0.04,0.0,0.0,0.23,0.0,0.0,0.0,0.0,0.0,0.0,0.0,0.0,1.0,0.0,1.0,0.0,0.0,0.0,0.0,0.0,0.0,0.0,0.0,0.0,0.0,0.0,0.0,1.0,0.0
PP133,g1,5342,0,0.975,0.193318,0.17557,-0.9653,0.04011,0.173436,-0.984028,0.119,0.177,245.3,246.5,249.7,252.8,254.1,253.1,249.7,246.6,241.0,243.0,245.8,249.3,252.7,255.3,257.1,255.0,252.1,248.9,245.8,243.0,248.3,249.7,251.1,251.6,251.1,249.7,248.3,247.8,282.6,283.5,286.2,289.2,290.6,289.7,287.0,283.8,279.6,281.5,284.1,287.4,290.3,292.3,293.5,292.4,290.5,288.0,285.0,281.9,285.3,286.6,287.8,288.2,287.5,286.2,285.0,284.6,160.9,157.6,156.3,157.6,160.8,164.3,165.4,164.0,162.3,160.6,159.4,158.8,159.4,160.8,162.9,164.0,164.4,164.6,164.4,163.7,162.3,162.9,162.3,160.9,159.5,158.9,159.5,160.9,160.1,157.0,155.5,156.7,159.7,162.9,164.3,163.4,162.3,160.2,158.6,157.9,158.3,159.3,161.0,162.4,163.2,163.6,163.6,163.3,161.4,161.9,161.3,159.9,158.6,158.1,158.7,160.1,-6.3,-4.6,-0.4,3.7,5.5,4.1,-0.4,-4.6,-12.1,-9.4,-5.6,-1.0,3.6,7.0,9.4,6.6,2.8,-1.4,-5.6,-9.3,-2.2,-0.4,1.4,2.2,1.4,-0.4,-2.2,-3.0,44.4,45.7,49.6,53.7,55.7,54.4,50.5,46.0,40.3,42.9,46.4,51.0,55.2,58.3,60.4,58.5,55.5,51.8,47.6,43.5,48.2,50.0,51.7,52.3,51.4,49.6,47.9,47.3,-35.4,-39.7,-41.5,-39.7,-35.4,-30.8,-29.4,-31.1,-33.7,-35.9,-37.3,-37.9,-37.2,-35.4,-32.8,-31.2,-30.5,-30.2,-30.6,-31.7,-33.5,-32.7,-33.5,-35.4,-37.2,-38.0,-37.2,-35.3,-37.3,-41.7,-43.7,-42.3,-38.1,-33.7,-31.7,-32.8,-34.3,-37.2,-39.3,-40.4,-40.0,-38.8,-36.7,-34.5,-33.2,-32.6,-32.6,-32.9,-35.6,-35.0,-35.9,-37.8,-39.6,-40.3,-39.4,-37.5,518.6,519.1,519.2,519.1,518.6,518.4,517.9,518.1,522.7,520.1,517.8,516.7,517.3,518.8,520.5,518.8,517.3,516.9,517.9,520.1,519.2,519.1,519.2,519.4,519.6,519.7,519.6,519.4,531.9,533.0,534.6,535.9,536.0,535.0,533.4,532.2,532.3,531.6,531.4,532.4,535.1,538.6,541.9,538.6,535.2,532.8,531.6,531.8,533.9,534.5,535.2,535.6,535.6,535.0,534.3,533.8,30.6,-4.1,658.4,0.18,-0.17,0.005,221.1,221.6,223.3,226.0,230.7,238.1,247.1,257.5,268.0,276.7,282.9,288.6,293.5,297.0,299.3,301.0,301.5,231.4,237.9,246.6,255.2,263.0,278.2,284.8,291.1,297.3,301.0,270.9,271.9,273.1,274.2,262.8,267.3,271.9,275.9,279.3,240.9,246.1,252.2,257.2,252.1,245.9,279.5,284.5,289.9,293.7,290.4,285.0,253.3,261.1,267.4,271.1,274.9,279.4,283.1,279.5,275.1,271.0,266.9,260.6,256.3,267.0,270.8,274.7,281.0,274.7,270.9,267.0,162.0,173.7,185.3,196.4,206.8,215.8,223.2,228.5,229.6,227.3,220.9,212.9,203.8,193.7,183.1,172.3,161.2,154.6,149.8,148.5,149.7,152.5,151.9,148.9,147.5,148.3,152.5,160.8,168.5,176.2,184.0,189.1,190.6,191.8,190.4,188.7,162.3,159.3,159.3,163.0,164.4,164.6,162.4,158.4,158.3,161.0,163.4,163.6,204.1,201.8,200.3,201.3,200.1,201.4,203.1,208.0,210.2,210.8,210.5,208.7,204.3,203.9,204.2,203.6,203.6,204.6,205.2,204.9,-50.9,-50.2,-47.5,-42.9,-34.3,-21.2,-5.1,13.1,31.3,46.9,59.3,70.7,80.2,86.7,90.7,93.5,94.3,-31.3,-20.0,-5.6,8.5,21.3,46.7,58.2,69.8,81.3,89.1,34.5,35.8,37.3,38.7,21.0,28.4,35.9,42.7,48.7,-15.3,-6.5,3.7,12.1,3.5,-6.8,50.1,58.7,68.4,75.5,69.3,59.7,5.6,18.4,28.8,34.9,41.4,49.5,57.0,49.7,41.8,34.8,28.0,17.7,10.6,28.3,34.7,41.2,53.0,41.3,34.7,28.2,-44.9,-24.4,-4.0,15.9,34.5,50.3,62.8,71.3,73.1,70.1,60.2,46.6,30.1,11.4,-8.0,-27.9,-48.2,-55.2,-62.7,-64.4,-62.0,-57.3,-58.9,-64.6,-67.9,-67.5,-61.2,-44.1,-31.1,-18.4,-5.5,2.6,5.0,7.0,4.8,2.0,-42.3,-47.0,-47.0,-41.0,-38.6,-38.2,-42.6,-49.5,-50.0,-45.9,-41.3,-40.8,28.0,23.7,21.2,22.9,20.9,23.4,26.9,34.7,37.8,38.7,38.2,35.4,28.3,27.2,27.7,26.8,27.6,28.5,29.5,29.0,687.9,691.2,695.1,697.4,696.8,693.7,687.3,678.8,678.2,687.7,703.1,715.3,720.4,719.7,717.8,715.8,715.3,655.2,648.9,644.4,640.7,638.9,646.0,653.6,662.4,671.9,682.1,644.4,638.4,631.9,626.1,642.4,641.1,640.7,644.2,648.4,654.5,651.6,652.1,653.6,652.2,651.7,662.9,665.2,669.2,675.5,669.5,665.6,660.1,649.6,646.0,647.2,649.4,658.3,671.8,659.6,651.9,649.1,648.3,651.5,657.8,648.8,649.5,652.4,667.7,651.8,648.9,648.4,0.588,0.186,-0.227,0.016,268.106,184.926,-4.307,9.414,-11.795,15.842,3.679,3.958,-5.612,1.472,3.397,-3.835,-0.051,1.138,-0.258,-1.844,-0.317,-0.434,0.018,1.368,-1.155,-0.597,0.402,-0.341,-0.317,-0.53,0.093,-0.03,0.129,-0.0,-0.122,-0.028,-0.022,-0.004,0.008,-0.004,0.59,0.05,0.0,0.65,0.0,0.0,0.02,0.0,0.0,0.28,0.0,0.0,0.0,0.0,0.0,0.0,0.0,0.0,1.0,0.0,1.0,0.0,0.0,0.0,0.0,0.0,0.0,0.0,0.0,0.0,0.0,0.0,0.0,1.0,0.0
PP133,g1,5348,0,0.975,0.193894,0.176664,-0.964984,0.041687,0.174192,-0.983829,0.12,0.178,245.6,246.9,250.0,253.2,254.5,253.4,250.0,246.9,241.3,243.3,246.1,249.6,253.0,255.6,257.4,255.3,252.4,249.2,246.1,243.4,248.7,250.0,251.4,252.0,251.4,250.0,248.7,248.1,282.9,283.8,286.5,289.5,290.9,290.0,287.3,284.1,279.9,281.8,284.5,287.7,290.6,292.6,293.8,292.7,290.8,288.3,285.3,282.3,285.6,286.9,288.1,288.5,287.8,286.5,285.4,285.0,160.9,157.7,156.3,157.7,160.8,164.3,165.4,164.1,162.3,160.6,159.4,158.8,159.5,160.9,162.9,164.1,164.5,164.7,164.4,163.7,162.4,162.9,162.3,160.9,159.5,159.0,159.6,161.0,160.2,157.1,155.6,156.8,159.8,163.0,164.4,163.5,162.4,160.3,158.7,158.0,158.4,159.4,161.2,162.6,163.3,163.7,163.7,163.4,161.5,162.0,161.4,160.0,158.7,158.2,158.8,160.2,-5.8,-4.1,0.0,4.2,5.9,4.5,0.1,-4.1,-11.6,-8.9,-5.1,-0.5,4.0,7.5,9.9,7.1,3.2,-1.0,-5.1,-8.8,-1.8,0.1,1.9,2.6,1.9,0.0,-1.8,-2.5,44.8,46.1,50.0,54.2,56.2,54.8,50.9,46.5,40.8,43.3,46.9,51.4,55.6,58.8,60.8,58.9,56.0,52.3,48.1,43.9,48.7,50.5,52.2,52.8,51.9,50.1,48.4,47.8,-35.3,-39.6,-41.4,-39.6,-35.4,-30.8,-29.3,-31.1,-33.6,-35.8,-37.2,-37.9,-37.1,-35.3,-32.7,-31.1,-30.5,-30.2,-30.6,-31.6,-33.4,-32.6,-33.4,-35.3,-37.2,-37.9,-37.2,-35.3,-37.2,-41.5,-43.6,-42.1,-38.0,-33.6,-31.6,-32.7,-34.2,-37.0,-39.1,-40.3,-39.9,-38.7,-36.6,-34.4,-33.1,-32.4,-32.4,-32.8,-35.5,-34.9,-35.8,-37.7,-39.5,-40.1,-39.2,-37.3,518.3,518.8,518.9,518.8,518.3,518.1,517.7,517.9,522.4,519.8,517.5,516.4,517.1,518.5,520.2,518.6,517.0,516.6,517.7,519.9,518.9,518.8,518.9,519.1,519.3,519.4,519.3,519.1,532.0,533.0,534.7,536.0,536.1,535.1,533.5,532.3,532.4,531.7,531.5,532.5,535.2,538.7,542.0,538.7,535.4,532.9,531.7,531.8,534.0,534.6,535.3,535.7,535.7,535.1,534.4,533.9,31.1,-3.9,658.1,0.181,-0.173,0.008,221.4,221.9,223.5,226.1,230.9,238.2,247.2,257.7,268.2,276.9,283.1,288.8,293.6,297.2,299.5,301.2,301.7,231.8,238.4,247.0,255.6,263.4,278.6,285.2,291.5,297.6,301.3,271.3,272.3,273.4,274.5,263.1,267.7,272.2,276.2,279.6,241.2,246.5,252.6,257.6,252.4,246.3,279.8,284.8,290.3,294.0,290.7,285.3,253.6,261.4,267.7,271.4,275.2,279.7,283.4,279.7,275.3,271.2,267.2,260.9,256.6,267.3,271.1,275.0,281.3,275.0,271.2,267.3,162.0,173.7,185.2,196.4,206.8,215.8,223.2,228.6,229.7,227.5,221.1,213.0,203.9,193.8,183.2,172.4,161.3,154.5,149.7,148.5,149.7,152.5,151.9,148.9,147.5,148.3,152.5,160.8,168.6,176.2,184.2,189.2,190.7,191.9,190.5,188.8,162.3,159.3,159.4,163.0,164.5,164.6,162.5,158.5,158.4,161.1,163.5,163.7,204.2,201.9,200.4,201.4,200.2,201.5,203.3,208.2,210.3,210.9,210.7,208.8,204.4,204.0,204.3,203.7,203.8,204.7,205.4,205.1,-50.3,-49.7,-47.1,-42.5,-34.0,-20.9,-4.9,13.4,31.6,47.3,59.6,71.0,80.5,86.9,90.9,93.7,94.5,-30.5,-19.3,-5.0,9.1,21.9,47.4,58.8,70.3,81.8,89.5,35.1,36.4,37.9,39.3,21.6,29.0,36.4,43.2,49.2,-14.7,-5.9,4.3,12.6,4.0,-6.2,50.6,59.2,68.9,76.0,69.8,60.2,6.1,18.9,29.3,35.4,41.9,50.0,57.3,50.2,42.3,35.3,28.5,18.2,11.1,28.8,35.1,41.7,53.4,41.7,35.1,28.7,-44.9,-24.4,-4.0,15.8,34.4,50.3,62.8,71.4,73.2,70.3,60.4,46.8,30.3,11.6,-7.9,-27.7,-47.9,-55.3,-62.7,-64.3,-61.9,-57.2,-58.8,-64.5,-67.8,-67.4,-61.1,-44.0,-30.9,-18.2,-5.4,2.8,5.2,7.2,5.0,2.2,-42.2,-47.0,-46.9,-40.9,-38.5,-38.2,-42.4,-49.3,-49.8,-45.7,-41.1,-40.6,28.1,23.9,21.3,23.0,21.1,23.6,27.1,35.0,38.1,38.9,38.4,35.5,28.5,27.4,27.9,27.1,27.8,28.7,29.7,29.1,687.0,690.4,694.4,696.8,696.2,693.2,686.9,678.4,677.9,687.4,702.9,715.1,720.3,719.5,717.5,715.4,714.8,654.4,648.1,643.8,640.2,638.4,645.7,653.3,662.1,671.6,681.7,644.1,638.1,631.6,625.8,642.0,640.8,640.5,644.0,648.1,653.9,651.0,651.5,653.0,651.6,651.1,662.5,664.9,668.9,675.2,669.2,665.3,659.6,649.1,645.5,646.7,649.0,658.0,671.5,659.2,651.5,648.7,647.8,651.0,657.3,648.4,649.1,652.0,667.4,651.4,648.5,647.9,0.588,0.188,-0.231,0.018,268.394,185.004,-4.57,9.547,-12.176,16.038,3.276,3.821,-5.717,1.749,3.166,-3.78,-0.014,1.196,-0.195,-1.974,-0.328,-0.395,0.181,1.338,-1.224,-0.635,0.311,-0.289,-0.251,-0.49,0.08,0.011,0.103,0.007,-0.126,-0.029,-0.014,-0.009,0.002,-0.0,0.74,0.27,0.0,0.54,0.0,0.0,0.07,0.0,0.0,0.41,0.0,0.0,0.0,0.0,0.0,0.0,0.0,0.0,1.0,0.0,1.0,0.0,0.0,0.0,0.0,0.0,0.0,0.0,0.0,0.0,0.0,0.0,0.0,1.0,0.0
PP133,g1,5353,0,0.975,0.194646,0.176869,-0.964795,0.043115,0.173922,-0.983815,0.121,0.178,245.8,247.1,250.2,253.4,254.7,253.6,250.2,247.1,241.5,243.5,246.3,249.8,253.2,255.8,257.6,255.5,252.6,249.4,246.3,243.5,248.8,250.2,251.6,252.2,251.6,250.2,248.8,248.3,283.0,283.9,286.6,289.6,291.0,290.1,287.4,284.2,280.0,281.9,284.6,287.8,290.7,292.7,293.9,292.8,290.9,288.4,285.4,282.3,285.7,287.0,288.2,288.6,287.9,286.6,285.5,285.1,160.8,157.6,156.3,157.6,160.8,164.3,165.3,164.0,162.3,160.5,159.3,158.8,159.4,160.9,162.9,164.0,164.4,164.6,164.4,163.7,162.3,162.9,162.3,160.9,159.5,158.9,159.5,160.9,160.2,157.1,155.7,156.8,159.9,163.0,164.4,163.5,162.4,160.3,158.8,158.0,158.4,159.5,161.2,162.6,163.4,163.8,163.7,163.4,161.6,162.1,161.4,160.1,158.7,158.2,158.9,160.2,-5.6,-3.9,0.3,4.5,6.2,4.7,0.3,-3.9,-11.4,-8.7,-4.9,-0.3,4.3,7.7,10.1,7.3,3.5,-0.8,-4.9,-8.6,-1.5,0.3,2.1,2.9,2.1,0.3,-1.5,-2.3,45.0,46.3,50.2,54.4,56.4,55.0,51.1,46.7,40.9,43.5,47.1,51.6,55.8,59.0,61.0,59.1,56.1,52.4,48.3,44.1,48.8,50.7,52.4,53.0,52.1,50.3,48.6,48.0,-35.4,-39.7,-41.5,-39.7,-35.5,-30.9,-29.4,-31.2,-33.8,-36.0,-37.3,-38.0,-37.2,-35.4,-32.8,-31.2,-30.6,-30.3,-30.7,-31.8,-33.5,-32.7,-33.5,-35.4,-37.3,-38.0,-37.3,-35.4,-37.2,-41.5,-43.6,-42.1,-38.0,-33.6,-31.6,-32.7,-34.2,-37.0,-39.2,-40.3,-39.9,-38.7,-36.5,-34.4,-33.1,-32.4,-32.4,-32.8,-35.5,-34.9,-35.8,-37.7,-39.5,-40.1,-39.2,-37.3,518.9,519.4,519.6,519.4,518.9,518.7,518.3,518.5,523.0,520.4,518.1,517.1,517.7,519.2,520.8,519.2,517.6,517.2,518.3,520.5,519.5,519.5,519.5,519.8,520.0,520.0,519.9,519.7,532.7,533.7,535.4,536.7,536.9,535.8,534.2,533.0,533.1,532.3,532.2,533.2,535.9,539.4,542.7,539.4,536.1,533.6,532.4,532.5,534.7,535.3,536.0,536.4,536.4,535.8,535.1,534.6,31.2,-3.8,657.9,0.182,-0.175,0.01,221.4,221.9,223.5,226.2,230.9,238.2,247.2,257.7,268.2,276.8,283.1,288.7,293.6,297.1,299.5,301.2,301.7,231.9,238.5,247.2,255.8,263.7,278.8,285.3,291.6,297.7,301.4,271.4,272.5,273.6,274.7,263.3,267.8,272.3,276.3,279.7,241.4,246.6,252.8,257.7,252.6,246.5,279.9,284.9,290.3,294.1,290.8,285.4,253.7,261.5,267.8,271.5,275.3,279.7,283.3,279.7,275.3,271.3,267.2,261.0,256.7,267.4,271.2,275.0,281.3,275.0,271.2,267.4,161.9,173.6,185.2,196.3,206.8,215.8,223.2,228.7,229.8,227.5,221.1,213.1,204.0,193.9,183.3,172.5,161.5,154.5,149.7,148.4,149.7,152.5,152.0,149.0,147.6,148.5,152.7,160.8,168.6,176.3,184.2,189.2,190.7,191.9,190.5,188.9,162.2,159.3,159.3,163.0,164.4,164.5,162.5,158.5,158.5,161.2,163.5,163.7,204.2,201.9,200.4,201.5,200.3,201.6,203.4,208.4,210.5,211.1,210.8,208.9,204.5,204.0,204.3,203.8,203.9,204.8,205.5,205.2,-50.2,-49.7,-47.0,-42.5,-34.0,-20.9,-4.9,13.4,31.6,47.2,59.5,70.9,80.4,86.8,90.9,93.7,94.6,-30.3,-19.0,-4.6,9.6,22.3,47.5,59.0,70.5,82.0,89.7,35.3,36.7,38.1,39.5,21.8,29.2,36.6,43.4,49.3,-14.4,-5.6,4.6,12.9,4.3,-5.9,50.8,59.4,69.1,76.1,69.9,60.3,6.3,19.1,29.5,35.5,42.0,50.0,57.3,50.1,42.3,35.3,28.5,18.3,11.2,28.9,35.2,41.7,53.4,41.7,35.2,28.8,-45.0,-24.5,-4.1,15.8,34.4,50.2,62.8,71.5,73.4,70.4,60.5,46.8,30.4,11.8,-7.6,-27.4,-47.6,-55.3,-62.7,-64.3,-61.9,-57.1,-58.7,-64.4,-67.6,-67.1,-60.8,-43.9,-30.9,-18.2,-5.3,2.8,5.2,7.2,5.0,2.2,-42.3,-47.0,-47.0,-40.9,-38.5,-38.2,-42.3,-49.3,-49.7,-45.5,-41.0,-40.5,28.2,23.9,21.4,23.1,21.2,23.7,27.3,35.2,38.3,39.1,38.6,35.7,28.5,27.5,28.0,27.1,28.0,28.9,29.9,29.3,686.8,690.2,694.2,696.5,695.9,692.9,686.5,678.1,677.7,687.3,702.7,714.9,720.1,719.3,717.3,715.4,714.8,654.0,647.8,643.4,639.9,638.1,645.4,653.1,662.0,671.6,681.8,643.7,637.8,631.3,625.4,641.7,640.5,640.1,643.7,647.9,653.5,650.6,651.2,652.7,651.3,650.8,662.3,664.7,668.7,675.1,669.1,665.1,659.2,648.8,645.2,646.5,648.8,657.7,671.2,659.1,651.4,648.7,647.7,650.8,657.0,648.1,648.9,651.8,667.1,651.3,648.3,647.8,0.588,0.189,-0.232,0.021,268.472,185.052,-4.491,10.049,-11.948,16.479,3.516,3.641,-5.221,1.652,3.53,-3.578,0.076,0.993,-0.198,-1.942,-0.303,-0.446,0.187,1.355,-1.166,-0.638,0.358,-0.326,-0.245,-0.439,0.078,0.007,0.108,0.003,-0.124,-0.025,-0.025,-0.007,0.006,-0.001,0.48,0.06,0.0,0.75,0.0,0.0,0.1,0.0,0.0,0.02,0.0,0.0,0.0,0.0,0.0,0.0,0.0,0.0,1.0,0.0,1.0,0.0,0.0,0.0,0.0,0.0,0.0,0.0,0.0,0.0,0.0,0.0,0.0,1.0,0.0
PP133,g1,5358,0,0.975,0.193835,0.179693,-0.964437,0.043962,0.177317,-0.983171,0.121,0.181,245.2,246.5,249.6,252.8,254.1,253.0,249.7,246.5,240.9,242.9,245.7,249.2,252.6,255.2,257.0,255.0,252.0,248.8,245.7,243.0,248.3,249.6,251.0,251.6,251.0,249.6,248.3,247.7,282.5,283.4,286.1,289.1,290.5,289.6,286.9,283.7,279.5,281.4,284.1,287.3,290.2,292.2,293.4,292.3,290.4,287.9,284.9,281.9,285.2,286.5,287.7,288.1,287.4,286.2,285.0,284.6,161.2,158.0,156.6,157.9,161.1,164.6,165.7,164.4,162.6,160.9,159.7,159.1,159.7,161.2,163.2,164.3,164.8,165.0,164.7,164.0,162.6,163.2,162.6,161.2,159.8,159.3,159.8,161.2,160.4,157.3,155.8,157.0,160.0,163.2,164.6,163.7,162.6,160.5,158.9,158.2,158.6,159.6,161.4,162.8,163.6,163.9,163.9,163.6,161.7,162.2,161.6,160.2,158.9,158.4,159.0,160.4,-6.4,-4.7,-0.5,3.7,5.4,4.0,-0.5,-4.6,-12.1,-9.4,-5.6,-1.1,3.5,6.9,9.3,6.6,2.7,-1.5,-5.7,-9.4,-2.3,-0.5,1.4,2.1,1.3,-0.5,-2.3,-3.1,44.2,45.6,49.4,53.6,55.6,54.2,50.4,45.9,40.2,42.7,46.3,50.8,55.0,58.2,60.2,58.3,55.4,51.7,47.5,43.3,48.1,49.9,51.6,52.2,51.3,49.5,47.8,47.2,-34.9,-39.2,-41.0,-39.2,-35.0,-30.4,-28.9,-30.6,-33.2,-35.4,-36.8,-37.5,-36.7,-34.9,-32.3,-30.7,-30.1,-29.8,-30.2,-31.2,-33.0,-32.2,-33.0,-34.9,-36.8,-37.5,-36.7,-34.9,-36.8,-41.2,-43.3,-41.8,-37.7,-33.3,-31.2,-32.4,-33.9,-36.7,-38.8,-40.0,-39.6,-38.4,-36.2,-34.1,-32.8,-32.1,-32.1,-32.5,-35.2,-34.6,-35.4,-37.4,-39.2,-39.8,-38.9,-37.0,518.0,518.4,518.6,518.4,517.9,517.7,517.3,517.5,522.1,519.5,517.2,516.1,516.7,518.1,519.8,518.2,516.6,516.2,517.3,519.5,518.6,518.5,518.6,518.7,518.9,519.0,519.0,518.8,531.5,532.5,534.1,535.4,535.6,534.6,533.0,531.8,531.8,531.1,530.9,532.0,534.7,538.2,541.5,538.2,534.9,532.4,531.2,531.3,533.5,534.0,534.8,535.2,535.1,534.6,533.8,533.4,30.4,-3.2,656.1,0.187,-0.175,0.007,220.9,221.4,223.1,225.8,230.6,237.9,246.9,257.4,267.9,276.6,282.8,288.4,293.2,296.8,299.1,300.8,301.3,231.4,237.9,246.6,255.2,263.0,278.2,284.8,291.1,297.1,300.8,270.9,271.9,273.1,274.2,262.8,267.3,271.9,275.9,279.3,240.8,246.1,252.2,257.2,252.0,245.9,279.5,284.4,289.9,293.6,290.3,284.9,253.4,261.1,267.4,271.1,274.9,279.3,282.9,279.3,275.0,270.9,266.8,260.6,256.4,267.0,270.8,274.6,280.8,274.6,270.8,267.0,162.2,173.9,185.5,196.7,207.2,216.3,223.8,229.2,230.4,228.1,221.5,213.4,204.2,194.1,183.5,172.7,161.6,154.8,150.0,148.7,150.0,152.8,152.2,149.1,147.7,148.5,152.7,161.1,168.9,176.7,184.6,189.7,191.2,192.3,191.0,189.2,162.6,159.6,159.6,163.3,164.7,164.9,162.7,158.7,158.6,161.3,163.7,163.9,204.9,202.5,201.0,202.0,200.8,202.1,203.9,209.0,211.1,211.7,211.5,209.6,205.1,204.6,204.9,204.3,204.4,205.4,206.1,205.8,-50.9,-50.3,-47.6,-43.1,-34.5,-21.3,-5.4,12.8,31.0,46.6,58.8,70.1,79.5,85.9,89.9,92.7,93.4,-31.1,-19.9,-5.7,8.4,21.1,46.5,57.9,69.4,80.7,88.4,34.3,35.7,37.2,38.7,21.0,28.3,35.8,42.5,48.4,-15.3,-6.6,3.6,11.9,3.4,-6.8,49.8,58.3,68.0,75.1,68.9,59.3,5.7,18.4,28.7,34.8,41.2,49.2,56.5,49.4,41.5,34.6,27.8,17.6,10.7,28.2,34.5,41.0,52.5,41.0,34.5,28.0,-44.4,-24.0,-3.6,16.3,35.0,51.0,63.6,72.3,74.2,71.2,61.1,47.3,30.7,12.1,-7.3,-27.1,-47.2,-54.6,-62.0,-63.7,-61.2,-56.5,-58.2,-63.9,-67.2,-66.8,-60.6,-43.3,-30.2,-17.5,-4.6,3.6,6.0,7.9,5.7,2.9,-41.6,-46.3,-46.3,-40.3,-37.8,-37.5,-41.8,-48.8,-49.3,-45.2,-40.6,-40.0,29.2,24.9,22.3,24.0,22.0,24.5,28.1,36.1,39.3,40.1,39.7,36.7,29.5,28.4,28.8,28.0,28.8,29.8,30.8,30.3,684.4,688.0,692.3,694.8,694.3,691.3,685.1,676.8,676.3,685.8,701.0,713.1,718.1,717.1,714.9,712.7,711.9,651.7,645.4,641.1,637.6,635.9,643.3,650.9,659.7,669.1,679.2,641.6,635.7,629.3,623.5,640.0,638.7,638.4,641.8,646.0,651.3,648.4,649.0,650.5,649.2,648.6,660.1,662.5,666.5,672.8,666.9,663.0,657.5,647.1,643.5,644.8,647.1,656.0,669.4,657.5,650.0,647.2,646.3,649.2,655.3,646.5,647.3,650.1,665.4,649.7,646.8,646.2,0.59,0.195,-0.231,0.018,268.025,185.439,-6.066,10.325,-12.469,17.506,3.313,3.525,-5.087,2.17,3.764,-3.611,-0.129,1.185,-0.108,-2.032,-0.345,-0.465,0.124,1.388,-1.142,-0.704,0.33,-0.333,-0.195,-0.511,0.121,0.02,0.121,0.012,-0.125,-0.027,-0.023,-0.004,0.006,0.001,0.44,0.04,0.0,0.94,0.0,0.0,0.02,0.0,0.0,0.25,0.0,0.0,0.0,0.0,0.0,0.0,0.0,0.0,1.0,0.0,1.0,0.0,0.0,0.0,0.0,0.0,0.0,0.0,0.0,0.0,0.0,0.0,0.0,1.0,0.0
PP133,g1,5362,0,0.975,0.190493,0.184724,-0.964152,0.043271,0.182003,-0.982345,0.12,0.186,245.0,246.3,249.5,252.7,254.0,252.9,249.5,246.3,240.8,242.7,245.6,249.1,252.5,255.1,257.0,254.9,251.9,248.7,245.6,242.8,248.1,249.5,250.9,251.5,250.9,249.5,248.1,247.6,282.5,283.4,286.1,289.1,290.6,289.6,286.9,283.7,279.4,281.4,284.0,287.3,290.2,292.2,293.4,292.3,290.4,287.9,284.9,281.8,285.2,286.5,287.7,288.1,287.4,286.1,284.9,284.5,161.2,158.0,156.6,158.0,161.2,164.7,165.8,164.4,162.7,160.9,159.7,159.1,159.8,161.2,163.3,164.4,164.9,165.1,164.8,164.1,162.7,163.3,162.7,161.3,159.9,159.3,159.9,161.3,160.5,157.3,155.9,157.0,160.1,163.2,164.7,163.8,162.7,160.6,159.0,158.2,158.6,159.7,161.4,162.8,163.7,164.0,164.0,163.7,161.8,162.3,161.7,160.3,158.9,158.4,159.1,160.4,-6.5,-4.8,-0.7,3.5,5.2,3.8,-0.6,-4.8,-12.2,-9.6,-5.8,-1.2,3.3,6.8,9.2,6.4,2.5,-1.7,-5.8,-9.5,-2.5,-0.6,1.2,1.9,1.2,-0.6,-2.5,-3.2,43.8,45.1,49.0,53.2,55.2,53.8,49.9,45.5,39.7,42.3,45.9,50.4,54.6,57.7,59.7,57.9,54.9,51.2,47.1,42.9,47.6,49.5,51.2,51.7,50.9,49.0,47.3,46.8,-34.6,-38.9,-40.7,-38.9,-34.6,-30.0,-28.6,-30.3,-32.9,-35.1,-36.5,-37.2,-36.4,-34.6,-32.0,-30.4,-29.7,-29.4,-29.8,-30.9,-32.7,-31.9,-32.7,-34.6,-36.4,-37.2,-36.4,-34.5,-36.5,-40.8,-42.9,-41.4,-37.3,-32.9,-30.9,-32.0,-33.5,-36.3,-38.5,-39.6,-39.2,-38.0,-35.9,-33.7,-32.4,-31.7,-31.7,-32.1,-34.8,-34.2,-35.1,-37.0,-38.8,-39.4,-38.5,-36.6,514.2,514.6,514.8,514.6,514.1,513.9,513.5,513.8,518.4,515.8,513.4,512.3,512.9,514.3,516.0,514.3,512.8,512.5,513.6,515.8,514.8,514.7,514.8,514.9,515.1,515.2,515.2,515.0,527.1,528.1,529.7,531.0,531.3,530.3,528.6,527.4,527.5,526.7,526.5,527.6,530.3,533.8,537.1,533.8,530.5,528.0,526.9,526.9,529.1,529.7,530.4,530.8,530.7,530.2,529.4,529.0,30.1,-2.6,652.7,0.197,-0.172,0.007,220.8,221.3,223.0,225.8,230.7,238.1,247.1,257.5,268.0,276.6,282.8,288.3,293.1,296.6,299.0,300.7,301.2,231.1,237.6,246.3,255.0,262.9,278.2,284.7,291.1,297.2,300.8,270.9,271.9,273.1,274.2,262.7,267.3,271.8,275.8,279.3,240.6,245.9,252.1,257.1,251.9,245.7,279.4,284.4,289.9,293.6,290.4,284.9,253.3,260.9,267.3,270.9,274.7,279.2,282.8,279.2,274.7,270.7,266.6,260.4,256.2,266.9,270.7,274.5,280.7,274.4,270.6,266.8,161.9,173.8,185.5,196.9,207.5,216.7,224.3,229.7,230.8,228.4,221.7,213.4,204.2,194.1,183.6,172.8,161.7,154.9,150.0,148.7,150.0,152.8,152.3,149.1,147.7,148.4,152.6,161.2,169.1,176.9,185.0,190.0,191.5,192.7,191.3,189.5,162.6,159.6,159.7,163.4,164.8,165.0,162.8,158.7,158.6,161.3,163.8,164.0,205.4,203.0,201.5,202.5,201.3,202.6,204.5,209.8,212.1,212.7,212.4,210.4,205.6,205.1,205.4,204.8,205.0,206.3,207.0,206.7,-50.9,-50.3,-47.6,-42.9,-34.2,-21.0,-5.1,12.9,31.0,46.5,58.6,69.6,78.8,85.1,89.1,91.9,92.7,-31.3,-20.3,-6.0,8.1,20.9,46.2,57.5,69.0,80.4,87.9,34.1,35.5,36.9,38.4,20.7,28.1,35.4,42.2,48.1,-15.5,-6.8,3.4,11.7,3.2,-7.1,49.4,57.9,67.6,74.7,68.5,58.8,5.5,18.0,28.4,34.4,40.7,48.7,55.9,48.9,41.0,34.1,27.4,17.2,10.4,27.9,34.1,40.5,52.0,40.4,34.0,27.7,-44.5,-24.0,-3.4,16.6,35.4,51.5,64.2,72.9,74.7,71.5,61.1,47.1,30.6,12.1,-7.1,-26.7,-46.7,-54.1,-61.6,-63.3,-60.9,-56.0,-57.7,-63.5,-66.8,-66.5,-60.3,-42.9,-29.8,-16.9,-4.0,4.1,6.5,8.4,6.2,3.4,-41.2,-46.0,-46.0,-39.9,-37.4,-37.1,-41.4,-48.5,-49.0,-44.8,-40.2,-39.6,30.0,25.6,23.0,24.7,22.7,25.3,28.9,37.4,40.7,41.6,41.1,37.9,30.3,29.0,29.5,28.7,29.7,31.1,32.1,31.6,680.6,684.7,689.2,691.8,691.3,688.3,682.2,674.1,673.6,682.9,697.8,709.5,714.0,712.6,710.2,708.0,707.2,647.6,641.3,636.7,633.1,631.4,639.0,646.6,655.5,665.0,675.3,637.4,631.5,625.1,619.3,636.2,635.0,634.5,638.0,642.1,647.2,644.3,644.8,646.4,645.1,644.6,656.0,658.4,662.4,668.9,662.9,659.0,654.3,643.7,640.0,641.3,643.5,652.5,666.0,654.4,647.2,644.5,643.5,646.3,652.0,643.1,643.9,646.8,662.0,646.8,643.9,643.3,0.593,0.205,-0.227,0.018,267.942,185.73,-7.623,12.31,-11.808,19.918,4.343,2.772,-4.769,2.724,4.479,-3.35,-0.16,0.85,0.181,-2.14,-0.776,-0.154,0.277,1.571,-1.428,-0.583,0.409,-0.539,-0.248,-0.487,0.056,0.064,0.106,0.004,-0.121,-0.017,-0.041,0.002,0.007,0.003,0.5,0.24,0.0,0.79,0.0,0.0,0.0,0.0,0.0,0.18,0.0,0.0,0.0,0.0,0.0,0.0,0.0,0.0,1.0,0.0,1.0,0.0,0.0,0.0,0.0,0.0,0.0,0.0,0.0,0.0,0.0,0.0,0.0,1.0,0.0
PP133,g1,5366,0,0.975,0.189903,0.184015,-0.964404,0.043655,0.181763,-0.982373,0.119,0.186,245.1,246.5,249.6,252.8,254.1,253.0,249.6,246.5,240.9,242.9,245.7,249.2,252.6,255.3,257.1,255.0,252.0,248.8,245.7,242.9,248.2,249.6,251.0,251.6,251.0,249.6,248.3,247.7,282.5,283.4,286.2,289.1,290.6,289.7,286.9,283.7,279.5,281.4,284.1,287.3,290.3,292.3,293.5,292.4,290.5,287.9,284.9,281.8,285.2,286.5,287.7,288.1,287.5,286.2,285.0,284.6,161.1,157.8,156.5,157.8,161.1,164.5,165.6,164.3,162.5,160.7,159.6,159.0,159.6,161.1,163.2,164.3,164.7,164.9,164.7,164.0,162.6,163.1,162.6,161.1,159.7,159.2,159.7,161.2,160.4,157.2,155.8,157.0,160.0,163.2,164.6,163.7,162.6,160.5,158.9,158.1,158.5,159.6,161.4,162.8,163.6,164.0,163.9,163.6,161.7,162.2,161.6,160.2,158.9,158.4,159.0,160.4,-6.4,-4.7,-0.5,3.7,5.4,4.0,-0.5,-4.7,-12.1,-9.4,-5.6,-1.1,3.5,6.9,9.3,6.5,2.7,-1.6,-5.7,-9.4,-2.3,-0.5,1.3,2.1,1.3,-0.5,-2.3,-3.1,43.9,45.2,49.1,53.2,55.2,53.8,50.0,45.5,39.8,42.4,45.9,50.4,54.7,57.8,59.8,57.9,55.0,51.3,47.1,43.0,47.7,49.5,51.2,51.8,50.9,49.1,47.4,46.8,-34.8,-39.0,-40.8,-39.0,-34.8,-30.2,-28.7,-30.5,-33.1,-35.3,-36.7,-37.3,-36.6,-34.7,-32.1,-30.5,-29.8,-29.6,-30.0,-31.1,-32.8,-32.0,-32.8,-34.7,-36.6,-37.3,-36.6,-34.7,-36.6,-40.9,-43.0,-41.5,-37.4,-33.0,-31.0,-32.1,-33.6,-36.4,-38.6,-39.7,-39.3,-38.1,-36.0,-33.8,-32.4,-31.8,-31.8,-32.2,-34.9,-34.3,-35.2,-37.1,-38.9,-39.5,-38.6,-36.7,513.6,514.0,514.2,513.9,513.4,513.3,512.9,513.1,517.8,515.2,512.8,511.7,512.2,513.6,515.3,513.7,512.2,511.8,513.0,515.2,514.2,514.1,514.1,514.3,514.5,514.6,514.6,514.4,527.1,528.1,529.8,531.1,531.3,530.3,528.7,527.5,527.5,526.8,526.6,527.6,530.3,533.9,537.2,533.9,530.6,528.1,526.9,527.0,529.2,529.7,530.5,530.9,530.8,530.2,529.5,529.1,30.1,-2.6,652.3,0.197,-0.173,0.009,220.9,221.3,223.1,225.9,230.8,238.2,247.1,257.4,267.9,276.5,282.7,288.2,293.0,296.5,298.9,300.7,301.2,231.3,237.9,246.6,255.3,263.1,278.2,284.8,291.1,297.2,300.8,271.0,272.0,273.1,274.2,262.8,267.3,271.8,275.8,279.2,240.8,246.0,252.2,257.2,252.0,245.8,279.4,284.4,289.9,293.6,290.4,284.9,253.4,261.0,267.4,270.9,274.6,279.1,282.6,279.0,274.6,270.6,266.6,260.4,256.4,267.0,270.7,274.3,280.4,274.3,270.6,266.8,161.8,173.7,185.5,196.9,207.7,216.9,224.5,230.0,231.1,228.7,221.9,213.6,204.3,194.2,183.7,172.8,161.7,154.7,149.8,148.5,149.8,152.7,152.2,149.1,147.6,148.4,152.7,161.1,168.9,176.7,184.8,189.9,191.3,192.5,191.2,189.4,162.5,159.5,159.5,163.3,164.7,164.9,162.7,158.7,158.6,161.3,163.8,163.9,205.6,203.0,201.4,202.4,201.2,202.7,204.7,210.2,212.5,213.1,212.8,210.8,205.8,205.1,205.3,204.8,205.2,206.6,207.3,207.0,-50.7,-50.2,-47.4,-42.7,-34.0,-20.8,-5.1,12.8,30.9,46.3,58.3,69.3,78.5,84.8,88.9,91.8,92.6,-30.9,-19.9,-5.6,8.5,21.2,46.2,57.5,69.0,80.4,87.9,34.2,35.5,37.0,38.4,20.9,28.1,35.4,42.2,48.0,-15.3,-6.6,3.6,11.9,3.3,-6.9,49.4,57.9,67.6,74.6,68.5,58.8,5.7,18.1,28.5,34.4,40.5,48.5,55.5,48.6,40.7,34.0,27.4,17.2,10.7,27.9,34.0,40.3,51.6,40.2,33.9,27.7,-44.8,-24.1,-3.5,16.7,35.6,51.8,64.6,73.3,75.1,71.9,61.5,47.4,30.8,12.3,-6.9,-26.6,-46.6,-54.3,-61.8,-63.5,-61.1,-56.2,-57.8,-63.6,-66.9,-66.5,-60.2,-43.1,-30.0,-17.2,-4.3,3.9,6.2,8.2,6.0,3.2,-41.4,-46.2,-46.2,-40.1,-37.6,-37.3,-41.5,-48.6,-49.0,-44.9,-40.3,-39.7,30.3,25.6,22.7,24.5,22.6,25.3,29.3,38.0,41.4,42.2,41.8,38.5,30.5,28.9,29.4,28.6,30.0,31.6,32.6,32.1,679.8,684.0,688.6,691.3,690.7,687.9,681.9,674.0,673.6,682.8,697.4,708.8,713.1,711.7,709.3,707.1,706.2,646.9,640.7,636.3,632.8,631.2,638.8,646.4,655.2,664.8,675.0,637.0,631.2,624.9,619.1,635.7,634.6,634.2,637.6,641.8,646.7,643.9,644.4,645.9,644.7,644.2,655.6,658.0,662.0,668.5,662.5,658.6,653.9,643.3,639.5,640.8,643.0,651.9,665.4,654.2,647.2,644.6,643.6,646.1,651.7,642.7,643.5,646.3,661.4,646.6,643.8,643.2,0.594,0.205,-0.227,0.02,267.961,185.756,-9.75,13.034,-11.73,21.388,4.264,1.505,-3.747,2.408,4.749,-3.928,0.157,0.82,0.099,-2.254,-0.78,0.002,0.535,1.574,-1.27,-0.328,0.516,-0.546,-0.119,-0.431,-0.127,0.133,0.151,0.0,-0.121,-0.013,-0.028,-0.009,0.003,-0.001,0.49,0.31,0.0,1.02,0.0,0.0,0.0,0.0,0.0,0.0,0.06,0.0,0.0,0.0,0.0,0.01,0.0,1.0,1.0,0.0,1.0,0.0,0.0,0.0,0.0,0.0,0.0,0.0,0.0,0.0,0.0,0.0,1.0,1.0,0.0
PP133,g1,5371,0,0.925,0.189792,0.18147,-0.964908,0.042893,0.179357,-0.982849,0.119,0.183,245.3,246.6,249.8,252.9,254.2,253.1,249.7,246.6,241.0,243.0,245.8,249.3,252.8,255.4,257.2,255.1,252.1,248.9,245.8,243.0,248.4,249.7,251.1,251.7,251.1,249.8,248.4,247.8,282.6,283.5,286.3,289.3,290.7,289.8,287.0,283.8,279.6,281.5,284.2,287.5,290.4,292.4,293.6,292.5,290.6,288.0,285.0,281.9,285.3,286.6,287.8,288.2,287.6,286.3,285.1,284.7,161.0,157.8,156.4,157.8,161.0,164.5,165.6,164.2,162.5,160.7,159.5,158.9,159.6,161.0,163.1,164.3,164.7,164.9,164.6,163.9,162.5,163.1,162.5,161.1,159.7,159.1,159.7,161.1,160.4,157.2,155.8,157.0,160.0,163.2,164.6,163.7,162.6,160.5,158.9,158.1,158.6,159.6,161.4,162.8,163.6,164.0,164.0,163.7,161.7,162.2,161.6,160.2,158.9,158.4,159.0,160.4,-6.2,-4.5,-0.3,3.8,5.5,4.1,-0.4,-4.5,-11.9,-9.3,-5.5,-0.9,3.6,7.1,9.5,6.7,2.8,-1.4,-5.6,-9.2,-2.2,-0.3,1.5,2.2,1.5,-0.3,-2.2,-2.9,44.0,45.4,49.2,53.4,55.4,54.0,50.1,45.6,39.9,42.5,46.1,50.6,54.8,57.9,59.9,58.0,55.1,51.4,47.3,43.1,47.8,49.6,51.3,51.9,51.1,49.3,47.6,47.0,-34.8,-39.1,-40.9,-39.1,-34.8,-30.2,-28.8,-30.6,-33.2,-35.4,-36.8,-37.4,-36.6,-34.8,-32.1,-30.5,-29.9,-29.6,-30.0,-31.1,-32.9,-32.1,-32.9,-34.8,-36.6,-37.4,-36.6,-34.8,-36.6,-40.9,-43.0,-41.5,-37.3,-33.0,-31.0,-32.1,-33.6,-36.4,-38.6,-39.7,-39.3,-38.1,-35.9,-33.7,-32.4,-31.8,-31.8,-32.2,-34.9,-34.3,-35.1,-37.1,-38.9,-39.5,-38.6,-36.7,513.7,514.2,514.3,514.0,513.6,513.4,513.0,513.2,517.9,515.3,512.9,511.8,512.4,513.8,515.4,513.8,512.3,512.0,513.1,515.3,514.3,514.2,514.2,514.4,514.6,514.7,514.7,514.5,527.2,528.2,529.8,531.2,531.4,530.4,528.7,527.5,527.6,526.8,526.7,527.7,530.4,533.9,537.3,534.0,530.6,528.2,527.0,527.1,529.2,529.8,530.5,531.0,530.9,530.3,529.6,529.1,30.2,-2.6,653.2,0.194,-0.172,0.01,221.0,221.5,223.2,226.0,230.8,238.2,247.1,257.4,267.9,276.5,282.7,288.3,293.1,296.6,299.0,300.8,301.4,231.5,238.1,246.7,255.3,263.1,278.4,284.9,291.3,297.3,301.0,271.1,272.1,273.2,274.2,262.9,267.3,271.8,275.8,279.2,240.9,246.1,252.3,257.3,252.1,245.9,279.5,284.5,290.0,293.7,290.5,285.0,253.5,261.0,267.4,271.0,274.7,279.1,282.6,279.0,274.6,270.6,266.6,260.4,256.5,267.0,270.7,274.4,280.4,274.3,270.6,266.8,161.8,173.8,185.5,196.9,207.6,216.9,224.4,229.9,231.0,228.6,222.0,213.7,204.4,194.4,183.9,173.0,161.9,154.6,149.7,148.5,149.8,152.6,152.1,149.1,147.7,148.4,152.7,161.1,168.9,176.7,184.7,189.8,191.3,192.5,191.2,189.4,162.4,159.4,159.5,163.2,164.7,164.8,162.8,158.7,158.6,161.3,163.8,164.0,205.5,202.9,201.3,202.3,201.1,202.6,204.7,210.1,212.4,213.0,212.7,210.7,205.8,205.0,205.3,204.7,205.2,206.5,207.2,206.9,-50.5,-50.0,-47.3,-42.6,-33.9,-20.8,-5.1,12.8,30.9,46.3,58.4,69.5,78.7,85.0,89.2,92.1,93.0,-30.7,-19.6,-5.4,8.6,21.2,46.6,57.9,69.4,80.7,88.2,34.4,35.7,37.1,38.5,21.0,28.2,35.5,42.2,48.1,-15.1,-6.4,3.8,12.1,3.5,-6.8,49.7,58.2,67.9,74.9,68.8,59.1,5.9,18.2,28.5,34.5,40.6,48.6,55.6,48.7,40.8,34.0,27.4,17.3,10.9,28.0,34.1,40.4,51.6,40.3,34.0,27.7,-44.7,-24.1,-3.4,16.7,35.6,51.7,64.6,73.2,75.1,72.0,61.6,47.6,31.0,12.5,-6.6,-26.3,-46.3,-54.6,-62.0,-63.7,-61.2,-56.4,-58.0,-63.7,-66.9,-66.6,-60.3,-43.2,-30.1,-17.3,-4.4,3.8,6.2,8.1,6.0,3.2,-41.6,-46.4,-46.3,-40.2,-37.7,-37.5,-41.6,-48.6,-49.1,-44.9,-40.3,-39.7,30.2,25.4,22.6,24.3,22.4,25.2,29.4,38.0,41.3,42.1,41.6,38.4,30.5,28.8,29.3,28.5,30.1,31.5,32.5,31.9,680.7,684.8,689.4,692.1,691.5,688.6,682.6,674.7,674.2,683.4,698.0,709.4,713.9,712.5,710.1,708.0,707.1,647.8,641.7,637.3,633.9,632.3,640.0,647.6,656.3,665.7,675.8,638.2,632.4,626.1,620.4,636.8,635.7,635.3,638.7,642.8,647.8,644.9,645.4,646.9,645.7,645.2,656.7,659.0,663.0,669.5,663.5,659.6,654.6,644.0,640.3,641.6,643.8,652.7,666.0,654.9,648.0,645.4,644.4,646.9,652.4,643.6,644.4,647.1,662.0,647.5,644.7,644.0,0.593,0.202,-0.227,0.021,268.025,185.731,-10.374,12.778,-12.326,20.913,4.239,1.307,-3.702,2.599,4.613,-4.029,0.378,0.91,0.316,-2.065,-0.396,-0.105,0.57,1.67,-1.221,-0.461,0.466,-0.536,-0.165,-0.454,-0.075,0.113,0.182,0.006,-0.111,-0.013,-0.018,-0.004,0.001,-0.001,0.67,0.19,0.0,1.01,0.0,0.0,0.0,0.0,0.0,0.19,0.0,0.0,0.0,0.0,0.0,0.1,0.0,0.0,1.0,0.0,1.0,0.0,0.0,0.0,0.0,0.0,0.0,0.0,0.0,0.0,0.0,0.0,1.0,1.0,0.0
PP133,g1,5375,0,0.975,0.191618,0.18206,-0.964436,0.043995,0.179563,-0.982762,0.12,0.184,245.6,246.9,250.1,253.2,254.5,253.4,250.0,246.9,241.3,243.3,246.1,249.6,253.1,255.7,257.5,255.4,252.4,249.2,246.1,243.3,248.7,250.0,251.4,252.0,251.4,250.1,248.7,248.1,282.9,283.8,286.6,289.5,290.9,290.0,287.3,284.1,279.9,281.8,284.4,287.7,290.6,292.6,293.8,292.7,290.8,288.3,285.3,282.2,285.6,286.9,288.1,288.5,287.8,286.6,285.4,284.9,161.0,157.8,156.4,157.8,161.0,164.5,165.5,164.2,162.4,160.6,159.5,158.9,159.5,161.0,163.1,164.2,164.7,164.8,164.6,163.8,162.5,163.1,162.5,161.1,159.7,159.1,159.7,161.1,160.4,157.3,155.9,157.0,160.1,163.2,164.6,163.7,162.6,160.5,158.9,158.2,158.6,159.7,161.4,162.9,163.7,164.0,164.0,163.7,161.8,162.3,161.6,160.3,158.9,158.4,159.0,160.4,-5.8,-4.1,0.1,4.2,5.9,4.5,0.0,-4.1,-11.5,-8.9,-5.1,-0.5,4.0,7.5,9.9,7.1,3.2,-1.0,-5.2,-8.8,-1.8,0.0,1.9,2.6,1.9,0.1,-1.8,-2.5,44.5,45.9,49.8,53.9,55.9,54.5,50.6,46.2,40.5,43.0,46.6,51.1,55.3,58.4,60.4,58.6,55.6,51.9,47.8,43.6,48.3,50.2,51.9,52.5,51.6,49.8,48.1,47.5,-34.9,-39.2,-41.0,-39.2,-34.9,-30.3,-28.9,-30.7,-33.3,-35.5,-36.9,-37.5,-36.7,-34.9,-32.3,-30.6,-30.0,-29.7,-30.2,-31.3,-33.0,-32.2,-33.0,-34.9,-36.7,-37.5,-36.8,-34.9,-36.7,-41.0,-43.1,-41.6,-37.4,-33.0,-31.0,-32.2,-33.7,-36.5,-38.7,-39.8,-39.4,-38.1,-36.0,-33.8,-32.5,-31.8,-31.8,-32.3,-35.0,-34.3,-35.2,-37.1,-39.0,-39.6,-38.7,-36.8,514.6,515.0,515.2,515.0,514.5,514.3,513.9,514.1,518.7,516.2,513.8,512.7,513.3,514.7,516.4,514.7,513.2,512.9,514.0,516.2,515.2,515.1,515.1,515.3,515.5,515.6,515.6,515.4,528.8,529.9,531.5,532.8,533.0,532.0,530.4,529.2,529.2,528.5,528.3,529.4,532.1,535.6,538.9,535.6,532.3,529.8,528.6,528.7,530.9,531.5,532.2,532.6,532.5,531.9,531.2,530.8,30.7,-2.7,653.4,0.193,-0.174,0.012,221.2,221.6,223.3,226.1,230.9,238.3,247.2,257.6,268.1,276.7,282.9,288.4,293.2,296.8,299.2,301.0,301.6,231.8,238.4,247.0,255.7,263.5,278.8,285.3,291.6,297.6,301.2,271.4,272.4,273.5,274.6,263.2,267.7,272.1,276.1,279.5,241.2,246.4,252.6,257.6,252.4,246.2,279.8,284.8,290.3,294.0,290.7,285.3,253.8,261.3,267.7,271.3,274.9,279.3,282.8,279.3,274.8,270.9,266.9,260.7,256.8,267.3,271.0,274.6,280.7,274.6,270.9,267.1,161.8,173.7,185.4,196.8,207.5,216.7,224.3,229.8,230.9,228.5,221.9,213.6,204.4,194.4,183.9,173.1,162.1,154.5,149.7,148.4,149.7,152.6,152.1,149.1,147.7,148.5,152.7,161.1,168.9,176.6,184.6,189.8,191.2,192.4,191.1,189.4,162.4,159.4,159.4,163.2,164.6,164.8,162.8,158.7,158.6,161.4,163.8,164.0,205.4,202.8,201.2,202.2,201.1,202.5,204.6,210.0,212.3,212.9,212.6,210.6,205.7,204.9,205.2,204.7,205.1,206.4,207.1,206.8,-50.2,-49.8,-47.1,-42.4,-33.7,-20.6,-4.8,13.1,31.2,46.7,58.7,69.8,79.1,85.4,89.6,92.6,93.5,-30.2,-19.1,-4.9,9.2,21.8,47.1,58.5,69.9,81.2,88.7,35.0,36.2,37.7,39.0,21.5,28.7,36.0,42.7,48.6,-14.6,-5.9,4.3,12.6,4.0,-6.3,50.2,58.7,68.4,75.4,69.2,59.6,6.3,18.7,29.1,34.9,41.1,49.0,56.0,49.1,41.2,34.5,27.9,17.8,11.3,28.5,34.6,40.8,52.0,40.7,34.5,28.3,-44.8,-24.2,-3.6,16.4,35.3,51.4,64.3,73.0,74.9,71.8,61.5,47.5,31.0,12.6,-6.5,-26.1,-46.1,-54.7,-62.2,-63.8,-61.3,-56.5,-58.0,-63.7,-66.9,-66.6,-60.3,-43.2,-30.2,-17.4,-4.6,3.7,6.0,8.0,5.9,3.1,-41.7,-46.5,-46.4,-40.2,-37.8,-37.6,-41.6,-48.6,-49.1,-44.9,-40.3,-39.7,30.1,25.3,22.5,24.2,22.4,25.2,29.3,37.8,41.2,41.9,41.5,38.2,30.3,28.7,29.2,28.5,29.9,31.4,32.3,31.8,680.8,684.9,689.4,692.1,691.4,688.5,682.5,674.7,674.3,683.6,698.3,709.8,714.3,713.0,710.7,708.6,707.8,647.9,641.8,637.5,634.1,632.6,640.3,647.9,656.8,666.2,676.4,638.4,632.6,626.3,620.6,636.9,635.9,635.5,638.9,643.1,647.9,645.1,645.7,647.2,646.0,645.4,657.1,659.4,663.5,670.0,664.0,660.0,654.7,644.2,640.5,641.8,644.0,652.9,666.3,655.2,648.2,645.6,644.5,647.0,652.5,643.7,644.6,647.4,662.4,647.7,644.8,644.2,0.593,0.201,-0.23,0.023,268.286,185.678,-9.73,12.704,-12.328,20.513,4.367,1.215,-3.663,2.86,4.7,-3.808,0.354,0.831,0.142,-2.261,-0.435,-0.152,0.493,1.649,-1.269,-0.433,0.523,-0.598,-0.13,-0.425,-0.052,0.141,0.167,0.004,-0.119,-0.014,-0.027,-0.003,0.004,-0.0,0.33,0.0,0.0,0.86,0.0,0.0,0.0,0.0,0.0,0.35,0.02,0.0,0.0,0.0,0.0,0.1,0.0,0.0,1.0,0.0,1.0,0.0,0.0,0.0,0.0,0.0,0.0,0.0,0.0,0.0,0.0,0.0,1.0,1.0,0.0
PP133,g1,5380,0,0.975,0.189214,0.180145,-0.96527,0.043059,0.176466,-0.983365,0.119,0.181,245.1,246.5,249.6,252.8,254.1,253.0,249.6,246.4,240.9,242.9,245.7,249.2,252.6,255.3,257.0,254.9,252.0,248.8,245.7,242.9,248.2,249.6,251.0,251.6,251.0,249.6,248.2,247.7,282.6,283.5,286.2,289.2,290.6,289.7,286.9,283.7,279.5,281.4,284.1,287.4,290.3,292.3,293.5,292.4,290.5,288.0,285.0,281.9,285.2,286.5,287.7,288.1,287.5,286.2,285.0,284.6,161.0,157.8,156.4,157.8,161.0,164.5,165.6,164.2,162.5,160.7,159.5,158.9,159.6,161.1,163.1,164.3,164.7,164.9,164.6,163.9,162.5,163.1,162.5,161.1,159.7,159.1,159.7,161.1,160.5,157.3,155.9,157.1,160.2,163.3,164.8,163.8,162.7,160.6,159.0,158.2,158.7,159.8,161.5,163.0,163.8,164.1,164.1,163.8,161.9,162.4,161.7,160.4,159.0,158.5,159.1,160.5,-6.4,-4.6,-0.5,3.7,5.4,3.9,-0.5,-4.7,-12.1,-9.4,-5.6,-1.1,3.5,6.9,9.3,6.5,2.6,-1.6,-5.7,-9.4,-2.3,-0.5,1.3,2.1,1.3,-0.5,-2.3,-3.1,43.9,45.2,49.1,53.2,55.2,53.8,49.9,45.5,39.8,42.3,45.9,50.5,54.6,57.8,59.7,57.9,54.9,51.3,47.1,42.9,47.7,49.5,51.2,51.8,50.9,49.1,47.4,46.8,-34.9,-39.1,-40.9,-39.1,-34.8,-30.2,-28.8,-30.6,-33.2,-35.4,-36.8,-37.5,-36.7,-34.8,-32.1,-30.5,-29.9,-29.6,-30.1,-31.2,-32.9,-32.1,-32.9,-34.8,-36.6,-37.4,-36.7,-34.8,-36.4,-40.7,-42.8,-41.3,-37.1,-32.7,-30.7,-31.9,-33.4,-36.2,-38.4,-39.5,-39.1,-37.8,-35.6,-33.5,-32.2,-31.5,-31.6,-32.0,-34.7,-34.0,-34.9,-36.8,-38.6,-39.3,-38.4,-36.5,513.8,514.3,514.4,514.2,513.7,513.5,513.1,513.4,518.0,515.4,513.1,511.9,512.5,513.9,515.5,513.9,512.4,512.1,513.2,515.4,514.4,514.3,514.3,514.5,514.8,514.9,514.8,514.6,526.4,527.4,529.1,530.4,530.6,529.6,527.9,526.7,526.8,526.0,525.9,526.9,529.6,533.2,536.5,533.2,529.9,527.4,526.2,526.2,528.4,529.0,529.7,530.2,530.1,529.5,528.8,528.3,29.9,-2.5,653.0,0.192,-0.171,0.014,220.9,221.3,223.0,225.7,230.5,237.8,246.7,257.1,267.5,276.2,282.4,288.0,292.9,296.4,298.9,300.7,301.3,231.3,237.9,246.6,255.3,263.1,278.3,284.9,291.2,297.3,301.0,271.0,272.0,273.0,274.1,262.7,267.2,271.7,275.7,279.1,240.8,246.0,252.2,257.2,252.0,245.8,279.5,284.4,290.0,293.6,290.4,284.9,253.2,260.8,267.1,270.7,274.4,278.8,282.4,278.8,274.3,270.3,266.3,260.2,256.2,266.7,270.4,274.1,280.3,274.1,270.4,266.6,161.8,173.7,185.5,196.8,207.5,216.8,224.4,229.9,231.0,228.7,222.1,213.9,204.7,194.6,184.1,173.2,162.1,154.7,149.8,148.6,149.9,152.8,152.3,149.3,147.9,148.7,153.0,161.2,169.0,176.9,184.9,189.9,191.4,192.7,191.3,189.6,162.4,159.4,159.5,163.3,164.7,164.8,162.9,158.8,158.7,161.5,163.9,164.1,205.4,203.0,201.5,202.6,201.4,202.8,204.7,210.0,212.1,212.7,212.4,210.4,205.7,205.1,205.4,204.9,205.2,206.4,207.0,206.7,-50.8,-50.3,-47.6,-43.0,-34.4,-21.4,-5.7,12.2,30.2,45.8,57.9,69.0,78.3,84.8,88.9,92.0,92.9,-31.0,-19.9,-5.6,8.6,21.2,46.4,57.8,69.3,80.7,88.2,34.3,35.5,36.9,38.3,20.7,27.9,35.2,42.0,47.8,-15.3,-6.6,3.6,11.9,3.3,-7.0,49.5,58.1,67.8,74.8,68.6,59.0,5.3,17.8,28.1,34.0,40.2,48.2,55.3,48.2,40.3,33.6,26.9,16.9,10.3,27.5,33.7,40.0,51.3,39.9,33.6,27.3,-44.7,-24.1,-3.5,16.5,35.4,51.6,64.4,73.1,75.1,72.1,61.8,47.9,31.4,12.9,-6.3,-26.0,-46.1,-54.5,-61.9,-63.5,-61.0,-56.2,-57.6,-63.3,-66.6,-66.1,-59.8,-43.0,-29.9,-17.0,-4.1,4.0,6.4,8.4,6.3,3.5,-41.7,-46.4,-46.3,-40.1,-37.7,-37.5,-41.4,-48.5,-48.9,-44.6,-40.0,-39.5,30.0,25.6,23.0,24.7,22.9,25.6,29.4,37.6,40.8,41.6,41.1,37.9,30.3,29.0,29.6,28.8,30.1,31.2,32.2,31.6,681.1,685.1,689.5,692.0,691.3,688.3,682.3,674.2,673.6,682.9,697.7,709.4,714.0,712.8,710.7,708.5,707.7,648.3,642.0,637.5,634.0,632.3,639.9,647.4,656.2,665.8,676.0,638.0,632.1,625.7,619.9,636.6,635.3,634.9,638.4,642.5,647.9,645.0,645.5,647.1,645.8,645.3,656.6,659.0,663.0,669.4,663.5,659.5,654.5,644.1,640.4,641.7,643.9,652.7,666.0,654.5,647.5,644.8,643.9,646.6,652.2,643.4,644.2,647.1,662.0,647.1,644.2,643.6,0.593,0.2,-0.226,0.024,267.848,185.792,-8.517,12.124,-12.26,20.378,4.478,2.983,-4.162,2.114,4.842,-3.666,0.249,1.005,0.007,-2.149,-0.498,-0.267,0.448,1.786,-1.314,-0.404,0.295,-0.516,-0.17,-0.421,0.043,0.038,0.146,0.005,-0.119,-0.02,-0.037,0.001,0.007,0.0,0.43,0.2,0.0,0.76,0.0,0.0,0.0,0.0,0.0,0.0,0.0,0.0,0.0,0.0,0.0,0.0,0.0,0.0,1.0,0.0,1.0,0.0,0.0,0.0,0.0,0.0,0.0,0.0,0.0,0.0,0.0,0.0,1.0,1.0,0.0
PP133,g1,5384,0,0.975,0.186704,0.18281,-0.965258,0.041109,0.178351,-0.983108,0.116,0.183,244.6,246.0,249.1,252.3,253.6,252.5,249.1,245.9,240.4,242.4,245.2,248.7,252.1,254.7,256.5,254.4,251.5,248.3,245.2,242.4,247.7,249.1,250.5,251.1,250.5,249.1,247.7,247.2,282.1,283.0,285.8,288.7,290.2,289.2,286.5,283.3,279.0,281.0,283.6,286.9,289.8,291.9,293.1,291.9,290.0,287.5,284.5,281.4,284.8,286.1,287.3,287.7,287.1,285.8,284.6,284.1,161.1,157.9,156.5,157.9,161.1,164.6,165.6,164.3,162.5,160.7,159.6,159.0,159.6,161.1,163.2,164.4,164.8,165.0,164.7,163.9,162.6,163.2,162.6,161.2,159.8,159.2,159.8,161.2,160.6,157.4,156.0,157.2,160.3,163.4,164.8,163.9,162.8,160.7,159.1,158.3,158.8,159.9,161.6,163.0,163.8,164.2,164.1,163.8,161.9,162.5,161.8,160.4,159.1,158.6,159.2,160.6,-7.1,-5.3,-1.1,3.0,4.7,3.3,-1.2,-5.4,-12.8,-10.1,-6.3,-1.7,2.8,6.3,8.6,5.8,2.0,-2.3,-6.4,-10.1,-3.0,-1.2,0.6,1.4,0.7,-1.1,-3.0,-3.7,43.2,44.5,48.4,52.5,54.5,53.1,49.3,44.8,39.1,41.7,45.2,49.8,54.0,57.1,59.1,57.2,54.3,50.6,46.4,42.3,47.0,48.8,50.5,51.1,50.2,48.4,46.7,46.1,-34.8,-39.1,-40.9,-39.1,-34.8,-30.2,-28.8,-30.6,-33.2,-35.4,-36.8,-37.4,-36.6,-34.8,-32.1,-30.5,-29.9,-29.6,-30.0,-31.2,-32.9,-32.1,-32.9,-34.7,-36.6,-37.4,-36.6,-34.8,-36.2,-40.6,-42.6,-41.1,-37.0,-32.6,-30.6,-31.8,-33.2,-36.1,-38.2,-39.3,-38.9,-37.7,-35.5,-33.3,-32.0,-31.4,-31.4,-31.8,-34.5,-33.9,-34.8,-36.7,-38.5,-39.2,-38.3,-36.4,514.9,515.3,515.4,515.2,514.7,514.5,514.2,514.4,519.1,516.5,514.1,512.9,513.5,514.9,516.6,515.0,513.4,513.1,514.3,516.5,515.5,515.3,515.4,515.6,515.8,515.9,515.8,515.7,525.9,526.9,528.6,529.9,530.1,529.1,527.4,526.2,526.3,525.5,525.4,526.4,529.1,532.6,536.0,532.7,529.3,526.8,525.7,525.7,527.9,528.5,529.2,529.7,529.6,529.0,528.3,527.8,29.1,-2.6,653.1,0.194,-0.167,0.013,220.5,221.0,222.6,225.3,230.1,237.3,246.2,256.6,267.1,275.8,282.1,287.7,292.6,296.2,298.6,300.4,300.9,230.8,237.4,246.0,254.7,262.5,277.8,284.4,290.8,296.9,300.6,270.4,271.4,272.5,273.5,262.1,266.6,271.1,275.2,278.6,240.3,245.5,251.7,256.7,251.5,245.3,279.0,284.0,289.5,293.2,290.0,284.5,252.5,260.2,266.5,270.1,273.9,278.4,282.1,278.4,273.9,269.8,265.8,259.6,255.4,266.1,269.9,273.7,280.0,273.7,269.8,266.0,161.8,173.7,185.4,196.7,207.4,216.6,224.2,229.8,230.9,228.6,222.0,213.8,204.5,194.4,183.9,173.0,161.9,154.7,149.9,148.7,150.0,152.9,152.4,149.4,148.0,148.8,153.1,161.3,169.2,177.1,185.2,190.1,191.6,192.9,191.5,189.8,162.4,159.5,159.5,163.3,164.7,164.9,162.9,158.9,158.8,161.5,164.0,164.2,205.3,203.1,201.7,202.7,201.5,202.8,204.6,209.7,211.8,212.4,212.1,210.1,205.6,205.2,205.5,205.0,205.1,206.1,206.8,206.5,-51.5,-51.0,-48.4,-43.8,-35.3,-22.3,-6.6,11.4,29.5,45.1,57.4,68.6,77.9,84.3,88.4,91.3,92.2,-31.9,-20.8,-6.5,7.6,20.3,45.6,57.0,68.6,80.0,87.5,33.4,34.6,36.0,37.3,19.7,27.0,34.3,41.1,47.1,-16.1,-7.4,2.8,11.1,2.5,-7.8,48.7,57.3,67.0,74.0,67.8,58.2,4.2,16.8,27.1,33.1,39.5,47.5,54.8,47.6,39.6,32.8,26.0,15.9,9.1,26.5,32.8,39.3,50.8,39.2,32.7,26.4,-44.9,-24.3,-3.7,16.3,35.2,51.4,64.2,73.0,74.9,71.9,61.7,47.7,31.1,12.6,-6.6,-26.3,-46.4,-54.5,-61.9,-63.4,-60.9,-56.0,-57.4,-63.1,-66.4,-65.9,-59.6,-42.9,-29.6,-16.7,-3.7,4.2,6.7,8.7,6.6,3.7,-41.6,-46.3,-46.2,-40.1,-37.6,-37.4,-41.3,-48.3,-48.7,-44.5,-39.9,-39.4,29.8,25.7,23.2,25.0,23.1,25.6,29.1,37.2,40.3,41.1,40.5,37.5,30.2,29.2,29.8,28.9,29.8,30.9,31.9,31.3,682.0,685.9,690.3,692.8,692.1,689.1,682.8,674.5,673.7,683.0,698.1,709.8,714.4,713.2,710.9,708.5,707.7,649.0,642.5,637.9,634.2,632.4,639.7,647.2,656.0,665.5,675.9,638.1,632.1,625.7,619.8,636.9,635.5,635.0,638.5,642.6,648.3,645.4,645.8,647.4,646.1,645.6,656.7,659.0,662.9,669.3,663.3,659.5,655.0,644.5,640.8,642.1,644.3,653.2,666.5,654.6,647.3,644.6,643.7,646.7,652.7,643.8,644.5,647.4,662.4,647.0,644.2,643.6,0.593,0.203,-0.22,0.024,267.371,185.784,-6.994,11.931,-12.176,19.618,4.061,4.357,-5.133,1.883,4.386,-3.243,-0.006,1.044,-0.135,-2.204,-0.483,-0.223,0.299,1.67,-1.375,-0.624,0.17,-0.37,-0.317,-0.465,0.112,-0.023,0.122,0.007,-0.12,-0.014,-0.036,0.005,0.009,-0.004,0.57,0.08,0.0,1.09,0.0,0.0,0.0,0.0,0.0,0.23,0.0,0.0,0.0,0.0,0.0,0.0,0.0,0.0,1.0,0.0,1.0,0.0,0.0,0.0,0.0,0.0,0.0,0.0,0.0,0.0,0.0,0.0,0.0,1.0,0.0
PP133,g1,5389,0,0.975,0.186648,0.185277,-0.964798,0.038924,0.18098,-0.982716,0.115,0.186,244.1,245.4,248.6,251.7,253.0,251.9,248.5,245.3,239.8,241.8,244.6,248.1,251.6,254.2,256.0,253.9,250.9,247.7,244.6,241.8,247.1,248.5,249.9,250.5,249.9,248.6,247.2,246.6,281.6,282.5,285.3,288.2,289.7,288.8,286.0,282.8,278.5,280.5,283.1,286.4,289.4,291.4,292.6,291.5,289.6,287.0,284.0,280.9,284.3,285.6,286.8,287.2,286.6,285.3,284.1,283.6,161.2,158.0,156.7,158.0,161.2,164.7,165.8,164.4,162.7,160.9,159.7,159.1,159.8,161.3,163.4,164.5,164.9,165.1,164.8,164.1,162.7,163.3,162.7,161.3,159.9,159.3,159.9,161.3,160.7,157.5,156.0,157.2,160.3,163.5,164.9,164.0,162.9,160.7,159.1,158.4,158.8,159.9,161.6,163.1,163.9,164.3,164.2,163.9,162.0,162.5,161.9,160.5,159.1,158.6,159.2,160.6,-7.8,-6.1,-1.9,2.3,3.9,2.5,-2.0,-6.1,-13.5,-10.9,-7.1,-2.5,2.0,5.5,7.9,5.1,1.2,-3.0,-7.1,-10.8,-3.8,-1.9,-0.1,0.7,-0.1,-1.9,-3.7,-4.5,42.4,43.7,47.6,51.8,53.7,52.4,48.5,44.0,38.3,40.9,44.5,49.0,53.2,56.3,58.3,56.4,53.5,49.8,45.6,41.5,46.2,48.0,49.7,50.3,49.5,47.6,45.9,45.4,-34.6,-38.9,-40.6,-38.8,-34.6,-30.0,-28.5,-30.3,-33.0,-35.2,-36.5,-37.2,-36.4,-34.5,-31.9,-30.3,-29.6,-29.4,-29.8,-30.9,-32.7,-31.9,-32.6,-34.5,-36.4,-37.2,-36.4,-34.5,-36.1,-40.4,-42.5,-41.0,-36.9,-32.5,-30.5,-31.6,-33.1,-35.9,-38.1,-39.2,-38.8,-37.6,-35.4,-33.3,-31.9,-31.3,-31.3,-31.7,-34.4,-33.8,-34.7,-36.6,-38.4,-39.0,-38.1,-36.2,514.2,514.6,514.7,514.5,514.0,513.8,513.5,513.7,518.4,515.8,513.4,512.2,512.8,514.2,515.9,514.3,512.7,512.4,513.5,515.8,514.7,514.6,514.7,514.9,515.1,515.2,515.1,514.9,524.7,525.7,527.4,528.7,528.9,527.9,526.3,525.1,525.1,524.4,524.2,525.2,527.9,531.4,534.8,531.5,528.1,525.7,524.5,524.6,526.7,527.3,528.0,528.5,528.4,527.8,527.1,526.7,28.3,-2.6,653.7,0.2,-0.164,0.011,220.0,220.5,222.2,224.8,229.6,237.0,245.9,256.2,266.7,275.4,281.8,287.5,292.4,295.9,298.3,300.0,300.6,230.1,236.7,245.4,254.1,262.0,277.2,283.8,290.3,296.4,300.1,269.9,270.8,271.9,272.9,261.5,266.0,270.6,274.6,278.1,239.7,244.9,251.1,256.1,250.9,244.7,278.5,283.5,289.0,292.8,289.5,284.0,251.9,259.6,265.9,269.6,273.5,278.0,281.7,278.0,273.5,269.3,265.3,259.0,254.8,265.6,269.4,273.2,279.6,273.2,269.3,265.5,161.9,173.7,185.4,196.7,207.3,216.5,224.1,229.6,230.7,228.4,221.7,213.5,204.3,194.2,183.7,172.9,161.8,154.9,150.1,148.9,150.2,153.1,152.6,149.5,148.1,148.8,153.0,161.4,169.4,177.3,185.4,190.2,191.7,193.0,191.6,189.9,162.6,159.6,159.7,163.5,164.9,165.0,163.0,158.9,158.8,161.5,164.0,164.2,205.2,203.1,201.7,202.7,201.5,202.8,204.4,209.5,211.7,212.3,212.0,210.0,205.5,205.2,205.6,205.0,205.0,206.0,206.7,206.4,-52.5,-51.9,-49.3,-44.7,-36.1,-23.0,-7.2,10.8,28.9,44.5,56.8,68.1,77.5,83.9,88.0,90.8,91.7,-33.1,-21.9,-7.5,6.7,19.4,44.6,56.1,67.6,79.1,86.8,32.5,33.7,35.1,36.4,18.7,26.1,33.5,40.3,46.3,-17.1,-8.4,1.8,10.1,1.5,-8.8,47.9,56.5,66.2,73.3,67.0,57.4,3.2,15.8,26.2,32.3,38.7,46.8,54.2,46.9,38.9,32.0,25.2,15.0,8.1,25.7,32.0,38.5,50.3,38.5,31.9,25.5,-44.8,-24.3,-3.8,16.3,35.1,51.2,64.0,72.8,74.6,71.6,61.2,47.3,30.7,12.3,-6.9,-26.5,-46.6,-54.2,-61.6,-63.1,-60.6,-55.7,-57.2,-63.0,-66.2,-65.9,-59.6,-42.6,-29.4,-16.4,-3.4,4.4,6.9,8.9,6.7,3.9,-41.4,-46.1,-46.0,-39.8,-37.4,-37.2,-41.2,-48.2,-48.7,-44.5,-39.9,-39.3,29.7,25.7,23.3,25.1,23.2,25.6,28.9,36.9,40.1,40.9,40.4,37.3,30.1,29.3,29.8,29.0,29.6,30.7,31.7,31.1,682.9,686.9,691.3,693.8,693.1,690.1,683.8,675.3,674.5,683.8,698.7,710.4,715.0,713.7,711.4,709.1,708.2,649.6,643.0,638.2,634.4,632.5,639.7,647.1,655.9,665.4,675.8,638.3,632.5,626.1,620.4,637.6,636.1,635.6,639.0,643.1,648.9,645.8,646.2,647.8,646.5,646.1,656.9,659.1,663.0,669.4,663.5,659.7,655.9,645.4,641.6,642.8,645.0,653.8,667.2,655.3,647.9,645.2,644.4,647.5,653.5,644.5,645.3,648.1,663.1,647.6,644.8,644.3,0.592,0.207,-0.216,0.021,266.878,185.782,-6.098,11.652,-11.984,18.534,4.58,4.749,-5.365,1.912,4.251,-2.954,-0.024,1.073,-0.178,-1.865,-0.518,-0.322,0.213,1.725,-1.287,-0.655,0.144,-0.44,-0.305,-0.401,0.069,-0.076,0.117,0.021,-0.12,-0.018,-0.031,0.006,0.012,-0.006,0.37,0.0,0.0,0.94,0.0,0.0,0.0,0.0,0.0,0.63,0.0,0.0,0.0,0.0,0.0,0.0,0.0,0.0,1.0,0.0,1.0,0.0,0.0,0.0,0.0,0.0,1.0,0.0,0.0,0.0,0.0,0.0,0.0,1.0,0.0
PP133,g1,5393,0,0.975,0.187074,0.184803,-0.964806,0.036966,0.180461,-0.982887,0.115,0.185,243.6,244.9,248.1,251.2,252.5,251.4,248.0,244.9,239.3,241.3,244.1,247.6,251.1,253.7,255.4,253.4,250.4,247.2,244.1,241.3,246.7,248.0,249.4,250.0,249.4,248.1,246.7,246.1,281.1,282.0,284.7,287.7,289.2,288.3,285.5,282.3,278.0,280.0,282.6,285.9,288.8,290.9,292.1,291.0,289.1,286.5,283.5,280.4,283.8,285.1,286.3,286.7,286.1,284.8,283.5,283.1,161.4,158.1,156.8,158.2,161.4,164.8,165.9,164.6,162.8,161.0,159.9,159.3,159.9,161.4,163.5,164.6,165.0,165.2,164.9,164.2,162.9,163.4,162.9,161.5,160.1,159.5,160.0,161.5,160.8,157.6,156.2,157.3,160.4,163.6,165.0,164.1,163.0,160.9,159.3,158.5,158.9,160.0,161.7,163.1,163.9,164.3,164.3,164.0,162.1,162.6,162.0,160.6,159.2,158.7,159.4,160.7,-8.5,-6.7,-2.6,1.6,3.3,1.8,-2.6,-6.8,-14.2,-11.5,-7.7,-3.2,1.4,4.8,7.2,4.4,0.5,-3.7,-7.8,-11.5,-4.4,-2.6,-0.8,-0.0,-0.7,-2.6,-4.4,-5.2,41.8,43.2,47.0,51.2,53.2,51.8,47.9,43.5,37.8,40.3,43.9,48.4,52.6,55.8,57.8,55.9,52.9,49.2,45.1,40.9,45.7,47.5,49.2,49.8,48.9,47.1,45.4,44.8,-34.5,-38.8,-40.6,-38.8,-34.5,-29.9,-28.5,-30.3,-32.9,-35.1,-36.4,-37.1,-36.3,-34.4,-31.8,-30.2,-29.6,-29.3,-29.8,-30.9,-32.6,-31.8,-32.6,-34.4,-36.3,-37.1,-36.3,-34.5,-36.0,-40.4,-42.4,-41.0,-36.8,-32.4,-30.4,-31.5,-33.0,-35.9,-38.0,-39.1,-38.7,-37.5,-35.4,-33.2,-31.9,-31.3,-31.2,-31.6,-34.3,-33.7,-34.6,-36.5,-38.3,-39.0,-38.1,-36.2,516.0,516.5,516.6,516.3,515.9,515.7,515.3,515.5,520.2,517.6,515.2,514.1,514.6,516.1,517.7,516.1,514.6,514.3,515.4,517.6,516.6,516.5,516.5,516.7,516.9,517.0,517.0,516.8,526.0,527.0,528.7,529.9,530.1,529.1,527.5,526.3,526.4,525.7,525.5,526.5,529.2,532.7,536.0,532.7,529.4,526.9,525.8,525.9,528.0,528.6,529.3,529.7,529.7,529.1,528.4,527.9,27.6,-2.7,656.0,0.199,-0.161,0.009,219.6,220.1,221.8,224.4,229.2,236.6,245.5,255.8,266.3,275.0,281.4,287.2,292.1,295.7,298.0,299.7,300.1,229.7,236.2,244.9,253.5,261.4,276.7,283.3,289.7,295.9,299.6,269.3,270.3,271.3,272.4,260.9,265.5,270.1,274.1,277.6,239.2,244.4,250.6,255.6,250.4,244.2,278.0,283.0,288.5,292.3,289.0,283.5,251.2,258.9,265.4,269.1,273.0,277.6,281.4,277.5,273.0,268.8,264.7,258.4,254.1,265.0,268.8,272.8,279.3,272.8,268.8,264.9,162.0,173.8,185.5,196.7,207.3,216.4,223.9,229.4,230.5,228.1,221.4,213.2,204.1,194.0,183.5,172.8,161.8,155.1,150.3,149.1,150.4,153.2,152.7,149.6,148.2,149.0,153.2,161.5,169.4,177.3,185.4,190.1,191.7,192.9,191.6,189.8,162.7,159.8,159.8,163.6,165.0,165.1,163.1,159.0,158.9,161.6,164.1,164.3,204.8,202.8,201.4,202.5,201.3,202.5,204.1,209.2,211.4,212.0,211.7,209.7,205.2,205.0,205.3,204.7,204.6,205.8,206.5,206.1,-53.5,-52.8,-50.2,-45.6,-37.0,-23.8,-7.9,10.1,28.2,44.0,56.4,67.8,77.3,83.7,87.7,90.4,91.2,-33.9,-22.7,-8.4,5.8,18.5,43.9,55.4,67.0,78.5,86.2,31.7,33.0,34.4,35.7,17.9,25.3,32.8,39.6,45.6,-18.0,-9.2,1.0,9.3,0.7,-9.6,47.2,55.8,65.6,72.7,66.4,56.8,2.0,14.8,25.3,31.5,38.1,46.3,53.8,46.4,38.3,31.2,24.3,14.0,6.9,24.8,31.2,37.9,49.9,37.9,31.2,24.6,-44.7,-24.2,-3.6,16.4,35.2,51.2,64.0,72.7,74.5,71.3,60.9,46.9,30.4,11.9,-7.2,-26.8,-46.8,-54.1,-61.5,-63.1,-60.5,-55.7,-57.2,-63.0,-66.2,-65.8,-59.6,-42.6,-29.4,-16.4,-3.4,4.3,6.8,8.9,6.7,3.8,-41.3,-46.0,-45.9,-39.8,-37.4,-37.1,-41.1,-48.2,-48.6,-44.5,-39.9,-39.3,29.2,25.3,23.0,24.8,22.8,25.2,28.4,36.5,39.8,40.6,40.1,37.0,29.7,29.0,29.5,28.6,29.2,30.4,31.4,30.8,685.9,689.8,694.1,696.6,696.0,692.9,686.4,677.8,677.0,686.1,701.1,712.7,717.2,716.0,713.6,711.4,710.5,652.2,645.6,640.9,637.1,635.1,642.3,649.7,658.4,667.7,678.0,640.9,635.0,628.7,622.9,640.1,638.6,638.1,641.4,645.5,651.4,648.3,648.8,650.2,649.0,648.6,659.3,661.5,665.3,671.6,665.8,662.0,658.6,647.9,644.0,645.2,647.4,656.3,669.8,657.8,650.2,647.5,646.7,650.0,656.3,646.9,647.7,650.5,665.8,650.0,647.1,646.6,0.59,0.207,-0.212,0.019,266.398,185.716,-5.767,11.833,-11.073,16.912,4.434,4.775,-5.971,1.533,3.736,-3.059,0.043,1.332,0.091,-1.661,-0.551,-0.303,0.197,1.678,-1.198,-0.756,0.003,-0.422,-0.216,-0.334,0.114,-0.171,0.143,0.023,-0.119,-0.019,-0.017,0.007,0.006,-0.006,0.12,0.0,0.0,0.89,0.0,0.0,0.0,0.0,0.0,0.54,0.0,0.0,0.0,0.0,0.0,0.0,0.0,0.0,1.0,0.0,1.0,0.0,0.0,0.0,0.0,0.0,1.0,0.0,0.0,0.0,0.0,0.0,0.0,1.0,0.0
PP133,g1,5397,0,0.975,0.189742,0.183868,-0.964464,0.036829,0.180275,-0.982926,0.116,0.185,243.2,244.6,247.7,250.9,252.2,251.1,247.7,244.5,239.0,241.0,243.8,247.3,250.7,253.3,255.1,253.0,250.1,246.9,243.8,241.0,246.3,247.7,249.1,249.7,249.1,247.7,246.3,245.8,280.8,281.7,284.5,287.5,288.9,288.0,285.2,282.0,277.7,279.7,282.3,285.6,288.6,290.6,291.9,290.7,288.8,286.2,283.2,280.1,283.5,284.8,286.0,286.4,285.8,284.5,283.3,282.9,161.6,158.4,157.1,158.5,161.7,165.1,166.2,164.9,163.1,161.3,160.2,159.6,160.3,161.7,163.8,164.9,165.3,165.5,165.2,164.5,163.2,163.7,163.2,161.8,160.3,159.8,160.3,161.7,161.1,157.9,156.4,157.6,160.7,163.9,165.3,164.4,163.3,161.2,159.6,158.8,159.2,160.3,162.0,163.4,164.2,164.6,164.6,164.3,162.4,162.9,162.3,160.9,159.5,159.0,159.7,161.0,-8.9,-7.2,-3.0,1.2,2.9,1.4,-3.1,-7.2,-14.7,-12.0,-8.2,-3.6,1.0,4.4,6.8,4.0,0.1,-4.1,-8.2,-11.9,-4.9,-3.0,-1.2,-0.4,-1.2,-3.0,-4.8,-5.6,41.5,42.8,46.7,50.9,52.9,51.5,47.6,43.2,37.4,40.0,43.6,48.1,52.3,55.5,57.5,55.6,52.6,48.9,44.7,40.6,45.3,47.2,48.9,49.5,48.6,46.8,45.1,44.5,-34.1,-38.4,-40.2,-38.4,-34.1,-29.5,-28.1,-29.8,-32.5,-34.7,-36.0,-36.7,-35.9,-34.0,-31.4,-29.8,-29.2,-29.0,-29.4,-30.5,-32.2,-31.4,-32.2,-34.0,-35.9,-36.7,-35.9,-34.1,-35.7,-40.0,-42.1,-40.6,-36.5,-32.1,-30.0,-31.2,-32.7,-35.5,-37.6,-38.7,-38.3,-37.2,-35.0,-32.9,-31.6,-30.9,-30.9,-31.3,-34.0,-33.3,-34.2,-36.2,-38.0,-38.6,-37.7,-35.8,515.6,516.1,516.2,516.0,515.5,515.3,515.0,515.2,519.8,517.2,514.8,513.7,514.3,515.7,517.4,515.8,514.2,513.9,515.0,517.2,516.2,516.1,516.2,516.4,516.6,516.7,516.6,516.4,526.8,527.8,529.4,530.6,530.8,529.8,528.2,527.1,527.2,526.4,526.2,527.2,529.9,533.3,536.7,533.4,530.1,527.6,526.5,526.6,528.8,529.3,530.0,530.4,530.4,529.8,529.1,528.7,27.1,-2.4,656.0,0.196,-0.163,0.009,219.2,219.7,221.4,224.0,228.8,236.2,245.1,255.5,265.9,274.7,281.1,286.9,291.9,295.5,297.8,299.5,299.9,229.3,235.9,244.6,253.2,261.1,276.4,283.0,289.5,295.7,299.4,269.0,270.0,271.0,272.1,260.6,265.2,269.8,273.8,277.3,238.8,244.1,250.3,255.3,250.1,243.9,277.7,282.7,288.2,292.0,288.7,283.2,250.8,258.7,265.2,268.9,272.8,277.4,281.2,277.4,272.8,268.6,264.5,258.1,253.8,264.8,268.6,272.5,279.1,272.5,268.6,264.7,162.3,174.1,185.7,196.9,207.4,216.5,224.0,229.5,230.6,228.2,221.6,213.4,204.3,194.2,183.7,173.0,162.0,155.3,150.6,149.3,150.6,153.5,153.0,149.9,148.5,149.3,153.5,161.8,169.6,177.4,185.4,190.2,191.8,193.0,191.6,189.9,163.0,160.1,160.2,163.9,165.3,165.4,163.4,159.4,159.3,161.9,164.4,164.6,204.9,202.8,201.4,202.5,201.3,202.5,204.1,209.3,211.6,212.2,211.9,209.9,205.2,205.0,205.3,204.7,204.6,205.9,206.6,206.2,-54.1,-53.5,-50.9,-46.4,-37.8,-24.6,-8.6,9.5,27.6,43.4,55.8,67.3,76.9,83.4,87.4,90.2,90.9,-34.5,-23.3,-8.9,5.3,18.0,43.4,54.9,66.5,78.1,85.8,31.2,32.5,33.9,35.2,17.4,24.8,32.3,39.2,45.2,-18.6,-9.8,0.4,8.8,0.1,-10.1,46.7,55.4,65.1,72.3,66.0,56.3,1.4,14.4,25.0,31.2,37.8,46.0,53.6,46.1,38.0,30.9,24.0,13.5,6.3,24.4,30.9,37.5,49.6,37.5,30.8,24.3,-44.2,-23.7,-3.2,16.7,35.4,51.4,64.1,72.8,74.7,71.5,61.2,47.3,30.8,12.4,-6.9,-26.5,-46.5,-53.8,-61.1,-62.7,-60.2,-55.3,-56.8,-62.6,-65.8,-65.4,-59.1,-42.1,-29.1,-16.3,-3.4,4.5,7.0,9.0,6.8,4.0,-40.9,-45.5,-45.4,-39.3,-36.9,-36.7,-40.7,-47.7,-48.1,-44.0,-39.4,-38.9,29.3,25.4,23.0,24.7,22.8,25.1,28.4,36.7,40.0,40.9,40.4,37.2,29.8,29.0,29.6,28.7,29.2,30.5,31.6,31.0,686.0,689.7,694.0,696.4,695.9,692.9,686.5,677.9,677.1,686.3,701.3,713.0,717.6,716.4,714.1,712.0,711.2,652.5,645.9,641.2,637.4,635.5,642.5,649.9,658.6,668.1,678.4,641.1,635.2,628.9,623.1,640.1,638.7,638.2,641.6,645.7,651.7,648.7,649.1,650.5,649.3,648.9,659.6,661.8,665.6,671.9,666.0,662.3,658.6,647.8,643.8,645.0,647.2,656.2,670.0,657.8,650.1,647.4,646.6,650.0,656.4,646.8,647.5,650.3,666.0,649.8,647.0,646.5,0.59,0.204,-0.213,0.019,266.114,185.878,-4.652,10.994,-10.429,15.967,4.1,3.892,-6.17,1.584,3.434,-3.348,0.017,1.252,-0.032,-1.769,-0.626,-0.292,0.142,1.485,-1.031,-0.721,0.144,-0.528,-0.199,-0.31,0.031,-0.142,0.141,0.011,-0.132,-0.023,-0.017,0.005,0.007,-0.002,0.0,0.0,0.0,0.66,0.0,0.0,0.14,0.0,0.0,0.71,0.0,0.0,0.0,0.0,0.0,0.0,0.0,0.0,1.0,0.0,1.0,0.0,0.0,0.0,0.0,0.0,1.0,0.0,0.0,0.0,0.0,0.0,0.0,1.0,0.0
PP133,g1,5402,0,0.975,0.190289,0.186224,-0.963904,0.036544,0.18285,-0.982461,0.116,0.187,242.9,244.2,247.4,250.5,251.8,250.7,247.4,244.2,238.7,240.6,243.5,246.9,250.4,253.0,254.8,252.7,249.8,246.6,243.4,240.7,246.0,247.4,248.8,249.3,248.8,247.4,246.0,245.4,280.4,281.4,284.1,287.1,288.6,287.7,284.9,281.7,277.4,279.3,282.0,285.3,288.2,290.3,291.5,290.4,288.5,285.9,282.9,279.8,283.2,284.5,285.7,286.1,285.4,284.1,282.9,282.5,161.9,158.7,157.4,158.7,161.9,165.4,166.5,165.1,163.4,161.6,160.4,159.9,160.5,162.0,164.0,165.1,165.6,165.7,165.5,164.8,163.4,164.0,163.4,162.0,160.6,160.0,160.6,162.0,161.2,158.0,156.6,157.7,160.8,164.0,165.4,164.5,163.4,161.3,159.7,159.0,159.4,160.4,162.1,163.5,164.3,164.7,164.7,164.4,162.5,163.0,162.4,161.0,159.7,159.2,159.8,161.2,-9.4,-7.6,-3.5,0.7,2.4,1.0,-3.5,-7.6,-15.1,-12.4,-8.6,-4.0,0.5,4.0,6.3,3.6,-0.3,-4.5,-8.7,-12.4,-5.3,-3.5,-1.6,-0.9,-1.6,-3.5,-5.3,-6.0,41.1,42.4,46.3,50.5,52.5,51.2,47.3,42.8,37.1,39.6,43.2,47.7,51.9,55.1,57.1,55.2,52.3,48.6,44.4,40.2,45.0,46.8,48.5,49.1,48.2,46.4,44.7,44.1,-33.8,-38.1,-39.9,-38.1,-33.8,-29.2,-27.8,-29.6,-32.2,-34.4,-35.7,-36.4,-35.6,-33.8,-31.2,-29.6,-28.9,-28.7,-29.1,-30.2,-31.9,-31.1,-31.9,-33.8,-35.7,-36.4,-35.7,-33.8,-35.5,-39.9,-41.9,-40.5,-36.3,-32.0,-29.9,-31.0,-32.5,-35.3,-37.5,-38.6,-38.2,-37.1,-34.9,-32.8,-31.5,-30.8,-30.8,-31.1,-33.9,-33.2,-34.1,-36.0,-37.8,-38.5,-37.6,-35.7,516.7,517.2,517.3,517.1,516.6,516.4,516.1,516.3,520.9,518.3,515.9,514.8,515.4,516.8,518.5,516.9,515.3,515.0,516.1,518.3,517.3,517.2,517.3,517.5,517.7,517.8,517.7,517.5,527.6,528.6,530.2,531.5,531.7,530.7,529.1,527.9,528.1,527.3,527.1,528.0,530.7,534.2,537.5,534.2,530.9,528.5,527.3,527.5,529.6,530.2,530.9,531.3,531.2,530.6,530.0,529.5,26.7,-2.2,656.4,0.2,-0.163,0.007,218.8,219.4,221.1,223.7,228.5,235.9,244.9,255.3,265.8,274.6,281.0,286.8,291.8,295.4,297.6,299.3,299.7,229.0,235.5,244.2,252.8,260.7,276.0,282.7,289.1,295.3,299.1,268.7,269.6,270.7,271.7,260.3,264.9,269.5,273.6,277.0,238.5,243.8,249.9,254.9,249.8,243.6,277.3,282.3,287.9,291.7,288.4,282.9,250.7,258.5,264.9,268.6,272.5,277.1,281.0,277.2,272.6,268.5,264.3,258.0,253.6,264.5,268.4,272.3,278.9,272.3,268.4,264.5,162.5,174.2,185.8,196.9,207.4,216.5,224.0,229.5,230.6,228.2,221.5,213.3,204.2,194.1,183.7,173.0,162.0,155.6,150.9,149.6,150.9,153.8,153.2,150.1,148.7,149.4,153.6,162.1,169.9,177.7,185.7,190.5,192.0,193.2,191.8,190.1,163.3,160.4,160.4,164.1,165.5,165.7,163.6,159.5,159.4,162.0,164.5,164.7,205.0,203.0,201.6,202.6,201.4,202.6,204.1,209.3,211.5,212.1,211.9,209.9,205.3,205.2,205.5,204.9,204.6,205.9,206.6,206.3,-54.8,-54.1,-51.5,-46.9,-38.3,-25.0,-8.9,9.2,27.4,43.2,55.8,67.3,76.9,83.3,87.1,89.8,90.5,-35.2,-24.0,-9.6,4.6,17.4,42.8,54.3,66.0,77.5,85.3,30.6,31.9,33.3,34.7,16.9,24.4,31.9,38.7,44.7,-19.1,-10.3,-0.1,8.2,-0.4,-10.7,46.2,54.8,64.5,71.7,65.4,55.8,1.1,14.0,24.6,30.8,37.4,45.6,53.2,45.8,37.7,30.6,23.7,13.3,6.0,24.1,30.5,37.2,49.3,37.2,30.5,24.0,-43.9,-23.5,-3.1,16.8,35.5,51.5,64.1,72.9,74.7,71.5,61.0,47.1,30.6,12.2,-7.0,-26.5,-46.4,-53.3,-60.6,-62.2,-59.7,-54.8,-56.4,-62.2,-65.5,-65.1,-58.9,-41.7,-28.6,-15.8,-2.9,4.9,7.4,9.4,7.1,4.3,-40.4,-45.1,-45.0,-38.9,-36.5,-36.3,-40.4,-47.4,-47.9,-43.8,-39.3,-38.7,29.6,25.7,23.3,25.0,23.1,25.3,28.5,36.7,40.0,40.9,40.4,37.3,30.0,29.3,29.9,28.9,29.2,30.6,31.6,31.1,686.6,690.4,694.7,697.2,696.7,693.6,687.1,678.4,677.7,686.9,701.9,713.6,718.3,717.0,714.6,712.4,711.5,652.9,646.2,641.4,637.5,635.6,642.5,649.9,658.6,668.0,678.4,641.3,635.5,629.2,623.5,640.5,639.1,638.6,642.0,646.0,652.0,648.9,649.3,650.8,649.5,649.2,659.7,661.9,665.7,672.0,666.2,662.4,659.1,648.3,644.3,645.5,647.6,656.7,670.4,658.2,650.5,647.8,647.0,650.4,656.9,647.3,648.0,650.8,666.4,650.2,647.3,646.9,0.59,0.208,-0.212,0.016,265.85,186.007,-3.473,10.971,-10.758,15.222,3.987,4.174,-6.203,1.744,3.433,-3.137,-0.112,1.231,-0.008,-1.73,-0.387,-0.408,0.07,1.445,-0.95,-0.641,0.252,-0.491,-0.213,-0.321,0.067,-0.138,0.145,0.015,-0.129,-0.023,-0.01,0.003,0.008,-0.005,0.27,0.0,0.0,0.63,0.0,0.0,0.01,0.0,0.0,0.66,0.0,0.0,0.0,0.0,0.0,0.0,0.0,0.0,1.0,0.0,1.0,0.0,0.0,0.0,0.0,0.0,1.0,0.0,0.0,0.0,0.0,0.0,0.0,1.0,0.0
PP133,g1,5406,0,0.975,0.193573,0.186982,-0.963103,0.038777,0.18457,-0.982054,0.119,0.189,242.8,244.1,247.3,250.4,251.8,250.7,247.3,244.1,238.5,240.5,243.4,246.8,250.3,252.9,254.7,252.6,249.7,246.5,243.3,240.5,245.9,247.3,248.7,249.2,248.7,247.3,245.9,245.3,280.4,281.3,284.1,287.1,288.5,287.6,284.9,281.6,277.4,279.3,282.0,285.2,288.2,290.2,291.5,290.4,288.4,285.9,282.8,279.7,283.1,284.4,285.6,286.0,285.4,284.1,282.9,282.5,161.9,158.7,157.4,158.7,161.9,165.4,166.5,165.2,163.4,161.6,160.4,159.9,160.5,162.0,164.0,165.2,165.6,165.8,165.5,164.8,163.4,164.0,163.4,162.0,160.6,160.0,160.6,162.0,161.1,158.0,156.5,157.6,160.7,163.9,165.3,164.5,163.4,161.2,159.6,158.8,159.2,160.3,162.0,163.4,164.3,164.7,164.7,164.4,162.4,162.9,162.3,160.9,159.6,159.1,159.7,161.1,-9.5,-7.7,-3.6,0.6,2.3,0.9,-3.6,-7.8,-15.2,-12.5,-8.7,-4.1,0.4,3.8,6.2,3.4,-0.4,-4.6,-8.8,-12.5,-5.4,-3.6,-1.8,-1.0,-1.8,-3.6,-5.4,-6.2,41.0,42.3,46.1,50.3,52.3,51.0,47.1,42.7,36.9,39.5,43.0,47.5,51.8,54.9,57.0,55.1,52.1,48.4,44.2,40.1,44.8,46.6,48.3,48.9,48.0,46.2,44.5,43.9,-33.7,-38.0,-39.7,-38.0,-33.7,-29.1,-27.6,-29.4,-32.0,-34.2,-35.6,-36.2,-35.5,-33.6,-31.0,-29.4,-28.8,-28.5,-28.9,-30.0,-31.7,-31.0,-31.7,-33.6,-35.5,-36.3,-35.5,-33.6,-35.5,-39.9,-42.0,-40.5,-36.4,-32.0,-30.0,-31.1,-32.5,-35.4,-37.5,-38.7,-38.3,-37.1,-35.0,-32.8,-31.5,-30.8,-30.8,-31.1,-33.9,-33.3,-34.2,-36.1,-37.9,-38.5,-37.6,-35.7,514.4,514.8,515.0,514.8,514.3,514.1,513.7,513.9,518.5,515.9,513.6,512.5,513.1,514.5,516.2,514.6,513.0,512.7,513.8,516.0,515.0,514.9,515.0,515.1,515.3,515.4,515.4,515.2,526.5,527.5,529.1,530.3,530.6,529.6,528.0,526.8,526.9,526.1,525.9,526.9,529.6,533.1,536.4,533.1,529.8,527.4,526.2,526.4,528.5,529.1,529.7,530.2,530.1,529.5,528.8,528.4,26.6,-2.2,655.8,0.202,-0.167,0.006,218.7,219.2,220.9,223.6,228.4,235.8,244.9,255.3,265.8,274.5,280.9,286.7,291.7,295.2,297.5,299.2,299.7,228.9,235.5,244.1,252.8,260.6,276.0,282.6,289.1,295.2,299.0,268.6,269.6,270.7,271.7,260.4,264.9,269.5,273.5,277.0,238.4,243.7,249.8,254.9,249.7,243.5,277.3,282.3,287.8,291.6,288.3,282.8,250.8,258.6,265.0,268.7,272.5,277.1,280.9,277.1,272.6,268.5,264.4,258.1,253.8,264.6,268.4,272.3,278.7,272.3,268.4,264.5,162.6,174.3,185.8,197.0,207.4,216.5,223.9,229.4,230.5,228.1,221.4,213.3,204.1,194.1,183.6,172.8,161.8,155.5,150.8,149.6,150.9,153.7,153.1,150.0,148.5,149.2,153.3,162.1,169.9,177.6,185.6,190.5,192.0,193.2,191.8,190.0,163.3,160.4,160.4,164.1,165.6,165.7,163.5,159.4,159.3,161.9,164.4,164.7,205.2,203.1,201.7,202.7,201.4,202.6,204.2,209.4,211.7,212.3,212.0,210.1,205.5,205.2,205.5,204.9,204.8,206.0,206.7,206.4,-54.9,-54.3,-51.6,-47.0,-38.4,-25.1,-9.0,9.1,27.3,43.0,55.5,67.0,76.5,83.0,86.9,89.6,90.4,-35.2,-24.0,-9.7,4.5,17.2,42.7,54.2,65.8,77.3,85.1,30.5,31.8,33.3,34.6,17.0,24.4,31.8,38.6,44.6,-19.3,-10.5,-0.2,8.1,-0.5,-10.8,46.1,54.7,64.4,71.6,65.3,55.6,1.4,14.2,24.7,30.8,37.3,45.5,53.0,45.6,37.6,30.6,23.8,13.5,6.3,24.2,30.5,37.1,49.0,37.1,30.5,24.1,-43.7,-23.3,-3.0,16.9,35.5,51.4,64.0,72.7,74.5,71.3,60.9,47.0,30.5,12.1,-7.2,-26.8,-46.7,-53.4,-60.6,-62.1,-59.7,-54.9,-56.5,-62.3,-65.7,-65.4,-59.3,-41.7,-28.6,-15.9,-3.0,4.9,7.3,9.3,7.0,4.2,-40.4,-45.0,-45.0,-38.9,-36.4,-36.2,-40.5,-47.5,-48.1,-44.0,-39.3,-38.7,29.9,25.8,23.3,25.0,23.1,25.4,28.6,36.9,40.2,41.1,40.6,37.6,30.3,29.4,29.9,29.0,29.4,30.8,31.8,31.3,685.2,689.1,693.4,696.0,695.7,692.8,686.5,678.0,677.3,686.5,701.4,713.1,717.7,716.5,714.1,711.9,711.0,651.6,645.0,640.4,636.6,634.7,641.8,649.2,657.9,667.4,677.6,640.6,634.8,628.6,623.0,639.8,638.6,638.2,641.5,645.5,651.1,648.0,648.4,650.0,648.7,648.3,659.0,661.2,665.1,671.5,665.6,661.8,658.3,647.6,643.7,644.9,647.0,656.1,669.7,657.7,650.1,647.5,646.6,649.9,656.1,646.7,647.5,650.2,665.7,649.7,646.9,646.5,0.59,0.211,-0.216,0.016,265.811,185.998,-4.253,10.471,-11.455,15.603,4.495,3.359,-5.831,1.943,3.521,-3.352,0.056,1.377,0.034,-1.898,-0.395,-0.37,0.212,1.314,-0.985,-0.631,0.312,-0.405,-0.304,-0.372,0.093,-0.1,0.157,0.022,-0.121,-0.018,-0.009,0.003,0.011,-0.005,0.0,0.0,0.0,0.79,0.0,0.0,0.01,0.0,0.0,0.81,0.0,0.0,0.0,0.0,0.0,0.0,0.0,0.0,1.0,0.0,1.0,0.0,0.0,0.0,0.0,0.0,1.0,0.0,0.0,0.0,0.0,0.0,0.0,1.0,0.0
PP133,g1,5410,0,0.975,0.19216,0.187539,-0.963278,0.039559,0.184842,-0.981972,0.119,0.189,242.8,244.1,247.3,250.4,251.7,250.6,247.2,244.1,238.5,240.5,243.3,246.8,250.3,252.9,254.7,252.6,249.7,246.4,243.3,240.5,245.9,247.3,248.6,249.2,248.6,247.3,245.9,245.3,280.4,281.3,284.1,287.1,288.6,287.7,284.9,281.7,277.4,279.3,282.0,285.3,288.2,290.3,291.5,290.4,288.5,285.9,282.9,279.8,283.2,284.5,285.7,286.1,285.4,284.1,282.9,282.5,161.8,158.6,157.3,158.6,161.8,165.3,166.4,165.1,163.3,161.5,160.3,159.8,160.4,161.9,163.9,165.1,165.5,165.7,165.5,164.7,163.3,163.9,163.3,161.9,160.5,159.9,160.5,161.9,161.1,157.9,156.4,157.5,160.6,163.8,165.3,164.4,163.3,161.2,159.5,158.7,159.1,160.2,161.9,163.4,164.2,164.6,164.6,164.3,162.4,162.9,162.2,160.8,159.5,159.0,159.6,161.0,-9.5,-7.8,-3.6,0.6,2.3,0.8,-3.6,-7.8,-15.2,-12.5,-8.7,-4.2,0.4,3.8,6.2,3.4,-0.4,-4.7,-8.8,-12.5,-5.4,-3.6,-1.8,-1.0,-1.8,-3.6,-5.4,-6.2,40.8,42.1,46.0,50.1,52.2,50.8,47.0,42.5,36.8,39.3,42.9,47.4,51.6,54.7,56.8,54.9,51.9,48.3,44.1,39.9,44.7,46.5,48.2,48.7,47.9,46.0,44.4,43.8,-33.6,-37.9,-39.7,-37.9,-33.6,-29.1,-27.6,-29.4,-32.0,-34.2,-35.6,-36.2,-35.5,-33.6,-31.0,-29.4,-28.7,-28.4,-28.9,-30.0,-31.7,-30.9,-31.7,-33.6,-35.5,-36.2,-35.5,-33.6,-35.5,-39.8,-41.9,-40.5,-36.3,-31.9,-29.9,-31.0,-32.4,-35.3,-37.5,-38.6,-38.3,-37.1,-35.0,-32.8,-31.4,-30.7,-30.7,-31.1,-33.8,-33.2,-34.1,-36.0,-37.8,-38.5,-37.6,-35.6,512.1,512.5,512.7,512.4,512.0,511.8,511.5,511.7,516.3,513.7,511.3,510.2,510.8,512.2,513.9,512.3,510.7,510.4,511.5,513.7,512.7,512.6,512.7,512.8,513.0,513.1,513.1,512.9,524.0,524.9,526.6,527.8,528.1,527.1,525.5,524.3,524.4,523.6,523.4,524.4,527.1,530.6,533.9,530.7,527.3,524.9,523.8,523.9,526.0,526.6,527.3,527.7,527.6,527.0,526.3,525.9,26.5,-2.0,653.7,0.205,-0.167,0.006,218.6,219.2,220.9,223.6,228.5,235.9,244.9,255.3,265.8,274.6,280.9,286.7,291.6,295.2,297.5,299.2,299.6,228.7,235.3,244.0,252.8,260.7,276.0,282.7,289.1,295.4,299.1,268.7,269.7,270.7,271.8,260.4,265.0,269.5,273.6,277.0,238.4,243.6,249.8,254.9,249.7,243.4,277.3,282.3,287.9,291.7,288.4,282.9,250.9,258.6,265.0,268.7,272.5,277.0,280.8,277.0,272.5,268.4,264.4,258.1,253.9,264.6,268.4,272.2,278.6,272.2,268.4,264.5,162.5,174.3,185.9,197.1,207.6,216.6,224.1,229.6,230.7,228.2,221.5,213.3,204.1,194.1,183.6,172.8,161.8,155.5,150.7,149.5,150.8,153.7,153.0,149.9,148.4,149.1,153.3,162.0,169.8,177.6,185.7,190.6,192.1,193.3,191.9,190.2,163.2,160.2,160.3,164.1,165.5,165.7,163.5,159.3,159.2,161.8,164.4,164.6,205.5,203.4,202.0,203.0,201.7,203.0,204.6,209.8,212.0,212.6,212.4,210.4,205.8,205.5,205.8,205.2,205.1,206.3,207.0,206.7,-54.9,-54.3,-51.5,-46.9,-38.2,-24.9,-8.9,9.2,27.4,43.1,55.4,66.8,76.2,82.6,86.5,89.3,90.0,-35.3,-24.1,-9.8,4.5,17.3,42.6,54.1,65.7,77.2,84.9,30.5,31.8,33.2,34.6,17.0,24.4,31.8,38.5,44.5,-19.3,-10.5,-0.3,8.0,-0.6,-10.9,46.0,54.5,64.3,71.4,65.2,55.5,1.5,14.2,24.6,30.7,37.1,45.2,52.6,45.3,37.3,30.4,23.7,13.4,6.4,24.1,30.4,36.9,48.6,36.9,30.4,24.0,-43.7,-23.3,-2.9,17.0,35.6,51.5,64.1,72.8,74.6,71.3,60.9,46.9,30.4,12.0,-7.1,-26.7,-46.6,-53.2,-60.5,-62.1,-59.6,-54.8,-56.4,-62.2,-65.6,-65.3,-59.2,-41.6,-28.6,-15.8,-2.9,5.1,7.5,9.4,7.2,4.4,-40.3,-45.1,-45.0,-38.9,-36.4,-36.1,-40.4,-47.6,-48.1,-44.0,-39.3,-38.6,30.3,26.3,23.7,25.4,23.5,25.9,29.2,37.4,40.7,41.5,41.1,38.0,30.7,29.8,30.3,29.4,29.9,31.2,32.3,31.7,683.0,687.0,691.4,694.0,693.5,690.6,684.3,675.9,675.1,684.3,699.2,710.7,715.3,714.0,711.6,709.3,708.4,649.3,642.6,637.9,634.0,632.1,639.3,646.8,655.6,665.1,675.6,638.1,632.3,626.1,620.4,637.5,636.3,635.8,639.1,643.1,648.8,645.6,646.0,647.6,646.4,646.0,656.7,658.9,662.8,669.3,663.3,659.5,656.1,645.5,641.5,642.8,644.9,653.9,667.4,655.6,648.2,645.6,644.7,647.9,653.8,644.6,645.4,648.1,663.4,647.7,644.9,644.4,0.592,0.213,-0.216,0.016,265.811,186.094,-4.735,11.389,-11.84,17.107,5.211,3.253,-5.721,1.893,4.257,-2.937,0.148,1.151,0.104,-2.034,-0.609,-0.219,0.409,1.397,-1.206,-0.591,0.264,-0.492,-0.311,-0.334,0.052,-0.108,0.123,0.026,-0.119,-0.01,-0.021,0.003,0.01,-0.002,0.39,0.0,0.0,0.71,0.0,0.0,0.01,0.0,0.0,0.13,0.0,0.0,0.0,0.0,0.0,0.0,0.0,0.0,1.0,0.0,1.0,0.0,0.0,0.0,0.0,0.0,0.0,0.0,0.0,0.0,0.0,0.0,0.0,1.0,0.0
PP133,g1,5415,0,0.975,0.190829,0.188724,-0.963311,0.040775,0.18562,-0.981775,0.119,0.19,242.9,244.3,247.5,250.6,252.0,250.9,247.4,244.3,238.7,240.6,243.5,247.0,250.5,253.1,254.9,252.8,249.9,246.6,243.5,240.7,246.1,247.5,248.8,249.4,248.9,247.5,246.1,245.5,280.7,281.6,284.4,287.4,288.9,287.9,285.2,281.9,277.6,279.6,282.2,285.6,288.5,290.6,291.8,290.7,288.7,286.2,283.1,280.0,283.4,284.7,285.9,286.4,285.7,284.4,283.2,282.8,162.0,158.7,157.4,158.7,162.0,165.5,166.6,165.2,163.4,161.6,160.5,159.9,160.5,162.0,164.1,165.2,165.7,165.9,165.6,164.9,163.5,164.1,163.5,162.0,160.6,160.0,160.6,162.1,161.2,158.0,156.6,157.7,160.8,164.0,165.5,164.6,163.5,161.3,159.7,158.9,159.3,160.4,162.1,163.6,164.4,164.8,164.8,164.5,162.5,163.1,162.4,161.0,159.7,159.2,159.8,161.2,-9.2,-7.5,-3.3,0.8,2.6,1.1,-3.3,-7.5,-14.9,-12.3,-8.5,-3.9,0.6,4.1,6.5,3.7,-0.2,-4.4,-8.5,-12.2,-5.2,-3.3,-1.5,-0.7,-1.5,-3.3,-5.1,-5.9,41.0,42.3,46.2,50.4,52.4,51.0,47.2,42.7,37.0,39.5,43.1,47.6,51.8,54.9,57.0,55.1,52.1,48.5,44.3,40.1,44.9,46.7,48.4,49.0,48.1,46.3,44.6,44.0,-33.4,-37.7,-39.4,-37.7,-33.4,-28.8,-27.3,-29.1,-31.7,-33.9,-35.3,-36.0,-35.2,-33.3,-30.7,-29.1,-28.5,-28.2,-28.6,-29.7,-31.4,-30.7,-31.4,-33.3,-35.2,-36.0,-35.2,-33.3,-35.1,-39.5,-41.6,-40.1,-36.0,-31.6,-29.5,-30.7,-32.1,-35.0,-37.1,-38.3,-37.9,-36.7,-34.6,-32.4,-31.1,-30.4,-30.4,-30.7,-33.5,-32.9,-33.8,-35.7,-37.5,-38.1,-37.2,-35.3,510.7,511.1,511.2,511.0,510.5,510.4,510.0,510.2,514.9,512.3,509.9,508.7,509.3,510.7,512.4,510.8,509.3,508.9,510.1,512.3,511.3,511.2,511.2,511.4,511.6,511.7,511.6,511.5,522.4,523.3,524.9,526.3,526.5,525.5,523.9,522.7,522.8,522.0,521.8,522.8,525.5,529.0,532.3,529.1,525.7,523.3,522.1,522.3,524.4,524.9,525.7,526.1,526.0,525.4,524.7,524.3,26.7,-1.4,650.4,0.207,-0.169,0.009,218.8,219.3,221.0,223.7,228.6,235.9,244.9,255.3,265.9,274.7,281.0,286.7,291.6,295.2,297.6,299.3,299.8,229.0,235.5,244.3,253.0,261.0,276.3,282.9,289.4,295.6,299.3,268.9,269.9,271.0,272.1,260.6,265.2,269.7,273.8,277.3,238.5,243.8,250.0,255.1,249.9,243.6,277.6,282.6,288.2,292.0,288.6,283.1,251.0,258.7,265.1,268.8,272.7,277.2,281.0,277.2,272.7,268.5,264.4,258.1,253.9,264.7,268.6,272.4,278.8,272.4,268.5,264.6,162.5,174.3,186.0,197.3,207.9,217.1,224.6,230.2,231.3,228.9,222.2,213.8,204.6,194.5,184.0,173.2,162.1,155.6,150.8,149.5,150.8,153.7,153.1,150.0,148.5,149.3,153.5,162.1,170.0,177.9,186.0,191.0,192.5,193.7,192.3,190.5,163.4,160.4,160.4,164.2,165.6,165.8,163.6,159.5,159.3,162.0,164.6,164.8,206.2,204.0,202.5,203.5,202.3,203.6,205.3,210.6,212.9,213.5,213.2,211.2,206.5,206.1,206.4,205.8,205.8,207.1,207.8,207.5,-54.3,-53.7,-51.0,-46.4,-37.8,-24.7,-8.9,9.2,27.3,43.0,55.2,66.5,75.9,82.2,86.2,89.0,89.8,-34.8,-23.6,-9.3,4.9,17.7,42.8,54.3,65.8,77.3,84.9,30.8,32.1,33.5,34.9,17.2,24.5,31.9,38.8,44.7,-18.9,-10.2,0.1,8.4,-0.2,-10.5,46.1,54.7,64.4,71.5,65.3,55.6,1.6,14.3,24.7,30.8,37.2,45.4,52.7,45.5,37.4,30.5,23.7,13.4,6.5,24.2,30.5,37.0,48.7,37.0,30.4,24.0,-43.5,-23.0,-2.6,17.3,36.0,52.0,64.7,73.5,75.4,72.2,61.7,47.7,31.1,12.7,-6.4,-25.9,-45.9,-52.7,-60.1,-61.7,-59.2,-54.4,-56.0,-61.9,-65.2,-64.8,-58.6,-41.2,-28.1,-15.3,-2.4,5.6,8.0,10.0,7.8,5.0,-39.9,-44.6,-44.6,-38.4,-36.0,-35.7,-39.9,-47.0,-47.5,-43.4,-38.7,-38.1,31.2,27.1,24.5,26.3,24.3,26.8,30.2,38.5,41.9,42.7,42.2,39.1,31.6,30.6,31.1,30.3,31.0,32.3,33.3,32.8,678.9,683.0,687.6,690.4,689.9,687.1,681.0,672.7,671.9,681.1,695.9,707.4,711.9,710.5,708.0,705.6,704.7,645.6,639.0,634.2,630.4,628.6,636.0,643.5,652.3,661.8,672.2,634.6,628.8,622.6,616.9,634.1,632.9,632.4,635.8,639.8,645.1,642.0,642.4,644.0,642.8,642.4,653.2,655.4,659.3,665.8,659.9,656.1,652.8,642.1,638.2,639.4,641.5,650.6,664.2,652.5,645.2,642.5,641.6,644.7,650.5,641.3,642.1,644.8,660.2,644.6,641.8,641.3,0.595,0.216,-0.218,0.019,265.983,186.473,-6.262,11.543,-11.76,18.879,4.905,3.001,-5.6,2.161,4.589,-2.41,-0.06,1.141,0.244,-2.03,-1.08,0.182,0.534,1.438,-1.157,-0.881,0.334,-0.469,-0.209,-0.387,-0.005,-0.123,0.073,0.034,-0.117,-0.0,-0.03,0.003,0.007,-0.003,0.26,0.0,0.0,0.58,0.0,0.0,0.05,0.0,0.0,0.03,0.0,0.0,0.0,0.0,0.0,0.0,0.0,0.0,1.0,0.0,1.0,0.0,0.0,0.0,0.0,0.0,0.0,0.0,0.0,0.0,0.0,0.0,0.0,1.0,0.0
PP133,g1,5419,0,0.925,0.190047,0.190298,-0.963156,0.040289,0.186825,-0.981567,0.118,0.192,243.2,244.6,247.8,251.0,252.3,251.2,247.7,244.5,239.0,240.9,243.8,247.3,250.8,253.5,255.3,253.2,250.2,246.9,243.8,241.0,246.4,247.8,249.2,249.8,249.2,247.8,246.4,245.8,281.0,281.9,284.7,287.7,289.2,288.3,285.5,282.2,277.9,279.9,282.6,285.9,288.8,290.9,292.1,291.0,289.1,286.5,283.4,280.3,283.7,285.0,286.3,286.7,286.0,284.7,283.5,283.1,162.2,159.0,157.6,159.0,162.3,165.8,166.8,165.5,163.7,161.9,160.7,160.1,160.8,162.3,164.4,165.5,166.0,166.2,165.9,165.1,163.7,164.3,163.8,162.3,160.9,160.3,160.9,162.3,161.5,158.3,156.9,158.0,161.1,164.4,165.8,164.9,163.8,161.6,160.0,159.2,159.6,160.7,162.5,163.9,164.8,165.2,165.1,164.9,162.9,163.4,162.7,161.3,160.0,159.5,160.1,161.5,-8.8,-7.0,-2.9,1.3,3.0,1.5,-2.9,-7.1,-14.5,-11.8,-8.0,-3.5,1.1,4.5,6.9,4.1,0.2,-4.0,-8.1,-11.8,-4.7,-2.9,-1.1,-0.3,-1.1,-2.9,-4.7,-5.5,41.3,42.6,46.5,50.6,52.6,51.3,47.4,42.9,37.2,39.8,43.3,47.8,52.0,55.2,57.2,55.3,52.4,48.7,44.5,40.4,45.1,46.9,48.6,49.2,48.3,46.5,44.8,44.2,-32.9,-37.2,-39.0,-37.2,-32.9,-28.3,-26.9,-28.7,-31.3,-33.5,-34.9,-35.5,-34.7,-32.8,-30.2,-28.6,-28.0,-27.7,-28.1,-29.3,-31.0,-30.2,-31.0,-32.8,-34.7,-35.5,-34.7,-32.9,-34.6,-38.9,-41.0,-39.5,-35.4,-31.0,-29.0,-30.1,-31.5,-34.4,-36.6,-37.7,-37.3,-36.2,-34.0,-31.8,-30.5,-29.8,-29.8,-30.2,-32.9,-32.3,-33.2,-35.1,-36.9,-37.5,-36.6,-34.7,508.9,509.3,509.4,509.2,508.7,508.5,508.1,508.4,513.0,510.4,508.1,506.9,507.5,508.9,510.5,508.9,507.4,507.1,508.2,510.5,509.4,509.3,509.4,509.6,509.8,509.9,509.8,509.6,520.3,521.2,522.9,524.2,524.4,523.4,521.8,520.6,520.7,519.9,519.7,520.7,523.4,526.9,530.3,527.0,523.7,521.2,520.1,520.2,522.3,522.9,523.6,524.0,523.9,523.3,522.6,522.2,27.0,-0.6,649.2,0.213,-0.168,0.012,219.0,219.5,221.2,223.9,228.8,236.2,245.1,255.5,266.0,274.8,281.1,286.8,291.7,295.3,297.7,299.5,300.0,229.3,235.9,244.6,253.4,261.3,276.6,283.3,289.7,295.9,299.6,269.3,270.3,271.3,272.4,260.8,265.4,270.0,274.0,277.5,238.8,244.1,250.4,255.4,250.2,243.9,277.9,282.9,288.5,292.3,289.0,283.4,251.0,258.7,265.3,269.0,272.8,277.4,281.1,277.3,272.7,268.6,264.5,258.1,254.0,264.9,268.7,272.5,278.9,272.4,268.6,264.7,162.5,174.5,186.3,197.7,208.4,217.7,225.3,230.8,231.9,229.5,222.6,214.3,205.0,194.9,184.4,173.6,162.5,155.8,151.0,149.7,151.0,154.0,153.4,150.2,148.7,149.5,153.7,162.4,170.3,178.2,186.3,191.3,192.8,194.0,192.7,190.9,163.6,160.6,160.7,164.5,165.9,166.1,164.0,159.8,159.6,162.4,164.9,165.1,206.7,204.4,202.9,203.9,202.7,204.1,205.9,211.5,213.9,214.4,214.2,212.0,207.0,206.6,206.9,206.3,206.4,208.0,208.7,208.3,-53.7,-53.2,-50.6,-46.0,-37.4,-24.3,-8.5,9.4,27.6,43.2,55.3,66.5,75.9,82.2,86.3,89.1,89.9,-34.0,-22.9,-8.7,5.5,18.2,43.3,54.7,66.2,77.6,85.1,31.3,32.5,33.9,35.2,17.6,24.9,32.2,39.0,45.0,-18.4,-9.6,0.6,8.9,0.3,-10.0,46.5,55.1,64.8,71.9,65.7,56.0,1.7,14.3,25.0,31.0,37.3,45.5,52.8,45.5,37.4,30.5,23.7,13.3,6.6,24.4,30.7,37.1,48.8,37.0,30.5,24.1,-43.3,-22.7,-2.1,18.0,36.8,52.9,65.7,74.4,76.3,73.0,62.5,48.3,31.8,13.5,-5.5,-25.0,-45.0,-52.2,-59.6,-61.2,-58.7,-53.8,-55.4,-61.2,-64.6,-64.2,-58.0,-40.7,-27.6,-14.8,-1.8,6.2,8.6,10.5,8.4,5.6,-39.4,-44.1,-44.0,-37.8,-35.4,-35.2,-39.3,-46.4,-46.9,-42.7,-38.0,-37.5,32.0,27.7,25.1,26.9,24.9,27.5,31.2,40.0,43.5,44.3,43.8,40.4,32.4,31.2,31.8,30.9,32.0,33.8,34.7,34.2,676.9,681.2,686.0,688.9,688.5,685.9,680.0,671.9,671.1,680.1,694.6,705.8,709.9,708.3,705.7,703.3,702.4,643.4,637.0,632.3,628.6,626.9,634.5,642.0,650.7,660.2,670.5,633.0,627.3,621.2,615.6,632.7,631.5,631.1,634.4,638.4,643.2,640.1,640.6,642.2,641.0,640.6,651.5,653.8,657.7,664.2,658.3,654.5,651.8,640.9,636.8,638.1,640.2,649.3,663.0,651.7,644.5,641.9,641.0,644.0,649.5,640.1,640.8,643.6,659.2,643.8,641.0,640.5,0.597,0.223,-0.218,0.022,266.189,186.908,-9.238,12.763,-11.021,19.973,5.296,1.914,-5.038,2.213,4.669,-2.436,0.224,1.273,0.332,-2.071,-1.424,0.634,0.921,1.681,-1.277,-0.683,0.41,-0.635,-0.138,-0.344,-0.088,-0.104,0.088,0.025,-0.113,0.007,-0.019,0.001,0.001,-0.003,0.16,0.11,0.0,0.92,0.0,0.0,0.0,0.0,0.0,0.0,0.0,0.0,0.0,0.0,0.0,0.0,0.0,0.0,1.0,0.0,1.0,0.0,0.0,0.0,0.0,0.0,0.0,0.0,0.0,0.0,0.0,0.0,0.0,1.0,0.0
PP133,g1,5424,0,0.925,0.190632,0.193104,-0.962481,0.038604,0.191865,-0.980662,0.117,0.196,243.4,244.8,248.0,251.2,252.5,251.3,247.9,244.7,239.1,241.1,244.0,247.5,251.0,253.7,255.5,253.3,250.3,247.1,243.9,241.1,246.5,247.9,249.3,249.9,249.4,248.0,246.6,246.0,281.1,282.1,284.9,287.9,289.3,288.4,285.6,282.3,278.0,280.0,282.7,286.0,289.0,291.1,292.3,291.1,289.2,286.6,283.5,280.4,283.9,285.2,286.4,286.8,286.2,284.8,283.6,283.2,161.9,158.6,157.3,158.7,162.0,165.5,166.6,165.2,163.4,161.5,160.4,159.8,160.5,162.1,164.2,165.3,165.7,165.8,165.5,164.8,163.5,164.1,163.5,162.1,160.6,160.0,160.6,162.0,161.5,158.2,156.8,158.0,161.1,164.3,165.7,164.8,163.8,161.5,159.9,159.1,159.5,160.6,162.4,163.9,164.7,165.1,165.1,164.8,162.8,163.3,162.7,161.3,159.9,159.4,160.0,161.4,-8.6,-6.8,-2.6,1.6,3.2,1.7,-2.8,-6.9,-14.3,-11.6,-7.8,-3.2,1.3,4.8,7.1,4.3,0.4,-3.8,-7.9,-11.6,-4.5,-2.7,-0.9,-0.1,-0.8,-2.6,-4.5,-5.2,41.3,42.7,46.5,50.7,52.7,51.3,47.4,43.0,37.3,39.8,43.4,47.9,52.1,55.2,57.2,55.4,52.4,48.7,44.6,40.4,45.2,47.0,48.7,49.3,48.4,46.6,44.9,44.3,-33.2,-37.5,-39.2,-37.3,-33.0,-28.5,-27.1,-28.9,-31.5,-33.8,-35.1,-35.8,-34.9,-33.0,-30.3,-28.8,-28.2,-28.0,-28.4,-29.5,-31.2,-30.4,-31.1,-33.0,-34.9,-35.7,-34.9,-33.1,-34.6,-39.0,-41.0,-39.6,-35.4,-31.0,-29.0,-30.2,-31.6,-34.5,-36.6,-37.8,-37.4,-36.2,-34.0,-31.8,-30.5,-29.8,-29.8,-30.2,-33.0,-32.3,-33.2,-35.1,-36.9,-37.6,-36.7,-34.8,506.5,507.0,507.2,506.9,506.3,506.0,505.6,505.9,510.6,508.1,505.7,504.6,505.1,506.5,508.1,506.5,504.9,504.6,505.7,508.0,507.0,506.9,507.0,507.2,507.4,507.5,507.5,507.2,519.0,520.0,521.6,522.9,523.2,522.2,520.6,519.4,519.5,518.7,518.5,519.5,522.2,525.7,529.0,525.8,522.4,520.0,518.8,518.9,521.1,521.6,522.3,522.8,522.7,522.1,521.4,521.0,26.8,-0.5,646.4,0.226,-0.169,0.018,218.9,219.4,221.2,224.0,229.0,236.3,245.0,255.1,265.6,274.3,280.7,286.5,291.6,295.3,297.8,299.6,300.1,229.6,236.2,244.9,253.7,261.6,276.9,283.6,290.0,296.2,299.6,269.6,270.4,271.4,272.4,260.9,265.4,269.9,274.0,277.5,238.9,244.3,250.6,255.6,250.3,244.0,278.0,283.0,288.7,292.4,289.1,283.5,250.8,258.3,265.2,268.9,272.7,277.4,280.8,277.0,272.1,267.9,263.8,257.3,253.8,264.7,268.5,272.3,278.5,272.0,268.1,264.2,162.2,174.3,186.3,197.8,208.7,218.1,225.8,231.5,232.8,230.2,223.2,214.6,205.2,195.1,184.6,173.7,162.6,155.4,150.5,149.2,150.5,153.6,153.1,149.9,148.5,149.3,153.6,162.3,170.1,177.8,185.7,190.8,192.3,193.5,192.2,190.5,163.3,160.3,160.4,164.3,165.7,165.7,163.9,159.7,159.6,162.3,164.9,165.1,206.7,203.7,202.0,203.1,201.9,203.6,206.1,213.0,216.0,216.6,216.2,213.4,207.0,205.8,206.1,205.6,206.7,209.8,210.5,210.1,-53.4,-53.0,-50.3,-45.5,-36.9,-24.0,-8.7,8.8,26.7,42.3,54.3,65.6,75.0,81.4,85.7,88.6,89.5,-33.4,-22.4,-8.2,5.9,18.5,43.5,54.9,66.4,77.7,84.8,31.6,32.7,33.9,35.2,17.6,24.8,32.0,38.8,44.7,-18.1,-9.3,0.9,9.2,0.5,-9.8,46.4,55.0,64.7,71.8,65.5,55.8,1.4,13.5,24.6,30.7,36.9,45.3,52.0,45.0,36.5,29.5,22.6,11.9,6.2,24.0,30.3,36.6,47.9,36.2,29.7,23.2,-43.6,-22.8,-2.1,18.1,37.2,53.4,66.5,75.6,77.7,74.2,63.3,48.7,32.0,13.7,-5.1,-24.7,-44.5,-52.5,-60.0,-61.6,-59.1,-54.1,-55.6,-61.4,-64.7,-64.2,-58.0,-40.6,-27.9,-15.4,-2.8,5.3,7.6,9.6,7.6,4.8,-39.6,-44.3,-44.2,-37.8,-35.6,-35.5,-39.2,-46.3,-46.8,-42.6,-38.0,-37.4,32.0,26.5,23.6,25.4,23.5,26.6,31.5,42.5,47.0,47.8,47.2,42.7,32.3,29.8,30.4,29.7,32.2,36.8,37.8,37.1,672.2,676.9,681.9,684.9,684.9,682.9,678.0,670.9,670.3,678.7,691.8,701.7,704.7,702.6,700.0,698.4,697.8,638.8,632.8,628.2,624.6,623.2,631.2,638.8,647.6,657.2,667.4,629.5,624.1,618.3,612.9,629.4,628.4,628.1,631.3,635.2,639.2,636.3,636.9,638.4,637.4,636.9,648.0,650.2,654.3,660.8,654.9,651.0,649.6,638.0,633.3,634.5,636.7,646.2,660.2,651.0,644.6,642.2,641.1,643.3,647.7,637.0,637.7,640.4,656.9,643.4,640.8,640.1,0.599,0.236,-0.217,0.029,266.128,186.979,-18.767,14.919,-5.144,23.006,6.792,-5.052,-2.173,2.322,5.783,-3.475,0.911,0.472,0.97,-1.759,-1.249,0.432,1.914,1.576,-1.915,-0.185,0.396,-0.339,-0.034,-0.318,-0.023,0.1,0.289,0.029,-0.062,0.025,-0.022,0.012,-0.001,-0.002,0.31,0.1,0.0,1.29,0.0,0.0,0.0,0.0,0.0,0.0,0.04,0.0,0.0,0.0,0.56,0.0,0.0,0.0,1.0,0.0,1.0,0.0,0.0,0.0,0.0,0.0,0.0,0.0,0.0,0.0,0.0,1.0,1.0,1.0,0.0
PP133,g1,5428,0,0.925,0.188589,0.196064,-0.962285,0.036895,0.195039,-0.980101,0.116,0.199,243.7,245.1,248.3,251.5,252.8,251.6,248.1,244.9,239.4,241.4,244.3,247.8,251.3,253.9,255.7,253.6,250.6,247.3,244.2,241.4,246.8,248.2,249.6,250.2,249.7,248.3,246.9,246.2,281.3,282.3,285.1,288.1,289.5,288.6,285.8,282.5,278.2,280.2,282.9,286.2,289.2,291.3,292.5,291.3,289.4,286.8,283.8,280.6,284.1,285.4,286.6,287.0,286.4,285.1,283.8,283.4,161.5,158.2,156.9,158.3,161.6,165.1,166.1,164.7,162.9,161.1,159.9,159.4,160.1,161.7,163.8,164.9,165.2,165.4,165.1,164.3,163.0,163.7,163.1,161.7,160.2,159.6,160.2,161.6,161.1,157.9,156.5,157.7,160.8,164.0,165.4,164.5,163.4,161.2,159.6,158.8,159.3,160.4,162.1,163.6,164.4,164.8,164.7,164.4,162.5,163.0,162.4,161.0,159.6,159.1,159.7,161.1,-8.2,-6.4,-2.2,1.9,3.6,2.0,-2.4,-6.6,-14.0,-11.2,-7.4,-2.9,1.7,5.1,7.5,4.6,0.8,-3.5,-7.6,-11.3,-4.2,-2.4,-0.5,0.3,-0.4,-2.3,-4.1,-4.9,41.7,43.1,46.9,51.1,53.1,51.7,47.8,43.4,37.6,40.2,43.8,48.3,52.5,55.7,57.7,55.8,52.8,49.1,44.9,40.8,45.6,47.4,49.1,49.7,48.8,47.0,45.3,44.7,-33.9,-38.1,-39.8,-38.0,-33.7,-29.1,-27.7,-29.6,-32.2,-34.4,-35.8,-36.4,-35.5,-33.6,-30.9,-29.4,-28.8,-28.7,-29.1,-30.2,-31.8,-31.0,-31.8,-33.6,-35.5,-36.3,-35.6,-33.7,-35.1,-39.5,-41.5,-40.0,-35.9,-31.5,-29.5,-30.7,-32.1,-35.0,-37.1,-38.2,-37.8,-36.6,-34.5,-32.3,-31.0,-30.3,-30.3,-30.7,-33.5,-32.8,-33.7,-35.6,-37.4,-38.1,-37.2,-35.3,507.9,508.4,508.6,508.3,507.7,507.4,507.0,507.3,512.0,509.5,507.1,506.0,506.6,507.9,509.5,507.9,506.3,506.0,507.1,509.4,508.4,508.3,508.4,508.6,508.8,509.0,508.9,508.7,520.2,521.2,522.9,524.2,524.4,523.4,521.8,520.6,520.7,519.9,519.7,520.7,523.4,526.9,530.2,527.0,523.6,521.2,520.0,520.1,522.3,522.8,523.5,524.0,523.9,523.3,522.6,522.2,27.0,-0.9,645.8,0.229,-0.167,0.022,219.3,219.7,221.4,224.2,229.2,236.4,245.0,255.1,265.5,274.3,280.6,286.5,291.6,295.4,298.1,299.8,300.4,230.1,236.6,245.2,254.0,261.7,277.3,283.8,290.3,296.4,299.8,269.8,270.6,271.6,272.5,261.1,265.5,270.0,274.1,277.6,239.2,244.6,250.8,255.9,250.6,244.3,278.2,283.2,288.9,292.6,289.3,283.7,250.8,258.3,265.3,269.0,272.8,277.5,280.9,277.1,272.1,268.0,263.8,257.2,253.8,264.8,268.6,272.4,278.6,272.0,268.1,264.2,161.7,173.9,185.9,197.5,208.4,217.9,225.7,231.5,232.9,230.3,223.3,214.7,205.2,195.1,184.5,173.5,162.3,154.7,149.9,148.6,150.0,153.0,152.6,149.5,148.0,148.9,153.1,161.9,169.7,177.4,185.3,190.4,191.8,193.1,191.8,190.1,162.9,159.9,160.0,163.9,165.2,165.3,163.6,159.4,159.3,162.0,164.5,164.7,206.3,203.2,201.5,202.6,201.4,203.1,205.8,213.0,216.1,216.7,216.3,213.3,206.5,205.3,205.6,205.1,206.3,209.9,210.6,210.2,-52.7,-52.4,-49.8,-45.1,-36.5,-23.7,-8.6,8.8,26.6,42.1,54.2,65.5,75.0,81.6,85.9,88.9,89.8,-32.6,-21.6,-7.6,6.3,18.7,44.0,55.3,66.7,77.9,85.0,31.9,32.9,34.1,35.3,17.8,25.0,32.2,39.0,44.8,-17.6,-8.8,1.4,9.6,0.9,-9.3,46.7,55.3,65.0,72.0,65.8,56.1,1.4,13.5,24.8,30.8,37.1,45.5,52.2,45.1,36.5,29.5,22.6,11.9,6.3,24.1,30.4,36.7,48.1,36.3,29.7,23.2,-44.3,-23.5,-2.7,17.5,36.6,53.0,66.3,75.6,77.8,74.4,63.4,48.7,31.9,13.6,-5.3,-25.0,-44.9,-53.5,-60.9,-62.4,-59.9,-54.9,-56.3,-62.1,-65.3,-64.8,-58.6,-41.3,-28.5,-16.0,-3.4,4.6,7.0,9.0,6.9,4.2,-40.3,-45.0,-44.8,-38.5,-36.3,-36.2,-39.7,-46.7,-47.2,-43.0,-38.4,-37.9,31.2,25.6,22.7,24.5,22.7,25.8,30.8,42.5,47.1,47.9,47.3,42.5,31.5,28.9,29.5,28.8,31.6,36.9,37.9,37.2,670.9,675.6,680.6,683.8,683.9,682.1,677.5,670.6,670.1,678.3,691.1,700.7,703.5,701.2,698.6,697.0,696.4,637.6,631.8,627.4,623.9,622.6,630.4,638.0,646.6,656.2,666.2,628.7,623.4,617.6,612.3,628.6,627.6,627.4,630.6,634.4,638.4,635.5,636.1,637.6,636.7,636.1,647.0,649.3,653.3,659.8,653.9,650.0,649.1,637.4,632.6,633.8,635.9,645.5,659.6,650.7,644.4,642.1,640.9,643.0,647.3,636.3,636.9,639.6,656.4,643.3,640.7,640.0,0.6,0.238,-0.215,0.033,266.284,186.671,-21.861,14.698,-3.57,23.713,6.54,-5.933,-1.227,2.483,5.338,-3.976,0.829,0.402,0.901,-2.223,-1.124,0.218,1.902,1.516,-2.101,-0.069,0.32,-0.191,-0.029,-0.281,0.018,0.259,0.32,0.011,-0.064,0.013,-0.041,0.012,0.004,0.007,0.47,0.26,0.0,1.02,0.0,0.0,0.0,0.0,0.0,0.06,0.0,0.0,0.0,0.0,0.65,0.0,0.0,1.0,1.0,0.0,1.0,0.0,0.0,0.0,0.0,0.0,0.0,0.0,0.0,0.0,0.0,1.0,1.0,1.0,0.0
PP133,g1,5434,0,0.975,0.197187,0.192113,-0.961358,0.04367,0.191363,-0.980547,0.123,0.195,244.8,246.2,249.4,252.5,253.8,252.7,249.2,246.1,240.4,242.5,245.4,248.9,252.4,255.0,256.8,254.6,251.7,248.4,245.3,242.5,247.9,249.3,250.7,251.3,250.7,249.3,247.9,247.3,282.3,283.2,286.0,289.0,290.4,289.5,286.7,283.5,279.3,281.2,283.9,287.2,290.1,292.1,293.3,292.2,290.3,287.7,284.7,281.6,285.0,286.3,287.5,287.9,287.3,286.0,284.8,284.4,160.9,157.7,156.4,157.8,161.1,164.5,165.6,164.2,162.4,160.6,159.4,158.9,159.6,161.1,163.2,164.3,164.7,164.8,164.5,163.8,162.5,163.1,162.5,161.1,159.7,159.1,159.7,161.1,160.6,157.4,156.0,157.1,160.2,163.4,164.8,163.9,162.8,160.7,159.1,158.3,158.7,159.8,161.6,163.0,163.8,164.2,164.1,163.9,161.9,162.4,161.8,160.4,159.1,158.5,159.2,160.6,-6.8,-5.0,-0.8,3.3,5.0,3.5,-1.0,-5.1,-12.6,-9.9,-6.0,-1.4,3.1,6.5,8.9,6.1,2.2,-2.0,-6.2,-9.9,-2.8,-1.0,0.9,1.7,0.9,-0.9,-2.7,-3.5,43.5,44.8,48.7,52.8,54.8,53.4,49.5,45.1,39.4,41.9,45.5,50.0,54.2,57.4,59.3,57.5,54.5,50.8,46.7,42.5,47.3,49.1,50.8,51.4,50.5,48.7,47.0,46.4,-34.7,-39.0,-40.7,-38.9,-34.6,-30.0,-28.6,-30.4,-33.0,-35.3,-36.6,-37.3,-36.4,-34.5,-31.8,-30.3,-29.7,-29.5,-30.0,-31.1,-32.7,-31.9,-32.7,-34.5,-36.4,-37.2,-36.5,-34.6,-36.2,-40.6,-42.6,-41.1,-37.0,-32.6,-30.6,-31.7,-33.2,-36.1,-38.2,-39.3,-38.9,-37.7,-35.5,-33.4,-32.0,-31.4,-31.4,-31.8,-34.5,-33.9,-34.8,-36.7,-38.5,-39.2,-38.3,-36.4,510.3,510.8,511.1,510.8,510.3,509.9,509.5,509.7,514.3,511.8,509.5,508.5,509.1,510.5,512.1,510.4,508.8,508.4,509.5,511.7,510.8,510.7,510.8,511.1,511.3,511.4,511.3,511.1,525.2,526.2,527.9,529.2,529.4,528.4,526.7,525.6,525.6,524.9,524.7,525.7,528.4,531.9,535.3,532.0,528.6,526.2,525.0,525.1,527.2,527.8,528.5,529.0,528.9,528.3,527.6,527.1,28.8,-2.1,648.2,0.221,-0.18,0.023,220.1,220.4,222.1,224.9,229.8,237.1,245.8,256.0,266.4,275.0,281.3,287.0,292.2,296.0,298.7,300.4,301.0,231.1,237.7,246.4,255.2,262.9,278.3,284.8,291.2,297.2,300.6,270.9,271.8,272.8,273.8,262.3,266.7,271.2,275.3,278.7,240.3,245.7,251.9,256.9,251.7,245.4,279.2,284.2,289.8,293.5,290.2,284.7,252.1,259.6,266.6,270.2,273.9,278.6,281.8,278.1,273.3,269.2,265.1,258.5,255.0,266.1,269.8,273.6,279.6,273.2,269.3,265.4,161.4,173.5,185.4,196.9,207.7,217.1,224.8,230.6,231.9,229.4,222.6,214.1,204.8,194.7,184.1,173.1,161.9,154.3,149.4,148.1,149.4,152.4,152.0,148.9,147.5,148.4,152.7,161.3,168.9,176.5,184.4,189.6,191.0,192.2,190.9,189.3,162.3,159.3,159.4,163.3,164.6,164.7,163.0,158.8,158.7,161.5,164.0,164.2,205.5,202.4,200.7,201.8,200.6,202.3,205.0,211.9,214.9,215.5,215.2,212.3,205.7,204.4,204.7,204.3,205.5,208.8,209.5,209.1,-51.5,-51.2,-48.7,-44.1,-35.5,-22.6,-7.3,10.3,28.2,43.5,55.5,66.7,76.3,83.1,87.5,90.6,91.5,-30.9,-19.9,-5.8,8.3,20.7,45.9,57.2,68.6,79.7,86.9,33.7,34.9,36.2,37.5,19.8,27.0,34.2,40.9,46.8,-15.9,-7.0,3.1,11.3,2.7,-7.5,48.6,57.1,66.8,73.8,67.6,58.0,3.5,15.7,26.9,32.9,39.1,47.4,53.9,47.0,38.6,31.6,24.8,14.1,8.4,26.2,32.5,38.7,49.9,38.3,31.8,25.4,-44.9,-24.2,-3.6,16.5,35.4,51.7,64.8,74.1,76.3,73.0,62.3,47.9,31.3,12.9,-6.1,-25.9,-45.9,-54.4,-61.9,-63.5,-61.1,-56.1,-57.6,-63.4,-66.6,-66.0,-59.7,-42.4,-29.8,-17.4,-4.9,3.3,5.7,7.6,5.6,2.9,-41.3,-46.0,-45.9,-39.6,-37.4,-37.3,-40.8,-47.9,-48.4,-44.2,-39.6,-39.0,30.0,24.4,21.4,23.2,21.4,24.5,29.6,40.9,45.4,46.2,45.5,40.9,30.3,27.7,28.2,27.6,30.3,35.3,36.2,35.5,672.4,676.8,681.6,684.7,684.7,682.9,678.4,671.7,671.6,680.1,693.3,703.4,706.7,705.0,702.7,701.4,700.9,639.8,634.2,630.0,626.7,625.6,633.7,641.4,650.3,659.9,669.9,631.7,626.3,620.5,615.1,630.9,630.0,629.9,633.3,637.2,640.6,637.8,638.7,640.2,639.1,638.4,650.2,652.6,656.7,663.3,657.3,653.2,650.6,639.3,634.8,636.1,638.3,647.9,662.0,652.8,646.3,643.9,642.6,644.6,648.9,638.4,639.1,641.9,658.6,645.2,642.6,641.8,0.598,0.228,-0.233,0.035,267.289,185.964,-20.096,13.1,-4.427,22.189,6.652,-5.893,-1.084,2.52,5.497,-3.967,0.715,0.385,0.905,-2.277,-1.129,0.111,1.556,1.513,-1.874,0.01,0.511,-0.191,-0.067,-0.363,0.041,0.226,0.311,0.024,-0.077,0.014,-0.04,0.01,0.004,0.006,0.72,0.17,0.0,1.26,0.0,0.0,0.0,0.0,0.0,0.0,0.0,0.0,0.0,0.0,0.57,0.0,0.0,0.0,1.0,0.0,1.0,0.0,0.0,0.0,0.0,0.0,0.0,0.0,0.0,0.0,0.0,1.0,1.0,1.0,0.0
PP133,g1,5440,0,0.975,0.203259,0.186557,-0.961188,0.046784,0.185679,-0.981496,0.128,0.189,245.8,247.2,250.4,253.5,254.8,253.7,250.3,247.1,241.5,243.5,246.4,249.9,253.4,256.0,257.7,255.6,252.7,249.5,246.3,243.5,248.9,250.3,251.7,252.3,251.7,250.3,248.9,248.4,283.2,284.2,286.9,289.8,291.3,290.3,287.6,284.4,280.2,282.1,284.8,288.0,290.9,292.9,294.1,293.0,291.1,288.6,285.6,282.5,285.9,287.2,288.4,288.8,288.2,286.9,285.7,285.3,160.6,157.4,156.1,157.5,160.7,164.2,165.2,163.9,162.1,160.3,159.1,158.6,159.3,160.8,162.9,163.9,164.3,164.4,164.2,163.5,162.2,162.8,162.2,160.8,159.4,158.8,159.3,160.7,160.3,157.2,155.8,157.0,160.0,163.1,164.5,163.6,162.5,160.4,158.8,158.1,158.5,159.6,161.4,162.8,163.5,163.9,163.8,163.5,161.7,162.2,161.6,160.2,158.8,158.3,158.9,160.3,-5.5,-3.7,0.5,4.7,6.3,4.8,0.3,-3.8,-11.3,-8.5,-4.7,-0.1,4.4,7.8,10.2,7.4,3.5,-0.7,-4.8,-8.5,-1.4,0.4,2.2,3.0,2.3,0.4,-1.4,-2.2,45.2,46.6,50.5,54.6,56.6,55.2,51.3,46.9,41.1,43.7,47.3,51.8,56.0,59.2,61.2,59.3,56.3,52.6,48.4,44.3,49.1,50.9,52.6,53.2,52.3,50.5,48.8,48.2,-35.4,-39.6,-41.4,-39.5,-35.2,-30.6,-29.2,-31.1,-33.7,-35.9,-37.2,-37.9,-37.0,-35.2,-32.5,-31.0,-30.4,-30.2,-30.6,-31.7,-33.4,-32.6,-33.3,-35.2,-37.1,-37.9,-37.1,-35.2,-37.0,-41.4,-43.4,-41.9,-37.7,-33.4,-31.4,-32.5,-34.0,-36.9,-39.0,-40.1,-39.7,-38.4,-36.3,-34.1,-32.8,-32.2,-32.2,-32.6,-35.3,-34.7,-35.5,-37.5,-39.3,-39.9,-39.0,-37.1,513.8,514.4,514.6,514.5,513.9,513.6,513.1,513.2,517.8,515.3,513.1,512.0,512.7,514.1,515.8,514.1,512.4,512.0,513.0,515.2,514.4,514.3,514.4,514.7,514.9,515.0,514.9,514.6,531.8,532.8,534.4,535.7,535.9,534.9,533.2,532.1,532.1,531.4,531.2,532.3,534.9,538.4,541.8,538.5,535.1,532.7,531.5,531.6,533.8,534.3,535.1,535.5,535.4,534.9,534.1,533.7,30.5,-3.0,650.0,0.204,-0.188,0.023,221.0,221.3,222.8,225.6,230.4,237.8,246.6,256.9,267.3,275.9,282.1,287.8,292.9,296.8,299.4,301.1,301.7,232.2,238.8,247.5,256.2,263.9,279.3,285.8,292.0,297.9,301.4,271.9,272.8,273.9,274.9,263.4,267.8,272.3,276.3,279.7,241.3,246.7,252.9,257.9,252.7,246.5,280.2,285.1,290.6,294.3,291.0,285.6,253.1,260.7,267.7,271.4,275.1,279.7,282.9,279.3,274.5,270.4,266.2,259.7,256.0,267.2,271.0,274.7,280.7,274.4,270.5,266.6,161.5,173.5,185.4,196.8,207.5,216.7,224.3,229.9,231.2,228.9,222.2,214.0,204.8,194.7,184.1,173.1,162.0,153.7,148.8,147.6,148.8,151.8,151.4,148.4,147.0,148.0,152.2,160.8,168.4,175.9,183.6,189.0,190.4,191.6,190.3,188.7,162.0,159.1,159.2,163.0,164.3,164.3,162.6,158.6,158.6,161.3,163.7,163.8,205.0,201.8,200.1,201.1,200.0,201.7,204.4,211.2,214.1,214.6,214.3,211.5,205.2,203.9,204.2,203.7,204.9,208.0,208.6,208.2,-50.1,-49.9,-47.4,-42.9,-34.3,-21.4,-5.8,11.9,29.8,45.1,57.0,68.2,77.9,84.7,89.2,92.2,93.2,-29.2,-18.2,-4.1,10.0,22.4,47.8,59.0,70.3,81.4,88.6,35.5,36.7,38.1,39.4,21.6,28.8,36.1,42.8,48.7,-14.3,-5.3,4.8,13.0,4.4,-5.8,50.4,58.9,68.6,75.5,69.3,59.7,5.1,17.6,28.8,34.8,41.1,49.4,55.9,49.0,40.6,33.6,26.7,16.0,10.1,28.1,34.4,40.7,51.9,40.3,33.8,27.3,-44.9,-24.3,-3.7,16.2,35.0,51.1,64.0,73.0,75.2,72.1,61.7,47.8,31.3,13.0,-6.1,-25.9,-45.9,-55.5,-63.0,-64.7,-62.3,-57.4,-58.8,-64.6,-67.7,-67.1,-60.8,-43.4,-30.8,-18.5,-6.1,2.4,4.7,6.6,4.6,1.9,-41.9,-46.6,-46.5,-40.3,-38.1,-38.0,-41.5,-48.5,-48.9,-44.7,-40.2,-39.7,29.2,23.5,20.5,22.3,20.5,23.7,28.8,39.6,44.0,44.8,44.2,39.7,29.4,26.8,27.3,26.7,29.4,33.9,34.8,34.1,673.9,677.9,682.4,685.4,685.3,683.2,678.3,671.6,671.7,680.6,694.4,705.0,708.8,707.6,705.6,704.6,704.6,641.8,636.5,632.5,629.3,628.2,636.5,644.5,653.5,663.1,673.0,634.4,628.8,622.9,617.4,632.6,631.9,631.9,635.3,639.3,642.7,640.0,640.9,642.5,641.2,640.4,652.9,655.5,659.7,666.2,660.1,656.0,651.4,640.4,636.2,637.5,639.9,649.5,663.6,654.0,647.2,644.5,643.2,645.2,649.7,639.7,640.5,643.3,660.2,646.2,643.4,642.6,0.596,0.211,-0.245,0.035,268.262,185.501,-18.944,12.138,-5.361,20.578,6.553,-5.646,-1.564,3.062,4.604,-3.3,0.554,0.389,0.894,-2.216,-1.171,0.068,1.166,1.193,-2.021,-0.339,0.698,-0.343,-0.004,-0.481,-0.003,0.295,0.239,0.02,-0.077,0.018,-0.026,0.01,-0.0,0.002,0.55,0.25,0.0,0.4,0.0,0.0,0.0,0.0,0.0,0.0,0.0,0.0,0.0,0.0,0.55,0.0,0.0,0.0,1.0,0.0,1.0,0.0,0.0,0.0,0.0,0.0,0.0,0.0,0.0,0.0,0.0,1.0,1.0,1.0,0.0
PP133,g1,5446,0,0.975,0.205483,0.192948,-0.959452,0.046559,0.191402,-0.980407,0.129,0.196,246.5,247.8,250.9,254.0,255.3,254.2,250.9,247.8,242.2,244.2,247.1,250.5,253.9,256.4,258.1,256.1,253.3,250.1,247.0,244.3,249.5,250.9,252.2,252.8,252.3,250.9,249.5,249.0,283.5,284.4,287.1,290.0,291.3,290.4,287.7,284.6,280.5,282.4,285.0,288.2,291.0,293.0,294.2,293.0,291.1,288.7,285.8,282.8,286.1,287.3,288.5,288.9,288.3,287.1,285.9,285.5,161.6,158.4,157.2,158.5,161.7,165.1,166.1,164.7,163.0,161.3,160.2,159.7,160.3,161.7,163.7,164.7,165.1,165.3,165.0,164.3,163.1,163.7,163.1,161.7,160.3,159.8,160.3,161.7,161.4,158.3,157.0,158.2,161.1,164.2,165.5,164.6,163.4,161.5,160.0,159.3,159.8,160.8,162.5,163.8,164.5,164.8,164.7,164.4,162.7,163.2,162.6,161.3,160.0,159.5,160.1,161.4,-4.7,-2.9,1.3,5.4,7.1,5.7,1.2,-3.0,-10.6,-7.8,-3.9,0.7,5.2,8.6,11.0,8.2,4.4,0.2,-4.0,-7.8,-0.6,1.2,3.0,3.8,3.1,1.2,-0.6,-1.4,47.0,48.4,52.3,56.5,58.4,57.0,53.0,48.5,42.9,45.5,49.1,53.6,57.9,61.1,63.1,61.1,58.1,54.3,50.1,46.0,50.8,52.6,54.3,55.0,54.1,52.3,50.6,50.0,-35.0,-39.3,-41.0,-39.2,-34.9,-30.3,-28.9,-30.7,-33.3,-35.4,-36.7,-37.4,-36.6,-34.8,-32.3,-30.7,-30.2,-29.9,-30.3,-31.4,-33.0,-32.2,-33.0,-34.8,-36.7,-37.5,-36.8,-34.9,-36.7,-41.0,-43.0,-41.5,-37.3,-32.9,-30.9,-32.2,-33.8,-36.5,-38.5,-39.5,-39.1,-37.9,-35.8,-33.7,-32.4,-31.8,-31.9,-32.4,-34.9,-34.3,-35.1,-37.0,-38.9,-39.5,-38.7,-36.8,527.1,527.7,528.0,527.9,527.4,527.1,526.5,526.6,531.0,528.5,526.4,525.4,526.1,527.7,529.4,527.6,525.9,525.4,526.4,528.5,527.8,527.8,527.9,528.2,528.4,528.4,528.2,528.0,548.1,549.1,550.7,551.9,552.1,551.1,549.5,548.4,548.5,547.7,547.5,548.5,551.1,554.6,557.9,554.6,551.3,548.9,547.8,547.9,550.1,550.6,551.3,551.7,551.6,551.1,550.4,550.0,31.4,-2.3,655.2,0.196,-0.189,0.024,221.4,221.7,223.1,225.7,230.6,238.0,247.0,257.4,267.8,276.4,282.7,288.4,293.5,297.2,299.6,301.3,301.8,232.9,239.4,248.0,256.8,264.6,279.6,286.0,292.2,298.1,301.4,272.3,273.2,274.3,275.4,263.7,268.2,272.7,276.7,280.1,242.1,247.4,253.4,258.3,253.2,247.2,280.5,285.3,290.7,294.3,291.1,285.8,253.5,261.2,268.1,271.8,275.6,280.1,283.3,279.7,275.0,270.9,266.8,260.3,256.4,267.6,271.4,275.2,281.2,274.9,271.0,267.1,162.0,173.9,185.6,196.8,207.4,216.6,224.1,229.7,231.0,228.7,222.0,213.9,204.8,194.9,184.5,173.9,163.1,154.5,149.5,148.1,149.4,152.4,152.1,149.1,147.9,148.9,153.2,161.6,169.0,176.4,184.0,189.4,190.8,192.0,190.7,189.1,162.9,160.2,160.3,163.8,165.1,165.1,163.5,159.8,159.8,162.4,164.6,164.8,205.1,202.1,200.5,201.6,200.4,202.1,204.6,210.9,213.7,214.2,213.9,211.3,205.3,204.3,204.6,204.1,205.0,207.7,208.4,208.0,-49.8,-49.6,-47.4,-43.0,-34.4,-21.1,-5.2,12.7,30.8,46.4,58.6,70.0,79.6,86.2,90.4,93.3,94.3,-28.4,-17.5,-3.2,11.0,23.7,48.6,59.9,71.3,82.4,89.4,36.5,37.7,39.1,40.5,22.5,29.8,37.1,43.9,49.8,-13.2,-4.3,5.6,13.8,5.3,-4.6,51.4,59.8,69.4,76.3,70.0,60.6,5.9,18.6,29.7,35.9,42.2,50.5,57.1,50.1,41.8,34.8,27.8,17.1,10.8,29.0,35.4,41.8,53.1,41.5,34.9,28.3,-44.3,-23.8,-3.4,16.5,35.3,51.3,64.1,73.1,75.4,72.3,61.9,48.0,31.7,13.5,-5.4,-24.8,-44.5,-54.7,-62.4,-64.3,-62.0,-56.9,-58.2,-63.9,-66.9,-66.1,-59.6,-42.4,-30.0,-17.9,-5.6,3.0,5.3,7.3,5.3,2.7,-40.8,-45.2,-45.1,-39.3,-37.1,-37.0,-40.4,-46.9,-47.2,-43.2,-39.0,-38.5,29.6,24.2,21.3,23.1,21.3,24.4,29.3,39.5,43.6,44.4,43.8,39.6,29.8,27.7,28.2,27.6,29.9,33.7,34.6,34.0,680.4,684.2,688.6,691.4,691.0,688.4,682.9,675.9,676.4,685.8,700.0,711.0,714.9,713.7,711.7,710.9,711.1,647.9,642.5,638.3,635.1,633.9,642.1,650.2,659.5,669.3,679.2,640.2,634.5,628.5,622.9,638.2,637.5,637.5,640.9,645.0,648.2,645.6,646.5,648.2,646.8,645.9,658.8,661.5,665.7,672.2,666.0,661.9,656.1,645.2,641.3,642.7,645.2,654.8,669.2,658.8,651.6,648.7,647.3,649.5,654.4,644.6,645.6,648.6,665.6,650.8,647.8,646.9,0.591,0.204,-0.247,0.036,268.674,185.901,-14.513,13.309,-6.769,17.911,5.589,-5.464,-2.627,3.111,3.586,-1.784,-0.751,-0.017,0.45,-2.191,-1.379,0.084,-0.007,0.682,-2.258,-0.736,0.869,-0.385,0.491,-0.713,-0.209,0.332,0.143,0.027,-0.081,0.023,-0.024,0.005,-0.001,-0.001,0.55,0.23,0.0,0.02,0.0,0.0,0.22,0.0,0.0,0.29,0.0,0.0,0.0,0.0,0.36,0.0,0.0,0.0,1.0,0.0,0.0,0.0,0.0,0.0,0.0,0.0,0.0,0.0,0.0,0.0,0.0,1.0,1.0,1.0,0.0
PP133,g1,5452,0,0.975,0.203295,0.190295,-0.960447,0.043843,0.189265,-0.980947,0.127,0.193,246.1,247.4,250.6,253.7,255.0,253.9,250.5,247.4,241.8,243.8,246.7,250.2,253.6,256.1,257.9,255.8,253.0,249.8,246.6,243.9,249.2,250.5,251.9,252.5,251.9,250.6,249.2,248.6,283.4,284.3,287.1,289.9,291.3,290.4,287.6,284.5,280.4,282.3,284.9,288.2,291.0,293.0,294.2,293.1,291.1,288.6,285.7,282.7,286.0,287.3,288.5,288.9,288.3,287.0,285.8,285.4,161.6,158.4,157.1,158.4,161.6,165.1,166.1,164.8,163.0,161.3,160.2,159.7,160.3,161.7,163.7,164.8,165.2,165.3,165.1,164.4,163.1,163.7,163.1,161.7,160.3,159.7,160.3,161.7,161.2,158.1,156.8,157.9,160.9,164.0,165.4,164.5,163.3,161.3,159.8,159.1,159.6,160.6,162.2,163.6,164.4,164.7,164.6,164.3,162.5,163.0,162.4,161.1,159.8,159.3,159.9,161.2,-5.2,-3.4,0.8,5.0,6.7,5.2,0.7,-3.4,-11.0,-8.2,-4.4,0.2,4.7,8.2,10.5,7.8,3.9,-0.3,-4.5,-8.2,-1.1,0.7,2.6,3.3,2.6,0.8,-1.1,-1.8,46.3,47.7,51.6,55.8,57.7,56.3,52.3,47.8,42.2,44.8,48.4,52.9,57.2,60.3,62.4,60.4,57.4,53.6,49.4,45.3,50.1,51.9,53.6,54.3,53.4,51.6,49.9,49.3,-34.5,-38.8,-40.6,-38.8,-34.5,-29.9,-28.5,-30.2,-32.9,-35.0,-36.3,-37.0,-36.2,-34.4,-31.9,-30.3,-29.7,-29.5,-29.9,-30.9,-32.6,-31.8,-32.6,-34.5,-36.3,-37.1,-36.4,-34.5,-36.5,-40.8,-42.8,-41.3,-37.1,-32.7,-30.8,-32.0,-33.6,-36.3,-38.3,-39.4,-39.0,-37.8,-35.7,-33.5,-32.2,-31.6,-31.7,-32.1,-34.8,-34.1,-34.9,-36.9,-38.7,-39.4,-38.5,-36.6,520.9,521.4,521.7,521.6,521.2,520.9,520.4,520.5,524.9,522.4,520.2,519.1,519.9,521.4,523.2,521.4,519.8,519.3,520.3,522.4,521.6,521.6,521.7,521.9,522.1,522.1,522.0,521.8,541.4,542.4,543.9,545.2,545.4,544.5,542.9,541.8,541.9,541.1,540.9,541.8,544.4,547.9,551.2,548.0,544.7,542.3,541.2,541.3,543.4,544.0,544.6,545.1,545.0,544.4,543.7,543.3,31.3,-2.6,655.2,0.192,-0.184,0.019,221.3,221.7,223.2,225.7,230.6,238.0,247.0,257.5,268.0,276.6,282.9,288.6,293.6,297.3,299.7,301.4,301.9,232.4,239.0,247.6,256.4,264.3,279.3,285.8,292.0,298.0,301.6,272.0,273.0,274.0,275.1,263.6,268.1,272.6,276.6,280.0,241.7,247.0,253.1,258.1,252.9,246.8,280.3,285.2,290.7,294.4,291.1,285.7,253.7,261.4,268.0,271.7,275.5,280.0,283.3,279.7,275.2,271.1,266.9,260.6,256.7,267.5,271.3,275.1,281.2,275.0,271.1,267.2,162.1,173.9,185.6,196.8,207.3,216.4,223.8,229.3,230.5,228.2,221.6,213.6,204.5,194.6,184.2,173.5,162.7,154.5,149.6,148.3,149.6,152.5,152.1,149.1,147.8,148.7,152.9,161.6,169.0,176.5,184.1,189.6,191.0,192.1,190.9,189.3,162.9,160.2,160.2,163.8,165.1,165.2,163.4,159.6,159.6,162.2,164.5,164.7,205.3,202.5,200.8,201.9,200.7,202.4,204.7,210.4,212.8,213.4,213.1,210.8,205.5,204.7,205.0,204.5,205.2,206.8,207.4,207.1,-50.0,-49.7,-47.4,-43.0,-34.4,-21.2,-5.2,12.9,31.1,46.7,59.0,70.4,80.0,86.5,90.7,93.6,94.6,-29.2,-18.1,-3.9,10.4,23.1,48.2,59.5,70.9,82.2,89.6,36.1,37.3,38.7,40.1,22.2,29.5,36.8,43.6,49.5,-13.9,-4.9,5.1,13.4,4.8,-5.3,51.2,59.7,69.3,76.3,70.0,60.5,6.2,18.8,29.6,35.7,42.1,50.2,57.0,50.0,41.9,34.9,28.0,17.6,11.2,28.9,35.3,41.7,53.0,41.5,35.0,28.5,-44.2,-23.8,-3.4,16.4,35.0,50.9,63.5,72.2,74.4,71.3,61.1,47.5,31.2,13.0,-6.0,-25.5,-45.2,-54.8,-62.3,-64.1,-61.7,-56.8,-58.2,-63.9,-67.1,-66.5,-60.2,-42.5,-30.0,-17.8,-5.4,3.4,5.7,7.6,5.6,3.0,-40.8,-45.2,-45.2,-39.4,-37.0,-36.9,-40.7,-47.2,-47.6,-43.6,-39.2,-38.7,29.9,24.8,21.8,23.6,21.8,24.9,29.5,38.5,42.2,42.9,42.4,38.8,30.2,28.4,28.9,28.2,30.1,32.1,33.0,32.4,681.3,685.0,689.5,692.3,691.8,689.0,683.0,675.5,675.7,685.2,699.9,711.5,715.9,714.7,712.7,711.4,711.4,648.8,643.2,638.9,635.6,634.2,642.2,650.1,659.3,669.0,678.9,640.5,634.8,628.8,623.2,638.7,638.0,637.8,641.2,645.2,649.1,646.3,647.1,648.7,647.3,646.6,659.1,661.7,665.9,672.4,666.2,662.2,655.8,645.2,641.5,642.8,645.2,654.5,668.5,657.6,650.3,647.5,646.3,648.8,653.9,644.9,645.8,648.7,664.7,649.6,646.6,645.8,0.591,0.199,-0.242,0.03,268.61,185.794,-10.508,11.929,-11.0,17.282,5.118,-3.277,-4.199,3.06,3.205,-1.953,-0.303,0.405,0.403,-1.65,-1.403,0.328,0.058,0.758,-2.006,-1.213,0.762,-0.707,0.495,-0.634,-0.301,0.17,0.084,0.016,-0.086,0.017,-0.009,0.002,-0.005,-0.009,0.32,0.09,0.0,0.0,0.0,0.0,0.03,0.0,0.0,0.05,0.0,0.0,0.0,0.0,0.12,0.0,0.0,0.0,1.0,0.0,0.0,0.0,0.0,0.0,0.0,0.0,0.0,0.0,0.0,0.0,0.0,1.0,1.0,1.0,0.0
PP133,g1,5458,0,0.925,0.199361,0.195411,-0.960245,0.040739,0.194156,-0.980124,0.123,0.198,246.3,247.7,250.8,254.0,255.2,254.1,250.7,247.6,242.0,244.0,246.9,250.4,253.8,256.4,258.1,256.0,253.1,249.9,246.8,244.0,249.4,250.7,252.1,252.7,252.2,250.8,249.4,248.8,283.6,284.5,287.2,290.2,291.6,290.6,287.9,284.7,280.6,282.5,285.1,288.4,291.2,293.3,294.4,293.3,291.4,288.9,285.9,282.9,286.2,287.5,288.7,289.1,288.5,287.2,286.0,285.6,161.1,157.9,156.6,158.0,161.2,164.6,165.7,164.3,162.5,160.8,159.7,159.1,159.8,161.3,163.3,164.4,164.7,164.9,164.6,163.9,162.6,163.2,162.7,161.3,159.9,159.3,159.8,161.2,160.8,157.7,156.3,157.5,160.5,163.6,165.0,164.1,163.0,160.9,159.4,158.7,159.1,160.2,161.8,163.2,164.0,164.4,164.3,164.0,162.1,162.7,162.0,160.7,159.4,158.9,159.5,160.8,-4.9,-3.1,1.1,5.3,6.9,5.4,0.9,-3.2,-10.7,-7.9,-4.1,0.5,5.0,8.4,10.8,8.0,4.1,-0.1,-4.2,-8.0,-0.8,1.0,2.8,3.6,2.9,1.1,-0.8,-1.6,46.1,47.5,51.4,55.5,57.5,56.1,52.2,47.7,42.0,44.6,48.2,52.7,57.0,60.1,62.2,60.2,57.2,53.5,49.3,45.1,49.9,51.7,53.5,54.1,53.2,51.4,49.7,49.1,-35.0,-39.3,-41.0,-39.2,-34.9,-30.3,-28.9,-30.7,-33.4,-35.5,-36.9,-37.5,-36.7,-34.8,-32.2,-30.7,-30.1,-29.9,-30.4,-31.4,-33.0,-32.2,-33.0,-34.9,-36.7,-37.5,-36.8,-34.9,-36.6,-41.0,-43.0,-41.5,-37.3,-33.0,-31.0,-32.2,-33.7,-36.5,-38.6,-39.6,-39.2,-38.0,-35.9,-33.7,-32.5,-31.8,-31.9,-32.3,-35.0,-34.3,-35.2,-37.1,-38.9,-39.6,-38.7,-36.8,518.1,518.6,518.9,518.8,518.2,517.9,517.4,517.6,522.1,519.6,517.3,516.3,517.0,518.5,520.1,518.4,516.7,516.3,517.3,519.5,518.7,518.6,518.8,519.0,519.2,519.3,519.2,518.9,536.4,537.4,539.0,540.3,540.5,539.5,537.9,536.8,536.9,536.1,535.9,536.9,539.5,543.0,546.3,543.0,539.7,537.3,536.2,536.3,538.4,539.0,539.7,540.1,540.0,539.5,538.8,538.3,31.2,-2.6,651.3,0.213,-0.181,0.024,221.4,221.7,223.3,225.9,230.8,238.2,247.0,257.3,267.7,276.5,282.8,288.6,293.7,297.5,300.0,301.6,302.1,232.6,239.2,247.8,256.6,264.4,279.7,286.2,292.5,298.3,301.7,272.3,273.2,274.2,275.3,263.7,268.2,272.7,276.7,280.1,241.8,247.2,253.3,258.3,253.1,247.0,280.5,285.4,290.9,294.6,291.3,285.9,253.3,260.9,268.0,271.7,275.4,280.1,283.3,279.6,274.7,270.6,266.4,259.8,256.2,267.5,271.3,275.0,281.0,274.6,270.8,266.8,161.4,173.4,185.2,196.6,207.3,216.5,224.2,229.9,231.2,228.7,221.9,213.5,204.4,194.4,184.1,173.3,162.4,154.0,149.1,147.7,149.0,152.0,151.7,148.6,147.3,148.3,152.5,161.3,168.7,176.1,183.8,189.1,190.5,191.8,190.5,188.9,162.4,159.6,159.7,163.4,164.7,164.7,163.1,159.2,159.1,161.8,164.1,164.3,205.0,201.9,200.2,201.3,200.1,201.8,204.5,211.5,214.5,215.1,214.7,211.9,205.2,204.0,204.3,203.9,205.0,208.4,209.1,208.7,-49.5,-49.2,-46.8,-42.3,-33.8,-20.8,-5.2,12.5,30.6,46.3,58.4,69.8,79.4,86.0,90.3,93.2,94.0,-28.6,-17.7,-3.6,10.6,23.1,48.5,59.8,71.1,82.2,89.2,36.3,37.4,38.7,40.0,22.2,29.4,36.7,43.5,49.4,-13.5,-4.5,5.5,13.7,5.1,-5.0,51.1,59.6,69.2,76.2,69.9,60.4,5.5,17.9,29.3,35.4,41.7,50.1,56.7,49.6,41.1,34.1,27.1,16.3,10.3,28.6,34.9,41.3,52.6,40.9,34.3,27.8,-45.1,-24.5,-4.0,16.0,34.8,51.0,63.9,73.1,75.4,72.0,61.3,47.1,30.7,12.5,-6.2,-25.6,-45.3,-55.1,-62.7,-64.5,-62.1,-57.1,-58.5,-64.2,-67.3,-66.7,-60.3,-42.7,-30.2,-18.2,-5.9,2.7,4.9,6.9,4.9,2.3,-41.3,-45.8,-45.7,-39.7,-37.5,-37.4,-40.8,-47.6,-48.0,-43.9,-39.5,-39.0,29.3,23.7,20.7,22.5,20.7,23.9,29.0,40.3,44.8,45.6,45.0,40.3,29.6,27.1,27.6,27.0,29.6,34.7,35.6,35.0,676.0,680.1,684.8,687.8,687.6,685.5,680.6,673.8,673.9,682.7,696.2,706.5,709.8,708.1,705.9,705.1,705.2,643.1,637.7,633.4,630.1,628.9,637.2,645.3,654.4,664.1,674.1,635.4,629.9,624.1,618.6,634.1,633.5,633.4,636.7,640.5,643.8,641.1,641.9,643.6,642.3,641.5,654.0,656.6,660.7,667.3,661.2,657.1,653.2,641.9,637.4,638.8,641.1,650.9,665.4,655.9,649.0,646.3,645.0,647.1,651.6,641.0,641.9,644.7,662.1,648.0,645.2,644.3,0.595,0.219,-0.238,0.036,268.641,185.69,-18.813,14.246,-4.434,20.043,6.653,-7.62,-2.185,3.307,4.379,-2.186,-0.199,0.398,0.823,-2.142,-1.195,0.223,1.049,0.977,-2.51,-0.27,0.749,-0.363,0.336,-0.492,-0.126,0.284,0.241,0.029,-0.063,0.032,-0.017,0.008,0.001,-0.002,0.34,0.15,0.0,0.28,0.0,0.0,0.0,0.0,0.0,0.0,0.0,0.0,0.0,0.0,0.56,0.0,0.0,0.0,1.0,0.0,0.0,0.0,0.0,0.0,0.0,0.0,0.0,0.0,0.0,0.0,0.0,1.0,1.0,1.0,0.0
PP133,g1,5464,0,0.975,0.205327,0.189625,-0.960148,0.049517,0.186692,-0.98117,0.131,0.191,246.8,248.1,251.3,254.4,255.6,254.5,251.1,248.0,242.4,244.5,247.4,250.8,254.2,256.8,258.5,256.4,253.6,250.4,247.3,244.5,249.8,251.2,252.5,253.1,252.6,251.2,249.8,249.3,284.0,284.9,287.7,290.6,291.9,291.0,288.2,285.1,281.0,282.9,285.5,288.8,291.6,293.6,294.7,293.6,291.7,289.3,286.3,283.3,286.6,287.9,289.1,289.5,288.9,287.6,286.4,286.0,160.7,157.6,156.3,157.6,160.9,164.3,165.3,163.9,162.2,160.4,159.3,158.8,159.4,160.9,163.0,164.0,164.4,164.5,164.2,163.5,162.3,162.9,162.3,160.9,159.5,158.9,159.5,160.9,160.6,157.5,156.2,157.4,160.4,163.5,164.8,163.9,162.8,160.7,159.2,158.5,159.0,160.0,161.8,163.1,163.9,164.2,164.1,163.8,162.0,162.5,161.9,160.5,159.2,158.7,159.3,160.6,-4.3,-2.5,1.7,5.8,7.5,6.0,1.5,-2.6,-10.2,-7.4,-3.5,1.1,5.6,9.0,11.3,8.6,4.7,0.5,-3.7,-7.4,-0.3,1.6,3.4,4.2,3.4,1.6,-0.2,-1.0,46.8,48.2,52.1,56.2,58.1,56.7,52.8,48.3,42.7,45.3,48.9,53.4,57.6,60.8,62.7,60.8,57.8,54.1,49.9,45.8,50.6,52.4,54.1,54.7,53.9,52.1,50.4,49.7,-35.6,-39.9,-41.6,-39.8,-35.5,-30.9,-29.5,-31.3,-34.0,-36.1,-37.5,-38.1,-37.3,-35.4,-32.8,-31.2,-30.7,-30.5,-30.9,-32.0,-33.6,-32.8,-33.6,-35.4,-37.3,-38.1,-37.4,-35.5,-37.0,-41.3,-43.3,-41.8,-37.6,-33.2,-31.3,-32.5,-34.1,-36.9,-38.9,-40.0,-39.5,-38.3,-36.1,-34.0,-32.7,-32.1,-32.2,-32.6,-35.3,-34.6,-35.5,-37.4,-39.2,-39.9,-39.0,-37.1,519.7,520.2,520.6,520.4,520.0,519.6,519.1,519.2,523.6,521.2,519.0,518.0,518.7,520.2,521.9,520.2,518.5,518.0,519.0,521.1,520.4,520.3,520.4,520.7,520.9,521.0,520.8,520.6,537.6,538.6,540.3,541.6,541.8,540.8,539.1,537.9,538.0,537.3,537.1,538.1,540.8,544.3,547.7,544.4,541.0,538.6,537.4,537.5,539.6,540.2,540.9,541.4,541.3,540.7,540.0,539.6,31.6,-3.0,652.4,0.199,-0.192,0.032,221.8,222.0,223.3,225.8,230.5,237.7,246.5,256.9,267.4,276.1,282.4,288.2,293.3,297.1,299.7,301.6,302.2,233.2,239.8,248.4,257.1,264.9,280.2,286.6,292.8,298.7,302.1,272.7,273.6,274.6,275.7,264.0,268.4,272.9,276.9,280.3,242.3,247.7,253.8,258.7,253.5,247.4,280.9,285.9,291.3,294.9,291.7,286.3,253.5,261.3,268.1,271.8,275.6,280.1,283.3,279.7,275.0,270.9,266.7,260.3,256.5,267.6,271.4,275.2,281.2,274.9,271.1,267.1,161.5,173.3,185.0,196.3,207.0,216.2,223.9,229.6,231.0,228.8,222.2,214.0,204.8,194.7,184.2,173.4,162.3,153.7,148.9,147.6,148.9,151.9,151.6,148.6,147.3,148.3,152.6,160.9,168.5,176.1,183.9,189.2,190.6,191.9,190.7,189.1,162.1,159.2,159.3,163.1,164.4,164.4,162.9,159.0,159.0,161.7,164.0,164.1,204.9,202.1,200.5,201.6,200.5,202.1,204.6,210.7,213.2,213.8,213.4,210.9,205.2,204.3,204.6,204.2,205.1,207.3,207.9,207.5,-48.8,-48.8,-46.7,-42.6,-34.3,-21.5,-6.0,11.9,30.0,45.6,57.8,69.2,78.9,85.8,90.3,93.5,94.6,-27.7,-16.6,-2.5,11.6,24.1,49.4,60.7,71.9,83.0,90.1,37.0,38.2,39.5,40.7,22.7,30.0,37.2,44.0,49.9,-12.7,-3.8,6.2,14.3,5.8,-4.3,51.9,60.4,70.0,76.9,70.7,61.2,5.9,18.6,29.7,35.8,42.2,50.3,56.9,49.8,41.6,34.6,27.6,17.1,10.9,28.9,35.2,41.7,52.9,41.3,34.7,28.2,-45.1,-24.7,-4.3,15.5,34.3,50.4,63.3,72.5,74.9,72.1,61.9,48.0,31.6,13.2,-5.9,-25.6,-45.6,-55.8,-63.2,-64.8,-62.4,-57.5,-58.8,-64.5,-67.5,-66.8,-60.4,-43.3,-30.7,-18.3,-5.7,2.7,5.1,7.1,5.2,2.6,-42.0,-46.5,-46.4,-40.4,-38.1,-38.0,-41.4,-48.0,-48.4,-44.2,-39.8,-39.4,29.1,24.0,21.2,23.1,21.4,24.4,29.2,38.9,42.7,43.4,42.7,38.7,29.4,27.6,28.2,27.6,29.8,32.8,33.6,32.9,676.1,679.9,684.4,687.3,687.1,684.8,679.6,672.7,672.9,682.2,696.5,707.8,712.2,711.2,709.3,708.0,707.9,644.4,639.1,635.2,632.2,631.1,639.5,647.3,656.4,665.9,675.7,637.2,631.7,625.7,620.2,635.4,634.7,634.7,638.2,642.2,645.1,642.5,643.4,645.1,643.6,642.8,655.8,658.3,662.5,669.0,662.9,658.8,653.1,642.6,638.8,640.2,642.6,652.1,665.9,655.5,648.4,645.6,644.3,646.5,651.3,642.1,643.0,645.9,662.3,647.6,644.7,643.8,0.594,0.206,-0.252,0.044,268.848,185.529,-16.285,10.933,-8.723,18.627,5.349,-3.119,-3.135,2.111,3.912,-1.94,0.06,0.688,0.552,-2.053,-1.065,0.085,0.63,1.212,-2.023,-0.821,0.573,-0.489,0.325,-0.482,0.007,0.108,0.15,0.012,-0.081,0.016,-0.028,0.01,0.001,-0.001,0.28,0.01,0.0,0.06,0.0,0.0,0.0,0.0,0.0,0.0,0.0,0.0,0.0,0.0,0.19,0.02,0.0,0.0,1.0,0.0,0.0,0.0,0.0,0.0,0.0,0.0,0.0,0.0,0.0,0.0,0.0,1.0,1.0,1.0,0.0
PP133,g1,5470,0,0.975,0.201919,0.191443,-0.960509,0.045455,0.188181,-0.981082,0.127,0.193,246.1,247.4,250.6,253.8,255.0,253.9,250.5,247.3,241.7,243.8,246.7,250.2,253.6,256.2,257.9,255.8,252.9,249.7,246.6,243.7,249.1,250.5,251.9,252.5,251.9,250.6,249.2,248.6,283.5,284.5,287.2,290.2,291.6,290.6,287.8,284.6,280.5,282.4,285.1,288.4,291.2,293.2,294.4,293.3,291.4,288.8,285.9,282.8,286.2,287.5,288.7,289.1,288.5,287.2,286.0,285.6,160.3,157.1,155.8,157.2,160.4,163.9,164.9,163.5,161.7,159.9,158.8,158.3,159.0,160.5,162.5,163.6,164.0,164.1,163.8,163.1,161.8,162.4,161.9,160.5,159.0,158.4,159.0,160.4,160.1,157.0,155.6,156.8,159.9,163.0,164.4,163.4,162.3,160.2,158.7,158.0,158.4,159.5,161.2,162.6,163.4,163.7,163.7,163.3,161.5,162.0,161.4,160.0,158.7,158.2,158.8,160.1,-5.2,-3.4,0.8,5.0,6.6,5.1,0.6,-3.5,-11.0,-8.2,-4.4,0.2,4.7,8.1,10.5,7.7,3.8,-0.4,-4.5,-8.3,-1.1,0.7,2.5,3.3,2.6,0.8,-1.1,-1.9,45.6,47.0,50.9,55.0,57.0,55.6,51.6,47.2,41.5,44.1,47.7,52.2,56.4,59.6,61.6,59.7,56.7,53.0,48.8,44.6,49.4,51.2,52.9,53.6,52.7,50.9,49.2,48.6,-35.9,-40.1,-41.9,-40.0,-35.7,-31.1,-29.7,-31.6,-34.3,-36.4,-37.7,-38.3,-37.5,-35.6,-33.0,-31.5,-30.9,-30.7,-31.1,-32.3,-33.9,-33.1,-33.8,-35.7,-37.6,-38.4,-37.6,-35.8,-37.2,-41.6,-43.6,-42.1,-37.9,-33.5,-31.6,-32.8,-34.3,-37.1,-39.2,-40.2,-39.8,-38.6,-36.4,-34.3,-33.0,-32.4,-32.4,-32.9,-35.5,-34.9,-35.7,-37.6,-39.5,-40.1,-39.3,-37.4,514.5,515.0,515.2,515.1,514.6,514.4,513.8,514.0,518.5,515.9,513.7,512.7,513.4,514.9,516.6,514.8,513.2,512.8,513.8,515.9,515.1,515.0,515.2,515.4,515.6,515.7,515.5,515.3,531.5,532.5,534.2,535.5,535.7,534.7,533.1,531.9,531.9,531.2,531.0,532.0,534.7,538.2,541.5,538.2,534.9,532.5,531.3,531.4,533.6,534.1,534.8,535.3,535.2,534.6,533.9,533.5,30.7,-3.8,651.7,0.203,-0.186,0.029,221.3,221.6,223.0,225.5,230.2,237.5,246.3,256.6,267.1,275.8,282.1,287.8,293.0,296.8,299.4,301.3,301.9,232.3,239.0,247.7,256.5,264.3,279.5,286.0,292.3,298.3,301.9,272.1,273.0,274.1,275.1,263.4,267.9,272.4,276.4,279.8,241.6,247.0,253.1,258.1,252.9,246.7,280.4,285.4,290.9,294.6,291.3,285.8,252.9,260.7,267.5,271.3,275.1,279.7,283.1,279.3,274.6,270.4,266.2,259.8,255.9,267.0,270.9,274.7,280.9,274.5,270.6,266.6,160.9,172.7,184.5,195.7,206.4,215.6,223.2,228.9,230.2,228.0,221.4,213.3,204.2,194.1,183.6,172.7,161.6,153.3,148.5,147.2,148.6,151.5,151.2,148.2,146.9,147.8,152.1,160.5,168.2,175.8,183.7,188.9,190.3,191.6,190.4,188.7,161.6,158.7,158.9,162.6,163.9,164.0,162.4,158.5,158.4,161.2,163.5,163.7,204.4,201.7,200.2,201.3,200.2,201.8,204.1,210.0,212.5,213.0,212.6,210.2,204.7,204.0,204.4,203.9,204.5,206.5,207.1,206.7,-49.6,-49.5,-47.3,-43.1,-34.9,-22.0,-6.4,11.4,29.4,44.9,57.1,68.5,78.4,85.2,89.7,92.9,94.0,-29.2,-18.0,-3.7,10.5,23.1,48.3,59.6,71.0,82.2,89.6,36.0,37.2,38.5,39.7,21.7,29.0,36.3,43.1,49.0,-13.9,-5.0,5.2,13.4,4.7,-5.4,51.0,59.6,69.3,76.2,70.0,60.4,4.9,17.7,28.6,34.8,41.3,49.5,56.3,49.1,40.8,33.7,26.7,16.2,9.9,27.9,34.3,40.9,52.4,40.6,33.9,27.3,-46.1,-25.7,-5.3,14.5,33.2,49.2,62.1,71.2,73.5,70.7,60.5,46.7,30.4,12.0,-7.1,-26.8,-46.8,-56.4,-63.8,-65.4,-62.9,-58.0,-59.3,-65.0,-68.1,-67.6,-61.2,-44.0,-31.2,-18.7,-6.1,2.2,4.6,6.6,4.7,2.0,-42.8,-47.3,-47.1,-41.0,-38.8,-38.7,-42.1,-48.9,-49.2,-45.1,-40.6,-40.1,28.2,23.4,20.7,22.6,20.8,23.8,28.2,37.7,41.4,42.1,41.4,37.5,28.6,27.1,27.7,27.1,28.9,31.4,32.3,31.6,676.6,680.3,684.8,687.7,687.5,685.1,679.7,672.4,672.4,681.6,696.1,707.4,711.8,710.9,708.9,707.6,707.4,644.6,639.0,634.8,631.5,630.2,638.3,646.1,655.1,664.8,674.8,636.4,630.8,624.7,619.2,634.9,634.1,633.9,637.4,641.4,645.0,642.2,643.0,644.6,643.3,642.5,654.9,657.5,661.6,668.1,662.1,658.0,652.8,642.3,638.3,639.7,642.0,651.4,665.3,654.6,647.4,644.6,643.4,645.9,650.9,641.6,642.5,645.4,661.6,646.6,643.7,642.9,0.595,0.209,-0.244,0.041,268.367,185.022,-13.564,10.553,-9.077,18.662,5.889,-1.802,-4.097,2.271,3.703,-1.94,0.026,0.742,0.554,-1.522,-1.43,0.18,0.551,1.236,-1.879,-1.044,0.424,-0.74,0.291,-0.37,-0.118,0.006,0.115,0.009,-0.092,0.011,-0.024,0.012,-0.002,-0.009,0.24,0.0,0.0,0.66,0.0,0.0,0.0,0.0,0.0,0.05,0.0,0.0,0.0,0.0,0.0,0.01,0.0,0.0,1.0,0.0,1.0,0.0,0.0,0.0,0.0,0.0,0.0,0.0,0.0,0.0,0.0,1.0,1.0,1.0,0.0
PP133,g1,5476,0,0.975,0.198328,0.192557,-0.961035,0.040537,0.190402,-0.980869,0.122,0.195,246.0,247.4,250.6,253.7,255.0,253.8,250.4,247.3,241.7,243.7,246.6,250.1,253.5,256.1,257.8,255.8,252.8,249.6,246.5,243.7,249.1,250.4,251.8,252.4,251.9,250.5,249.1,248.5,283.4,284.3,287.1,290.0,291.4,290.5,287.7,284.5,280.3,282.3,284.9,288.2,291.1,293.1,294.3,293.2,291.2,288.7,285.7,282.7,286.0,287.3,288.5,288.9,288.3,287.0,285.8,285.4,160.2,157.1,155.8,157.2,160.4,163.9,164.9,163.5,161.7,159.9,158.8,158.3,159.0,160.5,162.6,163.6,164.0,164.1,163.8,163.1,161.8,162.4,161.9,160.5,159.1,158.4,159.0,160.4,160.2,157.0,155.7,156.8,159.9,163.0,164.4,163.5,162.4,160.2,158.7,158.0,158.4,159.5,161.3,162.7,163.4,163.8,163.7,163.4,161.5,162.0,161.4,160.1,158.7,158.2,158.8,160.2,-5.3,-3.5,0.8,4.9,6.5,5.0,0.5,-3.6,-11.1,-8.3,-4.5,0.1,4.7,8.1,10.4,7.6,3.7,-0.5,-4.6,-8.4,-1.2,0.6,2.4,3.2,2.5,0.7,-1.2,-2.0,45.4,46.8,50.7,54.9,56.8,55.4,51.5,47.0,41.3,43.9,47.5,52.1,56.3,59.4,61.4,59.5,56.5,52.8,48.6,44.5,49.3,51.1,52.8,53.4,52.6,50.7,49.0,48.4,-36.0,-40.2,-41.9,-40.1,-35.7,-31.2,-29.8,-31.7,-34.3,-36.5,-37.8,-38.4,-37.6,-35.7,-33.0,-31.5,-31.0,-30.8,-31.2,-32.3,-33.9,-33.1,-33.9,-35.7,-37.6,-38.4,-37.7,-35.8,-37.2,-41.6,-43.6,-42.0,-37.9,-33.5,-31.5,-32.7,-34.3,-37.1,-39.2,-40.2,-39.8,-38.6,-36.4,-34.2,-33.0,-32.3,-32.4,-32.8,-35.5,-34.8,-35.7,-37.6,-39.4,-40.1,-39.2,-37.3,515.4,516.0,516.2,516.1,515.5,515.2,514.6,514.8,519.4,516.9,514.7,513.6,514.3,515.7,517.4,515.7,514.0,513.6,514.6,516.8,516.0,515.9,516.0,516.3,516.5,516.6,516.5,516.2,532.0,533.0,534.6,535.9,536.1,535.1,533.5,532.3,532.4,531.6,531.5,532.5,535.1,538.6,541.9,538.6,535.3,532.9,531.7,531.8,534.0,534.5,535.3,535.7,535.6,535.0,534.3,533.9,30.5,-3.6,651.8,0.213,-0.18,0.03,221.2,221.5,223.0,225.6,230.4,237.7,246.4,256.6,267.0,275.6,281.9,287.8,293.0,296.9,299.5,301.3,301.9,232.4,239.0,247.7,256.4,264.2,279.5,286.0,292.3,298.2,301.6,272.0,272.8,273.8,274.8,263.2,267.7,272.1,276.2,279.6,241.5,246.9,253.1,258.0,252.8,246.6,280.3,285.3,290.8,294.4,291.2,285.7,252.7,260.3,267.3,271.0,274.8,279.5,282.7,278.9,274.0,269.9,265.7,259.2,255.7,266.8,270.6,274.4,280.5,274.0,270.1,266.1,160.8,172.8,184.6,195.9,206.6,215.9,223.6,229.3,230.6,228.3,221.7,213.4,204.3,194.3,183.8,172.9,161.9,153.3,148.4,147.1,148.4,151.5,151.1,148.1,146.8,147.8,152.1,160.6,168.1,175.6,183.4,188.6,190.0,191.3,190.1,188.5,161.6,158.7,158.9,162.7,163.9,163.9,162.5,158.5,158.5,161.2,163.6,163.7,204.4,201.4,199.7,200.8,199.7,201.5,204.2,211.0,213.9,214.4,214.0,211.1,204.7,203.5,203.8,203.4,204.6,207.8,208.4,208.0,-49.9,-49.7,-47.3,-42.9,-34.4,-21.6,-6.2,11.3,29.2,44.7,56.9,68.3,78.1,85.0,89.5,92.7,93.8,-28.9,-17.9,-3.8,10.3,22.8,48.1,59.4,70.8,82.0,89.1,35.8,36.9,38.1,39.3,21.5,28.7,35.9,42.7,48.5,-14.0,-5.0,5.0,13.2,4.6,-5.5,50.7,59.3,69.0,75.9,69.7,60.1,4.6,17.0,28.3,34.4,40.7,49.1,55.7,48.6,40.0,32.9,25.9,15.2,9.5,27.5,33.9,40.3,51.7,39.8,33.2,26.6,-46.3,-25.6,-5.1,14.8,33.6,49.8,62.8,72.0,74.4,71.3,60.9,46.9,30.5,12.3,-6.6,-26.3,-46.3,-56.3,-63.8,-65.5,-63.1,-58.1,-59.4,-65.1,-68.1,-67.4,-61.0,-43.9,-31.3,-19.0,-6.6,1.8,4.1,6.1,4.2,1.6,-42.7,-47.3,-47.1,-40.9,-38.8,-38.7,-41.9,-48.8,-49.1,-44.9,-40.5,-40.0,28.3,22.8,19.9,21.8,20.0,23.3,28.4,39.4,43.8,44.6,43.8,39.2,28.6,26.3,26.9,26.3,29.0,33.7,34.6,33.8,676.2,680.1,684.7,687.6,687.5,685.4,680.6,673.9,674.0,682.7,696.2,706.5,710.0,708.6,706.6,705.8,705.8,643.7,638.3,634.1,630.8,629.6,637.8,645.7,654.6,664.3,674.1,635.8,630.4,624.6,619.2,634.6,633.9,633.8,637.1,641.0,644.4,641.7,642.6,644.1,642.9,642.1,654.3,656.8,660.9,667.4,661.4,657.3,653.7,642.6,638.2,639.4,641.8,651.4,665.5,656.1,649.4,646.8,645.6,647.6,652.0,641.7,642.5,645.3,662.2,648.4,645.6,644.8,0.595,0.218,-0.236,0.042,268.194,185.141,-20.028,12.498,-4.964,20.297,7.386,-6.273,-1.708,2.675,4.655,-2.487,0.239,0.24,0.926,-1.944,-1.501,0.26,1.319,1.528,-2.212,-0.438,0.519,-0.354,0.368,-0.4,-0.003,0.178,0.23,0.021,-0.056,0.022,-0.034,0.011,-0.0,-0.003,0.5,0.16,0.0,0.64,0.0,0.0,0.0,0.0,0.0,0.0,0.0,0.0,0.0,0.0,0.61,0.0,0.0,0.0,1.0,0.0,1.0,0.0,0.0,0.0,0.0,0.0,0.0,0.0,0.0,0.0,0.0,1.0,1.0,1.0,0.0
PP133,g1,5482,0,0.975,0.200175,0.192699,-0.960623,0.044184,0.190293,-0.980733,0.125,0.195,246.1,247.5,250.7,253.8,255.1,253.9,250.5,247.4,241.8,243.8,246.7,250.2,253.7,256.2,258.0,255.9,252.9,249.7,246.6,243.8,249.2,250.6,252.0,252.6,252.0,250.6,249.2,248.6,283.5,284.4,287.2,290.1,291.5,290.5,287.8,284.6,280.4,282.4,285.0,288.3,291.2,293.2,294.3,293.2,291.3,288.8,285.8,282.8,286.1,287.4,288.6,289.0,288.4,287.2,286.0,285.5,160.5,157.3,156.0,157.4,160.6,164.1,165.1,163.7,161.9,160.1,159.0,158.5,159.2,160.7,162.8,163.9,164.2,164.3,164.0,163.3,162.0,162.6,162.1,160.7,159.3,158.7,159.2,160.6,160.4,157.3,155.9,157.1,160.2,163.3,164.7,163.7,162.6,160.5,159.0,158.2,158.7,159.8,161.6,163.0,163.7,164.1,164.0,163.6,161.8,162.3,161.7,160.3,159.0,158.5,159.1,160.5,-5.1,-3.3,0.9,5.1,6.7,5.2,0.7,-3.5,-10.9,-8.2,-4.3,0.3,4.8,8.2,10.5,7.7,3.9,-0.3,-4.5,-8.2,-1.1,0.7,2.6,3.4,2.7,0.8,-1.0,-1.8,45.7,47.1,51.0,55.1,57.0,55.6,51.7,47.2,41.5,44.1,47.7,52.3,56.5,59.6,61.6,59.7,56.7,53.0,48.8,44.7,49.5,51.3,53.0,53.6,52.8,51.0,49.2,48.6,-35.7,-39.9,-41.6,-39.8,-35.5,-30.9,-29.5,-31.4,-34.0,-36.2,-37.6,-38.2,-37.3,-35.4,-32.7,-31.2,-30.7,-30.5,-31.0,-32.0,-33.6,-32.8,-33.6,-35.4,-37.3,-38.1,-37.4,-35.5,-36.9,-41.2,-43.2,-41.7,-37.5,-33.2,-31.2,-32.4,-34.0,-36.8,-38.9,-39.9,-39.5,-38.2,-36.0,-33.9,-32.6,-32.0,-32.1,-32.5,-35.2,-34.5,-35.4,-37.3,-39.1,-39.8,-38.9,-37.0,515.4,516.0,516.3,516.1,515.6,515.2,514.7,514.9,519.4,516.9,514.7,513.7,514.3,515.8,517.4,515.7,514.1,513.6,514.7,516.8,516.0,516.0,516.1,516.3,516.6,516.7,516.5,516.3,532.6,533.6,535.3,536.6,536.8,535.8,534.1,532.9,533.0,532.3,532.1,533.1,535.8,539.3,542.6,539.3,536.0,533.5,532.4,532.5,534.6,535.2,535.9,536.4,536.3,535.7,535.0,534.6,30.4,-2.8,649.1,0.213,-0.184,0.032,221.1,221.3,222.9,225.5,230.3,237.6,246.3,256.5,266.9,275.6,281.9,287.8,292.9,296.8,299.5,301.3,301.9,232.5,239.2,247.8,256.6,264.3,279.7,286.2,292.4,298.3,301.7,272.2,273.1,274.1,275.1,263.4,267.8,272.3,276.3,279.7,241.6,247.1,253.2,258.1,252.9,246.7,280.4,285.4,290.9,294.5,291.2,285.8,252.8,260.4,267.5,271.1,274.8,279.5,282.6,278.9,274.0,269.9,265.7,259.2,255.7,266.9,270.7,274.4,280.4,273.9,270.1,266.2,161.1,173.2,185.1,196.5,207.3,216.7,224.4,230.2,231.6,229.2,222.4,214.1,204.8,194.7,184.2,173.3,162.2,153.5,148.6,147.3,148.6,151.7,151.4,148.4,147.1,148.1,152.4,160.8,168.4,175.9,183.7,188.9,190.4,191.7,190.4,188.8,161.8,158.9,159.1,162.9,164.2,164.2,162.7,158.8,158.7,161.5,163.9,164.0,204.9,201.8,200.2,201.3,200.2,201.9,204.7,211.7,214.6,215.1,214.8,211.8,205.2,203.9,204.3,203.9,205.2,208.6,209.2,208.7,-49.8,-49.6,-47.3,-42.9,-34.4,-21.7,-6.4,11.1,29.0,44.5,56.6,68.0,77.7,84.6,89.1,92.3,93.4,-28.6,-17.6,-3.6,10.5,23.0,48.4,59.6,70.9,81.9,88.9,36.0,37.1,38.3,39.5,21.7,28.8,36.0,42.8,48.6,-13.7,-4.8,5.2,13.3,4.8,-5.3,50.7,59.2,68.9,75.7,69.6,60.0,4.6,17.1,28.4,34.4,40.6,48.9,55.3,48.3,39.7,32.8,25.9,15.2,9.5,27.7,33.9,40.2,51.3,39.6,33.1,26.6,-45.5,-24.8,-4.2,15.8,34.8,51.0,64.1,73.3,75.7,72.6,62.0,47.8,31.3,13.0,-5.9,-25.5,-45.5,-55.8,-63.3,-64.9,-62.5,-57.5,-58.8,-64.4,-67.4,-66.8,-60.4,-43.3,-30.7,-18.4,-6.0,2.3,4.7,6.7,4.8,2.2,-42.1,-46.7,-46.5,-40.4,-38.2,-38.2,-41.3,-48.1,-48.5,-44.2,-39.9,-39.4,29.0,23.4,20.6,22.5,20.7,24.0,29.2,40.5,44.9,45.6,44.9,40.1,29.3,26.9,27.5,26.9,29.8,34.8,35.7,34.9,672.8,676.9,681.5,684.5,684.3,682.4,677.8,671.2,671.3,680.0,693.4,703.5,707.0,705.4,703.5,702.6,702.6,640.4,635.1,631.1,627.9,626.8,635.3,643.3,652.2,661.9,671.8,633.1,627.6,621.8,616.4,631.7,631.0,630.9,634.3,638.2,641.3,638.7,639.6,641.2,639.9,639.1,651.6,654.2,658.4,664.9,658.8,654.7,650.9,639.9,635.5,636.8,639.1,648.8,662.9,653.6,647.0,644.4,643.1,645.0,649.3,639.0,639.8,642.6,659.7,646.0,643.2,642.3,0.597,0.219,-0.241,0.044,268.258,185.584,-21.971,13.606,-4.322,21.188,7.307,-6.502,-1.395,2.184,4.996,-2.69,0.457,0.473,0.778,-2.415,-1.137,0.009,1.44,1.389,-2.503,-0.166,0.468,-0.314,0.34,-0.374,-0.063,0.279,0.271,0.022,-0.064,0.024,-0.033,0.012,0.004,-0.001,0.43,0.2,0.0,0.66,0.0,0.0,0.0,0.0,0.0,0.0,0.0,0.0,0.0,0.0,0.76,0.0,0.0,0.0,1.0,0.0,0.0,0.0,0.0,0.0,0.0,0.0,0.0,0.0,0.0,0.0,0.0,1.0,1.0,1.0,0.0
PP133,g1,5488,0,0.975,0.205091,0.184585,-0.961179,0.048984,0.181873,-0.982101,0.13,0.186,245.5,246.9,250.1,253.2,254.5,253.4,250.0,246.8,241.2,243.2,246.1,249.6,253.1,255.7,257.4,255.4,252.4,249.2,246.0,243.2,248.6,250.0,251.4,252.0,251.4,250.0,248.6,248.1,283.1,284.0,286.8,289.7,291.1,290.2,287.5,284.3,280.0,282.0,284.6,287.9,290.8,292.8,294.0,292.9,291.0,288.5,285.5,282.4,285.8,287.0,288.2,288.7,288.0,286.7,285.5,285.1,161.1,157.9,156.6,157.9,161.2,164.7,165.7,164.4,162.6,160.8,159.6,159.1,159.7,161.2,163.3,164.4,164.8,165.0,164.7,164.0,162.6,163.2,162.7,161.2,159.8,159.2,159.8,161.2,160.7,157.6,156.1,157.3,160.4,163.5,164.9,164.0,162.9,160.8,159.2,158.5,158.9,160.0,161.7,163.1,163.9,164.3,164.2,163.9,162.0,162.5,161.9,160.6,159.2,158.7,159.3,160.7,-5.9,-4.1,0.1,4.3,5.9,4.5,-0.0,-4.2,-11.7,-8.9,-5.1,-0.5,4.0,7.5,9.8,7.0,3.2,-1.0,-5.2,-8.9,-1.8,0.0,1.8,2.6,1.9,0.1,-1.8,-2.5,44.8,46.2,50.1,54.2,56.2,54.8,50.9,46.5,40.8,43.3,46.9,51.4,55.7,58.8,60.8,58.9,55.9,52.2,48.1,43.9,48.7,50.5,52.2,52.8,51.9,50.1,48.4,47.8,-34.6,-38.9,-40.7,-38.8,-34.5,-30.0,-28.5,-30.3,-33.0,-35.2,-36.5,-37.2,-36.4,-34.5,-31.9,-30.3,-29.7,-29.5,-29.9,-31.0,-32.7,-31.9,-32.6,-34.5,-36.4,-37.2,-36.4,-34.5,-36.3,-40.7,-42.7,-41.2,-37.1,-32.7,-30.7,-31.9,-33.4,-36.2,-38.3,-39.4,-39.0,-37.8,-35.6,-33.4,-32.1,-31.5,-31.5,-31.9,-34.7,-34.0,-34.9,-36.8,-38.6,-39.3,-38.4,-36.5,512.5,513.1,513.3,513.2,512.7,512.4,511.9,512.1,516.5,514.0,511.8,510.8,511.4,512.9,514.6,512.9,511.3,510.8,511.9,514.0,513.2,513.1,513.2,513.5,513.7,513.7,513.6,513.4,529.6,530.6,532.2,533.6,533.8,532.8,531.1,529.9,530.0,529.2,529.1,530.1,532.8,536.3,539.6,536.3,533.0,530.5,529.4,529.4,531.6,532.2,532.9,533.3,533.3,532.7,532.0,531.5,30.3,-2.6,650.6,0.197,-0.19,0.022,220.6,221.0,222.5,225.1,229.9,237.2,246.2,256.7,267.2,275.9,282.1,287.8,292.9,296.6,299.2,301.0,301.5,231.7,238.4,247.1,255.8,263.7,279.1,285.6,291.9,297.9,301.4,271.6,272.6,273.7,274.8,263.1,267.7,272.2,276.2,279.6,241.0,246.4,252.6,257.6,252.4,246.2,280.0,285.0,290.5,294.2,290.9,285.5,252.9,260.8,267.5,271.2,275.0,279.5,282.9,279.3,274.7,270.6,266.4,260.0,255.9,267.0,270.8,274.6,280.8,274.5,270.6,266.7,161.9,173.8,185.5,196.8,207.4,216.6,224.1,229.7,230.9,228.7,222.1,214.0,204.8,194.8,184.2,173.3,162.2,154.3,149.5,148.3,149.6,152.5,152.0,149.0,147.6,148.5,152.7,161.3,169.0,176.7,184.6,189.8,191.2,192.4,191.2,189.5,162.5,159.5,159.6,163.4,164.8,164.9,163.0,159.0,158.9,161.7,164.1,164.2,205.3,202.6,201.1,202.1,201.0,202.5,204.7,210.4,212.8,213.3,213.0,210.8,205.5,204.9,205.2,204.7,205.2,206.8,207.5,207.1,-50.9,-50.5,-48.1,-43.8,-35.4,-22.4,-6.5,11.5,29.6,45.1,57.2,68.4,78.1,84.8,89.2,92.2,93.2,-30.2,-19.0,-4.7,9.4,22.1,47.5,58.8,70.1,81.3,88.8,35.2,36.5,37.9,39.3,21.3,28.6,36.0,42.7,48.6,-14.8,-5.8,4.3,12.5,4.0,-6.2,50.2,58.8,68.5,75.4,69.3,59.7,4.9,17.7,28.5,34.6,41.0,49.1,56.0,48.9,40.8,33.8,26.9,16.4,9.9,27.8,34.2,40.6,52.0,40.5,33.9,27.4,-44.2,-23.8,-3.5,16.3,34.9,50.9,63.6,72.4,74.6,71.7,61.6,47.9,31.6,13.2,-5.9,-25.6,-45.7,-54.6,-62.0,-63.6,-61.2,-56.4,-57.9,-63.6,-66.8,-66.3,-60.1,-42.7,-29.9,-17.3,-4.6,3.7,6.0,8.0,6.0,3.3,-41.2,-45.9,-45.8,-39.7,-37.4,-37.2,-41.0,-47.9,-48.3,-44.2,-39.6,-39.1,29.6,24.9,22.1,23.9,22.1,25.0,29.2,38.2,41.8,42.5,42.0,38.4,30.0,28.5,29.0,28.3,29.9,31.9,32.9,32.2,675.9,679.6,684.1,686.8,686.5,684.0,678.5,671.1,671.0,680.4,695.2,706.8,711.5,710.6,708.7,707.2,706.9,643.6,637.9,633.9,630.6,629.3,637.5,645.3,654.3,664.0,674.0,635.5,629.9,623.8,618.3,633.9,633.1,632.9,636.4,640.4,644.0,641.2,642.1,643.7,642.3,641.5,654.2,656.7,660.9,667.4,661.3,657.2,651.6,641.2,637.4,638.8,641.1,650.4,664.2,653.1,645.8,643.0,641.9,644.4,649.6,640.7,641.5,644.4,660.4,645.1,642.2,641.5,0.595,0.204,-0.247,0.033,268.109,185.772,-11.21,10.416,-10.216,17.612,5.582,-0.422,-4.178,2.577,3.98,-2.432,0.111,1.088,0.517,-1.608,-0.919,0.023,0.689,1.399,-1.58,-0.886,0.483,-0.621,0.134,-0.385,-0.086,0.018,0.126,0.022,-0.092,0.007,-0.016,0.008,-0.001,-0.011,0.37,0.06,0.0,1.01,0.0,0.0,0.02,0.0,0.0,0.34,0.0,0.0,0.0,0.0,0.06,0.51,0.0,0.0,1.0,0.0,1.0,0.0,0.0,0.0,0.0,0.0,0.0,0.0,0.0,0.0,0.0,1.0,1.0,1.0,0.0
PP133,g1,5494,0,0.975,0.203,0.189786,-0.96061,0.046056,0.188607,-0.980972,0.128,0.192,245.3,246.6,249.8,253.0,254.3,253.1,249.7,246.6,240.9,243.0,245.9,249.4,252.8,255.4,257.2,255.1,252.2,248.9,245.8,243.0,248.4,249.8,251.1,251.7,251.2,249.8,248.4,247.8,282.8,283.8,286.5,289.5,290.9,290.0,287.2,284.0,279.8,281.7,284.4,287.7,290.6,292.6,293.8,292.7,290.8,288.2,285.2,282.2,285.5,286.8,288.0,288.4,287.8,286.5,285.3,284.9,161.4,158.2,156.9,158.2,161.5,165.0,166.0,164.7,162.9,161.1,159.9,159.4,160.0,161.5,163.6,164.7,165.1,165.3,165.0,164.3,162.9,163.5,163.0,161.5,160.1,159.5,160.1,161.5,160.9,157.7,156.3,157.4,160.5,163.6,165.1,164.2,163.1,161.0,159.4,158.6,159.0,160.1,161.8,163.2,164.1,164.4,164.4,164.1,162.2,162.7,162.1,160.7,159.3,158.8,159.5,160.8,-6.2,-4.4,-0.2,3.9,5.6,4.1,-0.3,-4.5,-12.0,-9.3,-5.4,-0.8,3.7,7.1,9.5,6.7,2.8,-1.4,-5.5,-9.2,-2.1,-0.3,1.5,2.3,1.5,-0.3,-2.1,-2.9,44.5,45.8,49.7,53.8,55.8,54.5,50.6,46.1,40.4,43.0,46.5,51.0,55.3,58.4,60.4,58.5,55.6,51.9,47.7,43.6,48.3,50.1,51.8,52.4,51.5,49.7,48.0,47.4,-34.2,-38.5,-40.2,-38.4,-34.1,-29.5,-28.1,-29.9,-32.5,-34.7,-36.1,-36.8,-35.9,-34.1,-31.4,-29.9,-29.3,-29.1,-29.5,-30.5,-32.2,-31.4,-32.2,-34.1,-36.0,-36.7,-36.0,-34.1,-36.1,-40.4,-42.5,-41.0,-36.9,-32.5,-30.5,-31.6,-33.1,-35.9,-38.1,-39.2,-38.8,-37.6,-35.5,-33.3,-32.0,-31.3,-31.3,-31.7,-34.4,-33.8,-34.7,-36.6,-38.4,-39.0,-38.2,-36.2,512.1,512.6,512.9,512.7,512.2,511.9,511.4,511.6,516.1,513.6,511.3,510.3,511.0,512.4,514.1,512.4,510.8,510.4,511.4,513.6,512.7,512.6,512.8,513.0,513.2,513.3,513.2,512.9,529.1,530.1,531.7,533.1,533.3,532.3,530.7,529.5,529.6,528.8,528.6,529.6,532.3,535.8,539.1,535.9,532.5,530.1,528.9,529.0,531.2,531.7,532.4,532.9,532.8,532.2,531.5,531.1,30.0,-2.2,651.2,0.211,-0.187,0.02,220.6,221.0,222.5,225.2,229.9,237.2,246.2,256.6,267.1,275.8,282.0,287.8,292.8,296.6,299.1,300.8,301.4,231.6,238.2,246.8,255.6,263.5,278.8,285.2,291.6,297.6,301.1,271.4,272.3,273.4,274.5,262.9,267.4,271.9,275.9,279.4,240.8,246.2,252.4,257.4,252.1,245.9,279.8,284.7,290.2,293.9,290.7,285.2,252.8,260.5,267.3,271.0,274.8,279.4,282.7,279.1,274.4,270.3,266.1,259.6,255.8,266.8,270.6,274.4,280.6,274.2,270.3,266.4,162.1,173.9,185.6,196.7,207.3,216.5,224.1,229.8,231.1,228.8,222.1,213.8,204.7,194.7,184.2,173.3,162.2,154.6,149.8,148.6,149.9,152.8,152.3,149.1,147.7,148.5,152.7,161.6,169.3,176.9,184.7,189.9,191.4,192.6,191.3,189.6,162.8,159.8,159.9,163.7,165.1,165.2,163.2,159.1,159.0,161.7,164.2,164.4,205.6,202.8,201.1,202.2,201.0,202.5,204.9,211.1,213.8,214.3,214.0,211.5,205.8,204.9,205.2,204.7,205.4,207.7,208.4,208.0,-50.9,-50.5,-48.1,-43.7,-35.3,-22.4,-6.7,11.3,29.5,45.0,57.1,68.4,78.0,84.7,89.0,92.0,92.9,-30.4,-19.3,-5.1,9.1,21.7,46.9,58.2,69.5,80.8,88.1,34.7,36.0,37.4,38.8,21.0,28.2,35.6,42.3,48.2,-15.2,-6.3,3.9,12.1,3.5,-6.7,49.8,58.3,68.0,75.0,68.8,59.2,4.7,17.2,28.2,34.3,40.7,49.0,55.7,48.7,40.5,33.4,26.5,15.9,9.7,27.5,33.9,40.3,51.7,40.1,33.5,27.0,-43.9,-23.6,-3.4,16.2,34.8,50.8,63.7,72.8,75.1,72.0,61.6,47.7,31.3,13.0,-6.0,-25.7,-45.6,-54.1,-61.5,-63.1,-60.7,-55.9,-57.5,-63.3,-66.6,-66.2,-60.0,-42.1,-29.4,-17.0,-4.4,4.0,6.3,8.2,6.1,3.5,-40.7,-45.4,-45.3,-39.2,-36.9,-36.7,-40.6,-47.6,-48.1,-44.0,-39.4,-38.8,30.2,25.1,22.2,24.0,22.1,25.1,29.6,39.5,43.5,44.3,43.7,39.8,30.5,28.6,29.1,28.4,30.3,33.5,34.5,33.8,675.5,679.5,684.2,687.2,687.3,685.1,680.0,672.9,672.8,681.8,696.1,707.2,711.5,710.3,708.1,706.6,706.1,643.2,637.5,633.3,630.0,628.8,637.0,644.7,653.7,663.3,673.3,635.1,629.7,623.9,618.5,634.3,633.5,633.4,636.7,640.6,643.9,641.1,641.9,643.6,642.3,641.6,653.8,656.2,660.4,667.0,661.0,656.9,652.6,641.8,637.7,639.1,641.4,650.8,664.8,654.6,647.6,644.9,643.7,646.0,650.7,641.2,642.1,644.9,661.2,646.6,643.8,643.0,0.595,0.218,-0.243,0.032,267.911,185.991,-13.974,10.391,-8.444,18.782,5.963,-3.212,-3.206,3.434,4.621,-2.23,0.376,0.712,0.714,-1.651,-1.187,0.122,1.074,1.395,-1.614,-0.65,0.545,-0.416,0.211,-0.383,-0.034,0.059,0.145,0.023,-0.07,0.017,-0.024,0.006,-0.001,-0.004,0.59,0.31,0.0,0.69,0.0,0.0,0.0,0.0,0.0,0.0,0.0,0.0,0.0,0.0,0.13,0.02,0.0,0.0,1.0,0.0,1.0,0.0,0.0,0.0,0.0,0.0,0.0,0.0,0.0,0.0,0.0,1.0,1.0,1.0,0.0
PP133,g1,5500,0,0.975,0.201512,0.186207,-0.961623,0.047976,0.181755,-0.982173,0.128,0.187,245.6,246.9,250.1,253.3,254.5,253.4,250.0,246.9,241.2,243.3,246.2,249.7,253.1,255.7,257.5,255.4,252.5,249.2,246.1,243.3,248.7,250.0,251.4,252.0,251.5,250.1,248.7,248.1,283.2,284.1,286.8,289.8,291.2,290.3,287.5,284.3,280.1,282.1,284.7,288.0,290.9,292.9,294.1,293.0,291.1,288.5,285.5,282.5,285.8,287.1,288.3,288.7,288.1,286.8,285.6,285.2,160.6,157.4,156.1,157.4,160.7,164.2,165.2,163.9,162.0,160.3,159.1,158.6,159.2,160.7,162.8,163.9,164.3,164.5,164.2,163.5,162.1,162.7,162.2,160.8,159.3,158.7,159.3,160.7,160.3,157.1,155.7,156.9,160.0,163.1,164.5,163.6,162.5,160.4,158.8,158.0,158.5,159.6,161.3,162.8,163.6,163.9,163.8,163.5,161.6,162.1,161.5,160.1,158.8,158.3,158.9,160.3,-5.8,-4.1,0.1,4.3,6.0,4.5,0.0,-4.1,-11.6,-8.9,-5.0,-0.4,4.1,7.5,9.9,7.1,3.2,-1.0,-5.1,-8.9,-1.8,0.0,1.9,2.7,1.9,0.1,-1.7,-2.5,44.9,46.3,50.1,54.3,56.2,54.9,51.0,46.5,40.8,43.4,47.0,51.5,55.7,58.8,60.8,58.9,56.0,52.3,48.1,44.0,48.7,50.5,52.2,52.8,52.0,50.2,48.5,47.9,-35.3,-39.6,-41.3,-39.5,-35.2,-30.7,-29.2,-31.0,-33.7,-35.9,-37.2,-37.9,-37.0,-35.2,-32.6,-31.0,-30.4,-30.1,-30.6,-31.7,-33.4,-32.6,-33.3,-35.2,-37.1,-37.9,-37.1,-35.2,-36.9,-41.2,-43.2,-41.7,-37.6,-33.2,-31.2,-32.4,-33.9,-36.7,-38.8,-39.9,-39.5,-38.3,-36.1,-33.9,-32.6,-32.0,-32.0,-32.5,-35.2,-34.5,-35.4,-37.3,-39.1,-39.8,-38.9,-37.0,513.1,513.6,513.8,513.7,513.2,513.0,512.5,512.6,517.1,514.6,512.3,511.3,512.0,513.4,515.1,513.5,511.8,511.4,512.4,514.6,513.8,513.7,513.8,514.0,514.2,514.3,514.2,514.0,528.9,530.0,531.6,532.9,533.1,532.1,530.5,529.3,529.3,528.6,528.4,529.5,532.2,535.7,539.0,535.7,532.4,529.9,528.7,528.8,531.0,531.5,532.3,532.7,532.6,532.0,531.3,530.9,30.3,-3.3,650.6,0.198,-0.187,0.024,220.9,221.2,222.7,225.2,229.9,237.2,246.1,256.6,267.2,275.9,282.2,287.9,292.9,296.6,299.2,301.0,301.6,231.7,238.4,247.1,255.9,263.8,279.1,285.6,291.9,298.0,301.5,271.7,272.6,273.8,274.8,263.1,267.6,272.2,276.2,279.7,241.1,246.5,252.7,257.6,252.4,246.2,280.1,285.0,290.6,294.2,291.0,285.5,252.9,260.8,267.4,271.1,274.9,279.4,282.9,279.2,274.7,270.6,266.5,260.1,255.9,266.9,270.8,274.6,280.8,274.5,270.6,266.7,161.5,173.2,184.8,196.1,206.6,215.8,223.4,229.0,230.3,228.1,221.6,213.5,204.4,194.4,183.9,173.0,161.9,153.8,149.0,147.8,149.1,152.0,151.6,148.6,147.2,148.1,152.3,160.8,168.6,176.4,184.4,189.5,191.0,192.2,191.0,189.3,162.0,159.0,159.1,162.9,164.3,164.4,162.6,158.6,158.5,161.3,163.7,163.8,204.8,202.5,201.1,202.2,201.0,202.4,204.3,209.7,212.0,212.5,212.2,210.0,205.1,204.8,205.1,204.6,204.8,206.2,206.8,206.4,-50.5,-50.2,-47.9,-43.7,-35.4,-22.5,-6.7,11.4,29.5,45.1,57.2,68.5,78.2,84.9,89.3,92.3,93.4,-30.2,-19.0,-4.7,9.5,22.2,47.5,58.8,70.2,81.5,88.9,35.2,36.5,37.9,39.3,21.2,28.6,35.9,42.7,48.6,-14.7,-5.8,4.4,12.6,4.0,-6.2,50.4,58.9,68.6,75.5,69.4,59.8,4.8,17.8,28.4,34.5,40.9,49.0,56.0,48.8,40.8,33.9,27.1,16.6,9.8,27.8,34.1,40.5,52.1,40.4,33.9,27.5,-45.1,-24.8,-4.6,15.0,33.6,49.6,62.3,71.2,73.4,70.7,60.7,47.1,30.8,12.5,-6.6,-26.2,-46.3,-55.5,-62.8,-64.5,-62.0,-57.1,-58.5,-64.3,-67.5,-66.9,-60.6,-43.4,-30.4,-17.7,-4.9,3.2,5.7,7.7,5.6,2.9,-42.1,-46.7,-46.6,-40.5,-38.2,-38.0,-41.7,-48.6,-49.0,-44.8,-40.3,-39.8,28.9,24.7,22.2,24.0,22.2,24.8,28.6,37.1,40.4,41.1,40.5,37.1,29.3,28.3,28.9,28.2,29.3,30.8,31.7,31.1,676.4,680.0,684.3,687.1,686.7,684.1,678.3,670.6,670.4,679.8,694.9,706.9,711.9,711.1,709.2,707.5,707.1,644.2,638.3,634.0,630.5,629.1,637.2,644.9,654.0,663.6,673.8,635.2,629.5,623.3,617.6,633.8,632.8,632.6,636.1,640.2,644.3,641.4,642.1,643.9,642.4,641.7,654.0,656.5,660.7,667.2,661.1,657.1,651.5,641.3,637.6,639.0,641.3,650.5,664.3,652.7,645.2,642.3,641.2,644.0,649.4,640.7,641.6,644.5,660.3,644.6,641.7,641.0,0.596,0.204,-0.245,0.035,268.135,185.34,-8.887,9.639,-11.462,17.952,5.724,1.742,-4.978,2.75,4.168,-1.219,-0.185,1.26,0.286,-2.104,-1.174,-0.026,0.419,1.382,-1.613,-0.837,0.458,-0.615,0.037,-0.392,-0.002,-0.017,0.046,0.037,-0.106,0.014,-0.031,0.008,0.006,-0.009,0.46,0.3,0.0,0.96,0.0,0.0,0.0,0.0,0.0,0.26,0.0,0.0,0.0,0.0,0.0,0.13,0.0,0.0,1.0,0.0,1.0,0.0,0.0,0.0,0.0,0.0,0.0,0.0,0.0,0.0,0.0,0.0,1.0,1.0,0.0
PP133,g1,5506,0,0.975,0.205626,0.187344,-0.960531,0.049638,0.185248,-0.981437,0.131,0.19,246.2,247.5,250.7,253.9,255.2,254.0,250.6,247.4,241.8,243.9,246.8,250.3,253.7,256.3,258.1,256.0,253.0,249.8,246.6,243.8,249.2,250.6,252.0,252.6,252.1,250.7,249.3,248.7,283.6,284.5,287.3,290.2,291.6,290.7,287.9,284.7,280.5,282.5,285.1,288.4,291.3,293.3,294.4,293.3,291.4,288.9,285.9,282.9,286.2,287.5,288.7,289.1,288.5,287.2,286.0,285.6,160.3,157.1,155.8,157.2,160.4,163.9,164.9,163.5,161.7,160.0,158.8,158.3,159.0,160.5,162.6,163.7,164.0,164.2,163.9,163.1,161.8,162.5,161.9,160.5,159.1,158.5,159.0,160.4,160.2,157.0,155.6,156.8,159.9,163.0,164.4,163.5,162.4,160.2,158.7,157.9,158.4,159.5,161.3,162.7,163.5,163.8,163.7,163.4,161.5,162.0,161.4,160.1,158.7,158.2,158.8,160.2,-5.0,-3.2,1.0,5.1,6.8,5.2,0.8,-3.4,-10.9,-8.1,-4.2,0.4,4.9,8.3,10.6,7.8,4.0,-0.3,-4.4,-8.1,-1.0,0.8,2.7,3.4,2.7,0.9,-0.9,-1.7,45.6,47.0,50.9,55.0,57.0,55.6,51.7,47.2,41.5,44.1,47.7,52.2,56.5,59.6,61.5,59.7,56.7,53.0,48.8,44.7,49.4,51.2,53.0,53.6,52.7,50.9,49.2,48.6,-35.7,-40.0,-41.7,-39.8,-35.5,-31.0,-29.6,-31.4,-34.1,-36.3,-37.6,-38.2,-37.4,-35.5,-32.8,-31.3,-30.7,-30.5,-31.0,-32.1,-33.7,-32.9,-33.6,-35.5,-37.4,-38.2,-37.4,-35.6,-37.2,-41.5,-43.5,-42.0,-37.8,-33.5,-31.5,-32.7,-34.2,-37.0,-39.1,-40.2,-39.8,-38.5,-36.3,-34.2,-32.9,-32.3,-32.3,-32.8,-35.5,-34.8,-35.7,-37.6,-39.4,-40.1,-39.2,-37.3,512.5,513.1,513.4,513.2,512.7,512.4,511.8,512.0,516.5,514.0,511.8,510.8,511.5,512.9,514.6,512.9,511.2,510.8,511.8,513.9,513.2,513.1,513.2,513.5,513.7,513.8,513.6,513.4,530.9,531.9,533.6,534.9,535.1,534.1,532.4,531.2,531.3,530.5,530.4,531.4,534.1,537.7,541.0,537.7,534.3,531.9,530.7,530.8,532.9,533.5,534.2,534.7,534.6,534.0,533.3,532.8,30.8,-3.4,650.4,0.205,-0.193,0.031,221.3,221.5,223.0,225.5,230.2,237.4,246.3,256.6,267.1,275.7,281.9,287.6,292.8,296.7,299.3,301.2,301.8,232.6,239.3,248.0,256.7,264.5,279.7,286.2,292.4,298.3,301.8,272.2,273.2,274.2,275.3,263.6,268.0,272.5,276.5,279.9,241.6,247.1,253.3,258.2,253.0,246.8,280.5,285.5,291.0,294.6,291.4,285.9,253.2,260.9,267.8,271.5,275.2,279.8,283.0,279.3,274.6,270.5,266.3,259.8,256.2,267.2,271.0,274.8,280.8,274.5,270.6,266.7,161.1,173.0,184.8,196.1,206.7,216.0,223.7,229.4,230.8,228.5,222.0,213.8,204.6,194.6,184.0,173.1,162.0,153.3,148.5,147.3,148.6,151.6,151.2,148.2,146.9,147.9,152.1,160.6,168.2,175.7,183.5,188.8,190.3,191.5,190.3,188.7,161.7,158.7,158.9,162.7,164.0,164.0,162.5,158.5,158.4,161.2,163.6,163.7,204.8,201.8,200.0,201.2,200.0,201.8,204.5,210.9,213.6,214.1,213.8,211.1,205.0,203.9,204.2,203.8,204.9,207.5,208.1,207.7,-49.5,-49.4,-47.2,-42.9,-34.7,-21.9,-6.5,11.3,29.3,44.7,56.7,68.0,77.8,84.7,89.3,92.5,93.6,-28.6,-17.4,-3.3,10.8,23.3,48.5,59.7,71.0,82.1,89.3,36.1,37.3,38.7,40.0,22.0,29.2,36.5,43.2,49.0,-13.7,-4.8,5.4,13.5,4.9,-5.2,51.0,59.5,69.2,76.1,70.0,60.4,5.3,17.9,29.0,35.1,41.4,49.5,56.0,49.1,40.7,33.7,26.8,16.2,10.3,28.2,34.5,40.9,52.0,40.5,33.9,27.4,-45.5,-25.1,-4.8,15.0,33.7,49.8,62.8,72.0,74.4,71.5,61.3,47.5,31.1,12.8,-6.3,-26.0,-46.1,-56.2,-63.6,-65.2,-62.7,-57.8,-59.2,-64.9,-68.0,-67.3,-61.0,-43.8,-31.1,-18.8,-6.3,2.2,4.5,6.5,4.5,1.9,-42.5,-47.2,-47.0,-40.8,-38.6,-38.5,-41.9,-48.8,-49.2,-44.9,-40.4,-40.0,28.9,23.4,20.4,22.3,20.5,23.8,28.8,39.2,43.2,43.9,43.3,39.0,29.1,26.9,27.5,26.9,29.4,33.1,33.9,33.2,673.6,677.4,682.0,685.0,685.0,682.9,678.1,671.4,671.5,680.6,694.6,705.6,709.9,708.8,706.9,705.9,705.7,641.9,636.6,632.7,629.7,628.6,637.1,645.0,654.0,663.6,673.5,634.8,629.4,623.5,618.0,633.2,632.5,632.5,636.0,640.0,642.9,640.2,641.2,642.8,641.5,640.6,653.4,656.0,660.3,666.9,660.8,656.6,651.3,640.6,636.6,637.9,640.3,649.8,663.8,654.0,647.1,644.4,643.1,645.1,649.6,640.1,640.9,643.8,660.3,646.1,643.3,642.4,0.596,0.211,-0.252,0.043,268.428,185.264,-17.751,10.728,-7.373,20.133,6.215,-4.885,-2.229,3.047,4.534,-2.469,0.583,0.551,0.797,-1.871,-1.321,0.185,1.243,1.33,-1.776,-0.597,0.584,-0.429,0.191,-0.382,-0.095,0.168,0.179,0.038,-0.073,0.018,-0.023,0.004,-0.004,-0.004,0.2,0.0,0.0,0.26,0.0,0.0,0.0,0.0,0.0,0.0,0.0,0.0,0.0,0.0,0.3,0.0,0.0,0.0,1.0,0.0,1.0,0.0,0.0,0.0,0.0,0.0,0.0,0.0,0.0,0.0,0.0,1.0,1.0,1.0,0.0
PP133,g1,5512,0,0.975,0.209299,0.180989,-0.960956,0.052738,0.176486,-0.982889,0.134,0.182,246.4,247.7,250.8,254.0,255.3,254.2,250.8,247.7,242.0,244.1,247.0,250.4,253.9,256.4,258.1,256.1,253.2,250.0,246.9,244.1,249.4,250.8,252.2,252.7,252.2,250.8,249.4,248.9,283.7,284.7,287.4,290.3,291.7,290.7,288.0,284.9,280.7,282.7,285.3,288.5,291.4,293.4,294.5,293.4,291.5,289.0,286.1,283.0,286.4,287.6,288.8,289.2,288.6,287.4,286.2,285.8,160.5,157.3,156.0,157.3,160.5,164.0,165.0,163.7,161.9,160.1,159.0,158.5,159.1,160.6,162.6,163.7,164.1,164.3,164.0,163.3,162.0,162.6,162.0,160.6,159.2,158.6,159.2,160.6,160.2,157.1,155.7,156.9,159.9,163.0,164.4,163.5,162.3,160.3,158.7,158.0,158.5,159.6,161.3,162.7,163.4,163.8,163.7,163.4,161.5,162.0,161.4,160.1,158.8,158.2,158.8,160.2,-4.8,-3.1,1.1,5.3,7.0,5.5,1.0,-3.1,-10.7,-7.9,-4.0,0.6,5.1,8.5,10.8,8.1,4.2,0.0,-4.1,-7.9,-0.8,1.1,2.9,3.7,2.9,1.1,-0.7,-1.5,46.2,47.6,51.5,55.7,57.6,56.2,52.3,47.8,42.2,44.7,48.3,52.9,57.1,60.2,62.2,60.3,57.3,53.6,49.5,45.3,50.1,51.9,53.6,54.2,53.3,51.5,49.8,49.2,-35.9,-40.1,-41.9,-40.1,-35.8,-31.2,-29.8,-31.6,-34.2,-36.4,-37.7,-38.4,-37.6,-35.7,-33.1,-31.6,-31.0,-30.7,-31.1,-32.2,-33.9,-33.1,-33.9,-35.8,-37.6,-38.4,-37.7,-35.8,-37.5,-41.8,-43.8,-42.3,-38.1,-33.8,-31.8,-33.0,-34.5,-37.3,-39.4,-40.5,-40.0,-38.8,-36.6,-34.5,-33.2,-32.6,-32.7,-33.1,-35.8,-35.1,-36.0,-37.9,-39.7,-40.4,-39.5,-37.6,518.2,518.7,519.0,518.9,518.5,518.2,517.7,517.8,522.1,519.6,517.4,516.5,517.2,518.7,520.5,518.7,517.1,516.6,517.5,519.6,518.9,518.9,519.0,519.2,519.4,519.5,519.3,519.1,535.6,536.7,538.4,539.7,539.9,538.8,537.2,536.0,536.0,535.3,535.2,536.2,538.9,542.4,545.7,542.4,539.1,536.6,535.4,535.5,537.7,538.3,539.0,539.4,539.4,538.8,538.0,537.6,31.6,-4.1,655.1,0.184,-0.194,0.024,221.3,221.7,223.1,225.6,230.3,237.7,246.7,257.2,267.7,276.4,282.6,288.3,293.3,297.0,299.5,301.3,301.8,232.4,239.2,247.9,256.7,264.6,279.7,286.2,292.5,298.4,302.0,272.3,273.4,274.5,275.6,263.8,268.4,272.9,276.9,280.3,241.9,247.3,253.4,258.3,253.2,247.0,280.7,285.6,291.0,294.7,291.5,286.1,253.5,261.6,268.1,271.8,275.7,280.0,283.5,279.9,275.5,271.4,267.3,260.9,256.5,267.6,271.5,275.3,281.5,275.3,271.4,267.5,161.5,173.2,184.8,196.0,206.4,215.5,222.9,228.3,229.6,227.4,221.1,213.2,204.1,194.1,183.6,172.8,161.7,153.7,148.9,147.7,149.0,151.8,151.4,148.5,147.2,148.1,152.4,160.6,168.2,175.9,183.7,188.9,190.4,191.6,190.3,188.7,161.8,158.9,159.0,162.7,164.1,164.2,162.4,158.5,158.5,161.2,163.6,163.7,203.9,201.7,200.3,201.4,200.2,201.6,203.5,208.5,210.6,211.2,210.9,208.8,204.2,203.9,204.3,203.7,203.9,205.0,205.6,205.3,-50.0,-49.6,-47.3,-43.2,-34.8,-21.7,-5.7,12.5,30.6,46.2,58.3,69.7,79.5,86.3,90.6,93.7,94.7,-29.2,-17.8,-3.4,10.9,23.8,48.9,60.3,71.7,83.0,90.5,36.6,38.0,39.4,40.8,22.6,30.0,37.4,44.2,50.1,-13.5,-4.5,5.6,13.8,5.3,-4.9,51.8,60.4,70.0,76.9,70.8,61.2,5.9,19.1,29.8,36.0,42.5,50.4,57.4,50.3,42.4,35.4,28.5,18.0,11.0,29.1,35.5,42.1,53.6,42.0,35.4,28.9,-45.3,-25.0,-4.7,15.0,33.5,49.2,61.7,70.4,72.6,69.9,60.1,46.8,30.5,12.1,-7.2,-26.9,-47.1,-56.1,-63.5,-65.2,-62.8,-57.9,-59.3,-65.0,-68.2,-67.6,-61.2,-44.2,-31.3,-18.7,-6.0,2.3,4.7,6.7,4.7,2.0,-42.7,-47.3,-47.2,-41.2,-38.8,-38.6,-42.3,-49.1,-49.5,-45.3,-40.9,-40.4,27.6,23.4,21.0,22.8,21.0,23.7,27.3,35.3,38.5,39.1,38.6,35.4,28.0,27.1,27.7,27.0,28.0,29.1,30.0,29.3,681.4,684.5,688.5,690.9,690.4,687.7,681.8,674.0,674.0,683.8,699.2,711.6,716.9,716.6,715.1,713.8,713.7,649.4,643.6,639.5,636.2,634.7,642.8,650.8,660.0,669.8,680.0,640.8,634.9,628.5,622.7,638.4,637.4,637.3,640.9,645.1,649.2,646.5,647.4,649.1,647.4,646.6,659.6,662.3,666.5,673.0,666.8,662.6,655.5,645.6,642.1,643.5,646.0,655.2,669.0,656.8,648.9,645.9,644.8,647.7,653.5,644.9,645.9,648.9,664.9,648.6,645.6,644.8,0.591,0.189,-0.255,0.035,268.764,184.859,-6.548,9.086,-11.395,15.21,5.484,2.49,-5.633,1.396,3.245,-1.761,-0.226,1.357,-0.058,-1.868,-0.936,-0.333,-0.062,1.181,-1.646,-0.85,0.404,-0.558,0.063,-0.514,0.143,-0.074,0.058,0.045,-0.113,-0.001,-0.026,0.006,0.007,-0.008,0.22,0.0,0.0,0.61,0.0,0.0,0.12,0.0,0.0,0.14,0.0,0.0,0.0,0.0,0.0,0.0,0.0,0.0,1.0,0.0,0.0,0.0,0.0,0.0,0.0,0.0,0.0,0.0,0.0,0.0,0.0,0.0,0.0,1.0,0.0
PP133,g1,5518,0,0.975,0.208204,0.179282,-0.961514,0.05039,0.174608,-0.983348,0.132,0.18,246.6,247.9,251.1,254.2,255.5,254.4,251.0,247.9,242.2,244.3,247.2,250.6,254.1,256.6,258.3,256.3,253.4,250.2,247.1,244.3,249.6,251.0,252.4,253.0,252.4,251.0,249.6,249.1,283.9,284.8,287.6,290.5,291.9,291.0,288.2,285.1,280.9,282.8,285.5,288.7,291.6,293.6,294.7,293.6,291.7,289.2,286.3,283.2,286.6,287.8,289.0,289.4,288.8,287.5,286.4,285.9,160.7,157.5,156.2,157.5,160.8,164.2,165.2,163.9,162.1,160.4,159.2,158.7,159.3,160.8,162.8,163.9,164.3,164.5,164.2,163.5,162.2,162.8,162.2,160.8,159.4,158.8,159.4,160.8,160.4,157.3,155.9,157.1,160.1,163.2,164.6,163.7,162.6,160.5,158.9,158.2,158.7,159.7,161.5,162.8,163.6,163.9,163.9,163.6,161.7,162.2,161.6,160.3,159.0,158.4,159.0,160.4,-4.5,-2.8,1.4,5.6,7.3,5.8,1.3,-2.8,-10.4,-7.6,-3.8,0.9,5.4,8.8,11.1,8.4,4.5,0.3,-3.9,-7.6,-0.5,1.3,3.2,3.9,3.2,1.4,-0.5,-1.2,46.5,47.8,51.7,55.9,57.8,56.5,52.5,48.1,42.4,45.0,48.6,53.1,57.3,60.4,62.4,60.5,57.6,53.9,49.7,45.5,50.3,52.1,53.8,54.4,53.6,51.7,50.0,49.4,-35.6,-39.9,-41.6,-39.8,-35.5,-30.9,-29.5,-31.3,-34.0,-36.1,-37.5,-38.1,-37.3,-35.5,-32.9,-31.3,-30.7,-30.4,-30.9,-32.0,-33.6,-32.8,-33.6,-35.5,-37.4,-38.1,-37.4,-35.5,-37.1,-41.5,-43.5,-42.0,-37.8,-33.5,-31.5,-32.7,-34.2,-37.0,-39.1,-40.2,-39.7,-38.5,-36.3,-34.2,-33.0,-32.3,-32.4,-32.8,-35.5,-34.8,-35.7,-37.6,-39.4,-40.1,-39.2,-37.3,518.4,519.0,519.3,519.2,518.7,518.4,517.9,518.0,522.4,519.9,517.7,516.7,517.4,519.0,520.7,519.0,517.3,516.8,517.7,519.8,519.1,519.1,519.2,519.5,519.6,519.7,519.6,519.3,535.3,536.4,538.1,539.4,539.5,538.5,536.8,535.6,535.7,535.0,534.8,535.9,538.6,542.1,545.4,542.1,538.7,536.3,535.1,535.2,537.4,537.9,538.7,539.1,539.0,538.5,537.7,537.3,32.0,-3.9,655.5,0.182,-0.192,0.022,221.5,221.9,223.4,225.8,230.5,237.9,247.0,257.6,268.1,276.8,283.0,288.7,293.7,297.4,299.8,301.6,302.1,232.6,239.3,248.1,256.9,264.8,280.0,286.4,292.7,298.6,302.2,272.5,273.6,274.7,275.8,264.0,268.6,273.2,277.2,280.6,242.1,247.5,253.6,258.5,253.4,247.3,280.9,285.8,291.2,294.9,291.7,286.3,253.7,261.8,268.3,272.1,276.0,280.4,283.9,280.3,275.9,271.7,267.5,261.1,256.7,267.9,271.8,275.7,281.9,275.7,271.7,267.7,161.7,173.4,185.0,196.1,206.6,215.6,222.9,228.4,229.6,227.5,221.1,213.3,204.3,194.3,183.8,173.0,162.0,154.0,149.2,148.0,149.3,152.2,151.8,148.8,147.5,148.4,152.6,160.9,168.5,176.1,184.0,189.1,190.6,191.8,190.5,188.9,162.0,159.2,159.3,163.0,164.3,164.4,162.7,158.7,158.7,161.4,163.7,163.9,203.9,201.7,200.4,201.4,200.3,201.6,203.4,208.4,210.6,211.2,210.8,208.8,204.2,204.0,204.3,203.8,203.9,205.0,205.6,205.3,-49.8,-49.3,-47.0,-42.8,-34.5,-21.3,-5.2,13.1,31.3,46.9,59.1,70.5,80.3,87.1,91.3,94.3,95.3,-29.0,-17.6,-3.1,11.2,24.0,49.4,60.7,72.1,83.5,91.0,37.0,38.3,39.8,41.2,22.9,30.4,37.8,44.6,50.5,-13.2,-4.2,6.0,14.2,5.6,-4.5,52.1,60.7,70.4,77.4,71.1,61.6,6.2,19.4,30.2,36.4,43.0,51.1,58.2,51.0,43.0,35.9,28.9,18.4,11.2,29.5,36.0,42.7,54.3,42.6,35.9,29.3,-45.0,-24.7,-4.4,15.3,33.8,49.5,61.9,70.6,72.7,70.0,60.3,47.0,30.8,12.4,-6.8,-26.6,-46.7,-55.8,-63.1,-64.7,-62.2,-57.4,-58.8,-64.5,-67.6,-67.1,-60.8,-43.7,-30.9,-18.3,-5.6,2.6,5.0,7.1,5.0,2.3,-42.4,-46.9,-46.9,-40.8,-38.5,-38.3,-42.0,-48.8,-49.2,-45.0,-40.6,-40.1,27.6,23.5,21.1,22.9,21.1,23.7,27.3,35.2,38.4,39.1,38.6,35.4,28.0,27.2,27.8,27.0,27.9,29.1,30.0,29.3,682.4,685.6,689.5,691.8,691.3,688.5,682.4,674.4,674.3,684.2,699.8,712.3,717.7,717.4,715.8,714.5,714.4,650.1,644.2,640.1,636.7,635.1,643.2,651.1,660.4,670.2,680.5,641.2,635.3,629.0,623.1,638.9,637.9,637.7,641.3,645.5,649.8,647.1,647.9,649.7,647.9,647.1,660.1,662.7,666.9,673.4,667.2,663.1,656.0,646.0,642.5,643.9,646.4,655.7,669.5,657.2,649.2,646.2,645.1,648.1,654.0,645.3,646.3,649.4,665.4,649.0,645.9,645.2,0.591,0.188,-0.253,0.033,269.019,185.011,-5.121,9.204,-10.773,14.108,5.226,2.968,-5.733,1.817,3.163,-1.899,-0.136,1.242,-0.059,-1.538,-0.6,-0.346,-0.038,1.189,-1.672,-1.012,0.372,-0.502,-0.083,-0.437,0.2,-0.09,0.067,0.026,-0.096,-0.006,-0.021,0.01,0.008,-0.012,0.23,0.19,0.0,0.31,0.0,0.0,0.06,0.0,0.0,0.0,0.0,0.0,0.0,0.0,0.0,0.0,0.0,0.0,1.0,0.0,0.0,0.0,0.0,0.0,0.0,0.0,0.0,0.0,0.0,0.0,0.0,0.0,0.0,1.0,0.0
PP133,g1,5524,0,0.975,0.208277,0.179,-0.961551,0.049919,0.174152,-0.983453,0.132,0.18,247.1,248.4,251.6,254.7,256.0,254.8,251.5,248.3,242.7,244.8,247.7,251.2,254.6,257.1,258.8,256.8,253.9,250.7,247.6,244.8,250.1,251.5,252.9,253.5,252.9,251.5,250.1,249.6,284.4,285.3,288.0,291.0,292.4,291.4,288.7,285.6,281.4,283.3,286.0,289.2,292.1,294.0,295.2,294.1,292.2,289.7,286.8,283.7,287.0,288.3,289.5,289.9,289.3,288.0,286.8,286.4,160.8,157.6,156.3,157.7,160.9,164.3,165.4,164.0,162.2,160.5,159.3,158.8,159.5,160.9,163.0,164.1,164.5,164.6,164.3,163.6,162.3,162.9,162.3,160.9,159.5,158.9,159.5,160.9,160.6,157.5,156.1,157.3,160.3,163.4,164.8,163.9,162.7,160.7,159.1,158.4,158.8,159.9,161.7,163.0,163.8,164.1,164.1,163.8,161.9,162.4,161.8,160.5,159.1,158.6,159.2,160.6,-3.9,-2.1,2.1,6.2,7.9,6.4,2.0,-2.2,-9.7,-7.0,-3.1,1.5,6.0,9.4,11.8,9.0,5.2,0.9,-3.2,-7.0,0.2,2.0,3.8,4.6,3.8,2.0,0.2,-0.6,47.1,48.5,52.4,56.5,58.5,57.1,53.2,48.7,43.0,45.6,49.2,53.8,58.0,61.1,63.1,61.2,58.2,54.5,50.3,46.2,50.9,52.8,54.5,55.1,54.2,52.4,50.7,50.1,-35.4,-39.7,-41.4,-39.6,-35.3,-30.7,-29.3,-31.1,-33.8,-35.9,-37.3,-37.9,-37.1,-35.3,-32.6,-31.1,-30.5,-30.3,-30.7,-31.8,-33.4,-32.7,-33.4,-35.3,-37.2,-38.0,-37.2,-35.3,-36.9,-41.2,-43.3,-41.7,-37.6,-33.2,-31.2,-32.4,-33.9,-36.8,-38.9,-39.9,-39.5,-38.3,-36.1,-33.9,-32.7,-32.1,-32.1,-32.5,-35.2,-34.5,-35.4,-37.3,-39.1,-39.8,-38.9,-37.0,517.8,518.3,518.7,518.6,518.1,517.8,517.3,517.4,521.7,519.3,517.1,516.1,516.8,518.4,520.1,518.4,516.7,516.2,517.1,519.2,518.5,518.5,518.6,518.8,519.0,519.1,518.9,518.7,535.1,536.2,537.9,539.2,539.4,538.3,536.6,535.5,535.5,534.8,534.7,535.7,538.4,541.9,545.2,541.9,538.6,536.1,534.9,535.0,537.2,537.7,538.5,538.9,538.8,538.3,537.5,537.1,32.8,-3.7,655.3,0.184,-0.193,0.024,221.9,222.2,223.7,226.1,230.8,238.2,247.4,258.0,268.6,277.2,283.4,289.1,294.1,297.8,300.3,302.0,302.6,233.1,239.9,248.6,257.4,265.3,280.5,287.0,293.2,299.2,302.7,273.0,274.1,275.2,276.3,264.5,269.1,273.6,277.6,281.0,242.6,248.0,254.1,259.0,253.9,247.7,281.3,286.3,291.7,295.4,292.1,286.8,254.2,262.2,268.8,272.6,276.5,280.9,284.4,280.7,276.3,272.2,268.0,261.6,257.2,268.4,272.2,276.1,282.3,276.1,272.2,268.2,161.8,173.5,185.0,196.1,206.5,215.5,222.9,228.4,229.7,227.5,221.2,213.4,204.4,194.5,184.0,173.2,162.3,154.1,149.3,148.1,149.4,152.3,152.0,149.0,147.7,148.6,152.9,161.0,168.7,176.3,184.1,189.2,190.7,191.9,190.6,189.0,162.1,159.2,159.4,163.1,164.4,164.5,162.9,158.9,158.9,161.6,163.9,164.1,204.0,201.8,200.4,201.5,200.3,201.7,203.5,208.6,210.9,211.4,211.1,209.0,204.3,204.0,204.4,203.8,204.0,205.2,205.8,205.5,-49.1,-48.8,-46.5,-42.3,-33.9,-20.8,-4.6,13.8,32.0,47.6,59.8,71.2,81.0,87.8,92.1,95.1,96.2,-28.1,-16.7,-2.2,12.1,24.9,50.2,61.6,73.0,84.3,91.8,37.8,39.1,40.6,41.9,23.7,31.1,38.6,45.3,51.3,-12.3,-3.4,6.8,15.0,6.4,-3.7,52.9,61.5,71.2,78.2,72.0,62.4,7.0,20.2,31.0,37.2,43.8,51.8,58.9,51.7,43.7,36.7,29.7,19.2,12.0,30.3,36.8,43.4,55.0,43.4,36.7,30.1,-44.9,-24.6,-4.4,15.2,33.6,49.4,61.8,70.6,72.8,70.1,60.4,47.2,31.1,12.8,-6.4,-26.1,-46.2,-55.6,-62.9,-64.5,-62.0,-57.1,-58.5,-64.2,-67.3,-66.7,-60.3,-43.4,-30.6,-18.1,-5.4,2.8,5.2,7.2,5.2,2.5,-42.2,-46.8,-46.7,-40.6,-38.3,-38.1,-41.6,-48.5,-48.9,-44.7,-40.2,-39.8,27.7,23.6,21.2,23.0,21.2,23.8,27.5,35.6,38.8,39.5,38.9,35.7,28.1,27.3,27.9,27.2,28.1,29.4,30.3,29.7,682.1,685.2,689.0,691.4,690.9,688.1,682.1,674.2,674.3,684.2,699.8,712.2,717.7,717.4,715.8,714.5,714.4,649.6,643.7,639.7,636.3,634.9,642.9,650.9,660.2,670.0,680.3,641.0,635.1,628.8,623.0,638.7,637.8,637.6,641.2,645.4,649.5,646.8,647.6,649.4,647.7,646.9,659.9,662.5,666.8,673.3,667.1,662.9,655.8,645.7,642.2,643.6,646.1,655.4,669.4,657.2,649.2,646.2,645.0,648.0,653.9,645.1,646.1,649.1,665.4,648.9,645.8,645.1,0.591,0.19,-0.255,0.036,269.476,185.133,-4.882,9.086,-10.553,13.727,5.298,2.27,-5.388,2.305,3.233,-1.782,-0.193,0.987,-0.129,-1.703,-0.679,-0.245,0.11,1.23,-1.42,-0.877,0.405,-0.48,-0.11,-0.422,0.151,-0.059,0.047,0.027,-0.097,-0.005,-0.027,0.01,0.008,-0.01,0.09,0.0,0.0,0.54,0.0,0.0,0.0,0.0,0.0,0.08,0.0,0.0,0.0,0.0,0.0,0.0,0.0,0.0,1.0,0.0,1.0,0.0,0.0,0.0,0.0,0.0,0.0,0.0,0.0,0.0,0.0,0.0,0.0,1.0,0.0
PP133,g1,5530,0,0.975,0.211421,0.179801,-0.960715,0.053138,0.173675,-0.983368,0.135,0.18,247.6,249.0,252.1,255.2,256.5,255.4,252.0,248.9,243.2,245.3,248.2,251.7,255.1,257.6,259.3,257.3,254.4,251.2,248.1,245.3,250.6,252.0,253.4,254.0,253.4,252.1,250.7,250.1,284.8,285.8,288.5,291.4,292.8,291.8,289.1,286.0,281.8,283.8,286.4,289.6,292.5,294.4,295.5,294.5,292.6,290.1,287.2,284.1,287.5,288.7,289.9,290.3,289.7,288.4,287.3,286.8,160.5,157.4,156.1,157.5,160.7,164.1,165.1,163.7,161.9,160.2,159.1,158.6,159.3,160.8,162.8,163.9,164.2,164.4,164.1,163.3,162.1,162.7,162.1,160.7,159.3,158.7,159.3,160.7,160.6,157.5,156.2,157.3,160.4,163.5,164.8,163.9,162.7,160.7,159.2,158.4,158.9,160.0,161.8,163.1,163.9,164.2,164.1,163.8,162.0,162.5,161.9,160.5,159.2,158.7,159.3,160.6,-3.2,-1.4,2.8,7.0,8.6,7.1,2.6,-1.5,-9.1,-6.2,-2.4,2.3,6.8,10.1,12.5,9.7,5.9,1.6,-2.5,-6.3,0.9,2.7,4.5,5.3,4.6,2.8,0.9,0.1,47.9,49.3,53.2,57.3,59.2,57.8,53.9,49.5,43.8,46.4,50.0,54.5,58.7,61.8,63.8,61.9,58.9,55.2,51.1,46.9,51.7,53.5,55.2,55.8,55.0,53.2,51.5,50.8,-35.8,-40.1,-41.8,-40.0,-35.6,-31.1,-29.7,-31.5,-34.2,-36.4,-37.7,-38.3,-37.4,-35.6,-32.9,-31.4,-30.8,-30.6,-31.1,-32.2,-33.8,-33.0,-33.8,-35.6,-37.5,-38.3,-37.6,-35.7,-37.0,-41.3,-43.3,-41.8,-37.6,-33.2,-31.3,-32.5,-34.0,-36.9,-38.9,-40.0,-39.5,-38.2,-36.0,-33.9,-32.7,-32.1,-32.2,-32.6,-35.2,-34.6,-35.4,-37.3,-39.2,-39.8,-39.0,-37.1,518.9,519.5,519.8,519.7,519.3,519.0,518.4,518.4,522.8,520.3,518.2,517.2,518.0,519.5,521.3,519.5,517.8,517.3,518.2,520.3,519.6,519.6,519.7,520.0,520.2,520.2,520.1,519.8,536.9,538.0,539.7,541.0,541.2,540.1,538.5,537.2,537.3,536.6,536.5,537.5,540.3,543.8,547.1,543.8,540.4,537.9,536.7,536.8,539.0,539.6,540.3,540.8,540.7,540.1,539.4,538.9,33.2,-3.8,655.5,0.184,-0.198,0.033,222.2,222.4,223.8,226.1,230.7,238.1,247.2,257.8,268.4,277.0,283.2,288.9,294.0,297.8,300.3,302.1,302.8,233.8,240.6,249.4,258.2,266.0,281.0,287.5,293.7,299.6,303.1,273.6,274.6,275.7,276.7,264.9,269.4,273.9,277.9,281.3,243.1,248.5,254.6,259.5,254.4,248.3,281.8,286.7,292.1,295.7,292.5,287.2,254.3,262.4,269.1,272.8,276.7,281.0,284.5,280.8,276.4,272.3,268.1,261.7,257.3,268.6,272.4,276.3,282.4,276.2,272.3,268.4,161.4,173.1,184.6,195.8,206.2,215.3,222.7,228.3,229.6,227.5,221.3,213.5,204.6,194.6,184.2,173.4,162.5,153.7,149.0,147.9,149.2,152.2,151.9,149.0,147.8,148.8,153.1,160.9,168.5,176.1,183.9,189.0,190.5,191.8,190.6,189.0,161.8,159.0,159.2,162.9,164.2,164.2,162.9,158.9,158.9,161.7,164.0,164.1,203.9,201.6,200.3,201.4,200.3,201.7,203.6,208.7,210.9,211.4,211.0,208.9,204.2,203.9,204.3,203.8,204.1,205.2,205.8,205.4,-48.5,-48.3,-46.2,-42.3,-34.0,-21.0,-4.8,13.5,31.7,47.3,59.5,71.0,80.8,87.8,92.3,95.4,96.6,-27.0,-15.5,-1.0,13.3,26.1,51.0,62.5,73.9,85.2,92.5,38.7,40.0,41.3,42.7,24.3,31.7,39.1,45.9,51.8,-11.5,-2.4,7.7,15.8,7.3,-2.9,53.7,62.3,71.9,78.8,72.6,63.1,7.2,20.6,31.4,37.6,44.1,52.1,59.1,51.9,43.9,36.9,29.9,19.4,12.2,30.6,37.1,43.7,55.2,43.6,36.9,30.4,-45.5,-25.2,-5.0,14.6,33.1,48.9,61.4,70.4,72.7,70.1,60.6,47.5,31.4,13.1,-6.1,-25.8,-45.8,-56.2,-63.4,-64.9,-62.3,-57.4,-58.6,-64.2,-67.2,-66.5,-60.0,-43.6,-30.8,-18.3,-5.7,2.5,4.9,7.0,5.0,2.4,-42.6,-47.2,-47.0,-40.8,-38.6,-38.5,-41.7,-48.5,-48.8,-44.5,-40.1,-39.7,27.5,23.3,21.0,22.9,21.1,23.8,27.6,35.7,38.9,39.5,38.9,35.5,27.9,27.1,27.8,27.1,28.2,29.4,30.3,29.6,681.5,684.6,688.4,690.8,690.3,687.6,681.7,674.0,674.3,684.2,699.9,712.4,717.9,717.8,716.4,715.1,715.1,649.2,643.5,639.7,636.5,635.2,643.3,651.4,660.8,670.7,680.9,641.2,635.4,629.1,623.3,638.7,637.8,637.8,641.4,645.7,649.3,646.7,647.6,649.4,647.6,646.7,660.2,662.9,667.2,673.7,667.5,663.3,655.7,645.7,642.2,643.7,646.2,655.6,669.6,657.4,649.4,646.3,645.1,648.0,653.8,645.1,646.1,649.2,665.6,649.1,645.9,645.1,0.591,0.19,-0.262,0.045,269.737,185.056,-5.268,8.992,-10.498,13.7,5.153,1.929,-5.007,1.978,3.25,-1.509,-0.024,1.078,-0.191,-1.775,-0.892,-0.095,0.116,1.193,-1.353,-0.936,0.447,-0.468,-0.047,-0.321,0.141,-0.101,0.041,0.028,-0.098,-0.006,-0.027,0.006,0.005,-0.005,0.0,0.0,0.0,0.86,0.0,0.0,0.0,0.0,0.0,0.16,0.0,0.0,0.0,0.0,0.0,0.0,0.0,0.0,1.0,0.0,1.0,0.0,0.0,0.0,0.0,0.0,0.0,0.0,0.0,0.0,0.0,0.0,0.0,1.0,0.0
PP133,g1,5536,0,0.975,0.209596,0.181756,-0.960747,0.051531,0.175928,-0.983053,0.134,0.182,247.4,248.8,251.9,255.0,256.3,255.2,251.8,248.6,243.0,245.1,248.0,251.5,254.9,257.4,259.1,257.1,254.2,251.0,247.9,245.1,250.4,251.8,253.2,253.8,253.2,251.9,250.5,249.9,284.7,285.7,288.4,291.3,292.7,291.7,289.0,285.8,281.7,283.6,286.3,289.5,292.4,294.3,295.5,294.4,292.5,290.0,287.0,284.0,287.3,288.6,289.8,290.2,289.6,288.3,287.1,286.7,160.7,157.5,156.2,157.6,160.8,164.3,165.3,163.9,162.1,160.3,159.2,158.7,159.4,160.9,163.0,164.0,164.4,164.5,164.2,163.5,162.2,162.8,162.3,160.9,159.5,158.9,159.4,160.8,160.7,157.6,156.3,157.5,160.5,163.6,165.0,164.0,162.9,160.8,159.3,158.6,159.1,160.2,161.9,163.3,164.0,164.3,164.2,163.9,162.1,162.6,162.0,160.7,159.3,158.8,159.4,160.8,-3.4,-1.6,2.6,6.7,8.3,6.8,2.3,-1.8,-9.3,-6.5,-2.6,2.0,6.5,9.9,12.2,9.4,5.6,1.3,-2.8,-6.6,0.6,2.4,4.2,5.0,4.3,2.5,0.6,-0.2,47.6,49.0,52.9,57.0,58.9,57.5,53.6,49.1,43.5,46.1,49.7,54.2,58.4,61.5,63.5,61.6,58.6,54.9,50.7,46.6,51.4,53.2,54.9,55.5,54.7,52.9,51.1,50.5,-35.5,-39.8,-41.5,-39.7,-35.4,-30.8,-29.4,-31.2,-33.9,-36.1,-37.4,-38.0,-37.2,-35.3,-32.6,-31.1,-30.5,-30.3,-30.8,-31.9,-33.5,-32.7,-33.5,-35.3,-37.2,-38.0,-37.3,-35.4,-36.7,-41.0,-43.0,-41.5,-37.3,-32.9,-31.0,-32.2,-33.8,-36.6,-38.6,-39.7,-39.2,-37.9,-35.7,-33.6,-32.4,-31.8,-31.9,-32.3,-35.0,-34.3,-35.1,-37.0,-38.9,-39.5,-38.7,-36.8,517.5,518.0,518.4,518.3,517.8,517.5,517.0,517.0,521.4,518.9,516.7,515.8,516.5,518.1,519.8,518.1,516.4,515.9,516.8,518.9,518.2,518.2,518.3,518.6,518.7,518.8,518.6,518.4,535.5,536.5,538.2,539.5,539.7,538.7,537.0,535.8,535.8,535.1,535.0,536.0,538.7,542.3,545.6,542.3,538.9,536.4,535.2,535.3,537.5,538.1,538.8,539.3,539.2,538.6,537.9,537.4,32.9,-3.5,654.7,0.187,-0.196,0.033,222.1,222.3,223.6,226.0,230.6,237.9,247.1,257.7,268.2,276.9,283.1,288.9,293.9,297.7,300.3,302.1,302.7,233.5,240.3,249.1,257.9,265.8,280.8,287.3,293.6,299.5,303.0,273.4,274.4,275.5,276.5,264.6,269.2,273.7,277.7,281.1,242.9,248.3,254.4,259.3,254.2,248.0,281.6,286.6,292.0,295.6,292.4,287.0,254.1,262.2,268.9,272.6,276.5,280.9,284.3,280.6,276.2,272.0,267.9,261.4,257.1,268.3,272.2,276.1,282.2,276.0,272.1,268.2,161.5,173.2,184.7,195.8,206.3,215.4,222.8,228.4,229.8,227.7,221.4,213.6,204.6,194.6,184.2,173.4,162.5,153.8,149.1,147.9,149.3,152.3,152.0,149.1,147.8,148.8,153.1,161.1,168.7,176.3,184.1,189.2,190.7,192.0,190.7,189.2,162.0,159.1,159.3,163.1,164.4,164.4,163.0,159.1,159.1,161.8,164.2,164.3,204.1,201.9,200.5,201.6,200.5,201.9,203.9,209.0,211.2,211.7,211.4,209.2,204.4,204.2,204.5,204.0,204.3,205.5,206.1,205.7,-48.7,-48.5,-46.4,-42.4,-34.2,-21.2,-5.1,13.2,31.5,47.1,59.3,70.8,80.7,87.6,92.0,95.2,96.4,-27.4,-15.9,-1.4,12.9,25.7,50.7,62.1,73.6,84.9,92.2,38.4,39.6,41.0,42.3,23.9,31.3,38.7,45.5,51.4,-11.8,-2.8,7.3,15.5,6.9,-3.2,53.4,62.0,71.6,78.6,72.3,62.8,6.9,20.2,31.0,37.2,43.8,51.7,58.7,51.5,43.5,36.4,29.5,19.0,11.9,30.3,36.7,43.3,54.8,43.2,36.5,30.0,-45.3,-25.1,-4.9,14.7,33.2,49.0,61.6,70.6,72.9,70.3,60.6,47.5,31.4,13.1,-6.1,-25.7,-45.7,-55.9,-63.2,-64.7,-62.1,-57.2,-58.3,-63.9,-67.0,-66.3,-59.8,-43.3,-30.5,-18.0,-5.4,2.8,5.2,7.3,5.3,2.7,-42.4,-46.9,-46.7,-40.5,-38.3,-38.2,-41.4,-48.2,-48.5,-44.2,-39.8,-39.4,27.9,23.7,21.3,23.2,21.4,24.2,28.0,36.2,39.4,40.0,39.4,36.0,28.3,27.5,28.1,27.5,28.6,29.9,30.7,30.0,680.8,683.9,687.8,690.3,689.8,687.2,681.3,673.6,673.7,683.6,699.2,711.6,717.0,716.7,715.2,713.9,713.8,648.4,642.7,638.7,635.5,634.1,642.3,650.3,659.7,669.5,679.8,640.3,634.5,628.2,622.4,637.9,637.1,637.0,640.6,644.8,648.4,645.8,646.7,648.5,646.8,645.9,659.2,661.9,666.2,672.7,666.5,662.3,655.0,644.9,641.4,642.9,645.4,654.8,668.8,656.7,648.7,645.7,644.5,647.4,653.1,644.3,645.4,648.4,664.8,648.3,645.2,644.5,0.592,0.194,-0.258,0.045,269.57,185.212,-5.566,9.257,-10.683,14.112,5.269,1.437,-5.274,2.043,3.329,-1.397,-0.088,1.07,-0.009,-1.715,-0.997,-0.084,0.239,1.147,-1.424,-0.953,0.39,-0.502,-0.047,-0.397,0.094,-0.081,0.02,0.034,-0.099,-0.004,-0.032,0.007,0.002,-0.007,0.1,0.0,0.0,0.8,0.0,0.0,0.0,0.0,0.0,0.34,0.0,0.0,0.0,0.0,0.0,0.0,0.0,0.0,1.0,0.0,1.0,0.0,0.0,0.0,0.0,0.0,0.0,0.0,0.0,0.0,0.0,0.0,0.0,1.0,0.0
PP133,g1,5542,0,0.975,0.208045,0.180608,-0.9613,0.050426,0.17546,-0.983194,0.132,0.181,246.8,248.1,251.3,254.4,255.7,254.6,251.2,248.1,242.4,244.5,247.4,250.9,254.3,256.9,258.6,256.5,253.6,250.4,247.3,244.5,249.8,251.2,252.6,253.2,252.6,251.3,249.9,249.3,284.1,285.1,287.8,290.7,292.1,291.2,288.5,285.3,281.1,283.1,285.7,288.9,291.8,293.8,295.0,293.9,292.0,289.5,286.5,283.5,286.8,288.1,289.3,289.7,289.1,287.8,286.6,286.2,161.1,157.9,156.6,158.0,161.2,164.6,165.7,164.3,162.5,160.8,159.6,159.1,159.8,161.2,163.3,164.4,164.8,164.9,164.6,163.9,162.6,163.2,162.6,161.2,159.8,159.2,159.8,161.2,160.9,157.7,156.4,157.5,160.6,163.7,165.1,164.2,163.1,160.9,159.4,158.7,159.1,160.2,162.0,163.3,164.1,164.5,164.4,164.1,162.2,162.7,162.1,160.8,159.4,158.9,159.5,160.9,-4.3,-2.5,1.7,5.9,7.5,6.0,1.6,-2.6,-10.1,-7.3,-3.5,1.1,5.7,9.1,11.4,8.6,4.8,0.6,-3.6,-7.3,-0.2,1.6,3.4,4.2,3.5,1.7,-0.2,-1.0,46.6,48.0,51.9,56.0,58.0,56.6,52.7,48.2,42.5,45.1,48.7,53.3,57.5,60.6,62.6,60.7,57.7,54.0,49.8,45.7,50.5,52.3,54.0,54.6,53.7,51.9,50.2,49.6,-34.9,-39.2,-40.9,-39.1,-34.8,-30.2,-28.8,-30.6,-33.3,-35.4,-36.8,-37.4,-36.6,-34.7,-32.1,-30.6,-30.0,-29.7,-30.2,-31.3,-32.9,-32.1,-32.9,-34.8,-36.6,-37.4,-36.7,-34.8,-36.4,-40.7,-42.7,-41.2,-37.1,-32.7,-30.7,-31.9,-33.4,-36.2,-38.3,-39.4,-39.0,-37.7,-35.6,-33.4,-32.2,-31.5,-31.6,-32.0,-34.7,-34.0,-34.9,-36.8,-38.6,-39.3,-38.4,-36.5,516.2,516.7,517.0,516.9,516.4,516.1,515.6,515.7,520.1,517.6,515.4,514.4,515.1,516.7,518.4,516.7,515.0,514.5,515.5,517.6,516.8,516.8,516.9,517.2,517.4,517.4,517.3,517.0,533.5,534.6,536.2,537.6,537.7,536.7,535.0,533.8,533.9,533.2,533.0,534.1,536.8,540.3,543.6,540.3,537.0,534.5,533.3,533.4,535.6,536.1,536.9,537.3,537.2,536.7,535.9,535.5,32.3,-3.1,654.6,0.187,-0.193,0.025,221.6,222.0,223.5,225.9,230.6,238.0,247.1,257.7,268.2,276.9,283.0,288.7,293.8,297.5,299.9,301.7,302.3,232.8,239.6,248.3,257.1,265.0,280.3,286.7,293.0,298.9,302.4,272.8,273.8,275.0,276.1,264.2,268.8,273.4,277.4,280.8,242.3,247.7,253.8,258.8,253.6,247.4,281.1,286.0,291.5,295.1,291.9,286.5,253.9,261.9,268.6,272.3,276.2,280.6,284.1,280.5,276.0,271.9,267.7,261.2,256.9,268.1,271.9,275.8,282.0,275.8,271.9,267.9,162.0,173.7,185.2,196.4,206.8,215.8,223.2,228.7,230.0,227.8,221.5,213.7,204.7,194.7,184.3,173.5,162.5,154.3,149.6,148.3,149.6,152.6,152.2,149.2,147.9,148.8,153.1,161.3,169.0,176.7,184.5,189.6,191.1,192.3,191.1,189.4,162.4,159.5,159.7,163.4,164.7,164.8,163.2,159.2,159.1,161.9,164.2,164.4,204.5,202.2,200.9,201.9,200.8,202.2,204.0,209.2,211.4,212.0,211.6,209.5,204.8,204.5,204.9,204.3,204.5,205.7,206.3,206.0,-49.4,-49.0,-46.7,-42.6,-34.2,-21.1,-5.0,13.3,31.5,47.0,59.1,70.5,80.3,87.1,91.4,94.4,95.4,-28.5,-17.2,-2.8,11.6,24.4,49.7,61.1,72.5,83.8,91.2,37.4,38.7,40.1,41.5,23.3,30.7,38.1,44.9,50.8,-12.8,-3.8,6.3,14.5,6.0,-4.2,52.4,61.0,70.7,77.7,71.5,61.9,6.5,19.7,30.5,36.7,43.2,51.3,58.4,51.2,43.2,36.1,29.2,18.6,11.5,29.8,36.3,42.9,54.5,42.8,36.1,29.6,-44.5,-24.2,-4.0,15.7,34.1,49.8,62.3,71.0,73.3,70.6,60.9,47.6,31.6,13.3,-5.9,-25.5,-45.6,-55.1,-62.4,-64.0,-61.6,-56.7,-58.0,-63.7,-66.8,-66.3,-59.9,-42.9,-30.0,-17.4,-4.7,3.4,5.9,7.9,5.8,3.2,-41.6,-46.2,-46.1,-40.0,-37.7,-37.5,-41.0,-47.9,-48.3,-44.1,-39.6,-39.2,28.4,24.3,21.9,23.8,21.9,24.6,28.2,36.4,39.7,40.4,39.8,36.5,28.8,28.1,28.7,27.9,28.9,30.2,31.1,30.5,681.0,684.2,688.2,690.7,690.2,687.5,681.5,673.7,673.7,683.5,699.2,711.6,716.9,716.4,714.8,713.4,713.3,648.5,642.6,638.5,635.1,633.6,641.8,649.8,659.1,669.0,679.2,639.9,634.1,627.8,622.0,637.8,636.9,636.7,640.3,644.5,648.4,645.7,646.5,648.3,646.6,645.8,658.8,661.5,665.7,672.3,666.1,661.9,655.1,645.0,641.4,642.8,645.3,654.7,668.7,656.5,648.5,645.5,644.4,647.3,653.1,644.3,645.3,648.3,664.6,648.2,645.1,644.4,0.592,0.194,-0.255,0.036,269.203,185.483,-5.247,9.344,-10.658,14.703,5.6,2.15,-5.563,2.703,3.234,-1.499,-0.31,1.102,0.218,-1.695,-0.914,-0.183,0.283,1.159,-1.607,-0.953,0.455,-0.498,-0.028,-0.317,0.153,-0.034,0.001,0.027,-0.098,0.001,-0.031,0.003,0.0,-0.007,0.06,0.1,0.0,0.56,0.0,0.0,0.0,0.0,0.0,0.09,0.0,0.0,0.0,0.0,0.0,0.0,0.0,0.0,1.0,0.0,1.0,0.0,0.0,0.0,0.0,0.0,0.0,0.0,0.0,0.0,0.0,0.0,0.0,1.0,0.0
PP133,g1,5548,0,0.975,0.208424,0.178681,-0.961578,0.050874,0.174087,-0.983415,0.133,0.179,246.4,247.8,251.0,254.1,255.4,254.2,250.9,247.7,242.1,244.1,247.0,250.5,254.0,256.5,258.3,256.2,253.3,250.1,247.0,244.1,249.5,250.9,252.3,252.8,252.3,250.9,249.5,248.9,283.8,284.8,287.5,290.4,291.8,290.9,288.2,285.0,280.8,282.7,285.4,288.6,291.5,293.5,294.7,293.6,291.7,289.2,286.2,283.2,286.5,287.8,289.0,289.4,288.7,287.5,286.3,285.9,161.0,157.7,156.4,157.8,161.0,164.5,165.5,164.2,162.4,160.6,159.5,159.0,159.6,161.1,163.2,164.3,164.6,164.8,164.5,163.8,162.5,163.1,162.5,161.1,159.7,159.1,159.7,161.1,160.7,157.6,156.2,157.4,160.4,163.5,164.9,164.0,162.9,160.8,159.2,158.5,158.9,160.0,161.8,163.2,163.9,164.3,164.2,163.9,162.0,162.5,161.9,160.6,159.2,158.7,159.3,160.7,-4.7,-2.9,1.3,5.4,7.1,5.6,1.1,-3.0,-10.5,-7.8,-3.9,0.7,5.2,8.6,11.0,8.2,4.4,0.1,-4.0,-7.8,-0.7,1.2,3.0,3.8,3.0,1.2,-0.6,-1.4,46.2,47.6,51.5,55.6,57.6,56.2,52.3,47.8,42.1,44.7,48.3,52.8,57.0,60.2,62.2,60.3,57.3,53.6,49.4,45.3,50.0,51.8,53.6,54.2,53.3,51.5,49.8,49.2,-35.1,-39.3,-41.1,-39.3,-35.0,-30.4,-29.0,-30.8,-33.4,-35.6,-36.9,-37.6,-36.8,-34.9,-32.3,-30.7,-30.1,-29.9,-30.3,-31.4,-33.1,-32.3,-33.1,-34.9,-36.8,-37.6,-36.8,-35.0,-36.6,-41.0,-43.0,-41.5,-37.3,-33.0,-31.0,-32.1,-33.6,-36.5,-38.6,-39.7,-39.2,-38.0,-35.8,-33.7,-32.4,-31.8,-31.8,-32.2,-34.9,-34.3,-35.1,-37.0,-38.9,-39.5,-38.6,-36.7,516.0,516.5,516.8,516.7,516.2,516.0,515.4,515.5,519.9,517.4,515.2,514.2,515.0,516.5,518.2,516.5,514.8,514.3,515.3,517.4,516.7,516.6,516.7,517.0,517.2,517.2,517.1,516.9,533.6,534.6,536.3,537.6,537.8,536.8,535.1,533.9,534.0,533.2,533.1,534.2,536.8,540.3,543.7,540.4,537.0,534.5,533.3,533.4,535.6,536.2,536.9,537.4,537.3,536.7,536.0,535.5,31.9,-3.3,654.7,0.186,-0.193,0.023,221.4,221.7,223.2,225.7,230.4,237.8,247.0,257.5,268.1,276.7,282.9,288.5,293.6,297.3,299.7,301.5,302.0,232.5,239.3,248.1,256.9,264.8,279.9,286.3,292.6,298.6,302.1,272.5,273.5,274.7,275.8,264.0,268.5,273.1,277.1,280.5,241.9,247.3,253.5,258.4,253.3,247.1,280.8,285.7,291.2,294.8,291.6,286.2,253.7,261.7,268.3,272.1,275.9,280.4,283.9,280.2,275.8,271.6,267.5,261.0,256.7,267.9,271.7,275.6,281.8,275.6,271.7,267.7,162.0,173.7,185.2,196.3,206.7,215.7,223.1,228.6,229.8,227.7,221.4,213.5,204.5,194.5,184.1,173.3,162.3,154.2,149.5,148.3,149.6,152.5,152.1,149.1,147.8,148.7,153.0,161.2,168.8,176.4,184.2,189.4,190.9,192.1,190.8,189.2,162.3,159.4,159.5,163.3,164.6,164.7,163.0,159.0,159.0,161.7,164.1,164.2,204.4,202.1,200.7,201.7,200.6,202.0,203.8,209.0,211.3,211.8,211.5,209.4,204.6,204.3,204.6,204.1,204.3,205.6,206.2,205.8,-49.9,-49.5,-47.2,-43.0,-34.6,-21.4,-5.3,13.0,31.2,46.7,58.8,70.2,80.0,86.8,91.0,94.0,95.0,-29.0,-17.6,-3.2,11.1,24.0,49.1,60.5,71.9,83.2,90.7,36.8,38.2,39.6,41.0,22.8,30.2,37.7,44.4,50.4,-13.4,-4.4,5.8,14.0,5.4,-4.8,51.9,60.5,70.2,77.2,71.0,61.4,6.2,19.3,30.1,36.3,42.9,50.9,58.0,50.8,42.8,35.8,28.8,18.3,11.2,29.5,35.9,42.5,54.1,42.4,35.8,29.2,-44.5,-24.2,-4.0,15.6,34.0,49.7,62.1,70.9,73.1,70.4,60.6,47.4,31.3,12.9,-6.3,-25.9,-46.0,-55.3,-62.6,-64.2,-61.7,-56.8,-58.2,-63.9,-67.1,-66.5,-60.1,-43.1,-30.3,-17.8,-5.2,3.1,5.5,7.5,5.5,2.8,-41.8,-46.5,-46.3,-40.2,-37.9,-37.7,-41.3,-48.3,-48.7,-44.4,-40.0,-39.5,28.3,24.1,21.6,23.4,21.6,24.2,28.0,36.2,39.5,40.2,39.6,36.3,28.7,27.7,28.3,27.6,28.6,30.0,30.9,30.3,681.4,684.5,688.5,690.9,690.5,687.7,681.8,673.9,673.9,683.7,699.3,711.6,717.0,716.6,715.0,713.7,713.6,648.9,643.0,638.9,635.5,634.1,642.1,650.1,659.4,669.3,679.6,640.2,634.3,627.9,622.1,637.9,637.0,636.8,640.4,644.6,648.8,646.1,646.9,648.7,647.0,646.2,659.1,661.8,666.0,672.6,666.4,662.2,655.3,645.1,641.5,642.9,645.3,654.8,668.8,656.6,648.7,645.7,644.6,647.5,653.3,644.4,645.4,648.4,664.7,648.3,645.3,644.5,0.591,0.192,-0.254,0.034,268.945,185.337,-5.076,9.302,-10.396,14.817,5.493,1.794,-5.397,2.458,3.434,-1.633,0.076,1.058,0.053,-1.796,-1.032,-0.144,0.268,1.06,-1.437,-0.962,0.409,-0.399,-0.082,-0.339,0.13,-0.057,0.027,0.038,-0.099,-0.0,-0.03,0.002,0.004,-0.005,0.08,0.0,0.0,0.59,0.0,0.0,0.02,0.0,0.0,0.23,0.0,0.0,0.0,0.0,0.0,0.0,0.0,0.0,1.0,0.0,1.0,0.0,0.0,0.0,0.0,0.0,0.0,0.0,0.0,0.0,0.0,0.0,0.0,1.0,0.0
PP133,g1,5554,0,0.975,0.208514,0.179266,-0.96145,0.051314,0.17462,-0.983298,0.133,0.18,246.5,247.8,251.0,254.1,255.4,254.3,250.9,247.8,242.1,244.2,247.1,250.6,254.0,256.5,258.3,256.2,253.3,250.1,247.0,244.2,249.5,250.9,252.3,252.9,252.3,250.9,249.6,249.0,283.8,284.8,287.5,290.4,291.8,290.9,288.2,285.0,280.8,282.8,285.4,288.6,291.5,293.5,294.6,293.5,291.7,289.2,286.2,283.2,286.5,287.8,289.0,289.4,288.7,287.5,286.3,285.9,160.8,157.6,156.3,157.7,160.9,164.4,165.4,164.1,162.3,160.5,159.4,158.8,159.5,161.0,163.0,164.1,164.5,164.7,164.4,163.6,162.4,162.9,162.4,161.0,159.6,159.0,159.5,160.9,160.6,157.5,156.1,157.2,160.3,163.4,164.8,163.8,162.8,160.6,159.1,158.4,158.8,159.9,161.6,163.0,163.8,164.1,164.1,163.8,161.9,162.4,161.8,160.4,159.1,158.6,159.2,160.6,-4.7,-2.9,1.3,5.5,7.1,5.7,1.2,-3.0,-10.5,-7.7,-3.9,0.7,5.3,8.7,11.0,8.2,4.4,0.2,-4.0,-7.7,-0.6,1.2,3.0,3.8,3.1,1.3,-0.6,-1.4,46.3,47.7,51.6,55.7,57.7,56.3,52.4,47.9,42.2,44.8,48.4,52.9,57.1,60.3,62.3,60.4,57.4,53.7,49.5,45.4,50.1,51.9,53.6,54.3,53.4,51.6,49.9,49.3,-35.3,-39.6,-41.3,-39.5,-35.2,-30.6,-29.2,-31.0,-33.7,-35.8,-37.2,-37.8,-37.0,-35.2,-32.5,-31.0,-30.4,-30.1,-30.6,-31.7,-33.3,-32.5,-33.3,-35.2,-37.1,-37.9,-37.1,-35.2,-36.9,-41.2,-43.2,-41.7,-37.6,-33.2,-31.2,-32.4,-33.9,-36.7,-38.8,-39.9,-39.5,-38.2,-36.1,-33.9,-32.7,-32.0,-32.1,-32.5,-35.2,-34.5,-35.4,-37.3,-39.1,-39.8,-38.9,-37.0,517.2,517.8,518.1,517.9,517.5,517.2,516.7,516.8,521.2,518.7,516.5,515.5,516.2,517.7,519.5,517.7,516.0,515.6,516.5,518.7,517.9,517.9,518.0,518.2,518.4,518.5,518.3,518.1,534.7,535.7,537.4,538.7,538.9,537.8,536.2,535.0,535.0,534.3,534.2,535.2,537.9,541.4,544.8,541.4,538.1,535.6,534.4,534.5,536.7,537.3,538.0,538.5,538.4,537.8,537.1,536.6,31.9,-3.5,654.8,0.185,-0.194,0.023,221.4,221.8,223.2,225.7,230.4,237.8,246.9,257.5,268.1,276.7,282.9,288.6,293.6,297.3,299.7,301.4,302.0,232.6,239.4,248.1,256.8,264.7,279.9,286.4,292.6,298.5,302.1,272.5,273.5,274.7,275.8,264.0,268.5,273.1,277.1,280.5,242.0,247.4,253.5,258.4,253.3,247.2,280.8,285.7,291.1,294.8,291.6,286.2,253.7,261.7,268.4,272.1,276.0,280.4,283.9,280.3,275.8,271.7,267.5,261.1,256.7,267.9,271.7,275.6,281.8,275.6,271.7,267.7,161.9,173.6,185.1,196.2,206.6,215.6,223.0,228.5,229.8,227.6,221.3,213.4,204.4,194.5,184.0,173.2,162.3,154.1,149.3,148.1,149.4,152.3,151.9,148.9,147.6,148.5,152.8,161.0,168.7,176.3,184.1,189.3,190.8,192.0,190.7,189.1,162.2,159.3,159.4,163.1,164.5,164.6,162.9,158.9,158.8,161.6,163.9,164.1,204.2,202.0,200.5,201.6,200.4,201.8,203.7,208.9,211.1,211.7,211.4,209.3,204.5,204.2,204.5,204.0,204.2,205.5,206.1,205.7,-49.8,-49.5,-47.2,-43.0,-34.6,-21.5,-5.3,13.0,31.2,46.8,58.9,70.3,80.0,86.7,91.0,94.0,94.9,-28.9,-17.5,-3.1,11.1,23.9,49.2,60.5,71.9,83.2,90.6,36.8,38.2,39.6,41.1,22.8,30.2,37.7,44.5,50.4,-13.3,-4.3,5.8,14.0,5.5,-4.7,51.9,60.5,70.2,77.1,70.9,61.4,6.1,19.4,30.2,36.4,42.9,51.0,58.0,50.9,42.9,35.8,28.9,18.3,11.2,29.5,35.9,42.5,54.2,42.5,35.8,29.3,-44.6,-24.4,-4.2,15.4,33.8,49.5,62.0,70.8,72.9,70.2,60.5,47.2,31.1,12.8,-6.4,-26.1,-46.1,-55.5,-62.8,-64.5,-62.0,-57.1,-58.5,-64.2,-67.4,-66.8,-60.4,-43.4,-30.6,-18.0,-5.4,2.9,5.3,7.3,5.3,2.6,-42.1,-46.7,-46.5,-40.5,-38.1,-38.0,-41.6,-48.5,-48.9,-44.6,-40.2,-39.7,28.1,23.9,21.4,23.2,21.4,24.0,27.7,36.0,39.3,40.0,39.4,36.1,28.5,27.6,28.1,27.4,28.4,29.8,30.7,30.1,681.3,684.5,688.4,690.9,690.5,687.7,681.7,673.9,673.9,683.7,699.3,711.7,717.1,716.6,715.0,713.6,713.5,648.9,643.0,639.0,635.7,634.2,642.3,650.3,659.6,669.4,679.5,640.3,634.5,628.1,622.3,638.1,637.2,637.0,640.6,644.8,648.9,646.1,647.0,648.8,647.1,646.3,659.2,661.9,666.1,672.7,666.4,662.3,655.4,645.2,641.6,643.0,645.5,654.9,668.9,656.8,648.7,645.8,644.6,647.6,653.4,644.5,645.5,648.6,664.9,648.4,645.4,644.6,0.591,0.192,-0.255,0.034,268.955,185.214,-5.645,9.328,-10.585,14.726,5.208,1.935,-5.439,2.654,3.212,-1.539,-0.069,1.133,0.041,-1.929,-0.933,-0.152,0.234,1.091,-1.374,-0.95,0.479,-0.42,-0.06,-0.401,0.148,-0.022,0.025,0.04,-0.1,-0.001,-0.028,0.001,0.004,-0.006,0.68,0.15,0.0,0.81,0.0,0.0,0.0,0.0,0.0,0.16,0.0,0.0,0.0,0.0,0.0,0.03,0.0,0.0,1.0,0.0,1.0,0.0,0.0,0.0,0.0,0.0,0.0,0.0,0.0,0.0,0.0,0.0,0.0,1.0,0.0
PP133,g1,5560,0,0.975,0.208464,0.180741,-0.961185,0.051888,0.175775,-0.983062,0.133,0.181,246.6,247.9,251.1,254.2,255.5,254.4,251.0,247.9,242.2,244.3,247.2,250.7,254.1,256.6,258.4,256.3,253.4,250.2,247.1,244.3,249.6,251.0,252.4,253.0,252.4,251.0,249.7,249.1,283.9,284.8,287.6,290.5,291.9,291.0,288.3,285.1,280.9,282.8,285.5,288.7,291.6,293.6,294.7,293.6,291.8,289.3,286.3,283.2,286.6,287.9,289.0,289.4,288.8,287.5,286.4,286.0,160.9,157.7,156.4,157.8,161.0,164.4,165.5,164.1,162.3,160.6,159.4,158.9,159.6,161.0,163.1,164.2,164.6,164.7,164.5,163.7,162.4,163.0,162.5,161.1,159.6,159.1,159.6,161.0,160.6,157.5,156.1,157.3,160.3,163.4,164.8,163.9,162.8,160.7,159.2,158.4,158.9,159.9,161.7,163.1,163.8,164.2,164.1,163.8,162.0,162.5,161.9,160.5,159.2,158.7,159.3,160.6,-4.5,-2.8,1.4,5.6,7.3,5.8,1.3,-2.8,-10.4,-7.6,-3.7,0.9,5.4,8.8,11.1,8.4,4.5,0.3,-3.9,-7.6,-0.5,1.3,3.2,3.9,3.2,1.4,-0.4,-1.2,46.4,47.7,51.6,55.7,57.7,56.3,52.4,48.0,42.3,44.9,48.4,53.0,57.2,60.3,62.3,60.4,57.4,53.8,49.6,45.4,50.2,52.0,53.7,54.3,53.4,51.6,49.9,49.3,-35.2,-39.5,-41.2,-39.4,-35.1,-30.5,-29.1,-30.9,-33.6,-35.7,-37.1,-37.7,-36.9,-35.0,-32.4,-30.8,-30.2,-30.0,-30.5,-31.5,-33.2,-32.4,-33.2,-35.1,-36.9,-37.7,-37.0,-35.1,-36.7,-41.1,-43.1,-41.6,-37.5,-33.1,-31.1,-32.3,-33.8,-36.6,-38.7,-39.8,-39.4,-38.1,-36.0,-33.8,-32.5,-31.9,-31.9,-32.3,-35.0,-34.4,-35.3,-37.2,-39.0,-39.6,-38.8,-36.9,516.8,517.3,517.6,517.5,517.0,516.8,516.2,516.3,520.7,518.2,516.0,515.0,515.8,517.3,519.0,517.3,515.6,515.1,516.1,518.2,517.5,517.4,517.6,517.8,518.0,518.0,517.9,517.7,533.9,535.0,536.6,538.0,538.1,537.1,535.4,534.2,534.3,533.5,533.4,534.5,537.2,540.7,544.0,540.7,537.4,534.9,533.7,533.7,535.9,536.5,537.3,537.7,537.6,537.0,536.3,535.9,32.0,-3.4,654.6,0.189,-0.194,0.023,221.5,221.9,223.3,225.8,230.5,237.9,247.0,257.6,268.1,276.8,282.9,288.6,293.6,297.3,299.8,301.5,302.0,232.7,239.5,248.2,257.0,264.8,280.0,286.4,292.6,298.6,302.2,272.6,273.6,274.8,275.9,264.1,268.6,273.2,277.2,280.6,242.1,247.5,253.6,258.5,253.4,247.2,280.9,285.8,291.2,294.9,291.7,286.3,253.8,261.8,268.4,272.2,276.1,280.5,284.0,280.4,275.9,271.8,267.6,261.1,256.8,268.0,271.8,275.7,281.9,275.7,271.8,267.8,161.9,173.6,185.1,196.2,206.7,215.7,223.1,228.6,229.9,227.8,221.4,213.5,204.5,194.5,184.0,173.2,162.2,154.1,149.4,148.2,149.6,152.5,152.1,149.1,147.7,148.6,152.8,161.2,168.8,176.5,184.4,189.4,190.9,192.2,190.9,189.2,162.2,159.4,159.5,163.2,164.6,164.6,162.9,158.9,158.9,161.6,164.0,164.1,204.4,202.1,200.7,201.8,200.6,202.0,203.8,209.0,211.3,211.8,211.5,209.4,204.7,204.4,204.7,204.1,204.3,205.6,206.2,205.8,-49.6,-49.3,-47.0,-42.8,-34.5,-21.4,-5.3,13.0,31.3,46.8,59.0,70.3,80.0,86.8,91.1,94.0,95.0,-28.7,-17.3,-2.9,11.4,24.1,49.2,60.6,71.9,83.2,90.7,37.0,38.3,39.8,41.2,23.0,30.4,37.8,44.6,50.5,-13.1,-4.2,6.0,14.2,5.6,-4.5,52.1,60.6,70.3,77.2,71.1,61.5,6.3,19.5,30.3,36.5,43.1,51.1,58.2,51.1,43.1,36.0,29.0,18.5,11.3,29.6,36.1,42.7,54.3,42.7,36.0,29.4,-44.6,-24.4,-4.2,15.5,33.9,49.6,62.1,71.0,73.2,70.5,60.7,47.4,31.2,12.8,-6.4,-26.1,-46.1,-55.4,-62.6,-64.2,-61.7,-56.8,-58.2,-63.9,-67.1,-66.6,-60.3,-43.1,-30.3,-17.7,-5.0,3.2,5.6,7.6,5.6,2.9,-41.9,-46.5,-46.4,-40.3,-38.0,-37.8,-41.4,-48.4,-48.8,-44.5,-40.1,-39.6,28.3,24.1,21.7,23.5,21.6,24.2,27.9,36.1,39.4,40.2,39.6,36.3,28.7,27.8,28.4,27.6,28.6,30.0,30.9,30.3,680.8,684.1,688.1,690.7,690.4,687.6,681.7,673.8,673.8,683.6,699.2,711.7,717.0,716.6,714.8,713.3,713.1,648.3,642.5,638.5,635.2,633.8,641.9,649.8,659.0,668.8,679.0,640.0,634.1,627.8,622.1,637.9,636.9,636.8,640.4,644.6,648.4,645.7,646.5,648.3,646.7,645.8,658.9,661.5,665.7,672.3,666.1,661.9,655.2,645.0,641.5,642.8,645.3,654.8,668.7,656.6,648.6,645.6,644.5,647.4,653.2,644.4,645.3,648.4,664.7,648.3,645.2,644.5,0.592,0.195,-0.255,0.035,269.042,185.319,-5.61,9.196,-10.69,14.894,4.911,2.294,-5.242,2.768,3.238,-1.57,0.106,1.201,-0.034,-1.757,-0.949,-0.189,0.252,1.032,-1.36,-0.981,0.414,-0.345,-0.112,-0.374,0.233,-0.034,0.027,0.04,-0.093,-0.002,-0.026,0.003,0.006,-0.007,0.22,0.0,0.0,0.59,0.0,0.0,0.0,0.0,0.0,0.11,0.0,0.0,0.0,0.0,0.0,0.0,0.0,0.0,1.0,0.0,1.0,0.0,0.0,0.0,0.0,0.0,0.0,0.0,0.0,0.0,0.0,0.0,0.0,1.0,0.0
PP133,g1,5566,0,0.975,0.208816,0.179362,-0.961366,0.051271,0.174904,-0.98325,0.133,0.18,246.6,247.9,251.1,254.2,255.5,254.4,251.0,247.8,242.2,244.2,247.2,250.6,254.1,256.6,258.4,256.3,253.4,250.2,247.1,244.3,249.6,251.0,252.4,253.0,252.4,251.0,249.6,249.1,283.9,284.8,287.6,290.5,291.9,291.0,288.3,285.1,280.9,282.8,285.5,288.7,291.6,293.6,294.7,293.7,291.8,289.3,286.3,283.2,286.6,287.9,289.0,289.5,288.8,287.6,286.4,286.0,160.9,157.7,156.4,157.8,161.0,164.5,165.5,164.1,162.3,160.6,159.4,158.9,159.6,161.0,163.1,164.2,164.6,164.7,164.5,163.7,162.4,163.0,162.5,161.1,159.6,159.0,159.6,161.0,160.6,157.5,156.1,157.3,160.3,163.4,164.8,163.9,162.8,160.7,159.1,158.4,158.8,159.9,161.7,163.1,163.8,164.2,164.1,163.8,161.9,162.5,161.8,160.5,159.2,158.6,159.3,160.6,-4.5,-2.8,1.4,5.6,7.3,5.8,1.3,-2.8,-10.4,-7.6,-3.8,0.9,5.4,8.8,11.1,8.4,4.5,0.3,-3.9,-7.6,-0.5,1.3,3.1,3.9,3.2,1.4,-0.5,-1.2,46.3,47.7,51.6,55.7,57.7,56.3,52.4,47.9,42.2,44.8,48.4,52.9,57.1,60.3,62.2,60.4,57.4,53.7,49.5,45.4,50.1,51.9,53.7,54.3,53.4,51.6,49.9,49.3,-35.1,-39.4,-41.1,-39.3,-35.0,-30.4,-29.0,-30.8,-33.5,-35.6,-37.0,-37.6,-36.8,-34.9,-32.3,-30.8,-30.2,-29.9,-30.4,-31.5,-33.1,-32.3,-33.1,-35.0,-36.8,-37.6,-36.9,-35.0,-36.7,-41.1,-43.1,-41.6,-37.4,-33.1,-31.1,-32.2,-33.7,-36.6,-38.7,-39.8,-39.4,-38.1,-35.9,-33.8,-32.5,-31.9,-31.9,-32.3,-35.0,-34.4,-35.2,-37.2,-39.0,-39.6,-38.7,-36.8,515.5,516.1,516.4,516.3,515.8,515.5,515.0,515.1,519.5,517.0,514.8,513.8,514.5,516.0,517.8,516.0,514.4,513.9,514.9,517.0,516.2,516.2,516.3,516.5,516.7,516.8,516.7,516.4,533.4,534.4,536.1,537.4,537.6,536.5,534.9,533.7,533.7,533.0,532.9,533.9,536.6,540.1,543.4,540.1,536.8,534.3,533.1,533.2,535.4,536.0,536.7,537.2,537.1,536.5,535.8,535.3,32.1,-3.4,654.6,0.187,-0.194,0.022,221.5,221.9,223.4,225.9,230.6,238.0,247.1,257.6,268.2,276.8,283.0,288.7,293.7,297.4,299.8,301.5,302.1,232.6,239.4,248.2,257.0,264.9,280.0,286.4,292.7,298.6,302.2,272.6,273.6,274.8,275.9,264.1,268.7,273.2,277.2,280.6,242.1,247.5,253.6,258.6,253.4,247.2,280.9,285.8,291.2,294.9,291.7,286.3,253.9,261.9,268.5,272.2,276.1,280.5,284.0,280.4,276.0,271.8,267.7,261.2,256.9,268.1,271.9,275.8,281.9,275.7,271.8,267.9,162.0,173.7,185.2,196.3,206.7,215.7,223.1,228.6,229.9,227.7,221.3,213.4,204.5,194.5,184.0,173.2,162.3,154.2,149.4,148.2,149.6,152.5,152.1,149.1,147.7,148.6,152.8,161.2,168.8,176.4,184.3,189.4,190.9,192.1,190.8,189.2,162.3,159.4,159.5,163.2,164.6,164.6,162.9,158.9,158.9,161.6,164.0,164.1,204.3,202.1,200.6,201.7,200.5,201.9,203.8,209.0,211.3,211.8,211.5,209.4,204.6,204.3,204.6,204.1,204.2,205.6,206.2,205.8,-49.7,-49.2,-46.9,-42.7,-34.3,-21.2,-5.1,13.2,31.4,46.9,59.1,70.4,80.1,86.9,91.2,94.1,95.1,-28.9,-17.4,-3.0,11.3,24.1,49.2,60.6,72.0,83.3,90.8,37.0,38.3,39.8,41.2,23.1,30.5,37.9,44.7,50.6,-13.2,-4.2,6.0,14.2,5.6,-4.6,52.1,60.6,70.3,77.3,71.1,61.5,6.5,19.7,30.4,36.6,43.1,51.1,58.2,51.1,43.1,36.1,29.2,18.6,11.5,29.8,36.2,42.8,54.3,42.7,36.1,29.6,-44.5,-24.2,-4.0,15.6,34.0,49.7,62.1,70.9,73.1,70.4,60.6,47.3,31.1,12.8,-6.4,-26.1,-46.1,-55.3,-62.6,-64.2,-61.7,-56.8,-58.2,-63.9,-67.1,-66.6,-60.3,-43.1,-30.3,-17.8,-5.2,3.1,5.5,7.5,5.4,2.7,-41.9,-46.5,-46.4,-40.3,-38.0,-37.8,-41.5,-48.4,-48.8,-44.6,-40.1,-39.6,28.3,24.0,21.6,23.3,21.5,24.1,27.8,36.1,39.5,40.2,39.6,36.3,28.6,27.7,28.3,27.5,28.5,30.0,30.9,30.3,681.0,684.3,688.2,690.7,690.4,687.7,681.7,673.9,673.9,683.6,699.2,711.6,716.9,716.5,714.9,713.5,713.3,648.6,642.7,638.6,635.2,633.8,641.8,649.8,659.1,669.0,679.4,639.9,634.1,627.7,621.9,637.7,636.8,636.7,640.3,644.5,648.6,645.8,646.7,648.5,646.8,646.0,658.9,661.6,665.8,672.4,666.2,662.0,655.2,645.0,641.3,642.7,645.2,654.6,668.6,656.5,648.6,645.7,644.5,647.4,653.2,644.3,645.3,648.3,664.6,648.2,645.2,644.4,0.592,0.193,-0.255,0.033,269.075,185.304,-5.131,9.264,-10.345,15.112,5.35,1.84,-5.291,2.674,3.462,-1.766,0.19,1.129,-0.063,-1.822,-0.819,-0.271,0.333,0.947,-1.41,-0.827,0.545,-0.479,-0.139,-0.315,0.161,0.005,0.041,0.031,-0.096,-0.005,-0.027,0.003,0.006,-0.008,0.25,0.0,0.0,0.32,0.0,0.0,0.0,0.0,0.0,0.01,0.0,0.0,0.0,0.0,0.0,0.0,0.0,0.0,1.0,0.0,0.0,0.0,0.0,0.0,0.0,0.0,0.0,0.0,0.0,0.0,0.0,0.0,0.0,1.0,0.0
PP133,g1,5572,0,0.975,0.208176,0.180106,-0.961366,0.051319,0.175604,-0.983122,0.133,0.181,246.7,248.0,251.2,254.3,255.6,254.5,251.1,248.0,242.3,244.4,247.3,250.8,254.2,256.7,258.5,256.4,253.5,250.3,247.2,244.4,249.7,251.1,252.5,253.1,252.5,251.1,249.8,249.2,284.0,284.9,287.6,290.5,292.0,291.0,288.3,285.2,281.0,282.9,285.5,288.8,291.6,293.6,294.8,293.7,291.8,289.3,286.4,283.3,286.6,287.9,289.1,289.5,288.9,287.6,286.4,286.0,160.9,157.7,156.4,157.7,160.9,164.4,165.4,164.1,162.3,160.5,159.4,158.9,159.5,161.0,163.0,164.1,164.5,164.7,164.4,163.7,162.4,163.0,162.4,161.0,159.6,159.0,159.6,161.0,160.6,157.4,156.1,157.2,160.3,163.4,164.8,163.8,162.7,160.6,159.1,158.4,158.8,159.9,161.6,163.0,163.8,164.1,164.0,163.8,161.9,162.4,161.8,160.4,159.1,158.6,159.2,160.6,-4.4,-2.6,1.6,5.7,7.4,5.9,1.5,-2.7,-10.2,-7.5,-3.6,1.0,5.5,8.9,11.3,8.5,4.7,0.4,-3.7,-7.4,-0.3,1.5,3.3,4.1,3.3,1.5,-0.3,-1.1,46.6,47.9,51.8,56.0,57.9,56.5,52.6,48.2,42.5,45.0,48.6,53.2,57.4,60.5,62.5,60.6,57.6,54.0,49.8,45.6,50.4,52.2,53.9,54.5,53.6,51.8,50.1,49.5,-35.3,-39.6,-41.3,-39.5,-35.2,-30.6,-29.2,-31.0,-33.7,-35.8,-37.2,-37.8,-37.0,-35.2,-32.5,-31.0,-30.4,-30.1,-30.6,-31.7,-33.3,-32.5,-33.3,-35.2,-37.1,-37.8,-37.1,-35.2,-36.9,-41.2,-43.3,-41.8,-37.6,-33.2,-31.2,-32.4,-33.9,-36.8,-38.9,-40.0,-39.5,-38.3,-36.1,-34.0,-32.7,-32.1,-32.1,-32.5,-35.2,-34.5,-35.4,-37.3,-39.2,-39.8,-38.9,-37.0,517.6,518.1,518.4,518.3,517.9,517.6,517.0,517.1,521.5,519.1,516.9,515.9,516.6,518.1,519.8,518.1,516.4,515.9,516.9,519.0,518.3,518.2,518.4,518.6,518.8,518.9,518.7,518.5,535.1,536.1,537.8,539.1,539.3,538.2,536.6,535.4,535.4,534.7,534.6,535.6,538.3,541.8,545.1,541.8,538.5,536.0,534.8,534.9,537.1,537.7,538.4,538.8,538.8,538.2,537.5,537.0,32.2,-3.6,655.5,0.188,-0.194,0.023,221.6,222.0,223.4,225.9,230.6,238.0,247.2,257.7,268.3,276.9,283.1,288.7,293.7,297.4,299.8,301.6,302.1,232.8,239.6,248.3,257.0,264.9,280.1,286.5,292.7,298.7,302.2,272.7,273.7,274.8,276.0,264.2,268.8,273.3,277.3,280.7,242.2,247.6,253.7,258.6,253.5,247.4,280.9,285.9,291.3,294.9,291.7,286.4,253.9,262.0,268.6,272.3,276.1,280.5,284.0,280.4,276.0,271.9,267.7,261.3,256.9,268.1,271.9,275.8,281.9,275.7,271.9,268.0,161.8,173.5,185.1,196.2,206.6,215.6,223.0,228.5,229.7,227.6,221.2,213.3,204.3,194.3,183.9,173.1,162.2,154.2,149.4,148.2,149.5,152.4,152.0,149.0,147.7,148.6,152.8,161.1,168.7,176.3,184.1,189.3,190.7,191.9,190.7,189.0,162.2,159.3,159.4,163.2,164.5,164.6,162.9,158.9,158.8,161.6,163.9,164.1,204.3,201.9,200.5,201.6,200.4,201.8,203.7,208.9,211.2,211.7,211.4,209.3,204.5,204.2,204.5,204.0,204.2,205.5,206.1,205.8,-49.5,-49.2,-46.9,-42.6,-34.3,-21.1,-4.9,13.4,31.6,47.2,59.3,70.6,80.3,87.1,91.3,94.3,95.2,-28.5,-17.2,-2.8,11.4,24.2,49.5,60.8,72.2,83.5,90.9,37.2,38.5,40.0,41.4,23.2,30.6,38.0,44.8,50.7,-13.0,-4.0,6.2,14.4,5.8,-4.4,52.3,60.8,70.5,77.4,71.3,61.7,6.6,19.8,30.6,36.7,43.2,51.2,58.3,51.2,43.2,36.2,29.3,18.7,11.6,29.9,36.3,42.8,54.4,42.8,36.2,29.7,-44.8,-24.5,-4.3,15.4,33.8,49.5,62.0,70.8,72.9,70.2,60.4,47.1,30.9,12.6,-6.6,-26.3,-46.3,-55.4,-62.7,-64.4,-61.9,-57.1,-58.5,-64.2,-67.3,-66.7,-60.3,-43.4,-30.6,-18.0,-5.4,2.9,5.3,7.3,5.2,2.6,-42.0,-46.7,-46.6,-40.5,-38.1,-38.0,-41.6,-48.5,-48.9,-44.7,-40.3,-39.8,28.1,23.9,21.4,23.2,21.4,24.0,27.7,36.1,39.4,40.1,39.5,36.2,28.5,27.5,28.1,27.4,28.4,29.9,30.8,30.2,681.8,685.1,689.0,691.5,691.1,688.4,682.5,674.7,674.8,684.6,700.1,712.4,717.7,717.3,715.5,714.1,713.9,649.3,643.5,639.5,636.2,634.8,642.9,650.9,660.1,669.9,680.1,640.9,635.0,628.7,622.9,638.6,637.7,637.6,641.2,645.4,649.3,646.6,647.5,649.3,647.6,646.8,659.8,662.4,666.7,673.2,667.0,662.8,656.1,645.8,642.3,643.6,646.1,655.5,669.6,657.5,649.5,646.6,645.4,648.3,654.1,645.2,646.2,649.2,665.5,649.2,646.1,645.4,0.591,0.194,-0.255,0.034,269.137,185.207,-5.759,9.571,-10.534,14.922,5.183,1.591,-5.225,2.526,3.487,-1.753,-0.074,1.099,0.134,-2.108,-0.972,-0.09,0.352,1.123,-1.371,-0.807,0.501,-0.365,-0.064,-0.334,0.118,-0.023,0.039,0.034,-0.104,0.001,-0.032,-0.001,0.005,-0.003,0.3,0.0,0.0,0.77,0.0,0.0,0.1,0.0,0.0,0.23,0.0,0.0,0.0,0.0,0.0,0.0,0.0,0.0,1.0,0.0,1.0,0.0,0.0,0.0,0.0,0.0,0.0,0.0,0.0,0.0,0.0,0.0,0.0,1.0,0.0
PP133,g1,5578,0,0.975,0.207985,0.179145,-0.961587,0.051153,0.174689,-0.983294,0.132,0.18,246.7,248.0,251.2,254.3,255.6,254.5,251.1,248.0,242.4,244.4,247.3,250.8,254.2,256.7,258.5,256.4,253.5,250.4,247.2,244.4,249.8,251.1,252.5,253.1,252.5,251.2,249.8,249.2,284.0,284.9,287.6,290.5,291.9,291.0,288.3,285.1,281.0,282.9,285.5,288.8,291.6,293.6,294.8,293.7,291.8,289.3,286.3,283.3,286.6,287.9,289.1,289.5,288.9,287.6,286.4,286.0,160.8,157.6,156.3,157.6,160.8,164.3,165.3,164.0,162.2,160.4,159.3,158.8,159.4,160.9,162.9,164.0,164.4,164.6,164.3,163.6,162.3,162.9,162.3,160.9,159.5,158.9,159.5,160.9,160.5,157.3,156.0,157.1,160.2,163.3,164.7,163.7,162.7,160.5,159.0,158.3,158.7,159.8,161.5,162.9,163.7,164.0,163.9,163.7,161.8,162.3,161.7,160.3,159.0,158.5,159.1,160.5,-4.4,-2.6,1.6,5.7,7.4,6.0,1.5,-2.7,-10.2,-7.4,-3.6,1.0,5.5,9.0,11.3,8.5,4.7,0.5,-3.7,-7.4,-0.3,1.5,3.3,4.1,3.4,1.5,-0.3,-1.1,46.6,47.9,51.8,55.9,57.9,56.5,52.6,48.2,42.5,45.0,48.6,53.2,57.4,60.5,62.5,60.6,57.6,54.0,49.8,45.6,50.4,52.2,53.9,54.5,53.6,51.8,50.1,49.5,-35.5,-39.7,-41.5,-39.7,-35.4,-30.8,-29.4,-31.2,-33.8,-36.0,-37.3,-38.0,-37.2,-35.3,-32.7,-31.1,-30.5,-30.3,-30.7,-31.8,-33.5,-32.7,-33.5,-35.3,-37.2,-38.0,-37.2,-35.4,-37.0,-41.4,-43.4,-41.9,-37.8,-33.4,-31.4,-32.6,-34.1,-36.9,-39.0,-40.1,-39.7,-38.4,-36.3,-34.1,-32.9,-32.2,-32.3,-32.7,-35.4,-34.7,-35.6,-37.5,-39.3,-40.0,-39.1,-37.2,518.1,518.6,518.9,518.8,518.4,518.1,517.5,517.6,522.0,519.6,517.4,516.4,517.1,518.6,520.3,518.6,516.9,516.4,517.4,519.5,518.8,518.7,518.9,519.1,519.3,519.4,519.2,519.0,535.2,536.3,537.9,539.2,539.4,538.4,536.7,535.5,535.6,534.8,534.7,535.8,538.5,542.0,545.3,542.0,538.6,536.1,534.9,535.0,537.2,537.8,538.5,539.0,538.9,538.3,537.6,537.1,32.2,-3.7,655.7,0.186,-0.194,0.023,221.7,222.0,223.5,225.9,230.6,238.0,247.1,257.7,268.3,276.9,283.0,288.7,293.7,297.4,299.8,301.6,302.1,232.9,239.6,248.3,257.1,264.9,280.0,286.5,292.7,298.7,302.2,272.6,273.7,274.8,275.9,264.2,268.7,273.3,277.3,280.7,242.2,247.6,253.7,258.6,253.5,247.4,280.9,285.8,291.3,294.9,291.7,286.3,253.9,261.9,268.5,272.3,276.1,280.6,284.1,280.4,276.0,271.8,267.7,261.2,256.9,268.1,271.9,275.8,282.0,275.8,271.9,267.9,161.8,173.5,185.0,196.1,206.5,215.5,222.9,228.4,229.7,227.5,221.2,213.3,204.4,194.4,183.9,173.1,162.1,154.0,149.3,148.1,149.4,152.2,151.8,148.8,147.5,148.5,152.7,160.9,168.6,176.2,184.0,189.2,190.7,191.9,190.6,189.0,162.1,159.2,159.3,163.1,164.4,164.5,162.8,158.8,158.7,161.5,163.8,164.0,204.2,201.9,200.4,201.5,200.4,201.7,203.6,208.8,211.1,211.6,211.3,209.2,204.4,204.1,204.4,203.9,204.1,205.4,206.0,205.6,-49.4,-49.0,-46.8,-42.6,-34.3,-21.2,-5.0,13.3,31.6,47.1,59.2,70.6,80.3,87.1,91.3,94.3,95.3,-28.5,-17.1,-2.8,11.5,24.3,49.4,60.8,72.2,83.5,90.9,37.1,38.5,40.0,41.4,23.2,30.6,38.0,44.8,50.7,-12.9,-4.0,6.2,14.4,5.8,-4.3,52.3,60.8,70.5,77.4,71.2,61.7,6.5,19.7,30.5,36.7,43.3,51.3,58.4,51.2,43.2,36.2,29.2,18.7,11.5,29.8,36.3,42.9,54.5,42.8,36.2,29.6,-44.8,-24.6,-4.4,15.2,33.6,49.3,61.8,70.6,72.8,70.1,60.4,47.1,31.0,12.6,-6.6,-26.3,-46.4,-55.7,-63.0,-64.6,-62.1,-57.3,-58.7,-64.5,-67.6,-67.0,-60.6,-43.6,-30.7,-18.2,-5.5,2.8,5.2,7.2,5.1,2.5,-42.2,-46.8,-46.7,-40.6,-38.3,-38.1,-41.8,-48.7,-49.1,-44.9,-40.5,-39.9,28.0,23.8,21.3,23.1,21.3,23.9,27.6,35.9,39.2,39.9,39.3,36.0,28.4,27.4,28.0,27.3,28.3,29.7,30.6,30.0,681.9,685.0,689.0,691.6,691.1,688.4,682.4,674.6,674.7,684.5,700.1,712.5,717.9,717.6,715.9,714.4,714.2,649.6,643.8,639.8,636.5,635.1,643.1,651.0,660.3,670.0,680.2,641.1,635.3,629.0,623.2,638.9,638.0,637.9,641.4,645.7,649.6,646.9,647.7,649.5,647.9,647.0,660.0,662.6,666.8,673.3,667.1,663.0,656.2,646.0,642.5,643.8,646.3,655.7,669.7,657.6,649.6,646.7,645.6,648.4,654.2,645.4,646.4,649.4,665.7,649.3,646.2,645.5,0.591,0.192,-0.255,0.034,269.136,185.126,-6.056,8.873,-10.694,14.832,5.064,2.008,-5.138,2.642,3.326,-1.441,-0.079,0.955,0.064,-1.946,-1.0,-0.02,0.293,1.129,-1.386,-0.989,0.454,-0.376,-0.071,-0.272,0.117,-0.041,0.019,0.024,-0.097,0.001,-0.032,0.002,0.002,-0.005,0.49,0.08,0.0,0.67,0.0,0.0,0.0,0.0,0.0,0.1,0.0,0.0,0.0,0.0,0.0,0.0,0.0,0.0,1.0,0.0,0.0,0.0,0.0,0.0,0.0,0.0,0.0,0.0,0.0,0.0,0.0,0.0,0.0,1.0,0.0
PP133,g1,5584,0,0.975,0.209544,0.180516,-0.960992,0.051556,0.176614,-0.982929,0.134,0.182,246.6,247.9,251.1,254.2,255.5,254.4,251.0,247.9,242.2,244.3,247.2,250.6,254.1,256.6,258.4,256.3,253.4,250.2,247.1,244.3,249.6,251.0,252.4,253.0,252.4,251.0,249.6,249.1,283.9,284.8,287.5,290.4,291.9,291.0,288.3,285.1,280.9,282.8,285.4,288.7,291.5,293.5,294.7,293.6,291.7,289.3,286.3,283.2,286.6,287.8,289.0,289.4,288.8,287.5,286.3,285.9,160.8,157.6,156.3,157.7,160.9,164.3,165.4,164.0,162.3,160.5,159.4,158.8,159.5,160.9,163.0,164.1,164.5,164.6,164.4,163.6,162.3,162.9,162.4,161.0,159.6,159.0,159.5,160.9,160.4,157.3,155.9,157.1,160.1,163.2,164.6,163.7,162.6,160.5,159.0,158.2,158.7,159.7,161.5,162.8,163.6,164.0,163.9,163.6,161.8,162.3,161.6,160.3,159.0,158.5,159.1,160.4,-4.5,-2.8,1.4,5.6,7.3,5.8,1.3,-2.8,-10.4,-7.6,-3.8,0.8,5.4,8.8,11.1,8.4,4.5,0.3,-3.8,-7.6,-0.5,1.3,3.2,3.9,3.2,1.4,-0.5,-1.2,46.5,47.8,51.7,55.8,57.8,56.5,52.6,48.1,42.4,44.9,48.5,53.1,57.3,60.4,62.4,60.5,57.6,53.9,49.7,45.5,50.3,52.1,53.8,54.4,53.5,51.7,50.0,49.4,-35.3,-39.6,-41.4,-39.6,-35.3,-30.7,-29.3,-31.0,-33.7,-35.8,-37.2,-37.8,-37.1,-35.2,-32.6,-31.1,-30.4,-30.2,-30.6,-31.7,-33.4,-32.6,-33.4,-35.2,-37.1,-37.9,-37.1,-35.3,-37.1,-41.4,-43.5,-42.0,-37.8,-33.5,-31.5,-32.6,-34.1,-36.9,-39.1,-40.2,-39.8,-38.5,-36.4,-34.2,-32.9,-32.3,-32.3,-32.7,-35.4,-34.8,-35.6,-37.6,-39.4,-40.0,-39.1,-37.2,517.4,518.0,518.3,518.2,517.7,517.4,516.9,517.0,521.4,518.9,516.7,515.7,516.4,518.0,519.7,517.9,516.2,515.8,516.7,518.9,518.1,518.1,518.2,518.4,518.6,518.7,518.6,518.3,535.3,536.3,538.0,539.3,539.5,538.4,536.8,535.6,535.6,534.9,534.8,535.8,538.5,542.0,545.3,542.0,538.7,536.2,535.0,535.1,537.3,537.8,538.6,539.0,539.0,538.4,537.7,537.2,32.1,-3.7,655.3,0.188,-0.195,0.021,221.6,221.9,223.4,225.9,230.6,238.0,247.1,257.7,268.3,276.9,283.0,288.6,293.7,297.4,299.8,301.5,302.0,232.7,239.5,248.2,257.0,264.8,279.9,286.4,292.6,298.6,302.1,272.5,273.6,274.8,275.9,264.1,268.7,273.3,277.3,280.7,242.1,247.5,253.6,258.5,253.4,247.3,280.9,285.8,291.2,294.9,291.7,286.3,253.8,261.9,268.6,272.3,276.2,280.6,284.1,280.5,276.0,271.9,267.7,261.2,256.9,268.1,271.9,275.8,282.0,275.8,271.9,267.9,161.9,173.6,185.1,196.2,206.6,215.5,222.9,228.4,229.7,227.5,221.2,213.3,204.4,194.3,183.8,173.0,162.0,154.0,149.4,148.2,149.5,152.3,151.9,148.8,147.5,148.4,152.5,161.0,168.6,176.2,184.1,189.2,190.7,191.9,190.6,189.0,162.2,159.3,159.4,163.1,164.4,164.5,162.7,158.7,158.7,161.4,163.7,163.9,204.2,201.9,200.4,201.5,200.3,201.7,203.5,208.8,211.1,211.7,211.4,209.3,204.5,204.1,204.4,203.9,204.0,205.4,206.1,205.7,-49.5,-49.2,-46.9,-42.7,-34.3,-21.2,-5.0,13.3,31.5,47.1,59.1,70.5,80.2,87.0,91.3,94.2,95.1,-28.7,-17.3,-2.9,11.3,24.1,49.2,60.6,72.0,83.2,90.7,37.0,38.3,39.8,41.3,23.1,30.5,38.0,44.7,50.6,-13.2,-4.2,5.9,14.2,5.6,-4.5,52.1,60.6,70.3,77.3,71.1,61.5,6.5,19.7,30.5,36.7,43.3,51.3,58.4,51.3,43.3,36.2,29.3,18.7,11.5,29.8,36.3,42.9,54.6,42.8,36.2,29.6,-44.6,-24.4,-4.3,15.3,33.7,49.4,61.9,70.7,72.9,70.2,60.4,47.1,31.0,12.6,-6.7,-26.5,-46.6,-55.6,-62.8,-64.4,-61.9,-57.1,-58.6,-64.4,-67.6,-67.1,-60.8,-43.5,-30.7,-18.1,-5.5,2.8,5.2,7.2,5.1,2.4,-42.1,-46.7,-46.6,-40.6,-38.2,-38.0,-41.8,-48.7,-49.2,-45.0,-40.5,-40.0,28.0,23.7,21.3,23.0,21.2,23.8,27.5,35.9,39.2,40.0,39.4,36.1,28.4,27.4,28.0,27.2,28.1,29.8,30.7,30.1,681.2,684.4,688.4,691.0,690.7,688.1,682.2,674.4,674.5,684.3,699.8,712.2,717.6,717.2,715.5,714.1,713.9,649.0,643.2,639.2,635.9,634.5,642.5,650.4,659.7,669.5,679.8,640.6,634.8,628.5,622.8,638.5,637.6,637.4,641.0,645.3,649.1,646.4,647.3,649.1,647.4,646.6,659.5,662.1,666.4,672.9,666.7,662.5,655.9,645.6,642.1,643.5,645.9,655.4,669.4,657.3,649.4,646.4,645.3,648.2,653.9,645.0,646.0,649.0,665.4,649.0,646.0,645.2,0.591,0.194,-0.257,0.033,269.091,185.133,-6.164,8.501,-10.265,14.753,5.098,1.848,-5.105,2.866,3.314,-1.712,0.111,1.006,-0.126,-1.932,-0.945,-0.069,0.179,1.083,-1.413,-0.941,0.523,-0.407,-0.066,-0.31,0.141,-0.018,0.032,0.026,-0.099,-0.002,-0.033,0.0,0.007,-0.005,0.16,0.0,0.0,0.68,0.0,0.0,0.01,0.0,0.0,0.24,0.0,0.0,0.0,0.0,0.0,0.0,0.0,0.0,1.0,0.0,1.0,0.0,0.0,0.0,0.0,0.0,0.0,0.0,0.0,0.0,0.0,0.0,0.0,1.0,0.0
PP133,g1,5590,0,0.975,0.208127,0.179675,-0.961457,0.050593,0.175966,-0.983095,0.132,0.181,246.4,247.8,250.9,254.0,255.3,254.2,250.9,247.7,242.1,244.1,247.0,250.5,253.9,256.5,258.2,256.2,253.3,250.1,247.0,244.2,249.5,250.9,252.2,252.8,252.3,250.9,249.5,248.9,283.8,284.7,287.4,290.3,291.7,290.8,288.1,284.9,280.8,282.7,285.3,288.6,291.4,293.4,294.6,293.5,291.6,289.1,286.1,283.1,286.4,287.7,288.9,289.3,288.7,287.4,286.2,285.8,160.9,157.7,156.4,157.7,160.9,164.4,165.4,164.1,162.3,160.6,159.4,158.9,159.5,161.0,163.0,164.1,164.5,164.7,164.4,163.7,162.4,163.0,162.4,161.0,159.6,159.0,159.6,161.0,160.5,157.4,156.0,157.1,160.2,163.3,164.7,163.8,162.7,160.6,159.0,158.3,158.7,159.8,161.5,162.9,163.7,164.0,164.0,163.7,161.8,162.3,161.7,160.3,159.0,158.5,159.1,160.5,-4.7,-3.0,1.2,5.4,7.1,5.6,1.1,-3.0,-10.6,-7.8,-3.9,0.7,5.2,8.6,10.9,8.2,4.3,0.1,-4.0,-7.8,-0.7,1.1,3.0,3.7,3.0,1.2,-0.7,-1.4,46.3,47.6,51.5,55.7,57.7,56.3,52.4,47.9,42.2,44.8,48.4,52.9,57.1,60.2,62.2,60.4,57.4,53.7,49.5,45.4,50.1,51.9,53.6,54.2,53.4,51.5,49.8,49.2,-35.3,-39.6,-41.3,-39.5,-35.2,-30.6,-29.2,-31.0,-33.6,-35.8,-37.2,-37.8,-37.0,-35.2,-32.6,-31.0,-30.4,-30.1,-30.6,-31.6,-33.3,-32.5,-33.3,-35.2,-37.1,-37.8,-37.1,-35.2,-37.0,-41.4,-43.4,-41.9,-37.8,-33.4,-31.4,-32.6,-34.0,-36.9,-39.0,-40.1,-39.7,-38.4,-36.3,-34.1,-32.9,-32.2,-32.2,-32.6,-35.3,-34.7,-35.6,-37.5,-39.3,-39.9,-39.1,-37.2,517.8,518.3,518.6,518.5,518.0,517.7,517.2,517.3,521.7,519.2,517.0,516.0,516.7,518.3,520.0,518.3,516.6,516.1,517.1,519.2,518.4,518.4,518.5,518.8,519.0,519.0,518.9,518.6,535.3,536.4,538.0,539.4,539.5,538.5,536.8,535.7,535.7,535.0,534.8,535.9,538.6,542.1,545.4,542.1,538.7,536.3,535.1,535.2,537.4,537.9,538.7,539.1,539.0,538.5,537.7,537.3,31.9,-3.6,655.4,0.187,-0.194,0.021,221.5,221.8,223.3,225.8,230.5,237.9,247.0,257.6,268.1,276.7,282.9,288.6,293.6,297.3,299.7,301.4,302.0,232.5,239.2,247.9,256.7,264.6,279.8,286.2,292.5,298.4,302.0,272.4,273.4,274.6,275.7,264.0,268.5,273.1,277.1,280.5,242.0,247.3,253.4,258.4,253.3,247.1,280.7,285.6,291.1,294.7,291.5,286.1,253.8,261.8,268.4,272.1,276.0,280.4,283.9,280.3,275.9,271.7,267.6,261.1,256.8,267.9,271.8,275.6,281.8,275.6,271.7,267.8,161.9,173.6,185.1,196.2,206.6,215.6,223.0,228.5,229.8,227.6,221.2,213.4,204.4,194.4,183.9,173.0,162.0,154.2,149.5,148.2,149.5,152.3,151.9,148.9,147.5,148.5,152.7,161.0,168.7,176.2,184.1,189.2,190.7,191.9,190.6,189.0,162.3,159.3,159.4,163.1,164.5,164.6,162.8,158.8,158.7,161.5,163.8,164.0,204.2,201.9,200.5,201.5,200.4,201.7,203.6,208.9,211.1,211.7,211.4,209.3,204.5,204.1,204.5,203.9,204.1,205.4,206.1,205.7,-49.8,-49.4,-47.0,-42.8,-34.4,-21.3,-5.2,13.1,31.3,46.8,58.9,70.3,80.1,86.8,91.1,94.1,95.0,-29.0,-17.7,-3.4,10.9,23.7,49.0,60.3,71.8,83.1,90.6,36.7,38.1,39.6,41.0,22.9,30.3,37.7,44.5,50.4,-13.4,-4.4,5.7,13.9,5.4,-4.8,51.9,60.4,70.1,77.1,70.9,61.3,6.4,19.5,30.3,36.4,43.0,51.0,58.1,51.0,43.0,36.0,29.1,18.5,11.4,29.6,36.0,42.6,54.2,42.6,35.9,29.4,-44.6,-24.4,-4.3,15.3,33.7,49.4,61.9,70.8,73.0,70.2,60.5,47.2,31.0,12.6,-6.7,-26.4,-46.5,-55.3,-62.7,-64.3,-61.9,-57.1,-58.6,-64.3,-67.5,-66.9,-60.5,-43.4,-30.6,-18.1,-5.5,2.8,5.2,7.2,5.1,2.5,-42.0,-46.6,-46.5,-40.5,-38.1,-37.9,-41.7,-48.7,-49.1,-44.9,-40.4,-39.9,28.1,23.8,21.3,23.1,21.3,23.9,27.6,35.9,39.3,40.0,39.5,36.2,28.5,27.5,28.1,27.3,28.3,29.8,30.7,30.1,681.6,684.8,688.8,691.3,690.9,688.3,682.4,674.6,674.7,684.4,699.9,712.3,717.6,717.3,715.6,714.2,714.0,649.4,643.5,639.5,636.2,634.7,642.8,650.7,659.9,669.7,679.8,640.8,634.9,628.6,622.8,638.6,637.7,637.5,641.1,645.3,649.4,646.6,647.5,649.2,647.6,646.8,659.6,662.2,666.4,673.0,666.8,662.7,656.0,645.8,642.2,643.5,646.0,655.4,669.4,657.4,649.4,646.5,645.4,648.2,654.0,645.1,646.1,649.1,665.4,649.0,646.0,645.3,0.591,0.193,-0.255,0.032,268.95,185.178,-5.828,8.598,-10.47,14.933,5.103,1.701,-5.147,2.584,3.598,-1.834,-0.286,1.14,0.165,-1.983,-0.983,-0.226,0.238,1.111,-1.324,-0.921,0.503,-0.451,-0.005,-0.374,0.149,-0.034,0.042,0.027,-0.103,-0.004,-0.033,0.003,0.006,-0.005,0.28,0.05,0.0,0.31,0.0,0.0,0.0,0.0,0.0,0.1,0.0,0.0,0.0,0.0,0.0,0.0,0.0,0.0,1.0,0.0,1.0,0.0,0.0,0.0,0.0,0.0,0.0,0.0,0.0,0.0,0.0,0.0,0.0,1.0,0.0
PP133,g1,5596,0,0.975,0.207534,0.181461,-0.96125,0.049778,0.177846,-0.982799,0.132,0.183,246.3,247.6,250.8,253.9,255.2,254.1,250.7,247.6,241.9,244.0,246.9,250.4,253.8,256.4,258.1,256.0,253.2,250.0,246.8,244.0,249.4,250.7,252.1,252.7,252.1,250.7,249.4,248.8,283.7,284.6,287.3,290.2,291.7,290.7,288.0,284.9,280.7,282.6,285.2,288.5,291.3,293.3,294.5,293.4,291.5,289.0,286.1,283.0,286.3,287.6,288.8,289.2,288.6,287.3,286.1,285.7,160.8,157.6,156.3,157.7,160.9,164.3,165.4,164.1,162.3,160.5,159.4,158.8,159.5,160.9,163.0,164.1,164.5,164.6,164.4,163.7,162.3,162.9,162.4,161.0,159.6,159.0,159.5,160.9,160.4,157.3,155.9,157.0,160.1,163.2,164.6,163.7,162.6,160.5,158.9,158.2,158.6,159.7,161.4,162.8,163.6,163.9,163.9,163.6,161.7,162.2,161.6,160.2,158.9,158.4,159.0,160.4,-4.9,-3.2,1.0,5.2,6.9,5.4,1.0,-3.2,-10.7,-8.0,-4.1,0.5,5.0,8.4,10.8,8.0,4.2,-0.1,-4.2,-8.0,-0.9,1.0,2.8,3.6,2.8,1.0,-0.8,-1.6,46.1,47.4,51.3,55.4,57.4,56.1,52.2,47.7,42.0,44.5,48.1,52.7,56.9,60.0,62.0,60.1,57.2,53.5,49.3,45.1,49.9,51.7,53.4,54.0,53.1,51.3,49.6,49.0,-35.3,-39.6,-41.3,-39.5,-35.2,-30.6,-29.2,-31.0,-33.6,-35.8,-37.1,-37.8,-37.0,-35.2,-32.6,-31.0,-30.4,-30.1,-30.5,-31.6,-33.3,-32.5,-33.3,-35.2,-37.1,-37.8,-37.1,-35.2,-37.1,-41.4,-43.5,-42.0,-37.8,-33.4,-31.4,-32.6,-34.1,-36.9,-39.0,-40.1,-39.7,-38.5,-36.4,-34.2,-32.9,-32.3,-32.3,-32.7,-35.4,-34.7,-35.6,-37.5,-39.4,-40.0,-39.1,-37.2,516.7,517.2,517.5,517.4,516.9,516.7,516.1,516.2,520.7,518.2,515.9,514.9,515.7,517.2,518.9,517.2,515.5,515.0,516.0,518.1,517.4,517.3,517.5,517.7,517.9,517.9,517.8,517.6,534.3,535.3,537.0,538.3,538.5,537.4,535.8,534.6,534.7,533.9,533.8,534.8,537.5,541.0,544.3,541.0,537.7,535.2,534.0,534.1,536.3,536.9,537.6,538.0,538.0,537.4,536.7,536.2,31.8,-3.7,654.8,0.188,-0.192,0.019,221.3,221.7,223.2,225.8,230.5,238.0,247.1,257.7,268.2,276.8,282.9,288.6,293.6,297.3,299.7,301.4,301.9,232.4,239.2,247.9,256.6,264.5,279.7,286.1,292.4,298.3,302.0,272.3,273.3,274.5,275.6,263.9,268.5,273.0,277.0,280.4,241.8,247.2,253.3,258.3,253.1,247.0,280.6,285.5,291.0,294.7,291.5,286.1,253.7,261.7,268.3,272.1,275.9,280.4,283.9,280.3,275.8,271.7,267.5,261.1,256.7,267.9,271.7,275.6,281.8,275.6,271.7,267.7,161.9,173.6,185.1,196.2,206.6,215.6,223.0,228.5,229.7,227.5,221.2,213.3,204.3,194.2,183.7,172.9,161.9,154.1,149.4,148.1,149.4,152.3,151.8,148.8,147.4,148.3,152.5,161.0,168.6,176.2,184.1,189.2,190.7,191.9,190.6,188.9,162.2,159.3,159.4,163.1,164.5,164.6,162.7,158.7,158.6,161.3,163.7,163.9,204.2,201.9,200.5,201.5,200.3,201.7,203.5,208.8,211.1,211.7,211.4,209.3,204.5,204.1,204.4,203.9,204.0,205.4,206.1,205.7,-50.0,-49.5,-47.2,-42.9,-34.4,-21.2,-5.0,13.2,31.4,46.9,59.0,70.3,80.0,86.7,91.0,93.9,94.8,-29.2,-17.8,-3.5,10.7,23.5,48.8,60.1,71.5,82.8,90.3,36.5,37.9,39.4,40.8,22.7,30.1,37.5,44.3,50.2,-13.6,-4.7,5.5,13.7,5.2,-5.0,51.7,60.2,69.9,76.9,70.7,61.1,6.2,19.3,30.1,36.3,42.9,50.9,58.1,50.9,42.9,35.9,29.0,18.3,11.2,29.5,35.9,42.5,54.2,42.5,35.8,29.3,-44.7,-24.4,-4.2,15.4,33.9,49.6,62.0,70.8,72.9,70.1,60.3,46.9,30.8,12.4,-6.9,-26.6,-46.7,-55.5,-62.8,-64.4,-61.9,-57.1,-58.6,-64.4,-67.6,-67.1,-60.9,-43.5,-30.7,-18.1,-5.4,2.8,5.2,7.2,5.1,2.4,-42.0,-46.6,-46.6,-40.5,-38.2,-38.0,-41.8,-48.8,-49.2,-45.0,-40.6,-40.0,28.1,23.8,21.3,23.1,21.2,23.8,27.4,35.8,39.2,40.0,39.5,36.2,28.4,27.4,28.0,27.2,28.1,29.7,30.7,30.1,681.2,684.5,688.5,691.1,690.7,688.0,682.0,674.2,674.3,684.0,699.5,711.8,717.0,716.5,714.7,713.2,713.0,648.7,642.9,638.8,635.5,634.0,642.0,649.9,659.1,668.9,679.1,640.1,634.3,628.0,622.3,638.1,637.1,637.0,640.6,644.8,648.8,646.1,646.9,648.7,647.0,646.2,659.0,661.6,665.8,672.3,666.2,662.0,655.6,645.3,641.7,643.1,645.5,654.9,668.9,656.9,649.0,646.0,644.9,647.8,653.6,644.7,645.6,648.6,664.9,648.6,645.5,644.8,0.591,0.195,-0.253,0.03,268.891,185.13,-6.173,9.173,-10.345,14.965,5.218,1.938,-5.225,2.917,3.302,-2.029,-0.064,1.072,-0.069,-1.958,-1.005,-0.133,0.184,1.081,-1.402,-0.976,0.564,-0.444,-0.114,-0.374,0.095,0.013,0.034,0.023,-0.104,-0.001,-0.034,0.002,0.004,-0.006,0.24,0.0,0.0,0.35,0.0,0.0,0.0,0.0,0.0,0.35,0.0,0.0,0.0,0.0,0.0,0.0,0.0,0.0,1.0,0.0,1.0,0.0,0.0,0.0,0.0,0.0,0.0,0.0,0.0,0.0,0.0,0.0,0.0,1.0,0.0
PP133,g1,5602,0,0.975,0.20821,0.17929,-0.961511,0.050983,0.17578,-0.983108,0.133,0.181,246.3,247.6,250.8,253.9,255.2,254.1,250.8,247.6,241.9,244.0,246.9,250.4,253.8,256.4,258.1,256.1,253.2,250.0,246.8,244.0,249.4,250.8,252.1,252.7,252.1,250.8,249.4,248.8,283.7,284.6,287.3,290.3,291.7,290.8,288.1,284.9,280.7,282.6,285.3,288.5,291.4,293.4,294.6,293.5,291.6,289.1,286.1,283.1,286.4,287.7,288.9,289.3,288.6,287.3,286.2,285.8,160.8,157.6,156.3,157.6,160.8,164.3,165.4,164.0,162.2,160.5,159.3,158.8,159.4,160.9,162.9,164.0,164.4,164.6,164.3,163.6,162.3,162.9,162.3,160.9,159.5,158.9,159.5,160.9,160.3,157.2,155.8,156.9,160.0,163.1,164.5,163.6,162.5,160.4,158.8,158.1,158.5,159.6,161.3,162.7,163.5,163.9,163.8,163.5,161.6,162.1,161.5,160.2,158.8,158.3,158.9,160.3,-4.9,-3.1,1.0,5.2,6.9,5.5,1.0,-3.2,-10.7,-8.0,-4.1,0.5,5.0,8.4,10.8,8.0,4.2,-0.0,-4.2,-7.9,-0.8,1.0,2.8,3.6,2.8,1.0,-0.8,-1.6,46.0,47.3,51.2,55.4,57.4,56.0,52.1,47.6,41.9,44.5,48.1,52.6,56.8,59.9,61.9,60.1,57.1,53.4,49.2,45.1,49.8,51.6,53.3,53.9,53.1,51.2,49.5,49.0,-35.2,-39.5,-41.3,-39.5,-35.2,-30.6,-29.2,-31.0,-33.6,-35.8,-37.1,-37.8,-37.0,-35.2,-32.6,-31.0,-30.4,-30.1,-30.5,-31.6,-33.3,-32.5,-33.3,-35.2,-37.0,-37.8,-37.0,-35.2,-37.1,-41.5,-43.5,-42.0,-37.9,-33.5,-31.5,-32.6,-34.1,-37.0,-39.1,-40.2,-39.8,-38.6,-36.4,-34.3,-33.0,-32.3,-32.3,-32.7,-35.4,-34.8,-35.7,-37.6,-39.4,-40.0,-39.1,-37.2,515.4,516.0,516.3,516.1,515.7,515.4,514.9,515.0,519.4,516.9,514.7,513.7,514.4,515.9,517.6,515.9,514.2,513.8,514.8,516.9,516.1,516.1,516.2,516.4,516.6,516.7,516.5,516.3,533.0,534.0,535.7,537.0,537.2,536.2,534.5,533.3,533.4,532.6,532.5,533.5,536.2,539.7,543.1,539.7,536.4,533.9,532.7,532.8,535.0,535.6,536.3,536.8,536.7,536.1,535.4,534.9,31.8,-3.7,654.4,0.188,-0.193,0.018,221.4,221.8,223.3,225.8,230.6,237.9,247.1,257.7,268.2,276.8,283.0,288.6,293.6,297.3,299.7,301.4,302.0,232.4,239.1,247.9,256.7,264.6,279.6,286.1,292.4,298.4,302.0,272.3,273.4,274.6,275.7,264.0,268.5,273.1,277.1,280.5,241.8,247.2,253.3,258.3,253.2,247.0,280.7,285.6,291.0,294.7,291.5,286.1,253.8,261.9,268.5,272.2,276.0,280.4,284.0,280.4,275.9,271.8,267.7,261.2,256.8,268.0,271.8,275.7,281.9,275.7,271.8,267.9,161.9,173.6,185.1,196.2,206.6,215.5,222.9,228.4,229.7,227.5,221.1,213.2,204.2,194.2,183.6,172.8,161.8,154.2,149.4,148.2,149.4,152.3,151.8,148.8,147.4,148.3,152.6,160.9,168.6,176.2,184.0,189.2,190.7,191.9,190.6,188.9,162.2,159.2,159.3,163.0,164.4,164.5,162.6,158.6,158.5,161.2,163.6,163.8,204.2,201.9,200.5,201.5,200.3,201.7,203.5,208.8,211.0,211.6,211.3,209.3,204.5,204.1,204.4,203.9,204.0,205.3,206.0,205.6,-49.9,-49.4,-47.0,-42.7,-34.4,-21.2,-5.1,13.2,31.4,47.0,59.0,70.3,80.1,86.8,91.0,93.9,94.8,-29.3,-17.9,-3.5,10.9,23.7,48.6,60.0,71.5,82.9,90.4,36.5,37.9,39.4,40.9,22.8,30.2,37.7,44.4,50.3,-13.6,-4.6,5.5,13.8,5.2,-5.0,51.7,60.2,69.9,76.9,70.7,61.1,6.4,19.6,30.3,36.4,42.9,51.0,58.1,51.0,43.1,36.0,29.2,18.6,11.4,29.7,36.1,42.6,54.2,42.6,36.0,29.5,-44.5,-24.3,-4.2,15.4,33.7,49.4,61.8,70.6,72.7,70.0,60.1,46.8,30.6,12.2,-7.1,-26.8,-46.9,-55.3,-62.6,-64.3,-61.9,-57.1,-58.6,-64.4,-67.6,-67.1,-60.7,-43.5,-30.7,-18.2,-5.5,2.8,5.2,7.1,5.0,2.3,-42.1,-46.7,-46.7,-40.6,-38.2,-38.0,-41.9,-48.9,-49.3,-45.2,-40.7,-40.1,28.1,23.8,21.3,23.1,21.2,23.8,27.4,35.7,39.1,39.8,39.3,36.1,28.4,27.4,28.0,27.2,28.1,29.6,30.5,29.9,680.7,684.0,687.9,690.5,690.2,687.5,681.6,673.8,673.7,683.5,699.0,711.4,716.8,716.4,714.8,713.4,713.1,648.6,642.5,638.4,635.0,633.6,641.5,649.4,658.7,668.6,678.9,639.6,633.8,627.4,621.6,637.5,636.5,636.4,640.0,644.2,648.5,645.7,646.5,648.3,646.6,645.9,658.5,661.2,665.4,672.0,665.8,661.6,655.0,644.8,641.2,642.6,645.0,654.4,668.3,656.3,648.4,645.5,644.4,647.3,653.0,644.2,645.1,648.1,664.3,648.0,645.0,644.3,0.592,0.194,-0.254,0.03,268.945,185.098,-4.938,8.482,-10.45,15.321,5.25,2.003,-5.11,2.564,3.672,-1.782,0.034,1.02,-0.036,-1.923,-1.019,-0.201,0.223,1.028,-1.232,-0.786,0.578,-0.435,-0.126,-0.293,0.068,-0.022,0.038,0.019,-0.107,-0.001,-0.035,0.004,0.007,-0.007,0.12,0.0,0.0,0.83,0.0,0.0,0.0,0.0,0.0,0.06,0.0,0.0,0.0,0.0,0.0,0.0,0.0,0.0,1.0,0.0,1.0,0.0,0.0,0.0,0.0,0.0,0.0,0.0,0.0,0.0,0.0,0.0,0.0,1.0,0.0
PP133,g1,5608,0,0.975,0.208193,0.179516,-0.961473,0.051077,0.175772,-0.983105,0.133,0.181,246.4,247.7,250.9,254.0,255.3,254.2,250.8,247.7,242.0,244.1,247.0,250.4,253.9,256.4,258.2,256.1,253.2,250.1,246.9,244.1,249.4,250.8,252.2,252.8,252.2,250.8,249.5,248.9,283.7,284.7,287.4,290.3,291.7,290.8,288.1,284.9,280.7,282.7,285.3,288.5,291.4,293.4,294.6,293.5,291.6,289.1,286.1,283.1,286.4,287.7,288.9,289.3,288.6,287.4,286.2,285.8,160.7,157.5,156.2,157.6,160.8,164.2,165.3,164.0,162.2,160.4,159.3,158.7,159.4,160.8,162.9,164.0,164.4,164.5,164.3,163.6,162.2,162.8,162.3,160.9,159.4,158.9,159.4,160.8,160.3,157.1,155.8,156.9,159.9,163.1,164.5,163.6,162.5,160.4,158.8,158.0,158.5,159.6,161.3,162.7,163.4,163.8,163.7,163.5,161.6,162.1,161.5,160.1,158.8,158.3,158.9,160.3,-4.8,-3.0,1.1,5.3,7.0,5.5,1.1,-3.1,-10.6,-7.9,-4.0,0.6,5.1,8.5,10.9,8.1,4.3,0.1,-4.1,-7.8,-0.7,1.1,2.9,3.7,2.9,1.1,-0.7,-1.5,46.1,47.5,51.4,55.5,57.5,56.1,52.3,47.8,42.1,44.6,48.2,52.7,57.0,60.1,62.1,60.2,57.3,53.6,49.4,45.2,50.0,51.8,53.5,54.1,53.2,51.4,49.7,49.1,-35.4,-39.7,-41.5,-39.7,-35.4,-30.8,-29.4,-31.1,-33.7,-35.9,-37.3,-37.9,-37.2,-35.3,-32.7,-31.2,-30.5,-30.3,-30.7,-31.8,-33.5,-32.7,-33.5,-35.3,-37.2,-38.0,-37.2,-35.3,-37.2,-41.6,-43.6,-42.2,-38.0,-33.6,-31.6,-32.8,-34.2,-37.1,-39.2,-40.3,-39.9,-38.7,-36.5,-34.4,-33.1,-32.5,-32.5,-32.9,-35.6,-34.9,-35.8,-37.7,-39.5,-40.2,-39.3,-37.4,517.0,517.6,517.9,517.7,517.3,517.0,516.4,516.6,521.0,518.5,516.3,515.3,516.0,517.5,519.2,517.5,515.8,515.3,516.3,518.4,517.7,517.6,517.8,518.0,518.2,518.3,518.1,517.9,534.2,535.2,536.9,538.2,538.4,537.3,535.7,534.5,534.5,533.8,533.7,534.7,537.4,540.9,544.2,540.9,537.6,535.1,533.9,534.0,536.2,536.8,537.5,538.0,537.9,537.3,536.6,536.1,31.9,-3.8,654.7,0.187,-0.193,0.018,221.4,221.8,223.3,225.8,230.6,238.0,247.2,257.7,268.3,276.9,283.0,288.6,293.6,297.3,299.7,301.4,301.9,232.4,239.2,247.9,256.7,264.6,279.7,286.2,292.4,298.4,302.0,272.4,273.4,274.6,275.8,264.0,268.6,273.2,277.2,280.6,241.9,247.3,253.4,258.4,253.2,247.1,280.7,285.6,291.1,294.7,291.5,286.1,253.7,261.8,268.4,272.2,276.1,280.5,284.0,280.4,276.0,271.8,267.6,261.2,256.8,268.0,271.8,275.7,282.0,275.7,271.8,267.8,161.9,173.6,185.1,196.2,206.6,215.6,222.9,228.4,229.6,227.5,221.1,213.2,204.2,194.1,183.6,172.8,161.8,154.2,149.4,148.1,149.4,152.3,151.8,148.7,147.4,148.3,152.5,160.9,168.5,176.2,184.0,189.2,190.6,191.8,190.5,188.9,162.1,159.2,159.3,163.0,164.3,164.5,162.6,158.6,158.5,161.2,163.6,163.8,204.1,201.8,200.4,201.4,200.3,201.6,203.4,208.6,210.9,211.5,211.2,209.1,204.4,204.0,204.4,203.8,203.9,205.2,205.9,205.5,-49.9,-49.4,-47.0,-42.8,-34.3,-21.1,-4.9,13.4,31.6,47.1,59.1,70.4,80.1,86.8,91.0,94.0,94.8,-29.2,-17.8,-3.4,10.9,23.7,48.8,60.2,71.6,82.9,90.5,36.6,38.0,39.6,41.0,22.8,30.3,37.7,44.5,50.4,-13.5,-4.5,5.6,13.9,5.3,-4.8,51.8,60.3,70.0,77.0,70.8,61.2,6.3,19.5,30.3,36.5,43.1,51.1,58.3,51.1,43.1,36.1,29.1,18.5,11.3,29.6,36.1,42.7,54.4,42.7,36.0,29.4,-44.7,-24.4,-4.2,15.4,33.8,49.4,61.9,70.6,72.7,69.9,60.1,46.8,30.6,12.2,-7.1,-26.8,-47.0,-55.4,-62.7,-64.4,-62.0,-57.2,-58.7,-64.5,-67.7,-67.1,-60.8,-43.7,-30.8,-18.2,-5.5,2.7,5.1,7.1,5.0,2.3,-42.2,-46.8,-46.7,-40.7,-38.4,-38.1,-42.0,-49.0,-49.4,-45.2,-40.8,-40.2,27.8,23.7,21.2,23.0,21.1,23.6,27.2,35.5,38.9,39.7,39.1,35.9,28.2,27.3,27.8,27.0,27.9,29.5,30.4,29.8,681.1,684.4,688.4,690.9,690.5,687.8,681.8,673.9,673.9,683.7,699.3,711.7,717.1,716.7,715.0,713.5,713.3,648.8,642.9,638.8,635.5,634.0,641.9,649.9,659.2,669.0,679.3,640.0,634.2,627.8,622.0,637.9,636.9,636.7,640.4,644.6,648.7,646.0,646.8,648.6,646.9,646.1,658.9,661.5,665.7,672.3,666.1,662.0,655.4,645.2,641.6,642.9,645.4,654.8,668.8,656.7,648.7,645.8,644.6,647.6,653.4,644.5,645.4,648.5,664.8,648.4,645.3,644.6,0.592,0.193,-0.254,0.03,268.973,185.044,-5.286,8.895,-10.112,14.92,5.151,2.422,-5.243,2.522,3.52,-1.81,-0.019,0.995,0.106,-1.846,-0.981,-0.111,0.189,1.075,-1.295,-0.907,0.528,-0.432,-0.107,-0.332,0.129,-0.038,0.037,0.017,-0.101,-0.001,-0.032,0.006,0.004,-0.007,0.19,0.0,0.0,0.81,0.0,0.0,0.12,0.0,0.0,0.03,0.0,0.0,0.0,0.0,0.0,0.0,0.0,0.0,1.0,0.0,0.0,0.0,0.0,0.0,0.0,0.0,0.0,0.0,0.0,0.0,0.0,0.0,0.0,1.0,0.0
PP133,g1,5614,0,0.975,0.208311,0.181609,-0.961054,0.050926,0.178171,-0.982681,0.133,0.183,246.4,247.7,250.9,254.0,255.3,254.2,250.9,247.7,242.1,244.1,247.0,250.5,253.9,256.5,258.2,256.2,253.3,250.1,246.9,244.1,249.5,250.9,252.2,252.8,252.2,250.9,249.5,248.9,283.8,284.7,287.4,290.3,291.8,290.9,288.1,285.0,280.8,282.7,285.3,288.6,291.4,293.4,294.6,293.5,291.6,289.1,286.2,283.1,286.4,287.7,288.9,289.3,288.7,287.4,286.2,285.8,160.7,157.5,156.1,157.5,160.7,164.2,165.2,163.9,162.1,160.4,159.2,158.7,159.3,160.7,162.8,163.9,164.3,164.5,164.2,163.5,162.2,162.8,162.2,160.8,159.4,158.8,159.4,160.8,160.2,157.0,155.6,156.8,159.8,162.9,164.3,163.4,162.4,160.2,158.7,157.9,158.4,159.4,161.1,162.5,163.3,163.7,163.6,163.4,161.5,162.0,161.4,160.0,158.7,158.2,158.8,160.2,-4.7,-3.0,1.2,5.4,7.1,5.6,1.1,-3.0,-10.6,-7.8,-4.0,0.6,5.2,8.6,10.9,8.2,4.3,0.1,-4.0,-7.8,-0.7,1.1,3.0,3.7,3.0,1.2,-0.7,-1.4,46.2,47.5,51.4,55.6,57.6,56.2,52.3,47.8,42.1,44.7,48.3,52.8,57.0,60.1,62.2,60.3,57.3,53.6,49.4,45.3,50.0,51.8,53.5,54.1,53.3,51.4,49.7,49.2,-35.5,-39.8,-41.6,-39.8,-35.5,-30.9,-29.5,-31.2,-33.8,-36.0,-37.4,-38.0,-37.3,-35.4,-32.8,-31.3,-30.6,-30.4,-30.8,-31.9,-33.6,-32.8,-33.6,-35.4,-37.3,-38.1,-37.3,-35.4,-37.4,-41.7,-43.8,-42.3,-38.2,-33.8,-31.8,-32.9,-34.4,-37.2,-39.4,-40.5,-40.1,-38.9,-36.7,-34.6,-33.3,-32.6,-32.6,-33.0,-35.7,-35.1,-36.0,-37.9,-39.7,-40.3,-39.4,-37.5,516.9,517.5,517.8,517.6,517.2,516.9,516.4,516.5,520.9,518.4,516.2,515.2,515.9,517.4,519.1,517.4,515.7,515.3,516.3,518.4,517.6,517.6,517.7,517.9,518.1,518.2,518.0,517.8,534.2,535.2,536.9,538.2,538.4,537.3,535.7,534.5,534.5,533.8,533.7,534.7,537.4,540.9,544.2,540.9,537.6,535.1,533.9,534.0,536.2,536.8,537.5,537.9,537.9,537.3,536.6,536.1,32.0,-4.0,654.8,0.19,-0.193,0.017,221.4,221.8,223.4,225.9,230.6,238.0,247.2,257.8,268.4,277.0,283.1,288.8,293.7,297.4,299.8,301.5,302.0,232.5,239.3,248.0,256.7,264.6,279.8,286.2,292.5,298.5,302.1,272.4,273.5,274.6,275.8,264.0,268.6,273.2,277.2,280.6,241.9,247.3,253.4,258.4,253.3,247.1,280.7,285.7,291.1,294.8,291.6,286.2,253.8,261.9,268.5,272.2,276.1,280.5,284.1,280.5,276.0,271.9,267.7,261.2,256.8,268.0,271.9,275.8,282.0,275.8,271.9,267.9,161.8,173.5,185.0,196.1,206.5,215.5,222.8,228.3,229.5,227.3,220.9,213.0,203.9,193.9,183.4,172.6,161.6,154.0,149.3,148.0,149.3,152.2,151.7,148.6,147.3,148.1,152.3,160.8,168.4,176.1,183.9,189.1,190.5,191.7,190.4,188.8,162.0,159.1,159.2,162.9,164.3,164.4,162.5,158.5,158.4,161.1,163.5,163.6,204.0,201.7,200.3,201.3,200.1,201.5,203.3,208.6,210.9,211.4,211.2,209.1,204.3,203.9,204.2,203.7,203.8,205.2,205.8,205.5,-49.8,-49.3,-46.9,-42.7,-34.2,-21.1,-4.9,13.5,31.7,47.2,59.3,70.6,80.3,87.0,91.2,94.1,94.9,-29.1,-17.7,-3.3,10.9,23.7,48.9,60.3,71.7,83.0,90.5,36.7,38.1,39.6,41.1,22.9,30.4,37.8,44.6,50.5,-13.4,-4.4,5.7,13.9,5.4,-4.8,51.8,60.4,70.0,77.0,70.9,61.3,6.4,19.6,30.4,36.6,43.1,51.2,58.3,51.2,43.2,36.2,29.3,18.6,11.4,29.8,36.2,42.8,54.5,42.8,36.1,29.5,-44.8,-24.6,-4.4,15.2,33.6,49.2,61.7,70.4,72.5,69.7,59.8,46.4,30.1,11.7,-7.6,-27.3,-47.4,-55.6,-62.9,-64.5,-62.1,-57.3,-58.9,-64.7,-67.9,-67.4,-61.1,-43.8,-30.9,-18.4,-5.7,2.6,5.0,6.9,4.8,2.1,-42.3,-46.9,-46.9,-40.8,-38.5,-38.2,-42.2,-49.2,-49.6,-45.5,-41.0,-40.4,27.7,23.5,21.0,22.8,20.9,23.4,27.0,35.4,38.8,39.6,39.1,35.8,28.1,27.1,27.7,26.9,27.7,29.3,30.3,29.7,681.0,684.3,688.4,691.0,690.7,688.0,682.1,674.3,674.2,684.0,699.5,711.9,717.2,716.7,714.9,713.4,713.1,648.7,642.7,638.7,635.4,633.9,641.9,649.9,659.1,668.9,679.1,640.0,634.2,627.9,622.2,638.0,637.1,636.9,640.5,644.7,648.7,645.9,646.8,648.6,646.9,646.1,658.9,661.5,665.7,672.3,666.1,662.0,655.6,645.3,641.7,643.1,645.6,655.0,669.0,656.9,648.9,646.0,644.9,647.8,653.6,644.7,645.6,648.6,665.0,648.6,645.5,644.8,0.591,0.196,-0.254,0.029,269.027,184.929,-5.749,9.012,-10.314,14.836,5.032,2.154,-5.316,2.492,3.409,-1.853,0.069,1.099,0.045,-1.942,-0.904,-0.125,0.272,1.018,-1.304,-0.895,0.538,-0.404,-0.159,-0.366,0.096,-0.019,0.039,0.03,-0.103,-0.001,-0.029,0.004,0.006,-0.008,0.32,0.0,0.0,0.34,0.0,0.0,0.02,0.0,0.0,0.09,0.0,0.0,0.0,0.0,0.0,0.0,0.0,0.0,1.0,0.0,0.0,0.0,0.0,0.0,0.0,0.0,0.0,0.0,0.0,0.0,0.0,0.0,0.0,1.0,0.0
PP133,g1,5620,0,0.975,0.209487,0.180163,-0.96107,0.051812,0.176717,-0.982897,0.134,0.182,246.3,247.7,250.8,254.0,255.3,254.2,250.8,247.6,242.0,244.0,246.9,250.4,253.8,256.4,258.2,256.1,253.2,250.0,246.9,244.1,249.4,250.8,252.2,252.7,252.2,250.8,249.4,248.8,283.7,284.6,287.3,290.3,291.7,290.8,288.1,284.9,280.7,282.6,285.3,288.5,291.4,293.4,294.5,293.5,291.6,289.1,286.1,283.1,286.4,287.7,288.9,289.2,288.6,287.3,286.2,285.8,160.8,157.6,156.2,157.6,160.8,164.3,165.3,164.0,162.2,160.5,159.3,158.8,159.4,160.9,162.9,164.0,164.4,164.6,164.3,163.6,162.3,162.9,162.3,160.9,159.5,158.9,159.5,160.9,160.3,157.1,155.7,156.9,159.9,163.0,164.4,163.5,162.5,160.4,158.8,158.0,158.5,159.5,161.3,162.6,163.4,163.8,163.7,163.5,161.6,162.1,161.5,160.1,158.8,158.3,158.9,160.3,-4.8,-3.1,1.1,5.3,7.0,5.5,1.1,-3.1,-10.7,-7.9,-4.1,0.5,5.1,8.5,10.8,8.1,4.3,0.0,-4.1,-7.9,-0.8,1.0,2.9,3.6,2.9,1.1,-0.8,-1.5,46.1,47.4,51.3,55.5,57.5,56.1,52.2,47.7,42.0,44.6,48.2,52.7,56.9,60.0,62.1,60.2,57.2,53.5,49.3,45.2,49.9,51.7,53.4,54.0,53.2,51.3,49.6,49.1,-35.3,-39.6,-41.4,-39.6,-35.3,-30.7,-29.3,-31.1,-33.7,-35.8,-37.2,-37.9,-37.1,-35.3,-32.7,-31.1,-30.5,-30.2,-30.6,-31.7,-33.4,-32.6,-33.4,-35.3,-37.1,-37.9,-37.1,-35.3,-37.2,-41.6,-43.6,-42.2,-38.0,-33.6,-31.6,-32.8,-34.2,-37.1,-39.2,-40.3,-39.9,-38.7,-36.6,-34.4,-33.1,-32.5,-32.5,-32.9,-35.6,-34.9,-35.8,-37.7,-39.5,-40.2,-39.3,-37.4,516.5,517.0,517.3,517.2,516.8,516.5,515.9,516.1,520.5,518.0,515.8,514.8,515.5,517.0,518.7,517.0,515.3,514.9,515.8,517.9,517.2,517.1,517.3,517.5,517.7,517.8,517.6,517.4,534.1,535.1,536.8,538.1,538.3,537.2,535.6,534.4,534.4,533.7,533.6,534.6,537.3,540.8,544.1,540.8,537.5,535.0,533.8,533.9,536.1,536.7,537.4,537.8,537.8,537.2,536.5,536.0,31.9,-3.9,654.6,0.188,-0.195,0.017,221.3,221.7,223.3,225.8,230.6,238.0,247.2,257.8,268.4,277.0,283.1,288.7,293.7,297.4,299.7,301.4,301.9,232.3,239.1,247.8,256.6,264.5,279.7,286.1,292.4,298.4,302.0,272.3,273.4,274.6,275.8,264.0,268.6,273.2,277.2,280.6,241.9,247.2,253.4,258.3,253.2,247.0,280.7,285.6,291.0,294.7,291.5,286.1,253.8,261.9,268.5,272.2,276.1,280.5,284.1,280.5,276.1,271.9,267.8,261.3,256.8,268.0,271.9,275.8,282.0,275.8,271.9,267.9,161.9,173.6,185.1,196.2,206.6,215.5,222.9,228.4,229.6,227.3,220.9,213.0,204.0,194.0,183.5,172.7,161.7,154.2,149.4,148.1,149.4,152.3,151.8,148.7,147.4,148.2,152.5,160.9,168.5,176.1,184.0,189.1,190.6,191.8,190.5,188.8,162.2,159.2,159.3,163.0,164.4,164.5,162.6,158.6,158.5,161.2,163.6,163.7,204.1,201.8,200.4,201.4,200.2,201.5,203.3,208.6,210.9,211.4,211.2,209.1,204.4,204.0,204.3,203.8,203.8,205.2,205.8,205.5,-50.0,-49.5,-47.1,-42.8,-34.4,-21.2,-4.9,13.4,31.7,47.2,59.2,70.5,80.2,86.9,91.1,93.9,94.8,-29.3,-18.0,-3.6,10.7,23.6,48.8,60.1,71.5,82.9,90.4,36.6,38.0,39.6,41.1,22.9,30.3,37.8,44.6,50.5,-13.5,-4.6,5.6,13.8,5.3,-4.9,51.7,60.3,69.9,76.9,70.8,61.2,6.4,19.6,30.4,36.6,43.1,51.2,58.3,51.2,43.3,36.2,29.3,18.7,11.4,29.8,36.2,42.8,54.4,42.8,36.1,29.6,-44.7,-24.4,-4.3,15.3,33.7,49.3,61.8,70.5,72.6,69.7,59.9,46.5,30.3,11.9,-7.4,-27.1,-47.2,-55.3,-62.7,-64.4,-62.0,-57.2,-58.7,-64.5,-67.7,-67.3,-60.9,-43.6,-30.8,-18.3,-5.6,2.7,5.1,7.0,4.9,2.2,-42.1,-46.7,-46.7,-40.6,-38.3,-38.0,-42.0,-49.0,-49.4,-45.3,-40.8,-40.2,27.8,23.6,21.1,22.9,21.0,23.5,27.1,35.4,38.8,39.6,39.1,35.8,28.2,27.2,27.8,27.0,27.8,29.3,30.3,29.7,681.0,684.2,688.2,690.7,690.4,687.7,681.8,673.9,673.9,683.8,699.4,711.8,717.2,716.7,715.0,713.5,713.3,648.7,642.7,638.6,635.3,633.8,641.9,649.8,659.1,668.9,679.2,639.9,634.1,627.7,622.0,637.8,636.8,636.7,640.3,644.5,648.6,645.8,646.6,648.4,646.8,646.0,658.9,661.5,665.7,672.3,666.1,661.9,655.3,645.0,641.4,642.8,645.3,654.7,668.8,656.6,648.5,645.6,644.5,647.4,653.3,644.4,645.3,648.4,664.7,648.2,645.2,644.4,0.592,0.193,-0.256,0.028,268.983,185.007,-4.788,8.918,-10.339,14.705,5.038,2.11,-5.453,2.576,3.515,-1.858,-0.154,1.135,0.119,-1.896,-0.959,-0.188,0.256,1.027,-1.349,-0.871,0.557,-0.485,-0.164,-0.378,0.108,-0.024,0.022,0.034,-0.109,-0.001,-0.034,0.002,0.003,-0.008,0.27,0.02,0.0,0.53,0.0,0.0,0.01,0.0,0.0,0.14,0.0,0.0,0.0,0.0,0.0,0.0,0.0,0.0,1.0,0.0,1.0,0.0,0.0,0.0,0.0,0.0,0.0,0.0,0.0,0.0,0.0,0.0,0.0,1.0,0.0
PP133,g1,5626,0,0.975,0.209596,0.17962,-0.961148,0.051667,0.176425,-0.982957,0.134,0.181,246.3,247.6,250.8,253.9,255.2,254.1,250.7,247.6,242.0,244.0,246.9,250.4,253.8,256.4,258.1,256.1,253.2,250.0,246.8,244.0,249.4,250.7,252.1,252.7,252.1,250.8,249.4,248.8,283.7,284.6,287.3,290.2,291.6,290.7,288.0,284.8,280.7,282.6,285.2,288.4,291.3,293.3,294.5,293.4,291.5,289.0,286.1,283.0,286.3,287.6,288.8,289.2,288.6,287.3,286.1,285.7,160.9,157.7,156.4,157.8,161.0,164.4,165.5,164.1,162.4,160.6,159.5,158.9,159.6,161.0,163.1,164.2,164.6,164.7,164.5,163.8,162.4,163.0,162.4,161.0,159.6,159.1,159.6,161.0,160.5,157.3,156.0,157.1,160.1,163.2,164.6,163.7,162.7,160.5,159.0,158.2,158.7,159.7,161.5,162.8,163.6,164.0,163.9,163.6,161.8,162.3,161.7,160.3,159.0,158.5,159.1,160.5,-4.9,-3.2,1.0,5.2,6.9,5.4,1.0,-3.2,-10.7,-8.0,-4.1,0.5,5.0,8.4,10.8,8.0,4.2,-0.0,-4.2,-7.9,-0.8,1.0,2.8,3.6,2.8,1.0,-0.8,-1.6,46.2,47.5,51.4,55.6,57.5,56.2,52.3,47.8,42.1,44.7,48.2,52.8,57.0,60.1,62.1,60.3,57.3,53.6,49.4,45.3,50.0,51.8,53.5,54.1,53.3,51.4,49.7,49.1,-35.2,-39.5,-41.2,-39.5,-35.2,-30.6,-29.1,-30.9,-33.5,-35.7,-37.1,-37.7,-36.9,-35.1,-32.5,-30.9,-30.3,-30.1,-30.5,-31.5,-33.2,-32.5,-33.2,-35.1,-37.0,-37.8,-37.0,-35.1,-37.1,-41.4,-43.5,-42.0,-37.9,-33.5,-31.5,-32.6,-34.1,-36.9,-39.1,-40.2,-39.8,-38.5,-36.4,-34.2,-33.0,-32.3,-32.3,-32.7,-35.4,-34.8,-35.7,-37.6,-39.4,-40.0,-39.1,-37.2,517.5,518.0,518.3,518.2,517.8,517.5,517.0,517.1,521.5,519.0,516.8,515.8,516.5,518.0,519.8,518.0,516.3,515.9,516.8,518.9,518.2,518.2,518.3,518.5,518.7,518.8,518.6,518.4,535.8,536.8,538.5,539.8,540.0,538.9,537.3,536.1,536.1,535.4,535.3,536.3,539.0,542.5,545.8,542.5,539.2,536.7,535.5,535.6,537.8,538.4,539.1,539.5,539.5,538.9,538.2,537.7,31.8,-3.6,655.2,0.186,-0.195,0.019,221.4,221.8,223.2,225.7,230.5,237.9,247.0,257.6,268.2,276.8,282.9,288.5,293.6,297.3,299.7,301.4,301.9,232.5,239.2,247.9,256.7,264.5,279.6,286.1,292.3,298.3,301.9,272.3,273.3,274.5,275.7,263.9,268.5,273.1,277.1,280.5,241.8,247.2,253.3,258.3,253.1,247.0,280.6,285.5,291.0,294.6,291.4,286.1,253.8,261.8,268.4,272.2,276.0,280.5,284.0,280.4,276.0,271.8,267.7,261.2,256.8,268.0,271.8,275.7,281.9,275.7,271.8,267.8,162.1,173.7,185.2,196.3,206.6,215.6,223.0,228.5,229.7,227.6,221.2,213.4,204.4,194.3,183.8,173.0,162.0,154.2,149.5,148.3,149.5,152.4,151.9,148.9,147.5,148.4,152.6,161.0,168.7,176.3,184.1,189.3,190.7,191.9,190.6,189.0,162.3,159.4,159.5,163.2,164.5,164.6,162.8,158.8,158.7,161.4,163.8,163.9,204.3,201.9,200.5,201.5,200.3,201.7,203.5,208.8,211.0,211.6,211.3,209.3,204.5,204.1,204.4,203.9,204.0,205.4,206.0,205.7,-49.9,-49.5,-47.2,-42.9,-34.5,-21.4,-5.2,13.1,31.4,46.9,59.0,70.3,80.0,86.8,91.0,93.9,94.8,-29.1,-17.7,-3.4,10.9,23.6,48.7,60.1,71.5,82.8,90.4,36.5,37.9,39.4,40.9,22.8,30.2,37.7,44.4,50.3,-13.6,-4.6,5.5,13.8,5.2,-5.0,51.7,60.2,69.9,76.9,70.7,61.2,6.3,19.6,30.3,36.5,43.0,51.1,58.2,51.1,43.1,36.1,29.2,18.6,11.4,29.7,36.1,42.7,54.3,42.7,36.0,29.5,-44.3,-24.1,-4.0,15.5,33.8,49.5,61.9,70.8,72.9,70.2,60.4,47.2,31.0,12.6,-6.8,-26.6,-46.7,-55.3,-62.6,-64.2,-61.8,-57.0,-58.5,-64.3,-67.5,-67.0,-60.7,-43.4,-30.6,-18.1,-5.4,2.9,5.3,7.2,5.1,2.4,-41.9,-46.5,-46.4,-40.4,-38.1,-37.8,-41.8,-48.7,-49.1,-45.0,-40.5,-40.0,28.1,23.9,21.3,23.1,21.2,23.8,27.4,35.8,39.1,39.9,39.4,36.1,28.5,27.5,28.0,27.2,28.1,29.7,30.6,30.0,681.3,684.5,688.5,691.1,690.8,688.1,682.2,674.4,674.5,684.3,699.8,712.3,717.7,717.4,715.7,714.3,714.0,649.2,643.3,639.3,636.0,634.6,642.5,650.4,659.7,669.5,679.7,640.6,634.8,628.4,622.7,638.4,637.4,637.3,641.0,645.2,649.3,646.5,647.4,649.1,647.5,646.7,659.5,662.1,666.3,672.9,666.7,662.5,655.8,645.6,642.0,643.4,645.8,655.2,669.3,657.2,649.2,646.2,645.1,648.0,653.8,644.9,645.9,648.9,665.3,648.8,645.8,645.0,0.591,0.192,-0.257,0.03,268.918,185.175,-5.269,8.157,-10.429,14.774,4.921,1.937,-5.095,2.791,3.296,-1.835,0.048,1.042,-0.125,-2.06,-0.937,-0.173,0.096,0.938,-1.235,-0.909,0.587,-0.32,-0.083,-0.367,0.072,0.012,0.027,0.019,-0.104,0.0,-0.035,-0.001,0.008,-0.004,0.01,0.0,0.0,0.4,0.0,0.0,0.0,0.0,0.0,0.13,0.0,0.0,0.0,0.0,0.0,0.0,0.0,0.0,1.0,0.0,1.0,0.0,0.0,0.0,0.0,0.0,0.0,0.0,0.0,0.0,0.0,0.0,0.0,1.0,0.0
PP133,g1,5632,0,0.975,0.208268,0.179317,-0.961494,0.050198,0.175847,-0.983137,0.132,0.181,246.2,247.6,250.7,253.8,255.1,254.0,250.7,247.5,241.9,243.9,246.8,250.3,253.7,256.3,258.0,256.0,253.1,249.9,246.8,244.0,249.3,250.7,252.0,252.6,252.1,250.7,249.3,248.7,283.6,284.5,287.2,290.2,291.6,290.7,288.0,284.8,280.6,282.5,285.2,288.4,291.3,293.3,294.4,293.4,291.5,289.0,286.0,283.0,286.3,287.6,288.7,289.1,288.5,287.2,286.1,285.7,161.0,157.8,156.5,157.8,161.0,164.5,165.5,164.2,162.4,160.7,159.5,159.0,159.6,161.1,163.1,164.2,164.6,164.8,164.5,163.8,162.5,163.1,162.5,161.1,159.7,159.1,159.7,161.1,160.5,157.4,156.0,157.2,160.2,163.3,164.7,163.8,162.7,160.6,159.1,158.3,158.7,159.8,161.5,162.9,163.7,164.0,164.0,163.7,161.8,162.3,161.7,160.4,159.1,158.5,159.2,160.5,-5.0,-3.2,0.9,5.1,6.8,5.4,0.9,-3.3,-10.8,-8.1,-4.2,0.4,4.9,8.3,10.7,7.9,4.1,-0.1,-4.3,-8.0,-0.9,0.9,2.7,3.5,2.7,0.9,-0.9,-1.7,46.1,47.4,51.3,55.4,57.4,56.1,52.2,47.7,42.0,44.6,48.1,52.7,56.9,60.0,62.0,60.1,57.2,53.5,49.3,45.1,49.9,51.7,53.4,54.0,53.1,51.3,49.6,49.0,-35.1,-39.4,-41.2,-39.4,-35.1,-30.5,-29.1,-30.8,-33.5,-35.6,-37.0,-37.6,-36.9,-35.0,-32.4,-30.9,-30.2,-30.0,-30.4,-31.5,-33.2,-32.4,-33.2,-35.0,-36.9,-37.7,-36.9,-35.1,-37.0,-41.3,-43.4,-41.9,-37.7,-33.3,-31.3,-32.5,-34.0,-36.8,-38.9,-40.0,-39.6,-38.4,-36.2,-34.1,-32.8,-32.2,-32.2,-32.6,-35.3,-34.6,-35.5,-37.4,-39.2,-39.9,-39.0,-37.1,517.3,517.8,518.1,518.0,517.6,517.3,516.7,516.9,521.3,518.8,516.6,515.6,516.3,517.8,519.5,517.8,516.1,515.7,516.6,518.7,518.0,517.9,518.1,518.3,518.5,518.5,518.4,518.2,535.2,536.3,537.9,539.2,539.4,538.3,536.7,535.5,535.6,534.9,534.7,535.7,538.4,541.9,545.2,541.9,538.6,536.1,534.9,535.0,537.2,537.8,538.5,539.0,538.9,538.3,537.6,537.1,31.8,-3.6,655.6,0.186,-0.193,0.018,221.3,221.7,223.2,225.7,230.5,237.9,247.1,257.7,268.2,276.8,282.9,288.6,293.6,297.3,299.7,301.4,301.9,232.4,239.1,247.8,256.5,264.4,279.6,286.1,292.3,298.3,301.9,272.2,273.3,274.4,275.6,263.9,268.4,273.0,277.0,280.4,241.8,247.1,253.2,258.2,253.1,246.9,280.6,285.5,290.9,294.6,291.4,286.0,253.7,261.7,268.3,272.0,275.9,280.4,283.9,280.3,275.8,271.7,267.6,261.1,256.7,267.9,271.7,275.6,281.8,275.6,271.7,267.8,162.1,173.8,185.3,196.4,206.7,215.7,223.0,228.5,229.7,227.5,221.1,213.2,204.3,194.3,183.8,173.0,162.0,154.3,149.6,148.3,149.6,152.4,152.0,148.9,147.6,148.5,152.7,161.1,168.7,176.3,184.2,189.3,190.8,192.0,190.7,189.0,162.3,159.4,159.5,163.2,164.6,164.7,162.8,158.8,158.8,161.5,163.8,164.0,204.3,202.0,200.5,201.6,200.4,201.7,203.5,208.7,211.0,211.6,211.3,209.2,204.5,204.2,204.5,203.9,204.0,205.3,206.0,205.6,-50.1,-49.7,-47.3,-43.0,-34.5,-21.3,-5.1,13.2,31.4,47.0,59.0,70.4,80.1,86.9,91.1,94.0,94.8,-29.4,-18.0,-3.6,10.6,23.4,48.7,60.1,71.5,82.8,90.4,36.4,37.8,39.4,40.8,22.7,30.1,37.5,44.3,50.3,-13.7,-4.8,5.4,13.6,5.1,-5.1,51.6,60.2,69.8,76.9,70.7,61.1,6.2,19.4,30.2,36.3,42.9,50.9,58.1,50.9,43.0,35.9,29.0,18.4,11.2,29.5,35.9,42.5,54.2,42.5,35.9,29.3,-44.3,-24.1,-3.9,15.7,34.1,49.7,62.1,70.8,72.9,70.1,60.2,47.0,30.8,12.4,-6.8,-26.5,-46.5,-55.3,-62.5,-64.2,-61.8,-57.0,-58.5,-64.2,-67.4,-66.9,-60.6,-43.3,-30.5,-18.0,-5.3,3.0,5.4,7.3,5.2,2.5,-41.8,-46.5,-46.4,-40.4,-38.0,-37.8,-41.7,-48.6,-49.0,-44.9,-40.4,-39.9,28.1,23.9,21.4,23.2,21.3,23.9,27.5,35.7,39.1,39.8,39.3,36.1,28.5,27.6,28.1,27.3,28.2,29.6,30.5,29.9,682.2,685.4,689.4,691.9,691.5,688.7,682.7,674.8,674.8,684.6,700.2,712.6,717.9,717.5,715.8,714.4,714.2,649.7,643.8,639.8,636.4,634.9,642.9,650.9,660.1,669.9,680.1,641.0,635.1,628.8,623.0,638.8,637.8,637.7,641.3,645.5,649.7,647.0,647.8,649.5,647.9,647.1,659.9,662.5,666.7,673.3,667.0,662.9,656.3,646.0,642.4,643.8,646.2,655.6,669.7,657.5,649.5,646.5,645.4,648.4,654.3,645.4,646.3,649.3,665.6,649.1,646.1,645.4,0.591,0.192,-0.253,0.029,268.861,185.2,-5.032,9.055,-10.502,14.546,5.306,2.126,-5.534,2.631,3.266,-1.877,0.037,1.16,0.069,-2.084,-0.885,-0.142,0.115,0.973,-1.224,-0.976,0.54,-0.409,-0.073,-0.364,0.065,-0.022,0.029,0.029,-0.112,-0.002,-0.032,0.002,0.004,-0.003,0.19,0.0,0.0,0.44,0.0,0.0,0.0,0.0,0.0,0.3,0.0,0.0,0.0,0.0,0.0,0.0,0.0,0.0,1.0,0.0,1.0,0.0,0.0,0.0,0.0,0.0,0.0,0.0,0.0,0.0,0.0,0.0,0.0,1.0,0.0
PP133,g1,5638,0,0.975,0.207286,0.177902,-0.961969,0.0489,0.174286,-0.98348,0.131,0.179,246.1,247.4,250.6,253.7,255.0,253.9,250.5,247.4,241.7,243.8,246.7,250.2,253.6,256.2,257.9,255.9,253.0,249.8,246.6,243.8,249.2,250.5,251.9,252.5,251.9,250.5,249.2,248.6,283.5,284.4,287.1,290.0,291.5,290.6,287.8,284.7,280.5,282.4,285.0,288.3,291.1,293.2,294.3,293.2,291.4,288.8,285.9,282.8,286.1,287.4,288.6,289.0,288.4,287.1,285.9,285.5,160.9,157.7,156.4,157.7,160.9,164.4,165.5,164.1,162.3,160.6,159.4,158.9,159.5,161.0,163.0,164.1,164.5,164.7,164.4,163.7,162.4,163.0,162.4,161.0,159.6,159.0,159.6,161.0,160.5,157.3,155.9,157.1,160.1,163.2,164.6,163.7,162.7,160.5,159.0,158.2,158.7,159.7,161.5,162.9,163.6,164.0,163.9,163.6,161.8,162.3,161.7,160.3,159.0,158.5,159.1,160.5,-5.2,-3.4,0.8,4.9,6.6,5.2,0.7,-3.5,-11.0,-8.2,-4.4,0.2,4.7,8.2,10.5,7.7,3.9,-0.3,-4.5,-8.2,-1.1,0.7,2.5,3.3,2.6,0.7,-1.1,-1.9,45.8,47.1,51.0,55.2,57.2,55.8,51.9,47.4,41.7,44.3,47.9,52.4,56.6,59.8,61.8,59.9,56.9,53.2,49.0,44.9,49.6,51.5,53.2,53.8,52.9,51.1,49.4,48.8,-35.2,-39.5,-41.2,-39.4,-35.2,-30.6,-29.1,-30.9,-33.5,-35.7,-37.1,-37.7,-36.9,-35.1,-32.5,-30.9,-30.3,-30.0,-30.5,-31.5,-33.2,-32.5,-33.2,-35.1,-37.0,-37.8,-37.0,-35.1,-37.0,-41.3,-43.4,-41.9,-37.8,-33.4,-31.4,-32.5,-34.0,-36.9,-39.0,-40.1,-39.7,-38.4,-36.3,-34.1,-32.9,-32.2,-32.2,-32.6,-35.3,-34.7,-35.5,-37.5,-39.3,-39.9,-39.0,-37.1,516.6,517.1,517.4,517.3,516.8,516.5,516.0,516.1,520.5,518.0,515.8,514.8,515.5,517.1,518.8,517.1,515.4,514.9,515.9,518.0,517.3,517.2,517.3,517.6,517.8,517.8,517.7,517.5,534.4,535.4,537.1,538.4,538.6,537.5,535.9,534.7,534.8,534.0,533.9,534.9,537.6,541.1,544.4,541.1,537.8,535.3,534.1,534.2,536.4,537.0,537.7,538.1,538.1,537.5,536.8,536.3,31.6,-3.7,655.9,0.184,-0.19,0.017,221.2,221.6,223.1,225.7,230.5,237.9,247.1,257.6,268.1,276.7,282.9,288.5,293.5,297.2,299.6,301.3,301.8,232.2,238.9,247.7,256.4,264.4,279.4,285.9,292.2,298.2,301.8,272.1,273.1,274.3,275.4,263.7,268.3,272.8,276.9,280.3,241.6,247.0,253.1,258.1,252.9,246.8,280.4,285.4,290.8,294.5,291.3,285.9,253.6,261.6,268.2,271.9,275.7,280.2,283.7,280.1,275.7,271.6,267.4,261.0,256.6,267.7,271.6,275.4,281.7,275.4,271.5,267.6,162.1,173.7,185.3,196.3,206.7,215.6,222.9,228.4,229.5,227.4,221.0,213.2,204.3,194.3,183.8,173.0,162.0,154.2,149.5,148.2,149.5,152.4,151.9,148.9,147.5,148.4,152.7,161.0,168.6,176.2,184.0,189.2,190.7,191.9,190.6,188.9,162.3,159.4,159.4,163.1,164.5,164.6,162.8,158.8,158.7,161.4,163.8,163.9,204.2,201.9,200.4,201.5,200.3,201.6,203.5,208.6,210.9,211.4,211.1,209.1,204.4,204.1,204.4,203.8,203.9,205.2,205.8,205.5,-50.4,-49.9,-47.4,-43.1,-34.6,-21.3,-5.1,13.2,31.4,46.8,58.9,70.3,80.0,86.7,91.0,93.9,94.8,-29.7,-18.3,-3.8,10.5,23.3,48.4,59.8,71.3,82.7,90.3,36.2,37.6,39.1,40.6,22.4,29.9,37.3,44.1,50.0,-14.0,-5.0,5.2,13.4,4.9,-5.3,51.4,60.0,69.7,76.7,70.5,60.9,6.0,19.2,29.9,36.1,42.6,50.7,57.9,50.7,42.7,35.7,28.8,18.3,11.0,29.3,35.7,42.3,54.0,42.3,35.6,29.1,-44.5,-24.2,-4.0,15.7,34.0,49.6,62.0,70.6,72.6,69.9,60.1,46.9,30.8,12.5,-6.8,-26.5,-46.6,-55.4,-62.7,-64.4,-61.9,-57.1,-58.6,-64.3,-67.5,-67.0,-60.7,-43.5,-30.7,-18.2,-5.5,2.8,5.2,7.1,5.0,2.4,-42.0,-46.7,-46.6,-40.5,-38.2,-37.9,-41.8,-48.8,-49.2,-45.0,-40.5,-40.0,28.0,23.8,21.3,23.0,21.2,23.7,27.4,35.5,38.8,39.6,39.1,35.9,28.4,27.4,27.9,27.1,28.0,29.4,30.3,29.7,683.0,686.2,690.1,692.5,692.0,689.1,683.0,675.1,675.1,684.8,700.4,712.7,718.1,717.8,716.2,714.8,714.7,650.5,644.5,640.3,636.9,635.3,643.1,651.1,660.4,670.2,680.6,641.4,635.5,629.1,623.3,639.1,638.2,638.0,641.6,645.8,650.3,647.6,648.3,650.0,648.4,647.7,660.2,662.9,667.1,673.6,667.4,663.3,656.6,646.4,642.8,644.1,646.5,655.9,669.8,657.7,649.7,646.8,645.7,648.7,654.6,645.7,646.6,649.6,665.8,649.4,646.4,645.7,0.59,0.19,-0.251,0.028,268.739,185.123,-4.596,9.008,-10.542,14.661,5.66,2.292,-5.261,2.618,3.333,-1.966,0.061,1.015,-0.118,-1.873,-0.998,-0.167,0.068,1.056,-1.332,-0.856,0.52,-0.46,-0.093,-0.361,0.046,-0.009,0.029,0.031,-0.106,-0.004,-0.032,0.003,0.005,-0.006,0.6,0.16,0.0,0.73,0.0,0.0,0.06,0.0,0.0,0.23,0.0,0.0,0.0,0.0,0.0,0.0,0.0,0.0,1.0,0.0,1.0,0.0,0.0,0.0,0.0,0.0,0.0,0.0,0.0,0.0,0.0,0.0,0.0,1.0,0.0
PP133,g1,5644,0,0.975,0.207628,0.179544,-0.96159,0.049101,0.17588,-0.983186,0.131,0.181,246.2,247.5,250.6,253.8,255.1,254.0,250.6,247.5,241.8,243.9,246.8,250.2,253.6,256.2,258.0,255.9,253.0,249.8,246.7,243.9,249.2,250.6,252.0,252.5,252.0,250.6,249.2,248.7,283.5,284.4,287.1,290.0,291.5,290.6,287.8,284.7,280.5,282.4,285.0,288.3,291.1,293.1,294.3,293.2,291.3,288.8,285.9,282.8,286.2,287.4,288.6,289.0,288.4,287.1,285.9,285.5,160.9,157.7,156.4,157.7,160.9,164.4,165.4,164.1,162.3,160.6,159.4,158.9,159.5,161.0,163.0,164.1,164.5,164.7,164.4,163.7,162.4,163.0,162.4,161.0,159.6,159.0,159.6,161.0,160.5,157.4,156.0,157.1,160.1,163.2,164.6,163.7,162.6,160.5,159.0,158.3,158.7,159.8,161.5,162.9,163.6,164.0,163.9,163.6,161.8,162.3,161.7,160.3,159.0,158.5,159.1,160.5,-5.1,-3.3,0.8,5.0,6.7,5.3,0.8,-3.4,-10.9,-8.2,-4.3,0.3,4.8,8.2,10.6,7.8,4.0,-0.2,-4.4,-8.1,-1.0,0.8,2.6,3.4,2.6,0.8,-1.0,-1.8,46.0,47.3,51.2,55.4,57.3,56.0,52.1,47.6,41.9,44.5,48.0,52.6,56.8,59.9,61.9,60.1,57.1,53.4,49.2,45.0,49.8,51.6,53.3,53.9,53.0,51.2,49.5,48.9,-35.3,-39.6,-41.4,-39.6,-35.3,-30.7,-29.2,-31.0,-33.6,-35.8,-37.2,-37.8,-37.0,-35.2,-32.6,-31.0,-30.4,-30.2,-30.6,-31.7,-33.4,-32.6,-33.3,-35.2,-37.1,-37.9,-37.1,-35.2,-37.1,-41.5,-43.5,-42.0,-37.8,-33.5,-31.5,-32.6,-34.1,-37.0,-39.1,-40.2,-39.8,-38.5,-36.4,-34.2,-33.0,-32.3,-32.3,-32.7,-35.4,-34.8,-35.6,-37.6,-39.4,-40.0,-39.1,-37.2,518.2,518.8,519.1,518.9,518.5,518.2,517.7,517.8,522.2,519.7,517.5,516.5,517.2,518.7,520.5,518.7,517.1,516.6,517.6,519.7,518.9,518.9,519.0,519.2,519.4,519.5,519.4,519.1,536.0,537.1,538.7,540.0,540.2,539.1,537.5,536.3,536.4,535.7,535.5,536.6,539.2,542.7,546.0,542.7,539.4,536.9,535.7,535.9,538.0,538.6,539.3,539.8,539.7,539.1,538.4,538.0,31.6,-3.8,656.2,0.185,-0.191,0.018,221.3,221.6,223.1,225.7,230.4,237.9,247.0,257.6,268.1,276.7,282.9,288.5,293.5,297.2,299.6,301.3,301.8,232.3,239.0,247.7,256.4,264.2,279.5,286.0,292.2,298.2,301.8,272.1,273.1,274.3,275.4,263.7,268.3,272.9,276.9,280.3,241.7,247.1,253.2,258.1,253.0,246.9,280.5,285.4,290.8,294.5,291.3,285.9,253.6,261.6,268.2,271.9,275.8,280.2,283.8,280.2,275.7,271.6,267.5,261.0,256.6,267.8,271.6,275.5,281.7,275.5,271.6,267.7,162.0,173.6,185.1,196.2,206.6,215.5,222.9,228.3,229.5,227.3,221.0,213.2,204.2,194.2,183.8,173.0,162.1,154.1,149.4,148.2,149.4,152.3,151.8,148.8,147.5,148.4,152.6,161.0,168.6,176.2,184.0,189.2,190.7,191.8,190.5,188.9,162.3,159.4,159.4,163.1,164.5,164.6,162.8,158.8,158.7,161.4,163.8,163.9,204.1,201.8,200.4,201.4,200.3,201.6,203.4,208.6,210.8,211.4,211.1,209.1,204.4,204.0,204.4,203.8,203.9,205.2,205.8,205.5,-50.3,-49.8,-47.4,-43.2,-34.7,-21.4,-5.2,13.1,31.3,46.9,59.0,70.3,80.1,86.8,91.0,93.9,94.8,-29.5,-18.1,-3.8,10.4,23.2,48.7,60.0,71.4,82.7,90.2,36.3,37.7,39.2,40.6,22.5,29.9,37.4,44.2,50.1,-13.8,-4.9,5.3,13.5,5.0,-5.2,51.5,60.0,69.7,76.7,70.5,60.9,6.0,19.2,30.0,36.2,42.7,50.8,58.0,50.8,42.8,35.8,28.9,18.3,11.0,29.4,35.8,42.4,54.1,42.4,35.7,29.2,-44.6,-24.4,-4.2,15.4,33.8,49.5,61.9,70.6,72.7,69.9,60.1,46.8,30.7,12.4,-6.8,-26.4,-46.5,-55.6,-62.8,-64.5,-62.1,-57.3,-58.8,-64.5,-67.6,-67.1,-60.9,-43.5,-30.7,-18.2,-5.6,2.8,5.2,7.1,5.0,2.3,-42.0,-46.7,-46.6,-40.6,-38.2,-38.0,-41.8,-48.7,-49.2,-45.0,-40.6,-40.0,27.9,23.7,21.2,23.0,21.1,23.6,27.2,35.5,38.8,39.6,39.1,35.9,28.3,27.4,27.9,27.1,27.9,29.4,30.3,29.7,683.0,686.2,690.2,692.7,692.2,689.4,683.3,675.4,675.4,685.1,700.7,713.1,718.4,718.0,716.3,714.9,714.7,650.5,644.6,640.5,637.1,635.6,643.6,651.6,660.8,670.5,680.6,641.7,635.9,629.5,623.7,639.5,638.6,638.4,642.0,646.2,650.4,647.7,648.5,650.2,648.6,647.8,660.6,663.2,667.4,673.9,667.7,663.6,656.9,646.7,643.1,644.4,646.9,656.2,670.3,658.1,650.0,647.1,646.0,649.0,654.9,646.0,647.0,650.0,666.2,649.7,646.7,646.0,0.59,0.191,-0.251,0.029,268.761,185.084,-5.226,9.15,-10.677,14.307,5.256,2.135,-5.521,3.023,3.161,-1.805,-0.265,1.232,0.021,-2.1,-0.792,-0.215,0.052,1.053,-1.356,-0.979,0.617,-0.493,-0.127,-0.351,0.034,0.011,0.032,0.028,-0.115,-0.003,-0.032,0.004,0.005,-0.007,0.28,0.0,0.0,0.55,0.0,0.0,0.17,0.0,0.0,0.16,0.0,0.0,0.0,0.0,0.0,0.0,0.0,0.0,1.0,0.0,0.0,0.0,0.0,0.0,0.0,0.0,0.0,0.0,0.0,0.0,0.0,0.0,0.0,1.0,0.0
PP133,g1,5650,0,0.975,0.208674,0.179503,-0.961371,0.049906,0.175863,-0.983149,0.132,0.181,246.2,247.5,250.7,253.8,255.1,254.0,250.7,247.5,241.9,243.9,246.8,250.3,253.7,256.2,258.0,255.9,253.1,249.9,246.8,244.0,249.3,250.6,252.0,252.6,252.0,250.7,249.3,248.7,283.5,284.4,287.2,290.1,291.5,290.6,287.9,284.7,280.6,282.5,285.1,288.3,291.2,293.2,294.3,293.2,291.3,288.9,285.9,282.9,286.2,287.5,288.6,289.0,288.4,287.1,286.0,285.6,161.0,157.8,156.5,157.8,161.0,164.5,165.5,164.2,162.4,160.7,159.5,159.0,159.6,161.1,163.1,164.2,164.6,164.8,164.5,163.8,162.5,163.1,162.5,161.1,159.7,159.1,159.7,161.1,160.6,157.5,156.1,157.2,160.2,163.4,164.7,163.8,162.7,160.7,159.1,158.4,158.8,159.9,161.6,163.0,163.7,164.1,164.0,163.7,161.9,162.4,161.8,160.4,159.1,158.6,159.2,160.6,-5.0,-3.3,0.9,5.1,6.8,5.3,0.9,-3.3,-10.9,-8.1,-4.2,0.4,4.9,8.3,10.7,7.9,4.1,-0.2,-4.3,-8.1,-1.0,0.9,2.7,3.5,2.7,0.9,-0.9,-1.7,46.2,47.5,51.4,55.6,57.5,56.2,52.3,47.8,42.1,44.7,48.2,52.8,57.0,60.1,62.2,60.3,57.3,53.6,49.4,45.2,50.0,51.8,53.5,54.1,53.3,51.4,49.7,49.1,-35.3,-39.6,-41.3,-39.5,-35.2,-30.7,-29.2,-31.0,-33.6,-35.8,-37.1,-37.8,-37.0,-35.2,-32.6,-31.0,-30.4,-30.1,-30.6,-31.6,-33.3,-32.5,-33.3,-35.2,-37.1,-37.9,-37.1,-35.2,-37.1,-41.4,-43.5,-42.0,-37.8,-33.4,-31.4,-32.6,-34.1,-36.9,-39.0,-40.1,-39.7,-38.5,-36.3,-34.2,-32.9,-32.3,-32.3,-32.7,-35.4,-34.7,-35.6,-37.5,-39.3,-40.0,-39.1,-37.2,519.4,520.0,520.3,520.2,519.7,519.5,518.9,519.0,523.4,520.9,518.7,517.7,518.4,520.0,521.7,520.0,518.3,517.8,518.8,520.9,520.2,520.1,520.2,520.5,520.7,520.7,520.6,520.3,537.8,538.9,540.5,541.8,542.0,540.9,539.3,538.1,538.2,537.5,537.3,538.3,541.0,544.5,547.8,544.5,541.2,538.7,537.5,537.6,539.8,540.4,541.1,541.6,541.5,540.9,540.2,539.7,31.7,-3.7,657.0,0.183,-0.192,0.019,221.3,221.6,223.1,225.6,230.4,237.9,247.0,257.6,268.1,276.7,282.9,288.5,293.5,297.2,299.6,301.3,301.8,232.4,239.1,247.8,256.5,264.3,279.6,286.0,292.2,298.2,301.8,272.1,273.2,274.3,275.5,263.8,268.3,272.9,276.9,280.3,241.8,247.1,253.2,258.1,253.0,246.9,280.5,285.4,290.8,294.5,291.3,285.9,253.6,261.7,268.2,271.9,275.8,280.2,283.7,280.1,275.7,271.6,267.5,261.1,256.6,267.8,271.6,275.5,281.6,275.4,271.6,267.7,162.1,173.7,185.2,196.3,206.7,215.6,222.9,228.3,229.5,227.4,221.0,213.2,204.3,194.3,183.9,173.1,162.2,154.1,149.4,148.2,149.5,152.3,151.9,148.9,147.6,148.5,152.6,161.0,168.7,176.2,184.0,189.2,190.7,191.9,190.6,188.9,162.3,159.5,159.5,163.2,164.6,164.7,162.8,158.9,158.8,161.5,163.9,164.0,204.1,201.8,200.4,201.5,200.3,201.6,203.4,208.5,210.8,211.3,211.0,209.0,204.4,204.1,204.4,203.8,203.9,205.1,205.8,205.4,-50.3,-49.9,-47.5,-43.2,-34.7,-21.4,-5.2,13.2,31.4,46.9,59.0,70.4,80.1,86.8,91.1,94.0,94.9,-29.4,-18.0,-3.7,10.5,23.3,48.9,60.2,71.5,82.8,90.4,36.4,37.8,39.3,40.7,22.6,30.0,37.5,44.2,50.2,-13.7,-4.8,5.4,13.6,5.0,-5.1,51.7,60.2,69.8,76.8,70.6,61.1,6.1,19.3,30.1,36.2,42.7,50.8,57.9,50.8,42.8,35.8,29.0,18.4,11.1,29.5,35.8,42.4,54.0,42.4,35.8,29.3,-44.5,-24.3,-4.1,15.6,34.0,49.7,62.0,70.7,72.8,70.0,60.2,47.0,30.9,12.6,-6.7,-26.3,-46.4,-55.6,-62.9,-64.5,-62.1,-57.3,-58.8,-64.5,-67.6,-67.1,-60.8,-43.5,-30.7,-18.2,-5.6,2.8,5.2,7.1,5.1,2.4,-42.0,-46.6,-46.5,-40.5,-38.1,-37.9,-41.8,-48.6,-49.0,-44.9,-40.4,-39.9,28.0,23.8,21.3,23.0,21.2,23.8,27.4,35.5,38.8,39.5,39.0,35.8,28.4,27.4,28.0,27.2,28.1,29.3,30.3,29.7,683.8,687.0,690.9,693.3,692.8,690.0,683.9,676.0,676.0,685.8,701.4,713.8,719.2,718.7,717.1,715.7,715.6,651.2,645.4,641.4,638.1,636.5,644.6,652.6,661.8,671.5,681.6,642.6,636.8,630.5,624.7,640.3,639.4,639.3,642.8,647.0,651.2,648.5,649.3,651.1,649.4,648.6,661.5,664.1,668.3,674.9,668.6,664.5,657.6,647.5,644.0,645.3,647.8,657.1,671.1,658.8,650.8,647.8,646.7,649.7,655.6,646.8,647.8,650.8,667.0,650.5,647.5,646.7,0.589,0.189,-0.253,0.03,268.778,185.127,-5.464,9.261,-11.079,13.943,5.38,2.241,-5.51,2.747,3.015,-1.945,-0.259,1.339,-0.117,-2.2,-0.789,-0.247,-0.052,1.062,-1.447,-0.957,0.539,-0.412,-0.092,-0.452,0.013,0.019,0.043,0.03,-0.114,-0.004,-0.027,0.005,0.007,-0.007,0.48,0.0,0.0,0.45,0.0,0.0,0.16,0.0,0.0,0.34,0.0,0.0,0.0,0.0,0.0,0.0,0.0,0.0,1.0,0.0,0.0,0.0,0.0,0.0,0.0,0.0,0.0,0.0,0.0,0.0,0.0,0.0,0.0,1.0,0.0
PP133,g1,5656,0,0.975,0.208284,0.179891,-0.961383,0.049125,0.17654,-0.983067,0.132,0.181,246.2,247.5,250.7,253.8,255.1,254.0,250.7,247.5,241.9,243.9,246.8,250.3,253.7,256.2,258.0,255.9,253.1,249.9,246.7,243.9,249.3,250.6,252.0,252.6,252.0,250.7,249.3,248.7,283.5,284.4,287.1,290.1,291.5,290.6,287.9,284.7,280.5,282.5,285.1,288.3,291.2,293.2,294.3,293.2,291.4,288.9,285.9,282.9,286.2,287.5,288.6,289.0,288.4,287.1,286.0,285.6,161.0,157.8,156.5,157.8,161.1,164.5,165.6,164.2,162.5,160.7,159.6,159.0,159.7,161.1,163.1,164.2,164.6,164.8,164.6,163.8,162.5,163.1,162.5,161.1,159.7,159.1,159.7,161.1,160.6,157.4,156.1,157.2,160.2,163.3,164.7,163.8,162.7,160.6,159.1,158.4,158.8,159.8,161.6,162.9,163.7,164.1,164.0,163.7,161.9,162.4,161.8,160.4,159.1,158.6,159.2,160.6,-5.0,-3.3,0.9,5.1,6.8,5.3,0.9,-3.3,-10.9,-8.1,-4.2,0.4,4.9,8.3,10.7,7.9,4.1,-0.2,-4.3,-8.1,-1.0,0.9,2.7,3.4,2.7,0.9,-1.0,-1.7,46.1,47.4,51.3,55.5,57.5,56.1,52.2,47.7,42.0,44.6,48.1,52.7,56.9,60.1,62.1,60.2,57.2,53.5,49.3,45.2,49.9,51.7,53.4,54.0,53.2,51.3,49.6,49.0,-35.2,-39.4,-41.2,-39.4,-35.1,-30.5,-29.1,-30.9,-33.5,-35.7,-37.0,-37.7,-36.9,-35.1,-32.5,-30.9,-30.3,-30.0,-30.4,-31.5,-33.2,-32.4,-33.2,-35.1,-37.0,-37.7,-37.0,-35.1,-37.0,-41.4,-43.4,-41.9,-37.8,-33.4,-31.4,-32.6,-34.1,-36.9,-39.0,-40.1,-39.7,-38.5,-36.3,-34.2,-32.9,-32.3,-32.3,-32.7,-35.4,-34.7,-35.6,-37.5,-39.3,-40.0,-39.1,-37.2,518.8,519.3,519.6,519.5,519.1,518.8,518.2,518.3,522.7,520.2,518.0,517.0,517.8,519.3,521.0,519.3,517.6,517.1,518.1,520.2,519.5,519.4,519.6,519.8,520.0,520.0,519.9,519.7,536.8,537.8,539.5,540.8,541.0,539.9,538.3,537.1,537.2,536.4,536.3,537.3,540.0,543.5,546.8,543.5,540.2,537.7,536.5,536.6,538.8,539.4,540.1,540.5,540.5,539.9,539.2,538.7,31.7,-3.7,657.0,0.184,-0.192,0.018,221.3,221.7,223.2,225.7,230.5,237.9,247.0,257.6,268.1,276.7,282.9,288.5,293.5,297.3,299.6,301.3,301.9,232.3,239.0,247.7,256.5,264.3,279.5,286.0,292.2,298.2,301.8,272.1,273.2,274.3,275.5,263.8,268.3,272.9,276.9,280.3,241.7,247.1,253.2,258.2,253.0,246.9,280.5,285.4,290.8,294.5,291.3,285.9,253.7,261.7,268.3,271.9,275.8,280.2,283.8,280.1,275.7,271.6,267.5,261.1,256.7,267.8,271.6,275.5,281.7,275.5,271.6,267.7,162.1,173.7,185.2,196.2,206.6,215.5,222.8,228.3,229.5,227.3,221.0,213.2,204.3,194.3,183.8,173.0,162.0,154.3,149.6,148.3,149.6,152.4,151.9,148.9,147.6,148.5,152.7,161.1,168.7,176.2,184.0,189.2,190.7,191.9,190.6,188.9,162.4,159.5,159.6,163.2,164.6,164.7,162.8,158.9,158.8,161.5,163.9,164.0,204.1,201.9,200.4,201.5,200.3,201.6,203.4,208.5,210.7,211.3,211.0,209.0,204.4,204.1,204.4,203.8,203.9,205.1,205.7,205.4,-50.2,-49.7,-47.4,-43.1,-34.7,-21.4,-5.2,13.2,31.4,46.9,59.0,70.4,80.2,87.0,91.2,94.1,95.0,-29.5,-18.1,-3.7,10.6,23.4,48.7,60.1,71.5,82.9,90.5,36.4,37.7,39.3,40.7,22.6,30.0,37.5,44.2,50.2,-13.8,-4.8,5.3,13.6,5.0,-5.1,51.6,60.2,69.8,76.9,70.6,61.1,6.2,19.4,30.1,36.3,42.8,50.8,58.0,50.8,42.9,35.9,29.1,18.5,11.2,29.5,35.9,42.4,54.1,42.4,35.8,29.3,-44.5,-24.3,-4.1,15.5,33.8,49.5,61.9,70.6,72.7,69.9,60.2,47.0,30.9,12.5,-6.9,-26.6,-46.8,-55.4,-62.7,-64.3,-61.9,-57.2,-58.7,-64.4,-67.6,-67.1,-60.8,-43.4,-30.7,-18.2,-5.5,2.8,5.2,7.1,5.0,2.4,-41.9,-46.5,-46.4,-40.4,-38.1,-37.8,-41.7,-48.6,-49.1,-44.9,-40.5,-39.9,28.0,23.8,21.3,23.1,21.2,23.8,27.3,35.4,38.7,39.4,38.9,35.8,28.3,27.4,28.0,27.2,28.0,29.3,30.2,29.6,683.8,687.0,690.8,693.3,692.9,690.1,684.1,676.2,676.2,686.0,701.5,714.0,719.4,719.1,717.5,716.0,715.9,651.5,645.6,641.4,638.0,636.5,644.3,652.3,661.6,671.4,681.6,642.5,636.7,630.4,624.6,640.3,639.4,639.2,642.8,647.0,651.4,648.6,649.4,651.1,649.5,648.7,661.3,664.0,668.2,674.7,668.5,664.4,657.7,647.6,644.0,645.3,647.7,657.1,671.1,658.8,650.7,647.8,646.7,649.8,655.7,646.8,647.8,650.8,667.0,650.5,647.4,646.8,0.589,0.19,-0.252,0.029,268.793,185.117,-4.563,8.405,-10.946,14.078,5.359,2.263,-5.52,2.425,3.143,-1.952,-0.375,1.189,-0.223,-2.167,-0.809,-0.11,-0.028,1.014,-1.45,-0.861,0.544,-0.46,-0.087,-0.4,0.051,-0.022,0.032,0.023,-0.115,-0.002,-0.029,0.005,0.007,-0.004,0.39,0.14,0.0,0.63,0.0,0.0,0.04,0.0,0.0,0.32,0.0,0.0,0.0,0.0,0.0,0.0,0.0,0.0,1.0,0.0,1.0,0.0,0.0,0.0,0.0,0.0,0.0,0.0,0.0,0.0,0.0,0.0,0.0,1.0,0.0
PP133,g1,5662,0,0.975,0.20883,0.179823,-0.961277,0.050592,0.176162,-0.98306,0.133,0.181,246.4,247.8,250.9,254.0,255.3,254.2,250.9,247.7,242.1,244.2,247.0,250.5,253.9,256.4,258.2,256.1,253.3,250.1,247.0,244.2,249.5,250.9,252.2,252.8,252.2,250.9,249.5,248.9,283.7,284.6,287.3,290.2,291.6,290.7,288.0,284.8,280.7,282.6,285.2,288.4,291.3,293.2,294.4,293.3,291.5,289.0,286.0,283.0,286.3,287.6,288.7,289.1,288.5,287.3,286.1,285.7,161.0,157.8,156.5,157.8,161.0,164.5,165.5,164.2,162.4,160.7,159.6,159.0,159.6,161.1,163.1,164.2,164.6,164.8,164.5,163.8,162.5,163.1,162.5,161.1,159.7,159.1,159.7,161.1,160.6,157.5,156.1,157.2,160.2,163.3,164.7,163.8,162.7,160.7,159.1,158.4,158.8,159.9,161.6,163.0,163.7,164.1,164.0,163.7,161.9,162.4,161.8,160.4,159.1,158.6,159.2,160.6,-4.7,-3.0,1.2,5.4,7.1,5.6,1.1,-3.0,-10.6,-7.8,-4.0,0.6,5.2,8.6,10.9,8.2,4.3,0.1,-4.0,-7.8,-0.7,1.1,3.0,3.7,3.0,1.2,-0.7,-1.4,46.4,47.7,51.6,55.8,57.7,56.4,52.5,48.0,42.3,44.9,48.4,53.0,57.2,60.3,62.3,60.5,57.5,53.8,49.6,45.4,50.2,52.0,53.7,54.3,53.5,51.6,49.9,49.3,-35.3,-39.6,-41.4,-39.6,-35.3,-30.7,-29.2,-31.0,-33.6,-35.8,-37.2,-37.8,-37.0,-35.2,-32.6,-31.0,-30.4,-30.2,-30.6,-31.7,-33.4,-32.6,-33.3,-35.2,-37.1,-37.9,-37.1,-35.2,-37.1,-41.5,-43.5,-42.0,-37.8,-33.5,-31.5,-32.6,-34.1,-37.0,-39.1,-40.2,-39.8,-38.5,-36.4,-34.2,-33.0,-32.3,-32.3,-32.7,-35.4,-34.8,-35.6,-37.6,-39.4,-40.0,-39.1,-37.2,520.3,520.8,521.1,521.0,520.6,520.3,519.8,519.9,524.2,521.7,519.5,518.6,519.3,520.8,522.6,520.8,519.1,518.7,519.6,521.7,521.0,521.0,521.1,521.3,521.5,521.6,521.4,521.2,538.3,539.3,541.0,542.3,542.4,541.4,539.7,538.6,538.6,537.9,537.8,538.8,541.5,545.0,548.3,545.0,541.6,539.2,538.0,538.1,540.3,540.8,541.6,542.0,541.9,541.4,540.7,540.2,32.0,-3.7,657.6,0.184,-0.193,0.019,221.5,221.8,223.3,225.8,230.5,237.9,247.1,257.7,268.2,276.8,283.0,288.6,293.6,297.3,299.7,301.4,301.9,232.6,239.3,247.9,256.7,264.5,279.7,286.1,292.3,298.3,301.9,272.3,273.3,274.5,275.6,264.0,268.5,273.1,277.0,280.4,242.0,247.3,253.4,258.3,253.2,247.1,280.6,285.5,290.9,294.6,291.4,286.0,253.8,261.8,268.4,272.1,275.9,280.3,283.8,280.3,275.9,271.8,267.7,261.2,256.8,268.0,271.8,275.6,281.8,275.6,271.7,267.8,162.1,173.7,185.1,196.2,206.6,215.5,222.8,228.3,229.5,227.3,221.0,213.2,204.2,194.3,183.8,173.0,162.1,154.3,149.6,148.3,149.6,152.4,151.9,149.0,147.6,148.5,152.8,161.1,168.7,176.3,184.1,189.2,190.7,191.9,190.6,188.9,162.4,159.5,159.5,163.2,164.6,164.7,162.8,158.9,158.8,161.5,163.9,164.0,204.1,201.8,200.4,201.5,200.3,201.6,203.4,208.5,210.7,211.3,211.0,209.0,204.4,204.0,204.4,203.8,203.9,205.1,205.7,205.4,-50.0,-49.5,-47.2,-43.0,-34.5,-21.3,-5.0,13.3,31.6,47.1,59.2,70.6,80.3,87.1,91.3,94.2,95.1,-29.1,-17.7,-3.4,10.9,23.7,49.0,60.4,71.8,83.1,90.6,36.7,38.1,39.6,41.0,22.9,30.3,37.8,44.5,50.5,-13.4,-4.4,5.7,13.9,5.4,-4.8,51.9,60.4,70.1,77.1,70.9,61.3,6.4,19.7,30.4,36.5,43.0,51.1,58.2,51.1,43.1,36.1,29.3,18.7,11.4,29.7,36.1,42.7,54.3,42.7,36.1,29.6,-44.6,-24.3,-4.2,15.5,33.8,49.5,61.9,70.6,72.7,69.9,60.2,47.0,30.8,12.5,-6.8,-26.5,-46.6,-55.4,-62.7,-64.4,-62.0,-57.2,-58.7,-64.4,-67.6,-67.0,-60.7,-43.5,-30.7,-18.2,-5.5,2.8,5.2,7.2,5.1,2.4,-42.0,-46.6,-46.5,-40.5,-38.1,-37.9,-41.8,-48.6,-49.1,-44.9,-40.5,-39.9,28.0,23.8,21.3,23.1,21.2,23.8,27.4,35.5,38.7,39.5,38.9,35.8,28.3,27.4,28.0,27.2,28.0,29.3,30.2,29.7,684.2,687.4,691.3,693.8,693.4,690.6,684.5,676.7,676.7,686.5,702.1,714.6,720.0,719.7,718.0,716.6,716.4,651.8,646.0,641.9,638.6,637.1,645.0,653.0,662.3,672.0,682.2,643.1,637.3,630.9,625.2,640.9,639.9,639.8,643.4,647.6,651.7,649.0,649.8,651.6,649.9,649.1,662.0,664.6,668.8,675.3,669.1,665.0,658.2,648.0,644.5,645.8,648.3,657.6,671.7,659.3,651.3,648.4,647.3,650.2,656.2,647.4,648.3,651.3,667.6,651.0,648.0,647.3,0.589,0.19,-0.254,0.03,268.923,185.122,-4.748,8.832,-10.965,14.128,5.044,2.295,-5.345,2.458,3.133,-1.815,-0.339,1.235,-0.006,-2.157,-0.841,-0.131,0.031,1.037,-1.38,-0.874,0.523,-0.454,-0.076,-0.406,0.025,-0.001,0.028,0.024,-0.115,0.0,-0.03,0.003,0.003,-0.005,0.31,0.1,0.0,0.37,0.0,0.0,0.0,0.0,0.0,0.25,0.0,0.0,0.0,0.0,0.0,0.0,0.0,0.0,1.0,0.0,0.0,0.0,0.0,0.0,0.0,0.0,0.0,0.0,0.0,0.0,0.0,0.0,0.0,1.0,0.0
PP133,g1,5668,0,0.975,0.208249,0.18024,-0.961325,0.049714,0.176495,-0.983045,0.132,0.181,246.4,247.7,250.8,254.0,255.2,254.2,250.8,247.7,242.1,244.1,247.0,250.4,253.8,256.4,258.1,256.1,253.2,250.0,246.9,244.1,249.4,250.8,252.2,252.7,252.2,250.8,249.4,248.9,283.6,284.5,287.2,290.1,291.6,290.6,287.9,284.8,280.6,282.5,285.2,288.4,291.2,293.2,294.4,293.3,291.4,288.9,286.0,283.0,286.3,287.5,288.7,289.1,288.5,287.2,286.0,285.6,161.0,157.8,156.5,157.8,161.0,164.4,165.5,164.2,162.4,160.7,159.5,159.0,159.6,161.0,163.1,164.2,164.6,164.7,164.5,163.8,162.5,163.0,162.5,161.1,159.7,159.1,159.7,161.1,160.5,157.4,156.0,157.2,160.2,163.3,164.7,163.8,162.7,160.6,159.1,158.3,158.8,159.8,161.5,162.9,163.7,164.0,163.9,163.7,161.8,162.3,161.7,160.4,159.0,158.5,159.1,160.5,-4.8,-3.1,1.1,5.3,7.0,5.5,1.1,-3.1,-10.7,-7.9,-4.0,0.6,5.1,8.5,10.9,8.1,4.3,0.1,-4.1,-7.9,-0.8,1.1,2.9,3.7,2.9,1.1,-0.7,-1.5,46.3,47.7,51.6,55.7,57.7,56.4,52.4,48.0,42.3,44.8,48.4,53.0,57.2,60.3,62.3,60.4,57.5,53.8,49.6,45.4,50.2,52.0,53.7,54.3,53.4,51.6,49.9,49.3,-35.4,-39.7,-41.4,-39.6,-35.4,-30.8,-29.3,-31.1,-33.7,-35.9,-37.2,-37.9,-37.1,-35.3,-32.7,-31.1,-30.5,-30.2,-30.6,-31.7,-33.4,-32.6,-33.4,-35.3,-37.2,-37.9,-37.2,-35.3,-37.2,-41.6,-43.6,-42.1,-38.0,-33.6,-31.6,-32.7,-34.2,-37.1,-39.2,-40.3,-39.9,-38.6,-36.5,-34.4,-33.1,-32.4,-32.5,-32.9,-35.5,-34.9,-35.8,-37.7,-39.5,-40.1,-39.3,-37.3,520.6,521.1,521.4,521.3,520.9,520.6,520.0,520.1,524.5,522.0,519.8,518.8,519.6,521.1,522.8,521.1,519.4,518.9,519.9,522.0,521.3,521.2,521.4,521.6,521.8,521.8,521.7,521.5,538.5,539.6,541.2,542.5,542.7,541.6,540.0,538.8,538.9,538.2,538.0,539.0,541.7,545.2,548.5,545.2,541.9,539.4,538.2,538.3,540.5,541.1,541.8,542.3,542.2,541.6,540.9,540.4,31.9,-3.7,657.2,0.184,-0.192,0.018,221.4,221.8,223.3,225.8,230.6,238.0,247.2,257.7,268.3,276.8,283.0,288.6,293.6,297.3,299.7,301.4,301.9,232.5,239.2,247.9,256.6,264.5,279.6,286.1,292.3,298.3,301.9,272.2,273.3,274.5,275.6,263.9,268.5,273.0,277.0,280.4,241.9,247.3,253.4,258.3,253.2,247.1,280.6,285.5,290.9,294.5,291.3,286.0,253.8,261.8,268.4,272.1,275.9,280.3,283.8,280.2,275.8,271.8,267.7,261.2,256.8,267.9,271.7,275.6,281.8,275.6,271.7,267.8,162.0,173.7,185.2,196.3,206.6,215.6,222.9,228.3,229.5,227.3,221.0,213.2,204.2,194.3,183.8,173.0,162.1,154.3,149.6,148.3,149.6,152.4,151.9,148.9,147.6,148.5,152.7,161.0,168.6,176.2,184.0,189.2,190.7,191.9,190.5,188.9,162.3,159.5,159.5,163.2,164.5,164.6,162.8,158.8,158.8,161.4,163.8,164.0,204.1,201.9,200.5,201.5,200.3,201.6,203.4,208.5,210.7,211.3,211.0,209.0,204.4,204.1,204.4,203.8,203.9,205.1,205.7,205.4,-50.0,-49.6,-47.2,-42.9,-34.4,-21.2,-4.9,13.4,31.6,47.1,59.3,70.6,80.3,87.0,91.2,94.2,95.1,-29.2,-17.8,-3.5,10.8,23.6,48.9,60.2,71.6,83.0,90.5,36.6,38.0,39.5,40.9,22.8,30.2,37.7,44.5,50.4,-13.5,-4.5,5.6,13.8,5.3,-4.8,51.8,60.3,70.0,77.0,70.8,61.2,6.4,19.6,30.3,36.5,42.9,51.0,58.1,51.0,43.1,36.1,29.2,18.7,11.4,29.7,36.1,42.6,54.3,42.6,36.0,29.5,-44.6,-24.3,-4.1,15.6,34.0,49.6,62.0,70.7,72.7,70.0,60.2,47.0,30.8,12.4,-6.8,-26.5,-46.6,-55.4,-62.7,-64.4,-62.0,-57.2,-58.7,-64.4,-67.6,-67.1,-60.8,-43.6,-30.7,-18.2,-5.5,2.8,5.2,7.1,5.0,2.3,-42.0,-46.6,-46.5,-40.6,-38.2,-38.0,-41.9,-48.7,-49.1,-45.0,-40.6,-40.0,28.0,23.8,21.4,23.1,21.3,23.8,27.3,35.4,38.7,39.5,38.9,35.8,28.3,27.4,28.0,27.2,28.0,29.3,30.3,29.7,684.0,687.2,691.1,693.6,693.1,690.3,684.2,676.3,676.3,686.1,701.7,714.1,719.5,719.1,717.5,716.1,715.9,651.6,645.7,641.6,638.2,636.7,644.6,652.6,661.8,671.6,681.9,642.7,636.8,630.5,624.7,640.4,639.5,639.3,642.9,647.1,651.4,648.7,649.5,651.2,649.6,648.8,661.6,664.2,668.4,674.9,668.7,664.6,657.9,647.7,644.2,645.5,648.0,657.3,671.3,659.0,651.0,648.0,646.9,649.9,655.9,647.0,648.0,651.0,667.2,650.7,647.7,647.0,0.589,0.19,-0.253,0.029,268.903,185.11,-4.919,9.021,-10.814,14.383,5.242,2.542,-5.258,2.428,3.302,-1.836,-0.285,1.258,-0.134,-2.163,-0.837,-0.101,-0.044,1.057,-1.485,-0.849,0.661,-0.468,-0.054,-0.415,0.059,0.019,0.02,0.025,-0.116,0.001,-0.032,0.005,0.006,-0.005,0.72,0.28,0.0,0.56,0.0,0.0,0.01,0.0,0.0,0.68,0.0,0.0,0.0,0.0,0.0,0.0,0.0,0.0,1.0,0.0,1.0,0.0,0.0,0.0,0.0,0.0,1.0,0.0,0.0,0.0,0.0,0.0,0.0,1.0,0.0
PP133,g1,5674,0,0.975,0.208648,0.17938,-0.961399,0.050146,0.175907,-0.983129,0.132,0.181,246.5,247.8,250.9,254.1,255.4,254.3,250.9,247.8,242.2,244.2,247.1,250.5,253.9,256.5,258.2,256.2,253.3,250.1,247.0,244.2,249.5,250.9,252.3,252.9,252.3,250.9,249.6,249.0,283.7,284.6,287.3,290.3,291.7,290.8,288.0,284.9,280.8,282.7,285.3,288.5,291.3,293.3,294.5,293.4,291.5,289.0,286.1,283.1,286.4,287.6,288.8,289.2,288.6,287.3,286.2,285.8,160.8,157.6,156.3,157.6,160.8,164.3,165.3,164.0,162.2,160.5,159.4,158.8,159.4,160.9,162.9,164.0,164.4,164.6,164.3,163.6,162.3,162.9,162.3,160.9,159.5,158.9,159.5,160.9,160.4,157.3,155.9,157.1,160.1,163.2,164.6,163.6,162.6,160.5,158.9,158.2,158.7,159.7,161.4,162.8,163.6,163.9,163.8,163.6,161.7,162.2,161.6,160.3,158.9,158.4,159.0,160.4,-4.7,-2.9,1.3,5.4,7.1,5.7,1.2,-2.9,-10.5,-7.7,-3.9,0.7,5.2,8.7,11.0,8.3,4.4,0.2,-4.0,-7.7,-0.6,1.2,3.0,3.8,3.1,1.2,-0.6,-1.4,46.5,47.8,51.7,55.9,57.8,56.5,52.6,48.1,42.4,45.0,48.5,53.1,57.3,60.4,62.5,60.6,57.6,53.9,49.7,45.5,50.3,52.1,53.8,54.4,53.6,51.7,50.0,49.4,-35.6,-39.8,-41.6,-39.8,-35.5,-30.9,-29.5,-31.3,-33.9,-36.1,-37.4,-38.1,-37.3,-35.5,-32.9,-31.3,-30.7,-30.4,-30.8,-31.9,-33.6,-32.8,-33.6,-35.5,-37.4,-38.1,-37.4,-35.5,-37.3,-41.7,-43.7,-42.2,-38.1,-33.7,-31.7,-32.9,-34.4,-37.2,-39.3,-40.4,-40.0,-38.8,-36.6,-34.5,-33.2,-32.6,-32.6,-33.0,-35.7,-35.0,-35.9,-37.8,-39.6,-40.3,-39.4,-37.5,520.1,520.6,520.9,520.8,520.4,520.1,519.5,519.6,524.0,521.5,519.3,518.3,519.1,520.6,522.4,520.6,518.9,518.4,519.4,521.5,520.8,520.7,520.9,521.1,521.3,521.3,521.2,521.0,538.2,539.2,540.9,542.1,542.3,541.3,539.6,538.5,538.5,537.8,537.7,538.7,541.4,544.9,548.2,544.9,541.5,539.1,537.9,538.0,540.2,540.7,541.5,541.9,541.8,541.3,540.5,540.1,32.0,-4.0,657.3,0.183,-0.193,0.019,221.6,221.9,223.4,225.9,230.6,238.0,247.1,257.7,268.2,276.8,283.0,288.6,293.6,297.3,299.7,301.4,302.0,232.6,239.3,248.0,256.7,264.6,279.8,286.2,292.4,298.4,302.0,272.3,273.4,274.6,275.7,264.0,268.5,273.1,277.1,280.5,242.0,247.4,253.5,258.4,253.3,247.2,280.7,285.6,291.0,294.7,291.5,286.1,253.8,261.9,268.5,272.1,276.0,280.4,283.9,280.3,275.9,271.8,267.7,261.3,256.8,268.0,271.8,275.7,281.9,275.7,271.8,267.9,161.9,173.5,185.0,196.1,206.4,215.4,222.7,228.1,229.4,227.2,220.9,213.1,204.1,194.2,183.7,172.9,161.9,154.1,149.3,148.1,149.3,152.2,151.7,148.7,147.4,148.3,152.5,160.9,168.5,176.0,183.8,189.0,190.4,191.6,190.4,188.7,162.1,159.3,159.3,163.0,164.4,164.5,162.7,158.7,158.7,161.4,163.7,163.9,203.9,201.6,200.2,201.2,200.1,201.4,203.3,208.4,210.6,211.2,210.9,208.9,204.2,203.8,204.2,203.6,203.7,205.0,205.6,205.2,-49.8,-49.4,-47.0,-42.8,-34.4,-21.2,-5.0,13.4,31.6,47.1,59.3,70.6,80.4,87.2,91.4,94.3,95.3,-29.0,-17.7,-3.3,10.9,23.7,49.1,60.5,71.9,83.2,90.7,36.8,38.1,39.7,41.1,23.0,30.4,37.8,44.6,50.5,-13.3,-4.3,5.8,14.0,5.5,-4.7,52.0,60.5,70.2,77.2,71.0,61.4,6.5,19.7,30.4,36.6,43.1,51.2,58.3,51.2,43.2,36.2,29.3,18.7,11.5,29.8,36.2,42.8,54.4,42.7,36.1,29.6,-44.8,-24.6,-4.4,15.2,33.6,49.3,61.7,70.4,72.5,69.7,60.0,46.8,30.7,12.3,-7.0,-26.8,-46.9,-55.8,-63.1,-64.8,-62.4,-57.6,-59.1,-64.8,-67.9,-67.4,-61.0,-43.8,-31.1,-18.5,-5.9,2.4,4.8,6.8,4.7,2.0,-42.3,-46.9,-46.8,-40.8,-38.5,-38.2,-42.1,-48.9,-49.3,-45.2,-40.8,-40.2,27.7,23.4,21.0,22.7,20.9,23.4,27.1,35.2,38.5,39.3,38.7,35.5,28.0,27.1,27.6,26.9,27.7,29.1,30.0,29.4,684.0,687.1,691.0,693.5,693.0,690.2,684.2,676.3,676.3,686.2,701.8,714.2,719.7,719.4,717.7,716.3,716.2,651.7,645.9,641.8,638.5,637.0,645.0,653.0,662.2,671.9,682.0,643.0,637.2,630.8,625.0,640.6,639.7,639.6,643.2,647.4,651.6,648.9,649.7,651.5,649.8,649.0,661.8,664.5,668.7,675.2,669.0,664.9,657.9,647.8,644.2,645.6,648.0,657.4,671.4,659.1,651.1,648.1,647.0,650.0,655.9,647.1,648.0,651.0,667.3,650.8,647.8,647.0,0.589,0.188,-0.254,0.03,268.979,184.944,-5.215,8.679,-10.908,14.219,4.966,2.096,-5.492,2.465,3.13,-1.889,-0.318,1.191,0.013,-2.134,-0.854,-0.173,0.039,1.01,-1.45,-0.915,0.579,-0.505,-0.121,-0.449,0.046,0.013,0.043,0.028,-0.113,0.001,-0.025,0.003,0.007,-0.007,0.26,0.08,0.0,0.55,0.0,0.0,0.0,0.0,0.0,0.2,0.0,0.0,0.0,0.0,0.0,0.0,0.0,0.0,1.0,0.0,1.0,0.0,0.0,0.0,0.0,0.0,0.0,0.0,0.0,0.0,0.0,0.0,0.0,1.0,0.0
PP133,g1,5680,0,0.975,0.208712,0.178992,-0.961458,0.050116,0.175267,-0.983245,0.132,0.18,246.4,247.8,250.9,254.0,255.3,254.2,250.9,247.7,242.1,244.1,247.0,250.5,253.9,256.5,258.2,256.2,253.3,250.1,247.0,244.2,249.5,250.9,252.2,252.8,252.2,250.9,249.5,248.9,283.7,284.6,287.4,290.3,291.7,290.8,288.1,284.9,280.7,282.7,285.3,288.5,291.4,293.4,294.5,293.4,291.6,289.1,286.1,283.1,286.4,287.7,288.8,289.2,288.6,287.3,286.2,285.8,160.8,157.7,156.3,157.7,160.9,164.3,165.4,164.0,162.3,160.5,159.4,158.9,159.5,160.9,163.0,164.1,164.5,164.6,164.4,163.7,162.3,162.9,162.4,161.0,159.6,159.0,159.5,160.9,160.4,157.3,155.9,157.1,160.1,163.2,164.6,163.7,162.6,160.5,159.0,158.2,158.7,159.8,161.5,162.8,163.6,164.0,163.9,163.6,161.8,162.3,161.7,160.3,159.0,158.5,159.1,160.4,-4.7,-3.0,1.2,5.4,7.1,5.6,1.1,-3.0,-10.6,-7.8,-4.0,0.7,5.2,8.6,10.9,8.2,4.4,0.1,-4.0,-7.8,-0.7,1.1,3.0,3.7,3.0,1.2,-0.7,-1.4,46.4,47.7,51.6,55.8,57.8,56.4,52.5,48.0,42.3,44.9,48.5,53.0,57.2,60.4,62.4,60.5,57.5,53.8,49.6,45.5,50.2,52.0,53.7,54.3,53.5,51.7,50.0,49.4,-35.4,-39.7,-41.5,-39.7,-35.4,-30.8,-29.3,-31.1,-33.8,-35.9,-37.3,-37.9,-37.1,-35.3,-32.7,-31.2,-30.5,-30.3,-30.7,-31.8,-33.5,-32.7,-33.5,-35.3,-37.2,-38.0,-37.2,-35.3,-37.2,-41.6,-43.6,-42.1,-38.0,-33.6,-31.6,-32.8,-34.3,-37.1,-39.2,-40.3,-39.9,-38.6,-36.5,-34.3,-33.1,-32.4,-32.5,-32.9,-35.5,-34.9,-35.8,-37.7,-39.5,-40.1,-39.3,-37.4,519.0,519.6,519.9,519.8,519.3,519.0,518.5,518.6,523.0,520.5,518.3,517.3,518.0,519.6,521.3,519.6,517.9,517.4,518.4,520.5,519.7,519.7,519.8,520.1,520.2,520.3,520.2,519.9,537.3,538.3,539.9,541.2,541.4,540.4,538.7,537.6,537.6,536.9,536.7,537.8,540.5,544.0,547.3,544.0,540.6,538.1,537.0,537.1,539.3,539.8,540.5,541.0,540.9,540.4,539.6,539.2,32.0,-3.9,657.0,0.183,-0.193,0.019,221.5,221.9,223.4,225.9,230.6,238.1,247.2,257.8,268.3,276.8,283.0,288.6,293.6,297.3,299.7,301.4,301.9,232.6,239.3,248.0,256.7,264.6,279.7,286.2,292.4,298.4,302.0,272.3,273.4,274.6,275.7,264.0,268.5,273.1,277.1,280.5,242.0,247.3,253.4,258.4,253.2,247.1,280.7,285.6,291.0,294.7,291.5,286.1,253.8,261.9,268.4,272.1,276.0,280.4,283.9,280.3,275.9,271.8,267.7,261.2,256.8,268.0,271.8,275.7,281.9,275.7,271.8,267.9,161.9,173.6,185.1,196.2,206.6,215.5,222.8,228.2,229.4,227.3,221.0,213.1,204.2,194.2,183.7,172.9,162.0,154.2,149.4,148.1,149.4,152.3,151.8,148.8,147.5,148.4,152.7,160.9,168.5,176.1,183.9,189.1,190.5,191.7,190.4,188.8,162.2,159.3,159.4,163.1,164.4,164.5,162.7,158.8,158.7,161.4,163.7,163.9,204.0,201.7,200.3,201.3,200.2,201.5,203.3,208.4,210.6,211.2,210.9,208.9,204.3,203.9,204.2,203.7,203.8,205.0,205.6,205.3,-49.9,-49.5,-47.1,-42.8,-34.3,-21.1,-4.9,13.4,31.6,47.1,59.2,70.6,80.3,87.1,91.3,94.3,95.2,-29.1,-17.7,-3.3,11.0,23.8,49.0,60.4,71.8,83.2,90.7,36.8,38.1,39.6,41.1,22.9,30.3,37.8,44.6,50.5,-13.4,-4.4,5.7,14.0,5.4,-4.8,52.0,60.5,70.2,77.2,71.0,61.4,6.4,19.7,30.4,36.6,43.1,51.1,58.3,51.1,43.2,36.2,29.3,18.7,11.4,29.8,36.2,42.8,54.4,42.7,36.1,29.6,-44.7,-24.5,-4.2,15.4,33.8,49.4,61.8,70.5,72.6,69.8,60.1,46.9,30.7,12.3,-7.0,-26.7,-46.8,-55.6,-63.0,-64.6,-62.2,-57.4,-58.9,-64.6,-67.8,-67.2,-60.8,-43.7,-30.9,-18.4,-5.8,2.6,5.0,6.9,4.8,2.2,-42.2,-46.8,-46.7,-40.7,-38.4,-38.1,-42.0,-48.8,-49.2,-45.1,-40.7,-40.1,27.7,23.5,21.1,22.8,21.0,23.5,27.2,35.3,38.6,39.3,38.8,35.6,28.1,27.2,27.7,27.0,27.8,29.1,30.0,29.4,683.8,686.9,690.8,693.2,692.8,690.0,683.9,676.0,676.1,685.9,701.5,713.9,719.3,719.0,717.4,716.0,715.9,651.5,645.6,641.5,638.2,636.6,644.5,652.5,661.8,671.6,681.8,642.6,636.7,630.4,624.5,640.2,639.3,639.2,642.8,647.0,651.3,648.6,649.4,651.1,649.5,648.7,661.5,664.1,668.3,674.9,668.6,664.5,657.6,647.4,643.9,645.2,647.7,657.0,671.1,658.8,650.7,647.7,646.6,649.6,655.6,646.7,647.7,650.7,667.0,650.4,647.4,646.7,0.589,0.188,-0.254,0.03,268.972,185.008,-4.811,8.863,-10.659,14.295,5.237,2.312,-5.472,2.328,3.086,-2.028,-0.211,1.17,-0.071,-2.01,-0.985,-0.138,-0.036,0.986,-1.349,-0.88,0.534,-0.46,-0.024,-0.417,0.059,-0.015,0.046,0.028,-0.113,-0.006,-0.024,0.002,0.007,-0.006,0.34,0.08,0.0,0.52,0.0,0.0,0.0,0.0,0.0,0.12,0.0,0.0,0.0,0.0,0.0,0.0,0.0,0.0,1.0,0.0,0.0,0.0,0.0,0.0,0.0,0.0,0.0,0.0,0.0,0.0,0.0,0.0,0.0,1.0,0.0
PP133,g1,5686,0,0.975,0.208088,0.178797,-0.961629,0.049646,0.175211,-0.983278,0.132,0.18,246.3,247.6,250.8,253.9,255.2,254.1,250.8,247.6,242.0,244.0,246.9,250.4,253.8,256.3,258.1,256.0,253.2,250.0,246.9,244.1,249.4,250.7,252.1,252.7,252.1,250.8,249.4,248.8,283.6,284.5,287.2,290.1,291.6,290.7,287.9,284.8,280.6,282.5,285.2,288.4,291.2,293.2,294.4,293.3,291.4,288.9,286.0,283.0,286.3,287.5,288.7,289.1,288.5,287.2,286.0,285.6,160.8,157.6,156.3,157.6,160.8,164.2,165.3,164.0,162.2,160.5,159.3,158.8,159.4,160.9,162.9,164.0,164.4,164.6,164.3,163.6,162.3,162.9,162.3,160.9,159.5,158.9,159.5,160.9,160.3,157.2,155.8,157.0,160.0,163.1,164.5,163.6,162.5,160.4,158.9,158.1,158.6,159.6,161.4,162.7,163.5,163.8,163.8,163.5,161.7,162.2,161.5,160.2,158.9,158.4,159.0,160.3,-4.9,-3.1,1.0,5.2,6.9,5.5,1.0,-3.2,-10.7,-8.0,-4.1,0.5,5.0,8.4,10.8,8.0,4.2,-0.0,-4.2,-7.9,-0.8,1.0,2.8,3.6,2.8,1.0,-0.8,-1.6,46.2,47.6,51.5,55.6,57.6,56.2,52.3,47.9,42.2,44.7,48.3,52.8,57.1,60.2,62.2,60.3,57.3,53.7,49.5,45.3,50.1,51.9,53.6,54.2,53.3,51.5,49.8,49.2,-35.6,-39.8,-41.6,-39.8,-35.5,-30.9,-29.5,-31.3,-33.9,-36.1,-37.4,-38.1,-37.3,-35.5,-32.9,-31.3,-30.7,-30.4,-30.8,-31.9,-33.6,-32.8,-33.6,-35.5,-37.4,-38.1,-37.4,-35.5,-37.4,-41.7,-43.8,-42.3,-38.1,-33.7,-31.7,-32.9,-34.4,-37.2,-39.3,-40.4,-40.0,-38.8,-36.6,-34.5,-33.2,-32.6,-32.6,-33.0,-35.7,-35.0,-35.9,-37.8,-39.6,-40.3,-39.4,-37.5,519.7,520.2,520.5,520.4,520.0,519.7,519.1,519.2,523.6,521.1,518.9,517.9,518.7,520.2,521.9,520.2,518.5,518.0,519.0,521.1,520.4,520.3,520.5,520.7,520.9,520.9,520.8,520.6,537.2,538.3,539.9,541.2,541.4,540.3,538.7,537.5,537.6,536.9,536.7,537.8,540.4,543.9,547.2,543.9,540.6,538.1,536.9,537.0,539.2,539.8,540.5,541.0,540.9,540.3,539.6,539.1,31.8,-3.9,656.9,0.184,-0.192,0.019,221.4,221.8,223.3,225.8,230.5,237.9,247.1,257.6,268.2,276.7,282.9,288.5,293.5,297.2,299.6,301.4,301.9,232.5,239.2,247.9,256.6,264.4,279.6,286.1,292.3,298.3,301.9,272.2,273.2,274.4,275.5,263.8,268.4,273.0,277.0,280.4,241.9,247.2,253.3,258.2,253.1,247.0,280.6,285.5,290.9,294.6,291.4,286.0,253.6,261.7,268.3,272.0,275.9,280.3,283.8,280.2,275.8,271.7,267.5,261.1,256.6,267.8,271.7,275.5,281.8,275.5,271.6,267.7,162.0,173.6,185.1,196.2,206.6,215.5,222.8,228.3,229.5,227.3,221.0,213.2,204.2,194.2,183.7,172.9,161.9,154.1,149.4,148.2,149.4,152.2,151.8,148.8,147.5,148.4,152.5,160.9,168.5,176.1,184.0,189.1,190.6,191.8,190.5,188.8,162.1,159.2,159.3,163.0,164.4,164.5,162.6,158.7,158.6,161.3,163.6,163.8,204.0,201.7,200.3,201.4,200.2,201.5,203.3,208.5,210.7,211.3,211.0,208.9,204.3,203.9,204.2,203.7,203.8,205.1,205.7,205.3,-50.0,-49.5,-47.2,-42.9,-34.5,-21.3,-5.1,13.2,31.4,46.9,59.0,70.3,80.1,86.9,91.1,94.1,95.0,-29.2,-17.8,-3.5,10.7,23.5,48.9,60.2,71.6,82.9,90.5,36.5,37.9,39.4,40.8,22.6,30.1,37.6,44.4,50.3,-13.6,-4.6,5.5,13.7,5.2,-4.9,51.8,60.3,69.9,76.9,70.7,61.2,6.1,19.3,30.1,36.3,42.9,51.0,58.1,51.0,43.0,35.9,29.0,18.4,11.1,29.5,35.9,42.6,54.3,42.5,35.8,29.3,-44.7,-24.4,-4.2,15.4,33.8,49.5,61.9,70.6,72.6,69.9,60.2,47.0,30.8,12.4,-6.9,-26.7,-46.9,-55.7,-62.9,-64.6,-62.2,-57.4,-58.9,-64.6,-67.8,-67.3,-61.0,-43.8,-30.9,-18.4,-5.7,2.6,5.0,7.0,4.9,2.2,-42.3,-46.9,-46.8,-40.8,-38.5,-38.2,-42.1,-49.0,-49.4,-45.3,-40.8,-40.3,27.8,23.6,21.1,22.9,21.0,23.5,27.1,35.3,38.6,39.4,38.9,35.7,28.2,27.2,27.8,27.0,27.8,29.2,30.1,29.5,683.4,686.6,690.5,693.0,692.6,689.8,683.8,675.9,675.8,685.6,701.2,713.7,719.1,718.8,717.1,715.6,715.5,651.2,645.3,641.3,638.0,636.4,644.4,652.3,661.5,671.2,681.4,642.4,636.6,630.3,624.5,640.2,639.2,639.1,642.7,646.9,651.1,648.4,649.2,651.0,649.3,648.5,661.2,663.8,668.0,674.5,668.3,664.2,657.7,647.5,643.9,645.3,647.7,657.1,671.0,658.8,650.8,647.8,646.7,649.7,655.7,646.8,647.7,650.7,667.0,650.5,647.4,646.8,0.59,0.19,-0.253,0.03,268.845,185.006,-5.895,8.536,-10.545,14.295,5.203,2.793,-5.322,2.481,3.303,-1.918,-0.073,1.185,0.051,-2.057,-0.86,-0.034,0.14,1.094,-1.326,-0.958,0.581,-0.452,-0.121,-0.455,0.069,-0.001,0.027,0.026,-0.107,0.003,-0.03,0.006,0.006,-0.005,0.5,0.01,0.0,0.3,0.0,0.0,0.0,0.0,0.0,0.18,0.0,0.0,0.0,0.0,0.0,0.0,0.0,0.0,1.0,0.0,0.0,0.0,0.0,0.0,0.0,0.0,0.0,0.0,0.0,0.0,0.0,0.0,0.0,1.0,0.0
PP133,g1,5692,0,0.975,0.208581,0.180803,-0.961147,0.050158,0.177337,-0.982871,0.132,0.182,246.2,247.5,250.7,253.8,255.1,254.0,250.7,247.5,241.9,243.9,246.8,250.3,253.7,256.3,258.0,256.0,253.1,249.9,246.8,243.9,249.3,250.7,252.0,252.6,252.0,250.7,249.3,248.7,283.6,284.5,287.2,290.1,291.5,290.6,287.9,284.8,280.6,282.5,285.1,288.4,291.2,293.2,294.4,293.3,291.4,288.9,286.0,282.9,286.2,287.5,288.7,289.1,288.5,287.2,286.0,285.6,160.9,157.7,156.4,157.8,161.0,164.4,165.5,164.2,162.4,160.6,159.5,159.0,159.6,161.0,163.1,164.2,164.6,164.7,164.5,163.8,162.4,163.0,162.5,161.1,159.7,159.1,159.6,161.0,160.5,157.4,156.0,157.1,160.1,163.3,164.6,163.7,162.7,160.6,159.0,158.3,158.7,159.8,161.5,162.9,163.6,164.0,163.9,163.7,161.8,162.3,161.7,160.3,159.0,158.5,159.1,160.5,-5.0,-3.3,0.9,5.1,6.8,5.3,0.9,-3.3,-10.8,-8.1,-4.2,0.4,4.9,8.3,10.7,7.9,4.1,-0.1,-4.3,-8.1,-1.0,0.9,2.7,3.5,2.7,0.9,-0.9,-1.7,46.1,47.4,51.3,55.5,57.5,56.1,52.2,47.7,42.0,44.6,48.2,52.7,56.9,60.1,62.1,60.2,57.2,53.5,49.3,45.2,49.9,51.7,53.4,54.0,53.2,51.4,49.7,49.1,-35.2,-39.5,-41.3,-39.5,-35.2,-30.6,-29.2,-31.0,-33.6,-35.7,-37.1,-37.8,-37.0,-35.2,-32.6,-31.0,-30.4,-30.1,-30.5,-31.6,-33.3,-32.5,-33.3,-35.2,-37.0,-37.8,-37.0,-35.2,-37.1,-41.4,-43.5,-42.0,-37.9,-33.5,-31.5,-32.6,-34.1,-36.9,-39.1,-40.2,-39.8,-38.5,-36.4,-34.3,-33.0,-32.3,-32.3,-32.7,-35.4,-34.8,-35.7,-37.6,-39.4,-40.0,-39.1,-37.2,518.4,518.9,519.2,519.1,518.6,518.4,517.8,517.9,522.3,519.8,517.6,516.6,517.4,518.9,520.6,518.9,517.2,516.7,517.7,519.8,519.1,519.0,519.2,519.4,519.6,519.6,519.5,519.3,536.3,537.3,539.0,540.3,540.5,539.4,537.8,536.6,536.7,535.9,535.8,536.8,539.5,543.0,546.3,543.0,539.7,537.2,536.0,536.1,538.3,538.9,539.6,540.0,540.0,539.4,538.7,538.2,31.7,-3.6,656.1,0.187,-0.193,0.019,221.3,221.7,223.2,225.7,230.5,237.9,247.0,257.5,268.1,276.7,282.8,288.5,293.5,297.2,299.6,301.3,301.9,232.4,239.1,247.8,256.5,264.3,279.6,286.0,292.2,298.2,301.9,272.1,273.2,274.4,275.5,263.8,268.4,272.9,276.9,280.3,241.8,247.1,253.2,258.2,253.0,246.9,280.5,285.4,290.9,294.5,291.3,286.0,253.6,261.7,268.3,272.0,275.8,280.3,283.8,280.2,275.8,271.7,267.5,261.1,256.6,267.8,271.7,275.5,281.7,275.5,271.6,267.7,162.1,173.7,185.2,196.3,206.7,215.6,223.0,228.5,229.7,227.5,221.2,213.3,204.3,194.3,183.8,173.0,162.0,154.2,149.5,148.3,149.6,152.5,152.0,149.0,147.6,148.4,152.6,161.1,168.7,176.4,184.2,189.3,190.8,192.0,190.7,189.0,162.3,159.4,159.5,163.2,164.5,164.6,162.8,158.8,158.7,161.4,163.8,164.0,204.2,201.9,200.5,201.5,200.4,201.7,203.5,208.6,210.9,211.4,211.1,209.1,204.5,204.1,204.5,203.9,204.0,205.2,205.8,205.5,-50.1,-49.7,-47.3,-43.1,-34.6,-21.4,-5.3,13.0,31.2,46.8,58.9,70.2,80.0,86.8,91.0,94.0,94.9,-29.3,-17.9,-3.6,10.6,23.3,48.7,60.1,71.4,82.7,90.3,36.4,37.8,39.3,40.7,22.6,30.0,37.5,44.3,50.2,-13.7,-4.8,5.4,13.6,5.1,-5.1,51.6,60.1,69.8,76.8,70.6,61.1,6.1,19.3,30.1,36.3,42.8,50.8,58.0,50.9,42.9,35.9,29.0,18.4,11.1,29.4,35.9,42.5,54.1,42.4,35.8,29.3,-44.4,-24.2,-4.0,15.6,34.0,49.6,62.1,70.8,72.9,70.2,60.4,47.1,30.9,12.5,-6.8,-26.6,-46.7,-55.4,-62.6,-64.2,-61.8,-57.0,-58.5,-64.3,-67.5,-67.0,-60.8,-43.4,-30.5,-17.9,-5.3,3.0,5.4,7.3,5.2,2.5,-41.9,-46.5,-46.5,-40.5,-38.1,-37.9,-41.8,-48.7,-49.1,-45.0,-40.5,-40.0,28.1,23.9,21.4,23.2,21.3,23.8,27.4,35.6,38.9,39.6,39.1,35.9,28.5,27.5,28.1,27.3,28.1,29.4,30.4,29.8,682.5,685.8,689.8,692.4,692.0,689.3,683.3,675.4,675.4,685.1,700.7,713.1,718.6,718.2,716.4,714.9,714.6,650.1,644.3,640.3,637.0,635.5,643.4,651.4,660.5,670.2,680.4,641.5,635.7,629.4,623.7,639.4,638.5,638.3,641.9,646.1,650.2,647.5,648.3,650.0,648.4,647.6,660.4,663.0,667.2,673.7,667.5,663.4,656.9,646.7,643.1,644.5,646.9,656.3,670.2,658.0,650.0,647.1,646.0,649.0,654.9,646.0,647.0,650.0,666.2,649.7,646.7,646.0,0.59,0.193,-0.253,0.03,268.807,185.166,-5.435,8.518,-10.79,14.315,5.024,2.658,-5.303,2.617,3.189,-2.103,0.069,1.355,-0.08,-2.04,-0.729,-0.262,0.064,1.02,-1.294,-0.973,0.531,-0.4,-0.067,-0.391,0.087,0.007,0.045,0.027,-0.112,-0.002,-0.026,0.004,0.005,-0.006,0.06,0.0,0.0,0.48,0.0,0.0,0.08,0.0,0.0,0.17,0.0,0.0,0.0,0.0,0.0,0.0,0.0,0.0,1.0,0.0,1.0,0.0,0.0,0.0,0.0,0.0,0.0,0.0,0.0,0.0,0.0,0.0,0.0,1.0,0.0
PP133,g1,5698,0,0.975,0.209671,0.17871,-0.961302,0.050715,0.175143,-0.983236,0.133,0.18,246.2,247.6,250.7,253.9,255.2,254.1,250.7,247.5,241.9,243.9,246.8,250.3,253.7,256.3,258.0,256.0,253.1,249.9,246.8,244.0,249.3,250.7,252.1,252.6,252.1,250.7,249.3,248.7,283.6,284.5,287.2,290.2,291.6,290.7,288.0,284.8,280.6,282.5,285.2,288.4,291.3,293.3,294.4,293.4,291.5,289.0,286.0,283.0,286.3,287.6,288.7,289.1,288.5,287.2,286.1,285.7,160.8,157.6,156.3,157.7,160.9,164.3,165.4,164.1,162.3,160.5,159.4,158.8,159.5,160.9,163.0,164.1,164.5,164.6,164.4,163.7,162.3,162.9,162.4,161.0,159.6,159.0,159.5,160.9,160.4,157.3,155.9,157.0,160.0,163.2,164.5,163.6,162.6,160.5,158.9,158.2,158.6,159.7,161.4,162.8,163.5,163.9,163.8,163.6,161.7,162.2,161.6,160.2,158.9,158.4,159.0,160.4,-5.0,-3.2,0.9,5.1,6.8,5.4,0.9,-3.3,-10.8,-8.1,-4.2,0.4,4.9,8.3,10.7,7.9,4.1,-0.1,-4.3,-8.0,-0.9,0.9,2.7,3.5,2.7,0.9,-0.9,-1.7,46.1,47.4,51.3,55.5,57.5,56.1,52.2,47.7,42.0,44.6,48.2,52.7,56.9,60.1,62.1,60.2,57.2,53.5,49.3,45.2,49.9,51.7,53.4,54.0,53.2,51.4,49.7,49.1,-35.3,-39.6,-41.4,-39.6,-35.3,-30.7,-29.3,-31.0,-33.6,-35.8,-37.2,-37.8,-37.1,-35.2,-32.6,-31.1,-30.4,-30.2,-30.6,-31.7,-33.4,-32.6,-33.4,-35.2,-37.1,-37.9,-37.1,-35.2,-37.2,-41.5,-43.6,-42.1,-37.9,-33.6,-31.6,-32.7,-34.2,-37.0,-39.2,-40.3,-39.9,-38.6,-36.5,-34.3,-33.0,-32.4,-32.4,-32.8,-35.5,-34.9,-35.7,-37.7,-39.5,-40.1,-39.2,-37.3,517.5,518.0,518.3,518.2,517.8,517.5,516.9,517.0,521.4,518.9,516.7,515.8,516.5,518.0,519.8,518.0,516.3,515.8,516.8,518.9,518.2,518.1,518.3,518.5,518.7,518.8,518.6,518.4,535.5,536.6,538.2,539.5,539.7,538.7,537.0,535.8,535.9,535.2,535.0,536.1,538.7,542.2,545.6,542.2,538.9,536.4,535.2,535.3,537.5,538.1,538.8,539.3,539.2,538.6,537.9,537.5,31.7,-3.8,655.7,0.184,-0.194,0.019,221.2,221.7,223.2,225.7,230.4,237.8,247.0,257.5,268.1,276.6,282.8,288.5,293.5,297.2,299.6,301.4,301.9,232.3,239.0,247.8,256.6,264.5,279.6,286.1,292.3,298.3,302.0,272.2,273.3,274.4,275.6,263.8,268.4,273.0,277.0,280.4,241.8,247.1,253.3,258.2,253.1,246.9,280.6,285.5,290.9,294.6,291.4,286.0,253.7,261.7,268.3,272.0,275.9,280.3,283.8,280.2,275.8,271.7,267.5,261.1,256.7,267.8,271.7,275.5,281.8,275.5,271.6,267.7,162.0,173.7,185.2,196.3,206.6,215.6,222.9,228.4,229.6,227.5,221.1,213.3,204.3,194.3,183.7,172.9,161.9,154.3,149.5,148.3,149.5,152.4,151.9,148.9,147.5,148.4,152.6,161.0,168.6,176.2,184.1,189.2,190.7,191.9,190.5,188.9,162.2,159.3,159.4,163.1,164.4,164.6,162.7,158.7,158.6,161.3,163.7,163.9,204.1,201.8,200.4,201.5,200.3,201.6,203.4,208.5,210.7,211.3,211.0,209.0,204.4,204.0,204.3,203.8,203.9,205.1,205.7,205.4,-50.2,-49.7,-47.3,-43.0,-34.6,-21.5,-5.3,13.0,31.2,46.7,58.8,70.2,79.9,86.8,91.0,94.0,94.9,-29.5,-18.1,-3.6,10.7,23.5,48.7,60.1,71.5,82.9,90.5,36.4,37.8,39.4,40.8,22.6,30.1,37.5,44.3,50.2,-13.7,-4.7,5.4,13.6,5.1,-5.1,51.7,60.2,69.9,76.9,70.7,61.1,6.1,19.4,30.1,36.3,42.8,50.8,58.0,50.8,42.9,35.9,29.0,18.4,11.2,29.5,35.9,42.5,54.1,42.4,35.8,29.3,-44.5,-24.3,-4.1,15.5,33.9,49.5,61.9,70.7,72.8,70.0,60.3,47.0,30.9,12.4,-6.9,-26.7,-46.8,-55.3,-62.6,-64.3,-61.9,-57.1,-58.6,-64.4,-67.6,-67.1,-60.7,-43.6,-30.7,-18.2,-5.5,2.7,5.2,7.1,5.0,2.3,-42.1,-46.7,-46.7,-40.6,-38.3,-38.0,-41.9,-48.9,-49.3,-45.1,-40.7,-40.1,27.9,23.7,21.3,23.0,21.2,23.7,27.2,35.4,38.6,39.4,38.9,35.7,28.3,27.3,27.9,27.1,27.9,29.3,30.2,29.6,682.2,685.4,689.2,691.7,691.3,688.6,682.7,674.8,674.8,684.5,700.1,712.5,718.0,717.8,716.2,714.9,714.7,650.0,644.1,640.0,636.6,635.1,643.1,651.0,660.3,670.1,680.4,641.1,635.3,628.9,623.2,638.9,637.9,637.8,641.4,645.6,649.9,647.1,648.0,649.7,648.0,647.2,660.0,662.7,666.9,673.4,667.2,663.1,656.3,646.2,642.7,644.0,646.5,655.8,669.7,657.5,649.5,646.6,645.5,648.5,654.3,645.5,646.5,649.5,665.7,649.2,646.2,645.5,0.591,0.19,-0.255,0.03,268.827,185.083,-4.894,8.31,-10.459,14.294,5.44,2.656,-5.352,2.147,3.565,-2.073,-0.058,1.352,-0.134,-1.867,-0.706,-0.275,0.074,1.086,-1.347,-0.794,0.576,-0.449,-0.077,-0.426,0.085,-0.035,0.057,0.032,-0.107,-0.006,-0.026,0.009,0.011,-0.009,0.01,0.04,0.0,0.34,0.0,0.0,0.02,0.0,0.0,0.31,0.0,0.0,0.0,0.0,0.0,0.0,0.0,0.0,1.0,0.0,0.0,0.0,0.0,0.0,0.0,0.0,0.0,0.0,0.0,0.0,0.0,0.0,0.0,1.0,0.0
PP133,g1,5704,0,0.975,0.208657,0.178431,-0.961574,0.050826,0.175175,-0.983225,0.133,0.18,246.2,247.5,250.7,253.8,255.1,254.0,250.7,247.5,241.9,243.9,246.8,250.3,253.7,256.2,258.0,256.0,253.1,249.9,246.7,243.9,249.3,250.6,252.0,252.6,252.0,250.7,249.3,248.7,283.6,284.5,287.2,290.1,291.5,290.6,287.9,284.7,280.6,282.5,285.1,288.3,291.2,293.2,294.4,293.3,291.4,288.9,286.0,282.9,286.2,287.5,288.7,289.1,288.5,287.2,286.0,285.6,160.7,157.5,156.1,157.5,160.7,164.1,165.2,163.9,162.1,160.4,159.2,158.7,159.3,160.7,162.8,163.9,164.3,164.5,164.2,163.5,162.2,162.7,162.2,160.8,159.4,158.8,159.4,160.8,160.1,157.0,155.6,156.8,159.8,162.9,164.3,163.4,162.3,160.2,158.7,157.9,158.3,159.4,161.1,162.5,163.3,163.6,163.6,163.3,161.5,162.0,161.3,160.0,158.7,158.2,158.8,160.1,-5.0,-3.3,0.9,5.1,6.8,5.3,0.9,-3.3,-10.9,-8.1,-4.3,0.3,4.9,8.3,10.7,7.9,4.1,-0.2,-4.3,-8.1,-1.0,0.9,2.7,3.4,2.7,0.9,-1.0,-1.7,46.0,47.4,51.2,55.4,57.4,56.0,52.1,47.7,42.0,44.5,48.1,52.6,56.8,60.0,62.0,60.1,57.2,53.5,49.3,45.1,49.9,51.7,53.4,54.0,53.1,51.3,49.6,49.0,-35.6,-39.9,-41.7,-39.9,-35.6,-31.0,-29.5,-31.3,-33.9,-36.1,-37.5,-38.1,-37.4,-35.5,-32.9,-31.4,-30.7,-30.5,-30.9,-31.9,-33.7,-32.9,-33.6,-35.5,-37.4,-38.2,-37.4,-35.5,-37.5,-41.9,-43.9,-42.5,-38.3,-33.9,-31.9,-33.1,-34.5,-37.4,-39.5,-40.6,-40.2,-39.0,-36.8,-34.7,-33.4,-32.8,-32.8,-33.1,-35.9,-35.2,-36.1,-38.0,-39.8,-40.5,-39.6,-37.7,518.1,518.7,519.0,518.8,518.4,518.1,517.6,517.7,522.1,519.6,517.4,516.4,517.1,518.6,520.3,518.6,516.9,516.5,517.4,519.6,518.8,518.8,518.9,519.1,519.3,519.4,519.2,519.0,535.7,536.8,538.4,539.7,539.9,538.9,537.2,536.0,536.1,535.4,535.2,536.3,539.0,542.5,545.8,542.5,539.1,536.6,535.5,535.6,537.7,538.3,539.0,539.5,539.4,538.9,538.1,537.7,31.7,-4.1,656.2,0.185,-0.193,0.016,221.3,221.7,223.2,225.8,230.6,238.0,247.2,257.7,268.2,276.8,282.9,288.5,293.5,297.2,299.6,301.3,301.8,232.3,239.0,247.7,256.4,264.3,279.5,286.0,292.2,298.2,301.8,272.1,273.2,274.4,275.5,263.8,268.4,273.0,277.0,280.4,241.7,247.1,253.2,258.2,253.0,246.9,280.5,285.4,290.9,294.5,291.3,286.0,253.7,261.7,268.3,272.0,275.9,280.3,283.8,280.2,275.8,271.7,267.6,261.1,256.7,267.9,271.7,275.6,281.8,275.6,271.7,267.8,161.9,173.6,185.1,196.2,206.6,215.5,222.8,228.2,229.4,227.2,220.8,213.0,204.0,194.0,183.5,172.7,161.7,154.1,149.3,148.1,149.3,152.1,151.6,148.6,147.3,148.1,152.3,160.7,168.4,176.0,183.9,189.0,190.5,191.7,190.3,188.7,162.0,159.1,159.2,162.9,164.3,164.4,162.4,158.4,158.4,161.1,163.4,163.6,203.9,201.6,200.2,201.2,200.0,201.3,203.2,208.3,210.6,211.1,210.9,208.9,204.2,203.8,204.1,203.6,203.7,204.9,205.6,205.2,-50.2,-49.7,-47.3,-43.0,-34.5,-21.2,-4.9,13.4,31.6,47.0,59.1,70.4,80.0,86.8,91.0,93.9,94.8,-29.4,-18.1,-3.8,10.5,23.3,48.7,60.0,71.4,82.7,90.3,36.4,37.8,39.3,40.8,22.6,30.1,37.6,44.3,50.3,-13.7,-4.8,5.3,13.6,5.0,-5.1,51.6,60.1,69.8,76.8,70.6,61.1,6.2,19.4,30.2,36.3,42.9,50.9,58.0,50.9,43.0,36.0,29.1,18.5,11.2,29.6,36.0,42.5,54.2,42.5,35.9,29.4,-44.7,-24.5,-4.3,15.4,33.8,49.4,61.8,70.4,72.4,69.6,59.8,46.5,30.3,11.9,-7.4,-27.1,-47.2,-55.6,-63.0,-64.7,-62.3,-57.6,-59.1,-64.9,-68.1,-67.6,-61.3,-44.0,-31.1,-18.5,-5.8,2.4,4.8,6.8,4.7,1.9,-42.4,-47.0,-47.0,-41.0,-38.6,-38.4,-42.4,-49.3,-49.8,-45.6,-41.1,-40.6,27.6,23.4,20.9,22.6,20.7,23.3,26.9,35.1,38.4,39.2,38.7,35.5,28.0,27.0,27.5,26.7,27.6,28.9,29.9,29.3,682.7,686.0,690.0,692.5,692.1,689.3,683.3,675.4,675.4,685.2,700.7,713.1,718.5,718.1,716.4,715.0,714.7,650.4,644.5,640.5,637.2,635.7,643.8,651.7,660.9,670.5,680.6,641.7,635.9,629.6,623.8,639.5,638.5,638.4,642.0,646.2,650.3,647.6,648.4,650.2,648.5,647.7,660.5,663.2,667.4,673.9,667.7,663.6,657.0,646.8,643.2,644.6,647.0,656.4,670.3,658.1,650.1,647.2,646.1,649.0,655.0,646.1,647.0,650.0,666.3,649.8,646.8,646.1,0.59,0.19,-0.254,0.027,268.83,184.875,-5.613,8.932,-10.664,14.377,5.212,2.652,-5.326,2.488,3.273,-2.182,-0.004,1.37,0.244,-2.041,-0.786,-0.187,0.161,1.148,-1.151,-0.76,0.541,-0.459,-0.071,-0.467,0.06,-0.005,0.051,0.039,-0.117,-0.003,-0.02,0.003,0.005,-0.003,0.09,0.0,0.0,0.41,0.0,0.0,0.07,0.0,0.0,0.25,0.0,0.0,0.0,0.0,0.0,0.0,0.0,0.0,1.0,0.0,0.0,0.0,0.0,0.0,0.0,0.0,0.0,0.0,0.0,0.0,0.0,0.0,0.0,1.0,0.0
PP133,g1,5710,0,0.975,0.210756,0.178188,-0.961161,0.051867,0.174976,-0.983206,0.134,0.18,246.2,247.5,250.7,253.8,255.1,254.0,250.6,247.5,241.9,243.9,246.8,250.3,253.7,256.2,258.0,255.9,253.1,249.9,246.7,243.9,249.3,250.6,252.0,252.6,252.0,250.6,249.3,248.7,283.5,284.4,287.1,290.1,291.5,290.6,287.9,284.7,280.6,282.5,285.1,288.3,291.2,293.2,294.3,293.3,291.4,288.9,285.9,282.9,286.2,287.5,288.7,289.1,288.4,287.1,286.0,285.6,160.7,157.5,156.2,157.5,160.7,164.2,165.2,163.9,162.2,160.4,159.3,158.7,159.3,160.8,162.8,163.9,164.3,164.5,164.2,163.5,162.2,162.8,162.2,160.8,159.4,158.8,159.4,160.8,160.2,157.1,155.7,156.8,159.8,162.9,164.3,163.4,162.4,160.3,158.7,157.9,158.4,159.4,161.2,162.5,163.3,163.7,163.6,163.4,161.5,162.0,161.4,160.0,158.7,158.2,158.8,160.2,-5.0,-3.3,0.9,5.0,6.8,5.3,0.9,-3.3,-10.9,-8.1,-4.3,0.3,4.9,8.3,10.6,7.9,4.1,-0.2,-4.3,-8.1,-1.0,0.8,2.7,3.4,2.7,0.8,-1.0,-1.7,46.1,47.4,51.3,55.4,57.4,56.1,52.2,47.7,42.0,44.6,48.1,52.7,56.9,60.0,62.0,60.2,57.2,53.5,49.3,45.2,49.9,51.7,53.4,54.0,53.1,51.3,49.6,49.0,-35.5,-39.8,-41.6,-39.8,-35.5,-30.9,-29.5,-31.2,-33.8,-36.0,-37.4,-38.1,-37.3,-35.5,-32.9,-31.3,-30.7,-30.4,-30.8,-31.9,-33.6,-32.8,-33.6,-35.5,-37.3,-38.1,-37.3,-35.5,-37.5,-41.9,-43.9,-42.5,-38.3,-33.9,-31.9,-33.1,-34.5,-37.4,-39.5,-40.6,-40.2,-39.0,-36.9,-34.7,-33.4,-32.8,-32.8,-33.1,-35.9,-35.2,-36.1,-38.0,-39.8,-40.5,-39.6,-37.7,517.8,518.4,518.7,518.6,518.1,517.8,517.3,517.4,521.8,519.3,517.1,516.1,516.8,518.4,520.1,518.4,516.7,516.2,517.2,519.3,518.5,518.5,518.6,518.9,519.1,519.1,519.0,518.7,536.5,537.5,539.2,540.5,540.6,539.6,537.9,536.8,536.8,536.1,536.0,537.0,539.7,543.2,546.5,543.2,539.8,537.4,536.2,536.3,538.5,539.0,539.8,540.2,540.1,539.6,538.8,538.4,31.8,-4.1,656.3,0.183,-0.195,0.016,221.3,221.7,223.2,225.7,230.5,237.9,247.1,257.7,268.2,276.8,282.9,288.5,293.5,297.2,299.6,301.3,301.8,232.3,239.1,247.8,256.5,264.3,279.5,286.0,292.2,298.1,301.8,272.1,273.2,274.4,275.6,263.9,268.4,273.0,277.0,280.4,241.7,247.1,253.2,258.2,253.0,246.9,280.5,285.4,290.8,294.5,291.3,285.9,253.8,261.8,268.4,272.1,275.9,280.3,283.8,280.3,275.9,271.8,267.7,261.2,256.8,267.9,271.8,275.6,281.8,275.6,271.7,267.8,162.0,173.7,185.2,196.2,206.6,215.5,222.8,228.2,229.4,227.2,220.9,213.0,204.1,194.1,183.6,172.8,161.8,154.0,149.3,148.1,149.4,152.2,151.7,148.7,147.3,148.1,152.2,160.8,168.4,176.0,183.8,189.0,190.5,191.7,190.3,188.7,162.1,159.2,159.2,162.9,164.3,164.4,162.5,158.5,158.4,161.1,163.5,163.6,204.0,201.7,200.2,201.3,200.1,201.4,203.2,208.3,210.6,211.1,210.9,208.9,204.3,203.9,204.2,203.6,203.7,204.9,205.5,205.2,-50.2,-49.7,-47.3,-43.0,-34.6,-21.3,-5.1,13.3,31.5,47.0,59.0,70.3,80.0,86.8,91.0,93.9,94.8,-29.4,-18.0,-3.6,10.6,23.3,48.7,60.0,71.3,82.6,90.3,36.4,37.8,39.4,40.9,22.7,30.2,37.6,44.4,50.3,-13.8,-4.8,5.3,13.6,5.0,-5.1,51.6,60.1,69.8,76.8,70.6,61.1,6.3,19.6,30.3,36.4,42.9,50.9,58.1,51.0,43.1,36.1,29.2,18.6,11.3,29.7,36.1,42.6,54.2,42.6,36.0,29.5,-44.5,-24.3,-4.1,15.4,33.8,49.4,61.7,70.3,72.4,69.6,59.9,46.6,30.5,12.1,-7.2,-26.9,-47.0,-55.8,-63.0,-64.6,-62.2,-57.5,-59.0,-64.8,-68.0,-67.7,-61.5,-43.9,-31.1,-18.5,-5.9,2.5,4.9,6.8,4.7,1.9,-42.3,-47.0,-46.9,-40.9,-38.5,-38.3,-42.3,-49.3,-49.7,-45.6,-41.1,-40.5,27.7,23.5,21.0,22.7,20.8,23.4,27.0,35.1,38.4,39.2,38.7,35.5,28.1,27.1,27.6,26.8,27.6,29.0,29.9,29.3,682.6,685.8,689.7,692.3,691.9,689.1,683.2,675.3,675.3,685.0,700.7,713.2,718.7,718.4,716.8,715.3,715.1,650.3,644.5,640.5,637.3,635.8,643.8,651.8,661.0,670.8,681.0,641.8,636.0,629.7,623.9,639.5,638.6,638.5,642.1,646.3,650.5,647.7,648.6,650.3,648.6,647.9,660.7,663.4,667.6,674.2,667.9,663.8,656.9,646.8,643.3,644.6,647.1,656.4,670.4,658.1,650.1,647.2,646.1,649.0,654.9,646.1,647.1,650.1,666.3,649.8,646.8,646.1,0.59,0.189,-0.256,0.028,268.837,184.906,-5.446,8.514,-10.956,14.328,5.288,2.536,-5.309,2.748,3.336,-1.947,0.294,1.435,-0.219,-2.134,-0.742,-0.17,0.161,1.051,-1.307,-0.818,0.602,-0.505,-0.077,-0.412,0.058,0.033,0.029,0.046,-0.114,-0.006,-0.021,0.004,0.007,-0.004,0.35,0.22,0.0,0.12,0.0,0.0,0.09,0.0,0.0,0.18,0.0,0.0,0.0,0.0,0.0,0.0,0.0,0.0,1.0,0.0,0.0,0.0,0.0,0.0,0.0,0.0,0.0,0.0,0.0,0.0,0.0,0.0,0.0,1.0,0.0
PP133,g1,5716,0,0.975,0.208613,0.177601,-0.961737,0.050495,0.174015,-0.983447,0.132,0.179,246.2,247.5,250.6,253.8,255.1,254.0,250.6,247.5,241.8,243.9,246.8,250.2,253.6,256.2,258.0,255.9,253.0,249.8,246.7,243.9,249.2,250.6,252.0,252.6,252.0,250.6,249.2,248.7,283.5,284.4,287.1,290.1,291.5,290.6,287.9,284.7,280.5,282.5,285.1,288.3,291.2,293.2,294.3,293.3,291.4,288.9,285.9,282.9,286.2,287.5,288.7,289.0,288.4,287.1,286.0,285.6,160.6,157.4,156.1,157.5,160.7,164.1,165.2,163.8,162.1,160.3,159.2,158.6,159.3,160.7,162.8,163.9,164.3,164.4,164.2,163.5,162.1,162.7,162.2,160.8,159.3,158.8,159.3,160.7,160.2,157.0,155.7,156.8,159.8,162.9,164.3,163.4,162.4,160.2,158.7,157.9,158.4,159.5,161.2,162.6,163.3,163.7,163.6,163.4,161.5,162.0,161.4,160.0,158.7,158.2,158.8,160.2,-5.1,-3.3,0.8,5.0,6.7,5.3,0.8,-3.4,-10.9,-8.2,-4.3,0.3,4.8,8.2,10.6,7.8,4.0,-0.2,-4.4,-8.1,-1.0,0.8,2.6,3.4,2.6,0.8,-1.0,-1.8,46.0,47.3,51.2,55.4,57.4,56.0,52.1,47.6,41.9,44.5,48.1,52.6,56.8,59.9,62.0,60.1,57.1,53.4,49.2,45.1,49.8,51.6,53.3,53.9,53.1,51.2,49.5,49.0,-35.6,-39.9,-41.7,-39.9,-35.6,-31.0,-29.6,-31.3,-33.9,-36.1,-37.5,-38.1,-37.4,-35.5,-32.9,-31.4,-30.7,-30.5,-30.9,-31.9,-33.7,-32.9,-33.7,-35.5,-37.4,-38.2,-37.4,-35.5,-37.5,-41.8,-43.9,-42.4,-38.3,-33.9,-31.9,-33.0,-34.5,-37.3,-39.5,-40.6,-40.2,-38.9,-36.8,-34.6,-33.4,-32.7,-32.7,-33.1,-35.8,-35.2,-36.1,-38.0,-39.8,-40.4,-39.5,-37.6,517.9,518.4,518.7,518.6,518.1,517.8,517.3,517.4,521.8,519.3,517.1,516.1,516.9,518.4,520.1,518.4,516.7,516.2,517.2,519.3,518.6,518.5,518.6,518.9,519.1,519.1,519.0,518.8,535.8,536.8,538.5,539.8,539.9,538.9,537.2,536.0,536.1,535.4,535.3,536.3,539.0,542.5,545.8,542.5,539.1,536.7,535.5,535.6,537.8,538.3,539.1,539.5,539.4,538.9,538.1,537.7,31.6,-4.0,655.7,0.184,-0.193,0.018,221.3,221.6,223.2,225.7,230.5,237.9,247.1,257.6,268.2,276.7,282.8,288.4,293.4,297.1,299.6,301.3,301.8,232.3,239.1,247.7,256.4,264.3,279.5,286.0,292.2,298.1,301.8,272.1,273.2,274.4,275.5,263.8,268.4,272.9,276.9,280.3,241.7,247.1,253.2,258.1,253.0,246.9,280.5,285.4,290.8,294.5,291.3,285.9,253.6,261.7,268.3,271.9,275.8,280.2,283.8,280.2,275.7,271.6,267.5,261.0,256.6,267.8,271.6,275.5,281.7,275.5,271.6,267.7,161.9,173.6,185.1,196.2,206.6,215.6,222.9,228.3,229.5,227.3,221.0,213.2,204.2,194.3,183.8,173.0,162.0,154.0,149.3,148.1,149.3,152.2,151.7,148.7,147.3,148.2,152.3,160.7,168.4,176.0,183.9,189.0,190.5,191.7,190.4,188.7,162.0,159.1,159.2,162.9,164.2,164.3,162.5,158.5,158.4,161.1,163.5,163.6,204.1,201.8,200.3,201.3,200.2,201.5,203.3,208.5,210.8,211.4,211.1,209.0,204.3,204.0,204.3,203.7,203.8,205.1,205.7,205.4,-50.2,-49.7,-47.4,-43.0,-34.5,-21.3,-5.1,13.2,31.4,46.8,58.8,70.1,79.8,86.5,90.8,93.8,94.7,-29.4,-18.0,-3.7,10.5,23.2,48.6,60.0,71.3,82.6,90.2,36.3,37.7,39.2,40.7,22.6,30.0,37.4,44.2,50.1,-13.8,-4.9,5.3,13.5,5.0,-5.2,51.5,60.0,69.7,76.7,70.5,61.0,6.1,19.3,30.0,36.2,42.7,50.8,57.9,50.8,42.8,35.8,28.9,18.3,11.1,29.4,35.8,42.4,54.0,42.3,35.7,29.2,-44.6,-24.4,-4.2,15.4,33.8,49.5,61.8,70.5,72.5,69.8,60.1,46.8,30.7,12.4,-6.8,-26.6,-46.7,-55.8,-63.0,-64.6,-62.2,-57.5,-59.0,-64.7,-67.9,-67.5,-61.3,-43.9,-31.1,-18.5,-5.8,2.5,4.9,6.8,4.7,2.0,-42.4,-47.0,-47.0,-41.0,-38.6,-38.4,-42.3,-49.2,-49.7,-45.5,-41.0,-40.5,27.8,23.6,21.1,22.8,21.0,23.5,27.2,35.4,38.7,39.5,39.0,35.8,28.2,27.2,27.7,26.9,27.9,29.3,30.2,29.6,682.1,685.3,689.3,691.8,691.3,688.5,682.5,674.7,674.6,684.4,699.9,712.4,717.8,717.5,715.8,714.4,714.2,649.8,644.0,640.0,636.7,635.2,643.3,651.2,660.4,670.1,680.2,641.2,635.3,629.0,623.2,638.9,638.0,637.8,641.4,645.7,649.9,647.2,648.0,649.7,648.1,647.3,660.1,662.7,666.9,673.4,667.2,663.1,656.4,646.2,642.7,644.0,646.5,655.8,669.7,657.6,649.7,646.8,645.7,648.6,654.4,645.6,646.5,649.5,665.7,649.4,646.3,645.6,0.591,0.189,-0.254,0.029,268.774,184.966,-6.301,8.825,-10.638,14.845,5.545,2.585,-5.093,2.966,3.684,-1.861,0.222,1.274,0.024,-2.121,-0.902,-0.025,0.15,1.245,-1.295,-0.932,0.637,-0.564,-0.074,-0.385,0.08,-0.004,0.042,0.029,-0.109,0.003,-0.031,0.008,0.005,-0.004,0.26,0.05,0.0,0.68,0.0,0.0,0.12,0.0,0.0,0.38,0.0,0.0,0.0,0.0,0.0,0.0,0.0,0.0,1.0,0.0,0.0,0.0,0.0,0.0,0.0,0.0,0.0,0.0,0.0,0.0,0.0,0.0,0.0,1.0,0.0
PP133,g1,5722,0,0.975,0.210966,0.178143,-0.961123,0.052024,0.174839,-0.983222,0.134,0.18,246.1,247.5,250.6,253.7,255.0,254.0,250.6,247.4,241.8,243.8,246.7,250.2,253.6,256.2,257.9,255.9,253.0,249.8,246.7,243.9,249.2,250.6,252.0,252.5,252.0,250.6,249.2,248.6,283.5,284.4,287.1,290.0,291.5,290.6,287.9,284.7,280.5,282.4,285.0,288.3,291.1,293.1,294.3,293.2,291.4,288.9,285.9,282.9,286.2,287.4,288.6,289.0,288.4,287.1,285.9,285.5,160.7,157.5,156.2,157.5,160.7,164.2,165.2,163.9,162.1,160.4,159.2,158.7,159.3,160.8,162.8,163.9,164.3,164.5,164.2,163.5,162.2,162.8,162.2,160.8,159.4,158.8,159.4,160.8,160.1,157.0,155.6,156.8,159.8,162.9,164.3,163.4,162.3,160.2,158.7,157.9,158.3,159.4,161.1,162.5,163.3,163.7,163.6,163.3,161.5,162.0,161.3,160.0,158.7,158.2,158.8,160.1,-5.1,-3.4,0.8,5.0,6.7,5.2,0.8,-3.4,-11.0,-8.2,-4.3,0.3,4.8,8.2,10.6,7.8,4.0,-0.2,-4.4,-8.2,-1.1,0.8,2.6,3.4,2.6,0.8,-1.1,-1.8,45.9,47.3,51.1,55.3,57.3,56.0,52.1,47.6,41.9,44.4,48.0,52.5,56.7,59.9,61.9,60.0,57.1,53.4,49.2,45.0,49.8,51.6,53.3,53.9,53.0,51.2,49.5,48.9,-35.5,-39.8,-41.6,-39.8,-35.5,-30.9,-29.5,-31.2,-33.8,-36.0,-37.4,-38.1,-37.3,-35.5,-32.9,-31.3,-30.7,-30.4,-30.8,-31.9,-33.6,-32.8,-33.6,-35.5,-37.3,-38.1,-37.3,-35.5,-37.5,-41.9,-43.9,-42.5,-38.3,-33.9,-31.9,-33.1,-34.5,-37.4,-39.5,-40.6,-40.2,-39.0,-36.8,-34.7,-33.4,-32.8,-32.8,-33.1,-35.9,-35.2,-36.1,-38.0,-39.8,-40.5,-39.6,-37.7,517.4,517.9,518.2,518.1,517.7,517.4,516.8,516.9,521.3,518.8,516.6,515.7,516.4,517.9,519.6,517.9,516.2,515.7,516.7,518.8,518.1,518.0,518.2,518.4,518.6,518.6,518.5,518.3,535.7,536.7,538.4,539.7,539.9,538.8,537.2,536.0,536.1,535.3,535.2,536.2,538.9,542.4,545.7,542.4,539.1,536.6,535.4,535.5,537.7,538.3,539.0,539.5,539.4,538.8,538.1,537.6,31.6,-4.1,655.8,0.184,-0.196,0.017,221.2,221.6,223.1,225.6,230.4,237.8,247.0,257.6,268.2,276.7,282.8,288.4,293.4,297.1,299.5,301.2,301.7,232.2,239.0,247.7,256.4,264.3,279.5,285.9,292.1,298.1,301.8,272.1,273.2,274.4,275.5,263.8,268.4,273.0,276.9,280.3,241.7,247.0,253.2,258.1,253.0,246.8,280.5,285.4,290.8,294.5,291.3,285.9,253.7,261.7,268.3,272.0,275.9,280.3,283.8,280.2,275.8,271.7,267.6,261.1,256.7,267.9,271.7,275.5,281.7,275.5,271.7,267.7,161.9,173.6,185.1,196.2,206.5,215.5,222.8,228.2,229.4,227.2,220.9,213.1,204.1,194.1,183.6,172.8,161.8,154.0,149.3,148.1,149.3,152.1,151.6,148.6,147.2,148.1,152.2,160.7,168.4,176.0,183.8,189.0,190.5,191.6,190.3,188.7,162.1,159.1,159.2,162.9,164.3,164.4,162.5,158.4,158.4,161.1,163.4,163.6,204.0,201.7,200.2,201.3,200.1,201.4,203.2,208.4,210.6,211.2,210.9,208.9,204.3,203.9,204.2,203.6,203.7,204.9,205.6,205.3,-50.4,-49.9,-47.5,-43.1,-34.7,-21.4,-5.2,13.2,31.4,46.8,58.8,70.1,79.8,86.6,90.8,93.7,94.6,-29.6,-18.2,-3.8,10.5,23.3,48.5,59.8,71.2,82.5,90.1,36.3,37.7,39.3,40.7,22.6,30.0,37.5,44.3,50.2,-13.9,-4.9,5.2,13.5,4.9,-5.2,51.5,60.0,69.6,76.7,70.5,60.9,6.2,19.4,30.1,36.3,42.8,50.8,58.0,50.9,42.9,35.9,29.0,18.5,11.2,29.5,35.9,42.5,54.1,42.4,35.8,29.3,-44.6,-24.4,-4.3,15.3,33.7,49.3,61.7,70.3,72.3,69.6,59.8,46.6,30.5,12.1,-7.2,-26.9,-47.1,-55.7,-63.0,-64.6,-62.2,-57.5,-59.1,-64.8,-68.1,-67.7,-61.4,-43.9,-31.1,-18.6,-5.9,2.5,4.8,6.8,4.6,1.9,-42.3,-47.0,-47.0,-40.9,-38.5,-38.3,-42.3,-49.3,-49.8,-45.6,-41.1,-40.5,27.7,23.5,21.0,22.7,20.8,23.4,27.0,35.1,38.4,39.2,38.7,35.6,28.1,27.1,27.6,26.8,27.7,29.0,29.9,29.4,682.0,685.2,689.2,691.7,691.3,688.6,682.6,674.8,674.8,684.6,700.1,712.6,718.2,717.9,716.3,714.9,714.7,649.8,644.0,640.0,636.7,635.2,643.3,651.2,660.5,670.2,680.4,641.3,635.5,629.2,623.4,639.1,638.1,638.0,641.6,645.8,649.9,647.2,648.0,649.8,648.1,647.3,660.2,662.8,667.1,673.6,667.4,663.2,656.4,646.3,642.8,644.1,646.6,655.9,669.9,657.7,649.7,646.8,645.7,648.6,654.4,645.6,646.6,649.6,665.8,649.4,646.4,645.6,0.591,0.19,-0.257,0.028,268.773,184.896,-5.516,8.349,-10.859,14.401,5.43,2.495,-5.107,2.766,3.448,-1.886,0.063,1.35,-0.094,-1.892,-0.873,-0.091,0.087,1.141,-1.313,-0.846,0.591,-0.527,-0.1,-0.436,0.076,-0.018,0.027,0.042,-0.109,-0.001,-0.025,0.005,0.01,-0.006,0.25,0.13,0.0,0.3,0.0,0.0,0.09,0.0,0.0,0.25,0.0,0.0,0.0,0.0,0.0,0.0,0.0,0.0,1.0,0.0,0.0,0.0,0.0,0.0,0.0,0.0,0.0,0.0,0.0,0.0,0.0,0.0,0.0,1.0,0.0
PP133,g1,5728,0,0.975,0.210132,0.17894,-0.961158,0.051299,0.175877,-0.983075,0.134,0.181,246.1,247.4,250.5,253.7,255.0,253.9,250.5,247.4,241.8,243.8,246.7,250.1,253.6,256.1,257.9,255.8,252.9,249.8,246.6,243.8,249.1,250.5,251.9,252.5,251.9,250.5,249.1,248.6,283.4,284.3,287.0,289.9,291.4,290.5,287.8,284.6,280.4,282.3,285.0,288.2,291.0,293.0,294.2,293.1,291.3,288.8,285.8,282.8,286.1,287.4,288.5,288.9,288.3,287.0,285.8,285.4,160.8,157.6,156.3,157.6,160.8,164.2,165.3,164.0,162.2,160.5,159.3,158.8,159.4,160.8,162.9,164.0,164.4,164.6,164.3,163.6,162.3,162.9,162.3,160.9,159.5,158.9,159.5,160.9,160.2,157.1,155.7,156.9,159.9,163.0,164.4,163.5,162.4,160.3,158.8,158.0,158.4,159.5,161.2,162.6,163.4,163.7,163.7,163.4,161.5,162.0,161.4,160.1,158.7,158.2,158.9,160.2,-5.2,-3.5,0.7,4.9,6.6,5.2,0.7,-3.5,-11.0,-8.3,-4.4,0.2,4.7,8.1,10.5,7.7,3.9,-0.3,-4.5,-8.2,-1.1,0.7,2.5,3.3,2.5,0.7,-1.1,-1.9,45.9,47.3,51.1,55.3,57.3,56.0,52.1,47.6,41.9,44.4,48.0,52.5,56.8,59.9,61.9,60.0,57.1,53.4,49.2,45.0,49.8,51.6,53.3,53.9,53.0,51.2,49.5,48.9,-35.5,-39.8,-41.6,-39.8,-35.5,-30.9,-29.4,-31.2,-33.8,-36.0,-37.4,-38.0,-37.3,-35.4,-32.9,-31.3,-30.6,-30.4,-30.8,-31.8,-33.6,-32.8,-33.6,-35.4,-37.3,-38.1,-37.3,-35.4,-37.5,-41.9,-43.9,-42.4,-38.3,-33.9,-31.9,-33.0,-34.5,-37.3,-39.5,-40.6,-40.2,-39.0,-36.8,-34.7,-33.4,-32.7,-32.7,-33.1,-35.8,-35.2,-36.1,-38.0,-39.8,-40.5,-39.6,-37.6,518.8,519.4,519.7,519.6,519.1,518.8,518.3,518.4,522.8,520.3,518.1,517.1,517.8,519.4,521.1,519.4,517.7,517.2,518.2,520.3,519.5,519.5,519.6,519.9,520.0,520.1,520.0,519.7,537.1,538.1,539.8,541.1,541.2,540.2,538.5,537.4,537.4,536.7,536.6,537.6,540.3,543.8,547.1,543.8,540.4,538.0,536.8,536.9,539.1,539.6,540.4,540.8,540.7,540.2,539.5,539.0,31.6,-4.0,656.6,0.184,-0.195,0.016,221.2,221.6,223.1,225.6,230.4,237.9,247.1,257.7,268.2,276.7,282.8,288.4,293.4,297.1,299.5,301.2,301.7,232.3,239.0,247.6,256.3,264.1,279.5,285.9,292.0,298.0,301.6,272.0,273.1,274.3,275.4,263.7,268.3,272.9,276.9,280.3,241.6,247.0,253.1,258.0,252.9,246.8,280.4,285.3,290.7,294.4,291.2,285.8,253.6,261.6,268.2,272.0,275.8,280.3,283.8,280.2,275.8,271.7,267.5,261.0,256.6,267.8,271.6,275.5,281.7,275.5,271.6,267.7,162.1,173.7,185.2,196.3,206.6,215.6,222.9,228.3,229.4,227.2,220.9,213.1,204.1,194.1,183.6,172.8,161.8,154.0,149.3,148.1,149.3,152.1,151.6,148.6,147.3,148.1,152.2,160.8,168.5,176.1,183.9,189.1,190.5,191.7,190.4,188.7,162.2,159.3,159.3,163.0,164.4,164.5,162.5,158.5,158.5,161.1,163.5,163.7,204.0,201.7,200.2,201.2,200.1,201.4,203.2,208.4,210.6,211.2,211.0,208.9,204.3,203.9,204.2,203.6,203.7,205.0,205.6,205.3,-50.4,-49.9,-47.5,-43.2,-34.7,-21.4,-5.1,13.3,31.4,46.9,58.9,70.2,79.9,86.6,90.9,93.7,94.6,-29.5,-18.1,-3.9,10.2,22.9,48.6,59.9,71.1,82.3,90.0,36.2,37.6,39.2,40.7,22.5,30.0,37.4,44.2,50.1,-14.0,-5.0,5.1,13.4,4.8,-5.3,51.4,59.9,69.6,76.6,70.4,60.9,6.0,19.3,30.1,36.2,42.8,50.9,58.0,50.9,42.9,35.9,29.0,18.4,11.0,29.4,35.9,42.5,54.2,42.4,35.8,29.2,-44.4,-24.2,-4.0,15.6,33.9,49.5,61.9,70.5,72.5,69.7,59.9,46.7,30.6,12.2,-7.1,-26.9,-47.0,-55.8,-63.0,-64.6,-62.3,-57.6,-59.1,-64.9,-68.1,-67.7,-61.5,-43.9,-31.0,-18.4,-5.8,2.6,4.9,6.9,4.7,2.0,-42.2,-46.9,-46.8,-40.8,-38.4,-38.2,-42.3,-49.2,-49.6,-45.5,-41.0,-40.5,27.7,23.5,21.0,22.7,20.8,23.3,26.9,35.2,38.5,39.3,38.8,35.6,28.1,27.1,27.6,26.8,27.6,29.1,30.0,29.4,682.7,686.0,690.0,692.6,692.2,689.4,683.4,675.5,675.5,685.3,700.9,713.4,718.8,718.4,716.7,715.2,715.0,650.3,644.6,640.7,637.5,636.0,644.1,652.1,661.2,670.7,680.8,642.1,636.3,630.0,624.3,639.9,638.9,638.8,642.4,646.6,650.6,647.9,648.7,650.5,648.8,648.0,660.9,663.5,667.7,674.2,668.0,663.9,657.2,647.1,643.5,644.9,647.3,656.7,670.7,658.5,650.5,647.5,646.4,649.3,655.2,646.4,647.4,650.4,666.7,650.2,647.1,646.4,0.59,0.19,-0.255,0.027,268.727,184.938,-6.326,8.65,-10.801,14.027,5.178,2.595,-5.325,3.099,2.939,-1.983,0.082,1.425,0.058,-2.183,-0.78,-0.181,0.083,1.07,-1.322,-0.991,0.514,-0.46,-0.11,-0.438,0.066,0.043,0.019,0.039,-0.113,-0.005,-0.023,0.004,0.008,-0.001,0.48,0.23,0.0,0.75,0.0,0.0,0.17,0.0,0.0,0.34,0.0,0.0,0.0,0.0,0.0,0.0,0.0,0.0,1.0,0.0,1.0,0.0,0.0,0.0,0.0,0.0,0.0,0.0,0.0,0.0,0.0,0.0,0.0,1.0,0.0
PP133,g1,5734,0,0.975,0.210645,0.180213,-0.960808,0.051983,0.177276,-0.982787,0.134,0.182,246.4,247.7,250.8,253.9,255.2,254.1,250.8,247.7,242.0,244.1,246.9,250.4,253.8,256.4,258.1,256.1,253.2,250.0,246.9,244.1,249.4,250.8,252.1,252.7,252.1,250.8,249.4,248.8,283.6,284.5,287.2,290.1,291.6,290.7,288.0,284.8,280.7,282.6,285.2,288.4,291.2,293.2,294.4,293.3,291.4,289.0,286.0,283.0,286.3,287.5,288.7,289.1,288.5,287.2,286.0,285.7,161.0,157.8,156.5,157.8,161.0,164.5,165.6,164.2,162.5,160.7,159.6,159.0,159.7,161.1,163.1,164.2,164.6,164.8,164.5,163.8,162.5,163.1,162.5,161.1,159.7,159.1,159.7,161.1,160.5,157.4,156.0,157.1,160.1,163.2,164.6,163.7,162.7,160.6,159.0,158.3,158.7,159.8,161.5,162.9,163.6,164.0,163.9,163.6,161.8,162.3,161.7,160.3,159.0,158.5,159.1,160.5,-4.8,-3.1,1.1,5.2,7.0,5.5,1.1,-3.1,-10.7,-7.9,-4.1,0.5,5.1,8.5,10.8,8.1,4.3,0.0,-4.1,-7.9,-0.8,1.0,2.9,3.6,2.9,1.0,-0.8,-1.5,46.4,47.7,51.6,55.8,57.8,56.4,52.5,48.0,42.3,44.9,48.4,53.0,57.2,60.3,62.4,60.5,57.5,53.8,49.6,45.5,50.2,52.0,53.7,54.3,53.5,51.6,49.9,49.3,-35.2,-39.5,-41.3,-39.5,-35.2,-30.6,-29.2,-31.0,-33.5,-35.7,-37.1,-37.8,-37.0,-35.2,-32.6,-31.0,-30.4,-30.1,-30.5,-31.6,-33.3,-32.5,-33.3,-35.2,-37.1,-37.8,-37.0,-35.2,-37.2,-41.6,-43.7,-42.2,-38.0,-33.6,-31.6,-32.8,-34.3,-37.1,-39.2,-40.3,-39.9,-38.7,-36.6,-34.4,-33.1,-32.5,-32.5,-32.9,-35.6,-34.9,-35.8,-37.7,-39.5,-40.2,-39.3,-37.4,519.9,520.5,520.8,520.7,520.2,520.0,519.4,519.5,523.9,521.4,519.2,518.2,518.9,520.5,522.2,520.5,518.8,518.3,519.3,521.4,520.6,520.6,520.7,521.0,521.2,521.2,521.1,520.8,538.7,539.7,541.4,542.7,542.9,541.8,540.2,539.0,539.1,538.3,538.2,539.2,541.9,545.4,548.7,545.4,542.1,539.6,538.4,538.5,540.7,541.3,542.0,542.4,542.4,541.8,541.1,540.6,31.9,-3.7,656.5,0.185,-0.196,0.017,221.3,221.7,223.3,225.8,230.5,238.0,247.1,257.7,268.3,276.9,283.0,288.6,293.6,297.3,299.7,301.4,301.9,232.4,239.1,247.8,256.5,264.4,279.6,286.1,292.3,298.2,301.8,272.2,273.3,274.5,275.7,264.0,268.5,273.1,277.1,280.5,241.9,247.2,253.3,258.3,253.2,247.1,280.6,285.5,290.9,294.6,291.4,286.0,253.9,261.9,268.5,272.2,276.0,280.4,283.9,280.4,276.0,271.9,267.8,261.4,256.9,268.1,271.9,275.7,281.9,275.7,271.9,268.0,162.2,173.8,185.2,196.3,206.7,215.6,223.0,228.4,229.6,227.4,221.0,213.2,204.2,194.2,183.7,173.0,162.0,154.4,149.7,148.4,149.6,152.4,151.9,148.9,147.6,148.5,152.7,161.1,168.7,176.3,184.1,189.2,190.7,191.9,190.6,188.9,162.4,159.5,159.6,163.2,164.6,164.7,162.8,158.8,158.8,161.4,163.8,163.9,204.2,201.9,200.5,201.5,200.3,201.6,203.4,208.6,210.8,211.4,211.1,209.1,204.5,204.1,204.4,203.8,203.9,205.2,205.8,205.5,-50.1,-49.6,-47.2,-42.9,-34.5,-21.2,-5.0,13.4,31.6,47.2,59.2,70.6,80.3,87.0,91.2,94.1,95.0,-29.2,-17.9,-3.6,10.7,23.5,48.8,60.2,71.5,82.8,90.4,36.6,38.0,39.5,41.0,22.9,30.3,37.8,44.6,50.5,-13.5,-4.6,5.5,13.8,5.3,-4.9,51.8,60.3,69.9,76.9,70.7,61.2,6.6,19.8,30.5,36.7,43.1,51.2,58.3,51.2,43.3,36.3,29.5,18.9,11.6,29.9,36.3,42.8,54.4,42.8,36.2,29.7,-44.3,-24.1,-4.0,15.6,34.0,49.6,62.1,70.8,72.9,70.1,60.2,46.9,30.7,12.3,-6.9,-26.6,-46.7,-55.1,-62.4,-64.1,-61.8,-57.1,-58.6,-64.3,-67.5,-67.0,-60.8,-43.4,-30.6,-18.1,-5.5,2.9,5.2,7.2,5.0,2.3,-41.8,-46.4,-46.4,-40.4,-38.0,-37.8,-41.8,-48.7,-49.1,-45.0,-40.6,-40.0,28.1,23.9,21.3,23.1,21.2,23.7,27.3,35.5,38.8,39.6,39.1,36.0,28.5,27.5,28.0,27.2,28.0,29.4,30.3,29.8,682.8,686.0,690.0,692.5,692.1,689.4,683.5,675.7,675.7,685.6,701.1,713.6,719.0,718.7,717.0,715.6,715.4,650.5,644.6,640.6,637.3,635.9,644.0,652.0,661.2,671.0,681.1,642.0,636.1,629.8,624.0,639.7,638.8,638.7,642.3,646.5,650.5,647.8,648.6,650.4,648.7,647.9,660.9,663.5,667.7,674.3,668.1,663.9,657.1,646.9,643.4,644.7,647.2,656.6,670.7,658.4,650.3,647.4,646.3,649.2,655.1,646.3,647.2,650.2,666.6,650.0,647.0,646.2,0.59,0.191,-0.257,0.028,268.94,185.148,-4.798,8.714,-10.75,14.232,4.901,2.1,-5.284,2.63,3.472,-2.029,-0.297,1.436,0.017,-2.165,-0.723,-0.299,-0.024,1.002,-1.204,-0.867,0.677,-0.493,-0.061,-0.518,0.046,0.024,0.048,0.041,-0.12,-0.004,-0.027,0.006,0.011,-0.006,0.08,0.0,0.0,0.47,0.0,0.0,0.21,0.0,0.0,0.34,0.0,0.0,0.0,0.0,0.0,0.0,0.0,0.0,1.0,0.0,0.0,0.0,0.0,0.0,0.0,0.0,0.0,0.0,0.0,0.0,0.0,0.0,0.0,1.0,0.0
PP133,g1,5740,0,0.975,0.210114,0.18097,-0.960782,0.052242,0.177622,-0.982711,0.134,0.182,246.6,247.9,251.0,254.1,255.4,254.3,251.0,247.9,242.2,244.3,247.1,250.6,254.0,256.5,258.3,256.2,253.4,250.2,247.1,244.3,249.6,251.0,252.3,252.9,252.3,251.0,249.6,249.0,283.8,284.7,287.4,290.3,291.7,290.8,288.1,285.0,280.8,282.7,285.3,288.5,291.4,293.3,294.5,293.4,291.6,289.1,286.2,283.1,286.4,287.7,288.9,289.3,288.6,287.4,286.2,285.8,161.0,157.9,156.6,157.9,161.1,164.5,165.6,164.2,162.5,160.8,159.6,159.1,159.7,161.1,163.1,164.2,164.6,164.8,164.6,163.8,162.5,163.1,162.5,161.2,159.8,159.2,159.8,161.1,160.6,157.5,156.1,157.2,160.2,163.3,164.7,163.8,162.7,160.6,159.1,158.4,158.8,159.9,161.6,162.9,163.7,164.0,164.0,163.7,161.9,162.4,161.8,160.4,159.1,158.6,159.2,160.6,-4.6,-2.8,1.3,5.5,7.2,5.8,1.3,-2.9,-10.4,-7.7,-3.8,0.8,5.3,8.7,11.1,8.3,4.5,0.3,-3.9,-7.6,-0.5,1.3,3.1,3.9,3.1,1.3,-0.5,-1.3,46.7,48.0,51.9,56.1,58.0,56.7,52.8,48.3,42.6,45.2,48.7,53.3,57.5,60.6,62.6,60.8,57.8,54.1,49.9,45.8,50.5,52.3,54.0,54.6,53.7,51.9,50.2,49.6,-35.3,-39.6,-41.4,-39.6,-35.3,-30.7,-29.3,-31.0,-33.6,-35.8,-37.2,-37.8,-37.1,-35.3,-32.7,-31.1,-30.5,-30.2,-30.6,-31.7,-33.4,-32.6,-33.4,-35.2,-37.1,-37.9,-37.1,-35.3,-37.2,-41.6,-43.6,-42.1,-38.0,-33.6,-31.6,-32.8,-34.2,-37.1,-39.2,-40.3,-39.9,-38.7,-36.5,-34.4,-33.1,-32.5,-32.5,-32.9,-35.6,-34.9,-35.8,-37.7,-39.5,-40.2,-39.3,-37.4,521.6,522.2,522.5,522.4,521.9,521.7,521.1,521.2,525.6,523.1,520.9,519.9,520.7,522.2,523.9,522.2,520.5,520.0,521.0,523.1,522.3,522.3,522.4,522.7,522.9,522.9,522.8,522.5,539.7,540.7,542.4,543.7,543.9,542.9,541.2,540.0,540.1,539.3,539.2,540.2,542.9,546.4,549.8,546.4,543.1,540.6,539.4,539.5,541.7,542.3,543.0,543.5,543.4,542.8,542.1,541.6,32.1,-3.6,657.6,0.187,-0.196,0.02,221.6,221.9,223.4,225.9,230.5,237.9,247.1,257.7,268.3,276.9,283.0,288.6,293.6,297.3,299.7,301.4,301.9,232.8,239.5,248.2,256.9,264.7,279.8,286.2,292.4,298.4,301.9,272.4,273.4,274.6,275.8,264.1,268.6,273.2,277.2,280.5,242.1,247.4,253.5,258.4,253.3,247.3,280.8,285.6,291.0,294.7,291.5,286.2,253.9,262.0,268.6,272.2,276.1,280.5,284.0,280.4,276.0,271.9,267.8,261.4,257.0,268.1,271.9,275.7,281.9,275.7,271.9,268.0,162.2,173.8,185.2,196.2,206.5,215.5,222.9,228.4,229.6,227.4,221.1,213.3,204.3,194.3,183.8,173.0,162.1,154.4,149.7,148.4,149.7,152.5,152.0,149.0,147.7,148.5,152.8,161.1,168.8,176.4,184.2,189.3,190.8,192.0,190.7,189.0,162.4,159.5,159.6,163.3,164.6,164.7,162.8,158.9,158.8,161.5,163.8,164.0,204.2,201.9,200.5,201.5,200.4,201.7,203.5,208.6,210.8,211.4,211.1,209.1,204.5,204.1,204.5,203.9,204.0,205.2,205.8,205.5,-49.7,-49.3,-47.1,-42.9,-34.5,-21.3,-5.1,13.3,31.6,47.2,59.3,70.7,80.4,87.1,91.4,94.3,95.2,-28.6,-17.3,-3.0,11.2,24.0,49.1,60.5,71.9,83.1,90.7,36.8,38.2,39.8,41.2,23.1,30.5,38.0,44.7,50.7,-13.2,-4.2,5.9,14.1,5.6,-4.6,52.1,60.6,70.2,77.2,71.0,61.5,6.7,19.9,30.6,36.8,43.2,51.3,58.4,51.3,43.4,36.4,29.5,19.0,11.7,30.0,36.4,42.9,54.5,42.9,36.3,29.8,-44.3,-24.2,-4.1,15.4,33.8,49.5,62.0,70.8,73.0,70.2,60.4,47.2,31.0,12.6,-6.8,-26.5,-46.6,-55.2,-62.5,-64.2,-61.8,-57.0,-58.5,-64.3,-67.5,-67.0,-60.7,-43.4,-30.5,-18.0,-5.3,2.9,5.4,7.3,5.2,2.5,-41.8,-46.5,-46.4,-40.4,-38.1,-37.8,-41.8,-48.7,-49.1,-45.0,-40.5,-40.0,28.2,24.0,21.5,23.2,21.4,23.9,27.5,35.6,38.9,39.6,39.1,36.0,28.5,27.6,28.1,27.3,28.2,29.5,30.4,29.8,683.5,686.7,690.7,693.3,693.0,690.4,684.5,676.7,676.7,686.6,702.2,714.7,720.2,719.9,718.2,716.7,716.3,651.4,645.6,641.6,638.5,637.1,645.0,652.9,662.0,671.8,681.9,643.0,637.2,631.0,625.3,640.8,639.9,639.9,643.5,647.7,651.5,648.8,649.6,651.4,649.7,648.9,661.8,664.4,668.6,675.1,668.9,664.8,658.2,648.0,644.5,645.9,648.3,657.7,671.7,659.5,651.5,648.5,647.4,650.3,656.2,647.4,648.4,651.4,667.7,651.1,648.1,647.4,0.589,0.193,-0.258,0.031,269.028,185.189,-5.391,8.014,-11.112,14.022,4.599,2.4,-4.999,2.479,3.206,-1.729,-0.03,1.23,-0.133,-2.226,-0.74,-0.089,-0.008,1.142,-1.122,-0.751,0.572,-0.344,0.082,-0.486,0.107,-0.004,0.04,0.028,-0.113,-0.001,-0.027,0.003,0.007,-0.001,0.06,0.0,0.0,0.67,0.0,0.0,0.0,0.0,0.0,0.26,0.0,0.0,0.0,0.0,0.0,0.0,0.0,0.0,1.0,0.0,0.0,0.0,0.0,0.0,0.0,0.0,0.0,0.0,0.0,0.0,0.0,0.0,0.0,1.0,0.0
PP133,g1,5746,0,0.975,0.20938,0.181609,-0.960822,0.051738,0.178194,-0.982634,0.134,0.183,246.6,247.9,251.0,254.1,255.4,254.3,251.0,247.9,242.3,244.3,247.2,250.6,254.0,256.6,258.3,256.3,253.4,250.2,247.1,244.3,249.6,251.0,252.4,252.9,252.4,251.0,249.6,249.1,283.7,284.7,287.3,290.2,291.7,290.8,288.1,284.9,280.8,282.7,285.3,288.5,291.3,293.3,294.5,293.4,291.5,289.1,286.1,283.1,286.4,287.7,288.8,289.2,288.6,287.3,286.2,285.8,161.0,157.8,156.5,157.8,161.0,164.4,165.5,164.2,162.4,160.7,159.6,159.0,159.6,161.1,163.1,164.2,164.6,164.8,164.5,163.8,162.5,163.1,162.5,161.1,159.7,159.1,159.7,161.1,160.5,157.4,156.0,157.2,160.2,163.3,164.6,163.7,162.7,160.6,159.1,158.3,158.7,159.8,161.5,162.9,163.6,164.0,163.9,163.7,161.8,162.3,161.7,160.4,159.0,158.5,159.1,160.5,-4.6,-2.8,1.4,5.5,7.2,5.8,1.3,-2.8,-10.4,-7.6,-3.8,0.8,5.3,8.8,11.1,8.4,4.5,0.3,-3.9,-7.6,-0.5,1.3,3.1,3.9,3.2,1.3,-0.5,-1.3,46.6,48.0,51.9,56.0,58.0,56.6,52.7,48.3,42.6,45.1,48.7,53.2,57.4,60.6,62.6,60.7,57.7,54.1,49.9,45.7,50.5,52.3,54.0,54.6,53.7,51.9,50.2,49.6,-35.4,-39.7,-41.5,-39.7,-35.4,-30.8,-29.3,-31.1,-33.7,-35.9,-37.3,-37.9,-37.1,-35.3,-32.7,-31.2,-30.5,-30.3,-30.7,-31.7,-33.5,-32.7,-33.5,-35.3,-37.2,-38.0,-37.2,-35.3,-37.3,-41.7,-43.7,-42.2,-38.1,-33.7,-31.7,-32.8,-34.3,-37.2,-39.3,-40.4,-40.0,-38.7,-36.6,-34.5,-33.2,-32.5,-32.5,-32.9,-35.6,-35.0,-35.9,-37.8,-39.6,-40.2,-39.3,-37.4,521.5,522.0,522.3,522.2,521.8,521.5,520.9,521.0,525.4,522.9,520.7,519.7,520.5,522.0,523.7,522.0,520.3,519.8,520.8,522.9,522.2,522.1,522.3,522.5,522.7,522.7,522.6,522.4,539.7,540.7,542.4,543.7,543.9,542.8,541.2,540.0,540.0,539.3,539.2,540.2,542.9,546.4,549.7,546.4,543.1,540.6,539.4,539.5,541.7,542.3,543.0,543.4,543.4,542.8,542.1,541.6,32.2,-3.7,657.7,0.186,-0.195,0.018,221.6,222.0,223.4,225.9,230.7,238.1,247.3,257.9,268.4,277.0,283.1,288.7,293.6,297.3,299.7,301.4,301.9,232.8,239.5,248.1,256.8,264.6,279.8,286.2,292.4,298.3,301.9,272.4,273.5,274.6,275.8,264.1,268.7,273.2,277.2,280.6,242.1,247.5,253.5,258.5,253.4,247.3,280.7,285.6,291.0,294.6,291.5,286.1,254.0,262.0,268.6,272.3,276.1,280.4,283.9,280.4,276.0,272.0,267.9,261.5,257.0,268.1,271.9,275.7,281.9,275.7,271.9,268.0,162.1,173.7,185.1,196.2,206.6,215.5,222.9,228.3,229.5,227.3,221.0,213.1,204.2,194.2,183.7,172.9,162.0,154.3,149.6,148.3,149.6,152.4,151.9,148.9,147.6,148.5,152.6,161.1,168.7,176.3,184.1,189.2,190.7,191.9,190.6,188.9,162.3,159.5,159.5,163.2,164.6,164.7,162.8,158.8,158.8,161.4,163.8,164.0,204.1,201.9,200.5,201.5,200.3,201.6,203.4,208.5,210.7,211.3,211.0,209.0,204.4,204.1,204.4,203.8,203.9,205.1,205.7,205.4,-49.7,-49.3,-47.0,-42.8,-34.3,-21.1,-4.8,13.6,31.9,47.4,59.5,70.8,80.4,87.2,91.4,94.3,95.2,-28.7,-17.4,-3.1,11.1,23.8,49.2,60.5,71.9,83.1,90.6,36.9,38.3,39.8,41.3,23.1,30.6,38.0,44.8,50.7,-13.1,-4.2,5.9,14.1,5.6,-4.5,52.1,60.6,70.2,77.2,71.0,61.5,6.8,20.0,30.7,36.8,43.3,51.3,58.4,51.3,43.4,36.4,29.6,19.1,11.8,30.1,36.4,42.9,54.5,42.9,36.4,29.9,-44.5,-24.3,-4.2,15.4,33.8,49.6,62.0,70.7,72.8,70.0,60.2,46.9,30.7,12.3,-7.0,-26.7,-46.8,-55.4,-62.7,-64.4,-62.0,-57.2,-58.7,-64.5,-67.7,-67.2,-60.9,-43.5,-30.7,-18.2,-5.5,2.8,5.2,7.2,5.0,2.3,-42.0,-46.6,-46.5,-40.6,-38.2,-37.9,-41.9,-48.8,-49.2,-45.1,-40.6,-40.1,28.1,23.9,21.4,23.1,21.3,23.8,27.4,35.5,38.8,39.5,39.0,35.9,28.4,27.5,28.0,27.2,28.0,29.4,30.3,29.7,683.9,687.1,691.2,693.8,693.4,690.6,684.6,676.8,676.9,686.7,702.3,714.8,720.2,719.8,718.1,716.5,716.2,651.5,645.7,641.8,638.6,637.1,645.1,653.1,662.3,671.9,682.1,643.1,637.3,631.0,625.3,640.9,640.0,639.9,643.5,647.8,651.6,648.9,649.7,651.5,649.8,649.0,662.0,664.6,668.8,675.3,669.1,665.0,658.3,648.1,644.6,646.0,648.4,657.8,671.8,659.5,651.5,648.5,647.4,650.4,656.3,647.5,648.5,651.5,667.7,651.2,648.1,647.4,0.589,0.192,-0.256,0.03,269.051,185.108,-5.306,8.885,-11.247,14.306,4.751,2.439,-5.116,2.623,3.124,-1.913,-0.187,1.341,-0.033,-2.426,-0.811,-0.055,0.04,1.052,-1.312,-0.845,0.55,-0.463,-0.04,-0.467,0.05,0.05,0.026,0.023,-0.119,-0.002,-0.027,0.005,0.006,-0.002,0.11,0.0,0.0,0.21,0.0,0.0,0.0,0.0,0.0,0.07,0.0,0.0,0.0,0.0,0.0,0.0,0.0,0.0,1.0,0.0,0.0,0.0,0.0,0.0,0.0,0.0,0.0,0.0,0.0,0.0,0.0,0.0,0.0,1.0,0.0
PP133,g1,5752,0,0.975,0.211417,0.181457,-0.960404,0.052095,0.178184,-0.982617,0.135,0.183,246.5,247.8,251.0,254.1,255.4,254.3,251.0,247.8,242.2,244.2,247.1,250.6,254.0,256.5,258.3,256.2,253.4,250.2,247.1,244.3,249.6,251.0,252.3,252.9,252.3,251.0,249.6,249.0,283.8,284.7,287.4,290.3,291.7,290.8,288.1,284.9,280.8,282.7,285.3,288.5,291.4,293.4,294.5,293.4,291.6,289.1,286.1,283.1,286.4,287.7,288.9,289.3,288.6,287.4,286.2,285.8,161.0,157.8,156.5,157.8,161.0,164.4,165.5,164.2,162.4,160.7,159.5,159.0,159.6,161.1,163.1,164.2,164.6,164.7,164.5,163.8,162.5,163.1,162.5,161.1,159.7,159.1,159.7,161.1,160.5,157.4,156.0,157.1,160.1,163.3,164.6,163.7,162.7,160.6,159.0,158.3,158.7,159.8,161.5,162.9,163.6,164.0,163.9,163.7,161.8,162.3,161.7,160.3,159.0,158.5,159.1,160.5,-4.6,-2.9,1.3,5.5,7.2,5.7,1.3,-2.9,-10.5,-7.7,-3.8,0.8,5.3,8.7,11.1,8.3,4.5,0.3,-3.9,-7.7,-0.6,1.3,3.1,3.9,3.1,1.3,-0.5,-1.3,46.6,47.9,51.8,56.0,57.9,56.6,52.7,48.2,42.5,45.1,48.6,53.2,57.4,60.5,62.5,60.7,57.7,54.0,49.8,45.7,50.4,52.2,53.9,54.5,53.6,51.8,50.1,49.5,-35.3,-39.6,-41.4,-39.6,-35.3,-30.7,-29.2,-31.0,-33.6,-35.8,-37.1,-37.8,-37.0,-35.2,-32.7,-31.1,-30.4,-30.2,-30.6,-31.7,-33.4,-32.6,-33.4,-35.2,-37.1,-37.9,-37.1,-35.2,-37.2,-41.6,-43.7,-42.2,-38.0,-33.6,-31.6,-32.8,-34.3,-37.1,-39.2,-40.3,-39.9,-38.7,-36.6,-34.4,-33.1,-32.5,-32.5,-32.9,-35.6,-34.9,-35.8,-37.7,-39.5,-40.2,-39.3,-37.4,519.8,520.3,520.6,520.5,520.1,519.8,519.3,519.3,523.7,521.2,519.0,518.1,518.8,520.4,522.1,520.4,518.6,518.2,519.1,521.2,520.5,520.5,520.6,520.8,521.0,521.0,520.9,520.7,538.8,539.8,541.4,542.7,542.9,541.9,540.3,539.1,539.1,538.4,538.3,539.3,542.0,545.5,548.8,545.5,542.1,539.7,538.5,538.6,540.8,541.3,542.1,542.5,542.4,541.9,541.1,540.7,32.2,-3.8,657.3,0.186,-0.196,0.018,221.5,221.9,223.4,225.9,230.6,238.0,247.2,257.8,268.3,276.9,283.0,288.6,293.6,297.3,299.7,301.4,301.9,232.6,239.3,248.0,256.8,264.7,279.8,286.2,292.5,298.4,302.0,272.4,273.5,274.7,275.8,264.1,268.7,273.2,277.2,280.6,242.1,247.4,253.5,258.4,253.3,247.2,280.7,285.6,291.0,294.7,291.5,286.1,254.0,262.0,268.6,272.3,276.1,280.5,284.0,280.4,276.1,272.0,267.9,261.4,257.0,268.1,272.0,275.8,281.9,275.8,271.9,268.0,162.0,173.6,185.1,196.2,206.5,215.5,222.8,228.2,229.4,227.2,220.9,213.1,204.1,194.1,183.7,172.9,162.0,154.3,149.6,148.3,149.6,152.4,152.0,148.9,147.6,148.5,152.7,161.1,168.7,176.2,184.0,189.2,190.6,191.8,190.5,188.9,162.3,159.5,159.5,163.2,164.5,164.7,162.8,158.8,158.8,161.4,163.8,163.9,204.1,201.8,200.4,201.4,200.2,201.5,203.3,208.5,210.7,211.3,211.0,209.0,204.3,204.0,204.3,203.7,203.8,205.1,205.7,205.4,-49.9,-49.4,-47.1,-42.8,-34.4,-21.1,-4.9,13.5,31.8,47.2,59.3,70.6,80.3,87.1,91.3,94.3,95.2,-29.0,-17.6,-3.2,11.1,24.0,49.2,60.5,72.0,83.3,90.8,36.9,38.3,39.8,41.3,23.1,30.6,38.0,44.8,50.7,-13.2,-4.3,5.9,14.1,5.6,-4.6,52.1,60.6,70.2,77.2,71.0,61.5,6.7,19.9,30.7,36.8,43.3,51.3,58.4,51.3,43.4,36.5,29.6,19.0,11.7,30.0,36.4,43.0,54.6,43.0,36.4,29.9,-44.6,-24.4,-4.2,15.4,33.7,49.4,61.8,70.5,72.6,69.8,60.0,46.7,30.6,12.2,-7.0,-26.7,-46.8,-55.3,-62.7,-64.3,-61.9,-57.1,-58.7,-64.4,-67.6,-67.2,-60.9,-43.5,-30.7,-18.2,-5.5,2.7,5.1,7.1,5.0,2.2,-42.0,-46.5,-46.5,-40.5,-38.2,-37.9,-41.9,-48.8,-49.2,-45.1,-40.6,-40.1,27.9,23.7,21.2,23.0,21.1,23.6,27.2,35.4,38.7,39.5,38.9,35.8,28.3,27.3,27.9,27.0,27.8,29.2,30.2,29.6,683.6,686.8,690.7,693.3,692.9,690.2,684.3,676.5,676.6,686.4,702.0,714.5,719.9,719.5,717.9,716.5,716.4,651.3,645.4,641.3,638.0,636.5,644.6,652.6,662.0,671.9,682.2,642.7,636.9,630.6,624.8,640.5,639.6,639.5,643.1,647.4,651.3,648.5,649.4,651.2,649.5,648.7,661.7,664.3,668.6,675.1,668.9,664.7,657.9,647.7,644.2,645.6,648.0,657.4,671.5,659.2,651.2,648.2,647.1,650.0,655.9,647.1,648.1,651.1,667.4,650.9,647.8,647.1,0.589,0.192,-0.258,0.03,269.043,185.07,-4.533,8.717,-10.602,14.161,5.309,2.158,-5.394,2.528,3.305,-1.984,-0.265,1.227,-0.123,-1.99,-0.681,-0.14,-0.038,0.985,-1.345,-0.792,0.695,-0.546,-0.04,-0.482,0.046,0.027,0.042,0.031,-0.113,-0.004,-0.023,0.008,0.01,-0.007,0.37,0.0,0.0,0.56,0.0,0.0,0.0,0.0,0.0,0.28,0.0,0.0,0.0,0.0,0.0,0.0,0.0,0.0,1.0,0.0,1.0,0.0,0.0,0.0,0.0,0.0,0.0,0.0,0.0,0.0,0.0,0.0,0.0,1.0,0.0
PP133,g1,5758,0,0.975,0.21007,0.183084,-0.960391,0.051321,0.180063,-0.982315,0.134,0.185,246.4,247.7,250.9,254.0,255.3,254.2,250.9,247.7,242.1,244.1,247.0,250.5,253.9,256.4,258.2,256.1,253.3,250.1,247.0,244.2,249.5,250.8,252.2,252.8,252.2,250.9,249.5,248.9,283.7,284.6,287.3,290.2,291.6,290.7,288.0,284.8,280.7,282.6,285.2,288.4,291.3,293.3,294.4,293.3,291.5,289.0,286.0,283.0,286.3,287.6,288.8,289.2,288.5,287.3,286.1,285.7,161.1,157.9,156.6,157.9,161.1,164.6,165.6,164.3,162.5,160.8,159.7,159.1,159.7,161.2,163.2,164.3,164.7,164.9,164.6,163.9,162.6,163.2,162.6,161.2,159.8,159.2,159.8,161.2,160.6,157.5,156.1,157.3,160.3,163.4,164.8,163.9,162.8,160.7,159.2,158.4,158.9,159.9,161.6,163.0,163.8,164.1,164.1,163.8,161.9,162.4,161.8,160.5,159.2,158.7,159.3,160.6,-4.7,-3.0,1.2,5.3,7.1,5.6,1.1,-3.0,-10.6,-7.8,-4.0,0.6,5.2,8.6,10.9,8.2,4.3,0.1,-4.0,-7.8,-0.7,1.1,3.0,3.7,3.0,1.1,-0.7,-1.4,46.5,47.8,51.7,55.9,57.9,56.5,52.6,48.1,42.4,45.0,48.6,53.1,57.3,60.5,62.5,60.6,57.6,53.9,49.7,45.6,50.3,52.1,53.8,54.4,53.6,51.8,50.1,49.5,-35.2,-39.5,-41.2,-39.4,-35.2,-30.6,-29.1,-30.9,-33.5,-35.7,-37.0,-37.7,-36.9,-35.1,-32.5,-30.9,-30.3,-30.0,-30.5,-31.5,-33.2,-32.4,-33.2,-35.1,-37.0,-37.8,-37.0,-35.1,-37.1,-41.5,-43.5,-42.0,-37.9,-33.5,-31.5,-32.6,-34.1,-37.0,-39.1,-40.2,-39.8,-38.6,-36.4,-34.3,-33.0,-32.3,-32.3,-32.7,-35.4,-34.8,-35.7,-37.6,-39.4,-40.0,-39.2,-37.2,520.2,520.7,521.1,521.0,520.5,520.3,519.7,519.8,524.2,521.7,519.5,518.5,519.2,520.8,522.5,520.8,519.1,518.6,519.6,521.7,520.9,520.9,521.0,521.3,521.5,521.5,521.4,521.1,539.3,540.3,542.0,543.3,543.5,542.4,540.8,539.6,539.7,538.9,538.8,539.8,542.5,546.0,549.3,546.0,542.7,540.2,539.0,539.1,541.3,541.9,542.6,543.0,543.0,542.4,541.7,541.2,31.9,-3.5,657.1,0.188,-0.196,0.02,221.5,221.9,223.3,225.8,230.5,237.8,246.9,257.5,268.1,276.6,282.8,288.4,293.4,297.1,299.6,301.3,301.9,232.5,239.2,247.9,256.7,264.6,279.6,286.1,292.4,298.4,301.9,272.3,273.4,274.5,275.7,263.9,268.5,273.1,277.1,280.5,242.0,247.3,253.4,258.3,253.2,247.1,280.7,285.5,290.9,294.6,291.4,286.0,253.9,261.9,268.5,272.1,275.9,280.3,283.8,280.2,275.9,271.8,267.7,261.3,256.9,268.0,271.8,275.6,281.8,275.6,271.8,267.9,162.1,173.6,185.1,196.1,206.5,215.4,222.8,228.4,229.6,227.5,221.1,213.3,204.3,194.3,183.8,173.0,162.0,154.5,149.8,148.5,149.8,152.6,152.1,149.1,147.7,148.7,152.9,161.2,168.8,176.4,184.2,189.3,190.8,192.0,190.7,189.0,162.4,159.6,159.7,163.3,164.7,164.8,162.9,159.0,158.9,161.5,163.9,164.1,204.3,202.0,200.6,201.6,200.5,201.8,203.6,208.7,210.9,211.5,211.2,209.2,204.5,204.2,204.5,204.0,204.0,205.3,205.9,205.5,-49.8,-49.4,-47.1,-42.9,-34.6,-21.5,-5.3,13.0,31.3,46.8,58.9,70.2,80.0,86.8,91.1,94.1,95.1,-29.1,-17.8,-3.4,10.9,23.8,48.9,60.3,71.8,83.1,90.6,36.7,38.1,39.6,41.0,22.9,30.3,37.7,44.5,50.5,-13.4,-4.4,5.7,13.9,5.4,-4.8,51.9,60.4,70.0,77.0,70.8,61.3,6.5,19.7,30.4,36.5,43.0,51.0,58.1,51.0,43.1,36.1,29.3,18.8,11.5,29.8,36.1,42.6,54.2,42.6,36.1,29.6,-44.5,-24.3,-4.3,15.3,33.6,49.4,61.9,70.8,73.0,70.2,60.4,47.1,31.0,12.6,-6.8,-26.6,-46.7,-55.0,-62.3,-64.0,-61.6,-56.8,-58.3,-64.1,-67.3,-66.8,-60.4,-43.2,-30.4,-17.9,-5.2,3.0,5.4,7.4,5.3,2.5,-41.7,-46.3,-46.3,-40.3,-38.0,-37.7,-41.7,-48.5,-48.9,-44.8,-40.4,-39.8,28.2,24.1,21.6,23.4,21.5,24.0,27.6,35.7,39.0,39.7,39.2,36.1,28.6,27.7,28.2,27.5,28.3,29.6,30.5,29.9,683.1,686.3,690.3,692.9,692.6,690.1,684.2,676.5,676.5,686.3,701.8,714.3,719.8,719.5,717.9,716.4,716.1,651.1,645.1,641.0,637.7,636.3,644.2,652.2,661.5,671.4,681.7,642.3,636.5,630.2,624.5,640.2,639.3,639.2,642.8,647.1,651.0,648.3,649.1,650.9,649.2,648.4,661.2,663.9,668.1,674.6,668.4,664.3,657.7,647.5,644.0,645.3,647.7,657.1,671.2,658.9,650.9,648.0,646.9,649.9,655.7,646.9,647.8,650.8,667.1,650.6,647.6,646.9,0.589,0.195,-0.257,0.032,268.908,185.23,-4.369,7.868,-10.868,14.646,4.996,2.155,-5.19,2.295,3.648,-2.012,-0.364,1.31,-0.035,-2.139,-0.731,-0.089,-0.063,0.985,-1.272,-0.792,0.606,-0.544,0.064,-0.498,-0.019,0.012,0.038,0.029,-0.124,-0.0,-0.028,0.009,0.007,-0.003,0.28,0.0,0.0,0.43,0.0,0.0,0.0,0.0,0.0,0.23,0.0,0.0,0.0,0.0,0.0,0.0,0.0,0.0,1.0,0.0,0.0,0.0,0.0,0.0,0.0,0.0,0.0,0.0,0.0,0.0,0.0,0.0,0.0,1.0,0.0
PP133,g1,5764,0,0.975,0.210066,0.184436,-0.960133,0.052272,0.180679,-0.982152,0.134,0.186,246.6,247.9,251.1,254.2,255.5,254.4,251.0,247.9,242.3,244.3,247.2,250.7,254.1,256.6,258.4,256.3,253.5,250.3,247.1,244.3,249.7,251.0,252.4,253.0,252.4,251.1,249.7,249.1,283.9,284.8,287.5,290.4,291.8,290.9,288.2,285.0,280.9,282.8,285.4,288.6,291.5,293.5,294.6,293.6,291.7,289.2,286.2,283.2,286.5,287.8,289.0,289.4,288.8,287.5,286.3,285.9,161.1,157.9,156.6,158.0,161.2,164.6,165.7,164.3,162.5,160.8,159.7,159.2,159.8,161.2,163.2,164.3,164.7,164.9,164.6,163.9,162.6,163.2,162.6,161.2,159.8,159.2,159.8,161.2,160.7,157.6,156.2,157.4,160.4,163.5,164.9,164.0,162.9,160.8,159.3,158.5,159.0,160.0,161.7,163.1,163.9,164.2,164.1,163.9,162.0,162.5,161.9,160.6,159.2,158.7,159.3,160.7,-4.5,-2.7,1.4,5.6,7.3,5.8,1.4,-2.8,-10.3,-7.6,-3.7,0.9,5.4,8.8,11.2,8.4,4.6,0.4,-3.8,-7.6,-0.4,1.4,3.2,4.0,3.2,1.4,-0.4,-1.2,46.7,48.0,51.9,56.1,58.1,56.7,52.8,48.3,42.6,45.2,48.8,53.3,57.5,60.7,62.7,60.8,57.8,54.1,49.9,45.8,50.5,52.3,54.0,54.6,53.8,52.0,50.3,49.7,-35.1,-39.4,-41.1,-39.3,-35.0,-30.4,-29.0,-30.8,-33.4,-35.6,-36.9,-37.6,-36.8,-35.0,-32.4,-30.8,-30.2,-30.0,-30.4,-31.4,-33.1,-32.3,-33.1,-35.0,-36.9,-37.6,-36.9,-35.0,-36.9,-41.3,-43.3,-41.8,-37.7,-33.3,-31.3,-32.5,-34.0,-36.8,-38.9,-40.0,-39.6,-38.4,-36.2,-34.1,-32.8,-32.2,-32.2,-32.6,-35.3,-34.6,-35.5,-37.4,-39.2,-39.9,-39.0,-37.1,519.3,519.8,520.1,520.0,519.6,519.3,518.8,518.9,523.2,520.7,518.5,517.6,518.3,519.8,521.6,519.8,518.1,517.7,518.6,520.7,520.0,520.0,520.1,520.3,520.5,520.6,520.4,520.2,538.3,539.3,541.0,542.3,542.5,541.4,539.8,538.6,538.7,537.9,537.8,538.8,541.5,545.0,548.3,545.0,541.7,539.2,538.0,538.1,540.3,540.9,541.6,542.0,542.0,541.4,540.7,540.2,32.1,-3.3,655.3,0.191,-0.197,0.021,221.6,221.9,223.4,225.8,230.5,237.9,247.0,257.6,268.2,276.8,283.0,288.6,293.6,297.3,299.7,301.5,302.0,232.7,239.5,248.2,257.0,264.9,279.9,286.3,292.6,298.5,302.1,272.6,273.6,274.8,275.9,264.1,268.7,273.3,277.3,280.7,242.1,247.5,253.6,258.5,253.4,247.3,280.8,285.8,291.1,294.8,291.6,286.2,253.9,262.0,268.6,272.3,276.1,280.5,284.0,280.4,276.0,271.9,267.8,261.3,256.9,268.1,272.0,275.8,281.9,275.8,271.9,268.0,162.0,173.7,185.2,196.3,206.7,215.7,223.2,228.7,229.9,227.7,221.3,213.4,204.4,194.4,183.9,173.1,162.2,154.4,149.7,148.5,149.7,152.6,152.2,149.2,147.8,148.7,152.9,161.3,168.9,176.6,184.4,189.5,191.0,192.2,190.9,189.2,162.5,159.6,159.7,163.4,164.7,164.8,163.0,159.0,159.0,161.6,164.0,164.2,204.5,202.2,200.8,201.8,200.7,202.0,203.8,209.0,211.3,211.8,211.6,209.5,204.8,204.4,204.7,204.2,204.3,205.6,206.2,205.9,-49.5,-49.2,-46.9,-42.8,-34.4,-21.4,-5.2,13.2,31.5,47.0,59.1,70.4,80.1,86.9,91.1,94.1,95.0,-28.7,-17.4,-3.0,11.3,24.1,49.1,60.5,71.9,83.2,90.7,37.0,38.4,39.9,41.3,23.1,30.5,38.0,44.8,50.7,-13.1,-4.1,6.0,14.2,5.7,-4.5,52.1,60.6,70.2,77.2,71.0,61.5,6.5,19.8,30.6,36.7,43.2,51.2,58.2,51.2,43.2,36.3,29.4,18.8,11.5,30.0,36.3,42.8,54.4,42.8,36.2,29.8,-44.5,-24.3,-4.1,15.5,34.0,49.8,62.3,71.1,73.3,70.5,60.6,47.2,31.0,12.6,-6.6,-26.3,-46.3,-54.9,-62.2,-63.9,-61.4,-56.6,-58.1,-63.8,-67.0,-66.5,-60.2,-43.0,-30.2,-17.6,-4.9,3.2,5.7,7.7,5.5,2.8,-41.6,-46.1,-46.1,-40.1,-37.8,-37.6,-41.4,-48.2,-48.7,-44.6,-40.1,-39.6,28.5,24.3,21.8,23.6,21.8,24.3,27.9,36.2,39.5,40.3,39.7,36.5,28.9,27.9,28.5,27.7,28.6,30.1,31.0,30.4,681.2,684.5,688.6,691.3,691.0,688.5,682.6,674.8,674.8,684.6,700.1,712.5,717.9,717.4,715.7,714.2,713.9,649.0,643.0,639.0,635.7,634.3,642.4,650.5,659.7,669.6,679.9,640.5,634.7,628.4,622.6,638.4,637.5,637.3,641.0,645.3,648.9,646.2,647.1,648.9,647.2,646.4,659.4,662.1,666.4,672.9,666.7,662.5,656.0,645.7,642.2,643.6,646.0,655.5,669.7,657.4,649.3,646.4,645.2,648.2,654.0,645.1,646.1,649.1,665.6,648.9,645.9,645.2,0.591,0.197,-0.258,0.033,269.077,185.378,-5.099,9.044,-10.428,15.062,4.808,2.033,-5.297,2.457,3.524,-1.729,-0.154,1.506,-0.091,-2.092,-0.844,-0.003,0.064,0.915,-1.332,-0.728,0.705,-0.508,0.004,-0.527,-0.059,0.044,0.044,0.036,-0.119,0.002,-0.019,0.009,0.009,-0.004,0.16,0.0,0.0,0.44,0.0,0.0,0.12,0.0,0.0,0.35,0.0,0.0,0.0,0.0,0.0,0.0,0.0,0.0,1.0,0.0,0.0,0.0,0.0,0.0,0.0,0.0,0.0,0.0,0.0,0.0,0.0,0.0,0.0,1.0,0.0
PP133,g1,5770,0,0.925,0.202541,0.194084,-0.959848,0.047409,0.191131,-0.980419,0.128,0.196,246.6,248.0,251.1,254.3,255.5,254.4,251.0,247.9,242.3,244.3,247.2,250.7,254.1,256.7,258.4,256.3,253.4,250.2,247.1,244.3,249.7,251.0,252.4,253.0,252.5,251.1,249.7,249.1,283.8,284.7,287.4,290.4,291.8,290.8,288.1,284.9,280.8,282.7,285.3,288.6,291.4,293.4,294.6,293.5,291.6,289.1,286.1,283.1,286.4,287.7,288.9,289.3,288.7,287.4,286.2,285.8,160.8,157.6,156.4,157.7,160.9,164.4,165.4,164.0,162.3,160.5,159.4,158.9,159.5,161.0,163.1,164.1,164.5,164.6,164.3,163.6,162.4,163.0,162.4,161.0,159.6,159.0,159.6,161.0,160.6,157.4,156.1,157.2,160.3,163.4,164.8,163.8,162.8,160.7,159.1,158.4,158.8,159.9,161.6,163.0,163.8,164.1,164.1,163.8,161.9,162.4,161.8,160.4,159.1,158.6,159.2,160.6,-4.5,-2.7,1.5,5.7,7.3,5.8,1.3,-2.8,-10.3,-7.6,-3.7,0.9,5.4,8.8,11.2,8.4,4.5,0.3,-3.8,-7.6,-0.4,1.4,3.2,4.0,3.3,1.4,-0.4,-1.2,46.3,47.6,51.5,55.7,57.7,56.3,52.3,47.9,42.2,44.8,48.3,52.9,57.1,60.2,62.2,60.3,57.4,53.7,49.5,45.3,50.1,51.9,53.6,54.2,53.4,51.6,49.8,49.2,-35.4,-39.7,-41.4,-39.6,-35.2,-30.7,-29.3,-31.1,-33.7,-35.9,-37.3,-37.9,-37.0,-35.2,-32.5,-31.0,-30.5,-30.3,-30.7,-31.8,-33.4,-32.6,-33.3,-35.2,-37.1,-37.9,-37.1,-35.3,-36.9,-41.2,-43.3,-41.8,-37.6,-33.2,-31.2,-32.4,-33.9,-36.7,-38.8,-39.9,-39.5,-38.3,-36.1,-34.0,-32.7,-32.1,-32.1,-32.5,-35.2,-34.5,-35.4,-37.3,-39.1,-39.8,-38.9,-37.0,518.2,518.8,519.1,518.9,518.4,518.0,517.5,517.7,522.2,519.7,517.5,516.4,517.1,518.6,520.3,518.5,516.9,516.4,517.4,519.6,518.8,518.8,518.9,519.1,519.4,519.4,519.3,519.1,535.0,536.0,537.6,538.9,539.1,538.1,536.5,535.3,535.3,534.6,534.4,535.5,538.2,541.7,545.0,541.7,538.4,535.9,534.7,534.8,537.0,537.6,538.3,538.7,538.6,538.1,537.3,536.9,31.5,-2.8,651.4,0.213,-0.189,0.026,221.5,221.8,223.3,225.9,230.7,238.1,247.0,257.3,267.9,276.5,282.7,288.4,293.4,297.2,299.8,301.5,302.0,232.9,239.6,248.2,256.9,264.7,280.0,286.4,292.6,298.5,301.9,272.6,273.6,274.6,275.7,263.9,268.4,273.0,277.0,280.4,242.1,247.5,253.6,258.6,253.4,247.3,280.7,285.7,291.1,294.8,291.5,286.1,253.2,261.1,268.1,271.9,275.7,280.3,283.5,279.8,275.1,270.9,266.7,260.1,256.2,267.6,271.5,275.3,281.3,275.0,271.1,267.1,161.3,173.3,185.1,196.5,207.2,216.5,224.2,229.9,231.2,228.8,222.0,213.6,204.4,194.4,184.0,173.2,162.2,154.0,149.2,147.9,149.3,152.3,151.9,148.9,147.5,148.4,152.6,161.1,168.7,176.3,184.1,189.3,190.7,192.0,190.7,189.0,162.2,159.3,159.4,163.2,164.5,164.5,162.9,158.9,158.9,161.6,163.9,164.1,204.8,202.0,200.5,201.5,200.4,201.9,204.3,210.9,213.8,214.4,214.1,211.3,205.1,204.2,204.5,204.0,204.8,207.8,208.5,208.1,-49.2,-49.0,-46.7,-42.4,-33.9,-20.9,-5.3,12.6,30.8,46.3,58.3,69.5,79.0,85.7,90.1,93.0,93.9,-28.1,-17.0,-2.9,11.1,23.7,49.0,60.2,71.4,82.5,89.6,36.8,38.0,39.3,40.7,22.6,29.9,37.2,44.0,49.9,-12.9,-4.1,6.0,14.1,5.6,-4.5,51.5,60.0,69.6,76.5,70.3,60.8,5.4,18.3,29.6,35.8,42.2,50.5,57.1,50.1,41.6,34.6,27.6,16.7,10.3,28.9,35.3,41.8,53.1,41.4,34.7,28.2,-45.3,-24.7,-4.2,15.8,34.7,50.9,64.0,73.1,75.4,72.1,61.5,47.3,30.7,12.5,-6.4,-25.9,-45.7,-55.1,-62.5,-64.1,-61.7,-56.7,-58.1,-63.9,-67.0,-66.5,-60.3,-42.9,-30.2,-17.9,-5.3,2.9,5.3,7.3,5.2,2.5,-41.7,-46.3,-46.1,-40.1,-37.9,-37.8,-41.2,-48.1,-48.5,-44.3,-39.9,-39.4,29.0,23.9,21.1,23.0,21.2,24.1,28.7,39.4,43.6,44.4,43.8,39.4,29.3,27.4,27.9,27.3,29.4,33.7,34.6,33.9,675.5,679.6,684.3,687.3,687.2,685.2,680.2,673.2,673.2,682.3,696.3,707.1,710.8,709.3,707.0,705.8,705.6,642.7,637.3,633.3,630.1,629.1,637.6,645.6,654.6,664.3,674.3,635.4,629.8,623.9,618.5,634.1,633.3,633.2,636.7,640.8,643.4,640.9,641.8,643.5,642.1,641.2,654.2,656.8,661.0,667.5,661.4,657.3,653.1,642.1,637.9,639.3,641.7,651.4,665.8,655.6,648.4,645.6,644.3,646.5,651.4,641.3,642.2,645.2,662.3,647.5,644.6,643.7,0.595,0.219,-0.246,0.038,268.822,185.618,-17.134,13.694,-5.19,19.331,5.637,-3.725,-2.891,2.792,4.6,-2.431,0.329,0.839,0.473,-2.16,-1.102,0.262,1.089,1.39,-2.052,-0.499,0.66,-0.543,0.04,-0.456,-0.132,0.199,0.187,0.033,-0.09,0.017,-0.025,0.011,0.004,-0.006,0.26,0.04,0.0,0.45,0.0,0.0,0.0,0.0,0.0,0.04,0.0,0.0,0.0,0.0,0.31,0.0,0.0,0.0,1.0,0.0,0.0,0.0,0.0,0.0,0.0,0.0,0.0,0.0,0.0,0.0,0.0,1.0,1.0,1.0,0.0
PP133,g1,5776,0,0.925,0.200411,0.19417,-0.960278,0.047299,0.191742,-0.980305,0.127,0.196,246.5,247.8,251.0,254.1,255.4,254.3,250.9,247.7,242.2,244.2,247.1,250.5,254.0,256.5,258.3,256.2,253.3,250.1,247.0,244.2,249.5,250.9,252.3,252.9,252.3,251.0,249.6,249.0,283.7,284.6,287.3,290.3,291.7,290.7,288.0,284.8,280.7,282.6,285.2,288.5,291.3,293.3,294.5,293.4,291.5,289.0,286.0,283.0,286.3,287.6,288.8,289.2,288.6,287.3,286.1,285.7,160.6,157.4,156.1,157.5,160.7,164.2,165.2,163.8,162.0,160.3,159.1,158.6,159.3,160.8,162.9,163.9,164.3,164.4,164.1,163.4,162.1,162.7,162.2,160.8,159.4,158.8,159.3,160.7,160.4,157.3,155.9,157.1,160.1,163.2,164.6,163.7,162.6,160.5,158.9,158.2,158.7,159.8,161.5,162.9,163.6,164.0,163.9,163.6,161.7,162.3,161.7,160.3,159.0,158.4,159.0,160.4,-4.7,-2.9,1.3,5.5,7.1,5.6,1.2,-3.0,-10.5,-7.7,-3.9,0.7,5.2,8.7,11.0,8.2,4.3,0.1,-4.0,-7.7,-0.6,1.2,3.0,3.8,3.1,1.3,-0.6,-1.3,46.1,47.5,51.4,55.5,57.4,56.0,52.1,47.7,42.0,44.6,48.1,52.7,56.9,60.0,62.0,60.1,57.1,53.4,49.3,45.1,49.9,51.7,53.4,54.0,53.2,51.4,49.6,49.0,-35.6,-39.9,-41.6,-39.8,-35.5,-30.9,-29.5,-31.3,-34.0,-36.2,-37.5,-38.1,-37.3,-35.4,-32.8,-31.2,-30.7,-30.5,-30.9,-32.0,-33.6,-32.8,-33.6,-35.4,-37.3,-38.1,-37.4,-35.5,-37.1,-41.4,-43.4,-41.9,-37.8,-33.4,-31.4,-32.6,-34.1,-36.9,-39.0,-40.1,-39.7,-38.4,-36.3,-34.1,-32.8,-32.2,-32.3,-32.7,-35.4,-34.7,-35.6,-37.5,-39.3,-40.0,-39.1,-37.2,517.5,518.0,518.3,518.1,517.6,517.3,516.8,516.9,521.5,519.0,516.7,515.7,516.3,517.8,519.5,517.7,516.1,515.7,516.7,518.9,518.1,518.0,518.1,518.4,518.6,518.7,518.5,518.3,534.4,535.4,537.1,538.4,538.6,537.6,535.9,534.7,534.8,534.0,533.9,534.9,537.6,541.1,544.5,541.2,537.8,535.4,534.2,534.3,536.4,537.0,537.7,538.2,538.1,537.5,536.8,536.3,31.2,-2.9,650.7,0.212,-0.186,0.027,221.4,221.7,223.2,225.9,230.8,238.1,247.0,257.3,267.7,276.3,282.5,288.2,293.3,297.0,299.6,301.4,302.0,232.8,239.4,248.1,256.8,264.6,279.9,286.3,292.6,298.5,301.8,272.5,273.4,274.4,275.5,263.8,268.3,272.8,276.8,280.2,242.0,247.4,253.5,258.4,253.3,247.1,280.6,285.6,291.0,294.6,291.4,286.0,253.5,261.1,268.1,271.7,275.4,279.9,283.1,279.4,274.7,270.7,266.6,260.1,256.4,267.5,271.3,275.0,280.9,274.6,270.8,267.0,161.1,173.1,185.0,196.4,207.3,216.6,224.3,230.0,231.3,228.9,222.0,213.6,204.4,194.4,183.9,173.1,162.0,153.8,148.9,147.6,149.0,152.0,151.6,148.6,147.3,148.2,152.5,160.9,168.5,176.1,183.9,189.1,190.6,191.8,190.5,188.9,162.0,159.1,159.2,163.0,164.3,164.3,162.7,158.7,158.7,161.4,163.8,163.9,204.9,202.0,200.3,201.4,200.3,201.9,204.5,211.1,213.9,214.5,214.1,211.4,205.1,204.1,204.4,203.9,205.0,207.9,208.5,208.2,-49.4,-49.2,-46.9,-42.4,-33.8,-20.8,-5.2,12.5,30.5,46.0,57.9,69.1,78.6,85.3,89.7,92.7,93.7,-28.3,-17.2,-3.1,11.0,23.5,48.8,60.0,71.3,82.3,89.3,36.5,37.7,39.0,40.3,22.4,29.6,36.9,43.6,49.4,-13.1,-4.3,5.8,13.9,5.3,-4.7,51.2,59.7,69.3,76.2,70.0,60.5,5.8,18.3,29.4,35.4,41.6,49.8,56.3,49.3,41.0,34.1,27.3,16.7,10.7,28.7,34.9,41.2,52.3,40.8,34.3,27.9,-45.7,-25.0,-4.4,15.7,34.7,51.0,64.1,73.2,75.5,72.2,61.5,47.3,30.7,12.4,-6.5,-26.1,-45.9,-55.4,-62.9,-64.6,-62.1,-57.1,-58.5,-64.2,-67.3,-66.8,-60.4,-43.2,-30.5,-18.2,-5.6,2.6,4.9,7.0,4.9,2.2,-42.0,-46.6,-46.5,-40.4,-38.2,-38.1,-41.5,-48.3,-48.7,-44.5,-40.1,-39.6,29.1,23.7,20.9,22.7,20.9,24.0,28.9,39.6,43.8,44.5,43.9,39.5,29.4,27.2,27.7,27.1,29.6,33.8,34.7,34.0,675.0,679.3,684.0,686.9,686.7,684.6,679.7,672.9,673.0,682.0,695.7,706.2,709.8,708.2,706.0,704.7,704.5,642.2,636.8,632.8,629.7,628.6,637.0,644.9,653.9,663.7,673.7,634.8,629.3,623.4,617.9,633.5,632.7,632.6,636.0,640.1,643.0,640.4,641.3,642.9,641.6,640.8,653.5,656.1,660.3,666.8,660.8,656.6,652.3,641.4,637.2,638.6,641.0,650.5,664.6,654.8,648.0,645.3,644.0,645.9,650.6,640.7,641.5,644.4,661.1,647.1,644.2,643.3,0.596,0.218,-0.243,0.039,268.685,185.521,-18.124,14.363,-6.022,20.776,5.995,-4.609,-1.875,2.502,4.81,-3.279,0.38,0.463,0.611,-2.393,-0.828,0.063,1.038,1.432,-2.151,-0.166,0.503,-0.44,0.185,-0.467,-0.074,0.282,0.247,0.028,-0.09,0.01,-0.035,0.006,0.008,0.003,0.27,0.07,0.0,0.38,0.0,0.0,0.0,0.0,0.0,0.14,0.0,0.0,0.0,0.0,0.54,0.0,0.0,0.0,1.0,0.0,0.0,0.0,0.0,0.0,0.0,0.0,0.0,0.0,0.0,0.0,0.0,1.0,1.0,1.0,0.0
PP133,g1,5782,0,0.975,0.208432,0.190384,-0.959328,0.053448,0.189036,-0.980514,0.134,0.193,246.6,247.9,251.1,254.2,255.5,254.3,251.0,247.8,242.2,244.3,247.1,250.6,254.0,256.6,258.4,256.3,253.4,250.2,247.1,244.3,249.6,251.0,252.4,253.0,252.4,251.0,249.6,249.1,283.7,284.7,287.4,290.3,291.7,290.8,288.1,284.9,280.8,282.7,285.3,288.5,291.4,293.3,294.5,293.4,291.5,289.1,286.1,283.1,286.4,287.7,288.8,289.2,288.6,287.4,286.2,285.8,160.6,157.4,156.1,157.4,160.7,164.1,165.1,163.8,162.0,160.3,159.1,158.6,159.2,160.7,162.8,163.9,164.2,164.4,164.1,163.4,162.1,162.7,162.1,160.7,159.3,158.7,159.3,160.7,160.2,157.1,155.8,156.9,159.9,163.0,164.4,163.5,162.4,160.3,158.8,158.0,158.5,159.5,161.3,162.7,163.4,163.8,163.7,163.4,161.6,162.1,161.5,160.1,158.8,158.3,158.9,160.2,-4.5,-2.8,1.4,5.6,7.3,5.8,1.3,-2.9,-10.4,-7.6,-3.8,0.8,5.4,8.8,11.1,8.3,4.5,0.3,-3.9,-7.6,-0.5,1.3,3.1,3.9,3.2,1.4,-0.5,-1.2,46.4,47.7,51.6,55.8,57.7,56.4,52.5,48.0,42.3,44.9,48.5,53.0,57.2,60.3,62.3,60.4,57.5,53.8,49.6,45.5,50.2,52.0,53.7,54.3,53.5,51.6,49.9,49.3,-35.7,-40.0,-41.7,-39.9,-35.6,-31.0,-29.6,-31.4,-34.0,-36.2,-37.6,-38.2,-37.4,-35.5,-32.9,-31.4,-30.8,-30.5,-31.0,-32.0,-33.7,-32.9,-33.7,-35.5,-37.4,-38.2,-37.5,-35.6,-37.5,-41.8,-43.9,-42.4,-38.2,-33.8,-31.8,-33.0,-34.5,-37.3,-39.4,-40.5,-40.1,-38.9,-36.7,-34.6,-33.3,-32.6,-32.7,-33.1,-35.8,-35.1,-36.0,-37.9,-39.7,-40.4,-39.5,-37.6,517.5,518.1,518.4,518.3,517.8,517.5,516.9,517.1,521.5,519.0,516.8,515.8,516.5,518.0,519.7,518.0,516.3,515.8,516.8,519.0,518.2,518.1,518.3,518.5,518.7,518.8,518.7,518.4,537.0,538.0,539.6,541.0,541.2,540.2,538.5,537.3,537.3,536.6,536.5,537.5,540.2,543.7,547.1,543.8,540.4,537.9,536.7,536.8,539.0,539.6,540.3,540.8,540.7,540.1,539.3,538.9,31.5,-3.3,651.8,0.205,-0.198,0.027,221.5,221.7,223.2,225.8,230.6,237.9,246.8,257.2,267.6,276.2,282.3,288.0,293.1,296.9,299.5,301.3,301.9,232.9,239.6,248.3,257.0,264.7,279.9,286.3,292.5,298.4,301.8,272.5,273.5,274.6,275.7,264.1,268.5,273.0,277.0,280.3,242.1,247.5,253.6,258.5,253.4,247.2,280.7,285.6,291.0,294.6,291.5,286.1,253.9,261.6,268.4,272.0,275.7,280.1,283.3,279.8,275.2,271.1,267.1,260.6,256.9,267.9,271.6,275.3,281.1,275.0,271.2,267.4,161.4,173.2,184.9,196.2,206.9,216.2,223.8,229.6,230.9,228.6,222.0,213.8,204.6,194.5,183.9,172.9,161.8,153.7,148.9,147.7,149.0,152.0,151.5,148.5,147.1,148.0,152.2,160.8,168.4,175.9,183.7,188.9,190.4,191.6,190.3,188.7,161.9,159.0,159.1,162.9,164.2,164.3,162.5,158.6,158.5,161.2,163.6,163.7,204.8,201.8,200.1,201.2,200.1,201.7,204.2,210.5,213.2,213.8,213.4,210.9,205.0,203.9,204.2,203.7,204.7,207.2,207.9,207.5,-49.3,-49.1,-46.8,-42.5,-34.1,-21.2,-5.6,12.4,30.4,45.8,57.7,68.8,78.5,85.3,89.8,93.0,94.0,-28.1,-17.0,-2.8,11.3,23.8,48.9,60.1,71.4,82.4,89.6,36.7,38.0,39.4,40.8,22.9,30.1,37.4,44.0,49.8,-13.1,-4.2,5.9,14.1,5.5,-4.6,51.5,59.9,69.5,76.4,70.3,60.8,6.5,19.1,30.1,36.0,42.2,50.3,56.7,49.9,41.8,34.9,28.1,17.6,11.5,29.3,35.5,41.8,52.8,41.4,35.0,28.6,-45.2,-24.8,-4.5,15.3,34.1,50.2,63.2,72.5,74.8,71.8,61.5,47.6,31.1,12.7,-6.6,-26.4,-46.5,-55.6,-63.0,-64.6,-62.2,-57.3,-58.8,-64.6,-67.8,-67.3,-61.0,-43.5,-30.9,-18.5,-6.0,2.3,4.7,6.6,4.6,1.9,-42.1,-46.7,-46.7,-40.6,-38.3,-38.2,-41.9,-48.7,-49.1,-45.0,-40.6,-40.0,28.9,23.5,20.6,22.4,20.7,23.7,28.5,38.7,42.7,43.4,42.8,38.7,29.1,26.9,27.5,26.8,29.1,32.7,33.6,33.0,674.9,678.8,683.4,686.4,686.4,684.4,679.6,672.9,673.2,682.4,696.5,707.7,712.1,711.1,709.2,707.8,707.5,643.1,637.8,634.0,631.0,630.1,638.4,646.4,655.5,665.3,675.4,636.2,630.7,624.8,619.3,634.5,633.8,633.8,637.3,641.4,644.1,641.5,642.5,644.2,642.8,641.9,655.0,657.6,661.9,668.5,662.3,658.1,652.6,641.9,638.1,639.5,641.9,651.4,665.4,655.2,648.3,645.6,644.3,646.2,650.8,641.5,642.4,645.3,661.8,647.5,644.6,643.7,0.595,0.211,-0.258,0.039,268.814,185.324,-15.802,10.807,-7.543,19.671,5.419,-3.868,-1.719,2.732,4.719,-3.35,0.364,0.597,0.349,-2.311,-0.641,-0.112,0.776,1.241,-1.971,-0.279,0.526,-0.397,0.196,-0.464,-0.025,0.284,0.23,0.028,-0.087,0.005,-0.031,0.004,0.008,0.005,0.66,0.09,0.0,0.52,0.0,0.0,0.0,0.0,0.0,0.12,0.0,0.0,0.0,0.0,0.39,0.03,0.0,0.0,1.0,0.0,0.0,0.0,0.0,0.0,0.0,0.0,0.0,0.0,0.0,0.0,0.0,1.0,1.0,1.0,0.0
PP133,g1,5788,0,0.975,0.212012,0.184428,-0.959707,0.05678,0.181683,-0.981717,0.138,0.186,246.8,248.2,251.3,254.5,255.7,254.6,251.2,248.1,242.5,244.5,247.4,250.9,254.3,256.9,258.6,256.5,253.7,250.5,247.3,244.5,249.9,251.2,252.6,253.2,252.6,251.3,249.9,249.3,284.0,284.9,287.6,290.5,291.9,291.0,288.2,285.1,281.0,282.9,285.5,288.8,291.6,293.6,294.7,293.6,291.7,289.3,286.3,283.3,286.6,287.9,289.0,289.5,288.9,287.6,286.4,286.0,160.4,157.2,155.9,157.2,160.5,163.9,165.0,163.6,161.8,160.1,158.9,158.4,159.1,160.5,162.6,163.7,164.1,164.2,163.9,163.2,161.9,162.5,161.9,160.5,159.1,158.5,159.1,160.5,160.2,157.1,155.7,156.9,159.9,163.0,164.4,163.4,162.3,160.2,158.7,158.0,158.5,159.6,161.3,162.7,163.4,163.8,163.7,163.4,161.5,162.0,161.4,160.1,158.8,158.2,158.8,160.2,-4.2,-2.4,1.7,5.9,7.6,6.1,1.6,-2.5,-10.1,-7.3,-3.4,1.2,5.7,9.1,11.4,8.7,4.8,0.6,-3.5,-7.3,-0.2,1.6,3.5,4.3,3.5,1.7,-0.1,-0.9,46.8,48.2,52.1,56.2,58.1,56.7,52.8,48.4,42.7,45.3,48.9,53.4,57.6,60.7,62.7,60.8,57.8,54.1,50.0,45.8,50.6,52.4,54.1,54.7,53.9,52.0,50.3,49.7,-35.9,-40.2,-41.9,-40.1,-35.8,-31.2,-29.8,-31.6,-34.3,-36.4,-37.8,-38.4,-37.6,-35.7,-33.2,-31.6,-31.0,-30.7,-31.2,-32.3,-33.9,-33.1,-33.9,-35.8,-37.7,-38.5,-37.7,-35.8,-37.6,-41.9,-44.0,-42.4,-38.3,-33.9,-31.9,-33.1,-34.7,-37.5,-39.6,-40.6,-40.2,-39.0,-36.8,-34.6,-33.3,-32.7,-32.8,-33.2,-35.9,-35.2,-36.1,-38.0,-39.8,-40.5,-39.6,-37.7,517.3,517.8,518.1,518.0,517.6,517.3,516.7,516.8,521.2,518.7,516.5,515.5,516.3,517.8,519.5,517.8,516.1,515.6,516.6,518.7,518.0,517.9,518.1,518.3,518.5,518.5,518.4,518.2,537.7,538.7,540.4,541.7,541.9,540.9,539.2,538.0,538.0,537.3,537.2,538.2,541.0,544.5,547.8,544.5,541.2,538.7,537.5,537.5,539.7,540.3,541.0,541.5,541.4,540.8,540.1,539.6,32.0,-3.8,653.4,0.189,-0.202,0.028,221.6,221.9,223.3,225.8,230.5,237.8,246.9,257.4,267.8,276.3,282.4,288.1,293.1,296.9,299.5,301.3,302.0,233.0,239.8,248.6,257.3,265.2,280.1,286.5,292.8,298.7,302.1,272.8,273.8,274.9,276.0,264.3,268.8,273.3,277.2,280.6,242.3,247.7,253.8,258.8,253.6,247.5,280.9,285.8,291.2,294.8,291.7,286.3,254.3,262.1,268.7,272.2,275.9,280.2,283.4,280.0,275.6,271.6,267.6,261.3,257.3,268.1,271.9,275.5,281.4,275.4,271.7,267.9,161.3,173.1,184.8,196.0,206.6,215.7,223.3,228.9,230.2,228.0,221.6,213.6,204.6,194.5,183.9,173.0,161.9,153.5,148.7,147.5,148.9,151.8,151.5,148.5,147.1,148.0,152.3,160.6,168.2,175.8,183.6,188.8,190.3,191.5,190.2,188.6,161.7,158.9,159.0,162.7,164.0,164.1,162.4,158.5,158.5,161.2,163.6,163.7,204.4,201.8,200.2,201.2,200.1,201.7,204.0,209.5,211.8,212.3,212.0,209.8,204.7,203.9,204.2,203.8,204.4,205.9,206.5,206.1,-49.3,-49.1,-46.9,-42.6,-34.3,-21.3,-5.5,12.7,30.7,46.0,57.9,69.2,78.9,85.7,90.3,93.5,94.7,-28.0,-16.7,-2.3,11.9,24.6,49.4,60.7,72.0,83.2,90.5,37.2,38.5,40.0,41.4,23.4,30.6,37.9,44.5,50.3,-12.7,-3.8,6.4,14.5,6.0,-4.2,52.1,60.6,70.2,77.0,70.9,61.4,7.2,20.0,30.6,36.5,42.7,50.5,57.1,50.3,42.4,35.7,29.0,18.7,12.2,29.9,36.0,42.2,53.2,42.1,35.7,29.5,-45.5,-25.1,-4.8,15.0,33.6,49.6,62.3,71.3,73.5,70.8,61.0,47.5,31.2,12.8,-6.6,-26.5,-46.7,-56.2,-63.6,-65.2,-62.7,-57.8,-59.1,-64.9,-68.0,-67.5,-61.1,-44.0,-31.3,-18.8,-6.3,2.1,4.5,6.5,4.5,1.9,-42.7,-47.2,-47.1,-41.1,-38.8,-38.6,-42.2,-49.0,-49.3,-45.2,-40.7,-40.3,28.3,23.5,20.7,22.6,20.8,23.8,28.2,36.9,40.3,40.9,40.3,36.8,28.6,27.0,27.6,27.0,28.7,30.5,31.3,30.7,677.8,681.3,685.5,688.2,687.9,685.5,680.1,672.9,673.2,682.9,697.9,709.8,715.0,714.5,713.0,711.6,711.3,646.2,640.7,636.9,633.9,632.7,640.9,648.9,658.2,668.2,678.4,638.8,633.1,626.9,621.3,636.4,635.6,635.7,639.3,643.5,646.7,644.1,645.1,646.8,645.2,644.3,657.6,660.3,664.7,671.2,665.0,660.8,653.3,643.3,639.9,641.3,643.7,652.9,666.6,655.4,648.1,645.3,644.1,646.3,651.4,643.0,643.9,646.9,662.7,647.6,644.6,643.8,0.593,0.195,-0.263,0.04,269.044,185.04,-9.895,9.663,-11.116,17.994,5.103,-0.783,-2.986,2.021,3.897,-3.136,0.224,0.782,-0.014,-2.094,-0.609,-0.144,0.31,1.118,-1.74,-0.503,0.505,-0.648,0.223,-0.432,-0.087,0.198,0.159,0.007,-0.103,-0.002,-0.023,0.004,0.004,-0.005,0.11,0.0,0.0,0.41,0.0,0.0,0.07,0.0,0.0,0.15,0.0,0.0,0.0,0.0,0.0,0.15,0.0,0.0,1.0,0.0,1.0,0.0,0.0,0.0,0.0,0.0,0.0,0.0,0.0,0.0,0.0,1.0,1.0,1.0,0.0
PP133,g1,5794,0,0.975,0.214956,0.186813,-0.95859,0.056099,0.182979,-0.981515,0.139,0.188,246.9,248.3,251.4,254.5,255.8,254.7,251.4,248.2,242.6,244.6,247.5,251.0,254.4,257.0,258.7,256.6,253.8,250.6,247.5,244.6,250.0,251.3,252.7,253.3,252.7,251.4,250.0,249.4,284.1,285.1,287.8,290.6,292.0,291.1,288.4,285.3,281.2,283.1,285.7,288.9,291.7,293.7,294.8,293.8,291.9,289.4,286.5,283.5,286.8,288.0,289.2,289.6,289.0,287.7,286.6,286.2,160.5,157.3,156.0,157.4,160.6,164.0,165.1,163.7,161.9,160.2,159.1,158.5,159.2,160.6,162.7,163.8,164.2,164.3,164.0,163.3,162.0,162.6,162.0,160.6,159.2,158.6,159.2,160.6,160.2,157.1,155.7,156.8,159.8,162.9,164.3,163.4,162.3,160.2,158.7,158.0,158.4,159.5,161.2,162.6,163.3,163.7,163.6,163.3,161.5,162.0,161.4,160.0,158.7,158.2,158.8,160.2,-4.1,-2.3,1.9,6.0,7.7,6.3,1.8,-2.4,-9.9,-7.2,-3.3,1.3,5.9,9.2,11.6,8.8,5.0,0.8,-3.4,-7.1,-0.0,1.8,3.6,4.4,3.6,1.8,-0.0,-0.8,47.1,48.4,52.3,56.5,58.4,57.1,53.2,48.7,43.0,45.6,49.2,53.7,57.9,61.0,63.0,61.1,58.2,54.5,50.3,46.1,50.9,52.7,54.4,55.0,54.1,52.3,50.6,50.0,-35.9,-40.1,-41.9,-40.1,-35.8,-31.2,-29.8,-31.6,-34.2,-36.4,-37.7,-38.3,-37.6,-35.7,-33.1,-31.6,-30.9,-30.7,-31.1,-32.2,-33.9,-33.1,-33.9,-35.7,-37.6,-38.4,-37.7,-35.8,-37.7,-42.0,-44.1,-42.6,-38.4,-34.1,-32.1,-33.2,-34.7,-37.6,-39.7,-40.8,-40.4,-39.1,-37.0,-34.8,-33.5,-32.9,-32.9,-33.3,-36.0,-35.4,-36.2,-38.2,-40.0,-40.6,-39.7,-37.8,518.9,519.4,519.7,519.7,519.3,519.0,518.4,518.5,522.8,520.3,518.1,517.2,518.0,519.5,521.3,519.5,517.8,517.3,518.3,520.3,519.6,519.6,519.8,520.0,520.2,520.2,520.0,519.8,538.6,539.6,541.3,542.6,542.8,541.8,540.2,538.9,539.0,538.2,538.1,539.2,541.9,545.4,548.7,545.4,542.1,539.6,538.4,538.4,540.6,541.2,542.0,542.4,542.3,541.7,541.0,540.5,32.5,-4.4,656.5,0.193,-0.203,0.025,221.8,222.1,223.5,225.9,230.5,237.9,247.0,257.6,268.2,276.8,282.9,288.5,293.5,297.3,299.7,301.5,302.1,233.2,239.9,248.6,257.4,265.2,280.3,286.7,292.8,298.7,302.3,272.9,273.9,275.1,276.2,264.4,269.0,273.5,277.5,280.8,242.4,247.8,253.9,258.8,253.7,247.6,281.1,286.0,291.4,295.0,291.8,286.5,254.2,262.3,268.9,272.5,276.3,280.7,284.0,280.5,276.2,272.1,268.0,261.6,257.3,268.4,272.2,276.0,282.0,275.9,272.1,268.2,161.3,172.9,184.4,195.4,205.8,214.8,222.2,227.7,229.0,226.9,220.6,212.7,203.8,193.8,183.4,172.6,161.6,153.6,148.9,147.7,149.0,151.9,151.4,148.4,147.1,147.9,152.1,160.7,168.3,175.8,183.6,188.8,190.3,191.5,190.2,188.6,161.8,159.0,159.1,162.8,164.1,164.2,162.4,158.5,158.4,161.1,163.5,163.7,203.9,201.6,200.1,201.1,200.0,201.4,203.2,208.4,210.6,211.2,210.9,208.8,204.1,203.8,204.1,203.6,203.7,204.9,205.6,205.2,-49.2,-48.9,-46.8,-42.7,-34.4,-21.4,-5.2,13.2,31.5,47.0,59.0,70.4,80.1,87.0,91.3,94.4,95.4,-28.0,-16.6,-2.3,12.0,24.7,49.9,61.2,72.5,83.7,91.1,37.5,38.9,40.4,41.9,23.6,31.0,38.4,45.2,51.1,-12.6,-3.6,6.5,14.7,6.2,-3.9,52.6,61.1,70.7,77.7,71.5,62.0,7.1,20.3,31.1,37.2,43.6,51.5,58.4,51.5,43.6,36.7,29.8,19.3,12.2,30.4,36.7,43.2,54.6,43.2,36.6,30.2,-45.7,-25.6,-5.5,14.0,32.4,48.1,60.7,69.6,71.9,69.1,59.4,46.1,30.0,11.7,-7.6,-27.3,-47.4,-56.4,-63.6,-65.2,-62.8,-58.0,-59.4,-65.2,-68.4,-67.9,-61.7,-44.1,-31.3,-18.9,-6.3,2.1,4.5,6.5,4.4,1.8,-42.7,-47.2,-47.1,-41.1,-38.8,-38.6,-42.4,-49.3,-49.7,-45.6,-41.1,-40.5,27.5,23.3,20.7,22.5,20.7,23.3,27.0,35.2,38.5,39.2,38.7,35.4,27.9,26.9,27.5,26.7,27.7,29.0,29.9,29.3,681.2,684.5,688.5,691.3,691.1,688.6,683.0,675.5,675.8,685.7,701.2,713.7,719.1,718.8,717.2,715.8,715.6,649.3,643.6,639.7,636.6,635.3,643.5,651.6,660.9,670.8,681.0,641.6,635.9,629.8,624.1,639.5,638.8,638.8,642.4,646.6,649.7,647.0,647.9,649.8,648.1,647.2,660.6,663.2,667.6,674.2,668.0,663.7,656.6,646.5,643.1,644.6,647.1,656.5,670.6,658.4,650.5,647.5,646.3,649.0,654.6,646.1,647.1,650.2,666.5,650.0,647.0,646.2,0.59,0.198,-0.266,0.037,269.276,184.694,-5.72,8.085,-11.702,14.667,5.158,1.093,-5.022,2.799,3.115,-1.424,-0.386,1.352,-0.244,-2.143,-1.034,-0.053,-0.02,1.002,-1.457,-0.938,0.696,-0.469,-0.001,-0.455,0.105,0.001,0.045,0.045,-0.107,0.005,-0.015,0.005,0.008,-0.008,0.07,0.0,0.0,0.7,0.0,0.0,0.12,0.0,0.0,0.17,0.0,0.0,0.0,0.0,0.0,0.0,0.0,0.0,1.0,0.0,1.0,0.0,0.0,0.0,0.0,0.0,0.0,0.0,0.0,0.0,0.0,0.0,0.0,1.0,0.0
PP133,g1,5800,0,0.975,0.214319,0.187756,-0.958548,0.054358,0.183748,-0.981469,0.138,0.189,246.9,248.2,251.4,254.5,255.8,254.7,251.3,248.2,242.5,244.6,247.5,251.0,254.4,257.0,258.7,256.6,253.8,250.6,247.4,244.6,250.0,251.3,252.7,253.3,252.7,251.4,250.0,249.4,284.1,285.1,287.8,290.7,292.1,291.2,288.4,285.3,281.2,283.1,285.7,288.9,291.8,293.7,294.9,293.8,291.9,289.4,286.5,283.5,286.8,288.0,289.2,289.6,289.0,287.7,286.6,286.2,161.0,157.8,156.5,157.8,161.1,164.5,165.5,164.2,162.4,160.6,159.5,159.0,159.6,161.1,163.1,164.3,164.6,164.8,164.5,163.8,162.5,163.1,162.5,161.1,159.7,159.1,159.7,161.1,160.6,157.5,156.1,157.3,160.3,163.4,164.8,163.9,162.8,160.7,159.2,158.4,158.9,159.9,161.6,163.0,163.8,164.2,164.1,163.8,161.9,162.4,161.8,160.5,159.2,158.7,159.3,160.6,-4.1,-2.3,1.9,6.0,7.7,6.2,1.8,-2.4,-10.0,-7.2,-3.3,1.3,5.8,9.2,11.6,8.8,5.0,0.7,-3.4,-7.2,-0.1,1.8,3.6,4.4,3.6,1.8,-0.0,-0.8,47.0,48.3,52.2,56.4,58.3,57.0,53.1,48.6,42.9,45.5,49.0,53.6,57.8,60.9,62.9,61.0,58.1,54.4,50.2,46.0,50.8,52.6,54.3,54.9,54.1,52.2,50.5,49.9,-35.2,-39.4,-41.2,-39.4,-35.1,-30.5,-29.1,-30.9,-33.5,-35.7,-37.0,-37.6,-36.8,-35.0,-32.4,-30.8,-30.2,-30.0,-30.4,-31.5,-33.2,-32.4,-33.2,-35.0,-36.9,-37.7,-36.9,-35.1,-37.0,-41.3,-43.4,-41.9,-37.7,-33.3,-31.3,-32.5,-34.0,-36.8,-38.9,-40.0,-39.6,-38.4,-36.3,-34.1,-32.8,-32.2,-32.2,-32.6,-35.3,-34.6,-35.5,-37.4,-39.3,-39.9,-39.0,-37.1,517.6,518.1,518.4,518.4,518.0,517.7,517.2,517.2,521.5,519.0,516.9,515.9,516.7,518.2,520.0,518.3,516.5,516.0,517.0,519.1,518.4,518.3,518.5,518.7,518.9,518.9,518.8,518.5,537.5,538.5,540.1,541.5,541.7,540.7,539.0,537.8,537.9,537.1,537.0,538.0,540.7,544.2,547.6,544.3,540.9,538.5,537.3,537.3,539.5,540.1,540.8,541.3,541.2,540.6,539.9,539.4,32.5,-3.7,656.8,0.196,-0.201,0.025,221.7,222.0,223.5,225.9,230.6,237.9,247.1,257.7,268.2,276.8,282.9,288.6,293.6,297.3,299.8,301.5,302.1,233.0,239.8,248.5,257.3,265.2,280.2,286.7,292.9,298.8,302.3,272.9,273.9,275.1,276.2,264.4,268.9,273.5,277.5,280.8,242.4,247.8,253.9,258.8,253.7,247.6,281.1,286.0,291.4,295.0,291.8,286.5,254.2,262.3,268.9,272.5,276.3,280.7,284.1,280.5,276.2,272.1,268.0,261.6,257.3,268.4,272.2,276.0,282.0,275.9,272.1,268.2,161.7,173.2,184.7,195.7,206.1,215.0,222.4,227.9,229.2,227.1,220.8,212.9,204.0,194.1,183.7,173.0,162.0,154.1,149.4,148.2,149.5,152.5,152.0,149.0,147.6,148.5,152.6,161.2,168.8,176.4,184.2,189.3,190.8,192.0,190.7,189.1,162.3,159.5,159.5,163.3,164.6,164.7,162.9,159.0,158.9,161.6,164.0,164.1,204.3,202.0,200.5,201.6,200.4,201.8,203.6,208.7,211.0,211.5,211.2,209.2,204.5,204.2,204.5,204.0,204.1,205.3,205.9,205.6,-49.4,-49.0,-46.8,-42.7,-34.4,-21.3,-5.1,13.3,31.6,47.1,59.2,70.5,80.3,87.1,91.4,94.5,95.5,-28.2,-16.8,-2.4,12.0,24.8,49.8,61.2,72.5,83.8,91.3,37.5,38.9,40.4,41.8,23.6,31.0,38.4,45.2,51.1,-12.7,-3.6,6.5,14.7,6.2,-4.0,52.6,61.1,70.8,77.8,71.6,62.0,7.1,20.4,31.1,37.2,43.6,51.5,58.5,51.5,43.6,36.7,29.8,19.3,12.2,30.4,36.7,43.2,54.6,43.2,36.7,30.2,-45.1,-25.0,-5.0,14.5,32.9,48.6,61.1,70.0,72.3,69.5,59.8,46.5,30.5,12.2,-7.0,-26.7,-46.7,-55.5,-62.8,-64.4,-61.9,-57.0,-58.4,-64.2,-67.5,-67.1,-60.8,-43.2,-30.4,-17.9,-5.3,3.0,5.3,7.3,5.2,2.6,-42.0,-46.5,-46.4,-40.3,-38.0,-37.8,-41.6,-48.5,-48.9,-44.8,-40.3,-39.7,28.2,24.0,21.5,23.2,21.4,24.0,27.7,35.8,39.1,39.8,39.3,36.1,28.6,27.7,28.2,27.5,28.3,29.6,30.5,29.9,681.9,685.2,689.3,692.0,691.9,689.4,683.7,676.1,676.3,686.2,701.8,714.3,719.8,719.4,717.7,716.2,716.0,649.7,643.8,639.8,636.6,635.3,643.4,651.5,660.9,670.8,681.2,641.7,636.1,629.9,624.3,639.9,639.1,639.1,642.7,646.9,650.0,647.2,648.1,650.0,648.4,647.5,660.8,663.4,667.7,674.4,668.2,663.9,657.0,646.9,643.5,644.9,647.4,656.8,670.9,658.8,650.8,647.9,646.7,649.4,655.0,646.5,647.5,650.5,666.8,650.3,647.3,646.5,0.59,0.202,-0.263,0.037,269.276,185.113,-4.2,8.222,-11.746,14.439,5.457,1.203,-5.156,3.03,3.214,-1.44,-0.38,1.205,-0.166,-1.805,-0.982,-0.045,0.172,0.939,-1.422,-0.893,0.727,-0.542,0.05,-0.473,0.142,0.013,0.015,0.04,-0.097,0.006,-0.013,0.003,0.004,-0.011,0.19,0.0,0.0,0.59,0.0,0.0,0.1,0.0,0.0,0.28,0.0,0.0,0.0,0.0,0.0,0.0,0.0,0.0,1.0,0.0,0.0,0.0,0.0,0.0,0.0,0.0,0.0,0.0,0.0,0.0,0.0,0.0,0.0,1.0,0.0
PP133,g1,5806,0,0.975,0.213669,0.189131,-0.958423,0.054267,0.185006,-0.981238,0.137,0.191,246.7,248.0,251.2,254.3,255.6,254.5,251.1,248.0,242.4,244.4,247.3,250.8,254.2,256.7,258.4,256.4,253.5,250.4,247.2,244.4,249.8,251.1,252.5,253.1,252.5,251.1,249.8,249.2,283.9,284.8,287.5,290.3,291.7,290.8,288.1,285.0,280.9,282.8,285.4,288.6,291.4,293.4,294.5,293.5,291.6,289.1,286.2,283.2,286.5,287.7,288.9,289.3,288.7,287.4,286.3,285.9,161.3,158.1,156.8,158.2,161.4,164.8,165.9,164.5,162.7,161.0,159.9,159.4,160.0,161.4,163.5,164.6,165.0,165.1,164.8,164.1,162.8,163.4,162.8,161.4,160.1,159.5,160.0,161.4,161.0,157.9,156.5,157.6,160.6,163.7,165.1,164.2,163.1,161.0,159.5,158.8,159.2,160.3,161.9,163.3,164.1,164.5,164.4,164.1,162.3,162.8,162.2,160.8,159.5,159.0,159.6,160.9,-4.4,-2.6,1.6,5.7,7.4,6.0,1.5,-2.7,-10.2,-7.5,-3.6,1.0,5.5,8.9,11.3,8.5,4.7,0.5,-3.7,-7.4,-0.3,1.5,3.3,4.1,3.3,1.5,-0.3,-1.1,46.9,48.2,52.1,56.3,58.2,56.9,52.9,48.5,42.8,45.4,48.9,53.5,57.7,60.8,62.8,60.9,58.0,54.3,50.1,45.9,50.7,52.5,54.2,54.8,54.0,52.1,50.4,49.8,-34.9,-39.2,-41.0,-39.2,-34.9,-30.3,-28.8,-30.6,-33.3,-35.4,-36.8,-37.4,-36.6,-34.8,-32.2,-30.6,-30.0,-29.8,-30.2,-31.3,-33.0,-32.2,-33.0,-34.8,-36.7,-37.5,-36.7,-34.9,-36.8,-41.1,-43.2,-41.7,-37.5,-33.1,-31.1,-32.3,-33.8,-36.6,-38.7,-39.8,-39.4,-38.2,-36.0,-33.9,-32.6,-31.9,-32.0,-32.4,-35.1,-34.4,-35.3,-37.2,-39.0,-39.7,-38.8,-36.9,521.1,521.6,521.9,521.8,521.4,521.2,520.6,520.7,525.0,522.5,520.3,519.3,520.1,521.7,523.4,521.7,520.0,519.5,520.4,522.5,521.8,521.8,521.9,522.1,522.3,522.3,522.2,522.0,540.8,541.8,543.5,544.8,545.0,544.0,542.4,541.2,541.2,540.5,540.3,541.4,544.1,547.6,550.9,547.6,544.3,541.8,540.6,540.7,542.9,543.5,544.2,544.6,544.5,543.9,543.2,542.8,32.2,-3.3,657.6,0.197,-0.2,0.023,221.4,221.7,223.2,225.6,230.3,237.8,247.0,257.6,268.2,276.8,282.9,288.5,293.5,297.2,299.6,301.3,301.9,232.9,239.6,248.3,257.1,265.0,280.0,286.4,292.6,298.5,302.0,272.6,273.6,274.8,275.9,264.2,268.7,273.3,277.2,280.6,242.2,247.6,253.7,258.6,253.5,247.4,280.8,285.7,291.1,294.7,291.5,286.2,254.1,262.2,268.7,272.3,276.1,280.4,283.8,280.3,276.0,272.0,267.9,261.5,257.1,268.2,272.0,275.7,281.8,275.7,272.0,268.1,161.9,173.5,184.9,195.9,206.2,215.2,222.6,228.1,229.3,227.1,220.7,212.9,204.1,194.2,183.8,173.2,162.3,154.5,149.8,148.6,149.9,152.8,152.4,149.4,148.0,148.9,153.1,161.6,169.2,176.7,184.5,189.6,191.0,192.2,191.0,189.3,162.6,159.8,159.9,163.6,164.9,165.0,163.2,159.3,159.2,161.9,164.2,164.4,204.5,202.3,200.8,201.9,200.7,202.0,203.8,208.8,211.0,211.6,211.3,209.3,204.7,204.5,204.8,204.2,204.3,205.4,206.0,205.7,-50.0,-49.7,-47.5,-43.3,-34.9,-21.7,-5.3,13.2,31.6,47.1,59.2,70.6,80.3,87.0,91.3,94.2,95.2,-28.5,-17.2,-2.8,11.5,24.4,49.4,60.7,72.1,83.3,90.8,37.2,38.5,40.1,41.5,23.3,30.7,38.1,44.9,50.7,-12.9,-3.9,6.1,14.3,5.8,-4.3,52.2,60.7,70.3,77.3,71.1,61.6,7.0,20.2,30.8,36.9,43.3,51.2,58.2,51.2,43.3,36.5,29.7,19.2,12.0,30.2,36.5,42.9,54.3,42.9,36.4,30.0,-44.8,-24.7,-4.7,14.9,33.2,49.0,61.5,70.3,72.5,69.7,59.8,46.6,30.6,12.3,-6.7,-26.3,-46.2,-54.9,-62.2,-63.8,-61.3,-56.5,-57.9,-63.7,-66.9,-66.4,-60.1,-42.7,-29.9,-17.4,-4.8,3.4,5.8,7.7,5.7,3.0,-41.4,-45.9,-45.9,-39.9,-37.5,-37.3,-41.1,-48.0,-48.4,-44.3,-39.8,-39.3,28.6,24.5,22.0,23.7,21.9,24.5,28.0,36.0,39.3,40.0,39.5,36.4,28.9,28.1,28.7,27.9,28.7,29.8,30.7,30.1,683.4,686.8,690.9,693.6,693.4,690.7,684.8,677.1,677.4,687.3,703.0,715.5,720.9,720.5,718.7,717.1,716.8,650.6,644.7,640.7,637.5,636.2,644.3,652.4,661.7,671.6,682.0,642.5,636.9,630.7,625.0,640.7,640.0,639.9,643.5,647.6,650.8,648.0,648.9,650.8,649.1,648.3,661.6,664.2,668.5,675.2,669.0,664.7,657.9,647.8,644.3,645.8,648.2,657.7,671.8,659.6,651.6,648.6,647.4,650.2,655.9,647.4,648.4,651.4,667.7,651.1,648.1,647.3,0.589,0.203,-0.261,0.036,269.069,185.355,-2.73,9.168,-12.029,13.833,5.118,1.381,-4.901,3.116,3.331,-1.225,-0.488,1.252,0.072,-2.167,-0.991,-0.012,-0.025,0.959,-1.286,-0.937,0.706,-0.43,0.071,-0.449,0.049,0.032,-0.005,0.043,-0.116,0.011,-0.025,0.003,0.003,-0.001,0.25,0.0,0.0,0.31,0.0,0.0,0.17,0.0,0.0,0.43,0.0,0.0,0.0,0.0,0.0,0.0,0.0,0.0,1.0,0.0,0.0,0.0,0.0,0.0,0.0,0.0,0.0,0.0,0.0,0.0,0.0,0.0,0.0,1.0,0.0
PP133,g1,5812,0,0.975,0.214673,0.188523,-0.958318,0.054585,0.184408,-0.981333,0.138,0.19,246.5,247.8,251.0,254.1,255.4,254.2,250.9,247.8,242.2,244.2,247.1,250.6,254.0,256.5,258.2,256.2,253.3,250.1,247.0,244.2,249.5,250.9,252.3,252.8,252.3,250.9,249.6,249.0,283.7,284.6,287.3,290.2,291.6,290.6,288.0,284.8,280.7,282.6,285.2,288.4,291.3,293.2,294.4,293.3,291.4,289.0,286.0,283.0,286.3,287.6,288.7,289.1,288.5,287.3,286.1,285.7,161.0,157.9,156.6,157.9,161.1,164.5,165.6,164.2,162.4,160.7,159.6,159.1,159.7,161.2,163.2,164.3,164.7,164.8,164.6,163.8,162.5,163.1,162.6,161.2,159.8,159.2,159.8,161.1,160.7,157.6,156.2,157.4,160.4,163.5,164.8,163.9,162.8,160.8,159.2,158.5,158.9,160.0,161.7,163.1,163.8,164.2,164.1,163.8,162.0,162.5,161.9,160.5,159.2,158.7,159.3,160.7,-4.7,-2.9,1.3,5.4,7.1,5.7,1.2,-2.9,-10.5,-7.7,-3.9,0.7,5.3,8.7,11.0,8.2,4.4,0.2,-4.0,-7.7,-0.6,1.2,3.0,3.8,3.1,1.2,-0.6,-1.4,46.6,47.9,51.8,56.0,57.9,56.6,52.7,48.2,42.5,45.1,48.7,53.2,57.4,60.5,62.5,60.6,57.7,54.0,49.8,45.6,50.4,52.2,53.9,54.5,53.7,51.8,50.1,49.5,-35.3,-39.6,-41.3,-39.5,-35.2,-30.6,-29.2,-31.0,-33.7,-35.8,-37.1,-37.8,-37.0,-35.2,-32.6,-31.0,-30.4,-30.1,-30.6,-31.7,-33.3,-32.5,-33.3,-35.2,-37.1,-37.8,-37.1,-35.2,-37.1,-41.4,-43.5,-42.0,-37.8,-33.5,-31.4,-32.6,-34.1,-37.0,-39.0,-40.1,-39.7,-38.5,-36.4,-34.2,-32.9,-32.3,-32.3,-32.7,-35.4,-34.8,-35.6,-37.6,-39.4,-40.0,-39.1,-37.2,520.9,521.4,521.8,521.7,521.3,521.1,520.5,520.5,524.8,522.3,520.2,519.2,520.0,521.6,523.4,521.6,519.9,519.4,520.3,522.4,521.7,521.7,521.8,522.0,522.2,522.2,522.1,521.9,540.4,541.4,543.0,544.3,544.6,543.6,541.9,540.7,540.7,540.0,539.8,540.9,543.6,547.1,550.4,547.1,543.8,541.3,540.1,540.2,542.4,543.0,543.7,544.1,544.0,543.5,542.7,542.3,31.9,-3.8,658.0,0.195,-0.2,0.024,221.2,221.5,223.0,225.4,230.1,237.6,246.8,257.4,267.9,276.5,282.7,288.3,293.3,297.0,299.4,301.1,301.7,232.6,239.4,248.1,256.9,264.8,279.8,286.2,292.4,298.3,301.9,272.4,273.4,274.6,275.7,264.0,268.5,273.0,277.0,280.4,242.0,247.4,253.5,258.4,253.3,247.2,280.7,285.5,290.9,294.5,291.3,286.0,253.8,261.9,268.4,272.0,275.8,280.2,283.6,280.1,275.7,271.7,267.6,261.2,256.8,267.9,271.7,275.5,281.6,275.5,271.7,267.8,161.7,173.3,184.7,195.7,206.1,215.0,222.4,227.9,229.1,226.9,220.6,212.8,203.9,194.0,183.6,172.9,162.1,154.2,149.5,148.3,149.7,152.6,152.1,149.1,147.7,148.6,152.8,161.3,168.9,176.4,184.2,189.3,190.8,192.0,190.7,189.1,162.4,159.5,159.6,163.3,164.7,164.7,163.0,159.0,159.0,161.6,164.0,164.2,204.1,201.9,200.5,201.6,200.4,201.7,203.4,208.5,210.6,211.2,210.9,208.9,204.4,204.1,204.5,203.9,203.9,205.0,205.7,205.3,-50.4,-50.1,-47.8,-43.7,-35.3,-22.0,-5.6,12.8,31.1,46.7,58.8,70.2,79.9,86.7,91.0,93.9,95.0,-29.0,-17.5,-3.1,11.2,24.1,49.2,60.6,71.9,83.1,90.6,36.9,38.2,39.7,41.2,23.0,30.3,37.8,44.5,50.4,-13.3,-4.3,5.8,14.0,5.5,-4.7,52.0,60.5,70.1,77.0,70.8,61.3,6.4,19.7,30.4,36.5,42.9,50.8,57.8,50.8,42.9,36.0,29.2,18.7,11.5,29.7,36.0,42.5,54.0,42.5,36.0,29.5,-45.1,-25.0,-4.9,14.6,33.0,48.7,61.1,70.0,72.2,69.4,59.5,46.3,30.2,12.0,-7.2,-26.7,-46.7,-55.5,-62.7,-64.3,-61.8,-57.0,-58.4,-64.2,-67.4,-66.9,-60.7,-43.2,-30.4,-17.9,-5.3,3.0,5.3,7.3,5.2,2.6,-41.9,-46.4,-46.3,-40.4,-38.0,-37.8,-41.6,-48.5,-48.9,-44.8,-40.3,-39.8,28.0,23.9,21.5,23.3,21.4,23.9,27.4,35.4,38.6,39.4,38.8,35.7,28.3,27.6,28.2,27.4,28.1,29.2,30.2,29.6,683.8,687.2,691.2,693.8,693.5,690.9,685.0,677.3,677.6,687.5,703.2,715.7,721.1,720.7,719.0,717.6,717.3,651.2,645.3,641.3,638.1,636.7,644.8,652.9,662.3,672.2,682.5,643.1,637.4,631.2,625.6,641.2,640.4,640.4,643.9,648.1,651.4,648.6,649.5,651.4,649.7,648.9,662.1,664.7,669.1,675.7,669.5,665.3,658.3,648.3,644.9,646.4,648.9,658.2,672.2,660.0,652.0,649.0,647.9,650.7,656.4,647.9,648.9,652.0,668.1,651.6,648.5,647.7,0.589,0.2,-0.261,0.036,268.846,185.079,-3.356,8.85,-11.921,13.344,5.524,1.846,-5.163,2.657,3.234,-1.384,-0.417,1.15,-0.169,-2.043,-0.857,-0.166,-0.147,1.08,-1.46,-0.975,0.654,-0.45,0.035,-0.418,0.085,-0.025,0.027,0.043,-0.112,0.005,-0.025,0.005,0.01,-0.007,0.16,0.0,0.0,0.53,0.0,0.0,0.0,0.0,0.0,0.3,0.0,0.0,0.0,0.0,0.0,0.0,0.0,0.0,1.0,0.0,0.0,0.0,0.0,0.0,0.0,0.0,0.0,0.0,0.0,0.0,0.0,0.0,0.0,1.0,0.0
PP133,g1,5818,0,0.975,0.215574,0.186147,-0.958581,0.056469,0.182508,-0.981581,0.139,0.188,245.9,247.3,250.4,253.5,254.8,253.7,250.4,247.2,241.6,243.6,246.5,250.0,253.4,255.9,257.7,255.6,252.8,249.6,246.5,243.7,249.0,250.3,251.7,252.3,251.7,250.4,249.0,248.4,283.1,284.0,286.7,289.6,291.0,290.1,287.4,284.3,280.1,282.0,284.6,287.9,290.7,292.7,293.8,292.7,290.9,288.4,285.5,282.4,285.7,287.0,288.2,288.6,288.0,286.7,285.5,285.1,160.7,157.5,156.2,157.5,160.7,164.1,165.2,163.8,162.1,160.3,159.2,158.7,159.3,160.7,162.7,163.9,164.3,164.4,164.2,163.4,162.1,162.7,162.2,160.8,159.4,158.8,159.4,160.7,160.2,157.1,155.7,156.9,159.9,163.0,164.3,163.4,162.4,160.3,158.8,158.0,158.5,159.5,161.2,162.6,163.3,163.7,163.6,163.4,161.5,162.0,161.4,160.0,158.7,158.2,158.8,160.2,-5.4,-3.7,0.5,4.7,6.4,4.9,0.5,-3.7,-11.3,-8.5,-4.6,-0.0,4.5,7.9,10.2,7.5,3.7,-0.5,-4.7,-8.5,-1.4,0.5,2.3,3.1,2.3,0.5,-1.4,-2.1,45.8,47.1,51.0,55.2,57.1,55.8,51.9,47.4,41.7,44.3,47.9,52.4,56.6,59.7,61.7,59.8,56.9,53.2,49.0,44.9,49.6,51.4,53.1,53.7,52.9,51.0,49.3,48.7,-35.8,-40.1,-41.9,-40.1,-35.8,-31.2,-29.7,-31.5,-34.2,-36.3,-37.6,-38.3,-37.5,-35.7,-33.1,-31.6,-30.9,-30.7,-31.1,-32.2,-33.8,-33.1,-33.8,-35.7,-37.6,-38.4,-37.6,-35.7,-37.7,-42.1,-44.2,-42.7,-38.5,-34.1,-32.1,-33.3,-34.8,-37.6,-39.7,-40.8,-40.4,-39.2,-37.1,-34.9,-33.6,-33.0,-33.0,-33.4,-36.1,-35.4,-36.3,-38.2,-40.0,-40.7,-39.8,-37.9,520.7,521.2,521.6,521.5,521.1,520.8,520.3,520.3,524.6,522.1,520.0,519.0,519.8,521.4,523.1,521.4,519.7,519.1,520.1,522.2,521.5,521.4,521.6,521.8,522.0,522.0,521.9,521.6,540.1,541.1,542.8,544.1,544.3,543.3,541.7,540.5,540.5,539.8,539.6,540.7,543.4,546.9,550.2,546.9,543.6,541.1,539.9,540.0,542.2,542.7,543.5,543.9,543.8,543.2,542.5,542.1,31.0,-4.4,657.1,0.191,-0.201,0.021,220.7,221.1,222.6,225.1,229.8,237.2,246.4,257.0,267.5,276.1,282.2,287.8,292.8,296.5,298.9,300.6,301.1,231.9,238.7,247.4,256.3,264.2,279.1,285.6,291.8,297.7,301.3,271.8,272.9,274.1,275.2,263.5,268.0,272.6,276.5,279.9,241.5,246.8,252.9,257.8,252.7,246.6,280.1,285.0,290.3,294.0,290.8,285.5,253.4,261.4,268.0,271.6,275.4,279.7,283.2,279.6,275.3,271.3,267.2,260.8,256.4,267.5,271.3,275.0,281.1,275.0,271.2,267.4,161.6,173.2,184.6,195.7,206.0,215.0,222.3,227.8,229.0,226.8,220.4,212.6,203.6,193.7,183.2,172.5,161.6,154.0,149.2,147.9,149.2,152.1,151.6,148.6,147.2,148.1,152.3,160.8,168.4,175.9,183.7,188.9,190.4,191.5,190.3,188.6,162.0,159.1,159.2,162.9,164.2,164.3,162.5,158.5,158.5,161.1,163.5,163.7,203.8,201.6,200.2,201.2,200.1,201.4,203.1,208.1,210.3,210.9,210.6,208.6,204.1,203.8,204.1,203.6,203.6,204.7,205.3,205.0,-51.3,-50.8,-48.5,-44.3,-35.8,-22.5,-6.3,12.1,30.4,45.9,57.9,69.2,78.9,85.6,89.9,92.8,93.8,-30.1,-18.7,-4.2,10.3,23.2,48.0,59.4,70.8,82.1,89.5,35.9,37.3,38.9,40.3,22.1,29.5,36.9,43.7,49.6,-14.2,-5.2,4.9,13.0,4.5,-5.6,50.9,59.4,69.0,76.0,69.8,60.3,5.7,18.9,29.6,35.7,42.1,50.0,57.0,50.0,42.2,35.3,28.5,18.0,10.7,29.0,35.3,41.7,53.1,41.7,35.2,28.8,-45.4,-25.2,-5.1,14.5,32.9,48.5,61.0,69.7,71.8,69.0,59.1,45.8,29.7,11.4,-7.8,-27.5,-47.5,-55.8,-63.2,-64.9,-62.5,-57.6,-59.1,-65.0,-68.2,-67.7,-61.4,-44.0,-31.2,-18.6,-6.0,2.3,4.7,6.6,4.5,1.8,-42.5,-47.0,-47.0,-41.1,-38.7,-38.4,-42.4,-49.2,-49.7,-45.6,-41.1,-40.6,27.5,23.4,20.9,22.7,20.8,23.3,26.8,34.8,38.0,38.8,38.3,35.2,27.8,27.0,27.5,26.8,27.5,28.7,29.6,29.0,683.2,686.4,690.4,693.0,692.6,689.9,684.0,676.3,676.5,686.4,702.0,714.5,719.9,719.6,718.1,716.7,716.6,650.9,644.9,640.8,637.5,636.1,644.2,652.2,661.6,671.6,682.1,642.4,636.6,630.3,624.6,640.2,639.4,639.3,643.0,647.2,650.8,648.1,648.9,650.8,649.1,648.2,661.4,664.0,668.3,675.0,668.7,664.5,657.4,647.5,644.0,645.5,647.9,657.2,671.3,659.0,651.0,648.1,646.9,649.7,655.5,647.0,648.0,651.0,667.2,650.7,647.6,646.8,0.589,0.195,-0.261,0.032,268.351,184.736,-3.669,8.85,-11.562,14.297,5.588,2.143,-5.076,2.163,3.391,-1.502,-0.416,1.138,-0.228,-1.998,-0.813,-0.265,-0.164,0.98,-1.43,-0.761,0.706,-0.622,0.089,-0.515,0.106,0.015,0.023,0.04,-0.11,0.003,-0.027,0.005,0.01,-0.01,0.23,0.0,0.0,0.65,0.0,0.0,0.09,0.0,0.0,0.0,0.0,0.0,0.0,0.0,0.0,0.0,0.0,0.0,1.0,0.0,0.0,0.0,0.0,0.0,0.0,0.0,0.0,0.0,0.0,0.0,0.0,0.0,0.0,1.0,0.0
PP133,g1,5824,0,0.975,0.214625,0.18804,-0.958424,0.056652,0.184558,-0.981188,0.139,0.19,246.0,247.3,250.4,253.5,254.8,253.7,250.4,247.3,241.6,243.7,246.6,250.0,253.4,256.0,257.7,255.7,252.8,249.6,246.5,243.7,249.0,250.4,251.8,252.3,251.8,250.4,249.0,248.5,283.2,284.1,286.8,289.7,291.1,290.2,287.5,284.3,280.2,282.1,284.7,287.9,290.8,292.7,293.9,292.8,290.9,288.5,285.5,282.5,285.8,287.1,288.2,288.6,288.0,286.8,285.6,285.2,160.8,157.6,156.3,157.6,160.8,164.3,165.3,164.0,162.2,160.5,159.4,158.8,159.4,160.9,162.9,164.0,164.4,164.6,164.3,163.6,162.3,162.9,162.3,160.9,159.5,158.9,159.5,160.9,160.3,157.2,155.8,157.0,160.0,163.1,164.5,163.6,162.5,160.4,158.9,158.1,158.6,159.6,161.3,162.7,163.5,163.8,163.8,163.5,161.6,162.1,161.5,160.2,158.9,158.3,159.0,160.3,-5.4,-3.6,0.6,4.7,6.4,5.0,0.5,-3.6,-11.2,-8.4,-4.6,0.0,4.6,8.0,10.3,7.6,3.7,-0.5,-4.7,-8.4,-1.3,0.5,2.3,3.1,2.4,0.5,-1.3,-2.1,45.8,47.2,51.1,55.2,57.2,55.8,51.9,47.4,41.7,44.3,47.9,52.4,56.6,59.8,61.7,59.9,56.9,53.2,49.0,44.9,49.6,51.4,53.2,53.7,52.9,51.1,49.4,48.8,-35.6,-39.9,-41.6,-39.9,-35.6,-31.0,-29.5,-31.3,-34.0,-36.1,-37.4,-38.1,-37.3,-35.5,-32.9,-31.4,-30.7,-30.5,-30.9,-32.0,-33.6,-32.9,-33.6,-35.5,-37.4,-38.2,-37.4,-35.5,-37.5,-41.9,-43.9,-42.5,-38.3,-33.9,-31.9,-33.1,-34.6,-37.4,-39.5,-40.6,-40.2,-39.0,-36.9,-34.7,-33.4,-32.8,-32.8,-33.2,-35.9,-35.2,-36.1,-38.0,-39.8,-40.5,-39.6,-37.7,520.2,520.7,521.0,521.0,520.6,520.3,519.8,519.8,524.1,521.7,519.5,518.5,519.3,520.8,522.6,520.8,519.1,518.6,519.6,521.7,521.0,520.9,521.1,521.3,521.5,521.5,521.4,521.1,539.5,540.5,542.2,543.5,543.7,542.7,541.1,539.9,539.9,539.2,539.0,540.1,542.8,546.3,549.6,546.3,543.0,540.5,539.3,539.4,541.6,542.1,542.9,543.3,543.2,542.6,541.9,541.5,31.0,-4.0,656.4,0.193,-0.201,0.021,220.8,221.2,222.6,225.1,229.9,237.3,246.5,257.0,267.6,276.1,282.2,287.8,292.8,296.5,298.9,300.6,301.2,232.0,238.8,247.5,256.3,264.2,279.2,285.7,291.9,297.8,301.3,271.9,272.9,274.1,275.3,263.5,268.1,272.6,276.6,280.0,241.5,246.9,253.0,257.9,252.8,246.7,280.1,285.0,290.4,294.0,290.9,285.5,253.5,261.5,268.0,271.6,275.4,279.7,283.2,279.6,275.3,271.3,267.2,260.8,256.5,267.5,271.3,275.1,281.1,275.0,271.3,267.4,161.6,173.3,184.8,195.8,206.2,215.2,222.6,228.1,229.3,227.1,220.7,212.8,203.8,193.8,183.3,172.6,161.7,154.1,149.3,148.0,149.3,152.2,151.8,148.7,147.3,148.2,152.4,160.9,168.5,176.1,184.0,189.1,190.6,191.8,190.5,188.8,162.1,159.3,159.3,163.0,164.4,164.5,162.6,158.7,158.6,161.2,163.6,163.8,204.1,201.8,200.4,201.4,200.3,201.6,203.4,208.5,210.7,211.3,211.0,209.0,204.4,204.0,204.3,203.8,203.9,205.0,205.7,205.4,-51.0,-50.6,-48.3,-44.1,-35.6,-22.4,-6.2,12.2,30.4,45.9,57.9,69.1,78.8,85.5,89.8,92.8,93.7,-29.9,-18.5,-4.1,10.3,23.1,48.1,59.5,70.8,82.0,89.5,35.9,37.3,38.9,40.4,22.2,29.5,37.0,43.7,49.6,-14.2,-5.2,4.9,13.1,4.6,-5.5,51.0,59.5,69.1,76.0,69.9,60.4,5.8,19.0,29.7,35.7,42.1,50.0,56.9,49.9,42.1,35.2,28.5,18.0,10.8,29.0,35.3,41.7,53.1,41.7,35.2,28.8,-45.2,-25.0,-4.8,14.8,33.2,48.9,61.4,70.2,72.3,69.5,59.5,46.1,29.9,11.6,-7.6,-27.3,-47.3,-55.6,-63.0,-64.6,-62.2,-57.3,-58.9,-64.7,-68.0,-67.5,-61.3,-43.7,-30.9,-18.3,-5.7,2.6,5.0,7.0,4.9,2.1,-42.2,-46.8,-46.7,-40.8,-38.4,-38.2,-42.1,-49.0,-49.4,-45.3,-40.8,-40.3,27.9,23.7,21.3,23.0,21.2,23.7,27.3,35.4,38.6,39.4,38.9,35.7,28.3,27.4,27.9,27.1,27.9,29.2,30.1,29.5,682.0,685.4,689.6,692.2,691.9,689.3,683.5,675.9,676.1,685.9,701.4,713.8,719.1,718.7,717.0,715.5,715.2,649.8,643.9,639.8,636.6,635.3,643.4,651.4,660.7,670.6,681.0,641.5,635.8,629.5,623.8,639.5,638.7,638.6,642.2,646.5,649.9,647.1,648.0,649.9,648.2,647.3,660.5,663.2,667.5,674.1,667.9,663.6,656.8,646.8,643.3,644.8,647.2,656.5,670.5,658.4,650.5,647.6,646.4,649.1,654.8,646.3,647.3,650.3,666.4,650.1,647.0,646.3,0.59,0.199,-0.261,0.032,268.391,184.928,-4.76,9.109,-11.635,14.98,5.374,1.893,-4.998,2.314,3.418,-1.777,-0.267,1.225,-0.091,-2.158,-0.81,-0.257,-0.134,1.035,-1.498,-0.786,0.662,-0.619,0.094,-0.526,0.107,0.046,0.025,0.048,-0.119,-0.001,-0.029,0.005,0.011,-0.004,0.02,0.0,0.0,0.49,0.0,0.0,0.27,0.0,0.0,0.19,0.0,0.0,0.0,0.0,0.0,0.0,0.0,0.0,1.0,0.0,1.0,0.0,0.0,0.0,0.0,0.0,0.0,0.0,0.0,0.0,0.0,0.0,0.0,1.0,0.0
PP133,g1,5830,0,0.975,0.215454,0.192616,-0.957329,0.058418,0.188654,-0.980305,0.14,0.194,247.0,248.3,251.4,254.6,255.8,254.7,251.4,248.2,242.6,244.7,247.6,251.0,254.4,257.0,258.7,256.6,253.8,250.6,247.5,244.7,250.0,251.4,252.7,253.3,252.8,251.4,250.0,249.5,284.1,285.0,287.7,290.6,292.0,291.1,288.4,285.2,281.1,283.0,285.6,288.9,291.7,293.6,294.7,293.7,291.8,289.4,286.4,283.4,286.7,288.0,289.1,289.6,288.9,287.7,286.5,286.1,160.8,157.6,156.3,157.6,160.8,164.3,165.3,164.0,162.2,160.4,159.3,158.8,159.4,160.9,162.9,164.0,164.4,164.6,164.3,163.5,162.3,162.9,162.3,160.9,159.5,158.9,159.5,160.9,160.5,157.4,156.0,157.2,160.2,163.3,164.6,163.7,162.6,160.6,159.1,158.3,158.8,159.8,161.5,162.9,163.7,164.0,164.0,163.7,161.8,162.3,161.7,160.4,159.1,158.5,159.1,160.5,-4.0,-2.3,1.9,6.1,7.8,6.3,1.8,-2.3,-9.9,-7.1,-3.2,1.4,5.9,9.3,11.6,8.9,5.0,0.8,-3.4,-7.1,0.0,1.8,3.7,4.4,3.7,1.9,0.0,-0.7,47.2,48.6,52.4,56.6,58.5,57.1,53.2,48.8,43.1,45.7,49.3,53.8,58.0,61.1,63.1,61.2,58.2,54.6,50.4,46.2,51.0,52.8,54.5,55.1,54.3,52.5,50.7,50.1,-35.6,-39.9,-41.7,-39.8,-35.5,-31.0,-29.5,-31.3,-34.0,-36.2,-37.5,-38.1,-37.3,-35.5,-32.9,-31.3,-30.7,-30.5,-30.9,-32.0,-33.7,-32.9,-33.6,-35.5,-37.4,-38.2,-37.4,-35.5,-37.4,-41.7,-43.7,-42.2,-38.1,-33.7,-31.7,-32.9,-34.4,-37.2,-39.3,-40.4,-40.0,-38.8,-36.6,-34.5,-33.2,-32.5,-32.6,-33.0,-35.7,-35.0,-35.9,-37.8,-39.6,-40.3,-39.4,-37.5,520.5,521.0,521.3,521.3,520.9,520.6,520.0,520.1,524.4,521.9,519.7,518.8,519.5,521.1,522.9,521.1,519.4,518.9,519.8,521.9,521.2,521.2,521.3,521.6,521.7,521.8,521.6,521.4,540.5,541.5,543.2,544.5,544.8,543.8,542.1,540.9,540.8,540.1,540.0,541.1,543.8,547.3,550.7,547.4,544.0,541.5,540.3,540.4,542.6,543.1,543.9,544.3,544.2,543.6,542.9,542.4,32.2,-3.6,655.1,0.202,-0.206,0.029,221.6,221.8,223.2,225.6,230.3,237.7,246.8,257.4,268.0,276.5,282.6,288.2,293.2,297.0,299.5,301.3,301.9,233.2,240.0,248.7,257.4,265.3,280.3,286.7,292.9,298.7,302.2,272.9,274.0,275.1,276.2,264.4,268.9,273.4,277.4,280.7,242.5,247.9,254.0,258.8,253.7,247.6,281.1,286.0,291.3,294.9,291.7,286.4,254.1,262.2,268.8,272.4,276.1,280.4,283.7,280.2,275.8,271.8,267.8,261.4,257.1,268.3,272.0,275.7,281.7,275.6,271.9,268.1,161.5,173.1,184.6,195.7,206.2,215.3,222.8,228.4,229.7,227.5,221.0,213.1,204.1,194.1,183.7,173.0,162.1,153.9,149.2,148.0,149.4,152.3,151.9,148.9,147.5,148.4,152.5,161.1,168.7,176.3,184.2,189.3,190.7,192.0,190.7,189.0,162.1,159.2,159.3,163.0,164.4,164.5,162.8,158.8,158.8,161.5,163.8,164.0,204.4,202.1,200.6,201.7,200.5,201.9,203.8,209.2,211.5,212.1,211.8,209.6,204.7,204.3,204.6,204.1,204.3,205.8,206.4,206.0,-49.3,-49.2,-47.2,-43.1,-34.8,-21.7,-5.5,12.8,31.1,46.5,58.5,69.7,79.4,86.3,90.7,93.8,94.8,-27.8,-16.4,-2.1,12.1,24.8,49.9,61.1,72.3,83.4,90.7,37.5,38.9,40.4,41.8,23.6,30.9,38.2,44.9,50.8,-12.5,-3.5,6.6,14.7,6.2,-3.9,52.4,60.9,70.4,77.3,71.2,61.7,6.9,20.1,30.9,36.8,43.1,51.0,57.7,50.8,42.9,36.2,29.4,18.9,12.0,30.2,36.4,42.7,53.9,42.6,36.2,29.9,-45.2,-25.1,-5.0,14.6,33.1,49.0,61.7,70.7,73.0,70.2,60.1,46.6,30.4,12.1,-7.0,-26.5,-46.5,-55.7,-62.9,-64.4,-61.9,-57.0,-58.5,-64.2,-67.4,-67.0,-60.8,-43.3,-30.5,-18.0,-5.3,2.9,5.3,7.3,5.2,2.5,-42.2,-46.7,-46.5,-40.6,-38.2,-38.1,-41.7,-48.5,-48.9,-44.8,-40.4,-39.9,28.3,24.1,21.6,23.3,21.5,24.2,28.0,36.6,40.0,40.7,40.1,36.7,28.7,27.7,28.3,27.6,28.6,30.4,31.3,30.6,679.0,682.7,687.0,689.9,689.8,687.4,682.0,674.8,675.1,684.9,700.2,712.3,717.5,717.0,715.2,713.6,713.2,646.9,641.2,637.4,634.5,633.4,641.8,649.9,659.2,669.0,679.2,639.7,634.1,628.0,622.5,637.9,637.2,637.2,640.9,645.1,647.5,644.9,645.8,647.8,646.1,645.2,658.8,661.4,665.8,672.5,666.3,662.0,655.3,645.3,641.8,643.3,645.8,655.2,669.3,657.6,649.9,646.9,645.7,648.1,653.4,644.9,646.0,649.0,665.3,649.3,646.2,645.3,0.592,0.208,-0.267,0.041,269.154,185.172,-7.521,9.593,-11.163,15.702,5.326,0.608,-4.118,2.691,3.741,-1.521,0.151,1.209,0.032,-2.604,-0.776,-0.133,0.114,1.124,-1.422,-0.665,0.693,-0.654,0.12,-0.41,-0.032,0.125,0.04,0.042,-0.122,0.006,-0.034,0.005,0.008,-0.003,0.18,0.0,0.0,0.65,0.0,0.0,0.08,0.0,0.0,0.4,0.0,0.0,0.0,0.0,0.0,0.0,0.0,0.0,1.0,0.0,0.0,0.0,0.0,0.0,0.0,0.0,0.0,0.0,0.0,0.0,0.0,0.0,0.0,1.0,0.0
PP133,g1,5836,0,0.975,0.215948,0.188398,-0.958057,0.057762,0.185367,-0.98097,0.14,0.19,246.6,248.0,251.1,254.3,255.6,254.4,251.1,247.9,242.2,244.3,247.2,250.7,254.1,256.7,258.4,256.4,253.5,250.3,247.1,244.3,249.7,251.1,252.4,253.0,252.5,251.1,249.7,249.1,283.9,284.8,287.5,290.4,291.8,290.9,288.2,285.0,280.9,282.8,285.4,288.6,291.5,293.4,294.6,293.5,291.6,289.2,286.2,283.2,286.5,287.8,288.9,289.4,288.7,287.5,286.3,285.9,160.4,157.2,155.9,157.3,160.5,164.0,165.0,163.7,161.8,160.1,159.0,158.5,159.1,160.6,162.6,163.7,164.1,164.3,164.0,163.2,161.9,162.5,162.0,160.6,159.2,158.6,159.1,160.5,160.1,157.0,155.6,156.8,159.8,162.9,164.3,163.4,162.3,160.2,158.7,157.9,158.4,159.4,161.1,162.5,163.3,163.7,163.6,163.3,161.4,161.9,161.3,160.0,158.7,158.2,158.8,160.1,-4.5,-2.7,1.5,5.7,7.3,5.9,1.4,-2.8,-10.3,-7.5,-3.7,0.9,5.5,8.9,11.2,8.4,4.6,0.4,-3.8,-7.5,-0.4,1.4,3.2,4.0,3.3,1.4,-0.4,-1.2,46.6,48.0,51.9,56.0,58.0,56.6,52.7,48.2,42.5,45.1,48.7,53.2,57.4,60.5,62.5,60.6,57.7,54.0,49.8,45.7,50.4,52.2,53.9,54.5,53.7,51.9,50.2,49.6,-35.8,-40.1,-41.8,-40.0,-35.7,-31.1,-29.7,-31.5,-34.2,-36.3,-37.7,-38.3,-37.5,-35.7,-33.1,-31.5,-30.9,-30.6,-31.1,-32.2,-33.8,-33.0,-33.8,-35.7,-37.6,-38.4,-37.6,-35.7,-37.7,-42.0,-44.1,-42.6,-38.4,-34.0,-32.0,-33.2,-34.7,-37.5,-39.6,-40.7,-40.3,-39.1,-36.9,-34.8,-33.5,-32.8,-32.9,-33.3,-36.0,-35.3,-36.2,-38.1,-39.9,-40.6,-39.7,-37.8,516.5,517.0,517.3,517.2,516.8,516.5,516.0,516.0,520.4,517.9,515.7,514.7,515.5,517.1,518.8,517.1,515.4,514.9,515.8,517.9,517.2,517.2,517.3,517.5,517.7,517.7,517.6,517.4,537.5,538.5,540.2,541.5,541.8,540.8,539.1,537.9,537.9,537.2,537.0,538.1,540.8,544.3,547.7,544.4,541.0,538.5,537.3,537.4,539.6,540.2,540.9,541.3,541.2,540.6,539.9,539.5,31.9,-4.1,654.6,0.196,-0.205,0.027,221.4,221.7,223.1,225.6,230.3,237.7,246.8,257.4,267.8,276.3,282.4,288.0,293.0,296.8,299.3,301.1,301.8,232.7,239.5,248.3,257.1,265.0,280.0,286.5,292.6,298.5,302.0,272.7,273.7,274.9,276.0,264.2,268.7,273.3,277.2,280.6,242.1,247.5,253.7,258.6,253.5,247.3,280.8,285.7,291.1,294.7,291.6,286.2,254.0,262.0,268.7,272.2,275.9,280.3,283.6,280.1,275.7,271.7,267.7,261.3,257.1,268.1,271.9,275.6,281.5,275.5,271.7,267.9,161.3,173.0,184.5,195.6,206.1,215.2,222.6,228.2,229.5,227.3,220.8,212.9,204.0,194.0,183.5,172.7,161.8,153.6,148.8,147.6,149.0,151.9,151.5,148.5,147.1,148.0,152.2,160.7,168.3,175.9,183.7,188.9,190.3,191.5,190.3,188.6,161.8,158.9,159.0,162.7,164.1,164.1,162.4,158.4,158.4,161.1,163.5,163.6,204.1,201.7,200.2,201.2,200.1,201.5,203.5,208.9,211.2,211.8,211.5,209.4,204.3,203.9,204.2,203.7,204.0,205.4,206.1,205.7,-49.7,-49.4,-47.2,-43.0,-34.7,-21.7,-5.6,12.7,30.8,46.1,58.0,69.2,78.9,85.8,90.3,93.4,94.5,-28.6,-17.2,-2.8,11.6,24.4,49.3,60.6,71.9,83.1,90.5,37.1,38.5,40.0,41.4,23.2,30.5,37.9,44.6,50.4,-13.1,-4.1,6.1,14.3,5.7,-4.5,52.0,60.5,70.1,77.0,70.9,61.3,6.7,19.8,30.6,36.6,42.8,50.7,57.4,50.5,42.7,35.9,29.2,18.7,11.8,29.9,36.1,42.4,53.6,42.3,35.9,29.6,-45.5,-25.3,-5.2,14.4,32.8,48.6,61.3,70.2,72.5,69.6,59.7,46.3,30.2,11.9,-7.3,-27.0,-47.0,-56.2,-63.5,-65.0,-62.6,-57.7,-59.1,-64.9,-68.1,-67.7,-61.5,-43.9,-31.1,-18.7,-6.0,2.2,4.6,6.6,4.5,1.9,-42.7,-47.2,-47.1,-41.1,-38.7,-38.6,-42.3,-49.2,-49.6,-45.5,-41.0,-40.4,27.8,23.4,20.8,22.6,20.8,23.5,27.4,36.0,39.5,40.2,39.6,36.2,28.2,27.0,27.5,26.8,28.0,29.8,30.7,30.1,678.8,682.3,686.5,689.3,689.1,686.8,681.3,674.1,674.4,684.2,699.4,711.5,716.8,716.4,714.8,713.5,713.2,647.0,641.3,637.3,634.2,633.0,641.3,649.5,658.9,668.9,679.3,639.4,633.7,627.6,621.9,637.3,636.6,636.6,640.3,644.5,647.5,644.8,645.7,647.6,645.9,645.0,658.5,661.2,665.6,672.3,666.0,661.7,654.6,644.6,641.1,642.6,645.0,654.4,668.4,656.8,649.2,646.3,645.1,647.5,652.8,644.3,645.3,648.2,664.4,648.6,645.6,644.7,0.592,0.201,-0.267,0.039,268.963,184.848,-7.223,9.0,-10.765,16.439,6.041,0.174,-4.162,2.781,3.817,-2.101,0.061,1.019,0.011,-2.137,-0.716,-0.289,0.123,1.042,-1.524,-0.589,0.786,-0.772,0.062,-0.392,-0.135,0.165,0.077,0.031,-0.116,0.001,-0.028,0.009,0.009,-0.01,0.08,0.0,0.0,0.86,0.0,0.0,0.13,0.0,0.0,0.58,0.0,0.0,0.0,0.0,0.0,0.1,0.0,0.0,1.0,0.0,1.0,0.0,0.0,0.0,0.0,0.0,0.0,0.0,0.0,0.0,0.0,0.0,1.0,1.0,0.0
PP133,g1,5842,0,0.975,0.215483,0.188456,-0.95815,0.058831,0.185578,-0.980867,0.141,0.191,246.8,248.1,251.3,254.4,255.7,254.6,251.2,248.1,242.5,244.5,247.4,250.9,254.3,256.8,258.6,256.5,253.6,250.5,247.3,244.5,249.9,251.2,252.6,253.2,252.6,251.2,249.9,249.3,283.9,284.9,287.5,290.4,291.8,290.9,288.2,285.1,281.0,282.9,285.5,288.7,291.5,293.5,294.6,293.5,291.7,289.2,286.3,283.3,286.5,287.8,289.0,289.4,288.8,287.5,286.3,285.9,160.4,157.2,155.9,157.2,160.4,163.9,164.9,163.6,161.8,160.1,158.9,158.4,159.0,160.5,162.5,163.6,164.0,164.2,163.9,163.2,161.9,162.5,161.9,160.5,159.1,158.5,159.1,160.5,160.0,156.9,155.6,156.7,159.7,162.8,164.2,163.3,162.2,160.1,158.6,157.8,158.3,159.3,161.0,162.4,163.2,163.6,163.5,163.2,161.3,161.8,161.2,159.9,158.6,158.1,158.7,160.0,-4.2,-2.5,1.7,5.9,7.6,6.1,1.6,-2.5,-10.1,-7.3,-3.4,1.2,5.7,9.1,11.4,8.7,4.8,0.6,-3.5,-7.3,-0.2,1.6,3.5,4.2,3.5,1.7,-0.2,-0.9,46.9,48.3,52.1,56.3,58.2,56.9,53.0,48.5,42.8,45.4,49.0,53.5,57.7,60.8,62.8,60.9,58.0,54.3,50.1,46.0,50.7,52.5,54.2,54.8,54.0,52.2,50.5,49.9,-36.1,-40.3,-42.1,-40.3,-36.0,-31.4,-30.0,-31.8,-34.4,-36.6,-37.9,-38.5,-37.8,-35.9,-33.3,-31.8,-31.2,-30.9,-31.3,-32.4,-34.1,-33.3,-34.1,-36.0,-37.8,-38.6,-37.9,-36.0,-38.0,-42.3,-44.4,-42.9,-38.7,-34.3,-32.3,-33.5,-35.0,-37.8,-39.9,-41.0,-40.6,-39.4,-37.3,-35.1,-33.8,-33.1,-33.2,-33.6,-36.3,-35.6,-36.5,-38.4,-40.3,-40.9,-40.0,-38.1,519.1,519.6,519.9,519.8,519.4,519.1,518.6,518.6,523.0,520.5,518.3,517.3,518.1,519.7,521.4,519.7,518.0,517.5,518.4,520.5,519.8,519.7,519.9,520.1,520.3,520.3,520.2,520.0,539.9,540.9,542.6,543.9,544.2,543.2,541.5,540.3,540.3,539.5,539.4,540.5,543.2,546.7,550.1,546.8,543.4,540.9,539.7,539.8,542.0,542.6,543.3,543.7,543.6,543.0,542.3,541.9,32.2,-4.3,655.5,0.196,-0.206,0.025,221.6,221.9,223.3,225.8,230.5,237.9,247.0,257.6,268.1,276.5,282.5,288.1,293.1,296.8,299.4,301.2,301.8,233.0,239.7,248.4,257.2,265.1,280.1,286.5,292.6,298.5,302.0,272.7,273.8,275.0,276.2,264.4,268.9,273.4,277.3,280.7,242.3,247.7,253.8,258.7,253.6,247.5,280.9,285.8,291.2,294.7,291.6,286.3,254.3,262.2,268.8,272.4,276.1,280.4,283.7,280.2,275.8,271.9,267.9,261.5,257.3,268.3,272.0,275.7,281.6,275.6,271.9,268.1,161.3,172.9,184.4,195.5,206.0,215.1,222.5,228.1,229.3,227.1,220.7,212.8,203.8,193.9,183.4,172.6,161.6,153.6,148.8,147.6,148.9,151.8,151.4,148.4,147.0,147.9,152.1,160.6,168.2,175.8,183.6,188.7,190.2,191.4,190.1,188.5,161.7,158.9,158.9,162.6,164.0,164.1,162.3,158.3,158.3,161.0,163.4,163.5,204.0,201.6,200.1,201.1,200.0,201.4,203.4,208.8,211.1,211.7,211.4,209.3,204.3,203.8,204.1,203.6,203.9,205.3,206.0,205.6,-49.4,-49.2,-47.0,-42.8,-34.4,-21.3,-5.2,13.1,31.2,46.5,58.4,69.5,79.2,86.0,90.4,93.5,94.6,-28.2,-17.0,-2.6,11.8,24.5,49.5,60.7,72.0,83.2,90.5,37.3,38.7,40.2,41.7,23.5,30.8,38.2,44.9,50.7,-12.7,-3.8,6.3,14.5,6.0,-4.1,52.2,60.7,70.2,77.1,71.0,61.5,7.2,20.2,31.0,36.9,43.1,51.0,57.7,50.8,43.0,36.2,29.6,19.1,12.2,30.2,36.4,42.7,53.9,42.6,36.3,29.9,-45.6,-25.5,-5.4,14.2,32.7,48.5,61.2,70.1,72.4,69.5,59.5,46.1,30.0,11.7,-7.6,-27.2,-47.3,-56.2,-63.6,-65.2,-62.8,-57.9,-59.3,-65.1,-68.4,-67.9,-61.6,-44.1,-31.4,-18.9,-6.3,2.0,4.4,6.3,4.3,1.6,-42.8,-47.4,-47.3,-41.3,-38.9,-38.7,-42.6,-49.4,-49.8,-45.7,-41.2,-40.7,27.7,23.3,20.7,22.4,20.6,23.3,27.3,35.9,39.3,40.1,39.5,36.1,28.1,26.9,27.4,26.7,27.9,29.7,30.6,29.9,679.6,683.2,687.4,690.2,690.0,687.6,682.2,675.0,675.3,685.1,700.3,712.5,717.8,717.4,715.7,714.3,714.0,647.9,642.1,638.2,635.2,634.1,642.4,650.5,659.9,669.9,680.2,640.3,634.6,628.5,622.8,638.2,637.5,637.5,641.2,645.4,648.3,645.6,646.6,648.5,646.8,645.9,659.4,662.1,666.5,673.2,666.9,662.6,655.5,645.4,642.0,643.4,645.8,655.2,669.3,657.7,650.1,647.2,645.9,648.3,653.6,645.1,646.1,649.1,665.3,649.5,646.5,645.6,0.591,0.201,-0.268,0.038,269.095,184.749,-7.241,9.196,-10.95,16.774,5.548,0.094,-3.856,2.784,3.951,-2.06,-0.017,0.997,0.201,-2.372,-0.836,-0.167,0.089,1.061,-1.443,-0.584,0.725,-0.74,0.106,-0.462,-0.072,0.177,0.059,0.031,-0.125,0.002,-0.033,0.006,0.007,-0.004,0.43,0.0,0.0,0.77,0.0,0.0,0.07,0.0,0.0,0.55,0.0,0.0,0.0,0.0,0.0,0.0,0.0,0.0,1.0,0.0,1.0,0.0,0.0,0.0,0.0,0.0,0.0,0.0,0.0,0.0,0.0,0.0,0.0,1.0,0.0
PP133,g1,5848,0,0.975,0.215424,0.188122,-0.958229,0.057832,0.185414,-0.980957,0.14,0.19,246.7,248.0,251.2,254.3,255.6,254.5,251.1,248.0,242.4,244.4,247.3,250.8,254.2,256.7,258.5,256.4,253.6,250.4,247.2,244.4,249.8,251.1,252.5,253.1,252.5,251.2,249.8,249.2,283.8,284.8,287.5,290.3,291.7,290.8,288.1,285.0,280.9,282.8,285.4,288.6,291.4,293.4,294.5,293.4,291.6,289.1,286.2,283.2,286.5,287.7,288.9,289.3,288.7,287.4,286.3,285.9,160.4,157.2,155.9,157.2,160.4,163.9,164.9,163.6,161.8,160.0,158.9,158.4,159.0,160.5,162.5,163.6,164.0,164.2,163.9,163.2,161.9,162.5,161.9,160.5,159.1,158.5,159.1,160.5,160.0,156.9,155.5,156.7,159.7,162.8,164.2,163.3,162.2,160.1,158.6,157.8,158.3,159.3,161.0,162.4,163.2,163.5,163.5,163.2,161.3,161.8,161.2,159.9,158.6,158.1,158.7,160.0,-4.3,-2.6,1.6,5.8,7.5,6.0,1.5,-2.6,-10.2,-7.4,-3.6,1.0,5.6,9.0,11.3,8.6,4.7,0.5,-3.7,-7.4,-0.3,1.5,3.3,4.1,3.4,1.5,-0.3,-1.1,46.8,48.1,52.0,56.2,58.1,56.7,52.8,48.4,42.7,45.3,48.8,53.4,57.6,60.7,62.7,60.8,57.8,54.2,50.0,45.8,50.6,52.4,54.1,54.7,53.8,52.0,50.3,49.7,-36.0,-40.3,-42.1,-40.3,-36.0,-31.4,-30.0,-31.8,-34.4,-36.6,-37.9,-38.5,-37.8,-35.9,-33.3,-31.8,-31.1,-30.9,-31.3,-32.4,-34.1,-33.3,-34.1,-35.9,-37.8,-38.6,-37.8,-36.0,-38.0,-42.3,-44.4,-42.9,-38.7,-34.4,-32.3,-33.5,-35.0,-37.9,-40.0,-41.1,-40.6,-39.4,-37.3,-35.1,-33.8,-33.2,-33.2,-33.6,-36.3,-35.7,-36.5,-38.5,-40.3,-40.9,-40.0,-38.1,518.8,519.3,519.7,519.6,519.2,518.9,518.3,518.4,522.7,520.2,518.1,517.1,517.9,519.4,521.2,519.4,517.7,517.2,518.2,520.2,519.5,519.5,519.7,519.9,520.1,520.1,520.0,519.7,539.8,540.8,542.5,543.8,544.0,543.0,541.4,540.2,540.2,539.4,539.3,540.4,543.1,546.6,549.9,546.6,543.3,540.8,539.6,539.7,541.9,542.4,543.2,543.6,543.5,542.9,542.2,541.8,32.0,-4.4,655.9,0.196,-0.205,0.025,221.5,221.8,223.3,225.8,230.5,237.8,247.0,257.5,268.0,276.4,282.5,288.0,293.0,296.8,299.3,301.1,301.7,232.9,239.6,248.3,257.1,265.0,280.0,286.4,292.6,298.5,301.9,272.6,273.7,274.9,276.0,264.3,268.8,273.3,277.2,280.6,242.2,247.6,253.7,258.6,253.5,247.4,280.8,285.7,291.1,294.7,291.5,286.2,254.2,262.1,268.7,272.3,276.0,280.3,283.6,280.1,275.7,271.8,267.8,261.4,257.2,268.2,271.9,275.6,281.5,275.5,271.8,268.0,161.3,172.9,184.4,195.5,206.0,215.0,222.5,228.0,229.3,227.0,220.6,212.7,203.8,193.8,183.4,172.6,161.7,153.6,148.8,147.6,148.9,151.8,151.4,148.4,147.0,147.9,152.1,160.5,168.2,175.7,183.5,188.7,190.1,191.3,190.1,188.4,161.7,158.8,158.9,162.6,164.0,164.1,162.3,158.3,158.3,161.0,163.3,163.5,204.0,201.6,200.0,201.1,199.9,201.4,203.4,208.8,211.1,211.7,211.4,209.3,204.3,203.7,204.0,203.5,203.9,205.3,205.9,205.6,-49.6,-49.3,-47.1,-42.9,-34.5,-21.4,-5.3,13.0,31.1,46.4,58.3,69.4,79.1,85.9,90.4,93.5,94.6,-28.4,-17.1,-2.7,11.6,24.4,49.3,60.6,71.9,83.1,90.5,37.1,38.5,40.1,41.5,23.4,30.7,38.0,44.7,50.5,-12.9,-3.9,6.2,14.4,5.9,-4.3,52.1,60.5,70.1,77.0,70.9,61.4,7.0,20.1,30.8,36.7,43.0,50.8,57.6,50.7,42.8,36.1,29.4,18.9,12.1,30.1,36.3,42.6,53.7,42.4,36.1,29.8,-45.7,-25.5,-5.4,14.2,32.7,48.5,61.1,70.0,72.2,69.4,59.5,46.1,29.9,11.6,-7.6,-27.2,-47.3,-56.3,-63.6,-65.3,-62.8,-58.0,-59.4,-65.2,-68.5,-68.0,-61.7,-44.2,-31.5,-19.0,-6.4,2.0,4.3,6.3,4.2,1.5,-42.9,-47.4,-47.3,-41.3,-39.0,-38.8,-42.6,-49.5,-49.9,-45.8,-41.3,-40.7,27.7,23.2,20.6,22.4,20.5,23.3,27.2,35.9,39.3,40.1,39.5,36.1,28.1,26.8,27.3,26.6,27.9,29.6,30.5,29.9,680.1,683.6,687.9,690.6,690.5,688.1,682.6,675.4,675.7,685.5,700.7,712.8,718.1,717.7,716.0,714.7,714.4,648.4,642.7,638.7,635.6,634.4,642.8,650.9,660.3,670.3,680.6,640.7,635.1,628.9,623.2,638.6,637.9,637.9,641.6,645.8,648.8,646.1,647.1,648.9,647.3,646.4,659.8,662.5,666.9,673.6,667.3,663.0,655.9,645.9,642.4,643.8,646.2,655.6,669.6,658.1,650.5,647.6,646.4,648.8,654.0,645.5,646.5,649.5,665.7,649.9,646.9,646.0,0.591,0.2,-0.267,0.037,269.009,184.722,-7.392,9.105,-10.907,16.759,5.796,-0.097,-3.877,2.763,3.962,-1.999,0.017,0.971,0.157,-2.32,-0.846,-0.068,0.158,1.089,-1.461,-0.572,0.831,-0.813,0.127,-0.451,-0.113,0.178,0.065,0.026,-0.12,0.005,-0.03,0.006,0.007,-0.005,0.33,0.21,0.0,0.78,0.0,0.0,0.0,0.0,0.0,0.29,0.0,0.0,0.0,0.0,0.0,0.18,0.0,0.0,1.0,0.0,0.0,0.0,0.0,0.0,0.0,0.0,0.0,0.0,0.0,0.0,0.0,0.0,1.0,1.0,0.0
PP133,g1,5854,0,0.975,0.21388,0.19018,-0.958168,0.055964,0.187597,-0.980651,0.138,0.192,246.8,248.2,251.3,254.4,255.7,254.6,251.3,248.1,242.5,244.5,247.4,250.9,254.3,256.9,258.6,256.6,253.7,250.5,247.4,244.6,249.9,251.3,252.6,253.2,252.6,251.3,249.9,249.3,284.0,284.9,287.6,290.5,291.9,290.9,288.2,285.1,281.0,282.9,285.5,288.7,291.5,293.5,294.7,293.6,291.7,289.2,286.3,283.3,286.6,287.8,289.0,289.4,288.8,287.6,286.4,286.0,160.5,157.3,156.0,157.4,160.6,164.0,165.1,163.7,161.9,160.2,159.1,158.5,159.2,160.6,162.6,163.7,164.1,164.3,164.0,163.3,162.0,162.6,162.0,160.6,159.2,158.6,159.2,160.6,160.1,157.0,155.6,156.8,159.8,162.9,164.3,163.4,162.3,160.2,158.7,157.9,158.4,159.4,161.1,162.5,163.3,163.6,163.6,163.3,161.4,161.9,161.3,160.0,158.7,158.2,158.8,160.1,-4.2,-2.4,1.7,5.9,7.6,6.1,1.7,-2.5,-10.1,-7.3,-3.4,1.2,5.7,9.1,11.5,8.7,4.9,0.7,-3.5,-7.3,-0.1,1.7,3.5,4.3,3.5,1.7,-0.1,-0.9,46.9,48.3,52.2,56.3,58.3,56.9,53.0,48.5,42.8,45.4,49.0,53.5,57.7,60.9,62.9,61.0,58.0,54.3,50.1,46.0,50.7,52.5,54.3,54.9,54.0,52.2,50.5,49.9,-35.9,-40.2,-41.9,-40.1,-35.8,-31.2,-29.8,-31.6,-34.3,-36.4,-37.7,-38.3,-37.6,-35.8,-33.2,-31.6,-31.0,-30.7,-31.2,-32.3,-33.9,-33.1,-33.9,-35.8,-37.7,-38.4,-37.7,-35.8,-37.8,-42.2,-44.2,-42.7,-38.6,-34.2,-32.2,-33.4,-34.9,-37.7,-39.8,-40.9,-40.5,-39.3,-37.1,-35.0,-33.7,-33.0,-33.0,-33.5,-36.2,-35.5,-36.4,-38.3,-40.1,-40.8,-39.9,-38.0,519.1,519.6,519.9,519.8,519.4,519.2,518.6,518.7,523.0,520.5,518.3,517.4,518.1,519.7,521.4,519.7,518.0,517.5,518.4,520.5,519.8,519.8,519.9,520.1,520.3,520.4,520.2,520.0,539.7,540.7,542.3,543.7,543.9,542.9,541.3,540.0,540.1,539.3,539.2,540.2,542.9,546.4,549.8,546.5,543.2,540.7,539.5,539.6,541.7,542.3,543.0,543.5,543.4,542.8,542.1,541.6,32.3,-4.4,656.3,0.197,-0.202,0.023,221.7,222.0,223.4,225.9,230.6,238.0,247.2,257.7,268.2,276.7,282.8,288.4,293.4,297.1,299.6,301.3,301.9,233.0,239.7,248.4,257.2,265.1,280.1,286.5,292.7,298.6,302.1,272.8,273.8,275.0,276.1,264.4,268.9,273.4,277.3,280.7,242.3,247.7,253.8,258.8,253.6,247.5,280.9,285.8,291.2,294.8,291.6,286.3,254.3,262.2,268.9,272.4,276.1,280.5,283.8,280.3,275.9,271.9,267.9,261.5,257.3,268.3,272.1,275.8,281.7,275.7,272.0,268.1,161.2,172.9,184.4,195.5,206.0,215.0,222.4,228.0,229.2,226.9,220.5,212.6,203.6,193.6,183.2,172.5,161.6,153.7,148.9,147.6,148.9,151.8,151.4,148.4,147.0,147.9,152.1,160.6,168.2,175.7,183.5,188.7,190.2,191.3,190.1,188.4,161.8,159.0,159.1,162.7,164.1,164.2,162.4,158.5,158.4,161.0,163.4,163.6,204.0,201.5,200.0,201.0,199.8,201.3,203.3,208.8,211.1,211.7,211.4,209.2,204.2,203.7,204.0,203.5,203.8,205.3,205.9,205.6,-49.4,-49.1,-46.9,-42.7,-34.3,-21.1,-4.9,13.4,31.6,47.0,58.9,70.1,79.8,86.5,90.9,93.9,94.9,-28.2,-17.0,-2.6,11.7,24.5,49.6,60.8,72.2,83.4,90.7,37.3,38.7,40.2,41.7,23.6,30.9,38.3,45.0,50.8,-12.7,-3.7,6.4,14.6,6.0,-4.1,52.3,60.8,70.4,77.3,71.2,61.6,7.2,20.3,31.0,37.0,43.3,51.2,58.0,51.1,43.2,36.4,29.7,19.1,12.3,30.3,36.6,42.9,54.1,42.8,36.4,30.0,-45.8,-25.6,-5.5,14.2,32.7,48.5,61.1,70.0,72.2,69.3,59.2,45.8,29.6,11.3,-7.9,-27.5,-47.4,-56.2,-63.6,-65.3,-62.8,-58.0,-59.4,-65.2,-68.5,-68.0,-61.7,-44.1,-31.4,-19.0,-6.4,2.0,4.3,6.3,4.2,1.5,-42.7,-47.2,-47.1,-41.1,-38.8,-38.6,-42.5,-49.3,-49.7,-45.7,-41.1,-40.6,27.7,23.2,20.5,22.3,20.4,23.2,27.1,35.9,39.3,40.1,39.5,36.1,28.0,26.8,27.3,26.6,27.8,29.6,30.5,29.9,680.9,684.4,688.7,691.5,691.3,688.8,683.3,676.1,676.4,686.2,701.3,713.3,718.4,717.8,716.1,714.7,714.5,648.8,643.1,639.1,636.0,634.8,643.1,651.2,660.6,670.5,680.8,641.2,635.5,629.4,623.8,639.1,638.5,638.5,642.1,646.3,649.2,646.6,647.5,649.3,647.7,646.8,660.2,662.9,667.2,673.9,667.7,663.4,656.4,646.3,642.7,644.2,646.6,656.0,670.1,658.5,650.9,648.0,646.7,649.2,654.6,645.9,646.9,649.9,666.1,650.3,647.3,646.4,0.59,0.202,-0.264,0.035,269.164,184.719,-7.164,9.722,-10.954,16.238,5.461,-0.609,-4.264,2.766,3.502,-2.095,-0.293,0.937,0.136,-2.186,-0.919,-0.102,0.05,1.074,-1.548,-0.61,0.741,-0.777,0.142,-0.46,-0.129,0.145,0.071,0.032,-0.12,-0.001,-0.026,0.004,0.005,-0.007,0.22,0.0,0.0,1.11,0.0,0.0,0.1,0.0,0.0,0.7,0.0,0.0,0.0,0.0,0.0,0.0,0.0,0.0,1.0,0.0,1.0,0.0,0.0,0.0,0.0,0.0,0.0,0.0,0.0,0.0,0.0,0.0,0.0,1.0,0.0
PP133,g1,5860,0,0.925,0.214791,0.191559,-0.95769,0.056621,0.18867,-0.980407,0.139,0.194,247.1,248.5,251.6,254.7,256.0,254.9,251.5,248.4,242.8,244.8,247.7,251.2,254.6,257.1,258.8,256.8,253.9,250.8,247.6,244.8,250.2,251.5,252.9,253.5,252.9,251.6,250.2,249.6,284.2,285.1,287.8,290.7,292.1,291.1,288.4,285.3,281.2,283.1,285.7,288.9,291.7,293.7,294.8,293.8,291.9,289.4,286.5,283.5,286.8,288.1,289.2,289.6,289.0,287.8,286.6,286.2,160.2,157.0,155.7,157.1,160.3,163.7,164.8,163.4,161.6,159.9,158.8,158.2,158.9,160.4,162.4,163.5,163.8,164.0,163.7,163.0,161.7,162.3,161.7,160.3,158.9,158.4,158.9,160.3,159.9,156.8,155.4,156.6,159.6,162.7,164.0,163.1,162.0,160.0,158.5,157.7,158.2,159.2,160.9,162.3,163.1,163.4,163.3,163.0,161.2,161.7,161.1,159.8,158.4,157.9,158.5,159.9,-3.8,-2.1,2.1,6.3,8.0,6.5,2.0,-2.1,-9.7,-6.9,-3.0,1.6,6.1,9.5,11.8,9.1,5.2,1.0,-3.2,-6.9,0.2,2.0,3.9,4.6,3.9,2.1,0.2,-0.5,47.3,48.7,52.5,56.7,58.7,57.3,53.4,48.9,43.2,45.8,49.4,53.9,58.1,61.2,63.2,61.3,58.4,54.7,50.5,46.3,51.1,52.9,54.6,55.2,54.4,52.6,50.9,50.3,-36.4,-40.6,-42.4,-40.6,-36.3,-31.7,-30.3,-32.1,-34.7,-36.9,-38.2,-38.8,-38.0,-36.2,-33.6,-32.1,-31.5,-31.2,-31.7,-32.8,-34.4,-33.6,-34.4,-36.2,-38.1,-38.9,-38.1,-36.3,-38.2,-42.6,-44.6,-43.1,-38.9,-34.6,-32.6,-33.7,-35.3,-38.1,-40.2,-41.2,-40.8,-39.6,-37.5,-35.3,-34.0,-33.4,-33.4,-33.8,-36.5,-35.9,-36.8,-38.7,-40.5,-41.1,-40.3,-38.4,520.2,520.8,521.1,521.0,520.6,520.3,519.7,519.8,524.1,521.7,519.5,518.5,519.3,520.8,522.6,520.8,519.1,518.6,519.5,521.6,520.9,520.9,521.1,521.3,521.5,521.5,521.4,521.1,540.6,541.6,543.2,544.6,544.8,543.8,542.1,540.9,540.9,540.2,540.1,541.1,543.8,547.3,550.7,547.4,544.0,541.6,540.4,540.4,542.6,543.2,543.9,544.4,544.3,543.7,543.0,542.5,32.6,-4.6,656.0,0.201,-0.203,0.026,221.8,222.1,223.5,225.9,230.7,238.1,247.3,257.8,268.3,276.8,282.9,288.5,293.5,297.2,299.7,301.5,302.0,233.4,240.2,248.9,257.6,265.4,280.3,286.7,292.9,298.7,302.2,273.0,274.1,275.2,276.3,264.5,269.1,273.6,277.5,280.9,242.6,248.0,254.1,259.0,253.9,247.8,281.1,286.0,291.4,295.0,291.8,286.5,254.2,262.2,268.9,272.6,276.3,280.7,283.9,280.4,276.0,271.9,267.8,261.4,257.2,268.4,272.2,275.9,281.9,275.8,272.0,268.1,161.0,172.7,184.3,195.4,206.0,215.0,222.5,228.0,229.2,226.9,220.4,212.4,203.4,193.5,183.1,172.4,161.5,153.3,148.6,147.4,148.8,151.7,151.3,148.3,146.9,147.7,151.9,160.4,168.0,175.6,183.3,188.5,190.0,191.2,189.9,188.3,161.5,158.7,158.8,162.5,163.8,163.9,162.2,158.2,158.2,160.8,163.2,163.4,203.8,201.2,199.7,200.7,199.6,201.1,203.2,208.8,211.3,211.8,211.5,209.3,204.1,203.4,203.8,203.2,203.7,205.4,206.0,205.7,-49.1,-48.9,-46.8,-42.6,-34.1,-20.9,-4.8,13.5,31.7,47.1,59.0,70.2,79.8,86.6,91.0,94.1,95.1,-27.6,-16.2,-1.9,12.4,25.1,49.9,61.2,72.5,83.6,90.9,37.8,39.1,40.6,42.0,23.8,31.1,38.5,45.2,51.1,-12.2,-3.3,6.8,15.0,6.4,-3.7,52.6,61.1,70.7,77.6,71.4,61.9,7.1,20.1,31.1,37.2,43.6,51.6,58.2,51.3,43.3,36.4,29.5,18.9,12.1,30.3,36.7,43.2,54.3,43.0,36.4,29.9,-46.2,-25.9,-5.7,14.1,32.6,48.5,61.2,70.1,72.2,69.3,59.1,45.5,29.2,11.0,-8.1,-27.7,-47.6,-56.7,-63.9,-65.5,-63.0,-58.1,-59.6,-65.4,-68.6,-68.2,-62.0,-44.4,-31.7,-19.2,-6.7,1.7,4.0,6.0,3.9,1.3,-43.1,-47.6,-47.5,-41.5,-39.3,-39.1,-42.8,-49.6,-50.0,-46.0,-41.5,-41.0,27.4,22.7,20.0,21.8,20.0,22.8,27.0,36.0,39.6,40.4,39.8,36.2,27.8,26.4,26.9,26.2,27.6,29.8,30.7,30.1,680.0,683.7,688.2,691.1,690.9,688.5,683.0,675.8,676.2,685.9,700.9,712.8,717.7,717.0,715.1,713.8,713.5,647.7,642.2,638.4,635.5,634.4,642.9,650.9,660.2,670.1,680.3,640.8,635.2,629.2,623.7,638.9,638.2,638.2,641.9,646.0,648.4,645.8,646.8,648.7,647.0,646.1,659.8,662.4,666.8,673.4,667.2,662.9,656.2,646.0,642.4,643.9,646.4,655.9,670.0,658.7,651.1,648.2,646.9,649.2,654.4,645.6,646.7,649.7,666.1,650.4,647.4,646.5,0.591,0.205,-0.265,0.038,269.312,184.579,-9.558,10.806,-9.922,16.128,5.291,-0.93,-3.784,2.694,3.563,-1.992,0.511,0.89,0.22,-1.778,-0.981,0.255,0.273,1.082,-1.405,-0.876,0.718,-0.736,0.113,-0.515,-0.122,0.103,0.097,0.036,-0.101,0.005,-0.015,0.01,0.003,-0.008,0.27,0.03,0.0,0.56,0.0,0.0,0.0,0.0,0.0,0.39,0.0,0.0,0.0,0.0,0.0,0.0,0.0,0.0,1.0,0.0,1.0,0.0,0.0,0.0,0.0,0.0,0.0,0.0,0.0,0.0,0.0,1.0,1.0,1.0,0.0
PP133,g1,5866,0,0.925,0.212736,0.188322,-0.95879,0.055227,0.185595,-0.981073,0.137,0.19,246.6,247.9,251.1,254.2,255.5,254.3,251.0,247.9,242.2,244.3,247.2,250.6,254.1,256.6,258.3,256.3,253.4,250.2,247.1,244.3,249.6,251.0,252.4,252.9,252.4,251.0,249.6,249.1,283.7,284.6,287.4,290.3,291.7,290.7,288.0,284.9,280.7,282.7,285.3,288.5,291.3,293.3,294.5,293.4,291.5,289.0,286.1,283.1,286.4,287.6,288.8,289.2,288.6,287.3,286.2,285.7,160.1,157.0,155.7,157.0,160.2,163.7,164.7,163.4,161.6,159.8,158.7,158.2,158.8,160.3,162.3,163.4,163.8,163.9,163.7,162.9,161.7,162.3,161.7,160.3,158.9,158.3,158.9,160.3,159.8,156.7,155.3,156.5,159.5,162.6,164.0,163.1,162.0,159.9,158.4,157.6,158.1,159.1,160.8,162.2,163.0,163.3,163.3,163.0,161.1,161.6,161.0,159.7,158.3,157.8,158.4,159.8,-4.5,-2.8,1.4,5.6,7.3,5.8,1.3,-2.8,-10.4,-7.6,-3.8,0.8,5.4,8.8,11.1,8.4,4.5,0.3,-3.9,-7.6,-0.5,1.3,3.1,3.9,3.2,1.4,-0.5,-1.2,46.5,47.8,51.7,55.8,57.8,56.4,52.5,48.1,42.4,44.9,48.5,53.1,57.3,60.4,62.4,60.5,57.5,53.8,49.7,45.5,50.3,52.1,53.8,54.4,53.5,51.7,50.0,49.4,-36.3,-40.6,-42.3,-40.5,-36.2,-31.6,-30.2,-32.0,-34.7,-36.8,-38.2,-38.8,-38.0,-36.2,-33.6,-32.0,-31.4,-31.2,-31.6,-32.7,-34.4,-33.6,-34.3,-36.2,-38.1,-38.9,-38.1,-36.2,-38.1,-42.5,-44.5,-43.0,-38.9,-34.5,-32.5,-33.7,-35.2,-38.0,-40.1,-41.2,-40.8,-39.6,-37.4,-35.3,-34.0,-33.3,-33.4,-33.8,-36.5,-35.8,-36.7,-38.6,-40.4,-41.1,-40.2,-38.3,518.7,519.3,519.6,519.5,519.0,518.7,518.2,518.3,522.6,520.2,518.0,517.0,517.7,519.3,521.0,519.3,517.6,517.1,518.0,520.1,519.4,519.4,519.5,519.8,520.0,520.0,519.9,519.6,538.0,539.0,540.7,542.0,542.2,541.2,539.5,538.3,538.4,537.6,537.5,538.5,541.2,544.7,548.1,544.8,541.4,538.9,537.8,537.8,540.0,540.6,541.3,541.8,541.7,541.1,540.4,539.9,31.8,-4.6,655.5,0.198,-0.2,0.023,221.4,221.7,223.2,225.7,230.4,237.9,247.0,257.5,268.0,276.5,282.6,288.2,293.2,296.9,299.4,301.2,301.7,232.8,239.5,248.2,257.0,264.8,279.8,286.2,292.4,298.3,301.8,272.5,273.5,274.7,275.8,264.0,268.6,273.1,277.1,280.5,242.1,247.5,253.6,258.5,253.4,247.2,280.7,285.6,291.0,294.6,291.4,286.1,253.7,261.7,268.4,272.1,275.9,280.3,283.6,280.1,275.6,271.5,267.4,260.9,256.8,267.9,271.7,275.6,281.5,275.4,271.6,267.7,161.1,172.8,184.4,195.6,206.1,215.1,222.6,228.0,229.2,226.9,220.4,212.4,203.4,193.4,183.0,172.3,161.4,153.4,148.7,147.4,148.7,151.6,151.2,148.2,146.9,147.7,151.9,160.3,168.0,175.5,183.4,188.5,190.0,191.2,189.9,188.2,161.5,158.6,158.7,162.4,163.8,163.8,162.1,158.1,158.1,160.8,163.1,163.3,203.8,201.2,199.7,200.7,199.6,201.0,203.2,208.7,211.2,211.8,211.5,209.2,204.0,203.4,203.8,203.2,203.6,205.3,205.9,205.6,-49.8,-49.5,-47.3,-43.1,-34.6,-21.4,-5.3,13.0,31.1,46.5,58.5,69.7,79.3,86.0,90.4,93.4,94.4,-28.6,-17.2,-2.9,11.3,24.0,49.1,60.4,71.7,82.9,90.2,36.9,38.2,39.7,41.1,22.9,30.3,37.7,44.5,50.3,-13.2,-4.2,5.9,14.1,5.6,-4.6,51.8,60.3,69.9,76.9,70.7,61.2,6.3,19.4,30.3,36.4,42.9,50.9,57.6,50.7,42.7,35.7,28.8,18.1,11.3,29.6,36.0,42.5,53.7,42.3,35.7,29.2,-46.0,-25.7,-5.5,14.3,32.8,48.7,61.3,70.1,72.2,69.2,59.0,45.3,29.1,10.8,-8.2,-27.7,-47.6,-56.6,-63.9,-65.5,-63.1,-58.3,-59.7,-65.5,-68.7,-68.2,-61.9,-44.5,-31.7,-19.2,-6.6,1.7,4.0,6.0,3.9,1.2,-43.2,-47.7,-47.6,-41.6,-39.3,-39.1,-42.9,-49.7,-50.2,-46.1,-41.6,-41.1,27.4,22.7,20.0,21.8,19.9,22.7,26.8,35.8,39.4,40.2,39.6,36.1,27.7,26.3,26.9,26.2,27.5,29.5,30.5,29.9,680.2,683.8,688.3,691.1,690.9,688.4,682.8,675.4,675.6,685.3,700.3,712.2,717.1,716.4,714.6,713.2,713.1,648.0,642.3,638.4,635.3,634.2,642.5,650.6,659.8,669.7,679.8,640.4,634.8,628.6,623.0,638.4,637.7,637.7,641.3,645.5,648.4,645.7,646.6,648.5,646.8,646.0,659.3,662.0,666.3,672.9,666.7,662.5,655.9,645.6,641.9,643.3,645.8,655.3,669.4,658.1,650.5,647.5,646.3,648.8,654.1,645.2,646.2,649.2,665.5,649.8,646.7,645.9,0.591,0.202,-0.26,0.035,268.889,184.552,-8.938,10.793,-9.726,16.347,5.289,-0.528,-4.263,2.585,3.482,-2.057,0.503,1.014,0.545,-1.73,-0.895,0.136,0.259,1.105,-1.139,-0.916,0.8,-0.76,0.05,-0.505,-0.119,0.068,0.095,0.047,-0.112,0.001,-0.014,0.01,0.005,-0.006,0.29,0.0,0.0,0.71,0.0,0.0,0.0,0.0,0.0,0.71,0.0,0.0,0.0,0.0,0.0,0.12,0.0,0.0,1.0,0.0,1.0,0.0,0.0,0.0,0.0,0.0,1.0,0.0,0.0,0.0,0.0,1.0,1.0,1.0,0.0
PP133,g1,5872,0,0.925,0.210722,0.191744,-0.958556,0.051857,0.189522,-0.980506,0.135,0.194,246.2,247.5,250.6,253.8,255.0,253.9,250.6,247.4,241.8,243.9,246.7,250.2,253.6,256.2,257.9,255.9,253.0,249.8,246.7,243.9,249.2,250.6,251.9,252.5,252.0,250.6,249.2,248.6,283.4,284.3,287.0,289.9,291.3,290.4,287.7,284.5,280.4,282.3,284.9,288.1,291.0,293.0,294.2,293.1,291.2,288.7,285.7,282.7,286.0,287.3,288.5,288.9,288.3,287.0,285.8,285.4,159.9,156.7,155.4,156.8,160.0,163.4,164.5,163.1,161.4,159.6,158.5,158.0,158.6,160.1,162.1,163.2,163.5,163.7,163.4,162.7,161.4,162.0,161.5,160.1,158.7,158.1,158.6,160.0,159.6,156.5,155.1,156.2,159.2,162.3,163.7,162.8,161.7,159.7,158.1,157.4,157.8,158.9,160.6,161.9,162.7,163.1,163.0,162.7,160.9,161.4,160.8,159.4,158.1,157.6,158.2,159.6,-5.1,-3.3,0.9,5.0,6.7,5.2,0.7,-3.4,-11.0,-8.2,-4.3,0.3,4.8,8.2,10.6,7.8,4.0,-0.3,-4.4,-8.2,-1.1,0.8,2.6,3.4,2.6,0.8,-1.0,-1.8,45.9,47.3,51.2,55.3,57.3,55.9,52.0,47.5,41.8,44.4,48.0,52.5,56.7,59.9,61.9,60.0,57.0,53.3,49.1,45.0,49.7,51.6,53.3,53.9,53.0,51.2,49.5,48.9,-36.7,-40.9,-42.7,-40.9,-36.6,-32.0,-30.6,-32.4,-35.0,-37.1,-38.5,-39.1,-38.3,-36.5,-33.9,-32.4,-31.8,-31.6,-32.0,-33.0,-34.7,-33.9,-34.6,-36.5,-38.4,-39.2,-38.4,-36.6,-38.4,-42.8,-44.8,-43.4,-39.2,-34.8,-32.8,-34.0,-35.5,-38.3,-40.4,-41.5,-41.1,-39.9,-37.7,-35.6,-34.3,-33.7,-33.7,-34.1,-36.8,-36.1,-37.0,-38.9,-40.7,-41.4,-40.5,-38.6,519.0,519.6,519.9,519.8,519.3,518.9,518.4,518.5,522.9,520.4,518.3,517.3,518.0,519.5,521.2,519.5,517.7,517.3,518.2,520.3,519.7,519.6,519.8,520.0,520.2,520.3,520.1,519.9,537.6,538.6,540.3,541.6,541.7,540.7,539.1,537.9,538.0,537.2,537.1,538.1,540.8,544.3,547.6,544.3,540.9,538.5,537.3,537.4,539.6,540.2,540.9,541.3,541.2,540.7,540.0,539.5,31.0,-4.8,653.8,0.206,-0.197,0.024,221.1,221.4,222.9,225.4,230.2,237.6,246.5,256.9,267.4,276.0,282.1,287.8,292.9,296.7,299.2,300.9,301.4,232.3,239.0,247.7,256.5,264.4,279.5,285.9,292.1,298.0,301.5,272.1,273.1,274.3,275.3,263.5,268.1,272.7,276.7,280.1,241.6,247.1,253.1,258.1,252.9,246.8,280.3,285.2,290.7,294.3,291.1,285.7,252.9,260.8,267.8,271.6,275.5,280.1,283.3,279.7,275.1,270.8,266.5,259.9,255.9,267.3,271.2,275.1,281.2,274.9,270.9,266.8,160.8,172.6,184.2,195.5,206.0,215.2,222.7,228.4,229.6,227.3,220.6,212.4,203.3,193.3,182.9,172.1,161.2,153.2,148.4,147.1,148.4,151.4,150.9,147.9,146.6,147.5,151.6,160.1,167.8,175.3,183.1,188.2,189.7,190.9,189.6,187.9,161.3,158.4,158.5,162.2,163.5,163.6,161.9,157.9,157.9,160.5,162.8,163.0,203.5,200.8,199.2,200.3,199.1,200.6,202.9,209.1,211.9,212.5,212.2,209.6,203.8,203.0,203.3,202.8,203.4,205.9,206.6,206.3,-50.2,-49.9,-47.7,-43.4,-35.0,-21.9,-6.0,12.0,30.1,45.5,57.5,68.7,78.4,85.2,89.7,92.6,93.5,-29.2,-18.0,-3.7,10.5,23.2,48.3,59.6,70.9,82.0,89.3,36.2,37.5,38.9,40.3,22.0,29.4,36.9,43.7,49.6,-13.8,-4.8,5.2,13.4,4.8,-5.2,51.0,59.5,69.1,76.0,69.9,60.4,4.8,17.9,29.2,35.5,42.1,50.3,57.0,50.0,41.7,34.5,27.3,16.4,9.8,28.5,35.0,41.7,53.1,41.4,34.6,27.8,-46.4,-26.0,-5.7,14.0,32.7,48.6,61.5,70.6,72.8,69.7,59.2,45.3,28.9,10.7,-8.4,-27.9,-47.8,-56.7,-64.0,-65.7,-63.4,-58.5,-60.0,-65.7,-68.9,-68.4,-62.2,-44.7,-32.0,-19.6,-7.0,1.1,3.5,5.5,3.4,0.7,-43.4,-47.9,-47.8,-41.8,-39.6,-39.5,-43.1,-50.0,-50.4,-46.3,-41.9,-41.4,26.8,21.9,19.2,21.0,19.2,22.0,26.3,36.4,40.6,41.4,40.8,36.7,27.2,25.5,26.0,25.3,27.0,30.7,31.6,31.0,677.9,681.6,686.2,689.1,689.0,686.9,681.7,674.5,674.7,684.1,698.5,709.8,714.2,713.3,711.3,710.3,710.3,645.8,640.2,636.2,633.0,631.9,640.4,648.4,657.6,667.4,677.5,638.2,632.6,626.6,621.2,636.6,635.7,635.7,639.3,643.4,646.2,643.6,644.6,646.3,644.8,643.8,657.1,659.7,663.9,670.5,664.3,660.2,654.9,644.1,640.1,641.5,644.1,653.8,668.1,657.5,650.0,647.1,645.8,648.2,653.2,643.5,644.4,647.5,664.5,649.2,646.2,645.3,0.593,0.21,-0.255,0.036,268.436,184.442,-13.508,11.174,-5.721,17.201,5.832,-2.468,-3.578,2.675,4.056,-2.131,0.443,0.884,0.761,-1.369,-0.984,0.037,0.497,1.209,-1.559,-0.836,0.71,-0.652,0.105,-0.572,-0.089,0.09,0.157,0.065,-0.091,0.015,-0.016,0.018,0.007,-0.009,0.23,0.0,0.0,0.45,0.0,0.0,0.0,0.0,0.0,0.27,0.0,0.0,0.0,0.0,0.23,0.11,0.0,0.0,1.0,0.0,0.0,0.0,0.0,0.0,0.0,0.0,0.0,0.0,0.0,0.0,0.0,1.0,1.0,1.0,0.0
PP133,g1,5878,0,0.975,0.215551,0.18453,-0.958899,0.057637,0.180863,-0.981818,0.14,0.186,245.9,247.2,250.4,253.5,254.8,253.7,250.3,247.2,241.5,243.6,246.5,250.0,253.4,255.9,257.6,255.6,252.7,249.6,246.4,243.6,248.9,250.3,251.7,252.2,251.7,250.3,249.0,248.4,283.1,284.0,286.7,289.6,291.0,290.1,287.4,284.3,280.1,282.1,284.7,287.9,290.7,292.7,293.8,292.8,290.9,288.4,285.5,282.5,285.8,287.0,288.2,288.6,288.0,286.7,285.5,285.1,159.7,156.5,155.2,156.6,159.8,163.2,164.2,162.9,161.1,159.4,158.3,157.7,158.4,159.8,161.8,162.9,163.3,163.5,163.2,162.5,161.2,161.8,161.2,159.8,158.4,157.8,158.4,159.8,159.3,156.2,154.9,156.0,159.0,162.1,163.5,162.6,161.5,159.4,157.9,157.2,157.6,158.7,160.4,161.8,162.5,162.9,162.8,162.5,160.7,161.2,160.6,159.2,157.9,157.4,158.0,159.3,-5.5,-3.7,0.5,4.6,6.3,4.9,0.4,-3.7,-11.3,-8.6,-4.7,-0.1,4.5,7.9,10.2,7.5,3.6,-0.6,-4.8,-8.5,-1.4,0.4,2.2,3.0,2.3,0.4,-1.4,-2.2,45.7,47.0,50.9,55.1,57.0,55.6,51.7,47.3,41.6,44.2,47.8,52.3,56.5,59.6,61.6,59.7,56.8,53.1,48.9,44.7,49.5,51.3,53.0,53.6,52.7,50.9,49.2,48.6,-37.0,-41.3,-43.1,-41.3,-37.0,-32.4,-31.0,-32.7,-35.4,-37.5,-38.9,-39.5,-38.7,-36.9,-34.4,-32.8,-32.2,-31.9,-32.3,-33.4,-35.1,-34.3,-35.1,-36.9,-38.8,-39.6,-38.8,-37.0,-38.8,-43.2,-45.2,-43.7,-39.5,-35.2,-33.2,-34.4,-35.9,-38.7,-40.8,-41.9,-41.4,-40.2,-38.1,-35.9,-34.7,-34.0,-34.1,-34.5,-37.1,-36.5,-37.4,-39.3,-41.1,-41.8,-40.9,-39.0,520.4,520.9,521.3,521.2,520.8,520.5,519.9,519.9,524.3,521.8,519.6,518.7,519.5,521.0,522.8,521.0,519.3,518.8,519.7,521.8,521.1,521.1,521.2,521.5,521.7,521.7,521.5,521.3,538.7,539.7,541.4,542.7,542.9,541.9,540.2,539.0,539.0,538.3,538.2,539.3,542.0,545.5,548.8,545.5,542.1,539.6,538.4,538.5,540.7,541.3,542.0,542.5,542.4,541.8,541.1,540.6,30.7,-5.5,655.3,0.189,-0.202,0.024,220.8,221.1,222.5,224.9,229.6,236.9,246.0,256.5,267.0,275.7,281.8,287.5,292.5,296.3,298.8,300.5,301.1,232.0,238.7,247.4,256.2,264.1,279.2,285.7,291.8,297.8,301.3,271.8,272.9,274.0,275.2,263.3,267.9,272.5,276.5,279.8,241.4,246.8,252.9,257.8,252.7,246.6,280.1,285.0,290.4,294.0,290.8,285.5,252.9,261.0,267.7,271.4,275.2,279.6,283.0,279.4,275.0,270.9,266.8,260.3,255.9,267.2,271.0,274.9,281.0,274.8,270.9,267.0,160.9,172.6,184.1,195.2,205.6,214.7,222.1,227.6,228.8,226.7,220.3,212.3,203.3,193.2,182.7,171.9,160.8,153.0,148.3,147.0,148.2,151.1,150.6,147.7,146.4,147.3,151.6,159.8,167.4,175.1,182.9,188.1,189.6,190.8,189.5,187.9,161.1,158.2,158.3,161.9,163.3,163.4,161.6,157.7,157.7,160.3,162.7,162.8,203.0,200.8,199.4,200.5,199.3,200.7,202.5,207.7,209.9,210.5,210.2,208.1,203.3,203.0,203.4,202.9,203.0,204.3,204.9,204.5,-50.9,-50.6,-48.4,-44.3,-36.1,-23.1,-7.1,11.2,29.4,44.9,57.0,68.3,78.1,85.0,89.4,92.4,93.4,-30.0,-18.6,-4.2,10.1,22.9,48.1,59.4,70.7,81.9,89.3,35.8,37.2,38.7,40.1,21.8,29.2,36.6,43.4,49.3,-14.3,-5.3,4.8,12.9,4.5,-5.6,50.8,59.3,68.9,75.8,69.7,60.2,4.8,18.2,29.1,35.2,41.7,49.6,56.6,49.5,41.6,34.6,27.8,17.1,9.9,28.4,34.8,41.3,52.8,41.2,34.6,28.1,-46.4,-26.1,-6.0,13.6,32.0,47.8,60.3,69.2,71.4,68.6,58.7,45.3,29.0,10.5,-8.8,-28.6,-48.8,-57.3,-64.6,-66.3,-64.0,-59.2,-60.7,-66.4,-69.5,-68.9,-62.6,-45.5,-32.6,-20.0,-7.3,0.9,3.4,5.4,3.3,0.6,-43.9,-48.5,-48.4,-42.5,-40.1,-39.9,-43.7,-50.5,-50.9,-46.8,-42.4,-41.9,26.1,22.0,19.6,21.4,19.6,22.1,25.7,34.0,37.3,38.0,37.4,34.1,26.5,25.7,26.3,25.5,26.4,27.9,28.8,28.1,680.5,683.7,687.6,690.2,689.9,687.5,681.8,674.2,674.3,684.1,699.5,711.9,717.3,717.1,715.7,714.4,714.3,649.0,643.2,639.3,636.1,634.7,643.0,651.0,660.3,670.1,680.2,640.8,634.9,628.6,622.8,638.3,637.4,637.4,641.1,645.4,648.9,646.3,647.2,648.9,647.2,646.3,659.6,662.3,666.5,673.0,666.8,662.7,655.7,645.8,642.3,643.7,646.1,655.5,669.5,657.3,649.3,646.3,645.2,648.0,653.8,645.1,646.1,649.1,665.5,649.0,645.9,645.1,0.591,0.192,-0.263,0.036,268.197,184.053,-7.169,8.237,-10.295,14.945,5.256,2.394,-5.448,1.135,3.276,-1.537,-0.179,1.629,0.085,-2.195,-0.723,-0.329,-0.022,1.027,-1.459,-0.847,0.633,-0.688,0.01,-0.484,0.024,-0.018,0.081,0.035,-0.119,0.006,-0.015,0.017,0.006,-0.01,0.25,0.16,0.0,0.73,0.0,0.0,0.09,0.0,0.0,0.39,0.0,0.0,0.0,0.0,0.0,0.03,0.0,0.0,1.0,0.0,1.0,0.0,0.0,0.0,0.0,0.0,0.0,0.0,0.0,0.0,0.0,0.0,1.0,1.0,0.0
PP133,g1,5884,0,0.975,0.212999,0.185662,-0.95925,0.055863,0.183717,-0.981391,0.138,0.188,245.4,246.7,249.9,253.0,254.3,253.2,249.9,246.7,241.1,243.1,246.0,249.5,252.9,255.5,257.2,255.2,252.3,249.1,245.9,243.1,248.5,249.9,251.2,251.8,251.2,249.9,248.5,247.9,282.7,283.6,286.3,289.3,290.7,289.7,287.0,283.8,279.7,281.6,284.2,287.5,290.3,292.3,293.5,292.4,290.5,288.0,285.1,282.0,285.3,286.6,287.8,288.2,287.6,286.3,285.1,284.7,159.6,156.4,155.1,156.4,159.7,163.1,164.2,162.8,161.1,159.3,158.2,157.6,158.3,159.7,161.7,162.8,163.2,163.4,163.1,162.4,161.1,161.7,161.1,159.7,158.3,157.7,158.3,159.7,159.2,156.1,154.7,155.9,158.9,162.0,163.4,162.5,161.4,159.3,157.8,157.0,157.5,158.5,160.2,161.6,162.4,162.7,162.7,162.4,160.5,161.0,160.4,159.1,157.8,157.2,157.8,159.2,-6.1,-4.3,-0.1,4.0,5.7,4.3,-0.2,-4.3,-11.9,-9.2,-5.3,-0.7,3.8,7.3,9.6,6.9,3.0,-1.2,-5.4,-9.1,-2.0,-0.2,1.6,2.4,1.7,-0.2,-2.0,-2.8,44.8,46.2,50.1,54.2,56.2,54.8,50.9,46.4,40.7,43.3,46.9,51.4,55.6,58.8,60.7,58.9,55.9,52.2,48.0,43.9,48.6,50.4,52.1,52.8,51.9,50.1,48.4,47.8,-36.9,-41.2,-43.0,-41.2,-36.9,-32.3,-30.8,-32.6,-35.3,-37.4,-38.8,-39.4,-38.6,-36.8,-34.2,-32.7,-32.1,-31.8,-32.2,-33.3,-35.0,-34.2,-34.9,-36.8,-38.7,-39.5,-38.7,-36.8,-38.8,-43.1,-45.2,-43.7,-39.5,-35.1,-33.1,-34.3,-35.8,-38.6,-40.7,-41.8,-41.4,-40.2,-38.1,-35.9,-34.6,-34.0,-34.0,-34.4,-37.1,-36.4,-37.3,-39.2,-41.1,-41.7,-40.8,-38.9,517.2,517.7,518.0,517.9,517.5,517.2,516.6,516.7,521.1,518.6,516.4,515.5,516.2,517.7,519.5,517.7,516.0,515.5,516.5,518.6,517.9,517.8,518.0,518.2,518.4,518.5,518.3,518.1,535.5,536.5,538.2,539.5,539.7,538.7,537.0,535.8,535.9,535.1,535.0,536.0,538.7,542.2,545.6,542.3,538.9,536.4,535.3,535.3,537.5,538.1,538.8,539.3,539.2,538.6,537.9,537.4,30.0,-5.4,654.4,0.192,-0.199,0.021,220.4,220.8,222.2,224.7,229.5,236.9,246.0,256.5,267.0,275.5,281.6,287.2,292.3,296.0,298.5,300.2,300.8,231.5,238.2,246.9,255.7,263.6,278.7,285.2,291.4,297.4,300.9,271.4,272.4,273.6,274.7,262.9,267.5,272.0,276.0,279.4,240.9,246.3,252.4,257.4,252.2,246.1,279.6,284.6,290.0,293.7,290.4,285.1,252.6,260.5,267.3,271.0,274.8,279.3,282.7,279.0,274.5,270.4,266.2,259.7,255.6,266.8,270.6,274.5,280.6,274.3,270.5,266.5,160.8,172.6,184.2,195.4,205.9,214.9,222.4,227.8,229.0,226.7,220.2,212.1,203.1,193.0,182.5,171.7,160.8,153.0,148.1,146.8,148.0,150.9,150.5,147.5,146.1,147.1,151.3,159.7,167.3,174.9,182.7,187.9,189.4,190.6,189.3,187.7,161.0,158.1,158.2,161.9,163.2,163.3,161.5,157.5,157.5,160.2,162.5,162.7,203.3,200.7,199.2,200.3,199.1,200.6,202.7,208.3,210.7,211.3,211.0,208.7,203.5,203.0,203.3,202.8,203.2,204.8,205.4,205.1,-51.4,-51.1,-48.9,-44.6,-36.1,-23.0,-6.9,11.2,29.3,44.6,56.5,67.8,77.4,84.2,88.5,91.6,92.6,-30.7,-19.4,-5.0,9.3,22.1,47.2,58.5,69.9,81.1,88.5,35.0,36.4,37.9,39.3,21.1,28.5,35.9,42.6,48.5,-15.1,-6.1,4.0,12.3,3.7,-6.4,49.9,58.5,68.1,75.1,68.9,59.4,4.3,17.4,28.4,34.5,41.0,49.0,55.9,48.8,40.8,33.8,26.8,16.2,9.4,27.6,34.1,40.6,52.0,40.4,33.8,27.3,-46.5,-26.1,-5.8,13.9,32.4,48.2,60.8,69.6,71.6,68.7,58.5,44.8,28.5,10.1,-9.1,-28.7,-48.7,-57.3,-64.7,-66.5,-64.1,-59.3,-60.9,-66.6,-69.8,-69.2,-62.9,-45.6,-32.8,-20.3,-7.7,0.7,3.1,5.0,3.0,0.3,-44.0,-48.5,-48.5,-42.5,-40.2,-40.0,-43.9,-50.7,-51.1,-47.0,-42.5,-42.0,26.5,21.8,19.2,21.0,19.1,21.9,26.0,35.0,38.6,39.3,38.8,35.2,26.8,25.5,26.1,25.3,26.7,28.7,29.6,29.0,679.4,682.9,687.2,689.9,689.5,687.0,681.4,674.0,674.2,683.8,698.7,710.5,715.4,714.8,713.2,712.0,711.9,647.7,642.0,638.0,634.8,633.5,641.8,649.8,659.0,668.8,678.9,639.6,633.8,627.6,621.9,637.3,636.5,636.5,640.2,644.4,647.8,645.2,646.1,647.8,646.2,645.3,658.4,661.1,665.3,671.8,665.7,661.5,654.9,644.6,640.9,642.3,644.7,654.1,668.1,656.7,649.2,646.3,645.1,647.6,653.0,644.1,645.1,648.0,664.2,648.5,645.5,644.7,0.592,0.195,-0.257,0.032,267.823,184.06,-10.039,10.185,-9.501,16.825,5.659,-0.263,-4.834,1.643,3.548,-2.211,0.341,0.835,0.581,-1.763,-0.998,-0.016,0.197,1.286,-1.377,-0.989,0.666,-1.044,0.062,-0.44,-0.189,0.025,0.11,0.018,-0.12,-0.006,-0.029,0.014,0.0,-0.008,0.15,0.09,0.0,0.69,0.0,0.0,0.0,0.0,0.0,0.23,0.0,0.0,0.0,0.0,0.0,0.0,0.0,0.0,1.0,0.0,1.0,0.0,0.0,0.0,0.0,0.0,0.0,0.0,0.0,0.0,0.0,1.0,1.0,1.0,0.0
PP133,g1,5890,0,0.925,0.214321,0.188103,-0.95848,0.057416,0.187052,-0.980671,0.139,0.191,245.3,246.6,249.8,252.9,254.2,253.1,249.8,246.6,241.0,243.0,245.9,249.4,252.8,255.3,257.1,255.0,252.2,249.0,245.8,243.0,248.4,249.7,251.1,251.7,251.1,249.8,248.4,247.8,282.5,283.4,286.1,289.1,290.5,289.6,286.8,283.7,279.5,281.4,284.1,287.3,290.1,292.1,293.3,292.2,290.3,287.8,284.9,281.9,285.2,286.4,287.6,288.0,287.4,286.1,285.0,284.6,159.6,156.4,155.1,156.4,159.6,163.1,164.1,162.8,161.0,159.3,158.1,157.6,158.2,159.7,161.7,162.8,163.2,163.3,163.1,162.4,161.1,161.7,161.1,159.7,158.3,157.7,158.3,159.7,159.1,155.9,154.6,155.7,158.7,161.8,163.2,162.3,161.2,159.2,157.6,156.9,157.3,158.4,160.1,161.4,162.2,162.6,162.5,162.2,160.4,160.9,160.3,158.9,157.6,157.1,157.7,159.1,-6.2,-4.5,-0.3,3.9,5.6,4.1,-0.3,-4.5,-12.1,-9.3,-5.4,-0.8,3.7,7.1,9.5,6.7,2.9,-1.4,-5.5,-9.3,-2.2,-0.3,1.5,2.2,1.5,-0.3,-2.2,-2.9,44.7,46.1,49.9,54.1,56.1,54.7,50.8,46.3,40.6,43.2,46.8,51.3,55.5,58.7,60.6,58.8,55.8,52.1,48.0,43.8,48.5,50.3,52.1,52.7,51.8,50.0,48.3,47.7,-37.0,-41.3,-43.1,-41.3,-37.0,-32.4,-31.0,-32.8,-35.4,-37.5,-38.9,-39.5,-38.8,-37.0,-34.4,-32.8,-32.2,-31.9,-32.3,-33.4,-35.1,-34.3,-35.1,-37.0,-38.8,-39.6,-38.9,-37.0,-39.1,-43.5,-45.5,-44.0,-39.9,-35.5,-33.5,-34.6,-36.1,-39.0,-41.0,-42.1,-41.8,-40.6,-38.4,-36.3,-35.0,-34.3,-34.3,-34.7,-37.4,-36.8,-37.7,-39.6,-41.4,-42.1,-41.2,-39.3,518.2,518.7,519.0,518.9,518.5,518.2,517.6,517.7,522.1,519.6,517.4,516.5,517.2,518.7,520.4,518.7,517.0,516.5,517.5,519.6,518.9,518.8,519.0,519.2,519.4,519.4,519.3,519.1,537.1,538.1,539.8,541.1,541.3,540.3,538.6,537.4,537.5,536.7,536.6,537.6,540.3,543.8,547.2,543.9,540.5,538.1,536.9,537.0,539.1,539.7,540.4,540.9,540.8,540.2,539.5,539.0,29.8,-5.6,653.9,0.197,-0.201,0.019,220.3,220.6,222.1,224.7,229.5,237.0,246.1,256.5,267.0,275.5,281.6,287.2,292.2,295.9,298.4,300.1,300.6,231.5,238.2,246.9,255.6,263.4,278.6,285.0,291.2,297.1,300.6,271.3,272.3,273.5,274.6,262.9,267.4,272.0,275.9,279.3,240.8,246.2,252.3,257.3,252.1,246.0,279.5,284.4,289.8,293.4,290.3,284.9,252.7,260.5,267.3,271.0,274.9,279.3,282.6,279.0,274.5,270.4,266.2,259.7,255.7,266.8,270.6,274.5,280.5,274.3,270.4,266.5,160.7,172.5,184.1,195.3,205.9,214.9,222.4,227.9,229.1,226.7,220.1,212.0,202.8,192.8,182.3,171.5,160.5,152.8,148.0,146.6,147.9,150.7,150.2,147.2,145.9,146.8,151.0,159.6,167.1,174.7,182.4,187.8,189.2,190.4,189.1,187.5,161.0,158.1,158.1,161.8,163.1,163.3,161.3,157.4,157.3,160.0,162.4,162.5,203.4,200.6,199.0,200.0,198.8,200.4,202.7,208.5,211.1,211.7,211.4,209.0,203.6,202.8,203.1,202.6,203.2,205.1,205.8,205.4,-51.6,-51.3,-49.0,-44.7,-36.1,-22.9,-6.9,11.3,29.3,44.7,56.6,67.7,77.3,84.0,88.3,91.2,92.1,-30.6,-19.4,-5.1,9.1,21.8,46.9,58.2,69.4,80.5,87.8,34.8,36.2,37.7,39.2,21.0,28.4,35.8,42.5,48.3,-15.2,-6.3,3.8,12.0,3.5,-6.6,49.6,58.1,67.7,74.6,68.5,59.0,4.5,17.4,28.4,34.5,41.0,49.1,55.7,48.8,40.8,33.7,26.7,16.1,9.5,27.6,34.1,40.6,51.8,40.4,33.7,27.2,-46.5,-26.2,-5.9,13.8,32.4,48.2,60.9,69.7,71.7,68.6,58.3,44.5,28.1,9.7,-9.4,-29.1,-49.1,-57.4,-64.9,-66.6,-64.3,-59.6,-61.2,-67.0,-70.2,-69.7,-63.4,-45.7,-33.0,-20.6,-8.1,0.5,2.8,4.7,2.6,-0.1,-44.0,-48.5,-48.5,-42.6,-40.2,-40.0,-44.0,-50.9,-51.3,-47.3,-42.8,-42.2,26.6,21.6,18.8,20.6,18.7,21.6,25.9,35.4,39.2,40.0,39.4,35.7,26.9,25.2,25.7,25.0,26.6,29.2,30.2,29.6,678.1,681.8,686.3,689.2,688.9,686.5,681.0,673.9,674.2,683.8,698.4,710.0,714.6,713.9,712.1,710.8,710.7,646.3,640.8,636.9,633.9,632.8,641.2,649.1,658.3,668.1,678.0,638.9,633.3,627.2,621.6,636.8,636.1,636.2,639.7,643.9,646.8,644.2,645.2,646.9,645.3,644.5,657.7,660.3,664.6,671.2,665.0,660.8,654.4,643.9,640.2,641.6,644.1,653.6,667.6,656.8,649.4,646.4,645.2,647.5,652.5,643.5,644.5,647.5,663.9,648.6,645.6,644.7,0.593,0.2,-0.259,0.03,267.751,183.981,-12.287,10.809,-9.044,17.443,5.391,-2.01,-3.936,2.289,3.579,-2.272,0.43,0.678,0.707,-1.847,-1.121,0.093,0.26,1.083,-1.416,-1.072,0.616,-0.811,0.05,-0.508,-0.083,0.072,0.122,0.033,-0.112,0.0,-0.032,0.015,0.002,0.0,0.3,0.25,0.0,0.62,0.0,0.0,0.0,0.0,0.0,0.18,0.0,0.0,0.0,0.0,0.12,0.03,0.0,0.0,1.0,0.0,1.0,0.0,0.0,0.0,0.0,0.0,0.0,0.0,0.0,0.0,0.0,1.0,1.0,1.0,0.0
PP133,g1,5896,0,0.925,0.212193,0.188302,-0.958914,0.05458,0.186517,-0.980935,0.137,0.191,245.3,246.6,249.8,252.9,254.2,253.0,249.7,246.6,241.0,243.0,245.9,249.4,252.7,255.3,257.0,255.0,252.1,248.9,245.8,243.0,248.3,249.7,251.1,251.7,251.1,249.7,248.4,247.8,282.4,283.3,286.0,288.9,290.3,289.4,286.7,283.5,279.4,281.3,283.9,287.1,290.0,291.9,293.1,292.0,290.1,287.7,284.7,281.7,285.0,286.3,287.4,287.8,287.2,286.0,284.8,284.4,159.0,155.8,154.5,155.9,159.1,162.5,163.5,162.2,160.5,158.7,157.6,157.0,157.7,159.2,161.2,162.2,162.6,162.7,162.5,161.8,160.5,161.1,160.5,159.2,157.8,157.2,157.7,159.1,158.7,155.6,154.2,155.4,158.4,161.5,162.8,161.9,160.9,158.8,157.2,156.5,157.0,158.1,159.8,161.1,161.9,162.2,162.1,161.8,160.0,160.5,159.9,158.6,157.3,156.7,157.3,158.7,-6.3,-4.5,-0.3,3.9,5.6,4.1,-0.4,-4.6,-12.1,-9.4,-5.5,-0.9,3.7,7.1,9.4,6.6,2.8,-1.4,-5.6,-9.3,-2.2,-0.4,1.4,2.2,1.5,-0.4,-2.2,-3.0,44.7,46.1,49.9,54.1,56.1,54.7,50.8,46.3,40.6,43.2,46.8,51.3,55.5,58.6,60.6,58.7,55.8,52.1,47.9,43.8,48.5,50.3,52.0,52.6,51.8,50.0,48.3,47.7,-38.1,-42.4,-44.1,-42.3,-38.0,-33.4,-32.0,-33.8,-36.4,-38.6,-39.9,-40.6,-39.8,-37.9,-35.3,-33.8,-33.2,-33.0,-33.4,-34.4,-36.1,-35.3,-36.1,-37.9,-39.8,-40.6,-39.8,-38.0,-39.8,-44.2,-46.2,-44.7,-40.5,-36.1,-34.1,-35.3,-36.8,-39.7,-41.8,-42.8,-42.4,-41.2,-39.0,-36.9,-35.6,-35.0,-35.0,-35.4,-38.1,-37.5,-38.3,-40.2,-42.1,-42.7,-41.8,-39.9,521.8,522.4,522.8,522.6,522.1,521.7,521.1,521.2,525.7,523.2,521.1,520.1,520.8,522.3,524.0,522.2,520.5,520.0,521.0,523.1,522.4,522.4,522.5,522.8,523.1,523.1,523.0,522.7,539.6,540.6,542.3,543.6,543.8,542.7,541.0,539.8,539.9,539.2,539.1,540.1,542.8,546.3,549.6,546.3,543.0,540.5,539.3,539.4,541.6,542.1,542.9,543.3,543.3,542.7,542.0,541.5,29.3,-6.0,654.7,0.201,-0.197,0.025,220.1,220.4,221.9,224.5,229.5,236.9,245.7,256.0,266.4,274.9,281.1,286.8,291.9,295.7,298.3,300.0,300.5,231.7,238.4,246.9,255.6,263.3,278.6,285.0,291.1,297.0,300.3,271.2,272.2,273.3,274.3,262.7,267.1,271.6,275.6,279.0,240.8,246.2,252.3,257.2,252.0,246.0,279.3,284.2,289.6,293.2,290.1,284.7,252.0,259.8,266.8,270.5,274.2,278.8,282.0,278.3,273.6,269.5,265.3,258.7,254.9,266.3,270.1,273.8,279.8,273.5,269.6,265.7,160.2,172.1,183.9,195.3,206.0,215.1,222.7,228.2,229.4,227.0,220.3,212.0,202.8,192.7,182.3,171.4,160.5,152.2,147.4,146.1,147.3,150.2,149.8,146.8,145.6,146.5,150.7,159.0,166.6,174.0,181.8,187.0,188.5,189.7,188.5,186.8,160.4,157.5,157.6,161.3,162.6,162.6,161.0,157.0,157.0,159.7,162.0,162.1,202.7,199.7,198.1,199.1,198.0,199.7,202.2,208.8,211.6,212.2,211.9,209.1,202.9,201.8,202.1,201.7,202.7,205.7,206.3,206.0,-51.9,-51.7,-49.4,-44.9,-36.2,-23.1,-7.5,10.4,28.3,43.7,55.6,66.9,76.5,83.4,87.8,90.8,91.7,-30.3,-19.1,-5.0,9.1,21.6,47.1,58.2,69.4,80.4,87.5,34.8,36.0,37.4,38.8,20.7,27.9,35.2,42.0,47.8,-15.2,-6.2,3.8,11.9,3.4,-6.7,49.4,57.9,67.5,74.3,68.2,58.7,3.3,16.2,27.6,33.7,40.0,48.2,54.7,47.7,39.4,32.4,25.4,14.5,8.2,26.8,33.2,39.6,50.8,39.1,32.5,26.0,-47.5,-26.9,-6.2,13.8,32.6,48.6,61.4,70.3,72.5,69.3,58.7,44.5,28.0,9.6,-9.5,-29.2,-49.1,-58.3,-65.8,-67.6,-65.3,-60.5,-62.0,-67.7,-70.8,-70.2,-63.9,-46.6,-34.0,-21.6,-9.1,-0.7,1.6,3.6,1.6,-1.1,-44.9,-49.5,-49.5,-43.4,-41.2,-41.1,-44.7,-51.5,-51.9,-47.8,-43.4,-42.9,25.5,20.1,17.4,19.2,17.4,20.4,25.2,36.0,40.3,41.0,40.4,36.0,25.9,23.6,24.2,23.5,25.9,30.3,31.3,30.6,678.5,682.3,686.6,689.4,689.1,687.0,682.2,675.4,675.7,684.7,698.6,709.3,713.2,712.2,710.5,709.7,709.9,646.3,641.3,637.6,634.6,633.6,642.2,650.2,659.2,668.9,678.7,639.5,634.0,628.0,622.5,637.4,636.7,636.7,640.2,644.3,647.1,644.7,645.7,647.3,645.8,644.9,658.2,660.8,665.0,671.5,665.4,661.2,656.0,645.3,641.2,642.5,645.0,654.7,668.8,658.7,651.6,648.7,647.4,649.5,654.4,644.4,645.3,648.3,665.4,650.9,647.9,647.0,0.592,0.203,-0.253,0.036,267.417,183.674,-19.77,12.95,-4.697,18.118,6.577,-4.248,-2.33,1.154,4.174,-3.026,0.806,0.892,0.589,-2.315,-0.715,-0.038,0.848,1.502,-2.026,-0.288,0.479,-0.539,0.272,-0.414,-0.037,0.143,0.303,0.02,-0.089,0.008,-0.021,0.018,0.006,-0.003,0.13,0.03,0.0,0.44,0.0,0.0,0.11,0.06,0.0,0.0,0.0,0.0,0.0,0.0,0.57,0.0,0.0,0.0,1.0,0.0,1.0,0.0,0.0,0.0,0.0,0.0,0.0,0.0,0.0,0.0,0.0,1.0,1.0,1.0,0.0
PP133,g1,5902,0,0.975,0.223671,0.180733,-0.957761,0.066035,0.18098,-0.981267,0.148,0.184,245.4,246.7,249.8,252.9,254.2,253.2,249.8,246.7,241.0,243.1,246.0,249.4,252.8,255.4,257.1,255.1,252.2,249.1,245.9,243.1,248.4,249.8,251.2,251.7,251.2,249.8,248.4,247.9,282.4,283.3,285.9,288.8,290.2,289.4,286.7,283.6,279.4,281.3,283.9,287.1,289.9,291.9,293.0,292.0,290.1,287.7,284.8,281.8,285.0,286.3,287.4,287.8,287.2,285.9,284.8,284.4,158.8,155.7,154.3,155.7,158.9,162.3,163.4,162.0,160.4,158.6,157.4,156.8,157.5,158.9,160.9,162.0,162.4,162.6,162.3,161.7,160.3,160.9,160.3,159.0,157.6,157.0,157.6,159.0,158.3,155.2,153.8,155.0,158.0,161.0,162.4,161.5,160.5,158.4,156.8,156.1,156.5,157.6,159.3,160.7,161.4,161.8,161.7,161.5,159.6,160.1,159.5,158.2,156.8,156.4,157.0,158.3,-6.1,-4.4,-0.2,3.9,5.7,4.2,-0.2,-4.4,-12.0,-9.2,-5.4,-0.8,3.8,7.2,9.5,6.8,3.0,-1.3,-5.4,-9.2,-2.1,-0.3,1.6,2.3,1.6,-0.3,-2.1,-2.9,44.9,46.2,50.1,54.2,56.2,54.9,51.0,46.5,40.8,43.4,47.0,51.5,55.7,58.8,60.7,58.9,56.0,52.3,48.2,44.0,48.7,50.5,52.2,52.8,51.9,50.1,48.4,47.8,-38.2,-42.4,-44.2,-42.5,-38.2,-33.6,-32.1,-33.9,-36.4,-38.6,-40.0,-40.7,-39.9,-38.1,-35.5,-34.0,-33.4,-33.1,-33.5,-34.5,-36.2,-35.4,-36.2,-38.1,-40.0,-40.7,-40.0,-38.1,-40.5,-44.8,-46.9,-45.4,-41.3,-36.9,-34.9,-36.0,-37.5,-40.3,-42.5,-43.6,-43.2,-42.0,-39.8,-37.6,-36.4,-35.7,-35.7,-36.1,-38.8,-38.2,-39.1,-41.0,-42.8,-43.4,-42.5,-40.6,520.2,520.8,521.2,521.1,520.6,520.2,519.6,519.7,524.0,521.6,519.5,518.6,519.3,520.9,522.6,520.8,519.0,518.5,519.5,521.5,520.9,520.9,521.0,521.3,521.5,521.6,521.4,521.1,541.4,542.5,544.2,545.5,545.7,544.7,543.0,541.7,541.8,541.1,541.0,542.1,544.8,548.3,551.6,548.3,544.9,542.4,541.2,541.2,543.5,544.1,544.8,545.3,545.2,544.6,543.9,543.4,29.8,-6.7,655.0,0.189,-0.215,0.02,220.1,220.5,222.0,224.6,229.4,236.8,245.8,256.2,266.7,275.1,281.1,286.7,291.7,295.5,298.0,299.7,300.2,231.6,238.3,247.0,255.7,263.5,278.6,284.9,291.0,296.8,300.2,271.3,272.4,273.6,274.8,263.1,267.6,272.1,276.0,279.3,240.9,246.3,252.4,257.3,252.2,246.1,279.4,284.2,289.6,293.2,290.1,284.8,252.9,260.7,267.5,271.2,274.9,279.2,282.3,278.9,274.4,270.4,266.3,259.8,255.9,267.0,270.8,274.5,280.2,274.2,270.4,266.5,160.4,172.2,183.9,195.0,205.5,214.6,222.0,227.5,228.8,226.5,220.0,211.9,202.7,192.6,182.0,171.0,160.0,152.2,147.3,145.9,147.1,149.9,149.4,146.4,145.1,146.1,150.4,158.7,166.2,173.6,181.2,186.7,188.1,189.2,188.0,186.3,160.3,157.3,157.4,161.0,162.4,162.5,160.6,156.6,156.6,159.2,161.6,161.8,202.6,199.5,197.7,198.8,197.6,199.3,201.9,208.0,210.7,211.3,211.0,208.5,202.8,201.5,201.8,201.3,202.3,204.8,205.5,205.1,-51.8,-51.5,-49.1,-44.7,-36.2,-23.2,-7.4,10.7,28.8,44.0,55.7,66.7,76.4,83.2,87.6,90.6,91.5,-30.4,-19.3,-5.0,9.3,21.9,47.0,58.2,69.4,80.4,87.5,34.9,36.3,38.0,39.5,21.4,28.7,36.0,42.6,48.4,-15.1,-6.1,3.9,12.1,3.6,-6.5,49.6,58.0,67.5,74.4,68.4,58.9,4.8,17.7,28.7,34.8,41.0,49.0,55.2,48.7,40.7,33.8,26.9,16.2,9.8,28.0,34.3,40.6,51.4,40.2,33.8,27.3,-47.0,-26.6,-6.4,13.3,31.8,47.6,60.2,69.1,71.3,68.3,58.1,44.3,27.9,9.3,-10.1,-30.0,-50.2,-58.4,-66.1,-67.9,-65.7,-61.0,-62.7,-68.5,-71.7,-71.1,-64.7,-47.2,-34.6,-22.4,-10.1,-1.3,0.9,2.8,0.7,-1.9,-45.1,-49.8,-49.8,-43.9,-41.6,-41.3,-45.4,-52.3,-52.8,-48.7,-44.2,-43.6,25.3,19.8,16.8,18.5,16.7,19.7,24.6,34.6,38.7,39.4,38.9,34.9,25.5,23.1,23.6,22.9,25.2,28.8,29.7,29.1,677.7,681.0,685.1,687.8,687.7,685.7,681.0,674.4,674.9,684.3,698.7,710.2,715.2,714.8,713.5,712.8,713.0,646.8,641.7,638.0,635.3,634.3,643.0,651.2,660.5,670.4,680.4,640.3,634.6,628.5,622.9,637.4,636.8,637.0,640.7,644.9,647.5,645.1,646.3,648.0,646.4,645.3,659.1,661.9,666.4,672.9,666.7,662.3,654.8,644.6,640.9,642.3,644.8,654.4,668.4,658.0,650.8,647.9,646.5,648.5,653.2,644.1,645.0,648.0,664.8,650.1,647.1,646.2,0.592,0.189,-0.275,0.031,267.67,183.288,-15.254,9.429,-6.843,17.991,5.893,-4.138,-2.184,1.55,4.323,-3.159,0.526,0.692,0.551,-2.193,-0.52,-0.364,0.531,1.049,-1.789,-0.284,0.674,-0.485,0.018,-0.595,0.089,0.189,0.261,0.027,-0.091,0.006,-0.032,0.019,0.01,-0.001,0.4,0.09,0.0,0.49,0.0,0.0,0.07,0.0,0.0,0.0,0.0,0.0,0.0,0.0,0.31,0.09,0.0,0.0,1.0,0.0,1.0,0.0,0.0,0.0,0.0,0.0,0.0,0.0,0.0,0.0,0.0,1.0,1.0,1.0,0.0
PP133,g1,5908,0,0.975,0.223288,0.173974,-0.959101,0.064344,0.172073,-0.982981,0.147,0.176,245.1,246.4,249.5,252.6,254.0,252.9,249.6,246.4,240.7,242.8,245.7,249.1,252.5,255.1,256.8,254.8,252.0,248.8,245.7,242.8,248.1,249.5,250.9,251.4,250.9,249.5,248.1,247.6,282.2,283.1,285.8,288.7,290.1,289.2,286.6,283.4,279.3,281.2,283.8,287.0,289.8,291.8,292.9,291.9,290.0,287.6,284.6,281.6,284.9,286.1,287.3,287.7,287.1,285.8,284.6,284.3,158.7,155.5,154.1,155.5,158.6,162.1,163.2,161.9,160.2,158.4,157.2,156.7,157.3,158.7,160.7,161.8,162.2,162.4,162.2,161.5,160.1,160.7,160.1,158.7,157.3,156.8,157.4,158.8,158.0,155.0,153.6,154.7,157.7,160.8,162.2,161.3,160.2,158.1,156.6,155.8,156.3,157.3,159.1,160.4,161.2,161.5,161.5,161.2,159.4,159.8,159.2,157.9,156.6,156.1,156.7,158.0,-6.5,-4.8,-0.7,3.5,5.3,3.9,-0.6,-4.8,-12.4,-9.6,-5.8,-1.1,3.4,6.8,9.1,6.4,2.6,-1.6,-5.8,-9.6,-2.5,-0.6,1.2,1.9,1.2,-0.7,-2.5,-3.2,44.6,45.9,49.7,53.9,55.9,54.6,50.7,46.2,40.5,43.1,46.6,51.2,55.4,58.5,60.4,58.6,55.7,52.0,47.8,43.7,48.4,50.2,51.9,52.5,51.6,49.8,48.1,47.5,-38.4,-42.7,-44.5,-42.7,-38.5,-33.8,-32.4,-34.1,-36.7,-38.8,-40.2,-40.9,-40.2,-38.4,-35.9,-34.3,-33.6,-33.3,-33.7,-34.7,-36.5,-35.7,-36.5,-38.4,-40.2,-41.0,-40.2,-38.3,-40.7,-45.1,-47.1,-45.7,-41.5,-37.1,-35.1,-36.2,-37.7,-40.6,-42.7,-43.8,-43.4,-42.2,-40.0,-37.9,-36.6,-36.0,-36.0,-36.3,-39.0,-38.4,-39.3,-41.2,-43.0,-43.7,-42.8,-40.9,520.1,520.7,521.0,521.0,520.5,520.2,519.6,519.6,523.9,521.5,519.4,518.4,519.2,520.8,522.5,520.7,519.0,518.5,519.4,521.4,520.8,520.8,521.0,521.2,521.4,521.4,521.3,521.0,539.8,540.9,542.6,543.9,544.1,543.0,541.3,540.1,540.1,539.4,539.3,540.4,543.1,546.6,550.0,546.6,543.2,540.7,539.5,539.6,541.8,542.4,543.2,543.6,543.6,543.0,542.2,541.8,29.7,-7.7,657.1,0.173,-0.212,0.017,220.2,220.5,222.0,224.4,229.1,236.5,245.6,256.3,266.8,275.3,281.3,286.8,291.8,295.5,297.9,299.6,300.0,231.2,237.9,246.6,255.3,263.2,278.3,284.6,290.7,296.6,300.3,270.9,272.1,273.4,274.6,262.8,267.4,272.0,275.9,279.3,240.6,246.0,252.1,257.0,251.9,245.8,279.2,284.1,289.5,293.1,290.0,284.7,252.5,260.7,267.3,271.0,274.9,279.3,282.7,279.2,274.8,270.7,266.6,260.0,255.5,266.8,270.7,274.6,280.7,274.5,270.7,266.7,160.5,172.1,183.5,194.6,204.9,213.7,221.0,226.4,227.5,225.4,219.2,211.5,202.5,192.4,181.7,170.8,159.8,152.0,147.1,145.8,146.9,149.7,149.1,146.1,144.8,145.8,150.0,158.4,166.0,173.5,181.2,186.6,188.1,189.2,187.9,186.3,160.1,157.1,157.2,160.8,162.2,162.3,160.3,156.4,156.3,159.0,161.3,161.5,201.8,199.4,197.9,198.9,197.7,199.1,201.0,206.2,208.4,209.0,208.7,206.7,202.0,201.5,201.8,201.3,201.5,202.8,203.4,203.1,-52.1,-51.6,-49.3,-45.2,-36.9,-23.8,-7.7,10.8,29.0,44.3,56.1,67.3,77.0,83.8,88.1,91.0,91.9,-31.3,-20.0,-5.6,8.7,21.5,46.7,57.9,69.2,80.3,87.9,34.5,36.1,37.8,39.4,21.0,28.5,36.0,42.7,48.5,-15.7,-6.7,3.4,11.7,3.2,-6.9,49.6,58.0,67.6,74.5,68.5,59.0,4.2,17.6,28.6,34.7,41.3,49.2,56.2,49.2,41.4,34.4,27.4,16.7,9.2,27.9,34.3,40.9,52.4,40.8,34.2,27.6,-47.1,-27.0,-7.0,12.5,30.7,46.2,58.5,67.1,69.2,66.5,56.9,43.7,27.6,9.0,-10.6,-30.6,-50.9,-59.2,-66.7,-68.5,-66.3,-61.7,-63.4,-69.2,-72.4,-71.9,-65.5,-47.9,-35.1,-22.6,-10.0,-1.4,1.0,2.9,0.7,-2.0,-45.7,-50.4,-50.4,-44.5,-42.1,-41.8,-46.1,-53.0,-53.4,-49.3,-44.9,-44.3,24.0,19.7,17.1,18.8,17.0,19.5,23.2,31.5,34.8,35.6,35.1,31.9,24.4,23.2,23.8,23.0,23.9,25.4,26.4,25.8,681.8,684.5,688.2,690.6,690.3,687.8,682.1,674.6,674.8,684.7,700.4,713.1,719.0,719.3,718.2,717.2,717.4,651.1,645.6,641.8,638.7,637.4,645.7,653.8,663.1,672.9,682.9,643.3,637.3,630.9,624.9,640.0,639.2,639.2,643.0,647.4,651.1,648.6,649.6,651.3,649.5,648.5,662.1,664.9,669.2,675.7,669.4,665.2,656.8,647.0,643.6,645.0,647.5,657.0,671.0,658.7,650.5,647.4,646.2,649.1,654.9,646.3,647.3,650.4,667.0,650.3,647.2,646.4,0.59,0.173,-0.273,0.027,267.598,182.777,-7.58,6.396,-10.229,14.574,5.067,2.121,-5.456,1.776,2.624,-1.537,-0.165,1.463,-0.145,-2.108,-0.876,-0.394,-0.165,0.919,-1.471,-0.832,0.656,-0.7,-0.101,-0.451,0.064,0.01,0.063,0.014,-0.116,-0.006,-0.022,0.015,0.006,-0.006,0.33,0.12,0.0,0.71,0.0,0.0,0.03,0.0,0.0,0.49,0.0,0.0,0.0,0.0,0.0,0.14,0.0,0.0,1.0,0.0,1.0,0.0,0.0,0.0,0.0,0.0,0.0,0.0,0.0,0.0,0.0,0.0,1.0,1.0,0.0
PP133,g1,5914,0,0.975,0.218477,0.177095,-0.959638,0.06155,0.175412,-0.982569,0.143,0.18,245.4,246.7,249.8,253.0,254.3,253.2,249.9,246.7,241.0,243.1,246.0,249.5,252.9,255.4,257.2,255.1,252.3,249.1,246.0,243.1,248.5,249.8,251.2,251.8,251.2,249.8,248.5,247.9,282.6,283.5,286.2,289.1,290.5,289.6,286.9,283.7,279.6,281.5,284.1,287.3,290.2,292.2,293.3,292.2,290.4,287.9,285.0,281.9,285.2,286.5,287.7,288.1,287.4,286.2,285.0,284.6,158.8,155.6,154.2,155.6,158.8,162.2,163.3,162.0,160.2,158.5,157.3,156.8,157.4,158.8,160.8,161.9,162.3,162.5,162.3,161.6,160.3,160.8,160.3,158.9,157.5,156.9,157.5,158.9,158.2,155.1,153.8,154.9,157.9,161.0,162.4,161.5,160.4,158.3,156.8,156.0,156.5,157.6,159.3,160.7,161.4,161.8,161.7,161.4,159.6,160.1,159.5,158.1,156.8,156.3,156.9,158.2,-6.1,-4.4,-0.2,4.0,5.7,4.3,-0.2,-4.4,-12.0,-9.2,-5.3,-0.7,3.8,7.2,9.6,6.8,3.0,-1.2,-5.4,-9.1,-2.0,-0.2,1.6,2.4,1.6,-0.2,-2.1,-2.8,44.9,46.2,50.1,54.2,56.2,54.8,51.0,46.5,40.8,43.4,47.0,51.5,55.7,58.8,60.8,58.9,56.0,52.3,48.1,44.0,48.7,50.5,52.2,52.8,51.9,50.1,48.4,47.8,-38.1,-42.4,-44.2,-42.5,-38.2,-33.6,-32.1,-33.9,-36.4,-38.6,-40.0,-40.7,-39.9,-38.1,-35.6,-34.0,-33.3,-33.1,-33.4,-34.5,-36.2,-35.4,-36.2,-38.1,-40.0,-40.8,-40.0,-38.1,-40.3,-44.7,-46.7,-45.2,-41.0,-36.7,-34.7,-35.8,-37.3,-40.2,-42.3,-43.4,-43.0,-41.7,-39.6,-37.4,-36.1,-35.5,-35.5,-35.9,-38.6,-38.0,-38.9,-40.8,-42.6,-43.2,-42.3,-40.4,518.5,519.1,519.4,519.3,518.9,518.6,518.0,518.1,522.4,519.9,517.8,516.8,517.6,519.1,520.9,519.1,517.4,516.9,517.8,519.9,519.2,519.2,519.3,519.6,519.8,519.8,519.7,519.4,538.0,539.1,540.8,542.1,542.3,541.2,539.5,538.3,538.4,537.7,537.5,538.6,541.3,544.8,548.2,544.8,541.5,539.0,537.8,537.8,540.1,540.6,541.4,541.8,541.8,541.2,540.4,540.0,30.1,-7.0,655.1,0.178,-0.207,0.018,220.4,220.7,222.2,224.8,229.6,237.0,246.1,256.6,267.1,275.5,281.6,287.1,292.1,295.8,298.3,300.0,300.5,231.5,238.1,246.9,255.7,263.6,278.6,285.0,291.1,297.1,300.6,271.3,272.4,273.7,274.9,263.1,267.6,272.2,276.1,279.5,240.9,246.3,252.4,257.4,252.2,246.1,279.6,284.4,289.8,293.5,290.3,285.0,252.9,260.9,267.5,271.2,275.0,279.4,282.7,279.2,274.8,270.7,266.6,260.2,255.9,267.0,270.8,274.6,280.7,274.6,270.7,266.8,160.5,172.2,183.7,194.9,205.3,214.2,221.5,226.9,228.0,225.8,219.5,211.6,202.6,192.6,182.0,171.1,160.1,152.2,147.2,145.8,147.0,149.8,149.3,146.3,145.0,146.0,150.3,158.6,166.2,173.8,181.5,187.0,188.4,189.6,188.3,186.7,160.2,157.2,157.3,160.9,162.3,162.4,160.5,156.6,156.5,159.2,161.6,161.7,202.4,199.8,198.3,199.3,198.2,199.7,201.7,207.1,209.3,209.9,209.6,207.5,202.6,202.0,202.3,201.8,202.2,203.5,204.1,203.8,-51.6,-51.2,-48.9,-44.6,-36.1,-22.9,-6.8,11.4,29.4,44.7,56.5,67.6,77.2,84.0,88.4,91.4,92.3,-30.8,-19.6,-5.1,9.3,22.1,47.0,58.3,69.6,80.8,88.2,35.0,36.5,38.1,39.6,21.4,28.8,36.2,42.9,48.7,-15.1,-6.1,4.0,12.2,3.7,-6.4,49.9,58.4,68.0,74.9,68.8,59.3,4.9,18.0,28.8,34.9,41.3,49.2,56.0,49.1,41.2,34.3,27.4,16.9,9.9,28.1,34.4,40.9,52.2,40.8,34.3,27.8,-47.0,-26.7,-6.6,13.0,31.3,46.9,59.3,67.8,69.9,67.1,57.3,43.9,27.7,9.3,-10.1,-29.9,-50.1,-58.7,-66.3,-68.2,-66.0,-61.3,-62.9,-68.7,-71.9,-71.3,-64.8,-47.5,-34.6,-22.1,-9.5,-0.9,1.5,3.4,1.3,-1.4,-45.4,-50.1,-50.1,-44.1,-41.7,-41.5,-45.6,-52.5,-52.9,-48.7,-44.3,-43.8,25.0,20.4,17.7,19.5,17.6,20.4,24.4,32.9,36.3,37.0,36.5,33.2,25.3,24.0,24.5,23.8,25.0,26.6,27.5,26.9,680.0,683.1,687.0,689.5,689.0,686.3,680.6,673.2,673.5,683.3,698.6,710.9,716.4,716.5,715.3,714.3,714.4,649.0,643.4,639.5,636.4,635.1,643.4,651.4,660.7,670.6,680.6,641.0,635.1,628.7,622.8,638.0,637.2,637.2,640.9,645.2,649.0,646.4,647.3,649.0,647.3,646.4,659.7,662.5,666.8,673.3,667.1,662.9,654.8,644.9,641.5,642.9,645.4,654.6,668.5,656.8,649.1,646.1,644.9,647.5,652.9,644.5,645.5,648.5,664.5,648.7,645.6,644.8,0.591,0.179,-0.267,0.028,267.859,183.137,-8.958,8.293,-10.644,16.591,5.858,0.89,-4.412,1.681,3.196,-1.619,0.127,0.884,0.514,-1.872,-1.009,-0.279,-0.041,1.126,-1.406,-0.902,0.612,-1.0,0.117,-0.416,-0.09,0.069,0.047,0.025,-0.119,-0.006,-0.034,0.014,0.003,-0.003,0.37,0.08,0.0,0.57,0.0,0.0,0.12,0.0,0.0,0.3,0.0,0.0,0.0,0.0,0.0,0.1,0.0,0.0,1.0,0.0,1.0,0.0,0.0,0.0,0.0,0.0,0.0,0.0,0.0,0.0,0.0,0.0,1.0,1.0,0.0
PP133,g1,5920,0,0.975,0.21671,0.179312,-0.959627,0.059214,0.177905,-0.982265,0.141,0.182,245.7,247.0,250.2,253.3,254.6,253.5,250.2,247.0,241.4,243.4,246.3,249.8,253.2,255.8,257.5,255.5,252.6,249.4,246.3,243.4,248.8,250.2,251.5,252.1,251.5,250.2,248.8,248.2,283.0,283.9,286.6,289.5,290.9,290.0,287.3,284.1,280.0,281.9,284.5,287.7,290.6,292.5,293.7,292.6,290.8,288.3,285.3,282.3,285.6,286.9,288.0,288.4,287.8,286.6,285.4,285.0,159.1,155.9,154.5,155.9,159.1,162.5,163.6,162.3,160.5,158.8,157.6,157.1,157.7,159.1,161.1,162.3,162.7,162.9,162.6,161.9,160.6,161.1,160.6,159.2,157.8,157.2,157.8,159.2,158.6,155.4,154.1,155.2,158.2,161.3,162.7,161.8,160.7,158.6,157.1,156.3,156.8,157.9,159.6,161.0,161.7,162.1,162.0,161.7,159.9,160.4,159.8,158.4,157.1,156.6,157.2,158.6,-5.7,-3.9,0.2,4.4,6.1,4.7,0.2,-3.9,-11.5,-8.8,-4.9,-0.3,4.2,7.6,10.0,7.3,3.4,-0.8,-4.9,-8.7,-1.6,0.2,2.0,2.8,2.0,0.2,-1.6,-2.4,45.3,46.6,50.5,54.7,56.6,55.3,51.4,46.9,41.2,43.8,47.4,51.9,56.1,59.2,61.2,59.3,56.4,52.7,48.5,44.4,49.1,50.9,52.6,53.2,52.4,50.5,48.8,48.2,-37.6,-41.9,-43.7,-41.9,-37.7,-33.1,-31.6,-33.4,-36.0,-38.1,-39.5,-40.2,-39.4,-37.6,-35.0,-33.4,-32.8,-32.5,-32.9,-34.0,-35.7,-34.9,-35.7,-37.6,-39.5,-40.2,-39.5,-37.6,-39.8,-44.1,-46.2,-44.7,-40.5,-36.2,-34.2,-35.3,-36.8,-39.7,-41.8,-42.9,-42.5,-41.3,-39.1,-36.9,-35.6,-35.0,-35.0,-35.4,-38.1,-37.5,-38.3,-40.3,-42.1,-42.7,-41.8,-39.9,517.1,517.6,518.0,517.9,517.4,517.1,516.6,516.6,521.0,518.5,516.3,515.4,516.1,517.7,519.4,517.7,516.0,515.5,516.4,518.5,517.8,517.8,517.9,518.2,518.3,518.4,518.2,518.0,536.9,537.9,539.6,540.9,541.1,540.1,538.4,537.2,537.2,536.5,536.4,537.4,540.1,543.7,547.0,543.7,540.3,537.8,536.6,536.7,538.9,539.5,540.2,540.7,540.6,540.0,539.3,538.8,30.7,-6.6,654.7,0.182,-0.204,0.018,220.6,221.0,222.5,225.1,229.9,237.3,246.4,257.0,267.4,275.9,282.0,287.6,292.6,296.3,298.7,300.5,301.0,231.8,238.5,247.2,256.0,263.9,279.0,285.4,291.6,297.5,301.1,271.6,272.8,274.0,275.2,263.5,268.0,272.5,276.4,279.8,241.2,246.6,252.7,257.7,252.6,246.4,279.9,284.8,290.2,293.9,290.7,285.3,253.4,261.3,267.9,271.6,275.3,279.7,283.0,279.5,275.1,271.1,267.0,260.6,256.4,267.4,271.2,275.0,281.0,274.9,271.1,267.2,160.6,172.3,183.8,194.9,205.4,214.3,221.7,227.1,228.2,226.1,219.7,211.8,202.8,192.7,182.2,171.3,160.3,152.3,147.5,146.1,147.3,150.1,149.6,146.6,145.3,146.3,150.5,158.9,166.5,174.1,181.8,187.3,188.7,189.8,188.6,187.0,160.5,157.5,157.6,161.3,162.6,162.8,160.8,156.9,156.8,159.5,161.9,162.0,202.7,200.1,198.5,199.6,198.4,199.9,202.0,207.4,209.7,210.3,210.0,207.9,203.0,202.3,202.6,202.1,202.5,203.9,204.5,204.2,-51.1,-50.6,-48.3,-43.9,-35.4,-22.3,-6.2,12.0,30.1,45.4,57.2,68.4,78.0,84.8,89.2,92.2,93.1,-30.2,-19.0,-4.6,9.7,22.5,47.8,59.0,70.3,81.5,88.9,35.5,37.0,38.6,40.1,22.0,29.3,36.7,43.3,49.2,-14.6,-5.6,4.5,12.8,4.2,-5.9,50.5,59.0,68.6,75.5,69.4,59.9,5.7,18.7,29.4,35.5,41.8,49.7,56.5,49.7,41.8,34.9,28.1,17.6,10.7,28.7,35.0,41.4,52.7,41.3,34.8,28.4,-46.8,-26.6,-6.4,13.1,31.5,47.1,59.5,68.2,70.3,67.4,57.6,44.2,28.0,9.6,-9.8,-29.6,-49.7,-58.4,-65.9,-67.7,-65.4,-60.8,-62.3,-68.1,-71.3,-70.7,-64.4,-46.8,-34.1,-21.6,-9.0,-0.4,1.9,3.8,1.8,-0.9,-44.9,-49.5,-49.5,-43.6,-41.2,-40.9,-45.0,-51.9,-52.3,-48.2,-43.7,-43.2,25.5,20.9,18.1,19.9,18.0,20.8,24.9,33.4,36.9,37.6,37.1,33.8,25.8,24.4,24.9,24.2,25.5,27.2,28.1,27.5,679.6,682.7,686.7,689.2,688.7,686.2,680.5,673.2,673.5,683.3,698.5,710.7,716.1,715.9,714.6,713.5,713.6,648.3,642.7,638.7,635.6,634.3,642.6,650.6,660.0,669.8,679.9,640.4,634.5,628.2,622.4,637.6,636.9,636.9,640.5,644.7,648.4,645.8,646.7,648.4,646.8,645.9,659.2,661.9,666.2,672.8,666.5,662.3,654.5,644.5,641.1,642.5,644.9,654.2,668.0,656.4,648.8,645.9,644.7,647.2,652.6,644.1,645.1,648.0,664.0,648.4,645.3,644.5,0.592,0.184,-0.265,0.029,268.229,183.399,-8.823,8.542,-10.963,16.483,5.94,0.11,-4.375,2.066,3.33,-1.999,-0.082,0.861,0.369,-2.068,-0.761,-0.343,0.078,1.066,-1.511,-0.918,0.627,-0.783,0.001,-0.412,-0.077,0.102,0.1,0.013,-0.107,-0.009,-0.03,0.014,0.003,-0.008,0.35,0.11,0.0,0.88,0.0,0.0,0.1,0.0,0.0,0.12,0.0,0.0,0.0,0.0,0.0,0.0,0.0,0.0,1.0,0.0,1.0,0.0,0.0,0.0,0.0,0.0,0.0,0.0,0.0,0.0,0.0,0.0,1.0,1.0,0.0
PP133,g1,5926,0,0.975,0.216045,0.181109,-0.959439,0.05692,0.178831,-0.982232,0.14,0.183,246.2,247.5,250.6,253.8,255.1,254.0,250.6,247.5,241.9,243.9,246.8,250.2,253.6,256.2,257.9,255.9,253.0,249.9,246.7,243.9,249.2,250.6,252.0,252.5,252.0,250.6,249.2,248.7,283.3,284.2,286.9,289.8,291.2,290.3,287.6,284.5,280.4,282.3,284.9,288.1,290.9,292.9,294.0,293.0,291.1,288.6,285.7,282.7,286.0,287.2,288.4,288.8,288.2,286.9,285.7,285.4,159.4,156.3,154.9,156.3,159.4,162.9,164.0,162.6,160.9,159.2,158.0,157.5,158.1,159.5,161.5,162.6,163.0,163.2,162.9,162.2,160.9,161.5,160.9,159.5,158.1,157.6,158.1,159.5,158.9,155.8,154.5,155.6,158.6,161.7,163.1,162.2,161.1,159.0,157.5,156.7,157.2,158.2,160.0,161.3,162.1,162.4,162.4,162.1,160.2,160.7,160.1,158.8,157.5,157.0,157.6,158.9,-5.1,-3.3,0.8,5.0,6.7,5.3,0.8,-3.3,-10.9,-8.2,-4.3,0.3,4.8,8.3,10.6,7.9,4.0,-0.2,-4.3,-8.1,-1.0,0.8,2.6,3.4,2.6,0.8,-1.0,-1.8,46.2,47.5,51.4,55.6,57.5,56.2,52.3,47.8,42.1,44.7,48.2,52.8,57.0,60.1,62.1,60.2,57.3,53.6,49.4,45.3,50.0,51.8,53.5,54.1,53.2,51.4,49.7,49.1,-37.4,-41.7,-43.5,-41.7,-37.4,-32.8,-31.4,-33.1,-35.7,-37.9,-39.3,-39.9,-39.2,-37.4,-34.8,-33.2,-32.6,-32.3,-32.7,-33.8,-35.5,-34.7,-35.5,-37.4,-39.2,-40.0,-39.2,-37.3,-39.6,-43.9,-46.0,-44.5,-40.3,-35.9,-33.9,-35.1,-36.6,-39.4,-41.5,-42.6,-42.2,-41.0,-38.9,-36.7,-35.4,-34.8,-34.8,-35.2,-37.9,-37.2,-38.1,-40.0,-41.9,-42.5,-41.6,-39.7,520.7,521.3,521.6,521.5,521.1,520.8,520.2,520.3,524.6,522.1,520.0,519.0,519.8,521.4,523.1,521.3,519.6,519.1,520.0,522.1,521.4,521.4,521.6,521.8,522.0,522.0,521.9,521.6,541.0,542.0,543.7,545.0,545.2,544.1,542.5,541.3,541.3,540.6,540.5,541.5,544.2,547.7,551.0,547.7,544.4,541.9,540.7,540.8,543.0,543.6,544.3,544.7,544.7,544.1,543.4,542.9,31.5,-6.3,656.6,0.183,-0.203,0.018,221.0,221.4,222.9,225.4,230.2,237.7,246.9,257.5,268.0,276.5,282.6,288.2,293.1,296.8,299.2,300.9,301.4,232.3,238.9,247.6,256.4,264.3,279.4,285.8,292.0,297.9,301.4,272.1,273.2,274.4,275.6,263.9,268.4,272.9,276.9,280.2,241.7,247.1,253.2,258.1,253.0,246.9,280.3,285.2,290.6,294.2,291.0,285.7,253.8,261.8,268.4,272.0,275.8,280.1,283.5,280.0,275.6,271.6,267.5,261.1,256.8,267.9,271.7,275.4,281.5,275.3,271.6,267.7,160.7,172.4,183.9,195.0,205.3,214.3,221.5,226.9,228.1,225.9,219.6,211.8,202.8,192.9,182.4,171.6,160.7,152.7,147.9,146.5,147.7,150.5,150.0,147.0,145.7,146.7,150.9,159.3,166.9,174.4,182.1,187.5,188.9,190.0,188.8,187.1,160.8,157.9,158.0,161.6,163.0,163.1,161.2,157.3,157.2,159.9,162.2,162.4,202.7,200.2,198.7,199.7,198.6,200.0,202.0,207.3,209.6,210.2,209.9,207.8,202.9,202.4,202.7,202.1,202.5,203.9,204.5,204.2,-50.6,-50.2,-47.8,-43.5,-35.0,-21.7,-5.4,13.0,31.1,46.5,58.4,69.7,79.3,86.0,90.3,93.2,94.1,-29.5,-18.2,-3.9,10.4,23.3,48.6,59.8,71.1,82.3,89.7,36.3,37.8,39.4,40.9,22.8,30.1,37.5,44.2,50.1,-13.8,-4.8,5.3,13.5,5.0,-5.1,51.3,59.8,69.4,76.3,70.2,60.7,6.4,19.5,30.3,36.3,42.6,50.6,57.5,50.5,42.7,35.8,29.0,18.5,11.4,29.6,35.9,42.3,53.7,42.2,35.7,29.3,-46.8,-26.5,-6.4,13.2,31.5,47.2,59.5,68.1,70.2,67.4,57.6,44.3,28.2,9.9,-9.4,-29.1,-49.1,-57.9,-65.4,-67.3,-65.0,-60.3,-61.8,-67.6,-70.8,-70.2,-63.9,-46.3,-33.6,-21.2,-8.6,-0.1,2.3,4.2,2.1,-0.6,-44.4,-49.0,-49.0,-43.1,-40.7,-40.4,-44.5,-51.4,-51.8,-47.7,-43.3,-42.7,25.6,21.1,18.4,20.1,18.3,21.0,24.8,33.4,36.8,37.6,37.0,33.8,25.9,24.6,25.1,24.4,25.5,27.3,28.2,27.6,682.0,685.2,689.1,691.6,691.1,688.4,682.6,675.1,675.5,685.3,700.7,713.0,718.4,718.2,716.8,715.7,715.8,650.2,644.6,640.7,637.5,636.1,644.4,652.5,661.9,671.7,681.8,642.3,636.4,630.1,624.3,639.5,638.8,638.8,642.4,646.6,650.2,647.6,648.5,650.3,648.6,647.7,661.1,663.9,668.2,674.7,668.5,664.2,656.5,646.5,643.0,644.4,646.9,656.3,670.3,658.4,650.6,647.7,646.4,649.1,654.6,646.0,647.0,650.0,666.3,650.2,647.2,646.4,0.59,0.185,-0.264,0.029,268.665,183.569,-7.014,9.047,-10.697,15.0,5.751,0.333,-4.427,2.609,3.269,-1.687,-0.459,1.111,0.308,-2.282,-0.846,-0.294,-0.06,1.067,-1.66,-0.698,0.729,-0.617,0.073,-0.408,-0.041,0.114,0.059,0.023,-0.116,0.003,-0.032,0.008,0.004,-0.001,0.31,0.06,0.0,0.66,0.0,0.0,0.0,0.0,0.0,0.16,0.0,0.0,0.0,0.0,0.0,0.0,0.0,0.0,1.0,0.0,1.0,0.0,0.0,0.0,0.0,0.0,0.0,0.0,0.0,0.0,0.0,0.0,0.0,1.0,0.0
PP133,g1,5932,0,0.975,0.216412,0.181319,-0.959317,0.056743,0.178441,-0.982313,0.14,0.183,246.6,247.9,251.0,254.2,255.4,254.4,251.0,247.9,242.3,244.3,247.2,250.7,254.0,256.6,258.3,256.3,253.4,250.3,247.2,244.4,249.7,251.0,252.4,252.9,252.4,251.0,249.7,249.1,283.7,284.6,287.2,290.1,291.5,290.6,287.9,284.8,280.7,282.6,285.2,288.4,291.2,293.1,294.3,293.2,291.4,288.9,286.0,283.0,286.3,287.5,288.7,289.1,288.5,287.2,286.1,285.7,159.9,156.8,155.4,156.8,159.9,163.4,164.4,163.1,161.4,159.6,158.5,158.0,158.6,160.0,162.0,163.1,163.5,163.7,163.4,162.7,161.4,162.0,161.4,160.0,158.6,158.1,158.6,160.0,159.4,156.4,155.0,156.1,159.1,162.2,163.6,162.7,161.6,159.5,158.0,157.3,157.7,158.8,160.5,161.8,162.6,162.9,162.9,162.6,160.7,161.2,160.6,159.3,158.0,157.5,158.1,159.4,-4.5,-2.8,1.4,5.6,7.3,5.9,1.4,-2.8,-10.4,-7.6,-3.7,0.9,5.4,8.8,11.2,8.4,4.6,0.4,-3.8,-7.6,-0.5,1.4,3.2,4.0,3.2,1.4,-0.5,-1.2,46.8,48.2,52.1,56.2,58.2,56.8,52.9,48.5,42.8,45.3,48.9,53.5,57.7,60.8,62.8,60.9,58.0,54.3,50.1,45.9,50.7,52.5,54.2,54.8,53.9,52.1,50.4,49.8,-37.0,-41.3,-43.0,-41.3,-37.0,-32.4,-30.9,-32.7,-35.3,-37.4,-38.8,-39.5,-38.7,-36.9,-34.4,-32.8,-32.1,-31.9,-32.3,-33.3,-35.0,-34.2,-35.0,-36.9,-38.8,-39.6,-38.8,-36.9,-39.0,-43.4,-45.4,-44.0,-39.8,-35.4,-33.4,-34.6,-36.1,-38.9,-41.0,-42.1,-41.7,-40.5,-38.3,-36.2,-34.9,-34.3,-34.3,-34.7,-37.4,-36.7,-37.6,-39.5,-41.3,-42.0,-41.1,-39.2,523.6,524.2,524.5,524.5,524.0,523.7,523.1,523.2,527.5,525.0,522.9,521.9,522.7,524.3,526.1,524.3,522.6,522.0,522.9,525.0,524.4,524.3,524.5,524.7,524.9,524.9,524.8,524.5,543.7,544.7,546.4,547.7,547.9,546.8,545.1,544.0,544.0,543.3,543.2,544.2,546.9,550.4,553.7,550.4,547.1,544.6,543.4,543.5,545.7,546.2,547.0,547.4,547.3,546.8,546.0,545.6,32.2,-5.7,658.5,0.183,-0.203,0.019,221.4,221.7,223.2,225.7,230.4,237.9,247.1,257.8,268.3,276.9,282.9,288.5,293.4,297.1,299.5,301.1,301.6,232.7,239.4,248.1,256.8,264.7,279.8,286.1,292.3,298.1,301.7,272.4,273.5,274.7,275.9,264.2,268.7,273.3,277.2,280.6,242.2,247.5,253.6,258.5,253.4,247.3,280.7,285.5,290.8,294.5,291.3,286.0,254.1,262.1,268.7,272.3,276.1,280.4,283.8,280.3,276.0,272.0,267.9,261.5,257.1,268.2,272.0,275.8,281.8,275.7,271.9,268.1,161.2,172.7,184.2,195.2,205.5,214.4,221.7,227.1,228.3,226.1,219.8,212.0,203.1,193.2,182.8,172.1,161.2,153.2,148.4,147.1,148.3,151.2,150.7,147.7,146.4,147.3,151.5,159.9,167.4,174.9,182.6,187.9,189.3,190.5,189.2,187.6,161.3,158.4,158.5,162.1,163.5,163.6,161.7,157.8,157.7,160.4,162.7,162.9,203.0,200.6,199.1,200.1,199.0,200.4,202.2,207.4,209.6,210.2,209.9,207.9,203.2,202.8,203.1,202.5,202.7,204.0,204.6,204.3,-50.1,-49.7,-47.4,-43.2,-34.7,-21.4,-5.0,13.5,31.8,47.3,59.3,70.5,80.2,86.9,91.1,94.0,94.9,-28.8,-17.5,-3.2,11.2,24.0,49.3,60.6,71.8,83.0,90.5,37.0,38.5,40.0,41.6,23.4,30.8,38.2,44.9,50.8,-13.1,-4.1,6.0,14.1,5.7,-4.4,52.0,60.5,70.1,77.0,70.9,61.4,6.9,20.1,30.9,37.0,43.4,51.3,58.3,51.3,43.4,36.5,29.7,19.1,11.9,30.2,36.5,43.0,54.4,42.9,36.4,30.0,-46.1,-26.0,-5.9,13.6,32.0,47.6,59.9,68.6,70.7,67.9,58.0,44.8,28.8,10.5,-8.7,-28.4,-48.3,-57.2,-64.6,-66.4,-64.1,-59.4,-60.9,-66.7,-69.8,-69.3,-63.0,-45.5,-32.8,-20.4,-7.9,0.7,3.0,4.9,2.9,0.2,-43.8,-48.3,-48.3,-42.4,-40.0,-39.8,-43.8,-50.6,-51.1,-47.0,-42.5,-42.0,26.1,21.7,19.2,20.9,19.1,21.7,25.4,33.6,37.0,37.7,37.2,34.0,26.4,25.3,25.9,25.1,26.0,27.5,28.5,27.9,684.2,687.3,691.2,693.7,693.2,690.5,684.6,676.9,677.2,687.2,702.8,715.3,720.8,720.7,719.2,718.1,718.1,652.2,646.5,642.6,639.4,638.1,646.3,654.4,663.8,673.7,683.8,644.2,638.3,632.0,626.2,641.5,640.8,640.7,644.4,648.6,652.2,649.6,650.5,652.3,650.6,649.7,663.2,665.9,670.2,676.7,670.5,666.2,658.5,648.5,645.1,646.5,649.0,658.4,672.5,660.3,652.4,649.4,648.1,650.9,656.6,648.0,649.0,652.1,668.4,652.0,648.9,648.1,0.588,0.186,-0.265,0.03,269.003,183.956,-5.411,8.95,-10.962,13.867,5.353,1.125,-4.774,2.525,3.314,-1.308,-0.346,1.18,0.041,-2.245,-0.682,-0.211,-0.174,1.107,-1.567,-0.788,0.714,-0.67,0.025,-0.457,-0.01,0.055,0.033,0.036,-0.117,0.007,-0.033,0.009,0.01,-0.004,0.14,0.0,0.0,0.79,0.0,0.0,0.0,0.0,0.0,0.17,0.0,0.0,0.0,0.0,0.0,0.0,0.0,0.0,1.0,0.0,1.0,0.0,0.0,0.0,0.0,0.0,0.0,0.0,0.0,0.0,0.0,0.0,0.0,1.0,0.0
PP133,g1,5935,0,0.975,0.21567,0.18183,-0.959387,0.0563,0.177882,-0.98244,0.139,0.183,246.9,248.2,251.3,254.4,255.7,254.6,251.3,248.2,242.6,244.6,247.5,251.0,254.3,256.8,258.6,256.5,253.7,250.5,247.4,244.6,249.9,251.3,252.7,253.2,252.7,251.3,249.9,249.4,283.9,284.8,287.5,290.4,291.8,290.9,288.2,285.1,281.0,282.9,285.5,288.7,291.5,293.4,294.6,293.5,291.7,289.2,286.3,283.3,286.5,287.8,289.0,289.4,288.8,287.5,286.3,285.9,159.7,156.5,155.2,156.5,159.7,163.1,164.2,162.8,161.1,159.4,158.2,157.7,158.3,159.8,161.8,162.9,163.3,163.4,163.2,162.5,161.2,161.8,161.2,159.8,158.4,157.8,158.4,159.8,159.4,156.3,154.9,156.1,159.1,162.1,163.5,162.6,161.5,159.4,157.9,157.2,157.6,158.7,160.4,161.8,162.5,162.9,162.8,162.5,160.7,161.2,160.6,159.2,157.9,157.4,158.0,159.4,-4.1,-2.4,1.8,6.0,7.7,6.2,1.7,-2.4,-10.0,-7.2,-3.3,1.3,5.8,9.2,11.5,8.8,4.9,0.7,-3.4,-7.2,-0.1,1.7,3.6,4.3,3.6,1.8,-0.1,-0.8,47.1,48.5,52.4,56.5,58.5,57.1,53.2,48.8,43.1,45.6,49.2,53.8,58.0,61.1,63.1,61.2,58.2,54.5,50.4,46.2,51.0,52.8,54.5,55.1,54.2,52.4,50.7,50.1,-37.3,-41.5,-43.3,-41.5,-37.2,-32.6,-31.2,-33.0,-35.6,-37.8,-39.1,-39.8,-39.0,-37.1,-34.6,-33.0,-32.4,-32.1,-32.5,-33.6,-35.3,-34.5,-35.3,-37.2,-39.0,-39.8,-39.1,-37.2,-39.1,-43.4,-45.5,-44.0,-39.8,-35.4,-33.4,-34.6,-36.1,-39.0,-41.1,-42.1,-41.7,-40.5,-38.3,-36.2,-34.9,-34.3,-34.3,-34.7,-37.4,-36.7,-37.6,-39.5,-41.4,-42.0,-41.1,-39.2,523.0,523.5,523.9,523.9,523.4,523.1,522.5,522.5,526.8,524.4,522.2,521.3,522.1,523.7,525.4,523.6,521.9,521.4,522.3,524.4,523.7,523.7,523.9,524.1,524.3,524.3,524.2,523.9,542.6,543.7,545.4,546.7,546.9,545.8,544.1,542.9,543.0,542.3,542.2,543.2,545.9,549.4,552.7,549.4,546.1,543.6,542.4,542.5,544.7,545.2,546.0,546.4,546.4,545.8,545.1,544.6,32.4,-5.8,657.9,0.185,-0.203,0.024,221.5,221.9,223.3,225.7,230.5,237.9,247.1,257.7,268.3,276.8,282.9,288.5,293.5,297.1,299.6,301.3,301.9,233.0,239.7,248.4,257.2,265.1,280.0,286.4,292.6,298.5,302.0,272.7,273.8,275.0,276.1,264.3,268.9,273.4,277.4,280.7,242.4,247.8,253.9,258.7,253.7,247.6,280.9,285.8,291.1,294.7,291.6,286.3,254.1,262.2,268.8,272.4,276.2,280.5,283.9,280.4,276.0,272.0,267.9,261.5,257.1,268.3,272.0,275.8,281.9,275.8,272.0,268.1,160.8,172.4,183.9,195.0,205.3,214.3,221.6,227.0,228.3,226.1,219.8,212.0,203.2,193.2,182.8,172.1,161.2,153.0,148.3,147.0,148.3,151.1,150.7,147.8,146.5,147.4,151.6,159.8,167.4,174.9,182.7,187.9,189.3,190.5,189.3,187.6,161.0,158.2,158.2,161.9,163.2,163.3,161.6,157.7,157.7,160.4,162.7,162.8,202.8,200.5,199.1,200.1,199.0,200.4,202.3,207.4,209.6,210.1,209.9,207.8,203.1,202.7,203.0,202.5,202.7,204.0,204.6,204.2,-49.8,-49.5,-47.2,-43.1,-34.7,-21.4,-5.1,13.4,31.6,47.1,59.1,70.4,80.1,86.9,91.3,94.3,95.3,-28.4,-17.0,-2.6,11.8,24.6,49.7,61.0,72.3,83.6,91.0,37.5,38.8,40.4,41.8,23.5,30.9,38.4,45.1,51.0,-12.6,-3.6,6.4,14.6,6.1,-4.0,52.5,60.9,70.5,77.4,71.3,61.8,6.9,20.2,30.9,37.0,43.5,51.4,58.3,51.3,43.4,36.5,29.7,19.1,11.9,30.3,36.6,43.1,54.5,43.0,36.5,30.0,-46.7,-26.5,-6.4,13.2,31.6,47.3,59.7,68.4,70.6,67.8,58.1,44.9,28.9,10.6,-8.6,-28.2,-48.2,-57.5,-64.8,-66.6,-64.2,-59.3,-60.8,-66.5,-69.6,-69.1,-62.7,-45.6,-32.8,-20.3,-7.7,0.6,3.0,5.0,2.9,0.2,-44.2,-48.7,-48.7,-42.7,-40.3,-40.1,-43.9,-50.7,-51.1,-47.0,-42.6,-42.1,25.8,21.6,19.1,20.9,19.1,21.7,25.4,33.6,36.9,37.6,37.1,33.8,26.2,25.2,25.8,25.0,26.0,27.5,28.4,27.8,683.6,686.8,690.7,693.1,692.6,689.9,684.0,676.3,676.6,686.5,702.2,714.7,720.3,720.2,718.8,717.6,717.6,651.5,645.8,641.9,638.7,637.4,645.7,653.8,663.1,673.0,683.2,643.5,637.7,631.4,625.6,640.9,640.1,640.1,643.7,647.9,651.4,648.8,649.8,651.6,649.8,648.9,662.5,665.2,669.5,676.0,669.8,665.6,657.9,648.0,644.6,646.0,648.5,657.9,671.9,659.8,651.8,648.8,647.6,650.4,656.0,647.5,648.5,651.6,667.9,651.5,648.4,647.6,0.589,0.188,-0.265,0.035,269.146,183.899,-5.315,9.019,-10.779,13.861,5.521,1.749,-4.395,2.371,3.577,-1.274,-0.138,1.261,0.172,-2.019,-0.654,-0.191,-0.027,1.15,-1.423,-0.694,0.715,-0.614,0.004,-0.439,-0.004,0.049,0.046,0.023,-0.107,0.01,-0.032,0.017,0.008,-0.007,0.22,0.0,0.0,0.81,0.0,0.0,0.0,0.0,0.0,0.06,0.0,0.0,0.0,0.0,0.0,0.0,0.0,0.0,1.0,0.0,1.0,0.0,0.0,0.0,0.0,0.0,0.0,0.0,0.0,0.0,0.0,0.0,0.0,1.0,0.0
